time,screen,pixel_x,pixel_y,pupil
10410441,stimulus_Arg_PISACowsMilk_10_page_6,60.1,138.5,1117.0
10410442,stimulus_Arg_PISACowsMilk_10_page_6,60.2,138.6,1117.0
10410443,stimulus_Arg_PISACowsMilk_10_page_6,60.4,138.6,1117.0
10410444,stimulus_Arg_PISACowsMilk_10_page_6,60.5,138.2,1117.0
10410445,stimulus_Arg_PISACowsMilk_10_page_6,60.6,137.9,1117.0
10410446,stimulus_Arg_PISACowsMilk_10_page_6,60.6,137.7,1116.0
10410447,stimulus_Arg_PISACowsMilk_10_page_6,60.6,137.8,1116.0
10410448,stimulus_Arg_PISACowsMilk_10_page_6,60.4,138.0,1116.0
10410449,stimulus_Arg_PISACowsMilk_10_page_6,60.3,137.9,1116.0
10410450,stimulus_Arg_PISACowsMilk_10_page_6,60.3,137.9,1116.0
10410451,stimulus_Arg_PISACowsMilk_10_page_6,60.3,138.1,1116.0
10410452,stimulus_Arg_PISACowsMilk_10_page_6,60.1,138.4,1116.0
10410453,stimulus_Arg_PISACowsMilk_10_page_6,59.9,138.4,1115.0
10410454,stimulus_Arg_PISACowsMilk_10_page_6,59.7,138.2,1115.0
10410455,stimulus_Arg_PISACowsMilk_10_page_6,59.6,138.0,1116.0
10410456,stimulus_Arg_PISACowsMilk_10_page_6,59.5,138.0,1117.0
10410457,stimulus_Arg_PISACowsMilk_10_page_6,59.4,138.0,1117.0
10410458,stimulus_Arg_PISACowsMilk_10_page_6,59.5,138.2,1117.0
10410459,stimulus_Arg_PISACowsMilk_10_page_6,59.5,138.3,1117.0
10410460,stimulus_Arg_PISACowsMilk_10_page_6,59.7,138.3,1117.0
10410461,stimulus_Arg_PISACowsMilk_10_page_6,59.8,138.3,1118.0
10410462,stimulus_Arg_PISACowsMilk_10_page_6,59.9,138.1,1118.0
10410463,stimulus_Arg_PISACowsMilk_10_page_6,59.9,138.1,1118.0
10410464,stimulus_Arg_PISACowsMilk_10_page_6,59.9,138.1,1118.0
10410465,stimulus_Arg_PISACowsMilk_10_page_6,59.8,138.2,1118.0
10410466,stimulus_Arg_PISACowsMilk_10_page_6,59.9,138.2,1118.0
10410467,stimulus_Arg_PISACowsMilk_10_page_6,60.1,138.1,1118.0
10410468,stimulus_Arg_PISACowsMilk_10_page_6,60.2,138.0,1119.0
10410469,stimulus_Arg_PISACowsMilk_10_page_6,60.1,138.0,1120.0
10410470,stimulus_Arg_PISACowsMilk_10_page_6,60.0,138.0,1120.0
10410471,stimulus_Arg_PISACowsMilk_10_page_6,60.0,138.1,1120.0
10410472,stimulus_Arg_PISACowsMilk_10_page_6,60.1,138.0,1119.0
10410473,stimulus_Arg_PISACowsMilk_10_page_6,60.0,137.9,1119.0
10410474,stimulus_Arg_PISACowsMilk_10_page_6,60.0,137.7,1119.0
10410475,stimulus_Arg_PISACowsMilk_10_page_6,59.9,137.7,1119.0
10410476,stimulus_Arg_PISACowsMilk_10_page_6,59.7,137.9,1120.0
10410477,stimulus_Arg_PISACowsMilk_10_page_6,59.4,138.1,1120.0
10410478,stimulus_Arg_PISACowsMilk_10_page_6,59.2,138.3,1120.0
10410479,stimulus_Arg_PISACowsMilk_10_page_6,59.3,138.2,1119.0
10410480,stimulus_Arg_PISACowsMilk_10_page_6,59.7,138.2,1119.0
10410481,stimulus_Arg_PISACowsMilk_10_page_6,60.1,138.1,1119.0
10410482,stimulus_Arg_PISACowsMilk_10_page_6,60.5,137.9,1119.0
10410483,stimulus_Arg_PISACowsMilk_10_page_6,60.4,137.8,1119.0
10410484,stimulus_Arg_PISACowsMilk_10_page_6,60.2,137.8,1119.0
10410485,stimulus_Arg_PISACowsMilk_10_page_6,60.0,137.8,1119.0
10410486,stimulus_Arg_PISACowsMilk_10_page_6,59.8,137.8,1119.0
10410487,stimulus_Arg_PISACowsMilk_10_page_6,59.6,137.8,1120.0
10410488,stimulus_Arg_PISACowsMilk_10_page_6,59.5,137.6,1121.0
10410489,stimulus_Arg_PISACowsMilk_10_page_6,59.5,137.5,1122.0
10410490,stimulus_Arg_PISACowsMilk_10_page_6,59.4,137.4,1122.0
10410491,stimulus_Arg_PISACowsMilk_10_page_6,59.3,137.5,1122.0
10410492,stimulus_Arg_PISACowsMilk_10_page_6,59.3,137.6,1122.0
10410493,stimulus_Arg_PISACowsMilk_10_page_6,59.5,137.7,1121.0
10410494,stimulus_Arg_PISACowsMilk_10_page_6,59.8,137.8,1120.0
10410495,stimulus_Arg_PISACowsMilk_10_page_6,59.9,137.8,1119.0
10410496,stimulus_Arg_PISACowsMilk_10_page_6,59.9,137.8,1120.0
10410497,stimulus_Arg_PISACowsMilk_10_page_6,59.9,137.9,1120.0
10410498,stimulus_Arg_PISACowsMilk_10_page_6,59.8,138.1,1121.0
10410499,stimulus_Arg_PISACowsMilk_10_page_6,59.7,138.2,1120.0
10410500,stimulus_Arg_PISACowsMilk_10_page_6,59.6,138.2,1119.0
10410501,stimulus_Arg_PISACowsMilk_10_page_6,59.7,138.2,1119.0
10410502,stimulus_Arg_PISACowsMilk_10_page_6,59.8,138.3,1119.0
10410503,stimulus_Arg_PISACowsMilk_10_page_6,59.7,138.2,1119.0
10410504,stimulus_Arg_PISACowsMilk_10_page_6,59.5,138.1,1120.0
10410505,stimulus_Arg_PISACowsMilk_10_page_6,59.5,138.1,1120.0
10410506,stimulus_Arg_PISACowsMilk_10_page_6,59.7,138.2,1120.0
10410507,stimulus_Arg_PISACowsMilk_10_page_6,59.9,138.2,1120.0
10410508,stimulus_Arg_PISACowsMilk_10_page_6,59.9,138.2,1121.0
10410509,stimulus_Arg_PISACowsMilk_10_page_6,59.9,138.2,1122.0
10410510,stimulus_Arg_PISACowsMilk_10_page_6,59.9,138.4,1123.0
10410511,stimulus_Arg_PISACowsMilk_10_page_6,59.9,138.6,1122.0
10410512,stimulus_Arg_PISACowsMilk_10_page_6,59.8,139.0,1122.0
10410513,stimulus_Arg_PISACowsMilk_10_page_6,59.7,139.0,1121.0
10410514,stimulus_Arg_PISACowsMilk_10_page_6,59.9,139.1,1121.0
10410515,stimulus_Arg_PISACowsMilk_10_page_6,60.1,139.1,1120.0
10410516,stimulus_Arg_PISACowsMilk_10_page_6,60.2,139.2,1120.0
10410517,stimulus_Arg_PISACowsMilk_10_page_6,60.0,139.2,1120.0
10410518,stimulus_Arg_PISACowsMilk_10_page_6,59.8,139.0,1123.0
10410519,stimulus_Arg_PISACowsMilk_10_page_6,59.9,138.9,1125.0
10410520,stimulus_Arg_PISACowsMilk_10_page_6,59.9,138.7,1127.0
10410521,stimulus_Arg_PISACowsMilk_10_page_6,59.9,138.7,1125.0
10410522,stimulus_Arg_PISACowsMilk_10_page_6,60.1,138.7,1123.0
10410523,stimulus_Arg_PISACowsMilk_10_page_6,60.3,138.8,1122.0
10410524,stimulus_Arg_PISACowsMilk_10_page_6,60.6,138.9,1122.0
10410525,stimulus_Arg_PISACowsMilk_10_page_6,60.7,139.1,1122.0
10410526,stimulus_Arg_PISACowsMilk_10_page_6,60.9,139.2,1122.0
10410527,stimulus_Arg_PISACowsMilk_10_page_6,60.7,139.3,1122.0
10410528,stimulus_Arg_PISACowsMilk_10_page_6,60.4,139.3,1123.0
10410529,stimulus_Arg_PISACowsMilk_10_page_6,60.5,139.3,1123.0
10410530,stimulus_Arg_PISACowsMilk_10_page_6,60.9,139.4,1123.0
10410531,stimulus_Arg_PISACowsMilk_10_page_6,61.3,139.4,1123.0
10410532,stimulus_Arg_PISACowsMilk_10_page_6,61.2,139.4,1123.0
10410533,stimulus_Arg_PISACowsMilk_10_page_6,61.2,139.3,1123.0
10410534,stimulus_Arg_PISACowsMilk_10_page_6,61.2,139.3,1123.0
10410535,stimulus_Arg_PISACowsMilk_10_page_6,61.2,139.2,1123.0
10410536,stimulus_Arg_PISACowsMilk_10_page_6,61.0,139.1,1124.0
10410537,stimulus_Arg_PISACowsMilk_10_page_6,60.8,139.2,1124.0
10410538,stimulus_Arg_PISACowsMilk_10_page_6,60.6,139.4,1124.0
10410539,stimulus_Arg_PISACowsMilk_10_page_6,60.6,139.5,1124.0
10410540,stimulus_Arg_PISACowsMilk_10_page_6,60.9,139.3,1124.0
10410541,stimulus_Arg_PISACowsMilk_10_page_6,61.1,139.1,1125.0
10410542,stimulus_Arg_PISACowsMilk_10_page_6,61.2,139.3,1125.0
10410543,stimulus_Arg_PISACowsMilk_10_page_6,61.2,139.5,1125.0
10410544,stimulus_Arg_PISACowsMilk_10_page_6,61.2,139.7,1125.0
10410545,stimulus_Arg_PISACowsMilk_10_page_6,61.2,139.6,1125.0
10410546,stimulus_Arg_PISACowsMilk_10_page_6,61.3,139.5,1125.0
10410547,stimulus_Arg_PISACowsMilk_10_page_6,61.4,139.2,1125.0
10410548,stimulus_Arg_PISACowsMilk_10_page_6,61.4,139.0,1124.0
10410549,stimulus_Arg_PISACowsMilk_10_page_6,61.3,138.8,1124.0
10410550,stimulus_Arg_PISACowsMilk_10_page_6,61.3,138.7,1125.0
10410551,stimulus_Arg_PISACowsMilk_10_page_6,61.1,138.6,1126.0
10410552,stimulus_Arg_PISACowsMilk_10_page_6,60.6,138.6,1126.0
10410553,stimulus_Arg_PISACowsMilk_10_page_6,59.9,138.8,1125.0
10410554,stimulus_Arg_PISACowsMilk_10_page_6,59.7,139.1,1124.0
10410555,stimulus_Arg_PISACowsMilk_10_page_6,59.9,139.3,1124.0
10410556,stimulus_Arg_PISACowsMilk_10_page_6,60.2,139.4,1123.0
10410557,stimulus_Arg_PISACowsMilk_10_page_6,60.5,139.5,1124.0
10410558,stimulus_Arg_PISACowsMilk_10_page_6,60.9,139.7,1124.0
10410559,stimulus_Arg_PISACowsMilk_10_page_6,61.1,139.9,1125.0
10410560,stimulus_Arg_PISACowsMilk_10_page_6,61.4,139.9,1125.0
10410561,stimulus_Arg_PISACowsMilk_10_page_6,61.8,139.8,1125.0
10410562,stimulus_Arg_PISACowsMilk_10_page_6,62.0,139.7,1125.0
10410563,stimulus_Arg_PISACowsMilk_10_page_6,61.9,139.6,1125.0
10410564,stimulus_Arg_PISACowsMilk_10_page_6,61.9,139.6,1125.0
10410565,stimulus_Arg_PISACowsMilk_10_page_6,61.8,139.6,1125.0
10410566,stimulus_Arg_PISACowsMilk_10_page_6,61.7,139.5,1125.0
10410567,stimulus_Arg_PISACowsMilk_10_page_6,61.6,139.5,1126.0
10410568,stimulus_Arg_PISACowsMilk_10_page_6,61.6,139.3,1126.0
10410569,stimulus_Arg_PISACowsMilk_10_page_6,61.7,139.2,1125.0
10410570,stimulus_Arg_PISACowsMilk_10_page_6,61.8,139.2,1125.0
10410571,stimulus_Arg_PISACowsMilk_10_page_6,61.8,139.5,1126.0
10410572,stimulus_Arg_PISACowsMilk_10_page_6,61.9,139.8,1126.0
10410573,stimulus_Arg_PISACowsMilk_10_page_6,62.0,140.1,1126.0
10410574,stimulus_Arg_PISACowsMilk_10_page_6,62.0,140.2,1126.0
10410575,stimulus_Arg_PISACowsMilk_10_page_6,61.8,140.3,1125.0
10410576,stimulus_Arg_PISACowsMilk_10_page_6,61.8,140.3,1124.0
10410577,stimulus_Arg_PISACowsMilk_10_page_6,62.2,140.1,1125.0
10410578,stimulus_Arg_PISACowsMilk_10_page_6,62.6,140.0,1126.0
10410579,stimulus_Arg_PISACowsMilk_10_page_6,62.7,139.9,1126.0
10410580,stimulus_Arg_PISACowsMilk_10_page_6,62.5,139.8,1125.0
10410581,stimulus_Arg_PISACowsMilk_10_page_6,62.4,139.9,1125.0
10410582,stimulus_Arg_PISACowsMilk_10_page_6,62.4,140.1,1125.0
10410583,stimulus_Arg_PISACowsMilk_10_page_6,62.3,140.3,1126.0
10410584,stimulus_Arg_PISACowsMilk_10_page_6,62.2,140.3,1125.0
10410585,stimulus_Arg_PISACowsMilk_10_page_6,62.1,140.3,1125.0
10410586,stimulus_Arg_PISACowsMilk_10_page_6,62.0,140.1,1126.0
10410587,stimulus_Arg_PISACowsMilk_10_page_6,61.9,140.0,1127.0
10410588,stimulus_Arg_PISACowsMilk_10_page_6,61.9,140.0,1128.0
10410589,stimulus_Arg_PISACowsMilk_10_page_6,62.0,140.0,1129.0
10410590,stimulus_Arg_PISACowsMilk_10_page_6,62.2,140.0,1129.0
10410591,stimulus_Arg_PISACowsMilk_10_page_6,62.4,140.0,1128.0
10410592,stimulus_Arg_PISACowsMilk_10_page_6,62.4,140.1,1127.0
10410593,stimulus_Arg_PISACowsMilk_10_page_6,62.3,140.1,1126.0
10410594,stimulus_Arg_PISACowsMilk_10_page_6,62.0,140.1,1126.0
10410595,stimulus_Arg_PISACowsMilk_10_page_6,61.8,140.0,1126.0
10410596,stimulus_Arg_PISACowsMilk_10_page_6,61.7,139.9,1126.0
10410597,stimulus_Arg_PISACowsMilk_10_page_6,61.7,139.9,1127.0
10410598,stimulus_Arg_PISACowsMilk_10_page_6,61.8,139.9,1129.0
10410599,stimulus_Arg_PISACowsMilk_10_page_6,62.0,140.2,1130.0
10410600,stimulus_Arg_PISACowsMilk_10_page_6,62.4,140.5,1131.0
10410601,stimulus_Arg_PISACowsMilk_10_page_6,62.6,140.8,1131.0
10410602,stimulus_Arg_PISACowsMilk_10_page_6,62.8,140.7,1130.0
10410603,stimulus_Arg_PISACowsMilk_10_page_6,62.8,140.7,1130.0
10410604,stimulus_Arg_PISACowsMilk_10_page_6,62.6,140.8,1129.0
10410605,stimulus_Arg_PISACowsMilk_10_page_6,62.4,140.9,1130.0
10410606,stimulus_Arg_PISACowsMilk_10_page_6,62.3,141.0,1130.0
10410607,stimulus_Arg_PISACowsMilk_10_page_6,62.4,141.1,1131.0
10410608,stimulus_Arg_PISACowsMilk_10_page_6,62.3,141.1,1131.0
10410609,stimulus_Arg_PISACowsMilk_10_page_6,62.3,141.1,1131.0
10410610,stimulus_Arg_PISACowsMilk_10_page_6,62.4,141.1,1131.0
10410611,stimulus_Arg_PISACowsMilk_10_page_6,62.5,141.2,1131.0
10410612,stimulus_Arg_PISACowsMilk_10_page_6,62.5,141.3,1131.0
10410613,stimulus_Arg_PISACowsMilk_10_page_6,62.3,141.3,1131.0
10410614,stimulus_Arg_PISACowsMilk_10_page_6,62.2,141.3,1131.0
10410615,stimulus_Arg_PISACowsMilk_10_page_6,62.3,141.3,1131.0
10410616,stimulus_Arg_PISACowsMilk_10_page_6,62.3,141.3,1131.0
10410617,stimulus_Arg_PISACowsMilk_10_page_6,62.4,141.3,1131.0
10410618,stimulus_Arg_PISACowsMilk_10_page_6,62.3,141.1,1131.0
10410619,stimulus_Arg_PISACowsMilk_10_page_6,62.2,140.8,1131.0
10410620,stimulus_Arg_PISACowsMilk_10_page_6,62.1,140.7,1131.0
10410621,stimulus_Arg_PISACowsMilk_10_page_6,61.9,140.5,1131.0
10410622,stimulus_Arg_PISACowsMilk_10_page_6,61.9,140.5,1132.0
10410623,stimulus_Arg_PISACowsMilk_10_page_6,62.0,140.8,1132.0
10410624,stimulus_Arg_PISACowsMilk_10_page_6,62.1,141.1,1131.0
10410625,stimulus_Arg_PISACowsMilk_10_page_6,62.2,141.5,1130.0
10410626,stimulus_Arg_PISACowsMilk_10_page_6,62.3,141.4,1130.0
10410627,stimulus_Arg_PISACowsMilk_10_page_6,62.4,141.4,1129.0
10410628,stimulus_Arg_PISACowsMilk_10_page_6,62.3,141.4,1130.0
10410629,stimulus_Arg_PISACowsMilk_10_page_6,62.2,140.9,1130.0
10410630,stimulus_Arg_PISACowsMilk_10_page_6,62.2,140.2,1130.0
10410631,stimulus_Arg_PISACowsMilk_10_page_6,62.1,140.0,1130.0
10410632,stimulus_Arg_PISACowsMilk_10_page_6,62.0,140.4,1129.0
10410633,stimulus_Arg_PISACowsMilk_10_page_6,61.8,140.8,1129.0
10410634,stimulus_Arg_PISACowsMilk_10_page_6,61.7,140.8,1128.0
10410635,stimulus_Arg_PISACowsMilk_10_page_6,61.6,140.8,1128.0
10410636,stimulus_Arg_PISACowsMilk_10_page_6,61.5,140.8,1128.0
10410637,stimulus_Arg_PISACowsMilk_10_page_6,61.5,140.7,1129.0
10410638,stimulus_Arg_PISACowsMilk_10_page_6,61.7,140.6,1130.0
10410639,stimulus_Arg_PISACowsMilk_10_page_6,62.1,140.6,1131.0
10410640,stimulus_Arg_PISACowsMilk_10_page_6,62.2,140.6,1131.0
10410641,stimulus_Arg_PISACowsMilk_10_page_6,61.9,141.0,1131.0
10410642,stimulus_Arg_PISACowsMilk_10_page_6,61.6,141.3,1131.0
10410643,stimulus_Arg_PISACowsMilk_10_page_6,61.6,141.6,1131.0
10410644,stimulus_Arg_PISACowsMilk_10_page_6,61.5,141.6,1131.0
10410645,stimulus_Arg_PISACowsMilk_10_page_6,61.7,141.6,1131.0
10410646,stimulus_Arg_PISACowsMilk_10_page_6,61.9,141.6,1130.0
10410647,stimulus_Arg_PISACowsMilk_10_page_6,62.0,141.5,1130.0
10410648,stimulus_Arg_PISACowsMilk_10_page_6,62.0,141.5,1130.0
10410649,stimulus_Arg_PISACowsMilk_10_page_6,62.1,141.3,1130.0
10410650,stimulus_Arg_PISACowsMilk_10_page_6,62.1,141.0,1131.0
10410651,stimulus_Arg_PISACowsMilk_10_page_6,62.2,140.6,1131.0
10410652,stimulus_Arg_PISACowsMilk_10_page_6,62.2,140.3,1131.0
10410653,stimulus_Arg_PISACowsMilk_10_page_6,62.3,140.1,1131.0
10410654,stimulus_Arg_PISACowsMilk_10_page_6,62.2,140.1,1130.0
10410655,stimulus_Arg_PISACowsMilk_10_page_6,62.0,140.4,1130.0
10410656,stimulus_Arg_PISACowsMilk_10_page_6,62.1,140.9,1130.0
10410657,stimulus_Arg_PISACowsMilk_10_page_6,62.2,141.3,1130.0
10410658,stimulus_Arg_PISACowsMilk_10_page_6,62.1,141.3,1130.0
10410659,stimulus_Arg_PISACowsMilk_10_page_6,62.0,141.3,1129.0
10410660,stimulus_Arg_PISACowsMilk_10_page_6,62.0,141.2,1129.0
10410661,stimulus_Arg_PISACowsMilk_10_page_6,62.2,141.1,1129.0
10410662,stimulus_Arg_PISACowsMilk_10_page_6,62.6,140.9,1130.0
10410663,stimulus_Arg_PISACowsMilk_10_page_6,62.7,140.9,1130.0
10410664,stimulus_Arg_PISACowsMilk_10_page_6,62.8,141.1,1130.0
10410665,stimulus_Arg_PISACowsMilk_10_page_6,62.7,141.3,1130.0
10410666,stimulus_Arg_PISACowsMilk_10_page_6,62.4,141.2,1130.0
10410667,stimulus_Arg_PISACowsMilk_10_page_6,62.2,140.9,1129.0
10410668,stimulus_Arg_PISACowsMilk_10_page_6,62.3,140.5,1129.0
10410669,stimulus_Arg_PISACowsMilk_10_page_6,62.5,140.1,1129.0
10410670,stimulus_Arg_PISACowsMilk_10_page_6,62.7,140.0,1130.0
10410671,stimulus_Arg_PISACowsMilk_10_page_6,62.7,140.2,1131.0
10410672,stimulus_Arg_PISACowsMilk_10_page_6,62.6,140.5,1131.0
10410673,stimulus_Arg_PISACowsMilk_10_page_6,62.6,140.8,1130.0
10410674,stimulus_Arg_PISACowsMilk_10_page_6,62.6,140.9,1130.0
10410675,stimulus_Arg_PISACowsMilk_10_page_6,62.4,141.2,1130.0
10410676,stimulus_Arg_PISACowsMilk_10_page_6,62.2,141.4,1130.0
10410677,stimulus_Arg_PISACowsMilk_10_page_6,61.9,141.6,1130.0
10410678,stimulus_Arg_PISACowsMilk_10_page_6,61.6,141.4,1131.0
10410679,stimulus_Arg_PISACowsMilk_10_page_6,61.5,141.3,1131.0
10410680,stimulus_Arg_PISACowsMilk_10_page_6,61.5,141.2,1131.0
10410681,stimulus_Arg_PISACowsMilk_10_page_6,61.5,141.1,1132.0
10410682,stimulus_Arg_PISACowsMilk_10_page_6,61.6,141.0,1133.0
10410683,stimulus_Arg_PISACowsMilk_10_page_6,61.7,140.8,1134.0
10410684,stimulus_Arg_PISACowsMilk_10_page_6,61.7,140.8,1134.0
10410685,stimulus_Arg_PISACowsMilk_10_page_6,61.7,140.8,1133.0
10410686,stimulus_Arg_PISACowsMilk_10_page_6,61.7,140.9,1132.0
10410687,stimulus_Arg_PISACowsMilk_10_page_6,61.7,141.4,1132.0
10410688,stimulus_Arg_PISACowsMilk_10_page_6,61.7,141.8,1132.0
10410689,stimulus_Arg_PISACowsMilk_10_page_6,61.8,142.0,1134.0
10410690,stimulus_Arg_PISACowsMilk_10_page_6,61.9,141.9,1134.0
10410691,stimulus_Arg_PISACowsMilk_10_page_6,61.9,141.8,1134.0
10410692,stimulus_Arg_PISACowsMilk_10_page_6,61.9,141.8,1133.0
10410693,stimulus_Arg_PISACowsMilk_10_page_6,61.8,141.8,1134.0
10410694,stimulus_Arg_PISACowsMilk_10_page_6,61.8,141.8,1134.0
10410695,stimulus_Arg_PISACowsMilk_10_page_6,61.8,141.8,1134.0
10410696,stimulus_Arg_PISACowsMilk_10_page_6,61.9,141.7,1134.0
10410697,stimulus_Arg_PISACowsMilk_10_page_6,61.8,141.7,1134.0
10410698,stimulus_Arg_PISACowsMilk_10_page_6,61.7,141.6,1135.0
10410699,stimulus_Arg_PISACowsMilk_10_page_6,61.5,141.7,1135.0
10410700,stimulus_Arg_PISACowsMilk_10_page_6,61.6,141.8,1136.0
10410701,stimulus_Arg_PISACowsMilk_10_page_6,61.7,142.1,1136.0
10410702,stimulus_Arg_PISACowsMilk_10_page_6,61.9,142.4,1136.0
10410703,stimulus_Arg_PISACowsMilk_10_page_6,62.3,142.6,1135.0
10410704,stimulus_Arg_PISACowsMilk_10_page_6,62.6,142.7,1135.0
10410705,stimulus_Arg_PISACowsMilk_10_page_6,62.9,142.9,1135.0
10410706,stimulus_Arg_PISACowsMilk_10_page_6,62.9,143.0,1135.0
10410707,stimulus_Arg_PISACowsMilk_10_page_6,62.9,142.9,1136.0
10410708,stimulus_Arg_PISACowsMilk_10_page_6,62.9,142.5,1137.0
10410709,stimulus_Arg_PISACowsMilk_10_page_6,62.9,142.1,1138.0
10410710,stimulus_Arg_PISACowsMilk_10_page_6,62.7,142.1,1138.0
10410711,stimulus_Arg_PISACowsMilk_10_page_6,62.5,142.4,1139.0
10410712,stimulus_Arg_PISACowsMilk_10_page_6,62.2,142.6,1138.0
10410713,stimulus_Arg_PISACowsMilk_10_page_6,62.0,142.7,1137.0
10410714,stimulus_Arg_PISACowsMilk_10_page_6,62.0,142.7,1136.0
10410715,stimulus_Arg_PISACowsMilk_10_page_6,62.3,142.7,1135.0
10410716,stimulus_Arg_PISACowsMilk_10_page_6,62.5,143.3,1135.0
10410717,stimulus_Arg_PISACowsMilk_10_page_6,62.5,143.8,1135.0
10410718,stimulus_Arg_PISACowsMilk_10_page_6,62.4,144.2,1135.0
10410719,stimulus_Arg_PISACowsMilk_10_page_6,62.4,144.1,1135.0
10410720,stimulus_Arg_PISACowsMilk_10_page_6,62.4,144.1,1136.0
10410721,stimulus_Arg_PISACowsMilk_10_page_6,62.6,144.1,1136.0
10410722,stimulus_Arg_PISACowsMilk_10_page_6,62.7,144.1,1136.0
10410723,stimulus_Arg_PISACowsMilk_10_page_6,62.7,144.2,1136.0
10410724,stimulus_Arg_PISACowsMilk_10_page_6,62.8,144.2,1136.0
10410725,stimulus_Arg_PISACowsMilk_10_page_6,62.8,144.1,1137.0
10410726,stimulus_Arg_PISACowsMilk_10_page_6,62.8,143.9,1138.0
10410727,stimulus_Arg_PISACowsMilk_10_page_6,62.7,143.7,1139.0
10410728,stimulus_Arg_PISACowsMilk_10_page_6,62.5,143.6,1139.0
10410729,stimulus_Arg_PISACowsMilk_10_page_6,62.4,143.4,1139.0
10410730,stimulus_Arg_PISACowsMilk_10_page_6,62.4,143.4,1138.0
10410731,stimulus_Arg_PISACowsMilk_10_page_6,62.4,143.5,1138.0
10410732,stimulus_Arg_PISACowsMilk_10_page_6,62.4,143.6,1138.0
10410733,stimulus_Arg_PISACowsMilk_10_page_6,62.6,143.6,1139.0
10410734,stimulus_Arg_PISACowsMilk_10_page_6,62.7,143.6,1139.0
10410735,stimulus_Arg_PISACowsMilk_10_page_6,62.9,143.7,1140.0
10410736,stimulus_Arg_PISACowsMilk_10_page_6,62.9,143.7,1139.0
10410737,stimulus_Arg_PISACowsMilk_10_page_6,62.8,143.8,1139.0
10410738,stimulus_Arg_PISACowsMilk_10_page_6,62.7,144.0,1140.0
10410739,stimulus_Arg_PISACowsMilk_10_page_6,62.6,144.1,1140.0
10410740,stimulus_Arg_PISACowsMilk_10_page_6,62.7,143.9,1141.0
10410741,stimulus_Arg_PISACowsMilk_10_page_6,62.9,143.7,1141.0
10410742,stimulus_Arg_PISACowsMilk_10_page_6,62.9,143.5,1141.0
10410743,stimulus_Arg_PISACowsMilk_10_page_6,62.9,143.5,1141.0
10410744,stimulus_Arg_PISACowsMilk_10_page_6,62.8,143.5,1140.0
10410745,stimulus_Arg_PISACowsMilk_10_page_6,62.8,143.5,1140.0
10410746,stimulus_Arg_PISACowsMilk_10_page_6,62.7,143.7,1139.0
10410747,stimulus_Arg_PISACowsMilk_10_page_6,62.7,143.9,1140.0
10410748,stimulus_Arg_PISACowsMilk_10_page_6,62.6,144.1,1140.0
10410749,stimulus_Arg_PISACowsMilk_10_page_6,62.6,144.1,1140.0
10410750,stimulus_Arg_PISACowsMilk_10_page_6,62.5,143.9,1140.0
10410751,stimulus_Arg_PISACowsMilk_10_page_6,62.4,143.7,1140.0
10410752,stimulus_Arg_PISACowsMilk_10_page_6,62.3,143.5,1140.0
10410753,stimulus_Arg_PISACowsMilk_10_page_6,62.1,143.1,1140.0
10410754,stimulus_Arg_PISACowsMilk_10_page_6,62.2,142.7,1140.0
10410755,stimulus_Arg_PISACowsMilk_10_page_6,62.2,142.3,1140.0
10410756,stimulus_Arg_PISACowsMilk_10_page_6,62.3,142.3,1141.0
10410757,stimulus_Arg_PISACowsMilk_10_page_6,62.4,142.3,1141.0
10410758,stimulus_Arg_PISACowsMilk_10_page_6,62.4,142.3,1142.0
10410759,stimulus_Arg_PISACowsMilk_10_page_6,62.2,142.5,1142.0
10410760,stimulus_Arg_PISACowsMilk_10_page_6,62.0,142.6,1143.0
10410761,stimulus_Arg_PISACowsMilk_10_page_6,61.9,142.8,1142.0
10410762,stimulus_Arg_PISACowsMilk_10_page_6,61.8,142.7,1141.0
10410763,stimulus_Arg_PISACowsMilk_10_page_6,61.7,142.7,1141.0
10410764,stimulus_Arg_PISACowsMilk_10_page_6,61.7,142.7,1141.0
10410765,stimulus_Arg_PISACowsMilk_10_page_6,61.7,142.7,1142.0
10410766,stimulus_Arg_PISACowsMilk_10_page_6,61.7,142.7,1141.0
10410767,stimulus_Arg_PISACowsMilk_10_page_6,61.5,142.7,1139.0
10410768,stimulus_Arg_PISACowsMilk_10_page_6,61.4,142.8,1138.0
10410769,stimulus_Arg_PISACowsMilk_10_page_6,61.2,143.7,1137.0
10410770,stimulus_Arg_PISACowsMilk_10_page_6,61.1,144.7,1137.0
10410771,stimulus_Arg_PISACowsMilk_10_page_6,60.7,146.5,1137.0
10410772,stimulus_Arg_PISACowsMilk_10_page_6,60.2,148.2,1136.0
10410773,stimulus_Arg_PISACowsMilk_10_page_6,60.1,150.5,1136.0
10410774,stimulus_Arg_PISACowsMilk_10_page_6,60.3,152.3,1137.0
10410775,stimulus_Arg_PISACowsMilk_10_page_6,60.7,153.6,1138.0
10410776,stimulus_Arg_PISACowsMilk_10_page_6,61.1,154.5,1139.0
10410777,stimulus_Arg_PISACowsMilk_10_page_6,62.1,155.4,1141.0
10410778,stimulus_Arg_PISACowsMilk_10_page_6,63.2,156.3,1143.0
10410779,stimulus_Arg_PISACowsMilk_10_page_6,64.1,157.3,1144.0
10410780,stimulus_Arg_PISACowsMilk_10_page_6,64.4,158.4,1144.0
10410781,stimulus_Arg_PISACowsMilk_10_page_6,65.1,159.5,1143.0
10410782,stimulus_Arg_PISACowsMilk_10_page_6,66.0,160.7,1142.0
10410783,stimulus_Arg_PISACowsMilk_10_page_6,67.0,161.9,1140.0
10410784,stimulus_Arg_PISACowsMilk_10_page_6,67.9,163.3,1139.0
10410785,stimulus_Arg_PISACowsMilk_10_page_6,68.8,164.9,1138.0
10410786,stimulus_Arg_PISACowsMilk_10_page_6,69.5,167.1,1137.0
10410787,stimulus_Arg_PISACowsMilk_10_page_6,70.5,169.1,1137.0
10410788,stimulus_Arg_PISACowsMilk_10_page_6,71.2,171.1,1136.0
10410789,stimulus_Arg_PISACowsMilk_10_page_6,72.2,172.1,1135.0
10410790,stimulus_Arg_PISACowsMilk_10_page_6,72.9,173.4,1134.0
10410791,stimulus_Arg_PISACowsMilk_10_page_6,73.8,174.3,1134.0
10410792,stimulus_Arg_PISACowsMilk_10_page_6,74.7,175.6,1134.0
10410793,stimulus_Arg_PISACowsMilk_10_page_6,76.0,176.4,1134.0
10410794,stimulus_Arg_PISACowsMilk_10_page_6,77.8,176.7,1135.0
10410795,stimulus_Arg_PISACowsMilk_10_page_6,80.1,176.5,1135.0
10410796,stimulus_Arg_PISACowsMilk_10_page_6,82.1,176.3,1138.0
10410797,stimulus_Arg_PISACowsMilk_10_page_6,84.4,176.8,1139.0
10410798,stimulus_Arg_PISACowsMilk_10_page_6,86.2,177.4,1141.0
10410799,stimulus_Arg_PISACowsMilk_10_page_6,87.6,178.0,1142.0
10410800,stimulus_Arg_PISACowsMilk_10_page_6,89.0,175.0,1147.0
10410801,stimulus_Arg_PISACowsMilk_10_page_6,90.8,168.6,1158.0
10410802,stimulus_Arg_PISACowsMilk_10_page_6,92.7,162.2,1168.0
10410803,stimulus_Arg_PISACowsMilk_10_page_6,93.0,164.4,1167.0
10410804,stimulus_Arg_PISACowsMilk_10_page_6,91.5,177.4,1147.0
10410805,stimulus_Arg_PISACowsMilk_10_page_6,88.7,198.3,1116.0
10410806,stimulus_Arg_PISACowsMilk_10_page_6,85.4,221.7,1078.0
10410807,stimulus_Arg_PISACowsMilk_10_page_6,81.2,246.7,1037.0
10410808,stimulus_Arg_PISACowsMilk_10_page_6,75.3,273.0,990.0
10410809,stimulus_Arg_PISACowsMilk_10_page_6,68.6,301.2,943.0
10410810,stimulus_Arg_PISACowsMilk_10_page_6,61.7,331.6,892.0
10410811,stimulus_Arg_PISACowsMilk_10_page_6,55.3,362.7,844.0
10410812,stimulus_Arg_PISACowsMilk_10_page_6,49.9,392.9,793.0
10410813,stimulus_Arg_PISACowsMilk_10_page_6,45.3,421.8,741.0
10410814,stimulus_Arg_PISACowsMilk_10_page_6,41.7,451.2,688.0
10410815,stimulus_Arg_PISACowsMilk_10_page_6,37.2,482.2,636.0
10410816,stimulus_Arg_PISACowsMilk_10_page_6,32.2,514.3,583.0
10410817,stimulus_Arg_PISACowsMilk_10_page_6,25.9,545.6,531.0
10410818,stimulus_Arg_PISACowsMilk_10_page_6,21.5,576.7,481.0
10410819,stimulus_Arg_PISACowsMilk_10_page_6,19.4,606.8,434.0
10410820,stimulus_Arg_PISACowsMilk_10_page_6,18.9,627.3,403.0
10410821,stimulus_Arg_PISACowsMilk_10_page_6,19.1,637.2,388.0
10410822,stimulus_Arg_PISACowsMilk_10_page_6,19.1,637.2,388.0
10410823,stimulus_Arg_PISACowsMilk_10_page_6,,,0.0
10410824,stimulus_Arg_PISACowsMilk_10_page_6,,,0.0
10410825,stimulus_Arg_PISACowsMilk_10_page_6,,,0.0
10410826,stimulus_Arg_PISACowsMilk_10_page_6,,,0.0
10410827,stimulus_Arg_PISACowsMilk_10_page_6,,,0.0
10410828,stimulus_Arg_PISACowsMilk_10_page_6,,,0.0
10410829,stimulus_Arg_PISACowsMilk_10_page_6,,,0.0
10410830,stimulus_Arg_PISACowsMilk_10_page_6,,,0.0
10410831,stimulus_Arg_PISACowsMilk_10_page_6,,,0.0
10410832,stimulus_Arg_PISACowsMilk_10_page_6,,,0.0
10410833,stimulus_Arg_PISACowsMilk_10_page_6,,,0.0
10410834,stimulus_Arg_PISACowsMilk_10_page_6,,,0.0
10410835,stimulus_Arg_PISACowsMilk_10_page_6,,,0.0
10410836,stimulus_Arg_PISACowsMilk_10_page_6,,,0.0
10410837,stimulus_Arg_PISACowsMilk_10_page_6,,,0.0
10410838,stimulus_Arg_PISACowsMilk_10_page_6,,,0.0
10410839,stimulus_Arg_PISACowsMilk_10_page_6,,,0.0
10410840,stimulus_Arg_PISACowsMilk_10_page_6,,,0.0
10410841,stimulus_Arg_PISACowsMilk_10_page_6,,,0.0
10410842,stimulus_Arg_PISACowsMilk_10_page_6,,,0.0
10410843,stimulus_Arg_PISACowsMilk_10_page_6,,,0.0
10410844,stimulus_Arg_PISACowsMilk_10_page_6,,,0.0
10410845,stimulus_Arg_PISACowsMilk_10_page_6,,,0.0
10410846,stimulus_Arg_PISACowsMilk_10_page_6,,,0.0
10410847,stimulus_Arg_PISACowsMilk_10_page_6,,,0.0
10410848,stimulus_Arg_PISACowsMilk_10_page_6,,,0.0
10410849,stimulus_Arg_PISACowsMilk_10_page_6,,,0.0
10410850,stimulus_Arg_PISACowsMilk_10_page_6,,,0.0
10410851,stimulus_Arg_PISACowsMilk_10_page_6,,,0.0
10410852,stimulus_Arg_PISACowsMilk_10_page_6,,,0.0
10410853,stimulus_Arg_PISACowsMilk_10_page_6,,,0.0
10410854,stimulus_Arg_PISACowsMilk_10_page_6,,,0.0
10410855,stimulus_Arg_PISACowsMilk_10_page_6,,,0.0
10410856,stimulus_Arg_PISACowsMilk_10_page_6,,,0.0
10410857,stimulus_Arg_PISACowsMilk_10_page_6,,,0.0
10410858,stimulus_Arg_PISACowsMilk_10_page_6,,,0.0
10410859,stimulus_Arg_PISACowsMilk_10_page_6,,,0.0
10410860,stimulus_Arg_PISACowsMilk_10_page_6,,,0.0
10410861,stimulus_Arg_PISACowsMilk_10_page_6,,,0.0
10410862,stimulus_Arg_PISACowsMilk_10_page_6,,,0.0
10410863,stimulus_Arg_PISACowsMilk_10_page_6,,,0.0
10410864,stimulus_Arg_PISACowsMilk_10_page_6,-24.3,576.4,400.0
10410865,stimulus_Arg_PISACowsMilk_10_page_6,-24.3,576.4,400.0
10410866,stimulus_Arg_PISACowsMilk_10_page_6,-21.9,567.7,415.0
10410867,stimulus_Arg_PISACowsMilk_10_page_6,-15.6,550.3,443.0
10410868,stimulus_Arg_PISACowsMilk_10_page_6,-4.4,523.6,486.0
10410869,stimulus_Arg_PISACowsMilk_10_page_6,7.7,497.2,526.0
10410870,stimulus_Arg_PISACowsMilk_10_page_6,19.7,471.1,564.0
10410871,stimulus_Arg_PISACowsMilk_10_page_6,30.1,447.4,600.0
10410872,stimulus_Arg_PISACowsMilk_10_page_6,38.7,425.4,637.0
10410873,stimulus_Arg_PISACowsMilk_10_page_6,44.2,404.6,676.0
10410874,stimulus_Arg_PISACowsMilk_10_page_6,48.0,383.3,714.0
10410875,stimulus_Arg_PISACowsMilk_10_page_6,50.9,361.9,749.0
10410876,stimulus_Arg_PISACowsMilk_10_page_6,54.1,341.4,780.0
10410877,stimulus_Arg_PISACowsMilk_10_page_6,57.2,322.6,809.0
10410878,stimulus_Arg_PISACowsMilk_10_page_6,60.5,304.3,840.0
10410879,stimulus_Arg_PISACowsMilk_10_page_6,63.1,286.1,871.0
10410880,stimulus_Arg_PISACowsMilk_10_page_6,65.0,268.7,899.0
10410881,stimulus_Arg_PISACowsMilk_10_page_6,66.3,253.1,925.0
10410882,stimulus_Arg_PISACowsMilk_10_page_6,67.5,238.0,949.0
10410883,stimulus_Arg_PISACowsMilk_10_page_6,69.2,224.7,971.0
10410884,stimulus_Arg_PISACowsMilk_10_page_6,71.4,211.3,993.0
10410885,stimulus_Arg_PISACowsMilk_10_page_6,73.4,199.7,1011.0
10410886,stimulus_Arg_PISACowsMilk_10_page_6,75.6,187.6,1034.0
10410887,stimulus_Arg_PISACowsMilk_10_page_6,77.4,175.7,1053.0
10410888,stimulus_Arg_PISACowsMilk_10_page_6,78.6,164.8,1072.0
10410889,stimulus_Arg_PISACowsMilk_10_page_6,79.6,154.2,1090.0
10410890,stimulus_Arg_PISACowsMilk_10_page_6,80.4,145.2,1105.0
10410891,stimulus_Arg_PISACowsMilk_10_page_6,81.6,136.8,1120.0
10410892,stimulus_Arg_PISACowsMilk_10_page_6,83.1,128.5,1130.0
10410893,stimulus_Arg_PISACowsMilk_10_page_6,84.3,122.9,1142.0
10410894,stimulus_Arg_PISACowsMilk_10_page_6,85.7,117.8,1147.0
10410895,stimulus_Arg_PISACowsMilk_10_page_6,86.4,115.6,1151.0
10410896,stimulus_Arg_PISACowsMilk_10_page_6,86.9,114.5,1149.0
10410897,stimulus_Arg_PISACowsMilk_10_page_6,86.4,116.3,1146.0
10410898,stimulus_Arg_PISACowsMilk_10_page_6,85.1,120.7,1141.0
10410899,stimulus_Arg_PISACowsMilk_10_page_6,83.7,125.5,1139.0
10410900,stimulus_Arg_PISACowsMilk_10_page_6,82.2,129.7,1136.0
10410901,stimulus_Arg_PISACowsMilk_10_page_6,81.5,131.6,1134.0
10410902,stimulus_Arg_PISACowsMilk_10_page_6,80.3,133.7,1131.0
10410903,stimulus_Arg_PISACowsMilk_10_page_6,79.5,135.1,1130.0
10410904,stimulus_Arg_PISACowsMilk_10_page_6,78.4,136.3,1129.0
10410905,stimulus_Arg_PISACowsMilk_10_page_6,77.9,136.4,1129.0
10410906,stimulus_Arg_PISACowsMilk_10_page_6,77.1,136.5,1129.0
10410907,stimulus_Arg_PISACowsMilk_10_page_6,76.6,136.4,1129.0
10410908,stimulus_Arg_PISACowsMilk_10_page_6,75.7,136.4,1130.0
10410909,stimulus_Arg_PISACowsMilk_10_page_6,75.2,136.3,1131.0
10410910,stimulus_Arg_PISACowsMilk_10_page_6,74.9,136.3,1132.0
10410911,stimulus_Arg_PISACowsMilk_10_page_6,75.1,136.3,1133.0
10410912,stimulus_Arg_PISACowsMilk_10_page_6,75.0,136.2,1133.0
10410913,stimulus_Arg_PISACowsMilk_10_page_6,74.7,136.1,1133.0
10410914,stimulus_Arg_PISACowsMilk_10_page_6,74.4,136.1,1133.0
10410915,stimulus_Arg_PISACowsMilk_10_page_6,74.4,136.2,1133.0
10410916,stimulus_Arg_PISACowsMilk_10_page_6,74.3,136.5,1133.0
10410917,stimulus_Arg_PISACowsMilk_10_page_6,74.3,136.8,1133.0
10410918,stimulus_Arg_PISACowsMilk_10_page_6,74.3,136.9,1133.0
10410919,stimulus_Arg_PISACowsMilk_10_page_6,74.3,136.7,1133.0
10410920,stimulus_Arg_PISACowsMilk_10_page_6,74.2,136.5,1133.0
10410921,stimulus_Arg_PISACowsMilk_10_page_6,74.2,136.5,1133.0
10410922,stimulus_Arg_PISACowsMilk_10_page_6,74.1,136.3,1133.0
10410923,stimulus_Arg_PISACowsMilk_10_page_6,74.0,136.1,1133.0
10410924,stimulus_Arg_PISACowsMilk_10_page_6,74.0,135.7,1133.0
10410925,stimulus_Arg_PISACowsMilk_10_page_6,74.0,135.0,1133.0
10410926,stimulus_Arg_PISACowsMilk_10_page_6,73.8,134.6,1133.0
10410927,stimulus_Arg_PISACowsMilk_10_page_6,73.6,134.3,1134.0
10410928,stimulus_Arg_PISACowsMilk_10_page_6,73.3,134.1,1135.0
10410929,stimulus_Arg_PISACowsMilk_10_page_6,73.4,133.9,1136.0
10410930,stimulus_Arg_PISACowsMilk_10_page_6,73.4,133.7,1135.0
10410931,stimulus_Arg_PISACowsMilk_10_page_6,73.4,133.5,1135.0
10410932,stimulus_Arg_PISACowsMilk_10_page_6,73.4,133.3,1135.0
10410933,stimulus_Arg_PISACowsMilk_10_page_6,73.4,133.1,1135.0
10410934,stimulus_Arg_PISACowsMilk_10_page_6,73.3,132.9,1135.0
10410935,stimulus_Arg_PISACowsMilk_10_page_6,73.5,132.9,1134.0
10410936,stimulus_Arg_PISACowsMilk_10_page_6,73.7,133.0,1133.0
10410937,stimulus_Arg_PISACowsMilk_10_page_6,73.9,133.0,1133.0
10410938,stimulus_Arg_PISACowsMilk_10_page_6,73.9,133.0,1133.0
10410939,stimulus_Arg_PISACowsMilk_10_page_6,73.8,132.8,1134.0
10410940,stimulus_Arg_PISACowsMilk_10_page_6,73.6,132.6,1134.0
10410941,stimulus_Arg_PISACowsMilk_10_page_6,73.4,132.2,1133.0
10410942,stimulus_Arg_PISACowsMilk_10_page_6,73.4,132.0,1133.0
10410943,stimulus_Arg_PISACowsMilk_10_page_6,73.7,131.7,1133.0
10410944,stimulus_Arg_PISACowsMilk_10_page_6,74.1,131.6,1132.0
10410945,stimulus_Arg_PISACowsMilk_10_page_6,74.5,131.5,1131.0
10410946,stimulus_Arg_PISACowsMilk_10_page_6,74.6,131.6,1130.0
10410947,stimulus_Arg_PISACowsMilk_10_page_6,74.6,131.6,1131.0
10410948,stimulus_Arg_PISACowsMilk_10_page_6,74.6,131.7,1132.0
10410949,stimulus_Arg_PISACowsMilk_10_page_6,74.3,131.7,1133.0
10410950,stimulus_Arg_PISACowsMilk_10_page_6,74.0,131.5,1132.0
10410951,stimulus_Arg_PISACowsMilk_10_page_6,73.8,131.3,1131.0
10410952,stimulus_Arg_PISACowsMilk_10_page_6,74.0,130.9,1131.0
10410953,stimulus_Arg_PISACowsMilk_10_page_6,74.1,130.9,1131.0
10410954,stimulus_Arg_PISACowsMilk_10_page_6,74.1,131.2,1130.0
10410955,stimulus_Arg_PISACowsMilk_10_page_6,74.3,131.5,1129.0
10410956,stimulus_Arg_PISACowsMilk_10_page_6,74.5,131.9,1127.0
10410957,stimulus_Arg_PISACowsMilk_10_page_6,74.8,131.7,1128.0
10410958,stimulus_Arg_PISACowsMilk_10_page_6,75.0,131.6,1129.0
10410959,stimulus_Arg_PISACowsMilk_10_page_6,75.2,131.5,1129.0
10410960,stimulus_Arg_PISACowsMilk_10_page_6,75.4,131.5,1129.0
10410961,stimulus_Arg_PISACowsMilk_10_page_6,75.4,131.4,1130.0
10410962,stimulus_Arg_PISACowsMilk_10_page_6,75.5,131.4,1130.0
10410963,stimulus_Arg_PISACowsMilk_10_page_6,75.6,131.4,1130.0
10410964,stimulus_Arg_PISACowsMilk_10_page_6,75.6,131.3,1129.0
10410965,stimulus_Arg_PISACowsMilk_10_page_6,75.6,131.3,1129.0
10410966,stimulus_Arg_PISACowsMilk_10_page_6,75.7,131.2,1130.0
10410967,stimulus_Arg_PISACowsMilk_10_page_6,75.8,131.1,1130.0
10410968,stimulus_Arg_PISACowsMilk_10_page_6,75.9,130.6,1131.0
10410969,stimulus_Arg_PISACowsMilk_10_page_6,76.0,130.1,1132.0
10410970,stimulus_Arg_PISACowsMilk_10_page_6,76.0,129.8,1132.0
10410971,stimulus_Arg_PISACowsMilk_10_page_6,76.0,129.9,1132.0
10410972,stimulus_Arg_PISACowsMilk_10_page_6,76.0,130.1,1132.0
10410973,stimulus_Arg_PISACowsMilk_10_page_6,76.0,130.1,1132.0
10410974,stimulus_Arg_PISACowsMilk_10_page_6,76.2,129.8,1132.0
10410975,stimulus_Arg_PISACowsMilk_10_page_6,76.3,129.2,1132.0
10410976,stimulus_Arg_PISACowsMilk_10_page_6,76.3,128.6,1131.0
10410977,stimulus_Arg_PISACowsMilk_10_page_6,76.1,128.3,1131.0
10410978,stimulus_Arg_PISACowsMilk_10_page_6,75.8,128.3,1132.0
10410979,stimulus_Arg_PISACowsMilk_10_page_6,75.6,128.3,1132.0
10410980,stimulus_Arg_PISACowsMilk_10_page_6,75.6,128.4,1131.0
10410981,stimulus_Arg_PISACowsMilk_10_page_6,75.6,128.5,1131.0
10410982,stimulus_Arg_PISACowsMilk_10_page_6,75.3,128.8,1131.0
10410983,stimulus_Arg_PISACowsMilk_10_page_6,75.1,129.0,1131.0
10410984,stimulus_Arg_PISACowsMilk_10_page_6,74.8,129.3,1130.0
10410985,stimulus_Arg_PISACowsMilk_10_page_6,74.8,129.1,1130.0
10410986,stimulus_Arg_PISACowsMilk_10_page_6,74.8,129.0,1129.0
10410987,stimulus_Arg_PISACowsMilk_10_page_6,74.8,128.9,1129.0
10410988,stimulus_Arg_PISACowsMilk_10_page_6,74.8,128.9,1129.0
10410989,stimulus_Arg_PISACowsMilk_10_page_6,74.7,128.7,1129.0
10410990,stimulus_Arg_PISACowsMilk_10_page_6,74.7,128.4,1129.0
10410991,stimulus_Arg_PISACowsMilk_10_page_6,74.6,128.1,1128.0
10410992,stimulus_Arg_PISACowsMilk_10_page_6,74.6,127.9,1128.0
10410993,stimulus_Arg_PISACowsMilk_10_page_6,74.5,127.9,1128.0
10410994,stimulus_Arg_PISACowsMilk_10_page_6,74.6,128.0,1127.0
10410995,stimulus_Arg_PISACowsMilk_10_page_6,75.1,128.2,1126.0
10410996,stimulus_Arg_PISACowsMilk_10_page_6,75.5,128.3,1125.0
10410997,stimulus_Arg_PISACowsMilk_10_page_6,75.8,128.5,1126.0
10410998,stimulus_Arg_PISACowsMilk_10_page_6,75.5,128.6,1128.0
10410999,stimulus_Arg_PISACowsMilk_10_page_6,75.3,128.6,1130.0
10411000,stimulus_Arg_PISACowsMilk_10_page_6,75.3,128.7,1131.0
10411001,stimulus_Arg_PISACowsMilk_10_page_6,75.5,128.7,1132.0
10411002,stimulus_Arg_PISACowsMilk_10_page_6,75.8,128.7,1132.0
10411003,stimulus_Arg_PISACowsMilk_10_page_6,75.9,128.6,1132.0
10411004,stimulus_Arg_PISACowsMilk_10_page_6,76.0,128.6,1131.0
10411005,stimulus_Arg_PISACowsMilk_10_page_6,75.9,128.6,1131.0
10411006,stimulus_Arg_PISACowsMilk_10_page_6,75.8,128.6,1133.0
10411007,stimulus_Arg_PISACowsMilk_10_page_6,75.7,128.4,1136.0
10411008,stimulus_Arg_PISACowsMilk_10_page_6,75.6,128.2,1137.0
10411009,stimulus_Arg_PISACowsMilk_10_page_6,75.6,127.9,1137.0
10411010,stimulus_Arg_PISACowsMilk_10_page_6,75.6,127.7,1135.0
10411011,stimulus_Arg_PISACowsMilk_10_page_6,75.7,127.5,1135.0
10411012,stimulus_Arg_PISACowsMilk_10_page_6,75.7,127.5,1134.0
10411013,stimulus_Arg_PISACowsMilk_10_page_6,75.8,127.7,1134.0
10411014,stimulus_Arg_PISACowsMilk_10_page_6,75.8,127.9,1134.0
10411015,stimulus_Arg_PISACowsMilk_10_page_6,75.7,128.0,1135.0
10411016,stimulus_Arg_PISACowsMilk_10_page_6,75.7,127.8,1135.0
10411017,stimulus_Arg_PISACowsMilk_10_page_6,75.7,127.6,1135.0
10411018,stimulus_Arg_PISACowsMilk_10_page_6,75.7,127.2,1136.0
10411019,stimulus_Arg_PISACowsMilk_10_page_6,75.7,126.8,1137.0
10411020,stimulus_Arg_PISACowsMilk_10_page_6,75.7,126.4,1139.0
10411021,stimulus_Arg_PISACowsMilk_10_page_6,75.8,126.4,1139.0
10411022,stimulus_Arg_PISACowsMilk_10_page_6,75.9,126.4,1138.0
10411023,stimulus_Arg_PISACowsMilk_10_page_6,76.0,126.5,1137.0
10411024,stimulus_Arg_PISACowsMilk_10_page_6,76.0,126.5,1137.0
10411025,stimulus_Arg_PISACowsMilk_10_page_6,76.0,126.5,1137.0
10411026,stimulus_Arg_PISACowsMilk_10_page_6,75.9,126.5,1136.0
10411027,stimulus_Arg_PISACowsMilk_10_page_6,75.9,126.6,1135.0
10411028,stimulus_Arg_PISACowsMilk_10_page_6,75.9,126.7,1135.0
10411029,stimulus_Arg_PISACowsMilk_10_page_6,75.9,126.5,1135.0
10411030,stimulus_Arg_PISACowsMilk_10_page_6,76.0,126.2,1135.0
10411031,stimulus_Arg_PISACowsMilk_10_page_6,76.0,125.9,1135.0
10411032,stimulus_Arg_PISACowsMilk_10_page_6,76.0,125.9,1135.0
10411033,stimulus_Arg_PISACowsMilk_10_page_6,76.1,125.7,1135.0
10411034,stimulus_Arg_PISACowsMilk_10_page_6,76.1,125.5,1135.0
10411035,stimulus_Arg_PISACowsMilk_10_page_6,76.1,124.9,1135.0
10411036,stimulus_Arg_PISACowsMilk_10_page_6,76.0,124.6,1135.0
10411037,stimulus_Arg_PISACowsMilk_10_page_6,76.0,124.2,1135.0
10411038,stimulus_Arg_PISACowsMilk_10_page_6,76.0,124.2,1135.0
10411039,stimulus_Arg_PISACowsMilk_10_page_6,75.9,124.2,1135.0
10411040,stimulus_Arg_PISACowsMilk_10_page_6,76.0,124.2,1135.0
10411041,stimulus_Arg_PISACowsMilk_10_page_6,75.9,124.1,1135.0
10411042,stimulus_Arg_PISACowsMilk_10_page_6,75.9,124.0,1134.0
10411043,stimulus_Arg_PISACowsMilk_10_page_6,75.8,123.8,1133.0
10411044,stimulus_Arg_PISACowsMilk_10_page_6,75.8,123.5,1133.0
10411045,stimulus_Arg_PISACowsMilk_10_page_6,75.7,123.2,1133.0
10411046,stimulus_Arg_PISACowsMilk_10_page_6,75.7,123.2,1133.0
10411047,stimulus_Arg_PISACowsMilk_10_page_6,75.6,123.2,1133.0
10411048,stimulus_Arg_PISACowsMilk_10_page_6,75.6,123.3,1134.0
10411049,stimulus_Arg_PISACowsMilk_10_page_6,75.8,123.4,1134.0
10411050,stimulus_Arg_PISACowsMilk_10_page_6,76.0,123.4,1133.0
10411051,stimulus_Arg_PISACowsMilk_10_page_6,76.1,123.4,1133.0
10411052,stimulus_Arg_PISACowsMilk_10_page_6,76.0,123.0,1133.0
10411053,stimulus_Arg_PISACowsMilk_10_page_6,76.2,122.8,1133.0
10411054,stimulus_Arg_PISACowsMilk_10_page_6,76.5,122.6,1133.0
10411055,stimulus_Arg_PISACowsMilk_10_page_6,76.7,122.6,1133.0
10411056,stimulus_Arg_PISACowsMilk_10_page_6,76.5,122.5,1133.0
10411057,stimulus_Arg_PISACowsMilk_10_page_6,76.3,122.4,1132.0
10411058,stimulus_Arg_PISACowsMilk_10_page_6,76.2,122.4,1132.0
10411059,stimulus_Arg_PISACowsMilk_10_page_6,76.2,122.4,1131.0
10411060,stimulus_Arg_PISACowsMilk_10_page_6,76.5,122.2,1130.0
10411061,stimulus_Arg_PISACowsMilk_10_page_6,76.7,121.9,1130.0
10411062,stimulus_Arg_PISACowsMilk_10_page_6,77.1,121.7,1131.0
10411063,stimulus_Arg_PISACowsMilk_10_page_6,77.3,121.7,1131.0
10411064,stimulus_Arg_PISACowsMilk_10_page_6,77.2,121.7,1130.0
10411065,stimulus_Arg_PISACowsMilk_10_page_6,77.1,121.8,1128.0
10411066,stimulus_Arg_PISACowsMilk_10_page_6,76.9,121.7,1128.0
10411067,stimulus_Arg_PISACowsMilk_10_page_6,76.9,121.5,1130.0
10411068,stimulus_Arg_PISACowsMilk_10_page_6,77.0,121.2,1131.0
10411069,stimulus_Arg_PISACowsMilk_10_page_6,77.2,121.1,1131.0
10411070,stimulus_Arg_PISACowsMilk_10_page_6,77.4,121.3,1131.0
10411071,stimulus_Arg_PISACowsMilk_10_page_6,77.5,121.6,1131.0
10411072,stimulus_Arg_PISACowsMilk_10_page_6,77.5,121.9,1130.0
10411073,stimulus_Arg_PISACowsMilk_10_page_6,77.4,122.1,1130.0
10411074,stimulus_Arg_PISACowsMilk_10_page_6,77.9,122.6,1127.0
10411075,stimulus_Arg_PISACowsMilk_10_page_6,79.3,123.3,1125.0
10411076,stimulus_Arg_PISACowsMilk_10_page_6,81.7,124.5,1122.0
10411077,stimulus_Arg_PISACowsMilk_10_page_6,84.5,125.7,1122.0
10411078,stimulus_Arg_PISACowsMilk_10_page_6,87.6,126.7,1123.0
10411079,stimulus_Arg_PISACowsMilk_10_page_6,91.2,126.4,1124.0
10411080,stimulus_Arg_PISACowsMilk_10_page_6,95.5,126.3,1124.0
10411081,stimulus_Arg_PISACowsMilk_10_page_6,100.9,126.2,1124.0
10411082,stimulus_Arg_PISACowsMilk_10_page_6,107.7,126.4,1125.0
10411083,stimulus_Arg_PISACowsMilk_10_page_6,114.1,126.6,1126.0
10411084,stimulus_Arg_PISACowsMilk_10_page_6,119.8,126.7,1126.0
10411085,stimulus_Arg_PISACowsMilk_10_page_6,125.5,126.9,1124.0
10411086,stimulus_Arg_PISACowsMilk_10_page_6,132.1,127.0,1126.0
10411087,stimulus_Arg_PISACowsMilk_10_page_6,137.6,126.9,1128.0
10411088,stimulus_Arg_PISACowsMilk_10_page_6,141.5,126.9,1130.0
10411089,stimulus_Arg_PISACowsMilk_10_page_6,144.9,126.7,1129.0
10411090,stimulus_Arg_PISACowsMilk_10_page_6,149.1,126.0,1128.0
10411091,stimulus_Arg_PISACowsMilk_10_page_6,152.9,125.3,1128.0
10411092,stimulus_Arg_PISACowsMilk_10_page_6,155.3,124.5,1129.0
10411093,stimulus_Arg_PISACowsMilk_10_page_6,156.4,124.4,1131.0
10411094,stimulus_Arg_PISACowsMilk_10_page_6,156.8,124.2,1132.0
10411095,stimulus_Arg_PISACowsMilk_10_page_6,156.3,124.1,1133.0
10411096,stimulus_Arg_PISACowsMilk_10_page_6,155.8,124.1,1132.0
10411097,stimulus_Arg_PISACowsMilk_10_page_6,154.2,123.9,1132.0
10411098,stimulus_Arg_PISACowsMilk_10_page_6,152.4,123.6,1131.0
10411099,stimulus_Arg_PISACowsMilk_10_page_6,150.1,123.2,1131.0
10411100,stimulus_Arg_PISACowsMilk_10_page_6,148.5,123.1,1132.0
10411101,stimulus_Arg_PISACowsMilk_10_page_6,146.7,123.2,1132.0
10411102,stimulus_Arg_PISACowsMilk_10_page_6,145.2,123.5,1132.0
10411103,stimulus_Arg_PISACowsMilk_10_page_6,143.7,124.1,1131.0
10411104,stimulus_Arg_PISACowsMilk_10_page_6,142.8,124.4,1129.0
10411105,stimulus_Arg_PISACowsMilk_10_page_6,141.8,124.9,1128.0
10411106,stimulus_Arg_PISACowsMilk_10_page_6,141.2,125.4,1127.0
10411107,stimulus_Arg_PISACowsMilk_10_page_6,140.9,125.9,1127.0
10411108,stimulus_Arg_PISACowsMilk_10_page_6,140.7,126.2,1127.0
10411109,stimulus_Arg_PISACowsMilk_10_page_6,140.6,126.6,1126.0
10411110,stimulus_Arg_PISACowsMilk_10_page_6,140.7,126.9,1126.0
10411111,stimulus_Arg_PISACowsMilk_10_page_6,141.2,127.2,1127.0
10411112,stimulus_Arg_PISACowsMilk_10_page_6,141.9,127.2,1128.0
10411113,stimulus_Arg_PISACowsMilk_10_page_6,143.2,127.2,1128.0
10411114,stimulus_Arg_PISACowsMilk_10_page_6,144.1,127.0,1128.0
10411115,stimulus_Arg_PISACowsMilk_10_page_6,144.9,126.8,1127.0
10411116,stimulus_Arg_PISACowsMilk_10_page_6,144.9,126.6,1127.0
10411117,stimulus_Arg_PISACowsMilk_10_page_6,144.9,126.5,1126.0
10411118,stimulus_Arg_PISACowsMilk_10_page_6,145.0,126.5,1126.0
10411119,stimulus_Arg_PISACowsMilk_10_page_6,144.8,126.2,1127.0
10411120,stimulus_Arg_PISACowsMilk_10_page_6,144.7,125.8,1128.0
10411121,stimulus_Arg_PISACowsMilk_10_page_6,144.7,125.5,1129.0
10411122,stimulus_Arg_PISACowsMilk_10_page_6,144.9,125.6,1129.0
10411123,stimulus_Arg_PISACowsMilk_10_page_6,145.1,126.0,1129.0
10411124,stimulus_Arg_PISACowsMilk_10_page_6,145.2,126.3,1129.0
10411125,stimulus_Arg_PISACowsMilk_10_page_6,145.3,126.4,1129.0
10411126,stimulus_Arg_PISACowsMilk_10_page_6,145.4,126.1,1130.0
10411127,stimulus_Arg_PISACowsMilk_10_page_6,145.6,125.8,1132.0
10411128,stimulus_Arg_PISACowsMilk_10_page_6,145.8,125.5,1134.0
10411129,stimulus_Arg_PISACowsMilk_10_page_6,146.0,125.4,1135.0
10411130,stimulus_Arg_PISACowsMilk_10_page_6,146.2,125.1,1135.0
10411131,stimulus_Arg_PISACowsMilk_10_page_6,146.4,124.9,1135.0
10411132,stimulus_Arg_PISACowsMilk_10_page_6,146.4,124.8,1135.0
10411133,stimulus_Arg_PISACowsMilk_10_page_6,146.4,125.0,1135.0
10411134,stimulus_Arg_PISACowsMilk_10_page_6,146.4,125.2,1135.0
10411135,stimulus_Arg_PISACowsMilk_10_page_6,146.4,125.2,1134.0
10411136,stimulus_Arg_PISACowsMilk_10_page_6,146.4,125.2,1134.0
10411137,stimulus_Arg_PISACowsMilk_10_page_6,146.5,125.2,1134.0
10411138,stimulus_Arg_PISACowsMilk_10_page_6,146.5,125.2,1134.0
10411139,stimulus_Arg_PISACowsMilk_10_page_6,146.4,125.3,1134.0
10411140,stimulus_Arg_PISACowsMilk_10_page_6,146.3,125.4,1135.0
10411141,stimulus_Arg_PISACowsMilk_10_page_6,146.1,125.2,1135.0
10411142,stimulus_Arg_PISACowsMilk_10_page_6,146.1,124.7,1135.0
10411143,stimulus_Arg_PISACowsMilk_10_page_6,146.2,124.2,1135.0
10411144,stimulus_Arg_PISACowsMilk_10_page_6,146.3,124.1,1136.0
10411145,stimulus_Arg_PISACowsMilk_10_page_6,146.4,124.4,1135.0
10411146,stimulus_Arg_PISACowsMilk_10_page_6,146.5,124.6,1134.0
10411147,stimulus_Arg_PISACowsMilk_10_page_6,147.0,124.8,1133.0
10411148,stimulus_Arg_PISACowsMilk_10_page_6,147.4,124.8,1133.0
10411149,stimulus_Arg_PISACowsMilk_10_page_6,147.8,124.9,1133.0
10411150,stimulus_Arg_PISACowsMilk_10_page_6,147.9,124.8,1134.0
10411151,stimulus_Arg_PISACowsMilk_10_page_6,148.0,124.7,1134.0
10411152,stimulus_Arg_PISACowsMilk_10_page_6,148.0,124.5,1135.0
10411153,stimulus_Arg_PISACowsMilk_10_page_6,147.9,124.4,1135.0
10411154,stimulus_Arg_PISACowsMilk_10_page_6,147.8,124.3,1136.0
10411155,stimulus_Arg_PISACowsMilk_10_page_6,147.7,124.4,1136.0
10411156,stimulus_Arg_PISACowsMilk_10_page_6,147.6,124.5,1135.0
10411157,stimulus_Arg_PISACowsMilk_10_page_6,147.7,124.6,1135.0
10411158,stimulus_Arg_PISACowsMilk_10_page_6,147.9,124.5,1135.0
10411159,stimulus_Arg_PISACowsMilk_10_page_6,148.0,124.4,1135.0
10411160,stimulus_Arg_PISACowsMilk_10_page_6,148.0,124.0,1135.0
10411161,stimulus_Arg_PISACowsMilk_10_page_6,148.3,123.7,1135.0
10411162,stimulus_Arg_PISACowsMilk_10_page_6,148.5,123.9,1136.0
10411163,stimulus_Arg_PISACowsMilk_10_page_6,148.8,124.3,1137.0
10411164,stimulus_Arg_PISACowsMilk_10_page_6,148.7,124.6,1137.0
10411165,stimulus_Arg_PISACowsMilk_10_page_6,148.7,124.6,1138.0
10411166,stimulus_Arg_PISACowsMilk_10_page_6,148.7,124.6,1139.0
10411167,stimulus_Arg_PISACowsMilk_10_page_6,148.6,124.7,1139.0
10411168,stimulus_Arg_PISACowsMilk_10_page_6,148.5,124.7,1139.0
10411169,stimulus_Arg_PISACowsMilk_10_page_6,148.4,124.5,1140.0
10411170,stimulus_Arg_PISACowsMilk_10_page_6,148.5,124.3,1140.0
10411171,stimulus_Arg_PISACowsMilk_10_page_6,148.8,124.1,1140.0
10411172,stimulus_Arg_PISACowsMilk_10_page_6,148.9,123.9,1140.0
10411173,stimulus_Arg_PISACowsMilk_10_page_6,148.8,123.9,1140.0
10411174,stimulus_Arg_PISACowsMilk_10_page_6,148.6,123.9,1140.0
10411175,stimulus_Arg_PISACowsMilk_10_page_6,148.8,123.9,1139.0
10411176,stimulus_Arg_PISACowsMilk_10_page_6,148.9,123.8,1139.0
10411177,stimulus_Arg_PISACowsMilk_10_page_6,149.1,123.6,1140.0
10411178,stimulus_Arg_PISACowsMilk_10_page_6,149.0,123.4,1141.0
10411179,stimulus_Arg_PISACowsMilk_10_page_6,148.9,123.3,1141.0
10411180,stimulus_Arg_PISACowsMilk_10_page_6,148.8,123.3,1141.0
10411181,stimulus_Arg_PISACowsMilk_10_page_6,149.0,123.3,1142.0
10411182,stimulus_Arg_PISACowsMilk_10_page_6,149.2,123.3,1142.0
10411183,stimulus_Arg_PISACowsMilk_10_page_6,149.4,123.5,1143.0
10411184,stimulus_Arg_PISACowsMilk_10_page_6,149.4,123.8,1143.0
10411185,stimulus_Arg_PISACowsMilk_10_page_6,149.5,124.1,1143.0
10411186,stimulus_Arg_PISACowsMilk_10_page_6,149.8,124.0,1143.0
10411187,stimulus_Arg_PISACowsMilk_10_page_6,150.1,123.6,1143.0
10411188,stimulus_Arg_PISACowsMilk_10_page_6,150.2,123.3,1143.0
10411189,stimulus_Arg_PISACowsMilk_10_page_6,150.2,123.4,1144.0
10411190,stimulus_Arg_PISACowsMilk_10_page_6,150.2,123.7,1145.0
10411191,stimulus_Arg_PISACowsMilk_10_page_6,150.2,123.9,1146.0
10411192,stimulus_Arg_PISACowsMilk_10_page_6,150.1,124.0,1146.0
10411193,stimulus_Arg_PISACowsMilk_10_page_6,149.9,123.8,1146.0
10411194,stimulus_Arg_PISACowsMilk_10_page_6,149.9,123.6,1146.0
10411195,stimulus_Arg_PISACowsMilk_10_page_6,150.1,123.5,1146.0
10411196,stimulus_Arg_PISACowsMilk_10_page_6,150.3,123.4,1147.0
10411197,stimulus_Arg_PISACowsMilk_10_page_6,150.4,123.3,1147.0
10411198,stimulus_Arg_PISACowsMilk_10_page_6,150.3,123.2,1147.0
10411199,stimulus_Arg_PISACowsMilk_10_page_6,150.3,123.2,1147.0
10411200,stimulus_Arg_PISACowsMilk_10_page_6,150.2,123.2,1148.0
10411201,stimulus_Arg_PISACowsMilk_10_page_6,150.1,123.4,1149.0
10411202,stimulus_Arg_PISACowsMilk_10_page_6,150.1,123.7,1149.0
10411203,stimulus_Arg_PISACowsMilk_10_page_6,150.2,123.9,1148.0
10411204,stimulus_Arg_PISACowsMilk_10_page_6,150.4,123.9,1147.0
10411205,stimulus_Arg_PISACowsMilk_10_page_6,150.6,123.9,1146.0
10411206,stimulus_Arg_PISACowsMilk_10_page_6,150.5,123.9,1146.0
10411207,stimulus_Arg_PISACowsMilk_10_page_6,150.5,123.9,1148.0
10411208,stimulus_Arg_PISACowsMilk_10_page_6,150.5,124.0,1150.0
10411209,stimulus_Arg_PISACowsMilk_10_page_6,150.4,124.0,1151.0
10411210,stimulus_Arg_PISACowsMilk_10_page_6,150.4,123.9,1151.0
10411211,stimulus_Arg_PISACowsMilk_10_page_6,150.4,123.8,1151.0
10411212,stimulus_Arg_PISACowsMilk_10_page_6,150.4,123.6,1151.0
10411213,stimulus_Arg_PISACowsMilk_10_page_6,150.5,123.5,1151.0
10411214,stimulus_Arg_PISACowsMilk_10_page_6,150.7,123.3,1151.0
10411215,stimulus_Arg_PISACowsMilk_10_page_6,150.8,123.1,1151.0
10411216,stimulus_Arg_PISACowsMilk_10_page_6,151.0,123.2,1151.0
10411217,stimulus_Arg_PISACowsMilk_10_page_6,151.3,123.2,1151.0
10411218,stimulus_Arg_PISACowsMilk_10_page_6,151.4,123.2,1152.0
10411219,stimulus_Arg_PISACowsMilk_10_page_6,151.3,123.2,1152.0
10411220,stimulus_Arg_PISACowsMilk_10_page_6,151.2,123.5,1152.0
10411221,stimulus_Arg_PISACowsMilk_10_page_6,151.1,123.7,1152.0
10411222,stimulus_Arg_PISACowsMilk_10_page_6,151.1,123.7,1153.0
10411223,stimulus_Arg_PISACowsMilk_10_page_6,151.2,123.5,1154.0
10411224,stimulus_Arg_PISACowsMilk_10_page_6,151.2,123.2,1155.0
10411225,stimulus_Arg_PISACowsMilk_10_page_6,151.2,123.2,1155.0
10411226,stimulus_Arg_PISACowsMilk_10_page_6,151.1,123.3,1155.0
10411227,stimulus_Arg_PISACowsMilk_10_page_6,150.9,123.4,1154.0
10411228,stimulus_Arg_PISACowsMilk_10_page_6,150.8,123.5,1154.0
10411229,stimulus_Arg_PISACowsMilk_10_page_6,150.8,123.6,1154.0
10411230,stimulus_Arg_PISACowsMilk_10_page_6,151.1,123.6,1154.0
10411231,stimulus_Arg_PISACowsMilk_10_page_6,151.3,123.7,1154.0
10411232,stimulus_Arg_PISACowsMilk_10_page_6,151.2,123.8,1154.0
10411233,stimulus_Arg_PISACowsMilk_10_page_6,151.1,123.8,1153.0
10411234,stimulus_Arg_PISACowsMilk_10_page_6,150.9,123.8,1153.0
10411235,stimulus_Arg_PISACowsMilk_10_page_6,150.9,123.6,1153.0
10411236,stimulus_Arg_PISACowsMilk_10_page_6,151.2,123.4,1153.0
10411237,stimulus_Arg_PISACowsMilk_10_page_6,151.4,123.1,1154.0
10411238,stimulus_Arg_PISACowsMilk_10_page_6,151.4,123.3,1154.0
10411239,stimulus_Arg_PISACowsMilk_10_page_6,151.3,123.5,1154.0
10411240,stimulus_Arg_PISACowsMilk_10_page_6,151.0,123.7,1155.0
10411241,stimulus_Arg_PISACowsMilk_10_page_6,150.8,123.7,1155.0
10411242,stimulus_Arg_PISACowsMilk_10_page_6,150.7,123.8,1155.0
10411243,stimulus_Arg_PISACowsMilk_10_page_6,150.7,123.8,1156.0
10411244,stimulus_Arg_PISACowsMilk_10_page_6,150.8,123.9,1156.0
10411245,stimulus_Arg_PISACowsMilk_10_page_6,150.8,124.0,1156.0
10411246,stimulus_Arg_PISACowsMilk_10_page_6,150.8,124.1,1156.0
10411247,stimulus_Arg_PISACowsMilk_10_page_6,150.7,124.2,1156.0
10411248,stimulus_Arg_PISACowsMilk_10_page_6,150.5,124.3,1156.0
10411249,stimulus_Arg_PISACowsMilk_10_page_6,150.3,124.9,1155.0
10411250,stimulus_Arg_PISACowsMilk_10_page_6,150.9,125.5,1155.0
10411251,stimulus_Arg_PISACowsMilk_10_page_6,153.1,126.1,1155.0
10411252,stimulus_Arg_PISACowsMilk_10_page_6,156.9,126.3,1155.0
10411253,stimulus_Arg_PISACowsMilk_10_page_6,161.2,125.9,1155.0
10411254,stimulus_Arg_PISACowsMilk_10_page_6,166.0,125.5,1155.0
10411255,stimulus_Arg_PISACowsMilk_10_page_6,172.7,124.9,1155.0
10411256,stimulus_Arg_PISACowsMilk_10_page_6,180.4,124.7,1156.0
10411257,stimulus_Arg_PISACowsMilk_10_page_6,189.3,124.6,1156.0
10411258,stimulus_Arg_PISACowsMilk_10_page_6,198.0,124.5,1156.0
10411259,stimulus_Arg_PISACowsMilk_10_page_6,207.9,122.8,1157.0
10411260,stimulus_Arg_PISACowsMilk_10_page_6,217.3,119.9,1157.0
10411261,stimulus_Arg_PISACowsMilk_10_page_6,225.6,117.2,1157.0
10411262,stimulus_Arg_PISACowsMilk_10_page_6,232.3,115.6,1157.0
10411263,stimulus_Arg_PISACowsMilk_10_page_6,237.8,114.9,1157.0
10411264,stimulus_Arg_PISACowsMilk_10_page_6,241.4,114.5,1158.0
10411265,stimulus_Arg_PISACowsMilk_10_page_6,243.5,114.6,1157.0
10411266,stimulus_Arg_PISACowsMilk_10_page_6,244.1,114.7,1154.0
10411267,stimulus_Arg_PISACowsMilk_10_page_6,244.3,114.7,1151.0
10411268,stimulus_Arg_PISACowsMilk_10_page_6,243.9,114.7,1148.0
10411269,stimulus_Arg_PISACowsMilk_10_page_6,243.2,114.9,1148.0
10411270,stimulus_Arg_PISACowsMilk_10_page_6,241.6,115.1,1148.0
10411271,stimulus_Arg_PISACowsMilk_10_page_6,239.3,115.2,1148.0
10411272,stimulus_Arg_PISACowsMilk_10_page_6,236.3,115.3,1149.0
10411273,stimulus_Arg_PISACowsMilk_10_page_6,233.3,115.5,1150.0
10411274,stimulus_Arg_PISACowsMilk_10_page_6,230.8,115.7,1151.0
10411275,stimulus_Arg_PISACowsMilk_10_page_6,228.9,116.2,1152.0
10411276,stimulus_Arg_PISACowsMilk_10_page_6,227.5,116.6,1152.0
10411277,stimulus_Arg_PISACowsMilk_10_page_6,226.6,117.1,1153.0
10411278,stimulus_Arg_PISACowsMilk_10_page_6,226.0,117.5,1153.0
10411279,stimulus_Arg_PISACowsMilk_10_page_6,225.6,118.2,1154.0
10411280,stimulus_Arg_PISACowsMilk_10_page_6,225.2,118.7,1153.0
10411281,stimulus_Arg_PISACowsMilk_10_page_6,225.0,119.2,1152.0
10411282,stimulus_Arg_PISACowsMilk_10_page_6,225.1,119.4,1152.0
10411283,stimulus_Arg_PISACowsMilk_10_page_6,225.3,119.6,1152.0
10411284,stimulus_Arg_PISACowsMilk_10_page_6,225.5,119.5,1152.0
10411285,stimulus_Arg_PISACowsMilk_10_page_6,225.6,119.3,1150.0
10411286,stimulus_Arg_PISACowsMilk_10_page_6,225.4,119.2,1149.0
10411287,stimulus_Arg_PISACowsMilk_10_page_6,225.4,119.0,1149.0
10411288,stimulus_Arg_PISACowsMilk_10_page_6,225.7,119.0,1149.0
10411289,stimulus_Arg_PISACowsMilk_10_page_6,226.1,119.0,1149.0
10411290,stimulus_Arg_PISACowsMilk_10_page_6,226.4,119.0,1149.0
10411291,stimulus_Arg_PISACowsMilk_10_page_6,226.7,119.0,1149.0
10411292,stimulus_Arg_PISACowsMilk_10_page_6,227.4,119.1,1149.0
10411293,stimulus_Arg_PISACowsMilk_10_page_6,228.1,119.2,1148.0
10411294,stimulus_Arg_PISACowsMilk_10_page_6,228.6,119.4,1148.0
10411295,stimulus_Arg_PISACowsMilk_10_page_6,228.6,119.5,1148.0
10411296,stimulus_Arg_PISACowsMilk_10_page_6,228.6,119.6,1148.0
10411297,stimulus_Arg_PISACowsMilk_10_page_6,228.6,119.7,1148.0
10411298,stimulus_Arg_PISACowsMilk_10_page_6,229.0,119.7,1149.0
10411299,stimulus_Arg_PISACowsMilk_10_page_6,229.4,119.6,1150.0
10411300,stimulus_Arg_PISACowsMilk_10_page_6,229.8,119.4,1150.0
10411301,stimulus_Arg_PISACowsMilk_10_page_6,229.8,119.2,1150.0
10411302,stimulus_Arg_PISACowsMilk_10_page_6,229.7,119.2,1150.0
10411303,stimulus_Arg_PISACowsMilk_10_page_6,229.5,119.2,1150.0
10411304,stimulus_Arg_PISACowsMilk_10_page_6,229.3,119.2,1149.0
10411305,stimulus_Arg_PISACowsMilk_10_page_6,229.2,119.2,1148.0
10411306,stimulus_Arg_PISACowsMilk_10_page_6,229.4,119.3,1147.0
10411307,stimulus_Arg_PISACowsMilk_10_page_6,229.7,119.2,1147.0
10411308,stimulus_Arg_PISACowsMilk_10_page_6,229.9,119.0,1147.0
10411309,stimulus_Arg_PISACowsMilk_10_page_6,229.7,118.7,1148.0
10411310,stimulus_Arg_PISACowsMilk_10_page_6,229.3,118.4,1147.0
10411311,stimulus_Arg_PISACowsMilk_10_page_6,228.9,118.3,1147.0
10411312,stimulus_Arg_PISACowsMilk_10_page_6,228.5,118.6,1146.0
10411313,stimulus_Arg_PISACowsMilk_10_page_6,228.4,118.8,1146.0
10411314,stimulus_Arg_PISACowsMilk_10_page_6,228.5,119.1,1146.0
10411315,stimulus_Arg_PISACowsMilk_10_page_6,228.7,119.2,1147.0
10411316,stimulus_Arg_PISACowsMilk_10_page_6,228.8,119.3,1148.0
10411317,stimulus_Arg_PISACowsMilk_10_page_6,228.9,119.2,1147.0
10411318,stimulus_Arg_PISACowsMilk_10_page_6,228.9,119.0,1147.0
10411319,stimulus_Arg_PISACowsMilk_10_page_6,228.9,118.9,1146.0
10411320,stimulus_Arg_PISACowsMilk_10_page_6,228.8,118.8,1145.0
10411321,stimulus_Arg_PISACowsMilk_10_page_6,228.8,118.8,1145.0
10411322,stimulus_Arg_PISACowsMilk_10_page_6,228.9,118.5,1145.0
10411323,stimulus_Arg_PISACowsMilk_10_page_6,228.9,118.2,1145.0
10411324,stimulus_Arg_PISACowsMilk_10_page_6,229.1,118.1,1144.0
10411325,stimulus_Arg_PISACowsMilk_10_page_6,229.2,118.1,1143.0
10411326,stimulus_Arg_PISACowsMilk_10_page_6,229.3,117.9,1142.0
10411327,stimulus_Arg_PISACowsMilk_10_page_6,229.3,117.7,1142.0
10411328,stimulus_Arg_PISACowsMilk_10_page_6,229.3,117.6,1142.0
10411329,stimulus_Arg_PISACowsMilk_10_page_6,229.4,117.8,1142.0
10411330,stimulus_Arg_PISACowsMilk_10_page_6,229.5,117.8,1142.0
10411331,stimulus_Arg_PISACowsMilk_10_page_6,229.6,117.8,1142.0
10411332,stimulus_Arg_PISACowsMilk_10_page_6,229.7,117.7,1142.0
10411333,stimulus_Arg_PISACowsMilk_10_page_6,229.8,117.7,1141.0
10411334,stimulus_Arg_PISACowsMilk_10_page_6,229.9,117.6,1140.0
10411335,stimulus_Arg_PISACowsMilk_10_page_6,230.1,117.6,1139.0
10411336,stimulus_Arg_PISACowsMilk_10_page_6,230.0,117.8,1139.0
10411337,stimulus_Arg_PISACowsMilk_10_page_6,229.7,118.0,1139.0
10411338,stimulus_Arg_PISACowsMilk_10_page_6,229.5,118.0,1139.0
10411339,stimulus_Arg_PISACowsMilk_10_page_6,229.3,117.8,1139.0
10411340,stimulus_Arg_PISACowsMilk_10_page_6,229.4,117.6,1139.0
10411341,stimulus_Arg_PISACowsMilk_10_page_6,229.5,117.9,1137.0
10411342,stimulus_Arg_PISACowsMilk_10_page_6,229.5,118.1,1136.0
10411343,stimulus_Arg_PISACowsMilk_10_page_6,229.6,118.3,1135.0
10411344,stimulus_Arg_PISACowsMilk_10_page_6,229.7,118.2,1135.0
10411345,stimulus_Arg_PISACowsMilk_10_page_6,229.7,118.1,1135.0
10411346,stimulus_Arg_PISACowsMilk_10_page_6,229.8,118.2,1133.0
10411347,stimulus_Arg_PISACowsMilk_10_page_6,230.0,118.4,1131.0
10411348,stimulus_Arg_PISACowsMilk_10_page_6,230.2,118.3,1130.0
10411349,stimulus_Arg_PISACowsMilk_10_page_6,230.3,118.1,1131.0
10411350,stimulus_Arg_PISACowsMilk_10_page_6,230.4,117.8,1131.0
10411351,stimulus_Arg_PISACowsMilk_10_page_6,230.5,117.8,1131.0
10411352,stimulus_Arg_PISACowsMilk_10_page_6,230.6,117.8,1130.0
10411353,stimulus_Arg_PISACowsMilk_10_page_6,230.7,117.8,1130.0
10411354,stimulus_Arg_PISACowsMilk_10_page_6,230.5,117.8,1129.0
10411355,stimulus_Arg_PISACowsMilk_10_page_6,230.2,117.8,1129.0
10411356,stimulus_Arg_PISACowsMilk_10_page_6,230.0,117.9,1128.0
10411357,stimulus_Arg_PISACowsMilk_10_page_6,230.0,117.8,1127.0
10411358,stimulus_Arg_PISACowsMilk_10_page_6,230.0,117.7,1126.0
10411359,stimulus_Arg_PISACowsMilk_10_page_6,229.8,117.7,1125.0
10411360,stimulus_Arg_PISACowsMilk_10_page_6,229.5,117.7,1125.0
10411361,stimulus_Arg_PISACowsMilk_10_page_6,229.1,117.8,1125.0
10411362,stimulus_Arg_PISACowsMilk_10_page_6,229.0,117.9,1124.0
10411363,stimulus_Arg_PISACowsMilk_10_page_6,229.0,118.0,1124.0
10411364,stimulus_Arg_PISACowsMilk_10_page_6,229.1,117.9,1122.0
10411365,stimulus_Arg_PISACowsMilk_10_page_6,229.2,117.7,1122.0
10411366,stimulus_Arg_PISACowsMilk_10_page_6,229.2,117.5,1121.0
10411367,stimulus_Arg_PISACowsMilk_10_page_6,229.2,117.5,1121.0
10411368,stimulus_Arg_PISACowsMilk_10_page_6,229.1,117.4,1121.0
10411369,stimulus_Arg_PISACowsMilk_10_page_6,229.1,117.4,1121.0
10411370,stimulus_Arg_PISACowsMilk_10_page_6,229.0,117.3,1121.0
10411371,stimulus_Arg_PISACowsMilk_10_page_6,229.0,117.3,1120.0
10411372,stimulus_Arg_PISACowsMilk_10_page_6,229.0,117.4,1119.0
10411373,stimulus_Arg_PISACowsMilk_10_page_6,228.9,117.6,1118.0
10411374,stimulus_Arg_PISACowsMilk_10_page_6,228.8,117.8,1118.0
10411375,stimulus_Arg_PISACowsMilk_10_page_6,228.6,117.9,1117.0
10411376,stimulus_Arg_PISACowsMilk_10_page_6,228.7,117.9,1117.0
10411377,stimulus_Arg_PISACowsMilk_10_page_6,228.9,117.7,1117.0
10411378,stimulus_Arg_PISACowsMilk_10_page_6,228.9,117.6,1117.0
10411379,stimulus_Arg_PISACowsMilk_10_page_6,228.8,117.9,1117.0
10411380,stimulus_Arg_PISACowsMilk_10_page_6,228.7,118.2,1117.0
10411381,stimulus_Arg_PISACowsMilk_10_page_6,228.7,118.4,1117.0
10411382,stimulus_Arg_PISACowsMilk_10_page_6,229.2,118.1,1116.0
10411383,stimulus_Arg_PISACowsMilk_10_page_6,229.6,117.9,1116.0
10411384,stimulus_Arg_PISACowsMilk_10_page_6,230.0,117.8,1115.0
10411385,stimulus_Arg_PISACowsMilk_10_page_6,229.8,117.6,1115.0
10411386,stimulus_Arg_PISACowsMilk_10_page_6,229.6,117.4,1115.0
10411387,stimulus_Arg_PISACowsMilk_10_page_6,229.3,117.2,1114.0
10411388,stimulus_Arg_PISACowsMilk_10_page_6,229.0,117.4,1114.0
10411389,stimulus_Arg_PISACowsMilk_10_page_6,228.8,117.7,1114.0
10411390,stimulus_Arg_PISACowsMilk_10_page_6,228.8,117.9,1114.0
10411391,stimulus_Arg_PISACowsMilk_10_page_6,228.8,117.8,1113.0
10411392,stimulus_Arg_PISACowsMilk_10_page_6,228.8,117.6,1113.0
10411393,stimulus_Arg_PISACowsMilk_10_page_6,228.7,117.3,1113.0
10411394,stimulus_Arg_PISACowsMilk_10_page_6,228.7,117.0,1113.0
10411395,stimulus_Arg_PISACowsMilk_10_page_6,228.6,117.0,1113.0
10411396,stimulus_Arg_PISACowsMilk_10_page_6,228.6,116.8,1113.0
10411397,stimulus_Arg_PISACowsMilk_10_page_6,228.5,116.6,1112.0
10411398,stimulus_Arg_PISACowsMilk_10_page_6,228.4,116.6,1112.0
10411399,stimulus_Arg_PISACowsMilk_10_page_6,228.3,116.8,1111.0
10411400,stimulus_Arg_PISACowsMilk_10_page_6,228.2,116.8,1111.0
10411401,stimulus_Arg_PISACowsMilk_10_page_6,228.2,116.6,1111.0
10411402,stimulus_Arg_PISACowsMilk_10_page_6,228.1,116.5,1111.0
10411403,stimulus_Arg_PISACowsMilk_10_page_6,228.1,116.6,1110.0
10411404,stimulus_Arg_PISACowsMilk_10_page_6,228.2,116.6,1110.0
10411405,stimulus_Arg_PISACowsMilk_10_page_6,228.3,116.6,1109.0
10411406,stimulus_Arg_PISACowsMilk_10_page_6,228.3,116.6,1109.0
10411407,stimulus_Arg_PISACowsMilk_10_page_6,228.3,116.7,1108.0
10411408,stimulus_Arg_PISACowsMilk_10_page_6,228.2,116.7,1107.0
10411409,stimulus_Arg_PISACowsMilk_10_page_6,228.1,116.6,1106.0
10411410,stimulus_Arg_PISACowsMilk_10_page_6,228.0,116.6,1107.0
10411411,stimulus_Arg_PISACowsMilk_10_page_6,227.9,116.6,1107.0
10411412,stimulus_Arg_PISACowsMilk_10_page_6,227.9,116.5,1106.0
10411413,stimulus_Arg_PISACowsMilk_10_page_6,228.0,116.5,1106.0
10411414,stimulus_Arg_PISACowsMilk_10_page_6,228.1,116.5,1106.0
10411415,stimulus_Arg_PISACowsMilk_10_page_6,228.1,116.5,1106.0
10411416,stimulus_Arg_PISACowsMilk_10_page_6,228.1,116.6,1106.0
10411417,stimulus_Arg_PISACowsMilk_10_page_6,228.1,116.4,1105.0
10411418,stimulus_Arg_PISACowsMilk_10_page_6,228.0,116.3,1105.0
10411419,stimulus_Arg_PISACowsMilk_10_page_6,228.1,116.3,1105.0
10411420,stimulus_Arg_PISACowsMilk_10_page_6,228.0,116.3,1105.0
10411421,stimulus_Arg_PISACowsMilk_10_page_6,228.0,116.3,1105.0
10411422,stimulus_Arg_PISACowsMilk_10_page_6,227.8,116.4,1104.0
10411423,stimulus_Arg_PISACowsMilk_10_page_6,227.7,116.5,1103.0
10411424,stimulus_Arg_PISACowsMilk_10_page_6,227.6,116.6,1102.0
10411425,stimulus_Arg_PISACowsMilk_10_page_6,227.6,116.7,1102.0
10411426,stimulus_Arg_PISACowsMilk_10_page_6,227.7,116.7,1101.0
10411427,stimulus_Arg_PISACowsMilk_10_page_6,227.7,116.7,1100.0
10411428,stimulus_Arg_PISACowsMilk_10_page_6,227.7,116.6,1099.0
10411429,stimulus_Arg_PISACowsMilk_10_page_6,227.6,116.5,1100.0
10411430,stimulus_Arg_PISACowsMilk_10_page_6,227.7,116.4,1100.0
10411431,stimulus_Arg_PISACowsMilk_10_page_6,227.9,116.5,1100.0
10411432,stimulus_Arg_PISACowsMilk_10_page_6,228.0,116.4,1100.0
10411433,stimulus_Arg_PISACowsMilk_10_page_6,228.0,116.3,1100.0
10411434,stimulus_Arg_PISACowsMilk_10_page_6,228.0,116.4,1099.0
10411435,stimulus_Arg_PISACowsMilk_10_page_6,227.9,116.6,1099.0
10411436,stimulus_Arg_PISACowsMilk_10_page_6,227.7,116.7,1099.0
10411437,stimulus_Arg_PISACowsMilk_10_page_6,227.5,116.5,1098.0
10411438,stimulus_Arg_PISACowsMilk_10_page_6,227.4,116.3,1097.0
10411439,stimulus_Arg_PISACowsMilk_10_page_6,227.3,116.3,1096.0
10411440,stimulus_Arg_PISACowsMilk_10_page_6,227.3,116.3,1096.0
10411441,stimulus_Arg_PISACowsMilk_10_page_6,227.3,116.4,1095.0
10411442,stimulus_Arg_PISACowsMilk_10_page_6,227.5,116.4,1094.0
10411443,stimulus_Arg_PISACowsMilk_10_page_6,227.6,116.5,1094.0
10411444,stimulus_Arg_PISACowsMilk_10_page_6,227.5,116.7,1093.0
10411445,stimulus_Arg_PISACowsMilk_10_page_6,227.4,116.6,1092.0
10411446,stimulus_Arg_PISACowsMilk_10_page_6,227.3,116.4,1091.0
10411447,stimulus_Arg_PISACowsMilk_10_page_6,227.3,116.5,1091.0
10411448,stimulus_Arg_PISACowsMilk_10_page_6,227.4,116.9,1090.0
10411449,stimulus_Arg_PISACowsMilk_10_page_6,227.4,117.2,1090.0
10411450,stimulus_Arg_PISACowsMilk_10_page_6,227.4,117.0,1090.0
10411451,stimulus_Arg_PISACowsMilk_10_page_6,227.4,116.8,1090.0
10411452,stimulus_Arg_PISACowsMilk_10_page_6,227.2,116.7,1091.0
10411453,stimulus_Arg_PISACowsMilk_10_page_6,227.1,116.8,1091.0
10411454,stimulus_Arg_PISACowsMilk_10_page_6,227.1,117.0,1091.0
10411455,stimulus_Arg_PISACowsMilk_10_page_6,227.2,117.0,1089.0
10411456,stimulus_Arg_PISACowsMilk_10_page_6,227.2,116.9,1087.0
10411457,stimulus_Arg_PISACowsMilk_10_page_6,227.3,116.8,1086.0
10411458,stimulus_Arg_PISACowsMilk_10_page_6,227.3,116.7,1087.0
10411459,stimulus_Arg_PISACowsMilk_10_page_6,227.3,116.6,1087.0
10411460,stimulus_Arg_PISACowsMilk_10_page_6,227.2,116.5,1087.0
10411461,stimulus_Arg_PISACowsMilk_10_page_6,227.1,116.5,1087.0
10411462,stimulus_Arg_PISACowsMilk_10_page_6,226.9,116.5,1086.0
10411463,stimulus_Arg_PISACowsMilk_10_page_6,226.9,116.5,1086.0
10411464,stimulus_Arg_PISACowsMilk_10_page_6,227.0,116.4,1085.0
10411465,stimulus_Arg_PISACowsMilk_10_page_6,227.1,116.2,1083.0
10411466,stimulus_Arg_PISACowsMilk_10_page_6,227.2,116.1,1082.0
10411467,stimulus_Arg_PISACowsMilk_10_page_6,227.2,116.2,1081.0
10411468,stimulus_Arg_PISACowsMilk_10_page_6,227.2,116.4,1082.0
10411469,stimulus_Arg_PISACowsMilk_10_page_6,227.3,116.6,1082.0
10411470,stimulus_Arg_PISACowsMilk_10_page_6,227.4,116.6,1081.0
10411471,stimulus_Arg_PISACowsMilk_10_page_6,227.5,116.7,1080.0
10411472,stimulus_Arg_PISACowsMilk_10_page_6,227.5,116.7,1078.0
10411473,stimulus_Arg_PISACowsMilk_10_page_6,227.4,116.7,1077.0
10411474,stimulus_Arg_PISACowsMilk_10_page_6,227.4,116.7,1077.0
10411475,stimulus_Arg_PISACowsMilk_10_page_6,227.4,116.8,1076.0
10411476,stimulus_Arg_PISACowsMilk_10_page_6,227.5,116.7,1074.0
10411477,stimulus_Arg_PISACowsMilk_10_page_6,227.6,116.7,1073.0
10411478,stimulus_Arg_PISACowsMilk_10_page_6,227.6,116.8,1071.0
10411479,stimulus_Arg_PISACowsMilk_10_page_6,227.6,116.9,1072.0
10411480,stimulus_Arg_PISACowsMilk_10_page_6,227.7,117.0,1072.0
10411481,stimulus_Arg_PISACowsMilk_10_page_6,227.8,116.9,1072.0
10411482,stimulus_Arg_PISACowsMilk_10_page_6,227.8,116.7,1072.0
10411483,stimulus_Arg_PISACowsMilk_10_page_6,227.6,116.9,1072.0
10411484,stimulus_Arg_PISACowsMilk_10_page_6,227.5,117.3,1071.0
10411485,stimulus_Arg_PISACowsMilk_10_page_6,227.7,117.5,1070.0
10411486,stimulus_Arg_PISACowsMilk_10_page_6,228.0,117.3,1069.0
10411487,stimulus_Arg_PISACowsMilk_10_page_6,228.2,117.1,1068.0
10411488,stimulus_Arg_PISACowsMilk_10_page_6,228.0,117.1,1068.0
10411489,stimulus_Arg_PISACowsMilk_10_page_6,227.8,117.1,1068.0
10411490,stimulus_Arg_PISACowsMilk_10_page_6,227.8,117.0,1068.0
10411491,stimulus_Arg_PISACowsMilk_10_page_6,228.3,116.9,1068.0
10411492,stimulus_Arg_PISACowsMilk_10_page_6,228.7,116.9,1068.0
10411493,stimulus_Arg_PISACowsMilk_10_page_6,228.9,117.1,1067.0
10411494,stimulus_Arg_PISACowsMilk_10_page_6,228.7,117.3,1065.0
10411495,stimulus_Arg_PISACowsMilk_10_page_6,228.6,117.2,1065.0
10411496,stimulus_Arg_PISACowsMilk_10_page_6,228.4,117.2,1066.0
10411497,stimulus_Arg_PISACowsMilk_10_page_6,228.2,117.2,1066.0
10411498,stimulus_Arg_PISACowsMilk_10_page_6,227.7,117.8,1064.0
10411499,stimulus_Arg_PISACowsMilk_10_page_6,227.5,118.3,1063.0
10411500,stimulus_Arg_PISACowsMilk_10_page_6,227.4,118.7,1063.0
10411501,stimulus_Arg_PISACowsMilk_10_page_6,227.8,118.4,1064.0
10411502,stimulus_Arg_PISACowsMilk_10_page_6,228.2,118.1,1063.0
10411503,stimulus_Arg_PISACowsMilk_10_page_6,228.5,117.7,1062.0
10411504,stimulus_Arg_PISACowsMilk_10_page_6,228.6,117.6,1062.0
10411505,stimulus_Arg_PISACowsMilk_10_page_6,228.6,117.6,1063.0
10411506,stimulus_Arg_PISACowsMilk_10_page_6,228.4,117.9,1063.0
10411507,stimulus_Arg_PISACowsMilk_10_page_6,228.1,118.2,1063.0
10411508,stimulus_Arg_PISACowsMilk_10_page_6,228.2,118.2,1062.0
10411509,stimulus_Arg_PISACowsMilk_10_page_6,228.5,117.8,1062.0
10411510,stimulus_Arg_PISACowsMilk_10_page_6,228.8,117.4,1062.0
10411511,stimulus_Arg_PISACowsMilk_10_page_6,228.8,117.3,1062.0
10411512,stimulus_Arg_PISACowsMilk_10_page_6,228.9,117.4,1062.0
10411513,stimulus_Arg_PISACowsMilk_10_page_6,229.0,117.7,1061.0
10411514,stimulus_Arg_PISACowsMilk_10_page_6,229.1,118.0,1061.0
10411515,stimulus_Arg_PISACowsMilk_10_page_6,229.1,118.3,1061.0
10411516,stimulus_Arg_PISACowsMilk_10_page_6,229.1,118.5,1061.0
10411517,stimulus_Arg_PISACowsMilk_10_page_6,229.1,118.6,1060.0
10411518,stimulus_Arg_PISACowsMilk_10_page_6,229.1,118.8,1060.0
10411519,stimulus_Arg_PISACowsMilk_10_page_6,229.0,118.8,1059.0
10411520,stimulus_Arg_PISACowsMilk_10_page_6,228.8,118.7,1058.0
10411521,stimulus_Arg_PISACowsMilk_10_page_6,228.5,118.7,1058.0
10411522,stimulus_Arg_PISACowsMilk_10_page_6,228.4,118.8,1058.0
10411523,stimulus_Arg_PISACowsMilk_10_page_6,228.2,118.9,1059.0
10411524,stimulus_Arg_PISACowsMilk_10_page_6,228.2,119.0,1060.0
10411525,stimulus_Arg_PISACowsMilk_10_page_6,228.4,119.3,1059.0
10411526,stimulus_Arg_PISACowsMilk_10_page_6,229.6,119.8,1059.0
10411527,stimulus_Arg_PISACowsMilk_10_page_6,231.9,120.4,1059.0
10411528,stimulus_Arg_PISACowsMilk_10_page_6,235.2,120.8,1059.0
10411529,stimulus_Arg_PISACowsMilk_10_page_6,239.1,120.8,1059.0
10411530,stimulus_Arg_PISACowsMilk_10_page_6,243.7,120.3,1059.0
10411531,stimulus_Arg_PISACowsMilk_10_page_6,250.3,118.7,1060.0
10411532,stimulus_Arg_PISACowsMilk_10_page_6,256.9,117.2,1061.0
10411533,stimulus_Arg_PISACowsMilk_10_page_6,264.5,115.7,1062.0
10411534,stimulus_Arg_PISACowsMilk_10_page_6,271.5,114.8,1063.0
10411535,stimulus_Arg_PISACowsMilk_10_page_6,279.7,113.7,1064.0
10411536,stimulus_Arg_PISACowsMilk_10_page_6,288.6,112.2,1066.0
10411537,stimulus_Arg_PISACowsMilk_10_page_6,296.7,110.5,1067.0
10411538,stimulus_Arg_PISACowsMilk_10_page_6,304.2,109.1,1067.0
10411539,stimulus_Arg_PISACowsMilk_10_page_6,311.5,107.9,1067.0
10411540,stimulus_Arg_PISACowsMilk_10_page_6,318.0,106.7,1067.0
10411541,stimulus_Arg_PISACowsMilk_10_page_6,324.1,105.1,1066.0
10411542,stimulus_Arg_PISACowsMilk_10_page_6,329.3,104.3,1063.0
10411543,stimulus_Arg_PISACowsMilk_10_page_6,334.4,104.0,1060.0
10411544,stimulus_Arg_PISACowsMilk_10_page_6,338.1,103.6,1059.0
10411545,stimulus_Arg_PISACowsMilk_10_page_6,339.6,102.8,1058.0
10411546,stimulus_Arg_PISACowsMilk_10_page_6,341.0,101.6,1056.0
10411547,stimulus_Arg_PISACowsMilk_10_page_6,342.0,101.0,1054.0
10411548,stimulus_Arg_PISACowsMilk_10_page_6,342.5,100.8,1052.0
10411549,stimulus_Arg_PISACowsMilk_10_page_6,342.6,100.4,1051.0
10411550,stimulus_Arg_PISACowsMilk_10_page_6,342.7,100.0,1051.0
10411551,stimulus_Arg_PISACowsMilk_10_page_6,342.3,99.6,1051.0
10411552,stimulus_Arg_PISACowsMilk_10_page_6,341.6,99.7,1050.0
10411553,stimulus_Arg_PISACowsMilk_10_page_6,340.0,99.9,1050.0
10411554,stimulus_Arg_PISACowsMilk_10_page_6,338.7,100.2,1050.0
10411555,stimulus_Arg_PISACowsMilk_10_page_6,336.8,100.5,1051.0
10411556,stimulus_Arg_PISACowsMilk_10_page_6,335.5,101.0,1051.0
10411557,stimulus_Arg_PISACowsMilk_10_page_6,333.4,101.7,1050.0
10411558,stimulus_Arg_PISACowsMilk_10_page_6,332.1,102.8,1048.0
10411559,stimulus_Arg_PISACowsMilk_10_page_6,330.4,103.7,1047.0
10411560,stimulus_Arg_PISACowsMilk_10_page_6,329.5,104.8,1048.0
10411561,stimulus_Arg_PISACowsMilk_10_page_6,328.4,105.6,1049.0
10411562,stimulus_Arg_PISACowsMilk_10_page_6,327.9,106.2,1049.0
10411563,stimulus_Arg_PISACowsMilk_10_page_6,327.3,106.8,1049.0
10411564,stimulus_Arg_PISACowsMilk_10_page_6,327.5,107.2,1049.0
10411565,stimulus_Arg_PISACowsMilk_10_page_6,327.7,107.6,1050.0
10411566,stimulus_Arg_PISACowsMilk_10_page_6,328.4,107.7,1051.0
10411567,stimulus_Arg_PISACowsMilk_10_page_6,328.8,107.9,1052.0
10411568,stimulus_Arg_PISACowsMilk_10_page_6,329.5,108.0,1052.0
10411569,stimulus_Arg_PISACowsMilk_10_page_6,330.0,108.0,1052.0
10411570,stimulus_Arg_PISACowsMilk_10_page_6,330.7,108.1,1052.0
10411571,stimulus_Arg_PISACowsMilk_10_page_6,331.1,108.1,1052.0
10411572,stimulus_Arg_PISACowsMilk_10_page_6,331.7,108.2,1052.0
10411573,stimulus_Arg_PISACowsMilk_10_page_6,332.2,108.1,1051.0
10411574,stimulus_Arg_PISACowsMilk_10_page_6,332.9,107.8,1050.0
10411575,stimulus_Arg_PISACowsMilk_10_page_6,333.5,107.3,1049.0
10411576,stimulus_Arg_PISACowsMilk_10_page_6,333.9,106.9,1048.0
10411577,stimulus_Arg_PISACowsMilk_10_page_6,334.3,106.6,1048.0
10411578,stimulus_Arg_PISACowsMilk_10_page_6,334.8,106.5,1048.0
10411579,stimulus_Arg_PISACowsMilk_10_page_6,335.3,106.4,1047.0
10411580,stimulus_Arg_PISACowsMilk_10_page_6,335.9,106.3,1046.0
10411581,stimulus_Arg_PISACowsMilk_10_page_6,335.9,106.2,1045.0
10411582,stimulus_Arg_PISACowsMilk_10_page_6,336.0,106.1,1045.0
10411583,stimulus_Arg_PISACowsMilk_10_page_6,336.0,106.1,1044.0
10411584,stimulus_Arg_PISACowsMilk_10_page_6,336.0,106.1,1044.0
10411585,stimulus_Arg_PISACowsMilk_10_page_6,336.1,106.2,1044.0
10411586,stimulus_Arg_PISACowsMilk_10_page_6,336.0,105.9,1044.0
10411587,stimulus_Arg_PISACowsMilk_10_page_6,335.9,105.6,1043.0
10411588,stimulus_Arg_PISACowsMilk_10_page_6,335.6,105.2,1042.0
10411589,stimulus_Arg_PISACowsMilk_10_page_6,335.3,105.2,1041.0
10411590,stimulus_Arg_PISACowsMilk_10_page_6,335.2,105.3,1043.0
10411591,stimulus_Arg_PISACowsMilk_10_page_6,335.3,105.4,1044.0
10411592,stimulus_Arg_PISACowsMilk_10_page_6,335.4,105.3,1045.0
10411593,stimulus_Arg_PISACowsMilk_10_page_6,335.6,104.9,1045.0
10411594,stimulus_Arg_PISACowsMilk_10_page_6,335.7,104.4,1045.0
10411595,stimulus_Arg_PISACowsMilk_10_page_6,335.9,104.0,1045.0
10411596,stimulus_Arg_PISACowsMilk_10_page_6,335.9,103.9,1045.0
10411597,stimulus_Arg_PISACowsMilk_10_page_6,336.0,104.1,1044.0
10411598,stimulus_Arg_PISACowsMilk_10_page_6,336.0,104.2,1044.0
10411599,stimulus_Arg_PISACowsMilk_10_page_6,336.0,104.3,1043.0
10411600,stimulus_Arg_PISACowsMilk_10_page_6,336.0,104.5,1043.0
10411601,stimulus_Arg_PISACowsMilk_10_page_6,336.0,104.8,1042.0
10411602,stimulus_Arg_PISACowsMilk_10_page_6,335.8,105.0,1042.0
10411603,stimulus_Arg_PISACowsMilk_10_page_6,335.6,105.0,1042.0
10411604,stimulus_Arg_PISACowsMilk_10_page_6,335.5,104.8,1042.0
10411605,stimulus_Arg_PISACowsMilk_10_page_6,335.7,104.7,1042.0
10411606,stimulus_Arg_PISACowsMilk_10_page_6,335.8,104.9,1042.0
10411607,stimulus_Arg_PISACowsMilk_10_page_6,335.9,105.0,1041.0
10411608,stimulus_Arg_PISACowsMilk_10_page_6,335.8,105.1,1041.0
10411609,stimulus_Arg_PISACowsMilk_10_page_6,335.7,104.9,1042.0
10411610,stimulus_Arg_PISACowsMilk_10_page_6,335.9,104.6,1042.0
10411611,stimulus_Arg_PISACowsMilk_10_page_6,336.2,104.4,1042.0
10411612,stimulus_Arg_PISACowsMilk_10_page_6,336.4,104.3,1042.0
10411613,stimulus_Arg_PISACowsMilk_10_page_6,336.2,104.4,1042.0
10411614,stimulus_Arg_PISACowsMilk_10_page_6,336.0,104.5,1042.0
10411615,stimulus_Arg_PISACowsMilk_10_page_6,335.6,104.7,1042.0
10411616,stimulus_Arg_PISACowsMilk_10_page_6,335.5,104.9,1042.0
10411617,stimulus_Arg_PISACowsMilk_10_page_6,335.7,104.8,1042.0
10411618,stimulus_Arg_PISACowsMilk_10_page_6,336.1,104.6,1042.0
10411619,stimulus_Arg_PISACowsMilk_10_page_6,336.4,104.6,1042.0
10411620,stimulus_Arg_PISACowsMilk_10_page_6,336.3,104.9,1042.0
10411621,stimulus_Arg_PISACowsMilk_10_page_6,336.3,105.2,1042.0
10411622,stimulus_Arg_PISACowsMilk_10_page_6,336.3,105.3,1041.0
10411623,stimulus_Arg_PISACowsMilk_10_page_6,336.4,105.0,1041.0
10411624,stimulus_Arg_PISACowsMilk_10_page_6,336.5,104.6,1040.0
10411625,stimulus_Arg_PISACowsMilk_10_page_6,336.5,104.3,1041.0
10411626,stimulus_Arg_PISACowsMilk_10_page_6,336.4,104.3,1041.0
10411627,stimulus_Arg_PISACowsMilk_10_page_6,336.4,104.4,1041.0
10411628,stimulus_Arg_PISACowsMilk_10_page_6,336.3,104.6,1041.0
10411629,stimulus_Arg_PISACowsMilk_10_page_6,336.2,104.8,1041.0
10411630,stimulus_Arg_PISACowsMilk_10_page_6,336.2,104.9,1041.0
10411631,stimulus_Arg_PISACowsMilk_10_page_6,336.1,104.9,1041.0
10411632,stimulus_Arg_PISACowsMilk_10_page_6,336.5,105.2,1041.0
10411633,stimulus_Arg_PISACowsMilk_10_page_6,336.8,105.4,1041.0
10411634,stimulus_Arg_PISACowsMilk_10_page_6,337.1,105.7,1041.0
10411635,stimulus_Arg_PISACowsMilk_10_page_6,337.0,105.8,1040.0
10411636,stimulus_Arg_PISACowsMilk_10_page_6,336.8,105.9,1040.0
10411637,stimulus_Arg_PISACowsMilk_10_page_6,336.7,105.9,1039.0
10411638,stimulus_Arg_PISACowsMilk_10_page_6,336.5,105.9,1039.0
10411639,stimulus_Arg_PISACowsMilk_10_page_6,336.4,105.9,1038.0
10411640,stimulus_Arg_PISACowsMilk_10_page_6,336.2,105.8,1038.0
10411641,stimulus_Arg_PISACowsMilk_10_page_6,336.0,105.7,1038.0
10411642,stimulus_Arg_PISACowsMilk_10_page_6,335.8,105.5,1038.0
10411643,stimulus_Arg_PISACowsMilk_10_page_6,336.0,105.3,1038.0
10411644,stimulus_Arg_PISACowsMilk_10_page_6,336.3,105.1,1038.0
10411645,stimulus_Arg_PISACowsMilk_10_page_6,336.8,105.0,1038.0
10411646,stimulus_Arg_PISACowsMilk_10_page_6,337.0,105.2,1038.0
10411647,stimulus_Arg_PISACowsMilk_10_page_6,337.4,105.4,1037.0
10411648,stimulus_Arg_PISACowsMilk_10_page_6,337.5,105.7,1035.0
10411649,stimulus_Arg_PISACowsMilk_10_page_6,337.5,105.8,1034.0
10411650,stimulus_Arg_PISACowsMilk_10_page_6,337.4,105.8,1035.0
10411651,stimulus_Arg_PISACowsMilk_10_page_6,337.2,105.8,1035.0
10411652,stimulus_Arg_PISACowsMilk_10_page_6,337.0,105.7,1035.0
10411653,stimulus_Arg_PISACowsMilk_10_page_6,336.9,105.7,1035.0
10411654,stimulus_Arg_PISACowsMilk_10_page_6,336.8,105.7,1035.0
10411655,stimulus_Arg_PISACowsMilk_10_page_6,336.8,105.5,1035.0
10411656,stimulus_Arg_PISACowsMilk_10_page_6,336.6,105.4,1034.0
10411657,stimulus_Arg_PISACowsMilk_10_page_6,336.5,105.3,1034.0
10411658,stimulus_Arg_PISACowsMilk_10_page_6,336.4,105.4,1034.0
10411659,stimulus_Arg_PISACowsMilk_10_page_6,336.4,105.5,1035.0
10411660,stimulus_Arg_PISACowsMilk_10_page_6,336.5,105.3,1036.0
10411661,stimulus_Arg_PISACowsMilk_10_page_6,336.6,105.1,1036.0
10411662,stimulus_Arg_PISACowsMilk_10_page_6,336.8,104.8,1036.0
10411663,stimulus_Arg_PISACowsMilk_10_page_6,337.2,105.1,1035.0
10411664,stimulus_Arg_PISACowsMilk_10_page_6,337.5,105.3,1035.0
10411665,stimulus_Arg_PISACowsMilk_10_page_6,337.4,105.5,1034.0
10411666,stimulus_Arg_PISACowsMilk_10_page_6,337.2,105.4,1034.0
10411667,stimulus_Arg_PISACowsMilk_10_page_6,337.1,105.4,1033.0
10411668,stimulus_Arg_PISACowsMilk_10_page_6,336.9,105.3,1033.0
10411669,stimulus_Arg_PISACowsMilk_10_page_6,336.7,105.2,1033.0
10411670,stimulus_Arg_PISACowsMilk_10_page_6,336.9,105.2,1034.0
10411671,stimulus_Arg_PISACowsMilk_10_page_6,337.2,105.3,1034.0
10411672,stimulus_Arg_PISACowsMilk_10_page_6,337.5,105.4,1034.0
10411673,stimulus_Arg_PISACowsMilk_10_page_6,337.5,105.4,1034.0
10411674,stimulus_Arg_PISACowsMilk_10_page_6,337.7,105.6,1033.0
10411675,stimulus_Arg_PISACowsMilk_10_page_6,338.0,105.9,1031.0
10411676,stimulus_Arg_PISACowsMilk_10_page_6,338.1,106.2,1030.0
10411677,stimulus_Arg_PISACowsMilk_10_page_6,338.0,106.3,1030.0
10411678,stimulus_Arg_PISACowsMilk_10_page_6,338.0,106.2,1030.0
10411679,stimulus_Arg_PISACowsMilk_10_page_6,337.9,106.0,1030.0
10411680,stimulus_Arg_PISACowsMilk_10_page_6,337.8,105.5,1031.0
10411681,stimulus_Arg_PISACowsMilk_10_page_6,337.5,105.1,1031.0
10411682,stimulus_Arg_PISACowsMilk_10_page_6,337.4,104.9,1031.0
10411683,stimulus_Arg_PISACowsMilk_10_page_6,337.4,105.0,1031.0
10411684,stimulus_Arg_PISACowsMilk_10_page_6,337.4,105.2,1032.0
10411685,stimulus_Arg_PISACowsMilk_10_page_6,337.3,105.2,1031.0
10411686,stimulus_Arg_PISACowsMilk_10_page_6,337.1,105.2,1031.0
10411687,stimulus_Arg_PISACowsMilk_10_page_6,337.0,105.4,1030.0
10411688,stimulus_Arg_PISACowsMilk_10_page_6,337.0,105.7,1030.0
10411689,stimulus_Arg_PISACowsMilk_10_page_6,337.0,105.8,1030.0
10411690,stimulus_Arg_PISACowsMilk_10_page_6,337.1,105.7,1030.0
10411691,stimulus_Arg_PISACowsMilk_10_page_6,337.2,105.7,1029.0
10411692,stimulus_Arg_PISACowsMilk_10_page_6,337.4,105.7,1028.0
10411693,stimulus_Arg_PISACowsMilk_10_page_6,337.4,105.6,1027.0
10411694,stimulus_Arg_PISACowsMilk_10_page_6,337.4,105.6,1027.0
10411695,stimulus_Arg_PISACowsMilk_10_page_6,337.3,105.6,1028.0
10411696,stimulus_Arg_PISACowsMilk_10_page_6,337.0,105.5,1028.0
10411697,stimulus_Arg_PISACowsMilk_10_page_6,336.7,105.4,1029.0
10411698,stimulus_Arg_PISACowsMilk_10_page_6,336.5,105.3,1029.0
10411699,stimulus_Arg_PISACowsMilk_10_page_6,336.5,105.1,1028.0
10411700,stimulus_Arg_PISACowsMilk_10_page_6,336.6,104.9,1028.0
10411701,stimulus_Arg_PISACowsMilk_10_page_6,336.5,104.9,1028.0
10411702,stimulus_Arg_PISACowsMilk_10_page_6,336.5,105.0,1028.0
10411703,stimulus_Arg_PISACowsMilk_10_page_6,336.6,105.1,1028.0
10411704,stimulus_Arg_PISACowsMilk_10_page_6,336.9,105.1,1028.0
10411705,stimulus_Arg_PISACowsMilk_10_page_6,337.1,105.1,1027.0
10411706,stimulus_Arg_PISACowsMilk_10_page_6,337.3,104.9,1027.0
10411707,stimulus_Arg_PISACowsMilk_10_page_6,337.3,104.7,1027.0
10411708,stimulus_Arg_PISACowsMilk_10_page_6,337.5,104.8,1027.0
10411709,stimulus_Arg_PISACowsMilk_10_page_6,337.6,105.0,1027.0
10411710,stimulus_Arg_PISACowsMilk_10_page_6,337.6,105.1,1027.0
10411711,stimulus_Arg_PISACowsMilk_10_page_6,337.4,105.1,1028.0
10411712,stimulus_Arg_PISACowsMilk_10_page_6,337.2,105.2,1027.0
10411713,stimulus_Arg_PISACowsMilk_10_page_6,337.2,105.2,1027.0
10411714,stimulus_Arg_PISACowsMilk_10_page_6,337.2,105.1,1026.0
10411715,stimulus_Arg_PISACowsMilk_10_page_6,337.2,104.9,1026.0
10411716,stimulus_Arg_PISACowsMilk_10_page_6,337.2,104.7,1026.0
10411717,stimulus_Arg_PISACowsMilk_10_page_6,337.4,104.6,1026.0
10411718,stimulus_Arg_PISACowsMilk_10_page_6,337.6,104.8,1026.0
10411719,stimulus_Arg_PISACowsMilk_10_page_6,337.8,105.1,1026.0
10411720,stimulus_Arg_PISACowsMilk_10_page_6,337.8,105.2,1026.0
10411721,stimulus_Arg_PISACowsMilk_10_page_6,337.8,105.2,1026.0
10411722,stimulus_Arg_PISACowsMilk_10_page_6,337.9,105.1,1025.0
10411723,stimulus_Arg_PISACowsMilk_10_page_6,338.0,104.9,1024.0
10411724,stimulus_Arg_PISACowsMilk_10_page_6,337.9,104.7,1023.0
10411725,stimulus_Arg_PISACowsMilk_10_page_6,337.8,104.5,1023.0
10411726,stimulus_Arg_PISACowsMilk_10_page_6,337.7,104.5,1023.0
10411727,stimulus_Arg_PISACowsMilk_10_page_6,337.6,104.5,1023.0
10411728,stimulus_Arg_PISACowsMilk_10_page_6,337.5,104.5,1023.0
10411729,stimulus_Arg_PISACowsMilk_10_page_6,337.5,104.5,1023.0
10411730,stimulus_Arg_PISACowsMilk_10_page_6,337.5,104.4,1023.0
10411731,stimulus_Arg_PISACowsMilk_10_page_6,337.5,104.4,1023.0
10411732,stimulus_Arg_PISACowsMilk_10_page_6,337.6,104.4,1023.0
10411733,stimulus_Arg_PISACowsMilk_10_page_6,337.6,104.5,1022.0
10411734,stimulus_Arg_PISACowsMilk_10_page_6,337.6,104.5,1022.0
10411735,stimulus_Arg_PISACowsMilk_10_page_6,337.7,104.6,1020.0
10411736,stimulus_Arg_PISACowsMilk_10_page_6,337.7,104.7,1020.0
10411737,stimulus_Arg_PISACowsMilk_10_page_6,337.7,104.5,1019.0
10411738,stimulus_Arg_PISACowsMilk_10_page_6,337.7,104.3,1019.0
10411739,stimulus_Arg_PISACowsMilk_10_page_6,337.7,104.1,1019.0
10411740,stimulus_Arg_PISACowsMilk_10_page_6,337.6,104.2,1019.0
10411741,stimulus_Arg_PISACowsMilk_10_page_6,337.5,104.1,1019.0
10411742,stimulus_Arg_PISACowsMilk_10_page_6,337.4,104.0,1019.0
10411743,stimulus_Arg_PISACowsMilk_10_page_6,337.5,103.9,1018.0
10411744,stimulus_Arg_PISACowsMilk_10_page_6,337.5,104.0,1018.0
10411745,stimulus_Arg_PISACowsMilk_10_page_6,337.6,104.1,1019.0
10411746,stimulus_Arg_PISACowsMilk_10_page_6,337.6,104.2,1018.0
10411747,stimulus_Arg_PISACowsMilk_10_page_6,337.6,104.1,1018.0
10411748,stimulus_Arg_PISACowsMilk_10_page_6,337.6,103.7,1017.0
10411749,stimulus_Arg_PISACowsMilk_10_page_6,337.5,103.3,1018.0
10411750,stimulus_Arg_PISACowsMilk_10_page_6,337.5,103.0,1018.0
10411751,stimulus_Arg_PISACowsMilk_10_page_6,337.3,103.0,1019.0
10411752,stimulus_Arg_PISACowsMilk_10_page_6,337.1,103.1,1018.0
10411753,stimulus_Arg_PISACowsMilk_10_page_6,337.0,103.3,1017.0
10411754,stimulus_Arg_PISACowsMilk_10_page_6,336.8,103.3,1017.0
10411755,stimulus_Arg_PISACowsMilk_10_page_6,336.8,103.3,1017.0
10411756,stimulus_Arg_PISACowsMilk_10_page_6,337.0,103.3,1017.0
10411757,stimulus_Arg_PISACowsMilk_10_page_6,337.2,103.0,1016.0
10411758,stimulus_Arg_PISACowsMilk_10_page_6,337.4,102.7,1016.0
10411759,stimulus_Arg_PISACowsMilk_10_page_6,337.4,102.5,1016.0
10411760,stimulus_Arg_PISACowsMilk_10_page_6,337.3,102.6,1016.0
10411761,stimulus_Arg_PISACowsMilk_10_page_6,337.1,102.7,1016.0
10411762,stimulus_Arg_PISACowsMilk_10_page_6,336.9,102.7,1016.0
10411763,stimulus_Arg_PISACowsMilk_10_page_6,336.8,102.8,1015.0
10411764,stimulus_Arg_PISACowsMilk_10_page_6,336.8,103.1,1015.0
10411765,stimulus_Arg_PISACowsMilk_10_page_6,336.9,103.4,1014.0
10411766,stimulus_Arg_PISACowsMilk_10_page_6,337.0,103.5,1014.0
10411767,stimulus_Arg_PISACowsMilk_10_page_6,337.0,103.6,1014.0
10411768,stimulus_Arg_PISACowsMilk_10_page_6,336.8,103.6,1014.0
10411769,stimulus_Arg_PISACowsMilk_10_page_6,336.7,103.6,1013.0
10411770,stimulus_Arg_PISACowsMilk_10_page_6,336.6,103.3,1013.0
10411771,stimulus_Arg_PISACowsMilk_10_page_6,336.8,103.1,1014.0
10411772,stimulus_Arg_PISACowsMilk_10_page_6,336.9,102.9,1014.0
10411773,stimulus_Arg_PISACowsMilk_10_page_6,337.0,102.9,1013.0
10411774,stimulus_Arg_PISACowsMilk_10_page_6,337.0,103.0,1011.0
10411775,stimulus_Arg_PISACowsMilk_10_page_6,337.0,103.0,1010.0
10411776,stimulus_Arg_PISACowsMilk_10_page_6,337.0,103.0,1010.0
10411777,stimulus_Arg_PISACowsMilk_10_page_6,337.0,102.9,1010.0
10411778,stimulus_Arg_PISACowsMilk_10_page_6,337.0,102.9,1011.0
10411779,stimulus_Arg_PISACowsMilk_10_page_6,337.2,103.0,1011.0
10411780,stimulus_Arg_PISACowsMilk_10_page_6,337.4,103.2,1012.0
10411781,stimulus_Arg_PISACowsMilk_10_page_6,337.6,103.3,1012.0
10411782,stimulus_Arg_PISACowsMilk_10_page_6,337.6,103.3,1012.0
10411783,stimulus_Arg_PISACowsMilk_10_page_6,337.5,103.3,1012.0
10411784,stimulus_Arg_PISACowsMilk_10_page_6,337.4,103.3,1011.0
10411785,stimulus_Arg_PISACowsMilk_10_page_6,337.3,103.2,1011.0
10411786,stimulus_Arg_PISACowsMilk_10_page_6,337.3,103.0,1010.0
10411787,stimulus_Arg_PISACowsMilk_10_page_6,337.3,102.9,1009.0
10411788,stimulus_Arg_PISACowsMilk_10_page_6,337.1,103.0,1009.0
10411789,stimulus_Arg_PISACowsMilk_10_page_6,337.0,103.1,1009.0
10411790,stimulus_Arg_PISACowsMilk_10_page_6,337.0,103.4,1009.0
10411791,stimulus_Arg_PISACowsMilk_10_page_6,337.2,103.8,1008.0
10411792,stimulus_Arg_PISACowsMilk_10_page_6,337.4,104.1,1008.0
10411793,stimulus_Arg_PISACowsMilk_10_page_6,337.6,104.1,1007.0
10411794,stimulus_Arg_PISACowsMilk_10_page_6,337.8,103.8,1008.0
10411795,stimulus_Arg_PISACowsMilk_10_page_6,337.9,103.6,1008.0
10411796,stimulus_Arg_PISACowsMilk_10_page_6,338.0,103.5,1009.0
10411797,stimulus_Arg_PISACowsMilk_10_page_6,337.7,103.4,1009.0
10411798,stimulus_Arg_PISACowsMilk_10_page_6,337.4,103.4,1009.0
10411799,stimulus_Arg_PISACowsMilk_10_page_6,337.5,103.1,1009.0
10411800,stimulus_Arg_PISACowsMilk_10_page_6,337.8,102.9,1009.0
10411801,stimulus_Arg_PISACowsMilk_10_page_6,338.3,102.8,1009.0
10411802,stimulus_Arg_PISACowsMilk_10_page_6,338.3,102.8,1008.0
10411803,stimulus_Arg_PISACowsMilk_10_page_6,338.2,102.9,1008.0
10411804,stimulus_Arg_PISACowsMilk_10_page_6,338.0,103.0,1007.0
10411805,stimulus_Arg_PISACowsMilk_10_page_6,337.8,103.1,1006.0
10411806,stimulus_Arg_PISACowsMilk_10_page_6,337.7,103.4,1006.0
10411807,stimulus_Arg_PISACowsMilk_10_page_6,337.8,103.5,1007.0
10411808,stimulus_Arg_PISACowsMilk_10_page_6,337.9,103.5,1007.0
10411809,stimulus_Arg_PISACowsMilk_10_page_6,338.1,103.4,1007.0
10411810,stimulus_Arg_PISACowsMilk_10_page_6,338.1,103.2,1007.0
10411811,stimulus_Arg_PISACowsMilk_10_page_6,338.0,103.4,1007.0
10411812,stimulus_Arg_PISACowsMilk_10_page_6,338.0,103.8,1007.0
10411813,stimulus_Arg_PISACowsMilk_10_page_6,337.9,104.1,1007.0
10411814,stimulus_Arg_PISACowsMilk_10_page_6,338.0,104.1,1006.0
10411815,stimulus_Arg_PISACowsMilk_10_page_6,338.0,104.1,1005.0
10411816,stimulus_Arg_PISACowsMilk_10_page_6,337.9,104.3,1004.0
10411817,stimulus_Arg_PISACowsMilk_10_page_6,337.6,104.4,1004.0
10411818,stimulus_Arg_PISACowsMilk_10_page_6,337.4,104.5,1004.0
10411819,stimulus_Arg_PISACowsMilk_10_page_6,337.6,104.5,1004.0
10411820,stimulus_Arg_PISACowsMilk_10_page_6,337.8,104.4,1005.0
10411821,stimulus_Arg_PISACowsMilk_10_page_6,338.0,104.3,1005.0
10411822,stimulus_Arg_PISACowsMilk_10_page_6,338.2,104.2,1006.0
10411823,stimulus_Arg_PISACowsMilk_10_page_6,338.3,104.3,1006.0
10411824,stimulus_Arg_PISACowsMilk_10_page_6,338.4,104.4,1005.0
10411825,stimulus_Arg_PISACowsMilk_10_page_6,338.6,104.5,1004.0
10411826,stimulus_Arg_PISACowsMilk_10_page_6,338.8,104.6,1003.0
10411827,stimulus_Arg_PISACowsMilk_10_page_6,338.9,104.6,1003.0
10411828,stimulus_Arg_PISACowsMilk_10_page_6,338.9,104.4,1004.0
10411829,stimulus_Arg_PISACowsMilk_10_page_6,338.9,104.1,1005.0
10411830,stimulus_Arg_PISACowsMilk_10_page_6,338.9,104.0,1005.0
10411831,stimulus_Arg_PISACowsMilk_10_page_6,338.8,104.3,1006.0
10411832,stimulus_Arg_PISACowsMilk_10_page_6,338.8,104.6,1005.0
10411833,stimulus_Arg_PISACowsMilk_10_page_6,338.9,104.9,1003.0
10411834,stimulus_Arg_PISACowsMilk_10_page_6,339.0,105.1,1003.0
10411835,stimulus_Arg_PISACowsMilk_10_page_6,339.1,105.4,1002.0
10411836,stimulus_Arg_PISACowsMilk_10_page_6,339.1,105.4,1002.0
10411837,stimulus_Arg_PISACowsMilk_10_page_6,339.1,105.3,1002.0
10411838,stimulus_Arg_PISACowsMilk_10_page_6,339.0,105.3,1002.0
10411839,stimulus_Arg_PISACowsMilk_10_page_6,339.0,105.2,1003.0
10411840,stimulus_Arg_PISACowsMilk_10_page_6,339.0,105.2,1003.0
10411841,stimulus_Arg_PISACowsMilk_10_page_6,339.0,105.0,1003.0
10411842,stimulus_Arg_PISACowsMilk_10_page_6,339.0,104.8,1003.0
10411843,stimulus_Arg_PISACowsMilk_10_page_6,339.0,104.9,1002.0
10411844,stimulus_Arg_PISACowsMilk_10_page_6,339.0,105.2,1002.0
10411845,stimulus_Arg_PISACowsMilk_10_page_6,339.1,105.5,1001.0
10411846,stimulus_Arg_PISACowsMilk_10_page_6,339.1,105.8,1001.0
10411847,stimulus_Arg_PISACowsMilk_10_page_6,339.0,106.0,1001.0
10411848,stimulus_Arg_PISACowsMilk_10_page_6,339.0,106.1,1001.0
10411849,stimulus_Arg_PISACowsMilk_10_page_6,338.9,106.1,1001.0
10411850,stimulus_Arg_PISACowsMilk_10_page_6,338.7,106.0,1001.0
10411851,stimulus_Arg_PISACowsMilk_10_page_6,338.6,106.0,1001.0
10411852,stimulus_Arg_PISACowsMilk_10_page_6,338.5,106.0,1000.0
10411853,stimulus_Arg_PISACowsMilk_10_page_6,338.6,105.9,998.0
10411854,stimulus_Arg_PISACowsMilk_10_page_6,338.6,105.7,997.0
10411855,stimulus_Arg_PISACowsMilk_10_page_6,338.5,105.6,998.0
10411856,stimulus_Arg_PISACowsMilk_10_page_6,338.4,105.5,998.0
10411857,stimulus_Arg_PISACowsMilk_10_page_6,338.3,105.5,999.0
10411858,stimulus_Arg_PISACowsMilk_10_page_6,338.4,105.6,999.0
10411859,stimulus_Arg_PISACowsMilk_10_page_6,338.6,105.6,1000.0
10411860,stimulus_Arg_PISACowsMilk_10_page_6,338.7,105.7,999.0
10411861,stimulus_Arg_PISACowsMilk_10_page_6,338.8,105.7,999.0
10411862,stimulus_Arg_PISACowsMilk_10_page_6,338.9,105.8,998.0
10411863,stimulus_Arg_PISACowsMilk_10_page_6,338.9,105.8,998.0
10411864,stimulus_Arg_PISACowsMilk_10_page_6,339.0,105.8,998.0
10411865,stimulus_Arg_PISACowsMilk_10_page_6,339.1,105.9,997.0
10411866,stimulus_Arg_PISACowsMilk_10_page_6,339.0,106.0,996.0
10411867,stimulus_Arg_PISACowsMilk_10_page_6,338.7,106.1,995.0
10411868,stimulus_Arg_PISACowsMilk_10_page_6,338.4,106.1,994.0
10411869,stimulus_Arg_PISACowsMilk_10_page_6,338.5,105.9,996.0
10411870,stimulus_Arg_PISACowsMilk_10_page_6,338.7,105.7,997.0
10411871,stimulus_Arg_PISACowsMilk_10_page_6,338.9,105.5,999.0
10411872,stimulus_Arg_PISACowsMilk_10_page_6,339.3,105.6,999.0
10411873,stimulus_Arg_PISACowsMilk_10_page_6,339.4,105.7,997.0
10411874,stimulus_Arg_PISACowsMilk_10_page_6,339.7,105.8,996.0
10411875,stimulus_Arg_PISACowsMilk_10_page_6,339.8,105.8,996.0
10411876,stimulus_Arg_PISACowsMilk_10_page_6,339.9,105.8,996.0
10411877,stimulus_Arg_PISACowsMilk_10_page_6,339.9,105.8,997.0
10411878,stimulus_Arg_PISACowsMilk_10_page_6,339.7,105.7,998.0
10411879,stimulus_Arg_PISACowsMilk_10_page_6,339.5,105.7,996.0
10411880,stimulus_Arg_PISACowsMilk_10_page_6,339.3,105.7,995.0
10411881,stimulus_Arg_PISACowsMilk_10_page_6,339.3,105.7,994.0
10411882,stimulus_Arg_PISACowsMilk_10_page_6,339.2,105.6,995.0
10411883,stimulus_Arg_PISACowsMilk_10_page_6,339.1,105.6,996.0
10411884,stimulus_Arg_PISACowsMilk_10_page_6,339.0,105.6,996.0
10411885,stimulus_Arg_PISACowsMilk_10_page_6,339.1,105.6,996.0
10411886,stimulus_Arg_PISACowsMilk_10_page_6,339.2,105.5,996.0
10411887,stimulus_Arg_PISACowsMilk_10_page_6,339.9,105.9,996.0
10411888,stimulus_Arg_PISACowsMilk_10_page_6,340.8,106.7,996.0
10411889,stimulus_Arg_PISACowsMilk_10_page_6,342.7,107.4,996.0
10411890,stimulus_Arg_PISACowsMilk_10_page_6,345.1,107.6,995.0
10411891,stimulus_Arg_PISACowsMilk_10_page_6,348.8,107.8,995.0
10411892,stimulus_Arg_PISACowsMilk_10_page_6,354.0,108.2,994.0
10411893,stimulus_Arg_PISACowsMilk_10_page_6,360.5,108.7,994.0
10411894,stimulus_Arg_PISACowsMilk_10_page_6,368.1,108.9,995.0
10411895,stimulus_Arg_PISACowsMilk_10_page_6,376.1,109.1,995.0
10411896,stimulus_Arg_PISACowsMilk_10_page_6,384.8,108.9,995.0
10411897,stimulus_Arg_PISACowsMilk_10_page_6,393.1,108.5,994.0
10411898,stimulus_Arg_PISACowsMilk_10_page_6,400.8,108.0,993.0
10411899,stimulus_Arg_PISACowsMilk_10_page_6,407.3,107.1,993.0
10411900,stimulus_Arg_PISACowsMilk_10_page_6,413.4,105.8,991.0
10411901,stimulus_Arg_PISACowsMilk_10_page_6,418.5,104.4,990.0
10411902,stimulus_Arg_PISACowsMilk_10_page_6,423.0,103.4,989.0
10411903,stimulus_Arg_PISACowsMilk_10_page_6,426.3,102.6,989.0
10411904,stimulus_Arg_PISACowsMilk_10_page_6,428.6,100.9,989.0
10411905,stimulus_Arg_PISACowsMilk_10_page_6,429.8,99.5,988.0
10411906,stimulus_Arg_PISACowsMilk_10_page_6,429.5,98.2,987.0
10411907,stimulus_Arg_PISACowsMilk_10_page_6,428.5,97.8,986.0
10411908,stimulus_Arg_PISACowsMilk_10_page_6,427.0,97.4,986.0
10411909,stimulus_Arg_PISACowsMilk_10_page_6,425.5,97.4,985.0
10411910,stimulus_Arg_PISACowsMilk_10_page_6,424.4,97.5,985.0
10411911,stimulus_Arg_PISACowsMilk_10_page_6,423.7,97.6,985.0
10411912,stimulus_Arg_PISACowsMilk_10_page_6,423.7,98.0,985.0
10411913,stimulus_Arg_PISACowsMilk_10_page_6,424.1,99.0,984.0
10411914,stimulus_Arg_PISACowsMilk_10_page_6,424.8,100.4,984.0
10411915,stimulus_Arg_PISACowsMilk_10_page_6,426.1,101.7,984.0
10411916,stimulus_Arg_PISACowsMilk_10_page_6,427.0,102.6,985.0
10411917,stimulus_Arg_PISACowsMilk_10_page_6,428.0,102.9,986.0
10411918,stimulus_Arg_PISACowsMilk_10_page_6,428.6,103.4,986.0
10411919,stimulus_Arg_PISACowsMilk_10_page_6,429.4,103.7,986.0
10411920,stimulus_Arg_PISACowsMilk_10_page_6,429.8,103.9,986.0
10411921,stimulus_Arg_PISACowsMilk_10_page_6,429.5,103.9,985.0
10411922,stimulus_Arg_PISACowsMilk_10_page_6,428.8,103.8,985.0
10411923,stimulus_Arg_PISACowsMilk_10_page_6,427.7,103.7,983.0
10411924,stimulus_Arg_PISACowsMilk_10_page_6,426.4,103.7,983.0
10411925,stimulus_Arg_PISACowsMilk_10_page_6,425.2,103.6,982.0
10411926,stimulus_Arg_PISACowsMilk_10_page_6,424.3,103.5,983.0
10411927,stimulus_Arg_PISACowsMilk_10_page_6,423.3,103.4,984.0
10411928,stimulus_Arg_PISACowsMilk_10_page_6,422.7,103.4,985.0
10411929,stimulus_Arg_PISACowsMilk_10_page_6,422.2,103.3,985.0
10411930,stimulus_Arg_PISACowsMilk_10_page_6,422.2,103.6,985.0
10411931,stimulus_Arg_PISACowsMilk_10_page_6,422.2,103.8,984.0
10411932,stimulus_Arg_PISACowsMilk_10_page_6,422.4,104.1,985.0
10411933,stimulus_Arg_PISACowsMilk_10_page_6,422.6,104.1,985.0
10411934,stimulus_Arg_PISACowsMilk_10_page_6,422.9,104.2,985.0
10411935,stimulus_Arg_PISACowsMilk_10_page_6,423.3,104.4,985.0
10411936,stimulus_Arg_PISACowsMilk_10_page_6,423.9,104.5,984.0
10411937,stimulus_Arg_PISACowsMilk_10_page_6,424.6,104.6,984.0
10411938,stimulus_Arg_PISACowsMilk_10_page_6,425.7,104.6,984.0
10411939,stimulus_Arg_PISACowsMilk_10_page_6,426.4,104.7,984.0
10411940,stimulus_Arg_PISACowsMilk_10_page_6,427.2,104.7,984.0
10411941,stimulus_Arg_PISACowsMilk_10_page_6,427.5,104.7,984.0
10411942,stimulus_Arg_PISACowsMilk_10_page_6,427.9,104.9,984.0
10411943,stimulus_Arg_PISACowsMilk_10_page_6,428.3,105.0,983.0
10411944,stimulus_Arg_PISACowsMilk_10_page_6,428.5,105.1,982.0
10411945,stimulus_Arg_PISACowsMilk_10_page_6,428.5,105.1,981.0
10411946,stimulus_Arg_PISACowsMilk_10_page_6,428.4,105.1,981.0
10411947,stimulus_Arg_PISACowsMilk_10_page_6,428.4,105.2,980.0
10411948,stimulus_Arg_PISACowsMilk_10_page_6,428.4,105.2,978.0
10411949,stimulus_Arg_PISACowsMilk_10_page_6,428.3,105.1,978.0
10411950,stimulus_Arg_PISACowsMilk_10_page_6,428.3,105.0,979.0
10411951,stimulus_Arg_PISACowsMilk_10_page_6,428.2,104.9,979.0
10411952,stimulus_Arg_PISACowsMilk_10_page_6,428.1,105.0,979.0
10411953,stimulus_Arg_PISACowsMilk_10_page_6,428.1,105.0,979.0
10411954,stimulus_Arg_PISACowsMilk_10_page_6,428.0,105.0,979.0
10411955,stimulus_Arg_PISACowsMilk_10_page_6,427.8,105.0,979.0
10411956,stimulus_Arg_PISACowsMilk_10_page_6,427.7,104.9,979.0
10411957,stimulus_Arg_PISACowsMilk_10_page_6,427.6,104.9,979.0
10411958,stimulus_Arg_PISACowsMilk_10_page_6,427.8,104.8,979.0
10411959,stimulus_Arg_PISACowsMilk_10_page_6,428.0,104.7,980.0
10411960,stimulus_Arg_PISACowsMilk_10_page_6,428.0,104.6,981.0
10411961,stimulus_Arg_PISACowsMilk_10_page_6,428.0,104.6,982.0
10411962,stimulus_Arg_PISACowsMilk_10_page_6,428.0,104.8,983.0
10411963,stimulus_Arg_PISACowsMilk_10_page_6,427.8,105.0,982.0
10411964,stimulus_Arg_PISACowsMilk_10_page_6,427.5,105.1,980.0
10411965,stimulus_Arg_PISACowsMilk_10_page_6,427.3,104.8,978.0
10411966,stimulus_Arg_PISACowsMilk_10_page_6,427.2,104.6,977.0
10411967,stimulus_Arg_PISACowsMilk_10_page_6,427.4,104.7,977.0
10411968,stimulus_Arg_PISACowsMilk_10_page_6,427.6,104.9,976.0
10411969,stimulus_Arg_PISACowsMilk_10_page_6,427.9,105.0,976.0
10411970,stimulus_Arg_PISACowsMilk_10_page_6,428.1,104.8,976.0
10411971,stimulus_Arg_PISACowsMilk_10_page_6,428.2,104.6,976.0
10411972,stimulus_Arg_PISACowsMilk_10_page_6,428.4,104.6,976.0
10411973,stimulus_Arg_PISACowsMilk_10_page_6,428.6,104.8,976.0
10411974,stimulus_Arg_PISACowsMilk_10_page_6,428.8,104.9,977.0
10411975,stimulus_Arg_PISACowsMilk_10_page_6,429.0,104.9,977.0
10411976,stimulus_Arg_PISACowsMilk_10_page_6,429.0,104.9,977.0
10411977,stimulus_Arg_PISACowsMilk_10_page_6,428.8,104.9,976.0
10411978,stimulus_Arg_PISACowsMilk_10_page_6,428.6,104.8,975.0
10411979,stimulus_Arg_PISACowsMilk_10_page_6,428.6,104.7,975.0
10411980,stimulus_Arg_PISACowsMilk_10_page_6,428.9,104.6,974.0
10411981,stimulus_Arg_PISACowsMilk_10_page_6,429.1,104.4,975.0
10411982,stimulus_Arg_PISACowsMilk_10_page_6,428.9,104.2,975.0
10411983,stimulus_Arg_PISACowsMilk_10_page_6,428.6,104.2,976.0
10411984,stimulus_Arg_PISACowsMilk_10_page_6,428.2,104.4,976.0
10411985,stimulus_Arg_PISACowsMilk_10_page_6,428.2,104.7,974.0
10411986,stimulus_Arg_PISACowsMilk_10_page_6,428.2,104.5,972.0
10411987,stimulus_Arg_PISACowsMilk_10_page_6,428.2,104.3,971.0
10411988,stimulus_Arg_PISACowsMilk_10_page_6,428.3,104.0,971.0
10411989,stimulus_Arg_PISACowsMilk_10_page_6,428.6,103.8,971.0
10411990,stimulus_Arg_PISACowsMilk_10_page_6,428.9,103.8,971.0
10411991,stimulus_Arg_PISACowsMilk_10_page_6,429.0,103.9,971.0
10411992,stimulus_Arg_PISACowsMilk_10_page_6,429.1,104.3,971.0
10411993,stimulus_Arg_PISACowsMilk_10_page_6,429.1,104.6,971.0
10411994,stimulus_Arg_PISACowsMilk_10_page_6,429.3,104.4,972.0
10411995,stimulus_Arg_PISACowsMilk_10_page_6,429.4,104.1,972.0
10411996,stimulus_Arg_PISACowsMilk_10_page_6,429.3,103.9,973.0
10411997,stimulus_Arg_PISACowsMilk_10_page_6,429.0,104.1,973.0
10411998,stimulus_Arg_PISACowsMilk_10_page_6,429.0,104.4,972.0
10411999,stimulus_Arg_PISACowsMilk_10_page_6,429.3,104.5,972.0
10412000,stimulus_Arg_PISACowsMilk_10_page_6,429.7,104.2,972.0
10412001,stimulus_Arg_PISACowsMilk_10_page_6,429.6,103.8,972.0
10412002,stimulus_Arg_PISACowsMilk_10_page_6,429.5,103.9,972.0
10412003,stimulus_Arg_PISACowsMilk_10_page_6,429.6,104.0,972.0
10412004,stimulus_Arg_PISACowsMilk_10_page_6,429.8,104.1,972.0
10412005,stimulus_Arg_PISACowsMilk_10_page_6,430.0,104.0,973.0
10412006,stimulus_Arg_PISACowsMilk_10_page_6,430.0,103.9,975.0
10412007,stimulus_Arg_PISACowsMilk_10_page_6,429.8,103.9,976.0
10412008,stimulus_Arg_PISACowsMilk_10_page_6,429.6,103.9,977.0
10412009,stimulus_Arg_PISACowsMilk_10_page_6,429.4,104.1,977.0
10412010,stimulus_Arg_PISACowsMilk_10_page_6,429.4,104.4,976.0
10412011,stimulus_Arg_PISACowsMilk_10_page_6,430.1,104.7,975.0
10412012,stimulus_Arg_PISACowsMilk_10_page_6,431.4,104.8,974.0
10412013,stimulus_Arg_PISACowsMilk_10_page_6,434.5,105.0,974.0
10412014,stimulus_Arg_PISACowsMilk_10_page_6,438.9,105.3,974.0
10412015,stimulus_Arg_PISACowsMilk_10_page_6,444.5,105.3,974.0
10412016,stimulus_Arg_PISACowsMilk_10_page_6,451.9,105.0,973.0
10412017,stimulus_Arg_PISACowsMilk_10_page_6,459.7,104.6,974.0
10412018,stimulus_Arg_PISACowsMilk_10_page_6,468.8,103.6,975.0
10412019,stimulus_Arg_PISACowsMilk_10_page_6,478.2,102.8,977.0
10412020,stimulus_Arg_PISACowsMilk_10_page_6,487.8,101.4,978.0
10412021,stimulus_Arg_PISACowsMilk_10_page_6,498.5,101.2,979.0
10412022,stimulus_Arg_PISACowsMilk_10_page_6,507.5,100.9,979.0
10412023,stimulus_Arg_PISACowsMilk_10_page_6,515.6,100.5,978.0
10412024,stimulus_Arg_PISACowsMilk_10_page_6,521.6,99.8,978.0
10412025,stimulus_Arg_PISACowsMilk_10_page_6,527.0,98.8,977.0
10412026,stimulus_Arg_PISACowsMilk_10_page_6,531.6,98.3,975.0
10412027,stimulus_Arg_PISACowsMilk_10_page_6,533.9,97.7,974.0
10412028,stimulus_Arg_PISACowsMilk_10_page_6,534.5,96.8,972.0
10412029,stimulus_Arg_PISACowsMilk_10_page_6,533.3,96.2,972.0
10412030,stimulus_Arg_PISACowsMilk_10_page_6,531.1,95.6,971.0
10412031,stimulus_Arg_PISACowsMilk_10_page_6,528.2,95.8,970.0
10412032,stimulus_Arg_PISACowsMilk_10_page_6,525.3,95.9,968.0
10412033,stimulus_Arg_PISACowsMilk_10_page_6,522.5,96.2,967.0
10412034,stimulus_Arg_PISACowsMilk_10_page_6,519.8,96.7,967.0
10412035,stimulus_Arg_PISACowsMilk_10_page_6,517.3,97.6,967.0
10412036,stimulus_Arg_PISACowsMilk_10_page_6,514.7,98.7,966.0
10412037,stimulus_Arg_PISACowsMilk_10_page_6,512.6,99.4,966.0
10412038,stimulus_Arg_PISACowsMilk_10_page_6,510.8,99.8,965.0
10412039,stimulus_Arg_PISACowsMilk_10_page_6,509.9,100.0,965.0
10412040,stimulus_Arg_PISACowsMilk_10_page_6,509.5,100.4,966.0
10412041,stimulus_Arg_PISACowsMilk_10_page_6,509.8,100.9,966.0
10412042,stimulus_Arg_PISACowsMilk_10_page_6,510.7,101.1,966.0
10412043,stimulus_Arg_PISACowsMilk_10_page_6,511.6,101.4,966.0
10412044,stimulus_Arg_PISACowsMilk_10_page_6,512.6,101.7,966.0
10412045,stimulus_Arg_PISACowsMilk_10_page_6,513.1,101.7,966.0
10412046,stimulus_Arg_PISACowsMilk_10_page_6,513.7,101.5,966.0
10412047,stimulus_Arg_PISACowsMilk_10_page_6,514.1,101.2,966.0
10412048,stimulus_Arg_PISACowsMilk_10_page_6,514.6,101.2,965.0
10412049,stimulus_Arg_PISACowsMilk_10_page_6,515.2,101.1,966.0
10412050,stimulus_Arg_PISACowsMilk_10_page_6,515.9,101.1,966.0
10412051,stimulus_Arg_PISACowsMilk_10_page_6,516.4,101.1,967.0
10412052,stimulus_Arg_PISACowsMilk_10_page_6,516.5,101.1,967.0
10412053,stimulus_Arg_PISACowsMilk_10_page_6,516.5,101.1,966.0
10412054,stimulus_Arg_PISACowsMilk_10_page_6,516.8,101.0,965.0
10412055,stimulus_Arg_PISACowsMilk_10_page_6,517.1,101.0,964.0
10412056,stimulus_Arg_PISACowsMilk_10_page_6,517.4,100.9,964.0
10412057,stimulus_Arg_PISACowsMilk_10_page_6,517.3,100.9,964.0
10412058,stimulus_Arg_PISACowsMilk_10_page_6,517.3,100.8,965.0
10412059,stimulus_Arg_PISACowsMilk_10_page_6,517.4,100.7,966.0
10412060,stimulus_Arg_PISACowsMilk_10_page_6,517.6,100.7,966.0
10412061,stimulus_Arg_PISACowsMilk_10_page_6,517.7,100.7,966.0
10412062,stimulus_Arg_PISACowsMilk_10_page_6,518.3,100.9,967.0
10412063,stimulus_Arg_PISACowsMilk_10_page_6,518.8,101.2,968.0
10412064,stimulus_Arg_PISACowsMilk_10_page_6,519.3,101.5,967.0
10412065,stimulus_Arg_PISACowsMilk_10_page_6,519.2,101.7,967.0
10412066,stimulus_Arg_PISACowsMilk_10_page_6,519.1,101.9,966.0
10412067,stimulus_Arg_PISACowsMilk_10_page_6,518.9,101.9,966.0
10412068,stimulus_Arg_PISACowsMilk_10_page_6,518.8,101.7,966.0
10412069,stimulus_Arg_PISACowsMilk_10_page_6,518.8,101.5,966.0
10412070,stimulus_Arg_PISACowsMilk_10_page_6,518.9,101.3,966.0
10412071,stimulus_Arg_PISACowsMilk_10_page_6,519.0,101.2,966.0
10412072,stimulus_Arg_PISACowsMilk_10_page_6,519.1,101.1,966.0
10412073,stimulus_Arg_PISACowsMilk_10_page_6,519.2,101.1,966.0
10412074,stimulus_Arg_PISACowsMilk_10_page_6,519.1,101.0,966.0
10412075,stimulus_Arg_PISACowsMilk_10_page_6,518.9,101.0,966.0
10412076,stimulus_Arg_PISACowsMilk_10_page_6,518.7,100.9,966.0
10412077,stimulus_Arg_PISACowsMilk_10_page_6,518.5,100.8,965.0
10412078,stimulus_Arg_PISACowsMilk_10_page_6,518.4,100.9,964.0
10412079,stimulus_Arg_PISACowsMilk_10_page_6,518.2,101.0,963.0
10412080,stimulus_Arg_PISACowsMilk_10_page_6,518.2,101.2,963.0
10412081,stimulus_Arg_PISACowsMilk_10_page_6,518.2,101.1,963.0
10412082,stimulus_Arg_PISACowsMilk_10_page_6,518.2,101.1,963.0
10412083,stimulus_Arg_PISACowsMilk_10_page_6,518.2,101.1,963.0
10412084,stimulus_Arg_PISACowsMilk_10_page_6,518.2,101.2,962.0
10412085,stimulus_Arg_PISACowsMilk_10_page_6,518.2,101.3,962.0
10412086,stimulus_Arg_PISACowsMilk_10_page_6,518.3,101.3,961.0
10412087,stimulus_Arg_PISACowsMilk_10_page_6,518.4,101.2,961.0
10412088,stimulus_Arg_PISACowsMilk_10_page_6,518.4,101.2,961.0
10412089,stimulus_Arg_PISACowsMilk_10_page_6,518.4,100.9,961.0
10412090,stimulus_Arg_PISACowsMilk_10_page_6,518.4,100.8,962.0
10412091,stimulus_Arg_PISACowsMilk_10_page_6,518.3,100.7,962.0
10412092,stimulus_Arg_PISACowsMilk_10_page_6,518.3,100.7,962.0
10412093,stimulus_Arg_PISACowsMilk_10_page_6,518.2,100.8,962.0
10412094,stimulus_Arg_PISACowsMilk_10_page_6,518.2,101.0,961.0
10412095,stimulus_Arg_PISACowsMilk_10_page_6,518.1,101.0,961.0
10412096,stimulus_Arg_PISACowsMilk_10_page_6,517.9,101.1,961.0
10412097,stimulus_Arg_PISACowsMilk_10_page_6,517.8,101.0,961.0
10412098,stimulus_Arg_PISACowsMilk_10_page_6,517.9,100.9,961.0
10412099,stimulus_Arg_PISACowsMilk_10_page_6,518.1,100.8,961.0
10412100,stimulus_Arg_PISACowsMilk_10_page_6,518.3,101.0,961.0
10412101,stimulus_Arg_PISACowsMilk_10_page_6,518.3,101.1,961.0
10412102,stimulus_Arg_PISACowsMilk_10_page_6,518.2,101.3,961.0
10412103,stimulus_Arg_PISACowsMilk_10_page_6,518.3,101.1,961.0
10412104,stimulus_Arg_PISACowsMilk_10_page_6,518.1,100.9,960.0
10412105,stimulus_Arg_PISACowsMilk_10_page_6,517.9,100.7,960.0
10412106,stimulus_Arg_PISACowsMilk_10_page_6,517.6,100.8,960.0
10412107,stimulus_Arg_PISACowsMilk_10_page_6,517.6,100.7,960.0
10412108,stimulus_Arg_PISACowsMilk_10_page_6,517.7,100.6,960.0
10412109,stimulus_Arg_PISACowsMilk_10_page_6,517.8,100.5,960.0
10412110,stimulus_Arg_PISACowsMilk_10_page_6,517.7,100.5,959.0
10412111,stimulus_Arg_PISACowsMilk_10_page_6,517.6,100.6,960.0
10412112,stimulus_Arg_PISACowsMilk_10_page_6,517.8,100.6,960.0
10412113,stimulus_Arg_PISACowsMilk_10_page_6,518.2,100.6,961.0
10412114,stimulus_Arg_PISACowsMilk_10_page_6,518.7,100.5,961.0
10412115,stimulus_Arg_PISACowsMilk_10_page_6,518.7,100.5,961.0
10412116,stimulus_Arg_PISACowsMilk_10_page_6,518.8,100.4,961.0
10412117,stimulus_Arg_PISACowsMilk_10_page_6,518.9,100.2,961.0
10412118,stimulus_Arg_PISACowsMilk_10_page_6,518.8,100.0,960.0
10412119,stimulus_Arg_PISACowsMilk_10_page_6,518.8,99.9,960.0
10412120,stimulus_Arg_PISACowsMilk_10_page_6,518.7,99.9,959.0
10412121,stimulus_Arg_PISACowsMilk_10_page_6,518.6,99.9,959.0
10412122,stimulus_Arg_PISACowsMilk_10_page_6,518.6,100.0,959.0
10412123,stimulus_Arg_PISACowsMilk_10_page_6,518.8,100.2,960.0
10412124,stimulus_Arg_PISACowsMilk_10_page_6,518.8,100.3,960.0
10412125,stimulus_Arg_PISACowsMilk_10_page_6,518.7,100.3,960.0
10412126,stimulus_Arg_PISACowsMilk_10_page_6,518.5,100.3,960.0
10412127,stimulus_Arg_PISACowsMilk_10_page_6,518.5,100.3,960.0
10412128,stimulus_Arg_PISACowsMilk_10_page_6,518.4,100.4,960.0
10412129,stimulus_Arg_PISACowsMilk_10_page_6,518.4,100.5,959.0
10412130,stimulus_Arg_PISACowsMilk_10_page_6,518.5,100.6,959.0
10412131,stimulus_Arg_PISACowsMilk_10_page_6,518.8,100.7,960.0
10412132,stimulus_Arg_PISACowsMilk_10_page_6,519.0,100.7,960.0
10412133,stimulus_Arg_PISACowsMilk_10_page_6,519.1,101.0,960.0
10412134,stimulus_Arg_PISACowsMilk_10_page_6,519.1,101.3,960.0
10412135,stimulus_Arg_PISACowsMilk_10_page_6,519.0,101.6,959.0
10412136,stimulus_Arg_PISACowsMilk_10_page_6,518.9,101.6,957.0
10412137,stimulus_Arg_PISACowsMilk_10_page_6,518.9,101.4,957.0
10412138,stimulus_Arg_PISACowsMilk_10_page_6,518.9,101.2,959.0
10412139,stimulus_Arg_PISACowsMilk_10_page_6,519.1,100.8,960.0
10412140,stimulus_Arg_PISACowsMilk_10_page_6,519.3,100.6,961.0
10412141,stimulus_Arg_PISACowsMilk_10_page_6,519.5,100.4,960.0
10412142,stimulus_Arg_PISACowsMilk_10_page_6,519.6,100.4,960.0
10412143,stimulus_Arg_PISACowsMilk_10_page_6,519.8,100.4,960.0
10412144,stimulus_Arg_PISACowsMilk_10_page_6,519.8,100.7,959.0
10412145,stimulus_Arg_PISACowsMilk_10_page_6,519.7,101.0,958.0
10412146,stimulus_Arg_PISACowsMilk_10_page_6,519.5,101.4,958.0
10412147,stimulus_Arg_PISACowsMilk_10_page_6,519.6,101.4,958.0
10412148,stimulus_Arg_PISACowsMilk_10_page_6,519.8,101.3,959.0
10412149,stimulus_Arg_PISACowsMilk_10_page_6,519.9,101.1,960.0
10412150,stimulus_Arg_PISACowsMilk_10_page_6,519.9,101.0,960.0
10412151,stimulus_Arg_PISACowsMilk_10_page_6,519.9,100.8,960.0
10412152,stimulus_Arg_PISACowsMilk_10_page_6,519.8,100.8,961.0
10412153,stimulus_Arg_PISACowsMilk_10_page_6,519.6,100.8,961.0
10412154,stimulus_Arg_PISACowsMilk_10_page_6,519.5,100.8,961.0
10412155,stimulus_Arg_PISACowsMilk_10_page_6,519.5,100.7,961.0
10412156,stimulus_Arg_PISACowsMilk_10_page_6,519.5,100.7,961.0
10412157,stimulus_Arg_PISACowsMilk_10_page_6,519.5,100.7,961.0
10412158,stimulus_Arg_PISACowsMilk_10_page_6,519.5,100.7,962.0
10412159,stimulus_Arg_PISACowsMilk_10_page_6,519.5,100.9,963.0
10412160,stimulus_Arg_PISACowsMilk_10_page_6,519.7,101.0,964.0
10412161,stimulus_Arg_PISACowsMilk_10_page_6,519.9,101.2,964.0
10412162,stimulus_Arg_PISACowsMilk_10_page_6,520.0,101.3,964.0
10412163,stimulus_Arg_PISACowsMilk_10_page_6,519.9,101.4,963.0
10412164,stimulus_Arg_PISACowsMilk_10_page_6,519.6,101.5,963.0
10412165,stimulus_Arg_PISACowsMilk_10_page_6,519.1,101.6,963.0
10412166,stimulus_Arg_PISACowsMilk_10_page_6,518.6,101.7,963.0
10412167,stimulus_Arg_PISACowsMilk_10_page_6,518.3,101.9,963.0
10412168,stimulus_Arg_PISACowsMilk_10_page_6,518.3,102.0,963.0
10412169,stimulus_Arg_PISACowsMilk_10_page_6,518.3,101.9,963.0
10412170,stimulus_Arg_PISACowsMilk_10_page_6,518.3,101.9,963.0
10412171,stimulus_Arg_PISACowsMilk_10_page_6,518.3,101.9,963.0
10412172,stimulus_Arg_PISACowsMilk_10_page_6,518.5,101.7,963.0
10412173,stimulus_Arg_PISACowsMilk_10_page_6,518.6,101.6,963.0
10412174,stimulus_Arg_PISACowsMilk_10_page_6,518.7,101.6,963.0
10412175,stimulus_Arg_PISACowsMilk_10_page_6,518.4,101.7,963.0
10412176,stimulus_Arg_PISACowsMilk_10_page_6,518.0,101.8,962.0
10412177,stimulus_Arg_PISACowsMilk_10_page_6,517.7,102.0,962.0
10412178,stimulus_Arg_PISACowsMilk_10_page_6,517.6,102.2,961.0
10412179,stimulus_Arg_PISACowsMilk_10_page_6,517.5,102.6,961.0
10412180,stimulus_Arg_PISACowsMilk_10_page_6,517.4,102.9,961.0
10412181,stimulus_Arg_PISACowsMilk_10_page_6,517.4,103.0,961.0
10412182,stimulus_Arg_PISACowsMilk_10_page_6,517.4,103.0,961.0
10412183,stimulus_Arg_PISACowsMilk_10_page_6,517.4,103.0,961.0
10412184,stimulus_Arg_PISACowsMilk_10_page_6,517.3,103.0,962.0
10412185,stimulus_Arg_PISACowsMilk_10_page_6,517.3,103.0,962.0
10412186,stimulus_Arg_PISACowsMilk_10_page_6,517.2,103.0,961.0
10412187,stimulus_Arg_PISACowsMilk_10_page_6,517.2,102.9,961.0
10412188,stimulus_Arg_PISACowsMilk_10_page_6,517.2,102.8,961.0
10412189,stimulus_Arg_PISACowsMilk_10_page_6,517.3,102.4,961.0
10412190,stimulus_Arg_PISACowsMilk_10_page_6,517.4,102.0,962.0
10412191,stimulus_Arg_PISACowsMilk_10_page_6,517.4,101.9,961.0
10412192,stimulus_Arg_PISACowsMilk_10_page_6,517.3,102.1,961.0
10412193,stimulus_Arg_PISACowsMilk_10_page_6,517.3,102.4,960.0
10412194,stimulus_Arg_PISACowsMilk_10_page_6,517.2,102.5,960.0
10412195,stimulus_Arg_PISACowsMilk_10_page_6,517.1,102.6,960.0
10412196,stimulus_Arg_PISACowsMilk_10_page_6,517.1,102.6,960.0
10412197,stimulus_Arg_PISACowsMilk_10_page_6,517.0,102.6,960.0
10412198,stimulus_Arg_PISACowsMilk_10_page_6,516.8,102.7,960.0
10412199,stimulus_Arg_PISACowsMilk_10_page_6,516.6,102.7,960.0
10412200,stimulus_Arg_PISACowsMilk_10_page_6,516.4,102.8,960.0
10412201,stimulus_Arg_PISACowsMilk_10_page_6,516.5,102.7,961.0
10412202,stimulus_Arg_PISACowsMilk_10_page_6,516.7,102.7,960.0
10412203,stimulus_Arg_PISACowsMilk_10_page_6,516.9,102.7,960.0
10412204,stimulus_Arg_PISACowsMilk_10_page_6,516.9,102.7,959.0
10412205,stimulus_Arg_PISACowsMilk_10_page_6,517.0,103.1,959.0
10412206,stimulus_Arg_PISACowsMilk_10_page_6,517.3,103.4,960.0
10412207,stimulus_Arg_PISACowsMilk_10_page_6,517.6,103.8,960.0
10412208,stimulus_Arg_PISACowsMilk_10_page_6,517.6,103.5,960.0
10412209,stimulus_Arg_PISACowsMilk_10_page_6,516.9,103.1,962.0
10412210,stimulus_Arg_PISACowsMilk_10_page_6,515.9,102.5,963.0
10412211,stimulus_Arg_PISACowsMilk_10_page_6,515.0,102.0,964.0
10412212,stimulus_Arg_PISACowsMilk_10_page_6,513.3,101.2,963.0
10412213,stimulus_Arg_PISACowsMilk_10_page_6,509.8,100.5,962.0
10412214,stimulus_Arg_PISACowsMilk_10_page_6,504.8,99.8,962.0
10412215,stimulus_Arg_PISACowsMilk_10_page_6,499.2,99.5,962.0
10412216,stimulus_Arg_PISACowsMilk_10_page_6,493.5,99.1,962.0
10412217,stimulus_Arg_PISACowsMilk_10_page_6,487.1,99.0,962.0
10412218,stimulus_Arg_PISACowsMilk_10_page_6,480.2,98.9,962.0
10412219,stimulus_Arg_PISACowsMilk_10_page_6,474.0,98.8,963.0
10412220,stimulus_Arg_PISACowsMilk_10_page_6,468.3,98.4,963.0
10412221,stimulus_Arg_PISACowsMilk_10_page_6,462.9,98.8,963.0
10412222,stimulus_Arg_PISACowsMilk_10_page_6,457.7,99.3,963.0
10412223,stimulus_Arg_PISACowsMilk_10_page_6,453.7,100.0,964.0
10412224,stimulus_Arg_PISACowsMilk_10_page_6,451.6,100.0,964.0
10412225,stimulus_Arg_PISACowsMilk_10_page_6,450.7,100.3,964.0
10412226,stimulus_Arg_PISACowsMilk_10_page_6,450.9,101.0,963.0
10412227,stimulus_Arg_PISACowsMilk_10_page_6,451.9,101.6,963.0
10412228,stimulus_Arg_PISACowsMilk_10_page_6,453.5,102.1,962.0
10412229,stimulus_Arg_PISACowsMilk_10_page_6,455.5,102.3,963.0
10412230,stimulus_Arg_PISACowsMilk_10_page_6,457.6,102.5,964.0
10412231,stimulus_Arg_PISACowsMilk_10_page_6,459.6,102.4,965.0
10412232,stimulus_Arg_PISACowsMilk_10_page_6,461.2,102.2,965.0
10412233,stimulus_Arg_PISACowsMilk_10_page_6,462.7,101.7,965.0
10412234,stimulus_Arg_PISACowsMilk_10_page_6,464.0,101.2,965.0
10412235,stimulus_Arg_PISACowsMilk_10_page_6,464.9,100.9,965.0
10412236,stimulus_Arg_PISACowsMilk_10_page_6,465.4,100.8,965.0
10412237,stimulus_Arg_PISACowsMilk_10_page_6,465.7,100.8,965.0
10412238,stimulus_Arg_PISACowsMilk_10_page_6,465.8,100.8,965.0
10412239,stimulus_Arg_PISACowsMilk_10_page_6,465.9,100.6,965.0
10412240,stimulus_Arg_PISACowsMilk_10_page_6,466.0,100.4,965.0
10412241,stimulus_Arg_PISACowsMilk_10_page_6,466.0,100.4,965.0
10412242,stimulus_Arg_PISACowsMilk_10_page_6,466.1,100.4,964.0
10412243,stimulus_Arg_PISACowsMilk_10_page_6,466.2,100.3,963.0
10412244,stimulus_Arg_PISACowsMilk_10_page_6,466.2,100.4,963.0
10412245,stimulus_Arg_PISACowsMilk_10_page_6,466.1,100.4,963.0
10412246,stimulus_Arg_PISACowsMilk_10_page_6,465.8,100.4,962.0
10412247,stimulus_Arg_PISACowsMilk_10_page_6,465.5,100.4,962.0
10412248,stimulus_Arg_PISACowsMilk_10_page_6,465.0,100.3,962.0
10412249,stimulus_Arg_PISACowsMilk_10_page_6,464.7,100.3,962.0
10412250,stimulus_Arg_PISACowsMilk_10_page_6,464.6,100.4,962.0
10412251,stimulus_Arg_PISACowsMilk_10_page_6,464.3,100.6,961.0
10412252,stimulus_Arg_PISACowsMilk_10_page_6,464.1,100.7,961.0
10412253,stimulus_Arg_PISACowsMilk_10_page_6,463.9,100.7,961.0
10412254,stimulus_Arg_PISACowsMilk_10_page_6,463.8,100.7,961.0
10412255,stimulus_Arg_PISACowsMilk_10_page_6,463.8,100.6,960.0
10412256,stimulus_Arg_PISACowsMilk_10_page_6,463.6,100.6,961.0
10412257,stimulus_Arg_PISACowsMilk_10_page_6,463.1,100.7,962.0
10412258,stimulus_Arg_PISACowsMilk_10_page_6,462.4,100.9,963.0
10412259,stimulus_Arg_PISACowsMilk_10_page_6,461.9,101.0,963.0
10412260,stimulus_Arg_PISACowsMilk_10_page_6,461.7,101.0,964.0
10412261,stimulus_Arg_PISACowsMilk_10_page_6,461.7,101.1,964.0
10412262,stimulus_Arg_PISACowsMilk_10_page_6,461.6,101.2,965.0
10412263,stimulus_Arg_PISACowsMilk_10_page_6,461.4,101.3,965.0
10412264,stimulus_Arg_PISACowsMilk_10_page_6,461.5,101.2,966.0
10412265,stimulus_Arg_PISACowsMilk_10_page_6,461.7,100.9,966.0
10412266,stimulus_Arg_PISACowsMilk_10_page_6,462.1,100.6,966.0
10412267,stimulus_Arg_PISACowsMilk_10_page_6,462.3,100.6,966.0
10412268,stimulus_Arg_PISACowsMilk_10_page_6,462.6,100.6,966.0
10412269,stimulus_Arg_PISACowsMilk_10_page_6,462.6,100.6,966.0
10412270,stimulus_Arg_PISACowsMilk_10_page_6,462.4,100.6,966.0
10412271,stimulus_Arg_PISACowsMilk_10_page_6,462.2,100.6,965.0
10412272,stimulus_Arg_PISACowsMilk_10_page_6,462.0,100.9,965.0
10412273,stimulus_Arg_PISACowsMilk_10_page_6,462.1,101.2,965.0
10412274,stimulus_Arg_PISACowsMilk_10_page_6,462.2,101.5,965.0
10412275,stimulus_Arg_PISACowsMilk_10_page_6,462.4,101.4,965.0
10412276,stimulus_Arg_PISACowsMilk_10_page_6,462.4,101.4,965.0
10412277,stimulus_Arg_PISACowsMilk_10_page_6,462.6,101.3,965.0
10412278,stimulus_Arg_PISACowsMilk_10_page_6,462.7,101.3,965.0
10412279,stimulus_Arg_PISACowsMilk_10_page_6,462.9,101.3,965.0
10412280,stimulus_Arg_PISACowsMilk_10_page_6,462.8,101.4,966.0
10412281,stimulus_Arg_PISACowsMilk_10_page_6,462.8,101.3,966.0
10412282,stimulus_Arg_PISACowsMilk_10_page_6,462.7,101.3,966.0
10412283,stimulus_Arg_PISACowsMilk_10_page_6,462.6,101.3,967.0
10412284,stimulus_Arg_PISACowsMilk_10_page_6,462.6,101.4,967.0
10412285,stimulus_Arg_PISACowsMilk_10_page_6,462.6,101.4,968.0
10412286,stimulus_Arg_PISACowsMilk_10_page_6,462.6,101.7,969.0
10412287,stimulus_Arg_PISACowsMilk_10_page_6,462.7,102.0,969.0
10412288,stimulus_Arg_PISACowsMilk_10_page_6,462.9,101.9,969.0
10412289,stimulus_Arg_PISACowsMilk_10_page_6,463.1,101.4,969.0
10412290,stimulus_Arg_PISACowsMilk_10_page_6,463.2,101.0,969.0
10412291,stimulus_Arg_PISACowsMilk_10_page_6,463.2,101.0,969.0
10412292,stimulus_Arg_PISACowsMilk_10_page_6,463.0,101.0,969.0
10412293,stimulus_Arg_PISACowsMilk_10_page_6,462.8,101.1,968.0
10412294,stimulus_Arg_PISACowsMilk_10_page_6,462.5,101.1,969.0
10412295,stimulus_Arg_PISACowsMilk_10_page_6,462.4,101.2,970.0
10412296,stimulus_Arg_PISACowsMilk_10_page_6,462.4,101.4,971.0
10412297,stimulus_Arg_PISACowsMilk_10_page_6,462.4,101.6,971.0
10412298,stimulus_Arg_PISACowsMilk_10_page_6,462.4,101.8,971.0
10412299,stimulus_Arg_PISACowsMilk_10_page_6,462.4,101.7,970.0
10412300,stimulus_Arg_PISACowsMilk_10_page_6,462.3,101.6,970.0
10412301,stimulus_Arg_PISACowsMilk_10_page_6,462.3,101.5,970.0
10412302,stimulus_Arg_PISACowsMilk_10_page_6,462.4,101.4,971.0
10412303,stimulus_Arg_PISACowsMilk_10_page_6,462.4,101.4,972.0
10412304,stimulus_Arg_PISACowsMilk_10_page_6,462.3,101.3,971.0
10412305,stimulus_Arg_PISACowsMilk_10_page_6,462.3,101.4,971.0
10412306,stimulus_Arg_PISACowsMilk_10_page_6,462.3,101.5,971.0
10412307,stimulus_Arg_PISACowsMilk_10_page_6,462.5,101.7,971.0
10412308,stimulus_Arg_PISACowsMilk_10_page_6,462.8,101.8,972.0
10412309,stimulus_Arg_PISACowsMilk_10_page_6,463.3,101.9,972.0
10412310,stimulus_Arg_PISACowsMilk_10_page_6,463.6,101.9,973.0
10412311,stimulus_Arg_PISACowsMilk_10_page_6,463.8,101.9,973.0
10412312,stimulus_Arg_PISACowsMilk_10_page_6,463.9,102.1,974.0
10412313,stimulus_Arg_PISACowsMilk_10_page_6,463.9,102.3,974.0
10412314,stimulus_Arg_PISACowsMilk_10_page_6,463.8,102.3,974.0
10412315,stimulus_Arg_PISACowsMilk_10_page_6,463.7,102.2,974.0
10412316,stimulus_Arg_PISACowsMilk_10_page_6,463.6,102.4,973.0
10412317,stimulus_Arg_PISACowsMilk_10_page_6,463.5,102.7,973.0
10412318,stimulus_Arg_PISACowsMilk_10_page_6,463.4,103.1,973.0
10412319,stimulus_Arg_PISACowsMilk_10_page_6,463.4,103.1,974.0
10412320,stimulus_Arg_PISACowsMilk_10_page_6,463.4,103.1,974.0
10412321,stimulus_Arg_PISACowsMilk_10_page_6,463.4,103.1,974.0
10412322,stimulus_Arg_PISACowsMilk_10_page_6,463.4,103.0,974.0
10412323,stimulus_Arg_PISACowsMilk_10_page_6,463.2,103.0,973.0
10412324,stimulus_Arg_PISACowsMilk_10_page_6,463.1,102.9,974.0
10412325,stimulus_Arg_PISACowsMilk_10_page_6,463.0,102.9,974.0
10412326,stimulus_Arg_PISACowsMilk_10_page_6,462.8,103.0,975.0
10412327,stimulus_Arg_PISACowsMilk_10_page_6,462.7,103.1,975.0
10412328,stimulus_Arg_PISACowsMilk_10_page_6,462.6,103.2,975.0
10412329,stimulus_Arg_PISACowsMilk_10_page_6,462.8,103.2,975.0
10412330,stimulus_Arg_PISACowsMilk_10_page_6,463.1,103.2,975.0
10412331,stimulus_Arg_PISACowsMilk_10_page_6,463.5,103.2,975.0
10412332,stimulus_Arg_PISACowsMilk_10_page_6,463.7,103.1,975.0
10412333,stimulus_Arg_PISACowsMilk_10_page_6,463.9,103.0,975.0
10412334,stimulus_Arg_PISACowsMilk_10_page_6,463.9,103.1,975.0
10412335,stimulus_Arg_PISACowsMilk_10_page_6,464.1,103.1,974.0
10412336,stimulus_Arg_PISACowsMilk_10_page_6,464.3,103.2,974.0
10412337,stimulus_Arg_PISACowsMilk_10_page_6,464.2,103.2,975.0
10412338,stimulus_Arg_PISACowsMilk_10_page_6,464.0,103.2,975.0
10412339,stimulus_Arg_PISACowsMilk_10_page_6,463.8,103.2,976.0
10412340,stimulus_Arg_PISACowsMilk_10_page_6,464.1,103.2,976.0
10412341,stimulus_Arg_PISACowsMilk_10_page_6,464.3,103.2,976.0
10412342,stimulus_Arg_PISACowsMilk_10_page_6,464.3,103.4,976.0
10412343,stimulus_Arg_PISACowsMilk_10_page_6,464.2,103.5,976.0
10412344,stimulus_Arg_PISACowsMilk_10_page_6,464.0,103.6,974.0
10412345,stimulus_Arg_PISACowsMilk_10_page_6,463.9,103.6,973.0
10412346,stimulus_Arg_PISACowsMilk_10_page_6,463.9,103.6,972.0
10412347,stimulus_Arg_PISACowsMilk_10_page_6,464.0,103.6,973.0
10412348,stimulus_Arg_PISACowsMilk_10_page_6,464.1,103.6,974.0
10412349,stimulus_Arg_PISACowsMilk_10_page_6,464.1,103.6,974.0
10412350,stimulus_Arg_PISACowsMilk_10_page_6,464.2,103.4,974.0
10412351,stimulus_Arg_PISACowsMilk_10_page_6,464.3,103.2,974.0
10412352,stimulus_Arg_PISACowsMilk_10_page_6,464.4,103.2,974.0
10412353,stimulus_Arg_PISACowsMilk_10_page_6,464.4,103.4,974.0
10412354,stimulus_Arg_PISACowsMilk_10_page_6,464.4,103.6,974.0
10412355,stimulus_Arg_PISACowsMilk_10_page_6,464.0,103.6,974.0
10412356,stimulus_Arg_PISACowsMilk_10_page_6,463.7,103.6,974.0
10412357,stimulus_Arg_PISACowsMilk_10_page_6,463.7,103.6,975.0
10412358,stimulus_Arg_PISACowsMilk_10_page_6,463.8,103.7,975.0
10412359,stimulus_Arg_PISACowsMilk_10_page_6,463.9,103.7,974.0
10412360,stimulus_Arg_PISACowsMilk_10_page_6,464.1,103.5,974.0
10412361,stimulus_Arg_PISACowsMilk_10_page_6,464.4,103.4,975.0
10412362,stimulus_Arg_PISACowsMilk_10_page_6,464.8,103.2,975.0
10412363,stimulus_Arg_PISACowsMilk_10_page_6,464.9,103.2,976.0
10412364,stimulus_Arg_PISACowsMilk_10_page_6,464.9,103.4,976.0
10412365,stimulus_Arg_PISACowsMilk_10_page_6,464.5,103.4,976.0
10412366,stimulus_Arg_PISACowsMilk_10_page_6,464.1,103.3,975.0
10412367,stimulus_Arg_PISACowsMilk_10_page_6,463.8,103.2,974.0
10412368,stimulus_Arg_PISACowsMilk_10_page_6,464.1,103.3,975.0
10412369,stimulus_Arg_PISACowsMilk_10_page_6,464.4,103.4,975.0
10412370,stimulus_Arg_PISACowsMilk_10_page_6,464.7,103.5,976.0
10412371,stimulus_Arg_PISACowsMilk_10_page_6,464.7,103.3,976.0
10412372,stimulus_Arg_PISACowsMilk_10_page_6,464.6,103.1,976.0
10412373,stimulus_Arg_PISACowsMilk_10_page_6,464.6,103.1,977.0
10412374,stimulus_Arg_PISACowsMilk_10_page_6,464.5,103.3,977.0
10412375,stimulus_Arg_PISACowsMilk_10_page_6,464.7,103.7,977.0
10412376,stimulus_Arg_PISACowsMilk_10_page_6,465.0,103.8,977.0
10412377,stimulus_Arg_PISACowsMilk_10_page_6,465.3,104.0,977.0
10412378,stimulus_Arg_PISACowsMilk_10_page_6,465.3,104.1,977.0
10412379,stimulus_Arg_PISACowsMilk_10_page_6,465.3,103.9,976.0
10412380,stimulus_Arg_PISACowsMilk_10_page_6,465.4,103.8,977.0
10412381,stimulus_Arg_PISACowsMilk_10_page_6,465.4,103.6,977.0
10412382,stimulus_Arg_PISACowsMilk_10_page_6,465.4,103.5,976.0
10412383,stimulus_Arg_PISACowsMilk_10_page_6,465.3,103.8,976.0
10412384,stimulus_Arg_PISACowsMilk_10_page_6,465.2,104.2,975.0
10412385,stimulus_Arg_PISACowsMilk_10_page_6,465.1,104.3,976.0
10412386,stimulus_Arg_PISACowsMilk_10_page_6,465.2,103.8,976.0
10412387,stimulus_Arg_PISACowsMilk_10_page_6,465.3,103.3,976.0
10412388,stimulus_Arg_PISACowsMilk_10_page_6,465.4,103.0,976.0
10412389,stimulus_Arg_PISACowsMilk_10_page_6,465.4,103.0,976.0
10412390,stimulus_Arg_PISACowsMilk_10_page_6,465.3,103.0,976.0
10412391,stimulus_Arg_PISACowsMilk_10_page_6,465.2,103.1,975.0
10412392,stimulus_Arg_PISACowsMilk_10_page_6,465.1,103.2,975.0
10412393,stimulus_Arg_PISACowsMilk_10_page_6,465.1,103.2,974.0
10412394,stimulus_Arg_PISACowsMilk_10_page_6,465.1,103.2,974.0
10412395,stimulus_Arg_PISACowsMilk_10_page_6,465.1,103.2,974.0
10412396,stimulus_Arg_PISACowsMilk_10_page_6,465.1,103.2,974.0
10412397,stimulus_Arg_PISACowsMilk_10_page_6,465.1,103.3,975.0
10412398,stimulus_Arg_PISACowsMilk_10_page_6,465.0,103.3,975.0
10412399,stimulus_Arg_PISACowsMilk_10_page_6,464.9,103.3,976.0
10412400,stimulus_Arg_PISACowsMilk_10_page_6,465.2,103.4,977.0
10412401,stimulus_Arg_PISACowsMilk_10_page_6,465.6,103.5,977.0
10412402,stimulus_Arg_PISACowsMilk_10_page_6,465.9,103.5,977.0
10412403,stimulus_Arg_PISACowsMilk_10_page_6,465.7,103.6,976.0
10412404,stimulus_Arg_PISACowsMilk_10_page_6,465.4,103.9,975.0
10412405,stimulus_Arg_PISACowsMilk_10_page_6,465.2,104.3,975.0
10412406,stimulus_Arg_PISACowsMilk_10_page_6,465.0,104.2,975.0
10412407,stimulus_Arg_PISACowsMilk_10_page_6,465.0,103.9,976.0
10412408,stimulus_Arg_PISACowsMilk_10_page_6,464.8,103.7,976.0
10412409,stimulus_Arg_PISACowsMilk_10_page_6,464.8,103.8,976.0
10412410,stimulus_Arg_PISACowsMilk_10_page_6,465.0,103.9,976.0
10412411,stimulus_Arg_PISACowsMilk_10_page_6,465.1,103.9,976.0
10412412,stimulus_Arg_PISACowsMilk_10_page_6,465.3,103.9,976.0
10412413,stimulus_Arg_PISACowsMilk_10_page_6,465.3,103.9,976.0
10412414,stimulus_Arg_PISACowsMilk_10_page_6,465.2,104.0,976.0
10412415,stimulus_Arg_PISACowsMilk_10_page_6,465.0,104.0,975.0
10412416,stimulus_Arg_PISACowsMilk_10_page_6,464.9,104.0,975.0
10412417,stimulus_Arg_PISACowsMilk_10_page_6,464.8,103.9,975.0
10412418,stimulus_Arg_PISACowsMilk_10_page_6,464.8,104.2,975.0
10412419,stimulus_Arg_PISACowsMilk_10_page_6,465.0,104.5,975.0
10412420,stimulus_Arg_PISACowsMilk_10_page_6,465.3,104.5,975.0
10412421,stimulus_Arg_PISACowsMilk_10_page_6,465.4,104.4,974.0
10412422,stimulus_Arg_PISACowsMilk_10_page_6,465.3,104.2,974.0
10412423,stimulus_Arg_PISACowsMilk_10_page_6,465.2,104.1,975.0
10412424,stimulus_Arg_PISACowsMilk_10_page_6,465.2,103.9,975.0
10412425,stimulus_Arg_PISACowsMilk_10_page_6,465.2,104.2,976.0
10412426,stimulus_Arg_PISACowsMilk_10_page_6,465.8,105.0,977.0
10412427,stimulus_Arg_PISACowsMilk_10_page_6,467.2,105.8,977.0
10412428,stimulus_Arg_PISACowsMilk_10_page_6,470.2,105.9,976.0
10412429,stimulus_Arg_PISACowsMilk_10_page_6,475.0,105.8,975.0
10412430,stimulus_Arg_PISACowsMilk_10_page_6,480.5,105.8,975.0
10412431,stimulus_Arg_PISACowsMilk_10_page_6,486.0,106.0,977.0
10412432,stimulus_Arg_PISACowsMilk_10_page_6,491.6,105.8,978.0
10412433,stimulus_Arg_PISACowsMilk_10_page_6,498.9,105.3,978.0
10412434,stimulus_Arg_PISACowsMilk_10_page_6,506.1,104.4,978.0
10412435,stimulus_Arg_PISACowsMilk_10_page_6,513.2,103.4,978.0
10412436,stimulus_Arg_PISACowsMilk_10_page_6,519.9,102.6,978.0
10412437,stimulus_Arg_PISACowsMilk_10_page_6,526.5,101.5,978.0
10412438,stimulus_Arg_PISACowsMilk_10_page_6,530.9,100.8,977.0
10412439,stimulus_Arg_PISACowsMilk_10_page_6,533.2,99.5,977.0
10412440,stimulus_Arg_PISACowsMilk_10_page_6,534.5,98.8,977.0
10412441,stimulus_Arg_PISACowsMilk_10_page_6,535.7,97.5,976.0
10412442,stimulus_Arg_PISACowsMilk_10_page_6,536.3,96.2,974.0
10412443,stimulus_Arg_PISACowsMilk_10_page_6,536.5,95.0,971.0
10412444,stimulus_Arg_PISACowsMilk_10_page_6,535.9,94.3,969.0
10412445,stimulus_Arg_PISACowsMilk_10_page_6,535.1,94.0,969.0
10412446,stimulus_Arg_PISACowsMilk_10_page_6,533.8,93.9,969.0
10412447,stimulus_Arg_PISACowsMilk_10_page_6,532.0,94.4,969.0
10412448,stimulus_Arg_PISACowsMilk_10_page_6,529.7,95.3,968.0
10412449,stimulus_Arg_PISACowsMilk_10_page_6,527.2,96.5,966.0
10412450,stimulus_Arg_PISACowsMilk_10_page_6,524.9,97.4,965.0
10412451,stimulus_Arg_PISACowsMilk_10_page_6,522.9,98.0,966.0
10412452,stimulus_Arg_PISACowsMilk_10_page_6,520.9,98.5,967.0
10412453,stimulus_Arg_PISACowsMilk_10_page_6,519.5,99.0,969.0
10412454,stimulus_Arg_PISACowsMilk_10_page_6,518.5,99.7,970.0
10412455,stimulus_Arg_PISACowsMilk_10_page_6,518.2,100.4,970.0
10412456,stimulus_Arg_PISACowsMilk_10_page_6,518.0,101.0,970.0
10412457,stimulus_Arg_PISACowsMilk_10_page_6,518.3,101.5,969.0
10412458,stimulus_Arg_PISACowsMilk_10_page_6,519.0,101.8,969.0
10412459,stimulus_Arg_PISACowsMilk_10_page_6,519.7,102.0,968.0
10412460,stimulus_Arg_PISACowsMilk_10_page_6,520.4,102.1,968.0
10412461,stimulus_Arg_PISACowsMilk_10_page_6,520.7,102.2,969.0
10412462,stimulus_Arg_PISACowsMilk_10_page_6,521.0,102.2,969.0
10412463,stimulus_Arg_PISACowsMilk_10_page_6,521.2,102.3,969.0
10412464,stimulus_Arg_PISACowsMilk_10_page_6,521.4,102.3,969.0
10412465,stimulus_Arg_PISACowsMilk_10_page_6,521.8,102.3,969.0
10412466,stimulus_Arg_PISACowsMilk_10_page_6,522.2,102.2,969.0
10412467,stimulus_Arg_PISACowsMilk_10_page_6,523.1,102.1,969.0
10412468,stimulus_Arg_PISACowsMilk_10_page_6,523.8,102.0,969.0
10412469,stimulus_Arg_PISACowsMilk_10_page_6,524.5,101.9,969.0
10412470,stimulus_Arg_PISACowsMilk_10_page_6,524.7,102.0,969.0
10412471,stimulus_Arg_PISACowsMilk_10_page_6,524.8,102.1,970.0
10412472,stimulus_Arg_PISACowsMilk_10_page_6,525.1,102.1,970.0
10412473,stimulus_Arg_PISACowsMilk_10_page_6,525.3,102.0,971.0
10412474,stimulus_Arg_PISACowsMilk_10_page_6,525.4,101.9,970.0
10412475,stimulus_Arg_PISACowsMilk_10_page_6,525.4,101.8,969.0
10412476,stimulus_Arg_PISACowsMilk_10_page_6,525.5,101.5,968.0
10412477,stimulus_Arg_PISACowsMilk_10_page_6,525.9,101.2,968.0
10412478,stimulus_Arg_PISACowsMilk_10_page_6,526.1,101.0,969.0
10412479,stimulus_Arg_PISACowsMilk_10_page_6,526.4,100.7,969.0
10412480,stimulus_Arg_PISACowsMilk_10_page_6,526.1,100.3,970.0
10412481,stimulus_Arg_PISACowsMilk_10_page_6,525.8,100.3,970.0
10412482,stimulus_Arg_PISACowsMilk_10_page_6,525.4,100.8,970.0
10412483,stimulus_Arg_PISACowsMilk_10_page_6,525.3,101.3,970.0
10412484,stimulus_Arg_PISACowsMilk_10_page_6,525.1,101.5,969.0
10412485,stimulus_Arg_PISACowsMilk_10_page_6,525.1,101.5,969.0
10412486,stimulus_Arg_PISACowsMilk_10_page_6,525.1,101.1,969.0
10412487,stimulus_Arg_PISACowsMilk_10_page_6,525.2,100.7,969.0
10412488,stimulus_Arg_PISACowsMilk_10_page_6,525.2,100.4,969.0
10412489,stimulus_Arg_PISACowsMilk_10_page_6,525.4,100.4,969.0
10412490,stimulus_Arg_PISACowsMilk_10_page_6,525.7,100.4,969.0
10412491,stimulus_Arg_PISACowsMilk_10_page_6,525.9,100.3,969.0
10412492,stimulus_Arg_PISACowsMilk_10_page_6,525.8,100.3,969.0
10412493,stimulus_Arg_PISACowsMilk_10_page_6,525.8,99.9,969.0
10412494,stimulus_Arg_PISACowsMilk_10_page_6,525.6,99.6,969.0
10412495,stimulus_Arg_PISACowsMilk_10_page_6,525.5,99.2,969.0
10412496,stimulus_Arg_PISACowsMilk_10_page_6,525.1,99.3,969.0
10412497,stimulus_Arg_PISACowsMilk_10_page_6,524.9,99.5,969.0
10412498,stimulus_Arg_PISACowsMilk_10_page_6,524.6,99.8,968.0
10412499,stimulus_Arg_PISACowsMilk_10_page_6,524.6,99.7,969.0
10412500,stimulus_Arg_PISACowsMilk_10_page_6,524.6,99.4,970.0
10412501,stimulus_Arg_PISACowsMilk_10_page_6,524.7,99.1,970.0
10412502,stimulus_Arg_PISACowsMilk_10_page_6,525.1,99.1,970.0
10412503,stimulus_Arg_PISACowsMilk_10_page_6,525.4,99.1,969.0
10412504,stimulus_Arg_PISACowsMilk_10_page_6,525.8,99.2,968.0
10412505,stimulus_Arg_PISACowsMilk_10_page_6,525.9,99.2,968.0
10412506,stimulus_Arg_PISACowsMilk_10_page_6,526.0,99.1,968.0
10412507,stimulus_Arg_PISACowsMilk_10_page_6,526.0,99.1,968.0
10412508,stimulus_Arg_PISACowsMilk_10_page_6,526.0,99.1,968.0
10412509,stimulus_Arg_PISACowsMilk_10_page_6,525.9,99.2,968.0
10412510,stimulus_Arg_PISACowsMilk_10_page_6,525.8,99.3,968.0
10412511,stimulus_Arg_PISACowsMilk_10_page_6,525.7,99.4,967.0
10412512,stimulus_Arg_PISACowsMilk_10_page_6,525.6,99.5,967.0
10412513,stimulus_Arg_PISACowsMilk_10_page_6,525.4,99.6,967.0
10412514,stimulus_Arg_PISACowsMilk_10_page_6,525.2,99.8,966.0
10412515,stimulus_Arg_PISACowsMilk_10_page_6,525.0,99.8,966.0
10412516,stimulus_Arg_PISACowsMilk_10_page_6,525.0,99.7,966.0
10412517,stimulus_Arg_PISACowsMilk_10_page_6,525.2,99.6,966.0
10412518,stimulus_Arg_PISACowsMilk_10_page_6,525.4,99.6,965.0
10412519,stimulus_Arg_PISACowsMilk_10_page_6,525.7,99.6,965.0
10412520,stimulus_Arg_PISACowsMilk_10_page_6,525.9,99.5,965.0
10412521,stimulus_Arg_PISACowsMilk_10_page_6,526.1,99.3,965.0
10412522,stimulus_Arg_PISACowsMilk_10_page_6,526.1,99.1,964.0
10412523,stimulus_Arg_PISACowsMilk_10_page_6,526.2,99.0,964.0
10412524,stimulus_Arg_PISACowsMilk_10_page_6,526.2,99.2,964.0
10412525,stimulus_Arg_PISACowsMilk_10_page_6,526.3,99.5,964.0
10412526,stimulus_Arg_PISACowsMilk_10_page_6,526.3,99.4,963.0
10412527,stimulus_Arg_PISACowsMilk_10_page_6,526.2,99.1,963.0
10412528,stimulus_Arg_PISACowsMilk_10_page_6,526.1,98.9,963.0
10412529,stimulus_Arg_PISACowsMilk_10_page_6,526.1,99.1,964.0
10412530,stimulus_Arg_PISACowsMilk_10_page_6,526.1,99.3,964.0
10412531,stimulus_Arg_PISACowsMilk_10_page_6,526.3,99.4,965.0
10412532,stimulus_Arg_PISACowsMilk_10_page_6,526.5,99.4,966.0
10412533,stimulus_Arg_PISACowsMilk_10_page_6,526.8,99.4,966.0
10412534,stimulus_Arg_PISACowsMilk_10_page_6,526.8,99.5,967.0
10412535,stimulus_Arg_PISACowsMilk_10_page_6,526.9,99.7,965.0
10412536,stimulus_Arg_PISACowsMilk_10_page_6,527.0,100.0,964.0
10412537,stimulus_Arg_PISACowsMilk_10_page_6,527.1,100.1,963.0
10412538,stimulus_Arg_PISACowsMilk_10_page_6,527.1,99.7,964.0
10412539,stimulus_Arg_PISACowsMilk_10_page_6,527.0,99.3,965.0
10412540,stimulus_Arg_PISACowsMilk_10_page_6,526.9,99.0,966.0
10412541,stimulus_Arg_PISACowsMilk_10_page_6,526.8,99.0,966.0
10412542,stimulus_Arg_PISACowsMilk_10_page_6,526.8,98.9,966.0
10412543,stimulus_Arg_PISACowsMilk_10_page_6,526.8,98.7,966.0
10412544,stimulus_Arg_PISACowsMilk_10_page_6,526.8,98.6,966.0
10412545,stimulus_Arg_PISACowsMilk_10_page_6,526.9,98.5,965.0
10412546,stimulus_Arg_PISACowsMilk_10_page_6,527.0,98.5,965.0
10412547,stimulus_Arg_PISACowsMilk_10_page_6,527.1,98.5,964.0
10412548,stimulus_Arg_PISACowsMilk_10_page_6,527.3,98.5,964.0
10412549,stimulus_Arg_PISACowsMilk_10_page_6,527.3,98.5,964.0
10412550,stimulus_Arg_PISACowsMilk_10_page_6,527.3,98.5,964.0
10412551,stimulus_Arg_PISACowsMilk_10_page_6,527.3,98.7,963.0
10412552,stimulus_Arg_PISACowsMilk_10_page_6,527.3,99.0,963.0
10412553,stimulus_Arg_PISACowsMilk_10_page_6,527.4,99.3,962.0
10412554,stimulus_Arg_PISACowsMilk_10_page_6,527.5,99.3,961.0
10412555,stimulus_Arg_PISACowsMilk_10_page_6,527.6,99.3,961.0
10412556,stimulus_Arg_PISACowsMilk_10_page_6,527.9,99.3,961.0
10412557,stimulus_Arg_PISACowsMilk_10_page_6,528.1,99.3,961.0
10412558,stimulus_Arg_PISACowsMilk_10_page_6,528.2,99.3,961.0
10412559,stimulus_Arg_PISACowsMilk_10_page_6,528.1,99.2,961.0
10412560,stimulus_Arg_PISACowsMilk_10_page_6,527.8,99.1,962.0
10412561,stimulus_Arg_PISACowsMilk_10_page_6,527.6,98.9,963.0
10412562,stimulus_Arg_PISACowsMilk_10_page_6,527.5,98.7,963.0
10412563,stimulus_Arg_PISACowsMilk_10_page_6,527.6,98.6,962.0
10412564,stimulus_Arg_PISACowsMilk_10_page_6,527.8,98.8,962.0
10412565,stimulus_Arg_PISACowsMilk_10_page_6,528.0,99.0,962.0
10412566,stimulus_Arg_PISACowsMilk_10_page_6,528.1,99.1,962.0
10412567,stimulus_Arg_PISACowsMilk_10_page_6,528.2,99.0,962.0
10412568,stimulus_Arg_PISACowsMilk_10_page_6,528.2,99.0,962.0
10412569,stimulus_Arg_PISACowsMilk_10_page_6,528.0,99.0,962.0
10412570,stimulus_Arg_PISACowsMilk_10_page_6,527.9,99.0,962.0
10412571,stimulus_Arg_PISACowsMilk_10_page_6,527.8,99.0,963.0
10412572,stimulus_Arg_PISACowsMilk_10_page_6,527.8,99.1,962.0
10412573,stimulus_Arg_PISACowsMilk_10_page_6,527.8,99.1,961.0
10412574,stimulus_Arg_PISACowsMilk_10_page_6,527.5,99.0,960.0
10412575,stimulus_Arg_PISACowsMilk_10_page_6,527.3,99.0,960.0
10412576,stimulus_Arg_PISACowsMilk_10_page_6,527.1,98.9,959.0
10412577,stimulus_Arg_PISACowsMilk_10_page_6,527.2,99.0,959.0
10412578,stimulus_Arg_PISACowsMilk_10_page_6,527.3,99.0,960.0
10412579,stimulus_Arg_PISACowsMilk_10_page_6,527.4,99.0,960.0
10412580,stimulus_Arg_PISACowsMilk_10_page_6,527.4,99.0,961.0
10412581,stimulus_Arg_PISACowsMilk_10_page_6,527.4,98.9,961.0
10412582,stimulus_Arg_PISACowsMilk_10_page_6,527.4,98.9,961.0
10412583,stimulus_Arg_PISACowsMilk_10_page_6,527.5,98.8,960.0
10412584,stimulus_Arg_PISACowsMilk_10_page_6,527.5,98.7,960.0
10412585,stimulus_Arg_PISACowsMilk_10_page_6,527.6,98.8,958.0
10412586,stimulus_Arg_PISACowsMilk_10_page_6,527.3,99.1,958.0
10412587,stimulus_Arg_PISACowsMilk_10_page_6,527.0,99.5,957.0
10412588,stimulus_Arg_PISACowsMilk_10_page_6,526.7,99.5,958.0
10412589,stimulus_Arg_PISACowsMilk_10_page_6,526.7,99.4,958.0
10412590,stimulus_Arg_PISACowsMilk_10_page_6,526.6,99.3,958.0
10412591,stimulus_Arg_PISACowsMilk_10_page_6,526.5,99.2,958.0
10412592,stimulus_Arg_PISACowsMilk_10_page_6,526.5,99.0,957.0
10412593,stimulus_Arg_PISACowsMilk_10_page_6,526.5,98.7,957.0
10412594,stimulus_Arg_PISACowsMilk_10_page_6,526.6,98.5,955.0
10412595,stimulus_Arg_PISACowsMilk_10_page_6,526.7,98.5,955.0
10412596,stimulus_Arg_PISACowsMilk_10_page_6,526.8,98.6,954.0
10412597,stimulus_Arg_PISACowsMilk_10_page_6,526.6,98.7,954.0
10412598,stimulus_Arg_PISACowsMilk_10_page_6,526.4,98.7,954.0
10412599,stimulus_Arg_PISACowsMilk_10_page_6,526.2,98.6,955.0
10412600,stimulus_Arg_PISACowsMilk_10_page_6,526.5,98.4,956.0
10412601,stimulus_Arg_PISACowsMilk_10_page_6,526.8,98.3,956.0
10412602,stimulus_Arg_PISACowsMilk_10_page_6,527.1,98.3,956.0
10412603,stimulus_Arg_PISACowsMilk_10_page_6,527.0,98.3,955.0
10412604,stimulus_Arg_PISACowsMilk_10_page_6,526.9,98.3,955.0
10412605,stimulus_Arg_PISACowsMilk_10_page_6,526.7,98.2,955.0
10412606,stimulus_Arg_PISACowsMilk_10_page_6,526.6,98.1,955.0
10412607,stimulus_Arg_PISACowsMilk_10_page_6,526.6,98.2,954.0
10412608,stimulus_Arg_PISACowsMilk_10_page_6,527.0,98.6,955.0
10412609,stimulus_Arg_PISACowsMilk_10_page_6,528.2,99.1,955.0
10412610,stimulus_Arg_PISACowsMilk_10_page_6,530.2,99.8,956.0
10412611,stimulus_Arg_PISACowsMilk_10_page_6,532.7,100.3,956.0
10412612,stimulus_Arg_PISACowsMilk_10_page_6,536.5,100.9,957.0
10412613,stimulus_Arg_PISACowsMilk_10_page_6,541.2,101.4,957.0
10412614,stimulus_Arg_PISACowsMilk_10_page_6,546.9,101.8,958.0
10412615,stimulus_Arg_PISACowsMilk_10_page_6,554.8,102.2,957.0
10412616,stimulus_Arg_PISACowsMilk_10_page_6,563.6,102.5,957.0
10412617,stimulus_Arg_PISACowsMilk_10_page_6,575.2,102.9,957.0
10412618,stimulus_Arg_PISACowsMilk_10_page_6,585.1,103.2,958.0
10412619,stimulus_Arg_PISACowsMilk_10_page_6,596.6,103.0,959.0
10412620,stimulus_Arg_PISACowsMilk_10_page_6,606.0,102.5,961.0
10412621,stimulus_Arg_PISACowsMilk_10_page_6,617.7,101.7,961.0
10412622,stimulus_Arg_PISACowsMilk_10_page_6,626.9,101.4,961.0
10412623,stimulus_Arg_PISACowsMilk_10_page_6,636.8,101.3,961.0
10412624,stimulus_Arg_PISACowsMilk_10_page_6,644.6,100.6,961.0
10412625,stimulus_Arg_PISACowsMilk_10_page_6,651.8,99.6,961.0
10412626,stimulus_Arg_PISACowsMilk_10_page_6,656.7,98.5,959.0
10412627,stimulus_Arg_PISACowsMilk_10_page_6,661.1,98.3,955.0
10412628,stimulus_Arg_PISACowsMilk_10_page_6,664.5,98.1,951.0
10412629,stimulus_Arg_PISACowsMilk_10_page_6,666.5,97.9,949.0
10412630,stimulus_Arg_PISACowsMilk_10_page_6,665.8,97.6,949.0
10412631,stimulus_Arg_PISACowsMilk_10_page_6,664.5,97.6,947.0
10412632,stimulus_Arg_PISACowsMilk_10_page_6,662.4,97.1,946.0
10412633,stimulus_Arg_PISACowsMilk_10_page_6,660.0,96.5,945.0
10412634,stimulus_Arg_PISACowsMilk_10_page_6,657.8,96.1,945.0
10412635,stimulus_Arg_PISACowsMilk_10_page_6,655.3,96.5,945.0
10412636,stimulus_Arg_PISACowsMilk_10_page_6,652.9,97.0,945.0
10412637,stimulus_Arg_PISACowsMilk_10_page_6,650.4,97.6,944.0
10412638,stimulus_Arg_PISACowsMilk_10_page_6,649.0,97.7,944.0
10412639,stimulus_Arg_PISACowsMilk_10_page_6,647.7,97.7,944.0
10412640,stimulus_Arg_PISACowsMilk_10_page_6,647.1,97.8,944.0
10412641,stimulus_Arg_PISACowsMilk_10_page_6,646.8,97.9,945.0
10412642,stimulus_Arg_PISACowsMilk_10_page_6,646.8,98.1,945.0
10412643,stimulus_Arg_PISACowsMilk_10_page_6,646.9,98.4,945.0
10412644,stimulus_Arg_PISACowsMilk_10_page_6,647.0,98.7,945.0
10412645,stimulus_Arg_PISACowsMilk_10_page_6,647.2,99.0,945.0
10412646,stimulus_Arg_PISACowsMilk_10_page_6,647.8,99.0,945.0
10412647,stimulus_Arg_PISACowsMilk_10_page_6,648.3,99.0,944.0
10412648,stimulus_Arg_PISACowsMilk_10_page_6,648.7,99.0,943.0
10412649,stimulus_Arg_PISACowsMilk_10_page_6,649.4,99.0,943.0
10412650,stimulus_Arg_PISACowsMilk_10_page_6,650.2,99.0,944.0
10412651,stimulus_Arg_PISACowsMilk_10_page_6,651.2,99.0,944.0
10412652,stimulus_Arg_PISACowsMilk_10_page_6,651.6,99.2,944.0
10412653,stimulus_Arg_PISACowsMilk_10_page_6,651.8,99.3,944.0
10412654,stimulus_Arg_PISACowsMilk_10_page_6,652.0,99.4,945.0
10412655,stimulus_Arg_PISACowsMilk_10_page_6,652.3,99.5,945.0
10412656,stimulus_Arg_PISACowsMilk_10_page_6,652.8,99.8,945.0
10412657,stimulus_Arg_PISACowsMilk_10_page_6,653.3,100.2,945.0
10412658,stimulus_Arg_PISACowsMilk_10_page_6,653.8,100.6,944.0
10412659,stimulus_Arg_PISACowsMilk_10_page_6,654.1,100.6,945.0
10412660,stimulus_Arg_PISACowsMilk_10_page_6,654.3,100.6,946.0
10412661,stimulus_Arg_PISACowsMilk_10_page_6,654.6,100.7,947.0
10412662,stimulus_Arg_PISACowsMilk_10_page_6,654.7,100.8,947.0
10412663,stimulus_Arg_PISACowsMilk_10_page_6,654.8,100.9,947.0
10412664,stimulus_Arg_PISACowsMilk_10_page_6,654.8,101.0,946.0
10412665,stimulus_Arg_PISACowsMilk_10_page_6,654.9,101.0,945.0
10412666,stimulus_Arg_PISACowsMilk_10_page_6,654.9,100.9,944.0
10412667,stimulus_Arg_PISACowsMilk_10_page_6,655.0,100.9,944.0
10412668,stimulus_Arg_PISACowsMilk_10_page_6,655.0,100.9,944.0
10412669,stimulus_Arg_PISACowsMilk_10_page_6,655.0,101.0,944.0
10412670,stimulus_Arg_PISACowsMilk_10_page_6,655.0,101.1,943.0
10412671,stimulus_Arg_PISACowsMilk_10_page_6,655.0,101.1,943.0
10412672,stimulus_Arg_PISACowsMilk_10_page_6,655.0,101.0,943.0
10412673,stimulus_Arg_PISACowsMilk_10_page_6,654.8,101.0,943.0
10412674,stimulus_Arg_PISACowsMilk_10_page_6,654.6,101.0,943.0
10412675,stimulus_Arg_PISACowsMilk_10_page_6,654.4,100.8,944.0
10412676,stimulus_Arg_PISACowsMilk_10_page_6,654.4,100.6,944.0
10412677,stimulus_Arg_PISACowsMilk_10_page_6,654.6,100.6,944.0
10412678,stimulus_Arg_PISACowsMilk_10_page_6,654.7,100.8,943.0
10412679,stimulus_Arg_PISACowsMilk_10_page_6,654.5,101.1,944.0
10412680,stimulus_Arg_PISACowsMilk_10_page_6,654.3,101.1,944.0
10412681,stimulus_Arg_PISACowsMilk_10_page_6,654.1,101.0,945.0
10412682,stimulus_Arg_PISACowsMilk_10_page_6,654.1,100.9,944.0
10412683,stimulus_Arg_PISACowsMilk_10_page_6,654.2,100.8,943.0
10412684,stimulus_Arg_PISACowsMilk_10_page_6,653.9,100.7,942.0
10412685,stimulus_Arg_PISACowsMilk_10_page_6,653.6,100.7,943.0
10412686,stimulus_Arg_PISACowsMilk_10_page_6,653.5,100.6,943.0
10412687,stimulus_Arg_PISACowsMilk_10_page_6,653.7,100.6,944.0
10412688,stimulus_Arg_PISACowsMilk_10_page_6,653.8,100.7,944.0
10412689,stimulus_Arg_PISACowsMilk_10_page_6,654.0,100.6,944.0
10412690,stimulus_Arg_PISACowsMilk_10_page_6,654.1,100.6,943.0
10412691,stimulus_Arg_PISACowsMilk_10_page_6,654.2,100.6,943.0
10412692,stimulus_Arg_PISACowsMilk_10_page_6,654.3,100.7,943.0
10412693,stimulus_Arg_PISACowsMilk_10_page_6,654.3,100.8,943.0
10412694,stimulus_Arg_PISACowsMilk_10_page_6,654.3,100.8,943.0
10412695,stimulus_Arg_PISACowsMilk_10_page_6,654.3,100.9,943.0
10412696,stimulus_Arg_PISACowsMilk_10_page_6,654.3,100.9,943.0
10412697,stimulus_Arg_PISACowsMilk_10_page_6,654.0,100.9,942.0
10412698,stimulus_Arg_PISACowsMilk_10_page_6,653.7,101.0,942.0
10412699,stimulus_Arg_PISACowsMilk_10_page_6,653.5,101.1,942.0
10412700,stimulus_Arg_PISACowsMilk_10_page_6,653.6,101.1,942.0
10412701,stimulus_Arg_PISACowsMilk_10_page_6,653.9,101.1,943.0
10412702,stimulus_Arg_PISACowsMilk_10_page_6,654.3,100.8,943.0
10412703,stimulus_Arg_PISACowsMilk_10_page_6,654.5,100.6,943.0
10412704,stimulus_Arg_PISACowsMilk_10_page_6,654.2,100.8,943.0
10412705,stimulus_Arg_PISACowsMilk_10_page_6,653.9,101.2,942.0
10412706,stimulus_Arg_PISACowsMilk_10_page_6,653.7,101.6,941.0
10412707,stimulus_Arg_PISACowsMilk_10_page_6,653.7,101.6,941.0
10412708,stimulus_Arg_PISACowsMilk_10_page_6,653.8,101.6,940.0
10412709,stimulus_Arg_PISACowsMilk_10_page_6,653.9,101.6,941.0
10412710,stimulus_Arg_PISACowsMilk_10_page_6,654.2,101.6,942.0
10412711,stimulus_Arg_PISACowsMilk_10_page_6,654.4,101.7,943.0
10412712,stimulus_Arg_PISACowsMilk_10_page_6,654.6,101.9,943.0
10412713,stimulus_Arg_PISACowsMilk_10_page_6,654.6,102.0,943.0
10412714,stimulus_Arg_PISACowsMilk_10_page_6,654.7,101.9,942.0
10412715,stimulus_Arg_PISACowsMilk_10_page_6,654.9,101.8,942.0
10412716,stimulus_Arg_PISACowsMilk_10_page_6,654.9,101.7,942.0
10412717,stimulus_Arg_PISACowsMilk_10_page_6,654.7,101.6,942.0
10412718,stimulus_Arg_PISACowsMilk_10_page_6,654.8,101.5,942.0
10412719,stimulus_Arg_PISACowsMilk_10_page_6,655.0,101.5,943.0
10412720,stimulus_Arg_PISACowsMilk_10_page_6,655.4,101.4,943.0
10412721,stimulus_Arg_PISACowsMilk_10_page_6,655.5,101.6,943.0
10412722,stimulus_Arg_PISACowsMilk_10_page_6,655.5,101.7,942.0
10412723,stimulus_Arg_PISACowsMilk_10_page_6,655.4,102.1,941.0
10412724,stimulus_Arg_PISACowsMilk_10_page_6,655.4,102.2,940.0
10412725,stimulus_Arg_PISACowsMilk_10_page_6,655.3,102.7,940.0
10412726,stimulus_Arg_PISACowsMilk_10_page_6,655.3,103.0,941.0
10412727,stimulus_Arg_PISACowsMilk_10_page_6,655.5,103.3,942.0
10412728,stimulus_Arg_PISACowsMilk_10_page_6,655.6,103.3,942.0
10412729,stimulus_Arg_PISACowsMilk_10_page_6,655.8,103.1,943.0
10412730,stimulus_Arg_PISACowsMilk_10_page_6,655.8,103.0,944.0
10412731,stimulus_Arg_PISACowsMilk_10_page_6,655.8,102.9,944.0
10412732,stimulus_Arg_PISACowsMilk_10_page_6,655.8,102.9,944.0
10412733,stimulus_Arg_PISACowsMilk_10_page_6,655.9,102.9,943.0
10412734,stimulus_Arg_PISACowsMilk_10_page_6,656.0,102.8,943.0
10412735,stimulus_Arg_PISACowsMilk_10_page_6,656.2,102.8,943.0
10412736,stimulus_Arg_PISACowsMilk_10_page_6,656.4,102.8,943.0
10412737,stimulus_Arg_PISACowsMilk_10_page_6,656.4,102.8,944.0
10412738,stimulus_Arg_PISACowsMilk_10_page_6,656.5,102.6,944.0
10412739,stimulus_Arg_PISACowsMilk_10_page_6,656.4,102.5,944.0
10412740,stimulus_Arg_PISACowsMilk_10_page_6,656.3,102.4,944.0
10412741,stimulus_Arg_PISACowsMilk_10_page_6,656.1,102.5,944.0
10412742,stimulus_Arg_PISACowsMilk_10_page_6,656.0,102.6,944.0
10412743,stimulus_Arg_PISACowsMilk_10_page_6,655.8,102.6,944.0
10412744,stimulus_Arg_PISACowsMilk_10_page_6,655.6,102.5,945.0
10412745,stimulus_Arg_PISACowsMilk_10_page_6,655.3,102.2,946.0
10412746,stimulus_Arg_PISACowsMilk_10_page_6,655.3,102.0,947.0
10412747,stimulus_Arg_PISACowsMilk_10_page_6,655.5,101.9,947.0
10412748,stimulus_Arg_PISACowsMilk_10_page_6,655.6,102.0,948.0
10412749,stimulus_Arg_PISACowsMilk_10_page_6,655.7,102.0,947.0
10412750,stimulus_Arg_PISACowsMilk_10_page_6,655.7,102.0,947.0
10412751,stimulus_Arg_PISACowsMilk_10_page_6,655.8,102.0,946.0
10412752,stimulus_Arg_PISACowsMilk_10_page_6,655.9,102.1,947.0
10412753,stimulus_Arg_PISACowsMilk_10_page_6,655.9,102.1,947.0
10412754,stimulus_Arg_PISACowsMilk_10_page_6,655.8,102.1,947.0
10412755,stimulus_Arg_PISACowsMilk_10_page_6,655.8,101.9,947.0
10412756,stimulus_Arg_PISACowsMilk_10_page_6,655.8,101.7,946.0
10412757,stimulus_Arg_PISACowsMilk_10_page_6,655.9,101.7,946.0
10412758,stimulus_Arg_PISACowsMilk_10_page_6,656.0,101.7,946.0
10412759,stimulus_Arg_PISACowsMilk_10_page_6,656.1,101.7,945.0
10412760,stimulus_Arg_PISACowsMilk_10_page_6,656.0,101.6,945.0
10412761,stimulus_Arg_PISACowsMilk_10_page_6,655.8,101.6,945.0
10412762,stimulus_Arg_PISACowsMilk_10_page_6,655.6,101.6,944.0
10412763,stimulus_Arg_PISACowsMilk_10_page_6,655.5,101.6,944.0
10412764,stimulus_Arg_PISACowsMilk_10_page_6,655.5,101.6,944.0
10412765,stimulus_Arg_PISACowsMilk_10_page_6,655.4,101.7,944.0
10412766,stimulus_Arg_PISACowsMilk_10_page_6,655.4,101.8,944.0
10412767,stimulus_Arg_PISACowsMilk_10_page_6,655.7,101.9,944.0
10412768,stimulus_Arg_PISACowsMilk_10_page_6,656.0,101.9,944.0
10412769,stimulus_Arg_PISACowsMilk_10_page_6,656.3,101.9,944.0
10412770,stimulus_Arg_PISACowsMilk_10_page_6,656.1,101.9,944.0
10412771,stimulus_Arg_PISACowsMilk_10_page_6,655.9,102.0,944.0
10412772,stimulus_Arg_PISACowsMilk_10_page_6,655.8,102.1,945.0
10412773,stimulus_Arg_PISACowsMilk_10_page_6,655.7,102.2,945.0
10412774,stimulus_Arg_PISACowsMilk_10_page_6,655.9,102.3,945.0
10412775,stimulus_Arg_PISACowsMilk_10_page_6,656.1,102.3,946.0
10412776,stimulus_Arg_PISACowsMilk_10_page_6,656.2,102.5,946.0
10412777,stimulus_Arg_PISACowsMilk_10_page_6,656.1,102.6,946.0
10412778,stimulus_Arg_PISACowsMilk_10_page_6,656.2,102.6,947.0
10412779,stimulus_Arg_PISACowsMilk_10_page_6,656.2,102.7,948.0
10412780,stimulus_Arg_PISACowsMilk_10_page_6,656.2,102.7,949.0
10412781,stimulus_Arg_PISACowsMilk_10_page_6,656.4,102.8,949.0
10412782,stimulus_Arg_PISACowsMilk_10_page_6,656.7,102.9,949.0
10412783,stimulus_Arg_PISACowsMilk_10_page_6,657.0,102.8,949.0
10412784,stimulus_Arg_PISACowsMilk_10_page_6,657.0,102.8,949.0
10412785,stimulus_Arg_PISACowsMilk_10_page_6,657.0,102.8,948.0
10412786,stimulus_Arg_PISACowsMilk_10_page_6,657.0,102.9,947.0
10412787,stimulus_Arg_PISACowsMilk_10_page_6,657.0,103.1,948.0
10412788,stimulus_Arg_PISACowsMilk_10_page_6,657.1,103.2,949.0
10412789,stimulus_Arg_PISACowsMilk_10_page_6,657.1,103.1,950.0
10412790,stimulus_Arg_PISACowsMilk_10_page_6,657.2,103.0,951.0
10412791,stimulus_Arg_PISACowsMilk_10_page_6,657.2,102.9,951.0
10412792,stimulus_Arg_PISACowsMilk_10_page_6,657.1,103.0,951.0
10412793,stimulus_Arg_PISACowsMilk_10_page_6,657.0,103.1,951.0
10412794,stimulus_Arg_PISACowsMilk_10_page_6,656.9,103.3,951.0
10412795,stimulus_Arg_PISACowsMilk_10_page_6,656.9,103.3,951.0
10412796,stimulus_Arg_PISACowsMilk_10_page_6,657.0,103.3,951.0
10412797,stimulus_Arg_PISACowsMilk_10_page_6,657.1,103.1,951.0
10412798,stimulus_Arg_PISACowsMilk_10_page_6,657.1,102.9,951.0
10412799,stimulus_Arg_PISACowsMilk_10_page_6,657.2,102.7,951.0
10412800,stimulus_Arg_PISACowsMilk_10_page_6,657.1,102.7,951.0
10412801,stimulus_Arg_PISACowsMilk_10_page_6,657.1,102.7,952.0
10412802,stimulus_Arg_PISACowsMilk_10_page_6,657.4,102.8,954.0
10412803,stimulus_Arg_PISACowsMilk_10_page_6,657.7,103.0,955.0
10412804,stimulus_Arg_PISACowsMilk_10_page_6,657.7,103.1,954.0
10412805,stimulus_Arg_PISACowsMilk_10_page_6,657.4,103.3,953.0
10412806,stimulus_Arg_PISACowsMilk_10_page_6,657.1,103.6,953.0
10412807,stimulus_Arg_PISACowsMilk_10_page_6,657.1,103.7,953.0
10412808,stimulus_Arg_PISACowsMilk_10_page_6,657.0,103.6,954.0
10412809,stimulus_Arg_PISACowsMilk_10_page_6,656.8,103.5,955.0
10412810,stimulus_Arg_PISACowsMilk_10_page_6,656.7,103.3,956.0
10412811,stimulus_Arg_PISACowsMilk_10_page_6,656.8,103.2,957.0
10412812,stimulus_Arg_PISACowsMilk_10_page_6,656.9,103.2,958.0
10412813,stimulus_Arg_PISACowsMilk_10_page_6,657.1,103.0,957.0
10412814,stimulus_Arg_PISACowsMilk_10_page_6,657.2,102.8,957.0
10412815,stimulus_Arg_PISACowsMilk_10_page_6,657.2,102.7,956.0
10412816,stimulus_Arg_PISACowsMilk_10_page_6,657.2,102.8,957.0
10412817,stimulus_Arg_PISACowsMilk_10_page_6,657.2,103.0,957.0
10412818,stimulus_Arg_PISACowsMilk_10_page_6,657.1,103.2,958.0
10412819,stimulus_Arg_PISACowsMilk_10_page_6,657.1,103.2,958.0
10412820,stimulus_Arg_PISACowsMilk_10_page_6,657.0,103.2,958.0
10412821,stimulus_Arg_PISACowsMilk_10_page_6,657.0,103.1,958.0
10412822,stimulus_Arg_PISACowsMilk_10_page_6,656.7,103.1,958.0
10412823,stimulus_Arg_PISACowsMilk_10_page_6,656.5,103.0,959.0
10412824,stimulus_Arg_PISACowsMilk_10_page_6,656.3,102.9,959.0
10412825,stimulus_Arg_PISACowsMilk_10_page_6,656.4,103.1,959.0
10412826,stimulus_Arg_PISACowsMilk_10_page_6,656.7,103.2,959.0
10412827,stimulus_Arg_PISACowsMilk_10_page_6,657.0,103.4,959.0
10412828,stimulus_Arg_PISACowsMilk_10_page_6,657.1,103.4,959.0
10412829,stimulus_Arg_PISACowsMilk_10_page_6,656.7,103.5,960.0
10412830,stimulus_Arg_PISACowsMilk_10_page_6,656.4,103.5,960.0
10412831,stimulus_Arg_PISACowsMilk_10_page_6,656.3,103.3,961.0
10412832,stimulus_Arg_PISACowsMilk_10_page_6,656.3,103.2,962.0
10412833,stimulus_Arg_PISACowsMilk_10_page_6,656.4,103.1,963.0
10412834,stimulus_Arg_PISACowsMilk_10_page_6,656.5,102.9,964.0
10412835,stimulus_Arg_PISACowsMilk_10_page_6,656.6,102.8,964.0
10412836,stimulus_Arg_PISACowsMilk_10_page_6,656.7,102.8,964.0
10412837,stimulus_Arg_PISACowsMilk_10_page_6,656.9,102.9,964.0
10412838,stimulus_Arg_PISACowsMilk_10_page_6,657.2,102.9,965.0
10412839,stimulus_Arg_PISACowsMilk_10_page_6,657.5,102.7,965.0
10412840,stimulus_Arg_PISACowsMilk_10_page_6,657.6,102.6,965.0
10412841,stimulus_Arg_PISACowsMilk_10_page_6,657.5,102.6,966.0
10412842,stimulus_Arg_PISACowsMilk_10_page_6,656.9,102.7,966.0
10412843,stimulus_Arg_PISACowsMilk_10_page_6,656.5,102.7,967.0
10412844,stimulus_Arg_PISACowsMilk_10_page_6,656.3,102.6,967.0
10412845,stimulus_Arg_PISACowsMilk_10_page_6,656.5,102.5,967.0
10412846,stimulus_Arg_PISACowsMilk_10_page_6,656.9,102.5,966.0
10412847,stimulus_Arg_PISACowsMilk_10_page_6,657.0,102.5,966.0
10412848,stimulus_Arg_PISACowsMilk_10_page_6,657.2,102.4,967.0
10412849,stimulus_Arg_PISACowsMilk_10_page_6,657.2,102.4,967.0
10412850,stimulus_Arg_PISACowsMilk_10_page_6,657.2,102.4,968.0
10412851,stimulus_Arg_PISACowsMilk_10_page_6,657.2,102.6,969.0
10412852,stimulus_Arg_PISACowsMilk_10_page_6,657.1,102.7,969.0
10412853,stimulus_Arg_PISACowsMilk_10_page_6,656.9,102.9,968.0
10412854,stimulus_Arg_PISACowsMilk_10_page_6,656.7,102.9,967.0
10412855,stimulus_Arg_PISACowsMilk_10_page_6,656.7,102.9,966.0
10412856,stimulus_Arg_PISACowsMilk_10_page_6,656.7,103.0,965.0
10412857,stimulus_Arg_PISACowsMilk_10_page_6,656.7,103.0,967.0
10412858,stimulus_Arg_PISACowsMilk_10_page_6,656.7,103.0,968.0
10412859,stimulus_Arg_PISACowsMilk_10_page_6,656.9,102.9,969.0
10412860,stimulus_Arg_PISACowsMilk_10_page_6,657.0,102.9,970.0
10412861,stimulus_Arg_PISACowsMilk_10_page_6,657.2,102.8,970.0
10412862,stimulus_Arg_PISACowsMilk_10_page_6,657.1,102.7,970.0
10412863,stimulus_Arg_PISACowsMilk_10_page_6,656.8,102.6,970.0
10412864,stimulus_Arg_PISACowsMilk_10_page_6,656.6,102.5,970.0
10412865,stimulus_Arg_PISACowsMilk_10_page_6,656.4,102.5,969.0
10412866,stimulus_Arg_PISACowsMilk_10_page_6,656.5,102.5,968.0
10412867,stimulus_Arg_PISACowsMilk_10_page_6,656.7,102.4,969.0
10412868,stimulus_Arg_PISACowsMilk_10_page_6,656.9,102.4,969.0
10412869,stimulus_Arg_PISACowsMilk_10_page_6,657.0,102.5,970.0
10412870,stimulus_Arg_PISACowsMilk_10_page_6,657.2,102.7,970.0
10412871,stimulus_Arg_PISACowsMilk_10_page_6,657.4,102.8,971.0
10412872,stimulus_Arg_PISACowsMilk_10_page_6,657.4,102.9,971.0
10412873,stimulus_Arg_PISACowsMilk_10_page_6,657.1,102.8,971.0
10412874,stimulus_Arg_PISACowsMilk_10_page_6,656.9,102.8,971.0
10412875,stimulus_Arg_PISACowsMilk_10_page_6,656.6,102.9,971.0
10412876,stimulus_Arg_PISACowsMilk_10_page_6,656.6,102.9,972.0
10412877,stimulus_Arg_PISACowsMilk_10_page_6,656.5,102.9,972.0
10412878,stimulus_Arg_PISACowsMilk_10_page_6,656.5,102.9,973.0
10412879,stimulus_Arg_PISACowsMilk_10_page_6,656.7,102.8,974.0
10412880,stimulus_Arg_PISACowsMilk_10_page_6,657.1,102.8,974.0
10412881,stimulus_Arg_PISACowsMilk_10_page_6,657.4,102.8,975.0
10412882,stimulus_Arg_PISACowsMilk_10_page_6,657.4,102.9,975.0
10412883,stimulus_Arg_PISACowsMilk_10_page_6,657.1,103.0,975.0
10412884,stimulus_Arg_PISACowsMilk_10_page_6,656.9,103.2,974.0
10412885,stimulus_Arg_PISACowsMilk_10_page_6,656.9,103.2,974.0
10412886,stimulus_Arg_PISACowsMilk_10_page_6,656.5,103.4,973.0
10412887,stimulus_Arg_PISACowsMilk_10_page_6,656.1,103.5,974.0
10412888,stimulus_Arg_PISACowsMilk_10_page_6,655.9,103.5,974.0
10412889,stimulus_Arg_PISACowsMilk_10_page_6,656.2,103.5,976.0
10412890,stimulus_Arg_PISACowsMilk_10_page_6,656.5,103.5,976.0
10412891,stimulus_Arg_PISACowsMilk_10_page_6,656.2,103.5,977.0
10412892,stimulus_Arg_PISACowsMilk_10_page_6,655.8,103.5,977.0
10412893,stimulus_Arg_PISACowsMilk_10_page_6,655.4,103.4,977.0
10412894,stimulus_Arg_PISACowsMilk_10_page_6,655.5,103.4,977.0
10412895,stimulus_Arg_PISACowsMilk_10_page_6,655.9,103.4,977.0
10412896,stimulus_Arg_PISACowsMilk_10_page_6,656.4,103.5,977.0
10412897,stimulus_Arg_PISACowsMilk_10_page_6,656.7,103.5,978.0
10412898,stimulus_Arg_PISACowsMilk_10_page_6,656.8,103.5,979.0
10412899,stimulus_Arg_PISACowsMilk_10_page_6,656.9,103.5,980.0
10412900,stimulus_Arg_PISACowsMilk_10_page_6,656.9,103.5,980.0
10412901,stimulus_Arg_PISACowsMilk_10_page_6,656.9,103.5,981.0
10412902,stimulus_Arg_PISACowsMilk_10_page_6,656.8,103.6,981.0
10412903,stimulus_Arg_PISACowsMilk_10_page_6,656.8,103.7,981.0
10412904,stimulus_Arg_PISACowsMilk_10_page_6,656.6,103.8,981.0
10412905,stimulus_Arg_PISACowsMilk_10_page_6,656.5,103.9,980.0
10412906,stimulus_Arg_PISACowsMilk_10_page_6,656.5,103.9,980.0
10412907,stimulus_Arg_PISACowsMilk_10_page_6,656.3,103.5,980.0
10412908,stimulus_Arg_PISACowsMilk_10_page_6,656.1,103.2,981.0
10412909,stimulus_Arg_PISACowsMilk_10_page_6,655.7,103.0,982.0
10412910,stimulus_Arg_PISACowsMilk_10_page_6,655.5,103.1,983.0
10412911,stimulus_Arg_PISACowsMilk_10_page_6,655.5,103.2,983.0
10412912,stimulus_Arg_PISACowsMilk_10_page_6,655.8,103.1,983.0
10412913,stimulus_Arg_PISACowsMilk_10_page_6,656.0,103.3,983.0
10412914,stimulus_Arg_PISACowsMilk_10_page_6,655.9,103.8,983.0
10412915,stimulus_Arg_PISACowsMilk_10_page_6,655.8,104.2,983.0
10412916,stimulus_Arg_PISACowsMilk_10_page_6,655.8,104.4,985.0
10412917,stimulus_Arg_PISACowsMilk_10_page_6,655.8,104.5,986.0
10412918,stimulus_Arg_PISACowsMilk_10_page_6,655.9,104.7,986.0
10412919,stimulus_Arg_PISACowsMilk_10_page_6,655.8,104.8,986.0
10412920,stimulus_Arg_PISACowsMilk_10_page_6,655.8,104.8,987.0
10412921,stimulus_Arg_PISACowsMilk_10_page_6,655.6,104.8,988.0
10412922,stimulus_Arg_PISACowsMilk_10_page_6,655.5,104.8,988.0
10412923,stimulus_Arg_PISACowsMilk_10_page_6,655.3,104.9,988.0
10412924,stimulus_Arg_PISACowsMilk_10_page_6,655.3,104.7,987.0
10412925,stimulus_Arg_PISACowsMilk_10_page_6,655.5,104.4,987.0
10412926,stimulus_Arg_PISACowsMilk_10_page_6,655.9,104.1,987.0
10412927,stimulus_Arg_PISACowsMilk_10_page_6,656.5,104.2,987.0
10412928,stimulus_Arg_PISACowsMilk_10_page_6,657.4,104.7,987.0
10412929,stimulus_Arg_PISACowsMilk_10_page_6,659.4,105.1,988.0
10412930,stimulus_Arg_PISACowsMilk_10_page_6,661.5,105.5,990.0
10412931,stimulus_Arg_PISACowsMilk_10_page_6,664.2,105.6,992.0
10412932,stimulus_Arg_PISACowsMilk_10_page_6,667.6,106.0,992.0
10412933,stimulus_Arg_PISACowsMilk_10_page_6,673.3,106.5,992.0
10412934,stimulus_Arg_PISACowsMilk_10_page_6,680.1,107.2,992.0
10412935,stimulus_Arg_PISACowsMilk_10_page_6,687.8,107.6,992.0
10412936,stimulus_Arg_PISACowsMilk_10_page_6,695.9,107.6,992.0
10412937,stimulus_Arg_PISACowsMilk_10_page_6,704.1,106.9,993.0
10412938,stimulus_Arg_PISACowsMilk_10_page_6,712.1,106.3,995.0
10412939,stimulus_Arg_PISACowsMilk_10_page_6,719.8,105.8,995.0
10412940,stimulus_Arg_PISACowsMilk_10_page_6,726.8,105.9,995.0
10412941,stimulus_Arg_PISACowsMilk_10_page_6,732.7,105.2,995.0
10412942,stimulus_Arg_PISACowsMilk_10_page_6,737.2,104.6,994.0
10412943,stimulus_Arg_PISACowsMilk_10_page_6,741.0,103.5,991.0
10412944,stimulus_Arg_PISACowsMilk_10_page_6,744.2,103.2,988.0
10412945,stimulus_Arg_PISACowsMilk_10_page_6,745.9,102.7,987.0
10412946,stimulus_Arg_PISACowsMilk_10_page_6,746.8,102.0,986.0
10412947,stimulus_Arg_PISACowsMilk_10_page_6,746.7,101.3,986.0
10412948,stimulus_Arg_PISACowsMilk_10_page_6,746.5,101.3,984.0
10412949,stimulus_Arg_PISACowsMilk_10_page_6,746.3,102.0,984.0
10412950,stimulus_Arg_PISACowsMilk_10_page_6,746.2,103.2,983.0
10412951,stimulus_Arg_PISACowsMilk_10_page_6,746.5,104.1,984.0
10412952,stimulus_Arg_PISACowsMilk_10_page_6,746.9,104.8,984.0
10412953,stimulus_Arg_PISACowsMilk_10_page_6,748.0,105.0,984.0
10412954,stimulus_Arg_PISACowsMilk_10_page_6,748.6,105.1,983.0
10412955,stimulus_Arg_PISACowsMilk_10_page_6,749.2,105.1,984.0
10412956,stimulus_Arg_PISACowsMilk_10_page_6,749.1,105.1,985.0
10412957,stimulus_Arg_PISACowsMilk_10_page_6,749.0,105.1,987.0
10412958,stimulus_Arg_PISACowsMilk_10_page_6,748.4,104.9,988.0
10412959,stimulus_Arg_PISACowsMilk_10_page_6,747.9,104.7,988.0
10412960,stimulus_Arg_PISACowsMilk_10_page_6,746.7,104.5,988.0
10412961,stimulus_Arg_PISACowsMilk_10_page_6,745.8,104.6,988.0
10412962,stimulus_Arg_PISACowsMilk_10_page_6,744.5,104.7,988.0
10412963,stimulus_Arg_PISACowsMilk_10_page_6,743.8,104.8,988.0
10412964,stimulus_Arg_PISACowsMilk_10_page_6,743.0,104.9,989.0
10412965,stimulus_Arg_PISACowsMilk_10_page_6,742.4,104.9,990.0
10412966,stimulus_Arg_PISACowsMilk_10_page_6,742.0,104.8,991.0
10412967,stimulus_Arg_PISACowsMilk_10_page_6,741.7,104.9,992.0
10412968,stimulus_Arg_PISACowsMilk_10_page_6,741.6,105.1,992.0
10412969,stimulus_Arg_PISACowsMilk_10_page_6,741.6,105.6,992.0
10412970,stimulus_Arg_PISACowsMilk_10_page_6,741.9,106.0,992.0
10412971,stimulus_Arg_PISACowsMilk_10_page_6,742.7,106.5,993.0
10412972,stimulus_Arg_PISACowsMilk_10_page_6,743.4,106.7,993.0
10412973,stimulus_Arg_PISACowsMilk_10_page_6,744.0,106.3,994.0
10412974,stimulus_Arg_PISACowsMilk_10_page_6,744.4,106.0,994.0
10412975,stimulus_Arg_PISACowsMilk_10_page_6,744.7,105.8,994.0
10412976,stimulus_Arg_PISACowsMilk_10_page_6,745.0,106.1,995.0
10412977,stimulus_Arg_PISACowsMilk_10_page_6,745.2,106.3,995.0
10412978,stimulus_Arg_PISACowsMilk_10_page_6,745.6,106.3,995.0
10412979,stimulus_Arg_PISACowsMilk_10_page_6,746.0,106.5,996.0
10412980,stimulus_Arg_PISACowsMilk_10_page_6,745.9,106.6,997.0
10412981,stimulus_Arg_PISACowsMilk_10_page_6,745.9,106.9,998.0
10412982,stimulus_Arg_PISACowsMilk_10_page_6,746.0,107.1,998.0
10412983,stimulus_Arg_PISACowsMilk_10_page_6,746.1,107.4,998.0
10412984,stimulus_Arg_PISACowsMilk_10_page_6,746.3,107.1,998.0
10412985,stimulus_Arg_PISACowsMilk_10_page_6,746.6,106.9,998.0
10412986,stimulus_Arg_PISACowsMilk_10_page_6,746.9,106.7,998.0
10412987,stimulus_Arg_PISACowsMilk_10_page_6,747.1,106.8,997.0
10412988,stimulus_Arg_PISACowsMilk_10_page_6,747.1,106.8,997.0
10412989,stimulus_Arg_PISACowsMilk_10_page_6,747.0,106.9,997.0
10412990,stimulus_Arg_PISACowsMilk_10_page_6,747.0,107.0,998.0
10412991,stimulus_Arg_PISACowsMilk_10_page_6,746.9,107.0,998.0
10412992,stimulus_Arg_PISACowsMilk_10_page_6,746.7,106.9,997.0
10412993,stimulus_Arg_PISACowsMilk_10_page_6,746.7,106.9,996.0
10412994,stimulus_Arg_PISACowsMilk_10_page_6,746.8,107.0,996.0
10412995,stimulus_Arg_PISACowsMilk_10_page_6,746.8,107.1,996.0
10412996,stimulus_Arg_PISACowsMilk_10_page_6,746.7,107.3,997.0
10412997,stimulus_Arg_PISACowsMilk_10_page_6,746.6,107.3,998.0
10412998,stimulus_Arg_PISACowsMilk_10_page_6,746.7,107.2,998.0
10412999,stimulus_Arg_PISACowsMilk_10_page_6,746.9,106.8,998.0
10413000,stimulus_Arg_PISACowsMilk_10_page_6,747.1,106.5,998.0
10413001,stimulus_Arg_PISACowsMilk_10_page_6,747.1,106.1,998.0
10413002,stimulus_Arg_PISACowsMilk_10_page_6,747.1,106.1,998.0
10413003,stimulus_Arg_PISACowsMilk_10_page_6,747.1,106.0,998.0
10413004,stimulus_Arg_PISACowsMilk_10_page_6,747.1,105.9,997.0
10413005,stimulus_Arg_PISACowsMilk_10_page_6,746.9,105.9,996.0
10413006,stimulus_Arg_PISACowsMilk_10_page_6,746.7,106.0,996.0
10413007,stimulus_Arg_PISACowsMilk_10_page_6,746.7,106.1,997.0
10413008,stimulus_Arg_PISACowsMilk_10_page_6,746.8,106.2,998.0
10413009,stimulus_Arg_PISACowsMilk_10_page_6,747.0,106.2,999.0
10413010,stimulus_Arg_PISACowsMilk_10_page_6,747.0,106.1,999.0
10413011,stimulus_Arg_PISACowsMilk_10_page_6,746.9,106.0,1000.0
10413012,stimulus_Arg_PISACowsMilk_10_page_6,746.7,105.8,1000.0
10413013,stimulus_Arg_PISACowsMilk_10_page_6,746.8,106.2,1000.0
10413014,stimulus_Arg_PISACowsMilk_10_page_6,747.0,106.5,999.0
10413015,stimulus_Arg_PISACowsMilk_10_page_6,747.2,106.7,999.0
10413016,stimulus_Arg_PISACowsMilk_10_page_6,747.1,106.6,998.0
10413017,stimulus_Arg_PISACowsMilk_10_page_6,747.1,106.4,997.0
10413018,stimulus_Arg_PISACowsMilk_10_page_6,747.1,106.5,997.0
10413019,stimulus_Arg_PISACowsMilk_10_page_6,747.2,106.4,998.0
10413020,stimulus_Arg_PISACowsMilk_10_page_6,747.3,106.4,999.0
10413021,stimulus_Arg_PISACowsMilk_10_page_6,747.4,106.5,999.0
10413022,stimulus_Arg_PISACowsMilk_10_page_6,747.4,106.7,999.0
10413023,stimulus_Arg_PISACowsMilk_10_page_6,747.4,106.6,1000.0
10413024,stimulus_Arg_PISACowsMilk_10_page_6,747.5,106.5,999.0
10413025,stimulus_Arg_PISACowsMilk_10_page_6,747.4,106.3,998.0
10413026,stimulus_Arg_PISACowsMilk_10_page_6,747.2,106.3,997.0
10413027,stimulus_Arg_PISACowsMilk_10_page_6,747.0,106.4,996.0
10413028,stimulus_Arg_PISACowsMilk_10_page_6,747.0,106.4,997.0
10413029,stimulus_Arg_PISACowsMilk_10_page_6,747.0,106.4,997.0
10413030,stimulus_Arg_PISACowsMilk_10_page_6,747.2,106.4,998.0
10413031,stimulus_Arg_PISACowsMilk_10_page_6,747.4,106.4,1000.0
10413032,stimulus_Arg_PISACowsMilk_10_page_6,747.6,106.4,1001.0
10413033,stimulus_Arg_PISACowsMilk_10_page_6,747.6,106.5,1000.0
10413034,stimulus_Arg_PISACowsMilk_10_page_6,747.6,106.5,998.0
10413035,stimulus_Arg_PISACowsMilk_10_page_6,747.7,106.5,997.0
10413036,stimulus_Arg_PISACowsMilk_10_page_6,747.7,106.5,996.0
10413037,stimulus_Arg_PISACowsMilk_10_page_6,747.7,106.5,996.0
10413038,stimulus_Arg_PISACowsMilk_10_page_6,747.7,106.5,996.0
10413039,stimulus_Arg_PISACowsMilk_10_page_6,747.8,106.4,997.0
10413040,stimulus_Arg_PISACowsMilk_10_page_6,747.9,106.4,998.0
10413041,stimulus_Arg_PISACowsMilk_10_page_6,748.0,106.3,1000.0
10413042,stimulus_Arg_PISACowsMilk_10_page_6,748.0,106.3,1000.0
10413043,stimulus_Arg_PISACowsMilk_10_page_6,748.0,106.3,1001.0
10413044,stimulus_Arg_PISACowsMilk_10_page_6,748.1,106.4,1001.0
10413045,stimulus_Arg_PISACowsMilk_10_page_6,748.2,106.4,1001.0
10413046,stimulus_Arg_PISACowsMilk_10_page_6,748.3,106.3,1001.0
10413047,stimulus_Arg_PISACowsMilk_10_page_6,748.2,106.2,1001.0
10413048,stimulus_Arg_PISACowsMilk_10_page_6,748.2,106.2,1001.0
10413049,stimulus_Arg_PISACowsMilk_10_page_6,748.2,106.1,1001.0
10413050,stimulus_Arg_PISACowsMilk_10_page_6,748.0,106.2,1000.0
10413051,stimulus_Arg_PISACowsMilk_10_page_6,747.8,106.2,998.0
10413052,stimulus_Arg_PISACowsMilk_10_page_6,747.6,106.1,999.0
10413053,stimulus_Arg_PISACowsMilk_10_page_6,747.7,106.0,999.0
10413054,stimulus_Arg_PISACowsMilk_10_page_6,747.8,106.0,998.0
10413055,stimulus_Arg_PISACowsMilk_10_page_6,747.7,106.1,997.0
10413056,stimulus_Arg_PISACowsMilk_10_page_6,747.4,106.2,995.0
10413057,stimulus_Arg_PISACowsMilk_10_page_6,747.2,106.3,997.0
10413058,stimulus_Arg_PISACowsMilk_10_page_6,747.3,106.3,998.0
10413059,stimulus_Arg_PISACowsMilk_10_page_6,747.4,106.4,998.0
10413060,stimulus_Arg_PISACowsMilk_10_page_6,747.4,106.4,996.0
10413061,stimulus_Arg_PISACowsMilk_10_page_6,747.2,106.6,995.0
10413062,stimulus_Arg_PISACowsMilk_10_page_6,747.3,106.8,995.0
10413063,stimulus_Arg_PISACowsMilk_10_page_6,747.5,107.0,995.0
10413064,stimulus_Arg_PISACowsMilk_10_page_6,747.7,107.1,996.0
10413065,stimulus_Arg_PISACowsMilk_10_page_6,747.7,107.2,996.0
10413066,stimulus_Arg_PISACowsMilk_10_page_6,747.8,107.2,996.0
10413067,stimulus_Arg_PISACowsMilk_10_page_6,747.9,107.1,996.0
10413068,stimulus_Arg_PISACowsMilk_10_page_6,747.7,106.9,996.0
10413069,stimulus_Arg_PISACowsMilk_10_page_6,747.4,106.8,997.0
10413070,stimulus_Arg_PISACowsMilk_10_page_6,747.3,106.6,997.0
10413071,stimulus_Arg_PISACowsMilk_10_page_6,747.5,106.7,997.0
10413072,stimulus_Arg_PISACowsMilk_10_page_6,747.7,106.8,997.0
10413073,stimulus_Arg_PISACowsMilk_10_page_6,747.6,106.9,997.0
10413074,stimulus_Arg_PISACowsMilk_10_page_6,747.4,106.9,997.0
10413075,stimulus_Arg_PISACowsMilk_10_page_6,747.4,107.2,998.0
10413076,stimulus_Arg_PISACowsMilk_10_page_6,747.6,107.5,998.0
10413077,stimulus_Arg_PISACowsMilk_10_page_6,747.7,107.7,998.0
10413078,stimulus_Arg_PISACowsMilk_10_page_6,747.7,107.5,999.0
10413079,stimulus_Arg_PISACowsMilk_10_page_6,747.7,107.4,1000.0
10413080,stimulus_Arg_PISACowsMilk_10_page_6,747.7,107.1,1000.0
10413081,stimulus_Arg_PISACowsMilk_10_page_6,747.8,107.0,1001.0
10413082,stimulus_Arg_PISACowsMilk_10_page_6,747.8,107.0,1001.0
10413083,stimulus_Arg_PISACowsMilk_10_page_6,747.8,107.1,1001.0
10413084,stimulus_Arg_PISACowsMilk_10_page_6,747.8,107.2,1001.0
10413085,stimulus_Arg_PISACowsMilk_10_page_6,747.8,107.0,1002.0
10413086,stimulus_Arg_PISACowsMilk_10_page_6,747.8,106.8,1002.0
10413087,stimulus_Arg_PISACowsMilk_10_page_6,747.8,106.4,1002.0
10413088,stimulus_Arg_PISACowsMilk_10_page_6,747.7,106.3,1002.0
10413089,stimulus_Arg_PISACowsMilk_10_page_6,747.3,106.1,1002.0
10413090,stimulus_Arg_PISACowsMilk_10_page_6,746.9,106.1,1002.0
10413091,stimulus_Arg_PISACowsMilk_10_page_6,746.5,106.0,1002.0
10413092,stimulus_Arg_PISACowsMilk_10_page_6,746.6,105.9,1002.0
10413093,stimulus_Arg_PISACowsMilk_10_page_6,746.6,105.9,1001.0
10413094,stimulus_Arg_PISACowsMilk_10_page_6,746.6,106.0,1001.0
10413095,stimulus_Arg_PISACowsMilk_10_page_6,746.7,106.1,1000.0
10413096,stimulus_Arg_PISACowsMilk_10_page_6,746.8,106.2,1001.0
10413097,stimulus_Arg_PISACowsMilk_10_page_6,747.0,106.2,1002.0
10413098,stimulus_Arg_PISACowsMilk_10_page_6,747.0,106.0,1003.0
10413099,stimulus_Arg_PISACowsMilk_10_page_6,747.1,106.1,1003.0
10413100,stimulus_Arg_PISACowsMilk_10_page_6,747.2,106.3,1003.0
10413101,stimulus_Arg_PISACowsMilk_10_page_6,747.3,106.5,1003.0
10413102,stimulus_Arg_PISACowsMilk_10_page_6,747.4,106.5,1001.0
10413103,stimulus_Arg_PISACowsMilk_10_page_6,747.4,106.5,1000.0
10413104,stimulus_Arg_PISACowsMilk_10_page_6,747.3,106.5,999.0
10413105,stimulus_Arg_PISACowsMilk_10_page_6,747.3,106.5,1000.0
10413106,stimulus_Arg_PISACowsMilk_10_page_6,747.5,106.5,1001.0
10413107,stimulus_Arg_PISACowsMilk_10_page_6,747.8,106.5,1001.0
10413108,stimulus_Arg_PISACowsMilk_10_page_6,748.0,106.5,1002.0
10413109,stimulus_Arg_PISACowsMilk_10_page_6,748.0,106.2,1002.0
10413110,stimulus_Arg_PISACowsMilk_10_page_6,748.1,106.0,1002.0
10413111,stimulus_Arg_PISACowsMilk_10_page_6,748.1,105.7,1002.0
10413112,stimulus_Arg_PISACowsMilk_10_page_6,748.1,105.7,1002.0
10413113,stimulus_Arg_PISACowsMilk_10_page_6,748.0,105.6,1001.0
10413114,stimulus_Arg_PISACowsMilk_10_page_6,748.0,105.5,1001.0
10413115,stimulus_Arg_PISACowsMilk_10_page_6,748.3,105.4,1001.0
10413116,stimulus_Arg_PISACowsMilk_10_page_6,748.6,105.4,1002.0
10413117,stimulus_Arg_PISACowsMilk_10_page_6,748.9,105.7,1002.0
10413118,stimulus_Arg_PISACowsMilk_10_page_6,749.0,106.0,1003.0
10413119,stimulus_Arg_PISACowsMilk_10_page_6,748.9,106.3,1004.0
10413120,stimulus_Arg_PISACowsMilk_10_page_6,748.8,106.3,1005.0
10413121,stimulus_Arg_PISACowsMilk_10_page_6,748.7,106.3,1005.0
10413122,stimulus_Arg_PISACowsMilk_10_page_6,748.6,106.3,1005.0
10413123,stimulus_Arg_PISACowsMilk_10_page_6,748.4,106.3,1005.0
10413124,stimulus_Arg_PISACowsMilk_10_page_6,748.3,106.3,1004.0
10413125,stimulus_Arg_PISACowsMilk_10_page_6,748.2,106.2,1004.0
10413126,stimulus_Arg_PISACowsMilk_10_page_6,748.2,106.1,1004.0
10413127,stimulus_Arg_PISACowsMilk_10_page_6,748.2,106.1,1004.0
10413128,stimulus_Arg_PISACowsMilk_10_page_6,748.3,106.1,1004.0
10413129,stimulus_Arg_PISACowsMilk_10_page_6,748.6,106.2,1004.0
10413130,stimulus_Arg_PISACowsMilk_10_page_6,748.8,106.1,1005.0
10413131,stimulus_Arg_PISACowsMilk_10_page_6,749.0,106.1,1007.0
10413132,stimulus_Arg_PISACowsMilk_10_page_6,749.0,106.1,1008.0
10413133,stimulus_Arg_PISACowsMilk_10_page_6,748.7,106.3,1008.0
10413134,stimulus_Arg_PISACowsMilk_10_page_6,748.5,106.4,1008.0
10413135,stimulus_Arg_PISACowsMilk_10_page_6,748.2,106.4,1009.0
10413136,stimulus_Arg_PISACowsMilk_10_page_6,748.1,106.4,1009.0
10413137,stimulus_Arg_PISACowsMilk_10_page_6,748.0,106.4,1010.0
10413138,stimulus_Arg_PISACowsMilk_10_page_6,748.0,106.4,1010.0
10413139,stimulus_Arg_PISACowsMilk_10_page_6,748.1,106.5,1010.0
10413140,stimulus_Arg_PISACowsMilk_10_page_6,748.3,106.3,1010.0
10413141,stimulus_Arg_PISACowsMilk_10_page_6,748.5,106.0,1010.0
10413142,stimulus_Arg_PISACowsMilk_10_page_6,748.6,105.7,1011.0
10413143,stimulus_Arg_PISACowsMilk_10_page_6,748.5,105.7,1011.0
10413144,stimulus_Arg_PISACowsMilk_10_page_6,748.5,105.7,1011.0
10413145,stimulus_Arg_PISACowsMilk_10_page_6,748.4,105.8,1011.0
10413146,stimulus_Arg_PISACowsMilk_10_page_6,748.4,105.9,1011.0
10413147,stimulus_Arg_PISACowsMilk_10_page_6,748.3,105.8,1010.0
10413148,stimulus_Arg_PISACowsMilk_10_page_6,748.2,105.6,1010.0
10413149,stimulus_Arg_PISACowsMilk_10_page_6,748.2,105.5,1009.0
10413150,stimulus_Arg_PISACowsMilk_10_page_6,748.2,105.4,1011.0
10413151,stimulus_Arg_PISACowsMilk_10_page_6,748.2,105.2,1012.0
10413152,stimulus_Arg_PISACowsMilk_10_page_6,748.2,105.1,1013.0
10413153,stimulus_Arg_PISACowsMilk_10_page_6,748.2,105.1,1012.0
10413154,stimulus_Arg_PISACowsMilk_10_page_6,748.0,105.1,1012.0
10413155,stimulus_Arg_PISACowsMilk_10_page_6,747.9,105.1,1012.0
10413156,stimulus_Arg_PISACowsMilk_10_page_6,747.9,105.1,1012.0
10413157,stimulus_Arg_PISACowsMilk_10_page_6,748.1,105.2,1012.0
10413158,stimulus_Arg_PISACowsMilk_10_page_6,748.3,105.2,1013.0
10413159,stimulus_Arg_PISACowsMilk_10_page_6,748.4,105.3,1013.0
10413160,stimulus_Arg_PISACowsMilk_10_page_6,748.5,105.5,1013.0
10413161,stimulus_Arg_PISACowsMilk_10_page_6,748.5,105.5,1013.0
10413162,stimulus_Arg_PISACowsMilk_10_page_6,748.4,105.3,1013.0
10413163,stimulus_Arg_PISACowsMilk_10_page_6,748.4,105.0,1013.0
10413164,stimulus_Arg_PISACowsMilk_10_page_6,748.4,104.8,1013.0
10413165,stimulus_Arg_PISACowsMilk_10_page_6,748.3,104.9,1012.0
10413166,stimulus_Arg_PISACowsMilk_10_page_6,748.3,105.0,1012.0
10413167,stimulus_Arg_PISACowsMilk_10_page_6,748.2,105.4,1012.0
10413168,stimulus_Arg_PISACowsMilk_10_page_6,748.0,105.8,1012.0
10413169,stimulus_Arg_PISACowsMilk_10_page_6,747.6,106.1,1012.0
10413170,stimulus_Arg_PISACowsMilk_10_page_6,747.2,106.1,1012.0
10413171,stimulus_Arg_PISACowsMilk_10_page_6,747.1,106.0,1012.0
10413172,stimulus_Arg_PISACowsMilk_10_page_6,747.5,105.9,1012.0
10413173,stimulus_Arg_PISACowsMilk_10_page_6,747.8,105.8,1012.0
10413174,stimulus_Arg_PISACowsMilk_10_page_6,747.9,105.8,1012.0
10413175,stimulus_Arg_PISACowsMilk_10_page_6,747.9,105.8,1012.0
10413176,stimulus_Arg_PISACowsMilk_10_page_6,747.8,105.7,1012.0
10413177,stimulus_Arg_PISACowsMilk_10_page_6,747.8,105.8,1011.0
10413178,stimulus_Arg_PISACowsMilk_10_page_6,747.9,105.7,1011.0
10413179,stimulus_Arg_PISACowsMilk_10_page_6,748.1,105.7,1011.0
10413180,stimulus_Arg_PISACowsMilk_10_page_6,748.1,105.7,1012.0
10413181,stimulus_Arg_PISACowsMilk_10_page_6,748.0,105.7,1012.0
10413182,stimulus_Arg_PISACowsMilk_10_page_6,747.8,106.0,1012.0
10413183,stimulus_Arg_PISACowsMilk_10_page_6,747.6,106.2,1013.0
10413184,stimulus_Arg_PISACowsMilk_10_page_6,747.3,106.5,1013.0
10413185,stimulus_Arg_PISACowsMilk_10_page_6,747.0,106.5,1013.0
10413186,stimulus_Arg_PISACowsMilk_10_page_6,747.1,106.5,1013.0
10413187,stimulus_Arg_PISACowsMilk_10_page_6,747.3,106.5,1013.0
10413188,stimulus_Arg_PISACowsMilk_10_page_6,747.5,106.6,1013.0
10413189,stimulus_Arg_PISACowsMilk_10_page_6,747.6,106.6,1013.0
10413190,stimulus_Arg_PISACowsMilk_10_page_6,747.8,106.7,1013.0
10413191,stimulus_Arg_PISACowsMilk_10_page_6,748.0,106.5,1013.0
10413192,stimulus_Arg_PISACowsMilk_10_page_6,748.2,106.3,1013.0
10413193,stimulus_Arg_PISACowsMilk_10_page_6,748.3,106.0,1013.0
10413194,stimulus_Arg_PISACowsMilk_10_page_6,748.5,105.7,1013.0
10413195,stimulus_Arg_PISACowsMilk_10_page_6,748.6,105.6,1013.0
10413196,stimulus_Arg_PISACowsMilk_10_page_6,748.7,105.7,1014.0
10413197,stimulus_Arg_PISACowsMilk_10_page_6,748.7,105.8,1014.0
10413198,stimulus_Arg_PISACowsMilk_10_page_6,748.6,106.1,1015.0
10413199,stimulus_Arg_PISACowsMilk_10_page_6,748.4,106.3,1015.0
10413200,stimulus_Arg_PISACowsMilk_10_page_6,748.3,106.4,1016.0
10413201,stimulus_Arg_PISACowsMilk_10_page_6,748.3,106.3,1016.0
10413202,stimulus_Arg_PISACowsMilk_10_page_6,748.3,106.1,1016.0
10413203,stimulus_Arg_PISACowsMilk_10_page_6,748.7,105.9,1015.0
10413204,stimulus_Arg_PISACowsMilk_10_page_6,749.0,105.9,1015.0
10413205,stimulus_Arg_PISACowsMilk_10_page_6,749.3,105.9,1014.0
10413206,stimulus_Arg_PISACowsMilk_10_page_6,749.3,106.0,1013.0
10413207,stimulus_Arg_PISACowsMilk_10_page_6,749.3,106.0,1013.0
10413208,stimulus_Arg_PISACowsMilk_10_page_6,749.2,106.1,1014.0
10413209,stimulus_Arg_PISACowsMilk_10_page_6,749.3,106.0,1015.0
10413210,stimulus_Arg_PISACowsMilk_10_page_6,749.3,105.8,1015.0
10413211,stimulus_Arg_PISACowsMilk_10_page_6,749.4,105.6,1015.0
10413212,stimulus_Arg_PISACowsMilk_10_page_6,749.5,105.6,1014.0
10413213,stimulus_Arg_PISACowsMilk_10_page_6,749.5,105.7,1013.0
10413214,stimulus_Arg_PISACowsMilk_10_page_6,749.5,105.7,1012.0
10413215,stimulus_Arg_PISACowsMilk_10_page_6,750.0,105.8,1012.0
10413216,stimulus_Arg_PISACowsMilk_10_page_6,750.4,105.8,1012.0
10413217,stimulus_Arg_PISACowsMilk_10_page_6,750.8,105.8,1012.0
10413218,stimulus_Arg_PISACowsMilk_10_page_6,750.7,105.7,1012.0
10413219,stimulus_Arg_PISACowsMilk_10_page_6,750.8,105.7,1011.0
10413220,stimulus_Arg_PISACowsMilk_10_page_6,751.0,105.9,1011.0
10413221,stimulus_Arg_PISACowsMilk_10_page_6,751.1,106.1,1010.0
10413222,stimulus_Arg_PISACowsMilk_10_page_6,750.7,106.2,1010.0
10413223,stimulus_Arg_PISACowsMilk_10_page_6,750.4,106.2,1009.0
10413224,stimulus_Arg_PISACowsMilk_10_page_6,750.0,106.1,1009.0
10413225,stimulus_Arg_PISACowsMilk_10_page_6,750.1,106.1,1009.0
10413226,stimulus_Arg_PISACowsMilk_10_page_6,750.2,106.1,1010.0
10413227,stimulus_Arg_PISACowsMilk_10_page_6,750.4,106.2,1009.0
10413228,stimulus_Arg_PISACowsMilk_10_page_6,750.5,106.1,1009.0
10413229,stimulus_Arg_PISACowsMilk_10_page_6,750.4,106.1,1009.0
10413230,stimulus_Arg_PISACowsMilk_10_page_6,750.2,106.0,1009.0
10413231,stimulus_Arg_PISACowsMilk_10_page_6,749.8,106.1,1010.0
10413232,stimulus_Arg_PISACowsMilk_10_page_6,749.5,106.1,1010.0
10413233,stimulus_Arg_PISACowsMilk_10_page_6,749.3,106.2,1009.0
10413234,stimulus_Arg_PISACowsMilk_10_page_6,749.1,106.4,1008.0
10413235,stimulus_Arg_PISACowsMilk_10_page_6,748.7,106.4,1007.0
10413236,stimulus_Arg_PISACowsMilk_10_page_6,748.3,106.2,1006.0
10413237,stimulus_Arg_PISACowsMilk_10_page_6,748.3,106.1,1006.0
10413238,stimulus_Arg_PISACowsMilk_10_page_6,748.7,106.2,1006.0
10413239,stimulus_Arg_PISACowsMilk_10_page_6,749.1,106.2,1006.0
10413240,stimulus_Arg_PISACowsMilk_10_page_6,749.1,106.2,1006.0
10413241,stimulus_Arg_PISACowsMilk_10_page_6,748.9,106.0,1007.0
10413242,stimulus_Arg_PISACowsMilk_10_page_6,748.8,105.9,1008.0
10413243,stimulus_Arg_PISACowsMilk_10_page_6,748.7,106.0,1008.0
10413244,stimulus_Arg_PISACowsMilk_10_page_6,748.6,106.1,1009.0
10413245,stimulus_Arg_PISACowsMilk_10_page_6,748.5,106.2,1010.0
10413246,stimulus_Arg_PISACowsMilk_10_page_6,748.7,106.1,1010.0
10413247,stimulus_Arg_PISACowsMilk_10_page_6,748.8,106.1,1010.0
10413248,stimulus_Arg_PISACowsMilk_10_page_6,748.9,106.2,1010.0
10413249,stimulus_Arg_PISACowsMilk_10_page_6,748.7,106.3,1011.0
10413250,stimulus_Arg_PISACowsMilk_10_page_6,748.7,106.3,1012.0
10413251,stimulus_Arg_PISACowsMilk_10_page_6,748.7,106.4,1012.0
10413252,stimulus_Arg_PISACowsMilk_10_page_6,748.7,106.5,1012.0
10413253,stimulus_Arg_PISACowsMilk_10_page_6,748.6,106.8,1011.0
10413254,stimulus_Arg_PISACowsMilk_10_page_6,748.5,107.0,1010.0
10413255,stimulus_Arg_PISACowsMilk_10_page_6,748.5,107.1,1010.0
10413256,stimulus_Arg_PISACowsMilk_10_page_6,748.5,107.1,1010.0
10413257,stimulus_Arg_PISACowsMilk_10_page_6,748.6,107.4,1010.0
10413258,stimulus_Arg_PISACowsMilk_10_page_6,748.6,107.7,1010.0
10413259,stimulus_Arg_PISACowsMilk_10_page_6,748.7,108.1,1010.0
10413260,stimulus_Arg_PISACowsMilk_10_page_6,748.7,108.1,1010.0
10413261,stimulus_Arg_PISACowsMilk_10_page_6,748.7,108.2,1011.0
10413262,stimulus_Arg_PISACowsMilk_10_page_6,748.8,108.3,1012.0
10413263,stimulus_Arg_PISACowsMilk_10_page_6,748.9,108.4,1012.0
10413264,stimulus_Arg_PISACowsMilk_10_page_6,749.0,108.6,1012.0
10413265,stimulus_Arg_PISACowsMilk_10_page_6,749.1,108.9,1012.0
10413266,stimulus_Arg_PISACowsMilk_10_page_6,749.2,109.2,1012.0
10413267,stimulus_Arg_PISACowsMilk_10_page_6,749.2,109.4,1012.0
10413268,stimulus_Arg_PISACowsMilk_10_page_6,749.1,109.4,1012.0
10413269,stimulus_Arg_PISACowsMilk_10_page_6,749.0,109.3,1012.0
10413270,stimulus_Arg_PISACowsMilk_10_page_6,748.8,109.3,1012.0
10413271,stimulus_Arg_PISACowsMilk_10_page_6,748.8,109.2,1012.0
10413272,stimulus_Arg_PISACowsMilk_10_page_6,748.7,109.1,1012.0
10413273,stimulus_Arg_PISACowsMilk_10_page_6,748.7,109.1,1012.0
10413274,stimulus_Arg_PISACowsMilk_10_page_6,748.7,109.1,1012.0
10413275,stimulus_Arg_PISACowsMilk_10_page_6,748.8,109.3,1011.0
10413276,stimulus_Arg_PISACowsMilk_10_page_6,748.9,109.4,1011.0
10413277,stimulus_Arg_PISACowsMilk_10_page_6,748.9,109.5,1011.0
10413278,stimulus_Arg_PISACowsMilk_10_page_6,748.9,109.9,1011.0
10413279,stimulus_Arg_PISACowsMilk_10_page_6,748.9,110.2,1011.0
10413280,stimulus_Arg_PISACowsMilk_10_page_6,749.0,110.2,1011.0
10413281,stimulus_Arg_PISACowsMilk_10_page_6,749.0,110.0,1011.0
10413282,stimulus_Arg_PISACowsMilk_10_page_6,749.0,109.8,1011.0
10413283,stimulus_Arg_PISACowsMilk_10_page_6,749.1,109.9,1010.0
10413284,stimulus_Arg_PISACowsMilk_10_page_6,749.2,110.0,1009.0
10413285,stimulus_Arg_PISACowsMilk_10_page_6,749.2,110.1,1008.0
10413286,stimulus_Arg_PISACowsMilk_10_page_6,749.1,110.2,1008.0
10413287,stimulus_Arg_PISACowsMilk_10_page_6,749.0,110.3,1007.0
10413288,stimulus_Arg_PISACowsMilk_10_page_6,748.9,110.2,1007.0
10413289,stimulus_Arg_PISACowsMilk_10_page_6,748.9,110.1,1008.0
10413290,stimulus_Arg_PISACowsMilk_10_page_6,748.9,110.0,1008.0
10413291,stimulus_Arg_PISACowsMilk_10_page_6,748.9,110.2,1009.0
10413292,stimulus_Arg_PISACowsMilk_10_page_6,749.0,110.5,1008.0
10413293,stimulus_Arg_PISACowsMilk_10_page_6,749.1,110.6,1008.0
10413294,stimulus_Arg_PISACowsMilk_10_page_6,749.1,110.3,1008.0
10413295,stimulus_Arg_PISACowsMilk_10_page_6,749.2,110.0,1007.0
10413296,stimulus_Arg_PISACowsMilk_10_page_6,749.2,110.0,1006.0
10413297,stimulus_Arg_PISACowsMilk_10_page_6,749.2,110.1,1006.0
10413298,stimulus_Arg_PISACowsMilk_10_page_6,749.2,110.1,1007.0
10413299,stimulus_Arg_PISACowsMilk_10_page_6,749.3,110.1,1007.0
10413300,stimulus_Arg_PISACowsMilk_10_page_6,749.5,110.1,1007.0
10413301,stimulus_Arg_PISACowsMilk_10_page_6,749.4,110.0,1006.0
10413302,stimulus_Arg_PISACowsMilk_10_page_6,749.3,109.8,1006.0
10413303,stimulus_Arg_PISACowsMilk_10_page_6,749.2,109.9,1007.0
10413304,stimulus_Arg_PISACowsMilk_10_page_6,749.2,110.2,1008.0
10413305,stimulus_Arg_PISACowsMilk_10_page_6,749.3,110.3,1008.0
10413306,stimulus_Arg_PISACowsMilk_10_page_6,749.5,110.1,1006.0
10413307,stimulus_Arg_PISACowsMilk_10_page_6,749.7,109.9,1005.0
10413308,stimulus_Arg_PISACowsMilk_10_page_6,749.7,109.7,1005.0
10413309,stimulus_Arg_PISACowsMilk_10_page_6,749.7,109.7,1005.0
10413310,stimulus_Arg_PISACowsMilk_10_page_6,749.5,109.6,1005.0
10413311,stimulus_Arg_PISACowsMilk_10_page_6,749.4,109.1,1006.0
10413312,stimulus_Arg_PISACowsMilk_10_page_6,749.2,108.7,1006.0
10413313,stimulus_Arg_PISACowsMilk_10_page_6,749.2,108.3,1005.0
10413314,stimulus_Arg_PISACowsMilk_10_page_6,749.0,107.8,1005.0
10413315,stimulus_Arg_PISACowsMilk_10_page_6,748.9,107.4,1005.0
10413316,stimulus_Arg_PISACowsMilk_10_page_6,748.7,107.0,1005.0
10413317,stimulus_Arg_PISACowsMilk_10_page_6,748.9,107.0,1005.0
10413318,stimulus_Arg_PISACowsMilk_10_page_6,749.1,107.1,1004.0
10413319,stimulus_Arg_PISACowsMilk_10_page_6,749.5,107.2,1004.0
10413320,stimulus_Arg_PISACowsMilk_10_page_6,749.7,107.3,1004.0
10413321,stimulus_Arg_PISACowsMilk_10_page_6,749.7,107.5,1004.0
10413322,stimulus_Arg_PISACowsMilk_10_page_6,749.7,107.7,1004.0
10413323,stimulus_Arg_PISACowsMilk_10_page_6,749.6,107.8,1003.0
10413324,stimulus_Arg_PISACowsMilk_10_page_6,749.7,107.7,1002.0
10413325,stimulus_Arg_PISACowsMilk_10_page_6,749.7,107.6,1002.0
10413326,stimulus_Arg_PISACowsMilk_10_page_6,749.8,107.5,1003.0
10413327,stimulus_Arg_PISACowsMilk_10_page_6,749.8,107.5,1003.0
10413328,stimulus_Arg_PISACowsMilk_10_page_6,749.8,107.6,1004.0
10413329,stimulus_Arg_PISACowsMilk_10_page_6,750.0,107.7,1004.0
10413330,stimulus_Arg_PISACowsMilk_10_page_6,750.2,107.7,1004.0
10413331,stimulus_Arg_PISACowsMilk_10_page_6,750.4,107.7,1003.0
10413332,stimulus_Arg_PISACowsMilk_10_page_6,750.5,107.7,1001.0
10413333,stimulus_Arg_PISACowsMilk_10_page_6,750.5,107.7,1000.0
10413334,stimulus_Arg_PISACowsMilk_10_page_6,750.5,108.2,1000.0
10413335,stimulus_Arg_PISACowsMilk_10_page_6,750.3,108.7,1000.0
10413336,stimulus_Arg_PISACowsMilk_10_page_6,750.2,109.1,999.0
10413337,stimulus_Arg_PISACowsMilk_10_page_6,750.2,109.3,999.0
10413338,stimulus_Arg_PISACowsMilk_10_page_6,750.1,109.3,999.0
10413339,stimulus_Arg_PISACowsMilk_10_page_6,750.0,109.3,1000.0
10413340,stimulus_Arg_PISACowsMilk_10_page_6,749.9,109.5,1000.0
10413341,stimulus_Arg_PISACowsMilk_10_page_6,749.9,109.8,1000.0
10413342,stimulus_Arg_PISACowsMilk_10_page_6,749.9,110.1,1000.0
10413343,stimulus_Arg_PISACowsMilk_10_page_6,749.9,110.1,1000.0
10413344,stimulus_Arg_PISACowsMilk_10_page_6,749.7,110.1,999.0
10413345,stimulus_Arg_PISACowsMilk_10_page_6,749.6,110.1,999.0
10413346,stimulus_Arg_PISACowsMilk_10_page_6,749.6,110.1,999.0
10413347,stimulus_Arg_PISACowsMilk_10_page_6,749.6,110.1,998.0
10413348,stimulus_Arg_PISACowsMilk_10_page_6,749.7,109.9,998.0
10413349,stimulus_Arg_PISACowsMilk_10_page_6,749.7,109.6,997.0
10413350,stimulus_Arg_PISACowsMilk_10_page_6,749.7,109.5,997.0
10413351,stimulus_Arg_PISACowsMilk_10_page_6,749.6,109.5,998.0
10413352,stimulus_Arg_PISACowsMilk_10_page_6,749.6,109.7,998.0
10413353,stimulus_Arg_PISACowsMilk_10_page_6,749.5,109.8,999.0
10413354,stimulus_Arg_PISACowsMilk_10_page_6,749.4,109.9,1000.0
10413355,stimulus_Arg_PISACowsMilk_10_page_6,749.3,110.0,1000.0
10413356,stimulus_Arg_PISACowsMilk_10_page_6,749.1,110.2,1000.0
10413357,stimulus_Arg_PISACowsMilk_10_page_6,748.9,110.4,999.0
10413358,stimulus_Arg_PISACowsMilk_10_page_6,748.8,110.5,998.0
10413359,stimulus_Arg_PISACowsMilk_10_page_6,748.7,110.7,998.0
10413360,stimulus_Arg_PISACowsMilk_10_page_6,748.7,110.8,999.0
10413361,stimulus_Arg_PISACowsMilk_10_page_6,748.7,110.7,999.0
10413362,stimulus_Arg_PISACowsMilk_10_page_6,748.7,110.6,1000.0
10413363,stimulus_Arg_PISACowsMilk_10_page_6,748.7,110.4,1000.0
10413364,stimulus_Arg_PISACowsMilk_10_page_6,748.6,110.4,1001.0
10413365,stimulus_Arg_PISACowsMilk_10_page_6,748.5,110.3,1002.0
10413366,stimulus_Arg_PISACowsMilk_10_page_6,748.4,110.5,1003.0
10413367,stimulus_Arg_PISACowsMilk_10_page_6,748.5,110.8,1004.0
10413368,stimulus_Arg_PISACowsMilk_10_page_6,748.6,110.9,1004.0
10413369,stimulus_Arg_PISACowsMilk_10_page_6,748.7,110.6,1003.0
10413370,stimulus_Arg_PISACowsMilk_10_page_6,748.7,110.4,1003.0
10413371,stimulus_Arg_PISACowsMilk_10_page_6,748.9,110.7,1003.0
10413372,stimulus_Arg_PISACowsMilk_10_page_6,749.1,110.9,1004.0
10413373,stimulus_Arg_PISACowsMilk_10_page_6,749.6,111.0,1004.0
10413374,stimulus_Arg_PISACowsMilk_10_page_6,750.0,111.0,1005.0
10413375,stimulus_Arg_PISACowsMilk_10_page_6,750.1,111.0,1005.0
10413376,stimulus_Arg_PISACowsMilk_10_page_6,749.9,111.2,1005.0
10413377,stimulus_Arg_PISACowsMilk_10_page_6,749.7,111.4,1004.0
10413378,stimulus_Arg_PISACowsMilk_10_page_6,749.6,111.4,1004.0
10413379,stimulus_Arg_PISACowsMilk_10_page_6,749.5,111.2,1005.0
10413380,stimulus_Arg_PISACowsMilk_10_page_6,749.5,111.1,1005.0
10413381,stimulus_Arg_PISACowsMilk_10_page_6,749.6,111.1,1006.0
10413382,stimulus_Arg_PISACowsMilk_10_page_6,749.6,111.0,1005.0
10413383,stimulus_Arg_PISACowsMilk_10_page_6,749.6,110.9,1004.0
10413384,stimulus_Arg_PISACowsMilk_10_page_6,749.7,110.8,1004.0
10413385,stimulus_Arg_PISACowsMilk_10_page_6,749.9,110.8,1004.0
10413386,stimulus_Arg_PISACowsMilk_10_page_6,750.0,110.9,1004.0
10413387,stimulus_Arg_PISACowsMilk_10_page_6,750.1,111.0,1005.0
10413388,stimulus_Arg_PISACowsMilk_10_page_6,750.1,111.1,1006.0
10413389,stimulus_Arg_PISACowsMilk_10_page_6,750.2,111.1,1007.0
10413390,stimulus_Arg_PISACowsMilk_10_page_6,750.3,110.9,1007.0
10413391,stimulus_Arg_PISACowsMilk_10_page_6,750.2,110.7,1007.0
10413392,stimulus_Arg_PISACowsMilk_10_page_6,750.0,110.6,1007.0
10413393,stimulus_Arg_PISACowsMilk_10_page_6,749.9,110.5,1007.0
10413394,stimulus_Arg_PISACowsMilk_10_page_6,749.9,110.5,1007.0
10413395,stimulus_Arg_PISACowsMilk_10_page_6,750.1,110.5,1007.0
10413396,stimulus_Arg_PISACowsMilk_10_page_6,750.3,110.6,1007.0
10413397,stimulus_Arg_PISACowsMilk_10_page_6,750.5,110.8,1008.0
10413398,stimulus_Arg_PISACowsMilk_10_page_6,750.6,110.8,1008.0
10413399,stimulus_Arg_PISACowsMilk_10_page_6,750.6,110.7,1008.0
10413400,stimulus_Arg_PISACowsMilk_10_page_6,750.6,110.6,1007.0
10413401,stimulus_Arg_PISACowsMilk_10_page_6,750.6,110.5,1007.0
10413402,stimulus_Arg_PISACowsMilk_10_page_6,750.5,110.5,1007.0
10413403,stimulus_Arg_PISACowsMilk_10_page_6,750.4,110.6,1007.0
10413404,stimulus_Arg_PISACowsMilk_10_page_6,750.2,110.6,1007.0
10413405,stimulus_Arg_PISACowsMilk_10_page_6,750.1,110.7,1007.0
10413406,stimulus_Arg_PISACowsMilk_10_page_6,749.9,110.7,1008.0
10413407,stimulus_Arg_PISACowsMilk_10_page_6,749.9,110.8,1008.0
10413408,stimulus_Arg_PISACowsMilk_10_page_6,749.9,110.8,1008.0
10413409,stimulus_Arg_PISACowsMilk_10_page_6,750.1,110.8,1008.0
10413410,stimulus_Arg_PISACowsMilk_10_page_6,750.2,110.9,1008.0
10413411,stimulus_Arg_PISACowsMilk_10_page_6,750.4,110.9,1008.0
10413412,stimulus_Arg_PISACowsMilk_10_page_6,750.4,110.8,1009.0
10413413,stimulus_Arg_PISACowsMilk_10_page_6,750.3,110.8,1009.0
10413414,stimulus_Arg_PISACowsMilk_10_page_6,750.3,110.9,1008.0
10413415,stimulus_Arg_PISACowsMilk_10_page_6,750.2,111.5,1008.0
10413416,stimulus_Arg_PISACowsMilk_10_page_6,750.1,112.0,1009.0
10413417,stimulus_Arg_PISACowsMilk_10_page_6,750.1,112.2,1010.0
10413418,stimulus_Arg_PISACowsMilk_10_page_6,750.5,112.1,1011.0
10413419,stimulus_Arg_PISACowsMilk_10_page_6,751.0,112.7,1012.0
10413420,stimulus_Arg_PISACowsMilk_10_page_6,751.5,113.5,1014.0
10413421,stimulus_Arg_PISACowsMilk_10_page_6,752.0,114.3,1015.0
10413422,stimulus_Arg_PISACowsMilk_10_page_6,753.1,114.4,1015.0
10413423,stimulus_Arg_PISACowsMilk_10_page_6,756.6,114.6,1015.0
10413424,stimulus_Arg_PISACowsMilk_10_page_6,761.7,114.9,1014.0
10413425,stimulus_Arg_PISACowsMilk_10_page_6,768.0,115.3,1014.0
10413426,stimulus_Arg_PISACowsMilk_10_page_6,774.0,115.0,1014.0
10413427,stimulus_Arg_PISACowsMilk_10_page_6,781.2,114.7,1015.0
10413428,stimulus_Arg_PISACowsMilk_10_page_6,788.8,113.7,1016.0
10413429,stimulus_Arg_PISACowsMilk_10_page_6,795.9,113.1,1017.0
10413430,stimulus_Arg_PISACowsMilk_10_page_6,802.3,111.3,1017.0
10413431,stimulus_Arg_PISACowsMilk_10_page_6,808.5,110.3,1016.0
10413432,stimulus_Arg_PISACowsMilk_10_page_6,814.2,109.4,1015.0
10413433,stimulus_Arg_PISACowsMilk_10_page_6,818.6,109.1,1015.0
10413434,stimulus_Arg_PISACowsMilk_10_page_6,821.9,108.5,1014.0
10413435,stimulus_Arg_PISACowsMilk_10_page_6,824.1,106.9,1012.0
10413436,stimulus_Arg_PISACowsMilk_10_page_6,825.1,105.9,1008.0
10413437,stimulus_Arg_PISACowsMilk_10_page_6,825.0,105.0,1006.0
10413438,stimulus_Arg_PISACowsMilk_10_page_6,824.2,104.9,1005.0
10413439,stimulus_Arg_PISACowsMilk_10_page_6,822.9,104.9,1005.0
10413440,stimulus_Arg_PISACowsMilk_10_page_6,821.3,104.8,1005.0
10413441,stimulus_Arg_PISACowsMilk_10_page_6,819.6,104.8,1005.0
10413442,stimulus_Arg_PISACowsMilk_10_page_6,818.6,104.8,1006.0
10413443,stimulus_Arg_PISACowsMilk_10_page_6,817.8,104.8,1007.0
10413444,stimulus_Arg_PISACowsMilk_10_page_6,817.7,104.9,1008.0
10413445,stimulus_Arg_PISACowsMilk_10_page_6,817.7,105.3,1008.0
10413446,stimulus_Arg_PISACowsMilk_10_page_6,817.9,105.6,1009.0
10413447,stimulus_Arg_PISACowsMilk_10_page_6,818.2,106.0,1011.0
10413448,stimulus_Arg_PISACowsMilk_10_page_6,818.8,106.0,1012.0
10413449,stimulus_Arg_PISACowsMilk_10_page_6,819.2,106.1,1013.0
10413450,stimulus_Arg_PISACowsMilk_10_page_6,819.4,106.1,1014.0
10413451,stimulus_Arg_PISACowsMilk_10_page_6,818.9,106.1,1015.0
10413452,stimulus_Arg_PISACowsMilk_10_page_6,818.3,106.0,1015.0
10413453,stimulus_Arg_PISACowsMilk_10_page_6,818.0,106.2,1015.0
10413454,stimulus_Arg_PISACowsMilk_10_page_6,817.5,106.5,1015.0
10413455,stimulus_Arg_PISACowsMilk_10_page_6,817.1,107.0,1015.0
10413456,stimulus_Arg_PISACowsMilk_10_page_6,816.8,107.1,1014.0
10413457,stimulus_Arg_PISACowsMilk_10_page_6,816.6,107.1,1015.0
10413458,stimulus_Arg_PISACowsMilk_10_page_6,816.4,107.4,1015.0
10413459,stimulus_Arg_PISACowsMilk_10_page_6,816.2,107.7,1015.0
10413460,stimulus_Arg_PISACowsMilk_10_page_6,816.0,108.1,1014.0
10413461,stimulus_Arg_PISACowsMilk_10_page_6,815.9,108.1,1014.0
10413462,stimulus_Arg_PISACowsMilk_10_page_6,816.0,108.1,1015.0
10413463,stimulus_Arg_PISACowsMilk_10_page_6,816.3,108.1,1017.0
10413464,stimulus_Arg_PISACowsMilk_10_page_6,816.5,108.0,1018.0
10413465,stimulus_Arg_PISACowsMilk_10_page_6,816.7,107.9,1019.0
10413466,stimulus_Arg_PISACowsMilk_10_page_6,817.0,107.9,1019.0
10413467,stimulus_Arg_PISACowsMilk_10_page_6,817.5,107.9,1019.0
10413468,stimulus_Arg_PISACowsMilk_10_page_6,817.9,107.9,1018.0
10413469,stimulus_Arg_PISACowsMilk_10_page_6,818.1,107.8,1018.0
10413470,stimulus_Arg_PISACowsMilk_10_page_6,818.3,107.7,1018.0
10413471,stimulus_Arg_PISACowsMilk_10_page_6,818.6,107.5,1018.0
10413472,stimulus_Arg_PISACowsMilk_10_page_6,819.1,107.1,1018.0
10413473,stimulus_Arg_PISACowsMilk_10_page_6,819.2,106.8,1018.0
10413474,stimulus_Arg_PISACowsMilk_10_page_6,819.3,106.7,1018.0
10413475,stimulus_Arg_PISACowsMilk_10_page_6,819.3,106.6,1018.0
10413476,stimulus_Arg_PISACowsMilk_10_page_6,819.2,106.5,1019.0
10413477,stimulus_Arg_PISACowsMilk_10_page_6,819.2,106.4,1019.0
10413478,stimulus_Arg_PISACowsMilk_10_page_6,819.1,106.3,1019.0
10413479,stimulus_Arg_PISACowsMilk_10_page_6,818.9,106.3,1020.0
10413480,stimulus_Arg_PISACowsMilk_10_page_6,818.7,106.2,1021.0
10413481,stimulus_Arg_PISACowsMilk_10_page_6,818.2,106.1,1021.0
10413482,stimulus_Arg_PISACowsMilk_10_page_6,818.0,106.1,1022.0
10413483,stimulus_Arg_PISACowsMilk_10_page_6,817.8,106.1,1022.0
10413484,stimulus_Arg_PISACowsMilk_10_page_6,817.7,106.1,1021.0
10413485,stimulus_Arg_PISACowsMilk_10_page_6,817.7,106.3,1021.0
10413486,stimulus_Arg_PISACowsMilk_10_page_6,817.7,106.5,1020.0
10413487,stimulus_Arg_PISACowsMilk_10_page_6,817.6,106.9,1020.0
10413488,stimulus_Arg_PISACowsMilk_10_page_6,817.5,107.2,1020.0
10413489,stimulus_Arg_PISACowsMilk_10_page_6,817.3,107.5,1020.0
10413490,stimulus_Arg_PISACowsMilk_10_page_6,817.2,107.6,1020.0
10413491,stimulus_Arg_PISACowsMilk_10_page_6,817.2,107.6,1022.0
10413492,stimulus_Arg_PISACowsMilk_10_page_6,817.1,107.6,1023.0
10413493,stimulus_Arg_PISACowsMilk_10_page_6,817.4,107.8,1023.0
10413494,stimulus_Arg_PISACowsMilk_10_page_6,817.6,107.9,1023.0
10413495,stimulus_Arg_PISACowsMilk_10_page_6,817.9,107.9,1024.0
10413496,stimulus_Arg_PISACowsMilk_10_page_6,817.8,107.8,1024.0
10413497,stimulus_Arg_PISACowsMilk_10_page_6,817.6,107.8,1023.0
10413498,stimulus_Arg_PISACowsMilk_10_page_6,817.5,107.9,1023.0
10413499,stimulus_Arg_PISACowsMilk_10_page_6,817.4,108.1,1023.0
10413500,stimulus_Arg_PISACowsMilk_10_page_6,817.4,108.1,1023.0
10413501,stimulus_Arg_PISACowsMilk_10_page_6,817.5,108.0,1023.0
10413502,stimulus_Arg_PISACowsMilk_10_page_6,817.5,108.0,1024.0
10413503,stimulus_Arg_PISACowsMilk_10_page_6,817.5,107.9,1024.0
10413504,stimulus_Arg_PISACowsMilk_10_page_6,817.5,107.8,1024.0
10413505,stimulus_Arg_PISACowsMilk_10_page_6,817.6,107.7,1024.0
10413506,stimulus_Arg_PISACowsMilk_10_page_6,817.9,107.7,1024.0
10413507,stimulus_Arg_PISACowsMilk_10_page_6,818.2,107.9,1023.0
10413508,stimulus_Arg_PISACowsMilk_10_page_6,818.1,108.0,1023.0
10413509,stimulus_Arg_PISACowsMilk_10_page_6,817.8,108.1,1024.0
10413510,stimulus_Arg_PISACowsMilk_10_page_6,817.6,108.0,1025.0
10413511,stimulus_Arg_PISACowsMilk_10_page_6,817.7,108.0,1025.0
10413512,stimulus_Arg_PISACowsMilk_10_page_6,817.8,108.0,1025.0
10413513,stimulus_Arg_PISACowsMilk_10_page_6,818.0,108.0,1025.0
10413514,stimulus_Arg_PISACowsMilk_10_page_6,818.1,108.0,1024.0
10413515,stimulus_Arg_PISACowsMilk_10_page_6,818.1,108.0,1023.0
10413516,stimulus_Arg_PISACowsMilk_10_page_6,818.2,108.1,1024.0
10413517,stimulus_Arg_PISACowsMilk_10_page_6,818.2,108.4,1024.0
10413518,stimulus_Arg_PISACowsMilk_10_page_6,818.3,108.6,1024.0
10413519,stimulus_Arg_PISACowsMilk_10_page_6,818.2,108.8,1024.0
10413520,stimulus_Arg_PISACowsMilk_10_page_6,818.5,108.5,1024.0
10413521,stimulus_Arg_PISACowsMilk_10_page_6,818.7,108.3,1024.0
10413522,stimulus_Arg_PISACowsMilk_10_page_6,819.0,108.2,1024.0
10413523,stimulus_Arg_PISACowsMilk_10_page_6,819.1,108.1,1023.0
10413524,stimulus_Arg_PISACowsMilk_10_page_6,819.2,108.1,1023.0
10413525,stimulus_Arg_PISACowsMilk_10_page_6,819.3,108.3,1024.0
10413526,stimulus_Arg_PISACowsMilk_10_page_6,819.4,108.6,1024.0
10413527,stimulus_Arg_PISACowsMilk_10_page_6,819.5,108.8,1026.0
10413528,stimulus_Arg_PISACowsMilk_10_page_6,819.6,108.6,1026.0
10413529,stimulus_Arg_PISACowsMilk_10_page_6,819.6,108.6,1027.0
10413530,stimulus_Arg_PISACowsMilk_10_page_6,819.8,108.9,1027.0
10413531,stimulus_Arg_PISACowsMilk_10_page_6,820.0,108.9,1028.0
10413532,stimulus_Arg_PISACowsMilk_10_page_6,820.1,108.8,1029.0
10413533,stimulus_Arg_PISACowsMilk_10_page_6,820.3,108.7,1029.0
10413534,stimulus_Arg_PISACowsMilk_10_page_6,820.5,108.7,1029.0
10413535,stimulus_Arg_PISACowsMilk_10_page_6,820.8,108.8,1029.0
10413536,stimulus_Arg_PISACowsMilk_10_page_6,820.9,108.9,1028.0
10413537,stimulus_Arg_PISACowsMilk_10_page_6,821.0,108.9,1028.0
10413538,stimulus_Arg_PISACowsMilk_10_page_6,821.0,108.9,1029.0
10413539,stimulus_Arg_PISACowsMilk_10_page_6,821.0,108.8,1030.0
10413540,stimulus_Arg_PISACowsMilk_10_page_6,821.0,108.6,1031.0
10413541,stimulus_Arg_PISACowsMilk_10_page_6,821.0,108.5,1033.0
10413542,stimulus_Arg_PISACowsMilk_10_page_6,821.0,108.5,1034.0
10413543,stimulus_Arg_PISACowsMilk_10_page_6,821.0,108.5,1034.0
10413544,stimulus_Arg_PISACowsMilk_10_page_6,820.9,108.5,1034.0
10413545,stimulus_Arg_PISACowsMilk_10_page_6,820.9,108.5,1033.0
10413546,stimulus_Arg_PISACowsMilk_10_page_6,820.9,108.7,1034.0
10413547,stimulus_Arg_PISACowsMilk_10_page_6,821.0,108.8,1034.0
10413548,stimulus_Arg_PISACowsMilk_10_page_6,821.0,108.9,1035.0
10413549,stimulus_Arg_PISACowsMilk_10_page_6,820.8,109.0,1035.0
10413550,stimulus_Arg_PISACowsMilk_10_page_6,820.6,109.4,1035.0
10413551,stimulus_Arg_PISACowsMilk_10_page_6,820.5,109.8,1036.0
10413552,stimulus_Arg_PISACowsMilk_10_page_6,820.5,110.2,1036.0
10413553,stimulus_Arg_PISACowsMilk_10_page_6,820.2,110.1,1036.0
10413554,stimulus_Arg_PISACowsMilk_10_page_6,819.9,110.1,1036.0
10413555,stimulus_Arg_PISACowsMilk_10_page_6,819.7,110.3,1035.0
10413556,stimulus_Arg_PISACowsMilk_10_page_6,819.8,110.4,1036.0
10413557,stimulus_Arg_PISACowsMilk_10_page_6,819.8,110.6,1037.0
10413558,stimulus_Arg_PISACowsMilk_10_page_6,819.7,110.5,1039.0
10413559,stimulus_Arg_PISACowsMilk_10_page_6,819.5,110.4,1040.0
10413560,stimulus_Arg_PISACowsMilk_10_page_6,819.5,110.4,1042.0
10413561,stimulus_Arg_PISACowsMilk_10_page_6,819.5,110.4,1042.0
10413562,stimulus_Arg_PISACowsMilk_10_page_6,819.5,110.4,1042.0
10413563,stimulus_Arg_PISACowsMilk_10_page_6,819.4,110.6,1041.0
10413564,stimulus_Arg_PISACowsMilk_10_page_6,819.2,110.7,1042.0
10413565,stimulus_Arg_PISACowsMilk_10_page_6,819.0,110.7,1042.0
10413566,stimulus_Arg_PISACowsMilk_10_page_6,818.8,110.5,1042.0
10413567,stimulus_Arg_PISACowsMilk_10_page_6,818.8,110.5,1042.0
10413568,stimulus_Arg_PISACowsMilk_10_page_6,818.4,110.9,1042.0
10413569,stimulus_Arg_PISACowsMilk_10_page_6,818.1,111.2,1042.0
10413570,stimulus_Arg_PISACowsMilk_10_page_6,817.9,111.1,1043.0
10413571,stimulus_Arg_PISACowsMilk_10_page_6,817.9,110.9,1045.0
10413572,stimulus_Arg_PISACowsMilk_10_page_6,818.0,110.7,1046.0
10413573,stimulus_Arg_PISACowsMilk_10_page_6,817.8,110.9,1045.0
10413574,stimulus_Arg_PISACowsMilk_10_page_6,817.5,111.2,1044.0
10413575,stimulus_Arg_PISACowsMilk_10_page_6,817.3,111.4,1044.0
10413576,stimulus_Arg_PISACowsMilk_10_page_6,817.2,111.7,1044.0
10413577,stimulus_Arg_PISACowsMilk_10_page_6,817.2,111.9,1044.0
10413578,stimulus_Arg_PISACowsMilk_10_page_6,817.3,112.2,1044.0
10413579,stimulus_Arg_PISACowsMilk_10_page_6,817.4,112.3,1044.0
10413580,stimulus_Arg_PISACowsMilk_10_page_6,817.8,112.3,1044.0
10413581,stimulus_Arg_PISACowsMilk_10_page_6,818.1,112.5,1044.0
10413582,stimulus_Arg_PISACowsMilk_10_page_6,818.4,112.9,1043.0
10413583,stimulus_Arg_PISACowsMilk_10_page_6,818.4,113.4,1043.0
10413584,stimulus_Arg_PISACowsMilk_10_page_6,818.5,113.6,1043.0
10413585,stimulus_Arg_PISACowsMilk_10_page_6,818.4,113.6,1043.0
10413586,stimulus_Arg_PISACowsMilk_10_page_6,818.3,113.6,1043.0
10413587,stimulus_Arg_PISACowsMilk_10_page_6,818.5,113.5,1043.0
10413588,stimulus_Arg_PISACowsMilk_10_page_6,818.7,113.5,1043.0
10413589,stimulus_Arg_PISACowsMilk_10_page_6,818.8,113.5,1044.0
10413590,stimulus_Arg_PISACowsMilk_10_page_6,818.8,113.6,1045.0
10413591,stimulus_Arg_PISACowsMilk_10_page_6,818.8,113.8,1045.0
10413592,stimulus_Arg_PISACowsMilk_10_page_6,818.8,114.0,1046.0
10413593,stimulus_Arg_PISACowsMilk_10_page_6,818.9,114.1,1046.0
10413594,stimulus_Arg_PISACowsMilk_10_page_6,818.8,114.0,1046.0
10413595,stimulus_Arg_PISACowsMilk_10_page_6,818.7,113.9,1047.0
10413596,stimulus_Arg_PISACowsMilk_10_page_6,818.6,113.8,1048.0
10413597,stimulus_Arg_PISACowsMilk_10_page_6,818.6,113.8,1049.0
10413598,stimulus_Arg_PISACowsMilk_10_page_6,818.6,113.8,1049.0
10413599,stimulus_Arg_PISACowsMilk_10_page_6,818.6,113.6,1049.0
10413600,stimulus_Arg_PISACowsMilk_10_page_6,818.8,113.5,1049.0
10413601,stimulus_Arg_PISACowsMilk_10_page_6,818.9,113.4,1049.0
10413602,stimulus_Arg_PISACowsMilk_10_page_6,819.0,113.4,1050.0
10413603,stimulus_Arg_PISACowsMilk_10_page_6,819.0,113.7,1050.0
10413604,stimulus_Arg_PISACowsMilk_10_page_6,818.9,113.9,1049.0
10413605,stimulus_Arg_PISACowsMilk_10_page_6,818.9,114.0,1049.0
10413606,stimulus_Arg_PISACowsMilk_10_page_6,818.8,113.8,1048.0
10413607,stimulus_Arg_PISACowsMilk_10_page_6,818.8,113.5,1048.0
10413608,stimulus_Arg_PISACowsMilk_10_page_6,818.5,113.3,1048.0
10413609,stimulus_Arg_PISACowsMilk_10_page_6,818.3,113.2,1048.0
10413610,stimulus_Arg_PISACowsMilk_10_page_6,818.2,113.3,1048.0
10413611,stimulus_Arg_PISACowsMilk_10_page_6,818.2,113.4,1048.0
10413612,stimulus_Arg_PISACowsMilk_10_page_6,818.2,113.6,1049.0
10413613,stimulus_Arg_PISACowsMilk_10_page_6,818.1,113.7,1049.0
10413614,stimulus_Arg_PISACowsMilk_10_page_6,818.1,113.8,1049.0
10413615,stimulus_Arg_PISACowsMilk_10_page_6,818.1,113.8,1049.0
10413616,stimulus_Arg_PISACowsMilk_10_page_6,818.1,113.7,1049.0
10413617,stimulus_Arg_PISACowsMilk_10_page_6,818.2,113.3,1049.0
10413618,stimulus_Arg_PISACowsMilk_10_page_6,818.2,112.9,1049.0
10413619,stimulus_Arg_PISACowsMilk_10_page_6,818.0,112.3,1049.0
10413620,stimulus_Arg_PISACowsMilk_10_page_6,817.5,112.0,1049.0
10413621,stimulus_Arg_PISACowsMilk_10_page_6,817.0,111.4,1049.0
10413622,stimulus_Arg_PISACowsMilk_10_page_6,816.8,111.0,1049.0
10413623,stimulus_Arg_PISACowsMilk_10_page_6,816.8,110.8,1049.0
10413624,stimulus_Arg_PISACowsMilk_10_page_6,817.0,110.7,1049.0
10413625,stimulus_Arg_PISACowsMilk_10_page_6,817.1,110.7,1048.0
10413626,stimulus_Arg_PISACowsMilk_10_page_6,817.4,110.8,1048.0
10413627,stimulus_Arg_PISACowsMilk_10_page_6,818.1,110.4,1048.0
10413628,stimulus_Arg_PISACowsMilk_10_page_6,819.0,110.0,1049.0
10413629,stimulus_Arg_PISACowsMilk_10_page_6,820.1,109.9,1049.0
10413630,stimulus_Arg_PISACowsMilk_10_page_6,822.1,110.5,1049.0
10413631,stimulus_Arg_PISACowsMilk_10_page_6,824.8,111.2,1049.0
10413632,stimulus_Arg_PISACowsMilk_10_page_6,829.1,111.4,1050.0
10413633,stimulus_Arg_PISACowsMilk_10_page_6,833.2,111.4,1052.0
10413634,stimulus_Arg_PISACowsMilk_10_page_6,837.8,111.5,1053.0
10413635,stimulus_Arg_PISACowsMilk_10_page_6,842.2,112.2,1054.0
10413636,stimulus_Arg_PISACowsMilk_10_page_6,847.0,113.0,1054.0
10413637,stimulus_Arg_PISACowsMilk_10_page_6,851.9,113.2,1054.0
10413638,stimulus_Arg_PISACowsMilk_10_page_6,856.2,112.5,1055.0
10413639,stimulus_Arg_PISACowsMilk_10_page_6,860.4,111.9,1055.0
10413640,stimulus_Arg_PISACowsMilk_10_page_6,864.1,111.7,1054.0
10413641,stimulus_Arg_PISACowsMilk_10_page_6,867.1,111.6,1052.0
10413642,stimulus_Arg_PISACowsMilk_10_page_6,869.0,111.5,1051.0
10413643,stimulus_Arg_PISACowsMilk_10_page_6,869.7,110.6,1049.0
10413644,stimulus_Arg_PISACowsMilk_10_page_6,870.2,109.9,1048.0
10413645,stimulus_Arg_PISACowsMilk_10_page_6,869.9,109.3,1048.0
10413646,stimulus_Arg_PISACowsMilk_10_page_6,868.9,109.4,1046.0
10413647,stimulus_Arg_PISACowsMilk_10_page_6,867.2,109.4,1045.0
10413648,stimulus_Arg_PISACowsMilk_10_page_6,865.1,109.4,1044.0
10413649,stimulus_Arg_PISACowsMilk_10_page_6,862.9,109.4,1045.0
10413650,stimulus_Arg_PISACowsMilk_10_page_6,861.1,109.4,1046.0
10413651,stimulus_Arg_PISACowsMilk_10_page_6,859.1,109.4,1047.0
10413652,stimulus_Arg_PISACowsMilk_10_page_6,857.5,109.4,1048.0
10413653,stimulus_Arg_PISACowsMilk_10_page_6,855.8,109.3,1049.0
10413654,stimulus_Arg_PISACowsMilk_10_page_6,854.5,109.2,1050.0
10413655,stimulus_Arg_PISACowsMilk_10_page_6,853.6,109.2,1051.0
10413656,stimulus_Arg_PISACowsMilk_10_page_6,853.2,109.3,1052.0
10413657,stimulus_Arg_PISACowsMilk_10_page_6,853.3,109.7,1053.0
10413658,stimulus_Arg_PISACowsMilk_10_page_6,853.6,110.3,1054.0
10413659,stimulus_Arg_PISACowsMilk_10_page_6,854.2,111.0,1055.0
10413660,stimulus_Arg_PISACowsMilk_10_page_6,855.0,111.3,1056.0
10413661,stimulus_Arg_PISACowsMilk_10_page_6,855.6,111.4,1058.0
10413662,stimulus_Arg_PISACowsMilk_10_page_6,856.4,111.3,1059.0
10413663,stimulus_Arg_PISACowsMilk_10_page_6,857.0,111.3,1059.0
10413664,stimulus_Arg_PISACowsMilk_10_page_6,857.6,111.2,1060.0
10413665,stimulus_Arg_PISACowsMilk_10_page_6,857.7,111.2,1060.0
10413666,stimulus_Arg_PISACowsMilk_10_page_6,857.7,110.9,1060.0
10413667,stimulus_Arg_PISACowsMilk_10_page_6,857.4,110.6,1058.0
10413668,stimulus_Arg_PISACowsMilk_10_page_6,857.1,110.3,1057.0
10413669,stimulus_Arg_PISACowsMilk_10_page_6,856.8,110.0,1057.0
10413670,stimulus_Arg_PISACowsMilk_10_page_6,856.8,109.7,1058.0
10413671,stimulus_Arg_PISACowsMilk_10_page_6,857.2,109.5,1058.0
10413672,stimulus_Arg_PISACowsMilk_10_page_6,857.7,109.4,1059.0
10413673,stimulus_Arg_PISACowsMilk_10_page_6,858.2,109.3,1059.0
10413674,stimulus_Arg_PISACowsMilk_10_page_6,858.3,109.1,1059.0
10413675,stimulus_Arg_PISACowsMilk_10_page_6,858.2,109.1,1059.0
10413676,stimulus_Arg_PISACowsMilk_10_page_6,858.3,109.3,1059.0
10413677,stimulus_Arg_PISACowsMilk_10_page_6,858.3,109.6,1058.0
10413678,stimulus_Arg_PISACowsMilk_10_page_6,858.3,109.9,1057.0
10413679,stimulus_Arg_PISACowsMilk_10_page_6,858.1,109.8,1057.0
10413680,stimulus_Arg_PISACowsMilk_10_page_6,858.0,109.7,1058.0
10413681,stimulus_Arg_PISACowsMilk_10_page_6,858.2,109.7,1058.0
10413682,stimulus_Arg_PISACowsMilk_10_page_6,858.2,109.7,1059.0
10413683,stimulus_Arg_PISACowsMilk_10_page_6,858.4,109.8,1059.0
10413684,stimulus_Arg_PISACowsMilk_10_page_6,858.6,109.9,1060.0
10413685,stimulus_Arg_PISACowsMilk_10_page_6,858.8,109.9,1060.0
10413686,stimulus_Arg_PISACowsMilk_10_page_6,859.0,109.8,1061.0
10413687,stimulus_Arg_PISACowsMilk_10_page_6,859.2,109.5,1060.0
10413688,stimulus_Arg_PISACowsMilk_10_page_6,859.3,109.3,1060.0
10413689,stimulus_Arg_PISACowsMilk_10_page_6,859.2,109.3,1060.0
10413690,stimulus_Arg_PISACowsMilk_10_page_6,859.4,109.6,1060.0
10413691,stimulus_Arg_PISACowsMilk_10_page_6,859.9,110.0,1060.0
10413692,stimulus_Arg_PISACowsMilk_10_page_6,860.4,110.3,1059.0
10413693,stimulus_Arg_PISACowsMilk_10_page_6,860.8,110.5,1058.0
10413694,stimulus_Arg_PISACowsMilk_10_page_6,860.9,110.7,1057.0
10413695,stimulus_Arg_PISACowsMilk_10_page_6,860.9,110.8,1057.0
10413696,stimulus_Arg_PISACowsMilk_10_page_6,861.0,111.1,1057.0
10413697,stimulus_Arg_PISACowsMilk_10_page_6,861.1,111.3,1058.0
10413698,stimulus_Arg_PISACowsMilk_10_page_6,861.2,111.6,1059.0
10413699,stimulus_Arg_PISACowsMilk_10_page_6,861.3,111.6,1060.0
10413700,stimulus_Arg_PISACowsMilk_10_page_6,861.3,111.6,1060.0
10413701,stimulus_Arg_PISACowsMilk_10_page_6,861.3,111.9,1061.0
10413702,stimulus_Arg_PISACowsMilk_10_page_6,861.3,112.1,1062.0
10413703,stimulus_Arg_PISACowsMilk_10_page_6,861.3,112.4,1061.0
10413704,stimulus_Arg_PISACowsMilk_10_page_6,861.3,112.4,1060.0
10413705,stimulus_Arg_PISACowsMilk_10_page_6,861.3,112.4,1060.0
10413706,stimulus_Arg_PISACowsMilk_10_page_6,861.4,112.6,1061.0
10413707,stimulus_Arg_PISACowsMilk_10_page_6,861.4,112.6,1062.0
10413708,stimulus_Arg_PISACowsMilk_10_page_6,861.5,112.7,1062.0
10413709,stimulus_Arg_PISACowsMilk_10_page_6,861.5,112.7,1061.0
10413710,stimulus_Arg_PISACowsMilk_10_page_6,861.5,112.6,1061.0
10413711,stimulus_Arg_PISACowsMilk_10_page_6,861.5,112.5,1061.0
10413712,stimulus_Arg_PISACowsMilk_10_page_6,861.4,112.7,1061.0
10413713,stimulus_Arg_PISACowsMilk_10_page_6,861.3,112.9,1062.0
10413714,stimulus_Arg_PISACowsMilk_10_page_6,861.3,113.2,1062.0
10413715,stimulus_Arg_PISACowsMilk_10_page_6,861.2,112.8,1061.0
10413716,stimulus_Arg_PISACowsMilk_10_page_6,861.2,112.5,1059.0
10413717,stimulus_Arg_PISACowsMilk_10_page_6,861.3,112.4,1059.0
10413718,stimulus_Arg_PISACowsMilk_10_page_6,861.5,112.6,1059.0
10413719,stimulus_Arg_PISACowsMilk_10_page_6,861.7,112.9,1060.0
10413720,stimulus_Arg_PISACowsMilk_10_page_6,861.8,112.9,1060.0
10413721,stimulus_Arg_PISACowsMilk_10_page_6,861.8,113.0,1060.0
10413722,stimulus_Arg_PISACowsMilk_10_page_6,861.8,112.9,1060.0
10413723,stimulus_Arg_PISACowsMilk_10_page_6,861.8,112.9,1061.0
10413724,stimulus_Arg_PISACowsMilk_10_page_6,861.8,113.0,1061.0
10413725,stimulus_Arg_PISACowsMilk_10_page_6,861.7,113.1,1060.0
10413726,stimulus_Arg_PISACowsMilk_10_page_6,861.6,113.1,1059.0
10413727,stimulus_Arg_PISACowsMilk_10_page_6,861.5,112.9,1057.0
10413728,stimulus_Arg_PISACowsMilk_10_page_6,860.9,112.7,1058.0
10413729,stimulus_Arg_PISACowsMilk_10_page_6,860.3,112.6,1058.0
10413730,stimulus_Arg_PISACowsMilk_10_page_6,859.7,112.8,1059.0
10413731,stimulus_Arg_PISACowsMilk_10_page_6,859.6,113.1,1058.0
10413732,stimulus_Arg_PISACowsMilk_10_page_6,859.6,113.3,1058.0
10413733,stimulus_Arg_PISACowsMilk_10_page_6,859.7,113.3,1057.0
10413734,stimulus_Arg_PISACowsMilk_10_page_6,860.1,113.4,1057.0
10413735,stimulus_Arg_PISACowsMilk_10_page_6,860.4,113.4,1057.0
10413736,stimulus_Arg_PISACowsMilk_10_page_6,860.7,113.4,1056.0
10413737,stimulus_Arg_PISACowsMilk_10_page_6,860.8,113.2,1056.0
10413738,stimulus_Arg_PISACowsMilk_10_page_6,860.8,113.1,1056.0
10413739,stimulus_Arg_PISACowsMilk_10_page_6,860.8,113.0,1057.0
10413740,stimulus_Arg_PISACowsMilk_10_page_6,860.8,112.6,1058.0
10413741,stimulus_Arg_PISACowsMilk_10_page_6,860.9,112.2,1059.0
10413742,stimulus_Arg_PISACowsMilk_10_page_6,860.9,112.0,1058.0
10413743,stimulus_Arg_PISACowsMilk_10_page_6,860.7,112.1,1058.0
10413744,stimulus_Arg_PISACowsMilk_10_page_6,860.6,112.2,1057.0
10413745,stimulus_Arg_PISACowsMilk_10_page_6,860.8,112.2,1056.0
10413746,stimulus_Arg_PISACowsMilk_10_page_6,861.4,112.3,1056.0
10413747,stimulus_Arg_PISACowsMilk_10_page_6,861.9,112.2,1056.0
10413748,stimulus_Arg_PISACowsMilk_10_page_6,861.9,112.1,1056.0
10413749,stimulus_Arg_PISACowsMilk_10_page_6,861.7,112.0,1056.0
10413750,stimulus_Arg_PISACowsMilk_10_page_6,861.5,111.7,1057.0
10413751,stimulus_Arg_PISACowsMilk_10_page_6,861.0,111.5,1057.0
10413752,stimulus_Arg_PISACowsMilk_10_page_6,860.5,111.6,1057.0
10413753,stimulus_Arg_PISACowsMilk_10_page_6,860.2,111.7,1057.0
10413754,stimulus_Arg_PISACowsMilk_10_page_6,860.3,111.9,1056.0
10413755,stimulus_Arg_PISACowsMilk_10_page_6,860.6,112.2,1056.0
10413756,stimulus_Arg_PISACowsMilk_10_page_6,860.7,112.6,1056.0
10413757,stimulus_Arg_PISACowsMilk_10_page_6,860.7,112.9,1056.0
10413758,stimulus_Arg_PISACowsMilk_10_page_6,860.6,112.9,1057.0
10413759,stimulus_Arg_PISACowsMilk_10_page_6,860.7,113.0,1057.0
10413760,stimulus_Arg_PISACowsMilk_10_page_6,860.7,113.1,1057.0
10413761,stimulus_Arg_PISACowsMilk_10_page_6,860.8,112.8,1057.0
10413762,stimulus_Arg_PISACowsMilk_10_page_6,860.9,112.5,1057.0
10413763,stimulus_Arg_PISACowsMilk_10_page_6,860.8,112.2,1058.0
10413764,stimulus_Arg_PISACowsMilk_10_page_6,860.7,112.5,1059.0
10413765,stimulus_Arg_PISACowsMilk_10_page_6,860.4,112.7,1059.0
10413766,stimulus_Arg_PISACowsMilk_10_page_6,860.2,112.8,1059.0
10413767,stimulus_Arg_PISACowsMilk_10_page_6,860.1,112.8,1058.0
10413768,stimulus_Arg_PISACowsMilk_10_page_6,860.3,112.8,1057.0
10413769,stimulus_Arg_PISACowsMilk_10_page_6,860.4,112.8,1058.0
10413770,stimulus_Arg_PISACowsMilk_10_page_6,860.6,112.8,1059.0
10413771,stimulus_Arg_PISACowsMilk_10_page_6,860.5,112.7,1059.0
10413772,stimulus_Arg_PISACowsMilk_10_page_6,860.5,112.5,1059.0
10413773,stimulus_Arg_PISACowsMilk_10_page_6,860.3,112.3,1059.0
10413774,stimulus_Arg_PISACowsMilk_10_page_6,860.1,112.0,1058.0
10413775,stimulus_Arg_PISACowsMilk_10_page_6,859.8,112.2,1058.0
10413776,stimulus_Arg_PISACowsMilk_10_page_6,859.8,112.6,1057.0
10413777,stimulus_Arg_PISACowsMilk_10_page_6,859.8,113.0,1057.0
10413778,stimulus_Arg_PISACowsMilk_10_page_6,859.9,113.2,1058.0
10413779,stimulus_Arg_PISACowsMilk_10_page_6,859.9,113.0,1058.0
10413780,stimulus_Arg_PISACowsMilk_10_page_6,860.1,112.9,1059.0
10413781,stimulus_Arg_PISACowsMilk_10_page_6,860.4,112.9,1058.0
10413782,stimulus_Arg_PISACowsMilk_10_page_6,860.5,113.0,1057.0
10413783,stimulus_Arg_PISACowsMilk_10_page_6,860.0,113.0,1057.0
10413784,stimulus_Arg_PISACowsMilk_10_page_6,859.5,113.0,1058.0
10413785,stimulus_Arg_PISACowsMilk_10_page_6,859.2,113.1,1057.0
10413786,stimulus_Arg_PISACowsMilk_10_page_6,859.1,113.2,1056.0
10413787,stimulus_Arg_PISACowsMilk_10_page_6,859.2,113.3,1055.0
10413788,stimulus_Arg_PISACowsMilk_10_page_6,859.3,113.4,1055.0
10413789,stimulus_Arg_PISACowsMilk_10_page_6,859.3,113.5,1055.0
10413790,stimulus_Arg_PISACowsMilk_10_page_6,859.2,113.4,1056.0
10413791,stimulus_Arg_PISACowsMilk_10_page_6,859.1,113.3,1056.0
10413792,stimulus_Arg_PISACowsMilk_10_page_6,859.2,113.2,1057.0
10413793,stimulus_Arg_PISACowsMilk_10_page_6,859.3,113.3,1058.0
10413794,stimulus_Arg_PISACowsMilk_10_page_6,859.4,113.6,1058.0
10413795,stimulus_Arg_PISACowsMilk_10_page_6,859.6,113.8,1058.0
10413796,stimulus_Arg_PISACowsMilk_10_page_6,860.1,114.0,1058.0
10413797,stimulus_Arg_PISACowsMilk_10_page_6,860.5,114.0,1059.0
10413798,stimulus_Arg_PISACowsMilk_10_page_6,860.9,114.0,1060.0
10413799,stimulus_Arg_PISACowsMilk_10_page_6,860.9,114.0,1061.0
10413800,stimulus_Arg_PISACowsMilk_10_page_6,860.8,113.9,1062.0
10413801,stimulus_Arg_PISACowsMilk_10_page_6,860.7,114.2,1062.0
10413802,stimulus_Arg_PISACowsMilk_10_page_6,860.6,114.5,1062.0
10413803,stimulus_Arg_PISACowsMilk_10_page_6,860.6,114.8,1062.0
10413804,stimulus_Arg_PISACowsMilk_10_page_6,860.6,114.9,1062.0
10413805,stimulus_Arg_PISACowsMilk_10_page_6,860.5,114.8,1062.0
10413806,stimulus_Arg_PISACowsMilk_10_page_6,860.3,114.8,1062.0
10413807,stimulus_Arg_PISACowsMilk_10_page_6,860.1,114.5,1061.0
10413808,stimulus_Arg_PISACowsMilk_10_page_6,860.3,114.1,1061.0
10413809,stimulus_Arg_PISACowsMilk_10_page_6,860.4,113.8,1060.0
10413810,stimulus_Arg_PISACowsMilk_10_page_6,860.6,113.9,1060.0
10413811,stimulus_Arg_PISACowsMilk_10_page_6,860.5,113.9,1060.0
10413812,stimulus_Arg_PISACowsMilk_10_page_6,860.5,114.2,1060.0
10413813,stimulus_Arg_PISACowsMilk_10_page_6,860.5,114.4,1060.0
10413814,stimulus_Arg_PISACowsMilk_10_page_6,860.5,114.7,1061.0
10413815,stimulus_Arg_PISACowsMilk_10_page_6,860.2,114.8,1061.0
10413816,stimulus_Arg_PISACowsMilk_10_page_6,860.0,114.9,1060.0
10413817,stimulus_Arg_PISACowsMilk_10_page_6,859.5,115.1,1060.0
10413818,stimulus_Arg_PISACowsMilk_10_page_6,859.4,115.3,1059.0
10413819,stimulus_Arg_PISACowsMilk_10_page_6,859.4,115.3,1058.0
10413820,stimulus_Arg_PISACowsMilk_10_page_6,859.6,115.0,1058.0
10413821,stimulus_Arg_PISACowsMilk_10_page_6,859.9,114.6,1058.0
10413822,stimulus_Arg_PISACowsMilk_10_page_6,860.0,114.1,1059.0
10413823,stimulus_Arg_PISACowsMilk_10_page_6,860.1,113.9,1059.0
10413824,stimulus_Arg_PISACowsMilk_10_page_6,860.3,113.8,1060.0
10413825,stimulus_Arg_PISACowsMilk_10_page_6,860.4,113.9,1060.0
10413826,stimulus_Arg_PISACowsMilk_10_page_6,860.5,113.7,1060.0
10413827,stimulus_Arg_PISACowsMilk_10_page_6,860.7,113.4,1061.0
10413828,stimulus_Arg_PISACowsMilk_10_page_6,860.9,113.2,1061.0
10413829,stimulus_Arg_PISACowsMilk_10_page_6,861.1,113.3,1062.0
10413830,stimulus_Arg_PISACowsMilk_10_page_6,861.0,113.6,1062.0
10413831,stimulus_Arg_PISACowsMilk_10_page_6,860.8,113.9,1061.0
10413832,stimulus_Arg_PISACowsMilk_10_page_6,860.4,114.3,1060.0
10413833,stimulus_Arg_PISACowsMilk_10_page_6,860.1,114.5,1060.0
10413834,stimulus_Arg_PISACowsMilk_10_page_6,860.1,114.6,1060.0
10413835,stimulus_Arg_PISACowsMilk_10_page_6,860.4,114.6,1059.0
10413836,stimulus_Arg_PISACowsMilk_10_page_6,860.7,114.6,1059.0
10413837,stimulus_Arg_PISACowsMilk_10_page_6,860.9,114.5,1058.0
10413838,stimulus_Arg_PISACowsMilk_10_page_6,860.9,114.5,1058.0
10413839,stimulus_Arg_PISACowsMilk_10_page_6,861.0,114.5,1058.0
10413840,stimulus_Arg_PISACowsMilk_10_page_6,861.1,114.5,1058.0
10413841,stimulus_Arg_PISACowsMilk_10_page_6,861.1,114.4,1057.0
10413842,stimulus_Arg_PISACowsMilk_10_page_6,861.2,114.5,1056.0
10413843,stimulus_Arg_PISACowsMilk_10_page_6,861.5,114.7,1056.0
10413844,stimulus_Arg_PISACowsMilk_10_page_6,861.7,114.9,1057.0
10413845,stimulus_Arg_PISACowsMilk_10_page_6,861.6,115.0,1057.0
10413846,stimulus_Arg_PISACowsMilk_10_page_6,861.3,114.9,1057.0
10413847,stimulus_Arg_PISACowsMilk_10_page_6,861.0,114.9,1057.0
10413848,stimulus_Arg_PISACowsMilk_10_page_6,861.0,114.9,1057.0
10413849,stimulus_Arg_PISACowsMilk_10_page_6,860.9,114.9,1057.0
10413850,stimulus_Arg_PISACowsMilk_10_page_6,860.9,114.9,1057.0
10413851,stimulus_Arg_PISACowsMilk_10_page_6,860.5,115.2,1057.0
10413852,stimulus_Arg_PISACowsMilk_10_page_6,860.2,115.5,1057.0
10413853,stimulus_Arg_PISACowsMilk_10_page_6,860.0,115.8,1058.0
10413854,stimulus_Arg_PISACowsMilk_10_page_6,859.9,115.7,1058.0
10413855,stimulus_Arg_PISACowsMilk_10_page_6,859.9,115.5,1058.0
10413856,stimulus_Arg_PISACowsMilk_10_page_6,859.9,115.3,1057.0
10413857,stimulus_Arg_PISACowsMilk_10_page_6,860.0,115.1,1057.0
10413858,stimulus_Arg_PISACowsMilk_10_page_6,860.1,115.0,1057.0
10413859,stimulus_Arg_PISACowsMilk_10_page_6,860.3,114.7,1057.0
10413860,stimulus_Arg_PISACowsMilk_10_page_6,860.5,114.3,1058.0
10413861,stimulus_Arg_PISACowsMilk_10_page_6,861.0,113.8,1058.0
10413862,stimulus_Arg_PISACowsMilk_10_page_6,861.4,113.7,1058.0
10413863,stimulus_Arg_PISACowsMilk_10_page_6,861.5,113.9,1058.0
10413864,stimulus_Arg_PISACowsMilk_10_page_6,861.6,114.4,1058.0
10413865,stimulus_Arg_PISACowsMilk_10_page_6,861.7,114.9,1058.0
10413866,stimulus_Arg_PISACowsMilk_10_page_6,861.5,115.1,1059.0
10413867,stimulus_Arg_PISACowsMilk_10_page_6,861.1,114.8,1059.0
10413868,stimulus_Arg_PISACowsMilk_10_page_6,860.7,114.6,1060.0
10413869,stimulus_Arg_PISACowsMilk_10_page_6,860.7,114.6,1060.0
10413870,stimulus_Arg_PISACowsMilk_10_page_6,860.7,114.5,1061.0
10413871,stimulus_Arg_PISACowsMilk_10_page_6,860.7,114.4,1061.0
10413872,stimulus_Arg_PISACowsMilk_10_page_6,860.8,114.6,1062.0
10413873,stimulus_Arg_PISACowsMilk_10_page_6,860.8,114.8,1062.0
10413874,stimulus_Arg_PISACowsMilk_10_page_6,860.6,115.0,1060.0
10413875,stimulus_Arg_PISACowsMilk_10_page_6,860.6,115.0,1058.0
10413876,stimulus_Arg_PISACowsMilk_10_page_6,860.5,115.0,1057.0
10413877,stimulus_Arg_PISACowsMilk_10_page_6,860.5,115.0,1058.0
10413878,stimulus_Arg_PISACowsMilk_10_page_6,860.6,115.1,1058.0
10413879,stimulus_Arg_PISACowsMilk_10_page_6,860.5,115.2,1059.0
10413880,stimulus_Arg_PISACowsMilk_10_page_6,860.5,115.3,1059.0
10413881,stimulus_Arg_PISACowsMilk_10_page_6,860.5,115.4,1060.0
10413882,stimulus_Arg_PISACowsMilk_10_page_6,860.6,115.4,1060.0
10413883,stimulus_Arg_PISACowsMilk_10_page_6,860.6,115.3,1060.0
10413884,stimulus_Arg_PISACowsMilk_10_page_6,860.6,115.4,1060.0
10413885,stimulus_Arg_PISACowsMilk_10_page_6,860.5,115.5,1061.0
10413886,stimulus_Arg_PISACowsMilk_10_page_6,860.4,115.6,1061.0
10413887,stimulus_Arg_PISACowsMilk_10_page_6,860.2,115.8,1062.0
10413888,stimulus_Arg_PISACowsMilk_10_page_6,859.9,116.1,1062.0
10413889,stimulus_Arg_PISACowsMilk_10_page_6,859.8,116.2,1062.0
10413890,stimulus_Arg_PISACowsMilk_10_page_6,859.7,116.2,1062.0
10413891,stimulus_Arg_PISACowsMilk_10_page_6,859.6,116.4,1062.0
10413892,stimulus_Arg_PISACowsMilk_10_page_6,859.6,116.6,1062.0
10413893,stimulus_Arg_PISACowsMilk_10_page_6,859.6,116.8,1061.0
10413894,stimulus_Arg_PISACowsMilk_10_page_6,859.6,116.8,1061.0
10413895,stimulus_Arg_PISACowsMilk_10_page_6,859.6,116.8,1061.0
10413896,stimulus_Arg_PISACowsMilk_10_page_6,859.6,116.8,1062.0
10413897,stimulus_Arg_PISACowsMilk_10_page_6,859.6,116.8,1062.0
10413898,stimulus_Arg_PISACowsMilk_10_page_6,859.7,116.7,1062.0
10413899,stimulus_Arg_PISACowsMilk_10_page_6,859.9,116.7,1062.0
10413900,stimulus_Arg_PISACowsMilk_10_page_6,860.1,116.7,1063.0
10413901,stimulus_Arg_PISACowsMilk_10_page_6,860.1,116.7,1063.0
10413902,stimulus_Arg_PISACowsMilk_10_page_6,860.2,116.8,1064.0
10413903,stimulus_Arg_PISACowsMilk_10_page_6,860.3,116.9,1065.0
10413904,stimulus_Arg_PISACowsMilk_10_page_6,860.0,116.9,1066.0
10413905,stimulus_Arg_PISACowsMilk_10_page_6,859.6,116.9,1067.0
10413906,stimulus_Arg_PISACowsMilk_10_page_6,859.3,117.0,1067.0
10413907,stimulus_Arg_PISACowsMilk_10_page_6,859.5,117.1,1067.0
10413908,stimulus_Arg_PISACowsMilk_10_page_6,859.7,117.1,1066.0
10413909,stimulus_Arg_PISACowsMilk_10_page_6,860.0,116.9,1066.0
10413910,stimulus_Arg_PISACowsMilk_10_page_6,860.6,116.9,1065.0
10413911,stimulus_Arg_PISACowsMilk_10_page_6,861.7,117.1,1064.0
10413912,stimulus_Arg_PISACowsMilk_10_page_6,863.7,117.0,1065.0
10413913,stimulus_Arg_PISACowsMilk_10_page_6,866.5,116.4,1067.0
10413914,stimulus_Arg_PISACowsMilk_10_page_6,870.3,115.9,1068.0
10413915,stimulus_Arg_PISACowsMilk_10_page_6,874.3,115.6,1068.0
10413916,stimulus_Arg_PISACowsMilk_10_page_6,879.4,116.1,1068.0
10413917,stimulus_Arg_PISACowsMilk_10_page_6,885.4,116.5,1068.0
10413918,stimulus_Arg_PISACowsMilk_10_page_6,891.4,116.9,1068.0
10413919,stimulus_Arg_PISACowsMilk_10_page_6,897.5,116.9,1068.0
10413920,stimulus_Arg_PISACowsMilk_10_page_6,903.4,117.0,1069.0
10413921,stimulus_Arg_PISACowsMilk_10_page_6,909.2,117.1,1071.0
10413922,stimulus_Arg_PISACowsMilk_10_page_6,914.5,116.9,1070.0
10413923,stimulus_Arg_PISACowsMilk_10_page_6,918.5,116.7,1068.0
10413924,stimulus_Arg_PISACowsMilk_10_page_6,921.4,115.9,1066.0
10413925,stimulus_Arg_PISACowsMilk_10_page_6,922.7,115.4,1066.0
10413926,stimulus_Arg_PISACowsMilk_10_page_6,922.9,114.4,1066.0
10413927,stimulus_Arg_PISACowsMilk_10_page_6,922.4,113.9,1064.0
10413928,stimulus_Arg_PISACowsMilk_10_page_6,921.3,113.6,1062.0
10413929,stimulus_Arg_PISACowsMilk_10_page_6,919.4,113.7,1059.0
10413930,stimulus_Arg_PISACowsMilk_10_page_6,917.1,113.8,1059.0
10413931,stimulus_Arg_PISACowsMilk_10_page_6,914.4,114.1,1058.0
10413932,stimulus_Arg_PISACowsMilk_10_page_6,911.9,114.4,1056.0
10413933,stimulus_Arg_PISACowsMilk_10_page_6,909.6,114.7,1056.0
10413934,stimulus_Arg_PISACowsMilk_10_page_6,908.1,114.8,1058.0
10413935,stimulus_Arg_PISACowsMilk_10_page_6,907.2,115.0,1060.0
10413936,stimulus_Arg_PISACowsMilk_10_page_6,907.0,115.3,1061.0
10413937,stimulus_Arg_PISACowsMilk_10_page_6,906.7,115.6,1063.0
10413938,stimulus_Arg_PISACowsMilk_10_page_6,906.2,116.1,1064.0
10413939,stimulus_Arg_PISACowsMilk_10_page_6,905.6,116.6,1064.0
10413940,stimulus_Arg_PISACowsMilk_10_page_6,905.4,116.8,1064.0
10413941,stimulus_Arg_PISACowsMilk_10_page_6,905.6,116.8,1064.0
10413942,stimulus_Arg_PISACowsMilk_10_page_6,905.8,116.9,1064.0
10413943,stimulus_Arg_PISACowsMilk_10_page_6,905.8,116.9,1064.0
10413944,stimulus_Arg_PISACowsMilk_10_page_6,905.7,117.0,1064.0
10413945,stimulus_Arg_PISACowsMilk_10_page_6,905.6,117.0,1064.0
10413946,stimulus_Arg_PISACowsMilk_10_page_6,905.7,117.1,1064.0
10413947,stimulus_Arg_PISACowsMilk_10_page_6,905.9,117.4,1065.0
10413948,stimulus_Arg_PISACowsMilk_10_page_6,906.2,117.6,1065.0
10413949,stimulus_Arg_PISACowsMilk_10_page_6,906.5,117.8,1065.0
10413950,stimulus_Arg_PISACowsMilk_10_page_6,906.8,118.0,1065.0
10413951,stimulus_Arg_PISACowsMilk_10_page_6,907.1,118.1,1064.0
10413952,stimulus_Arg_PISACowsMilk_10_page_6,907.3,118.2,1062.0
10413953,stimulus_Arg_PISACowsMilk_10_page_6,907.4,118.5,1060.0
10413954,stimulus_Arg_PISACowsMilk_10_page_6,907.5,118.7,1059.0
10413955,stimulus_Arg_PISACowsMilk_10_page_6,907.6,118.8,1060.0
10413956,stimulus_Arg_PISACowsMilk_10_page_6,907.6,118.8,1060.0
10413957,stimulus_Arg_PISACowsMilk_10_page_6,907.7,118.8,1060.0
10413958,stimulus_Arg_PISACowsMilk_10_page_6,907.8,118.8,1061.0
10413959,stimulus_Arg_PISACowsMilk_10_page_6,908.2,119.0,1061.0
10413960,stimulus_Arg_PISACowsMilk_10_page_6,908.5,119.2,1061.0
10413961,stimulus_Arg_PISACowsMilk_10_page_6,908.8,119.3,1061.0
10413962,stimulus_Arg_PISACowsMilk_10_page_6,908.8,119.1,1061.0
10413963,stimulus_Arg_PISACowsMilk_10_page_6,908.8,119.0,1060.0
10413964,stimulus_Arg_PISACowsMilk_10_page_6,908.7,118.9,1060.0
10413965,stimulus_Arg_PISACowsMilk_10_page_6,908.6,119.1,1059.0
10413966,stimulus_Arg_PISACowsMilk_10_page_6,908.4,119.3,1059.0
10413967,stimulus_Arg_PISACowsMilk_10_page_6,908.2,119.5,1059.0
10413968,stimulus_Arg_PISACowsMilk_10_page_6,908.2,119.5,1058.0
10413969,stimulus_Arg_PISACowsMilk_10_page_6,908.3,119.5,1057.0
10413970,stimulus_Arg_PISACowsMilk_10_page_6,908.3,119.5,1058.0
10413971,stimulus_Arg_PISACowsMilk_10_page_6,908.3,119.5,1060.0
10413972,stimulus_Arg_PISACowsMilk_10_page_6,908.3,119.4,1061.0
10413973,stimulus_Arg_PISACowsMilk_10_page_6,908.4,119.2,1061.0
10413974,stimulus_Arg_PISACowsMilk_10_page_6,908.4,119.0,1061.0
10413975,stimulus_Arg_PISACowsMilk_10_page_6,908.4,118.9,1061.0
10413976,stimulus_Arg_PISACowsMilk_10_page_6,908.1,118.8,1061.0
10413977,stimulus_Arg_PISACowsMilk_10_page_6,907.9,118.7,1060.0
10413978,stimulus_Arg_PISACowsMilk_10_page_6,907.7,118.8,1060.0
10413979,stimulus_Arg_PISACowsMilk_10_page_6,907.7,119.0,1060.0
10413980,stimulus_Arg_PISACowsMilk_10_page_6,907.8,119.2,1060.0
10413981,stimulus_Arg_PISACowsMilk_10_page_6,907.9,119.2,1060.0
10413982,stimulus_Arg_PISACowsMilk_10_page_6,908.1,119.2,1059.0
10413983,stimulus_Arg_PISACowsMilk_10_page_6,908.3,119.2,1059.0
10413984,stimulus_Arg_PISACowsMilk_10_page_6,908.2,119.1,1059.0
10413985,stimulus_Arg_PISACowsMilk_10_page_6,908.0,118.9,1059.0
10413986,stimulus_Arg_PISACowsMilk_10_page_6,907.7,118.6,1060.0
10413987,stimulus_Arg_PISACowsMilk_10_page_6,907.7,118.7,1061.0
10413988,stimulus_Arg_PISACowsMilk_10_page_6,907.6,118.8,1061.0
10413989,stimulus_Arg_PISACowsMilk_10_page_6,907.7,118.9,1060.0
10413990,stimulus_Arg_PISACowsMilk_10_page_6,907.7,118.7,1060.0
10413991,stimulus_Arg_PISACowsMilk_10_page_6,907.8,118.6,1061.0
10413992,stimulus_Arg_PISACowsMilk_10_page_6,907.8,118.6,1061.0
10413993,stimulus_Arg_PISACowsMilk_10_page_6,908.0,118.6,1061.0
10413994,stimulus_Arg_PISACowsMilk_10_page_6,908.1,118.6,1061.0
10413995,stimulus_Arg_PISACowsMilk_10_page_6,908.3,118.7,1061.0
10413996,stimulus_Arg_PISACowsMilk_10_page_6,908.4,118.8,1061.0
10413997,stimulus_Arg_PISACowsMilk_10_page_6,908.3,118.8,1061.0
10413998,stimulus_Arg_PISACowsMilk_10_page_6,908.1,118.5,1061.0
10413999,stimulus_Arg_PISACowsMilk_10_page_6,908.0,118.3,1061.0
10414000,stimulus_Arg_PISACowsMilk_10_page_6,908.0,117.9,1061.0
10414001,stimulus_Arg_PISACowsMilk_10_page_6,908.0,117.8,1060.0
10414002,stimulus_Arg_PISACowsMilk_10_page_6,907.9,117.6,1060.0
10414003,stimulus_Arg_PISACowsMilk_10_page_6,907.9,117.5,1061.0
10414004,stimulus_Arg_PISACowsMilk_10_page_6,908.1,117.6,1061.0
10414005,stimulus_Arg_PISACowsMilk_10_page_6,908.2,117.8,1061.0
10414006,stimulus_Arg_PISACowsMilk_10_page_6,908.5,117.9,1061.0
10414007,stimulus_Arg_PISACowsMilk_10_page_6,908.6,118.1,1060.0
10414008,stimulus_Arg_PISACowsMilk_10_page_6,908.7,118.0,1060.0
10414009,stimulus_Arg_PISACowsMilk_10_page_6,908.8,117.7,1061.0
10414010,stimulus_Arg_PISACowsMilk_10_page_6,908.8,117.5,1061.0
10414011,stimulus_Arg_PISACowsMilk_10_page_6,908.8,117.3,1061.0
10414012,stimulus_Arg_PISACowsMilk_10_page_6,908.8,117.4,1061.0
10414013,stimulus_Arg_PISACowsMilk_10_page_6,908.9,117.5,1061.0
10414014,stimulus_Arg_PISACowsMilk_10_page_6,909.1,117.6,1061.0
10414015,stimulus_Arg_PISACowsMilk_10_page_6,909.2,117.5,1061.0
10414016,stimulus_Arg_PISACowsMilk_10_page_6,909.2,117.5,1060.0
10414017,stimulus_Arg_PISACowsMilk_10_page_6,909.2,117.4,1059.0
10414018,stimulus_Arg_PISACowsMilk_10_page_6,909.1,117.3,1059.0
10414019,stimulus_Arg_PISACowsMilk_10_page_6,909.1,117.4,1059.0
10414020,stimulus_Arg_PISACowsMilk_10_page_6,909.1,117.4,1059.0
10414021,stimulus_Arg_PISACowsMilk_10_page_6,909.1,117.3,1059.0
10414022,stimulus_Arg_PISACowsMilk_10_page_6,909.1,117.3,1060.0
10414023,stimulus_Arg_PISACowsMilk_10_page_6,909.2,117.2,1060.0
10414024,stimulus_Arg_PISACowsMilk_10_page_6,909.3,117.0,1060.0
10414025,stimulus_Arg_PISACowsMilk_10_page_6,909.3,116.8,1059.0
10414026,stimulus_Arg_PISACowsMilk_10_page_6,909.4,116.6,1058.0
10414027,stimulus_Arg_PISACowsMilk_10_page_6,909.4,116.7,1057.0
10414028,stimulus_Arg_PISACowsMilk_10_page_6,909.4,117.1,1057.0
10414029,stimulus_Arg_PISACowsMilk_10_page_6,909.3,117.4,1057.0
10414030,stimulus_Arg_PISACowsMilk_10_page_6,909.2,117.5,1058.0
10414031,stimulus_Arg_PISACowsMilk_10_page_6,909.2,117.3,1058.0
10414032,stimulus_Arg_PISACowsMilk_10_page_6,909.2,117.0,1057.0
10414033,stimulus_Arg_PISACowsMilk_10_page_6,909.3,117.0,1056.0
10414034,stimulus_Arg_PISACowsMilk_10_page_6,909.1,117.1,1055.0
10414035,stimulus_Arg_PISACowsMilk_10_page_6,908.9,117.4,1056.0
10414036,stimulus_Arg_PISACowsMilk_10_page_6,908.8,117.7,1056.0
10414037,stimulus_Arg_PISACowsMilk_10_page_6,908.7,117.9,1056.0
10414038,stimulus_Arg_PISACowsMilk_10_page_6,908.6,118.0,1056.0
10414039,stimulus_Arg_PISACowsMilk_10_page_6,908.5,118.0,1055.0
10414040,stimulus_Arg_PISACowsMilk_10_page_6,908.4,117.7,1055.0
10414041,stimulus_Arg_PISACowsMilk_10_page_6,908.5,117.4,1055.0
10414042,stimulus_Arg_PISACowsMilk_10_page_6,908.5,117.2,1056.0
10414043,stimulus_Arg_PISACowsMilk_10_page_6,908.5,117.2,1056.0
10414044,stimulus_Arg_PISACowsMilk_10_page_6,908.5,117.2,1056.0
10414045,stimulus_Arg_PISACowsMilk_10_page_6,908.3,117.1,1056.0
10414046,stimulus_Arg_PISACowsMilk_10_page_6,908.1,116.9,1055.0
10414047,stimulus_Arg_PISACowsMilk_10_page_6,907.9,116.7,1055.0
10414048,stimulus_Arg_PISACowsMilk_10_page_6,907.9,116.6,1055.0
10414049,stimulus_Arg_PISACowsMilk_10_page_6,907.7,116.5,1055.0
10414050,stimulus_Arg_PISACowsMilk_10_page_6,907.6,116.4,1055.0
10414051,stimulus_Arg_PISACowsMilk_10_page_6,907.7,116.4,1055.0
10414052,stimulus_Arg_PISACowsMilk_10_page_6,908.1,116.4,1055.0
10414053,stimulus_Arg_PISACowsMilk_10_page_6,908.5,116.5,1056.0
10414054,stimulus_Arg_PISACowsMilk_10_page_6,908.5,116.6,1056.0
10414055,stimulus_Arg_PISACowsMilk_10_page_6,908.5,116.7,1055.0
10414056,stimulus_Arg_PISACowsMilk_10_page_6,908.2,116.5,1054.0
10414057,stimulus_Arg_PISACowsMilk_10_page_6,907.9,116.2,1053.0
10414058,stimulus_Arg_PISACowsMilk_10_page_6,907.8,116.0,1052.0
10414059,stimulus_Arg_PISACowsMilk_10_page_6,908.0,115.9,1053.0
10414060,stimulus_Arg_PISACowsMilk_10_page_6,908.1,115.9,1053.0
10414061,stimulus_Arg_PISACowsMilk_10_page_6,908.1,115.8,1053.0
10414062,stimulus_Arg_PISACowsMilk_10_page_6,908.1,115.7,1053.0
10414063,stimulus_Arg_PISACowsMilk_10_page_6,908.1,115.6,1052.0
10414064,stimulus_Arg_PISACowsMilk_10_page_6,908.2,115.6,1052.0
10414065,stimulus_Arg_PISACowsMilk_10_page_6,908.3,115.7,1052.0
10414066,stimulus_Arg_PISACowsMilk_10_page_6,908.4,115.7,1051.0
10414067,stimulus_Arg_PISACowsMilk_10_page_6,908.6,115.5,1051.0
10414068,stimulus_Arg_PISACowsMilk_10_page_6,908.8,115.5,1050.0
10414069,stimulus_Arg_PISACowsMilk_10_page_6,909.0,115.6,1050.0
10414070,stimulus_Arg_PISACowsMilk_10_page_6,908.9,115.7,1050.0
10414071,stimulus_Arg_PISACowsMilk_10_page_6,908.6,115.6,1050.0
10414072,stimulus_Arg_PISACowsMilk_10_page_6,908.3,115.4,1049.0
10414073,stimulus_Arg_PISACowsMilk_10_page_6,908.0,115.3,1049.0
10414074,stimulus_Arg_PISACowsMilk_10_page_6,907.9,115.1,1048.0
10414075,stimulus_Arg_PISACowsMilk_10_page_6,908.0,115.0,1047.0
10414076,stimulus_Arg_PISACowsMilk_10_page_6,908.1,114.9,1046.0
10414077,stimulus_Arg_PISACowsMilk_10_page_6,908.1,115.0,1045.0
10414078,stimulus_Arg_PISACowsMilk_10_page_6,908.2,114.9,1045.0
10414079,stimulus_Arg_PISACowsMilk_10_page_6,908.2,114.7,1046.0
10414080,stimulus_Arg_PISACowsMilk_10_page_6,908.2,114.5,1047.0
10414081,stimulus_Arg_PISACowsMilk_10_page_6,908.4,114.4,1048.0
10414082,stimulus_Arg_PISACowsMilk_10_page_6,908.6,114.2,1048.0
10414083,stimulus_Arg_PISACowsMilk_10_page_6,908.6,114.1,1047.0
10414084,stimulus_Arg_PISACowsMilk_10_page_6,908.7,114.0,1046.0
10414085,stimulus_Arg_PISACowsMilk_10_page_6,908.7,113.9,1045.0
10414086,stimulus_Arg_PISACowsMilk_10_page_6,908.8,113.9,1044.0
10414087,stimulus_Arg_PISACowsMilk_10_page_6,908.7,113.8,1043.0
10414088,stimulus_Arg_PISACowsMilk_10_page_6,908.5,113.8,1043.0
10414089,stimulus_Arg_PISACowsMilk_10_page_6,908.2,113.7,1043.0
10414090,stimulus_Arg_PISACowsMilk_10_page_6,908.0,113.6,1043.0
10414091,stimulus_Arg_PISACowsMilk_10_page_6,907.8,113.2,1043.0
10414092,stimulus_Arg_PISACowsMilk_10_page_6,908.1,112.8,1045.0
10414093,stimulus_Arg_PISACowsMilk_10_page_6,908.4,112.5,1046.0
10414094,stimulus_Arg_PISACowsMilk_10_page_6,908.6,112.5,1046.0
10414095,stimulus_Arg_PISACowsMilk_10_page_6,908.6,112.5,1044.0
10414096,stimulus_Arg_PISACowsMilk_10_page_6,908.5,112.6,1042.0
10414097,stimulus_Arg_PISACowsMilk_10_page_6,908.7,112.6,1043.0
10414098,stimulus_Arg_PISACowsMilk_10_page_6,908.9,112.7,1045.0
10414099,stimulus_Arg_PISACowsMilk_10_page_6,909.0,112.4,1046.0
10414100,stimulus_Arg_PISACowsMilk_10_page_6,908.7,112.0,1046.0
10414101,stimulus_Arg_PISACowsMilk_10_page_6,908.4,111.8,1046.0
10414102,stimulus_Arg_PISACowsMilk_10_page_6,908.3,111.8,1047.0
10414103,stimulus_Arg_PISACowsMilk_10_page_6,908.3,111.8,1047.0
10414104,stimulus_Arg_PISACowsMilk_10_page_6,908.3,111.7,1047.0
10414105,stimulus_Arg_PISACowsMilk_10_page_6,908.3,111.6,1047.0
10414106,stimulus_Arg_PISACowsMilk_10_page_6,908.5,111.7,1047.0
10414107,stimulus_Arg_PISACowsMilk_10_page_6,908.7,111.9,1047.0
10414108,stimulus_Arg_PISACowsMilk_10_page_6,908.8,112.2,1047.0
10414109,stimulus_Arg_PISACowsMilk_10_page_6,908.7,112.4,1046.0
10414110,stimulus_Arg_PISACowsMilk_10_page_6,908.8,112.4,1046.0
10414111,stimulus_Arg_PISACowsMilk_10_page_6,909.0,112.3,1047.0
10414112,stimulus_Arg_PISACowsMilk_10_page_6,909.2,112.3,1048.0
10414113,stimulus_Arg_PISACowsMilk_10_page_6,909.2,112.5,1047.0
10414114,stimulus_Arg_PISACowsMilk_10_page_6,909.2,112.9,1047.0
10414115,stimulus_Arg_PISACowsMilk_10_page_6,909.0,113.1,1046.0
10414116,stimulus_Arg_PISACowsMilk_10_page_6,908.9,113.2,1047.0
10414117,stimulus_Arg_PISACowsMilk_10_page_6,908.9,113.1,1047.0
10414118,stimulus_Arg_PISACowsMilk_10_page_6,908.9,112.8,1048.0
10414119,stimulus_Arg_PISACowsMilk_10_page_6,909.0,112.6,1048.0
10414120,stimulus_Arg_PISACowsMilk_10_page_6,909.0,112.5,1047.0
10414121,stimulus_Arg_PISACowsMilk_10_page_6,909.0,112.6,1047.0
10414122,stimulus_Arg_PISACowsMilk_10_page_6,909.1,112.6,1047.0
10414123,stimulus_Arg_PISACowsMilk_10_page_6,909.2,112.6,1047.0
10414124,stimulus_Arg_PISACowsMilk_10_page_6,909.2,112.7,1045.0
10414125,stimulus_Arg_PISACowsMilk_10_page_6,909.1,112.7,1044.0
10414126,stimulus_Arg_PISACowsMilk_10_page_6,909.0,112.7,1043.0
10414127,stimulus_Arg_PISACowsMilk_10_page_6,908.9,112.5,1044.0
10414128,stimulus_Arg_PISACowsMilk_10_page_6,908.9,112.5,1044.0
10414129,stimulus_Arg_PISACowsMilk_10_page_6,908.9,112.8,1044.0
10414130,stimulus_Arg_PISACowsMilk_10_page_6,909.0,113.0,1044.0
10414131,stimulus_Arg_PISACowsMilk_10_page_6,908.9,113.1,1044.0
10414132,stimulus_Arg_PISACowsMilk_10_page_6,908.9,112.8,1044.0
10414133,stimulus_Arg_PISACowsMilk_10_page_6,908.9,112.5,1043.0
10414134,stimulus_Arg_PISACowsMilk_10_page_6,908.9,112.3,1043.0
10414135,stimulus_Arg_PISACowsMilk_10_page_6,908.9,112.3,1044.0
10414136,stimulus_Arg_PISACowsMilk_10_page_6,908.9,112.5,1044.0
10414137,stimulus_Arg_PISACowsMilk_10_page_6,908.8,112.8,1044.0
10414138,stimulus_Arg_PISACowsMilk_10_page_6,908.8,112.8,1044.0
10414139,stimulus_Arg_PISACowsMilk_10_page_6,908.7,112.6,1043.0
10414140,stimulus_Arg_PISACowsMilk_10_page_6,908.7,112.5,1043.0
10414141,stimulus_Arg_PISACowsMilk_10_page_6,908.6,112.6,1044.0
10414142,stimulus_Arg_PISACowsMilk_10_page_6,908.6,112.7,1044.0
10414143,stimulus_Arg_PISACowsMilk_10_page_6,908.5,112.7,1044.0
10414144,stimulus_Arg_PISACowsMilk_10_page_6,908.5,112.8,1045.0
10414145,stimulus_Arg_PISACowsMilk_10_page_6,908.5,112.9,1045.0
10414146,stimulus_Arg_PISACowsMilk_10_page_6,908.5,112.9,1044.0
10414147,stimulus_Arg_PISACowsMilk_10_page_6,908.4,113.0,1043.0
10414148,stimulus_Arg_PISACowsMilk_10_page_6,908.3,113.0,1041.0
10414149,stimulus_Arg_PISACowsMilk_10_page_6,908.2,113.0,1042.0
10414150,stimulus_Arg_PISACowsMilk_10_page_6,908.4,113.0,1043.0
10414151,stimulus_Arg_PISACowsMilk_10_page_6,908.7,112.8,1044.0
10414152,stimulus_Arg_PISACowsMilk_10_page_6,909.2,112.7,1043.0
10414153,stimulus_Arg_PISACowsMilk_10_page_6,909.3,112.5,1043.0
10414154,stimulus_Arg_PISACowsMilk_10_page_6,909.4,112.6,1043.0
10414155,stimulus_Arg_PISACowsMilk_10_page_6,909.5,112.8,1042.0
10414156,stimulus_Arg_PISACowsMilk_10_page_6,909.6,113.1,1041.0
10414157,stimulus_Arg_PISACowsMilk_10_page_6,909.3,113.3,1040.0
10414158,stimulus_Arg_PISACowsMilk_10_page_6,908.9,113.3,1041.0
10414159,stimulus_Arg_PISACowsMilk_10_page_6,908.6,113.4,1041.0
10414160,stimulus_Arg_PISACowsMilk_10_page_6,908.5,113.5,1042.0
10414161,stimulus_Arg_PISACowsMilk_10_page_6,908.5,113.5,1042.0
10414162,stimulus_Arg_PISACowsMilk_10_page_6,908.4,113.4,1042.0
10414163,stimulus_Arg_PISACowsMilk_10_page_6,908.3,113.3,1042.0
10414164,stimulus_Arg_PISACowsMilk_10_page_6,908.3,113.2,1042.0
10414165,stimulus_Arg_PISACowsMilk_10_page_6,908.4,113.2,1041.0
10414166,stimulus_Arg_PISACowsMilk_10_page_6,908.4,113.3,1041.0
10414167,stimulus_Arg_PISACowsMilk_10_page_6,908.4,113.3,1041.0
10414168,stimulus_Arg_PISACowsMilk_10_page_6,908.0,113.0,1041.0
10414169,stimulus_Arg_PISACowsMilk_10_page_6,907.7,112.7,1041.0
10414170,stimulus_Arg_PISACowsMilk_10_page_6,907.6,112.4,1042.0
10414171,stimulus_Arg_PISACowsMilk_10_page_6,908.0,112.5,1041.0
10414172,stimulus_Arg_PISACowsMilk_10_page_6,908.3,112.6,1040.0
10414173,stimulus_Arg_PISACowsMilk_10_page_6,908.5,112.6,1039.0
10414174,stimulus_Arg_PISACowsMilk_10_page_6,908.5,112.6,1039.0
10414175,stimulus_Arg_PISACowsMilk_10_page_6,908.3,112.6,1040.0
10414176,stimulus_Arg_PISACowsMilk_10_page_6,908.2,112.5,1042.0
10414177,stimulus_Arg_PISACowsMilk_10_page_6,908.3,112.3,1043.0
10414178,stimulus_Arg_PISACowsMilk_10_page_6,908.5,112.2,1043.0
10414179,stimulus_Arg_PISACowsMilk_10_page_6,908.6,112.2,1043.0
10414180,stimulus_Arg_PISACowsMilk_10_page_6,908.7,112.2,1044.0
10414181,stimulus_Arg_PISACowsMilk_10_page_6,908.6,112.2,1043.0
10414182,stimulus_Arg_PISACowsMilk_10_page_6,908.6,112.2,1042.0
10414183,stimulus_Arg_PISACowsMilk_10_page_6,908.3,112.2,1041.0
10414184,stimulus_Arg_PISACowsMilk_10_page_6,908.1,112.2,1041.0
10414185,stimulus_Arg_PISACowsMilk_10_page_6,907.8,112.2,1040.0
10414186,stimulus_Arg_PISACowsMilk_10_page_6,908.0,112.3,1040.0
10414187,stimulus_Arg_PISACowsMilk_10_page_6,908.3,112.5,1039.0
10414188,stimulus_Arg_PISACowsMilk_10_page_6,908.5,112.7,1039.0
10414189,stimulus_Arg_PISACowsMilk_10_page_6,908.6,112.9,1039.0
10414190,stimulus_Arg_PISACowsMilk_10_page_6,908.5,112.9,1039.0
10414191,stimulus_Arg_PISACowsMilk_10_page_6,908.4,112.9,1039.0
10414192,stimulus_Arg_PISACowsMilk_10_page_6,908.4,112.9,1039.0
10414193,stimulus_Arg_PISACowsMilk_10_page_6,908.4,113.0,1038.0
10414194,stimulus_Arg_PISACowsMilk_10_page_6,908.4,113.0,1038.0
10414195,stimulus_Arg_PISACowsMilk_10_page_6,908.1,113.0,1039.0
10414196,stimulus_Arg_PISACowsMilk_10_page_6,907.7,113.1,1040.0
10414197,stimulus_Arg_PISACowsMilk_10_page_6,907.6,113.1,1040.0
10414198,stimulus_Arg_PISACowsMilk_10_page_6,907.8,113.2,1039.0
10414199,stimulus_Arg_PISACowsMilk_10_page_6,908.4,113.2,1038.0
10414200,stimulus_Arg_PISACowsMilk_10_page_6,908.7,113.3,1038.0
10414201,stimulus_Arg_PISACowsMilk_10_page_6,909.4,113.4,1038.0
10414202,stimulus_Arg_PISACowsMilk_10_page_6,910.9,113.6,1038.0
10414203,stimulus_Arg_PISACowsMilk_10_page_6,914.0,113.8,1038.0
10414204,stimulus_Arg_PISACowsMilk_10_page_6,917.8,114.2,1040.0
10414205,stimulus_Arg_PISACowsMilk_10_page_6,921.8,114.8,1040.0
10414206,stimulus_Arg_PISACowsMilk_10_page_6,926.0,115.4,1040.0
10414207,stimulus_Arg_PISACowsMilk_10_page_6,931.1,115.4,1039.0
10414208,stimulus_Arg_PISACowsMilk_10_page_6,936.8,115.1,1039.0
10414209,stimulus_Arg_PISACowsMilk_10_page_6,941.9,114.5,1039.0
10414210,stimulus_Arg_PISACowsMilk_10_page_6,946.8,114.2,1039.0
10414211,stimulus_Arg_PISACowsMilk_10_page_6,952.7,114.1,1039.0
10414212,stimulus_Arg_PISACowsMilk_10_page_6,959.2,114.2,1038.0
10414213,stimulus_Arg_PISACowsMilk_10_page_6,964.6,114.4,1038.0
10414214,stimulus_Arg_PISACowsMilk_10_page_6,967.8,114.5,1038.0
10414215,stimulus_Arg_PISACowsMilk_10_page_6,970.6,114.1,1034.0
10414216,stimulus_Arg_PISACowsMilk_10_page_6,974.0,113.4,1030.0
10414217,stimulus_Arg_PISACowsMilk_10_page_6,977.5,112.8,1027.0
10414218,stimulus_Arg_PISACowsMilk_10_page_6,979.5,112.5,1028.0
10414219,stimulus_Arg_PISACowsMilk_10_page_6,980.3,112.6,1029.0
10414220,stimulus_Arg_PISACowsMilk_10_page_6,981.2,112.8,1030.0
10414221,stimulus_Arg_PISACowsMilk_10_page_6,982.1,112.9,1030.0
10414222,stimulus_Arg_PISACowsMilk_10_page_6,983.0,112.7,1030.0
10414223,stimulus_Arg_PISACowsMilk_10_page_6,982.9,112.6,1029.0
10414224,stimulus_Arg_PISACowsMilk_10_page_6,982.7,112.3,1028.0
10414225,stimulus_Arg_PISACowsMilk_10_page_6,982.4,111.9,1027.0
10414226,stimulus_Arg_PISACowsMilk_10_page_6,982.0,111.5,1027.0
10414227,stimulus_Arg_PISACowsMilk_10_page_6,981.1,111.1,1028.0
10414228,stimulus_Arg_PISACowsMilk_10_page_6,980.0,110.9,1028.0
10414229,stimulus_Arg_PISACowsMilk_10_page_6,978.7,110.8,1028.0
10414230,stimulus_Arg_PISACowsMilk_10_page_6,977.1,110.7,1027.0
10414231,stimulus_Arg_PISACowsMilk_10_page_6,975.6,110.6,1029.0
10414232,stimulus_Arg_PISACowsMilk_10_page_6,974.3,110.5,1030.0
10414233,stimulus_Arg_PISACowsMilk_10_page_6,973.2,110.7,1031.0
10414234,stimulus_Arg_PISACowsMilk_10_page_6,972.6,111.1,1031.0
10414235,stimulus_Arg_PISACowsMilk_10_page_6,972.1,111.8,1031.0
10414236,stimulus_Arg_PISACowsMilk_10_page_6,972.1,112.2,1031.0
10414237,stimulus_Arg_PISACowsMilk_10_page_6,972.1,112.4,1031.0
10414238,stimulus_Arg_PISACowsMilk_10_page_6,972.1,112.4,1031.0
10414239,stimulus_Arg_PISACowsMilk_10_page_6,972.4,112.6,1031.0
10414240,stimulus_Arg_PISACowsMilk_10_page_6,972.6,112.8,1031.0
10414241,stimulus_Arg_PISACowsMilk_10_page_6,972.8,113.2,1031.0
10414242,stimulus_Arg_PISACowsMilk_10_page_6,973.1,113.5,1031.0
10414243,stimulus_Arg_PISACowsMilk_10_page_6,973.4,113.6,1031.0
10414244,stimulus_Arg_PISACowsMilk_10_page_6,973.8,113.4,1031.0
10414245,stimulus_Arg_PISACowsMilk_10_page_6,974.0,113.2,1031.0
10414246,stimulus_Arg_PISACowsMilk_10_page_6,974.2,113.1,1032.0
10414247,stimulus_Arg_PISACowsMilk_10_page_6,974.5,113.1,1033.0
10414248,stimulus_Arg_PISACowsMilk_10_page_6,974.7,113.0,1033.0
10414249,stimulus_Arg_PISACowsMilk_10_page_6,974.9,112.9,1034.0
10414250,stimulus_Arg_PISACowsMilk_10_page_6,975.0,112.9,1034.0
10414251,stimulus_Arg_PISACowsMilk_10_page_6,975.1,113.0,1034.0
10414252,stimulus_Arg_PISACowsMilk_10_page_6,975.1,113.1,1034.0
10414253,stimulus_Arg_PISACowsMilk_10_page_6,975.3,113.3,1034.0
10414254,stimulus_Arg_PISACowsMilk_10_page_6,975.5,113.4,1033.0
10414255,stimulus_Arg_PISACowsMilk_10_page_6,975.8,113.4,1033.0
10414256,stimulus_Arg_PISACowsMilk_10_page_6,975.8,113.3,1033.0
10414257,stimulus_Arg_PISACowsMilk_10_page_6,975.9,113.2,1033.0
10414258,stimulus_Arg_PISACowsMilk_10_page_6,975.9,113.2,1033.0
10414259,stimulus_Arg_PISACowsMilk_10_page_6,975.6,113.2,1033.0
10414260,stimulus_Arg_PISACowsMilk_10_page_6,975.4,113.2,1034.0
10414261,stimulus_Arg_PISACowsMilk_10_page_6,975.2,113.3,1034.0
10414262,stimulus_Arg_PISACowsMilk_10_page_6,975.3,113.4,1035.0
10414263,stimulus_Arg_PISACowsMilk_10_page_6,975.4,113.4,1035.0
10414264,stimulus_Arg_PISACowsMilk_10_page_6,975.4,113.4,1035.0
10414265,stimulus_Arg_PISACowsMilk_10_page_6,975.4,113.3,1035.0
10414266,stimulus_Arg_PISACowsMilk_10_page_6,975.5,113.2,1035.0
10414267,stimulus_Arg_PISACowsMilk_10_page_6,975.5,113.0,1034.0
10414268,stimulus_Arg_PISACowsMilk_10_page_6,975.5,113.0,1034.0
10414269,stimulus_Arg_PISACowsMilk_10_page_6,975.5,113.0,1033.0
10414270,stimulus_Arg_PISACowsMilk_10_page_6,975.5,113.0,1033.0
10414271,stimulus_Arg_PISACowsMilk_10_page_6,975.4,113.1,1033.0
10414272,stimulus_Arg_PISACowsMilk_10_page_6,975.3,113.2,1032.0
10414273,stimulus_Arg_PISACowsMilk_10_page_6,975.1,113.2,1031.0
10414274,stimulus_Arg_PISACowsMilk_10_page_6,975.0,113.1,1030.0
10414275,stimulus_Arg_PISACowsMilk_10_page_6,974.9,113.1,1030.0
10414276,stimulus_Arg_PISACowsMilk_10_page_6,974.8,113.2,1030.0
10414277,stimulus_Arg_PISACowsMilk_10_page_6,974.8,113.1,1030.0
10414278,stimulus_Arg_PISACowsMilk_10_page_6,974.9,113.0,1030.0
10414279,stimulus_Arg_PISACowsMilk_10_page_6,975.1,112.9,1030.0
10414280,stimulus_Arg_PISACowsMilk_10_page_6,975.2,112.9,1031.0
10414281,stimulus_Arg_PISACowsMilk_10_page_6,975.2,113.1,1031.0
10414282,stimulus_Arg_PISACowsMilk_10_page_6,975.1,113.3,1031.0
10414283,stimulus_Arg_PISACowsMilk_10_page_6,975.1,113.5,1030.0
10414284,stimulus_Arg_PISACowsMilk_10_page_6,975.3,113.7,1029.0
10414285,stimulus_Arg_PISACowsMilk_10_page_6,975.6,113.8,1028.0
10414286,stimulus_Arg_PISACowsMilk_10_page_6,975.8,113.7,1028.0
10414287,stimulus_Arg_PISACowsMilk_10_page_6,975.9,113.6,1028.0
10414288,stimulus_Arg_PISACowsMilk_10_page_6,975.8,113.6,1029.0
10414289,stimulus_Arg_PISACowsMilk_10_page_6,975.8,113.8,1029.0
10414290,stimulus_Arg_PISACowsMilk_10_page_6,975.7,113.7,1030.0
10414291,stimulus_Arg_PISACowsMilk_10_page_6,975.8,113.4,1030.0
10414292,stimulus_Arg_PISACowsMilk_10_page_6,975.8,113.3,1030.0
10414293,stimulus_Arg_PISACowsMilk_10_page_6,975.9,113.3,1030.0
10414294,stimulus_Arg_PISACowsMilk_10_page_6,975.9,113.1,1030.0
10414295,stimulus_Arg_PISACowsMilk_10_page_6,976.1,112.9,1030.0
10414296,stimulus_Arg_PISACowsMilk_10_page_6,976.2,112.8,1030.0
10414297,stimulus_Arg_PISACowsMilk_10_page_6,976.3,113.1,1030.0
10414298,stimulus_Arg_PISACowsMilk_10_page_6,976.0,113.3,1031.0
10414299,stimulus_Arg_PISACowsMilk_10_page_6,975.8,113.4,1031.0
10414300,stimulus_Arg_PISACowsMilk_10_page_6,975.6,113.5,1031.0
10414301,stimulus_Arg_PISACowsMilk_10_page_6,975.5,113.5,1030.0
10414302,stimulus_Arg_PISACowsMilk_10_page_6,975.5,113.7,1029.0
10414303,stimulus_Arg_PISACowsMilk_10_page_6,975.5,113.9,1028.0
10414304,stimulus_Arg_PISACowsMilk_10_page_6,976.0,113.8,1028.0
10414305,stimulus_Arg_PISACowsMilk_10_page_6,976.6,113.6,1028.0
10414306,stimulus_Arg_PISACowsMilk_10_page_6,977.2,113.4,1029.0
10414307,stimulus_Arg_PISACowsMilk_10_page_6,977.3,113.5,1029.0
10414308,stimulus_Arg_PISACowsMilk_10_page_6,977.3,113.5,1030.0
10414309,stimulus_Arg_PISACowsMilk_10_page_6,977.1,113.4,1030.0
10414310,stimulus_Arg_PISACowsMilk_10_page_6,977.0,113.2,1031.0
10414311,stimulus_Arg_PISACowsMilk_10_page_6,977.0,112.9,1031.0
10414312,stimulus_Arg_PISACowsMilk_10_page_6,977.2,112.6,1031.0
10414313,stimulus_Arg_PISACowsMilk_10_page_6,977.3,112.8,1031.0
10414314,stimulus_Arg_PISACowsMilk_10_page_6,977.3,113.1,1031.0
10414315,stimulus_Arg_PISACowsMilk_10_page_6,977.2,113.4,1030.0
10414316,stimulus_Arg_PISACowsMilk_10_page_6,977.2,113.5,1030.0
10414317,stimulus_Arg_PISACowsMilk_10_page_6,977.2,113.6,1030.0
10414318,stimulus_Arg_PISACowsMilk_10_page_6,977.1,113.6,1031.0
10414319,stimulus_Arg_PISACowsMilk_10_page_6,977.2,113.6,1032.0
10414320,stimulus_Arg_PISACowsMilk_10_page_6,977.3,113.5,1031.0
10414321,stimulus_Arg_PISACowsMilk_10_page_6,977.3,113.2,1030.0
10414322,stimulus_Arg_PISACowsMilk_10_page_6,977.3,113.0,1029.0
10414323,stimulus_Arg_PISACowsMilk_10_page_6,977.2,112.9,1029.0
10414324,stimulus_Arg_PISACowsMilk_10_page_6,977.1,112.8,1029.0
10414325,stimulus_Arg_PISACowsMilk_10_page_6,977.1,112.8,1030.0
10414326,stimulus_Arg_PISACowsMilk_10_page_6,976.9,112.8,1030.0
10414327,stimulus_Arg_PISACowsMilk_10_page_6,976.7,112.9,1030.0
10414328,stimulus_Arg_PISACowsMilk_10_page_6,976.8,113.2,1030.0
10414329,stimulus_Arg_PISACowsMilk_10_page_6,977.0,113.5,1031.0
10414330,stimulus_Arg_PISACowsMilk_10_page_6,977.2,113.6,1031.0
10414331,stimulus_Arg_PISACowsMilk_10_page_6,977.1,113.4,1031.0
10414332,stimulus_Arg_PISACowsMilk_10_page_6,977.1,113.3,1032.0
10414333,stimulus_Arg_PISACowsMilk_10_page_6,977.0,113.4,1033.0
10414334,stimulus_Arg_PISACowsMilk_10_page_6,977.2,113.5,1034.0
10414335,stimulus_Arg_PISACowsMilk_10_page_6,977.6,113.5,1033.0
10414336,stimulus_Arg_PISACowsMilk_10_page_6,978.0,113.5,1032.0
10414337,stimulus_Arg_PISACowsMilk_10_page_6,977.9,113.5,1032.0
10414338,stimulus_Arg_PISACowsMilk_10_page_6,977.5,113.6,1033.0
10414339,stimulus_Arg_PISACowsMilk_10_page_6,977.2,113.5,1035.0
10414340,stimulus_Arg_PISACowsMilk_10_page_6,977.4,113.3,1035.0
10414341,stimulus_Arg_PISACowsMilk_10_page_6,977.5,113.1,1036.0
10414342,stimulus_Arg_PISACowsMilk_10_page_6,977.5,113.1,1036.0
10414343,stimulus_Arg_PISACowsMilk_10_page_6,977.5,113.1,1036.0
10414344,stimulus_Arg_PISACowsMilk_10_page_6,977.5,113.2,1036.0
10414345,stimulus_Arg_PISACowsMilk_10_page_6,977.4,113.2,1035.0
10414346,stimulus_Arg_PISACowsMilk_10_page_6,977.4,113.2,1034.0
10414347,stimulus_Arg_PISACowsMilk_10_page_6,977.4,113.1,1033.0
10414348,stimulus_Arg_PISACowsMilk_10_page_6,977.2,113.1,1034.0
10414349,stimulus_Arg_PISACowsMilk_10_page_6,977.1,113.1,1035.0
10414350,stimulus_Arg_PISACowsMilk_10_page_6,977.1,113.3,1036.0
10414351,stimulus_Arg_PISACowsMilk_10_page_6,977.1,113.5,1037.0
10414352,stimulus_Arg_PISACowsMilk_10_page_6,977.1,113.8,1036.0
10414353,stimulus_Arg_PISACowsMilk_10_page_6,977.2,114.0,1036.0
10414354,stimulus_Arg_PISACowsMilk_10_page_6,977.3,114.2,1035.0
10414355,stimulus_Arg_PISACowsMilk_10_page_6,977.4,114.2,1035.0
10414356,stimulus_Arg_PISACowsMilk_10_page_6,977.5,114.2,1034.0
10414357,stimulus_Arg_PISACowsMilk_10_page_6,977.5,114.2,1034.0
10414358,stimulus_Arg_PISACowsMilk_10_page_6,977.5,114.2,1034.0
10414359,stimulus_Arg_PISACowsMilk_10_page_6,977.6,114.2,1035.0
10414360,stimulus_Arg_PISACowsMilk_10_page_6,977.2,114.3,1035.0
10414361,stimulus_Arg_PISACowsMilk_10_page_6,976.8,114.5,1035.0
10414362,stimulus_Arg_PISACowsMilk_10_page_6,976.5,114.7,1035.0
10414363,stimulus_Arg_PISACowsMilk_10_page_6,976.8,114.8,1034.0
10414364,stimulus_Arg_PISACowsMilk_10_page_6,977.1,114.9,1034.0
10414365,stimulus_Arg_PISACowsMilk_10_page_6,977.2,114.9,1034.0
10414366,stimulus_Arg_PISACowsMilk_10_page_6,977.3,115.1,1034.0
10414367,stimulus_Arg_PISACowsMilk_10_page_6,977.2,115.2,1035.0
10414368,stimulus_Arg_PISACowsMilk_10_page_6,977.0,115.2,1035.0
10414369,stimulus_Arg_PISACowsMilk_10_page_6,976.9,115.2,1035.0
10414370,stimulus_Arg_PISACowsMilk_10_page_6,976.9,115.1,1035.0
10414371,stimulus_Arg_PISACowsMilk_10_page_6,977.0,115.2,1035.0
10414372,stimulus_Arg_PISACowsMilk_10_page_6,977.0,115.2,1035.0
10414373,stimulus_Arg_PISACowsMilk_10_page_6,977.1,115.3,1035.0
10414374,stimulus_Arg_PISACowsMilk_10_page_6,977.0,115.3,1035.0
10414375,stimulus_Arg_PISACowsMilk_10_page_6,976.9,115.5,1036.0
10414376,stimulus_Arg_PISACowsMilk_10_page_6,976.9,115.7,1036.0
10414377,stimulus_Arg_PISACowsMilk_10_page_6,977.0,115.9,1036.0
10414378,stimulus_Arg_PISACowsMilk_10_page_6,977.0,115.9,1035.0
10414379,stimulus_Arg_PISACowsMilk_10_page_6,977.0,115.9,1035.0
10414380,stimulus_Arg_PISACowsMilk_10_page_6,977.0,115.8,1035.0
10414381,stimulus_Arg_PISACowsMilk_10_page_6,976.8,115.8,1034.0
10414382,stimulus_Arg_PISACowsMilk_10_page_6,976.7,115.9,1034.0
10414383,stimulus_Arg_PISACowsMilk_10_page_6,976.6,116.0,1034.0
10414384,stimulus_Arg_PISACowsMilk_10_page_6,976.5,116.1,1034.0
10414385,stimulus_Arg_PISACowsMilk_10_page_6,976.4,116.1,1034.0
10414386,stimulus_Arg_PISACowsMilk_10_page_6,976.2,116.1,1034.0
10414387,stimulus_Arg_PISACowsMilk_10_page_6,976.2,116.1,1035.0
10414388,stimulus_Arg_PISACowsMilk_10_page_6,976.2,116.0,1035.0
10414389,stimulus_Arg_PISACowsMilk_10_page_6,976.2,115.9,1036.0
10414390,stimulus_Arg_PISACowsMilk_10_page_6,976.2,116.0,1035.0
10414391,stimulus_Arg_PISACowsMilk_10_page_6,976.5,116.1,1035.0
10414392,stimulus_Arg_PISACowsMilk_10_page_6,976.9,116.6,1035.0
10414393,stimulus_Arg_PISACowsMilk_10_page_6,977.4,116.8,1035.0
10414394,stimulus_Arg_PISACowsMilk_10_page_6,977.5,117.2,1034.0
10414395,stimulus_Arg_PISACowsMilk_10_page_6,977.8,117.2,1034.0
10414396,stimulus_Arg_PISACowsMilk_10_page_6,978.0,117.3,1034.0
10414397,stimulus_Arg_PISACowsMilk_10_page_6,978.0,117.0,1034.0
10414398,stimulus_Arg_PISACowsMilk_10_page_6,977.8,116.8,1034.0
10414399,stimulus_Arg_PISACowsMilk_10_page_6,977.6,116.6,1034.0
10414400,stimulus_Arg_PISACowsMilk_10_page_6,977.5,116.3,1034.0
10414401,stimulus_Arg_PISACowsMilk_10_page_6,977.4,116.1,1034.0
10414402,stimulus_Arg_PISACowsMilk_10_page_6,977.3,115.9,1034.0
10414403,stimulus_Arg_PISACowsMilk_10_page_6,977.1,115.8,1034.0
10414404,stimulus_Arg_PISACowsMilk_10_page_6,977.0,115.8,1034.0
10414405,stimulus_Arg_PISACowsMilk_10_page_6,976.9,115.7,1033.0
10414406,stimulus_Arg_PISACowsMilk_10_page_6,977.2,115.7,1033.0
10414407,stimulus_Arg_PISACowsMilk_10_page_6,977.5,115.8,1034.0
10414408,stimulus_Arg_PISACowsMilk_10_page_6,977.6,115.8,1034.0
10414409,stimulus_Arg_PISACowsMilk_10_page_6,977.2,115.7,1035.0
10414410,stimulus_Arg_PISACowsMilk_10_page_6,976.8,115.7,1036.0
10414411,stimulus_Arg_PISACowsMilk_10_page_6,976.6,115.7,1036.0
10414412,stimulus_Arg_PISACowsMilk_10_page_6,976.5,115.8,1036.0
10414413,stimulus_Arg_PISACowsMilk_10_page_6,976.8,115.9,1035.0
10414414,stimulus_Arg_PISACowsMilk_10_page_6,977.1,116.0,1034.0
10414415,stimulus_Arg_PISACowsMilk_10_page_6,977.4,116.1,1033.0
10414416,stimulus_Arg_PISACowsMilk_10_page_6,977.4,116.2,1033.0
10414417,stimulus_Arg_PISACowsMilk_10_page_6,977.4,116.3,1033.0
10414418,stimulus_Arg_PISACowsMilk_10_page_6,977.5,116.3,1034.0
10414419,stimulus_Arg_PISACowsMilk_10_page_6,977.6,116.1,1034.0
10414420,stimulus_Arg_PISACowsMilk_10_page_6,977.6,115.9,1034.0
10414421,stimulus_Arg_PISACowsMilk_10_page_6,977.6,115.7,1034.0
10414422,stimulus_Arg_PISACowsMilk_10_page_6,977.6,115.9,1034.0
10414423,stimulus_Arg_PISACowsMilk_10_page_6,977.6,116.1,1035.0
10414424,stimulus_Arg_PISACowsMilk_10_page_6,977.8,116.3,1035.0
10414425,stimulus_Arg_PISACowsMilk_10_page_6,977.9,116.4,1035.0
10414426,stimulus_Arg_PISACowsMilk_10_page_6,977.7,116.3,1035.0
10414427,stimulus_Arg_PISACowsMilk_10_page_6,977.4,116.1,1035.0
10414428,stimulus_Arg_PISACowsMilk_10_page_6,977.4,115.9,1036.0
10414429,stimulus_Arg_PISACowsMilk_10_page_6,977.8,115.9,1037.0
10414430,stimulus_Arg_PISACowsMilk_10_page_6,978.0,115.8,1037.0
10414431,stimulus_Arg_PISACowsMilk_10_page_6,977.9,116.0,1036.0
10414432,stimulus_Arg_PISACowsMilk_10_page_6,977.8,116.3,1035.0
10414433,stimulus_Arg_PISACowsMilk_10_page_6,977.9,116.7,1035.0
10414434,stimulus_Arg_PISACowsMilk_10_page_6,977.9,116.7,1035.0
10414435,stimulus_Arg_PISACowsMilk_10_page_6,977.9,116.8,1035.0
10414436,stimulus_Arg_PISACowsMilk_10_page_6,977.9,116.7,1035.0
10414437,stimulus_Arg_PISACowsMilk_10_page_6,977.7,116.6,1035.0
10414438,stimulus_Arg_PISACowsMilk_10_page_6,977.5,116.6,1035.0
10414439,stimulus_Arg_PISACowsMilk_10_page_6,977.3,116.6,1035.0
10414440,stimulus_Arg_PISACowsMilk_10_page_6,977.3,116.5,1035.0
10414441,stimulus_Arg_PISACowsMilk_10_page_6,977.6,116.5,1035.0
10414442,stimulus_Arg_PISACowsMilk_10_page_6,977.9,116.4,1035.0
10414443,stimulus_Arg_PISACowsMilk_10_page_6,977.9,116.3,1036.0
10414444,stimulus_Arg_PISACowsMilk_10_page_6,977.6,116.2,1037.0
10414445,stimulus_Arg_PISACowsMilk_10_page_6,977.4,115.9,1037.0
10414446,stimulus_Arg_PISACowsMilk_10_page_6,977.7,115.8,1037.0
10414447,stimulus_Arg_PISACowsMilk_10_page_6,977.9,115.7,1037.0
10414448,stimulus_Arg_PISACowsMilk_10_page_6,978.2,115.8,1037.0
10414449,stimulus_Arg_PISACowsMilk_10_page_6,978.1,115.9,1037.0
10414450,stimulus_Arg_PISACowsMilk_10_page_6,978.1,116.1,1038.0
10414451,stimulus_Arg_PISACowsMilk_10_page_6,978.2,116.3,1039.0
10414452,stimulus_Arg_PISACowsMilk_10_page_6,978.3,116.3,1039.0
10414453,stimulus_Arg_PISACowsMilk_10_page_6,978.3,116.3,1038.0
10414454,stimulus_Arg_PISACowsMilk_10_page_6,978.1,116.3,1038.0
10414455,stimulus_Arg_PISACowsMilk_10_page_6,978.0,116.5,1038.0
10414456,stimulus_Arg_PISACowsMilk_10_page_6,978.0,116.8,1038.0
10414457,stimulus_Arg_PISACowsMilk_10_page_6,978.0,117.1,1038.0
10414458,stimulus_Arg_PISACowsMilk_10_page_6,978.0,117.1,1040.0
10414459,stimulus_Arg_PISACowsMilk_10_page_6,978.1,117.1,1041.0
10414460,stimulus_Arg_PISACowsMilk_10_page_6,978.1,117.1,1041.0
10414461,stimulus_Arg_PISACowsMilk_10_page_6,978.2,117.2,1040.0
10414462,stimulus_Arg_PISACowsMilk_10_page_6,978.2,117.1,1040.0
10414463,stimulus_Arg_PISACowsMilk_10_page_6,978.3,116.9,1040.0
10414464,stimulus_Arg_PISACowsMilk_10_page_6,978.4,116.7,1040.0
10414465,stimulus_Arg_PISACowsMilk_10_page_6,978.6,116.6,1041.0
10414466,stimulus_Arg_PISACowsMilk_10_page_6,978.6,116.8,1042.0
10414467,stimulus_Arg_PISACowsMilk_10_page_6,978.5,117.0,1042.0
10414468,stimulus_Arg_PISACowsMilk_10_page_6,978.5,117.1,1042.0
10414469,stimulus_Arg_PISACowsMilk_10_page_6,978.6,117.2,1042.0
10414470,stimulus_Arg_PISACowsMilk_10_page_6,978.7,117.1,1042.0
10414471,stimulus_Arg_PISACowsMilk_10_page_6,978.9,117.0,1042.0
10414472,stimulus_Arg_PISACowsMilk_10_page_6,978.9,116.9,1043.0
10414473,stimulus_Arg_PISACowsMilk_10_page_6,978.9,116.8,1043.0
10414474,stimulus_Arg_PISACowsMilk_10_page_6,979.1,116.7,1043.0
10414475,stimulus_Arg_PISACowsMilk_10_page_6,979.4,116.8,1044.0
10414476,stimulus_Arg_PISACowsMilk_10_page_6,979.6,117.1,1044.0
10414477,stimulus_Arg_PISACowsMilk_10_page_6,979.6,117.0,1044.0
10414478,stimulus_Arg_PISACowsMilk_10_page_6,979.7,116.7,1043.0
10414479,stimulus_Arg_PISACowsMilk_10_page_6,979.8,116.5,1043.0
10414480,stimulus_Arg_PISACowsMilk_10_page_6,979.7,116.6,1044.0
10414481,stimulus_Arg_PISACowsMilk_10_page_6,979.6,116.5,1044.0
10414482,stimulus_Arg_PISACowsMilk_10_page_6,979.5,116.3,1045.0
10414483,stimulus_Arg_PISACowsMilk_10_page_6,979.3,116.3,1045.0
10414484,stimulus_Arg_PISACowsMilk_10_page_6,979.0,116.5,1044.0
10414485,stimulus_Arg_PISACowsMilk_10_page_6,978.7,116.7,1043.0
10414486,stimulus_Arg_PISACowsMilk_10_page_6,978.7,116.7,1042.0
10414487,stimulus_Arg_PISACowsMilk_10_page_6,978.8,116.7,1042.0
10414488,stimulus_Arg_PISACowsMilk_10_page_6,979.1,116.8,1042.0
10414489,stimulus_Arg_PISACowsMilk_10_page_6,979.4,116.8,1042.0
10414490,stimulus_Arg_PISACowsMilk_10_page_6,979.8,116.7,1042.0
10414491,stimulus_Arg_PISACowsMilk_10_page_6,979.8,116.6,1042.0
10414492,stimulus_Arg_PISACowsMilk_10_page_6,979.9,116.5,1043.0
10414493,stimulus_Arg_PISACowsMilk_10_page_6,979.9,116.6,1044.0
10414494,stimulus_Arg_PISACowsMilk_10_page_6,979.7,116.6,1045.0
10414495,stimulus_Arg_PISACowsMilk_10_page_6,979.3,116.4,1045.0
10414496,stimulus_Arg_PISACowsMilk_10_page_6,978.9,116.3,1045.0
10414497,stimulus_Arg_PISACowsMilk_10_page_6,978.7,116.0,1045.0
10414498,stimulus_Arg_PISACowsMilk_10_page_6,978.7,115.8,1045.0
10414499,stimulus_Arg_PISACowsMilk_10_page_6,978.8,115.5,1044.0
10414500,stimulus_Arg_PISACowsMilk_10_page_6,978.7,115.6,1045.0
10414501,stimulus_Arg_PISACowsMilk_10_page_6,978.5,115.6,1045.0
10414502,stimulus_Arg_PISACowsMilk_10_page_6,978.3,115.6,1046.0
10414503,stimulus_Arg_PISACowsMilk_10_page_6,978.1,115.7,1046.0
10414504,stimulus_Arg_PISACowsMilk_10_page_6,978.1,115.9,1045.0
10414505,stimulus_Arg_PISACowsMilk_10_page_6,978.2,116.0,1045.0
10414506,stimulus_Arg_PISACowsMilk_10_page_6,978.2,116.1,1044.0
10414507,stimulus_Arg_PISACowsMilk_10_page_6,978.0,116.0,1044.0
10414508,stimulus_Arg_PISACowsMilk_10_page_6,977.7,115.9,1045.0
10414509,stimulus_Arg_PISACowsMilk_10_page_6,977.5,115.7,1046.0
10414510,stimulus_Arg_PISACowsMilk_10_page_6,977.6,115.5,1046.0
10414511,stimulus_Arg_PISACowsMilk_10_page_6,977.8,115.3,1046.0
10414512,stimulus_Arg_PISACowsMilk_10_page_6,977.9,115.1,1046.0
10414513,stimulus_Arg_PISACowsMilk_10_page_6,977.8,115.1,1046.0
10414514,stimulus_Arg_PISACowsMilk_10_page_6,977.5,115.3,1046.0
10414515,stimulus_Arg_PISACowsMilk_10_page_6,977.2,115.5,1046.0
10414516,stimulus_Arg_PISACowsMilk_10_page_6,977.2,115.9,1046.0
10414517,stimulus_Arg_PISACowsMilk_10_page_6,976.9,116.2,1045.0
10414518,stimulus_Arg_PISACowsMilk_10_page_6,976.7,116.5,1046.0
10414519,stimulus_Arg_PISACowsMilk_10_page_6,976.2,116.5,1046.0
10414520,stimulus_Arg_PISACowsMilk_10_page_6,976.0,116.3,1047.0
10414521,stimulus_Arg_PISACowsMilk_10_page_6,975.9,116.0,1047.0
10414522,stimulus_Arg_PISACowsMilk_10_page_6,976.0,115.7,1047.0
10414523,stimulus_Arg_PISACowsMilk_10_page_6,976.2,115.8,1047.0
10414524,stimulus_Arg_PISACowsMilk_10_page_6,976.4,115.8,1046.0
10414525,stimulus_Arg_PISACowsMilk_10_page_6,976.3,115.8,1046.0
10414526,stimulus_Arg_PISACowsMilk_10_page_6,976.2,115.7,1045.0
10414527,stimulus_Arg_PISACowsMilk_10_page_6,976.2,115.3,1045.0
10414528,stimulus_Arg_PISACowsMilk_10_page_6,976.3,114.9,1046.0
10414529,stimulus_Arg_PISACowsMilk_10_page_6,976.4,114.6,1046.0
10414530,stimulus_Arg_PISACowsMilk_10_page_6,976.4,114.7,1046.0
10414531,stimulus_Arg_PISACowsMilk_10_page_6,976.1,114.8,1044.0
10414532,stimulus_Arg_PISACowsMilk_10_page_6,975.9,114.7,1043.0
10414533,stimulus_Arg_PISACowsMilk_10_page_6,975.7,114.5,1042.0
10414534,stimulus_Arg_PISACowsMilk_10_page_6,975.5,114.6,1042.0
10414535,stimulus_Arg_PISACowsMilk_10_page_6,975.4,115.0,1043.0
10414536,stimulus_Arg_PISACowsMilk_10_page_6,975.3,115.3,1043.0
10414537,stimulus_Arg_PISACowsMilk_10_page_6,975.2,115.4,1043.0
10414538,stimulus_Arg_PISACowsMilk_10_page_6,975.1,115.4,1043.0
10414539,stimulus_Arg_PISACowsMilk_10_page_6,975.0,115.4,1043.0
10414540,stimulus_Arg_PISACowsMilk_10_page_6,974.9,115.4,1043.0
10414541,stimulus_Arg_PISACowsMilk_10_page_6,974.9,115.6,1043.0
10414542,stimulus_Arg_PISACowsMilk_10_page_6,974.9,115.4,1043.0
10414543,stimulus_Arg_PISACowsMilk_10_page_6,975.0,115.2,1042.0
10414544,stimulus_Arg_PISACowsMilk_10_page_6,975.0,115.1,1043.0
10414545,stimulus_Arg_PISACowsMilk_10_page_6,975.0,115.2,1043.0
10414546,stimulus_Arg_PISACowsMilk_10_page_6,974.9,115.3,1044.0
10414547,stimulus_Arg_PISACowsMilk_10_page_6,975.1,115.2,1044.0
10414548,stimulus_Arg_PISACowsMilk_10_page_6,975.3,115.1,1044.0
10414549,stimulus_Arg_PISACowsMilk_10_page_6,975.4,115.1,1044.0
10414550,stimulus_Arg_PISACowsMilk_10_page_6,975.2,115.2,1043.0
10414551,stimulus_Arg_PISACowsMilk_10_page_6,975.1,115.3,1043.0
10414552,stimulus_Arg_PISACowsMilk_10_page_6,974.9,115.4,1043.0
10414553,stimulus_Arg_PISACowsMilk_10_page_6,974.8,115.4,1043.0
10414554,stimulus_Arg_PISACowsMilk_10_page_6,974.7,115.4,1043.0
10414555,stimulus_Arg_PISACowsMilk_10_page_6,974.8,115.3,1044.0
10414556,stimulus_Arg_PISACowsMilk_10_page_6,974.8,115.1,1044.0
10414557,stimulus_Arg_PISACowsMilk_10_page_6,974.9,114.9,1044.0
10414558,stimulus_Arg_PISACowsMilk_10_page_6,974.9,114.8,1043.0
10414559,stimulus_Arg_PISACowsMilk_10_page_6,975.4,114.8,1043.0
10414560,stimulus_Arg_PISACowsMilk_10_page_6,975.9,114.8,1042.0
10414561,stimulus_Arg_PISACowsMilk_10_page_6,976.2,114.8,1042.0
10414562,stimulus_Arg_PISACowsMilk_10_page_6,976.0,114.7,1043.0
10414563,stimulus_Arg_PISACowsMilk_10_page_6,975.9,114.6,1043.0
10414564,stimulus_Arg_PISACowsMilk_10_page_6,976.0,114.5,1043.0
10414565,stimulus_Arg_PISACowsMilk_10_page_6,976.1,114.6,1043.0
10414566,stimulus_Arg_PISACowsMilk_10_page_6,975.9,114.6,1043.0
10414567,stimulus_Arg_PISACowsMilk_10_page_6,975.8,114.6,1043.0
10414568,stimulus_Arg_PISACowsMilk_10_page_6,975.6,114.7,1043.0
10414569,stimulus_Arg_PISACowsMilk_10_page_6,975.6,114.8,1043.0
10414570,stimulus_Arg_PISACowsMilk_10_page_6,975.6,114.8,1043.0
10414571,stimulus_Arg_PISACowsMilk_10_page_6,975.6,114.9,1043.0
10414572,stimulus_Arg_PISACowsMilk_10_page_6,975.3,115.1,1042.0
10414573,stimulus_Arg_PISACowsMilk_10_page_6,975.1,115.2,1042.0
10414574,stimulus_Arg_PISACowsMilk_10_page_6,975.1,115.2,1041.0
10414575,stimulus_Arg_PISACowsMilk_10_page_6,975.1,115.0,1041.0
10414576,stimulus_Arg_PISACowsMilk_10_page_6,975.2,114.9,1041.0
10414577,stimulus_Arg_PISACowsMilk_10_page_6,975.3,114.7,1040.0
10414578,stimulus_Arg_PISACowsMilk_10_page_6,975.4,114.8,1040.0
10414579,stimulus_Arg_PISACowsMilk_10_page_6,975.6,114.8,1040.0
10414580,stimulus_Arg_PISACowsMilk_10_page_6,975.8,114.7,1040.0
10414581,stimulus_Arg_PISACowsMilk_10_page_6,975.8,114.6,1040.0
10414582,stimulus_Arg_PISACowsMilk_10_page_6,975.8,114.6,1041.0
10414583,stimulus_Arg_PISACowsMilk_10_page_6,975.8,114.6,1042.0
10414584,stimulus_Arg_PISACowsMilk_10_page_6,975.7,114.9,1043.0
10414585,stimulus_Arg_PISACowsMilk_10_page_6,975.7,115.2,1043.0
10414586,stimulus_Arg_PISACowsMilk_10_page_6,975.7,115.5,1043.0
10414587,stimulus_Arg_PISACowsMilk_10_page_6,975.7,115.2,1043.0
10414588,stimulus_Arg_PISACowsMilk_10_page_6,975.7,114.9,1042.0
10414589,stimulus_Arg_PISACowsMilk_10_page_6,975.6,114.7,1042.0
10414590,stimulus_Arg_PISACowsMilk_10_page_6,975.6,114.8,1042.0
10414591,stimulus_Arg_PISACowsMilk_10_page_6,976.0,115.1,1042.0
10414592,stimulus_Arg_PISACowsMilk_10_page_6,977.8,115.3,1041.0
10414593,stimulus_Arg_PISACowsMilk_10_page_6,980.6,115.6,1041.0
10414594,stimulus_Arg_PISACowsMilk_10_page_6,984.6,116.1,1042.0
10414595,stimulus_Arg_PISACowsMilk_10_page_6,989.3,116.7,1043.0
10414596,stimulus_Arg_PISACowsMilk_10_page_6,994.9,117.3,1045.0
10414597,stimulus_Arg_PISACowsMilk_10_page_6,1001.6,117.5,1045.0
10414598,stimulus_Arg_PISACowsMilk_10_page_6,1008.3,117.5,1045.0
10414599,stimulus_Arg_PISACowsMilk_10_page_6,1015.1,116.9,1045.0
10414600,stimulus_Arg_PISACowsMilk_10_page_6,1022.5,116.5,1045.0
10414601,stimulus_Arg_PISACowsMilk_10_page_6,1030.8,115.9,1045.0
10414602,stimulus_Arg_PISACowsMilk_10_page_6,1040.0,115.5,1045.0
10414603,stimulus_Arg_PISACowsMilk_10_page_6,1048.6,114.8,1044.0
10414604,stimulus_Arg_PISACowsMilk_10_page_6,1056.4,114.2,1042.0
10414605,stimulus_Arg_PISACowsMilk_10_page_6,1063.0,113.7,1041.0
10414606,stimulus_Arg_PISACowsMilk_10_page_6,1069.2,112.4,1039.0
10414607,stimulus_Arg_PISACowsMilk_10_page_6,1075.5,111.2,1038.0
10414608,stimulus_Arg_PISACowsMilk_10_page_6,1081.1,110.4,1036.0
10414609,stimulus_Arg_PISACowsMilk_10_page_6,1086.1,110.6,1034.0
10414610,stimulus_Arg_PISACowsMilk_10_page_6,1089.6,110.5,1031.0
10414611,stimulus_Arg_PISACowsMilk_10_page_6,1092.9,109.9,1028.0
10414612,stimulus_Arg_PISACowsMilk_10_page_6,1095.2,109.3,1024.0
10414613,stimulus_Arg_PISACowsMilk_10_page_6,1097.2,108.9,1022.0
10414614,stimulus_Arg_PISACowsMilk_10_page_6,1098.7,108.7,1021.0
10414615,stimulus_Arg_PISACowsMilk_10_page_6,1099.6,108.2,1021.0
10414616,stimulus_Arg_PISACowsMilk_10_page_6,1100.4,107.8,1020.0
10414617,stimulus_Arg_PISACowsMilk_10_page_6,1100.6,107.6,1019.0
10414618,stimulus_Arg_PISACowsMilk_10_page_6,1100.5,107.3,1018.0
10414619,stimulus_Arg_PISACowsMilk_10_page_6,1100.1,106.9,1016.0
10414620,stimulus_Arg_PISACowsMilk_10_page_6,1099.7,106.8,1017.0
10414621,stimulus_Arg_PISACowsMilk_10_page_6,1098.6,106.8,1018.0
10414622,stimulus_Arg_PISACowsMilk_10_page_6,1097.2,106.9,1018.0
10414623,stimulus_Arg_PISACowsMilk_10_page_6,1095.2,106.8,1018.0
10414624,stimulus_Arg_PISACowsMilk_10_page_6,1093.5,106.6,1017.0
10414625,stimulus_Arg_PISACowsMilk_10_page_6,1091.4,106.4,1017.0
10414626,stimulus_Arg_PISACowsMilk_10_page_6,1089.4,106.2,1017.0
10414627,stimulus_Arg_PISACowsMilk_10_page_6,1087.1,106.2,1017.0
10414628,stimulus_Arg_PISACowsMilk_10_page_6,1085.4,106.1,1019.0
10414629,stimulus_Arg_PISACowsMilk_10_page_6,1084.4,106.0,1020.0
10414630,stimulus_Arg_PISACowsMilk_10_page_6,1084.0,106.0,1023.0
10414631,stimulus_Arg_PISACowsMilk_10_page_6,1084.0,105.9,1024.0
10414632,stimulus_Arg_PISACowsMilk_10_page_6,1084.0,106.0,1025.0
10414633,stimulus_Arg_PISACowsMilk_10_page_6,1084.0,106.1,1025.0
10414634,stimulus_Arg_PISACowsMilk_10_page_6,1084.6,106.3,1024.0
10414635,stimulus_Arg_PISACowsMilk_10_page_6,1085.3,106.6,1024.0
10414636,stimulus_Arg_PISACowsMilk_10_page_6,1086.0,106.9,1024.0
10414637,stimulus_Arg_PISACowsMilk_10_page_6,1086.4,107.2,1025.0
10414638,stimulus_Arg_PISACowsMilk_10_page_6,1086.8,107.3,1026.0
10414639,stimulus_Arg_PISACowsMilk_10_page_6,1087.6,107.7,1027.0
10414640,stimulus_Arg_PISACowsMilk_10_page_6,1088.2,108.0,1027.0
10414641,stimulus_Arg_PISACowsMilk_10_page_6,1088.7,108.3,1027.0
10414642,stimulus_Arg_PISACowsMilk_10_page_6,1088.8,108.2,1027.0
10414643,stimulus_Arg_PISACowsMilk_10_page_6,1089.1,108.1,1026.0
10414644,stimulus_Arg_PISACowsMilk_10_page_6,1089.3,108.0,1026.0
10414645,stimulus_Arg_PISACowsMilk_10_page_6,1089.4,108.2,1025.0
10414646,stimulus_Arg_PISACowsMilk_10_page_6,1089.4,108.4,1024.0
10414647,stimulus_Arg_PISACowsMilk_10_page_6,1089.7,108.6,1023.0
10414648,stimulus_Arg_PISACowsMilk_10_page_6,1090.0,108.6,1023.0
10414649,stimulus_Arg_PISACowsMilk_10_page_6,1090.3,108.5,1024.0
10414650,stimulus_Arg_PISACowsMilk_10_page_6,1090.4,108.5,1024.0
10414651,stimulus_Arg_PISACowsMilk_10_page_6,1090.5,108.5,1024.0
10414652,stimulus_Arg_PISACowsMilk_10_page_6,1090.5,108.6,1024.0
10414653,stimulus_Arg_PISACowsMilk_10_page_6,1090.5,108.7,1023.0
10414654,stimulus_Arg_PISACowsMilk_10_page_6,1090.5,108.7,1022.0
10414655,stimulus_Arg_PISACowsMilk_10_page_6,1090.4,108.7,1022.0
10414656,stimulus_Arg_PISACowsMilk_10_page_6,1090.4,108.6,1022.0
10414657,stimulus_Arg_PISACowsMilk_10_page_6,1090.4,108.5,1022.0
10414658,stimulus_Arg_PISACowsMilk_10_page_6,1090.4,108.4,1023.0
10414659,stimulus_Arg_PISACowsMilk_10_page_6,1090.4,108.4,1023.0
10414660,stimulus_Arg_PISACowsMilk_10_page_6,1090.2,108.4,1023.0
10414661,stimulus_Arg_PISACowsMilk_10_page_6,1090.0,108.5,1023.0
10414662,stimulus_Arg_PISACowsMilk_10_page_6,1089.7,108.5,1023.0
10414663,stimulus_Arg_PISACowsMilk_10_page_6,1089.6,108.5,1023.0
10414664,stimulus_Arg_PISACowsMilk_10_page_6,1089.5,108.6,1022.0
10414665,stimulus_Arg_PISACowsMilk_10_page_6,1089.5,108.7,1023.0
10414666,stimulus_Arg_PISACowsMilk_10_page_6,1089.7,108.9,1023.0
10414667,stimulus_Arg_PISACowsMilk_10_page_6,1089.9,109.0,1024.0
10414668,stimulus_Arg_PISACowsMilk_10_page_6,1090.0,109.1,1023.0
10414669,stimulus_Arg_PISACowsMilk_10_page_6,1090.2,109.3,1023.0
10414670,stimulus_Arg_PISACowsMilk_10_page_6,1090.4,109.5,1022.0
10414671,stimulus_Arg_PISACowsMilk_10_page_6,1090.6,109.6,1022.0
10414672,stimulus_Arg_PISACowsMilk_10_page_6,1090.5,109.7,1022.0
10414673,stimulus_Arg_PISACowsMilk_10_page_6,1090.4,110.0,1023.0
10414674,stimulus_Arg_PISACowsMilk_10_page_6,1090.5,110.2,1023.0
10414675,stimulus_Arg_PISACowsMilk_10_page_6,1090.5,110.6,1024.0
10414676,stimulus_Arg_PISACowsMilk_10_page_6,1090.6,110.7,1023.0
10414677,stimulus_Arg_PISACowsMilk_10_page_6,1090.5,110.6,1023.0
10414678,stimulus_Arg_PISACowsMilk_10_page_6,1090.4,110.4,1022.0
10414679,stimulus_Arg_PISACowsMilk_10_page_6,1090.2,110.1,1022.0
10414680,stimulus_Arg_PISACowsMilk_10_page_6,1090.1,110.1,1021.0
10414681,stimulus_Arg_PISACowsMilk_10_page_6,1090.1,110.0,1021.0
10414682,stimulus_Arg_PISACowsMilk_10_page_6,1090.2,110.0,1021.0
10414683,stimulus_Arg_PISACowsMilk_10_page_6,1090.3,109.7,1020.0
10414684,stimulus_Arg_PISACowsMilk_10_page_6,1090.5,109.4,1020.0
10414685,stimulus_Arg_PISACowsMilk_10_page_6,1090.6,109.1,1020.0
10414686,stimulus_Arg_PISACowsMilk_10_page_6,1090.6,109.3,1020.0
10414687,stimulus_Arg_PISACowsMilk_10_page_6,1090.7,109.5,1020.0
10414688,stimulus_Arg_PISACowsMilk_10_page_6,1090.9,109.7,1020.0
10414689,stimulus_Arg_PISACowsMilk_10_page_6,1091.1,109.6,1021.0
10414690,stimulus_Arg_PISACowsMilk_10_page_6,1091.3,109.6,1021.0
10414691,stimulus_Arg_PISACowsMilk_10_page_6,1091.3,109.6,1020.0
10414692,stimulus_Arg_PISACowsMilk_10_page_6,1091.4,109.9,1020.0
10414693,stimulus_Arg_PISACowsMilk_10_page_6,1091.4,110.2,1019.0
10414694,stimulus_Arg_PISACowsMilk_10_page_6,1091.2,110.4,1019.0
10414695,stimulus_Arg_PISACowsMilk_10_page_6,1091.0,110.5,1019.0
10414696,stimulus_Arg_PISACowsMilk_10_page_6,1090.8,110.5,1018.0
10414697,stimulus_Arg_PISACowsMilk_10_page_6,1090.9,110.6,1018.0
10414698,stimulus_Arg_PISACowsMilk_10_page_6,1091.0,110.6,1018.0
10414699,stimulus_Arg_PISACowsMilk_10_page_6,1091.2,110.5,1018.0
10414700,stimulus_Arg_PISACowsMilk_10_page_6,1091.3,110.4,1018.0
10414701,stimulus_Arg_PISACowsMilk_10_page_6,1091.4,110.7,1018.0
10414702,stimulus_Arg_PISACowsMilk_10_page_6,1091.5,111.1,1017.0
10414703,stimulus_Arg_PISACowsMilk_10_page_6,1091.5,111.4,1015.0
10414704,stimulus_Arg_PISACowsMilk_10_page_6,1091.4,111.4,1014.0
10414705,stimulus_Arg_PISACowsMilk_10_page_6,1091.4,111.4,1014.0
10414706,stimulus_Arg_PISACowsMilk_10_page_6,1091.6,111.4,1014.0
10414707,stimulus_Arg_PISACowsMilk_10_page_6,1091.7,111.5,1014.0
10414708,stimulus_Arg_PISACowsMilk_10_page_6,1091.7,111.4,1014.0
10414709,stimulus_Arg_PISACowsMilk_10_page_6,1091.7,111.3,1014.0
10414710,stimulus_Arg_PISACowsMilk_10_page_6,1091.8,110.9,1014.0
10414711,stimulus_Arg_PISACowsMilk_10_page_6,1092.1,110.7,1014.0
10414712,stimulus_Arg_PISACowsMilk_10_page_6,1092.3,110.6,1014.0
10414713,stimulus_Arg_PISACowsMilk_10_page_6,1092.5,110.6,1014.0
10414714,stimulus_Arg_PISACowsMilk_10_page_6,1092.5,110.7,1014.0
10414715,stimulus_Arg_PISACowsMilk_10_page_6,1092.2,110.9,1014.0
10414716,stimulus_Arg_PISACowsMilk_10_page_6,1091.8,111.0,1014.0
10414717,stimulus_Arg_PISACowsMilk_10_page_6,1091.6,111.1,1013.0
10414718,stimulus_Arg_PISACowsMilk_10_page_6,1091.6,111.1,1013.0
10414719,stimulus_Arg_PISACowsMilk_10_page_6,1091.6,111.1,1013.0
10414720,stimulus_Arg_PISACowsMilk_10_page_6,1091.7,111.0,1013.0
10414721,stimulus_Arg_PISACowsMilk_10_page_6,1091.8,110.9,1013.0
10414722,stimulus_Arg_PISACowsMilk_10_page_6,1092.0,110.7,1013.0
10414723,stimulus_Arg_PISACowsMilk_10_page_6,1092.2,110.8,1013.0
10414724,stimulus_Arg_PISACowsMilk_10_page_6,1092.4,110.8,1014.0
10414725,stimulus_Arg_PISACowsMilk_10_page_6,1092.6,111.0,1014.0
10414726,stimulus_Arg_PISACowsMilk_10_page_6,1092.8,111.2,1015.0
10414727,stimulus_Arg_PISACowsMilk_10_page_6,1092.9,111.3,1014.0
10414728,stimulus_Arg_PISACowsMilk_10_page_6,1093.0,111.3,1014.0
10414729,stimulus_Arg_PISACowsMilk_10_page_6,1093.2,111.1,1013.0
10414730,stimulus_Arg_PISACowsMilk_10_page_6,1093.3,111.1,1013.0
10414731,stimulus_Arg_PISACowsMilk_10_page_6,1093.3,111.1,1014.0
10414732,stimulus_Arg_PISACowsMilk_10_page_6,1093.3,111.2,1015.0
10414733,stimulus_Arg_PISACowsMilk_10_page_6,1093.1,111.3,1016.0
10414734,stimulus_Arg_PISACowsMilk_10_page_6,1092.9,111.5,1016.0
10414735,stimulus_Arg_PISACowsMilk_10_page_6,1092.8,111.5,1015.0
10414736,stimulus_Arg_PISACowsMilk_10_page_6,1092.7,111.5,1015.0
10414737,stimulus_Arg_PISACowsMilk_10_page_6,1092.6,111.6,1014.0
10414738,stimulus_Arg_PISACowsMilk_10_page_6,1092.5,111.6,1014.0
10414739,stimulus_Arg_PISACowsMilk_10_page_6,1092.4,111.6,1014.0
10414740,stimulus_Arg_PISACowsMilk_10_page_6,1092.4,111.6,1014.0
10414741,stimulus_Arg_PISACowsMilk_10_page_6,1092.5,111.6,1014.0
10414742,stimulus_Arg_PISACowsMilk_10_page_6,1092.6,111.7,1014.0
10414743,stimulus_Arg_PISACowsMilk_10_page_6,1092.6,112.1,1014.0
10414744,stimulus_Arg_PISACowsMilk_10_page_6,1092.7,112.4,1013.0
10414745,stimulus_Arg_PISACowsMilk_10_page_6,1092.7,112.5,1011.0
10414746,stimulus_Arg_PISACowsMilk_10_page_6,1092.8,112.4,1011.0
10414747,stimulus_Arg_PISACowsMilk_10_page_6,1092.8,112.2,1011.0
10414748,stimulus_Arg_PISACowsMilk_10_page_6,1092.8,112.2,1012.0
10414749,stimulus_Arg_PISACowsMilk_10_page_6,1092.7,112.0,1012.0
10414750,stimulus_Arg_PISACowsMilk_10_page_6,1092.6,111.7,1012.0
10414751,stimulus_Arg_PISACowsMilk_10_page_6,1092.8,111.9,1012.0
10414752,stimulus_Arg_PISACowsMilk_10_page_6,1093.2,112.1,1011.0
10414753,stimulus_Arg_PISACowsMilk_10_page_6,1093.6,112.4,1011.0
10414754,stimulus_Arg_PISACowsMilk_10_page_6,1093.6,112.4,1011.0
10414755,stimulus_Arg_PISACowsMilk_10_page_6,1093.5,112.5,1011.0
10414756,stimulus_Arg_PISACowsMilk_10_page_6,1093.4,112.4,1011.0
10414757,stimulus_Arg_PISACowsMilk_10_page_6,1093.1,112.2,1011.0
10414758,stimulus_Arg_PISACowsMilk_10_page_6,1092.9,112.1,1011.0
10414759,stimulus_Arg_PISACowsMilk_10_page_6,1092.8,111.9,1012.0
10414760,stimulus_Arg_PISACowsMilk_10_page_6,1092.9,111.9,1013.0
10414761,stimulus_Arg_PISACowsMilk_10_page_6,1093.0,111.8,1013.0
10414762,stimulus_Arg_PISACowsMilk_10_page_6,1093.0,111.7,1013.0
10414763,stimulus_Arg_PISACowsMilk_10_page_6,1093.0,111.6,1013.0
10414764,stimulus_Arg_PISACowsMilk_10_page_6,1093.1,111.7,1012.0
10414765,stimulus_Arg_PISACowsMilk_10_page_6,1093.3,112.0,1012.0
10414766,stimulus_Arg_PISACowsMilk_10_page_6,1093.5,112.0,1011.0
10414767,stimulus_Arg_PISACowsMilk_10_page_6,1093.6,111.8,1011.0
10414768,stimulus_Arg_PISACowsMilk_10_page_6,1093.6,111.6,1011.0
10414769,stimulus_Arg_PISACowsMilk_10_page_6,1093.6,111.8,1011.0
10414770,stimulus_Arg_PISACowsMilk_10_page_6,1093.5,111.9,1011.0
10414771,stimulus_Arg_PISACowsMilk_10_page_6,1093.5,112.1,1011.0
10414772,stimulus_Arg_PISACowsMilk_10_page_6,1093.5,112.1,1011.0
10414773,stimulus_Arg_PISACowsMilk_10_page_6,1093.4,112.1,1011.0
10414774,stimulus_Arg_PISACowsMilk_10_page_6,1093.3,112.0,1011.0
10414775,stimulus_Arg_PISACowsMilk_10_page_6,1093.3,111.8,1011.0
10414776,stimulus_Arg_PISACowsMilk_10_page_6,1093.3,111.8,1011.0
10414777,stimulus_Arg_PISACowsMilk_10_page_6,1093.1,111.8,1011.0
10414778,stimulus_Arg_PISACowsMilk_10_page_6,1092.9,111.8,1011.0
10414779,stimulus_Arg_PISACowsMilk_10_page_6,1092.8,111.8,1011.0
10414780,stimulus_Arg_PISACowsMilk_10_page_6,1093.0,111.8,1010.0
10414781,stimulus_Arg_PISACowsMilk_10_page_6,1093.2,111.9,1010.0
10414782,stimulus_Arg_PISACowsMilk_10_page_6,1093.2,111.9,1010.0
10414783,stimulus_Arg_PISACowsMilk_10_page_6,1093.5,112.0,1010.0
10414784,stimulus_Arg_PISACowsMilk_10_page_6,1093.8,112.2,1010.0
10414785,stimulus_Arg_PISACowsMilk_10_page_6,1093.8,112.3,1009.0
10414786,stimulus_Arg_PISACowsMilk_10_page_6,1093.6,112.6,1009.0
10414787,stimulus_Arg_PISACowsMilk_10_page_6,1093.4,112.7,1009.0
10414788,stimulus_Arg_PISACowsMilk_10_page_6,1093.5,112.8,1009.0
10414789,stimulus_Arg_PISACowsMilk_10_page_6,1093.8,112.7,1009.0
10414790,stimulus_Arg_PISACowsMilk_10_page_6,1094.1,112.6,1009.0
10414791,stimulus_Arg_PISACowsMilk_10_page_6,1094.3,112.7,1009.0
10414792,stimulus_Arg_PISACowsMilk_10_page_6,1094.3,112.6,1010.0
10414793,stimulus_Arg_PISACowsMilk_10_page_6,1094.2,112.5,1010.0
10414794,stimulus_Arg_PISACowsMilk_10_page_6,1094.3,112.2,1010.0
10414795,stimulus_Arg_PISACowsMilk_10_page_6,1094.3,112.1,1010.0
10414796,stimulus_Arg_PISACowsMilk_10_page_6,1094.1,112.0,1010.0
10414797,stimulus_Arg_PISACowsMilk_10_page_6,1093.9,112.0,1010.0
10414798,stimulus_Arg_PISACowsMilk_10_page_6,1093.6,112.0,1010.0
10414799,stimulus_Arg_PISACowsMilk_10_page_6,1093.5,111.8,1009.0
10414800,stimulus_Arg_PISACowsMilk_10_page_6,1093.5,111.5,1009.0
10414801,stimulus_Arg_PISACowsMilk_10_page_6,1093.5,111.2,1008.0
10414802,stimulus_Arg_PISACowsMilk_10_page_6,1093.5,111.2,1008.0
10414803,stimulus_Arg_PISACowsMilk_10_page_6,1093.4,111.4,1008.0
10414804,stimulus_Arg_PISACowsMilk_10_page_6,1093.4,111.6,1008.0
10414805,stimulus_Arg_PISACowsMilk_10_page_6,1093.4,111.8,1007.0
10414806,stimulus_Arg_PISACowsMilk_10_page_6,1093.4,111.7,1007.0
10414807,stimulus_Arg_PISACowsMilk_10_page_6,1093.4,111.6,1008.0
10414808,stimulus_Arg_PISACowsMilk_10_page_6,1093.4,111.6,1008.0
10414809,stimulus_Arg_PISACowsMilk_10_page_6,1093.5,111.8,1008.0
10414810,stimulus_Arg_PISACowsMilk_10_page_6,1093.5,111.8,1009.0
10414811,stimulus_Arg_PISACowsMilk_10_page_6,1093.5,111.6,1009.0
10414812,stimulus_Arg_PISACowsMilk_10_page_6,1093.5,111.6,1009.0
10414813,stimulus_Arg_PISACowsMilk_10_page_6,1093.5,111.9,1008.0
10414814,stimulus_Arg_PISACowsMilk_10_page_6,1093.5,112.1,1007.0
10414815,stimulus_Arg_PISACowsMilk_10_page_6,1093.5,112.2,1006.0
10414816,stimulus_Arg_PISACowsMilk_10_page_6,1093.4,112.3,1005.0
10414817,stimulus_Arg_PISACowsMilk_10_page_6,1093.3,112.5,1005.0
10414818,stimulus_Arg_PISACowsMilk_10_page_6,1093.2,112.7,1006.0
10414819,stimulus_Arg_PISACowsMilk_10_page_6,1092.9,112.7,1006.0
10414820,stimulus_Arg_PISACowsMilk_10_page_6,1092.7,112.7,1006.0
10414821,stimulus_Arg_PISACowsMilk_10_page_6,1092.7,112.6,1006.0
10414822,stimulus_Arg_PISACowsMilk_10_page_6,1092.7,112.6,1006.0
10414823,stimulus_Arg_PISACowsMilk_10_page_6,1092.7,112.6,1005.0
10414824,stimulus_Arg_PISACowsMilk_10_page_6,1092.6,112.7,1004.0
10414825,stimulus_Arg_PISACowsMilk_10_page_6,1092.6,112.7,1002.0
10414826,stimulus_Arg_PISACowsMilk_10_page_6,1092.5,112.8,1001.0
10414827,stimulus_Arg_PISACowsMilk_10_page_6,1092.5,112.9,1002.0
10414828,stimulus_Arg_PISACowsMilk_10_page_6,1092.4,112.9,1002.0
10414829,stimulus_Arg_PISACowsMilk_10_page_6,1092.4,113.0,1003.0
10414830,stimulus_Arg_PISACowsMilk_10_page_6,1092.4,113.0,1004.0
10414831,stimulus_Arg_PISACowsMilk_10_page_6,1092.3,112.9,1005.0
10414832,stimulus_Arg_PISACowsMilk_10_page_6,1092.2,112.9,1005.0
10414833,stimulus_Arg_PISACowsMilk_10_page_6,1092.3,112.9,1004.0
10414834,stimulus_Arg_PISACowsMilk_10_page_6,1092.3,112.8,1002.0
10414835,stimulus_Arg_PISACowsMilk_10_page_6,1092.4,112.7,1001.0
10414836,stimulus_Arg_PISACowsMilk_10_page_6,1092.5,112.6,1001.0
10414837,stimulus_Arg_PISACowsMilk_10_page_6,1092.7,112.5,1001.0
10414838,stimulus_Arg_PISACowsMilk_10_page_6,1092.8,112.2,1001.0
10414839,stimulus_Arg_PISACowsMilk_10_page_6,1092.8,111.9,1001.0
10414840,stimulus_Arg_PISACowsMilk_10_page_6,1092.6,111.8,1001.0
10414841,stimulus_Arg_PISACowsMilk_10_page_6,1092.3,111.8,1002.0
10414842,stimulus_Arg_PISACowsMilk_10_page_6,1092.0,111.9,1002.0
10414843,stimulus_Arg_PISACowsMilk_10_page_6,1091.7,112.0,1003.0
10414844,stimulus_Arg_PISACowsMilk_10_page_6,1091.6,112.0,1003.0
10414845,stimulus_Arg_PISACowsMilk_10_page_6,1091.7,112.1,1003.0
10414846,stimulus_Arg_PISACowsMilk_10_page_6,1091.8,112.2,1002.0
10414847,stimulus_Arg_PISACowsMilk_10_page_6,1091.8,112.3,1002.0
10414848,stimulus_Arg_PISACowsMilk_10_page_6,1091.7,112.2,1002.0
10414849,stimulus_Arg_PISACowsMilk_10_page_6,1091.6,112.1,1003.0
10414850,stimulus_Arg_PISACowsMilk_10_page_6,1091.8,112.0,1003.0
10414851,stimulus_Arg_PISACowsMilk_10_page_6,1092.0,112.1,1002.0
10414852,stimulus_Arg_PISACowsMilk_10_page_6,1092.1,112.3,1002.0
10414853,stimulus_Arg_PISACowsMilk_10_page_6,1092.0,112.6,1001.0
10414854,stimulus_Arg_PISACowsMilk_10_page_6,1092.2,112.7,1001.0
10414855,stimulus_Arg_PISACowsMilk_10_page_6,1092.3,112.7,1001.0
10414856,stimulus_Arg_PISACowsMilk_10_page_6,1092.5,112.6,1001.0
10414857,stimulus_Arg_PISACowsMilk_10_page_6,1092.5,112.5,1001.0
10414858,stimulus_Arg_PISACowsMilk_10_page_6,1092.2,112.6,1001.0
10414859,stimulus_Arg_PISACowsMilk_10_page_6,1092.0,112.8,1000.0
10414860,stimulus_Arg_PISACowsMilk_10_page_6,1091.7,113.0,1001.0
10414861,stimulus_Arg_PISACowsMilk_10_page_6,1091.8,112.9,1001.0
10414862,stimulus_Arg_PISACowsMilk_10_page_6,1091.8,112.9,1001.0
10414863,stimulus_Arg_PISACowsMilk_10_page_6,1091.9,112.9,1001.0
10414864,stimulus_Arg_PISACowsMilk_10_page_6,1092.0,112.9,1001.0
10414865,stimulus_Arg_PISACowsMilk_10_page_6,1092.4,113.0,1000.0
10414866,stimulus_Arg_PISACowsMilk_10_page_6,1092.9,113.0,999.0
10414867,stimulus_Arg_PISACowsMilk_10_page_6,1093.3,113.0,999.0
10414868,stimulus_Arg_PISACowsMilk_10_page_6,1093.3,112.9,999.0
10414869,stimulus_Arg_PISACowsMilk_10_page_6,1093.3,112.9,998.0
10414870,stimulus_Arg_PISACowsMilk_10_page_6,1093.3,112.9,998.0
10414871,stimulus_Arg_PISACowsMilk_10_page_6,1093.2,113.0,998.0
10414872,stimulus_Arg_PISACowsMilk_10_page_6,1093.1,113.0,998.0
10414873,stimulus_Arg_PISACowsMilk_10_page_6,1093.0,112.8,999.0
10414874,stimulus_Arg_PISACowsMilk_10_page_6,1092.9,112.7,999.0
10414875,stimulus_Arg_PISACowsMilk_10_page_6,1092.8,112.7,1000.0
10414876,stimulus_Arg_PISACowsMilk_10_page_6,1092.5,112.9,1000.0
10414877,stimulus_Arg_PISACowsMilk_10_page_6,1092.2,113.2,999.0
10414878,stimulus_Arg_PISACowsMilk_10_page_6,1092.1,113.1,999.0
10414879,stimulus_Arg_PISACowsMilk_10_page_6,1092.0,113.0,999.0
10414880,stimulus_Arg_PISACowsMilk_10_page_6,1092.0,112.8,999.0
10414881,stimulus_Arg_PISACowsMilk_10_page_6,1091.9,112.6,999.0
10414882,stimulus_Arg_PISACowsMilk_10_page_6,1092.1,112.4,999.0
10414883,stimulus_Arg_PISACowsMilk_10_page_6,1092.2,112.3,999.0
10414884,stimulus_Arg_PISACowsMilk_10_page_6,1092.3,112.3,999.0
10414885,stimulus_Arg_PISACowsMilk_10_page_6,1092.4,112.3,999.0
10414886,stimulus_Arg_PISACowsMilk_10_page_6,1092.2,112.3,999.0
10414887,stimulus_Arg_PISACowsMilk_10_page_6,1092.0,112.2,1000.0
10414888,stimulus_Arg_PISACowsMilk_10_page_6,1091.8,112.1,1000.0
10414889,stimulus_Arg_PISACowsMilk_10_page_6,1091.8,112.1,1000.0
10414890,stimulus_Arg_PISACowsMilk_10_page_6,1091.8,112.1,1001.0
10414891,stimulus_Arg_PISACowsMilk_10_page_6,1091.8,112.3,1001.0
10414892,stimulus_Arg_PISACowsMilk_10_page_6,1091.7,112.4,1001.0
10414893,stimulus_Arg_PISACowsMilk_10_page_6,1091.6,112.5,1001.0
10414894,stimulus_Arg_PISACowsMilk_10_page_6,1091.6,112.5,1001.0
10414895,stimulus_Arg_PISACowsMilk_10_page_6,1091.9,112.5,1000.0
10414896,stimulus_Arg_PISACowsMilk_10_page_6,1092.2,112.6,999.0
10414897,stimulus_Arg_PISACowsMilk_10_page_6,1092.1,112.6,999.0
10414898,stimulus_Arg_PISACowsMilk_10_page_6,1091.8,112.7,999.0
10414899,stimulus_Arg_PISACowsMilk_10_page_6,1091.8,112.8,999.0
10414900,stimulus_Arg_PISACowsMilk_10_page_6,1092.2,113.0,999.0
10414901,stimulus_Arg_PISACowsMilk_10_page_6,1092.4,113.2,999.0
10414902,stimulus_Arg_PISACowsMilk_10_page_6,1092.2,113.2,999.0
10414903,stimulus_Arg_PISACowsMilk_10_page_6,1092.0,113.4,999.0
10414904,stimulus_Arg_PISACowsMilk_10_page_6,1091.9,113.6,999.0
10414905,stimulus_Arg_PISACowsMilk_10_page_6,1092.0,113.8,999.0
10414906,stimulus_Arg_PISACowsMilk_10_page_6,1092.0,113.8,1000.0
10414907,stimulus_Arg_PISACowsMilk_10_page_6,1092.2,113.7,1000.0
10414908,stimulus_Arg_PISACowsMilk_10_page_6,1092.4,113.6,1000.0
10414909,stimulus_Arg_PISACowsMilk_10_page_6,1092.6,113.5,999.0
10414910,stimulus_Arg_PISACowsMilk_10_page_6,1092.6,113.7,999.0
10414911,stimulus_Arg_PISACowsMilk_10_page_6,1092.5,113.9,999.0
10414912,stimulus_Arg_PISACowsMilk_10_page_6,1092.4,114.1,999.0
10414913,stimulus_Arg_PISACowsMilk_10_page_6,1092.5,114.2,998.0
10414914,stimulus_Arg_PISACowsMilk_10_page_6,1092.7,114.1,998.0
10414915,stimulus_Arg_PISACowsMilk_10_page_6,1092.8,114.0,999.0
10414916,stimulus_Arg_PISACowsMilk_10_page_6,1092.8,114.1,999.0
10414917,stimulus_Arg_PISACowsMilk_10_page_6,1092.5,114.3,999.0
10414918,stimulus_Arg_PISACowsMilk_10_page_6,1092.2,114.4,999.0
10414919,stimulus_Arg_PISACowsMilk_10_page_6,1092.1,114.4,1000.0
10414920,stimulus_Arg_PISACowsMilk_10_page_6,1092.3,114.4,1000.0
10414921,stimulus_Arg_PISACowsMilk_10_page_6,1092.5,114.4,1000.0
10414922,stimulus_Arg_PISACowsMilk_10_page_6,1092.5,114.2,999.0
10414923,stimulus_Arg_PISACowsMilk_10_page_6,1092.5,114.1,998.0
10414924,stimulus_Arg_PISACowsMilk_10_page_6,1092.6,114.1,998.0
10414925,stimulus_Arg_PISACowsMilk_10_page_6,1092.7,114.0,998.0
10414926,stimulus_Arg_PISACowsMilk_10_page_6,1092.8,114.0,998.0
10414927,stimulus_Arg_PISACowsMilk_10_page_6,1092.8,114.0,998.0
10414928,stimulus_Arg_PISACowsMilk_10_page_6,1092.9,114.2,999.0
10414929,stimulus_Arg_PISACowsMilk_10_page_6,1092.8,114.4,1000.0
10414930,stimulus_Arg_PISACowsMilk_10_page_6,1092.7,114.6,1001.0
10414931,stimulus_Arg_PISACowsMilk_10_page_6,1092.8,114.6,1001.0
10414932,stimulus_Arg_PISACowsMilk_10_page_6,1092.8,114.7,1000.0
10414933,stimulus_Arg_PISACowsMilk_10_page_6,1092.8,114.8,1000.0
10414934,stimulus_Arg_PISACowsMilk_10_page_6,1092.6,114.9,999.0
10414935,stimulus_Arg_PISACowsMilk_10_page_6,1092.4,115.0,999.0
10414936,stimulus_Arg_PISACowsMilk_10_page_6,1092.1,115.2,1000.0
10414937,stimulus_Arg_PISACowsMilk_10_page_6,1091.9,115.3,1000.0
10414938,stimulus_Arg_PISACowsMilk_10_page_6,1091.8,115.1,1000.0
10414939,stimulus_Arg_PISACowsMilk_10_page_6,1091.8,114.8,1000.0
10414940,stimulus_Arg_PISACowsMilk_10_page_6,1092.1,114.4,1000.0
10414941,stimulus_Arg_PISACowsMilk_10_page_6,1092.3,114.3,1000.0
10414942,stimulus_Arg_PISACowsMilk_10_page_6,1092.5,114.3,1001.0
10414943,stimulus_Arg_PISACowsMilk_10_page_6,1092.6,114.6,1001.0
10414944,stimulus_Arg_PISACowsMilk_10_page_6,1092.7,114.9,1001.0
10414945,stimulus_Arg_PISACowsMilk_10_page_6,1092.8,114.9,1001.0
10414946,stimulus_Arg_PISACowsMilk_10_page_6,1092.8,114.9,1001.0
10414947,stimulus_Arg_PISACowsMilk_10_page_6,1092.8,114.8,1000.0
10414948,stimulus_Arg_PISACowsMilk_10_page_6,1092.8,114.7,1000.0
10414949,stimulus_Arg_PISACowsMilk_10_page_6,1092.8,114.5,1001.0
10414950,stimulus_Arg_PISACowsMilk_10_page_6,1092.9,114.4,1001.0
10414951,stimulus_Arg_PISACowsMilk_10_page_6,1092.9,114.4,1001.0
10414952,stimulus_Arg_PISACowsMilk_10_page_6,1093.0,114.4,1001.0
10414953,stimulus_Arg_PISACowsMilk_10_page_6,1093.0,114.4,999.0
10414954,stimulus_Arg_PISACowsMilk_10_page_6,1092.7,114.5,998.0
10414955,stimulus_Arg_PISACowsMilk_10_page_6,1092.5,114.8,998.0
10414956,stimulus_Arg_PISACowsMilk_10_page_6,1092.2,115.1,999.0
10414957,stimulus_Arg_PISACowsMilk_10_page_6,1092.1,115.0,1000.0
10414958,stimulus_Arg_PISACowsMilk_10_page_6,1092.1,114.9,1000.0
10414959,stimulus_Arg_PISACowsMilk_10_page_6,1092.0,114.7,1001.0
10414960,stimulus_Arg_PISACowsMilk_10_page_6,1092.0,114.8,1001.0
10414961,stimulus_Arg_PISACowsMilk_10_page_6,1092.0,114.8,1001.0
10414962,stimulus_Arg_PISACowsMilk_10_page_6,1092.1,114.6,1001.0
10414963,stimulus_Arg_PISACowsMilk_10_page_6,1092.2,114.4,1001.0
10414964,stimulus_Arg_PISACowsMilk_10_page_6,1092.0,114.3,1001.0
10414965,stimulus_Arg_PISACowsMilk_10_page_6,1091.8,114.3,1001.0
10414966,stimulus_Arg_PISACowsMilk_10_page_6,1091.7,114.3,1001.0
10414967,stimulus_Arg_PISACowsMilk_10_page_6,1091.7,114.1,1000.0
10414968,stimulus_Arg_PISACowsMilk_10_page_6,1091.7,113.9,1001.0
10414969,stimulus_Arg_PISACowsMilk_10_page_6,1091.7,113.8,1001.0
10414970,stimulus_Arg_PISACowsMilk_10_page_6,1092.0,113.9,1001.0
10414971,stimulus_Arg_PISACowsMilk_10_page_6,1092.4,113.9,1001.0
10414972,stimulus_Arg_PISACowsMilk_10_page_6,1092.7,114.0,1001.0
10414973,stimulus_Arg_PISACowsMilk_10_page_6,1092.7,114.1,1001.0
10414974,stimulus_Arg_PISACowsMilk_10_page_6,1092.7,114.1,1001.0
10414975,stimulus_Arg_PISACowsMilk_10_page_6,1092.7,114.1,1001.0
10414976,stimulus_Arg_PISACowsMilk_10_page_6,1092.7,114.5,1001.0
10414977,stimulus_Arg_PISACowsMilk_10_page_6,1092.6,114.9,1001.0
10414978,stimulus_Arg_PISACowsMilk_10_page_6,1092.5,115.1,1001.0
10414979,stimulus_Arg_PISACowsMilk_10_page_6,1092.4,114.8,1001.0
10414980,stimulus_Arg_PISACowsMilk_10_page_6,1092.4,114.5,1002.0
10414981,stimulus_Arg_PISACowsMilk_10_page_6,1092.4,114.3,1002.0
10414982,stimulus_Arg_PISACowsMilk_10_page_6,1092.2,114.2,1003.0
10414983,stimulus_Arg_PISACowsMilk_10_page_6,1092.1,114.2,1002.0
10414984,stimulus_Arg_PISACowsMilk_10_page_6,1092.3,114.2,1001.0
10414985,stimulus_Arg_PISACowsMilk_10_page_6,1092.8,114.3,1000.0
10414986,stimulus_Arg_PISACowsMilk_10_page_6,1093.4,114.5,999.0
10414987,stimulus_Arg_PISACowsMilk_10_page_6,1093.8,114.7,998.0
10414988,stimulus_Arg_PISACowsMilk_10_page_6,1094.0,114.7,997.0
10414989,stimulus_Arg_PISACowsMilk_10_page_6,1093.9,114.6,998.0
10414990,stimulus_Arg_PISACowsMilk_10_page_6,1093.5,114.5,999.0
10414991,stimulus_Arg_PISACowsMilk_10_page_6,1093.1,114.5,1000.0
10414992,stimulus_Arg_PISACowsMilk_10_page_6,1092.7,114.5,1000.0
10414993,stimulus_Arg_PISACowsMilk_10_page_6,1092.5,114.3,1000.0
10414994,stimulus_Arg_PISACowsMilk_10_page_6,1092.3,114.0,999.0
10414995,stimulus_Arg_PISACowsMilk_10_page_6,1092.2,114.0,999.0
10414996,stimulus_Arg_PISACowsMilk_10_page_6,1092.2,114.3,999.0
10414997,stimulus_Arg_PISACowsMilk_10_page_6,1092.1,114.7,999.0
10414998,stimulus_Arg_PISACowsMilk_10_page_6,1092.1,115.0,999.0
10414999,stimulus_Arg_PISACowsMilk_10_page_6,1092.1,115.2,999.0
10415000,stimulus_Arg_PISACowsMilk_10_page_6,1092.2,115.1,1000.0
10415001,stimulus_Arg_PISACowsMilk_10_page_6,1092.4,114.9,1001.0
10415002,stimulus_Arg_PISACowsMilk_10_page_6,1092.5,115.0,1001.0
10415003,stimulus_Arg_PISACowsMilk_10_page_6,1092.6,115.4,1002.0
10415004,stimulus_Arg_PISACowsMilk_10_page_6,1092.7,116.0,1002.0
10415005,stimulus_Arg_PISACowsMilk_10_page_6,1092.9,116.3,1002.0
10415006,stimulus_Arg_PISACowsMilk_10_page_6,1093.0,116.5,1001.0
10415007,stimulus_Arg_PISACowsMilk_10_page_6,1092.7,116.5,1001.0
10415008,stimulus_Arg_PISACowsMilk_10_page_6,1092.3,116.3,1001.0
10415009,stimulus_Arg_PISACowsMilk_10_page_6,1091.9,116.1,1001.0
10415010,stimulus_Arg_PISACowsMilk_10_page_6,1091.7,115.9,1001.0
10415011,stimulus_Arg_PISACowsMilk_10_page_6,1091.7,116.0,1001.0
10415012,stimulus_Arg_PISACowsMilk_10_page_6,1091.9,115.9,1001.0
10415013,stimulus_Arg_PISACowsMilk_10_page_6,1092.0,115.9,1002.0
10415014,stimulus_Arg_PISACowsMilk_10_page_6,1092.1,115.8,1002.0
10415015,stimulus_Arg_PISACowsMilk_10_page_6,1092.3,115.8,1002.0
10415016,stimulus_Arg_PISACowsMilk_10_page_6,1092.7,115.8,1002.0
10415017,stimulus_Arg_PISACowsMilk_10_page_6,1093.0,115.7,1002.0
10415018,stimulus_Arg_PISACowsMilk_10_page_6,1093.0,115.6,1002.0
10415019,stimulus_Arg_PISACowsMilk_10_page_6,1093.0,115.6,1001.0
10415020,stimulus_Arg_PISACowsMilk_10_page_6,1093.0,115.7,1001.0
10415021,stimulus_Arg_PISACowsMilk_10_page_6,1092.8,115.8,1002.0
10415022,stimulus_Arg_PISACowsMilk_10_page_6,1092.6,115.9,1002.0
10415023,stimulus_Arg_PISACowsMilk_10_page_6,1092.5,115.8,1003.0
10415024,stimulus_Arg_PISACowsMilk_10_page_6,1092.7,115.8,1002.0
10415025,stimulus_Arg_PISACowsMilk_10_page_6,1092.9,115.8,1000.0
10415026,stimulus_Arg_PISACowsMilk_10_page_6,1093.0,115.9,999.0
10415027,stimulus_Arg_PISACowsMilk_10_page_6,1093.1,115.9,999.0
10415028,stimulus_Arg_PISACowsMilk_10_page_6,1093.2,115.9,1000.0
10415029,stimulus_Arg_PISACowsMilk_10_page_6,1093.3,116.0,1001.0
10415030,stimulus_Arg_PISACowsMilk_10_page_6,1093.3,116.0,1002.0
10415031,stimulus_Arg_PISACowsMilk_10_page_6,1093.4,116.0,1003.0
10415032,stimulus_Arg_PISACowsMilk_10_page_6,1093.4,115.9,1002.0
10415033,stimulus_Arg_PISACowsMilk_10_page_6,1093.3,116.1,1001.0
10415034,stimulus_Arg_PISACowsMilk_10_page_6,1093.2,116.3,1000.0
10415035,stimulus_Arg_PISACowsMilk_10_page_6,1093.1,116.5,1000.0
10415036,stimulus_Arg_PISACowsMilk_10_page_6,1093.0,116.3,1000.0
10415037,stimulus_Arg_PISACowsMilk_10_page_6,1093.1,116.2,1000.0
10415038,stimulus_Arg_PISACowsMilk_10_page_6,1093.1,116.2,999.0
10415039,stimulus_Arg_PISACowsMilk_10_page_6,1093.2,116.0,999.0
10415040,stimulus_Arg_PISACowsMilk_10_page_6,1093.2,115.8,1000.0
10415041,stimulus_Arg_PISACowsMilk_10_page_6,1093.2,115.8,1001.0
10415042,stimulus_Arg_PISACowsMilk_10_page_6,1093.2,116.0,1002.0
10415043,stimulus_Arg_PISACowsMilk_10_page_6,1093.1,116.4,1001.0
10415044,stimulus_Arg_PISACowsMilk_10_page_6,1093.1,116.5,1000.0
10415045,stimulus_Arg_PISACowsMilk_10_page_6,1093.1,116.7,999.0
10415046,stimulus_Arg_PISACowsMilk_10_page_6,1093.1,116.6,1000.0
10415047,stimulus_Arg_PISACowsMilk_10_page_6,1093.2,116.5,1001.0
10415048,stimulus_Arg_PISACowsMilk_10_page_6,1093.2,116.4,1002.0
10415049,stimulus_Arg_PISACowsMilk_10_page_6,1093.2,116.4,1002.0
10415050,stimulus_Arg_PISACowsMilk_10_page_6,1093.2,116.5,1002.0
10415051,stimulus_Arg_PISACowsMilk_10_page_6,1093.2,116.4,1003.0
10415052,stimulus_Arg_PISACowsMilk_10_page_6,1093.3,116.3,1003.0
10415053,stimulus_Arg_PISACowsMilk_10_page_6,1093.3,116.3,1002.0
10415054,stimulus_Arg_PISACowsMilk_10_page_6,1093.2,116.5,1002.0
10415055,stimulus_Arg_PISACowsMilk_10_page_6,1093.1,116.5,1002.0
10415056,stimulus_Arg_PISACowsMilk_10_page_6,1093.1,116.4,1002.0
10415057,stimulus_Arg_PISACowsMilk_10_page_6,1093.0,116.5,1002.0
10415058,stimulus_Arg_PISACowsMilk_10_page_6,1093.0,116.6,1001.0
10415059,stimulus_Arg_PISACowsMilk_10_page_6,1093.0,116.7,1001.0
10415060,stimulus_Arg_PISACowsMilk_10_page_6,1093.1,116.7,1001.0
10415061,stimulus_Arg_PISACowsMilk_10_page_6,1093.2,116.7,1002.0
10415062,stimulus_Arg_PISACowsMilk_10_page_6,1093.2,116.8,1003.0
10415063,stimulus_Arg_PISACowsMilk_10_page_6,1093.1,116.9,1002.0
10415064,stimulus_Arg_PISACowsMilk_10_page_6,1093.1,116.9,1001.0
10415065,stimulus_Arg_PISACowsMilk_10_page_6,1093.0,116.9,1000.0
10415066,stimulus_Arg_PISACowsMilk_10_page_6,1093.0,116.8,999.0
10415067,stimulus_Arg_PISACowsMilk_10_page_6,1092.9,116.7,1000.0
10415068,stimulus_Arg_PISACowsMilk_10_page_6,1093.0,116.7,1000.0
10415069,stimulus_Arg_PISACowsMilk_10_page_6,1093.1,116.8,1000.0
10415070,stimulus_Arg_PISACowsMilk_10_page_6,1093.2,116.9,1000.0
10415071,stimulus_Arg_PISACowsMilk_10_page_6,1093.2,116.9,999.0
10415072,stimulus_Arg_PISACowsMilk_10_page_6,1093.3,116.9,999.0
10415073,stimulus_Arg_PISACowsMilk_10_page_6,1093.4,117.0,1000.0
10415074,stimulus_Arg_PISACowsMilk_10_page_6,1093.5,117.0,1001.0
10415075,stimulus_Arg_PISACowsMilk_10_page_6,1093.3,117.1,1001.0
10415076,stimulus_Arg_PISACowsMilk_10_page_6,1093.1,117.0,1000.0
10415077,stimulus_Arg_PISACowsMilk_10_page_6,1093.0,117.1,1001.0
10415078,stimulus_Arg_PISACowsMilk_10_page_6,1093.1,117.0,1002.0
10415079,stimulus_Arg_PISACowsMilk_10_page_6,1093.2,116.8,1003.0
10415080,stimulus_Arg_PISACowsMilk_10_page_6,1093.1,116.6,1003.0
10415081,stimulus_Arg_PISACowsMilk_10_page_6,1093.1,116.3,1003.0
10415082,stimulus_Arg_PISACowsMilk_10_page_6,1093.1,116.3,1002.0
10415083,stimulus_Arg_PISACowsMilk_10_page_6,1093.1,116.2,1002.0
10415084,stimulus_Arg_PISACowsMilk_10_page_6,1093.1,116.1,1000.0
10415085,stimulus_Arg_PISACowsMilk_10_page_6,1093.1,116.0,1000.0
10415086,stimulus_Arg_PISACowsMilk_10_page_6,1093.1,116.1,999.0
10415087,stimulus_Arg_PISACowsMilk_10_page_6,1093.1,116.2,1000.0
10415088,stimulus_Arg_PISACowsMilk_10_page_6,1093.1,116.2,1000.0
10415089,stimulus_Arg_PISACowsMilk_10_page_6,1093.1,116.2,1000.0
10415090,stimulus_Arg_PISACowsMilk_10_page_6,1093.2,116.3,1001.0
10415091,stimulus_Arg_PISACowsMilk_10_page_6,1093.0,116.4,1000.0
10415092,stimulus_Arg_PISACowsMilk_10_page_6,1092.6,116.5,999.0
10415093,stimulus_Arg_PISACowsMilk_10_page_6,1092.2,116.5,998.0
10415094,stimulus_Arg_PISACowsMilk_10_page_6,1092.1,116.5,999.0
10415095,stimulus_Arg_PISACowsMilk_10_page_6,1092.2,116.3,999.0
10415096,stimulus_Arg_PISACowsMilk_10_page_6,1092.3,116.1,1000.0
10415097,stimulus_Arg_PISACowsMilk_10_page_6,1092.4,116.1,1001.0
10415098,stimulus_Arg_PISACowsMilk_10_page_6,1092.6,116.1,1001.0
10415099,stimulus_Arg_PISACowsMilk_10_page_6,1092.6,116.1,1001.0
10415100,stimulus_Arg_PISACowsMilk_10_page_6,1092.6,116.0,1001.0
10415101,stimulus_Arg_PISACowsMilk_10_page_6,1092.6,115.9,1000.0
10415102,stimulus_Arg_PISACowsMilk_10_page_6,1092.4,115.9,999.0
10415103,stimulus_Arg_PISACowsMilk_10_page_6,1092.1,116.0,999.0
10415104,stimulus_Arg_PISACowsMilk_10_page_6,1091.8,116.1,999.0
10415105,stimulus_Arg_PISACowsMilk_10_page_6,1091.8,116.3,999.0
10415106,stimulus_Arg_PISACowsMilk_10_page_6,1091.9,116.0,998.0
10415107,stimulus_Arg_PISACowsMilk_10_page_6,1092.0,115.6,998.0
10415108,stimulus_Arg_PISACowsMilk_10_page_6,1092.0,115.3,997.0
10415109,stimulus_Arg_PISACowsMilk_10_page_6,1092.0,115.3,997.0
10415110,stimulus_Arg_PISACowsMilk_10_page_6,1092.0,115.4,996.0
10415111,stimulus_Arg_PISACowsMilk_10_page_6,1091.8,115.5,996.0
10415112,stimulus_Arg_PISACowsMilk_10_page_6,1091.6,115.5,996.0
10415113,stimulus_Arg_PISACowsMilk_10_page_6,1091.5,115.5,996.0
10415114,stimulus_Arg_PISACowsMilk_10_page_6,1091.4,115.4,996.0
10415115,stimulus_Arg_PISACowsMilk_10_page_6,1091.3,115.2,996.0
10415116,stimulus_Arg_PISACowsMilk_10_page_6,1091.2,114.7,996.0
10415117,stimulus_Arg_PISACowsMilk_10_page_6,1091.2,114.3,996.0
10415118,stimulus_Arg_PISACowsMilk_10_page_6,1091.1,114.1,996.0
10415119,stimulus_Arg_PISACowsMilk_10_page_6,1091.1,114.2,995.0
10415120,stimulus_Arg_PISACowsMilk_10_page_6,1091.3,114.4,994.0
10415121,stimulus_Arg_PISACowsMilk_10_page_6,1091.5,114.6,995.0
10415122,stimulus_Arg_PISACowsMilk_10_page_6,1091.7,114.7,993.0
10415123,stimulus_Arg_PISACowsMilk_10_page_6,1091.6,114.7,992.0
10415124,stimulus_Arg_PISACowsMilk_10_page_6,1091.6,114.8,990.0
10415125,stimulus_Arg_PISACowsMilk_10_page_6,1091.6,114.9,991.0
10415126,stimulus_Arg_PISACowsMilk_10_page_6,1091.4,115.0,992.0
10415127,stimulus_Arg_PISACowsMilk_10_page_6,1091.2,114.9,992.0
10415128,stimulus_Arg_PISACowsMilk_10_page_6,1091.1,114.9,992.0
10415129,stimulus_Arg_PISACowsMilk_10_page_6,1091.3,114.9,991.0
10415130,stimulus_Arg_PISACowsMilk_10_page_6,1091.4,115.0,991.0
10415131,stimulus_Arg_PISACowsMilk_10_page_6,1091.2,115.3,991.0
10415132,stimulus_Arg_PISACowsMilk_10_page_6,1091.1,115.5,991.0
10415133,stimulus_Arg_PISACowsMilk_10_page_6,1090.9,115.9,991.0
10415134,stimulus_Arg_PISACowsMilk_10_page_6,1090.9,116.0,990.0
10415135,stimulus_Arg_PISACowsMilk_10_page_6,1091.0,116.2,990.0
10415136,stimulus_Arg_PISACowsMilk_10_page_6,1091.1,116.2,990.0
10415137,stimulus_Arg_PISACowsMilk_10_page_6,1091.3,116.0,990.0
10415138,stimulus_Arg_PISACowsMilk_10_page_6,1091.4,115.7,991.0
10415139,stimulus_Arg_PISACowsMilk_10_page_6,1091.6,115.4,991.0
10415140,stimulus_Arg_PISACowsMilk_10_page_6,1091.7,115.2,991.0
10415141,stimulus_Arg_PISACowsMilk_10_page_6,1091.6,115.3,990.0
10415142,stimulus_Arg_PISACowsMilk_10_page_6,1091.5,115.5,990.0
10415143,stimulus_Arg_PISACowsMilk_10_page_6,1091.5,116.0,990.0
10415144,stimulus_Arg_PISACowsMilk_10_page_6,1091.7,116.4,990.0
10415145,stimulus_Arg_PISACowsMilk_10_page_6,1091.8,116.7,989.0
10415146,stimulus_Arg_PISACowsMilk_10_page_6,1091.9,116.7,989.0
10415147,stimulus_Arg_PISACowsMilk_10_page_6,1091.9,116.4,989.0
10415148,stimulus_Arg_PISACowsMilk_10_page_6,1091.9,116.1,989.0
10415149,stimulus_Arg_PISACowsMilk_10_page_6,1091.9,115.8,989.0
10415150,stimulus_Arg_PISACowsMilk_10_page_6,1091.8,115.8,990.0
10415151,stimulus_Arg_PISACowsMilk_10_page_6,1092.1,116.0,990.0
10415152,stimulus_Arg_PISACowsMilk_10_page_6,1092.6,116.1,990.0
10415153,stimulus_Arg_PISACowsMilk_10_page_6,1093.2,116.2,989.0
10415154,stimulus_Arg_PISACowsMilk_10_page_6,1093.4,116.2,989.0
10415155,stimulus_Arg_PISACowsMilk_10_page_6,1093.3,116.3,989.0
10415156,stimulus_Arg_PISACowsMilk_10_page_6,1093.1,116.2,989.0
10415157,stimulus_Arg_PISACowsMilk_10_page_6,1092.9,116.1,989.0
10415158,stimulus_Arg_PISACowsMilk_10_page_6,1092.9,116.0,989.0
10415159,stimulus_Arg_PISACowsMilk_10_page_6,1093.0,116.1,989.0
10415160,stimulus_Arg_PISACowsMilk_10_page_6,1093.1,116.2,989.0
10415161,stimulus_Arg_PISACowsMilk_10_page_6,1093.2,116.1,989.0
10415162,stimulus_Arg_PISACowsMilk_10_page_6,1093.2,116.1,989.0
10415163,stimulus_Arg_PISACowsMilk_10_page_6,1093.2,115.9,989.0
10415164,stimulus_Arg_PISACowsMilk_10_page_6,1093.2,116.0,989.0
10415165,stimulus_Arg_PISACowsMilk_10_page_6,1093.2,116.2,989.0
10415166,stimulus_Arg_PISACowsMilk_10_page_6,1093.2,116.4,989.0
10415167,stimulus_Arg_PISACowsMilk_10_page_6,1093.2,116.5,989.0
10415168,stimulus_Arg_PISACowsMilk_10_page_6,1093.3,116.4,990.0
10415169,stimulus_Arg_PISACowsMilk_10_page_6,1093.4,116.3,989.0
10415170,stimulus_Arg_PISACowsMilk_10_page_6,1093.5,116.2,989.0
10415171,stimulus_Arg_PISACowsMilk_10_page_6,1093.6,116.1,989.0
10415172,stimulus_Arg_PISACowsMilk_10_page_6,1093.6,116.1,989.0
10415173,stimulus_Arg_PISACowsMilk_10_page_6,1093.6,116.1,989.0
10415174,stimulus_Arg_PISACowsMilk_10_page_6,1093.7,116.1,988.0
10415175,stimulus_Arg_PISACowsMilk_10_page_6,1093.6,116.2,987.0
10415176,stimulus_Arg_PISACowsMilk_10_page_6,1093.5,116.6,986.0
10415177,stimulus_Arg_PISACowsMilk_10_page_6,1093.4,116.9,986.0
10415178,stimulus_Arg_PISACowsMilk_10_page_6,1093.3,117.0,986.0
10415179,stimulus_Arg_PISACowsMilk_10_page_6,1093.1,116.8,987.0
10415180,stimulus_Arg_PISACowsMilk_10_page_6,1093.0,116.7,987.0
10415181,stimulus_Arg_PISACowsMilk_10_page_6,1092.9,116.6,988.0
10415182,stimulus_Arg_PISACowsMilk_10_page_6,1092.9,116.6,988.0
10415183,stimulus_Arg_PISACowsMilk_10_page_6,1092.8,116.4,988.0
10415184,stimulus_Arg_PISACowsMilk_10_page_6,1092.9,116.2,988.0
10415185,stimulus_Arg_PISACowsMilk_10_page_6,1092.9,116.1,988.0
10415186,stimulus_Arg_PISACowsMilk_10_page_6,1092.9,116.0,987.0
10415187,stimulus_Arg_PISACowsMilk_10_page_6,1092.9,116.0,988.0
10415188,stimulus_Arg_PISACowsMilk_10_page_6,1093.0,116.0,988.0
10415189,stimulus_Arg_PISACowsMilk_10_page_6,1093.2,116.0,988.0
10415190,stimulus_Arg_PISACowsMilk_10_page_6,1093.3,115.9,989.0
10415191,stimulus_Arg_PISACowsMilk_10_page_6,1093.4,115.8,989.0
10415192,stimulus_Arg_PISACowsMilk_10_page_6,1093.3,115.7,989.0
10415193,stimulus_Arg_PISACowsMilk_10_page_6,1093.3,115.7,989.0
10415194,stimulus_Arg_PISACowsMilk_10_page_6,1093.3,115.9,989.0
10415195,stimulus_Arg_PISACowsMilk_10_page_6,1093.3,116.0,989.0
10415196,stimulus_Arg_PISACowsMilk_10_page_6,1093.3,116.1,989.0
10415197,stimulus_Arg_PISACowsMilk_10_page_6,1093.1,116.2,989.0
10415198,stimulus_Arg_PISACowsMilk_10_page_6,1093.0,116.3,990.0
10415199,stimulus_Arg_PISACowsMilk_10_page_6,1092.9,116.1,991.0
10415200,stimulus_Arg_PISACowsMilk_10_page_6,1093.0,116.0,991.0
10415201,stimulus_Arg_PISACowsMilk_10_page_6,1093.3,115.9,990.0
10415202,stimulus_Arg_PISACowsMilk_10_page_6,1093.6,115.9,990.0
10415203,stimulus_Arg_PISACowsMilk_10_page_6,1093.9,115.8,991.0
10415204,stimulus_Arg_PISACowsMilk_10_page_6,1093.9,115.8,991.0
10415205,stimulus_Arg_PISACowsMilk_10_page_6,1093.7,115.9,991.0
10415206,stimulus_Arg_PISACowsMilk_10_page_6,1093.5,116.0,992.0
10415207,stimulus_Arg_PISACowsMilk_10_page_6,1093.4,116.0,992.0
10415208,stimulus_Arg_PISACowsMilk_10_page_6,1093.4,116.0,992.0
10415209,stimulus_Arg_PISACowsMilk_10_page_6,1093.6,116.1,993.0
10415210,stimulus_Arg_PISACowsMilk_10_page_6,1093.7,116.3,993.0
10415211,stimulus_Arg_PISACowsMilk_10_page_6,1093.8,116.4,993.0
10415212,stimulus_Arg_PISACowsMilk_10_page_6,1093.8,116.5,992.0
10415213,stimulus_Arg_PISACowsMilk_10_page_6,1093.9,116.3,991.0
10415214,stimulus_Arg_PISACowsMilk_10_page_6,1094.0,115.9,992.0
10415215,stimulus_Arg_PISACowsMilk_10_page_6,1093.9,115.4,992.0
10415216,stimulus_Arg_PISACowsMilk_10_page_6,1093.9,115.2,991.0
10415217,stimulus_Arg_PISACowsMilk_10_page_6,1094.0,115.2,991.0
10415218,stimulus_Arg_PISACowsMilk_10_page_6,1094.0,115.2,992.0
10415219,stimulus_Arg_PISACowsMilk_10_page_6,1094.0,115.3,992.0
10415220,stimulus_Arg_PISACowsMilk_10_page_6,1093.9,115.6,993.0
10415221,stimulus_Arg_PISACowsMilk_10_page_6,1093.8,115.7,993.0
10415222,stimulus_Arg_PISACowsMilk_10_page_6,1093.9,115.9,993.0
10415223,stimulus_Arg_PISACowsMilk_10_page_6,1094.1,116.0,992.0
10415224,stimulus_Arg_PISACowsMilk_10_page_6,1094.1,116.1,992.0
10415225,stimulus_Arg_PISACowsMilk_10_page_6,1093.8,116.3,992.0
10415226,stimulus_Arg_PISACowsMilk_10_page_6,1093.6,116.4,992.0
10415227,stimulus_Arg_PISACowsMilk_10_page_6,1093.5,116.5,992.0
10415228,stimulus_Arg_PISACowsMilk_10_page_6,1093.5,116.6,992.0
10415229,stimulus_Arg_PISACowsMilk_10_page_6,1093.3,116.7,993.0
10415230,stimulus_Arg_PISACowsMilk_10_page_6,1093.2,116.8,993.0
10415231,stimulus_Arg_PISACowsMilk_10_page_6,1093.2,116.7,992.0
10415232,stimulus_Arg_PISACowsMilk_10_page_6,1093.4,116.4,991.0
10415233,stimulus_Arg_PISACowsMilk_10_page_6,1094.0,116.5,991.0
10415234,stimulus_Arg_PISACowsMilk_10_page_6,1094.4,116.9,991.0
10415235,stimulus_Arg_PISACowsMilk_10_page_6,1094.8,117.3,991.0
10415236,stimulus_Arg_PISACowsMilk_10_page_6,1094.7,117.4,992.0
10415237,stimulus_Arg_PISACowsMilk_10_page_6,1094.7,117.3,993.0
10415238,stimulus_Arg_PISACowsMilk_10_page_6,1094.5,117.2,993.0
10415239,stimulus_Arg_PISACowsMilk_10_page_6,1094.3,117.2,994.0
10415240,stimulus_Arg_PISACowsMilk_10_page_6,1094.0,117.2,994.0
10415241,stimulus_Arg_PISACowsMilk_10_page_6,1093.8,117.2,995.0
10415242,stimulus_Arg_PISACowsMilk_10_page_6,1093.7,117.2,995.0
10415243,stimulus_Arg_PISACowsMilk_10_page_6,1093.7,117.2,994.0
10415244,stimulus_Arg_PISACowsMilk_10_page_6,1093.7,117.2,993.0
10415245,stimulus_Arg_PISACowsMilk_10_page_6,1093.7,117.3,992.0
10415246,stimulus_Arg_PISACowsMilk_10_page_6,1093.6,117.4,992.0
10415247,stimulus_Arg_PISACowsMilk_10_page_6,1093.5,117.4,992.0
10415248,stimulus_Arg_PISACowsMilk_10_page_6,1093.5,117.4,993.0
10415249,stimulus_Arg_PISACowsMilk_10_page_6,1093.3,117.3,993.0
10415250,stimulus_Arg_PISACowsMilk_10_page_6,1093.3,117.2,994.0
10415251,stimulus_Arg_PISACowsMilk_10_page_6,1093.2,117.1,993.0
10415252,stimulus_Arg_PISACowsMilk_10_page_6,1093.2,117.2,993.0
10415253,stimulus_Arg_PISACowsMilk_10_page_6,1093.3,117.4,993.0
10415254,stimulus_Arg_PISACowsMilk_10_page_6,1093.3,117.7,993.0
10415255,stimulus_Arg_PISACowsMilk_10_page_6,1093.2,117.9,993.0
10415256,stimulus_Arg_PISACowsMilk_10_page_6,1093.3,118.0,993.0
10415257,stimulus_Arg_PISACowsMilk_10_page_6,1093.4,118.1,993.0
10415258,stimulus_Arg_PISACowsMilk_10_page_6,1093.6,117.9,993.0
10415259,stimulus_Arg_PISACowsMilk_10_page_6,1093.5,117.7,994.0
10415260,stimulus_Arg_PISACowsMilk_10_page_6,1093.4,117.5,994.0
10415261,stimulus_Arg_PISACowsMilk_10_page_6,1093.3,117.4,994.0
10415262,stimulus_Arg_PISACowsMilk_10_page_6,1093.3,117.3,994.0
10415263,stimulus_Arg_PISACowsMilk_10_page_6,1093.3,117.3,994.0
10415264,stimulus_Arg_PISACowsMilk_10_page_6,1093.3,117.3,994.0
10415265,stimulus_Arg_PISACowsMilk_10_page_6,1093.3,117.3,994.0
10415266,stimulus_Arg_PISACowsMilk_10_page_6,1093.3,117.3,994.0
10415267,stimulus_Arg_PISACowsMilk_10_page_6,1093.4,117.5,995.0
10415268,stimulus_Arg_PISACowsMilk_10_page_6,1093.3,117.7,995.0
10415269,stimulus_Arg_PISACowsMilk_10_page_6,1093.3,118.0,995.0
10415270,stimulus_Arg_PISACowsMilk_10_page_6,1093.2,117.9,995.0
10415271,stimulus_Arg_PISACowsMilk_10_page_6,1093.3,117.8,995.0
10415272,stimulus_Arg_PISACowsMilk_10_page_6,1093.3,117.7,995.0
10415273,stimulus_Arg_PISACowsMilk_10_page_6,1093.3,117.6,994.0
10415274,stimulus_Arg_PISACowsMilk_10_page_6,1093.3,117.8,993.0
10415275,stimulus_Arg_PISACowsMilk_10_page_6,1093.3,118.2,992.0
10415276,stimulus_Arg_PISACowsMilk_10_page_6,1093.3,118.4,992.0
10415277,stimulus_Arg_PISACowsMilk_10_page_6,1093.3,118.4,993.0
10415278,stimulus_Arg_PISACowsMilk_10_page_6,1093.2,118.3,993.0
10415279,stimulus_Arg_PISACowsMilk_10_page_6,1093.2,118.2,994.0
10415280,stimulus_Arg_PISACowsMilk_10_page_6,1093.4,118.2,994.0
10415281,stimulus_Arg_PISACowsMilk_10_page_6,1093.6,118.2,994.0
10415282,stimulus_Arg_PISACowsMilk_10_page_6,1093.8,118.1,994.0
10415283,stimulus_Arg_PISACowsMilk_10_page_6,1093.7,118.1,994.0
10415284,stimulus_Arg_PISACowsMilk_10_page_6,1093.6,118.2,993.0
10415285,stimulus_Arg_PISACowsMilk_10_page_6,1093.6,118.5,992.0
10415286,stimulus_Arg_PISACowsMilk_10_page_6,1093.7,119.0,991.0
10415287,stimulus_Arg_PISACowsMilk_10_page_6,1093.6,119.3,990.0
10415288,stimulus_Arg_PISACowsMilk_10_page_6,1093.5,119.1,991.0
10415289,stimulus_Arg_PISACowsMilk_10_page_6,1093.3,118.9,992.0
10415290,stimulus_Arg_PISACowsMilk_10_page_6,1093.3,118.6,992.0
10415291,stimulus_Arg_PISACowsMilk_10_page_6,1093.2,118.8,992.0
10415292,stimulus_Arg_PISACowsMilk_10_page_6,1092.9,119.0,992.0
10415293,stimulus_Arg_PISACowsMilk_10_page_6,1092.7,119.1,992.0
10415294,stimulus_Arg_PISACowsMilk_10_page_6,1092.6,119.0,992.0
10415295,stimulus_Arg_PISACowsMilk_10_page_6,1092.6,118.9,991.0
10415296,stimulus_Arg_PISACowsMilk_10_page_6,1092.7,119.1,990.0
10415297,stimulus_Arg_PISACowsMilk_10_page_6,1092.8,119.3,991.0
10415298,stimulus_Arg_PISACowsMilk_10_page_6,1092.8,119.3,991.0
10415299,stimulus_Arg_PISACowsMilk_10_page_6,1092.8,119.1,991.0
10415300,stimulus_Arg_PISACowsMilk_10_page_6,1092.6,119.0,991.0
10415301,stimulus_Arg_PISACowsMilk_10_page_6,1092.5,119.1,992.0
10415302,stimulus_Arg_PISACowsMilk_10_page_6,1092.4,119.5,992.0
10415303,stimulus_Arg_PISACowsMilk_10_page_6,1092.5,119.7,991.0
10415304,stimulus_Arg_PISACowsMilk_10_page_6,1092.3,119.8,990.0
10415305,stimulus_Arg_PISACowsMilk_10_page_6,1092.2,119.8,989.0
10415306,stimulus_Arg_PISACowsMilk_10_page_6,1092.0,119.8,988.0
10415307,stimulus_Arg_PISACowsMilk_10_page_6,1092.0,119.8,987.0
10415308,stimulus_Arg_PISACowsMilk_10_page_6,1091.8,119.8,987.0
10415309,stimulus_Arg_PISACowsMilk_10_page_6,1091.5,119.9,988.0
10415310,stimulus_Arg_PISACowsMilk_10_page_6,1091.4,119.9,989.0
10415311,stimulus_Arg_PISACowsMilk_10_page_6,1091.6,120.0,989.0
10415312,stimulus_Arg_PISACowsMilk_10_page_6,1091.9,120.1,989.0
10415313,stimulus_Arg_PISACowsMilk_10_page_6,1092.1,120.1,989.0
10415314,stimulus_Arg_PISACowsMilk_10_page_6,1092.1,120.1,989.0
10415315,stimulus_Arg_PISACowsMilk_10_page_6,1092.1,120.1,989.0
10415316,stimulus_Arg_PISACowsMilk_10_page_6,1092.0,120.1,989.0
10415317,stimulus_Arg_PISACowsMilk_10_page_6,1092.1,120.2,988.0
10415318,stimulus_Arg_PISACowsMilk_10_page_6,1092.2,120.3,988.0
10415319,stimulus_Arg_PISACowsMilk_10_page_6,1092.3,120.3,988.0
10415320,stimulus_Arg_PISACowsMilk_10_page_6,1092.6,120.6,988.0
10415321,stimulus_Arg_PISACowsMilk_10_page_6,1093.0,120.9,989.0
10415322,stimulus_Arg_PISACowsMilk_10_page_6,1093.4,121.3,990.0
10415323,stimulus_Arg_PISACowsMilk_10_page_6,1093.7,121.5,990.0
10415324,stimulus_Arg_PISACowsMilk_10_page_6,1093.8,121.7,990.0
10415325,stimulus_Arg_PISACowsMilk_10_page_6,1094.0,121.7,989.0
10415326,stimulus_Arg_PISACowsMilk_10_page_6,1094.1,121.6,990.0
10415327,stimulus_Arg_PISACowsMilk_10_page_6,1094.3,121.5,990.0
10415328,stimulus_Arg_PISACowsMilk_10_page_6,1094.6,121.4,991.0
10415329,stimulus_Arg_PISACowsMilk_10_page_6,1094.7,121.3,991.0
10415330,stimulus_Arg_PISACowsMilk_10_page_6,1094.6,121.2,992.0
10415331,stimulus_Arg_PISACowsMilk_10_page_6,1094.5,121.1,992.0
10415332,stimulus_Arg_PISACowsMilk_10_page_6,1094.1,121.0,991.0
10415333,stimulus_Arg_PISACowsMilk_10_page_6,1093.9,120.6,991.0
10415334,stimulus_Arg_PISACowsMilk_10_page_6,1093.6,120.3,990.0
10415335,stimulus_Arg_PISACowsMilk_10_page_6,1093.6,120.4,991.0
10415336,stimulus_Arg_PISACowsMilk_10_page_6,1093.7,120.7,991.0
10415337,stimulus_Arg_PISACowsMilk_10_page_6,1094.4,121.0,992.0
10415338,stimulus_Arg_PISACowsMilk_10_page_6,1094.9,121.0,992.0
10415339,stimulus_Arg_PISACowsMilk_10_page_6,1095.4,121.1,993.0
10415340,stimulus_Arg_PISACowsMilk_10_page_6,1095.4,121.2,993.0
10415341,stimulus_Arg_PISACowsMilk_10_page_6,1095.5,121.0,994.0
10415342,stimulus_Arg_PISACowsMilk_10_page_6,1095.7,120.8,993.0
10415343,stimulus_Arg_PISACowsMilk_10_page_6,1095.7,120.6,992.0
10415344,stimulus_Arg_PISACowsMilk_10_page_6,1095.8,120.6,991.0
10415345,stimulus_Arg_PISACowsMilk_10_page_6,1095.9,120.8,991.0
10415346,stimulus_Arg_PISACowsMilk_10_page_6,1095.9,120.9,992.0
10415347,stimulus_Arg_PISACowsMilk_10_page_6,1095.7,120.9,992.0
10415348,stimulus_Arg_PISACowsMilk_10_page_6,1095.5,120.9,993.0
10415349,stimulus_Arg_PISACowsMilk_10_page_6,1095.3,120.9,994.0
10415350,stimulus_Arg_PISACowsMilk_10_page_6,1095.5,121.0,994.0
10415351,stimulus_Arg_PISACowsMilk_10_page_6,1095.9,121.1,995.0
10415352,stimulus_Arg_PISACowsMilk_10_page_6,1096.1,121.1,994.0
10415353,stimulus_Arg_PISACowsMilk_10_page_6,1095.9,121.1,994.0
10415354,stimulus_Arg_PISACowsMilk_10_page_6,1095.8,121.1,994.0
10415355,stimulus_Arg_PISACowsMilk_10_page_6,1095.7,121.1,993.0
10415356,stimulus_Arg_PISACowsMilk_10_page_6,1095.5,121.2,992.0
10415357,stimulus_Arg_PISACowsMilk_10_page_6,1095.3,121.1,991.0
10415358,stimulus_Arg_PISACowsMilk_10_page_6,1095.2,121.0,992.0
10415359,stimulus_Arg_PISACowsMilk_10_page_6,1095.4,120.9,993.0
10415360,stimulus_Arg_PISACowsMilk_10_page_6,1095.4,120.9,993.0
10415361,stimulus_Arg_PISACowsMilk_10_page_6,1095.3,120.8,993.0
10415362,stimulus_Arg_PISACowsMilk_10_page_6,1095.0,120.8,992.0
10415363,stimulus_Arg_PISACowsMilk_10_page_6,1094.7,120.7,992.0
10415364,stimulus_Arg_PISACowsMilk_10_page_6,1094.5,120.7,992.0
10415365,stimulus_Arg_PISACowsMilk_10_page_6,1094.6,120.7,992.0
10415366,stimulus_Arg_PISACowsMilk_10_page_6,1094.9,120.6,991.0
10415367,stimulus_Arg_PISACowsMilk_10_page_6,1095.1,120.5,991.0
10415368,stimulus_Arg_PISACowsMilk_10_page_6,1095.3,120.4,992.0
10415369,stimulus_Arg_PISACowsMilk_10_page_6,1095.3,120.5,992.0
10415370,stimulus_Arg_PISACowsMilk_10_page_6,1095.3,120.6,992.0
10415371,stimulus_Arg_PISACowsMilk_10_page_6,1095.3,120.7,992.0
10415372,stimulus_Arg_PISACowsMilk_10_page_6,1095.3,120.8,991.0
10415373,stimulus_Arg_PISACowsMilk_10_page_6,1095.2,120.8,991.0
10415374,stimulus_Arg_PISACowsMilk_10_page_6,1095.1,120.9,991.0
10415375,stimulus_Arg_PISACowsMilk_10_page_6,1095.1,120.9,991.0
10415376,stimulus_Arg_PISACowsMilk_10_page_6,1095.1,120.9,991.0
10415377,stimulus_Arg_PISACowsMilk_10_page_6,1095.2,120.9,991.0
10415378,stimulus_Arg_PISACowsMilk_10_page_6,1095.3,120.9,992.0
10415379,stimulus_Arg_PISACowsMilk_10_page_6,1095.2,120.8,993.0
10415380,stimulus_Arg_PISACowsMilk_10_page_6,1095.1,120.8,994.0
10415381,stimulus_Arg_PISACowsMilk_10_page_6,1095.0,121.0,994.0
10415382,stimulus_Arg_PISACowsMilk_10_page_6,1095.2,121.2,994.0
10415383,stimulus_Arg_PISACowsMilk_10_page_6,1095.4,121.4,993.0
10415384,stimulus_Arg_PISACowsMilk_10_page_6,1095.5,121.3,993.0
10415385,stimulus_Arg_PISACowsMilk_10_page_6,1095.3,121.4,993.0
10415386,stimulus_Arg_PISACowsMilk_10_page_6,1095.2,121.5,993.0
10415387,stimulus_Arg_PISACowsMilk_10_page_6,1095.3,121.5,994.0
10415388,stimulus_Arg_PISACowsMilk_10_page_6,1095.3,121.5,994.0
10415389,stimulus_Arg_PISACowsMilk_10_page_6,1095.4,121.3,995.0
10415390,stimulus_Arg_PISACowsMilk_10_page_6,1095.3,121.1,995.0
10415391,stimulus_Arg_PISACowsMilk_10_page_6,1095.1,120.9,995.0
10415392,stimulus_Arg_PISACowsMilk_10_page_6,1094.9,121.0,995.0
10415393,stimulus_Arg_PISACowsMilk_10_page_6,1094.8,121.1,995.0
10415394,stimulus_Arg_PISACowsMilk_10_page_6,1094.8,121.3,994.0
10415395,stimulus_Arg_PISACowsMilk_10_page_6,1094.8,121.3,993.0
10415396,stimulus_Arg_PISACowsMilk_10_page_6,1094.8,121.3,994.0
10415397,stimulus_Arg_PISACowsMilk_10_page_6,1094.8,121.3,994.0
10415398,stimulus_Arg_PISACowsMilk_10_page_6,1094.7,121.4,995.0
10415399,stimulus_Arg_PISACowsMilk_10_page_6,1094.8,121.4,994.0
10415400,stimulus_Arg_PISACowsMilk_10_page_6,1094.8,121.5,994.0
10415401,stimulus_Arg_PISACowsMilk_10_page_6,1094.9,121.5,995.0
10415402,stimulus_Arg_PISACowsMilk_10_page_6,1095.0,121.5,996.0
10415403,stimulus_Arg_PISACowsMilk_10_page_6,1095.1,121.5,996.0
10415404,stimulus_Arg_PISACowsMilk_10_page_6,1095.2,121.5,996.0
10415405,stimulus_Arg_PISACowsMilk_10_page_6,1095.2,121.5,995.0
10415406,stimulus_Arg_PISACowsMilk_10_page_6,1095.2,121.3,995.0
10415407,stimulus_Arg_PISACowsMilk_10_page_6,1095.1,121.1,995.0
10415408,stimulus_Arg_PISACowsMilk_10_page_6,1095.2,121.0,995.0
10415409,stimulus_Arg_PISACowsMilk_10_page_6,1095.3,121.1,996.0
10415410,stimulus_Arg_PISACowsMilk_10_page_6,1095.4,121.3,996.0
10415411,stimulus_Arg_PISACowsMilk_10_page_6,1095.4,121.5,996.0
10415412,stimulus_Arg_PISACowsMilk_10_page_6,1095.4,121.7,996.0
10415413,stimulus_Arg_PISACowsMilk_10_page_6,1095.4,121.7,996.0
10415414,stimulus_Arg_PISACowsMilk_10_page_6,1095.4,121.7,996.0
10415415,stimulus_Arg_PISACowsMilk_10_page_6,1095.3,121.6,996.0
10415416,stimulus_Arg_PISACowsMilk_10_page_6,1095.2,121.5,996.0
10415417,stimulus_Arg_PISACowsMilk_10_page_6,1095.2,121.4,996.0
10415418,stimulus_Arg_PISACowsMilk_10_page_6,1095.3,121.4,995.0
10415419,stimulus_Arg_PISACowsMilk_10_page_6,1095.3,121.2,995.0
10415420,stimulus_Arg_PISACowsMilk_10_page_6,1095.3,121.1,995.0
10415421,stimulus_Arg_PISACowsMilk_10_page_6,1095.2,121.0,995.0
10415422,stimulus_Arg_PISACowsMilk_10_page_6,1095.0,121.1,995.0
10415423,stimulus_Arg_PISACowsMilk_10_page_6,1094.9,121.3,995.0
10415424,stimulus_Arg_PISACowsMilk_10_page_6,1094.9,121.4,995.0
10415425,stimulus_Arg_PISACowsMilk_10_page_6,1094.9,121.5,995.0
10415426,stimulus_Arg_PISACowsMilk_10_page_6,1094.8,121.6,995.0
10415427,stimulus_Arg_PISACowsMilk_10_page_6,1094.9,121.6,995.0
10415428,stimulus_Arg_PISACowsMilk_10_page_6,1094.9,121.5,996.0
10415429,stimulus_Arg_PISACowsMilk_10_page_6,1095.0,121.5,996.0
10415430,stimulus_Arg_PISACowsMilk_10_page_6,1095.1,121.4,997.0
10415431,stimulus_Arg_PISACowsMilk_10_page_6,1095.2,121.5,997.0
10415432,stimulus_Arg_PISACowsMilk_10_page_6,1095.2,121.5,997.0
10415433,stimulus_Arg_PISACowsMilk_10_page_6,1095.2,121.6,997.0
10415434,stimulus_Arg_PISACowsMilk_10_page_6,1095.1,121.6,997.0
10415435,stimulus_Arg_PISACowsMilk_10_page_6,1094.8,121.6,996.0
10415436,stimulus_Arg_PISACowsMilk_10_page_6,1094.5,121.5,996.0
10415437,stimulus_Arg_PISACowsMilk_10_page_6,1094.4,121.5,996.0
10415438,stimulus_Arg_PISACowsMilk_10_page_6,1094.4,121.9,997.0
10415439,stimulus_Arg_PISACowsMilk_10_page_6,1094.4,122.3,997.0
10415440,stimulus_Arg_PISACowsMilk_10_page_6,1094.4,122.7,997.0
10415441,stimulus_Arg_PISACowsMilk_10_page_6,1094.4,122.6,996.0
10415442,stimulus_Arg_PISACowsMilk_10_page_6,1094.4,122.7,996.0
10415443,stimulus_Arg_PISACowsMilk_10_page_6,1094.4,122.7,996.0
10415444,stimulus_Arg_PISACowsMilk_10_page_6,1094.4,122.7,996.0
10415445,stimulus_Arg_PISACowsMilk_10_page_6,1094.4,122.5,996.0
10415446,stimulus_Arg_PISACowsMilk_10_page_6,1094.4,122.7,996.0
10415447,stimulus_Arg_PISACowsMilk_10_page_6,1094.4,122.9,996.0
10415448,stimulus_Arg_PISACowsMilk_10_page_6,1094.3,123.0,996.0
10415449,stimulus_Arg_PISACowsMilk_10_page_6,1094.1,122.9,997.0
10415450,stimulus_Arg_PISACowsMilk_10_page_6,1094.2,123.1,997.0
10415451,stimulus_Arg_PISACowsMilk_10_page_6,1094.4,123.4,997.0
10415452,stimulus_Arg_PISACowsMilk_10_page_6,1094.6,123.6,996.0
10415453,stimulus_Arg_PISACowsMilk_10_page_6,1094.5,123.5,996.0
10415454,stimulus_Arg_PISACowsMilk_10_page_6,1094.3,123.3,995.0
10415455,stimulus_Arg_PISACowsMilk_10_page_6,1094.2,123.3,996.0
10415456,stimulus_Arg_PISACowsMilk_10_page_6,1094.1,123.2,996.0
10415457,stimulus_Arg_PISACowsMilk_10_page_6,1093.9,123.2,996.0
10415458,stimulus_Arg_PISACowsMilk_10_page_6,1093.9,123.2,996.0
10415459,stimulus_Arg_PISACowsMilk_10_page_6,1093.8,123.2,995.0
10415460,stimulus_Arg_PISACowsMilk_10_page_6,1093.8,123.2,995.0
10415461,stimulus_Arg_PISACowsMilk_10_page_6,1093.8,123.2,996.0
10415462,stimulus_Arg_PISACowsMilk_10_page_6,1093.9,123.1,997.0
10415463,stimulus_Arg_PISACowsMilk_10_page_6,1094.0,123.1,998.0
10415464,stimulus_Arg_PISACowsMilk_10_page_6,1094.1,123.1,998.0
10415465,stimulus_Arg_PISACowsMilk_10_page_6,1093.8,123.2,998.0
10415466,stimulus_Arg_PISACowsMilk_10_page_6,1093.6,123.5,998.0
10415467,stimulus_Arg_PISACowsMilk_10_page_6,1093.4,123.7,998.0
10415468,stimulus_Arg_PISACowsMilk_10_page_6,1093.4,123.9,997.0
10415469,stimulus_Arg_PISACowsMilk_10_page_6,1093.6,123.8,996.0
10415470,stimulus_Arg_PISACowsMilk_10_page_6,1093.8,123.8,996.0
10415471,stimulus_Arg_PISACowsMilk_10_page_6,1094.0,123.9,996.0
10415472,stimulus_Arg_PISACowsMilk_10_page_6,1094.0,124.3,996.0
10415473,stimulus_Arg_PISACowsMilk_10_page_6,1094.0,124.8,996.0
10415474,stimulus_Arg_PISACowsMilk_10_page_6,1094.0,125.1,996.0
10415475,stimulus_Arg_PISACowsMilk_10_page_6,1093.8,125.0,996.0
10415476,stimulus_Arg_PISACowsMilk_10_page_6,1093.7,124.7,996.0
10415477,stimulus_Arg_PISACowsMilk_10_page_6,1093.5,124.5,997.0
10415478,stimulus_Arg_PISACowsMilk_10_page_6,1093.7,124.5,998.0
10415479,stimulus_Arg_PISACowsMilk_10_page_6,1094.0,124.6,999.0
10415480,stimulus_Arg_PISACowsMilk_10_page_6,1094.3,124.7,1000.0
10415481,stimulus_Arg_PISACowsMilk_10_page_6,1094.2,124.8,1001.0
10415482,stimulus_Arg_PISACowsMilk_10_page_6,1094.0,124.9,1002.0
10415483,stimulus_Arg_PISACowsMilk_10_page_6,1094.0,124.9,1003.0
10415484,stimulus_Arg_PISACowsMilk_10_page_6,1094.1,124.7,1003.0
10415485,stimulus_Arg_PISACowsMilk_10_page_6,1093.9,124.5,1003.0
10415486,stimulus_Arg_PISACowsMilk_10_page_6,1093.6,124.2,1003.0
10415487,stimulus_Arg_PISACowsMilk_10_page_6,1093.2,124.4,1003.0
10415488,stimulus_Arg_PISACowsMilk_10_page_6,1093.2,124.6,1003.0
10415489,stimulus_Arg_PISACowsMilk_10_page_6,1093.2,124.8,1002.0
10415490,stimulus_Arg_PISACowsMilk_10_page_6,1093.3,124.8,1002.0
10415491,stimulus_Arg_PISACowsMilk_10_page_6,1093.3,124.8,1003.0
10415492,stimulus_Arg_PISACowsMilk_10_page_6,1093.3,124.7,1003.0
10415493,stimulus_Arg_PISACowsMilk_10_page_6,1093.3,124.6,1001.0
10415494,stimulus_Arg_PISACowsMilk_10_page_6,1093.4,124.9,1000.0
10415495,stimulus_Arg_PISACowsMilk_10_page_6,1093.2,125.2,998.0
10415496,stimulus_Arg_PISACowsMilk_10_page_6,1092.9,125.5,999.0
10415497,stimulus_Arg_PISACowsMilk_10_page_6,1092.8,125.7,999.0
10415498,stimulus_Arg_PISACowsMilk_10_page_6,1092.9,125.8,1000.0
10415499,stimulus_Arg_PISACowsMilk_10_page_6,1092.9,125.9,1000.0
10415500,stimulus_Arg_PISACowsMilk_10_page_6,1092.7,125.9,1000.0
10415501,stimulus_Arg_PISACowsMilk_10_page_6,1092.9,125.9,1000.0
10415502,stimulus_Arg_PISACowsMilk_10_page_6,1093.2,125.8,1001.0
10415503,stimulus_Arg_PISACowsMilk_10_page_6,1093.4,125.8,1002.0
10415504,stimulus_Arg_PISACowsMilk_10_page_6,1093.4,125.8,1002.0
10415505,stimulus_Arg_PISACowsMilk_10_page_6,1093.5,125.8,1003.0
10415506,stimulus_Arg_PISACowsMilk_10_page_6,1093.6,125.5,1004.0
10415507,stimulus_Arg_PISACowsMilk_10_page_6,1094.0,125.3,1004.0
10415508,stimulus_Arg_PISACowsMilk_10_page_6,1094.3,125.3,1004.0
10415509,stimulus_Arg_PISACowsMilk_10_page_6,1094.3,125.6,1004.0
10415510,stimulus_Arg_PISACowsMilk_10_page_6,1094.2,125.8,1005.0
10415511,stimulus_Arg_PISACowsMilk_10_page_6,1094.1,125.9,1005.0
10415512,stimulus_Arg_PISACowsMilk_10_page_6,1094.1,125.6,1006.0
10415513,stimulus_Arg_PISACowsMilk_10_page_6,1094.0,125.4,1007.0
10415514,stimulus_Arg_PISACowsMilk_10_page_6,1094.0,125.1,1008.0
10415515,stimulus_Arg_PISACowsMilk_10_page_6,1094.0,125.1,1009.0
10415516,stimulus_Arg_PISACowsMilk_10_page_6,1093.8,125.1,1009.0
10415517,stimulus_Arg_PISACowsMilk_10_page_6,1093.6,125.0,1009.0
10415518,stimulus_Arg_PISACowsMilk_10_page_6,1093.4,124.8,1009.0
10415519,stimulus_Arg_PISACowsMilk_10_page_6,1093.5,124.6,1010.0
10415520,stimulus_Arg_PISACowsMilk_10_page_6,1093.6,124.6,1010.0
10415521,stimulus_Arg_PISACowsMilk_10_page_6,1093.7,124.7,1010.0
10415522,stimulus_Arg_PISACowsMilk_10_page_6,1093.9,124.8,1010.0
10415523,stimulus_Arg_PISACowsMilk_10_page_6,1094.1,124.9,1010.0
10415524,stimulus_Arg_PISACowsMilk_10_page_6,1094.1,125.0,1010.0
10415525,stimulus_Arg_PISACowsMilk_10_page_6,1094.0,125.1,1010.0
10415526,stimulus_Arg_PISACowsMilk_10_page_6,1093.9,125.2,1009.0
10415527,stimulus_Arg_PISACowsMilk_10_page_6,1093.9,125.2,1009.0
10415528,stimulus_Arg_PISACowsMilk_10_page_6,1093.9,125.4,1009.0
10415529,stimulus_Arg_PISACowsMilk_10_page_6,1093.9,125.5,1009.0
10415530,stimulus_Arg_PISACowsMilk_10_page_6,1094.2,125.7,1009.0
10415531,stimulus_Arg_PISACowsMilk_10_page_6,1094.5,125.7,1010.0
10415532,stimulus_Arg_PISACowsMilk_10_page_6,1094.9,125.8,1010.0
10415533,stimulus_Arg_PISACowsMilk_10_page_6,1095.1,125.8,1011.0
10415534,stimulus_Arg_PISACowsMilk_10_page_6,1094.8,125.9,1010.0
10415535,stimulus_Arg_PISACowsMilk_10_page_6,1094.5,125.9,1009.0
10415536,stimulus_Arg_PISACowsMilk_10_page_6,1093.6,125.9,1008.0
10415537,stimulus_Arg_PISACowsMilk_10_page_6,1092.3,125.9,1007.0
10415538,stimulus_Arg_PISACowsMilk_10_page_6,1090.2,125.6,1009.0
10415539,stimulus_Arg_PISACowsMilk_10_page_6,1087.7,124.9,1012.0
10415540,stimulus_Arg_PISACowsMilk_10_page_6,1085.9,124.2,1013.0
10415541,stimulus_Arg_PISACowsMilk_10_page_6,1082.5,123.7,1012.0
10415542,stimulus_Arg_PISACowsMilk_10_page_6,1077.5,123.9,1011.0
10415543,stimulus_Arg_PISACowsMilk_10_page_6,1068.6,123.9,1011.0
10415544,stimulus_Arg_PISACowsMilk_10_page_6,1059.8,123.9,1011.0
10415545,stimulus_Arg_PISACowsMilk_10_page_6,1048.6,123.7,1012.0
10415546,stimulus_Arg_PISACowsMilk_10_page_6,1035.5,123.9,1014.0
10415547,stimulus_Arg_PISACowsMilk_10_page_6,1020.1,124.7,1017.0
10415548,stimulus_Arg_PISACowsMilk_10_page_6,1004.2,125.9,1018.0
10415549,stimulus_Arg_PISACowsMilk_10_page_6,988.5,126.6,1021.0
10415550,stimulus_Arg_PISACowsMilk_10_page_6,972.3,126.6,1025.0
10415551,stimulus_Arg_PISACowsMilk_10_page_6,955.0,126.2,1030.0
10415552,stimulus_Arg_PISACowsMilk_10_page_6,938.7,126.4,1035.0
10415553,stimulus_Arg_PISACowsMilk_10_page_6,921.9,126.6,1039.0
10415554,stimulus_Arg_PISACowsMilk_10_page_6,907.0,127.2,1041.0
10415555,stimulus_Arg_PISACowsMilk_10_page_6,891.6,127.9,1042.0
10415556,stimulus_Arg_PISACowsMilk_10_page_6,878.4,129.5,1047.0
10415557,stimulus_Arg_PISACowsMilk_10_page_6,864.8,130.6,1051.0
10415558,stimulus_Arg_PISACowsMilk_10_page_6,853.8,131.7,1055.0
10415559,stimulus_Arg_PISACowsMilk_10_page_6,842.6,132.0,1056.0
10415560,stimulus_Arg_PISACowsMilk_10_page_6,832.1,133.1,1056.0
10415561,stimulus_Arg_PISACowsMilk_10_page_6,820.2,133.6,1056.0
10415562,stimulus_Arg_PISACowsMilk_10_page_6,810.0,134.7,1057.0
10415563,stimulus_Arg_PISACowsMilk_10_page_6,799.8,134.7,1059.0
10415564,stimulus_Arg_PISACowsMilk_10_page_6,789.8,134.3,1060.0
10415565,stimulus_Arg_PISACowsMilk_10_page_6,778.0,133.4,1060.0
10415566,stimulus_Arg_PISACowsMilk_10_page_6,767.7,133.1,1059.0
10415567,stimulus_Arg_PISACowsMilk_10_page_6,758.2,133.0,1060.0
10415568,stimulus_Arg_PISACowsMilk_10_page_6,747.8,132.9,1062.0
10415569,stimulus_Arg_PISACowsMilk_10_page_6,735.3,132.0,1063.0
10415570,stimulus_Arg_PISACowsMilk_10_page_6,720.2,130.9,1064.0
10415571,stimulus_Arg_PISACowsMilk_10_page_6,704.9,129.1,1064.0
10415572,stimulus_Arg_PISACowsMilk_10_page_6,690.3,127.6,1063.0
10415573,stimulus_Arg_PISACowsMilk_10_page_6,676.6,126.7,1063.0
10415574,stimulus_Arg_PISACowsMilk_10_page_6,663.5,127.4,1063.0
10415575,stimulus_Arg_PISACowsMilk_10_page_6,649.1,128.8,1063.0
10415576,stimulus_Arg_PISACowsMilk_10_page_6,635.3,130.3,1064.0
10415577,stimulus_Arg_PISACowsMilk_10_page_6,619.3,132.4,1065.0
10415578,stimulus_Arg_PISACowsMilk_10_page_6,603.8,134.1,1066.0
10415579,stimulus_Arg_PISACowsMilk_10_page_6,588.8,135.9,1067.0
10415580,stimulus_Arg_PISACowsMilk_10_page_6,575.1,136.6,1069.0
10415581,stimulus_Arg_PISACowsMilk_10_page_6,562.0,137.1,1071.0
10415582,stimulus_Arg_PISACowsMilk_10_page_6,548.0,136.7,1073.0
10415583,stimulus_Arg_PISACowsMilk_10_page_6,534.1,137.6,1074.0
10415584,stimulus_Arg_PISACowsMilk_10_page_6,519.4,139.0,1074.0
10415585,stimulus_Arg_PISACowsMilk_10_page_6,505.6,141.7,1074.0
10415586,stimulus_Arg_PISACowsMilk_10_page_6,491.6,144.3,1074.0
10415587,stimulus_Arg_PISACowsMilk_10_page_6,477.8,146.9,1075.0
10415588,stimulus_Arg_PISACowsMilk_10_page_6,464.1,149.1,1075.0
10415589,stimulus_Arg_PISACowsMilk_10_page_6,450.9,150.0,1075.0
10415590,stimulus_Arg_PISACowsMilk_10_page_6,438.3,151.7,1076.0
10415591,stimulus_Arg_PISACowsMilk_10_page_6,425.5,153.4,1076.0
10415592,stimulus_Arg_PISACowsMilk_10_page_6,412.8,155.6,1076.0
10415593,stimulus_Arg_PISACowsMilk_10_page_6,401.9,156.3,1076.0
10415594,stimulus_Arg_PISACowsMilk_10_page_6,391.4,156.4,1076.0
10415595,stimulus_Arg_PISACowsMilk_10_page_6,380.8,156.4,1077.0
10415596,stimulus_Arg_PISACowsMilk_10_page_6,370.5,156.9,1077.0
10415597,stimulus_Arg_PISACowsMilk_10_page_6,359.8,157.9,1077.0
10415598,stimulus_Arg_PISACowsMilk_10_page_6,350.3,158.8,1077.0
10415599,stimulus_Arg_PISACowsMilk_10_page_6,339.3,159.8,1078.0
10415600,stimulus_Arg_PISACowsMilk_10_page_6,327.9,161.1,1079.0
10415601,stimulus_Arg_PISACowsMilk_10_page_6,316.3,162.6,1080.0
10415602,stimulus_Arg_PISACowsMilk_10_page_6,304.5,164.5,1079.0
10415603,stimulus_Arg_PISACowsMilk_10_page_6,293.6,167.0,1079.0
10415604,stimulus_Arg_PISACowsMilk_10_page_6,283.6,168.7,1078.0
10415605,stimulus_Arg_PISACowsMilk_10_page_6,274.9,170.2,1078.0
10415606,stimulus_Arg_PISACowsMilk_10_page_6,267.2,171.2,1078.0
10415607,stimulus_Arg_PISACowsMilk_10_page_6,259.9,172.0,1078.0
10415608,stimulus_Arg_PISACowsMilk_10_page_6,253.6,172.2,1079.0
10415609,stimulus_Arg_PISACowsMilk_10_page_6,247.9,172.9,1079.0
10415610,stimulus_Arg_PISACowsMilk_10_page_6,243.0,173.7,1079.0
10415611,stimulus_Arg_PISACowsMilk_10_page_6,238.2,174.9,1079.0
10415612,stimulus_Arg_PISACowsMilk_10_page_6,234.8,175.5,1079.0
10415613,stimulus_Arg_PISACowsMilk_10_page_6,232.3,176.3,1078.0
10415614,stimulus_Arg_PISACowsMilk_10_page_6,231.0,176.9,1078.0
10415615,stimulus_Arg_PISACowsMilk_10_page_6,231.8,177.1,1078.0
10415616,stimulus_Arg_PISACowsMilk_10_page_6,234.2,177.0,1079.0
10415617,stimulus_Arg_PISACowsMilk_10_page_6,237.8,176.6,1082.0
10415618,stimulus_Arg_PISACowsMilk_10_page_6,241.2,176.2,1084.0
10415619,stimulus_Arg_PISACowsMilk_10_page_6,244.1,175.5,1085.0
10415620,stimulus_Arg_PISACowsMilk_10_page_6,246.1,175.3,1087.0
10415621,stimulus_Arg_PISACowsMilk_10_page_6,247.4,175.0,1087.0
10415622,stimulus_Arg_PISACowsMilk_10_page_6,248.6,174.7,1088.0
10415623,stimulus_Arg_PISACowsMilk_10_page_6,249.6,174.3,1088.0
10415624,stimulus_Arg_PISACowsMilk_10_page_6,250.3,173.9,1086.0
10415625,stimulus_Arg_PISACowsMilk_10_page_6,250.3,173.8,1085.0
10415626,stimulus_Arg_PISACowsMilk_10_page_6,249.4,173.6,1083.0
10415627,stimulus_Arg_PISACowsMilk_10_page_6,248.2,173.5,1082.0
10415628,stimulus_Arg_PISACowsMilk_10_page_6,246.6,173.4,1081.0
10415629,stimulus_Arg_PISACowsMilk_10_page_6,244.9,173.4,1080.0
10415630,stimulus_Arg_PISACowsMilk_10_page_6,242.8,173.3,1080.0
10415631,stimulus_Arg_PISACowsMilk_10_page_6,241.0,173.2,1081.0
10415632,stimulus_Arg_PISACowsMilk_10_page_6,239.6,173.4,1082.0
10415633,stimulus_Arg_PISACowsMilk_10_page_6,238.9,173.6,1082.0
10415634,stimulus_Arg_PISACowsMilk_10_page_6,238.6,174.3,1082.0
10415635,stimulus_Arg_PISACowsMilk_10_page_6,238.5,174.8,1082.0
10415636,stimulus_Arg_PISACowsMilk_10_page_6,238.4,175.4,1082.0
10415637,stimulus_Arg_PISACowsMilk_10_page_6,238.1,175.5,1081.0
10415638,stimulus_Arg_PISACowsMilk_10_page_6,237.7,175.8,1080.0
10415639,stimulus_Arg_PISACowsMilk_10_page_6,237.4,176.1,1079.0
10415640,stimulus_Arg_PISACowsMilk_10_page_6,237.1,176.5,1079.0
10415641,stimulus_Arg_PISACowsMilk_10_page_6,236.9,176.7,1079.0
10415642,stimulus_Arg_PISACowsMilk_10_page_6,236.8,176.9,1079.0
10415643,stimulus_Arg_PISACowsMilk_10_page_6,236.7,177.1,1080.0
10415644,stimulus_Arg_PISACowsMilk_10_page_6,236.6,177.2,1080.0
10415645,stimulus_Arg_PISACowsMilk_10_page_6,236.4,177.3,1080.0
10415646,stimulus_Arg_PISACowsMilk_10_page_6,236.3,177.3,1079.0
10415647,stimulus_Arg_PISACowsMilk_10_page_6,236.4,177.3,1079.0
10415648,stimulus_Arg_PISACowsMilk_10_page_6,236.4,177.3,1079.0
10415649,stimulus_Arg_PISACowsMilk_10_page_6,236.6,177.6,1079.0
10415650,stimulus_Arg_PISACowsMilk_10_page_6,236.8,177.9,1079.0
10415651,stimulus_Arg_PISACowsMilk_10_page_6,237.0,178.1,1079.0
10415652,stimulus_Arg_PISACowsMilk_10_page_6,237.0,178.1,1079.0
10415653,stimulus_Arg_PISACowsMilk_10_page_6,237.0,178.3,1078.0
10415654,stimulus_Arg_PISACowsMilk_10_page_6,236.9,178.6,1076.0
10415655,stimulus_Arg_PISACowsMilk_10_page_6,236.9,178.9,1075.0
10415656,stimulus_Arg_PISACowsMilk_10_page_6,236.8,178.9,1076.0
10415657,stimulus_Arg_PISACowsMilk_10_page_6,236.7,178.9,1076.0
10415658,stimulus_Arg_PISACowsMilk_10_page_6,236.5,178.9,1077.0
10415659,stimulus_Arg_PISACowsMilk_10_page_6,236.4,178.9,1078.0
10415660,stimulus_Arg_PISACowsMilk_10_page_6,236.0,178.8,1078.0
10415661,stimulus_Arg_PISACowsMilk_10_page_6,235.6,178.8,1078.0
10415662,stimulus_Arg_PISACowsMilk_10_page_6,235.2,178.9,1078.0
10415663,stimulus_Arg_PISACowsMilk_10_page_6,235.2,179.2,1078.0
10415664,stimulus_Arg_PISACowsMilk_10_page_6,235.3,179.5,1077.0
10415665,stimulus_Arg_PISACowsMilk_10_page_6,235.3,179.8,1076.0
10415666,stimulus_Arg_PISACowsMilk_10_page_6,235.3,180.0,1075.0
10415667,stimulus_Arg_PISACowsMilk_10_page_6,235.5,180.3,1074.0
10415668,stimulus_Arg_PISACowsMilk_10_page_6,235.7,180.4,1074.0
10415669,stimulus_Arg_PISACowsMilk_10_page_6,235.8,180.6,1074.0
10415670,stimulus_Arg_PISACowsMilk_10_page_6,235.6,180.6,1074.0
10415671,stimulus_Arg_PISACowsMilk_10_page_6,235.4,180.6,1074.0
10415672,stimulus_Arg_PISACowsMilk_10_page_6,235.5,180.6,1075.0
10415673,stimulus_Arg_PISACowsMilk_10_page_6,235.7,180.6,1075.0
10415674,stimulus_Arg_PISACowsMilk_10_page_6,236.0,180.6,1074.0
10415675,stimulus_Arg_PISACowsMilk_10_page_6,236.0,180.8,1073.0
10415676,stimulus_Arg_PISACowsMilk_10_page_6,236.0,180.9,1072.0
10415677,stimulus_Arg_PISACowsMilk_10_page_6,236.0,181.0,1072.0
10415678,stimulus_Arg_PISACowsMilk_10_page_6,235.9,181.1,1072.0
10415679,stimulus_Arg_PISACowsMilk_10_page_6,235.9,181.1,1072.0
10415680,stimulus_Arg_PISACowsMilk_10_page_6,236.2,181.3,1072.0
10415681,stimulus_Arg_PISACowsMilk_10_page_6,236.5,181.4,1072.0
10415682,stimulus_Arg_PISACowsMilk_10_page_6,236.4,181.6,1072.0
10415683,stimulus_Arg_PISACowsMilk_10_page_6,235.9,181.6,1072.0
10415684,stimulus_Arg_PISACowsMilk_10_page_6,235.4,181.6,1072.0
10415685,stimulus_Arg_PISACowsMilk_10_page_6,235.2,181.5,1071.0
10415686,stimulus_Arg_PISACowsMilk_10_page_6,235.0,181.5,1069.0
10415687,stimulus_Arg_PISACowsMilk_10_page_6,234.8,181.1,1069.0
10415688,stimulus_Arg_PISACowsMilk_10_page_6,234.7,180.8,1069.0
10415689,stimulus_Arg_PISACowsMilk_10_page_6,234.7,180.7,1071.0
10415690,stimulus_Arg_PISACowsMilk_10_page_6,234.6,181.0,1072.0
10415691,stimulus_Arg_PISACowsMilk_10_page_6,234.6,181.3,1072.0
10415692,stimulus_Arg_PISACowsMilk_10_page_6,234.6,181.3,1071.0
10415693,stimulus_Arg_PISACowsMilk_10_page_6,234.5,181.6,1070.0
10415694,stimulus_Arg_PISACowsMilk_10_page_6,234.5,181.9,1070.0
10415695,stimulus_Arg_PISACowsMilk_10_page_6,234.7,182.2,1070.0
10415696,stimulus_Arg_PISACowsMilk_10_page_6,235.0,182.3,1071.0
10415697,stimulus_Arg_PISACowsMilk_10_page_6,235.2,182.3,1071.0
10415698,stimulus_Arg_PISACowsMilk_10_page_6,235.3,182.4,1071.0
10415699,stimulus_Arg_PISACowsMilk_10_page_6,235.4,182.3,1071.0
10415700,stimulus_Arg_PISACowsMilk_10_page_6,235.5,182.2,1070.0
10415701,stimulus_Arg_PISACowsMilk_10_page_6,235.5,182.1,1070.0
10415702,stimulus_Arg_PISACowsMilk_10_page_6,235.6,182.0,1069.0
10415703,stimulus_Arg_PISACowsMilk_10_page_6,235.6,181.9,1069.0
10415704,stimulus_Arg_PISACowsMilk_10_page_6,235.3,181.8,1069.0
10415705,stimulus_Arg_PISACowsMilk_10_page_6,235.0,181.7,1069.0
10415706,stimulus_Arg_PISACowsMilk_10_page_6,234.4,181.6,1068.0
10415707,stimulus_Arg_PISACowsMilk_10_page_6,234.0,181.5,1068.0
10415708,stimulus_Arg_PISACowsMilk_10_page_6,233.8,181.4,1068.0
10415709,stimulus_Arg_PISACowsMilk_10_page_6,233.8,181.3,1068.0
10415710,stimulus_Arg_PISACowsMilk_10_page_6,233.7,181.5,1068.0
10415711,stimulus_Arg_PISACowsMilk_10_page_6,233.7,181.5,1067.0
10415712,stimulus_Arg_PISACowsMilk_10_page_6,234.1,181.6,1067.0
10415713,stimulus_Arg_PISACowsMilk_10_page_6,234.5,181.5,1068.0
10415714,stimulus_Arg_PISACowsMilk_10_page_6,235.0,181.5,1068.0
10415715,stimulus_Arg_PISACowsMilk_10_page_6,235.1,181.4,1067.0
10415716,stimulus_Arg_PISACowsMilk_10_page_6,235.2,181.4,1067.0
10415717,stimulus_Arg_PISACowsMilk_10_page_6,235.2,181.4,1068.0
10415718,stimulus_Arg_PISACowsMilk_10_page_6,235.3,181.4,1068.0
10415719,stimulus_Arg_PISACowsMilk_10_page_6,235.3,181.3,1069.0
10415720,stimulus_Arg_PISACowsMilk_10_page_6,235.1,181.2,1069.0
10415721,stimulus_Arg_PISACowsMilk_10_page_6,235.0,181.1,1069.0
10415722,stimulus_Arg_PISACowsMilk_10_page_6,234.4,181.0,1069.0
10415723,stimulus_Arg_PISACowsMilk_10_page_6,234.0,180.9,1068.0
10415724,stimulus_Arg_PISACowsMilk_10_page_6,233.5,180.8,1067.0
10415725,stimulus_Arg_PISACowsMilk_10_page_6,233.5,180.6,1066.0
10415726,stimulus_Arg_PISACowsMilk_10_page_6,233.5,180.6,1066.0
10415727,stimulus_Arg_PISACowsMilk_10_page_6,233.5,180.6,1065.0
10415728,stimulus_Arg_PISACowsMilk_10_page_6,233.5,180.6,1065.0
10415729,stimulus_Arg_PISACowsMilk_10_page_6,233.8,180.6,1064.0
10415730,stimulus_Arg_PISACowsMilk_10_page_6,234.0,180.7,1064.0
10415731,stimulus_Arg_PISACowsMilk_10_page_6,234.3,180.7,1064.0
10415732,stimulus_Arg_PISACowsMilk_10_page_6,234.4,180.5,1064.0
10415733,stimulus_Arg_PISACowsMilk_10_page_6,234.9,180.3,1064.0
10415734,stimulus_Arg_PISACowsMilk_10_page_6,235.3,180.1,1064.0
10415735,stimulus_Arg_PISACowsMilk_10_page_6,235.7,180.1,1064.0
10415736,stimulus_Arg_PISACowsMilk_10_page_6,235.6,180.0,1064.0
10415737,stimulus_Arg_PISACowsMilk_10_page_6,235.3,180.1,1064.0
10415738,stimulus_Arg_PISACowsMilk_10_page_6,235.0,180.1,1065.0
10415739,stimulus_Arg_PISACowsMilk_10_page_6,234.9,180.1,1065.0
10415740,stimulus_Arg_PISACowsMilk_10_page_6,235.0,180.1,1065.0
10415741,stimulus_Arg_PISACowsMilk_10_page_6,235.2,180.0,1064.0
10415742,stimulus_Arg_PISACowsMilk_10_page_6,235.2,180.1,1064.0
10415743,stimulus_Arg_PISACowsMilk_10_page_6,235.3,180.2,1064.0
10415744,stimulus_Arg_PISACowsMilk_10_page_6,235.3,180.0,1063.0
10415745,stimulus_Arg_PISACowsMilk_10_page_6,235.4,179.7,1061.0
10415746,stimulus_Arg_PISACowsMilk_10_page_6,235.1,179.5,1060.0
10415747,stimulus_Arg_PISACowsMilk_10_page_6,234.0,179.5,1058.0
10415748,stimulus_Arg_PISACowsMilk_10_page_6,230.9,180.0,1057.0
10415749,stimulus_Arg_PISACowsMilk_10_page_6,226.7,181.5,1057.0
10415750,stimulus_Arg_PISACowsMilk_10_page_6,220.3,183.7,1057.0
10415751,stimulus_Arg_PISACowsMilk_10_page_6,212.5,186.4,1057.0
10415752,stimulus_Arg_PISACowsMilk_10_page_6,202.7,188.6,1058.0
10415753,stimulus_Arg_PISACowsMilk_10_page_6,192.2,190.7,1058.0
10415754,stimulus_Arg_PISACowsMilk_10_page_6,181.4,192.8,1058.0
10415755,stimulus_Arg_PISACowsMilk_10_page_6,170.7,196.3,1058.0
10415756,stimulus_Arg_PISACowsMilk_10_page_6,161.3,200.9,1059.0
10415757,stimulus_Arg_PISACowsMilk_10_page_6,151.8,206.3,1059.0
10415758,stimulus_Arg_PISACowsMilk_10_page_6,143.9,210.9,1059.0
10415759,stimulus_Arg_PISACowsMilk_10_page_6,136.3,214.1,1059.0
10415760,stimulus_Arg_PISACowsMilk_10_page_6,129.9,216.2,1061.0
10415761,stimulus_Arg_PISACowsMilk_10_page_6,124.3,218.3,1063.0
10415762,stimulus_Arg_PISACowsMilk_10_page_6,120.1,220.8,1064.0
10415763,stimulus_Arg_PISACowsMilk_10_page_6,117.4,222.6,1064.0
10415764,stimulus_Arg_PISACowsMilk_10_page_6,114.4,223.2,1064.0
10415765,stimulus_Arg_PISACowsMilk_10_page_6,112.0,222.7,1064.0
10415766,stimulus_Arg_PISACowsMilk_10_page_6,110.6,222.0,1064.0
10415767,stimulus_Arg_PISACowsMilk_10_page_6,111.3,221.0,1065.0
10415768,stimulus_Arg_PISACowsMilk_10_page_6,112.6,220.0,1065.0
10415769,stimulus_Arg_PISACowsMilk_10_page_6,114.5,219.2,1065.0
10415770,stimulus_Arg_PISACowsMilk_10_page_6,116.5,218.3,1063.0
10415771,stimulus_Arg_PISACowsMilk_10_page_6,118.3,217.1,1061.0
10415772,stimulus_Arg_PISACowsMilk_10_page_6,120.2,215.6,1061.0
10415773,stimulus_Arg_PISACowsMilk_10_page_6,121.8,213.7,1060.0
10415774,stimulus_Arg_PISACowsMilk_10_page_6,123.7,212.5,1060.0
10415775,stimulus_Arg_PISACowsMilk_10_page_6,125.0,211.5,1060.0
10415776,stimulus_Arg_PISACowsMilk_10_page_6,126.4,211.3,1060.0
10415777,stimulus_Arg_PISACowsMilk_10_page_6,128.3,211.2,1060.0
10415778,stimulus_Arg_PISACowsMilk_10_page_6,130.8,211.2,1060.0
10415779,stimulus_Arg_PISACowsMilk_10_page_6,133.3,211.2,1060.0
10415780,stimulus_Arg_PISACowsMilk_10_page_6,135.5,210.8,1059.0
10415781,stimulus_Arg_PISACowsMilk_10_page_6,137.0,210.4,1057.0
10415782,stimulus_Arg_PISACowsMilk_10_page_6,137.7,209.9,1055.0
10415783,stimulus_Arg_PISACowsMilk_10_page_6,137.5,209.9,1054.0
10415784,stimulus_Arg_PISACowsMilk_10_page_6,137.1,209.9,1053.0
10415785,stimulus_Arg_PISACowsMilk_10_page_6,136.5,209.8,1053.0
10415786,stimulus_Arg_PISACowsMilk_10_page_6,135.8,209.8,1053.0
10415787,stimulus_Arg_PISACowsMilk_10_page_6,134.9,209.7,1053.0
10415788,stimulus_Arg_PISACowsMilk_10_page_6,133.8,209.9,1053.0
10415789,stimulus_Arg_PISACowsMilk_10_page_6,132.8,210.1,1052.0
10415790,stimulus_Arg_PISACowsMilk_10_page_6,131.5,210.4,1052.0
10415791,stimulus_Arg_PISACowsMilk_10_page_6,130.7,210.8,1052.0
10415792,stimulus_Arg_PISACowsMilk_10_page_6,129.4,211.5,1052.0
10415793,stimulus_Arg_PISACowsMilk_10_page_6,128.5,212.3,1052.0
10415794,stimulus_Arg_PISACowsMilk_10_page_6,127.2,212.8,1052.0
10415795,stimulus_Arg_PISACowsMilk_10_page_6,126.6,212.8,1052.0
10415796,stimulus_Arg_PISACowsMilk_10_page_6,126.1,212.8,1052.0
10415797,stimulus_Arg_PISACowsMilk_10_page_6,126.0,212.7,1052.0
10415798,stimulus_Arg_PISACowsMilk_10_page_6,125.9,212.8,1052.0
10415799,stimulus_Arg_PISACowsMilk_10_page_6,125.8,213.0,1052.0
10415800,stimulus_Arg_PISACowsMilk_10_page_6,125.7,213.5,1051.0
10415801,stimulus_Arg_PISACowsMilk_10_page_6,126.0,213.8,1050.0
10415802,stimulus_Arg_PISACowsMilk_10_page_6,126.4,213.9,1049.0
10415803,stimulus_Arg_PISACowsMilk_10_page_6,126.9,213.6,1049.0
10415804,stimulus_Arg_PISACowsMilk_10_page_6,127.0,213.4,1049.0
10415805,stimulus_Arg_PISACowsMilk_10_page_6,127.1,213.4,1048.0
10415806,stimulus_Arg_PISACowsMilk_10_page_6,127.1,213.3,1048.0
10415807,stimulus_Arg_PISACowsMilk_10_page_6,127.2,213.2,1048.0
10415808,stimulus_Arg_PISACowsMilk_10_page_6,127.3,213.1,1047.0
10415809,stimulus_Arg_PISACowsMilk_10_page_6,127.4,213.1,1046.0
10415810,stimulus_Arg_PISACowsMilk_10_page_6,127.5,213.1,1046.0
10415811,stimulus_Arg_PISACowsMilk_10_page_6,127.6,212.9,1046.0
10415812,stimulus_Arg_PISACowsMilk_10_page_6,127.6,212.6,1046.0
10415813,stimulus_Arg_PISACowsMilk_10_page_6,127.6,212.9,1046.0
10415814,stimulus_Arg_PISACowsMilk_10_page_6,127.6,213.3,1046.0
10415815,stimulus_Arg_PISACowsMilk_10_page_6,127.5,213.4,1045.0
10415816,stimulus_Arg_PISACowsMilk_10_page_6,127.5,212.9,1044.0
10415817,stimulus_Arg_PISACowsMilk_10_page_6,127.4,212.6,1042.0
10415818,stimulus_Arg_PISACowsMilk_10_page_6,127.1,212.7,1042.0
10415819,stimulus_Arg_PISACowsMilk_10_page_6,127.0,212.8,1042.0
10415820,stimulus_Arg_PISACowsMilk_10_page_6,126.9,212.9,1041.0
10415821,stimulus_Arg_PISACowsMilk_10_page_6,127.1,213.0,1041.0
10415822,stimulus_Arg_PISACowsMilk_10_page_6,127.4,213.2,1041.0
10415823,stimulus_Arg_PISACowsMilk_10_page_6,127.6,213.3,1040.0
10415824,stimulus_Arg_PISACowsMilk_10_page_6,127.6,213.3,1039.0
10415825,stimulus_Arg_PISACowsMilk_10_page_6,127.6,213.4,1038.0
10415826,stimulus_Arg_PISACowsMilk_10_page_6,127.6,213.3,1039.0
10415827,stimulus_Arg_PISACowsMilk_10_page_6,127.5,213.3,1040.0
10415828,stimulus_Arg_PISACowsMilk_10_page_6,127.5,213.2,1041.0
10415829,stimulus_Arg_PISACowsMilk_10_page_6,127.5,213.2,1041.0
10415830,stimulus_Arg_PISACowsMilk_10_page_6,127.7,213.2,1042.0
10415831,stimulus_Arg_PISACowsMilk_10_page_6,127.7,213.1,1042.0
10415832,stimulus_Arg_PISACowsMilk_10_page_6,128.0,213.2,1041.0
10415833,stimulus_Arg_PISACowsMilk_10_page_6,128.3,213.3,1040.0
10415834,stimulus_Arg_PISACowsMilk_10_page_6,128.4,213.3,1039.0
10415835,stimulus_Arg_PISACowsMilk_10_page_6,128.2,213.4,1038.0
10415836,stimulus_Arg_PISACowsMilk_10_page_6,128.0,213.4,1038.0
10415837,stimulus_Arg_PISACowsMilk_10_page_6,127.9,213.3,1038.0
10415838,stimulus_Arg_PISACowsMilk_10_page_6,127.7,213.3,1038.0
10415839,stimulus_Arg_PISACowsMilk_10_page_6,127.5,213.1,1039.0
10415840,stimulus_Arg_PISACowsMilk_10_page_6,127.4,213.1,1039.0
10415841,stimulus_Arg_PISACowsMilk_10_page_6,127.3,213.0,1039.0
10415842,stimulus_Arg_PISACowsMilk_10_page_6,127.1,213.0,1039.0
10415843,stimulus_Arg_PISACowsMilk_10_page_6,126.8,212.9,1038.0
10415844,stimulus_Arg_PISACowsMilk_10_page_6,126.5,212.7,1038.0
10415845,stimulus_Arg_PISACowsMilk_10_page_6,126.5,212.7,1037.0
10415846,stimulus_Arg_PISACowsMilk_10_page_6,126.5,212.7,1037.0
10415847,stimulus_Arg_PISACowsMilk_10_page_6,126.5,212.9,1036.0
10415848,stimulus_Arg_PISACowsMilk_10_page_6,126.7,213.0,1036.0
10415849,stimulus_Arg_PISACowsMilk_10_page_6,126.9,213.0,1036.0
10415850,stimulus_Arg_PISACowsMilk_10_page_6,127.1,213.1,1037.0
10415851,stimulus_Arg_PISACowsMilk_10_page_6,127.1,213.2,1037.0
10415852,stimulus_Arg_PISACowsMilk_10_page_6,127.1,213.2,1036.0
10415853,stimulus_Arg_PISACowsMilk_10_page_6,127.5,213.4,1036.0
10415854,stimulus_Arg_PISACowsMilk_10_page_6,127.7,213.5,1035.0
10415855,stimulus_Arg_PISACowsMilk_10_page_6,128.0,213.5,1036.0
10415856,stimulus_Arg_PISACowsMilk_10_page_6,128.1,213.2,1037.0
10415857,stimulus_Arg_PISACowsMilk_10_page_6,128.0,212.8,1037.0
10415858,stimulus_Arg_PISACowsMilk_10_page_6,127.8,212.5,1037.0
10415859,stimulus_Arg_PISACowsMilk_10_page_6,127.1,212.5,1036.0
10415860,stimulus_Arg_PISACowsMilk_10_page_6,126.5,212.6,1037.0
10415861,stimulus_Arg_PISACowsMilk_10_page_6,126.1,212.7,1038.0
10415862,stimulus_Arg_PISACowsMilk_10_page_6,126.0,212.8,1038.0
10415863,stimulus_Arg_PISACowsMilk_10_page_6,125.7,213.1,1038.0
10415864,stimulus_Arg_PISACowsMilk_10_page_6,125.5,213.3,1038.0
10415865,stimulus_Arg_PISACowsMilk_10_page_6,126.1,213.6,1037.0
10415866,stimulus_Arg_PISACowsMilk_10_page_6,126.7,213.6,1036.0
10415867,stimulus_Arg_PISACowsMilk_10_page_6,127.3,213.6,1035.0
10415868,stimulus_Arg_PISACowsMilk_10_page_6,127.4,213.7,1036.0
10415869,stimulus_Arg_PISACowsMilk_10_page_6,127.4,213.8,1036.0
10415870,stimulus_Arg_PISACowsMilk_10_page_6,127.0,213.6,1037.0
10415871,stimulus_Arg_PISACowsMilk_10_page_6,126.7,213.4,1037.0
10415872,stimulus_Arg_PISACowsMilk_10_page_6,126.4,213.4,1037.0
10415873,stimulus_Arg_PISACowsMilk_10_page_6,126.3,213.6,1037.0
10415874,stimulus_Arg_PISACowsMilk_10_page_6,126.2,213.6,1036.0
10415875,stimulus_Arg_PISACowsMilk_10_page_6,126.3,213.5,1036.0
10415876,stimulus_Arg_PISACowsMilk_10_page_6,126.4,213.4,1036.0
10415877,stimulus_Arg_PISACowsMilk_10_page_6,126.4,213.4,1036.0
10415878,stimulus_Arg_PISACowsMilk_10_page_6,126.4,213.4,1036.0
10415879,stimulus_Arg_PISACowsMilk_10_page_6,126.6,213.4,1036.0
10415880,stimulus_Arg_PISACowsMilk_10_page_6,126.8,213.4,1037.0
10415881,stimulus_Arg_PISACowsMilk_10_page_6,127.0,213.5,1037.0
10415882,stimulus_Arg_PISACowsMilk_10_page_6,127.1,213.7,1038.0
10415883,stimulus_Arg_PISACowsMilk_10_page_6,127.2,214.0,1038.0
10415884,stimulus_Arg_PISACowsMilk_10_page_6,127.2,214.2,1037.0
10415885,stimulus_Arg_PISACowsMilk_10_page_6,127.1,214.2,1036.0
10415886,stimulus_Arg_PISACowsMilk_10_page_6,127.0,214.1,1035.0
10415887,stimulus_Arg_PISACowsMilk_10_page_6,126.9,214.1,1035.0
10415888,stimulus_Arg_PISACowsMilk_10_page_6,126.8,214.1,1035.0
10415889,stimulus_Arg_PISACowsMilk_10_page_6,126.7,214.0,1035.0
10415890,stimulus_Arg_PISACowsMilk_10_page_6,126.7,214.0,1036.0
10415891,stimulus_Arg_PISACowsMilk_10_page_6,126.5,214.0,1036.0
10415892,stimulus_Arg_PISACowsMilk_10_page_6,126.2,214.0,1037.0
10415893,stimulus_Arg_PISACowsMilk_10_page_6,126.1,213.9,1036.0
10415894,stimulus_Arg_PISACowsMilk_10_page_6,126.2,213.7,1036.0
10415895,stimulus_Arg_PISACowsMilk_10_page_6,126.3,213.5,1036.0
10415896,stimulus_Arg_PISACowsMilk_10_page_6,126.3,213.6,1036.0
10415897,stimulus_Arg_PISACowsMilk_10_page_6,126.1,213.8,1035.0
10415898,stimulus_Arg_PISACowsMilk_10_page_6,125.8,214.0,1034.0
10415899,stimulus_Arg_PISACowsMilk_10_page_6,125.6,214.1,1034.0
10415900,stimulus_Arg_PISACowsMilk_10_page_6,125.7,214.1,1034.0
10415901,stimulus_Arg_PISACowsMilk_10_page_6,125.8,214.0,1035.0
10415902,stimulus_Arg_PISACowsMilk_10_page_6,125.9,214.0,1035.0
10415903,stimulus_Arg_PISACowsMilk_10_page_6,126.0,214.1,1035.0
10415904,stimulus_Arg_PISACowsMilk_10_page_6,126.0,214.1,1035.0
10415905,stimulus_Arg_PISACowsMilk_10_page_6,126.1,214.2,1035.0
10415906,stimulus_Arg_PISACowsMilk_10_page_6,126.1,214.1,1035.0
10415907,stimulus_Arg_PISACowsMilk_10_page_6,126.0,214.0,1035.0
10415908,stimulus_Arg_PISACowsMilk_10_page_6,125.6,213.9,1034.0
10415909,stimulus_Arg_PISACowsMilk_10_page_6,125.4,213.9,1034.0
10415910,stimulus_Arg_PISACowsMilk_10_page_6,125.1,214.1,1034.0
10415911,stimulus_Arg_PISACowsMilk_10_page_6,125.0,214.4,1034.0
10415912,stimulus_Arg_PISACowsMilk_10_page_6,124.7,214.7,1034.0
10415913,stimulus_Arg_PISACowsMilk_10_page_6,124.6,214.7,1034.0
10415914,stimulus_Arg_PISACowsMilk_10_page_6,124.8,214.7,1034.0
10415915,stimulus_Arg_PISACowsMilk_10_page_6,125.1,214.8,1033.0
10415916,stimulus_Arg_PISACowsMilk_10_page_6,125.2,214.8,1033.0
10415917,stimulus_Arg_PISACowsMilk_10_page_6,125.0,214.8,1033.0
10415918,stimulus_Arg_PISACowsMilk_10_page_6,125.0,214.8,1033.0
10415919,stimulus_Arg_PISACowsMilk_10_page_6,125.1,214.8,1033.0
10415920,stimulus_Arg_PISACowsMilk_10_page_6,125.5,214.8,1033.0
10415921,stimulus_Arg_PISACowsMilk_10_page_6,125.8,214.8,1034.0
10415922,stimulus_Arg_PISACowsMilk_10_page_6,126.0,214.9,1034.0
10415923,stimulus_Arg_PISACowsMilk_10_page_6,126.0,214.9,1034.0
10415924,stimulus_Arg_PISACowsMilk_10_page_6,125.8,214.8,1034.0
10415925,stimulus_Arg_PISACowsMilk_10_page_6,125.8,214.4,1033.0
10415926,stimulus_Arg_PISACowsMilk_10_page_6,125.7,214.0,1034.0
10415927,stimulus_Arg_PISACowsMilk_10_page_6,125.7,213.8,1035.0
10415928,stimulus_Arg_PISACowsMilk_10_page_6,125.6,213.9,1036.0
10415929,stimulus_Arg_PISACowsMilk_10_page_6,125.5,213.9,1035.0
10415930,stimulus_Arg_PISACowsMilk_10_page_6,125.4,213.9,1035.0
10415931,stimulus_Arg_PISACowsMilk_10_page_6,125.3,213.9,1035.0
10415932,stimulus_Arg_PISACowsMilk_10_page_6,125.2,213.9,1035.0
10415933,stimulus_Arg_PISACowsMilk_10_page_6,125.2,213.9,1035.0
10415934,stimulus_Arg_PISACowsMilk_10_page_6,125.1,213.9,1035.0
10415935,stimulus_Arg_PISACowsMilk_10_page_6,125.1,213.9,1035.0
10415936,stimulus_Arg_PISACowsMilk_10_page_6,125.2,214.0,1034.0
10415937,stimulus_Arg_PISACowsMilk_10_page_6,125.4,214.1,1034.0
10415938,stimulus_Arg_PISACowsMilk_10_page_6,125.7,214.1,1034.0
10415939,stimulus_Arg_PISACowsMilk_10_page_6,125.9,214.2,1034.0
10415940,stimulus_Arg_PISACowsMilk_10_page_6,125.8,214.3,1035.0
10415941,stimulus_Arg_PISACowsMilk_10_page_6,125.5,214.3,1035.0
10415942,stimulus_Arg_PISACowsMilk_10_page_6,125.2,214.3,1036.0
10415943,stimulus_Arg_PISACowsMilk_10_page_6,125.1,214.1,1036.0
10415944,stimulus_Arg_PISACowsMilk_10_page_6,125.0,213.9,1035.0
10415945,stimulus_Arg_PISACowsMilk_10_page_6,124.9,214.0,1035.0
10415946,stimulus_Arg_PISACowsMilk_10_page_6,124.9,214.3,1035.0
10415947,stimulus_Arg_PISACowsMilk_10_page_6,124.9,214.6,1034.0
10415948,stimulus_Arg_PISACowsMilk_10_page_6,124.9,214.4,1034.0
10415949,stimulus_Arg_PISACowsMilk_10_page_6,125.0,214.2,1035.0
10415950,stimulus_Arg_PISACowsMilk_10_page_6,125.2,214.0,1035.0
10415951,stimulus_Arg_PISACowsMilk_10_page_6,125.5,214.0,1035.0
10415952,stimulus_Arg_PISACowsMilk_10_page_6,125.8,214.1,1035.0
10415953,stimulus_Arg_PISACowsMilk_10_page_6,126.0,214.2,1034.0
10415954,stimulus_Arg_PISACowsMilk_10_page_6,125.9,214.2,1035.0
10415955,stimulus_Arg_PISACowsMilk_10_page_6,125.6,214.3,1035.0
10415956,stimulus_Arg_PISACowsMilk_10_page_6,125.3,214.3,1036.0
10415957,stimulus_Arg_PISACowsMilk_10_page_6,125.0,214.2,1036.0
10415958,stimulus_Arg_PISACowsMilk_10_page_6,125.0,214.2,1037.0
10415959,stimulus_Arg_PISACowsMilk_10_page_6,125.0,214.1,1037.0
10415960,stimulus_Arg_PISACowsMilk_10_page_6,124.9,214.1,1037.0
10415961,stimulus_Arg_PISACowsMilk_10_page_6,124.6,214.1,1037.0
10415962,stimulus_Arg_PISACowsMilk_10_page_6,124.3,214.1,1036.0
10415963,stimulus_Arg_PISACowsMilk_10_page_6,124.2,214.1,1035.0
10415964,stimulus_Arg_PISACowsMilk_10_page_6,124.2,214.0,1034.0
10415965,stimulus_Arg_PISACowsMilk_10_page_6,124.4,213.9,1034.0
10415966,stimulus_Arg_PISACowsMilk_10_page_6,124.6,213.9,1034.0
10415967,stimulus_Arg_PISACowsMilk_10_page_6,124.5,213.8,1034.0
10415968,stimulus_Arg_PISACowsMilk_10_page_6,124.2,213.8,1035.0
10415969,stimulus_Arg_PISACowsMilk_10_page_6,123.9,213.9,1035.0
10415970,stimulus_Arg_PISACowsMilk_10_page_6,123.9,213.9,1036.0
10415971,stimulus_Arg_PISACowsMilk_10_page_6,123.9,213.9,1035.0
10415972,stimulus_Arg_PISACowsMilk_10_page_6,123.9,213.9,1035.0
10415973,stimulus_Arg_PISACowsMilk_10_page_6,124.0,213.8,1036.0
10415974,stimulus_Arg_PISACowsMilk_10_page_6,124.0,213.8,1036.0
10415975,stimulus_Arg_PISACowsMilk_10_page_6,124.0,213.7,1036.0
10415976,stimulus_Arg_PISACowsMilk_10_page_6,124.1,213.6,1035.0
10415977,stimulus_Arg_PISACowsMilk_10_page_6,124.4,213.6,1034.0
10415978,stimulus_Arg_PISACowsMilk_10_page_6,124.7,213.8,1035.0
10415979,stimulus_Arg_PISACowsMilk_10_page_6,124.4,213.9,1035.0
10415980,stimulus_Arg_PISACowsMilk_10_page_6,124.1,213.9,1036.0
10415981,stimulus_Arg_PISACowsMilk_10_page_6,123.9,213.8,1036.0
10415982,stimulus_Arg_PISACowsMilk_10_page_6,123.9,213.9,1035.0
10415983,stimulus_Arg_PISACowsMilk_10_page_6,124.0,213.9,1034.0
10415984,stimulus_Arg_PISACowsMilk_10_page_6,123.9,214.1,1033.0
10415985,stimulus_Arg_PISACowsMilk_10_page_6,124.1,214.2,1033.0
10415986,stimulus_Arg_PISACowsMilk_10_page_6,124.4,214.4,1033.0
10415987,stimulus_Arg_PISACowsMilk_10_page_6,124.5,214.3,1033.0
10415988,stimulus_Arg_PISACowsMilk_10_page_6,124.3,214.2,1033.0
10415989,stimulus_Arg_PISACowsMilk_10_page_6,124.2,214.2,1035.0
10415990,stimulus_Arg_PISACowsMilk_10_page_6,124.2,214.1,1036.0
10415991,stimulus_Arg_PISACowsMilk_10_page_6,124.3,214.0,1036.0
10415992,stimulus_Arg_PISACowsMilk_10_page_6,124.3,214.0,1036.0
10415993,stimulus_Arg_PISACowsMilk_10_page_6,124.3,213.8,1036.0
10415994,stimulus_Arg_PISACowsMilk_10_page_6,124.3,213.6,1036.0
10415995,stimulus_Arg_PISACowsMilk_10_page_6,124.2,213.5,1035.0
10415996,stimulus_Arg_PISACowsMilk_10_page_6,124.1,213.5,1035.0
10415997,stimulus_Arg_PISACowsMilk_10_page_6,124.1,213.1,1036.0
10415998,stimulus_Arg_PISACowsMilk_10_page_6,124.2,212.7,1036.0
10415999,stimulus_Arg_PISACowsMilk_10_page_6,124.4,212.4,1036.0
10416000,stimulus_Arg_PISACowsMilk_10_page_6,124.6,212.4,1037.0
10416001,stimulus_Arg_PISACowsMilk_10_page_6,124.5,212.6,1038.0
10416002,stimulus_Arg_PISACowsMilk_10_page_6,124.5,212.9,1038.0
10416003,stimulus_Arg_PISACowsMilk_10_page_6,124.2,213.2,1038.0
10416004,stimulus_Arg_PISACowsMilk_10_page_6,124.0,213.2,1038.0
10416005,stimulus_Arg_PISACowsMilk_10_page_6,123.8,213.2,1037.0
10416006,stimulus_Arg_PISACowsMilk_10_page_6,123.8,213.0,1037.0
10416007,stimulus_Arg_PISACowsMilk_10_page_6,123.8,212.8,1037.0
10416008,stimulus_Arg_PISACowsMilk_10_page_6,123.8,212.6,1037.0
10416009,stimulus_Arg_PISACowsMilk_10_page_6,123.8,212.3,1038.0
10416010,stimulus_Arg_PISACowsMilk_10_page_6,123.9,212.1,1039.0
10416011,stimulus_Arg_PISACowsMilk_10_page_6,123.7,211.9,1039.0
10416012,stimulus_Arg_PISACowsMilk_10_page_6,123.6,211.8,1039.0
10416013,stimulus_Arg_PISACowsMilk_10_page_6,123.6,211.8,1039.0
10416014,stimulus_Arg_PISACowsMilk_10_page_6,123.7,211.8,1039.0
10416015,stimulus_Arg_PISACowsMilk_10_page_6,123.6,211.9,1038.0
10416016,stimulus_Arg_PISACowsMilk_10_page_6,123.4,211.8,1038.0
10416017,stimulus_Arg_PISACowsMilk_10_page_6,123.4,211.7,1039.0
10416018,stimulus_Arg_PISACowsMilk_10_page_6,123.6,211.6,1040.0
10416019,stimulus_Arg_PISACowsMilk_10_page_6,123.7,211.7,1041.0
10416020,stimulus_Arg_PISACowsMilk_10_page_6,123.7,211.7,1041.0
10416021,stimulus_Arg_PISACowsMilk_10_page_6,123.7,211.7,1041.0
10416022,stimulus_Arg_PISACowsMilk_10_page_6,123.7,211.7,1041.0
10416023,stimulus_Arg_PISACowsMilk_10_page_6,123.7,211.7,1041.0
10416024,stimulus_Arg_PISACowsMilk_10_page_6,123.8,211.6,1040.0
10416025,stimulus_Arg_PISACowsMilk_10_page_6,123.9,211.5,1040.0
10416026,stimulus_Arg_PISACowsMilk_10_page_6,124.0,211.5,1040.0
10416027,stimulus_Arg_PISACowsMilk_10_page_6,124.0,211.6,1041.0
10416028,stimulus_Arg_PISACowsMilk_10_page_6,123.9,211.8,1041.0
10416029,stimulus_Arg_PISACowsMilk_10_page_6,123.9,211.8,1041.0
10416030,stimulus_Arg_PISACowsMilk_10_page_6,123.9,211.8,1040.0
10416031,stimulus_Arg_PISACowsMilk_10_page_6,124.0,211.8,1040.0
10416032,stimulus_Arg_PISACowsMilk_10_page_6,124.2,211.9,1040.0
10416033,stimulus_Arg_PISACowsMilk_10_page_6,124.4,212.3,1040.0
10416034,stimulus_Arg_PISACowsMilk_10_page_6,124.6,212.6,1039.0
10416035,stimulus_Arg_PISACowsMilk_10_page_6,124.6,212.7,1038.0
10416036,stimulus_Arg_PISACowsMilk_10_page_6,124.6,212.7,1038.0
10416037,stimulus_Arg_PISACowsMilk_10_page_6,124.4,212.6,1038.0
10416038,stimulus_Arg_PISACowsMilk_10_page_6,124.1,212.6,1039.0
10416039,stimulus_Arg_PISACowsMilk_10_page_6,123.9,212.6,1040.0
10416040,stimulus_Arg_PISACowsMilk_10_page_6,123.9,212.4,1040.0
10416041,stimulus_Arg_PISACowsMilk_10_page_6,123.9,212.3,1039.0
10416042,stimulus_Arg_PISACowsMilk_10_page_6,123.8,212.2,1039.0
10416043,stimulus_Arg_PISACowsMilk_10_page_6,123.6,212.1,1038.0
10416044,stimulus_Arg_PISACowsMilk_10_page_6,123.6,211.8,1039.0
10416045,stimulus_Arg_PISACowsMilk_10_page_6,123.6,211.5,1039.0
10416046,stimulus_Arg_PISACowsMilk_10_page_6,123.7,211.3,1040.0
10416047,stimulus_Arg_PISACowsMilk_10_page_6,123.8,211.3,1041.0
10416048,stimulus_Arg_PISACowsMilk_10_page_6,124.0,211.3,1042.0
10416049,stimulus_Arg_PISACowsMilk_10_page_6,124.3,211.3,1042.0
10416050,stimulus_Arg_PISACowsMilk_10_page_6,124.3,211.3,1041.0
10416051,stimulus_Arg_PISACowsMilk_10_page_6,124.4,211.2,1041.0
10416052,stimulus_Arg_PISACowsMilk_10_page_6,124.4,211.2,1041.0
10416053,stimulus_Arg_PISACowsMilk_10_page_6,124.3,211.5,1041.0
10416054,stimulus_Arg_PISACowsMilk_10_page_6,124.2,211.8,1041.0
10416055,stimulus_Arg_PISACowsMilk_10_page_6,124.4,212.0,1041.0
10416056,stimulus_Arg_PISACowsMilk_10_page_6,124.7,211.8,1041.0
10416057,stimulus_Arg_PISACowsMilk_10_page_6,124.7,211.5,1040.0
10416058,stimulus_Arg_PISACowsMilk_10_page_6,124.5,211.3,1041.0
10416059,stimulus_Arg_PISACowsMilk_10_page_6,124.3,211.2,1043.0
10416060,stimulus_Arg_PISACowsMilk_10_page_6,124.1,211.1,1044.0
10416061,stimulus_Arg_PISACowsMilk_10_page_6,123.9,211.2,1044.0
10416062,stimulus_Arg_PISACowsMilk_10_page_6,123.6,211.4,1044.0
10416063,stimulus_Arg_PISACowsMilk_10_page_6,123.6,211.5,1044.0
10416064,stimulus_Arg_PISACowsMilk_10_page_6,123.5,211.5,1044.0
10416065,stimulus_Arg_PISACowsMilk_10_page_6,123.4,211.3,1044.0
10416066,stimulus_Arg_PISACowsMilk_10_page_6,123.3,211.2,1044.0
10416067,stimulus_Arg_PISACowsMilk_10_page_6,123.1,211.3,1044.0
10416068,stimulus_Arg_PISACowsMilk_10_page_6,123.2,211.5,1044.0
10416069,stimulus_Arg_PISACowsMilk_10_page_6,123.2,211.7,1044.0
10416070,stimulus_Arg_PISACowsMilk_10_page_6,123.2,211.8,1044.0
10416071,stimulus_Arg_PISACowsMilk_10_page_6,123.1,211.7,1045.0
10416072,stimulus_Arg_PISACowsMilk_10_page_6,123.1,211.6,1045.0
10416073,stimulus_Arg_PISACowsMilk_10_page_6,123.0,211.6,1044.0
10416074,stimulus_Arg_PISACowsMilk_10_page_6,123.4,211.5,1044.0
10416075,stimulus_Arg_PISACowsMilk_10_page_6,123.8,211.3,1044.0
10416076,stimulus_Arg_PISACowsMilk_10_page_6,124.2,211.1,1044.0
10416077,stimulus_Arg_PISACowsMilk_10_page_6,124.2,211.2,1044.0
10416078,stimulus_Arg_PISACowsMilk_10_page_6,124.1,211.3,1044.0
10416079,stimulus_Arg_PISACowsMilk_10_page_6,123.8,211.3,1044.0
10416080,stimulus_Arg_PISACowsMilk_10_page_6,123.4,211.1,1043.0
10416081,stimulus_Arg_PISACowsMilk_10_page_6,123.0,211.0,1043.0
10416082,stimulus_Arg_PISACowsMilk_10_page_6,122.9,211.0,1043.0
10416083,stimulus_Arg_PISACowsMilk_10_page_6,122.8,211.0,1044.0
10416084,stimulus_Arg_PISACowsMilk_10_page_6,122.6,210.9,1045.0
10416085,stimulus_Arg_PISACowsMilk_10_page_6,122.3,210.9,1044.0
10416086,stimulus_Arg_PISACowsMilk_10_page_6,122.2,210.9,1043.0
10416087,stimulus_Arg_PISACowsMilk_10_page_6,122.2,210.8,1042.0
10416088,stimulus_Arg_PISACowsMilk_10_page_6,122.4,210.6,1042.0
10416089,stimulus_Arg_PISACowsMilk_10_page_6,122.5,210.5,1043.0
10416090,stimulus_Arg_PISACowsMilk_10_page_6,122.6,210.4,1043.0
10416091,stimulus_Arg_PISACowsMilk_10_page_6,122.7,210.4,1044.0
10416092,stimulus_Arg_PISACowsMilk_10_page_6,122.7,210.4,1045.0
10416093,stimulus_Arg_PISACowsMilk_10_page_6,122.5,210.5,1045.0
10416094,stimulus_Arg_PISACowsMilk_10_page_6,122.2,210.5,1045.0
10416095,stimulus_Arg_PISACowsMilk_10_page_6,121.8,210.5,1046.0
10416096,stimulus_Arg_PISACowsMilk_10_page_6,121.5,210.3,1046.0
10416097,stimulus_Arg_PISACowsMilk_10_page_6,121.4,210.1,1045.0
10416098,stimulus_Arg_PISACowsMilk_10_page_6,121.6,209.9,1045.0
10416099,stimulus_Arg_PISACowsMilk_10_page_6,121.9,210.0,1045.0
10416100,stimulus_Arg_PISACowsMilk_10_page_6,122.5,210.1,1044.0
10416101,stimulus_Arg_PISACowsMilk_10_page_6,123.3,210.2,1043.0
10416102,stimulus_Arg_PISACowsMilk_10_page_6,125.1,210.2,1044.0
10416103,stimulus_Arg_PISACowsMilk_10_page_6,127.0,210.2,1045.0
10416104,stimulus_Arg_PISACowsMilk_10_page_6,129.9,210.3,1047.0
10416105,stimulus_Arg_PISACowsMilk_10_page_6,132.2,210.6,1048.0
10416106,stimulus_Arg_PISACowsMilk_10_page_6,137.2,211.1,1049.0
10416107,stimulus_Arg_PISACowsMilk_10_page_6,143.6,211.7,1050.0
10416108,stimulus_Arg_PISACowsMilk_10_page_6,152.2,212.4,1050.0
10416109,stimulus_Arg_PISACowsMilk_10_page_6,161.7,212.8,1052.0
10416110,stimulus_Arg_PISACowsMilk_10_page_6,171.2,213.0,1053.0
10416111,stimulus_Arg_PISACowsMilk_10_page_6,182.5,212.1,1054.0
10416112,stimulus_Arg_PISACowsMilk_10_page_6,193.6,211.3,1053.0
10416113,stimulus_Arg_PISACowsMilk_10_page_6,205.9,210.0,1053.0
10416114,stimulus_Arg_PISACowsMilk_10_page_6,216.2,208.5,1053.0
10416115,stimulus_Arg_PISACowsMilk_10_page_6,225.8,206.6,1053.0
10416116,stimulus_Arg_PISACowsMilk_10_page_6,233.3,204.3,1053.0
10416117,stimulus_Arg_PISACowsMilk_10_page_6,238.9,202.7,1053.0
10416118,stimulus_Arg_PISACowsMilk_10_page_6,242.9,199.5,1053.0
10416119,stimulus_Arg_PISACowsMilk_10_page_6,245.0,196.1,1054.0
10416120,stimulus_Arg_PISACowsMilk_10_page_6,246.6,193.3,1054.0
10416121,stimulus_Arg_PISACowsMilk_10_page_6,246.2,192.5,1052.0
10416122,stimulus_Arg_PISACowsMilk_10_page_6,245.2,193.0,1050.0
10416123,stimulus_Arg_PISACowsMilk_10_page_6,243.3,193.7,1048.0
10416124,stimulus_Arg_PISACowsMilk_10_page_6,240.9,194.2,1047.0
10416125,stimulus_Arg_PISACowsMilk_10_page_6,238.2,195.4,1046.0
10416126,stimulus_Arg_PISACowsMilk_10_page_6,235.1,196.7,1045.0
10416127,stimulus_Arg_PISACowsMilk_10_page_6,232.2,198.6,1044.0
10416128,stimulus_Arg_PISACowsMilk_10_page_6,229.2,200.0,1043.0
10416129,stimulus_Arg_PISACowsMilk_10_page_6,227.4,200.9,1044.0
10416130,stimulus_Arg_PISACowsMilk_10_page_6,226.2,201.7,1046.0
10416131,stimulus_Arg_PISACowsMilk_10_page_6,225.9,202.5,1048.0
10416132,stimulus_Arg_PISACowsMilk_10_page_6,225.8,203.2,1048.0
10416133,stimulus_Arg_PISACowsMilk_10_page_6,225.6,204.1,1047.0
10416134,stimulus_Arg_PISACowsMilk_10_page_6,225.5,204.8,1046.0
10416135,stimulus_Arg_PISACowsMilk_10_page_6,225.1,205.4,1045.0
10416136,stimulus_Arg_PISACowsMilk_10_page_6,224.9,205.6,1045.0
10416137,stimulus_Arg_PISACowsMilk_10_page_6,224.7,205.5,1044.0
10416138,stimulus_Arg_PISACowsMilk_10_page_6,224.6,205.5,1044.0
10416139,stimulus_Arg_PISACowsMilk_10_page_6,224.6,205.7,1044.0
10416140,stimulus_Arg_PISACowsMilk_10_page_6,224.7,205.8,1044.0
10416141,stimulus_Arg_PISACowsMilk_10_page_6,225.0,206.0,1044.0
10416142,stimulus_Arg_PISACowsMilk_10_page_6,225.4,206.0,1044.0
10416143,stimulus_Arg_PISACowsMilk_10_page_6,226.1,206.0,1043.0
10416144,stimulus_Arg_PISACowsMilk_10_page_6,226.6,205.8,1043.0
10416145,stimulus_Arg_PISACowsMilk_10_page_6,227.2,205.3,1043.0
10416146,stimulus_Arg_PISACowsMilk_10_page_6,228.3,204.7,1043.0
10416147,stimulus_Arg_PISACowsMilk_10_page_6,229.4,204.2,1043.0
10416148,stimulus_Arg_PISACowsMilk_10_page_6,230.6,203.8,1042.0
10416149,stimulus_Arg_PISACowsMilk_10_page_6,231.3,203.7,1044.0
10416150,stimulus_Arg_PISACowsMilk_10_page_6,232.0,203.6,1045.0
10416151,stimulus_Arg_PISACowsMilk_10_page_6,232.3,203.6,1047.0
10416152,stimulus_Arg_PISACowsMilk_10_page_6,232.7,203.6,1047.0
10416153,stimulus_Arg_PISACowsMilk_10_page_6,233.2,203.5,1048.0
10416154,stimulus_Arg_PISACowsMilk_10_page_6,233.6,203.4,1048.0
10416155,stimulus_Arg_PISACowsMilk_10_page_6,233.6,203.6,1049.0
10416156,stimulus_Arg_PISACowsMilk_10_page_6,233.3,203.8,1049.0
10416157,stimulus_Arg_PISACowsMilk_10_page_6,233.1,204.0,1049.0
10416158,stimulus_Arg_PISACowsMilk_10_page_6,232.8,204.2,1049.0
10416159,stimulus_Arg_PISACowsMilk_10_page_6,232.8,204.3,1048.0
10416160,stimulus_Arg_PISACowsMilk_10_page_6,232.7,204.3,1049.0
10416161,stimulus_Arg_PISACowsMilk_10_page_6,232.7,204.2,1049.0
10416162,stimulus_Arg_PISACowsMilk_10_page_6,232.7,204.1,1049.0
10416163,stimulus_Arg_PISACowsMilk_10_page_6,232.7,203.9,1049.0
10416164,stimulus_Arg_PISACowsMilk_10_page_6,232.7,204.0,1049.0
10416165,stimulus_Arg_PISACowsMilk_10_page_6,232.7,204.0,1049.0
10416166,stimulus_Arg_PISACowsMilk_10_page_6,232.7,203.6,1049.0
10416167,stimulus_Arg_PISACowsMilk_10_page_6,232.7,203.2,1049.0
10416168,stimulus_Arg_PISACowsMilk_10_page_6,232.6,202.8,1049.0
10416169,stimulus_Arg_PISACowsMilk_10_page_6,232.4,202.8,1048.0
10416170,stimulus_Arg_PISACowsMilk_10_page_6,232.3,202.9,1049.0
10416171,stimulus_Arg_PISACowsMilk_10_page_6,231.9,202.8,1049.0
10416172,stimulus_Arg_PISACowsMilk_10_page_6,231.7,202.8,1050.0
10416173,stimulus_Arg_PISACowsMilk_10_page_6,231.5,202.9,1050.0
10416174,stimulus_Arg_PISACowsMilk_10_page_6,231.5,202.9,1050.0
10416175,stimulus_Arg_PISACowsMilk_10_page_6,231.7,202.9,1049.0
10416176,stimulus_Arg_PISACowsMilk_10_page_6,231.8,202.9,1049.0
10416177,stimulus_Arg_PISACowsMilk_10_page_6,231.9,202.8,1048.0
10416178,stimulus_Arg_PISACowsMilk_10_page_6,231.9,202.8,1048.0
10416179,stimulus_Arg_PISACowsMilk_10_page_6,231.9,202.8,1047.0
10416180,stimulus_Arg_PISACowsMilk_10_page_6,231.9,202.8,1047.0
10416181,stimulus_Arg_PISACowsMilk_10_page_6,231.9,202.9,1048.0
10416182,stimulus_Arg_PISACowsMilk_10_page_6,231.8,202.8,1048.0
10416183,stimulus_Arg_PISACowsMilk_10_page_6,231.8,202.7,1048.0
10416184,stimulus_Arg_PISACowsMilk_10_page_6,231.8,202.5,1048.0
10416185,stimulus_Arg_PISACowsMilk_10_page_6,231.8,202.5,1048.0
10416186,stimulus_Arg_PISACowsMilk_10_page_6,231.8,202.4,1048.0
10416187,stimulus_Arg_PISACowsMilk_10_page_6,231.6,202.4,1048.0
10416188,stimulus_Arg_PISACowsMilk_10_page_6,231.5,202.4,1048.0
10416189,stimulus_Arg_PISACowsMilk_10_page_6,231.4,202.3,1048.0
10416190,stimulus_Arg_PISACowsMilk_10_page_6,231.5,202.1,1048.0
10416191,stimulus_Arg_PISACowsMilk_10_page_6,231.7,202.0,1048.0
10416192,stimulus_Arg_PISACowsMilk_10_page_6,231.9,201.9,1047.0
10416193,stimulus_Arg_PISACowsMilk_10_page_6,232.0,201.9,1046.0
10416194,stimulus_Arg_PISACowsMilk_10_page_6,232.1,202.1,1045.0
10416195,stimulus_Arg_PISACowsMilk_10_page_6,231.9,202.3,1045.0
10416196,stimulus_Arg_PISACowsMilk_10_page_6,231.7,202.4,1045.0
10416197,stimulus_Arg_PISACowsMilk_10_page_6,231.4,202.4,1045.0
10416198,stimulus_Arg_PISACowsMilk_10_page_6,231.4,202.1,1045.0
10416199,stimulus_Arg_PISACowsMilk_10_page_6,231.4,201.9,1045.0
10416200,stimulus_Arg_PISACowsMilk_10_page_6,231.4,201.6,1045.0
10416201,stimulus_Arg_PISACowsMilk_10_page_6,231.6,201.5,1044.0
10416202,stimulus_Arg_PISACowsMilk_10_page_6,231.8,201.5,1043.0
10416203,stimulus_Arg_PISACowsMilk_10_page_6,232.0,201.5,1043.0
10416204,stimulus_Arg_PISACowsMilk_10_page_6,232.0,201.5,1043.0
10416205,stimulus_Arg_PISACowsMilk_10_page_6,232.0,201.2,1042.0
10416206,stimulus_Arg_PISACowsMilk_10_page_6,232.4,200.9,1041.0
10416207,stimulus_Arg_PISACowsMilk_10_page_6,232.9,200.6,1042.0
10416208,stimulus_Arg_PISACowsMilk_10_page_6,233.3,200.5,1044.0
10416209,stimulus_Arg_PISACowsMilk_10_page_6,233.3,200.3,1045.0
10416210,stimulus_Arg_PISACowsMilk_10_page_6,233.3,200.3,1045.0
10416211,stimulus_Arg_PISACowsMilk_10_page_6,233.1,200.4,1045.0
10416212,stimulus_Arg_PISACowsMilk_10_page_6,233.0,200.5,1045.0
10416213,stimulus_Arg_PISACowsMilk_10_page_6,232.8,200.6,1045.0
10416214,stimulus_Arg_PISACowsMilk_10_page_6,232.8,200.5,1045.0
10416215,stimulus_Arg_PISACowsMilk_10_page_6,232.6,200.3,1045.0
10416216,stimulus_Arg_PISACowsMilk_10_page_6,232.3,200.4,1045.0
10416217,stimulus_Arg_PISACowsMilk_10_page_6,232.0,200.6,1044.0
10416218,stimulus_Arg_PISACowsMilk_10_page_6,231.9,200.9,1044.0
10416219,stimulus_Arg_PISACowsMilk_10_page_6,232.0,200.9,1044.0
10416220,stimulus_Arg_PISACowsMilk_10_page_6,232.1,200.9,1044.0
10416221,stimulus_Arg_PISACowsMilk_10_page_6,232.2,200.7,1045.0
10416222,stimulus_Arg_PISACowsMilk_10_page_6,232.2,200.3,1045.0
10416223,stimulus_Arg_PISACowsMilk_10_page_6,232.1,200.0,1045.0
10416224,stimulus_Arg_PISACowsMilk_10_page_6,232.0,199.9,1045.0
10416225,stimulus_Arg_PISACowsMilk_10_page_6,231.9,199.9,1045.0
10416226,stimulus_Arg_PISACowsMilk_10_page_6,231.9,199.9,1044.0
10416227,stimulus_Arg_PISACowsMilk_10_page_6,231.9,200.0,1044.0
10416228,stimulus_Arg_PISACowsMilk_10_page_6,231.9,200.0,1044.0
10416229,stimulus_Arg_PISACowsMilk_10_page_6,232.2,200.0,1043.0
10416230,stimulus_Arg_PISACowsMilk_10_page_6,232.4,200.0,1043.0
10416231,stimulus_Arg_PISACowsMilk_10_page_6,232.7,199.8,1042.0
10416232,stimulus_Arg_PISACowsMilk_10_page_6,232.8,199.4,1042.0
10416233,stimulus_Arg_PISACowsMilk_10_page_6,232.9,199.0,1042.0
10416234,stimulus_Arg_PISACowsMilk_10_page_6,232.9,199.0,1042.0
10416235,stimulus_Arg_PISACowsMilk_10_page_6,232.9,198.9,1042.0
10416236,stimulus_Arg_PISACowsMilk_10_page_6,232.9,198.6,1041.0
10416237,stimulus_Arg_PISACowsMilk_10_page_6,232.7,198.5,1040.0
10416238,stimulus_Arg_PISACowsMilk_10_page_6,232.6,198.7,1039.0
10416239,stimulus_Arg_PISACowsMilk_10_page_6,232.5,199.0,1039.0
10416240,stimulus_Arg_PISACowsMilk_10_page_6,232.5,199.6,1039.0
10416241,stimulus_Arg_PISACowsMilk_10_page_6,232.6,199.8,1039.0
10416242,stimulus_Arg_PISACowsMilk_10_page_6,232.5,199.9,1038.0
10416243,stimulus_Arg_PISACowsMilk_10_page_6,232.5,199.7,1038.0
10416244,stimulus_Arg_PISACowsMilk_10_page_6,232.4,199.5,1039.0
10416245,stimulus_Arg_PISACowsMilk_10_page_6,232.3,199.7,1039.0
10416246,stimulus_Arg_PISACowsMilk_10_page_6,232.3,199.8,1038.0
10416247,stimulus_Arg_PISACowsMilk_10_page_6,232.2,199.9,1037.0
10416248,stimulus_Arg_PISACowsMilk_10_page_6,232.0,200.1,1037.0
10416249,stimulus_Arg_PISACowsMilk_10_page_6,231.8,200.2,1037.0
10416250,stimulus_Arg_PISACowsMilk_10_page_6,231.8,200.2,1037.0
10416251,stimulus_Arg_PISACowsMilk_10_page_6,231.7,200.1,1037.0
10416252,stimulus_Arg_PISACowsMilk_10_page_6,231.7,200.0,1038.0
10416253,stimulus_Arg_PISACowsMilk_10_page_6,231.8,200.0,1038.0
10416254,stimulus_Arg_PISACowsMilk_10_page_6,232.0,199.9,1039.0
10416255,stimulus_Arg_PISACowsMilk_10_page_6,232.2,199.8,1039.0
10416256,stimulus_Arg_PISACowsMilk_10_page_6,232.6,199.7,1040.0
10416257,stimulus_Arg_PISACowsMilk_10_page_6,232.7,199.5,1040.0
10416258,stimulus_Arg_PISACowsMilk_10_page_6,232.8,199.5,1039.0
10416259,stimulus_Arg_PISACowsMilk_10_page_6,232.6,199.6,1039.0
10416260,stimulus_Arg_PISACowsMilk_10_page_6,232.6,199.6,1039.0
10416261,stimulus_Arg_PISACowsMilk_10_page_6,232.8,199.7,1039.0
10416262,stimulus_Arg_PISACowsMilk_10_page_6,232.9,199.8,1038.0
10416263,stimulus_Arg_PISACowsMilk_10_page_6,233.0,199.9,1037.0
10416264,stimulus_Arg_PISACowsMilk_10_page_6,233.2,200.0,1037.0
10416265,stimulus_Arg_PISACowsMilk_10_page_6,233.2,200.4,1036.0
10416266,stimulus_Arg_PISACowsMilk_10_page_6,233.2,200.7,1036.0
10416267,stimulus_Arg_PISACowsMilk_10_page_6,233.1,201.0,1035.0
10416268,stimulus_Arg_PISACowsMilk_10_page_6,233.2,200.7,1036.0
10416269,stimulus_Arg_PISACowsMilk_10_page_6,233.3,200.1,1038.0
10416270,stimulus_Arg_PISACowsMilk_10_page_6,233.2,199.7,1039.0
10416271,stimulus_Arg_PISACowsMilk_10_page_6,233.2,199.6,1039.0
10416272,stimulus_Arg_PISACowsMilk_10_page_6,232.9,199.7,1038.0
10416273,stimulus_Arg_PISACowsMilk_10_page_6,232.8,199.9,1038.0
10416274,stimulus_Arg_PISACowsMilk_10_page_6,232.7,199.9,1038.0
10416275,stimulus_Arg_PISACowsMilk_10_page_6,232.8,199.8,1038.0
10416276,stimulus_Arg_PISACowsMilk_10_page_6,232.9,199.7,1038.0
10416277,stimulus_Arg_PISACowsMilk_10_page_6,232.9,199.8,1038.0
10416278,stimulus_Arg_PISACowsMilk_10_page_6,232.7,200.0,1038.0
10416279,stimulus_Arg_PISACowsMilk_10_page_6,232.6,200.1,1038.0
10416280,stimulus_Arg_PISACowsMilk_10_page_6,232.5,200.0,1038.0
10416281,stimulus_Arg_PISACowsMilk_10_page_6,232.4,200.1,1038.0
10416282,stimulus_Arg_PISACowsMilk_10_page_6,232.6,200.5,1036.0
10416283,stimulus_Arg_PISACowsMilk_10_page_6,233.4,200.8,1035.0
10416284,stimulus_Arg_PISACowsMilk_10_page_6,235.1,200.5,1034.0
10416285,stimulus_Arg_PISACowsMilk_10_page_6,237.8,200.3,1035.0
10416286,stimulus_Arg_PISACowsMilk_10_page_6,241.4,200.4,1036.0
10416287,stimulus_Arg_PISACowsMilk_10_page_6,245.7,201.0,1036.0
10416288,stimulus_Arg_PISACowsMilk_10_page_6,251.4,201.4,1037.0
10416289,stimulus_Arg_PISACowsMilk_10_page_6,257.7,201.7,1037.0
10416290,stimulus_Arg_PISACowsMilk_10_page_6,264.9,201.8,1037.0
10416291,stimulus_Arg_PISACowsMilk_10_page_6,272.8,201.9,1038.0
10416292,stimulus_Arg_PISACowsMilk_10_page_6,281.1,201.8,1039.0
10416293,stimulus_Arg_PISACowsMilk_10_page_6,290.7,201.5,1040.0
10416294,stimulus_Arg_PISACowsMilk_10_page_6,299.7,201.0,1040.0
10416295,stimulus_Arg_PISACowsMilk_10_page_6,308.5,200.7,1040.0
10416296,stimulus_Arg_PISACowsMilk_10_page_6,316.6,200.1,1039.0
10416297,stimulus_Arg_PISACowsMilk_10_page_6,323.4,199.1,1039.0
10416298,stimulus_Arg_PISACowsMilk_10_page_6,329.3,197.5,1041.0
10416299,stimulus_Arg_PISACowsMilk_10_page_6,332.6,196.3,1042.0
10416300,stimulus_Arg_PISACowsMilk_10_page_6,334.2,195.6,1040.0
10416301,stimulus_Arg_PISACowsMilk_10_page_6,334.4,195.4,1039.0
10416302,stimulus_Arg_PISACowsMilk_10_page_6,333.9,195.3,1038.0
10416303,stimulus_Arg_PISACowsMilk_10_page_6,332.6,195.1,1038.0
10416304,stimulus_Arg_PISACowsMilk_10_page_6,330.9,194.9,1037.0
10416305,stimulus_Arg_PISACowsMilk_10_page_6,328.5,194.7,1036.0
10416306,stimulus_Arg_PISACowsMilk_10_page_6,325.9,194.5,1035.0
10416307,stimulus_Arg_PISACowsMilk_10_page_6,323.0,194.5,1035.0
10416308,stimulus_Arg_PISACowsMilk_10_page_6,320.4,194.7,1035.0
10416309,stimulus_Arg_PISACowsMilk_10_page_6,317.8,194.8,1035.0
10416310,stimulus_Arg_PISACowsMilk_10_page_6,315.7,195.5,1035.0
10416311,stimulus_Arg_PISACowsMilk_10_page_6,314.1,196.1,1035.0
10416312,stimulus_Arg_PISACowsMilk_10_page_6,313.3,196.8,1036.0
10416313,stimulus_Arg_PISACowsMilk_10_page_6,312.7,197.1,1037.0
10416314,stimulus_Arg_PISACowsMilk_10_page_6,312.4,197.4,1038.0
10416315,stimulus_Arg_PISACowsMilk_10_page_6,312.2,197.7,1038.0
10416316,stimulus_Arg_PISACowsMilk_10_page_6,312.3,198.0,1038.0
10416317,stimulus_Arg_PISACowsMilk_10_page_6,313.0,198.5,1039.0
10416318,stimulus_Arg_PISACowsMilk_10_page_6,314.1,199.0,1039.0
10416319,stimulus_Arg_PISACowsMilk_10_page_6,314.9,199.0,1038.0
10416320,stimulus_Arg_PISACowsMilk_10_page_6,315.9,198.9,1038.0
10416321,stimulus_Arg_PISACowsMilk_10_page_6,316.8,198.8,1038.0
10416322,stimulus_Arg_PISACowsMilk_10_page_6,317.6,198.9,1038.0
10416323,stimulus_Arg_PISACowsMilk_10_page_6,318.2,199.0,1038.0
10416324,stimulus_Arg_PISACowsMilk_10_page_6,318.7,198.8,1038.0
10416325,stimulus_Arg_PISACowsMilk_10_page_6,319.2,198.6,1038.0
10416326,stimulus_Arg_PISACowsMilk_10_page_6,319.4,198.3,1037.0
10416327,stimulus_Arg_PISACowsMilk_10_page_6,319.7,198.2,1037.0
10416328,stimulus_Arg_PISACowsMilk_10_page_6,320.1,198.2,1036.0
10416329,stimulus_Arg_PISACowsMilk_10_page_6,320.5,198.0,1036.0
10416330,stimulus_Arg_PISACowsMilk_10_page_6,320.7,197.8,1036.0
10416331,stimulus_Arg_PISACowsMilk_10_page_6,320.7,197.8,1035.0
10416332,stimulus_Arg_PISACowsMilk_10_page_6,320.8,198.1,1035.0
10416333,stimulus_Arg_PISACowsMilk_10_page_6,320.8,198.3,1036.0
10416334,stimulus_Arg_PISACowsMilk_10_page_6,320.9,198.3,1037.0
10416335,stimulus_Arg_PISACowsMilk_10_page_6,320.6,198.2,1038.0
10416336,stimulus_Arg_PISACowsMilk_10_page_6,320.2,198.2,1036.0
10416337,stimulus_Arg_PISACowsMilk_10_page_6,319.8,198.4,1035.0
10416338,stimulus_Arg_PISACowsMilk_10_page_6,319.7,198.6,1034.0
10416339,stimulus_Arg_PISACowsMilk_10_page_6,319.7,198.9,1034.0
10416340,stimulus_Arg_PISACowsMilk_10_page_6,319.8,198.9,1034.0
10416341,stimulus_Arg_PISACowsMilk_10_page_6,320.0,198.8,1034.0
10416342,stimulus_Arg_PISACowsMilk_10_page_6,320.1,198.7,1034.0
10416343,stimulus_Arg_PISACowsMilk_10_page_6,320.1,198.5,1034.0
10416344,stimulus_Arg_PISACowsMilk_10_page_6,320.4,198.5,1034.0
10416345,stimulus_Arg_PISACowsMilk_10_page_6,320.7,198.4,1034.0
10416346,stimulus_Arg_PISACowsMilk_10_page_6,320.8,198.4,1034.0
10416347,stimulus_Arg_PISACowsMilk_10_page_6,320.7,198.2,1034.0
10416348,stimulus_Arg_PISACowsMilk_10_page_6,320.6,198.1,1034.0
10416349,stimulus_Arg_PISACowsMilk_10_page_6,320.2,198.0,1034.0
10416350,stimulus_Arg_PISACowsMilk_10_page_6,319.8,198.1,1034.0
10416351,stimulus_Arg_PISACowsMilk_10_page_6,319.4,197.9,1034.0
10416352,stimulus_Arg_PISACowsMilk_10_page_6,319.4,197.7,1034.0
10416353,stimulus_Arg_PISACowsMilk_10_page_6,319.7,197.7,1035.0
10416354,stimulus_Arg_PISACowsMilk_10_page_6,320.0,197.7,1035.0
10416355,stimulus_Arg_PISACowsMilk_10_page_6,320.2,197.7,1035.0
10416356,stimulus_Arg_PISACowsMilk_10_page_6,320.2,197.6,1034.0
10416357,stimulus_Arg_PISACowsMilk_10_page_6,320.2,197.5,1034.0
10416358,stimulus_Arg_PISACowsMilk_10_page_6,320.2,197.5,1033.0
10416359,stimulus_Arg_PISACowsMilk_10_page_6,320.2,197.5,1033.0
10416360,stimulus_Arg_PISACowsMilk_10_page_6,320.4,197.5,1033.0
10416361,stimulus_Arg_PISACowsMilk_10_page_6,320.6,197.8,1033.0
10416362,stimulus_Arg_PISACowsMilk_10_page_6,320.9,198.1,1033.0
10416363,stimulus_Arg_PISACowsMilk_10_page_6,320.9,198.3,1033.0
10416364,stimulus_Arg_PISACowsMilk_10_page_6,320.8,198.3,1034.0
10416365,stimulus_Arg_PISACowsMilk_10_page_6,320.6,198.4,1034.0
10416366,stimulus_Arg_PISACowsMilk_10_page_6,320.4,198.5,1034.0
10416367,stimulus_Arg_PISACowsMilk_10_page_6,320.2,198.6,1034.0
10416368,stimulus_Arg_PISACowsMilk_10_page_6,320.1,198.5,1034.0
10416369,stimulus_Arg_PISACowsMilk_10_page_6,320.2,198.4,1033.0
10416370,stimulus_Arg_PISACowsMilk_10_page_6,320.3,198.5,1031.0
10416371,stimulus_Arg_PISACowsMilk_10_page_6,320.4,198.6,1031.0
10416372,stimulus_Arg_PISACowsMilk_10_page_6,320.2,198.8,1031.0
10416373,stimulus_Arg_PISACowsMilk_10_page_6,320.1,199.0,1031.0
10416374,stimulus_Arg_PISACowsMilk_10_page_6,320.2,199.0,1031.0
10416375,stimulus_Arg_PISACowsMilk_10_page_6,320.3,198.9,1031.0
10416376,stimulus_Arg_PISACowsMilk_10_page_6,320.5,198.9,1031.0
10416377,stimulus_Arg_PISACowsMilk_10_page_6,320.6,198.6,1030.0
10416378,stimulus_Arg_PISACowsMilk_10_page_6,320.6,198.4,1030.0
10416379,stimulus_Arg_PISACowsMilk_10_page_6,320.7,198.5,1030.0
10416380,stimulus_Arg_PISACowsMilk_10_page_6,320.7,199.0,1030.0
10416381,stimulus_Arg_PISACowsMilk_10_page_6,320.8,199.5,1030.0
10416382,stimulus_Arg_PISACowsMilk_10_page_6,320.9,199.6,1030.0
10416383,stimulus_Arg_PISACowsMilk_10_page_6,321.0,199.7,1030.0
10416384,stimulus_Arg_PISACowsMilk_10_page_6,321.2,199.7,1028.0
10416385,stimulus_Arg_PISACowsMilk_10_page_6,321.2,199.6,1026.0
10416386,stimulus_Arg_PISACowsMilk_10_page_6,321.3,199.6,1024.0
10416387,stimulus_Arg_PISACowsMilk_10_page_6,321.4,199.5,1025.0
10416388,stimulus_Arg_PISACowsMilk_10_page_6,321.4,199.5,1025.0
10416389,stimulus_Arg_PISACowsMilk_10_page_6,321.4,199.5,1026.0
10416390,stimulus_Arg_PISACowsMilk_10_page_6,321.4,199.4,1026.0
10416391,stimulus_Arg_PISACowsMilk_10_page_6,321.8,199.5,1027.0
10416392,stimulus_Arg_PISACowsMilk_10_page_6,322.1,199.7,1028.0
10416393,stimulus_Arg_PISACowsMilk_10_page_6,322.2,200.0,1029.0
10416394,stimulus_Arg_PISACowsMilk_10_page_6,321.9,200.1,1029.0
10416395,stimulus_Arg_PISACowsMilk_10_page_6,321.7,200.0,1029.0
10416396,stimulus_Arg_PISACowsMilk_10_page_6,321.7,199.8,1029.0
10416397,stimulus_Arg_PISACowsMilk_10_page_6,321.7,199.8,1029.0
10416398,stimulus_Arg_PISACowsMilk_10_page_6,321.7,199.8,1029.0
10416399,stimulus_Arg_PISACowsMilk_10_page_6,321.6,199.7,1028.0
10416400,stimulus_Arg_PISACowsMilk_10_page_6,321.5,199.5,1028.0
10416401,stimulus_Arg_PISACowsMilk_10_page_6,321.3,199.3,1029.0
10416402,stimulus_Arg_PISACowsMilk_10_page_6,321.1,199.0,1030.0
10416403,stimulus_Arg_PISACowsMilk_10_page_6,321.1,198.8,1030.0
10416404,stimulus_Arg_PISACowsMilk_10_page_6,321.3,198.8,1030.0
10416405,stimulus_Arg_PISACowsMilk_10_page_6,321.5,199.1,1029.0
10416406,stimulus_Arg_PISACowsMilk_10_page_6,321.5,199.4,1029.0
10416407,stimulus_Arg_PISACowsMilk_10_page_6,321.5,199.3,1031.0
10416408,stimulus_Arg_PISACowsMilk_10_page_6,321.5,199.3,1032.0
10416409,stimulus_Arg_PISACowsMilk_10_page_6,321.5,199.5,1033.0
10416410,stimulus_Arg_PISACowsMilk_10_page_6,321.5,199.7,1033.0
10416411,stimulus_Arg_PISACowsMilk_10_page_6,321.6,200.0,1033.0
10416412,stimulus_Arg_PISACowsMilk_10_page_6,321.6,200.1,1033.0
10416413,stimulus_Arg_PISACowsMilk_10_page_6,321.6,200.3,1033.0
10416414,stimulus_Arg_PISACowsMilk_10_page_6,321.7,200.4,1033.0
10416415,stimulus_Arg_PISACowsMilk_10_page_6,321.7,200.4,1032.0
10416416,stimulus_Arg_PISACowsMilk_10_page_6,321.8,200.3,1031.0
10416417,stimulus_Arg_PISACowsMilk_10_page_6,321.7,200.2,1031.0
10416418,stimulus_Arg_PISACowsMilk_10_page_6,321.6,200.4,1031.0
10416419,stimulus_Arg_PISACowsMilk_10_page_6,321.4,200.7,1031.0
10416420,stimulus_Arg_PISACowsMilk_10_page_6,321.2,200.6,1031.0
10416421,stimulus_Arg_PISACowsMilk_10_page_6,321.1,200.3,1031.0
10416422,stimulus_Arg_PISACowsMilk_10_page_6,321.0,199.8,1032.0
10416423,stimulus_Arg_PISACowsMilk_10_page_6,321.0,199.8,1033.0
10416424,stimulus_Arg_PISACowsMilk_10_page_6,321.0,199.8,1033.0
10416425,stimulus_Arg_PISACowsMilk_10_page_6,321.0,200.0,1032.0
10416426,stimulus_Arg_PISACowsMilk_10_page_6,321.0,200.0,1031.0
10416427,stimulus_Arg_PISACowsMilk_10_page_6,320.9,200.1,1032.0
10416428,stimulus_Arg_PISACowsMilk_10_page_6,320.9,200.1,1032.0
10416429,stimulus_Arg_PISACowsMilk_10_page_6,320.8,200.0,1032.0
10416430,stimulus_Arg_PISACowsMilk_10_page_6,320.9,200.0,1033.0
10416431,stimulus_Arg_PISACowsMilk_10_page_6,320.8,200.0,1033.0
10416432,stimulus_Arg_PISACowsMilk_10_page_6,320.6,199.9,1033.0
10416433,stimulus_Arg_PISACowsMilk_10_page_6,320.5,200.0,1033.0
10416434,stimulus_Arg_PISACowsMilk_10_page_6,320.5,200.1,1032.0
10416435,stimulus_Arg_PISACowsMilk_10_page_6,320.6,200.5,1032.0
10416436,stimulus_Arg_PISACowsMilk_10_page_6,320.6,200.7,1031.0
10416437,stimulus_Arg_PISACowsMilk_10_page_6,320.4,200.7,1031.0
10416438,stimulus_Arg_PISACowsMilk_10_page_6,320.3,200.5,1032.0
10416439,stimulus_Arg_PISACowsMilk_10_page_6,320.3,200.1,1032.0
10416440,stimulus_Arg_PISACowsMilk_10_page_6,320.3,199.9,1033.0
10416441,stimulus_Arg_PISACowsMilk_10_page_6,320.3,199.7,1034.0
10416442,stimulus_Arg_PISACowsMilk_10_page_6,320.6,199.8,1034.0
10416443,stimulus_Arg_PISACowsMilk_10_page_6,320.8,199.8,1033.0
10416444,stimulus_Arg_PISACowsMilk_10_page_6,321.0,199.9,1032.0
10416445,stimulus_Arg_PISACowsMilk_10_page_6,321.0,199.9,1032.0
10416446,stimulus_Arg_PISACowsMilk_10_page_6,320.9,199.8,1032.0
10416447,stimulus_Arg_PISACowsMilk_10_page_6,320.9,199.9,1031.0
10416448,stimulus_Arg_PISACowsMilk_10_page_6,320.9,200.1,1030.0
10416449,stimulus_Arg_PISACowsMilk_10_page_6,320.6,200.3,1031.0
10416450,stimulus_Arg_PISACowsMilk_10_page_6,320.5,200.3,1031.0
10416451,stimulus_Arg_PISACowsMilk_10_page_6,320.4,200.6,1032.0
10416452,stimulus_Arg_PISACowsMilk_10_page_6,320.5,200.9,1032.0
10416453,stimulus_Arg_PISACowsMilk_10_page_6,320.6,201.0,1031.0
10416454,stimulus_Arg_PISACowsMilk_10_page_6,320.7,200.7,1031.0
10416455,stimulus_Arg_PISACowsMilk_10_page_6,320.9,200.4,1031.0
10416456,stimulus_Arg_PISACowsMilk_10_page_6,321.0,200.4,1031.0
10416457,stimulus_Arg_PISACowsMilk_10_page_6,321.2,200.5,1031.0
10416458,stimulus_Arg_PISACowsMilk_10_page_6,321.2,200.7,1030.0
10416459,stimulus_Arg_PISACowsMilk_10_page_6,321.2,200.7,1029.0
10416460,stimulus_Arg_PISACowsMilk_10_page_6,321.1,200.7,1029.0
10416461,stimulus_Arg_PISACowsMilk_10_page_6,320.9,200.6,1031.0
10416462,stimulus_Arg_PISACowsMilk_10_page_6,320.7,200.6,1032.0
10416463,stimulus_Arg_PISACowsMilk_10_page_6,320.4,201.0,1032.0
10416464,stimulus_Arg_PISACowsMilk_10_page_6,320.3,201.3,1031.0
10416465,stimulus_Arg_PISACowsMilk_10_page_6,320.4,201.7,1031.0
10416466,stimulus_Arg_PISACowsMilk_10_page_6,320.5,201.7,1030.0
10416467,stimulus_Arg_PISACowsMilk_10_page_6,320.6,201.8,1030.0
10416468,stimulus_Arg_PISACowsMilk_10_page_6,320.7,201.8,1030.0
10416469,stimulus_Arg_PISACowsMilk_10_page_6,320.7,201.8,1030.0
10416470,stimulus_Arg_PISACowsMilk_10_page_6,320.7,201.7,1030.0
10416471,stimulus_Arg_PISACowsMilk_10_page_6,320.8,201.8,1030.0
10416472,stimulus_Arg_PISACowsMilk_10_page_6,320.9,201.9,1030.0
10416473,stimulus_Arg_PISACowsMilk_10_page_6,321.1,202.0,1030.0
10416474,stimulus_Arg_PISACowsMilk_10_page_6,321.2,201.9,1031.0
10416475,stimulus_Arg_PISACowsMilk_10_page_6,321.3,201.7,1031.0
10416476,stimulus_Arg_PISACowsMilk_10_page_6,321.3,201.5,1031.0
10416477,stimulus_Arg_PISACowsMilk_10_page_6,321.1,201.5,1032.0
10416478,stimulus_Arg_PISACowsMilk_10_page_6,321.0,201.5,1033.0
10416479,stimulus_Arg_PISACowsMilk_10_page_6,320.9,201.2,1034.0
10416480,stimulus_Arg_PISACowsMilk_10_page_6,321.0,201.0,1034.0
10416481,stimulus_Arg_PISACowsMilk_10_page_6,320.8,200.8,1034.0
10416482,stimulus_Arg_PISACowsMilk_10_page_6,320.6,200.8,1035.0
10416483,stimulus_Arg_PISACowsMilk_10_page_6,320.6,200.8,1035.0
10416484,stimulus_Arg_PISACowsMilk_10_page_6,320.9,201.0,1035.0
10416485,stimulus_Arg_PISACowsMilk_10_page_6,321.3,201.3,1034.0
10416486,stimulus_Arg_PISACowsMilk_10_page_6,321.5,201.5,1035.0
10416487,stimulus_Arg_PISACowsMilk_10_page_6,321.5,201.5,1035.0
10416488,stimulus_Arg_PISACowsMilk_10_page_6,321.4,201.5,1035.0
10416489,stimulus_Arg_PISACowsMilk_10_page_6,321.2,201.6,1036.0
10416490,stimulus_Arg_PISACowsMilk_10_page_6,320.9,201.8,1038.0
10416491,stimulus_Arg_PISACowsMilk_10_page_6,320.8,202.1,1039.0
10416492,stimulus_Arg_PISACowsMilk_10_page_6,320.7,202.2,1040.0
10416493,stimulus_Arg_PISACowsMilk_10_page_6,320.7,202.1,1040.0
10416494,stimulus_Arg_PISACowsMilk_10_page_6,320.6,202.2,1040.0
10416495,stimulus_Arg_PISACowsMilk_10_page_6,320.5,202.4,1040.0
10416496,stimulus_Arg_PISACowsMilk_10_page_6,320.6,202.5,1039.0
10416497,stimulus_Arg_PISACowsMilk_10_page_6,320.8,202.4,1040.0
10416498,stimulus_Arg_PISACowsMilk_10_page_6,321.1,202.4,1040.0
10416499,stimulus_Arg_PISACowsMilk_10_page_6,321.5,202.5,1040.0
10416500,stimulus_Arg_PISACowsMilk_10_page_6,321.7,202.9,1040.0
10416501,stimulus_Arg_PISACowsMilk_10_page_6,322.2,203.3,1040.0
10416502,stimulus_Arg_PISACowsMilk_10_page_6,322.9,204.3,1040.0
10416503,stimulus_Arg_PISACowsMilk_10_page_6,324.0,204.9,1040.0
10416504,stimulus_Arg_PISACowsMilk_10_page_6,326.2,205.2,1041.0
10416505,stimulus_Arg_PISACowsMilk_10_page_6,329.4,205.0,1042.0
10416506,stimulus_Arg_PISACowsMilk_10_page_6,333.0,205.3,1042.0
10416507,stimulus_Arg_PISACowsMilk_10_page_6,336.6,206.0,1042.0
10416508,stimulus_Arg_PISACowsMilk_10_page_6,341.7,206.7,1041.0
10416509,stimulus_Arg_PISACowsMilk_10_page_6,348.0,207.0,1042.0
10416510,stimulus_Arg_PISACowsMilk_10_page_6,355.4,206.7,1043.0
10416511,stimulus_Arg_PISACowsMilk_10_page_6,362.3,205.7,1044.0
10416512,stimulus_Arg_PISACowsMilk_10_page_6,370.1,204.6,1045.0
10416513,stimulus_Arg_PISACowsMilk_10_page_6,377.4,203.3,1045.0
10416514,stimulus_Arg_PISACowsMilk_10_page_6,384.8,202.0,1045.0
10416515,stimulus_Arg_PISACowsMilk_10_page_6,390.1,200.4,1045.0
10416516,stimulus_Arg_PISACowsMilk_10_page_6,395.0,199.1,1045.0
10416517,stimulus_Arg_PISACowsMilk_10_page_6,398.4,198.1,1045.0
10416518,stimulus_Arg_PISACowsMilk_10_page_6,400.8,197.5,1044.0
10416519,stimulus_Arg_PISACowsMilk_10_page_6,401.3,197.2,1043.0
10416520,stimulus_Arg_PISACowsMilk_10_page_6,400.2,197.0,1042.0
10416521,stimulus_Arg_PISACowsMilk_10_page_6,398.4,197.3,1041.0
10416522,stimulus_Arg_PISACowsMilk_10_page_6,395.1,197.6,1040.0
10416523,stimulus_Arg_PISACowsMilk_10_page_6,391.2,198.6,1041.0
10416524,stimulus_Arg_PISACowsMilk_10_page_6,387.7,199.4,1042.0
10416525,stimulus_Arg_PISACowsMilk_10_page_6,384.4,200.5,1043.0
10416526,stimulus_Arg_PISACowsMilk_10_page_6,382.2,201.0,1044.0
10416527,stimulus_Arg_PISACowsMilk_10_page_6,379.6,201.0,1044.0
10416528,stimulus_Arg_PISACowsMilk_10_page_6,378.2,200.7,1045.0
10416529,stimulus_Arg_PISACowsMilk_10_page_6,376.7,200.4,1045.0
10416530,stimulus_Arg_PISACowsMilk_10_page_6,375.8,200.8,1046.0
10416531,stimulus_Arg_PISACowsMilk_10_page_6,374.9,201.3,1046.0
10416532,stimulus_Arg_PISACowsMilk_10_page_6,374.7,201.8,1047.0
10416533,stimulus_Arg_PISACowsMilk_10_page_6,374.7,201.9,1047.0
10416534,stimulus_Arg_PISACowsMilk_10_page_6,375.5,202.4,1047.0
10416535,stimulus_Arg_PISACowsMilk_10_page_6,376.3,202.9,1046.0
10416536,stimulus_Arg_PISACowsMilk_10_page_6,377.6,203.4,1045.0
10416537,stimulus_Arg_PISACowsMilk_10_page_6,378.2,203.8,1044.0
10416538,stimulus_Arg_PISACowsMilk_10_page_6,378.8,204.0,1044.0
10416539,stimulus_Arg_PISACowsMilk_10_page_6,378.9,204.0,1044.0
10416540,stimulus_Arg_PISACowsMilk_10_page_6,378.9,204.1,1045.0
10416541,stimulus_Arg_PISACowsMilk_10_page_6,379.2,204.1,1045.0
10416542,stimulus_Arg_PISACowsMilk_10_page_6,379.4,204.1,1045.0
10416543,stimulus_Arg_PISACowsMilk_10_page_6,379.7,204.1,1045.0
10416544,stimulus_Arg_PISACowsMilk_10_page_6,379.9,204.1,1046.0
10416545,stimulus_Arg_PISACowsMilk_10_page_6,380.1,203.9,1046.0
10416546,stimulus_Arg_PISACowsMilk_10_page_6,380.4,203.7,1045.0
10416547,stimulus_Arg_PISACowsMilk_10_page_6,380.6,203.6,1045.0
10416548,stimulus_Arg_PISACowsMilk_10_page_6,380.7,203.5,1046.0
10416549,stimulus_Arg_PISACowsMilk_10_page_6,380.7,203.4,1047.0
10416550,stimulus_Arg_PISACowsMilk_10_page_6,381.1,203.4,1048.0
10416551,stimulus_Arg_PISACowsMilk_10_page_6,381.4,203.6,1048.0
10416552,stimulus_Arg_PISACowsMilk_10_page_6,381.9,203.8,1047.0
10416553,stimulus_Arg_PISACowsMilk_10_page_6,382.0,204.0,1047.0
10416554,stimulus_Arg_PISACowsMilk_10_page_6,382.2,204.0,1048.0
10416555,stimulus_Arg_PISACowsMilk_10_page_6,382.1,204.0,1048.0
10416556,stimulus_Arg_PISACowsMilk_10_page_6,382.0,204.0,1048.0
10416557,stimulus_Arg_PISACowsMilk_10_page_6,382.1,203.9,1048.0
10416558,stimulus_Arg_PISACowsMilk_10_page_6,382.3,203.8,1049.0
10416559,stimulus_Arg_PISACowsMilk_10_page_6,382.1,204.0,1049.0
10416560,stimulus_Arg_PISACowsMilk_10_page_6,381.9,204.2,1050.0
10416561,stimulus_Arg_PISACowsMilk_10_page_6,381.6,204.2,1050.0
10416562,stimulus_Arg_PISACowsMilk_10_page_6,381.7,203.9,1050.0
10416563,stimulus_Arg_PISACowsMilk_10_page_6,381.7,203.6,1049.0
10416564,stimulus_Arg_PISACowsMilk_10_page_6,381.7,203.6,1049.0
10416565,stimulus_Arg_PISACowsMilk_10_page_6,381.7,203.6,1050.0
10416566,stimulus_Arg_PISACowsMilk_10_page_6,381.7,203.6,1050.0
10416567,stimulus_Arg_PISACowsMilk_10_page_6,381.7,203.8,1050.0
10416568,stimulus_Arg_PISACowsMilk_10_page_6,381.6,204.0,1049.0
10416569,stimulus_Arg_PISACowsMilk_10_page_6,381.6,204.2,1049.0
10416570,stimulus_Arg_PISACowsMilk_10_page_6,381.6,204.2,1050.0
10416571,stimulus_Arg_PISACowsMilk_10_page_6,381.7,204.0,1051.0
10416572,stimulus_Arg_PISACowsMilk_10_page_6,381.8,203.9,1051.0
10416573,stimulus_Arg_PISACowsMilk_10_page_6,381.8,203.8,1051.0
10416574,stimulus_Arg_PISACowsMilk_10_page_6,381.6,203.9,1051.0
10416575,stimulus_Arg_PISACowsMilk_10_page_6,381.3,204.1,1050.0
10416576,stimulus_Arg_PISACowsMilk_10_page_6,381.1,204.3,1049.0
10416577,stimulus_Arg_PISACowsMilk_10_page_6,381.2,204.4,1048.0
10416578,stimulus_Arg_PISACowsMilk_10_page_6,381.2,204.4,1048.0
10416579,stimulus_Arg_PISACowsMilk_10_page_6,381.2,204.1,1048.0
10416580,stimulus_Arg_PISACowsMilk_10_page_6,381.3,203.7,1049.0
10416581,stimulus_Arg_PISACowsMilk_10_page_6,381.5,203.1,1049.0
10416582,stimulus_Arg_PISACowsMilk_10_page_6,381.6,202.9,1050.0
10416583,stimulus_Arg_PISACowsMilk_10_page_6,381.6,203.0,1050.0
10416584,stimulus_Arg_PISACowsMilk_10_page_6,381.6,203.2,1049.0
10416585,stimulus_Arg_PISACowsMilk_10_page_6,381.7,203.3,1048.0
10416586,stimulus_Arg_PISACowsMilk_10_page_6,381.7,203.2,1047.0
10416587,stimulus_Arg_PISACowsMilk_10_page_6,381.7,203.0,1047.0
10416588,stimulus_Arg_PISACowsMilk_10_page_6,381.7,202.9,1047.0
10416589,stimulus_Arg_PISACowsMilk_10_page_6,381.7,202.9,1047.0
10416590,stimulus_Arg_PISACowsMilk_10_page_6,381.8,202.8,1047.0
10416591,stimulus_Arg_PISACowsMilk_10_page_6,382.0,202.7,1047.0
10416592,stimulus_Arg_PISACowsMilk_10_page_6,382.3,202.6,1046.0
10416593,stimulus_Arg_PISACowsMilk_10_page_6,382.5,202.7,1046.0
10416594,stimulus_Arg_PISACowsMilk_10_page_6,382.6,202.9,1046.0
10416595,stimulus_Arg_PISACowsMilk_10_page_6,382.7,203.1,1045.0
10416596,stimulus_Arg_PISACowsMilk_10_page_6,382.8,203.2,1043.0
10416597,stimulus_Arg_PISACowsMilk_10_page_6,383.1,203.0,1041.0
10416598,stimulus_Arg_PISACowsMilk_10_page_6,383.3,202.8,1041.0
10416599,stimulus_Arg_PISACowsMilk_10_page_6,383.6,202.6,1043.0
10416600,stimulus_Arg_PISACowsMilk_10_page_6,383.7,202.5,1045.0
10416601,stimulus_Arg_PISACowsMilk_10_page_6,384.0,202.5,1045.0
10416602,stimulus_Arg_PISACowsMilk_10_page_6,384.3,202.6,1046.0
10416603,stimulus_Arg_PISACowsMilk_10_page_6,384.5,202.7,1046.0
10416604,stimulus_Arg_PISACowsMilk_10_page_6,384.8,203.0,1046.0
10416605,stimulus_Arg_PISACowsMilk_10_page_6,385.0,203.3,1045.0
10416606,stimulus_Arg_PISACowsMilk_10_page_6,385.0,203.4,1045.0
10416607,stimulus_Arg_PISACowsMilk_10_page_6,384.7,203.7,1044.0
10416608,stimulus_Arg_PISACowsMilk_10_page_6,384.1,203.9,1043.0
10416609,stimulus_Arg_PISACowsMilk_10_page_6,383.8,203.9,1042.0
10416610,stimulus_Arg_PISACowsMilk_10_page_6,383.6,203.5,1043.0
10416611,stimulus_Arg_PISACowsMilk_10_page_6,383.7,203.2,1044.0
10416612,stimulus_Arg_PISACowsMilk_10_page_6,383.8,203.1,1044.0
10416613,stimulus_Arg_PISACowsMilk_10_page_6,383.6,203.0,1044.0
10416614,stimulus_Arg_PISACowsMilk_10_page_6,383.2,202.9,1044.0
10416615,stimulus_Arg_PISACowsMilk_10_page_6,382.9,203.0,1044.0
10416616,stimulus_Arg_PISACowsMilk_10_page_6,382.7,203.3,1044.0
10416617,stimulus_Arg_PISACowsMilk_10_page_6,382.7,203.6,1044.0
10416618,stimulus_Arg_PISACowsMilk_10_page_6,382.7,203.6,1043.0
10416619,stimulus_Arg_PISACowsMilk_10_page_6,382.7,203.7,1043.0
10416620,stimulus_Arg_PISACowsMilk_10_page_6,382.7,203.9,1041.0
10416621,stimulus_Arg_PISACowsMilk_10_page_6,382.8,204.4,1040.0
10416622,stimulus_Arg_PISACowsMilk_10_page_6,382.8,204.8,1039.0
10416623,stimulus_Arg_PISACowsMilk_10_page_6,383.0,205.2,1039.0
10416624,stimulus_Arg_PISACowsMilk_10_page_6,383.4,205.4,1039.0
10416625,stimulus_Arg_PISACowsMilk_10_page_6,383.7,205.4,1039.0
10416626,stimulus_Arg_PISACowsMilk_10_page_6,383.9,205.4,1038.0
10416627,stimulus_Arg_PISACowsMilk_10_page_6,383.8,205.2,1038.0
10416628,stimulus_Arg_PISACowsMilk_10_page_6,384.1,204.9,1038.0
10416629,stimulus_Arg_PISACowsMilk_10_page_6,384.5,204.8,1039.0
10416630,stimulus_Arg_PISACowsMilk_10_page_6,384.9,205.1,1039.0
10416631,stimulus_Arg_PISACowsMilk_10_page_6,384.9,205.5,1039.0
10416632,stimulus_Arg_PISACowsMilk_10_page_6,384.8,205.8,1040.0
10416633,stimulus_Arg_PISACowsMilk_10_page_6,384.6,206.0,1040.0
10416634,stimulus_Arg_PISACowsMilk_10_page_6,384.4,206.1,1041.0
10416635,stimulus_Arg_PISACowsMilk_10_page_6,384.4,206.1,1041.0
10416636,stimulus_Arg_PISACowsMilk_10_page_6,384.4,206.2,1041.0
10416637,stimulus_Arg_PISACowsMilk_10_page_6,384.5,206.3,1042.0
10416638,stimulus_Arg_PISACowsMilk_10_page_6,384.3,206.5,1041.0
10416639,stimulus_Arg_PISACowsMilk_10_page_6,384.2,206.5,1040.0
10416640,stimulus_Arg_PISACowsMilk_10_page_6,384.1,206.5,1039.0
10416641,stimulus_Arg_PISACowsMilk_10_page_6,384.3,206.3,1039.0
10416642,stimulus_Arg_PISACowsMilk_10_page_6,384.5,206.1,1039.0
10416643,stimulus_Arg_PISACowsMilk_10_page_6,384.7,205.7,1039.0
10416644,stimulus_Arg_PISACowsMilk_10_page_6,384.7,205.4,1039.0
10416645,stimulus_Arg_PISACowsMilk_10_page_6,384.8,205.3,1039.0
10416646,stimulus_Arg_PISACowsMilk_10_page_6,384.9,205.5,1040.0
10416647,stimulus_Arg_PISACowsMilk_10_page_6,384.9,205.4,1040.0
10416648,stimulus_Arg_PISACowsMilk_10_page_6,384.9,205.0,1040.0
10416649,stimulus_Arg_PISACowsMilk_10_page_6,384.9,204.7,1039.0
10416650,stimulus_Arg_PISACowsMilk_10_page_6,384.8,204.8,1039.0
10416651,stimulus_Arg_PISACowsMilk_10_page_6,384.9,204.9,1039.0
10416652,stimulus_Arg_PISACowsMilk_10_page_6,385.0,204.9,1039.0
10416653,stimulus_Arg_PISACowsMilk_10_page_6,385.2,205.1,1039.0
10416654,stimulus_Arg_PISACowsMilk_10_page_6,385.1,205.3,1039.0
10416655,stimulus_Arg_PISACowsMilk_10_page_6,384.9,205.2,1038.0
10416656,stimulus_Arg_PISACowsMilk_10_page_6,384.4,204.8,1037.0
10416657,stimulus_Arg_PISACowsMilk_10_page_6,384.1,204.5,1038.0
10416658,stimulus_Arg_PISACowsMilk_10_page_6,383.7,204.5,1038.0
10416659,stimulus_Arg_PISACowsMilk_10_page_6,383.5,204.7,1039.0
10416660,stimulus_Arg_PISACowsMilk_10_page_6,383.3,204.7,1039.0
10416661,stimulus_Arg_PISACowsMilk_10_page_6,383.4,204.6,1039.0
10416662,stimulus_Arg_PISACowsMilk_10_page_6,383.7,204.5,1040.0
10416663,stimulus_Arg_PISACowsMilk_10_page_6,384.1,204.6,1040.0
10416664,stimulus_Arg_PISACowsMilk_10_page_6,384.1,204.6,1039.0
10416665,stimulus_Arg_PISACowsMilk_10_page_6,383.9,204.7,1040.0
10416666,stimulus_Arg_PISACowsMilk_10_page_6,383.8,204.6,1040.0
10416667,stimulus_Arg_PISACowsMilk_10_page_6,383.8,204.4,1039.0
10416668,stimulus_Arg_PISACowsMilk_10_page_6,383.8,204.3,1038.0
10416669,stimulus_Arg_PISACowsMilk_10_page_6,383.9,204.6,1038.0
10416670,stimulus_Arg_PISACowsMilk_10_page_6,384.0,204.9,1038.0
10416671,stimulus_Arg_PISACowsMilk_10_page_6,384.1,205.0,1039.0
10416672,stimulus_Arg_PISACowsMilk_10_page_6,384.0,205.0,1038.0
10416673,stimulus_Arg_PISACowsMilk_10_page_6,383.9,204.9,1038.0
10416674,stimulus_Arg_PISACowsMilk_10_page_6,383.8,205.0,1038.0
10416675,stimulus_Arg_PISACowsMilk_10_page_6,383.7,205.3,1038.0
10416676,stimulus_Arg_PISACowsMilk_10_page_6,383.7,205.8,1037.0
10416677,stimulus_Arg_PISACowsMilk_10_page_6,383.7,206.2,1037.0
10416678,stimulus_Arg_PISACowsMilk_10_page_6,383.8,206.3,1036.0
10416679,stimulus_Arg_PISACowsMilk_10_page_6,383.9,206.3,1036.0
10416680,stimulus_Arg_PISACowsMilk_10_page_6,384.1,206.1,1036.0
10416681,stimulus_Arg_PISACowsMilk_10_page_6,384.1,205.9,1036.0
10416682,stimulus_Arg_PISACowsMilk_10_page_6,384.1,205.8,1035.0
10416683,stimulus_Arg_PISACowsMilk_10_page_6,384.1,206.0,1035.0
10416684,stimulus_Arg_PISACowsMilk_10_page_6,384.0,206.2,1035.0
10416685,stimulus_Arg_PISACowsMilk_10_page_6,384.0,206.4,1035.0
10416686,stimulus_Arg_PISACowsMilk_10_page_6,383.9,206.7,1035.0
10416687,stimulus_Arg_PISACowsMilk_10_page_6,383.9,207.1,1035.0
10416688,stimulus_Arg_PISACowsMilk_10_page_6,384.2,207.4,1035.0
10416689,stimulus_Arg_PISACowsMilk_10_page_6,384.4,207.8,1035.0
10416690,stimulus_Arg_PISACowsMilk_10_page_6,384.8,208.1,1036.0
10416691,stimulus_Arg_PISACowsMilk_10_page_6,384.9,208.3,1036.0
10416692,stimulus_Arg_PISACowsMilk_10_page_6,385.0,208.3,1036.0
10416693,stimulus_Arg_PISACowsMilk_10_page_6,385.1,208.3,1036.0
10416694,stimulus_Arg_PISACowsMilk_10_page_6,385.1,208.1,1035.0
10416695,stimulus_Arg_PISACowsMilk_10_page_6,385.2,207.9,1035.0
10416696,stimulus_Arg_PISACowsMilk_10_page_6,385.3,207.7,1034.0
10416697,stimulus_Arg_PISACowsMilk_10_page_6,385.1,207.7,1032.0
10416698,stimulus_Arg_PISACowsMilk_10_page_6,384.9,207.3,1031.0
10416699,stimulus_Arg_PISACowsMilk_10_page_6,384.6,206.9,1030.0
10416700,stimulus_Arg_PISACowsMilk_10_page_6,384.7,206.5,1030.0
10416701,stimulus_Arg_PISACowsMilk_10_page_6,384.2,206.1,1030.0
10416702,stimulus_Arg_PISACowsMilk_10_page_6,383.9,205.7,1031.0
10416703,stimulus_Arg_PISACowsMilk_10_page_6,383.5,205.3,1031.0
10416704,stimulus_Arg_PISACowsMilk_10_page_6,383.6,205.3,1032.0
10416705,stimulus_Arg_PISACowsMilk_10_page_6,383.6,205.3,1032.0
10416706,stimulus_Arg_PISACowsMilk_10_page_6,383.5,205.3,1032.0
10416707,stimulus_Arg_PISACowsMilk_10_page_6,383.3,205.3,1032.0
10416708,stimulus_Arg_PISACowsMilk_10_page_6,383.0,205.4,1032.0
10416709,stimulus_Arg_PISACowsMilk_10_page_6,382.9,205.5,1032.0
10416710,stimulus_Arg_PISACowsMilk_10_page_6,382.9,205.4,1032.0
10416711,stimulus_Arg_PISACowsMilk_10_page_6,383.2,205.4,1032.0
10416712,stimulus_Arg_PISACowsMilk_10_page_6,383.4,205.3,1032.0
10416713,stimulus_Arg_PISACowsMilk_10_page_6,383.7,205.5,1032.0
10416714,stimulus_Arg_PISACowsMilk_10_page_6,383.8,205.6,1032.0
10416715,stimulus_Arg_PISACowsMilk_10_page_6,384.2,205.7,1031.0
10416716,stimulus_Arg_PISACowsMilk_10_page_6,384.6,205.8,1030.0
10416717,stimulus_Arg_PISACowsMilk_10_page_6,384.8,205.9,1030.0
10416718,stimulus_Arg_PISACowsMilk_10_page_6,384.8,206.0,1031.0
10416719,stimulus_Arg_PISACowsMilk_10_page_6,384.8,206.3,1032.0
10416720,stimulus_Arg_PISACowsMilk_10_page_6,384.9,206.6,1032.0
10416721,stimulus_Arg_PISACowsMilk_10_page_6,385.0,206.9,1031.0
10416722,stimulus_Arg_PISACowsMilk_10_page_6,385.0,206.9,1031.0
10416723,stimulus_Arg_PISACowsMilk_10_page_6,385.0,206.9,1031.0
10416724,stimulus_Arg_PISACowsMilk_10_page_6,385.0,206.9,1031.0
10416725,stimulus_Arg_PISACowsMilk_10_page_6,385.0,207.0,1032.0
10416726,stimulus_Arg_PISACowsMilk_10_page_6,385.0,207.0,1033.0
10416727,stimulus_Arg_PISACowsMilk_10_page_6,385.1,207.0,1034.0
10416728,stimulus_Arg_PISACowsMilk_10_page_6,385.0,207.1,1033.0
10416729,stimulus_Arg_PISACowsMilk_10_page_6,385.0,207.1,1032.0
10416730,stimulus_Arg_PISACowsMilk_10_page_6,384.9,207.1,1031.0
10416731,stimulus_Arg_PISACowsMilk_10_page_6,385.2,207.0,1031.0
10416732,stimulus_Arg_PISACowsMilk_10_page_6,385.4,207.0,1031.0
10416733,stimulus_Arg_PISACowsMilk_10_page_6,385.5,207.0,1031.0
10416734,stimulus_Arg_PISACowsMilk_10_page_6,385.5,207.0,1031.0
10416735,stimulus_Arg_PISACowsMilk_10_page_6,385.4,207.0,1031.0
10416736,stimulus_Arg_PISACowsMilk_10_page_6,385.1,207.0,1031.0
10416737,stimulus_Arg_PISACowsMilk_10_page_6,384.8,207.0,1031.0
10416738,stimulus_Arg_PISACowsMilk_10_page_6,384.7,207.1,1031.0
10416739,stimulus_Arg_PISACowsMilk_10_page_6,384.6,207.2,1030.0
10416740,stimulus_Arg_PISACowsMilk_10_page_6,384.6,207.5,1030.0
10416741,stimulus_Arg_PISACowsMilk_10_page_6,384.6,207.6,1029.0
10416742,stimulus_Arg_PISACowsMilk_10_page_6,384.6,207.8,1028.0
10416743,stimulus_Arg_PISACowsMilk_10_page_6,384.6,207.8,1027.0
10416744,stimulus_Arg_PISACowsMilk_10_page_6,384.6,207.9,1028.0
10416745,stimulus_Arg_PISACowsMilk_10_page_6,384.5,207.8,1027.0
10416746,stimulus_Arg_PISACowsMilk_10_page_6,384.3,207.7,1027.0
10416747,stimulus_Arg_PISACowsMilk_10_page_6,383.9,207.6,1026.0
10416748,stimulus_Arg_PISACowsMilk_10_page_6,383.5,207.5,1025.0
10416749,stimulus_Arg_PISACowsMilk_10_page_6,383.6,207.5,1025.0
10416750,stimulus_Arg_PISACowsMilk_10_page_6,384.0,207.6,1025.0
10416751,stimulus_Arg_PISACowsMilk_10_page_6,384.2,207.7,1025.0
10416752,stimulus_Arg_PISACowsMilk_10_page_6,384.1,207.8,1025.0
10416753,stimulus_Arg_PISACowsMilk_10_page_6,384.0,207.8,1026.0
10416754,stimulus_Arg_PISACowsMilk_10_page_6,384.0,207.9,1026.0
10416755,stimulus_Arg_PISACowsMilk_10_page_6,384.0,208.0,1025.0
10416756,stimulus_Arg_PISACowsMilk_10_page_6,384.1,208.1,1025.0
10416757,stimulus_Arg_PISACowsMilk_10_page_6,384.1,208.2,1025.0
10416758,stimulus_Arg_PISACowsMilk_10_page_6,384.1,208.2,1026.0
10416759,stimulus_Arg_PISACowsMilk_10_page_6,384.4,208.3,1026.0
10416760,stimulus_Arg_PISACowsMilk_10_page_6,384.7,208.2,1026.0
10416761,stimulus_Arg_PISACowsMilk_10_page_6,384.9,208.1,1027.0
10416762,stimulus_Arg_PISACowsMilk_10_page_6,384.9,208.0,1028.0
10416763,stimulus_Arg_PISACowsMilk_10_page_6,384.6,208.2,1028.0
10416764,stimulus_Arg_PISACowsMilk_10_page_6,384.2,208.4,1028.0
10416765,stimulus_Arg_PISACowsMilk_10_page_6,383.9,208.5,1027.0
10416766,stimulus_Arg_PISACowsMilk_10_page_6,383.9,208.5,1027.0
10416767,stimulus_Arg_PISACowsMilk_10_page_6,383.9,208.5,1027.0
10416768,stimulus_Arg_PISACowsMilk_10_page_6,383.9,208.4,1027.0
10416769,stimulus_Arg_PISACowsMilk_10_page_6,384.2,208.4,1027.0
10416770,stimulus_Arg_PISACowsMilk_10_page_6,384.6,208.2,1027.0
10416771,stimulus_Arg_PISACowsMilk_10_page_6,384.8,208.1,1027.0
10416772,stimulus_Arg_PISACowsMilk_10_page_6,384.8,207.9,1027.0
10416773,stimulus_Arg_PISACowsMilk_10_page_6,384.7,207.9,1027.0
10416774,stimulus_Arg_PISACowsMilk_10_page_6,384.6,207.9,1026.0
10416775,stimulus_Arg_PISACowsMilk_10_page_6,384.4,208.0,1026.0
10416776,stimulus_Arg_PISACowsMilk_10_page_6,384.2,208.1,1026.0
10416777,stimulus_Arg_PISACowsMilk_10_page_6,383.9,208.2,1026.0
10416778,stimulus_Arg_PISACowsMilk_10_page_6,383.8,208.3,1027.0
10416779,stimulus_Arg_PISACowsMilk_10_page_6,383.7,208.4,1026.0
10416780,stimulus_Arg_PISACowsMilk_10_page_6,383.5,208.4,1026.0
10416781,stimulus_Arg_PISACowsMilk_10_page_6,383.4,208.5,1025.0
10416782,stimulus_Arg_PISACowsMilk_10_page_6,383.3,208.7,1025.0
10416783,stimulus_Arg_PISACowsMilk_10_page_6,383.3,209.0,1025.0
10416784,stimulus_Arg_PISACowsMilk_10_page_6,383.3,209.1,1025.0
10416785,stimulus_Arg_PISACowsMilk_10_page_6,383.4,209.0,1026.0
10416786,stimulus_Arg_PISACowsMilk_10_page_6,383.5,208.9,1027.0
10416787,stimulus_Arg_PISACowsMilk_10_page_6,383.7,208.7,1028.0
10416788,stimulus_Arg_PISACowsMilk_10_page_6,383.8,208.6,1029.0
10416789,stimulus_Arg_PISACowsMilk_10_page_6,384.6,208.3,1028.0
10416790,stimulus_Arg_PISACowsMilk_10_page_6,386.7,207.5,1027.0
10416791,stimulus_Arg_PISACowsMilk_10_page_6,391.3,206.8,1026.0
10416792,stimulus_Arg_PISACowsMilk_10_page_6,397.5,206.4,1026.0
10416793,stimulus_Arg_PISACowsMilk_10_page_6,403.6,206.2,1027.0
10416794,stimulus_Arg_PISACowsMilk_10_page_6,411.0,206.1,1027.0
10416795,stimulus_Arg_PISACowsMilk_10_page_6,418.8,205.7,1027.0
10416796,stimulus_Arg_PISACowsMilk_10_page_6,430.0,205.5,1029.0
10416797,stimulus_Arg_PISACowsMilk_10_page_6,440.1,204.8,1031.0
10416798,stimulus_Arg_PISACowsMilk_10_page_6,451.2,204.5,1032.0
10416799,stimulus_Arg_PISACowsMilk_10_page_6,460.1,203.7,1031.0
10416800,stimulus_Arg_PISACowsMilk_10_page_6,469.9,202.0,1031.0
10416801,stimulus_Arg_PISACowsMilk_10_page_6,479.1,199.2,1031.0
10416802,stimulus_Arg_PISACowsMilk_10_page_6,487.4,196.6,1031.0
10416803,stimulus_Arg_PISACowsMilk_10_page_6,495.5,195.3,1031.0
10416804,stimulus_Arg_PISACowsMilk_10_page_6,501.8,193.9,1031.0
10416805,stimulus_Arg_PISACowsMilk_10_page_6,510.1,192.8,1030.0
10416806,stimulus_Arg_PISACowsMilk_10_page_6,516.5,191.8,1030.0
10416807,stimulus_Arg_PISACowsMilk_10_page_6,523.8,191.5,1027.0
10416808,stimulus_Arg_PISACowsMilk_10_page_6,530.5,190.8,1026.0
10416809,stimulus_Arg_PISACowsMilk_10_page_6,537.0,189.5,1022.0
10416810,stimulus_Arg_PISACowsMilk_10_page_6,543.7,187.5,1021.0
10416811,stimulus_Arg_PISACowsMilk_10_page_6,549.2,186.3,1019.0
10416812,stimulus_Arg_PISACowsMilk_10_page_6,554.7,185.4,1019.0
10416813,stimulus_Arg_PISACowsMilk_10_page_6,559.2,184.2,1018.0
10416814,stimulus_Arg_PISACowsMilk_10_page_6,563.3,182.8,1017.0
10416815,stimulus_Arg_PISACowsMilk_10_page_6,567.3,181.4,1016.0
10416816,stimulus_Arg_PISACowsMilk_10_page_6,570.8,180.9,1016.0
10416817,stimulus_Arg_PISACowsMilk_10_page_6,574.2,180.5,1016.0
10416818,stimulus_Arg_PISACowsMilk_10_page_6,577.1,180.2,1016.0
10416819,stimulus_Arg_PISACowsMilk_10_page_6,579.8,180.0,1015.0
10416820,stimulus_Arg_PISACowsMilk_10_page_6,581.8,179.7,1015.0
10416821,stimulus_Arg_PISACowsMilk_10_page_6,582.9,179.6,1015.0
10416822,stimulus_Arg_PISACowsMilk_10_page_6,582.9,179.5,1015.0
10416823,stimulus_Arg_PISACowsMilk_10_page_6,582.1,179.6,1016.0
10416824,stimulus_Arg_PISACowsMilk_10_page_6,580.3,180.1,1015.0
10416825,stimulus_Arg_PISACowsMilk_10_page_6,578.5,181.1,1013.0
10416826,stimulus_Arg_PISACowsMilk_10_page_6,576.0,182.1,1012.0
10416827,stimulus_Arg_PISACowsMilk_10_page_6,573.4,183.0,1012.0
10416828,stimulus_Arg_PISACowsMilk_10_page_6,570.6,183.4,1013.0
10416829,stimulus_Arg_PISACowsMilk_10_page_6,568.8,183.7,1013.0
10416830,stimulus_Arg_PISACowsMilk_10_page_6,567.3,183.9,1014.0
10416831,stimulus_Arg_PISACowsMilk_10_page_6,566.1,184.0,1015.0
10416832,stimulus_Arg_PISACowsMilk_10_page_6,565.1,184.2,1015.0
10416833,stimulus_Arg_PISACowsMilk_10_page_6,564.6,184.2,1016.0
10416834,stimulus_Arg_PISACowsMilk_10_page_6,564.5,184.5,1016.0
10416835,stimulus_Arg_PISACowsMilk_10_page_6,564.4,185.0,1015.0
10416836,stimulus_Arg_PISACowsMilk_10_page_6,564.7,185.4,1016.0
10416837,stimulus_Arg_PISACowsMilk_10_page_6,565.7,185.8,1016.0
10416838,stimulus_Arg_PISACowsMilk_10_page_6,566.9,185.9,1018.0
10416839,stimulus_Arg_PISACowsMilk_10_page_6,568.2,186.0,1019.0
10416840,stimulus_Arg_PISACowsMilk_10_page_6,568.8,186.2,1020.0
10416841,stimulus_Arg_PISACowsMilk_10_page_6,569.9,186.4,1020.0
10416842,stimulus_Arg_PISACowsMilk_10_page_6,570.6,186.5,1019.0
10416843,stimulus_Arg_PISACowsMilk_10_page_6,571.4,186.6,1019.0
10416844,stimulus_Arg_PISACowsMilk_10_page_6,571.6,186.7,1019.0
10416845,stimulus_Arg_PISACowsMilk_10_page_6,572.0,186.7,1019.0
10416846,stimulus_Arg_PISACowsMilk_10_page_6,572.3,186.7,1020.0
10416847,stimulus_Arg_PISACowsMilk_10_page_6,572.7,186.7,1021.0
10416848,stimulus_Arg_PISACowsMilk_10_page_6,572.9,186.7,1021.0
10416849,stimulus_Arg_PISACowsMilk_10_page_6,573.3,186.8,1021.0
10416850,stimulus_Arg_PISACowsMilk_10_page_6,573.6,186.7,1020.0
10416851,stimulus_Arg_PISACowsMilk_10_page_6,573.9,186.8,1020.0
10416852,stimulus_Arg_PISACowsMilk_10_page_6,574.1,186.8,1020.0
10416853,stimulus_Arg_PISACowsMilk_10_page_6,574.1,186.7,1020.0
10416854,stimulus_Arg_PISACowsMilk_10_page_6,574.1,186.6,1020.0
10416855,stimulus_Arg_PISACowsMilk_10_page_6,573.9,186.3,1019.0
10416856,stimulus_Arg_PISACowsMilk_10_page_6,573.8,186.2,1018.0
10416857,stimulus_Arg_PISACowsMilk_10_page_6,573.3,186.2,1017.0
10416858,stimulus_Arg_PISACowsMilk_10_page_6,573.1,186.3,1017.0
10416859,stimulus_Arg_PISACowsMilk_10_page_6,572.7,186.0,1017.0
10416860,stimulus_Arg_PISACowsMilk_10_page_6,572.6,185.8,1017.0
10416861,stimulus_Arg_PISACowsMilk_10_page_6,572.3,185.5,1017.0
10416862,stimulus_Arg_PISACowsMilk_10_page_6,571.7,185.5,1017.0
10416863,stimulus_Arg_PISACowsMilk_10_page_6,571.2,185.3,1017.0
10416864,stimulus_Arg_PISACowsMilk_10_page_6,570.9,185.3,1017.0
10416865,stimulus_Arg_PISACowsMilk_10_page_6,570.8,185.5,1017.0
10416866,stimulus_Arg_PISACowsMilk_10_page_6,571.0,185.6,1017.0
10416867,stimulus_Arg_PISACowsMilk_10_page_6,571.2,185.8,1016.0
10416868,stimulus_Arg_PISACowsMilk_10_page_6,571.4,185.8,1015.0
10416869,stimulus_Arg_PISACowsMilk_10_page_6,571.3,185.9,1017.0
10416870,stimulus_Arg_PISACowsMilk_10_page_6,571.5,185.8,1018.0
10416871,stimulus_Arg_PISACowsMilk_10_page_6,571.6,185.8,1020.0
10416872,stimulus_Arg_PISACowsMilk_10_page_6,571.7,185.9,1020.0
10416873,stimulus_Arg_PISACowsMilk_10_page_6,571.4,186.0,1019.0
10416874,stimulus_Arg_PISACowsMilk_10_page_6,571.2,186.0,1018.0
10416875,stimulus_Arg_PISACowsMilk_10_page_6,571.4,185.8,1016.0
10416876,stimulus_Arg_PISACowsMilk_10_page_6,571.8,185.6,1016.0
10416877,stimulus_Arg_PISACowsMilk_10_page_6,572.1,185.5,1016.0
10416878,stimulus_Arg_PISACowsMilk_10_page_6,572.1,185.5,1016.0
10416879,stimulus_Arg_PISACowsMilk_10_page_6,572.1,185.6,1016.0
10416880,stimulus_Arg_PISACowsMilk_10_page_6,572.1,185.7,1017.0
10416881,stimulus_Arg_PISACowsMilk_10_page_6,572.1,185.8,1017.0
10416882,stimulus_Arg_PISACowsMilk_10_page_6,572.1,185.8,1017.0
10416883,stimulus_Arg_PISACowsMilk_10_page_6,572.0,185.8,1016.0
10416884,stimulus_Arg_PISACowsMilk_10_page_6,572.0,185.9,1016.0
10416885,stimulus_Arg_PISACowsMilk_10_page_6,572.0,185.9,1016.0
10416886,stimulus_Arg_PISACowsMilk_10_page_6,572.0,185.8,1016.0
10416887,stimulus_Arg_PISACowsMilk_10_page_6,572.0,185.6,1016.0
10416888,stimulus_Arg_PISACowsMilk_10_page_6,572.0,185.4,1016.0
10416889,stimulus_Arg_PISACowsMilk_10_page_6,571.9,185.4,1016.0
10416890,stimulus_Arg_PISACowsMilk_10_page_6,571.7,185.4,1016.0
10416891,stimulus_Arg_PISACowsMilk_10_page_6,571.4,185.4,1017.0
10416892,stimulus_Arg_PISACowsMilk_10_page_6,571.2,185.4,1017.0
10416893,stimulus_Arg_PISACowsMilk_10_page_6,571.1,185.2,1017.0
10416894,stimulus_Arg_PISACowsMilk_10_page_6,571.1,185.1,1016.0
10416895,stimulus_Arg_PISACowsMilk_10_page_6,571.2,185.1,1016.0
10416896,stimulus_Arg_PISACowsMilk_10_page_6,571.3,185.2,1016.0
10416897,stimulus_Arg_PISACowsMilk_10_page_6,571.3,185.4,1016.0
10416898,stimulus_Arg_PISACowsMilk_10_page_6,571.5,185.5,1016.0
10416899,stimulus_Arg_PISACowsMilk_10_page_6,571.7,185.9,1015.0
10416900,stimulus_Arg_PISACowsMilk_10_page_6,571.8,186.3,1015.0
10416901,stimulus_Arg_PISACowsMilk_10_page_6,571.9,186.6,1014.0
10416902,stimulus_Arg_PISACowsMilk_10_page_6,571.7,186.6,1014.0
10416903,stimulus_Arg_PISACowsMilk_10_page_6,571.7,186.3,1015.0
10416904,stimulus_Arg_PISACowsMilk_10_page_6,571.8,186.1,1015.0
10416905,stimulus_Arg_PISACowsMilk_10_page_6,572.0,185.9,1014.0
10416906,stimulus_Arg_PISACowsMilk_10_page_6,571.9,186.0,1014.0
10416907,stimulus_Arg_PISACowsMilk_10_page_6,571.6,186.1,1015.0
10416908,stimulus_Arg_PISACowsMilk_10_page_6,571.3,186.0,1015.0
10416909,stimulus_Arg_PISACowsMilk_10_page_6,571.4,186.0,1016.0
10416910,stimulus_Arg_PISACowsMilk_10_page_6,571.5,185.8,1017.0
10416911,stimulus_Arg_PISACowsMilk_10_page_6,571.6,186.0,1017.0
10416912,stimulus_Arg_PISACowsMilk_10_page_6,571.9,186.3,1017.0
10416913,stimulus_Arg_PISACowsMilk_10_page_6,572.3,186.9,1017.0
10416914,stimulus_Arg_PISACowsMilk_10_page_6,572.7,187.3,1016.0
10416915,stimulus_Arg_PISACowsMilk_10_page_6,572.9,187.6,1015.0
10416916,stimulus_Arg_PISACowsMilk_10_page_6,572.8,187.7,1015.0
10416917,stimulus_Arg_PISACowsMilk_10_page_6,572.7,187.8,1014.0
10416918,stimulus_Arg_PISACowsMilk_10_page_6,572.5,187.9,1014.0
10416919,stimulus_Arg_PISACowsMilk_10_page_6,572.5,187.9,1014.0
10416920,stimulus_Arg_PISACowsMilk_10_page_6,572.5,187.7,1014.0
10416921,stimulus_Arg_PISACowsMilk_10_page_6,572.6,187.4,1013.0
10416922,stimulus_Arg_PISACowsMilk_10_page_6,572.3,187.3,1014.0
10416923,stimulus_Arg_PISACowsMilk_10_page_6,572.0,187.1,1014.0
10416924,stimulus_Arg_PISACowsMilk_10_page_6,572.0,186.9,1014.0
10416925,stimulus_Arg_PISACowsMilk_10_page_6,572.3,186.8,1014.0
10416926,stimulus_Arg_PISACowsMilk_10_page_6,572.7,186.7,1014.0
10416927,stimulus_Arg_PISACowsMilk_10_page_6,573.0,186.8,1014.0
10416928,stimulus_Arg_PISACowsMilk_10_page_6,573.3,186.9,1014.0
10416929,stimulus_Arg_PISACowsMilk_10_page_6,573.6,186.9,1015.0
10416930,stimulus_Arg_PISACowsMilk_10_page_6,573.6,186.9,1015.0
10416931,stimulus_Arg_PISACowsMilk_10_page_6,573.7,186.9,1016.0
10416932,stimulus_Arg_PISACowsMilk_10_page_6,573.7,186.9,1016.0
10416933,stimulus_Arg_PISACowsMilk_10_page_6,573.6,187.0,1016.0
10416934,stimulus_Arg_PISACowsMilk_10_page_6,573.5,187.0,1016.0
10416935,stimulus_Arg_PISACowsMilk_10_page_6,573.8,187.0,1016.0
10416936,stimulus_Arg_PISACowsMilk_10_page_6,574.1,187.1,1016.0
10416937,stimulus_Arg_PISACowsMilk_10_page_6,574.2,187.1,1015.0
10416938,stimulus_Arg_PISACowsMilk_10_page_6,574.0,187.2,1016.0
10416939,stimulus_Arg_PISACowsMilk_10_page_6,573.8,187.0,1017.0
10416940,stimulus_Arg_PISACowsMilk_10_page_6,573.9,186.8,1017.0
10416941,stimulus_Arg_PISACowsMilk_10_page_6,574.1,186.6,1019.0
10416942,stimulus_Arg_PISACowsMilk_10_page_6,574.3,186.6,1020.0
10416943,stimulus_Arg_PISACowsMilk_10_page_6,574.5,186.7,1021.0
10416944,stimulus_Arg_PISACowsMilk_10_page_6,574.6,186.7,1021.0
10416945,stimulus_Arg_PISACowsMilk_10_page_6,574.7,186.8,1021.0
10416946,stimulus_Arg_PISACowsMilk_10_page_6,574.7,186.9,1021.0
10416947,stimulus_Arg_PISACowsMilk_10_page_6,574.5,186.9,1020.0
10416948,stimulus_Arg_PISACowsMilk_10_page_6,574.2,187.0,1020.0
10416949,stimulus_Arg_PISACowsMilk_10_page_6,574.1,186.9,1020.0
10416950,stimulus_Arg_PISACowsMilk_10_page_6,574.1,186.8,1021.0
10416951,stimulus_Arg_PISACowsMilk_10_page_6,574.0,186.6,1021.0
10416952,stimulus_Arg_PISACowsMilk_10_page_6,574.0,186.6,1021.0
10416953,stimulus_Arg_PISACowsMilk_10_page_6,574.0,186.6,1020.0
10416954,stimulus_Arg_PISACowsMilk_10_page_6,574.0,186.6,1020.0
10416955,stimulus_Arg_PISACowsMilk_10_page_6,574.0,186.6,1018.0
10416956,stimulus_Arg_PISACowsMilk_10_page_6,574.0,186.6,1018.0
10416957,stimulus_Arg_PISACowsMilk_10_page_6,573.9,186.5,1018.0
10416958,stimulus_Arg_PISACowsMilk_10_page_6,574.1,186.4,1019.0
10416959,stimulus_Arg_PISACowsMilk_10_page_6,574.3,186.3,1021.0
10416960,stimulus_Arg_PISACowsMilk_10_page_6,574.4,186.4,1021.0
10416961,stimulus_Arg_PISACowsMilk_10_page_6,574.5,186.5,1020.0
10416962,stimulus_Arg_PISACowsMilk_10_page_6,574.8,186.7,1020.0
10416963,stimulus_Arg_PISACowsMilk_10_page_6,575.1,186.7,1020.0
10416964,stimulus_Arg_PISACowsMilk_10_page_6,575.3,186.8,1020.0
10416965,stimulus_Arg_PISACowsMilk_10_page_6,575.2,186.9,1021.0
10416966,stimulus_Arg_PISACowsMilk_10_page_6,575.1,186.9,1022.0
10416967,stimulus_Arg_PISACowsMilk_10_page_6,575.2,186.9,1022.0
10416968,stimulus_Arg_PISACowsMilk_10_page_6,575.2,186.9,1022.0
10416969,stimulus_Arg_PISACowsMilk_10_page_6,575.1,186.9,1022.0
10416970,stimulus_Arg_PISACowsMilk_10_page_6,574.9,186.8,1022.0
10416971,stimulus_Arg_PISACowsMilk_10_page_6,574.7,186.7,1022.0
10416972,stimulus_Arg_PISACowsMilk_10_page_6,574.7,186.6,1022.0
10416973,stimulus_Arg_PISACowsMilk_10_page_6,574.8,186.5,1021.0
10416974,stimulus_Arg_PISACowsMilk_10_page_6,574.8,186.6,1020.0
10416975,stimulus_Arg_PISACowsMilk_10_page_6,574.8,186.6,1020.0
10416976,stimulus_Arg_PISACowsMilk_10_page_6,574.8,186.6,1020.0
10416977,stimulus_Arg_PISACowsMilk_10_page_6,574.7,186.7,1021.0
10416978,stimulus_Arg_PISACowsMilk_10_page_6,574.7,186.6,1021.0
10416979,stimulus_Arg_PISACowsMilk_10_page_6,574.8,186.4,1022.0
10416980,stimulus_Arg_PISACowsMilk_10_page_6,574.9,186.2,1022.0
10416981,stimulus_Arg_PISACowsMilk_10_page_6,575.1,186.2,1022.0
10416982,stimulus_Arg_PISACowsMilk_10_page_6,575.3,186.3,1020.0
10416983,stimulus_Arg_PISACowsMilk_10_page_6,575.5,186.6,1019.0
10416984,stimulus_Arg_PISACowsMilk_10_page_6,575.5,186.7,1020.0
10416985,stimulus_Arg_PISACowsMilk_10_page_6,575.4,186.5,1020.0
10416986,stimulus_Arg_PISACowsMilk_10_page_6,575.4,186.3,1019.0
10416987,stimulus_Arg_PISACowsMilk_10_page_6,575.4,186.2,1019.0
10416988,stimulus_Arg_PISACowsMilk_10_page_6,575.4,186.3,1019.0
10416989,stimulus_Arg_PISACowsMilk_10_page_6,575.4,186.5,1020.0
10416990,stimulus_Arg_PISACowsMilk_10_page_6,575.5,186.4,1020.0
10416991,stimulus_Arg_PISACowsMilk_10_page_6,575.6,186.3,1020.0
10416992,stimulus_Arg_PISACowsMilk_10_page_6,575.6,186.0,1020.0
10416993,stimulus_Arg_PISACowsMilk_10_page_6,575.5,185.8,1019.0
10416994,stimulus_Arg_PISACowsMilk_10_page_6,575.4,186.0,1019.0
10416995,stimulus_Arg_PISACowsMilk_10_page_6,575.4,186.4,1020.0
10416996,stimulus_Arg_PISACowsMilk_10_page_6,575.5,186.8,1020.0
10416997,stimulus_Arg_PISACowsMilk_10_page_6,575.6,186.9,1021.0
10416998,stimulus_Arg_PISACowsMilk_10_page_6,575.8,186.8,1022.0
10416999,stimulus_Arg_PISACowsMilk_10_page_6,575.6,186.6,1023.0
10417000,stimulus_Arg_PISACowsMilk_10_page_6,575.5,186.4,1023.0
10417001,stimulus_Arg_PISACowsMilk_10_page_6,575.4,186.4,1024.0
10417002,stimulus_Arg_PISACowsMilk_10_page_6,575.5,186.4,1024.0
10417003,stimulus_Arg_PISACowsMilk_10_page_6,575.6,186.3,1025.0
10417004,stimulus_Arg_PISACowsMilk_10_page_6,575.5,186.2,1024.0
10417005,stimulus_Arg_PISACowsMilk_10_page_6,575.4,186.2,1022.0
10417006,stimulus_Arg_PISACowsMilk_10_page_6,575.5,186.1,1021.0
10417007,stimulus_Arg_PISACowsMilk_10_page_6,575.6,185.9,1020.0
10417008,stimulus_Arg_PISACowsMilk_10_page_6,575.7,185.6,1019.0
10417009,stimulus_Arg_PISACowsMilk_10_page_6,575.6,185.4,1020.0
10417010,stimulus_Arg_PISACowsMilk_10_page_6,575.6,185.4,1021.0
10417011,stimulus_Arg_PISACowsMilk_10_page_6,575.5,185.3,1022.0
10417012,stimulus_Arg_PISACowsMilk_10_page_6,575.4,185.7,1022.0
10417013,stimulus_Arg_PISACowsMilk_10_page_6,575.3,186.1,1022.0
10417014,stimulus_Arg_PISACowsMilk_10_page_6,575.3,186.6,1023.0
10417015,stimulus_Arg_PISACowsMilk_10_page_6,575.5,186.6,1022.0
10417016,stimulus_Arg_PISACowsMilk_10_page_6,575.8,186.5,1021.0
10417017,stimulus_Arg_PISACowsMilk_10_page_6,576.1,186.4,1020.0
10417018,stimulus_Arg_PISACowsMilk_10_page_6,576.5,186.1,1021.0
10417019,stimulus_Arg_PISACowsMilk_10_page_6,576.9,185.9,1021.0
10417020,stimulus_Arg_PISACowsMilk_10_page_6,577.1,185.6,1022.0
10417021,stimulus_Arg_PISACowsMilk_10_page_6,577.1,185.4,1022.0
10417022,stimulus_Arg_PISACowsMilk_10_page_6,577.0,185.3,1023.0
10417023,stimulus_Arg_PISACowsMilk_10_page_6,577.0,185.3,1023.0
10417024,stimulus_Arg_PISACowsMilk_10_page_6,577.0,185.5,1024.0
10417025,stimulus_Arg_PISACowsMilk_10_page_6,576.5,185.7,1022.0
10417026,stimulus_Arg_PISACowsMilk_10_page_6,575.8,185.9,1021.0
10417027,stimulus_Arg_PISACowsMilk_10_page_6,575.1,185.7,1019.0
10417028,stimulus_Arg_PISACowsMilk_10_page_6,573.7,185.4,1019.0
10417029,stimulus_Arg_PISACowsMilk_10_page_6,571.7,185.1,1019.0
10417030,stimulus_Arg_PISACowsMilk_10_page_6,569.0,185.2,1021.0
10417031,stimulus_Arg_PISACowsMilk_10_page_6,566.6,185.7,1022.0
10417032,stimulus_Arg_PISACowsMilk_10_page_6,564.3,186.1,1023.0
10417033,stimulus_Arg_PISACowsMilk_10_page_6,561.1,186.8,1023.0
10417034,stimulus_Arg_PISACowsMilk_10_page_6,556.0,187.2,1023.0
10417035,stimulus_Arg_PISACowsMilk_10_page_6,549.5,188.2,1023.0
10417036,stimulus_Arg_PISACowsMilk_10_page_6,542.9,189.4,1024.0
10417037,stimulus_Arg_PISACowsMilk_10_page_6,536.9,190.7,1025.0
10417038,stimulus_Arg_PISACowsMilk_10_page_6,531.1,191.8,1026.0
10417039,stimulus_Arg_PISACowsMilk_10_page_6,526.1,192.6,1027.0
10417040,stimulus_Arg_PISACowsMilk_10_page_6,522.6,193.5,1029.0
10417041,stimulus_Arg_PISACowsMilk_10_page_6,520.6,194.2,1030.0
10417042,stimulus_Arg_PISACowsMilk_10_page_6,519.6,195.0,1030.0
10417043,stimulus_Arg_PISACowsMilk_10_page_6,519.3,195.8,1030.0
10417044,stimulus_Arg_PISACowsMilk_10_page_6,519.5,196.3,1029.0
10417045,stimulus_Arg_PISACowsMilk_10_page_6,519.9,196.7,1028.0
10417046,stimulus_Arg_PISACowsMilk_10_page_6,520.6,196.8,1029.0
10417047,stimulus_Arg_PISACowsMilk_10_page_6,522.3,196.7,1029.0
10417048,stimulus_Arg_PISACowsMilk_10_page_6,524.6,196.2,1029.0
10417049,stimulus_Arg_PISACowsMilk_10_page_6,526.8,195.5,1029.0
10417050,stimulus_Arg_PISACowsMilk_10_page_6,528.6,194.9,1030.0
10417051,stimulus_Arg_PISACowsMilk_10_page_6,529.8,194.2,1030.0
10417052,stimulus_Arg_PISACowsMilk_10_page_6,530.9,193.6,1031.0
10417053,stimulus_Arg_PISACowsMilk_10_page_6,531.5,193.0,1031.0
10417054,stimulus_Arg_PISACowsMilk_10_page_6,532.0,192.7,1031.0
10417055,stimulus_Arg_PISACowsMilk_10_page_6,532.3,192.7,1031.0
10417056,stimulus_Arg_PISACowsMilk_10_page_6,532.4,192.6,1031.0
10417057,stimulus_Arg_PISACowsMilk_10_page_6,532.4,192.5,1031.0
10417058,stimulus_Arg_PISACowsMilk_10_page_6,532.4,192.4,1031.0
10417059,stimulus_Arg_PISACowsMilk_10_page_6,532.5,192.4,1031.0
10417060,stimulus_Arg_PISACowsMilk_10_page_6,532.5,192.4,1030.0
10417061,stimulus_Arg_PISACowsMilk_10_page_6,532.6,192.5,1030.0
10417062,stimulus_Arg_PISACowsMilk_10_page_6,532.6,192.9,1030.0
10417063,stimulus_Arg_PISACowsMilk_10_page_6,532.4,193.3,1029.0
10417064,stimulus_Arg_PISACowsMilk_10_page_6,532.1,193.6,1028.0
10417065,stimulus_Arg_PISACowsMilk_10_page_6,531.8,193.5,1028.0
10417066,stimulus_Arg_PISACowsMilk_10_page_6,531.4,193.5,1028.0
10417067,stimulus_Arg_PISACowsMilk_10_page_6,531.2,193.6,1028.0
10417068,stimulus_Arg_PISACowsMilk_10_page_6,531.1,193.6,1028.0
10417069,stimulus_Arg_PISACowsMilk_10_page_6,530.9,193.9,1028.0
10417070,stimulus_Arg_PISACowsMilk_10_page_6,530.6,194.3,1029.0
10417071,stimulus_Arg_PISACowsMilk_10_page_6,530.3,194.5,1029.0
10417072,stimulus_Arg_PISACowsMilk_10_page_6,530.2,194.4,1029.0
10417073,stimulus_Arg_PISACowsMilk_10_page_6,530.3,194.3,1028.0
10417074,stimulus_Arg_PISACowsMilk_10_page_6,530.4,194.4,1028.0
10417075,stimulus_Arg_PISACowsMilk_10_page_6,530.4,194.4,1028.0
10417076,stimulus_Arg_PISACowsMilk_10_page_6,530.3,194.4,1028.0
10417077,stimulus_Arg_PISACowsMilk_10_page_6,530.2,194.4,1028.0
10417078,stimulus_Arg_PISACowsMilk_10_page_6,530.2,194.4,1028.0
10417079,stimulus_Arg_PISACowsMilk_10_page_6,530.3,194.4,1028.0
10417080,stimulus_Arg_PISACowsMilk_10_page_6,530.3,194.4,1029.0
10417081,stimulus_Arg_PISACowsMilk_10_page_6,530.2,194.2,1029.0
10417082,stimulus_Arg_PISACowsMilk_10_page_6,530.0,194.2,1029.0
10417083,stimulus_Arg_PISACowsMilk_10_page_6,530.0,194.2,1029.0
10417084,stimulus_Arg_PISACowsMilk_10_page_6,530.1,194.3,1029.0
10417085,stimulus_Arg_PISACowsMilk_10_page_6,530.3,194.2,1029.0
10417086,stimulus_Arg_PISACowsMilk_10_page_6,530.3,194.1,1029.0
10417087,stimulus_Arg_PISACowsMilk_10_page_6,530.3,193.8,1029.0
10417088,stimulus_Arg_PISACowsMilk_10_page_6,530.3,193.7,1029.0
10417089,stimulus_Arg_PISACowsMilk_10_page_6,530.3,193.5,1029.0
10417090,stimulus_Arg_PISACowsMilk_10_page_6,530.1,193.6,1029.0
10417091,stimulus_Arg_PISACowsMilk_10_page_6,529.7,193.6,1029.0
10417092,stimulus_Arg_PISACowsMilk_10_page_6,529.4,193.5,1029.0
10417093,stimulus_Arg_PISACowsMilk_10_page_6,529.1,193.8,1029.0
10417094,stimulus_Arg_PISACowsMilk_10_page_6,529.1,194.1,1029.0
10417095,stimulus_Arg_PISACowsMilk_10_page_6,529.1,194.4,1029.0
10417096,stimulus_Arg_PISACowsMilk_10_page_6,529.2,194.5,1029.0
10417097,stimulus_Arg_PISACowsMilk_10_page_6,529.2,194.7,1029.0
10417098,stimulus_Arg_PISACowsMilk_10_page_6,529.2,194.7,1030.0
10417099,stimulus_Arg_PISACowsMilk_10_page_6,529.2,194.7,1030.0
10417100,stimulus_Arg_PISACowsMilk_10_page_6,529.3,194.6,1030.0
10417101,stimulus_Arg_PISACowsMilk_10_page_6,529.3,194.4,1029.0
10417102,stimulus_Arg_PISACowsMilk_10_page_6,529.2,194.1,1030.0
10417103,stimulus_Arg_PISACowsMilk_10_page_6,528.9,194.1,1031.0
10417104,stimulus_Arg_PISACowsMilk_10_page_6,528.7,194.1,1031.0
10417105,stimulus_Arg_PISACowsMilk_10_page_6,528.5,194.1,1031.0
10417106,stimulus_Arg_PISACowsMilk_10_page_6,528.6,194.1,1031.0
10417107,stimulus_Arg_PISACowsMilk_10_page_6,528.7,194.1,1031.0
10417108,stimulus_Arg_PISACowsMilk_10_page_6,528.9,193.9,1032.0
10417109,stimulus_Arg_PISACowsMilk_10_page_6,529.0,193.6,1033.0
10417110,stimulus_Arg_PISACowsMilk_10_page_6,529.0,193.3,1034.0
10417111,stimulus_Arg_PISACowsMilk_10_page_6,529.0,193.3,1034.0
10417112,stimulus_Arg_PISACowsMilk_10_page_6,529.0,193.4,1033.0
10417113,stimulus_Arg_PISACowsMilk_10_page_6,528.9,193.5,1032.0
10417114,stimulus_Arg_PISACowsMilk_10_page_6,528.9,193.7,1032.0
10417115,stimulus_Arg_PISACowsMilk_10_page_6,528.8,193.8,1031.0
10417116,stimulus_Arg_PISACowsMilk_10_page_6,528.8,194.1,1030.0
10417117,stimulus_Arg_PISACowsMilk_10_page_6,528.9,194.2,1029.0
10417118,stimulus_Arg_PISACowsMilk_10_page_6,529.0,194.2,1030.0
10417119,stimulus_Arg_PISACowsMilk_10_page_6,529.2,194.2,1031.0
10417120,stimulus_Arg_PISACowsMilk_10_page_6,529.4,193.8,1031.0
10417121,stimulus_Arg_PISACowsMilk_10_page_6,529.5,193.6,1032.0
10417122,stimulus_Arg_PISACowsMilk_10_page_6,529.3,193.4,1032.0
10417123,stimulus_Arg_PISACowsMilk_10_page_6,529.2,193.3,1032.0
10417124,stimulus_Arg_PISACowsMilk_10_page_6,529.4,193.3,1031.0
10417125,stimulus_Arg_PISACowsMilk_10_page_6,529.7,193.3,1031.0
10417126,stimulus_Arg_PISACowsMilk_10_page_6,529.8,193.3,1030.0
10417127,stimulus_Arg_PISACowsMilk_10_page_6,529.7,193.3,1029.0
10417128,stimulus_Arg_PISACowsMilk_10_page_6,529.5,193.4,1029.0
10417129,stimulus_Arg_PISACowsMilk_10_page_6,529.5,193.6,1030.0
10417130,stimulus_Arg_PISACowsMilk_10_page_6,529.4,193.8,1030.0
10417131,stimulus_Arg_PISACowsMilk_10_page_6,529.3,193.9,1030.0
10417132,stimulus_Arg_PISACowsMilk_10_page_6,529.2,194.0,1030.0
10417133,stimulus_Arg_PISACowsMilk_10_page_6,529.1,194.1,1030.0
10417134,stimulus_Arg_PISACowsMilk_10_page_6,529.1,194.3,1030.0
10417135,stimulus_Arg_PISACowsMilk_10_page_6,529.1,194.5,1030.0
10417136,stimulus_Arg_PISACowsMilk_10_page_6,528.9,194.3,1031.0
10417137,stimulus_Arg_PISACowsMilk_10_page_6,528.7,193.9,1031.0
10417138,stimulus_Arg_PISACowsMilk_10_page_6,528.9,193.5,1032.0
10417139,stimulus_Arg_PISACowsMilk_10_page_6,529.3,193.4,1033.0
10417140,stimulus_Arg_PISACowsMilk_10_page_6,529.6,193.5,1034.0
10417141,stimulus_Arg_PISACowsMilk_10_page_6,529.6,193.6,1034.0
10417142,stimulus_Arg_PISACowsMilk_10_page_6,529.6,193.5,1034.0
10417143,stimulus_Arg_PISACowsMilk_10_page_6,529.9,193.5,1033.0
10417144,stimulus_Arg_PISACowsMilk_10_page_6,530.2,193.6,1033.0
10417145,stimulus_Arg_PISACowsMilk_10_page_6,530.5,193.6,1032.0
10417146,stimulus_Arg_PISACowsMilk_10_page_6,530.5,193.6,1032.0
10417147,stimulus_Arg_PISACowsMilk_10_page_6,530.2,193.6,1032.0
10417148,stimulus_Arg_PISACowsMilk_10_page_6,529.9,193.5,1032.0
10417149,stimulus_Arg_PISACowsMilk_10_page_6,530.3,193.2,1032.0
10417150,stimulus_Arg_PISACowsMilk_10_page_6,531.1,192.9,1033.0
10417151,stimulus_Arg_PISACowsMilk_10_page_6,531.8,192.5,1034.0
10417152,stimulus_Arg_PISACowsMilk_10_page_6,531.6,192.5,1034.0
10417153,stimulus_Arg_PISACowsMilk_10_page_6,531.4,192.5,1034.0
10417154,stimulus_Arg_PISACowsMilk_10_page_6,531.4,192.6,1034.0
10417155,stimulus_Arg_PISACowsMilk_10_page_6,531.7,192.7,1033.0
10417156,stimulus_Arg_PISACowsMilk_10_page_6,531.7,192.8,1033.0
10417157,stimulus_Arg_PISACowsMilk_10_page_6,531.6,192.9,1034.0
10417158,stimulus_Arg_PISACowsMilk_10_page_6,531.4,193.2,1034.0
10417159,stimulus_Arg_PISACowsMilk_10_page_6,531.2,193.5,1035.0
10417160,stimulus_Arg_PISACowsMilk_10_page_6,530.9,193.6,1035.0
10417161,stimulus_Arg_PISACowsMilk_10_page_6,530.6,193.7,1035.0
10417162,stimulus_Arg_PISACowsMilk_10_page_6,530.4,193.6,1035.0
10417163,stimulus_Arg_PISACowsMilk_10_page_6,530.2,193.5,1035.0
10417164,stimulus_Arg_PISACowsMilk_10_page_6,530.1,193.5,1035.0
10417165,stimulus_Arg_PISACowsMilk_10_page_6,530.3,193.5,1034.0
10417166,stimulus_Arg_PISACowsMilk_10_page_6,530.4,193.5,1034.0
10417167,stimulus_Arg_PISACowsMilk_10_page_6,530.4,193.5,1034.0
10417168,stimulus_Arg_PISACowsMilk_10_page_6,530.4,193.6,1034.0
10417169,stimulus_Arg_PISACowsMilk_10_page_6,530.5,193.5,1034.0
10417170,stimulus_Arg_PISACowsMilk_10_page_6,530.5,193.3,1035.0
10417171,stimulus_Arg_PISACowsMilk_10_page_6,530.5,193.1,1036.0
10417172,stimulus_Arg_PISACowsMilk_10_page_6,530.6,193.2,1036.0
10417173,stimulus_Arg_PISACowsMilk_10_page_6,530.8,193.2,1036.0
10417174,stimulus_Arg_PISACowsMilk_10_page_6,531.0,193.2,1036.0
10417175,stimulus_Arg_PISACowsMilk_10_page_6,531.1,193.1,1036.0
10417176,stimulus_Arg_PISACowsMilk_10_page_6,531.3,193.1,1037.0
10417177,stimulus_Arg_PISACowsMilk_10_page_6,531.6,193.1,1037.0
10417178,stimulus_Arg_PISACowsMilk_10_page_6,531.9,193.2,1037.0
10417179,stimulus_Arg_PISACowsMilk_10_page_6,532.3,193.4,1037.0
10417180,stimulus_Arg_PISACowsMilk_10_page_6,532.5,193.4,1038.0
10417181,stimulus_Arg_PISACowsMilk_10_page_6,532.7,193.5,1038.0
10417182,stimulus_Arg_PISACowsMilk_10_page_6,532.8,193.7,1038.0
10417183,stimulus_Arg_PISACowsMilk_10_page_6,532.9,193.7,1038.0
10417184,stimulus_Arg_PISACowsMilk_10_page_6,532.9,193.7,1038.0
10417185,stimulus_Arg_PISACowsMilk_10_page_6,532.8,193.6,1038.0
10417186,stimulus_Arg_PISACowsMilk_10_page_6,532.6,193.4,1038.0
10417187,stimulus_Arg_PISACowsMilk_10_page_6,532.6,193.3,1038.0
10417188,stimulus_Arg_PISACowsMilk_10_page_6,532.3,193.3,1037.0
10417189,stimulus_Arg_PISACowsMilk_10_page_6,532.0,193.4,1038.0
10417190,stimulus_Arg_PISACowsMilk_10_page_6,532.1,193.6,1038.0
10417191,stimulus_Arg_PISACowsMilk_10_page_6,532.4,193.8,1039.0
10417192,stimulus_Arg_PISACowsMilk_10_page_6,532.7,193.8,1039.0
10417193,stimulus_Arg_PISACowsMilk_10_page_6,532.7,193.8,1039.0
10417194,stimulus_Arg_PISACowsMilk_10_page_6,533.0,193.9,1038.0
10417195,stimulus_Arg_PISACowsMilk_10_page_6,533.3,194.0,1039.0
10417196,stimulus_Arg_PISACowsMilk_10_page_6,533.6,194.1,1039.0
10417197,stimulus_Arg_PISACowsMilk_10_page_6,533.5,194.5,1038.0
10417198,stimulus_Arg_PISACowsMilk_10_page_6,533.7,194.8,1038.0
10417199,stimulus_Arg_PISACowsMilk_10_page_6,534.0,195.2,1040.0
10417200,stimulus_Arg_PISACowsMilk_10_page_6,534.8,195.2,1042.0
10417201,stimulus_Arg_PISACowsMilk_10_page_6,535.6,195.2,1045.0
10417202,stimulus_Arg_PISACowsMilk_10_page_6,537.3,195.0,1045.0
10417203,stimulus_Arg_PISACowsMilk_10_page_6,541.2,194.8,1046.0
10417204,stimulus_Arg_PISACowsMilk_10_page_6,546.9,194.9,1047.0
10417205,stimulus_Arg_PISACowsMilk_10_page_6,555.0,195.2,1048.0
10417206,stimulus_Arg_PISACowsMilk_10_page_6,564.6,195.5,1048.0
10417207,stimulus_Arg_PISACowsMilk_10_page_6,576.6,195.2,1049.0
10417208,stimulus_Arg_PISACowsMilk_10_page_6,588.9,194.8,1049.0
10417209,stimulus_Arg_PISACowsMilk_10_page_6,602.3,194.3,1050.0
10417210,stimulus_Arg_PISACowsMilk_10_page_6,616.0,194.3,1050.0
10417211,stimulus_Arg_PISACowsMilk_10_page_6,629.1,193.6,1051.0
10417212,stimulus_Arg_PISACowsMilk_10_page_6,641.1,193.2,1051.0
10417213,stimulus_Arg_PISACowsMilk_10_page_6,651.6,192.1,1051.0
10417214,stimulus_Arg_PISACowsMilk_10_page_6,661.7,191.8,1051.0
10417215,stimulus_Arg_PISACowsMilk_10_page_6,671.0,191.6,1050.0
10417216,stimulus_Arg_PISACowsMilk_10_page_6,680.1,192.2,1050.0
10417217,stimulus_Arg_PISACowsMilk_10_page_6,688.8,192.1,1048.0
10417218,stimulus_Arg_PISACowsMilk_10_page_6,696.4,191.8,1047.0
10417219,stimulus_Arg_PISACowsMilk_10_page_6,702.8,191.4,1046.0
10417220,stimulus_Arg_PISACowsMilk_10_page_6,707.9,191.0,1044.0
10417221,stimulus_Arg_PISACowsMilk_10_page_6,711.5,190.7,1041.0
10417222,stimulus_Arg_PISACowsMilk_10_page_6,713.6,190.2,1036.0
10417223,stimulus_Arg_PISACowsMilk_10_page_6,714.5,190.0,1032.0
10417224,stimulus_Arg_PISACowsMilk_10_page_6,715.1,190.0,1030.0
10417225,stimulus_Arg_PISACowsMilk_10_page_6,715.4,190.0,1029.0
10417226,stimulus_Arg_PISACowsMilk_10_page_6,715.3,189.9,1030.0
10417227,stimulus_Arg_PISACowsMilk_10_page_6,715.1,189.8,1031.0
10417228,stimulus_Arg_PISACowsMilk_10_page_6,714.4,189.6,1033.0
10417229,stimulus_Arg_PISACowsMilk_10_page_6,713.0,189.3,1033.0
10417230,stimulus_Arg_PISACowsMilk_10_page_6,711.7,189.0,1033.0
10417231,stimulus_Arg_PISACowsMilk_10_page_6,709.7,188.7,1033.0
10417232,stimulus_Arg_PISACowsMilk_10_page_6,707.7,188.7,1034.0
10417233,stimulus_Arg_PISACowsMilk_10_page_6,704.9,188.6,1034.0
10417234,stimulus_Arg_PISACowsMilk_10_page_6,702.7,188.5,1034.0
10417235,stimulus_Arg_PISACowsMilk_10_page_6,700.6,188.5,1034.0
10417236,stimulus_Arg_PISACowsMilk_10_page_6,699.3,188.5,1034.0
10417237,stimulus_Arg_PISACowsMilk_10_page_6,698.3,188.7,1034.0
10417238,stimulus_Arg_PISACowsMilk_10_page_6,698.0,188.9,1035.0
10417239,stimulus_Arg_PISACowsMilk_10_page_6,698.0,189.2,1037.0
10417240,stimulus_Arg_PISACowsMilk_10_page_6,698.3,189.3,1039.0
10417241,stimulus_Arg_PISACowsMilk_10_page_6,699.0,189.5,1042.0
10417242,stimulus_Arg_PISACowsMilk_10_page_6,699.5,190.1,1043.0
10417243,stimulus_Arg_PISACowsMilk_10_page_6,700.6,190.6,1042.0
10417244,stimulus_Arg_PISACowsMilk_10_page_6,701.8,190.9,1041.0
10417245,stimulus_Arg_PISACowsMilk_10_page_6,703.3,191.1,1040.0
10417246,stimulus_Arg_PISACowsMilk_10_page_6,704.8,191.2,1040.0
10417247,stimulus_Arg_PISACowsMilk_10_page_6,705.8,191.3,1040.0
10417248,stimulus_Arg_PISACowsMilk_10_page_6,706.7,191.3,1040.0
10417249,stimulus_Arg_PISACowsMilk_10_page_6,707.2,191.3,1040.0
10417250,stimulus_Arg_PISACowsMilk_10_page_6,707.8,191.6,1040.0
10417251,stimulus_Arg_PISACowsMilk_10_page_6,708.1,191.9,1040.0
10417252,stimulus_Arg_PISACowsMilk_10_page_6,708.3,192.0,1041.0
10417253,stimulus_Arg_PISACowsMilk_10_page_6,708.4,191.9,1042.0
10417254,stimulus_Arg_PISACowsMilk_10_page_6,708.9,191.8,1042.0
10417255,stimulus_Arg_PISACowsMilk_10_page_6,709.3,191.7,1042.0
10417256,stimulus_Arg_PISACowsMilk_10_page_6,709.9,191.7,1041.0
10417257,stimulus_Arg_PISACowsMilk_10_page_6,710.1,191.6,1041.0
10417258,stimulus_Arg_PISACowsMilk_10_page_6,710.3,191.4,1041.0
10417259,stimulus_Arg_PISACowsMilk_10_page_6,710.2,191.2,1042.0
10417260,stimulus_Arg_PISACowsMilk_10_page_6,710.2,191.2,1042.0
10417261,stimulus_Arg_PISACowsMilk_10_page_6,710.5,191.3,1043.0
10417262,stimulus_Arg_PISACowsMilk_10_page_6,710.8,191.2,1043.0
10417263,stimulus_Arg_PISACowsMilk_10_page_6,711.2,191.1,1044.0
10417264,stimulus_Arg_PISACowsMilk_10_page_6,711.0,191.1,1043.0
10417265,stimulus_Arg_PISACowsMilk_10_page_6,710.7,191.2,1041.0
10417266,stimulus_Arg_PISACowsMilk_10_page_6,710.4,191.1,1040.0
10417267,stimulus_Arg_PISACowsMilk_10_page_6,710.2,190.9,1040.0
10417268,stimulus_Arg_PISACowsMilk_10_page_6,709.9,190.8,1040.0
10417269,stimulus_Arg_PISACowsMilk_10_page_6,709.6,190.9,1040.0
10417270,stimulus_Arg_PISACowsMilk_10_page_6,709.4,191.1,1040.0
10417271,stimulus_Arg_PISACowsMilk_10_page_6,709.1,191.1,1040.0
10417272,stimulus_Arg_PISACowsMilk_10_page_6,708.8,191.1,1041.0
10417273,stimulus_Arg_PISACowsMilk_10_page_6,708.6,191.1,1041.0
10417274,stimulus_Arg_PISACowsMilk_10_page_6,708.5,191.0,1041.0
10417275,stimulus_Arg_PISACowsMilk_10_page_6,708.4,191.0,1041.0
10417276,stimulus_Arg_PISACowsMilk_10_page_6,708.3,191.0,1041.0
10417277,stimulus_Arg_PISACowsMilk_10_page_6,708.2,190.9,1041.0
10417278,stimulus_Arg_PISACowsMilk_10_page_6,708.1,191.0,1041.0
10417279,stimulus_Arg_PISACowsMilk_10_page_6,708.1,191.1,1041.0
10417280,stimulus_Arg_PISACowsMilk_10_page_6,707.9,191.2,1041.0
10417281,stimulus_Arg_PISACowsMilk_10_page_6,707.6,191.3,1041.0
10417282,stimulus_Arg_PISACowsMilk_10_page_6,707.3,191.3,1042.0
10417283,stimulus_Arg_PISACowsMilk_10_page_6,707.2,191.3,1042.0
10417284,stimulus_Arg_PISACowsMilk_10_page_6,707.3,191.7,1042.0
10417285,stimulus_Arg_PISACowsMilk_10_page_6,707.5,192.1,1042.0
10417286,stimulus_Arg_PISACowsMilk_10_page_6,707.6,192.4,1042.0
10417287,stimulus_Arg_PISACowsMilk_10_page_6,707.8,192.4,1042.0
10417288,stimulus_Arg_PISACowsMilk_10_page_6,707.9,192.6,1041.0
10417289,stimulus_Arg_PISACowsMilk_10_page_6,708.0,192.8,1041.0
10417290,stimulus_Arg_PISACowsMilk_10_page_6,708.1,192.8,1041.0
10417291,stimulus_Arg_PISACowsMilk_10_page_6,708.0,192.5,1041.0
10417292,stimulus_Arg_PISACowsMilk_10_page_6,707.7,192.3,1040.0
10417293,stimulus_Arg_PISACowsMilk_10_page_6,707.3,192.2,1040.0
10417294,stimulus_Arg_PISACowsMilk_10_page_6,707.0,192.2,1040.0
10417295,stimulus_Arg_PISACowsMilk_10_page_6,706.9,192.1,1040.0
10417296,stimulus_Arg_PISACowsMilk_10_page_6,706.9,191.9,1039.0
10417297,stimulus_Arg_PISACowsMilk_10_page_6,706.9,191.7,1039.0
10417298,stimulus_Arg_PISACowsMilk_10_page_6,706.7,191.4,1039.0
10417299,stimulus_Arg_PISACowsMilk_10_page_6,706.4,191.3,1039.0
10417300,stimulus_Arg_PISACowsMilk_10_page_6,706.1,191.1,1039.0
10417301,stimulus_Arg_PISACowsMilk_10_page_6,705.9,191.0,1039.0
10417302,stimulus_Arg_PISACowsMilk_10_page_6,705.9,191.0,1039.0
10417303,stimulus_Arg_PISACowsMilk_10_page_6,705.9,191.1,1039.0
10417304,stimulus_Arg_PISACowsMilk_10_page_6,705.9,191.3,1039.0
10417305,stimulus_Arg_PISACowsMilk_10_page_6,705.9,191.4,1039.0
10417306,stimulus_Arg_PISACowsMilk_10_page_6,705.8,191.7,1039.0
10417307,stimulus_Arg_PISACowsMilk_10_page_6,705.8,191.9,1039.0
10417308,stimulus_Arg_PISACowsMilk_10_page_6,705.7,192.1,1039.0
10417309,stimulus_Arg_PISACowsMilk_10_page_6,705.7,192.2,1039.0
10417310,stimulus_Arg_PISACowsMilk_10_page_6,705.7,192.2,1039.0
10417311,stimulus_Arg_PISACowsMilk_10_page_6,705.6,192.1,1039.0
10417312,stimulus_Arg_PISACowsMilk_10_page_6,705.6,192.1,1039.0
10417313,stimulus_Arg_PISACowsMilk_10_page_6,705.5,192.1,1039.0
10417314,stimulus_Arg_PISACowsMilk_10_page_6,705.5,192.1,1039.0
10417315,stimulus_Arg_PISACowsMilk_10_page_6,705.5,192.3,1038.0
10417316,stimulus_Arg_PISACowsMilk_10_page_6,705.5,192.4,1037.0
10417317,stimulus_Arg_PISACowsMilk_10_page_6,705.6,192.4,1036.0
10417318,stimulus_Arg_PISACowsMilk_10_page_6,705.7,192.3,1036.0
10417319,stimulus_Arg_PISACowsMilk_10_page_6,705.8,192.1,1036.0
10417320,stimulus_Arg_PISACowsMilk_10_page_6,705.8,192.0,1036.0
10417321,stimulus_Arg_PISACowsMilk_10_page_6,706.0,192.0,1037.0
10417322,stimulus_Arg_PISACowsMilk_10_page_6,706.4,192.1,1038.0
10417323,stimulus_Arg_PISACowsMilk_10_page_6,706.8,192.2,1037.0
10417324,stimulus_Arg_PISACowsMilk_10_page_6,707.0,192.2,1037.0
10417325,stimulus_Arg_PISACowsMilk_10_page_6,706.8,192.2,1036.0
10417326,stimulus_Arg_PISACowsMilk_10_page_6,706.5,192.1,1036.0
10417327,stimulus_Arg_PISACowsMilk_10_page_6,706.2,192.1,1036.0
10417328,stimulus_Arg_PISACowsMilk_10_page_6,706.2,192.0,1036.0
10417329,stimulus_Arg_PISACowsMilk_10_page_6,706.2,191.9,1037.0
10417330,stimulus_Arg_PISACowsMilk_10_page_6,706.2,191.8,1037.0
10417331,stimulus_Arg_PISACowsMilk_10_page_6,706.0,191.7,1038.0
10417332,stimulus_Arg_PISACowsMilk_10_page_6,705.8,191.7,1038.0
10417333,stimulus_Arg_PISACowsMilk_10_page_6,705.7,191.9,1038.0
10417334,stimulus_Arg_PISACowsMilk_10_page_6,705.7,192.1,1038.0
10417335,stimulus_Arg_PISACowsMilk_10_page_6,705.8,192.1,1038.0
10417336,stimulus_Arg_PISACowsMilk_10_page_6,705.9,191.7,1038.0
10417337,stimulus_Arg_PISACowsMilk_10_page_6,706.0,191.4,1038.0
10417338,stimulus_Arg_PISACowsMilk_10_page_6,706.2,191.4,1038.0
10417339,stimulus_Arg_PISACowsMilk_10_page_6,706.4,191.4,1038.0
10417340,stimulus_Arg_PISACowsMilk_10_page_6,706.5,191.4,1038.0
10417341,stimulus_Arg_PISACowsMilk_10_page_6,706.4,191.4,1038.0
10417342,stimulus_Arg_PISACowsMilk_10_page_6,706.3,191.5,1038.0
10417343,stimulus_Arg_PISACowsMilk_10_page_6,706.2,191.5,1038.0
10417344,stimulus_Arg_PISACowsMilk_10_page_6,706.2,191.5,1037.0
10417345,stimulus_Arg_PISACowsMilk_10_page_6,706.0,191.5,1037.0
10417346,stimulus_Arg_PISACowsMilk_10_page_6,705.8,191.5,1037.0
10417347,stimulus_Arg_PISACowsMilk_10_page_6,705.8,191.8,1037.0
10417348,stimulus_Arg_PISACowsMilk_10_page_6,706.0,192.1,1037.0
10417349,stimulus_Arg_PISACowsMilk_10_page_6,706.3,192.3,1037.0
10417350,stimulus_Arg_PISACowsMilk_10_page_6,706.6,192.4,1037.0
10417351,stimulus_Arg_PISACowsMilk_10_page_6,706.8,192.4,1036.0
10417352,stimulus_Arg_PISACowsMilk_10_page_6,707.0,192.4,1036.0
10417353,stimulus_Arg_PISACowsMilk_10_page_6,706.9,192.6,1036.0
10417354,stimulus_Arg_PISACowsMilk_10_page_6,706.5,192.8,1036.0
10417355,stimulus_Arg_PISACowsMilk_10_page_6,706.2,192.9,1036.0
10417356,stimulus_Arg_PISACowsMilk_10_page_6,705.9,192.8,1036.0
10417357,stimulus_Arg_PISACowsMilk_10_page_6,706.0,192.6,1035.0
10417358,stimulus_Arg_PISACowsMilk_10_page_6,706.1,192.4,1036.0
10417359,stimulus_Arg_PISACowsMilk_10_page_6,706.1,192.4,1037.0
10417360,stimulus_Arg_PISACowsMilk_10_page_6,706.1,191.9,1037.0
10417361,stimulus_Arg_PISACowsMilk_10_page_6,706.0,191.5,1037.0
10417362,stimulus_Arg_PISACowsMilk_10_page_6,706.0,191.4,1037.0
10417363,stimulus_Arg_PISACowsMilk_10_page_6,706.0,191.7,1036.0
10417364,stimulus_Arg_PISACowsMilk_10_page_6,706.3,192.0,1035.0
10417365,stimulus_Arg_PISACowsMilk_10_page_6,706.5,192.0,1034.0
10417366,stimulus_Arg_PISACowsMilk_10_page_6,706.8,191.9,1034.0
10417367,stimulus_Arg_PISACowsMilk_10_page_6,707.0,191.9,1034.0
10417368,stimulus_Arg_PISACowsMilk_10_page_6,707.3,191.6,1035.0
10417369,stimulus_Arg_PISACowsMilk_10_page_6,707.4,191.4,1035.0
10417370,stimulus_Arg_PISACowsMilk_10_page_6,707.2,191.3,1035.0
10417371,stimulus_Arg_PISACowsMilk_10_page_6,707.1,191.4,1035.0
10417372,stimulus_Arg_PISACowsMilk_10_page_6,707.1,191.5,1036.0
10417373,stimulus_Arg_PISACowsMilk_10_page_6,707.0,191.5,1036.0
10417374,stimulus_Arg_PISACowsMilk_10_page_6,706.7,191.7,1036.0
10417375,stimulus_Arg_PISACowsMilk_10_page_6,706.4,192.1,1035.0
10417376,stimulus_Arg_PISACowsMilk_10_page_6,706.3,192.6,1034.0
10417377,stimulus_Arg_PISACowsMilk_10_page_6,706.2,192.8,1033.0
10417378,stimulus_Arg_PISACowsMilk_10_page_6,706.2,192.7,1033.0
10417379,stimulus_Arg_PISACowsMilk_10_page_6,706.3,192.6,1033.0
10417380,stimulus_Arg_PISACowsMilk_10_page_6,706.4,192.6,1032.0
10417381,stimulus_Arg_PISACowsMilk_10_page_6,706.3,192.5,1032.0
10417382,stimulus_Arg_PISACowsMilk_10_page_6,706.1,192.5,1032.0
10417383,stimulus_Arg_PISACowsMilk_10_page_6,705.9,192.5,1032.0
10417384,stimulus_Arg_PISACowsMilk_10_page_6,706.0,192.6,1032.0
10417385,stimulus_Arg_PISACowsMilk_10_page_6,706.1,192.5,1032.0
10417386,stimulus_Arg_PISACowsMilk_10_page_6,705.8,192.2,1032.0
10417387,stimulus_Arg_PISACowsMilk_10_page_6,705.5,192.0,1032.0
10417388,stimulus_Arg_PISACowsMilk_10_page_6,705.3,191.9,1032.0
10417389,stimulus_Arg_PISACowsMilk_10_page_6,705.4,191.8,1032.0
10417390,stimulus_Arg_PISACowsMilk_10_page_6,705.4,191.8,1032.0
10417391,stimulus_Arg_PISACowsMilk_10_page_6,705.5,191.9,1032.0
10417392,stimulus_Arg_PISACowsMilk_10_page_6,705.5,192.0,1031.0
10417393,stimulus_Arg_PISACowsMilk_10_page_6,705.6,192.3,1030.0
10417394,stimulus_Arg_PISACowsMilk_10_page_6,705.7,192.8,1029.0
10417395,stimulus_Arg_PISACowsMilk_10_page_6,705.9,193.1,1028.0
10417396,stimulus_Arg_PISACowsMilk_10_page_6,706.0,193.3,1029.0
10417397,stimulus_Arg_PISACowsMilk_10_page_6,706.1,193.1,1029.0
10417398,stimulus_Arg_PISACowsMilk_10_page_6,706.2,193.0,1030.0
10417399,stimulus_Arg_PISACowsMilk_10_page_6,706.0,192.8,1030.0
10417400,stimulus_Arg_PISACowsMilk_10_page_6,705.8,192.7,1031.0
10417401,stimulus_Arg_PISACowsMilk_10_page_6,705.6,192.8,1031.0
10417402,stimulus_Arg_PISACowsMilk_10_page_6,705.7,192.9,1030.0
10417403,stimulus_Arg_PISACowsMilk_10_page_6,705.7,193.0,1029.0
10417404,stimulus_Arg_PISACowsMilk_10_page_6,705.6,193.1,1029.0
10417405,stimulus_Arg_PISACowsMilk_10_page_6,705.6,193.3,1030.0
10417406,stimulus_Arg_PISACowsMilk_10_page_6,705.6,193.6,1030.0
10417407,stimulus_Arg_PISACowsMilk_10_page_6,705.8,193.7,1030.0
10417408,stimulus_Arg_PISACowsMilk_10_page_6,705.9,193.9,1029.0
10417409,stimulus_Arg_PISACowsMilk_10_page_6,705.9,193.9,1029.0
10417410,stimulus_Arg_PISACowsMilk_10_page_6,705.9,193.9,1029.0
10417411,stimulus_Arg_PISACowsMilk_10_page_6,705.9,193.8,1029.0
10417412,stimulus_Arg_PISACowsMilk_10_page_6,706.1,193.7,1029.0
10417413,stimulus_Arg_PISACowsMilk_10_page_6,706.2,193.7,1029.0
10417414,stimulus_Arg_PISACowsMilk_10_page_6,706.2,193.4,1029.0
10417415,stimulus_Arg_PISACowsMilk_10_page_6,706.3,193.2,1029.0
10417416,stimulus_Arg_PISACowsMilk_10_page_6,706.4,193.0,1030.0
10417417,stimulus_Arg_PISACowsMilk_10_page_6,706.4,192.9,1029.0
10417418,stimulus_Arg_PISACowsMilk_10_page_6,706.3,192.9,1029.0
10417419,stimulus_Arg_PISACowsMilk_10_page_6,706.2,192.8,1028.0
10417420,stimulus_Arg_PISACowsMilk_10_page_6,706.2,192.8,1029.0
10417421,stimulus_Arg_PISACowsMilk_10_page_6,706.2,192.8,1029.0
10417422,stimulus_Arg_PISACowsMilk_10_page_6,706.2,192.8,1029.0
10417423,stimulus_Arg_PISACowsMilk_10_page_6,706.1,192.8,1028.0
10417424,stimulus_Arg_PISACowsMilk_10_page_6,706.2,192.9,1029.0
10417425,stimulus_Arg_PISACowsMilk_10_page_6,706.1,193.3,1029.0
10417426,stimulus_Arg_PISACowsMilk_10_page_6,706.4,193.7,1030.0
10417427,stimulus_Arg_PISACowsMilk_10_page_6,706.7,193.9,1030.0
10417428,stimulus_Arg_PISACowsMilk_10_page_6,707.0,193.8,1028.0
10417429,stimulus_Arg_PISACowsMilk_10_page_6,707.0,194.0,1027.0
10417430,stimulus_Arg_PISACowsMilk_10_page_6,707.0,194.2,1026.0
10417431,stimulus_Arg_PISACowsMilk_10_page_6,707.0,194.5,1027.0
10417432,stimulus_Arg_PISACowsMilk_10_page_6,706.9,194.5,1028.0
10417433,stimulus_Arg_PISACowsMilk_10_page_6,706.8,194.5,1029.0
10417434,stimulus_Arg_PISACowsMilk_10_page_6,706.7,194.1,1028.0
10417435,stimulus_Arg_PISACowsMilk_10_page_6,706.1,193.7,1028.0
10417436,stimulus_Arg_PISACowsMilk_10_page_6,705.5,193.3,1027.0
10417437,stimulus_Arg_PISACowsMilk_10_page_6,704.5,193.2,1026.0
10417438,stimulus_Arg_PISACowsMilk_10_page_6,702.6,193.0,1025.0
10417439,stimulus_Arg_PISACowsMilk_10_page_6,699.0,192.9,1024.0
10417440,stimulus_Arg_PISACowsMilk_10_page_6,694.3,192.7,1025.0
10417441,stimulus_Arg_PISACowsMilk_10_page_6,689.9,192.6,1026.0
10417442,stimulus_Arg_PISACowsMilk_10_page_6,686.8,193.0,1027.0
10417443,stimulus_Arg_PISACowsMilk_10_page_6,683.9,193.4,1025.0
10417444,stimulus_Arg_PISACowsMilk_10_page_6,679.8,193.6,1024.0
10417445,stimulus_Arg_PISACowsMilk_10_page_6,675.0,193.1,1024.0
10417446,stimulus_Arg_PISACowsMilk_10_page_6,670.6,192.9,1025.0
10417447,stimulus_Arg_PISACowsMilk_10_page_6,667.9,193.1,1027.0
10417448,stimulus_Arg_PISACowsMilk_10_page_6,666.5,193.2,1029.0
10417449,stimulus_Arg_PISACowsMilk_10_page_6,665.9,193.4,1031.0
10417450,stimulus_Arg_PISACowsMilk_10_page_6,665.9,193.6,1032.0
10417451,stimulus_Arg_PISACowsMilk_10_page_6,666.6,193.8,1032.0
10417452,stimulus_Arg_PISACowsMilk_10_page_6,667.7,193.8,1032.0
10417453,stimulus_Arg_PISACowsMilk_10_page_6,669.2,193.7,1031.0
10417454,stimulus_Arg_PISACowsMilk_10_page_6,670.1,193.7,1029.0
10417455,stimulus_Arg_PISACowsMilk_10_page_6,671.0,193.7,1028.0
10417456,stimulus_Arg_PISACowsMilk_10_page_6,671.7,193.7,1029.0
10417457,stimulus_Arg_PISACowsMilk_10_page_6,672.7,193.8,1030.0
10417458,stimulus_Arg_PISACowsMilk_10_page_6,673.2,193.8,1031.0
10417459,stimulus_Arg_PISACowsMilk_10_page_6,673.7,193.8,1031.0
10417460,stimulus_Arg_PISACowsMilk_10_page_6,673.9,193.7,1031.0
10417461,stimulus_Arg_PISACowsMilk_10_page_6,674.0,193.6,1031.0
10417462,stimulus_Arg_PISACowsMilk_10_page_6,674.3,193.4,1032.0
10417463,stimulus_Arg_PISACowsMilk_10_page_6,674.5,193.4,1032.0
10417464,stimulus_Arg_PISACowsMilk_10_page_6,674.7,193.4,1032.0
10417465,stimulus_Arg_PISACowsMilk_10_page_6,674.7,193.4,1032.0
10417466,stimulus_Arg_PISACowsMilk_10_page_6,675.0,193.4,1032.0
10417467,stimulus_Arg_PISACowsMilk_10_page_6,675.2,193.6,1031.0
10417468,stimulus_Arg_PISACowsMilk_10_page_6,675.1,193.8,1031.0
10417469,stimulus_Arg_PISACowsMilk_10_page_6,674.7,193.8,1030.0
10417470,stimulus_Arg_PISACowsMilk_10_page_6,674.2,193.6,1030.0
10417471,stimulus_Arg_PISACowsMilk_10_page_6,673.9,193.4,1028.0
10417472,stimulus_Arg_PISACowsMilk_10_page_6,673.6,193.5,1027.0
10417473,stimulus_Arg_PISACowsMilk_10_page_6,673.4,193.5,1025.0
10417474,stimulus_Arg_PISACowsMilk_10_page_6,673.1,193.5,1025.0
10417475,stimulus_Arg_PISACowsMilk_10_page_6,672.9,193.4,1025.0
10417476,stimulus_Arg_PISACowsMilk_10_page_6,672.7,193.2,1025.0
10417477,stimulus_Arg_PISACowsMilk_10_page_6,672.6,193.1,1024.0
10417478,stimulus_Arg_PISACowsMilk_10_page_6,672.6,193.0,1024.0
10417479,stimulus_Arg_PISACowsMilk_10_page_6,672.3,193.0,1024.0
10417480,stimulus_Arg_PISACowsMilk_10_page_6,672.0,193.0,1025.0
10417481,stimulus_Arg_PISACowsMilk_10_page_6,671.6,193.1,1027.0
10417482,stimulus_Arg_PISACowsMilk_10_page_6,671.5,193.2,1028.0
10417483,stimulus_Arg_PISACowsMilk_10_page_6,671.6,193.3,1026.0
10417484,stimulus_Arg_PISACowsMilk_10_page_6,671.8,193.5,1025.0
10417485,stimulus_Arg_PISACowsMilk_10_page_6,671.9,193.6,1023.0
10417486,stimulus_Arg_PISACowsMilk_10_page_6,671.9,193.6,1023.0
10417487,stimulus_Arg_PISACowsMilk_10_page_6,672.1,193.6,1023.0
10417488,stimulus_Arg_PISACowsMilk_10_page_6,672.3,193.6,1023.0
10417489,stimulus_Arg_PISACowsMilk_10_page_6,672.3,193.6,1023.0
10417490,stimulus_Arg_PISACowsMilk_10_page_6,672.2,193.6,1024.0
10417491,stimulus_Arg_PISACowsMilk_10_page_6,672.0,193.3,1026.0
10417492,stimulus_Arg_PISACowsMilk_10_page_6,672.3,193.0,1026.0
10417493,stimulus_Arg_PISACowsMilk_10_page_6,672.4,193.0,1026.0
10417494,stimulus_Arg_PISACowsMilk_10_page_6,672.6,193.3,1025.0
10417495,stimulus_Arg_PISACowsMilk_10_page_6,672.6,193.6,1023.0
10417496,stimulus_Arg_PISACowsMilk_10_page_6,672.5,193.6,1023.0
10417497,stimulus_Arg_PISACowsMilk_10_page_6,672.4,193.7,1024.0
10417498,stimulus_Arg_PISACowsMilk_10_page_6,672.0,193.8,1025.0
10417499,stimulus_Arg_PISACowsMilk_10_page_6,671.9,193.8,1027.0
10417500,stimulus_Arg_PISACowsMilk_10_page_6,671.9,193.9,1027.0
10417501,stimulus_Arg_PISACowsMilk_10_page_6,672.1,194.0,1028.0
10417502,stimulus_Arg_PISACowsMilk_10_page_6,672.4,194.1,1028.0
10417503,stimulus_Arg_PISACowsMilk_10_page_6,672.4,194.2,1027.0
10417504,stimulus_Arg_PISACowsMilk_10_page_6,672.6,194.3,1026.0
10417505,stimulus_Arg_PISACowsMilk_10_page_6,672.9,194.3,1024.0
10417506,stimulus_Arg_PISACowsMilk_10_page_6,673.1,194.3,1023.0
10417507,stimulus_Arg_PISACowsMilk_10_page_6,673.1,194.3,1024.0
10417508,stimulus_Arg_PISACowsMilk_10_page_6,672.9,194.3,1024.0
10417509,stimulus_Arg_PISACowsMilk_10_page_6,672.7,194.3,1025.0
10417510,stimulus_Arg_PISACowsMilk_10_page_6,672.7,194.3,1025.0
10417511,stimulus_Arg_PISACowsMilk_10_page_6,672.7,194.3,1024.0
10417512,stimulus_Arg_PISACowsMilk_10_page_6,672.8,194.4,1024.0
10417513,stimulus_Arg_PISACowsMilk_10_page_6,672.8,194.5,1023.0
10417514,stimulus_Arg_PISACowsMilk_10_page_6,673.2,194.5,1024.0
10417515,stimulus_Arg_PISACowsMilk_10_page_6,673.6,194.5,1024.0
10417516,stimulus_Arg_PISACowsMilk_10_page_6,674.0,194.9,1024.0
10417517,stimulus_Arg_PISACowsMilk_10_page_6,674.0,195.3,1024.0
10417518,stimulus_Arg_PISACowsMilk_10_page_6,673.7,195.7,1025.0
10417519,stimulus_Arg_PISACowsMilk_10_page_6,673.4,195.7,1025.0
10417520,stimulus_Arg_PISACowsMilk_10_page_6,673.1,195.4,1025.0
10417521,stimulus_Arg_PISACowsMilk_10_page_6,673.2,195.1,1025.0
10417522,stimulus_Arg_PISACowsMilk_10_page_6,673.4,194.9,1025.0
10417523,stimulus_Arg_PISACowsMilk_10_page_6,673.4,195.1,1025.0
10417524,stimulus_Arg_PISACowsMilk_10_page_6,673.5,195.4,1026.0
10417525,stimulus_Arg_PISACowsMilk_10_page_6,673.6,195.4,1026.0
10417526,stimulus_Arg_PISACowsMilk_10_page_6,673.9,195.4,1027.0
10417527,stimulus_Arg_PISACowsMilk_10_page_6,674.0,195.4,1026.0
10417528,stimulus_Arg_PISACowsMilk_10_page_6,674.1,195.5,1026.0
10417529,stimulus_Arg_PISACowsMilk_10_page_6,674.1,195.5,1026.0
10417530,stimulus_Arg_PISACowsMilk_10_page_6,674.2,195.4,1026.0
10417531,stimulus_Arg_PISACowsMilk_10_page_6,674.2,195.4,1025.0
10417532,stimulus_Arg_PISACowsMilk_10_page_6,674.2,195.3,1025.0
10417533,stimulus_Arg_PISACowsMilk_10_page_6,674.1,195.4,1025.0
10417534,stimulus_Arg_PISACowsMilk_10_page_6,674.3,195.5,1024.0
10417535,stimulus_Arg_PISACowsMilk_10_page_6,674.7,195.6,1024.0
10417536,stimulus_Arg_PISACowsMilk_10_page_6,675.1,195.8,1024.0
10417537,stimulus_Arg_PISACowsMilk_10_page_6,675.2,196.0,1024.0
10417538,stimulus_Arg_PISACowsMilk_10_page_6,675.2,196.2,1025.0
10417539,stimulus_Arg_PISACowsMilk_10_page_6,675.2,196.1,1025.0
10417540,stimulus_Arg_PISACowsMilk_10_page_6,675.2,196.0,1025.0
10417541,stimulus_Arg_PISACowsMilk_10_page_6,675.3,195.9,1025.0
10417542,stimulus_Arg_PISACowsMilk_10_page_6,675.4,195.8,1025.0
10417543,stimulus_Arg_PISACowsMilk_10_page_6,675.6,195.8,1025.0
10417544,stimulus_Arg_PISACowsMilk_10_page_6,675.6,195.7,1024.0
10417545,stimulus_Arg_PISACowsMilk_10_page_6,675.6,195.8,1024.0
10417546,stimulus_Arg_PISACowsMilk_10_page_6,675.7,195.9,1023.0
10417547,stimulus_Arg_PISACowsMilk_10_page_6,676.0,196.0,1022.0
10417548,stimulus_Arg_PISACowsMilk_10_page_6,676.3,196.1,1021.0
10417549,stimulus_Arg_PISACowsMilk_10_page_6,676.5,196.2,1022.0
10417550,stimulus_Arg_PISACowsMilk_10_page_6,676.6,196.2,1023.0
10417551,stimulus_Arg_PISACowsMilk_10_page_6,676.7,196.2,1023.0
10417552,stimulus_Arg_PISACowsMilk_10_page_6,676.7,196.0,1023.0
10417553,stimulus_Arg_PISACowsMilk_10_page_6,676.7,195.9,1022.0
10417554,stimulus_Arg_PISACowsMilk_10_page_6,676.7,196.0,1022.0
10417555,stimulus_Arg_PISACowsMilk_10_page_6,676.8,196.2,1022.0
10417556,stimulus_Arg_PISACowsMilk_10_page_6,676.8,196.3,1022.0
10417557,stimulus_Arg_PISACowsMilk_10_page_6,676.9,196.2,1022.0
10417558,stimulus_Arg_PISACowsMilk_10_page_6,677.2,196.1,1022.0
10417559,stimulus_Arg_PISACowsMilk_10_page_6,677.4,196.2,1021.0
10417560,stimulus_Arg_PISACowsMilk_10_page_6,677.7,196.3,1021.0
10417561,stimulus_Arg_PISACowsMilk_10_page_6,677.6,196.5,1022.0
10417562,stimulus_Arg_PISACowsMilk_10_page_6,677.6,196.9,1022.0
10417563,stimulus_Arg_PISACowsMilk_10_page_6,677.5,197.1,1022.0
10417564,stimulus_Arg_PISACowsMilk_10_page_6,677.6,197.1,1021.0
10417565,stimulus_Arg_PISACowsMilk_10_page_6,677.9,197.0,1021.0
10417566,stimulus_Arg_PISACowsMilk_10_page_6,678.1,196.8,1021.0
10417567,stimulus_Arg_PISACowsMilk_10_page_6,678.3,196.1,1021.0
10417568,stimulus_Arg_PISACowsMilk_10_page_6,678.5,195.4,1021.0
10417569,stimulus_Arg_PISACowsMilk_10_page_6,678.7,194.6,1021.0
10417570,stimulus_Arg_PISACowsMilk_10_page_6,678.8,194.5,1021.0
10417571,stimulus_Arg_PISACowsMilk_10_page_6,678.7,194.9,1021.0
10417572,stimulus_Arg_PISACowsMilk_10_page_6,678.6,195.6,1021.0
10417573,stimulus_Arg_PISACowsMilk_10_page_6,678.6,196.2,1021.0
10417574,stimulus_Arg_PISACowsMilk_10_page_6,678.6,196.9,1020.0
10417575,stimulus_Arg_PISACowsMilk_10_page_6,678.7,197.7,1019.0
10417576,stimulus_Arg_PISACowsMilk_10_page_6,678.8,198.6,1019.0
10417577,stimulus_Arg_PISACowsMilk_10_page_6,678.9,199.2,1019.0
10417578,stimulus_Arg_PISACowsMilk_10_page_6,678.6,200.0,1020.0
10417579,stimulus_Arg_PISACowsMilk_10_page_6,678.2,201.0,1020.0
10417580,stimulus_Arg_PISACowsMilk_10_page_6,677.9,201.7,1019.0
10417581,stimulus_Arg_PISACowsMilk_10_page_6,678.1,202.2,1020.0
10417582,stimulus_Arg_PISACowsMilk_10_page_6,678.2,202.7,1021.0
10417583,stimulus_Arg_PISACowsMilk_10_page_6,678.2,203.2,1021.0
10417584,stimulus_Arg_PISACowsMilk_10_page_6,677.9,203.6,1020.0
10417585,stimulus_Arg_PISACowsMilk_10_page_6,677.5,203.9,1019.0
10417586,stimulus_Arg_PISACowsMilk_10_page_6,677.0,204.6,1018.0
10417587,stimulus_Arg_PISACowsMilk_10_page_6,676.6,205.5,1018.0
10417588,stimulus_Arg_PISACowsMilk_10_page_6,676.5,207.3,1017.0
10417589,stimulus_Arg_PISACowsMilk_10_page_6,676.4,208.7,1017.0
10417590,stimulus_Arg_PISACowsMilk_10_page_6,676.1,210.6,1017.0
10417591,stimulus_Arg_PISACowsMilk_10_page_6,675.6,211.8,1016.0
10417592,stimulus_Arg_PISACowsMilk_10_page_6,674.8,213.1,1016.0
10417593,stimulus_Arg_PISACowsMilk_10_page_6,674.3,213.6,1015.0
10417594,stimulus_Arg_PISACowsMilk_10_page_6,673.8,213.9,1015.0
10417595,stimulus_Arg_PISACowsMilk_10_page_6,673.7,214.0,1015.0
10417596,stimulus_Arg_PISACowsMilk_10_page_6,673.7,214.0,1015.0
10417597,stimulus_Arg_PISACowsMilk_10_page_6,673.8,213.9,1015.0
10417598,stimulus_Arg_PISACowsMilk_10_page_6,674.0,214.1,1014.0
10417599,stimulus_Arg_PISACowsMilk_10_page_6,674.1,214.6,1014.0
10417600,stimulus_Arg_PISACowsMilk_10_page_6,674.0,215.6,1013.0
10417601,stimulus_Arg_PISACowsMilk_10_page_6,674.0,216.2,1014.0
10417602,stimulus_Arg_PISACowsMilk_10_page_6,674.0,215.6,1014.0
10417603,stimulus_Arg_PISACowsMilk_10_page_6,674.2,212.7,1015.0
10417604,stimulus_Arg_PISACowsMilk_10_page_6,674.4,209.8,1016.0
10417605,stimulus_Arg_PISACowsMilk_10_page_6,673.9,210.7,1014.0
10417606,stimulus_Arg_PISACowsMilk_10_page_6,672.4,219.6,1002.0
10417607,stimulus_Arg_PISACowsMilk_10_page_6,670.4,234.7,979.0
10417608,stimulus_Arg_PISACowsMilk_10_page_6,668.2,254.0,947.0
10417609,stimulus_Arg_PISACowsMilk_10_page_6,667.2,274.7,915.0
10417610,stimulus_Arg_PISACowsMilk_10_page_6,666.7,296.4,883.0
10417611,stimulus_Arg_PISACowsMilk_10_page_6,668.7,318.8,850.0
10417612,stimulus_Arg_PISACowsMilk_10_page_6,672.1,340.6,814.0
10417613,stimulus_Arg_PISACowsMilk_10_page_6,677.5,361.1,778.0
10417614,stimulus_Arg_PISACowsMilk_10_page_6,681.0,380.5,743.0
10417615,stimulus_Arg_PISACowsMilk_10_page_6,684.4,399.2,710.0
10417616,stimulus_Arg_PISACowsMilk_10_page_6,686.7,419.2,677.0
10417617,stimulus_Arg_PISACowsMilk_10_page_6,690.4,439.5,641.0
10417618,stimulus_Arg_PISACowsMilk_10_page_6,700.7,456.9,612.0
10417619,stimulus_Arg_PISACowsMilk_10_page_6,712.9,474.8,584.0
10417620,stimulus_Arg_PISACowsMilk_10_page_6,724.2,491.6,558.0
10417621,stimulus_Arg_PISACowsMilk_10_page_6,727.6,510.2,528.0
10417622,stimulus_Arg_PISACowsMilk_10_page_6,728.2,521.3,508.0
10417623,stimulus_Arg_PISACowsMilk_10_page_6,728.3,526.3,500.0
10417624,stimulus_Arg_PISACowsMilk_10_page_6,728.3,526.3,500.0
10417625,stimulus_Arg_PISACowsMilk_10_page_6,661.9,595.9,367.0
10417626,stimulus_Arg_PISACowsMilk_10_page_6,661.9,595.9,367.0
10417627,stimulus_Arg_PISACowsMilk_10_page_6,661.9,595.9,367.0
10417628,stimulus_Arg_PISACowsMilk_10_page_6,661.9,595.9,367.0
10417629,stimulus_Arg_PISACowsMilk_10_page_6,661.9,595.9,367.0
10417630,stimulus_Arg_PISACowsMilk_10_page_6,,,0.0
10417631,stimulus_Arg_PISACowsMilk_10_page_6,,,0.0
10417632,stimulus_Arg_PISACowsMilk_10_page_6,,,0.0
10417633,stimulus_Arg_PISACowsMilk_10_page_6,,,0.0
10417634,stimulus_Arg_PISACowsMilk_10_page_6,,,0.0
10417635,stimulus_Arg_PISACowsMilk_10_page_6,,,0.0
10417636,stimulus_Arg_PISACowsMilk_10_page_6,,,0.0
10417637,stimulus_Arg_PISACowsMilk_10_page_6,,,0.0
10417638,stimulus_Arg_PISACowsMilk_10_page_6,,,0.0
10417639,stimulus_Arg_PISACowsMilk_10_page_6,,,0.0
10417640,stimulus_Arg_PISACowsMilk_10_page_6,,,0.0
10417641,stimulus_Arg_PISACowsMilk_10_page_6,,,0.0
10417642,stimulus_Arg_PISACowsMilk_10_page_6,,,0.0
10417643,stimulus_Arg_PISACowsMilk_10_page_6,,,0.0
10417644,stimulus_Arg_PISACowsMilk_10_page_6,,,0.0
10417645,stimulus_Arg_PISACowsMilk_10_page_6,,,0.0
10417646,stimulus_Arg_PISACowsMilk_10_page_6,689.6,592.8,344.0
10417647,stimulus_Arg_PISACowsMilk_10_page_6,689.6,592.8,344.0
10417648,stimulus_Arg_PISACowsMilk_10_page_6,689.6,592.8,344.0
10417649,stimulus_Arg_PISACowsMilk_10_page_6,712.2,586.0,358.0
10417650,stimulus_Arg_PISACowsMilk_10_page_6,734.8,579.2,372.0
10417651,stimulus_Arg_PISACowsMilk_10_page_6,761.7,561.3,402.0
10417652,stimulus_Arg_PISACowsMilk_10_page_6,765.9,550.4,417.0
10417653,stimulus_Arg_PISACowsMilk_10_page_6,770.5,536.7,434.0
10417654,stimulus_Arg_PISACowsMilk_10_page_6,771.1,528.4,441.0
10417655,stimulus_Arg_PISACowsMilk_10_page_6,757.5,517.5,451.0
10417656,stimulus_Arg_PISACowsMilk_10_page_6,743.9,504.9,466.0
10417657,stimulus_Arg_PISACowsMilk_10_page_6,730.2,494.2,481.0
10417658,stimulus_Arg_PISACowsMilk_10_page_6,731.0,482.0,497.0
10417659,stimulus_Arg_PISACowsMilk_10_page_6,733.7,470.2,515.0
10417660,stimulus_Arg_PISACowsMilk_10_page_6,736.4,457.9,532.0
10417661,stimulus_Arg_PISACowsMilk_10_page_6,736.8,446.3,552.0
10417662,stimulus_Arg_PISACowsMilk_10_page_6,735.3,435.9,567.0
10417663,stimulus_Arg_PISACowsMilk_10_page_6,737.4,424.3,583.0
10417664,stimulus_Arg_PISACowsMilk_10_page_6,741.7,413.2,599.0
10417665,stimulus_Arg_PISACowsMilk_10_page_6,747.0,401.2,617.0
10417666,stimulus_Arg_PISACowsMilk_10_page_6,749.9,390.9,636.0
10417667,stimulus_Arg_PISACowsMilk_10_page_6,752.8,380.9,652.0
10417668,stimulus_Arg_PISACowsMilk_10_page_6,755.6,371.0,671.0
10417669,stimulus_Arg_PISACowsMilk_10_page_6,758.4,361.8,689.0
10417670,stimulus_Arg_PISACowsMilk_10_page_6,761.9,350.7,709.0
10417671,stimulus_Arg_PISACowsMilk_10_page_6,764.6,341.2,727.0
10417672,stimulus_Arg_PISACowsMilk_10_page_6,767.4,331.6,740.0
10417673,stimulus_Arg_PISACowsMilk_10_page_6,770.1,322.9,753.0
10417674,stimulus_Arg_PISACowsMilk_10_page_6,773.5,313.8,766.0
10417675,stimulus_Arg_PISACowsMilk_10_page_6,776.5,305.6,781.0
10417676,stimulus_Arg_PISACowsMilk_10_page_6,779.1,297.5,793.0
10417677,stimulus_Arg_PISACowsMilk_10_page_6,781.2,290.2,803.0
10417678,stimulus_Arg_PISACowsMilk_10_page_6,783.4,283.1,815.0
10417679,stimulus_Arg_PISACowsMilk_10_page_6,785.9,276.4,828.0
10417680,stimulus_Arg_PISACowsMilk_10_page_6,788.3,269.0,840.0
10417681,stimulus_Arg_PISACowsMilk_10_page_6,789.9,261.5,851.0
10417682,stimulus_Arg_PISACowsMilk_10_page_6,791.1,255.5,861.0
10417683,stimulus_Arg_PISACowsMilk_10_page_6,792.2,249.7,869.0
10417684,stimulus_Arg_PISACowsMilk_10_page_6,793.1,244.0,878.0
10417685,stimulus_Arg_PISACowsMilk_10_page_6,793.6,238.4,886.0
10417686,stimulus_Arg_PISACowsMilk_10_page_6,794.5,233.6,896.0
10417687,stimulus_Arg_PISACowsMilk_10_page_6,795.4,229.0,902.0
10417688,stimulus_Arg_PISACowsMilk_10_page_6,796.9,223.7,908.0
10417689,stimulus_Arg_PISACowsMilk_10_page_6,798.0,219.1,914.0
10417690,stimulus_Arg_PISACowsMilk_10_page_6,799.6,215.0,921.0
10417691,stimulus_Arg_PISACowsMilk_10_page_6,801.6,212.0,928.0
10417692,stimulus_Arg_PISACowsMilk_10_page_6,803.8,208.1,935.0
10417693,stimulus_Arg_PISACowsMilk_10_page_6,805.8,204.1,939.0
10417694,stimulus_Arg_PISACowsMilk_10_page_6,808.1,200.0,945.0
10417695,stimulus_Arg_PISACowsMilk_10_page_6,810.2,196.8,951.0
10417696,stimulus_Arg_PISACowsMilk_10_page_6,813.1,194.1,959.0
10417697,stimulus_Arg_PISACowsMilk_10_page_6,815.1,190.8,964.0
10417698,stimulus_Arg_PISACowsMilk_10_page_6,817.0,187.0,970.0
10417699,stimulus_Arg_PISACowsMilk_10_page_6,818.3,183.2,976.0
10417700,stimulus_Arg_PISACowsMilk_10_page_6,819.1,180.9,982.0
10417701,stimulus_Arg_PISACowsMilk_10_page_6,819.8,179.1,986.0
10417702,stimulus_Arg_PISACowsMilk_10_page_6,820.1,178.1,988.0
10417703,stimulus_Arg_PISACowsMilk_10_page_6,820.5,176.9,988.0
10417704,stimulus_Arg_PISACowsMilk_10_page_6,820.5,176.3,989.0
10417705,stimulus_Arg_PISACowsMilk_10_page_6,820.3,176.0,990.0
10417706,stimulus_Arg_PISACowsMilk_10_page_6,819.6,175.9,991.0
10417707,stimulus_Arg_PISACowsMilk_10_page_6,819.0,176.1,991.0
10417708,stimulus_Arg_PISACowsMilk_10_page_6,818.4,176.6,991.0
10417709,stimulus_Arg_PISACowsMilk_10_page_6,818.2,177.5,990.0
10417710,stimulus_Arg_PISACowsMilk_10_page_6,818.0,178.5,990.0
10417711,stimulus_Arg_PISACowsMilk_10_page_6,818.5,179.3,989.0
10417712,stimulus_Arg_PISACowsMilk_10_page_6,819.1,179.7,988.0
10417713,stimulus_Arg_PISACowsMilk_10_page_6,819.7,179.9,989.0
10417714,stimulus_Arg_PISACowsMilk_10_page_6,819.9,179.6,989.0
10417715,stimulus_Arg_PISACowsMilk_10_page_6,820.2,179.3,990.0
10417716,stimulus_Arg_PISACowsMilk_10_page_6,820.5,178.5,990.0
10417717,stimulus_Arg_PISACowsMilk_10_page_6,820.5,177.9,991.0
10417718,stimulus_Arg_PISACowsMilk_10_page_6,820.8,177.1,992.0
10417719,stimulus_Arg_PISACowsMilk_10_page_6,821.1,176.7,994.0
10417720,stimulus_Arg_PISACowsMilk_10_page_6,821.1,176.3,995.0
10417721,stimulus_Arg_PISACowsMilk_10_page_6,820.9,175.9,996.0
10417722,stimulus_Arg_PISACowsMilk_10_page_6,820.7,175.6,996.0
10417723,stimulus_Arg_PISACowsMilk_10_page_6,820.7,175.3,996.0
10417724,stimulus_Arg_PISACowsMilk_10_page_6,820.8,175.1,996.0
10417725,stimulus_Arg_PISACowsMilk_10_page_6,820.8,174.8,995.0
10417726,stimulus_Arg_PISACowsMilk_10_page_6,820.8,174.7,995.0
10417727,stimulus_Arg_PISACowsMilk_10_page_6,820.6,174.6,995.0
10417728,stimulus_Arg_PISACowsMilk_10_page_6,820.2,174.6,995.0
10417729,stimulus_Arg_PISACowsMilk_10_page_6,819.8,174.4,995.0
10417730,stimulus_Arg_PISACowsMilk_10_page_6,819.6,174.2,995.0
10417731,stimulus_Arg_PISACowsMilk_10_page_6,819.4,174.2,994.0
10417732,stimulus_Arg_PISACowsMilk_10_page_6,819.2,174.5,994.0
10417733,stimulus_Arg_PISACowsMilk_10_page_6,819.0,174.8,993.0
10417734,stimulus_Arg_PISACowsMilk_10_page_6,818.7,174.9,993.0
10417735,stimulus_Arg_PISACowsMilk_10_page_6,818.3,174.9,992.0
10417736,stimulus_Arg_PISACowsMilk_10_page_6,818.0,174.8,992.0
10417737,stimulus_Arg_PISACowsMilk_10_page_6,818.0,174.8,993.0
10417738,stimulus_Arg_PISACowsMilk_10_page_6,817.9,174.8,993.0
10417739,stimulus_Arg_PISACowsMilk_10_page_6,817.6,174.8,993.0
10417740,stimulus_Arg_PISACowsMilk_10_page_6,817.3,174.7,993.0
10417741,stimulus_Arg_PISACowsMilk_10_page_6,817.1,174.7,993.0
10417742,stimulus_Arg_PISACowsMilk_10_page_6,817.1,175.0,993.0
10417743,stimulus_Arg_PISACowsMilk_10_page_6,817.0,175.4,992.0
10417744,stimulus_Arg_PISACowsMilk_10_page_6,817.0,175.9,991.0
10417745,stimulus_Arg_PISACowsMilk_10_page_6,817.0,176.0,990.0
10417746,stimulus_Arg_PISACowsMilk_10_page_6,816.9,176.2,989.0
10417747,stimulus_Arg_PISACowsMilk_10_page_6,816.8,176.6,989.0
10417748,stimulus_Arg_PISACowsMilk_10_page_6,816.8,177.1,989.0
10417749,stimulus_Arg_PISACowsMilk_10_page_6,817.0,177.5,989.0
10417750,stimulus_Arg_PISACowsMilk_10_page_6,817.2,177.5,990.0
10417751,stimulus_Arg_PISACowsMilk_10_page_6,817.4,177.6,991.0
10417752,stimulus_Arg_PISACowsMilk_10_page_6,817.4,177.7,991.0
10417753,stimulus_Arg_PISACowsMilk_10_page_6,817.4,177.7,991.0
10417754,stimulus_Arg_PISACowsMilk_10_page_6,817.2,177.9,990.0
10417755,stimulus_Arg_PISACowsMilk_10_page_6,817.0,178.3,990.0
10417756,stimulus_Arg_PISACowsMilk_10_page_6,816.8,178.8,990.0
10417757,stimulus_Arg_PISACowsMilk_10_page_6,816.7,179.2,990.0
10417758,stimulus_Arg_PISACowsMilk_10_page_6,816.7,179.4,990.0
10417759,stimulus_Arg_PISACowsMilk_10_page_6,816.8,179.7,990.0
10417760,stimulus_Arg_PISACowsMilk_10_page_6,816.9,180.1,990.0
10417761,stimulus_Arg_PISACowsMilk_10_page_6,817.3,180.4,990.0
10417762,stimulus_Arg_PISACowsMilk_10_page_6,817.7,180.4,990.0
10417763,stimulus_Arg_PISACowsMilk_10_page_6,818.1,180.1,990.0
10417764,stimulus_Arg_PISACowsMilk_10_page_6,818.3,179.9,990.0
10417765,stimulus_Arg_PISACowsMilk_10_page_6,818.4,179.5,990.0
10417766,stimulus_Arg_PISACowsMilk_10_page_6,818.1,179.3,990.0
10417767,stimulus_Arg_PISACowsMilk_10_page_6,817.9,179.4,989.0
10417768,stimulus_Arg_PISACowsMilk_10_page_6,817.7,179.8,989.0
10417769,stimulus_Arg_PISACowsMilk_10_page_6,817.8,180.1,990.0
10417770,stimulus_Arg_PISACowsMilk_10_page_6,818.1,180.1,990.0
10417771,stimulus_Arg_PISACowsMilk_10_page_6,818.4,180.2,992.0
10417772,stimulus_Arg_PISACowsMilk_10_page_6,818.6,180.2,993.0
10417773,stimulus_Arg_PISACowsMilk_10_page_6,818.6,180.2,994.0
10417774,stimulus_Arg_PISACowsMilk_10_page_6,818.7,180.2,994.0
10417775,stimulus_Arg_PISACowsMilk_10_page_6,818.8,180.2,994.0
10417776,stimulus_Arg_PISACowsMilk_10_page_6,818.9,180.1,993.0
10417777,stimulus_Arg_PISACowsMilk_10_page_6,819.0,180.1,992.0
10417778,stimulus_Arg_PISACowsMilk_10_page_6,819.0,180.0,991.0
10417779,stimulus_Arg_PISACowsMilk_10_page_6,819.1,180.1,992.0
10417780,stimulus_Arg_PISACowsMilk_10_page_6,819.3,180.1,993.0
10417781,stimulus_Arg_PISACowsMilk_10_page_6,819.5,180.1,993.0
10417782,stimulus_Arg_PISACowsMilk_10_page_6,819.7,180.1,994.0
10417783,stimulus_Arg_PISACowsMilk_10_page_6,819.7,180.0,994.0
10417784,stimulus_Arg_PISACowsMilk_10_page_6,819.5,179.9,994.0
10417785,stimulus_Arg_PISACowsMilk_10_page_6,819.4,179.8,993.0
10417786,stimulus_Arg_PISACowsMilk_10_page_6,819.3,179.7,993.0
10417787,stimulus_Arg_PISACowsMilk_10_page_6,819.3,179.7,994.0
10417788,stimulus_Arg_PISACowsMilk_10_page_6,819.2,179.6,995.0
10417789,stimulus_Arg_PISACowsMilk_10_page_6,819.2,179.6,995.0
10417790,stimulus_Arg_PISACowsMilk_10_page_6,819.3,179.6,994.0
10417791,stimulus_Arg_PISACowsMilk_10_page_6,819.3,179.7,994.0
10417792,stimulus_Arg_PISACowsMilk_10_page_6,819.3,179.7,995.0
10417793,stimulus_Arg_PISACowsMilk_10_page_6,819.4,179.5,995.0
10417794,stimulus_Arg_PISACowsMilk_10_page_6,819.5,179.3,995.0
10417795,stimulus_Arg_PISACowsMilk_10_page_6,819.4,179.0,994.0
10417796,stimulus_Arg_PISACowsMilk_10_page_6,819.2,179.0,993.0
10417797,stimulus_Arg_PISACowsMilk_10_page_6,819.1,179.4,993.0
10417798,stimulus_Arg_PISACowsMilk_10_page_6,819.1,179.8,992.0
10417799,stimulus_Arg_PISACowsMilk_10_page_6,819.2,180.3,992.0
10417800,stimulus_Arg_PISACowsMilk_10_page_6,819.3,180.6,992.0
10417801,stimulus_Arg_PISACowsMilk_10_page_6,819.4,180.8,993.0
10417802,stimulus_Arg_PISACowsMilk_10_page_6,819.5,180.9,993.0
10417803,stimulus_Arg_PISACowsMilk_10_page_6,819.5,181.0,993.0
10417804,stimulus_Arg_PISACowsMilk_10_page_6,819.4,181.1,992.0
10417805,stimulus_Arg_PISACowsMilk_10_page_6,819.3,181.2,992.0
10417806,stimulus_Arg_PISACowsMilk_10_page_6,819.2,181.2,991.0
10417807,stimulus_Arg_PISACowsMilk_10_page_6,819.1,181.2,991.0
10417808,stimulus_Arg_PISACowsMilk_10_page_6,818.9,181.2,991.0
10417809,stimulus_Arg_PISACowsMilk_10_page_6,818.7,181.3,992.0
10417810,stimulus_Arg_PISACowsMilk_10_page_6,818.8,181.4,991.0
10417811,stimulus_Arg_PISACowsMilk_10_page_6,819.0,181.6,990.0
10417812,stimulus_Arg_PISACowsMilk_10_page_6,819.0,181.8,989.0
10417813,stimulus_Arg_PISACowsMilk_10_page_6,818.9,181.9,990.0
10417814,stimulus_Arg_PISACowsMilk_10_page_6,818.7,181.8,990.0
10417815,stimulus_Arg_PISACowsMilk_10_page_6,818.7,181.7,989.0
10417816,stimulus_Arg_PISACowsMilk_10_page_6,818.7,181.5,989.0
10417817,stimulus_Arg_PISACowsMilk_10_page_6,818.7,181.4,988.0
10417818,stimulus_Arg_PISACowsMilk_10_page_6,818.5,180.7,988.0
10417819,stimulus_Arg_PISACowsMilk_10_page_6,818.4,180.1,987.0
10417820,stimulus_Arg_PISACowsMilk_10_page_6,818.2,179.6,987.0
10417821,stimulus_Arg_PISACowsMilk_10_page_6,818.3,179.5,986.0
10417822,stimulus_Arg_PISACowsMilk_10_page_6,818.3,179.4,986.0
10417823,stimulus_Arg_PISACowsMilk_10_page_6,818.0,179.3,985.0
10417824,stimulus_Arg_PISACowsMilk_10_page_6,817.6,179.2,985.0
10417825,stimulus_Arg_PISACowsMilk_10_page_6,817.3,179.2,984.0
10417826,stimulus_Arg_PISACowsMilk_10_page_6,817.5,179.2,982.0
10417827,stimulus_Arg_PISACowsMilk_10_page_6,817.8,179.2,981.0
10417828,stimulus_Arg_PISACowsMilk_10_page_6,818.2,179.7,981.0
10417829,stimulus_Arg_PISACowsMilk_10_page_6,818.3,180.8,980.0
10417830,stimulus_Arg_PISACowsMilk_10_page_6,818.3,182.3,979.0
10417831,stimulus_Arg_PISACowsMilk_10_page_6,818.4,183.7,977.0
10417832,stimulus_Arg_PISACowsMilk_10_page_6,818.4,184.5,977.0
10417833,stimulus_Arg_PISACowsMilk_10_page_6,818.4,184.8,977.0
10417834,stimulus_Arg_PISACowsMilk_10_page_6,818.3,185.5,977.0
10417835,stimulus_Arg_PISACowsMilk_10_page_6,818.1,186.7,976.0
10417836,stimulus_Arg_PISACowsMilk_10_page_6,817.8,188.4,974.0
10417837,stimulus_Arg_PISACowsMilk_10_page_6,816.7,189.5,973.0
10417838,stimulus_Arg_PISACowsMilk_10_page_6,815.1,190.1,970.0
10417839,stimulus_Arg_PISACowsMilk_10_page_6,812.5,190.2,969.0
10417840,stimulus_Arg_PISACowsMilk_10_page_6,809.2,190.6,966.0
10417841,stimulus_Arg_PISACowsMilk_10_page_6,804.1,196.0,958.0
10417842,stimulus_Arg_PISACowsMilk_10_page_6,798.4,206.8,941.0
10417843,stimulus_Arg_PISACowsMilk_10_page_6,792.4,224.3,916.0
10417844,stimulus_Arg_PISACowsMilk_10_page_6,786.3,246.3,880.0
10417845,stimulus_Arg_PISACowsMilk_10_page_6,781.3,272.6,841.0
10417846,stimulus_Arg_PISACowsMilk_10_page_6,779.6,298.7,800.0
10417847,stimulus_Arg_PISACowsMilk_10_page_6,780.4,324.6,763.0
10417848,stimulus_Arg_PISACowsMilk_10_page_6,787.2,350.9,723.0
10417849,stimulus_Arg_PISACowsMilk_10_page_6,792.5,379.8,682.0
10417850,stimulus_Arg_PISACowsMilk_10_page_6,797.5,409.4,638.0
10417851,stimulus_Arg_PISACowsMilk_10_page_6,798.3,439.2,594.0
10417852,stimulus_Arg_PISACowsMilk_10_page_6,805.0,468.9,549.0
10417853,stimulus_Arg_PISACowsMilk_10_page_6,811.3,501.2,502.0
10417854,stimulus_Arg_PISACowsMilk_10_page_6,816.2,523.7,470.0
10417855,stimulus_Arg_PISACowsMilk_10_page_6,815.5,536.5,451.0
10417856,stimulus_Arg_PISACowsMilk_10_page_6,815.5,536.5,451.0
10417857,stimulus_Arg_PISACowsMilk_10_page_6,,,0.0
10417858,stimulus_Arg_PISACowsMilk_10_page_6,,,0.0
10417859,stimulus_Arg_PISACowsMilk_10_page_6,,,0.0
10417860,stimulus_Arg_PISACowsMilk_10_page_6,,,0.0
10417861,stimulus_Arg_PISACowsMilk_10_page_6,,,0.0
10417862,stimulus_Arg_PISACowsMilk_10_page_6,,,0.0
10417863,stimulus_Arg_PISACowsMilk_10_page_6,,,0.0
10417864,stimulus_Arg_PISACowsMilk_10_page_6,,,0.0
10417865,stimulus_Arg_PISACowsMilk_10_page_6,,,0.0
10417866,stimulus_Arg_PISACowsMilk_10_page_6,,,0.0
10417867,stimulus_Arg_PISACowsMilk_10_page_6,,,0.0
10417868,stimulus_Arg_PISACowsMilk_10_page_6,,,0.0
10417869,stimulus_Arg_PISACowsMilk_10_page_6,,,0.0
10417870,stimulus_Arg_PISACowsMilk_10_page_6,,,0.0
10417871,stimulus_Arg_PISACowsMilk_10_page_6,,,0.0
10417872,stimulus_Arg_PISACowsMilk_10_page_6,,,0.0
10417873,stimulus_Arg_PISACowsMilk_10_page_6,,,0.0
10417874,stimulus_Arg_PISACowsMilk_10_page_6,,,0.0
10417875,stimulus_Arg_PISACowsMilk_10_page_6,,,0.0
10417876,stimulus_Arg_PISACowsMilk_10_page_6,,,0.0
10417877,stimulus_Arg_PISACowsMilk_10_page_6,,,0.0
10417878,stimulus_Arg_PISACowsMilk_10_page_6,,,0.0
10417879,stimulus_Arg_PISACowsMilk_10_page_6,,,0.0
10417880,stimulus_Arg_PISACowsMilk_10_page_6,,,0.0
10417881,stimulus_Arg_PISACowsMilk_10_page_6,,,0.0
10417882,stimulus_Arg_PISACowsMilk_10_page_6,,,0.0
10417883,stimulus_Arg_PISACowsMilk_10_page_6,,,0.0
10417884,stimulus_Arg_PISACowsMilk_10_page_6,,,0.0
10417885,stimulus_Arg_PISACowsMilk_10_page_6,,,0.0
10417886,stimulus_Arg_PISACowsMilk_10_page_6,,,0.0
10417887,stimulus_Arg_PISACowsMilk_10_page_6,,,0.0
10417888,stimulus_Arg_PISACowsMilk_10_page_6,,,0.0
10417889,stimulus_Arg_PISACowsMilk_10_page_6,,,0.0
10417890,stimulus_Arg_PISACowsMilk_10_page_6,,,0.0
10417891,stimulus_Arg_PISACowsMilk_10_page_6,,,0.0
10417892,stimulus_Arg_PISACowsMilk_10_page_6,,,0.0
10417893,stimulus_Arg_PISACowsMilk_10_page_6,,,0.0
10417894,stimulus_Arg_PISACowsMilk_10_page_6,,,0.0
10417895,stimulus_Arg_PISACowsMilk_10_page_6,,,0.0
10417896,stimulus_Arg_PISACowsMilk_10_page_6,,,0.0
10417897,stimulus_Arg_PISACowsMilk_10_page_6,,,0.0
10417898,stimulus_Arg_PISACowsMilk_10_page_6,,,0.0
10417899,stimulus_Arg_PISACowsMilk_10_page_6,,,0.0
10417900,stimulus_Arg_PISACowsMilk_10_page_6,,,0.0
10417901,stimulus_Arg_PISACowsMilk_10_page_6,,,0.0
10417902,stimulus_Arg_PISACowsMilk_10_page_6,,,0.0
10417903,stimulus_Arg_PISACowsMilk_10_page_6,,,0.0
10417904,stimulus_Arg_PISACowsMilk_10_page_6,,,0.0
10417905,stimulus_Arg_PISACowsMilk_10_page_6,,,0.0
10417906,stimulus_Arg_PISACowsMilk_10_page_6,,,0.0
10417907,stimulus_Arg_PISACowsMilk_10_page_6,,,0.0
10417908,stimulus_Arg_PISACowsMilk_10_page_6,,,0.0
10417909,stimulus_Arg_PISACowsMilk_10_page_6,,,0.0
10417910,stimulus_Arg_PISACowsMilk_10_page_6,,,0.0
10417911,stimulus_Arg_PISACowsMilk_10_page_6,,,0.0
10417912,stimulus_Arg_PISACowsMilk_10_page_6,,,0.0
10417913,stimulus_Arg_PISACowsMilk_10_page_6,,,0.0
10417914,stimulus_Arg_PISACowsMilk_10_page_6,,,0.0
10417915,stimulus_Arg_PISACowsMilk_10_page_6,,,0.0
10417916,stimulus_Arg_PISACowsMilk_10_page_6,,,0.0
10417917,stimulus_Arg_PISACowsMilk_10_page_6,,,0.0
10417918,stimulus_Arg_PISACowsMilk_10_page_6,,,0.0
10417919,stimulus_Arg_PISACowsMilk_10_page_6,,,0.0
10417920,stimulus_Arg_PISACowsMilk_10_page_6,,,0.0
10417921,stimulus_Arg_PISACowsMilk_10_page_6,,,0.0
10417922,stimulus_Arg_PISACowsMilk_10_page_6,,,0.0
10417923,stimulus_Arg_PISACowsMilk_10_page_6,,,0.0
10417924,stimulus_Arg_PISACowsMilk_10_page_6,,,0.0
10417925,stimulus_Arg_PISACowsMilk_10_page_6,,,0.0
10417926,stimulus_Arg_PISACowsMilk_10_page_6,,,0.0
10417927,stimulus_Arg_PISACowsMilk_10_page_6,,,0.0
10417928,stimulus_Arg_PISACowsMilk_10_page_6,,,0.0
10417929,stimulus_Arg_PISACowsMilk_10_page_6,,,0.0
10417930,stimulus_Arg_PISACowsMilk_10_page_6,,,0.0
10417931,stimulus_Arg_PISACowsMilk_10_page_6,,,0.0
10417932,stimulus_Arg_PISACowsMilk_10_page_6,,,0.0
10417933,stimulus_Arg_PISACowsMilk_10_page_6,,,0.0
10417934,stimulus_Arg_PISACowsMilk_10_page_6,,,0.0
10417935,stimulus_Arg_PISACowsMilk_10_page_6,,,0.0
10417936,stimulus_Arg_PISACowsMilk_10_page_6,,,0.0
10417937,stimulus_Arg_PISACowsMilk_10_page_6,,,0.0
10417938,stimulus_Arg_PISACowsMilk_10_page_6,,,0.0
10417939,stimulus_Arg_PISACowsMilk_10_page_6,,,0.0
10417940,stimulus_Arg_PISACowsMilk_10_page_6,,,0.0
10417941,stimulus_Arg_PISACowsMilk_10_page_6,,,0.0
10417942,stimulus_Arg_PISACowsMilk_10_page_6,,,0.0
10417943,stimulus_Arg_PISACowsMilk_10_page_6,,,0.0
10417944,stimulus_Arg_PISACowsMilk_10_page_6,,,0.0
10417945,stimulus_Arg_PISACowsMilk_10_page_6,,,0.0
10417946,stimulus_Arg_PISACowsMilk_10_page_6,,,0.0
10417947,stimulus_Arg_PISACowsMilk_10_page_6,,,0.0
10417948,stimulus_Arg_PISACowsMilk_10_page_6,,,0.0
10417949,stimulus_Arg_PISACowsMilk_10_page_6,,,0.0
10417950,stimulus_Arg_PISACowsMilk_10_page_6,,,0.0
10417951,stimulus_Arg_PISACowsMilk_10_page_6,,,0.0
10417952,stimulus_Arg_PISACowsMilk_10_page_6,,,0.0
10417953,stimulus_Arg_PISACowsMilk_10_page_6,,,0.0
10417954,stimulus_Arg_PISACowsMilk_10_page_6,,,0.0
10417955,stimulus_Arg_PISACowsMilk_10_page_6,,,0.0
10417956,stimulus_Arg_PISACowsMilk_10_page_6,,,0.0
10417957,stimulus_Arg_PISACowsMilk_10_page_6,,,0.0
10417958,stimulus_Arg_PISACowsMilk_10_page_6,,,0.0
10417959,stimulus_Arg_PISACowsMilk_10_page_6,,,0.0
10417960,stimulus_Arg_PISACowsMilk_10_page_6,,,0.0
10417961,stimulus_Arg_PISACowsMilk_10_page_6,,,0.0
10417962,stimulus_Arg_PISACowsMilk_10_page_6,,,0.0
10417963,stimulus_Arg_PISACowsMilk_10_page_6,882.8,603.8,341.0
10417964,stimulus_Arg_PISACowsMilk_10_page_6,882.8,603.8,341.0
10417965,stimulus_Arg_PISACowsMilk_10_page_6,885.2,597.5,348.0
10417966,stimulus_Arg_PISACowsMilk_10_page_6,890.0,584.1,365.0
10417967,stimulus_Arg_PISACowsMilk_10_page_6,896.4,564.3,392.0
10417968,stimulus_Arg_PISACowsMilk_10_page_6,901.2,544.3,420.0
10417969,stimulus_Arg_PISACowsMilk_10_page_6,905.7,525.4,447.0
10417970,stimulus_Arg_PISACowsMilk_10_page_6,911.0,505.6,474.0
10417971,stimulus_Arg_PISACowsMilk_10_page_6,915.3,486.7,502.0
10417972,stimulus_Arg_PISACowsMilk_10_page_6,917.8,467.8,530.0
10417973,stimulus_Arg_PISACowsMilk_10_page_6,917.4,450.2,558.0
10417974,stimulus_Arg_PISACowsMilk_10_page_6,916.3,432.9,586.0
10417975,stimulus_Arg_PISACowsMilk_10_page_6,915.2,417.2,611.0
10417976,stimulus_Arg_PISACowsMilk_10_page_6,914.8,401.5,636.0
10417977,stimulus_Arg_PISACowsMilk_10_page_6,913.8,388.0,659.0
10417978,stimulus_Arg_PISACowsMilk_10_page_6,913.0,373.5,684.0
10417979,stimulus_Arg_PISACowsMilk_10_page_6,910.9,362.0,704.0
10417980,stimulus_Arg_PISACowsMilk_10_page_6,909.8,349.8,723.0
10417981,stimulus_Arg_PISACowsMilk_10_page_6,908.4,338.9,740.0
10417982,stimulus_Arg_PISACowsMilk_10_page_6,904.8,327.7,755.0
10417983,stimulus_Arg_PISACowsMilk_10_page_6,901.1,317.7,772.0
10417984,stimulus_Arg_PISACowsMilk_10_page_6,896.7,307.1,787.0
10417985,stimulus_Arg_PISACowsMilk_10_page_6,895.3,296.9,806.0
10417986,stimulus_Arg_PISACowsMilk_10_page_6,894.2,286.2,822.0
10417987,stimulus_Arg_PISACowsMilk_10_page_6,894.3,276.3,838.0
10417988,stimulus_Arg_PISACowsMilk_10_page_6,895.2,266.3,851.0
10417989,stimulus_Arg_PISACowsMilk_10_page_6,896.1,256.4,866.0
10417990,stimulus_Arg_PISACowsMilk_10_page_6,896.6,246.9,878.0
10417991,stimulus_Arg_PISACowsMilk_10_page_6,897.2,237.9,893.0
10417992,stimulus_Arg_PISACowsMilk_10_page_6,897.9,230.1,906.0
10417993,stimulus_Arg_PISACowsMilk_10_page_6,898.6,221.1,920.0
10417994,stimulus_Arg_PISACowsMilk_10_page_6,899.1,213.4,932.0
10417995,stimulus_Arg_PISACowsMilk_10_page_6,899.7,205.2,941.0
10417996,stimulus_Arg_PISACowsMilk_10_page_6,899.3,199.3,950.0
10417997,stimulus_Arg_PISACowsMilk_10_page_6,899.0,193.5,958.0
10417998,stimulus_Arg_PISACowsMilk_10_page_6,898.5,188.2,968.0
10417999,stimulus_Arg_PISACowsMilk_10_page_6,898.0,184.4,975.0
10418000,stimulus_Arg_PISACowsMilk_10_page_6,897.3,181.6,980.0
10418001,stimulus_Arg_PISACowsMilk_10_page_6,896.4,179.5,983.0
10418002,stimulus_Arg_PISACowsMilk_10_page_6,896.1,177.4,985.0
10418003,stimulus_Arg_PISACowsMilk_10_page_6,896.0,175.5,987.0
10418004,stimulus_Arg_PISACowsMilk_10_page_6,896.2,175.2,989.0
10418005,stimulus_Arg_PISACowsMilk_10_page_6,896.6,175.7,988.0
10418006,stimulus_Arg_PISACowsMilk_10_page_6,897.0,176.8,986.0
10418007,stimulus_Arg_PISACowsMilk_10_page_6,897.0,179.1,984.0
10418008,stimulus_Arg_PISACowsMilk_10_page_6,896.8,181.4,984.0
10418009,stimulus_Arg_PISACowsMilk_10_page_6,896.7,183.9,984.0
10418010,stimulus_Arg_PISACowsMilk_10_page_6,896.7,185.3,984.0
10418011,stimulus_Arg_PISACowsMilk_10_page_6,896.7,186.1,983.0
10418012,stimulus_Arg_PISACowsMilk_10_page_6,896.9,186.3,982.0
10418013,stimulus_Arg_PISACowsMilk_10_page_6,896.9,187.0,980.0
10418014,stimulus_Arg_PISACowsMilk_10_page_6,896.9,187.6,979.0
10418015,stimulus_Arg_PISACowsMilk_10_page_6,896.8,188.1,980.0
10418016,stimulus_Arg_PISACowsMilk_10_page_6,896.7,188.0,980.0
10418017,stimulus_Arg_PISACowsMilk_10_page_6,896.7,187.9,982.0
10418018,stimulus_Arg_PISACowsMilk_10_page_6,896.7,187.6,984.0
10418019,stimulus_Arg_PISACowsMilk_10_page_6,897.0,187.4,985.0
10418020,stimulus_Arg_PISACowsMilk_10_page_6,897.4,187.2,986.0
10418021,stimulus_Arg_PISACowsMilk_10_page_6,897.7,187.1,986.0
10418022,stimulus_Arg_PISACowsMilk_10_page_6,897.8,186.8,986.0
10418023,stimulus_Arg_PISACowsMilk_10_page_6,897.9,186.3,986.0
10418024,stimulus_Arg_PISACowsMilk_10_page_6,898.0,186.0,986.0
10418025,stimulus_Arg_PISACowsMilk_10_page_6,898.0,185.7,986.0
10418026,stimulus_Arg_PISACowsMilk_10_page_6,898.1,185.6,986.0
10418027,stimulus_Arg_PISACowsMilk_10_page_6,898.1,185.5,986.0
10418028,stimulus_Arg_PISACowsMilk_10_page_6,898.4,185.5,986.0
10418029,stimulus_Arg_PISACowsMilk_10_page_6,898.9,185.5,988.0
10418030,stimulus_Arg_PISACowsMilk_10_page_6,899.4,185.3,988.0
10418031,stimulus_Arg_PISACowsMilk_10_page_6,899.6,185.0,989.0
10418032,stimulus_Arg_PISACowsMilk_10_page_6,899.4,184.8,990.0
10418033,stimulus_Arg_PISACowsMilk_10_page_6,899.1,184.7,990.0
10418034,stimulus_Arg_PISACowsMilk_10_page_6,898.9,184.7,990.0
10418035,stimulus_Arg_PISACowsMilk_10_page_6,898.9,184.4,989.0
10418036,stimulus_Arg_PISACowsMilk_10_page_6,899.0,184.2,989.0
10418037,stimulus_Arg_PISACowsMilk_10_page_6,899.2,183.8,989.0
10418038,stimulus_Arg_PISACowsMilk_10_page_6,899.4,183.6,990.0
10418039,stimulus_Arg_PISACowsMilk_10_page_6,899.4,183.4,991.0
10418040,stimulus_Arg_PISACowsMilk_10_page_6,899.3,183.4,990.0
10418041,stimulus_Arg_PISACowsMilk_10_page_6,899.3,183.3,989.0
10418042,stimulus_Arg_PISACowsMilk_10_page_6,899.4,183.3,988.0
10418043,stimulus_Arg_PISACowsMilk_10_page_6,899.4,183.2,988.0
10418044,stimulus_Arg_PISACowsMilk_10_page_6,899.4,183.2,988.0
10418045,stimulus_Arg_PISACowsMilk_10_page_6,899.3,183.2,988.0
10418046,stimulus_Arg_PISACowsMilk_10_page_6,899.1,183.4,988.0
10418047,stimulus_Arg_PISACowsMilk_10_page_6,899.0,183.6,988.0
10418048,stimulus_Arg_PISACowsMilk_10_page_6,899.1,183.8,988.0
10418049,stimulus_Arg_PISACowsMilk_10_page_6,899.2,183.7,988.0
10418050,stimulus_Arg_PISACowsMilk_10_page_6,899.2,183.7,989.0
10418051,stimulus_Arg_PISACowsMilk_10_page_6,899.1,183.7,989.0
10418052,stimulus_Arg_PISACowsMilk_10_page_6,899.1,183.7,989.0
10418053,stimulus_Arg_PISACowsMilk_10_page_6,899.0,183.5,989.0
10418054,stimulus_Arg_PISACowsMilk_10_page_6,899.0,183.4,989.0
10418055,stimulus_Arg_PISACowsMilk_10_page_6,899.0,183.3,989.0
10418056,stimulus_Arg_PISACowsMilk_10_page_6,898.9,183.2,989.0
10418057,stimulus_Arg_PISACowsMilk_10_page_6,898.7,183.2,989.0
10418058,stimulus_Arg_PISACowsMilk_10_page_6,898.5,183.3,989.0
10418059,stimulus_Arg_PISACowsMilk_10_page_6,898.2,183.6,989.0
10418060,stimulus_Arg_PISACowsMilk_10_page_6,898.0,183.9,989.0
10418061,stimulus_Arg_PISACowsMilk_10_page_6,897.8,184.1,989.0
10418062,stimulus_Arg_PISACowsMilk_10_page_6,897.6,184.1,989.0
10418063,stimulus_Arg_PISACowsMilk_10_page_6,897.4,184.5,989.0
10418064,stimulus_Arg_PISACowsMilk_10_page_6,897.3,185.0,989.0
10418065,stimulus_Arg_PISACowsMilk_10_page_6,897.4,185.5,987.0
10418066,stimulus_Arg_PISACowsMilk_10_page_6,897.4,185.6,985.0
10418067,stimulus_Arg_PISACowsMilk_10_page_6,897.2,185.5,984.0
10418068,stimulus_Arg_PISACowsMilk_10_page_6,897.0,185.3,984.0
10418069,stimulus_Arg_PISACowsMilk_10_page_6,896.7,185.1,985.0
10418070,stimulus_Arg_PISACowsMilk_10_page_6,896.5,185.6,986.0
10418071,stimulus_Arg_PISACowsMilk_10_page_6,896.5,186.0,987.0
10418072,stimulus_Arg_PISACowsMilk_10_page_6,896.6,186.1,987.0
10418073,stimulus_Arg_PISACowsMilk_10_page_6,896.4,185.9,987.0
10418074,stimulus_Arg_PISACowsMilk_10_page_6,896.1,185.7,987.0
10418075,stimulus_Arg_PISACowsMilk_10_page_6,895.8,185.9,987.0
10418076,stimulus_Arg_PISACowsMilk_10_page_6,895.8,186.1,986.0
10418077,stimulus_Arg_PISACowsMilk_10_page_6,895.7,186.3,985.0
10418078,stimulus_Arg_PISACowsMilk_10_page_6,895.7,186.3,985.0
10418079,stimulus_Arg_PISACowsMilk_10_page_6,895.7,186.3,987.0
10418080,stimulus_Arg_PISACowsMilk_10_page_6,895.6,186.3,988.0
10418081,stimulus_Arg_PISACowsMilk_10_page_6,895.5,186.4,988.0
10418082,stimulus_Arg_PISACowsMilk_10_page_6,895.4,186.5,988.0
10418083,stimulus_Arg_PISACowsMilk_10_page_6,895.3,186.5,988.0
10418084,stimulus_Arg_PISACowsMilk_10_page_6,895.2,186.4,987.0
10418085,stimulus_Arg_PISACowsMilk_10_page_6,895.1,186.3,987.0
10418086,stimulus_Arg_PISACowsMilk_10_page_6,895.1,186.5,987.0
10418087,stimulus_Arg_PISACowsMilk_10_page_6,895.1,186.8,987.0
10418088,stimulus_Arg_PISACowsMilk_10_page_6,895.1,187.1,987.0
10418089,stimulus_Arg_PISACowsMilk_10_page_6,895.0,187.0,987.0
10418090,stimulus_Arg_PISACowsMilk_10_page_6,895.1,186.9,988.0
10418091,stimulus_Arg_PISACowsMilk_10_page_6,895.1,186.9,988.0
10418092,stimulus_Arg_PISACowsMilk_10_page_6,895.1,187.1,989.0
10418093,stimulus_Arg_PISACowsMilk_10_page_6,895.0,187.1,989.0
10418094,stimulus_Arg_PISACowsMilk_10_page_6,895.1,187.1,989.0
10418095,stimulus_Arg_PISACowsMilk_10_page_6,895.2,187.0,989.0
10418096,stimulus_Arg_PISACowsMilk_10_page_6,895.3,187.3,988.0
10418097,stimulus_Arg_PISACowsMilk_10_page_6,895.4,187.6,988.0
10418098,stimulus_Arg_PISACowsMilk_10_page_6,895.3,187.8,988.0
10418099,stimulus_Arg_PISACowsMilk_10_page_6,895.2,187.8,988.0
10418100,stimulus_Arg_PISACowsMilk_10_page_6,895.3,187.8,988.0
10418101,stimulus_Arg_PISACowsMilk_10_page_6,895.4,187.8,988.0
10418102,stimulus_Arg_PISACowsMilk_10_page_6,895.6,187.7,988.0
10418103,stimulus_Arg_PISACowsMilk_10_page_6,895.6,187.7,988.0
10418104,stimulus_Arg_PISACowsMilk_10_page_6,895.5,187.7,988.0
10418105,stimulus_Arg_PISACowsMilk_10_page_6,895.3,187.9,989.0
10418106,stimulus_Arg_PISACowsMilk_10_page_6,895.1,188.1,989.0
10418107,stimulus_Arg_PISACowsMilk_10_page_6,895.1,188.3,989.0
10418108,stimulus_Arg_PISACowsMilk_10_page_6,895.2,188.3,990.0
10418109,stimulus_Arg_PISACowsMilk_10_page_6,895.4,188.1,990.0
10418110,stimulus_Arg_PISACowsMilk_10_page_6,895.5,187.9,990.0
10418111,stimulus_Arg_PISACowsMilk_10_page_6,895.6,187.8,990.0
10418112,stimulus_Arg_PISACowsMilk_10_page_6,895.6,187.8,990.0
10418113,stimulus_Arg_PISACowsMilk_10_page_6,895.6,187.7,990.0
10418114,stimulus_Arg_PISACowsMilk_10_page_6,895.7,187.7,990.0
10418115,stimulus_Arg_PISACowsMilk_10_page_6,895.8,187.7,990.0
10418116,stimulus_Arg_PISACowsMilk_10_page_6,896.0,187.7,991.0
10418117,stimulus_Arg_PISACowsMilk_10_page_6,896.0,187.7,991.0
10418118,stimulus_Arg_PISACowsMilk_10_page_6,895.8,187.8,991.0
10418119,stimulus_Arg_PISACowsMilk_10_page_6,895.5,187.8,991.0
10418120,stimulus_Arg_PISACowsMilk_10_page_6,895.5,187.8,990.0
10418121,stimulus_Arg_PISACowsMilk_10_page_6,895.6,187.7,989.0
10418122,stimulus_Arg_PISACowsMilk_10_page_6,895.7,187.5,988.0
10418123,stimulus_Arg_PISACowsMilk_10_page_6,895.6,187.4,988.0
10418124,stimulus_Arg_PISACowsMilk_10_page_6,895.4,187.4,988.0
10418125,stimulus_Arg_PISACowsMilk_10_page_6,895.1,187.4,988.0
10418126,stimulus_Arg_PISACowsMilk_10_page_6,895.2,187.4,988.0
10418127,stimulus_Arg_PISACowsMilk_10_page_6,895.5,187.3,988.0
10418128,stimulus_Arg_PISACowsMilk_10_page_6,895.7,187.1,988.0
10418129,stimulus_Arg_PISACowsMilk_10_page_6,895.5,186.9,989.0
10418130,stimulus_Arg_PISACowsMilk_10_page_6,895.4,186.8,989.0
10418131,stimulus_Arg_PISACowsMilk_10_page_6,895.3,186.9,989.0
10418132,stimulus_Arg_PISACowsMilk_10_page_6,895.3,187.1,990.0
10418133,stimulus_Arg_PISACowsMilk_10_page_6,895.5,187.1,990.0
10418134,stimulus_Arg_PISACowsMilk_10_page_6,895.5,187.1,989.0
10418135,stimulus_Arg_PISACowsMilk_10_page_6,895.6,187.0,989.0
10418136,stimulus_Arg_PISACowsMilk_10_page_6,895.5,187.0,989.0
10418137,stimulus_Arg_PISACowsMilk_10_page_6,895.5,187.1,988.0
10418138,stimulus_Arg_PISACowsMilk_10_page_6,895.5,187.1,988.0
10418139,stimulus_Arg_PISACowsMilk_10_page_6,895.5,186.9,989.0
10418140,stimulus_Arg_PISACowsMilk_10_page_6,895.5,186.7,990.0
10418141,stimulus_Arg_PISACowsMilk_10_page_6,895.5,186.5,991.0
10418142,stimulus_Arg_PISACowsMilk_10_page_6,895.6,186.5,991.0
10418143,stimulus_Arg_PISACowsMilk_10_page_6,895.7,186.4,991.0
10418144,stimulus_Arg_PISACowsMilk_10_page_6,895.8,186.4,990.0
10418145,stimulus_Arg_PISACowsMilk_10_page_6,895.8,186.3,990.0
10418146,stimulus_Arg_PISACowsMilk_10_page_6,895.7,186.2,990.0
10418147,stimulus_Arg_PISACowsMilk_10_page_6,895.6,186.1,991.0
10418148,stimulus_Arg_PISACowsMilk_10_page_6,895.7,186.1,991.0
10418149,stimulus_Arg_PISACowsMilk_10_page_6,895.9,186.0,992.0
10418150,stimulus_Arg_PISACowsMilk_10_page_6,896.0,185.9,992.0
10418151,stimulus_Arg_PISACowsMilk_10_page_6,895.9,185.8,992.0
10418152,stimulus_Arg_PISACowsMilk_10_page_6,895.8,186.0,992.0
10418153,stimulus_Arg_PISACowsMilk_10_page_6,895.8,186.2,991.0
10418154,stimulus_Arg_PISACowsMilk_10_page_6,895.6,186.4,991.0
10418155,stimulus_Arg_PISACowsMilk_10_page_6,895.4,186.5,990.0
10418156,stimulus_Arg_PISACowsMilk_10_page_6,895.2,186.7,990.0
10418157,stimulus_Arg_PISACowsMilk_10_page_6,895.2,187.1,990.0
10418158,stimulus_Arg_PISACowsMilk_10_page_6,895.2,187.5,990.0
10418159,stimulus_Arg_PISACowsMilk_10_page_6,895.3,187.4,989.0
10418160,stimulus_Arg_PISACowsMilk_10_page_6,895.3,187.1,989.0
10418161,stimulus_Arg_PISACowsMilk_10_page_6,895.2,186.8,989.0
10418162,stimulus_Arg_PISACowsMilk_10_page_6,895.2,186.9,989.0
10418163,stimulus_Arg_PISACowsMilk_10_page_6,895.2,187.0,989.0
10418164,stimulus_Arg_PISACowsMilk_10_page_6,895.2,187.1,990.0
10418165,stimulus_Arg_PISACowsMilk_10_page_6,895.2,187.1,990.0
10418166,stimulus_Arg_PISACowsMilk_10_page_6,895.2,187.2,990.0
10418167,stimulus_Arg_PISACowsMilk_10_page_6,895.4,187.2,990.0
10418168,stimulus_Arg_PISACowsMilk_10_page_6,895.5,187.1,990.0
10418169,stimulus_Arg_PISACowsMilk_10_page_6,895.7,187.0,990.0
10418170,stimulus_Arg_PISACowsMilk_10_page_6,895.7,186.9,990.0
10418171,stimulus_Arg_PISACowsMilk_10_page_6,895.7,187.0,990.0
10418172,stimulus_Arg_PISACowsMilk_10_page_6,895.7,187.1,990.0
10418173,stimulus_Arg_PISACowsMilk_10_page_6,895.8,187.2,990.0
10418174,stimulus_Arg_PISACowsMilk_10_page_6,895.7,187.1,990.0
10418175,stimulus_Arg_PISACowsMilk_10_page_6,895.7,186.7,990.0
10418176,stimulus_Arg_PISACowsMilk_10_page_6,895.6,186.4,991.0
10418177,stimulus_Arg_PISACowsMilk_10_page_6,895.6,186.1,991.0
10418178,stimulus_Arg_PISACowsMilk_10_page_6,895.6,186.1,992.0
10418179,stimulus_Arg_PISACowsMilk_10_page_6,895.3,185.9,993.0
10418180,stimulus_Arg_PISACowsMilk_10_page_6,895.2,185.8,993.0
10418181,stimulus_Arg_PISACowsMilk_10_page_6,895.1,185.7,993.0
10418182,stimulus_Arg_PISACowsMilk_10_page_6,895.2,185.6,993.0
10418183,stimulus_Arg_PISACowsMilk_10_page_6,895.1,185.7,992.0
10418184,stimulus_Arg_PISACowsMilk_10_page_6,894.9,185.8,992.0
10418185,stimulus_Arg_PISACowsMilk_10_page_6,894.7,185.9,992.0
10418186,stimulus_Arg_PISACowsMilk_10_page_6,894.7,186.0,992.0
10418187,stimulus_Arg_PISACowsMilk_10_page_6,894.8,186.2,992.0
10418188,stimulus_Arg_PISACowsMilk_10_page_6,894.8,186.5,992.0
10418189,stimulus_Arg_PISACowsMilk_10_page_6,894.6,186.7,992.0
10418190,stimulus_Arg_PISACowsMilk_10_page_6,894.5,186.6,993.0
10418191,stimulus_Arg_PISACowsMilk_10_page_6,894.4,186.5,993.0
10418192,stimulus_Arg_PISACowsMilk_10_page_6,894.4,186.5,994.0
10418193,stimulus_Arg_PISACowsMilk_10_page_6,894.4,186.6,994.0
10418194,stimulus_Arg_PISACowsMilk_10_page_6,894.4,187.0,994.0
10418195,stimulus_Arg_PISACowsMilk_10_page_6,894.4,187.5,994.0
10418196,stimulus_Arg_PISACowsMilk_10_page_6,894.4,187.8,993.0
10418197,stimulus_Arg_PISACowsMilk_10_page_6,894.5,187.9,993.0
10418198,stimulus_Arg_PISACowsMilk_10_page_6,894.5,187.8,994.0
10418199,stimulus_Arg_PISACowsMilk_10_page_6,894.4,187.8,994.0
10418200,stimulus_Arg_PISACowsMilk_10_page_6,894.4,187.8,995.0
10418201,stimulus_Arg_PISACowsMilk_10_page_6,894.4,187.8,995.0
10418202,stimulus_Arg_PISACowsMilk_10_page_6,894.3,188.0,996.0
10418203,stimulus_Arg_PISACowsMilk_10_page_6,894.4,188.2,997.0
10418204,stimulus_Arg_PISACowsMilk_10_page_6,894.8,188.4,997.0
10418205,stimulus_Arg_PISACowsMilk_10_page_6,895.2,188.6,997.0
10418206,stimulus_Arg_PISACowsMilk_10_page_6,895.2,188.6,996.0
10418207,stimulus_Arg_PISACowsMilk_10_page_6,895.0,188.4,996.0
10418208,stimulus_Arg_PISACowsMilk_10_page_6,894.8,188.2,996.0
10418209,stimulus_Arg_PISACowsMilk_10_page_6,894.7,187.9,996.0
10418210,stimulus_Arg_PISACowsMilk_10_page_6,894.5,187.9,995.0
10418211,stimulus_Arg_PISACowsMilk_10_page_6,894.3,187.9,996.0
10418212,stimulus_Arg_PISACowsMilk_10_page_6,894.1,187.9,997.0
10418213,stimulus_Arg_PISACowsMilk_10_page_6,894.1,188.0,997.0
10418214,stimulus_Arg_PISACowsMilk_10_page_6,894.1,188.2,997.0
10418215,stimulus_Arg_PISACowsMilk_10_page_6,894.2,188.2,997.0
10418216,stimulus_Arg_PISACowsMilk_10_page_6,894.2,188.1,997.0
10418217,stimulus_Arg_PISACowsMilk_10_page_6,894.2,188.1,997.0
10418218,stimulus_Arg_PISACowsMilk_10_page_6,894.2,188.1,998.0
10418219,stimulus_Arg_PISACowsMilk_10_page_6,894.3,188.0,999.0
10418220,stimulus_Arg_PISACowsMilk_10_page_6,894.3,188.0,999.0
10418221,stimulus_Arg_PISACowsMilk_10_page_6,894.4,187.9,999.0
10418222,stimulus_Arg_PISACowsMilk_10_page_6,894.4,187.8,999.0
10418223,stimulus_Arg_PISACowsMilk_10_page_6,894.6,187.8,998.0
10418224,stimulus_Arg_PISACowsMilk_10_page_6,894.7,187.5,999.0
10418225,stimulus_Arg_PISACowsMilk_10_page_6,894.9,187.4,999.0
10418226,stimulus_Arg_PISACowsMilk_10_page_6,894.9,187.5,999.0
10418227,stimulus_Arg_PISACowsMilk_10_page_6,894.9,187.8,999.0
10418228,stimulus_Arg_PISACowsMilk_10_page_6,895.0,188.1,1000.0
10418229,stimulus_Arg_PISACowsMilk_10_page_6,895.1,188.2,1001.0
10418230,stimulus_Arg_PISACowsMilk_10_page_6,895.2,188.2,1001.0
10418231,stimulus_Arg_PISACowsMilk_10_page_6,895.2,188.2,1000.0
10418232,stimulus_Arg_PISACowsMilk_10_page_6,895.2,188.3,1001.0
10418233,stimulus_Arg_PISACowsMilk_10_page_6,895.1,188.3,1003.0
10418234,stimulus_Arg_PISACowsMilk_10_page_6,895.2,188.2,1004.0
10418235,stimulus_Arg_PISACowsMilk_10_page_6,895.2,188.2,1004.0
10418236,stimulus_Arg_PISACowsMilk_10_page_6,895.3,188.2,1004.0
10418237,stimulus_Arg_PISACowsMilk_10_page_6,895.3,188.2,1005.0
10418238,stimulus_Arg_PISACowsMilk_10_page_6,895.3,188.2,1005.0
10418239,stimulus_Arg_PISACowsMilk_10_page_6,895.2,188.2,1006.0
10418240,stimulus_Arg_PISACowsMilk_10_page_6,895.2,188.1,1006.0
10418241,stimulus_Arg_PISACowsMilk_10_page_6,895.1,188.0,1006.0
10418242,stimulus_Arg_PISACowsMilk_10_page_6,895.2,187.9,1006.0
10418243,stimulus_Arg_PISACowsMilk_10_page_6,895.2,187.7,1006.0
10418244,stimulus_Arg_PISACowsMilk_10_page_6,895.3,187.6,1006.0
10418245,stimulus_Arg_PISACowsMilk_10_page_6,895.2,187.5,1006.0
10418246,stimulus_Arg_PISACowsMilk_10_page_6,895.0,187.4,1007.0
10418247,stimulus_Arg_PISACowsMilk_10_page_6,895.0,187.7,1007.0
10418248,stimulus_Arg_PISACowsMilk_10_page_6,895.1,188.0,1008.0
10418249,stimulus_Arg_PISACowsMilk_10_page_6,895.2,188.1,1008.0
10418250,stimulus_Arg_PISACowsMilk_10_page_6,895.2,187.9,1008.0
10418251,stimulus_Arg_PISACowsMilk_10_page_6,895.2,187.8,1008.0
10418252,stimulus_Arg_PISACowsMilk_10_page_6,895.2,188.0,1008.0
10418253,stimulus_Arg_PISACowsMilk_10_page_6,895.3,188.1,1008.0
10418254,stimulus_Arg_PISACowsMilk_10_page_6,895.5,188.1,1008.0
10418255,stimulus_Arg_PISACowsMilk_10_page_6,895.7,188.1,1008.0
10418256,stimulus_Arg_PISACowsMilk_10_page_6,895.8,188.2,1008.0
10418257,stimulus_Arg_PISACowsMilk_10_page_6,895.8,187.9,1009.0
10418258,stimulus_Arg_PISACowsMilk_10_page_6,895.7,187.5,1010.0
10418259,stimulus_Arg_PISACowsMilk_10_page_6,895.7,187.4,1011.0
10418260,stimulus_Arg_PISACowsMilk_10_page_6,895.6,187.7,1011.0
10418261,stimulus_Arg_PISACowsMilk_10_page_6,895.8,187.8,1011.0
10418262,stimulus_Arg_PISACowsMilk_10_page_6,896.0,187.7,1011.0
10418263,stimulus_Arg_PISACowsMilk_10_page_6,896.1,187.7,1011.0
10418264,stimulus_Arg_PISACowsMilk_10_page_6,896.1,187.9,1011.0
10418265,stimulus_Arg_PISACowsMilk_10_page_6,896.0,188.1,1011.0
10418266,stimulus_Arg_PISACowsMilk_10_page_6,896.0,188.2,1011.0
10418267,stimulus_Arg_PISACowsMilk_10_page_6,896.1,188.0,1011.0
10418268,stimulus_Arg_PISACowsMilk_10_page_6,896.1,187.8,1011.0
10418269,stimulus_Arg_PISACowsMilk_10_page_6,896.2,187.7,1012.0
10418270,stimulus_Arg_PISACowsMilk_10_page_6,896.2,187.8,1012.0
10418271,stimulus_Arg_PISACowsMilk_10_page_6,896.1,187.9,1012.0
10418272,stimulus_Arg_PISACowsMilk_10_page_6,896.0,188.0,1012.0
10418273,stimulus_Arg_PISACowsMilk_10_page_6,896.0,188.2,1012.0
10418274,stimulus_Arg_PISACowsMilk_10_page_6,895.8,188.2,1013.0
10418275,stimulus_Arg_PISACowsMilk_10_page_6,895.6,188.2,1013.0
10418276,stimulus_Arg_PISACowsMilk_10_page_6,895.4,188.2,1013.0
10418277,stimulus_Arg_PISACowsMilk_10_page_6,895.6,188.2,1013.0
10418278,stimulus_Arg_PISACowsMilk_10_page_6,896.0,188.2,1014.0
10418279,stimulus_Arg_PISACowsMilk_10_page_6,896.4,188.2,1015.0
10418280,stimulus_Arg_PISACowsMilk_10_page_6,896.6,188.2,1016.0
10418281,stimulus_Arg_PISACowsMilk_10_page_6,896.5,188.2,1017.0
10418282,stimulus_Arg_PISACowsMilk_10_page_6,896.4,188.1,1016.0
10418283,stimulus_Arg_PISACowsMilk_10_page_6,896.3,188.0,1015.0
10418284,stimulus_Arg_PISACowsMilk_10_page_6,896.2,187.8,1015.0
10418285,stimulus_Arg_PISACowsMilk_10_page_6,896.2,187.9,1016.0
10418286,stimulus_Arg_PISACowsMilk_10_page_6,896.2,188.0,1016.0
10418287,stimulus_Arg_PISACowsMilk_10_page_6,896.2,188.2,1016.0
10418288,stimulus_Arg_PISACowsMilk_10_page_6,896.2,188.3,1016.0
10418289,stimulus_Arg_PISACowsMilk_10_page_6,896.2,188.2,1016.0
10418290,stimulus_Arg_PISACowsMilk_10_page_6,896.2,188.2,1017.0
10418291,stimulus_Arg_PISACowsMilk_10_page_6,896.3,188.3,1018.0
10418292,stimulus_Arg_PISACowsMilk_10_page_6,896.3,188.5,1018.0
10418293,stimulus_Arg_PISACowsMilk_10_page_6,896.4,188.8,1018.0
10418294,stimulus_Arg_PISACowsMilk_10_page_6,896.5,188.9,1018.0
10418295,stimulus_Arg_PISACowsMilk_10_page_6,896.3,188.8,1017.0
10418296,stimulus_Arg_PISACowsMilk_10_page_6,896.0,189.1,1017.0
10418297,stimulus_Arg_PISACowsMilk_10_page_6,895.8,189.4,1017.0
10418298,stimulus_Arg_PISACowsMilk_10_page_6,895.9,189.8,1017.0
10418299,stimulus_Arg_PISACowsMilk_10_page_6,896.1,189.9,1018.0
10418300,stimulus_Arg_PISACowsMilk_10_page_6,896.2,189.8,1018.0
10418301,stimulus_Arg_PISACowsMilk_10_page_6,895.9,189.6,1018.0
10418302,stimulus_Arg_PISACowsMilk_10_page_6,895.6,189.3,1019.0
10418303,stimulus_Arg_PISACowsMilk_10_page_6,895.6,189.1,1019.0
10418304,stimulus_Arg_PISACowsMilk_10_page_6,895.9,189.0,1019.0
10418305,stimulus_Arg_PISACowsMilk_10_page_6,896.0,189.1,1019.0
10418306,stimulus_Arg_PISACowsMilk_10_page_6,896.1,188.6,1019.0
10418307,stimulus_Arg_PISACowsMilk_10_page_6,896.0,188.1,1019.0
10418308,stimulus_Arg_PISACowsMilk_10_page_6,896.0,187.7,1019.0
10418309,stimulus_Arg_PISACowsMilk_10_page_6,896.1,187.8,1019.0
10418310,stimulus_Arg_PISACowsMilk_10_page_6,896.3,188.0,1019.0
10418311,stimulus_Arg_PISACowsMilk_10_page_6,896.6,188.1,1019.0
10418312,stimulus_Arg_PISACowsMilk_10_page_6,896.4,188.2,1020.0
10418313,stimulus_Arg_PISACowsMilk_10_page_6,896.0,188.5,1020.0
10418314,stimulus_Arg_PISACowsMilk_10_page_6,895.7,188.7,1021.0
10418315,stimulus_Arg_PISACowsMilk_10_page_6,895.6,188.9,1021.0
10418316,stimulus_Arg_PISACowsMilk_10_page_6,895.6,189.0,1022.0
10418317,stimulus_Arg_PISACowsMilk_10_page_6,895.6,189.0,1021.0
10418318,stimulus_Arg_PISACowsMilk_10_page_6,895.6,188.9,1020.0
10418319,stimulus_Arg_PISACowsMilk_10_page_6,895.6,188.7,1019.0
10418320,stimulus_Arg_PISACowsMilk_10_page_6,895.8,188.7,1019.0
10418321,stimulus_Arg_PISACowsMilk_10_page_6,896.1,188.7,1019.0
10418322,stimulus_Arg_PISACowsMilk_10_page_6,896.3,188.5,1019.0
10418323,stimulus_Arg_PISACowsMilk_10_page_6,896.4,188.4,1019.0
10418324,stimulus_Arg_PISACowsMilk_10_page_6,896.5,188.2,1019.0
10418325,stimulus_Arg_PISACowsMilk_10_page_6,896.6,188.1,1019.0
10418326,stimulus_Arg_PISACowsMilk_10_page_6,896.7,188.0,1019.0
10418327,stimulus_Arg_PISACowsMilk_10_page_6,896.6,188.0,1019.0
10418328,stimulus_Arg_PISACowsMilk_10_page_6,896.2,187.8,1019.0
10418329,stimulus_Arg_PISACowsMilk_10_page_6,895.5,187.5,1019.0
10418330,stimulus_Arg_PISACowsMilk_10_page_6,894.9,187.7,1019.0
10418331,stimulus_Arg_PISACowsMilk_10_page_6,894.8,188.0,1020.0
10418332,stimulus_Arg_PISACowsMilk_10_page_6,895.1,188.3,1021.0
10418333,stimulus_Arg_PISACowsMilk_10_page_6,895.4,188.4,1021.0
10418334,stimulus_Arg_PISACowsMilk_10_page_6,895.6,188.2,1022.0
10418335,stimulus_Arg_PISACowsMilk_10_page_6,895.7,188.1,1022.0
10418336,stimulus_Arg_PISACowsMilk_10_page_6,895.9,187.6,1021.0
10418337,stimulus_Arg_PISACowsMilk_10_page_6,896.0,187.3,1021.0
10418338,stimulus_Arg_PISACowsMilk_10_page_6,896.2,186.9,1021.0
10418339,stimulus_Arg_PISACowsMilk_10_page_6,896.2,186.8,1020.0
10418340,stimulus_Arg_PISACowsMilk_10_page_6,896.3,186.6,1020.0
10418341,stimulus_Arg_PISACowsMilk_10_page_6,896.3,186.6,1019.0
10418342,stimulus_Arg_PISACowsMilk_10_page_6,896.3,186.8,1018.0
10418343,stimulus_Arg_PISACowsMilk_10_page_6,896.0,187.1,1018.0
10418344,stimulus_Arg_PISACowsMilk_10_page_6,895.6,187.4,1018.0
10418345,stimulus_Arg_PISACowsMilk_10_page_6,895.4,187.4,1017.0
10418346,stimulus_Arg_PISACowsMilk_10_page_6,895.6,187.5,1016.0
10418347,stimulus_Arg_PISACowsMilk_10_page_6,895.8,187.6,1016.0
10418348,stimulus_Arg_PISACowsMilk_10_page_6,895.8,187.6,1016.0
10418349,stimulus_Arg_PISACowsMilk_10_page_6,895.8,187.9,1016.0
10418350,stimulus_Arg_PISACowsMilk_10_page_6,895.8,188.1,1016.0
10418351,stimulus_Arg_PISACowsMilk_10_page_6,896.0,188.2,1016.0
10418352,stimulus_Arg_PISACowsMilk_10_page_6,896.1,188.1,1016.0
10418353,stimulus_Arg_PISACowsMilk_10_page_6,896.2,188.2,1016.0
10418354,stimulus_Arg_PISACowsMilk_10_page_6,895.9,188.3,1016.0
10418355,stimulus_Arg_PISACowsMilk_10_page_6,895.7,188.2,1016.0
10418356,stimulus_Arg_PISACowsMilk_10_page_6,895.7,188.0,1014.0
10418357,stimulus_Arg_PISACowsMilk_10_page_6,895.9,187.9,1013.0
10418358,stimulus_Arg_PISACowsMilk_10_page_6,896.0,188.0,1012.0
10418359,stimulus_Arg_PISACowsMilk_10_page_6,896.1,188.1,1012.0
10418360,stimulus_Arg_PISACowsMilk_10_page_6,896.2,188.2,1012.0
10418361,stimulus_Arg_PISACowsMilk_10_page_6,896.3,188.3,1012.0
10418362,stimulus_Arg_PISACowsMilk_10_page_6,896.2,188.3,1012.0
10418363,stimulus_Arg_PISACowsMilk_10_page_6,896.1,188.2,1012.0
10418364,stimulus_Arg_PISACowsMilk_10_page_6,895.9,188.2,1012.0
10418365,stimulus_Arg_PISACowsMilk_10_page_6,895.9,188.2,1011.0
10418366,stimulus_Arg_PISACowsMilk_10_page_6,896.2,188.3,1011.0
10418367,stimulus_Arg_PISACowsMilk_10_page_6,896.6,188.3,1010.0
10418368,stimulus_Arg_PISACowsMilk_10_page_6,897.0,188.2,1010.0
10418369,stimulus_Arg_PISACowsMilk_10_page_6,897.1,188.1,1010.0
10418370,stimulus_Arg_PISACowsMilk_10_page_6,897.1,188.1,1010.0
10418371,stimulus_Arg_PISACowsMilk_10_page_6,897.1,188.1,1010.0
10418372,stimulus_Arg_PISACowsMilk_10_page_6,897.2,188.0,1010.0
10418373,stimulus_Arg_PISACowsMilk_10_page_6,897.2,187.9,1011.0
10418374,stimulus_Arg_PISACowsMilk_10_page_6,897.1,187.8,1011.0
10418375,stimulus_Arg_PISACowsMilk_10_page_6,897.0,187.8,1010.0
10418376,stimulus_Arg_PISACowsMilk_10_page_6,897.0,187.7,1008.0
10418377,stimulus_Arg_PISACowsMilk_10_page_6,897.0,187.4,1006.0
10418378,stimulus_Arg_PISACowsMilk_10_page_6,897.0,187.2,1005.0
10418379,stimulus_Arg_PISACowsMilk_10_page_6,897.0,187.1,1005.0
10418380,stimulus_Arg_PISACowsMilk_10_page_6,897.0,187.2,1005.0
10418381,stimulus_Arg_PISACowsMilk_10_page_6,897.0,187.3,1005.0
10418382,stimulus_Arg_PISACowsMilk_10_page_6,897.1,187.2,1004.0
10418383,stimulus_Arg_PISACowsMilk_10_page_6,897.2,187.1,1003.0
10418384,stimulus_Arg_PISACowsMilk_10_page_6,896.6,186.8,1002.0
10418385,stimulus_Arg_PISACowsMilk_10_page_6,896.0,186.6,1003.0
10418386,stimulus_Arg_PISACowsMilk_10_page_6,894.9,186.5,1003.0
10418387,stimulus_Arg_PISACowsMilk_10_page_6,893.8,186.6,1003.0
10418388,stimulus_Arg_PISACowsMilk_10_page_6,892.1,186.9,1003.0
10418389,stimulus_Arg_PISACowsMilk_10_page_6,890.4,187.3,1003.0
10418390,stimulus_Arg_PISACowsMilk_10_page_6,888.7,188.0,1003.0
10418391,stimulus_Arg_PISACowsMilk_10_page_6,887.0,188.7,1004.0
10418392,stimulus_Arg_PISACowsMilk_10_page_6,885.3,189.6,1004.0
10418393,stimulus_Arg_PISACowsMilk_10_page_6,883.0,190.5,1003.0
10418394,stimulus_Arg_PISACowsMilk_10_page_6,880.3,191.3,1001.0
10418395,stimulus_Arg_PISACowsMilk_10_page_6,876.7,192.4,1000.0
10418396,stimulus_Arg_PISACowsMilk_10_page_6,873.3,193.3,1000.0
10418397,stimulus_Arg_PISACowsMilk_10_page_6,870.0,194.6,1001.0
10418398,stimulus_Arg_PISACowsMilk_10_page_6,868.2,195.5,1003.0
10418399,stimulus_Arg_PISACowsMilk_10_page_6,867.0,196.1,1004.0
10418400,stimulus_Arg_PISACowsMilk_10_page_6,866.5,196.9,1004.0
10418401,stimulus_Arg_PISACowsMilk_10_page_6,866.1,197.5,1005.0
10418402,stimulus_Arg_PISACowsMilk_10_page_6,866.0,198.1,1005.0
10418403,stimulus_Arg_PISACowsMilk_10_page_6,866.2,198.3,1004.0
10418404,stimulus_Arg_PISACowsMilk_10_page_6,866.7,198.4,1003.0
10418405,stimulus_Arg_PISACowsMilk_10_page_6,867.4,198.5,1003.0
10418406,stimulus_Arg_PISACowsMilk_10_page_6,868.6,198.3,1003.0
10418407,stimulus_Arg_PISACowsMilk_10_page_6,869.7,198.0,1004.0
10418408,stimulus_Arg_PISACowsMilk_10_page_6,871.2,197.4,1004.0
10418409,stimulus_Arg_PISACowsMilk_10_page_6,872.1,197.1,1004.0
10418410,stimulus_Arg_PISACowsMilk_10_page_6,872.9,196.8,1004.0
10418411,stimulus_Arg_PISACowsMilk_10_page_6,873.5,196.8,1004.0
10418412,stimulus_Arg_PISACowsMilk_10_page_6,873.9,196.5,1003.0
10418413,stimulus_Arg_PISACowsMilk_10_page_6,874.1,196.0,1001.0
10418414,stimulus_Arg_PISACowsMilk_10_page_6,873.9,195.5,999.0
10418415,stimulus_Arg_PISACowsMilk_10_page_6,873.7,195.2,998.0
10418416,stimulus_Arg_PISACowsMilk_10_page_6,873.6,195.1,998.0
10418417,stimulus_Arg_PISACowsMilk_10_page_6,873.6,195.0,998.0
10418418,stimulus_Arg_PISACowsMilk_10_page_6,873.5,195.0,996.0
10418419,stimulus_Arg_PISACowsMilk_10_page_6,873.3,195.0,995.0
10418420,stimulus_Arg_PISACowsMilk_10_page_6,873.0,194.9,993.0
10418421,stimulus_Arg_PISACowsMilk_10_page_6,872.7,194.7,993.0
10418422,stimulus_Arg_PISACowsMilk_10_page_6,872.5,195.1,992.0
10418423,stimulus_Arg_PISACowsMilk_10_page_6,872.4,195.8,991.0
10418424,stimulus_Arg_PISACowsMilk_10_page_6,872.4,196.4,989.0
10418425,stimulus_Arg_PISACowsMilk_10_page_6,872.4,196.5,989.0
10418426,stimulus_Arg_PISACowsMilk_10_page_6,872.4,196.5,988.0
10418427,stimulus_Arg_PISACowsMilk_10_page_6,872.5,196.4,988.0
10418428,stimulus_Arg_PISACowsMilk_10_page_6,872.4,196.3,988.0
10418429,stimulus_Arg_PISACowsMilk_10_page_6,872.3,195.9,987.0
10418430,stimulus_Arg_PISACowsMilk_10_page_6,872.1,195.7,987.0
10418431,stimulus_Arg_PISACowsMilk_10_page_6,872.3,195.4,986.0
10418432,stimulus_Arg_PISACowsMilk_10_page_6,872.5,195.4,985.0
10418433,stimulus_Arg_PISACowsMilk_10_page_6,872.8,195.4,984.0
10418434,stimulus_Arg_PISACowsMilk_10_page_6,872.9,195.3,983.0
10418435,stimulus_Arg_PISACowsMilk_10_page_6,872.8,195.0,982.0
10418436,stimulus_Arg_PISACowsMilk_10_page_6,872.9,194.7,981.0
10418437,stimulus_Arg_PISACowsMilk_10_page_6,872.9,194.6,981.0
10418438,stimulus_Arg_PISACowsMilk_10_page_6,872.9,194.7,981.0
10418439,stimulus_Arg_PISACowsMilk_10_page_6,872.9,195.0,981.0
10418440,stimulus_Arg_PISACowsMilk_10_page_6,873.0,195.3,980.0
10418441,stimulus_Arg_PISACowsMilk_10_page_6,873.1,195.5,980.0
10418442,stimulus_Arg_PISACowsMilk_10_page_6,873.2,195.5,979.0
10418443,stimulus_Arg_PISACowsMilk_10_page_6,873.3,195.4,979.0
10418444,stimulus_Arg_PISACowsMilk_10_page_6,873.1,195.2,978.0
10418445,stimulus_Arg_PISACowsMilk_10_page_6,873.0,195.0,977.0
10418446,stimulus_Arg_PISACowsMilk_10_page_6,872.9,194.8,976.0
10418447,stimulus_Arg_PISACowsMilk_10_page_6,873.0,194.6,977.0
10418448,stimulus_Arg_PISACowsMilk_10_page_6,873.1,194.5,977.0
10418449,stimulus_Arg_PISACowsMilk_10_page_6,873.2,194.3,977.0
10418450,stimulus_Arg_PISACowsMilk_10_page_6,873.1,194.0,976.0
10418451,stimulus_Arg_PISACowsMilk_10_page_6,873.0,193.9,976.0
10418452,stimulus_Arg_PISACowsMilk_10_page_6,872.9,193.9,974.0
10418453,stimulus_Arg_PISACowsMilk_10_page_6,872.9,194.0,972.0
10418454,stimulus_Arg_PISACowsMilk_10_page_6,872.9,194.1,971.0
10418455,stimulus_Arg_PISACowsMilk_10_page_6,872.9,194.1,972.0
10418456,stimulus_Arg_PISACowsMilk_10_page_6,873.0,194.2,972.0
10418457,stimulus_Arg_PISACowsMilk_10_page_6,873.1,194.2,971.0
10418458,stimulus_Arg_PISACowsMilk_10_page_6,873.1,194.5,970.0
10418459,stimulus_Arg_PISACowsMilk_10_page_6,873.1,194.7,970.0
10418460,stimulus_Arg_PISACowsMilk_10_page_6,873.2,195.0,969.0
10418461,stimulus_Arg_PISACowsMilk_10_page_6,873.2,195.0,968.0
10418462,stimulus_Arg_PISACowsMilk_10_page_6,873.3,194.8,967.0
10418463,stimulus_Arg_PISACowsMilk_10_page_6,873.3,194.6,967.0
10418464,stimulus_Arg_PISACowsMilk_10_page_6,873.3,194.4,967.0
10418465,stimulus_Arg_PISACowsMilk_10_page_6,873.2,194.5,965.0
10418466,stimulus_Arg_PISACowsMilk_10_page_6,873.2,194.7,964.0
10418467,stimulus_Arg_PISACowsMilk_10_page_6,873.0,194.8,963.0
10418468,stimulus_Arg_PISACowsMilk_10_page_6,873.0,194.6,963.0
10418469,stimulus_Arg_PISACowsMilk_10_page_6,872.9,194.4,962.0
10418470,stimulus_Arg_PISACowsMilk_10_page_6,873.0,194.2,962.0
10418471,stimulus_Arg_PISACowsMilk_10_page_6,873.0,194.1,960.0
10418472,stimulus_Arg_PISACowsMilk_10_page_6,872.9,194.1,959.0
10418473,stimulus_Arg_PISACowsMilk_10_page_6,872.9,194.1,958.0
10418474,stimulus_Arg_PISACowsMilk_10_page_6,872.9,194.2,958.0
10418475,stimulus_Arg_PISACowsMilk_10_page_6,872.7,194.1,958.0
10418476,stimulus_Arg_PISACowsMilk_10_page_6,872.4,194.0,958.0
10418477,stimulus_Arg_PISACowsMilk_10_page_6,872.1,193.9,958.0
10418478,stimulus_Arg_PISACowsMilk_10_page_6,872.0,193.9,958.0
10418479,stimulus_Arg_PISACowsMilk_10_page_6,872.0,193.9,958.0
10418480,stimulus_Arg_PISACowsMilk_10_page_6,872.0,194.0,958.0
10418481,stimulus_Arg_PISACowsMilk_10_page_6,872.0,194.0,958.0
10418482,stimulus_Arg_PISACowsMilk_10_page_6,872.0,193.9,958.0
10418483,stimulus_Arg_PISACowsMilk_10_page_6,872.1,193.6,957.0
10418484,stimulus_Arg_PISACowsMilk_10_page_6,872.3,193.2,956.0
10418485,stimulus_Arg_PISACowsMilk_10_page_6,872.4,192.9,956.0
10418486,stimulus_Arg_PISACowsMilk_10_page_6,872.4,192.9,956.0
10418487,stimulus_Arg_PISACowsMilk_10_page_6,872.4,193.0,956.0
10418488,stimulus_Arg_PISACowsMilk_10_page_6,872.4,193.0,956.0
10418489,stimulus_Arg_PISACowsMilk_10_page_6,872.4,192.9,956.0
10418490,stimulus_Arg_PISACowsMilk_10_page_6,872.4,192.7,956.0
10418491,stimulus_Arg_PISACowsMilk_10_page_6,872.5,192.6,956.0
10418492,stimulus_Arg_PISACowsMilk_10_page_6,872.6,192.7,956.0
10418493,stimulus_Arg_PISACowsMilk_10_page_6,872.6,192.8,955.0
10418494,stimulus_Arg_PISACowsMilk_10_page_6,872.6,192.8,954.0
10418495,stimulus_Arg_PISACowsMilk_10_page_6,872.5,192.7,953.0
10418496,stimulus_Arg_PISACowsMilk_10_page_6,872.5,192.7,952.0
10418497,stimulus_Arg_PISACowsMilk_10_page_6,872.5,192.8,952.0
10418498,stimulus_Arg_PISACowsMilk_10_page_6,872.4,192.9,952.0
10418499,stimulus_Arg_PISACowsMilk_10_page_6,872.4,192.9,952.0
10418500,stimulus_Arg_PISACowsMilk_10_page_6,872.4,192.9,952.0
10418501,stimulus_Arg_PISACowsMilk_10_page_6,872.4,193.1,952.0
10418502,stimulus_Arg_PISACowsMilk_10_page_6,872.4,193.3,951.0
10418503,stimulus_Arg_PISACowsMilk_10_page_6,872.4,193.5,951.0
10418504,stimulus_Arg_PISACowsMilk_10_page_6,872.3,193.3,950.0
10418505,stimulus_Arg_PISACowsMilk_10_page_6,872.2,193.2,949.0
10418506,stimulus_Arg_PISACowsMilk_10_page_6,872.1,193.2,950.0
10418507,stimulus_Arg_PISACowsMilk_10_page_6,872.1,193.2,950.0
10418508,stimulus_Arg_PISACowsMilk_10_page_6,872.1,193.3,951.0
10418509,stimulus_Arg_PISACowsMilk_10_page_6,872.1,193.4,951.0
10418510,stimulus_Arg_PISACowsMilk_10_page_6,872.1,193.4,951.0
10418511,stimulus_Arg_PISACowsMilk_10_page_6,872.5,193.5,950.0
10418512,stimulus_Arg_PISACowsMilk_10_page_6,872.9,193.5,948.0
10418513,stimulus_Arg_PISACowsMilk_10_page_6,873.0,193.5,947.0
10418514,stimulus_Arg_PISACowsMilk_10_page_6,872.6,193.5,946.0
10418515,stimulus_Arg_PISACowsMilk_10_page_6,872.3,193.3,945.0
10418516,stimulus_Arg_PISACowsMilk_10_page_6,872.4,193.1,946.0
10418517,stimulus_Arg_PISACowsMilk_10_page_6,872.5,193.0,946.0
10418518,stimulus_Arg_PISACowsMilk_10_page_6,872.6,193.2,947.0
10418519,stimulus_Arg_PISACowsMilk_10_page_6,872.3,193.5,947.0
10418520,stimulus_Arg_PISACowsMilk_10_page_6,872.0,193.6,947.0
10418521,stimulus_Arg_PISACowsMilk_10_page_6,871.7,193.7,947.0
10418522,stimulus_Arg_PISACowsMilk_10_page_6,871.8,193.8,946.0
10418523,stimulus_Arg_PISACowsMilk_10_page_6,871.8,193.9,945.0
10418524,stimulus_Arg_PISACowsMilk_10_page_6,871.9,194.0,944.0
10418525,stimulus_Arg_PISACowsMilk_10_page_6,872.0,194.0,942.0
10418526,stimulus_Arg_PISACowsMilk_10_page_6,872.2,193.9,941.0
10418527,stimulus_Arg_PISACowsMilk_10_page_6,872.3,193.6,940.0
10418528,stimulus_Arg_PISACowsMilk_10_page_6,872.4,193.4,941.0
10418529,stimulus_Arg_PISACowsMilk_10_page_6,872.4,193.3,941.0
10418530,stimulus_Arg_PISACowsMilk_10_page_6,872.5,193.5,942.0
10418531,stimulus_Arg_PISACowsMilk_10_page_6,872.7,193.7,943.0
10418532,stimulus_Arg_PISACowsMilk_10_page_6,873.0,193.8,944.0
10418533,stimulus_Arg_PISACowsMilk_10_page_6,873.2,194.0,944.0
10418534,stimulus_Arg_PISACowsMilk_10_page_6,873.7,193.8,944.0
10418535,stimulus_Arg_PISACowsMilk_10_page_6,874.1,193.5,944.0
10418536,stimulus_Arg_PISACowsMilk_10_page_6,874.5,193.3,944.0
10418537,stimulus_Arg_PISACowsMilk_10_page_6,874.6,193.1,943.0
10418538,stimulus_Arg_PISACowsMilk_10_page_6,874.6,193.0,942.0
10418539,stimulus_Arg_PISACowsMilk_10_page_6,874.5,192.8,942.0
10418540,stimulus_Arg_PISACowsMilk_10_page_6,874.5,192.8,941.0
10418541,stimulus_Arg_PISACowsMilk_10_page_6,874.3,192.7,941.0
10418542,stimulus_Arg_PISACowsMilk_10_page_6,873.9,192.7,940.0
10418543,stimulus_Arg_PISACowsMilk_10_page_6,873.2,192.6,940.0
10418544,stimulus_Arg_PISACowsMilk_10_page_6,872.8,192.6,939.0
10418545,stimulus_Arg_PISACowsMilk_10_page_6,872.9,192.6,938.0
10418546,stimulus_Arg_PISACowsMilk_10_page_6,873.2,192.6,936.0
10418547,stimulus_Arg_PISACowsMilk_10_page_6,873.6,192.8,936.0
10418548,stimulus_Arg_PISACowsMilk_10_page_6,873.9,192.8,935.0
10418549,stimulus_Arg_PISACowsMilk_10_page_6,874.5,192.8,935.0
10418550,stimulus_Arg_PISACowsMilk_10_page_6,875.0,192.8,936.0
10418551,stimulus_Arg_PISACowsMilk_10_page_6,875.2,192.8,938.0
10418552,stimulus_Arg_PISACowsMilk_10_page_6,875.3,192.6,939.0
10418553,stimulus_Arg_PISACowsMilk_10_page_6,875.0,192.4,939.0
10418554,stimulus_Arg_PISACowsMilk_10_page_6,874.7,192.1,937.0
10418555,stimulus_Arg_PISACowsMilk_10_page_6,874.6,192.1,934.0
10418556,stimulus_Arg_PISACowsMilk_10_page_6,874.9,192.0,932.0
10418557,stimulus_Arg_PISACowsMilk_10_page_6,874.8,191.9,932.0
10418558,stimulus_Arg_PISACowsMilk_10_page_6,874.5,191.9,932.0
10418559,stimulus_Arg_PISACowsMilk_10_page_6,874.2,191.7,932.0
10418560,stimulus_Arg_PISACowsMilk_10_page_6,874.1,191.6,933.0
10418561,stimulus_Arg_PISACowsMilk_10_page_6,874.1,191.5,933.0
10418562,stimulus_Arg_PISACowsMilk_10_page_6,874.0,191.7,933.0
10418563,stimulus_Arg_PISACowsMilk_10_page_6,873.9,191.9,932.0
10418564,stimulus_Arg_PISACowsMilk_10_page_6,874.0,192.0,932.0
10418565,stimulus_Arg_PISACowsMilk_10_page_6,874.2,192.2,931.0
10418566,stimulus_Arg_PISACowsMilk_10_page_6,874.4,192.3,931.0
10418567,stimulus_Arg_PISACowsMilk_10_page_6,874.5,192.5,930.0
10418568,stimulus_Arg_PISACowsMilk_10_page_6,874.5,192.3,931.0
10418569,stimulus_Arg_PISACowsMilk_10_page_6,874.5,192.0,932.0
10418570,stimulus_Arg_PISACowsMilk_10_page_6,874.5,191.6,933.0
10418571,stimulus_Arg_PISACowsMilk_10_page_6,874.5,191.4,932.0
10418572,stimulus_Arg_PISACowsMilk_10_page_6,874.5,191.5,932.0
10418573,stimulus_Arg_PISACowsMilk_10_page_6,874.5,191.5,931.0
10418574,stimulus_Arg_PISACowsMilk_10_page_6,874.4,191.6,932.0
10418575,stimulus_Arg_PISACowsMilk_10_page_6,874.6,191.6,932.0
10418576,stimulus_Arg_PISACowsMilk_10_page_6,874.8,191.5,931.0
10418577,stimulus_Arg_PISACowsMilk_10_page_6,874.9,191.4,930.0
10418578,stimulus_Arg_PISACowsMilk_10_page_6,874.8,191.1,929.0
10418579,stimulus_Arg_PISACowsMilk_10_page_6,874.6,191.0,929.0
10418580,stimulus_Arg_PISACowsMilk_10_page_6,874.6,190.8,929.0
10418581,stimulus_Arg_PISACowsMilk_10_page_6,874.5,190.7,930.0
10418582,stimulus_Arg_PISACowsMilk_10_page_6,874.6,190.7,930.0
10418583,stimulus_Arg_PISACowsMilk_10_page_6,874.7,190.7,930.0
10418584,stimulus_Arg_PISACowsMilk_10_page_6,874.7,190.8,929.0
10418585,stimulus_Arg_PISACowsMilk_10_page_6,874.7,190.8,929.0
10418586,stimulus_Arg_PISACowsMilk_10_page_6,874.7,190.5,929.0
10418587,stimulus_Arg_PISACowsMilk_10_page_6,874.7,190.1,928.0
10418588,stimulus_Arg_PISACowsMilk_10_page_6,874.8,189.8,928.0
10418589,stimulus_Arg_PISACowsMilk_10_page_6,874.9,189.9,928.0
10418590,stimulus_Arg_PISACowsMilk_10_page_6,874.9,190.0,928.0
10418591,stimulus_Arg_PISACowsMilk_10_page_6,874.9,190.1,928.0
10418592,stimulus_Arg_PISACowsMilk_10_page_6,875.0,190.2,927.0
10418593,stimulus_Arg_PISACowsMilk_10_page_6,875.1,190.3,927.0
10418594,stimulus_Arg_PISACowsMilk_10_page_6,875.0,190.4,926.0
10418595,stimulus_Arg_PISACowsMilk_10_page_6,874.9,190.6,925.0
10418596,stimulus_Arg_PISACowsMilk_10_page_6,874.7,190.7,924.0
10418597,stimulus_Arg_PISACowsMilk_10_page_6,874.5,190.6,924.0
10418598,stimulus_Arg_PISACowsMilk_10_page_6,874.4,190.6,924.0
10418599,stimulus_Arg_PISACowsMilk_10_page_6,874.5,190.5,924.0
10418600,stimulus_Arg_PISACowsMilk_10_page_6,874.5,190.5,923.0
10418601,stimulus_Arg_PISACowsMilk_10_page_6,874.5,190.5,922.0
10418602,stimulus_Arg_PISACowsMilk_10_page_6,874.6,190.8,923.0
10418603,stimulus_Arg_PISACowsMilk_10_page_6,874.6,191.1,924.0
10418604,stimulus_Arg_PISACowsMilk_10_page_6,874.5,191.3,924.0
10418605,stimulus_Arg_PISACowsMilk_10_page_6,874.3,191.4,922.0
10418606,stimulus_Arg_PISACowsMilk_10_page_6,874.1,191.4,921.0
10418607,stimulus_Arg_PISACowsMilk_10_page_6,873.9,191.4,921.0
10418608,stimulus_Arg_PISACowsMilk_10_page_6,873.7,191.2,920.0
10418609,stimulus_Arg_PISACowsMilk_10_page_6,873.4,191.0,921.0
10418610,stimulus_Arg_PISACowsMilk_10_page_6,872.9,190.8,922.0
10418611,stimulus_Arg_PISACowsMilk_10_page_6,871.7,190.6,923.0
10418612,stimulus_Arg_PISACowsMilk_10_page_6,869.9,190.5,924.0
10418613,stimulus_Arg_PISACowsMilk_10_page_6,868.1,190.4,925.0
10418614,stimulus_Arg_PISACowsMilk_10_page_6,865.7,190.4,925.0
10418615,stimulus_Arg_PISACowsMilk_10_page_6,863.4,190.3,924.0
10418616,stimulus_Arg_PISACowsMilk_10_page_6,859.6,190.3,922.0
10418617,stimulus_Arg_PISACowsMilk_10_page_6,855.4,190.2,922.0
10418618,stimulus_Arg_PISACowsMilk_10_page_6,850.8,189.8,923.0
10418619,stimulus_Arg_PISACowsMilk_10_page_6,846.2,189.3,923.0
10418620,stimulus_Arg_PISACowsMilk_10_page_6,841.8,188.9,923.0
10418621,stimulus_Arg_PISACowsMilk_10_page_6,836.9,189.0,922.0
10418622,stimulus_Arg_PISACowsMilk_10_page_6,832.6,189.7,922.0
10418623,stimulus_Arg_PISACowsMilk_10_page_6,829.4,190.8,924.0
10418624,stimulus_Arg_PISACowsMilk_10_page_6,828.0,191.8,925.0
10418625,stimulus_Arg_PISACowsMilk_10_page_6,827.6,192.4,928.0
10418626,stimulus_Arg_PISACowsMilk_10_page_6,828.3,193.1,928.0
10418627,stimulus_Arg_PISACowsMilk_10_page_6,829.5,193.8,929.0
10418628,stimulus_Arg_PISACowsMilk_10_page_6,831.0,194.8,929.0
10418629,stimulus_Arg_PISACowsMilk_10_page_6,832.6,195.2,930.0
10418630,stimulus_Arg_PISACowsMilk_10_page_6,834.5,195.7,931.0
10418631,stimulus_Arg_PISACowsMilk_10_page_6,836.2,195.7,930.0
10418632,stimulus_Arg_PISACowsMilk_10_page_6,837.5,195.7,929.0
10418633,stimulus_Arg_PISACowsMilk_10_page_6,838.8,195.7,927.0
10418634,stimulus_Arg_PISACowsMilk_10_page_6,839.8,195.7,926.0
10418635,stimulus_Arg_PISACowsMilk_10_page_6,840.6,195.6,925.0
10418636,stimulus_Arg_PISACowsMilk_10_page_6,841.0,195.5,925.0
10418637,stimulus_Arg_PISACowsMilk_10_page_6,841.2,195.4,926.0
10418638,stimulus_Arg_PISACowsMilk_10_page_6,841.5,195.2,926.0
10418639,stimulus_Arg_PISACowsMilk_10_page_6,841.6,194.8,927.0
10418640,stimulus_Arg_PISACowsMilk_10_page_6,841.6,194.3,927.0
10418641,stimulus_Arg_PISACowsMilk_10_page_6,841.9,194.0,927.0
10418642,stimulus_Arg_PISACowsMilk_10_page_6,842.1,193.9,927.0
10418643,stimulus_Arg_PISACowsMilk_10_page_6,842.4,193.9,927.0
10418644,stimulus_Arg_PISACowsMilk_10_page_6,842.3,194.1,926.0
10418645,stimulus_Arg_PISACowsMilk_10_page_6,842.2,194.4,926.0
10418646,stimulus_Arg_PISACowsMilk_10_page_6,842.0,194.5,926.0
10418647,stimulus_Arg_PISACowsMilk_10_page_6,841.6,194.6,926.0
10418648,stimulus_Arg_PISACowsMilk_10_page_6,841.3,194.6,927.0
10418649,stimulus_Arg_PISACowsMilk_10_page_6,841.0,194.7,927.0
10418650,stimulus_Arg_PISACowsMilk_10_page_6,841.0,194.8,927.0
10418651,stimulus_Arg_PISACowsMilk_10_page_6,840.9,194.8,927.0
10418652,stimulus_Arg_PISACowsMilk_10_page_6,840.7,195.0,927.0
10418653,stimulus_Arg_PISACowsMilk_10_page_6,840.5,195.3,926.0
10418654,stimulus_Arg_PISACowsMilk_10_page_6,840.2,195.5,927.0
10418655,stimulus_Arg_PISACowsMilk_10_page_6,840.1,195.5,927.0
10418656,stimulus_Arg_PISACowsMilk_10_page_6,840.1,195.5,928.0
10418657,stimulus_Arg_PISACowsMilk_10_page_6,840.1,195.5,928.0
10418658,stimulus_Arg_PISACowsMilk_10_page_6,840.1,195.3,927.0
10418659,stimulus_Arg_PISACowsMilk_10_page_6,840.1,195.2,926.0
10418660,stimulus_Arg_PISACowsMilk_10_page_6,840.1,195.1,927.0
10418661,stimulus_Arg_PISACowsMilk_10_page_6,840.0,195.2,927.0
10418662,stimulus_Arg_PISACowsMilk_10_page_6,839.9,195.3,928.0
10418663,stimulus_Arg_PISACowsMilk_10_page_6,839.7,195.5,928.0
10418664,stimulus_Arg_PISACowsMilk_10_page_6,839.5,195.6,929.0
10418665,stimulus_Arg_PISACowsMilk_10_page_6,839.3,195.8,929.0
10418666,stimulus_Arg_PISACowsMilk_10_page_6,839.3,195.9,929.0
10418667,stimulus_Arg_PISACowsMilk_10_page_6,839.2,195.9,928.0
10418668,stimulus_Arg_PISACowsMilk_10_page_6,839.2,196.0,928.0
10418669,stimulus_Arg_PISACowsMilk_10_page_6,839.1,196.0,927.0
10418670,stimulus_Arg_PISACowsMilk_10_page_6,839.1,196.0,927.0
10418671,stimulus_Arg_PISACowsMilk_10_page_6,839.4,196.0,927.0
10418672,stimulus_Arg_PISACowsMilk_10_page_6,839.6,196.1,926.0
10418673,stimulus_Arg_PISACowsMilk_10_page_6,839.9,196.1,927.0
10418674,stimulus_Arg_PISACowsMilk_10_page_6,839.8,195.8,927.0
10418675,stimulus_Arg_PISACowsMilk_10_page_6,839.8,195.6,927.0
10418676,stimulus_Arg_PISACowsMilk_10_page_6,839.7,195.5,927.0
10418677,stimulus_Arg_PISACowsMilk_10_page_6,839.7,195.7,926.0
10418678,stimulus_Arg_PISACowsMilk_10_page_6,839.7,195.8,926.0
10418679,stimulus_Arg_PISACowsMilk_10_page_6,839.6,195.7,926.0
10418680,stimulus_Arg_PISACowsMilk_10_page_6,839.5,195.7,927.0
10418681,stimulus_Arg_PISACowsMilk_10_page_6,839.5,195.6,928.0
10418682,stimulus_Arg_PISACowsMilk_10_page_6,839.5,195.5,927.0
10418683,stimulus_Arg_PISACowsMilk_10_page_6,839.3,195.6,927.0
10418684,stimulus_Arg_PISACowsMilk_10_page_6,839.1,195.7,927.0
10418685,stimulus_Arg_PISACowsMilk_10_page_6,839.0,195.8,927.0
10418686,stimulus_Arg_PISACowsMilk_10_page_6,839.2,195.8,927.0
10418687,stimulus_Arg_PISACowsMilk_10_page_6,839.5,195.7,927.0
10418688,stimulus_Arg_PISACowsMilk_10_page_6,839.8,195.6,927.0
10418689,stimulus_Arg_PISACowsMilk_10_page_6,839.8,195.7,927.0
10418690,stimulus_Arg_PISACowsMilk_10_page_6,839.7,196.0,926.0
10418691,stimulus_Arg_PISACowsMilk_10_page_6,839.4,196.3,926.0
10418692,stimulus_Arg_PISACowsMilk_10_page_6,839.2,196.2,926.0
10418693,stimulus_Arg_PISACowsMilk_10_page_6,839.1,196.0,926.0
10418694,stimulus_Arg_PISACowsMilk_10_page_6,839.1,195.9,926.0
10418695,stimulus_Arg_PISACowsMilk_10_page_6,839.0,196.1,926.0
10418696,stimulus_Arg_PISACowsMilk_10_page_6,838.9,196.3,926.0
10418697,stimulus_Arg_PISACowsMilk_10_page_6,838.7,196.3,926.0
10418698,stimulus_Arg_PISACowsMilk_10_page_6,839.0,196.3,926.0
10418699,stimulus_Arg_PISACowsMilk_10_page_6,839.3,196.4,926.0
10418700,stimulus_Arg_PISACowsMilk_10_page_6,839.5,196.5,925.0
10418701,stimulus_Arg_PISACowsMilk_10_page_6,839.2,196.6,925.0
10418702,stimulus_Arg_PISACowsMilk_10_page_6,838.8,196.6,925.0
10418703,stimulus_Arg_PISACowsMilk_10_page_6,838.5,196.6,925.0
10418704,stimulus_Arg_PISACowsMilk_10_page_6,838.2,196.6,925.0
10418705,stimulus_Arg_PISACowsMilk_10_page_6,838.2,196.6,924.0
10418706,stimulus_Arg_PISACowsMilk_10_page_6,838.2,196.6,924.0
10418707,stimulus_Arg_PISACowsMilk_10_page_6,838.2,196.6,923.0
10418708,stimulus_Arg_PISACowsMilk_10_page_6,838.4,196.6,922.0
10418709,stimulus_Arg_PISACowsMilk_10_page_6,838.5,196.5,922.0
10418710,stimulus_Arg_PISACowsMilk_10_page_6,838.5,196.5,923.0
10418711,stimulus_Arg_PISACowsMilk_10_page_6,838.6,196.5,923.0
10418712,stimulus_Arg_PISACowsMilk_10_page_6,838.8,196.5,923.0
10418713,stimulus_Arg_PISACowsMilk_10_page_6,838.9,196.5,922.0
10418714,stimulus_Arg_PISACowsMilk_10_page_6,838.9,196.5,921.0
10418715,stimulus_Arg_PISACowsMilk_10_page_6,838.9,196.5,921.0
10418716,stimulus_Arg_PISACowsMilk_10_page_6,839.0,196.5,921.0
10418717,stimulus_Arg_PISACowsMilk_10_page_6,839.1,196.4,921.0
10418718,stimulus_Arg_PISACowsMilk_10_page_6,839.3,196.4,922.0
10418719,stimulus_Arg_PISACowsMilk_10_page_6,839.1,196.5,922.0
10418720,stimulus_Arg_PISACowsMilk_10_page_6,838.9,196.5,922.0
10418721,stimulus_Arg_PISACowsMilk_10_page_6,838.6,196.6,922.0
10418722,stimulus_Arg_PISACowsMilk_10_page_6,838.5,196.6,923.0
10418723,stimulus_Arg_PISACowsMilk_10_page_6,838.4,196.7,923.0
10418724,stimulus_Arg_PISACowsMilk_10_page_6,838.5,196.6,923.0
10418725,stimulus_Arg_PISACowsMilk_10_page_6,838.5,196.4,924.0
10418726,stimulus_Arg_PISACowsMilk_10_page_6,838.5,196.3,924.0
10418727,stimulus_Arg_PISACowsMilk_10_page_6,838.7,196.4,924.0
10418728,stimulus_Arg_PISACowsMilk_10_page_6,838.9,196.5,924.0
10418729,stimulus_Arg_PISACowsMilk_10_page_6,839.1,196.6,923.0
10418730,stimulus_Arg_PISACowsMilk_10_page_6,839.1,196.5,923.0
10418731,stimulus_Arg_PISACowsMilk_10_page_6,839.1,196.5,922.0
10418732,stimulus_Arg_PISACowsMilk_10_page_6,839.1,196.5,922.0
10418733,stimulus_Arg_PISACowsMilk_10_page_6,839.1,196.3,923.0
10418734,stimulus_Arg_PISACowsMilk_10_page_6,839.0,196.1,923.0
10418735,stimulus_Arg_PISACowsMilk_10_page_6,838.9,195.8,923.0
10418736,stimulus_Arg_PISACowsMilk_10_page_6,838.9,195.9,922.0
10418737,stimulus_Arg_PISACowsMilk_10_page_6,838.9,196.1,921.0
10418738,stimulus_Arg_PISACowsMilk_10_page_6,838.9,196.3,920.0
10418739,stimulus_Arg_PISACowsMilk_10_page_6,838.9,196.3,920.0
10418740,stimulus_Arg_PISACowsMilk_10_page_6,838.9,196.3,921.0
10418741,stimulus_Arg_PISACowsMilk_10_page_6,839.0,196.3,921.0
10418742,stimulus_Arg_PISACowsMilk_10_page_6,839.0,196.2,921.0
10418743,stimulus_Arg_PISACowsMilk_10_page_6,838.9,196.2,921.0
10418744,stimulus_Arg_PISACowsMilk_10_page_6,839.1,196.0,921.0
10418745,stimulus_Arg_PISACowsMilk_10_page_6,839.4,196.0,921.0
10418746,stimulus_Arg_PISACowsMilk_10_page_6,839.8,196.0,920.0
10418747,stimulus_Arg_PISACowsMilk_10_page_6,839.7,196.0,920.0
10418748,stimulus_Arg_PISACowsMilk_10_page_6,839.5,196.0,920.0
10418749,stimulus_Arg_PISACowsMilk_10_page_6,839.4,196.0,920.0
10418750,stimulus_Arg_PISACowsMilk_10_page_6,839.4,196.0,920.0
10418751,stimulus_Arg_PISACowsMilk_10_page_6,839.4,196.0,921.0
10418752,stimulus_Arg_PISACowsMilk_10_page_6,839.5,196.2,921.0
10418753,stimulus_Arg_PISACowsMilk_10_page_6,839.6,196.4,921.0
10418754,stimulus_Arg_PISACowsMilk_10_page_6,839.6,196.5,920.0
10418755,stimulus_Arg_PISACowsMilk_10_page_6,839.7,196.5,921.0
10418756,stimulus_Arg_PISACowsMilk_10_page_6,839.8,196.4,921.0
10418757,stimulus_Arg_PISACowsMilk_10_page_6,839.9,196.4,921.0
10418758,stimulus_Arg_PISACowsMilk_10_page_6,840.0,196.4,921.0
10418759,stimulus_Arg_PISACowsMilk_10_page_6,840.3,196.4,920.0
10418760,stimulus_Arg_PISACowsMilk_10_page_6,840.5,196.5,920.0
10418761,stimulus_Arg_PISACowsMilk_10_page_6,840.6,196.5,920.0
10418762,stimulus_Arg_PISACowsMilk_10_page_6,840.6,196.5,920.0
10418763,stimulus_Arg_PISACowsMilk_10_page_6,840.4,196.5,919.0
10418764,stimulus_Arg_PISACowsMilk_10_page_6,840.1,196.4,919.0
10418765,stimulus_Arg_PISACowsMilk_10_page_6,839.9,196.4,919.0
10418766,stimulus_Arg_PISACowsMilk_10_page_6,840.2,196.2,920.0
10418767,stimulus_Arg_PISACowsMilk_10_page_6,840.5,196.0,921.0
10418768,stimulus_Arg_PISACowsMilk_10_page_6,840.7,195.9,922.0
10418769,stimulus_Arg_PISACowsMilk_10_page_6,840.7,195.9,922.0
10418770,stimulus_Arg_PISACowsMilk_10_page_6,840.7,196.0,921.0
10418771,stimulus_Arg_PISACowsMilk_10_page_6,841.1,196.1,922.0
10418772,stimulus_Arg_PISACowsMilk_10_page_6,841.4,196.1,922.0
10418773,stimulus_Arg_PISACowsMilk_10_page_6,841.7,196.2,923.0
10418774,stimulus_Arg_PISACowsMilk_10_page_6,841.7,196.3,923.0
10418775,stimulus_Arg_PISACowsMilk_10_page_6,841.6,196.4,922.0
10418776,stimulus_Arg_PISACowsMilk_10_page_6,841.6,196.4,922.0
10418777,stimulus_Arg_PISACowsMilk_10_page_6,841.6,196.4,922.0
10418778,stimulus_Arg_PISACowsMilk_10_page_6,841.6,196.5,923.0
10418779,stimulus_Arg_PISACowsMilk_10_page_6,841.5,196.6,923.0
10418780,stimulus_Arg_PISACowsMilk_10_page_6,841.3,196.7,923.0
10418781,stimulus_Arg_PISACowsMilk_10_page_6,841.1,196.8,922.0
10418782,stimulus_Arg_PISACowsMilk_10_page_6,840.8,196.9,922.0
10418783,stimulus_Arg_PISACowsMilk_10_page_6,840.7,196.8,922.0
10418784,stimulus_Arg_PISACowsMilk_10_page_6,840.7,196.6,922.0
10418785,stimulus_Arg_PISACowsMilk_10_page_6,841.0,196.4,922.0
10418786,stimulus_Arg_PISACowsMilk_10_page_6,841.3,196.2,922.0
10418787,stimulus_Arg_PISACowsMilk_10_page_6,841.3,196.1,922.0
10418788,stimulus_Arg_PISACowsMilk_10_page_6,841.3,196.1,923.0
10418789,stimulus_Arg_PISACowsMilk_10_page_6,841.3,196.1,923.0
10418790,stimulus_Arg_PISACowsMilk_10_page_6,841.4,195.9,923.0
10418791,stimulus_Arg_PISACowsMilk_10_page_6,841.5,195.8,922.0
10418792,stimulus_Arg_PISACowsMilk_10_page_6,841.6,195.7,922.0
10418793,stimulus_Arg_PISACowsMilk_10_page_6,841.7,195.7,922.0
10418794,stimulus_Arg_PISACowsMilk_10_page_6,841.5,195.9,922.0
10418795,stimulus_Arg_PISACowsMilk_10_page_6,841.3,196.2,922.0
10418796,stimulus_Arg_PISACowsMilk_10_page_6,841.3,196.6,921.0
10418797,stimulus_Arg_PISACowsMilk_10_page_6,841.5,196.7,921.0
10418798,stimulus_Arg_PISACowsMilk_10_page_6,841.7,196.8,921.0
10418799,stimulus_Arg_PISACowsMilk_10_page_6,841.8,197.0,921.0
10418800,stimulus_Arg_PISACowsMilk_10_page_6,841.8,197.2,922.0
10418801,stimulus_Arg_PISACowsMilk_10_page_6,841.6,197.3,923.0
10418802,stimulus_Arg_PISACowsMilk_10_page_6,841.4,197.2,922.0
10418803,stimulus_Arg_PISACowsMilk_10_page_6,841.1,197.1,921.0
10418804,stimulus_Arg_PISACowsMilk_10_page_6,841.0,197.0,919.0
10418805,stimulus_Arg_PISACowsMilk_10_page_6,840.9,197.1,918.0
10418806,stimulus_Arg_PISACowsMilk_10_page_6,840.7,197.0,918.0
10418807,stimulus_Arg_PISACowsMilk_10_page_6,840.5,196.8,919.0
10418808,stimulus_Arg_PISACowsMilk_10_page_6,840.5,196.6,920.0
10418809,stimulus_Arg_PISACowsMilk_10_page_6,840.4,196.8,921.0
10418810,stimulus_Arg_PISACowsMilk_10_page_6,840.3,197.1,920.0
10418811,stimulus_Arg_PISACowsMilk_10_page_6,840.4,197.4,920.0
10418812,stimulus_Arg_PISACowsMilk_10_page_6,840.6,197.7,920.0
10418813,stimulus_Arg_PISACowsMilk_10_page_6,840.8,197.9,920.0
10418814,stimulus_Arg_PISACowsMilk_10_page_6,840.8,197.8,920.0
10418815,stimulus_Arg_PISACowsMilk_10_page_6,840.6,197.6,920.0
10418816,stimulus_Arg_PISACowsMilk_10_page_6,840.6,197.3,921.0
10418817,stimulus_Arg_PISACowsMilk_10_page_6,840.6,197.1,922.0
10418818,stimulus_Arg_PISACowsMilk_10_page_6,840.8,196.9,922.0
10418819,stimulus_Arg_PISACowsMilk_10_page_6,841.8,196.9,922.0
10418820,stimulus_Arg_PISACowsMilk_10_page_6,843.4,196.9,922.0
10418821,stimulus_Arg_PISACowsMilk_10_page_6,845.6,197.0,922.0
10418822,stimulus_Arg_PISACowsMilk_10_page_6,847.5,197.6,922.0
10418823,stimulus_Arg_PISACowsMilk_10_page_6,849.3,198.3,922.0
10418824,stimulus_Arg_PISACowsMilk_10_page_6,851.9,199.0,921.0
10418825,stimulus_Arg_PISACowsMilk_10_page_6,856.4,199.2,921.0
10418826,stimulus_Arg_PISACowsMilk_10_page_6,861.7,199.5,921.0
10418827,stimulus_Arg_PISACowsMilk_10_page_6,866.5,199.7,920.0
10418828,stimulus_Arg_PISACowsMilk_10_page_6,871.1,199.9,920.0
10418829,stimulus_Arg_PISACowsMilk_10_page_6,876.5,199.8,920.0
10418830,stimulus_Arg_PISACowsMilk_10_page_6,883.0,199.8,920.0
10418831,stimulus_Arg_PISACowsMilk_10_page_6,888.7,199.1,920.0
10418832,stimulus_Arg_PISACowsMilk_10_page_6,893.1,198.5,921.0
10418833,stimulus_Arg_PISACowsMilk_10_page_6,896.4,198.0,920.0
10418834,stimulus_Arg_PISACowsMilk_10_page_6,899.5,197.9,919.0
10418835,stimulus_Arg_PISACowsMilk_10_page_6,902.7,197.7,918.0
10418836,stimulus_Arg_PISACowsMilk_10_page_6,905.0,197.4,918.0
10418837,stimulus_Arg_PISACowsMilk_10_page_6,906.6,197.2,917.0
10418838,stimulus_Arg_PISACowsMilk_10_page_6,907.2,197.1,916.0
10418839,stimulus_Arg_PISACowsMilk_10_page_6,907.2,197.1,916.0
10418840,stimulus_Arg_PISACowsMilk_10_page_6,906.4,197.0,915.0
10418841,stimulus_Arg_PISACowsMilk_10_page_6,904.9,196.9,914.0
10418842,stimulus_Arg_PISACowsMilk_10_page_6,903.1,196.6,913.0
10418843,stimulus_Arg_PISACowsMilk_10_page_6,900.7,196.3,913.0
10418844,stimulus_Arg_PISACowsMilk_10_page_6,899.0,196.1,913.0
10418845,stimulus_Arg_PISACowsMilk_10_page_6,896.8,196.6,912.0
10418846,stimulus_Arg_PISACowsMilk_10_page_6,895.0,197.1,911.0
10418847,stimulus_Arg_PISACowsMilk_10_page_6,893.4,197.6,912.0
10418848,stimulus_Arg_PISACowsMilk_10_page_6,892.7,197.8,913.0
10418849,stimulus_Arg_PISACowsMilk_10_page_6,892.3,197.9,914.0
10418850,stimulus_Arg_PISACowsMilk_10_page_6,891.8,198.1,914.0
10418851,stimulus_Arg_PISACowsMilk_10_page_6,891.3,198.5,915.0
10418852,stimulus_Arg_PISACowsMilk_10_page_6,891.1,198.9,915.0
10418853,stimulus_Arg_PISACowsMilk_10_page_6,891.1,199.3,914.0
10418854,stimulus_Arg_PISACowsMilk_10_page_6,891.1,199.3,915.0
10418855,stimulus_Arg_PISACowsMilk_10_page_6,891.3,199.3,915.0
10418856,stimulus_Arg_PISACowsMilk_10_page_6,891.7,199.2,916.0
10418857,stimulus_Arg_PISACowsMilk_10_page_6,892.0,199.1,916.0
10418858,stimulus_Arg_PISACowsMilk_10_page_6,892.3,199.1,916.0
10418859,stimulus_Arg_PISACowsMilk_10_page_6,892.7,199.2,916.0
10418860,stimulus_Arg_PISACowsMilk_10_page_6,893.1,199.2,916.0
10418861,stimulus_Arg_PISACowsMilk_10_page_6,893.3,199.1,916.0
10418862,stimulus_Arg_PISACowsMilk_10_page_6,893.2,199.2,916.0
10418863,stimulus_Arg_PISACowsMilk_10_page_6,893.1,199.3,916.0
10418864,stimulus_Arg_PISACowsMilk_10_page_6,893.3,199.5,915.0
10418865,stimulus_Arg_PISACowsMilk_10_page_6,893.6,199.4,914.0
10418866,stimulus_Arg_PISACowsMilk_10_page_6,893.9,199.4,914.0
10418867,stimulus_Arg_PISACowsMilk_10_page_6,894.3,199.5,915.0
10418868,stimulus_Arg_PISACowsMilk_10_page_6,894.6,199.7,914.0
10418869,stimulus_Arg_PISACowsMilk_10_page_6,894.9,200.0,914.0
10418870,stimulus_Arg_PISACowsMilk_10_page_6,895.0,200.1,914.0
10418871,stimulus_Arg_PISACowsMilk_10_page_6,895.0,200.1,915.0
10418872,stimulus_Arg_PISACowsMilk_10_page_6,894.9,200.0,916.0
10418873,stimulus_Arg_PISACowsMilk_10_page_6,895.0,199.9,916.0
10418874,stimulus_Arg_PISACowsMilk_10_page_6,895.1,200.2,915.0
10418875,stimulus_Arg_PISACowsMilk_10_page_6,895.3,200.5,915.0
10418876,stimulus_Arg_PISACowsMilk_10_page_6,895.5,200.9,914.0
10418877,stimulus_Arg_PISACowsMilk_10_page_6,895.7,200.9,914.0
10418878,stimulus_Arg_PISACowsMilk_10_page_6,895.8,200.9,914.0
10418879,stimulus_Arg_PISACowsMilk_10_page_6,895.8,200.9,914.0
10418880,stimulus_Arg_PISACowsMilk_10_page_6,895.7,200.9,914.0
10418881,stimulus_Arg_PISACowsMilk_10_page_6,895.7,201.0,914.0
10418882,stimulus_Arg_PISACowsMilk_10_page_6,895.6,200.8,914.0
10418883,stimulus_Arg_PISACowsMilk_10_page_6,895.6,200.5,915.0
10418884,stimulus_Arg_PISACowsMilk_10_page_6,895.6,200.1,916.0
10418885,stimulus_Arg_PISACowsMilk_10_page_6,895.7,200.1,916.0
10418886,stimulus_Arg_PISACowsMilk_10_page_6,895.6,200.0,916.0
10418887,stimulus_Arg_PISACowsMilk_10_page_6,895.3,199.9,915.0
10418888,stimulus_Arg_PISACowsMilk_10_page_6,895.1,199.9,915.0
10418889,stimulus_Arg_PISACowsMilk_10_page_6,895.1,199.8,915.0
10418890,stimulus_Arg_PISACowsMilk_10_page_6,895.4,199.8,914.0
10418891,stimulus_Arg_PISACowsMilk_10_page_6,895.6,199.8,914.0
10418892,stimulus_Arg_PISACowsMilk_10_page_6,895.6,199.8,915.0
10418893,stimulus_Arg_PISACowsMilk_10_page_6,895.7,199.9,915.0
10418894,stimulus_Arg_PISACowsMilk_10_page_6,895.8,199.9,916.0
10418895,stimulus_Arg_PISACowsMilk_10_page_6,895.5,200.0,916.0
10418896,stimulus_Arg_PISACowsMilk_10_page_6,895.0,199.7,915.0
10418897,stimulus_Arg_PISACowsMilk_10_page_6,894.7,199.5,915.0
10418898,stimulus_Arg_PISACowsMilk_10_page_6,894.9,199.5,915.0
10418899,stimulus_Arg_PISACowsMilk_10_page_6,895.1,199.8,915.0
10418900,stimulus_Arg_PISACowsMilk_10_page_6,895.2,199.8,915.0
10418901,stimulus_Arg_PISACowsMilk_10_page_6,895.2,199.6,915.0
10418902,stimulus_Arg_PISACowsMilk_10_page_6,895.1,199.7,914.0
10418903,stimulus_Arg_PISACowsMilk_10_page_6,895.2,200.0,914.0
10418904,stimulus_Arg_PISACowsMilk_10_page_6,895.5,200.3,914.0
10418905,stimulus_Arg_PISACowsMilk_10_page_6,895.8,200.4,914.0
10418906,stimulus_Arg_PISACowsMilk_10_page_6,895.7,200.6,915.0
10418907,stimulus_Arg_PISACowsMilk_10_page_6,895.7,200.9,915.0
10418908,stimulus_Arg_PISACowsMilk_10_page_6,895.7,200.9,915.0
10418909,stimulus_Arg_PISACowsMilk_10_page_6,895.6,200.8,914.0
10418910,stimulus_Arg_PISACowsMilk_10_page_6,895.5,200.6,915.0
10418911,stimulus_Arg_PISACowsMilk_10_page_6,895.4,200.6,915.0
10418912,stimulus_Arg_PISACowsMilk_10_page_6,895.4,200.6,916.0
10418913,stimulus_Arg_PISACowsMilk_10_page_6,895.4,200.7,916.0
10418914,stimulus_Arg_PISACowsMilk_10_page_6,895.5,200.7,916.0
10418915,stimulus_Arg_PISACowsMilk_10_page_6,895.8,200.9,915.0
10418916,stimulus_Arg_PISACowsMilk_10_page_6,896.0,201.2,915.0
10418917,stimulus_Arg_PISACowsMilk_10_page_6,896.2,201.2,914.0
10418918,stimulus_Arg_PISACowsMilk_10_page_6,896.4,201.0,915.0
10418919,stimulus_Arg_PISACowsMilk_10_page_6,896.7,200.7,915.0
10418920,stimulus_Arg_PISACowsMilk_10_page_6,896.9,200.9,916.0
10418921,stimulus_Arg_PISACowsMilk_10_page_6,896.8,200.9,916.0
10418922,stimulus_Arg_PISACowsMilk_10_page_6,896.7,201.0,916.0
10418923,stimulus_Arg_PISACowsMilk_10_page_6,896.6,200.9,916.0
10418924,stimulus_Arg_PISACowsMilk_10_page_6,896.3,200.8,916.0
10418925,stimulus_Arg_PISACowsMilk_10_page_6,896.1,200.7,916.0
10418926,stimulus_Arg_PISACowsMilk_10_page_6,896.0,200.7,915.0
10418927,stimulus_Arg_PISACowsMilk_10_page_6,896.0,200.6,915.0
10418928,stimulus_Arg_PISACowsMilk_10_page_6,896.4,200.3,916.0
10418929,stimulus_Arg_PISACowsMilk_10_page_6,896.7,200.0,917.0
10418930,stimulus_Arg_PISACowsMilk_10_page_6,897.0,199.7,916.0
10418931,stimulus_Arg_PISACowsMilk_10_page_6,897.0,199.7,916.0
10418932,stimulus_Arg_PISACowsMilk_10_page_6,897.0,199.6,915.0
10418933,stimulus_Arg_PISACowsMilk_10_page_6,897.1,199.4,916.0
10418934,stimulus_Arg_PISACowsMilk_10_page_6,897.2,199.1,917.0
10418935,stimulus_Arg_PISACowsMilk_10_page_6,897.1,199.0,917.0
10418936,stimulus_Arg_PISACowsMilk_10_page_6,897.1,199.0,918.0
10418937,stimulus_Arg_PISACowsMilk_10_page_6,897.2,199.2,918.0
10418938,stimulus_Arg_PISACowsMilk_10_page_6,897.1,199.3,918.0
10418939,stimulus_Arg_PISACowsMilk_10_page_6,897.0,199.4,918.0
10418940,stimulus_Arg_PISACowsMilk_10_page_6,896.8,199.5,918.0
10418941,stimulus_Arg_PISACowsMilk_10_page_6,896.8,199.2,919.0
10418942,stimulus_Arg_PISACowsMilk_10_page_6,896.8,198.9,919.0
10418943,stimulus_Arg_PISACowsMilk_10_page_6,896.8,198.6,919.0
10418944,stimulus_Arg_PISACowsMilk_10_page_6,896.8,198.4,920.0
10418945,stimulus_Arg_PISACowsMilk_10_page_6,896.8,198.3,920.0
10418946,stimulus_Arg_PISACowsMilk_10_page_6,896.7,198.2,920.0
10418947,stimulus_Arg_PISACowsMilk_10_page_6,896.7,198.3,919.0
10418948,stimulus_Arg_PISACowsMilk_10_page_6,896.7,198.3,918.0
10418949,stimulus_Arg_PISACowsMilk_10_page_6,896.7,198.2,918.0
10418950,stimulus_Arg_PISACowsMilk_10_page_6,896.7,198.1,919.0
10418951,stimulus_Arg_PISACowsMilk_10_page_6,896.7,197.9,919.0
10418952,stimulus_Arg_PISACowsMilk_10_page_6,896.7,197.9,919.0
10418953,stimulus_Arg_PISACowsMilk_10_page_6,896.9,197.8,919.0
10418954,stimulus_Arg_PISACowsMilk_10_page_6,897.1,197.8,919.0
10418955,stimulus_Arg_PISACowsMilk_10_page_6,897.4,197.9,919.0
10418956,stimulus_Arg_PISACowsMilk_10_page_6,897.6,198.0,918.0
10418957,stimulus_Arg_PISACowsMilk_10_page_6,897.7,197.8,918.0
10418958,stimulus_Arg_PISACowsMilk_10_page_6,897.8,197.6,919.0
10418959,stimulus_Arg_PISACowsMilk_10_page_6,897.9,197.4,919.0
10418960,stimulus_Arg_PISACowsMilk_10_page_6,898.1,197.4,919.0
10418961,stimulus_Arg_PISACowsMilk_10_page_6,898.2,197.3,920.0
10418962,stimulus_Arg_PISACowsMilk_10_page_6,897.9,197.2,920.0
10418963,stimulus_Arg_PISACowsMilk_10_page_6,897.5,197.1,920.0
10418964,stimulus_Arg_PISACowsMilk_10_page_6,897.1,197.2,919.0
10418965,stimulus_Arg_PISACowsMilk_10_page_6,897.0,197.2,918.0
10418966,stimulus_Arg_PISACowsMilk_10_page_6,896.9,197.3,918.0
10418967,stimulus_Arg_PISACowsMilk_10_page_6,896.9,197.4,918.0
10418968,stimulus_Arg_PISACowsMilk_10_page_6,896.9,197.6,918.0
10418969,stimulus_Arg_PISACowsMilk_10_page_6,896.9,197.5,919.0
10418970,stimulus_Arg_PISACowsMilk_10_page_6,896.9,197.2,920.0
10418971,stimulus_Arg_PISACowsMilk_10_page_6,896.9,196.9,921.0
10418972,stimulus_Arg_PISACowsMilk_10_page_6,896.9,196.9,920.0
10418973,stimulus_Arg_PISACowsMilk_10_page_6,896.9,197.0,919.0
10418974,stimulus_Arg_PISACowsMilk_10_page_6,896.8,197.2,918.0
10418975,stimulus_Arg_PISACowsMilk_10_page_6,896.6,197.2,917.0
10418976,stimulus_Arg_PISACowsMilk_10_page_6,896.7,197.2,918.0
10418977,stimulus_Arg_PISACowsMilk_10_page_6,896.9,197.2,918.0
10418978,stimulus_Arg_PISACowsMilk_10_page_6,897.1,197.2,919.0
10418979,stimulus_Arg_PISACowsMilk_10_page_6,897.3,197.2,919.0
10418980,stimulus_Arg_PISACowsMilk_10_page_6,897.4,197.2,919.0
10418981,stimulus_Arg_PISACowsMilk_10_page_6,897.6,197.2,919.0
10418982,stimulus_Arg_PISACowsMilk_10_page_6,897.6,197.5,919.0
10418983,stimulus_Arg_PISACowsMilk_10_page_6,897.7,197.8,919.0
10418984,stimulus_Arg_PISACowsMilk_10_page_6,897.8,198.2,919.0
10418985,stimulus_Arg_PISACowsMilk_10_page_6,897.9,198.2,919.0
10418986,stimulus_Arg_PISACowsMilk_10_page_6,897.6,197.9,919.0
10418987,stimulus_Arg_PISACowsMilk_10_page_6,897.2,197.5,919.0
10418988,stimulus_Arg_PISACowsMilk_10_page_6,896.7,197.3,918.0
10418989,stimulus_Arg_PISACowsMilk_10_page_6,896.6,197.3,917.0
10418990,stimulus_Arg_PISACowsMilk_10_page_6,896.3,197.4,916.0
10418991,stimulus_Arg_PISACowsMilk_10_page_6,896.0,197.5,916.0
10418992,stimulus_Arg_PISACowsMilk_10_page_6,895.8,197.8,916.0
10418993,stimulus_Arg_PISACowsMilk_10_page_6,896.4,198.1,915.0
10418994,stimulus_Arg_PISACowsMilk_10_page_6,897.1,198.4,915.0
10418995,stimulus_Arg_PISACowsMilk_10_page_6,899.1,199.1,914.0
10418996,stimulus_Arg_PISACowsMilk_10_page_6,902.0,199.8,914.0
10418997,stimulus_Arg_PISACowsMilk_10_page_6,906.6,200.8,914.0
10418998,stimulus_Arg_PISACowsMilk_10_page_6,911.7,201.3,914.0
10418999,stimulus_Arg_PISACowsMilk_10_page_6,917.8,201.7,916.0
10419000,stimulus_Arg_PISACowsMilk_10_page_6,924.8,202.5,917.0
10419001,stimulus_Arg_PISACowsMilk_10_page_6,932.5,203.3,918.0
10419002,stimulus_Arg_PISACowsMilk_10_page_6,940.4,204.5,918.0
10419003,stimulus_Arg_PISACowsMilk_10_page_6,947.8,205.2,918.0
10419004,stimulus_Arg_PISACowsMilk_10_page_6,954.9,205.6,918.0
10419005,stimulus_Arg_PISACowsMilk_10_page_6,961.5,205.7,917.0
10419006,stimulus_Arg_PISACowsMilk_10_page_6,967.7,205.7,915.0
10419007,stimulus_Arg_PISACowsMilk_10_page_6,973.3,205.3,915.0
10419008,stimulus_Arg_PISACowsMilk_10_page_6,977.7,204.5,914.0
10419009,stimulus_Arg_PISACowsMilk_10_page_6,980.8,203.6,914.0
10419010,stimulus_Arg_PISACowsMilk_10_page_6,982.7,203.3,912.0
10419011,stimulus_Arg_PISACowsMilk_10_page_6,983.2,202.9,911.0
10419012,stimulus_Arg_PISACowsMilk_10_page_6,983.2,202.4,908.0
10419013,stimulus_Arg_PISACowsMilk_10_page_6,982.8,201.9,906.0
10419014,stimulus_Arg_PISACowsMilk_10_page_6,981.3,201.7,904.0
10419015,stimulus_Arg_PISACowsMilk_10_page_6,979.6,201.6,903.0
10419016,stimulus_Arg_PISACowsMilk_10_page_6,977.4,201.5,903.0
10419017,stimulus_Arg_PISACowsMilk_10_page_6,975.4,201.5,903.0
10419018,stimulus_Arg_PISACowsMilk_10_page_6,973.4,201.2,904.0
10419019,stimulus_Arg_PISACowsMilk_10_page_6,971.9,200.9,905.0
10419020,stimulus_Arg_PISACowsMilk_10_page_6,970.7,200.7,905.0
10419021,stimulus_Arg_PISACowsMilk_10_page_6,969.9,200.3,906.0
10419022,stimulus_Arg_PISACowsMilk_10_page_6,969.4,199.9,907.0
10419023,stimulus_Arg_PISACowsMilk_10_page_6,969.1,199.7,907.0
10419024,stimulus_Arg_PISACowsMilk_10_page_6,969.1,200.4,907.0
10419025,stimulus_Arg_PISACowsMilk_10_page_6,969.1,201.1,907.0
10419026,stimulus_Arg_PISACowsMilk_10_page_6,969.1,201.8,907.0
10419027,stimulus_Arg_PISACowsMilk_10_page_6,969.1,202.0,907.0
10419028,stimulus_Arg_PISACowsMilk_10_page_6,969.1,202.4,908.0
10419029,stimulus_Arg_PISACowsMilk_10_page_6,969.4,202.7,908.0
10419030,stimulus_Arg_PISACowsMilk_10_page_6,969.7,203.0,909.0
10419031,stimulus_Arg_PISACowsMilk_10_page_6,970.0,203.0,909.0
10419032,stimulus_Arg_PISACowsMilk_10_page_6,970.0,203.0,909.0
10419033,stimulus_Arg_PISACowsMilk_10_page_6,970.4,203.0,909.0
10419034,stimulus_Arg_PISACowsMilk_10_page_6,970.8,203.1,908.0
10419035,stimulus_Arg_PISACowsMilk_10_page_6,971.2,203.3,907.0
10419036,stimulus_Arg_PISACowsMilk_10_page_6,971.3,203.4,905.0
10419037,stimulus_Arg_PISACowsMilk_10_page_6,971.7,203.3,904.0
10419038,stimulus_Arg_PISACowsMilk_10_page_6,972.0,203.1,905.0
10419039,stimulus_Arg_PISACowsMilk_10_page_6,972.5,202.9,906.0
10419040,stimulus_Arg_PISACowsMilk_10_page_6,972.6,202.8,906.0
10419041,stimulus_Arg_PISACowsMilk_10_page_6,972.7,202.7,906.0
10419042,stimulus_Arg_PISACowsMilk_10_page_6,973.1,202.5,906.0
10419043,stimulus_Arg_PISACowsMilk_10_page_6,973.5,202.4,906.0
10419044,stimulus_Arg_PISACowsMilk_10_page_6,973.9,202.4,906.0
10419045,stimulus_Arg_PISACowsMilk_10_page_6,973.9,202.4,906.0
10419046,stimulus_Arg_PISACowsMilk_10_page_6,974.0,202.6,906.0
10419047,stimulus_Arg_PISACowsMilk_10_page_6,974.0,202.7,906.0
10419048,stimulus_Arg_PISACowsMilk_10_page_6,974.1,202.7,907.0
10419049,stimulus_Arg_PISACowsMilk_10_page_6,974.4,202.6,908.0
10419050,stimulus_Arg_PISACowsMilk_10_page_6,974.6,202.5,908.0
10419051,stimulus_Arg_PISACowsMilk_10_page_6,974.8,202.6,907.0
10419052,stimulus_Arg_PISACowsMilk_10_page_6,974.8,202.5,905.0
10419053,stimulus_Arg_PISACowsMilk_10_page_6,974.8,202.4,903.0
10419054,stimulus_Arg_PISACowsMilk_10_page_6,975.0,202.1,903.0
10419055,stimulus_Arg_PISACowsMilk_10_page_6,975.1,201.9,903.0
10419056,stimulus_Arg_PISACowsMilk_10_page_6,975.1,201.8,903.0
10419057,stimulus_Arg_PISACowsMilk_10_page_6,975.1,201.9,904.0
10419058,stimulus_Arg_PISACowsMilk_10_page_6,975.1,201.9,904.0
10419059,stimulus_Arg_PISACowsMilk_10_page_6,974.9,201.9,904.0
10419060,stimulus_Arg_PISACowsMilk_10_page_6,974.6,202.0,904.0
10419061,stimulus_Arg_PISACowsMilk_10_page_6,974.2,201.8,904.0
10419062,stimulus_Arg_PISACowsMilk_10_page_6,974.2,201.6,904.0
10419063,stimulus_Arg_PISACowsMilk_10_page_6,974.1,201.4,904.0
10419064,stimulus_Arg_PISACowsMilk_10_page_6,974.0,201.4,904.0
10419065,stimulus_Arg_PISACowsMilk_10_page_6,974.0,201.4,904.0
10419066,stimulus_Arg_PISACowsMilk_10_page_6,974.0,201.3,903.0
10419067,stimulus_Arg_PISACowsMilk_10_page_6,974.2,201.1,902.0
10419068,stimulus_Arg_PISACowsMilk_10_page_6,974.3,200.8,901.0
10419069,stimulus_Arg_PISACowsMilk_10_page_6,974.3,200.5,900.0
10419070,stimulus_Arg_PISACowsMilk_10_page_6,974.0,200.3,900.0
10419071,stimulus_Arg_PISACowsMilk_10_page_6,973.7,200.1,902.0
10419072,stimulus_Arg_PISACowsMilk_10_page_6,973.4,200.0,903.0
10419073,stimulus_Arg_PISACowsMilk_10_page_6,973.3,199.9,904.0
10419074,stimulus_Arg_PISACowsMilk_10_page_6,973.3,199.9,904.0
10419075,stimulus_Arg_PISACowsMilk_10_page_6,973.6,199.9,904.0
10419076,stimulus_Arg_PISACowsMilk_10_page_6,974.0,200.0,903.0
10419077,stimulus_Arg_PISACowsMilk_10_page_6,974.1,200.0,902.0
10419078,stimulus_Arg_PISACowsMilk_10_page_6,974.1,199.8,902.0
10419079,stimulus_Arg_PISACowsMilk_10_page_6,974.1,199.7,903.0
10419080,stimulus_Arg_PISACowsMilk_10_page_6,974.1,199.6,903.0
10419081,stimulus_Arg_PISACowsMilk_10_page_6,973.9,199.6,903.0
10419082,stimulus_Arg_PISACowsMilk_10_page_6,973.6,199.7,903.0
10419083,stimulus_Arg_PISACowsMilk_10_page_6,973.4,199.5,902.0
10419084,stimulus_Arg_PISACowsMilk_10_page_6,973.4,199.2,902.0
10419085,stimulus_Arg_PISACowsMilk_10_page_6,973.4,198.9,902.0
10419086,stimulus_Arg_PISACowsMilk_10_page_6,973.4,198.9,902.0
10419087,stimulus_Arg_PISACowsMilk_10_page_6,973.5,198.9,902.0
10419088,stimulus_Arg_PISACowsMilk_10_page_6,973.8,198.8,901.0
10419089,stimulus_Arg_PISACowsMilk_10_page_6,974.1,198.6,901.0
10419090,stimulus_Arg_PISACowsMilk_10_page_6,974.1,198.7,903.0
10419091,stimulus_Arg_PISACowsMilk_10_page_6,974.0,198.8,903.0
10419092,stimulus_Arg_PISACowsMilk_10_page_6,973.9,198.8,902.0
10419093,stimulus_Arg_PISACowsMilk_10_page_6,973.9,198.6,901.0
10419094,stimulus_Arg_PISACowsMilk_10_page_6,973.8,198.5,900.0
10419095,stimulus_Arg_PISACowsMilk_10_page_6,973.7,198.5,898.0
10419096,stimulus_Arg_PISACowsMilk_10_page_6,973.6,198.6,897.0
10419097,stimulus_Arg_PISACowsMilk_10_page_6,973.4,198.5,897.0
10419098,stimulus_Arg_PISACowsMilk_10_page_6,973.5,198.5,897.0
10419099,stimulus_Arg_PISACowsMilk_10_page_6,973.7,198.5,898.0
10419100,stimulus_Arg_PISACowsMilk_10_page_6,974.1,198.8,898.0
10419101,stimulus_Arg_PISACowsMilk_10_page_6,974.2,199.1,898.0
10419102,stimulus_Arg_PISACowsMilk_10_page_6,974.4,199.2,898.0
10419103,stimulus_Arg_PISACowsMilk_10_page_6,974.5,199.2,898.0
10419104,stimulus_Arg_PISACowsMilk_10_page_6,974.1,199.2,898.0
10419105,stimulus_Arg_PISACowsMilk_10_page_6,973.8,199.2,897.0
10419106,stimulus_Arg_PISACowsMilk_10_page_6,973.5,199.3,897.0
10419107,stimulus_Arg_PISACowsMilk_10_page_6,973.6,199.4,897.0
10419108,stimulus_Arg_PISACowsMilk_10_page_6,973.7,199.4,896.0
10419109,stimulus_Arg_PISACowsMilk_10_page_6,973.7,199.4,896.0
10419110,stimulus_Arg_PISACowsMilk_10_page_6,973.7,199.3,896.0
10419111,stimulus_Arg_PISACowsMilk_10_page_6,973.7,199.3,896.0
10419112,stimulus_Arg_PISACowsMilk_10_page_6,973.7,199.3,897.0
10419113,stimulus_Arg_PISACowsMilk_10_page_6,973.7,199.3,896.0
10419114,stimulus_Arg_PISACowsMilk_10_page_6,973.8,199.3,896.0
10419115,stimulus_Arg_PISACowsMilk_10_page_6,973.8,199.4,896.0
10419116,stimulus_Arg_PISACowsMilk_10_page_6,973.7,199.4,896.0
10419117,stimulus_Arg_PISACowsMilk_10_page_6,973.5,199.2,897.0
10419118,stimulus_Arg_PISACowsMilk_10_page_6,973.4,199.0,897.0
10419119,stimulus_Arg_PISACowsMilk_10_page_6,973.4,199.0,896.0
10419120,stimulus_Arg_PISACowsMilk_10_page_6,973.4,199.0,897.0
10419121,stimulus_Arg_PISACowsMilk_10_page_6,973.4,199.1,897.0
10419122,stimulus_Arg_PISACowsMilk_10_page_6,973.4,199.1,897.0
10419123,stimulus_Arg_PISACowsMilk_10_page_6,973.1,199.1,897.0
10419124,stimulus_Arg_PISACowsMilk_10_page_6,972.8,199.2,897.0
10419125,stimulus_Arg_PISACowsMilk_10_page_6,972.5,199.3,896.0
10419126,stimulus_Arg_PISACowsMilk_10_page_6,972.7,199.4,895.0
10419127,stimulus_Arg_PISACowsMilk_10_page_6,972.8,199.6,896.0
10419128,stimulus_Arg_PISACowsMilk_10_page_6,972.9,199.8,896.0
10419129,stimulus_Arg_PISACowsMilk_10_page_6,972.9,200.0,897.0
10419130,stimulus_Arg_PISACowsMilk_10_page_6,972.9,200.0,896.0
10419131,stimulus_Arg_PISACowsMilk_10_page_6,972.8,200.0,896.0
10419132,stimulus_Arg_PISACowsMilk_10_page_6,972.7,200.0,895.0
10419133,stimulus_Arg_PISACowsMilk_10_page_6,972.5,200.0,894.0
10419134,stimulus_Arg_PISACowsMilk_10_page_6,972.4,199.9,893.0
10419135,stimulus_Arg_PISACowsMilk_10_page_6,972.4,199.9,894.0
10419136,stimulus_Arg_PISACowsMilk_10_page_6,972.4,200.1,894.0
10419137,stimulus_Arg_PISACowsMilk_10_page_6,972.3,200.3,895.0
10419138,stimulus_Arg_PISACowsMilk_10_page_6,971.9,200.4,894.0
10419139,stimulus_Arg_PISACowsMilk_10_page_6,971.6,200.4,894.0
10419140,stimulus_Arg_PISACowsMilk_10_page_6,971.4,200.4,894.0
10419141,stimulus_Arg_PISACowsMilk_10_page_6,971.5,200.7,894.0
10419142,stimulus_Arg_PISACowsMilk_10_page_6,971.6,201.0,894.0
10419143,stimulus_Arg_PISACowsMilk_10_page_6,971.5,201.3,893.0
10419144,stimulus_Arg_PISACowsMilk_10_page_6,971.5,201.4,893.0
10419145,stimulus_Arg_PISACowsMilk_10_page_6,971.5,201.7,892.0
10419146,stimulus_Arg_PISACowsMilk_10_page_6,971.4,201.9,891.0
10419147,stimulus_Arg_PISACowsMilk_10_page_6,971.4,202.0,890.0
10419148,stimulus_Arg_PISACowsMilk_10_page_6,971.4,201.9,891.0
10419149,stimulus_Arg_PISACowsMilk_10_page_6,971.4,202.0,891.0
10419150,stimulus_Arg_PISACowsMilk_10_page_6,971.4,202.1,891.0
10419151,stimulus_Arg_PISACowsMilk_10_page_6,971.4,202.1,891.0
10419152,stimulus_Arg_PISACowsMilk_10_page_6,971.4,202.0,891.0
10419153,stimulus_Arg_PISACowsMilk_10_page_6,971.4,202.3,890.0
10419154,stimulus_Arg_PISACowsMilk_10_page_6,971.4,202.6,889.0
10419155,stimulus_Arg_PISACowsMilk_10_page_6,971.5,202.8,889.0
10419156,stimulus_Arg_PISACowsMilk_10_page_6,971.2,202.6,888.0
10419157,stimulus_Arg_PISACowsMilk_10_page_6,971.0,202.6,889.0
10419158,stimulus_Arg_PISACowsMilk_10_page_6,970.8,202.6,889.0
10419159,stimulus_Arg_PISACowsMilk_10_page_6,971.0,202.6,890.0
10419160,stimulus_Arg_PISACowsMilk_10_page_6,971.2,202.6,889.0
10419161,stimulus_Arg_PISACowsMilk_10_page_6,971.4,202.8,889.0
10419162,stimulus_Arg_PISACowsMilk_10_page_6,971.5,203.0,888.0
10419163,stimulus_Arg_PISACowsMilk_10_page_6,971.5,203.2,888.0
10419164,stimulus_Arg_PISACowsMilk_10_page_6,971.5,203.1,888.0
10419165,stimulus_Arg_PISACowsMilk_10_page_6,971.9,203.1,888.0
10419166,stimulus_Arg_PISACowsMilk_10_page_6,972.2,203.0,888.0
10419167,stimulus_Arg_PISACowsMilk_10_page_6,972.6,202.9,888.0
10419168,stimulus_Arg_PISACowsMilk_10_page_6,972.7,202.8,888.0
10419169,stimulus_Arg_PISACowsMilk_10_page_6,972.8,202.8,889.0
10419170,stimulus_Arg_PISACowsMilk_10_page_6,972.8,203.0,889.0
10419171,stimulus_Arg_PISACowsMilk_10_page_6,972.7,203.3,890.0
10419172,stimulus_Arg_PISACowsMilk_10_page_6,972.8,203.6,890.0
10419173,stimulus_Arg_PISACowsMilk_10_page_6,973.0,203.8,890.0
10419174,stimulus_Arg_PISACowsMilk_10_page_6,973.2,203.8,890.0
10419175,stimulus_Arg_PISACowsMilk_10_page_6,973.2,203.8,890.0
10419176,stimulus_Arg_PISACowsMilk_10_page_6,973.4,203.6,890.0
10419177,stimulus_Arg_PISACowsMilk_10_page_6,973.6,203.4,890.0
10419178,stimulus_Arg_PISACowsMilk_10_page_6,973.8,203.1,890.0
10419179,stimulus_Arg_PISACowsMilk_10_page_6,973.8,202.9,891.0
10419180,stimulus_Arg_PISACowsMilk_10_page_6,973.7,202.9,891.0
10419181,stimulus_Arg_PISACowsMilk_10_page_6,973.5,202.9,890.0
10419182,stimulus_Arg_PISACowsMilk_10_page_6,973.3,202.9,890.0
10419183,stimulus_Arg_PISACowsMilk_10_page_6,973.4,202.9,890.0
10419184,stimulus_Arg_PISACowsMilk_10_page_6,973.3,203.0,890.0
10419185,stimulus_Arg_PISACowsMilk_10_page_6,973.3,203.0,889.0
10419186,stimulus_Arg_PISACowsMilk_10_page_6,973.2,203.0,889.0
10419187,stimulus_Arg_PISACowsMilk_10_page_6,973.2,203.0,890.0
10419188,stimulus_Arg_PISACowsMilk_10_page_6,973.3,203.0,891.0
10419189,stimulus_Arg_PISACowsMilk_10_page_6,973.3,203.2,890.0
10419190,stimulus_Arg_PISACowsMilk_10_page_6,973.3,203.4,890.0
10419191,stimulus_Arg_PISACowsMilk_10_page_6,973.2,203.7,889.0
10419192,stimulus_Arg_PISACowsMilk_10_page_6,973.2,203.7,889.0
10419193,stimulus_Arg_PISACowsMilk_10_page_6,973.2,203.6,888.0
10419194,stimulus_Arg_PISACowsMilk_10_page_6,973.1,203.6,888.0
10419195,stimulus_Arg_PISACowsMilk_10_page_6,973.1,203.7,888.0
10419196,stimulus_Arg_PISACowsMilk_10_page_6,973.1,203.7,888.0
10419197,stimulus_Arg_PISACowsMilk_10_page_6,973.1,203.8,888.0
10419198,stimulus_Arg_PISACowsMilk_10_page_6,973.1,203.8,888.0
10419199,stimulus_Arg_PISACowsMilk_10_page_6,973.1,203.6,888.0
10419200,stimulus_Arg_PISACowsMilk_10_page_6,973.1,203.3,888.0
10419201,stimulus_Arg_PISACowsMilk_10_page_6,973.2,203.0,888.0
10419202,stimulus_Arg_PISACowsMilk_10_page_6,973.2,203.1,888.0
10419203,stimulus_Arg_PISACowsMilk_10_page_6,973.2,203.3,888.0
10419204,stimulus_Arg_PISACowsMilk_10_page_6,973.2,203.4,888.0
10419205,stimulus_Arg_PISACowsMilk_10_page_6,973.3,203.3,888.0
10419206,stimulus_Arg_PISACowsMilk_10_page_6,973.3,203.5,887.0
10419207,stimulus_Arg_PISACowsMilk_10_page_6,973.4,203.7,888.0
10419208,stimulus_Arg_PISACowsMilk_10_page_6,973.4,203.8,888.0
10419209,stimulus_Arg_PISACowsMilk_10_page_6,973.5,203.5,888.0
10419210,stimulus_Arg_PISACowsMilk_10_page_6,973.5,203.3,887.0
10419211,stimulus_Arg_PISACowsMilk_10_page_6,973.4,203.2,887.0
10419212,stimulus_Arg_PISACowsMilk_10_page_6,973.2,203.4,887.0
10419213,stimulus_Arg_PISACowsMilk_10_page_6,973.0,203.7,888.0
10419214,stimulus_Arg_PISACowsMilk_10_page_6,972.9,204.0,888.0
10419215,stimulus_Arg_PISACowsMilk_10_page_6,973.0,204.2,888.0
10419216,stimulus_Arg_PISACowsMilk_10_page_6,973.2,204.3,887.0
10419217,stimulus_Arg_PISACowsMilk_10_page_6,973.4,204.3,887.0
10419218,stimulus_Arg_PISACowsMilk_10_page_6,973.6,204.3,886.0
10419219,stimulus_Arg_PISACowsMilk_10_page_6,973.5,204.2,888.0
10419220,stimulus_Arg_PISACowsMilk_10_page_6,973.3,204.2,889.0
10419221,stimulus_Arg_PISACowsMilk_10_page_6,972.9,204.2,891.0
10419222,stimulus_Arg_PISACowsMilk_10_page_6,972.5,204.3,891.0
10419223,stimulus_Arg_PISACowsMilk_10_page_6,972.3,204.5,891.0
10419224,stimulus_Arg_PISACowsMilk_10_page_6,972.3,204.7,891.0
10419225,stimulus_Arg_PISACowsMilk_10_page_6,972.3,204.7,890.0
10419226,stimulus_Arg_PISACowsMilk_10_page_6,972.4,204.7,889.0
10419227,stimulus_Arg_PISACowsMilk_10_page_6,972.6,204.8,888.0
10419228,stimulus_Arg_PISACowsMilk_10_page_6,972.7,204.8,889.0
10419229,stimulus_Arg_PISACowsMilk_10_page_6,972.9,204.8,889.0
10419230,stimulus_Arg_PISACowsMilk_10_page_6,972.9,204.7,889.0
10419231,stimulus_Arg_PISACowsMilk_10_page_6,972.9,204.5,889.0
10419232,stimulus_Arg_PISACowsMilk_10_page_6,973.0,204.3,889.0
10419233,stimulus_Arg_PISACowsMilk_10_page_6,972.9,204.3,889.0
10419234,stimulus_Arg_PISACowsMilk_10_page_6,972.7,204.3,888.0
10419235,stimulus_Arg_PISACowsMilk_10_page_6,972.3,204.3,887.0
10419236,stimulus_Arg_PISACowsMilk_10_page_6,972.1,204.3,887.0
10419237,stimulus_Arg_PISACowsMilk_10_page_6,972.2,204.3,886.0
10419238,stimulus_Arg_PISACowsMilk_10_page_6,972.6,204.3,886.0
10419239,stimulus_Arg_PISACowsMilk_10_page_6,973.0,204.4,887.0
10419240,stimulus_Arg_PISACowsMilk_10_page_6,973.0,204.4,888.0
10419241,stimulus_Arg_PISACowsMilk_10_page_6,973.0,204.4,889.0
10419242,stimulus_Arg_PISACowsMilk_10_page_6,972.7,204.6,889.0
10419243,stimulus_Arg_PISACowsMilk_10_page_6,972.5,204.8,889.0
10419244,stimulus_Arg_PISACowsMilk_10_page_6,972.2,205.0,889.0
10419245,stimulus_Arg_PISACowsMilk_10_page_6,972.4,204.9,889.0
10419246,stimulus_Arg_PISACowsMilk_10_page_6,972.6,204.9,889.0
10419247,stimulus_Arg_PISACowsMilk_10_page_6,972.7,204.9,888.0
10419248,stimulus_Arg_PISACowsMilk_10_page_6,972.6,205.0,888.0
10419249,stimulus_Arg_PISACowsMilk_10_page_6,972.5,205.0,888.0
10419250,stimulus_Arg_PISACowsMilk_10_page_6,972.5,205.0,888.0
10419251,stimulus_Arg_PISACowsMilk_10_page_6,972.8,205.1,888.0
10419252,stimulus_Arg_PISACowsMilk_10_page_6,974.4,205.1,888.0
10419253,stimulus_Arg_PISACowsMilk_10_page_6,977.3,205.6,888.0
10419254,stimulus_Arg_PISACowsMilk_10_page_6,980.9,206.1,888.0
10419255,stimulus_Arg_PISACowsMilk_10_page_6,984.8,206.5,888.0
10419256,stimulus_Arg_PISACowsMilk_10_page_6,989.3,206.4,888.0
10419257,stimulus_Arg_PISACowsMilk_10_page_6,995.4,206.9,888.0
10419258,stimulus_Arg_PISACowsMilk_10_page_6,1001.9,207.6,888.0
10419259,stimulus_Arg_PISACowsMilk_10_page_6,1008.4,207.8,888.0
10419260,stimulus_Arg_PISACowsMilk_10_page_6,1015.2,207.6,888.0
10419261,stimulus_Arg_PISACowsMilk_10_page_6,1022.4,207.3,889.0
10419262,stimulus_Arg_PISACowsMilk_10_page_6,1029.2,207.1,889.0
10419263,stimulus_Arg_PISACowsMilk_10_page_6,1035.3,206.8,888.0
10419264,stimulus_Arg_PISACowsMilk_10_page_6,1041.0,206.5,887.0
10419265,stimulus_Arg_PISACowsMilk_10_page_6,1046.9,206.0,886.0
10419266,stimulus_Arg_PISACowsMilk_10_page_6,1050.8,204.6,885.0
10419267,stimulus_Arg_PISACowsMilk_10_page_6,1053.8,203.2,884.0
10419268,stimulus_Arg_PISACowsMilk_10_page_6,1055.7,202.0,882.0
10419269,stimulus_Arg_PISACowsMilk_10_page_6,1057.3,201.6,882.0
10419270,stimulus_Arg_PISACowsMilk_10_page_6,1059.2,201.5,881.0
10419271,stimulus_Arg_PISACowsMilk_10_page_6,1061.1,201.6,879.0
10419272,stimulus_Arg_PISACowsMilk_10_page_6,1064.1,201.9,878.0
10419273,stimulus_Arg_PISACowsMilk_10_page_6,1066.4,201.7,877.0
10419274,stimulus_Arg_PISACowsMilk_10_page_6,1069.0,201.3,877.0
10419275,stimulus_Arg_PISACowsMilk_10_page_6,1070.3,200.8,876.0
10419276,stimulus_Arg_PISACowsMilk_10_page_6,1072.4,200.8,875.0
10419277,stimulus_Arg_PISACowsMilk_10_page_6,1074.1,201.0,873.0
10419278,stimulus_Arg_PISACowsMilk_10_page_6,1076.4,201.1,872.0
10419279,stimulus_Arg_PISACowsMilk_10_page_6,1078.1,201.2,871.0
10419280,stimulus_Arg_PISACowsMilk_10_page_6,1080.0,201.1,871.0
10419281,stimulus_Arg_PISACowsMilk_10_page_6,1081.5,201.2,872.0
10419282,stimulus_Arg_PISACowsMilk_10_page_6,1082.5,201.3,872.0
10419283,stimulus_Arg_PISACowsMilk_10_page_6,1082.2,201.3,873.0
10419284,stimulus_Arg_PISACowsMilk_10_page_6,1081.6,201.4,873.0
10419285,stimulus_Arg_PISACowsMilk_10_page_6,1080.5,201.4,872.0
10419286,stimulus_Arg_PISACowsMilk_10_page_6,1079.3,201.2,872.0
10419287,stimulus_Arg_PISACowsMilk_10_page_6,1077.5,200.9,873.0
10419288,stimulus_Arg_PISACowsMilk_10_page_6,1075.5,200.7,873.0
10419289,stimulus_Arg_PISACowsMilk_10_page_6,1073.8,200.8,873.0
10419290,stimulus_Arg_PISACowsMilk_10_page_6,1072.4,200.9,874.0
10419291,stimulus_Arg_PISACowsMilk_10_page_6,1071.1,201.0,874.0
10419292,stimulus_Arg_PISACowsMilk_10_page_6,1069.8,200.9,875.0
10419293,stimulus_Arg_PISACowsMilk_10_page_6,1068.8,200.8,876.0
10419294,stimulus_Arg_PISACowsMilk_10_page_6,1068.5,200.7,876.0
10419295,stimulus_Arg_PISACowsMilk_10_page_6,1068.6,200.9,876.0
10419296,stimulus_Arg_PISACowsMilk_10_page_6,1069.0,201.4,878.0
10419297,stimulus_Arg_PISACowsMilk_10_page_6,1069.7,202.1,880.0
10419298,stimulus_Arg_PISACowsMilk_10_page_6,1070.5,202.8,881.0
10419299,stimulus_Arg_PISACowsMilk_10_page_6,1071.0,202.8,882.0
10419300,stimulus_Arg_PISACowsMilk_10_page_6,1071.0,202.5,884.0
10419301,stimulus_Arg_PISACowsMilk_10_page_6,1071.1,202.3,885.0
10419302,stimulus_Arg_PISACowsMilk_10_page_6,1071.4,202.6,885.0
10419303,stimulus_Arg_PISACowsMilk_10_page_6,1071.6,203.0,886.0
10419304,stimulus_Arg_PISACowsMilk_10_page_6,1072.3,203.5,887.0
10419305,stimulus_Arg_PISACowsMilk_10_page_6,1073.0,203.7,887.0
10419306,stimulus_Arg_PISACowsMilk_10_page_6,1073.8,203.8,887.0
10419307,stimulus_Arg_PISACowsMilk_10_page_6,1074.2,203.9,887.0
10419308,stimulus_Arg_PISACowsMilk_10_page_6,1074.4,203.9,887.0
10419309,stimulus_Arg_PISACowsMilk_10_page_6,1074.4,203.9,887.0
10419310,stimulus_Arg_PISACowsMilk_10_page_6,1074.5,203.9,887.0
10419311,stimulus_Arg_PISACowsMilk_10_page_6,1074.6,203.9,887.0
10419312,stimulus_Arg_PISACowsMilk_10_page_6,1074.7,203.8,886.0
10419313,stimulus_Arg_PISACowsMilk_10_page_6,1074.8,203.8,886.0
10419314,stimulus_Arg_PISACowsMilk_10_page_6,1075.0,203.7,885.0
10419315,stimulus_Arg_PISACowsMilk_10_page_6,1075.2,203.4,885.0
10419316,stimulus_Arg_PISACowsMilk_10_page_6,1075.5,203.1,884.0
10419317,stimulus_Arg_PISACowsMilk_10_page_6,1075.7,203.1,884.0
10419318,stimulus_Arg_PISACowsMilk_10_page_6,1075.9,203.3,885.0
10419319,stimulus_Arg_PISACowsMilk_10_page_6,1076.0,203.4,885.0
10419320,stimulus_Arg_PISACowsMilk_10_page_6,1076.0,203.3,886.0
10419321,stimulus_Arg_PISACowsMilk_10_page_6,1076.0,203.1,887.0
10419322,stimulus_Arg_PISACowsMilk_10_page_6,1075.8,203.0,887.0
10419323,stimulus_Arg_PISACowsMilk_10_page_6,1075.6,203.1,887.0
10419324,stimulus_Arg_PISACowsMilk_10_page_6,1075.4,203.2,887.0
10419325,stimulus_Arg_PISACowsMilk_10_page_6,1075.3,203.3,887.0
10419326,stimulus_Arg_PISACowsMilk_10_page_6,1075.1,203.4,888.0
10419327,stimulus_Arg_PISACowsMilk_10_page_6,1074.8,203.3,888.0
10419328,stimulus_Arg_PISACowsMilk_10_page_6,1074.7,203.2,889.0
10419329,stimulus_Arg_PISACowsMilk_10_page_6,1074.7,203.0,889.0
10419330,stimulus_Arg_PISACowsMilk_10_page_6,1074.9,202.9,890.0
10419331,stimulus_Arg_PISACowsMilk_10_page_6,1075.0,202.7,890.0
10419332,stimulus_Arg_PISACowsMilk_10_page_6,1075.0,202.6,889.0
10419333,stimulus_Arg_PISACowsMilk_10_page_6,1074.8,202.6,888.0
10419334,stimulus_Arg_PISACowsMilk_10_page_6,1074.6,202.5,888.0
10419335,stimulus_Arg_PISACowsMilk_10_page_6,1074.5,202.5,888.0
10419336,stimulus_Arg_PISACowsMilk_10_page_6,1074.4,202.4,889.0
10419337,stimulus_Arg_PISACowsMilk_10_page_6,1074.2,202.5,889.0
10419338,stimulus_Arg_PISACowsMilk_10_page_6,1074.0,202.6,890.0
10419339,stimulus_Arg_PISACowsMilk_10_page_6,1073.6,202.6,890.0
10419340,stimulus_Arg_PISACowsMilk_10_page_6,1073.4,202.5,890.0
10419341,stimulus_Arg_PISACowsMilk_10_page_6,1073.3,202.3,890.0
10419342,stimulus_Arg_PISACowsMilk_10_page_6,1073.2,202.5,890.0
10419343,stimulus_Arg_PISACowsMilk_10_page_6,1073.2,202.8,890.0
10419344,stimulus_Arg_PISACowsMilk_10_page_6,1073.3,203.2,891.0
10419345,stimulus_Arg_PISACowsMilk_10_page_6,1073.5,203.3,891.0
10419346,stimulus_Arg_PISACowsMilk_10_page_6,1073.7,203.3,890.0
10419347,stimulus_Arg_PISACowsMilk_10_page_6,1073.8,203.3,890.0
10419348,stimulus_Arg_PISACowsMilk_10_page_6,1074.1,203.2,889.0
10419349,stimulus_Arg_PISACowsMilk_10_page_6,1074.4,203.2,890.0
10419350,stimulus_Arg_PISACowsMilk_10_page_6,1074.6,203.1,890.0
10419351,stimulus_Arg_PISACowsMilk_10_page_6,1074.4,203.0,891.0
10419352,stimulus_Arg_PISACowsMilk_10_page_6,1073.9,202.9,892.0
10419353,stimulus_Arg_PISACowsMilk_10_page_6,1073.4,203.1,891.0
10419354,stimulus_Arg_PISACowsMilk_10_page_6,1073.5,203.3,891.0
10419355,stimulus_Arg_PISACowsMilk_10_page_6,1073.6,203.6,890.0
10419356,stimulus_Arg_PISACowsMilk_10_page_6,1073.9,203.7,891.0
10419357,stimulus_Arg_PISACowsMilk_10_page_6,1073.8,203.8,891.0
10419358,stimulus_Arg_PISACowsMilk_10_page_6,1073.7,203.6,890.0
10419359,stimulus_Arg_PISACowsMilk_10_page_6,1073.6,203.4,891.0
10419360,stimulus_Arg_PISACowsMilk_10_page_6,1073.8,203.4,891.0
10419361,stimulus_Arg_PISACowsMilk_10_page_6,1074.0,203.6,892.0
10419362,stimulus_Arg_PISACowsMilk_10_page_6,1074.2,203.9,891.0
10419363,stimulus_Arg_PISACowsMilk_10_page_6,1074.3,203.9,891.0
10419364,stimulus_Arg_PISACowsMilk_10_page_6,1074.3,204.2,891.0
10419365,stimulus_Arg_PISACowsMilk_10_page_6,1074.3,204.5,892.0
10419366,stimulus_Arg_PISACowsMilk_10_page_6,1074.2,204.6,892.0
10419367,stimulus_Arg_PISACowsMilk_10_page_6,1074.2,204.4,892.0
10419368,stimulus_Arg_PISACowsMilk_10_page_6,1074.2,204.3,892.0
10419369,stimulus_Arg_PISACowsMilk_10_page_6,1074.3,204.3,892.0
10419370,stimulus_Arg_PISACowsMilk_10_page_6,1074.2,204.2,892.0
10419371,stimulus_Arg_PISACowsMilk_10_page_6,1074.3,204.2,893.0
10419372,stimulus_Arg_PISACowsMilk_10_page_6,1074.3,204.6,894.0
10419373,stimulus_Arg_PISACowsMilk_10_page_6,1074.4,205.0,893.0
10419374,stimulus_Arg_PISACowsMilk_10_page_6,1074.3,205.4,893.0
10419375,stimulus_Arg_PISACowsMilk_10_page_6,1074.3,205.2,893.0
10419376,stimulus_Arg_PISACowsMilk_10_page_6,1074.3,205.0,892.0
10419377,stimulus_Arg_PISACowsMilk_10_page_6,1074.3,204.8,892.0
10419378,stimulus_Arg_PISACowsMilk_10_page_6,1074.3,204.7,893.0
10419379,stimulus_Arg_PISACowsMilk_10_page_6,1074.4,204.7,894.0
10419380,stimulus_Arg_PISACowsMilk_10_page_6,1074.5,204.7,894.0
10419381,stimulus_Arg_PISACowsMilk_10_page_6,1074.7,204.6,894.0
10419382,stimulus_Arg_PISACowsMilk_10_page_6,1074.8,204.5,894.0
10419383,stimulus_Arg_PISACowsMilk_10_page_6,1074.8,204.5,895.0
10419384,stimulus_Arg_PISACowsMilk_10_page_6,1074.7,204.5,895.0
10419385,stimulus_Arg_PISACowsMilk_10_page_6,1074.6,204.6,894.0
10419386,stimulus_Arg_PISACowsMilk_10_page_6,1074.6,204.6,894.0
10419387,stimulus_Arg_PISACowsMilk_10_page_6,1074.6,204.7,894.0
10419388,stimulus_Arg_PISACowsMilk_10_page_6,1074.6,204.7,894.0
10419389,stimulus_Arg_PISACowsMilk_10_page_6,1074.5,204.6,894.0
10419390,stimulus_Arg_PISACowsMilk_10_page_6,1074.5,204.5,894.0
10419391,stimulus_Arg_PISACowsMilk_10_page_6,1074.5,204.4,895.0
10419392,stimulus_Arg_PISACowsMilk_10_page_6,1074.5,204.6,895.0
10419393,stimulus_Arg_PISACowsMilk_10_page_6,1074.6,204.6,895.0
10419394,stimulus_Arg_PISACowsMilk_10_page_6,1074.9,204.6,895.0
10419395,stimulus_Arg_PISACowsMilk_10_page_6,1075.1,204.6,895.0
10419396,stimulus_Arg_PISACowsMilk_10_page_6,1075.4,204.6,894.0
10419397,stimulus_Arg_PISACowsMilk_10_page_6,1075.5,204.5,894.0
10419398,stimulus_Arg_PISACowsMilk_10_page_6,1075.5,204.6,895.0
10419399,stimulus_Arg_PISACowsMilk_10_page_6,1075.3,204.8,896.0
10419400,stimulus_Arg_PISACowsMilk_10_page_6,1075.1,205.0,897.0
10419401,stimulus_Arg_PISACowsMilk_10_page_6,1075.0,205.3,897.0
10419402,stimulus_Arg_PISACowsMilk_10_page_6,1075.0,205.4,896.0
10419403,stimulus_Arg_PISACowsMilk_10_page_6,1075.0,205.6,896.0
10419404,stimulus_Arg_PISACowsMilk_10_page_6,1075.0,205.8,896.0
10419405,stimulus_Arg_PISACowsMilk_10_page_6,1074.9,206.0,896.0
10419406,stimulus_Arg_PISACowsMilk_10_page_6,1074.9,206.1,895.0
10419407,stimulus_Arg_PISACowsMilk_10_page_6,1075.0,205.9,895.0
10419408,stimulus_Arg_PISACowsMilk_10_page_6,1075.1,205.6,896.0
10419409,stimulus_Arg_PISACowsMilk_10_page_6,1075.3,205.3,897.0
10419410,stimulus_Arg_PISACowsMilk_10_page_6,1075.3,205.0,898.0
10419411,stimulus_Arg_PISACowsMilk_10_page_6,1075.4,204.8,898.0
10419412,stimulus_Arg_PISACowsMilk_10_page_6,1075.5,204.8,898.0
10419413,stimulus_Arg_PISACowsMilk_10_page_6,1075.6,205.0,898.0
10419414,stimulus_Arg_PISACowsMilk_10_page_6,1075.7,205.2,898.0
10419415,stimulus_Arg_PISACowsMilk_10_page_6,1075.9,205.3,898.0
10419416,stimulus_Arg_PISACowsMilk_10_page_6,1076.1,205.4,898.0
10419417,stimulus_Arg_PISACowsMilk_10_page_6,1076.1,205.4,898.0
10419418,stimulus_Arg_PISACowsMilk_10_page_6,1076.1,205.6,898.0
10419419,stimulus_Arg_PISACowsMilk_10_page_6,1076.1,205.8,898.0
10419420,stimulus_Arg_PISACowsMilk_10_page_6,1076.1,206.0,899.0
10419421,stimulus_Arg_PISACowsMilk_10_page_6,1076.1,206.0,899.0
10419422,stimulus_Arg_PISACowsMilk_10_page_6,1075.9,205.9,899.0
10419423,stimulus_Arg_PISACowsMilk_10_page_6,1075.6,205.8,899.0
10419424,stimulus_Arg_PISACowsMilk_10_page_6,1075.6,205.8,898.0
10419425,stimulus_Arg_PISACowsMilk_10_page_6,1076.0,205.7,897.0
10419426,stimulus_Arg_PISACowsMilk_10_page_6,1076.4,205.7,897.0
10419427,stimulus_Arg_PISACowsMilk_10_page_6,1076.6,205.6,897.0
10419428,stimulus_Arg_PISACowsMilk_10_page_6,1076.4,205.4,898.0
10419429,stimulus_Arg_PISACowsMilk_10_page_6,1076.2,205.2,899.0
10419430,stimulus_Arg_PISACowsMilk_10_page_6,1076.2,205.2,900.0
10419431,stimulus_Arg_PISACowsMilk_10_page_6,1076.4,205.1,900.0
10419432,stimulus_Arg_PISACowsMilk_10_page_6,1076.5,205.0,900.0
10419433,stimulus_Arg_PISACowsMilk_10_page_6,1076.7,204.9,900.0
10419434,stimulus_Arg_PISACowsMilk_10_page_6,1076.9,204.8,900.0
10419435,stimulus_Arg_PISACowsMilk_10_page_6,1077.1,204.8,900.0
10419436,stimulus_Arg_PISACowsMilk_10_page_6,1077.1,204.9,900.0
10419437,stimulus_Arg_PISACowsMilk_10_page_6,1076.9,205.1,900.0
10419438,stimulus_Arg_PISACowsMilk_10_page_6,1076.8,205.2,900.0
10419439,stimulus_Arg_PISACowsMilk_10_page_6,1076.9,205.3,900.0
10419440,stimulus_Arg_PISACowsMilk_10_page_6,1076.9,205.3,901.0
10419441,stimulus_Arg_PISACowsMilk_10_page_6,1077.0,205.4,902.0
10419442,stimulus_Arg_PISACowsMilk_10_page_6,1076.9,205.6,903.0
10419443,stimulus_Arg_PISACowsMilk_10_page_6,1076.9,205.8,903.0
10419444,stimulus_Arg_PISACowsMilk_10_page_6,1076.8,205.8,902.0
10419445,stimulus_Arg_PISACowsMilk_10_page_6,1076.6,206.0,902.0
10419446,stimulus_Arg_PISACowsMilk_10_page_6,1076.4,206.1,902.0
10419447,stimulus_Arg_PISACowsMilk_10_page_6,1076.2,206.3,901.0
10419448,stimulus_Arg_PISACowsMilk_10_page_6,1076.2,206.7,901.0
10419449,stimulus_Arg_PISACowsMilk_10_page_6,1076.2,207.1,902.0
10419450,stimulus_Arg_PISACowsMilk_10_page_6,1076.1,207.3,903.0
10419451,stimulus_Arg_PISACowsMilk_10_page_6,1076.0,207.0,904.0
10419452,stimulus_Arg_PISACowsMilk_10_page_6,1075.9,206.7,903.0
10419453,stimulus_Arg_PISACowsMilk_10_page_6,1075.7,206.6,903.0
10419454,stimulus_Arg_PISACowsMilk_10_page_6,1076.0,206.6,902.0
10419455,stimulus_Arg_PISACowsMilk_10_page_6,1076.5,206.5,903.0
10419456,stimulus_Arg_PISACowsMilk_10_page_6,1076.9,206.5,903.0
10419457,stimulus_Arg_PISACowsMilk_10_page_6,1077.0,206.5,903.0
10419458,stimulus_Arg_PISACowsMilk_10_page_6,1077.0,206.4,902.0
10419459,stimulus_Arg_PISACowsMilk_10_page_6,1077.0,206.4,903.0
10419460,stimulus_Arg_PISACowsMilk_10_page_6,1077.0,206.3,904.0
10419461,stimulus_Arg_PISACowsMilk_10_page_6,1077.0,206.3,905.0
10419462,stimulus_Arg_PISACowsMilk_10_page_6,1077.1,206.3,905.0
10419463,stimulus_Arg_PISACowsMilk_10_page_6,1077.1,206.4,903.0
10419464,stimulus_Arg_PISACowsMilk_10_page_6,1077.2,206.2,902.0
10419465,stimulus_Arg_PISACowsMilk_10_page_6,1077.4,205.8,902.0
10419466,stimulus_Arg_PISACowsMilk_10_page_6,1077.5,205.4,902.0
10419467,stimulus_Arg_PISACowsMilk_10_page_6,1077.6,205.3,903.0
10419468,stimulus_Arg_PISACowsMilk_10_page_6,1077.5,205.1,903.0
10419469,stimulus_Arg_PISACowsMilk_10_page_6,1077.3,205.0,903.0
10419470,stimulus_Arg_PISACowsMilk_10_page_6,1077.2,205.0,902.0
10419471,stimulus_Arg_PISACowsMilk_10_page_6,1077.2,204.8,902.0
10419472,stimulus_Arg_PISACowsMilk_10_page_6,1077.1,204.6,902.0
10419473,stimulus_Arg_PISACowsMilk_10_page_6,1077.0,204.4,903.0
10419474,stimulus_Arg_PISACowsMilk_10_page_6,1076.9,204.3,903.0
10419475,stimulus_Arg_PISACowsMilk_10_page_6,1076.8,204.2,903.0
10419476,stimulus_Arg_PISACowsMilk_10_page_6,1076.6,204.5,904.0
10419477,stimulus_Arg_PISACowsMilk_10_page_6,1076.5,204.7,904.0
10419478,stimulus_Arg_PISACowsMilk_10_page_6,1076.4,205.0,904.0
10419479,stimulus_Arg_PISACowsMilk_10_page_6,1076.3,205.2,903.0
10419480,stimulus_Arg_PISACowsMilk_10_page_6,1076.3,205.4,903.0
10419481,stimulus_Arg_PISACowsMilk_10_page_6,1076.3,205.6,904.0
10419482,stimulus_Arg_PISACowsMilk_10_page_6,1076.3,205.6,905.0
10419483,stimulus_Arg_PISACowsMilk_10_page_6,1076.3,205.5,906.0
10419484,stimulus_Arg_PISACowsMilk_10_page_6,1076.3,205.5,906.0
10419485,stimulus_Arg_PISACowsMilk_10_page_6,1076.3,205.5,906.0
10419486,stimulus_Arg_PISACowsMilk_10_page_6,1076.3,205.6,906.0
10419487,stimulus_Arg_PISACowsMilk_10_page_6,1076.6,205.8,906.0
10419488,stimulus_Arg_PISACowsMilk_10_page_6,1076.8,206.0,906.0
10419489,stimulus_Arg_PISACowsMilk_10_page_6,1076.9,206.0,906.0
10419490,stimulus_Arg_PISACowsMilk_10_page_6,1076.7,205.6,906.0
10419491,stimulus_Arg_PISACowsMilk_10_page_6,1076.5,205.2,905.0
10419492,stimulus_Arg_PISACowsMilk_10_page_6,1076.4,204.9,905.0
10419493,stimulus_Arg_PISACowsMilk_10_page_6,1076.3,204.8,904.0
10419494,stimulus_Arg_PISACowsMilk_10_page_6,1076.1,204.8,904.0
10419495,stimulus_Arg_PISACowsMilk_10_page_6,1075.9,204.9,905.0
10419496,stimulus_Arg_PISACowsMilk_10_page_6,1075.6,204.9,905.0
10419497,stimulus_Arg_PISACowsMilk_10_page_6,1075.6,204.9,906.0
10419498,stimulus_Arg_PISACowsMilk_10_page_6,1075.5,205.1,906.0
10419499,stimulus_Arg_PISACowsMilk_10_page_6,1075.9,205.3,907.0
10419500,stimulus_Arg_PISACowsMilk_10_page_6,1076.3,205.5,907.0
10419501,stimulus_Arg_PISACowsMilk_10_page_6,1076.6,205.4,907.0
10419502,stimulus_Arg_PISACowsMilk_10_page_6,1076.4,205.4,907.0
10419503,stimulus_Arg_PISACowsMilk_10_page_6,1076.1,205.5,907.0
10419504,stimulus_Arg_PISACowsMilk_10_page_6,1076.0,205.7,906.0
10419505,stimulus_Arg_PISACowsMilk_10_page_6,1076.0,205.8,905.0
10419506,stimulus_Arg_PISACowsMilk_10_page_6,1075.6,205.9,904.0
10419507,stimulus_Arg_PISACowsMilk_10_page_6,1075.4,206.0,905.0
10419508,stimulus_Arg_PISACowsMilk_10_page_6,1075.2,206.0,905.0
10419509,stimulus_Arg_PISACowsMilk_10_page_6,1075.3,205.7,905.0
10419510,stimulus_Arg_PISACowsMilk_10_page_6,1075.3,205.3,905.0
10419511,stimulus_Arg_PISACowsMilk_10_page_6,1075.2,205.1,906.0
10419512,stimulus_Arg_PISACowsMilk_10_page_6,1075.1,205.1,906.0
10419513,stimulus_Arg_PISACowsMilk_10_page_6,1075.3,205.7,906.0
10419514,stimulus_Arg_PISACowsMilk_10_page_6,1075.5,206.2,907.0
10419515,stimulus_Arg_PISACowsMilk_10_page_6,1075.8,206.8,907.0
10419516,stimulus_Arg_PISACowsMilk_10_page_6,1075.8,206.8,907.0
10419517,stimulus_Arg_PISACowsMilk_10_page_6,1075.8,206.9,908.0
10419518,stimulus_Arg_PISACowsMilk_10_page_6,1075.8,207.0,908.0
10419519,stimulus_Arg_PISACowsMilk_10_page_6,1075.8,207.0,908.0
10419520,stimulus_Arg_PISACowsMilk_10_page_6,1075.6,206.9,908.0
10419521,stimulus_Arg_PISACowsMilk_10_page_6,1075.3,207.0,908.0
10419522,stimulus_Arg_PISACowsMilk_10_page_6,1074.9,207.1,909.0
10419523,stimulus_Arg_PISACowsMilk_10_page_6,1074.7,207.3,909.0
10419524,stimulus_Arg_PISACowsMilk_10_page_6,1074.7,207.4,910.0
10419525,stimulus_Arg_PISACowsMilk_10_page_6,1074.9,207.5,910.0
10419526,stimulus_Arg_PISACowsMilk_10_page_6,1075.1,207.7,910.0
10419527,stimulus_Arg_PISACowsMilk_10_page_6,1075.4,207.6,911.0
10419528,stimulus_Arg_PISACowsMilk_10_page_6,1075.5,207.6,911.0
10419529,stimulus_Arg_PISACowsMilk_10_page_6,1075.5,207.5,911.0
10419530,stimulus_Arg_PISACowsMilk_10_page_6,1075.5,207.5,911.0
10419531,stimulus_Arg_PISACowsMilk_10_page_6,1075.5,207.6,911.0
10419532,stimulus_Arg_PISACowsMilk_10_page_6,1075.4,207.9,911.0
10419533,stimulus_Arg_PISACowsMilk_10_page_6,1075.4,208.1,912.0
10419534,stimulus_Arg_PISACowsMilk_10_page_6,1075.5,208.4,912.0
10419535,stimulus_Arg_PISACowsMilk_10_page_6,1075.4,208.2,912.0
10419536,stimulus_Arg_PISACowsMilk_10_page_6,1075.4,208.1,912.0
10419537,stimulus_Arg_PISACowsMilk_10_page_6,1075.3,208.1,912.0
10419538,stimulus_Arg_PISACowsMilk_10_page_6,1075.1,208.1,912.0
10419539,stimulus_Arg_PISACowsMilk_10_page_6,1075.1,208.1,913.0
10419540,stimulus_Arg_PISACowsMilk_10_page_6,1075.1,208.1,913.0
10419541,stimulus_Arg_PISACowsMilk_10_page_6,1075.1,208.1,913.0
10419542,stimulus_Arg_PISACowsMilk_10_page_6,1075.1,208.3,914.0
10419543,stimulus_Arg_PISACowsMilk_10_page_6,1075.0,208.3,914.0
10419544,stimulus_Arg_PISACowsMilk_10_page_6,1075.0,208.2,915.0
10419545,stimulus_Arg_PISACowsMilk_10_page_6,1075.0,208.1,914.0
10419546,stimulus_Arg_PISACowsMilk_10_page_6,1075.0,208.1,914.0
10419547,stimulus_Arg_PISACowsMilk_10_page_6,1075.1,208.1,914.0
10419548,stimulus_Arg_PISACowsMilk_10_page_6,1075.1,208.2,913.0
10419549,stimulus_Arg_PISACowsMilk_10_page_6,1075.1,208.2,913.0
10419550,stimulus_Arg_PISACowsMilk_10_page_6,1074.9,208.1,913.0
10419551,stimulus_Arg_PISACowsMilk_10_page_6,1074.8,207.9,914.0
10419552,stimulus_Arg_PISACowsMilk_10_page_6,1074.8,207.7,914.0
10419553,stimulus_Arg_PISACowsMilk_10_page_6,1074.8,207.8,914.0
10419554,stimulus_Arg_PISACowsMilk_10_page_6,1074.9,207.8,914.0
10419555,stimulus_Arg_PISACowsMilk_10_page_6,1074.9,207.8,914.0
10419556,stimulus_Arg_PISACowsMilk_10_page_6,1075.0,207.8,914.0
10419557,stimulus_Arg_PISACowsMilk_10_page_6,1074.9,207.9,914.0
10419558,stimulus_Arg_PISACowsMilk_10_page_6,1074.9,208.0,913.0
10419559,stimulus_Arg_PISACowsMilk_10_page_6,1075.0,208.1,914.0
10419560,stimulus_Arg_PISACowsMilk_10_page_6,1075.1,208.1,916.0
10419561,stimulus_Arg_PISACowsMilk_10_page_6,1075.1,208.0,917.0
10419562,stimulus_Arg_PISACowsMilk_10_page_6,1075.2,207.8,916.0
10419563,stimulus_Arg_PISACowsMilk_10_page_6,1075.2,207.7,916.0
10419564,stimulus_Arg_PISACowsMilk_10_page_6,1075.2,207.7,915.0
10419565,stimulus_Arg_PISACowsMilk_10_page_6,1075.2,207.7,914.0
10419566,stimulus_Arg_PISACowsMilk_10_page_6,1075.2,207.7,914.0
10419567,stimulus_Arg_PISACowsMilk_10_page_6,1075.0,207.8,915.0
10419568,stimulus_Arg_PISACowsMilk_10_page_6,1074.8,207.6,916.0
10419569,stimulus_Arg_PISACowsMilk_10_page_6,1074.6,207.4,916.0
10419570,stimulus_Arg_PISACowsMilk_10_page_6,1074.6,207.3,916.0
10419571,stimulus_Arg_PISACowsMilk_10_page_6,1074.6,207.2,916.0
10419572,stimulus_Arg_PISACowsMilk_10_page_6,1075.0,207.2,916.0
10419573,stimulus_Arg_PISACowsMilk_10_page_6,1075.3,207.1,917.0
10419574,stimulus_Arg_PISACowsMilk_10_page_6,1075.9,207.1,917.0
10419575,stimulus_Arg_PISACowsMilk_10_page_6,1076.1,207.0,917.0
10419576,stimulus_Arg_PISACowsMilk_10_page_6,1076.3,207.0,916.0
10419577,stimulus_Arg_PISACowsMilk_10_page_6,1076.2,206.9,916.0
10419578,stimulus_Arg_PISACowsMilk_10_page_6,1076.2,206.7,915.0
10419579,stimulus_Arg_PISACowsMilk_10_page_6,1076.1,206.5,916.0
10419580,stimulus_Arg_PISACowsMilk_10_page_6,1075.9,206.5,917.0
10419581,stimulus_Arg_PISACowsMilk_10_page_6,1075.7,206.7,917.0
10419582,stimulus_Arg_PISACowsMilk_10_page_6,1075.6,206.9,916.0
10419583,stimulus_Arg_PISACowsMilk_10_page_6,1075.7,207.0,915.0
10419584,stimulus_Arg_PISACowsMilk_10_page_6,1075.7,206.9,915.0
10419585,stimulus_Arg_PISACowsMilk_10_page_6,1075.7,206.7,916.0
10419586,stimulus_Arg_PISACowsMilk_10_page_6,1075.7,206.6,916.0
10419587,stimulus_Arg_PISACowsMilk_10_page_6,1075.7,206.6,916.0
10419588,stimulus_Arg_PISACowsMilk_10_page_6,1075.8,206.5,917.0
10419589,stimulus_Arg_PISACowsMilk_10_page_6,1075.8,206.4,917.0
10419590,stimulus_Arg_PISACowsMilk_10_page_6,1075.8,206.3,918.0
10419591,stimulus_Arg_PISACowsMilk_10_page_6,1075.8,206.2,918.0
10419592,stimulus_Arg_PISACowsMilk_10_page_6,1075.7,206.1,918.0
10419593,stimulus_Arg_PISACowsMilk_10_page_6,1075.5,206.4,918.0
10419594,stimulus_Arg_PISACowsMilk_10_page_6,1075.4,206.7,917.0
10419595,stimulus_Arg_PISACowsMilk_10_page_6,1075.1,206.9,917.0
10419596,stimulus_Arg_PISACowsMilk_10_page_6,1074.8,206.8,917.0
10419597,stimulus_Arg_PISACowsMilk_10_page_6,1074.7,206.7,917.0
10419598,stimulus_Arg_PISACowsMilk_10_page_6,1074.7,206.7,917.0
10419599,stimulus_Arg_PISACowsMilk_10_page_6,1074.7,206.8,917.0
10419600,stimulus_Arg_PISACowsMilk_10_page_6,1074.7,206.8,918.0
10419601,stimulus_Arg_PISACowsMilk_10_page_6,1074.6,206.9,919.0
10419602,stimulus_Arg_PISACowsMilk_10_page_6,1074.5,206.9,919.0
10419603,stimulus_Arg_PISACowsMilk_10_page_6,1074.8,207.0,919.0
10419604,stimulus_Arg_PISACowsMilk_10_page_6,1075.1,207.2,919.0
10419605,stimulus_Arg_PISACowsMilk_10_page_6,1075.4,207.5,920.0
10419606,stimulus_Arg_PISACowsMilk_10_page_6,1075.6,207.7,920.0
10419607,stimulus_Arg_PISACowsMilk_10_page_6,1075.9,207.6,920.0
10419608,stimulus_Arg_PISACowsMilk_10_page_6,1076.3,207.6,920.0
10419609,stimulus_Arg_PISACowsMilk_10_page_6,1076.3,207.6,920.0
10419610,stimulus_Arg_PISACowsMilk_10_page_6,1076.1,207.4,921.0
10419611,stimulus_Arg_PISACowsMilk_10_page_6,1075.8,207.2,922.0
10419612,stimulus_Arg_PISACowsMilk_10_page_6,1075.5,207.0,922.0
10419613,stimulus_Arg_PISACowsMilk_10_page_6,1075.4,207.0,922.0
10419614,stimulus_Arg_PISACowsMilk_10_page_6,1075.2,207.0,921.0
10419615,stimulus_Arg_PISACowsMilk_10_page_6,1075.0,206.7,921.0
10419616,stimulus_Arg_PISACowsMilk_10_page_6,1074.7,206.5,921.0
10419617,stimulus_Arg_PISACowsMilk_10_page_6,1074.6,206.2,921.0
10419618,stimulus_Arg_PISACowsMilk_10_page_6,1074.4,206.2,921.0
10419619,stimulus_Arg_PISACowsMilk_10_page_6,1074.3,206.2,921.0
10419620,stimulus_Arg_PISACowsMilk_10_page_6,1074.4,206.2,922.0
10419621,stimulus_Arg_PISACowsMilk_10_page_6,1074.4,206.4,922.0
10419622,stimulus_Arg_PISACowsMilk_10_page_6,1074.5,206.6,922.0
10419623,stimulus_Arg_PISACowsMilk_10_page_6,1074.5,206.9,923.0
10419624,stimulus_Arg_PISACowsMilk_10_page_6,1074.7,207.0,923.0
10419625,stimulus_Arg_PISACowsMilk_10_page_6,1074.9,207.2,923.0
10419626,stimulus_Arg_PISACowsMilk_10_page_6,1075.0,207.3,923.0
10419627,stimulus_Arg_PISACowsMilk_10_page_6,1074.9,207.3,923.0
10419628,stimulus_Arg_PISACowsMilk_10_page_6,1074.8,207.3,923.0
10419629,stimulus_Arg_PISACowsMilk_10_page_6,1074.7,207.2,923.0
10419630,stimulus_Arg_PISACowsMilk_10_page_6,1074.7,207.1,923.0
10419631,stimulus_Arg_PISACowsMilk_10_page_6,1074.5,206.9,924.0
10419632,stimulus_Arg_PISACowsMilk_10_page_6,1074.2,206.8,924.0
10419633,stimulus_Arg_PISACowsMilk_10_page_6,1074.0,206.8,924.0
10419634,stimulus_Arg_PISACowsMilk_10_page_6,1074.0,206.7,924.0
10419635,stimulus_Arg_PISACowsMilk_10_page_6,1074.1,206.6,924.0
10419636,stimulus_Arg_PISACowsMilk_10_page_6,1074.4,206.6,924.0
10419637,stimulus_Arg_PISACowsMilk_10_page_6,1074.6,206.9,924.0
10419638,stimulus_Arg_PISACowsMilk_10_page_6,1074.7,207.2,924.0
10419639,stimulus_Arg_PISACowsMilk_10_page_6,1074.5,207.5,924.0
10419640,stimulus_Arg_PISACowsMilk_10_page_6,1074.4,207.6,924.0
10419641,stimulus_Arg_PISACowsMilk_10_page_6,1074.6,207.6,924.0
10419642,stimulus_Arg_PISACowsMilk_10_page_6,1074.9,207.5,924.0
10419643,stimulus_Arg_PISACowsMilk_10_page_6,1075.1,207.4,924.0
10419644,stimulus_Arg_PISACowsMilk_10_page_6,1074.9,207.5,924.0
10419645,stimulus_Arg_PISACowsMilk_10_page_6,1074.7,207.7,924.0
10419646,stimulus_Arg_PISACowsMilk_10_page_6,1074.6,208.0,924.0
10419647,stimulus_Arg_PISACowsMilk_10_page_6,1074.6,208.0,924.0
10419648,stimulus_Arg_PISACowsMilk_10_page_6,1074.5,207.9,925.0
10419649,stimulus_Arg_PISACowsMilk_10_page_6,1074.2,207.8,925.0
10419650,stimulus_Arg_PISACowsMilk_10_page_6,1073.8,207.8,925.0
10419651,stimulus_Arg_PISACowsMilk_10_page_6,1073.6,207.8,925.0
10419652,stimulus_Arg_PISACowsMilk_10_page_6,1073.6,207.7,925.0
10419653,stimulus_Arg_PISACowsMilk_10_page_6,1073.8,207.6,926.0
10419654,stimulus_Arg_PISACowsMilk_10_page_6,1074.0,207.5,926.0
10419655,stimulus_Arg_PISACowsMilk_10_page_6,1074.3,207.6,926.0
10419656,stimulus_Arg_PISACowsMilk_10_page_6,1074.4,207.6,926.0
10419657,stimulus_Arg_PISACowsMilk_10_page_6,1074.4,207.6,927.0
10419658,stimulus_Arg_PISACowsMilk_10_page_6,1074.1,207.7,927.0
10419659,stimulus_Arg_PISACowsMilk_10_page_6,1073.8,207.7,926.0
10419660,stimulus_Arg_PISACowsMilk_10_page_6,1073.6,207.7,925.0
10419661,stimulus_Arg_PISACowsMilk_10_page_6,1073.7,207.7,924.0
10419662,stimulus_Arg_PISACowsMilk_10_page_6,1074.4,207.7,926.0
10419663,stimulus_Arg_PISACowsMilk_10_page_6,1075.3,207.8,927.0
10419664,stimulus_Arg_PISACowsMilk_10_page_6,1077.0,207.9,930.0
10419665,stimulus_Arg_PISACowsMilk_10_page_6,1078.7,208.1,930.0
10419666,stimulus_Arg_PISACowsMilk_10_page_6,1080.8,208.4,930.0
10419667,stimulus_Arg_PISACowsMilk_10_page_6,1083.9,209.0,928.0
10419668,stimulus_Arg_PISACowsMilk_10_page_6,1088.2,209.8,929.0
10419669,stimulus_Arg_PISACowsMilk_10_page_6,1094.1,211.0,931.0
10419670,stimulus_Arg_PISACowsMilk_10_page_6,1099.6,211.6,934.0
10419671,stimulus_Arg_PISACowsMilk_10_page_6,1105.1,212.5,935.0
10419672,stimulus_Arg_PISACowsMilk_10_page_6,1111.0,213.0,935.0
10419673,stimulus_Arg_PISACowsMilk_10_page_6,1117.6,213.5,936.0
10419674,stimulus_Arg_PISACowsMilk_10_page_6,1123.6,213.7,936.0
10419675,stimulus_Arg_PISACowsMilk_10_page_6,1128.1,214.3,936.0
10419676,stimulus_Arg_PISACowsMilk_10_page_6,1130.9,214.8,935.0
10419677,stimulus_Arg_PISACowsMilk_10_page_6,1134.0,215.4,933.0
10419678,stimulus_Arg_PISACowsMilk_10_page_6,1136.3,215.1,932.0
10419679,stimulus_Arg_PISACowsMilk_10_page_6,1138.8,214.4,931.0
10419680,stimulus_Arg_PISACowsMilk_10_page_6,1139.7,213.7,931.0
10419681,stimulus_Arg_PISACowsMilk_10_page_6,1140.4,213.4,928.0
10419682,stimulus_Arg_PISACowsMilk_10_page_6,1140.2,213.4,927.0
10419683,stimulus_Arg_PISACowsMilk_10_page_6,1139.4,213.1,925.0
10419684,stimulus_Arg_PISACowsMilk_10_page_6,1138.2,212.8,925.0
10419685,stimulus_Arg_PISACowsMilk_10_page_6,1136.5,212.5,924.0
10419686,stimulus_Arg_PISACowsMilk_10_page_6,1134.9,212.5,923.0
10419687,stimulus_Arg_PISACowsMilk_10_page_6,1132.7,212.7,924.0
10419688,stimulus_Arg_PISACowsMilk_10_page_6,1131.1,212.8,924.0
10419689,stimulus_Arg_PISACowsMilk_10_page_6,1129.9,212.8,924.0
10419690,stimulus_Arg_PISACowsMilk_10_page_6,1129.4,212.8,925.0
10419691,stimulus_Arg_PISACowsMilk_10_page_6,1128.9,212.9,927.0
10419692,stimulus_Arg_PISACowsMilk_10_page_6,1128.3,213.0,928.0
10419693,stimulus_Arg_PISACowsMilk_10_page_6,1128.2,213.0,929.0
10419694,stimulus_Arg_PISACowsMilk_10_page_6,1128.1,213.1,929.0
10419695,stimulus_Arg_PISACowsMilk_10_page_6,1127.5,213.1,929.0
10419696,stimulus_Arg_PISACowsMilk_10_page_6,1126.6,213.2,930.0
10419697,stimulus_Arg_PISACowsMilk_10_page_6,1125.7,213.6,931.0
10419698,stimulus_Arg_PISACowsMilk_10_page_6,1125.3,213.8,932.0
10419699,stimulus_Arg_PISACowsMilk_10_page_6,1125.1,214.2,932.0
10419700,stimulus_Arg_PISACowsMilk_10_page_6,1125.1,214.6,932.0
10419701,stimulus_Arg_PISACowsMilk_10_page_6,1125.1,215.0,932.0
10419702,stimulus_Arg_PISACowsMilk_10_page_6,1125.2,215.3,932.0
10419703,stimulus_Arg_PISACowsMilk_10_page_6,1125.3,215.3,933.0
10419704,stimulus_Arg_PISACowsMilk_10_page_6,1125.5,215.4,932.0
10419705,stimulus_Arg_PISACowsMilk_10_page_6,1125.8,215.4,932.0
10419706,stimulus_Arg_PISACowsMilk_10_page_6,1125.8,215.6,931.0
10419707,stimulus_Arg_PISACowsMilk_10_page_6,1125.8,215.8,932.0
10419708,stimulus_Arg_PISACowsMilk_10_page_6,1125.8,216.1,932.0
10419709,stimulus_Arg_PISACowsMilk_10_page_6,1125.8,216.2,933.0
10419710,stimulus_Arg_PISACowsMilk_10_page_6,1126.0,216.1,933.0
10419711,stimulus_Arg_PISACowsMilk_10_page_6,1126.2,216.0,934.0
10419712,stimulus_Arg_PISACowsMilk_10_page_6,1126.5,215.8,934.0
10419713,stimulus_Arg_PISACowsMilk_10_page_6,1126.8,215.8,934.0
10419714,stimulus_Arg_PISACowsMilk_10_page_6,1127.1,215.7,935.0
10419715,stimulus_Arg_PISACowsMilk_10_page_6,1127.1,215.6,935.0
10419716,stimulus_Arg_PISACowsMilk_10_page_6,1127.4,215.5,935.0
10419717,stimulus_Arg_PISACowsMilk_10_page_6,1127.7,215.5,935.0
10419718,stimulus_Arg_PISACowsMilk_10_page_6,1128.0,215.5,936.0
10419719,stimulus_Arg_PISACowsMilk_10_page_6,1128.0,215.5,936.0
10419720,stimulus_Arg_PISACowsMilk_10_page_6,1128.1,215.5,936.0
10419721,stimulus_Arg_PISACowsMilk_10_page_6,1128.1,215.5,936.0
10419722,stimulus_Arg_PISACowsMilk_10_page_6,1128.1,215.5,936.0
10419723,stimulus_Arg_PISACowsMilk_10_page_6,1128.4,215.4,936.0
10419724,stimulus_Arg_PISACowsMilk_10_page_6,1128.5,215.2,936.0
10419725,stimulus_Arg_PISACowsMilk_10_page_6,1128.4,215.1,936.0
10419726,stimulus_Arg_PISACowsMilk_10_page_6,1128.2,215.1,936.0
10419727,stimulus_Arg_PISACowsMilk_10_page_6,1128.0,215.0,936.0
10419728,stimulus_Arg_PISACowsMilk_10_page_6,1128.0,215.0,936.0
10419729,stimulus_Arg_PISACowsMilk_10_page_6,1127.9,215.2,936.0
10419730,stimulus_Arg_PISACowsMilk_10_page_6,1127.8,215.4,936.0
10419731,stimulus_Arg_PISACowsMilk_10_page_6,1127.7,215.5,936.0
10419732,stimulus_Arg_PISACowsMilk_10_page_6,1127.8,215.5,936.0
10419733,stimulus_Arg_PISACowsMilk_10_page_6,1127.9,215.4,935.0
10419734,stimulus_Arg_PISACowsMilk_10_page_6,1128.0,215.4,935.0
10419735,stimulus_Arg_PISACowsMilk_10_page_6,1128.1,215.6,936.0
10419736,stimulus_Arg_PISACowsMilk_10_page_6,1128.0,215.7,936.0
10419737,stimulus_Arg_PISACowsMilk_10_page_6,1128.0,215.9,936.0
10419738,stimulus_Arg_PISACowsMilk_10_page_6,1127.9,215.9,937.0
10419739,stimulus_Arg_PISACowsMilk_10_page_6,1127.9,216.0,937.0
10419740,stimulus_Arg_PISACowsMilk_10_page_6,1128.0,216.1,937.0
10419741,stimulus_Arg_PISACowsMilk_10_page_6,1128.0,216.2,937.0
10419742,stimulus_Arg_PISACowsMilk_10_page_6,1128.0,216.2,937.0
10419743,stimulus_Arg_PISACowsMilk_10_page_6,1128.0,216.1,937.0
10419744,stimulus_Arg_PISACowsMilk_10_page_6,1128.0,216.1,937.0
10419745,stimulus_Arg_PISACowsMilk_10_page_6,1128.1,216.3,938.0
10419746,stimulus_Arg_PISACowsMilk_10_page_6,1128.1,216.6,938.0
10419747,stimulus_Arg_PISACowsMilk_10_page_6,1128.0,216.8,938.0
10419748,stimulus_Arg_PISACowsMilk_10_page_6,1128.1,216.6,939.0
10419749,stimulus_Arg_PISACowsMilk_10_page_6,1128.2,216.5,941.0
10419750,stimulus_Arg_PISACowsMilk_10_page_6,1128.3,216.3,942.0
10419751,stimulus_Arg_PISACowsMilk_10_page_6,1128.3,216.3,942.0
10419752,stimulus_Arg_PISACowsMilk_10_page_6,1128.2,216.2,941.0
10419753,stimulus_Arg_PISACowsMilk_10_page_6,1128.2,216.0,941.0
10419754,stimulus_Arg_PISACowsMilk_10_page_6,1128.1,215.8,941.0
10419755,stimulus_Arg_PISACowsMilk_10_page_6,1128.2,215.6,941.0
10419756,stimulus_Arg_PISACowsMilk_10_page_6,1128.3,215.6,942.0
10419757,stimulus_Arg_PISACowsMilk_10_page_6,1128.4,215.8,941.0
10419758,stimulus_Arg_PISACowsMilk_10_page_6,1128.5,216.0,941.0
10419759,stimulus_Arg_PISACowsMilk_10_page_6,1128.6,216.1,940.0
10419760,stimulus_Arg_PISACowsMilk_10_page_6,1128.7,216.3,940.0
10419761,stimulus_Arg_PISACowsMilk_10_page_6,1128.8,216.4,940.0
10419762,stimulus_Arg_PISACowsMilk_10_page_6,1128.7,216.6,940.0
10419763,stimulus_Arg_PISACowsMilk_10_page_6,1128.6,216.7,940.0
10419764,stimulus_Arg_PISACowsMilk_10_page_6,1128.5,216.8,941.0
10419765,stimulus_Arg_PISACowsMilk_10_page_6,1128.3,216.8,942.0
10419766,stimulus_Arg_PISACowsMilk_10_page_6,1128.1,216.8,942.0
10419767,stimulus_Arg_PISACowsMilk_10_page_6,1128.1,216.6,942.0
10419768,stimulus_Arg_PISACowsMilk_10_page_6,1128.4,216.5,943.0
10419769,stimulus_Arg_PISACowsMilk_10_page_6,1128.7,216.4,943.0
10419770,stimulus_Arg_PISACowsMilk_10_page_6,1128.7,216.3,943.0
10419771,stimulus_Arg_PISACowsMilk_10_page_6,1128.8,216.3,943.0
10419772,stimulus_Arg_PISACowsMilk_10_page_6,1129.0,216.3,942.0
10419773,stimulus_Arg_PISACowsMilk_10_page_6,1129.1,216.5,942.0
10419774,stimulus_Arg_PISACowsMilk_10_page_6,1129.1,216.5,942.0
10419775,stimulus_Arg_PISACowsMilk_10_page_6,1129.2,216.3,941.0
10419776,stimulus_Arg_PISACowsMilk_10_page_6,1129.3,216.2,941.0
10419777,stimulus_Arg_PISACowsMilk_10_page_6,1129.6,216.2,940.0
10419778,stimulus_Arg_PISACowsMilk_10_page_6,1130.0,216.2,941.0
10419779,stimulus_Arg_PISACowsMilk_10_page_6,1130.2,216.2,941.0
10419780,stimulus_Arg_PISACowsMilk_10_page_6,1130.0,215.9,941.0
10419781,stimulus_Arg_PISACowsMilk_10_page_6,1129.8,215.7,942.0
10419782,stimulus_Arg_PISACowsMilk_10_page_6,1129.7,215.5,942.0
10419783,stimulus_Arg_PISACowsMilk_10_page_6,1129.7,215.3,942.0
10419784,stimulus_Arg_PISACowsMilk_10_page_6,1129.7,215.0,942.0
10419785,stimulus_Arg_PISACowsMilk_10_page_6,1129.7,214.7,941.0
10419786,stimulus_Arg_PISACowsMilk_10_page_6,1129.7,214.8,941.0
10419787,stimulus_Arg_PISACowsMilk_10_page_6,1129.8,214.8,941.0
10419788,stimulus_Arg_PISACowsMilk_10_page_6,1129.9,214.9,941.0
10419789,stimulus_Arg_PISACowsMilk_10_page_6,1130.0,214.6,941.0
10419790,stimulus_Arg_PISACowsMilk_10_page_6,1130.1,214.4,941.0
10419791,stimulus_Arg_PISACowsMilk_10_page_6,1130.0,214.1,941.0
10419792,stimulus_Arg_PISACowsMilk_10_page_6,1130.0,214.2,940.0
10419793,stimulus_Arg_PISACowsMilk_10_page_6,1130.0,214.2,940.0
10419794,stimulus_Arg_PISACowsMilk_10_page_6,1130.0,214.3,940.0
10419795,stimulus_Arg_PISACowsMilk_10_page_6,1130.0,214.3,939.0
10419796,stimulus_Arg_PISACowsMilk_10_page_6,1130.2,214.4,939.0
10419797,stimulus_Arg_PISACowsMilk_10_page_6,1130.4,214.5,938.0
10419798,stimulus_Arg_PISACowsMilk_10_page_6,1130.6,214.6,938.0
10419799,stimulus_Arg_PISACowsMilk_10_page_6,1130.7,214.6,938.0
10419800,stimulus_Arg_PISACowsMilk_10_page_6,1130.8,214.5,938.0
10419801,stimulus_Arg_PISACowsMilk_10_page_6,1130.9,214.2,938.0
10419802,stimulus_Arg_PISACowsMilk_10_page_6,1131.0,214.1,938.0
10419803,stimulus_Arg_PISACowsMilk_10_page_6,1131.2,213.8,938.0
10419804,stimulus_Arg_PISACowsMilk_10_page_6,1131.4,213.7,939.0
10419805,stimulus_Arg_PISACowsMilk_10_page_6,1131.6,213.7,940.0
10419806,stimulus_Arg_PISACowsMilk_10_page_6,1131.6,213.7,941.0
10419807,stimulus_Arg_PISACowsMilk_10_page_6,1131.6,213.7,942.0
10419808,stimulus_Arg_PISACowsMilk_10_page_6,1131.6,213.7,942.0
10419809,stimulus_Arg_PISACowsMilk_10_page_6,1131.8,213.7,942.0
10419810,stimulus_Arg_PISACowsMilk_10_page_6,1132.1,213.7,942.0
10419811,stimulus_Arg_PISACowsMilk_10_page_6,1132.4,213.8,941.0
10419812,stimulus_Arg_PISACowsMilk_10_page_6,1132.4,214.0,940.0
10419813,stimulus_Arg_PISACowsMilk_10_page_6,1132.3,214.4,940.0
10419814,stimulus_Arg_PISACowsMilk_10_page_6,1132.4,214.5,940.0
10419815,stimulus_Arg_PISACowsMilk_10_page_6,1132.5,214.7,940.0
10419816,stimulus_Arg_PISACowsMilk_10_page_6,1132.6,214.7,940.0
10419817,stimulus_Arg_PISACowsMilk_10_page_6,1132.5,214.7,940.0
10419818,stimulus_Arg_PISACowsMilk_10_page_6,1132.3,214.6,940.0
10419819,stimulus_Arg_PISACowsMilk_10_page_6,1132.2,214.9,941.0
10419820,stimulus_Arg_PISACowsMilk_10_page_6,1132.2,215.2,941.0
10419821,stimulus_Arg_PISACowsMilk_10_page_6,1132.2,215.2,942.0
10419822,stimulus_Arg_PISACowsMilk_10_page_6,1132.4,215.0,943.0
10419823,stimulus_Arg_PISACowsMilk_10_page_6,1132.4,214.8,943.0
10419824,stimulus_Arg_PISACowsMilk_10_page_6,1132.5,214.9,942.0
10419825,stimulus_Arg_PISACowsMilk_10_page_6,1132.6,214.8,941.0
10419826,stimulus_Arg_PISACowsMilk_10_page_6,1132.6,214.6,942.0
10419827,stimulus_Arg_PISACowsMilk_10_page_6,1132.5,214.4,942.0
10419828,stimulus_Arg_PISACowsMilk_10_page_6,1132.5,214.5,942.0
10419829,stimulus_Arg_PISACowsMilk_10_page_6,1132.5,214.7,942.0
10419830,stimulus_Arg_PISACowsMilk_10_page_6,1132.6,214.9,942.0
10419831,stimulus_Arg_PISACowsMilk_10_page_6,1132.8,215.1,942.0
10419832,stimulus_Arg_PISACowsMilk_10_page_6,1133.0,215.3,942.0
10419833,stimulus_Arg_PISACowsMilk_10_page_6,1132.9,215.5,941.0
10419834,stimulus_Arg_PISACowsMilk_10_page_6,1132.9,215.1,940.0
10419835,stimulus_Arg_PISACowsMilk_10_page_6,1132.8,214.9,940.0
10419836,stimulus_Arg_PISACowsMilk_10_page_6,1132.8,214.8,941.0
10419837,stimulus_Arg_PISACowsMilk_10_page_6,1132.9,214.8,941.0
10419838,stimulus_Arg_PISACowsMilk_10_page_6,1132.9,214.8,942.0
10419839,stimulus_Arg_PISACowsMilk_10_page_6,1132.7,214.8,943.0
10419840,stimulus_Arg_PISACowsMilk_10_page_6,1132.6,214.8,944.0
10419841,stimulus_Arg_PISACowsMilk_10_page_6,1132.4,214.9,944.0
10419842,stimulus_Arg_PISACowsMilk_10_page_6,1132.4,215.0,943.0
10419843,stimulus_Arg_PISACowsMilk_10_page_6,1132.4,215.1,943.0
10419844,stimulus_Arg_PISACowsMilk_10_page_6,1132.5,215.2,942.0
10419845,stimulus_Arg_PISACowsMilk_10_page_6,1132.5,215.2,942.0
10419846,stimulus_Arg_PISACowsMilk_10_page_6,1132.6,215.2,943.0
10419847,stimulus_Arg_PISACowsMilk_10_page_6,1132.6,215.2,943.0
10419848,stimulus_Arg_PISACowsMilk_10_page_6,1132.5,215.2,943.0
10419849,stimulus_Arg_PISACowsMilk_10_page_6,1132.4,215.2,944.0
10419850,stimulus_Arg_PISACowsMilk_10_page_6,1132.4,215.0,944.0
10419851,stimulus_Arg_PISACowsMilk_10_page_6,1132.2,214.7,944.0
10419852,stimulus_Arg_PISACowsMilk_10_page_6,1132.0,214.4,943.0
10419853,stimulus_Arg_PISACowsMilk_10_page_6,1131.8,214.4,943.0
10419854,stimulus_Arg_PISACowsMilk_10_page_6,1131.8,214.4,943.0
10419855,stimulus_Arg_PISACowsMilk_10_page_6,1131.7,214.5,943.0
10419856,stimulus_Arg_PISACowsMilk_10_page_6,1131.8,214.6,943.0
10419857,stimulus_Arg_PISACowsMilk_10_page_6,1131.9,214.7,943.0
10419858,stimulus_Arg_PISACowsMilk_10_page_6,1132.0,214.9,943.0
10419859,stimulus_Arg_PISACowsMilk_10_page_6,1132.1,215.0,943.0
10419860,stimulus_Arg_PISACowsMilk_10_page_6,1132.2,215.1,944.0
10419861,stimulus_Arg_PISACowsMilk_10_page_6,1132.2,215.0,944.0
10419862,stimulus_Arg_PISACowsMilk_10_page_6,1132.2,214.9,943.0
10419863,stimulus_Arg_PISACowsMilk_10_page_6,1132.1,214.9,943.0
10419864,stimulus_Arg_PISACowsMilk_10_page_6,1132.0,214.8,943.0
10419865,stimulus_Arg_PISACowsMilk_10_page_6,1131.9,214.9,943.0
10419866,stimulus_Arg_PISACowsMilk_10_page_6,1131.8,214.9,942.0
10419867,stimulus_Arg_PISACowsMilk_10_page_6,1131.5,214.9,942.0
10419868,stimulus_Arg_PISACowsMilk_10_page_6,1131.3,214.9,941.0
10419869,stimulus_Arg_PISACowsMilk_10_page_6,1131.0,214.7,942.0
10419870,stimulus_Arg_PISACowsMilk_10_page_6,1130.9,214.6,942.0
10419871,stimulus_Arg_PISACowsMilk_10_page_6,1130.7,214.9,943.0
10419872,stimulus_Arg_PISACowsMilk_10_page_6,1130.7,215.3,943.0
10419873,stimulus_Arg_PISACowsMilk_10_page_6,1130.6,215.8,943.0
10419874,stimulus_Arg_PISACowsMilk_10_page_6,1130.6,215.7,942.0
10419875,stimulus_Arg_PISACowsMilk_10_page_6,1130.6,215.7,942.0
10419876,stimulus_Arg_PISACowsMilk_10_page_6,1130.7,215.5,943.0
10419877,stimulus_Arg_PISACowsMilk_10_page_6,1130.9,215.4,943.0
10419878,stimulus_Arg_PISACowsMilk_10_page_6,1131.1,215.4,944.0
10419879,stimulus_Arg_PISACowsMilk_10_page_6,1131.3,215.4,944.0
10419880,stimulus_Arg_PISACowsMilk_10_page_6,1131.2,215.4,944.0
10419881,stimulus_Arg_PISACowsMilk_10_page_6,1131.0,215.2,943.0
10419882,stimulus_Arg_PISACowsMilk_10_page_6,1130.9,215.0,943.0
10419883,stimulus_Arg_PISACowsMilk_10_page_6,1130.9,214.8,943.0
10419884,stimulus_Arg_PISACowsMilk_10_page_6,1130.5,214.7,943.0
10419885,stimulus_Arg_PISACowsMilk_10_page_6,1130.2,214.8,943.0
10419886,stimulus_Arg_PISACowsMilk_10_page_6,1130.0,214.8,943.0
10419887,stimulus_Arg_PISACowsMilk_10_page_6,1130.2,214.8,944.0
10419888,stimulus_Arg_PISACowsMilk_10_page_6,1130.4,214.9,944.0
10419889,stimulus_Arg_PISACowsMilk_10_page_6,1130.6,215.0,944.0
10419890,stimulus_Arg_PISACowsMilk_10_page_6,1130.5,215.2,943.0
10419891,stimulus_Arg_PISACowsMilk_10_page_6,1130.3,215.5,943.0
10419892,stimulus_Arg_PISACowsMilk_10_page_6,1130.1,215.6,944.0
10419893,stimulus_Arg_PISACowsMilk_10_page_6,1130.0,215.5,944.0
10419894,stimulus_Arg_PISACowsMilk_10_page_6,1130.0,215.5,943.0
10419895,stimulus_Arg_PISACowsMilk_10_page_6,1130.0,215.6,943.0
10419896,stimulus_Arg_PISACowsMilk_10_page_6,1130.0,215.6,943.0
10419897,stimulus_Arg_PISACowsMilk_10_page_6,1130.0,215.7,943.0
10419898,stimulus_Arg_PISACowsMilk_10_page_6,1130.0,215.7,943.0
10419899,stimulus_Arg_PISACowsMilk_10_page_6,1129.6,215.5,944.0
10419900,stimulus_Arg_PISACowsMilk_10_page_6,1128.8,215.4,945.0
10419901,stimulus_Arg_PISACowsMilk_10_page_6,1127.8,215.1,946.0
10419902,stimulus_Arg_PISACowsMilk_10_page_6,1125.1,214.8,947.0
10419903,stimulus_Arg_PISACowsMilk_10_page_6,1120.5,214.4,947.0
10419904,stimulus_Arg_PISACowsMilk_10_page_6,1112.8,214.3,946.0
10419905,stimulus_Arg_PISACowsMilk_10_page_6,1103.2,214.1,948.0
10419906,stimulus_Arg_PISACowsMilk_10_page_6,1091.6,214.2,949.0
10419907,stimulus_Arg_PISACowsMilk_10_page_6,1078.8,214.4,950.0
10419908,stimulus_Arg_PISACowsMilk_10_page_6,1064.9,214.7,951.0
10419909,stimulus_Arg_PISACowsMilk_10_page_6,1051.0,214.8,953.0
10419910,stimulus_Arg_PISACowsMilk_10_page_6,1035.2,215.2,957.0
10419911,stimulus_Arg_PISACowsMilk_10_page_6,1018.5,215.6,960.0
10419912,stimulus_Arg_PISACowsMilk_10_page_6,1000.6,217.2,963.0
10419913,stimulus_Arg_PISACowsMilk_10_page_6,984.0,218.9,964.0
10419914,stimulus_Arg_PISACowsMilk_10_page_6,967.7,221.1,968.0
10419915,stimulus_Arg_PISACowsMilk_10_page_6,951.9,223.0,972.0
10419916,stimulus_Arg_PISACowsMilk_10_page_6,934.6,224.9,976.0
10419917,stimulus_Arg_PISACowsMilk_10_page_6,918.1,227.4,979.0
10419918,stimulus_Arg_PISACowsMilk_10_page_6,901.0,229.8,983.0
10419919,stimulus_Arg_PISACowsMilk_10_page_6,887.3,232.5,987.0
10419920,stimulus_Arg_PISACowsMilk_10_page_6,874.4,233.9,991.0
10419921,stimulus_Arg_PISACowsMilk_10_page_6,862.6,235.3,993.0
10419922,stimulus_Arg_PISACowsMilk_10_page_6,850.4,235.5,996.0
10419923,stimulus_Arg_PISACowsMilk_10_page_6,840.3,236.3,996.0
10419924,stimulus_Arg_PISACowsMilk_10_page_6,831.8,236.4,997.0
10419925,stimulus_Arg_PISACowsMilk_10_page_6,823.2,237.0,999.0
10419926,stimulus_Arg_PISACowsMilk_10_page_6,813.4,237.2,999.0
10419927,stimulus_Arg_PISACowsMilk_10_page_6,803.6,237.6,999.0
10419928,stimulus_Arg_PISACowsMilk_10_page_6,793.7,238.2,999.0
10419929,stimulus_Arg_PISACowsMilk_10_page_6,782.9,238.9,1001.0
10419930,stimulus_Arg_PISACowsMilk_10_page_6,770.2,239.3,1002.0
10419931,stimulus_Arg_PISACowsMilk_10_page_6,757.2,239.0,1002.0
10419932,stimulus_Arg_PISACowsMilk_10_page_6,743.8,238.7,1003.0
10419933,stimulus_Arg_PISACowsMilk_10_page_6,730.2,238.5,1004.0
10419934,stimulus_Arg_PISACowsMilk_10_page_6,715.0,238.3,1004.0
10419935,stimulus_Arg_PISACowsMilk_10_page_6,699.2,238.8,1004.0
10419936,stimulus_Arg_PISACowsMilk_10_page_6,683.0,239.0,1004.0
10419937,stimulus_Arg_PISACowsMilk_10_page_6,666.6,239.6,1005.0
10419938,stimulus_Arg_PISACowsMilk_10_page_6,650.3,239.7,1006.0
10419939,stimulus_Arg_PISACowsMilk_10_page_6,634.3,240.6,1007.0
10419940,stimulus_Arg_PISACowsMilk_10_page_6,618.5,240.8,1008.0
10419941,stimulus_Arg_PISACowsMilk_10_page_6,603.4,241.7,1008.0
10419942,stimulus_Arg_PISACowsMilk_10_page_6,589.1,242.8,1007.0
10419943,stimulus_Arg_PISACowsMilk_10_page_6,575.9,244.5,1008.0
10419944,stimulus_Arg_PISACowsMilk_10_page_6,562.5,246.4,1010.0
10419945,stimulus_Arg_PISACowsMilk_10_page_6,548.5,247.5,1011.0
10419946,stimulus_Arg_PISACowsMilk_10_page_6,535.3,249.1,1011.0
10419947,stimulus_Arg_PISACowsMilk_10_page_6,523.6,249.8,1011.0
10419948,stimulus_Arg_PISACowsMilk_10_page_6,511.8,251.2,1012.0
10419949,stimulus_Arg_PISACowsMilk_10_page_6,500.6,252.2,1012.0
10419950,stimulus_Arg_PISACowsMilk_10_page_6,489.6,253.5,1012.0
10419951,stimulus_Arg_PISACowsMilk_10_page_6,480.0,254.0,1012.0
10419952,stimulus_Arg_PISACowsMilk_10_page_6,469.2,254.4,1012.0
10419953,stimulus_Arg_PISACowsMilk_10_page_6,457.7,254.7,1013.0
10419954,stimulus_Arg_PISACowsMilk_10_page_6,446.1,254.9,1013.0
10419955,stimulus_Arg_PISACowsMilk_10_page_6,433.4,254.8,1013.0
10419956,stimulus_Arg_PISACowsMilk_10_page_6,421.2,255.0,1013.0
10419957,stimulus_Arg_PISACowsMilk_10_page_6,407.7,255.1,1012.0
10419958,stimulus_Arg_PISACowsMilk_10_page_6,395.2,255.3,1013.0
10419959,stimulus_Arg_PISACowsMilk_10_page_6,381.3,255.6,1014.0
10419960,stimulus_Arg_PISACowsMilk_10_page_6,367.6,257.0,1015.0
10419961,stimulus_Arg_PISACowsMilk_10_page_6,353.3,258.3,1016.0
10419962,stimulus_Arg_PISACowsMilk_10_page_6,340.5,260.4,1016.0
10419963,stimulus_Arg_PISACowsMilk_10_page_6,327.2,261.3,1017.0
10419964,stimulus_Arg_PISACowsMilk_10_page_6,315.5,264.0,1016.0
10419965,stimulus_Arg_PISACowsMilk_10_page_6,304.0,266.2,1015.0
10419966,stimulus_Arg_PISACowsMilk_10_page_6,292.3,269.9,1014.0
10419967,stimulus_Arg_PISACowsMilk_10_page_6,280.7,272.5,1014.0
10419968,stimulus_Arg_PISACowsMilk_10_page_6,269.1,276.1,1014.0
10419969,stimulus_Arg_PISACowsMilk_10_page_6,258.9,279.0,1014.0
10419970,stimulus_Arg_PISACowsMilk_10_page_6,249.3,281.1,1016.0
10419971,stimulus_Arg_PISACowsMilk_10_page_6,241.6,282.2,1019.0
10419972,stimulus_Arg_PISACowsMilk_10_page_6,235.2,282.7,1021.0
10419973,stimulus_Arg_PISACowsMilk_10_page_6,228.9,283.4,1022.0
10419974,stimulus_Arg_PISACowsMilk_10_page_6,223.3,284.1,1022.0
10419975,stimulus_Arg_PISACowsMilk_10_page_6,219.6,284.9,1022.0
10419976,stimulus_Arg_PISACowsMilk_10_page_6,217.9,285.4,1022.0
10419977,stimulus_Arg_PISACowsMilk_10_page_6,216.8,284.8,1023.0
10419978,stimulus_Arg_PISACowsMilk_10_page_6,216.2,284.3,1025.0
10419979,stimulus_Arg_PISACowsMilk_10_page_6,216.0,283.1,1026.0
10419980,stimulus_Arg_PISACowsMilk_10_page_6,217.3,282.2,1028.0
10419981,stimulus_Arg_PISACowsMilk_10_page_6,219.1,281.3,1030.0
10419982,stimulus_Arg_PISACowsMilk_10_page_6,221.5,280.8,1030.0
10419983,stimulus_Arg_PISACowsMilk_10_page_6,223.9,280.1,1029.0
10419984,stimulus_Arg_PISACowsMilk_10_page_6,226.0,279.3,1029.0
10419985,stimulus_Arg_PISACowsMilk_10_page_6,228.0,278.8,1029.0
10419986,stimulus_Arg_PISACowsMilk_10_page_6,229.0,278.7,1030.0
10419987,stimulus_Arg_PISACowsMilk_10_page_6,229.6,278.7,1032.0
10419988,stimulus_Arg_PISACowsMilk_10_page_6,229.5,278.5,1033.0
10419989,stimulus_Arg_PISACowsMilk_10_page_6,228.9,278.1,1033.0
10419990,stimulus_Arg_PISACowsMilk_10_page_6,228.3,277.7,1033.0
10419991,stimulus_Arg_PISACowsMilk_10_page_6,226.9,277.4,1034.0
10419992,stimulus_Arg_PISACowsMilk_10_page_6,224.9,277.2,1033.0
10419993,stimulus_Arg_PISACowsMilk_10_page_6,222.9,277.2,1032.0
10419994,stimulus_Arg_PISACowsMilk_10_page_6,220.9,277.2,1029.0
10419995,stimulus_Arg_PISACowsMilk_10_page_6,219.7,277.3,1028.0
10419996,stimulus_Arg_PISACowsMilk_10_page_6,218.0,277.5,1028.0
10419997,stimulus_Arg_PISACowsMilk_10_page_6,216.7,277.9,1028.0
10419998,stimulus_Arg_PISACowsMilk_10_page_6,215.6,278.4,1028.0
10419999,stimulus_Arg_PISACowsMilk_10_page_6,215.0,278.7,1028.0
10420000,stimulus_Arg_PISACowsMilk_10_page_6,214.4,279.0,1027.0
10420001,stimulus_Arg_PISACowsMilk_10_page_6,213.9,279.3,1027.0
10420002,stimulus_Arg_PISACowsMilk_10_page_6,213.4,279.7,1026.0
10420003,stimulus_Arg_PISACowsMilk_10_page_6,213.5,280.5,1025.0
10420004,stimulus_Arg_PISACowsMilk_10_page_6,213.6,281.1,1024.0
10420005,stimulus_Arg_PISACowsMilk_10_page_6,213.7,281.7,1024.0
10420006,stimulus_Arg_PISACowsMilk_10_page_6,213.7,282.0,1024.0
10420007,stimulus_Arg_PISACowsMilk_10_page_6,213.7,282.3,1025.0
10420008,stimulus_Arg_PISACowsMilk_10_page_6,213.7,282.4,1025.0
10420009,stimulus_Arg_PISACowsMilk_10_page_6,213.7,282.4,1026.0
10420010,stimulus_Arg_PISACowsMilk_10_page_6,213.7,282.4,1026.0
10420011,stimulus_Arg_PISACowsMilk_10_page_6,213.7,282.5,1027.0
10420012,stimulus_Arg_PISACowsMilk_10_page_6,213.8,282.6,1027.0
10420013,stimulus_Arg_PISACowsMilk_10_page_6,213.8,282.6,1026.0
10420014,stimulus_Arg_PISACowsMilk_10_page_6,213.7,282.6,1026.0
10420015,stimulus_Arg_PISACowsMilk_10_page_6,213.6,282.6,1027.0
10420016,stimulus_Arg_PISACowsMilk_10_page_6,213.5,282.7,1028.0
10420017,stimulus_Arg_PISACowsMilk_10_page_6,213.5,282.6,1028.0
10420018,stimulus_Arg_PISACowsMilk_10_page_6,213.5,282.6,1028.0
10420019,stimulus_Arg_PISACowsMilk_10_page_6,213.5,282.6,1028.0
10420020,stimulus_Arg_PISACowsMilk_10_page_6,213.5,282.6,1028.0
10420021,stimulus_Arg_PISACowsMilk_10_page_6,213.5,282.7,1028.0
10420022,stimulus_Arg_PISACowsMilk_10_page_6,213.5,282.7,1029.0
10420023,stimulus_Arg_PISACowsMilk_10_page_6,213.9,282.7,1029.0
10420024,stimulus_Arg_PISACowsMilk_10_page_6,214.3,282.7,1029.0
10420025,stimulus_Arg_PISACowsMilk_10_page_6,214.6,283.0,1029.0
10420026,stimulus_Arg_PISACowsMilk_10_page_6,214.5,283.3,1029.0
10420027,stimulus_Arg_PISACowsMilk_10_page_6,214.5,283.6,1029.0
10420028,stimulus_Arg_PISACowsMilk_10_page_6,214.4,283.6,1029.0
10420029,stimulus_Arg_PISACowsMilk_10_page_6,214.2,283.5,1029.0
10420030,stimulus_Arg_PISACowsMilk_10_page_6,214.0,283.5,1029.0
10420031,stimulus_Arg_PISACowsMilk_10_page_6,214.0,283.5,1029.0
10420032,stimulus_Arg_PISACowsMilk_10_page_6,213.9,283.4,1029.0
10420033,stimulus_Arg_PISACowsMilk_10_page_6,213.7,283.4,1029.0
10420034,stimulus_Arg_PISACowsMilk_10_page_6,213.4,283.4,1029.0
10420035,stimulus_Arg_PISACowsMilk_10_page_6,213.0,283.6,1029.0
10420036,stimulus_Arg_PISACowsMilk_10_page_6,212.7,283.8,1030.0
10420037,stimulus_Arg_PISACowsMilk_10_page_6,212.5,283.6,1030.0
10420038,stimulus_Arg_PISACowsMilk_10_page_6,212.5,283.1,1031.0
10420039,stimulus_Arg_PISACowsMilk_10_page_6,212.6,282.7,1032.0
10420040,stimulus_Arg_PISACowsMilk_10_page_6,212.6,282.8,1032.0
10420041,stimulus_Arg_PISACowsMilk_10_page_6,212.4,282.9,1032.0
10420042,stimulus_Arg_PISACowsMilk_10_page_6,212.2,282.9,1032.0
10420043,stimulus_Arg_PISACowsMilk_10_page_6,212.1,282.9,1031.0
10420044,stimulus_Arg_PISACowsMilk_10_page_6,212.1,282.9,1031.0
10420045,stimulus_Arg_PISACowsMilk_10_page_6,212.1,282.9,1030.0
10420046,stimulus_Arg_PISACowsMilk_10_page_6,212.0,283.1,1030.0
10420047,stimulus_Arg_PISACowsMilk_10_page_6,212.1,283.3,1030.0
10420048,stimulus_Arg_PISACowsMilk_10_page_6,212.3,283.5,1030.0
10420049,stimulus_Arg_PISACowsMilk_10_page_6,212.5,283.5,1030.0
10420050,stimulus_Arg_PISACowsMilk_10_page_6,212.4,283.4,1031.0
10420051,stimulus_Arg_PISACowsMilk_10_page_6,212.3,283.4,1031.0
10420052,stimulus_Arg_PISACowsMilk_10_page_6,212.1,283.4,1032.0
10420053,stimulus_Arg_PISACowsMilk_10_page_6,211.9,283.5,1032.0
10420054,stimulus_Arg_PISACowsMilk_10_page_6,211.8,283.7,1032.0
10420055,stimulus_Arg_PISACowsMilk_10_page_6,211.5,283.8,1031.0
10420056,stimulus_Arg_PISACowsMilk_10_page_6,211.4,283.8,1031.0
10420057,stimulus_Arg_PISACowsMilk_10_page_6,211.3,283.8,1030.0
10420058,stimulus_Arg_PISACowsMilk_10_page_6,211.2,283.7,1031.0
10420059,stimulus_Arg_PISACowsMilk_10_page_6,211.2,283.7,1031.0
10420060,stimulus_Arg_PISACowsMilk_10_page_6,211.2,283.6,1032.0
10420061,stimulus_Arg_PISACowsMilk_10_page_6,211.3,283.5,1032.0
10420062,stimulus_Arg_PISACowsMilk_10_page_6,211.4,283.4,1032.0
10420063,stimulus_Arg_PISACowsMilk_10_page_6,211.8,283.4,1032.0
10420064,stimulus_Arg_PISACowsMilk_10_page_6,212.1,283.4,1032.0
10420065,stimulus_Arg_PISACowsMilk_10_page_6,212.4,283.5,1032.0
10420066,stimulus_Arg_PISACowsMilk_10_page_6,212.4,283.7,1031.0
10420067,stimulus_Arg_PISACowsMilk_10_page_6,212.3,284.0,1031.0
10420068,stimulus_Arg_PISACowsMilk_10_page_6,212.0,284.0,1031.0
10420069,stimulus_Arg_PISACowsMilk_10_page_6,211.7,284.0,1032.0
10420070,stimulus_Arg_PISACowsMilk_10_page_6,211.5,283.9,1034.0
10420071,stimulus_Arg_PISACowsMilk_10_page_6,211.4,284.1,1034.0
10420072,stimulus_Arg_PISACowsMilk_10_page_6,211.2,284.3,1033.0
10420073,stimulus_Arg_PISACowsMilk_10_page_6,210.8,284.6,1032.0
10420074,stimulus_Arg_PISACowsMilk_10_page_6,210.6,284.7,1032.0
10420075,stimulus_Arg_PISACowsMilk_10_page_6,210.4,284.6,1033.0
10420076,stimulus_Arg_PISACowsMilk_10_page_6,210.6,284.5,1034.0
10420077,stimulus_Arg_PISACowsMilk_10_page_6,210.7,284.4,1035.0
10420078,stimulus_Arg_PISACowsMilk_10_page_6,210.9,284.4,1035.0
10420079,stimulus_Arg_PISACowsMilk_10_page_6,211.0,284.5,1035.0
10420080,stimulus_Arg_PISACowsMilk_10_page_6,211.2,284.7,1035.0
10420081,stimulus_Arg_PISACowsMilk_10_page_6,211.4,284.9,1035.0
10420082,stimulus_Arg_PISACowsMilk_10_page_6,211.5,285.0,1035.0
10420083,stimulus_Arg_PISACowsMilk_10_page_6,211.7,285.0,1034.0
10420084,stimulus_Arg_PISACowsMilk_10_page_6,211.8,285.0,1035.0
10420085,stimulus_Arg_PISACowsMilk_10_page_6,211.8,285.3,1037.0
10420086,stimulus_Arg_PISACowsMilk_10_page_6,211.7,285.6,1037.0
10420087,stimulus_Arg_PISACowsMilk_10_page_6,211.6,285.8,1036.0
10420088,stimulus_Arg_PISACowsMilk_10_page_6,211.8,285.6,1036.0
10420089,stimulus_Arg_PISACowsMilk_10_page_6,212.0,285.4,1037.0
10420090,stimulus_Arg_PISACowsMilk_10_page_6,212.1,285.3,1038.0
10420091,stimulus_Arg_PISACowsMilk_10_page_6,212.0,285.3,1037.0
10420092,stimulus_Arg_PISACowsMilk_10_page_6,212.0,285.4,1035.0
10420093,stimulus_Arg_PISACowsMilk_10_page_6,212.0,285.6,1035.0
10420094,stimulus_Arg_PISACowsMilk_10_page_6,212.0,285.8,1036.0
10420095,stimulus_Arg_PISACowsMilk_10_page_6,212.0,286.0,1037.0
10420096,stimulus_Arg_PISACowsMilk_10_page_6,212.0,286.2,1036.0
10420097,stimulus_Arg_PISACowsMilk_10_page_6,211.9,286.3,1035.0
10420098,stimulus_Arg_PISACowsMilk_10_page_6,211.8,286.4,1036.0
10420099,stimulus_Arg_PISACowsMilk_10_page_6,211.6,286.4,1036.0
10420100,stimulus_Arg_PISACowsMilk_10_page_6,211.7,286.3,1037.0
10420101,stimulus_Arg_PISACowsMilk_10_page_6,211.8,286.1,1037.0
10420102,stimulus_Arg_PISACowsMilk_10_page_6,211.9,286.0,1037.0
10420103,stimulus_Arg_PISACowsMilk_10_page_6,212.0,285.9,1037.0
10420104,stimulus_Arg_PISACowsMilk_10_page_6,212.1,286.1,1037.0
10420105,stimulus_Arg_PISACowsMilk_10_page_6,212.4,286.2,1036.0
10420106,stimulus_Arg_PISACowsMilk_10_page_6,212.6,286.4,1036.0
10420107,stimulus_Arg_PISACowsMilk_10_page_6,212.8,286.5,1037.0
10420108,stimulus_Arg_PISACowsMilk_10_page_6,212.7,286.7,1038.0
10420109,stimulus_Arg_PISACowsMilk_10_page_6,212.9,287.0,1038.0
10420110,stimulus_Arg_PISACowsMilk_10_page_6,213.3,287.0,1039.0
10420111,stimulus_Arg_PISACowsMilk_10_page_6,213.8,286.9,1040.0
10420112,stimulus_Arg_PISACowsMilk_10_page_6,214.1,286.7,1040.0
10420113,stimulus_Arg_PISACowsMilk_10_page_6,214.3,286.6,1040.0
10420114,stimulus_Arg_PISACowsMilk_10_page_6,214.3,286.5,1038.0
10420115,stimulus_Arg_PISACowsMilk_10_page_6,213.1,286.2,1037.0
10420116,stimulus_Arg_PISACowsMilk_10_page_6,210.1,285.6,1036.0
10420117,stimulus_Arg_PISACowsMilk_10_page_6,205.7,285.0,1037.0
10420118,stimulus_Arg_PISACowsMilk_10_page_6,200.7,284.7,1037.0
10420119,stimulus_Arg_PISACowsMilk_10_page_6,195.1,284.6,1038.0
10420120,stimulus_Arg_PISACowsMilk_10_page_6,188.1,285.3,1037.0
10420121,stimulus_Arg_PISACowsMilk_10_page_6,179.9,286.9,1037.0
10420122,stimulus_Arg_PISACowsMilk_10_page_6,170.7,290.3,1036.0
10420123,stimulus_Arg_PISACowsMilk_10_page_6,161.4,293.0,1037.0
10420124,stimulus_Arg_PISACowsMilk_10_page_6,152.3,295.7,1037.0
10420125,stimulus_Arg_PISACowsMilk_10_page_6,143.8,297.1,1037.0
10420126,stimulus_Arg_PISACowsMilk_10_page_6,135.2,298.7,1038.0
10420127,stimulus_Arg_PISACowsMilk_10_page_6,126.1,299.7,1039.0
10420128,stimulus_Arg_PISACowsMilk_10_page_6,118.8,300.8,1041.0
10420129,stimulus_Arg_PISACowsMilk_10_page_6,113.6,301.6,1041.0
10420130,stimulus_Arg_PISACowsMilk_10_page_6,109.8,302.5,1040.0
10420131,stimulus_Arg_PISACowsMilk_10_page_6,105.7,303.3,1040.0
10420132,stimulus_Arg_PISACowsMilk_10_page_6,102.7,304.1,1039.0
10420133,stimulus_Arg_PISACowsMilk_10_page_6,101.4,304.4,1039.0
10420134,stimulus_Arg_PISACowsMilk_10_page_6,101.3,304.7,1038.0
10420135,stimulus_Arg_PISACowsMilk_10_page_6,101.6,305.0,1037.0
10420136,stimulus_Arg_PISACowsMilk_10_page_6,102.3,305.3,1036.0
10420137,stimulus_Arg_PISACowsMilk_10_page_6,104.2,305.2,1035.0
10420138,stimulus_Arg_PISACowsMilk_10_page_6,106.6,304.9,1035.0
10420139,stimulus_Arg_PISACowsMilk_10_page_6,109.7,304.2,1036.0
10420140,stimulus_Arg_PISACowsMilk_10_page_6,111.6,303.6,1037.0
10420141,stimulus_Arg_PISACowsMilk_10_page_6,113.4,302.5,1039.0
10420142,stimulus_Arg_PISACowsMilk_10_page_6,114.3,301.9,1039.0
10420143,stimulus_Arg_PISACowsMilk_10_page_6,115.6,301.1,1040.0
10420144,stimulus_Arg_PISACowsMilk_10_page_6,116.4,300.8,1039.0
10420145,stimulus_Arg_PISACowsMilk_10_page_6,117.0,300.4,1039.0
10420146,stimulus_Arg_PISACowsMilk_10_page_6,117.1,299.9,1039.0
10420147,stimulus_Arg_PISACowsMilk_10_page_6,117.6,299.3,1039.0
10420148,stimulus_Arg_PISACowsMilk_10_page_6,118.0,298.7,1039.0
10420149,stimulus_Arg_PISACowsMilk_10_page_6,118.5,298.4,1040.0
10420150,stimulus_Arg_PISACowsMilk_10_page_6,118.6,298.1,1040.0
10420151,stimulus_Arg_PISACowsMilk_10_page_6,118.4,297.7,1040.0
10420152,stimulus_Arg_PISACowsMilk_10_page_6,118.1,297.5,1038.0
10420153,stimulus_Arg_PISACowsMilk_10_page_6,117.3,297.7,1035.0
10420154,stimulus_Arg_PISACowsMilk_10_page_6,116.9,298.2,1033.0
10420155,stimulus_Arg_PISACowsMilk_10_page_6,116.5,298.6,1033.0
10420156,stimulus_Arg_PISACowsMilk_10_page_6,116.4,299.0,1033.0
10420157,stimulus_Arg_PISACowsMilk_10_page_6,116.0,298.9,1033.0
10420158,stimulus_Arg_PISACowsMilk_10_page_6,115.5,299.0,1033.0
10420159,stimulus_Arg_PISACowsMilk_10_page_6,115.0,299.1,1033.0
10420160,stimulus_Arg_PISACowsMilk_10_page_6,115.0,299.2,1033.0
10420161,stimulus_Arg_PISACowsMilk_10_page_6,114.4,299.3,1033.0
10420162,stimulus_Arg_PISACowsMilk_10_page_6,114.0,299.3,1033.0
10420163,stimulus_Arg_PISACowsMilk_10_page_6,113.5,299.3,1033.0
10420164,stimulus_Arg_PISACowsMilk_10_page_6,113.5,299.3,1033.0
10420165,stimulus_Arg_PISACowsMilk_10_page_6,113.3,299.3,1033.0
10420166,stimulus_Arg_PISACowsMilk_10_page_6,113.1,299.4,1033.0
10420167,stimulus_Arg_PISACowsMilk_10_page_6,113.0,299.5,1033.0
10420168,stimulus_Arg_PISACowsMilk_10_page_6,112.9,299.5,1034.0
10420169,stimulus_Arg_PISACowsMilk_10_page_6,112.7,299.4,1034.0
10420170,stimulus_Arg_PISACowsMilk_10_page_6,112.5,299.4,1035.0
10420171,stimulus_Arg_PISACowsMilk_10_page_6,112.5,299.3,1034.0
10420172,stimulus_Arg_PISACowsMilk_10_page_6,112.4,299.3,1033.0
10420173,stimulus_Arg_PISACowsMilk_10_page_6,112.3,299.4,1032.0
10420174,stimulus_Arg_PISACowsMilk_10_page_6,112.1,299.4,1032.0
10420175,stimulus_Arg_PISACowsMilk_10_page_6,112.1,299.3,1032.0
10420176,stimulus_Arg_PISACowsMilk_10_page_6,112.1,299.2,1032.0
10420177,stimulus_Arg_PISACowsMilk_10_page_6,112.2,299.0,1032.0
10420178,stimulus_Arg_PISACowsMilk_10_page_6,112.6,298.8,1032.0
10420179,stimulus_Arg_PISACowsMilk_10_page_6,113.1,298.7,1032.0
10420180,stimulus_Arg_PISACowsMilk_10_page_6,113.5,298.8,1032.0
10420181,stimulus_Arg_PISACowsMilk_10_page_6,113.7,299.0,1032.0
10420182,stimulus_Arg_PISACowsMilk_10_page_6,113.9,299.3,1031.0
10420183,stimulus_Arg_PISACowsMilk_10_page_6,114.1,299.4,1031.0
10420184,stimulus_Arg_PISACowsMilk_10_page_6,114.2,299.5,1030.0
10420185,stimulus_Arg_PISACowsMilk_10_page_6,114.2,299.5,1030.0
10420186,stimulus_Arg_PISACowsMilk_10_page_6,114.2,299.5,1031.0
10420187,stimulus_Arg_PISACowsMilk_10_page_6,114.2,299.4,1031.0
10420188,stimulus_Arg_PISACowsMilk_10_page_6,114.5,299.4,1032.0
10420189,stimulus_Arg_PISACowsMilk_10_page_6,114.7,299.5,1032.0
10420190,stimulus_Arg_PISACowsMilk_10_page_6,114.8,299.5,1033.0
10420191,stimulus_Arg_PISACowsMilk_10_page_6,114.7,299.7,1033.0
10420192,stimulus_Arg_PISACowsMilk_10_page_6,114.5,299.9,1033.0
10420193,stimulus_Arg_PISACowsMilk_10_page_6,114.4,300.2,1032.0
10420194,stimulus_Arg_PISACowsMilk_10_page_6,114.3,300.3,1032.0
10420195,stimulus_Arg_PISACowsMilk_10_page_6,114.2,300.5,1032.0
10420196,stimulus_Arg_PISACowsMilk_10_page_6,114.2,300.6,1031.0
10420197,stimulus_Arg_PISACowsMilk_10_page_6,114.2,300.8,1031.0
10420198,stimulus_Arg_PISACowsMilk_10_page_6,114.2,300.8,1031.0
10420199,stimulus_Arg_PISACowsMilk_10_page_6,114.2,300.6,1031.0
10420200,stimulus_Arg_PISACowsMilk_10_page_6,114.2,300.2,1031.0
10420201,stimulus_Arg_PISACowsMilk_10_page_6,114.4,299.9,1031.0
10420202,stimulus_Arg_PISACowsMilk_10_page_6,114.5,300.0,1031.0
10420203,stimulus_Arg_PISACowsMilk_10_page_6,114.5,300.1,1032.0
10420204,stimulus_Arg_PISACowsMilk_10_page_6,114.5,300.2,1033.0
10420205,stimulus_Arg_PISACowsMilk_10_page_6,114.6,300.2,1033.0
10420206,stimulus_Arg_PISACowsMilk_10_page_6,114.6,300.1,1033.0
10420207,stimulus_Arg_PISACowsMilk_10_page_6,114.7,300.2,1033.0
10420208,stimulus_Arg_PISACowsMilk_10_page_6,114.7,300.2,1033.0
10420209,stimulus_Arg_PISACowsMilk_10_page_6,114.8,300.2,1033.0
10420210,stimulus_Arg_PISACowsMilk_10_page_6,115.0,299.9,1033.0
10420211,stimulus_Arg_PISACowsMilk_10_page_6,115.1,299.7,1033.0
10420212,stimulus_Arg_PISACowsMilk_10_page_6,115.1,299.6,1032.0
10420213,stimulus_Arg_PISACowsMilk_10_page_6,115.0,299.8,1030.0
10420214,stimulus_Arg_PISACowsMilk_10_page_6,114.7,299.7,1029.0
10420215,stimulus_Arg_PISACowsMilk_10_page_6,114.6,299.5,1029.0
10420216,stimulus_Arg_PISACowsMilk_10_page_6,114.7,299.0,1029.0
10420217,stimulus_Arg_PISACowsMilk_10_page_6,115.0,298.8,1029.0
10420218,stimulus_Arg_PISACowsMilk_10_page_6,115.3,298.6,1029.0
10420219,stimulus_Arg_PISACowsMilk_10_page_6,115.2,298.6,1029.0
10420220,stimulus_Arg_PISACowsMilk_10_page_6,115.1,298.7,1029.0
10420221,stimulus_Arg_PISACowsMilk_10_page_6,115.1,298.8,1029.0
10420222,stimulus_Arg_PISACowsMilk_10_page_6,115.2,298.9,1029.0
10420223,stimulus_Arg_PISACowsMilk_10_page_6,115.4,299.0,1029.0
10420224,stimulus_Arg_PISACowsMilk_10_page_6,115.4,299.0,1027.0
10420225,stimulus_Arg_PISACowsMilk_10_page_6,115.5,298.9,1026.0
10420226,stimulus_Arg_PISACowsMilk_10_page_6,115.6,298.7,1025.0
10420227,stimulus_Arg_PISACowsMilk_10_page_6,115.5,298.5,1026.0
10420228,stimulus_Arg_PISACowsMilk_10_page_6,115.4,298.4,1028.0
10420229,stimulus_Arg_PISACowsMilk_10_page_6,115.3,298.3,1028.0
10420230,stimulus_Arg_PISACowsMilk_10_page_6,115.4,298.3,1028.0
10420231,stimulus_Arg_PISACowsMilk_10_page_6,115.3,298.4,1028.0
10420232,stimulus_Arg_PISACowsMilk_10_page_6,115.5,298.6,1028.0
10420233,stimulus_Arg_PISACowsMilk_10_page_6,115.6,298.7,1027.0
10420234,stimulus_Arg_PISACowsMilk_10_page_6,115.7,299.0,1027.0
10420235,stimulus_Arg_PISACowsMilk_10_page_6,115.7,299.3,1026.0
10420236,stimulus_Arg_PISACowsMilk_10_page_6,115.7,299.6,1026.0
10420237,stimulus_Arg_PISACowsMilk_10_page_6,115.8,299.6,1026.0
10420238,stimulus_Arg_PISACowsMilk_10_page_6,115.8,299.6,1026.0
10420239,stimulus_Arg_PISACowsMilk_10_page_6,115.9,299.4,1026.0
10420240,stimulus_Arg_PISACowsMilk_10_page_6,115.9,299.2,1026.0
10420241,stimulus_Arg_PISACowsMilk_10_page_6,116.0,299.0,1026.0
10420242,stimulus_Arg_PISACowsMilk_10_page_6,116.0,298.9,1026.0
10420243,stimulus_Arg_PISACowsMilk_10_page_6,116.1,298.9,1027.0
10420244,stimulus_Arg_PISACowsMilk_10_page_6,116.0,298.8,1027.0
10420245,stimulus_Arg_PISACowsMilk_10_page_6,116.0,298.8,1028.0
10420246,stimulus_Arg_PISACowsMilk_10_page_6,116.0,298.6,1028.0
10420247,stimulus_Arg_PISACowsMilk_10_page_6,116.0,298.5,1028.0
10420248,stimulus_Arg_PISACowsMilk_10_page_6,116.0,298.5,1028.0
10420249,stimulus_Arg_PISACowsMilk_10_page_6,116.0,298.6,1027.0
10420250,stimulus_Arg_PISACowsMilk_10_page_6,116.1,298.8,1026.0
10420251,stimulus_Arg_PISACowsMilk_10_page_6,116.2,298.8,1025.0
10420252,stimulus_Arg_PISACowsMilk_10_page_6,116.0,298.9,1025.0
10420253,stimulus_Arg_PISACowsMilk_10_page_6,115.8,299.0,1025.0
10420254,stimulus_Arg_PISACowsMilk_10_page_6,115.5,299.0,1024.0
10420255,stimulus_Arg_PISACowsMilk_10_page_6,115.5,299.0,1025.0
10420256,stimulus_Arg_PISACowsMilk_10_page_6,115.5,298.9,1026.0
10420257,stimulus_Arg_PISACowsMilk_10_page_6,115.4,298.6,1026.0
10420258,stimulus_Arg_PISACowsMilk_10_page_6,115.4,298.3,1026.0
10420259,stimulus_Arg_PISACowsMilk_10_page_6,115.4,298.1,1025.0
10420260,stimulus_Arg_PISACowsMilk_10_page_6,115.4,298.2,1026.0
10420261,stimulus_Arg_PISACowsMilk_10_page_6,115.6,298.4,1026.0
10420262,stimulus_Arg_PISACowsMilk_10_page_6,115.7,298.6,1026.0
10420263,stimulus_Arg_PISACowsMilk_10_page_6,115.8,298.8,1026.0
10420264,stimulus_Arg_PISACowsMilk_10_page_6,115.9,298.9,1026.0
10420265,stimulus_Arg_PISACowsMilk_10_page_6,116.2,298.9,1025.0
10420266,stimulus_Arg_PISACowsMilk_10_page_6,116.4,298.8,1025.0
10420267,stimulus_Arg_PISACowsMilk_10_page_6,116.4,298.7,1025.0
10420268,stimulus_Arg_PISACowsMilk_10_page_6,116.4,298.7,1025.0
10420269,stimulus_Arg_PISACowsMilk_10_page_6,116.5,298.6,1025.0
10420270,stimulus_Arg_PISACowsMilk_10_page_6,116.6,298.7,1024.0
10420271,stimulus_Arg_PISACowsMilk_10_page_6,116.6,298.9,1024.0
10420272,stimulus_Arg_PISACowsMilk_10_page_6,116.6,299.0,1023.0
10420273,stimulus_Arg_PISACowsMilk_10_page_6,116.6,299.1,1024.0
10420274,stimulus_Arg_PISACowsMilk_10_page_6,116.7,299.1,1024.0
10420275,stimulus_Arg_PISACowsMilk_10_page_6,116.7,299.1,1024.0
10420276,stimulus_Arg_PISACowsMilk_10_page_6,116.6,299.1,1023.0
10420277,stimulus_Arg_PISACowsMilk_10_page_6,116.6,299.1,1024.0
10420278,stimulus_Arg_PISACowsMilk_10_page_6,116.6,299.1,1024.0
10420279,stimulus_Arg_PISACowsMilk_10_page_6,116.6,299.0,1025.0
10420280,stimulus_Arg_PISACowsMilk_10_page_6,116.7,298.9,1025.0
10420281,stimulus_Arg_PISACowsMilk_10_page_6,116.6,298.9,1025.0
10420282,stimulus_Arg_PISACowsMilk_10_page_6,116.5,298.7,1025.0
10420283,stimulus_Arg_PISACowsMilk_10_page_6,116.4,298.6,1024.0
10420284,stimulus_Arg_PISACowsMilk_10_page_6,116.4,298.7,1024.0
10420285,stimulus_Arg_PISACowsMilk_10_page_6,116.1,298.9,1023.0
10420286,stimulus_Arg_PISACowsMilk_10_page_6,115.9,299.1,1023.0
10420287,stimulus_Arg_PISACowsMilk_10_page_6,115.9,299.1,1022.0
10420288,stimulus_Arg_PISACowsMilk_10_page_6,116.1,299.0,1022.0
10420289,stimulus_Arg_PISACowsMilk_10_page_6,116.3,298.9,1023.0
10420290,stimulus_Arg_PISACowsMilk_10_page_6,115.9,298.9,1023.0
10420291,stimulus_Arg_PISACowsMilk_10_page_6,115.6,298.9,1024.0
10420292,stimulus_Arg_PISACowsMilk_10_page_6,115.5,298.9,1023.0
10420293,stimulus_Arg_PISACowsMilk_10_page_6,116.2,298.9,1023.0
10420294,stimulus_Arg_PISACowsMilk_10_page_6,116.9,298.9,1023.0
10420295,stimulus_Arg_PISACowsMilk_10_page_6,117.4,298.9,1023.0
10420296,stimulus_Arg_PISACowsMilk_10_page_6,117.4,298.8,1023.0
10420297,stimulus_Arg_PISACowsMilk_10_page_6,117.1,298.7,1023.0
10420298,stimulus_Arg_PISACowsMilk_10_page_6,116.7,298.6,1024.0
10420299,stimulus_Arg_PISACowsMilk_10_page_6,116.4,298.5,1024.0
10420300,stimulus_Arg_PISACowsMilk_10_page_6,116.4,298.6,1023.0
10420301,stimulus_Arg_PISACowsMilk_10_page_6,116.4,298.8,1022.0
10420302,stimulus_Arg_PISACowsMilk_10_page_6,116.4,299.0,1021.0
10420303,stimulus_Arg_PISACowsMilk_10_page_6,116.3,299.2,1020.0
10420304,stimulus_Arg_PISACowsMilk_10_page_6,116.0,299.2,1020.0
10420305,stimulus_Arg_PISACowsMilk_10_page_6,115.8,298.9,1020.0
10420306,stimulus_Arg_PISACowsMilk_10_page_6,115.7,298.7,1020.0
10420307,stimulus_Arg_PISACowsMilk_10_page_6,115.7,298.7,1020.0
10420308,stimulus_Arg_PISACowsMilk_10_page_6,115.7,299.1,1020.0
10420309,stimulus_Arg_PISACowsMilk_10_page_6,115.8,299.5,1020.0
10420310,stimulus_Arg_PISACowsMilk_10_page_6,115.9,299.7,1020.0
10420311,stimulus_Arg_PISACowsMilk_10_page_6,116.0,299.6,1020.0
10420312,stimulus_Arg_PISACowsMilk_10_page_6,116.0,299.5,1020.0
10420313,stimulus_Arg_PISACowsMilk_10_page_6,116.2,299.5,1020.0
10420314,stimulus_Arg_PISACowsMilk_10_page_6,116.2,299.6,1021.0
10420315,stimulus_Arg_PISACowsMilk_10_page_6,116.3,299.6,1021.0
10420316,stimulus_Arg_PISACowsMilk_10_page_6,116.2,299.3,1021.0
10420317,stimulus_Arg_PISACowsMilk_10_page_6,116.3,299.0,1021.0
10420318,stimulus_Arg_PISACowsMilk_10_page_6,116.3,298.8,1021.0
10420319,stimulus_Arg_PISACowsMilk_10_page_6,116.3,298.9,1021.0
10420320,stimulus_Arg_PISACowsMilk_10_page_6,116.3,299.1,1021.0
10420321,stimulus_Arg_PISACowsMilk_10_page_6,116.2,299.6,1021.0
10420322,stimulus_Arg_PISACowsMilk_10_page_6,116.1,300.0,1021.0
10420323,stimulus_Arg_PISACowsMilk_10_page_6,116.1,300.2,1020.0
10420324,stimulus_Arg_PISACowsMilk_10_page_6,116.1,300.1,1019.0
10420325,stimulus_Arg_PISACowsMilk_10_page_6,116.1,300.0,1018.0
10420326,stimulus_Arg_PISACowsMilk_10_page_6,116.1,300.0,1018.0
10420327,stimulus_Arg_PISACowsMilk_10_page_6,115.9,299.9,1018.0
10420328,stimulus_Arg_PISACowsMilk_10_page_6,115.7,300.0,1017.0
10420329,stimulus_Arg_PISACowsMilk_10_page_6,115.5,300.1,1017.0
10420330,stimulus_Arg_PISACowsMilk_10_page_6,115.4,300.2,1017.0
10420331,stimulus_Arg_PISACowsMilk_10_page_6,115.4,300.3,1018.0
10420332,stimulus_Arg_PISACowsMilk_10_page_6,115.5,300.3,1017.0
10420333,stimulus_Arg_PISACowsMilk_10_page_6,115.5,300.3,1017.0
10420334,stimulus_Arg_PISACowsMilk_10_page_6,115.6,300.4,1017.0
10420335,stimulus_Arg_PISACowsMilk_10_page_6,115.6,300.4,1017.0
10420336,stimulus_Arg_PISACowsMilk_10_page_6,115.5,300.4,1017.0
10420337,stimulus_Arg_PISACowsMilk_10_page_6,115.4,300.4,1018.0
10420338,stimulus_Arg_PISACowsMilk_10_page_6,115.4,300.3,1018.0
10420339,stimulus_Arg_PISACowsMilk_10_page_6,115.5,300.3,1019.0
10420340,stimulus_Arg_PISACowsMilk_10_page_6,115.6,300.3,1018.0
10420341,stimulus_Arg_PISACowsMilk_10_page_6,115.6,300.4,1018.0
10420342,stimulus_Arg_PISACowsMilk_10_page_6,115.6,300.4,1018.0
10420343,stimulus_Arg_PISACowsMilk_10_page_6,115.6,300.4,1018.0
10420344,stimulus_Arg_PISACowsMilk_10_page_6,115.7,300.3,1018.0
10420345,stimulus_Arg_PISACowsMilk_10_page_6,115.7,300.3,1018.0
10420346,stimulus_Arg_PISACowsMilk_10_page_6,115.7,300.3,1018.0
10420347,stimulus_Arg_PISACowsMilk_10_page_6,115.6,300.3,1018.0
10420348,stimulus_Arg_PISACowsMilk_10_page_6,115.5,300.3,1019.0
10420349,stimulus_Arg_PISACowsMilk_10_page_6,115.4,300.3,1019.0
10420350,stimulus_Arg_PISACowsMilk_10_page_6,115.3,300.1,1019.0
10420351,stimulus_Arg_PISACowsMilk_10_page_6,115.3,299.9,1019.0
10420352,stimulus_Arg_PISACowsMilk_10_page_6,115.3,299.7,1019.0
10420353,stimulus_Arg_PISACowsMilk_10_page_6,115.6,299.8,1019.0
10420354,stimulus_Arg_PISACowsMilk_10_page_6,116.0,299.8,1018.0
10420355,stimulus_Arg_PISACowsMilk_10_page_6,116.3,300.2,1018.0
10420356,stimulus_Arg_PISACowsMilk_10_page_6,116.3,300.4,1017.0
10420357,stimulus_Arg_PISACowsMilk_10_page_6,116.3,300.6,1017.0
10420358,stimulus_Arg_PISACowsMilk_10_page_6,116.3,300.5,1018.0
10420359,stimulus_Arg_PISACowsMilk_10_page_6,116.4,300.4,1018.0
10420360,stimulus_Arg_PISACowsMilk_10_page_6,116.4,300.5,1019.0
10420361,stimulus_Arg_PISACowsMilk_10_page_6,116.4,300.7,1019.0
10420362,stimulus_Arg_PISACowsMilk_10_page_6,116.4,301.0,1019.0
10420363,stimulus_Arg_PISACowsMilk_10_page_6,116.4,301.1,1020.0
10420364,stimulus_Arg_PISACowsMilk_10_page_6,116.4,300.7,1020.0
10420365,stimulus_Arg_PISACowsMilk_10_page_6,116.5,300.3,1020.0
10420366,stimulus_Arg_PISACowsMilk_10_page_6,116.5,300.0,1019.0
10420367,stimulus_Arg_PISACowsMilk_10_page_6,116.5,300.0,1019.0
10420368,stimulus_Arg_PISACowsMilk_10_page_6,116.5,299.8,1019.0
10420369,stimulus_Arg_PISACowsMilk_10_page_6,116.6,299.6,1019.0
10420370,stimulus_Arg_PISACowsMilk_10_page_6,116.6,299.6,1019.0
10420371,stimulus_Arg_PISACowsMilk_10_page_6,116.6,299.7,1019.0
10420372,stimulus_Arg_PISACowsMilk_10_page_6,116.6,300.2,1020.0
10420373,stimulus_Arg_PISACowsMilk_10_page_6,116.5,300.4,1020.0
10420374,stimulus_Arg_PISACowsMilk_10_page_6,116.4,300.6,1020.0
10420375,stimulus_Arg_PISACowsMilk_10_page_6,116.3,300.5,1020.0
10420376,stimulus_Arg_PISACowsMilk_10_page_6,116.1,300.4,1019.0
10420377,stimulus_Arg_PISACowsMilk_10_page_6,115.9,300.4,1019.0
10420378,stimulus_Arg_PISACowsMilk_10_page_6,115.6,300.3,1018.0
10420379,stimulus_Arg_PISACowsMilk_10_page_6,115.5,300.3,1018.0
10420380,stimulus_Arg_PISACowsMilk_10_page_6,115.6,300.4,1018.0
10420381,stimulus_Arg_PISACowsMilk_10_page_6,115.8,300.4,1018.0
10420382,stimulus_Arg_PISACowsMilk_10_page_6,116.0,300.3,1018.0
10420383,stimulus_Arg_PISACowsMilk_10_page_6,115.9,300.1,1018.0
10420384,stimulus_Arg_PISACowsMilk_10_page_6,115.8,300.0,1018.0
10420385,stimulus_Arg_PISACowsMilk_10_page_6,116.0,300.1,1018.0
10420386,stimulus_Arg_PISACowsMilk_10_page_6,116.3,300.1,1018.0
10420387,stimulus_Arg_PISACowsMilk_10_page_6,116.5,300.2,1017.0
10420388,stimulus_Arg_PISACowsMilk_10_page_6,116.3,300.2,1017.0
10420389,stimulus_Arg_PISACowsMilk_10_page_6,116.2,300.2,1017.0
10420390,stimulus_Arg_PISACowsMilk_10_page_6,116.0,300.2,1017.0
10420391,stimulus_Arg_PISACowsMilk_10_page_6,115.8,300.1,1017.0
10420392,stimulus_Arg_PISACowsMilk_10_page_6,115.7,300.1,1017.0
10420393,stimulus_Arg_PISACowsMilk_10_page_6,115.8,300.0,1017.0
10420394,stimulus_Arg_PISACowsMilk_10_page_6,116.0,300.0,1017.0
10420395,stimulus_Arg_PISACowsMilk_10_page_6,116.0,300.1,1017.0
10420396,stimulus_Arg_PISACowsMilk_10_page_6,116.4,300.3,1017.0
10420397,stimulus_Arg_PISACowsMilk_10_page_6,116.8,300.5,1017.0
10420398,stimulus_Arg_PISACowsMilk_10_page_6,117.1,300.4,1017.0
10420399,stimulus_Arg_PISACowsMilk_10_page_6,116.9,300.3,1018.0
10420400,stimulus_Arg_PISACowsMilk_10_page_6,116.7,300.3,1019.0
10420401,stimulus_Arg_PISACowsMilk_10_page_6,116.6,300.4,1020.0
10420402,stimulus_Arg_PISACowsMilk_10_page_6,116.7,300.6,1020.0
10420403,stimulus_Arg_PISACowsMilk_10_page_6,116.5,300.6,1020.0
10420404,stimulus_Arg_PISACowsMilk_10_page_6,116.3,300.6,1019.0
10420405,stimulus_Arg_PISACowsMilk_10_page_6,116.2,300.5,1019.0
10420406,stimulus_Arg_PISACowsMilk_10_page_6,116.3,300.6,1019.0
10420407,stimulus_Arg_PISACowsMilk_10_page_6,116.5,300.6,1019.0
10420408,stimulus_Arg_PISACowsMilk_10_page_6,116.5,300.6,1019.0
10420409,stimulus_Arg_PISACowsMilk_10_page_6,116.8,300.4,1020.0
10420410,stimulus_Arg_PISACowsMilk_10_page_6,117.2,300.2,1020.0
10420411,stimulus_Arg_PISACowsMilk_10_page_6,117.5,300.0,1018.0
10420412,stimulus_Arg_PISACowsMilk_10_page_6,117.5,300.0,1017.0
10420413,stimulus_Arg_PISACowsMilk_10_page_6,117.3,300.0,1017.0
10420414,stimulus_Arg_PISACowsMilk_10_page_6,117.1,299.7,1018.0
10420415,stimulus_Arg_PISACowsMilk_10_page_6,117.1,299.5,1019.0
10420416,stimulus_Arg_PISACowsMilk_10_page_6,117.3,299.3,1018.0
10420417,stimulus_Arg_PISACowsMilk_10_page_6,117.3,299.4,1018.0
10420418,stimulus_Arg_PISACowsMilk_10_page_6,117.2,299.4,1018.0
10420419,stimulus_Arg_PISACowsMilk_10_page_6,117.0,299.4,1018.0
10420420,stimulus_Arg_PISACowsMilk_10_page_6,117.0,299.6,1018.0
10420421,stimulus_Arg_PISACowsMilk_10_page_6,117.0,299.7,1018.0
10420422,stimulus_Arg_PISACowsMilk_10_page_6,117.0,299.9,1018.0
10420423,stimulus_Arg_PISACowsMilk_10_page_6,116.9,299.9,1019.0
10420424,stimulus_Arg_PISACowsMilk_10_page_6,116.6,299.9,1019.0
10420425,stimulus_Arg_PISACowsMilk_10_page_6,116.4,299.9,1020.0
10420426,stimulus_Arg_PISACowsMilk_10_page_6,116.2,299.8,1020.0
10420427,stimulus_Arg_PISACowsMilk_10_page_6,116.4,299.8,1019.0
10420428,stimulus_Arg_PISACowsMilk_10_page_6,116.6,299.5,1019.0
10420429,stimulus_Arg_PISACowsMilk_10_page_6,116.8,299.3,1019.0
10420430,stimulus_Arg_PISACowsMilk_10_page_6,117.0,299.1,1018.0
10420431,stimulus_Arg_PISACowsMilk_10_page_6,117.3,299.2,1018.0
10420432,stimulus_Arg_PISACowsMilk_10_page_6,117.6,299.5,1017.0
10420433,stimulus_Arg_PISACowsMilk_10_page_6,117.6,299.9,1016.0
10420434,stimulus_Arg_PISACowsMilk_10_page_6,117.3,300.3,1016.0
10420435,stimulus_Arg_PISACowsMilk_10_page_6,117.0,300.1,1016.0
10420436,stimulus_Arg_PISACowsMilk_10_page_6,116.9,299.8,1016.0
10420437,stimulus_Arg_PISACowsMilk_10_page_6,116.9,299.5,1016.0
10420438,stimulus_Arg_PISACowsMilk_10_page_6,117.3,299.6,1016.0
10420439,stimulus_Arg_PISACowsMilk_10_page_6,117.6,299.6,1016.0
10420440,stimulus_Arg_PISACowsMilk_10_page_6,117.8,299.6,1016.0
10420441,stimulus_Arg_PISACowsMilk_10_page_6,117.8,299.5,1016.0
10420442,stimulus_Arg_PISACowsMilk_10_page_6,117.9,299.3,1016.0
10420443,stimulus_Arg_PISACowsMilk_10_page_6,117.9,299.2,1017.0
10420444,stimulus_Arg_PISACowsMilk_10_page_6,117.9,299.1,1017.0
10420445,stimulus_Arg_PISACowsMilk_10_page_6,118.0,298.9,1017.0
10420446,stimulus_Arg_PISACowsMilk_10_page_6,118.4,298.8,1016.0
10420447,stimulus_Arg_PISACowsMilk_10_page_6,119.1,298.8,1016.0
10420448,stimulus_Arg_PISACowsMilk_10_page_6,119.8,298.8,1015.0
10420449,stimulus_Arg_PISACowsMilk_10_page_6,120.0,298.9,1016.0
10420450,stimulus_Arg_PISACowsMilk_10_page_6,120.1,299.0,1017.0
10420451,stimulus_Arg_PISACowsMilk_10_page_6,120.0,299.2,1018.0
10420452,stimulus_Arg_PISACowsMilk_10_page_6,120.0,299.3,1018.0
10420453,stimulus_Arg_PISACowsMilk_10_page_6,119.8,299.3,1018.0
10420454,stimulus_Arg_PISACowsMilk_10_page_6,119.5,299.3,1018.0
10420455,stimulus_Arg_PISACowsMilk_10_page_6,119.2,299.3,1018.0
10420456,stimulus_Arg_PISACowsMilk_10_page_6,119.1,299.4,1018.0
10420457,stimulus_Arg_PISACowsMilk_10_page_6,119.0,299.5,1018.0
10420458,stimulus_Arg_PISACowsMilk_10_page_6,119.0,299.5,1018.0
10420459,stimulus_Arg_PISACowsMilk_10_page_6,119.0,299.4,1018.0
10420460,stimulus_Arg_PISACowsMilk_10_page_6,119.1,299.4,1018.0
10420461,stimulus_Arg_PISACowsMilk_10_page_6,119.1,299.4,1018.0
10420462,stimulus_Arg_PISACowsMilk_10_page_6,119.1,299.3,1019.0
10420463,stimulus_Arg_PISACowsMilk_10_page_6,119.1,299.3,1018.0
10420464,stimulus_Arg_PISACowsMilk_10_page_6,119.1,299.1,1017.0
10420465,stimulus_Arg_PISACowsMilk_10_page_6,119.2,299.0,1016.0
10420466,stimulus_Arg_PISACowsMilk_10_page_6,119.4,298.9,1016.0
10420467,stimulus_Arg_PISACowsMilk_10_page_6,119.8,298.9,1015.0
10420468,stimulus_Arg_PISACowsMilk_10_page_6,120.3,299.0,1016.0
10420469,stimulus_Arg_PISACowsMilk_10_page_6,120.5,299.0,1017.0
10420470,stimulus_Arg_PISACowsMilk_10_page_6,120.6,298.9,1018.0
10420471,stimulus_Arg_PISACowsMilk_10_page_6,120.4,298.4,1018.0
10420472,stimulus_Arg_PISACowsMilk_10_page_6,120.3,298.0,1018.0
10420473,stimulus_Arg_PISACowsMilk_10_page_6,119.8,297.8,1017.0
10420474,stimulus_Arg_PISACowsMilk_10_page_6,119.5,298.1,1017.0
10420475,stimulus_Arg_PISACowsMilk_10_page_6,119.2,298.3,1016.0
10420476,stimulus_Arg_PISACowsMilk_10_page_6,119.1,298.3,1016.0
10420477,stimulus_Arg_PISACowsMilk_10_page_6,119.0,298.1,1016.0
10420478,stimulus_Arg_PISACowsMilk_10_page_6,119.0,297.9,1016.0
10420479,stimulus_Arg_PISACowsMilk_10_page_6,119.0,297.9,1016.0
10420480,stimulus_Arg_PISACowsMilk_10_page_6,119.0,298.1,1016.0
10420481,stimulus_Arg_PISACowsMilk_10_page_6,118.9,298.3,1016.0
10420482,stimulus_Arg_PISACowsMilk_10_page_6,118.9,298.3,1016.0
10420483,stimulus_Arg_PISACowsMilk_10_page_6,118.8,298.3,1016.0
10420484,stimulus_Arg_PISACowsMilk_10_page_6,118.9,298.4,1016.0
10420485,stimulus_Arg_PISACowsMilk_10_page_6,118.9,298.4,1016.0
10420486,stimulus_Arg_PISACowsMilk_10_page_6,118.9,298.4,1016.0
10420487,stimulus_Arg_PISACowsMilk_10_page_6,118.9,298.3,1016.0
10420488,stimulus_Arg_PISACowsMilk_10_page_6,118.9,298.3,1016.0
10420489,stimulus_Arg_PISACowsMilk_10_page_6,119.0,298.1,1016.0
10420490,stimulus_Arg_PISACowsMilk_10_page_6,119.0,297.9,1016.0
10420491,stimulus_Arg_PISACowsMilk_10_page_6,119.0,297.8,1016.0
10420492,stimulus_Arg_PISACowsMilk_10_page_6,119.0,297.9,1015.0
10420493,stimulus_Arg_PISACowsMilk_10_page_6,119.0,298.0,1014.0
10420494,stimulus_Arg_PISACowsMilk_10_page_6,119.1,297.7,1013.0
10420495,stimulus_Arg_PISACowsMilk_10_page_6,119.2,297.4,1014.0
10420496,stimulus_Arg_PISACowsMilk_10_page_6,119.3,297.1,1015.0
10420497,stimulus_Arg_PISACowsMilk_10_page_6,119.3,297.1,1015.0
10420498,stimulus_Arg_PISACowsMilk_10_page_6,119.5,297.4,1016.0
10420499,stimulus_Arg_PISACowsMilk_10_page_6,119.6,297.7,1015.0
10420500,stimulus_Arg_PISACowsMilk_10_page_6,119.7,298.0,1014.0
10420501,stimulus_Arg_PISACowsMilk_10_page_6,119.8,298.0,1013.0
10420502,stimulus_Arg_PISACowsMilk_10_page_6,119.9,297.9,1013.0
10420503,stimulus_Arg_PISACowsMilk_10_page_6,120.0,297.9,1013.0
10420504,stimulus_Arg_PISACowsMilk_10_page_6,120.1,297.6,1014.0
10420505,stimulus_Arg_PISACowsMilk_10_page_6,120.2,297.4,1014.0
10420506,stimulus_Arg_PISACowsMilk_10_page_6,120.3,297.2,1012.0
10420507,stimulus_Arg_PISACowsMilk_10_page_6,120.3,297.3,1010.0
10420508,stimulus_Arg_PISACowsMilk_10_page_6,120.2,297.4,1008.0
10420509,stimulus_Arg_PISACowsMilk_10_page_6,120.1,297.2,1009.0
10420510,stimulus_Arg_PISACowsMilk_10_page_6,120.0,297.1,1009.0
10420511,stimulus_Arg_PISACowsMilk_10_page_6,120.0,297.2,1010.0
10420512,stimulus_Arg_PISACowsMilk_10_page_6,120.0,297.4,1010.0
10420513,stimulus_Arg_PISACowsMilk_10_page_6,120.2,297.7,1009.0
10420514,stimulus_Arg_PISACowsMilk_10_page_6,120.3,297.8,1009.0
10420515,stimulus_Arg_PISACowsMilk_10_page_6,120.5,297.8,1009.0
10420516,stimulus_Arg_PISACowsMilk_10_page_6,120.5,297.8,1009.0
10420517,stimulus_Arg_PISACowsMilk_10_page_6,120.4,297.8,1009.0
10420518,stimulus_Arg_PISACowsMilk_10_page_6,120.2,297.9,1008.0
10420519,stimulus_Arg_PISACowsMilk_10_page_6,120.0,298.0,1008.0
10420520,stimulus_Arg_PISACowsMilk_10_page_6,120.0,298.0,1007.0
10420521,stimulus_Arg_PISACowsMilk_10_page_6,120.0,297.9,1007.0
10420522,stimulus_Arg_PISACowsMilk_10_page_6,119.9,297.9,1007.0
10420523,stimulus_Arg_PISACowsMilk_10_page_6,119.7,297.9,1007.0
10420524,stimulus_Arg_PISACowsMilk_10_page_6,119.5,297.9,1007.0
10420525,stimulus_Arg_PISACowsMilk_10_page_6,119.1,297.9,1007.0
10420526,stimulus_Arg_PISACowsMilk_10_page_6,118.8,297.8,1007.0
10420527,stimulus_Arg_PISACowsMilk_10_page_6,118.6,297.8,1006.0
10420528,stimulus_Arg_PISACowsMilk_10_page_6,118.4,297.8,1006.0
10420529,stimulus_Arg_PISACowsMilk_10_page_6,118.2,297.4,1006.0
10420530,stimulus_Arg_PISACowsMilk_10_page_6,118.1,297.1,1007.0
10420531,stimulus_Arg_PISACowsMilk_10_page_6,118.1,296.7,1007.0
10420532,stimulus_Arg_PISACowsMilk_10_page_6,118.0,296.6,1007.0
10420533,stimulus_Arg_PISACowsMilk_10_page_6,117.8,296.6,1007.0
10420534,stimulus_Arg_PISACowsMilk_10_page_6,117.7,296.5,1007.0
10420535,stimulus_Arg_PISACowsMilk_10_page_6,117.7,296.5,1007.0
10420536,stimulus_Arg_PISACowsMilk_10_page_6,117.6,296.5,1007.0
10420537,stimulus_Arg_PISACowsMilk_10_page_6,117.5,296.5,1007.0
10420538,stimulus_Arg_PISACowsMilk_10_page_6,117.5,296.7,1007.0
10420539,stimulus_Arg_PISACowsMilk_10_page_6,117.6,296.9,1008.0
10420540,stimulus_Arg_PISACowsMilk_10_page_6,117.6,297.2,1009.0
10420541,stimulus_Arg_PISACowsMilk_10_page_6,117.4,297.3,1009.0
10420542,stimulus_Arg_PISACowsMilk_10_page_6,117.3,297.4,1008.0
10420543,stimulus_Arg_PISACowsMilk_10_page_6,117.1,297.4,1007.0
10420544,stimulus_Arg_PISACowsMilk_10_page_6,117.5,297.4,1007.0
10420545,stimulus_Arg_PISACowsMilk_10_page_6,118.3,297.4,1007.0
10420546,stimulus_Arg_PISACowsMilk_10_page_6,119.8,297.4,1007.0
10420547,stimulus_Arg_PISACowsMilk_10_page_6,122.2,297.6,1007.0
10420548,stimulus_Arg_PISACowsMilk_10_page_6,124.7,297.8,1007.0
10420549,stimulus_Arg_PISACowsMilk_10_page_6,127.8,298.1,1009.0
10420550,stimulus_Arg_PISACowsMilk_10_page_6,131.5,298.0,1011.0
10420551,stimulus_Arg_PISACowsMilk_10_page_6,136.3,297.9,1012.0
10420552,stimulus_Arg_PISACowsMilk_10_page_6,143.1,297.4,1011.0
10420553,stimulus_Arg_PISACowsMilk_10_page_6,149.8,297.3,1011.0
10420554,stimulus_Arg_PISACowsMilk_10_page_6,156.8,297.2,1011.0
10420555,stimulus_Arg_PISACowsMilk_10_page_6,163.4,296.8,1011.0
10420556,stimulus_Arg_PISACowsMilk_10_page_6,170.2,295.9,1011.0
10420557,stimulus_Arg_PISACowsMilk_10_page_6,177.4,295.1,1012.0
10420558,stimulus_Arg_PISACowsMilk_10_page_6,182.4,294.1,1012.0
10420559,stimulus_Arg_PISACowsMilk_10_page_6,187.8,293.6,1011.0
10420560,stimulus_Arg_PISACowsMilk_10_page_6,192.2,292.6,1010.0
10420561,stimulus_Arg_PISACowsMilk_10_page_6,196.1,292.1,1010.0
10420562,stimulus_Arg_PISACowsMilk_10_page_6,198.0,291.1,1010.0
10420563,stimulus_Arg_PISACowsMilk_10_page_6,198.5,289.8,1009.0
10420564,stimulus_Arg_PISACowsMilk_10_page_6,198.1,288.7,1009.0
10420565,stimulus_Arg_PISACowsMilk_10_page_6,197.1,288.0,1009.0
10420566,stimulus_Arg_PISACowsMilk_10_page_6,195.5,288.0,1008.0
10420567,stimulus_Arg_PISACowsMilk_10_page_6,193.8,288.0,1008.0
10420568,stimulus_Arg_PISACowsMilk_10_page_6,191.6,288.3,1008.0
10420569,stimulus_Arg_PISACowsMilk_10_page_6,189.6,289.1,1007.0
10420570,stimulus_Arg_PISACowsMilk_10_page_6,187.5,290.0,1007.0
10420571,stimulus_Arg_PISACowsMilk_10_page_6,185.6,290.9,1008.0
10420572,stimulus_Arg_PISACowsMilk_10_page_6,183.8,291.4,1010.0
10420573,stimulus_Arg_PISACowsMilk_10_page_6,182.3,292.0,1011.0
10420574,stimulus_Arg_PISACowsMilk_10_page_6,181.3,292.2,1012.0
10420575,stimulus_Arg_PISACowsMilk_10_page_6,180.7,292.5,1012.0
10420576,stimulus_Arg_PISACowsMilk_10_page_6,180.4,292.7,1012.0
10420577,stimulus_Arg_PISACowsMilk_10_page_6,180.5,292.9,1013.0
10420578,stimulus_Arg_PISACowsMilk_10_page_6,180.6,293.1,1013.0
10420579,stimulus_Arg_PISACowsMilk_10_page_6,181.1,293.2,1013.0
10420580,stimulus_Arg_PISACowsMilk_10_page_6,181.5,293.3,1012.0
10420581,stimulus_Arg_PISACowsMilk_10_page_6,182.0,293.5,1011.0
10420582,stimulus_Arg_PISACowsMilk_10_page_6,182.2,293.6,1011.0
10420583,stimulus_Arg_PISACowsMilk_10_page_6,182.6,293.8,1011.0
10420584,stimulus_Arg_PISACowsMilk_10_page_6,182.8,293.8,1011.0
10420585,stimulus_Arg_PISACowsMilk_10_page_6,183.0,293.8,1011.0
10420586,stimulus_Arg_PISACowsMilk_10_page_6,183.1,293.6,1011.0
10420587,stimulus_Arg_PISACowsMilk_10_page_6,183.3,293.4,1011.0
10420588,stimulus_Arg_PISACowsMilk_10_page_6,183.7,293.3,1011.0
10420589,stimulus_Arg_PISACowsMilk_10_page_6,184.2,293.0,1011.0
10420590,stimulus_Arg_PISACowsMilk_10_page_6,184.5,292.7,1011.0
10420591,stimulus_Arg_PISACowsMilk_10_page_6,184.6,292.3,1011.0
10420592,stimulus_Arg_PISACowsMilk_10_page_6,184.6,292.3,1011.0
10420593,stimulus_Arg_PISACowsMilk_10_page_6,184.4,292.3,1011.0
10420594,stimulus_Arg_PISACowsMilk_10_page_6,184.4,292.3,1010.0
10420595,stimulus_Arg_PISACowsMilk_10_page_6,184.5,292.3,1010.0
10420596,stimulus_Arg_PISACowsMilk_10_page_6,184.6,292.4,1011.0
10420597,stimulus_Arg_PISACowsMilk_10_page_6,184.7,292.4,1012.0
10420598,stimulus_Arg_PISACowsMilk_10_page_6,184.9,292.3,1013.0
10420599,stimulus_Arg_PISACowsMilk_10_page_6,185.0,292.5,1012.0
10420600,stimulus_Arg_PISACowsMilk_10_page_6,184.7,292.7,1011.0
10420601,stimulus_Arg_PISACowsMilk_10_page_6,184.4,292.9,1011.0
10420602,stimulus_Arg_PISACowsMilk_10_page_6,184.4,292.9,1010.0
10420603,stimulus_Arg_PISACowsMilk_10_page_6,184.6,293.0,1009.0
10420604,stimulus_Arg_PISACowsMilk_10_page_6,184.8,293.0,1008.0
10420605,stimulus_Arg_PISACowsMilk_10_page_6,184.8,293.0,1007.0
10420606,stimulus_Arg_PISACowsMilk_10_page_6,184.7,293.0,1006.0
10420607,stimulus_Arg_PISACowsMilk_10_page_6,184.9,293.0,1006.0
10420608,stimulus_Arg_PISACowsMilk_10_page_6,185.1,292.9,1006.0
10420609,stimulus_Arg_PISACowsMilk_10_page_6,185.3,292.9,1006.0
10420610,stimulus_Arg_PISACowsMilk_10_page_6,185.3,292.9,1005.0
10420611,stimulus_Arg_PISACowsMilk_10_page_6,185.3,292.7,1004.0
10420612,stimulus_Arg_PISACowsMilk_10_page_6,185.3,292.6,1004.0
10420613,stimulus_Arg_PISACowsMilk_10_page_6,185.4,292.4,1004.0
10420614,stimulus_Arg_PISACowsMilk_10_page_6,185.5,292.5,1005.0
10420615,stimulus_Arg_PISACowsMilk_10_page_6,185.5,292.7,1006.0
10420616,stimulus_Arg_PISACowsMilk_10_page_6,185.3,292.7,1005.0
10420617,stimulus_Arg_PISACowsMilk_10_page_6,185.2,292.4,1004.0
10420618,stimulus_Arg_PISACowsMilk_10_page_6,185.2,292.1,1003.0
10420619,stimulus_Arg_PISACowsMilk_10_page_6,185.3,291.9,1003.0
10420620,stimulus_Arg_PISACowsMilk_10_page_6,185.6,292.1,1004.0
10420621,stimulus_Arg_PISACowsMilk_10_page_6,185.8,292.3,1004.0
10420622,stimulus_Arg_PISACowsMilk_10_page_6,185.7,292.3,1005.0
10420623,stimulus_Arg_PISACowsMilk_10_page_6,185.5,292.4,1005.0
10420624,stimulus_Arg_PISACowsMilk_10_page_6,185.3,292.5,1005.0
10420625,stimulus_Arg_PISACowsMilk_10_page_6,185.3,292.6,1005.0
10420626,stimulus_Arg_PISACowsMilk_10_page_6,185.3,292.6,1005.0
10420627,stimulus_Arg_PISACowsMilk_10_page_6,185.2,292.6,1005.0
10420628,stimulus_Arg_PISACowsMilk_10_page_6,185.1,292.6,1005.0
10420629,stimulus_Arg_PISACowsMilk_10_page_6,185.1,292.6,1005.0
10420630,stimulus_Arg_PISACowsMilk_10_page_6,185.1,292.8,1005.0
10420631,stimulus_Arg_PISACowsMilk_10_page_6,185.4,293.0,1005.0
10420632,stimulus_Arg_PISACowsMilk_10_page_6,185.6,293.0,1006.0
10420633,stimulus_Arg_PISACowsMilk_10_page_6,185.8,292.7,1006.0
10420634,stimulus_Arg_PISACowsMilk_10_page_6,185.8,292.5,1005.0
10420635,stimulus_Arg_PISACowsMilk_10_page_6,185.8,292.6,1004.0
10420636,stimulus_Arg_PISACowsMilk_10_page_6,185.8,292.6,1004.0
10420637,stimulus_Arg_PISACowsMilk_10_page_6,185.8,292.6,1005.0
10420638,stimulus_Arg_PISACowsMilk_10_page_6,185.7,292.5,1005.0
10420639,stimulus_Arg_PISACowsMilk_10_page_6,185.7,292.3,1006.0
10420640,stimulus_Arg_PISACowsMilk_10_page_6,185.6,292.1,1006.0
10420641,stimulus_Arg_PISACowsMilk_10_page_6,185.5,292.1,1006.0
10420642,stimulus_Arg_PISACowsMilk_10_page_6,185.5,292.2,1005.0
10420643,stimulus_Arg_PISACowsMilk_10_page_6,185.5,292.4,1004.0
10420644,stimulus_Arg_PISACowsMilk_10_page_6,185.5,292.6,1004.0
10420645,stimulus_Arg_PISACowsMilk_10_page_6,185.7,292.4,1004.0
10420646,stimulus_Arg_PISACowsMilk_10_page_6,185.9,292.1,1004.0
10420647,stimulus_Arg_PISACowsMilk_10_page_6,185.8,291.7,1004.0
10420648,stimulus_Arg_PISACowsMilk_10_page_6,185.7,291.5,1004.0
10420649,stimulus_Arg_PISACowsMilk_10_page_6,185.7,291.3,1004.0
10420650,stimulus_Arg_PISACowsMilk_10_page_6,185.8,291.2,1005.0
10420651,stimulus_Arg_PISACowsMilk_10_page_6,186.0,291.0,1005.0
10420652,stimulus_Arg_PISACowsMilk_10_page_6,186.1,290.9,1005.0
10420653,stimulus_Arg_PISACowsMilk_10_page_6,186.1,290.8,1005.0
10420654,stimulus_Arg_PISACowsMilk_10_page_6,186.1,290.9,1004.0
10420655,stimulus_Arg_PISACowsMilk_10_page_6,186.3,290.9,1004.0
10420656,stimulus_Arg_PISACowsMilk_10_page_6,186.6,291.2,1004.0
10420657,stimulus_Arg_PISACowsMilk_10_page_6,186.9,291.4,1004.0
10420658,stimulus_Arg_PISACowsMilk_10_page_6,187.1,291.6,1004.0
10420659,stimulus_Arg_PISACowsMilk_10_page_6,187.0,291.4,1004.0
10420660,stimulus_Arg_PISACowsMilk_10_page_6,186.9,291.3,1004.0
10420661,stimulus_Arg_PISACowsMilk_10_page_6,186.9,291.2,1004.0
10420662,stimulus_Arg_PISACowsMilk_10_page_6,187.0,291.0,1004.0
10420663,stimulus_Arg_PISACowsMilk_10_page_6,187.1,290.8,1004.0
10420664,stimulus_Arg_PISACowsMilk_10_page_6,187.1,290.8,1004.0
10420665,stimulus_Arg_PISACowsMilk_10_page_6,187.1,290.9,1005.0
10420666,stimulus_Arg_PISACowsMilk_10_page_6,187.0,291.3,1005.0
10420667,stimulus_Arg_PISACowsMilk_10_page_6,186.9,291.5,1005.0
10420668,stimulus_Arg_PISACowsMilk_10_page_6,187.1,291.6,1005.0
10420669,stimulus_Arg_PISACowsMilk_10_page_6,187.3,291.4,1006.0
10420670,stimulus_Arg_PISACowsMilk_10_page_6,187.6,291.3,1007.0
10420671,stimulus_Arg_PISACowsMilk_10_page_6,187.7,291.3,1008.0
10420672,stimulus_Arg_PISACowsMilk_10_page_6,187.7,291.6,1008.0
10420673,stimulus_Arg_PISACowsMilk_10_page_6,187.6,292.0,1008.0
10420674,stimulus_Arg_PISACowsMilk_10_page_6,187.6,292.2,1008.0
10420675,stimulus_Arg_PISACowsMilk_10_page_6,187.5,292.5,1007.0
10420676,stimulus_Arg_PISACowsMilk_10_page_6,187.5,292.5,1006.0
10420677,stimulus_Arg_PISACowsMilk_10_page_6,187.4,292.5,1005.0
10420678,stimulus_Arg_PISACowsMilk_10_page_6,187.3,292.6,1005.0
10420679,stimulus_Arg_PISACowsMilk_10_page_6,187.2,292.7,1006.0
10420680,stimulus_Arg_PISACowsMilk_10_page_6,187.2,292.7,1006.0
10420681,stimulus_Arg_PISACowsMilk_10_page_6,187.2,292.7,1007.0
10420682,stimulus_Arg_PISACowsMilk_10_page_6,187.5,292.7,1006.0
10420683,stimulus_Arg_PISACowsMilk_10_page_6,187.7,292.9,1005.0
10420684,stimulus_Arg_PISACowsMilk_10_page_6,187.9,293.1,1004.0
10420685,stimulus_Arg_PISACowsMilk_10_page_6,188.2,293.1,1005.0
10420686,stimulus_Arg_PISACowsMilk_10_page_6,188.5,293.0,1005.0
10420687,stimulus_Arg_PISACowsMilk_10_page_6,188.7,292.9,1005.0
10420688,stimulus_Arg_PISACowsMilk_10_page_6,188.6,292.9,1005.0
10420689,stimulus_Arg_PISACowsMilk_10_page_6,188.5,292.9,1005.0
10420690,stimulus_Arg_PISACowsMilk_10_page_6,188.5,293.0,1005.0
10420691,stimulus_Arg_PISACowsMilk_10_page_6,188.5,293.3,1005.0
10420692,stimulus_Arg_PISACowsMilk_10_page_6,188.4,293.5,1005.0
10420693,stimulus_Arg_PISACowsMilk_10_page_6,188.1,293.8,1005.0
10420694,stimulus_Arg_PISACowsMilk_10_page_6,187.7,293.7,1005.0
10420695,stimulus_Arg_PISACowsMilk_10_page_6,187.5,293.6,1006.0
10420696,stimulus_Arg_PISACowsMilk_10_page_6,187.5,293.9,1006.0
10420697,stimulus_Arg_PISACowsMilk_10_page_6,187.5,294.2,1006.0
10420698,stimulus_Arg_PISACowsMilk_10_page_6,187.5,294.2,1005.0
10420699,stimulus_Arg_PISACowsMilk_10_page_6,187.7,294.0,1004.0
10420700,stimulus_Arg_PISACowsMilk_10_page_6,187.9,293.9,1003.0
10420701,stimulus_Arg_PISACowsMilk_10_page_6,188.0,294.0,1003.0
10420702,stimulus_Arg_PISACowsMilk_10_page_6,188.0,294.1,1002.0
10420703,stimulus_Arg_PISACowsMilk_10_page_6,187.9,294.3,1001.0
10420704,stimulus_Arg_PISACowsMilk_10_page_6,187.8,294.6,1001.0
10420705,stimulus_Arg_PISACowsMilk_10_page_6,187.8,294.8,1001.0
10420706,stimulus_Arg_PISACowsMilk_10_page_6,188.0,294.6,1001.0
10420707,stimulus_Arg_PISACowsMilk_10_page_6,188.2,294.4,1001.0
10420708,stimulus_Arg_PISACowsMilk_10_page_6,188.5,294.3,1000.0
10420709,stimulus_Arg_PISACowsMilk_10_page_6,188.4,294.2,1000.0
10420710,stimulus_Arg_PISACowsMilk_10_page_6,188.2,294.2,1000.0
10420711,stimulus_Arg_PISACowsMilk_10_page_6,187.9,294.2,1000.0
10420712,stimulus_Arg_PISACowsMilk_10_page_6,187.7,294.2,1000.0
10420713,stimulus_Arg_PISACowsMilk_10_page_6,187.6,294.1,1000.0
10420714,stimulus_Arg_PISACowsMilk_10_page_6,187.4,294.1,999.0
10420715,stimulus_Arg_PISACowsMilk_10_page_6,187.3,293.7,998.0
10420716,stimulus_Arg_PISACowsMilk_10_page_6,187.1,293.4,998.0
10420717,stimulus_Arg_PISACowsMilk_10_page_6,187.2,293.2,998.0
10420718,stimulus_Arg_PISACowsMilk_10_page_6,187.3,293.3,998.0
10420719,stimulus_Arg_PISACowsMilk_10_page_6,187.5,293.2,998.0
10420720,stimulus_Arg_PISACowsMilk_10_page_6,187.5,293.1,998.0
10420721,stimulus_Arg_PISACowsMilk_10_page_6,187.5,293.1,998.0
10420722,stimulus_Arg_PISACowsMilk_10_page_6,187.6,293.2,998.0
10420723,stimulus_Arg_PISACowsMilk_10_page_6,187.7,293.3,998.0
10420724,stimulus_Arg_PISACowsMilk_10_page_6,187.8,293.3,998.0
10420725,stimulus_Arg_PISACowsMilk_10_page_6,187.9,293.5,998.0
10420726,stimulus_Arg_PISACowsMilk_10_page_6,187.9,293.7,998.0
10420727,stimulus_Arg_PISACowsMilk_10_page_6,187.8,293.8,998.0
10420728,stimulus_Arg_PISACowsMilk_10_page_6,187.9,293.7,998.0
10420729,stimulus_Arg_PISACowsMilk_10_page_6,188.0,293.6,998.0
10420730,stimulus_Arg_PISACowsMilk_10_page_6,187.7,293.4,998.0
10420731,stimulus_Arg_PISACowsMilk_10_page_6,187.4,293.1,999.0
10420732,stimulus_Arg_PISACowsMilk_10_page_6,186.6,292.8,1001.0
10420733,stimulus_Arg_PISACowsMilk_10_page_6,186.3,292.6,1002.0
10420734,stimulus_Arg_PISACowsMilk_10_page_6,185.9,292.6,1001.0
10420735,stimulus_Arg_PISACowsMilk_10_page_6,185.8,292.6,1001.0
10420736,stimulus_Arg_PISACowsMilk_10_page_6,185.7,292.6,1000.0
10420737,stimulus_Arg_PISACowsMilk_10_page_6,186.2,292.3,1000.0
10420738,stimulus_Arg_PISACowsMilk_10_page_6,186.8,292.0,1000.0
10420739,stimulus_Arg_PISACowsMilk_10_page_6,187.1,292.0,1000.0
10420740,stimulus_Arg_PISACowsMilk_10_page_6,186.9,292.3,1000.0
10420741,stimulus_Arg_PISACowsMilk_10_page_6,186.6,292.5,1000.0
10420742,stimulus_Arg_PISACowsMilk_10_page_6,186.7,292.5,999.0
10420743,stimulus_Arg_PISACowsMilk_10_page_6,186.7,292.6,999.0
10420744,stimulus_Arg_PISACowsMilk_10_page_6,186.6,292.6,998.0
10420745,stimulus_Arg_PISACowsMilk_10_page_6,186.4,292.5,997.0
10420746,stimulus_Arg_PISACowsMilk_10_page_6,186.1,292.2,998.0
10420747,stimulus_Arg_PISACowsMilk_10_page_6,186.0,291.7,998.0
10420748,stimulus_Arg_PISACowsMilk_10_page_6,186.2,291.5,1000.0
10420749,stimulus_Arg_PISACowsMilk_10_page_6,186.5,291.3,1000.0
10420750,stimulus_Arg_PISACowsMilk_10_page_6,186.7,291.3,1001.0
10420751,stimulus_Arg_PISACowsMilk_10_page_6,186.7,291.6,1001.0
10420752,stimulus_Arg_PISACowsMilk_10_page_6,186.9,291.9,1001.0
10420753,stimulus_Arg_PISACowsMilk_10_page_6,187.1,292.2,1001.0
10420754,stimulus_Arg_PISACowsMilk_10_page_6,187.3,292.1,1001.0
10420755,stimulus_Arg_PISACowsMilk_10_page_6,187.3,292.0,1000.0
10420756,stimulus_Arg_PISACowsMilk_10_page_6,187.3,292.1,999.0
10420757,stimulus_Arg_PISACowsMilk_10_page_6,187.2,292.1,999.0
10420758,stimulus_Arg_PISACowsMilk_10_page_6,187.0,292.1,999.0
10420759,stimulus_Arg_PISACowsMilk_10_page_6,186.8,292.2,999.0
10420760,stimulus_Arg_PISACowsMilk_10_page_6,186.8,292.4,999.0
10420761,stimulus_Arg_PISACowsMilk_10_page_6,186.9,292.5,1000.0
10420762,stimulus_Arg_PISACowsMilk_10_page_6,187.1,292.7,1000.0
10420763,stimulus_Arg_PISACowsMilk_10_page_6,187.3,292.7,1000.0
10420764,stimulus_Arg_PISACowsMilk_10_page_6,187.4,292.8,1000.0
10420765,stimulus_Arg_PISACowsMilk_10_page_6,187.2,292.8,1000.0
10420766,stimulus_Arg_PISACowsMilk_10_page_6,187.0,292.4,1000.0
10420767,stimulus_Arg_PISACowsMilk_10_page_6,187.2,292.2,1000.0
10420768,stimulus_Arg_PISACowsMilk_10_page_6,187.9,292.1,1000.0
10420769,stimulus_Arg_PISACowsMilk_10_page_6,188.5,292.2,1001.0
10420770,stimulus_Arg_PISACowsMilk_10_page_6,188.6,292.3,1002.0
10420771,stimulus_Arg_PISACowsMilk_10_page_6,188.6,292.2,1003.0
10420772,stimulus_Arg_PISACowsMilk_10_page_6,188.4,292.2,1003.0
10420773,stimulus_Arg_PISACowsMilk_10_page_6,188.3,292.1,1004.0
10420774,stimulus_Arg_PISACowsMilk_10_page_6,188.3,292.1,1005.0
10420775,stimulus_Arg_PISACowsMilk_10_page_6,188.2,292.1,1005.0
10420776,stimulus_Arg_PISACowsMilk_10_page_6,188.2,292.0,1005.0
10420777,stimulus_Arg_PISACowsMilk_10_page_6,188.2,291.9,1004.0
10420778,stimulus_Arg_PISACowsMilk_10_page_6,188.0,291.7,1005.0
10420779,stimulus_Arg_PISACowsMilk_10_page_6,187.9,291.5,1006.0
10420780,stimulus_Arg_PISACowsMilk_10_page_6,187.8,291.5,1007.0
10420781,stimulus_Arg_PISACowsMilk_10_page_6,187.8,291.5,1006.0
10420782,stimulus_Arg_PISACowsMilk_10_page_6,187.8,291.5,1006.0
10420783,stimulus_Arg_PISACowsMilk_10_page_6,187.7,291.6,1006.0
10420784,stimulus_Arg_PISACowsMilk_10_page_6,187.6,291.8,1006.0
10420785,stimulus_Arg_PISACowsMilk_10_page_6,187.7,292.0,1006.0
10420786,stimulus_Arg_PISACowsMilk_10_page_6,187.9,292.0,1005.0
10420787,stimulus_Arg_PISACowsMilk_10_page_6,188.1,292.1,1006.0
10420788,stimulus_Arg_PISACowsMilk_10_page_6,188.1,292.1,1006.0
10420789,stimulus_Arg_PISACowsMilk_10_page_6,188.1,292.0,1007.0
10420790,stimulus_Arg_PISACowsMilk_10_page_6,188.3,292.1,1007.0
10420791,stimulus_Arg_PISACowsMilk_10_page_6,188.5,292.2,1007.0
10420792,stimulus_Arg_PISACowsMilk_10_page_6,188.8,292.2,1008.0
10420793,stimulus_Arg_PISACowsMilk_10_page_6,188.8,292.0,1007.0
10420794,stimulus_Arg_PISACowsMilk_10_page_6,188.5,291.8,1007.0
10420795,stimulus_Arg_PISACowsMilk_10_page_6,188.3,291.5,1006.0
10420796,stimulus_Arg_PISACowsMilk_10_page_6,188.0,291.2,1007.0
10420797,stimulus_Arg_PISACowsMilk_10_page_6,188.0,291.2,1007.0
10420798,stimulus_Arg_PISACowsMilk_10_page_6,188.0,291.4,1007.0
10420799,stimulus_Arg_PISACowsMilk_10_page_6,188.0,291.5,1007.0
10420800,stimulus_Arg_PISACowsMilk_10_page_6,188.0,291.5,1006.0
10420801,stimulus_Arg_PISACowsMilk_10_page_6,188.0,291.6,1006.0
10420802,stimulus_Arg_PISACowsMilk_10_page_6,188.2,292.0,1006.0
10420803,stimulus_Arg_PISACowsMilk_10_page_6,188.3,292.2,1006.0
10420804,stimulus_Arg_PISACowsMilk_10_page_6,188.3,292.2,1006.0
10420805,stimulus_Arg_PISACowsMilk_10_page_6,188.2,292.1,1006.0
10420806,stimulus_Arg_PISACowsMilk_10_page_6,188.0,292.1,1005.0
10420807,stimulus_Arg_PISACowsMilk_10_page_6,188.0,292.1,1006.0
10420808,stimulus_Arg_PISACowsMilk_10_page_6,188.0,292.2,1006.0
10420809,stimulus_Arg_PISACowsMilk_10_page_6,187.8,292.2,1007.0
10420810,stimulus_Arg_PISACowsMilk_10_page_6,187.6,292.3,1007.0
10420811,stimulus_Arg_PISACowsMilk_10_page_6,187.4,292.6,1006.0
10420812,stimulus_Arg_PISACowsMilk_10_page_6,187.5,292.9,1007.0
10420813,stimulus_Arg_PISACowsMilk_10_page_6,187.4,293.1,1007.0
10420814,stimulus_Arg_PISACowsMilk_10_page_6,187.1,293.1,1008.0
10420815,stimulus_Arg_PISACowsMilk_10_page_6,186.7,293.1,1007.0
10420816,stimulus_Arg_PISACowsMilk_10_page_6,186.4,293.2,1007.0
10420817,stimulus_Arg_PISACowsMilk_10_page_6,186.3,293.3,1007.0
10420818,stimulus_Arg_PISACowsMilk_10_page_6,186.2,293.4,1007.0
10420819,stimulus_Arg_PISACowsMilk_10_page_6,186.3,293.3,1007.0
10420820,stimulus_Arg_PISACowsMilk_10_page_6,186.6,293.3,1008.0
10420821,stimulus_Arg_PISACowsMilk_10_page_6,186.9,293.3,1008.0
10420822,stimulus_Arg_PISACowsMilk_10_page_6,186.9,293.3,1009.0
10420823,stimulus_Arg_PISACowsMilk_10_page_6,186.8,293.3,1009.0
10420824,stimulus_Arg_PISACowsMilk_10_page_6,186.7,293.1,1008.0
10420825,stimulus_Arg_PISACowsMilk_10_page_6,186.8,292.9,1008.0
10420826,stimulus_Arg_PISACowsMilk_10_page_6,186.9,292.7,1008.0
10420827,stimulus_Arg_PISACowsMilk_10_page_6,186.9,292.7,1009.0
10420828,stimulus_Arg_PISACowsMilk_10_page_6,187.0,292.8,1009.0
10420829,stimulus_Arg_PISACowsMilk_10_page_6,187.2,292.9,1009.0
10420830,stimulus_Arg_PISACowsMilk_10_page_6,187.2,293.1,1009.0
10420831,stimulus_Arg_PISACowsMilk_10_page_6,187.3,293.2,1009.0
10420832,stimulus_Arg_PISACowsMilk_10_page_6,187.0,293.3,1009.0
10420833,stimulus_Arg_PISACowsMilk_10_page_6,186.7,293.5,1008.0
10420834,stimulus_Arg_PISACowsMilk_10_page_6,186.4,293.6,1009.0
10420835,stimulus_Arg_PISACowsMilk_10_page_6,186.5,293.7,1009.0
10420836,stimulus_Arg_PISACowsMilk_10_page_6,186.7,293.6,1009.0
10420837,stimulus_Arg_PISACowsMilk_10_page_6,187.0,293.6,1010.0
10420838,stimulus_Arg_PISACowsMilk_10_page_6,187.1,293.7,1010.0
10420839,stimulus_Arg_PISACowsMilk_10_page_6,186.9,294.0,1010.0
10420840,stimulus_Arg_PISACowsMilk_10_page_6,186.5,294.4,1010.0
10420841,stimulus_Arg_PISACowsMilk_10_page_6,186.4,294.6,1010.0
10420842,stimulus_Arg_PISACowsMilk_10_page_6,186.7,294.6,1009.0
10420843,stimulus_Arg_PISACowsMilk_10_page_6,186.9,295.1,1009.0
10420844,stimulus_Arg_PISACowsMilk_10_page_6,186.9,295.6,1009.0
10420845,stimulus_Arg_PISACowsMilk_10_page_6,186.8,295.9,1009.0
10420846,stimulus_Arg_PISACowsMilk_10_page_6,186.9,295.5,1009.0
10420847,stimulus_Arg_PISACowsMilk_10_page_6,187.1,295.1,1009.0
10420848,stimulus_Arg_PISACowsMilk_10_page_6,187.3,294.7,1009.0
10420849,stimulus_Arg_PISACowsMilk_10_page_6,187.5,294.5,1009.0
10420850,stimulus_Arg_PISACowsMilk_10_page_6,187.5,294.4,1009.0
10420851,stimulus_Arg_PISACowsMilk_10_page_6,187.5,294.4,1009.0
10420852,stimulus_Arg_PISACowsMilk_10_page_6,187.5,294.4,1010.0
10420853,stimulus_Arg_PISACowsMilk_10_page_6,187.4,294.3,1011.0
10420854,stimulus_Arg_PISACowsMilk_10_page_6,187.3,294.3,1011.0
10420855,stimulus_Arg_PISACowsMilk_10_page_6,187.1,294.4,1011.0
10420856,stimulus_Arg_PISACowsMilk_10_page_6,187.1,294.4,1011.0
10420857,stimulus_Arg_PISACowsMilk_10_page_6,187.2,294.2,1011.0
10420858,stimulus_Arg_PISACowsMilk_10_page_6,187.3,294.1,1012.0
10420859,stimulus_Arg_PISACowsMilk_10_page_6,187.4,294.1,1013.0
10420860,stimulus_Arg_PISACowsMilk_10_page_6,187.4,294.3,1013.0
10420861,stimulus_Arg_PISACowsMilk_10_page_6,187.8,294.3,1012.0
10420862,stimulus_Arg_PISACowsMilk_10_page_6,188.2,294.2,1012.0
10420863,stimulus_Arg_PISACowsMilk_10_page_6,188.7,294.0,1013.0
10420864,stimulus_Arg_PISACowsMilk_10_page_6,189.0,293.9,1013.0
10420865,stimulus_Arg_PISACowsMilk_10_page_6,189.2,293.7,1013.0
10420866,stimulus_Arg_PISACowsMilk_10_page_6,189.3,293.7,1012.0
10420867,stimulus_Arg_PISACowsMilk_10_page_6,189.4,293.7,1012.0
10420868,stimulus_Arg_PISACowsMilk_10_page_6,189.6,293.8,1012.0
10420869,stimulus_Arg_PISACowsMilk_10_page_6,189.8,293.9,1013.0
10420870,stimulus_Arg_PISACowsMilk_10_page_6,190.2,294.0,1013.0
10420871,stimulus_Arg_PISACowsMilk_10_page_6,190.4,294.1,1013.0
10420872,stimulus_Arg_PISACowsMilk_10_page_6,190.6,294.1,1013.0
10420873,stimulus_Arg_PISACowsMilk_10_page_6,190.6,294.1,1015.0
10420874,stimulus_Arg_PISACowsMilk_10_page_6,190.4,294.1,1016.0
10420875,stimulus_Arg_PISACowsMilk_10_page_6,190.2,294.1,1017.0
10420876,stimulus_Arg_PISACowsMilk_10_page_6,190.0,293.8,1016.0
10420877,stimulus_Arg_PISACowsMilk_10_page_6,190.0,293.6,1016.0
10420878,stimulus_Arg_PISACowsMilk_10_page_6,190.0,293.4,1015.0
10420879,stimulus_Arg_PISACowsMilk_10_page_6,190.1,293.3,1015.0
10420880,stimulus_Arg_PISACowsMilk_10_page_6,190.2,293.3,1014.0
10420881,stimulus_Arg_PISACowsMilk_10_page_6,190.3,293.3,1014.0
10420882,stimulus_Arg_PISACowsMilk_10_page_6,190.5,293.3,1014.0
10420883,stimulus_Arg_PISACowsMilk_10_page_6,190.7,293.3,1014.0
10420884,stimulus_Arg_PISACowsMilk_10_page_6,190.9,293.3,1014.0
10420885,stimulus_Arg_PISACowsMilk_10_page_6,190.9,293.2,1014.0
10420886,stimulus_Arg_PISACowsMilk_10_page_6,190.7,293.1,1013.0
10420887,stimulus_Arg_PISACowsMilk_10_page_6,190.5,292.5,1013.0
10420888,stimulus_Arg_PISACowsMilk_10_page_6,190.4,292.1,1013.0
10420889,stimulus_Arg_PISACowsMilk_10_page_6,190.7,291.9,1013.0
10420890,stimulus_Arg_PISACowsMilk_10_page_6,190.8,292.1,1014.0
10420891,stimulus_Arg_PISACowsMilk_10_page_6,190.9,292.3,1014.0
10420892,stimulus_Arg_PISACowsMilk_10_page_6,191.0,292.1,1015.0
10420893,stimulus_Arg_PISACowsMilk_10_page_6,191.1,292.0,1015.0
10420894,stimulus_Arg_PISACowsMilk_10_page_6,191.2,292.1,1014.0
10420895,stimulus_Arg_PISACowsMilk_10_page_6,191.2,292.2,1014.0
10420896,stimulus_Arg_PISACowsMilk_10_page_6,191.2,292.2,1013.0
10420897,stimulus_Arg_PISACowsMilk_10_page_6,191.4,292.0,1014.0
10420898,stimulus_Arg_PISACowsMilk_10_page_6,191.5,292.0,1015.0
10420899,stimulus_Arg_PISACowsMilk_10_page_6,191.6,292.2,1015.0
10420900,stimulus_Arg_PISACowsMilk_10_page_6,191.4,292.3,1014.0
10420901,stimulus_Arg_PISACowsMilk_10_page_6,191.3,292.3,1013.0
10420902,stimulus_Arg_PISACowsMilk_10_page_6,190.8,292.3,1013.0
10420903,stimulus_Arg_PISACowsMilk_10_page_6,190.3,292.3,1013.0
10420904,stimulus_Arg_PISACowsMilk_10_page_6,189.8,292.2,1013.0
10420905,stimulus_Arg_PISACowsMilk_10_page_6,189.7,292.1,1012.0
10420906,stimulus_Arg_PISACowsMilk_10_page_6,189.7,291.9,1012.0
10420907,stimulus_Arg_PISACowsMilk_10_page_6,189.7,291.8,1012.0
10420908,stimulus_Arg_PISACowsMilk_10_page_6,189.7,291.9,1012.0
10420909,stimulus_Arg_PISACowsMilk_10_page_6,189.7,292.0,1012.0
10420910,stimulus_Arg_PISACowsMilk_10_page_6,189.9,292.1,1012.0
10420911,stimulus_Arg_PISACowsMilk_10_page_6,190.2,292.3,1011.0
10420912,stimulus_Arg_PISACowsMilk_10_page_6,190.4,292.2,1011.0
10420913,stimulus_Arg_PISACowsMilk_10_page_6,190.5,292.0,1011.0
10420914,stimulus_Arg_PISACowsMilk_10_page_6,190.7,291.8,1011.0
10420915,stimulus_Arg_PISACowsMilk_10_page_6,190.8,291.8,1011.0
10420916,stimulus_Arg_PISACowsMilk_10_page_6,190.8,292.1,1011.0
10420917,stimulus_Arg_PISACowsMilk_10_page_6,190.8,292.3,1011.0
10420918,stimulus_Arg_PISACowsMilk_10_page_6,190.7,292.7,1011.0
10420919,stimulus_Arg_PISACowsMilk_10_page_6,190.6,292.8,1010.0
10420920,stimulus_Arg_PISACowsMilk_10_page_6,190.5,292.6,1010.0
10420921,stimulus_Arg_PISACowsMilk_10_page_6,190.5,292.3,1010.0
10420922,stimulus_Arg_PISACowsMilk_10_page_6,190.6,292.1,1010.0
10420923,stimulus_Arg_PISACowsMilk_10_page_6,190.5,292.5,1011.0
10420924,stimulus_Arg_PISACowsMilk_10_page_6,190.5,292.8,1011.0
10420925,stimulus_Arg_PISACowsMilk_10_page_6,190.2,293.0,1011.0
10420926,stimulus_Arg_PISACowsMilk_10_page_6,189.9,292.9,1011.0
10420927,stimulus_Arg_PISACowsMilk_10_page_6,190.0,292.9,1011.0
10420928,stimulus_Arg_PISACowsMilk_10_page_6,190.4,292.9,1011.0
10420929,stimulus_Arg_PISACowsMilk_10_page_6,190.6,292.9,1010.0
10420930,stimulus_Arg_PISACowsMilk_10_page_6,190.4,292.8,1010.0
10420931,stimulus_Arg_PISACowsMilk_10_page_6,190.1,292.7,1010.0
10420932,stimulus_Arg_PISACowsMilk_10_page_6,190.0,292.5,1011.0
10420933,stimulus_Arg_PISACowsMilk_10_page_6,189.9,292.3,1012.0
10420934,stimulus_Arg_PISACowsMilk_10_page_6,189.8,292.3,1011.0
10420935,stimulus_Arg_PISACowsMilk_10_page_6,190.0,292.3,1011.0
10420936,stimulus_Arg_PISACowsMilk_10_page_6,190.1,292.3,1010.0
10420937,stimulus_Arg_PISACowsMilk_10_page_6,190.1,292.3,1011.0
10420938,stimulus_Arg_PISACowsMilk_10_page_6,190.0,292.3,1013.0
10420939,stimulus_Arg_PISACowsMilk_10_page_6,190.0,292.4,1014.0
10420940,stimulus_Arg_PISACowsMilk_10_page_6,190.1,292.5,1015.0
10420941,stimulus_Arg_PISACowsMilk_10_page_6,190.2,292.5,1015.0
10420942,stimulus_Arg_PISACowsMilk_10_page_6,190.3,292.4,1015.0
10420943,stimulus_Arg_PISACowsMilk_10_page_6,190.3,292.4,1013.0
10420944,stimulus_Arg_PISACowsMilk_10_page_6,190.6,292.4,1012.0
10420945,stimulus_Arg_PISACowsMilk_10_page_6,190.9,292.4,1010.0
10420946,stimulus_Arg_PISACowsMilk_10_page_6,190.9,292.4,1010.0
10420947,stimulus_Arg_PISACowsMilk_10_page_6,190.7,292.4,1010.0
10420948,stimulus_Arg_PISACowsMilk_10_page_6,190.5,292.5,1011.0
10420949,stimulus_Arg_PISACowsMilk_10_page_6,190.5,292.5,1012.0
10420950,stimulus_Arg_PISACowsMilk_10_page_6,190.5,292.5,1014.0
10420951,stimulus_Arg_PISACowsMilk_10_page_6,190.4,292.8,1015.0
10420952,stimulus_Arg_PISACowsMilk_10_page_6,190.4,293.1,1015.0
10420953,stimulus_Arg_PISACowsMilk_10_page_6,190.3,293.4,1015.0
10420954,stimulus_Arg_PISACowsMilk_10_page_6,190.3,293.4,1015.0
10420955,stimulus_Arg_PISACowsMilk_10_page_6,190.6,293.4,1015.0
10420956,stimulus_Arg_PISACowsMilk_10_page_6,190.9,293.3,1014.0
10420957,stimulus_Arg_PISACowsMilk_10_page_6,191.3,293.3,1013.0
10420958,stimulus_Arg_PISACowsMilk_10_page_6,191.3,293.4,1013.0
10420959,stimulus_Arg_PISACowsMilk_10_page_6,191.3,293.4,1014.0
10420960,stimulus_Arg_PISACowsMilk_10_page_6,191.7,293.3,1014.0
10420961,stimulus_Arg_PISACowsMilk_10_page_6,192.0,293.2,1014.0
10420962,stimulus_Arg_PISACowsMilk_10_page_6,192.0,292.9,1015.0
10420963,stimulus_Arg_PISACowsMilk_10_page_6,191.7,292.9,1016.0
10420964,stimulus_Arg_PISACowsMilk_10_page_6,191.4,292.7,1016.0
10420965,stimulus_Arg_PISACowsMilk_10_page_6,191.5,292.6,1016.0
10420966,stimulus_Arg_PISACowsMilk_10_page_6,191.5,292.8,1016.0
10420967,stimulus_Arg_PISACowsMilk_10_page_6,191.4,293.1,1016.0
10420968,stimulus_Arg_PISACowsMilk_10_page_6,191.4,293.3,1016.0
10420969,stimulus_Arg_PISACowsMilk_10_page_6,192.0,293.2,1017.0
10420970,stimulus_Arg_PISACowsMilk_10_page_6,192.6,293.1,1018.0
10420971,stimulus_Arg_PISACowsMilk_10_page_6,192.9,293.0,1018.0
10420972,stimulus_Arg_PISACowsMilk_10_page_6,192.6,293.0,1019.0
10420973,stimulus_Arg_PISACowsMilk_10_page_6,192.0,293.1,1020.0
10420974,stimulus_Arg_PISACowsMilk_10_page_6,191.7,292.9,1021.0
10420975,stimulus_Arg_PISACowsMilk_10_page_6,191.3,292.7,1021.0
10420976,stimulus_Arg_PISACowsMilk_10_page_6,191.3,292.5,1021.0
10420977,stimulus_Arg_PISACowsMilk_10_page_6,191.3,292.5,1022.0
10420978,stimulus_Arg_PISACowsMilk_10_page_6,191.3,292.5,1022.0
10420979,stimulus_Arg_PISACowsMilk_10_page_6,191.5,292.6,1022.0
10420980,stimulus_Arg_PISACowsMilk_10_page_6,191.6,292.6,1022.0
10420981,stimulus_Arg_PISACowsMilk_10_page_6,191.7,292.6,1022.0
10420982,stimulus_Arg_PISACowsMilk_10_page_6,191.8,292.5,1021.0
10420983,stimulus_Arg_PISACowsMilk_10_page_6,191.9,292.5,1021.0
10420984,stimulus_Arg_PISACowsMilk_10_page_6,191.9,292.5,1021.0
10420985,stimulus_Arg_PISACowsMilk_10_page_6,191.9,292.7,1021.0
10420986,stimulus_Arg_PISACowsMilk_10_page_6,191.9,292.9,1020.0
10420987,stimulus_Arg_PISACowsMilk_10_page_6,191.9,293.0,1020.0
10420988,stimulus_Arg_PISACowsMilk_10_page_6,192.0,293.0,1021.0
10420989,stimulus_Arg_PISACowsMilk_10_page_6,192.1,293.0,1021.0
10420990,stimulus_Arg_PISACowsMilk_10_page_6,192.1,293.0,1022.0
10420991,stimulus_Arg_PISACowsMilk_10_page_6,192.1,292.9,1022.0
10420992,stimulus_Arg_PISACowsMilk_10_page_6,192.1,292.9,1022.0
10420993,stimulus_Arg_PISACowsMilk_10_page_6,191.8,292.7,1022.0
10420994,stimulus_Arg_PISACowsMilk_10_page_6,191.6,292.7,1022.0
10420995,stimulus_Arg_PISACowsMilk_10_page_6,191.2,292.7,1021.0
10420996,stimulus_Arg_PISACowsMilk_10_page_6,191.0,292.7,1021.0
10420997,stimulus_Arg_PISACowsMilk_10_page_6,190.9,292.7,1020.0
10420998,stimulus_Arg_PISACowsMilk_10_page_6,190.9,292.8,1022.0
10420999,stimulus_Arg_PISACowsMilk_10_page_6,191.0,292.8,1023.0
10421000,stimulus_Arg_PISACowsMilk_10_page_6,191.1,292.8,1025.0
10421001,stimulus_Arg_PISACowsMilk_10_page_6,191.0,292.9,1025.0
10421002,stimulus_Arg_PISACowsMilk_10_page_6,191.0,293.0,1025.0
10421003,stimulus_Arg_PISACowsMilk_10_page_6,191.0,293.1,1024.0
10421004,stimulus_Arg_PISACowsMilk_10_page_6,191.1,293.2,1024.0
10421005,stimulus_Arg_PISACowsMilk_10_page_6,191.3,293.3,1024.0
10421006,stimulus_Arg_PISACowsMilk_10_page_6,191.5,293.4,1024.0
10421007,stimulus_Arg_PISACowsMilk_10_page_6,191.5,293.4,1024.0
10421008,stimulus_Arg_PISACowsMilk_10_page_6,191.4,293.2,1025.0
10421009,stimulus_Arg_PISACowsMilk_10_page_6,191.2,293.1,1025.0
10421010,stimulus_Arg_PISACowsMilk_10_page_6,191.1,292.9,1026.0
10421011,stimulus_Arg_PISACowsMilk_10_page_6,191.1,293.1,1026.0
10421012,stimulus_Arg_PISACowsMilk_10_page_6,191.1,293.3,1025.0
10421013,stimulus_Arg_PISACowsMilk_10_page_6,191.2,293.7,1023.0
10421014,stimulus_Arg_PISACowsMilk_10_page_6,191.4,294.0,1022.0
10421015,stimulus_Arg_PISACowsMilk_10_page_6,191.6,294.4,1022.0
10421016,stimulus_Arg_PISACowsMilk_10_page_6,192.2,294.8,1023.0
10421017,stimulus_Arg_PISACowsMilk_10_page_6,193.4,295.0,1023.0
10421018,stimulus_Arg_PISACowsMilk_10_page_6,195.2,295.2,1024.0
10421019,stimulus_Arg_PISACowsMilk_10_page_6,197.5,295.3,1024.0
10421020,stimulus_Arg_PISACowsMilk_10_page_6,201.1,295.6,1025.0
10421021,stimulus_Arg_PISACowsMilk_10_page_6,205.9,295.9,1026.0
10421022,stimulus_Arg_PISACowsMilk_10_page_6,212.1,296.1,1027.0
10421023,stimulus_Arg_PISACowsMilk_10_page_6,218.9,296.3,1027.0
10421024,stimulus_Arg_PISACowsMilk_10_page_6,227.2,296.6,1027.0
10421025,stimulus_Arg_PISACowsMilk_10_page_6,235.7,296.6,1028.0
10421026,stimulus_Arg_PISACowsMilk_10_page_6,245.3,296.3,1030.0
10421027,stimulus_Arg_PISACowsMilk_10_page_6,254.7,295.9,1032.0
10421028,stimulus_Arg_PISACowsMilk_10_page_6,263.6,295.4,1032.0
10421029,stimulus_Arg_PISACowsMilk_10_page_6,271.6,295.0,1031.0
10421030,stimulus_Arg_PISACowsMilk_10_page_6,279.6,294.1,1031.0
10421031,stimulus_Arg_PISACowsMilk_10_page_6,286.5,293.2,1031.0
10421032,stimulus_Arg_PISACowsMilk_10_page_6,291.7,291.0,1030.0
10421033,stimulus_Arg_PISACowsMilk_10_page_6,294.0,289.2,1029.0
10421034,stimulus_Arg_PISACowsMilk_10_page_6,295.6,287.8,1028.0
10421035,stimulus_Arg_PISACowsMilk_10_page_6,296.4,287.6,1026.0
10421036,stimulus_Arg_PISACowsMilk_10_page_6,296.4,287.1,1024.0
10421037,stimulus_Arg_PISACowsMilk_10_page_6,295.6,286.7,1023.0
10421038,stimulus_Arg_PISACowsMilk_10_page_6,293.5,286.7,1023.0
10421039,stimulus_Arg_PISACowsMilk_10_page_6,291.2,287.1,1024.0
10421040,stimulus_Arg_PISACowsMilk_10_page_6,288.0,287.5,1023.0
10421041,stimulus_Arg_PISACowsMilk_10_page_6,285.0,288.1,1023.0
10421042,stimulus_Arg_PISACowsMilk_10_page_6,280.9,288.7,1022.0
10421043,stimulus_Arg_PISACowsMilk_10_page_6,277.6,289.7,1022.0
10421044,stimulus_Arg_PISACowsMilk_10_page_6,274.9,290.3,1023.0
10421045,stimulus_Arg_PISACowsMilk_10_page_6,272.9,291.6,1024.0
10421046,stimulus_Arg_PISACowsMilk_10_page_6,271.5,292.9,1027.0
10421047,stimulus_Arg_PISACowsMilk_10_page_6,270.3,294.2,1028.0
10421048,stimulus_Arg_PISACowsMilk_10_page_6,269.8,294.4,1031.0
10421049,stimulus_Arg_PISACowsMilk_10_page_6,269.8,294.6,1032.0
10421050,stimulus_Arg_PISACowsMilk_10_page_6,270.2,294.6,1033.0
10421051,stimulus_Arg_PISACowsMilk_10_page_6,271.2,294.8,1034.0
10421052,stimulus_Arg_PISACowsMilk_10_page_6,272.0,294.8,1034.0
10421053,stimulus_Arg_PISACowsMilk_10_page_6,273.0,294.9,1033.0
10421054,stimulus_Arg_PISACowsMilk_10_page_6,274.0,295.0,1032.0
10421055,stimulus_Arg_PISACowsMilk_10_page_6,274.9,295.1,1031.0
10421056,stimulus_Arg_PISACowsMilk_10_page_6,275.7,295.2,1030.0
10421057,stimulus_Arg_PISACowsMilk_10_page_6,276.0,295.1,1029.0
10421058,stimulus_Arg_PISACowsMilk_10_page_6,276.5,295.0,1030.0
10421059,stimulus_Arg_PISACowsMilk_10_page_6,277.1,294.9,1030.0
10421060,stimulus_Arg_PISACowsMilk_10_page_6,277.5,294.6,1030.0
10421061,stimulus_Arg_PISACowsMilk_10_page_6,277.8,294.3,1030.0
10421062,stimulus_Arg_PISACowsMilk_10_page_6,278.0,294.1,1029.0
10421063,stimulus_Arg_PISACowsMilk_10_page_6,278.2,294.2,1029.0
10421064,stimulus_Arg_PISACowsMilk_10_page_6,278.2,294.3,1028.0
10421065,stimulus_Arg_PISACowsMilk_10_page_6,278.2,294.3,1028.0
10421066,stimulus_Arg_PISACowsMilk_10_page_6,278.2,294.2,1029.0
10421067,stimulus_Arg_PISACowsMilk_10_page_6,278.4,294.1,1029.0
10421068,stimulus_Arg_PISACowsMilk_10_page_6,278.5,294.0,1029.0
10421069,stimulus_Arg_PISACowsMilk_10_page_6,278.7,294.1,1030.0
10421070,stimulus_Arg_PISACowsMilk_10_page_6,278.7,294.2,1030.0
10421071,stimulus_Arg_PISACowsMilk_10_page_6,278.8,294.4,1030.0
10421072,stimulus_Arg_PISACowsMilk_10_page_6,278.8,294.6,1029.0
10421073,stimulus_Arg_PISACowsMilk_10_page_6,278.8,294.7,1028.0
10421074,stimulus_Arg_PISACowsMilk_10_page_6,278.8,294.7,1029.0
10421075,stimulus_Arg_PISACowsMilk_10_page_6,278.8,294.7,1029.0
10421076,stimulus_Arg_PISACowsMilk_10_page_6,278.7,294.7,1029.0
10421077,stimulus_Arg_PISACowsMilk_10_page_6,278.7,294.7,1029.0
10421078,stimulus_Arg_PISACowsMilk_10_page_6,278.9,294.8,1029.0
10421079,stimulus_Arg_PISACowsMilk_10_page_6,279.0,294.8,1029.0
10421080,stimulus_Arg_PISACowsMilk_10_page_6,279.2,294.8,1029.0
10421081,stimulus_Arg_PISACowsMilk_10_page_6,279.2,295.0,1029.0
10421082,stimulus_Arg_PISACowsMilk_10_page_6,278.9,295.1,1028.0
10421083,stimulus_Arg_PISACowsMilk_10_page_6,278.7,295.2,1029.0
10421084,stimulus_Arg_PISACowsMilk_10_page_6,278.5,295.1,1029.0
10421085,stimulus_Arg_PISACowsMilk_10_page_6,278.3,294.9,1030.0
10421086,stimulus_Arg_PISACowsMilk_10_page_6,278.1,294.7,1030.0
10421087,stimulus_Arg_PISACowsMilk_10_page_6,277.9,294.5,1029.0
10421088,stimulus_Arg_PISACowsMilk_10_page_6,277.9,294.4,1029.0
10421089,stimulus_Arg_PISACowsMilk_10_page_6,277.8,294.3,1029.0
10421090,stimulus_Arg_PISACowsMilk_10_page_6,277.8,294.3,1029.0
10421091,stimulus_Arg_PISACowsMilk_10_page_6,277.8,294.1,1030.0
10421092,stimulus_Arg_PISACowsMilk_10_page_6,277.9,293.9,1031.0
10421093,stimulus_Arg_PISACowsMilk_10_page_6,278.0,294.0,1031.0
10421094,stimulus_Arg_PISACowsMilk_10_page_6,278.0,294.2,1030.0
10421095,stimulus_Arg_PISACowsMilk_10_page_6,278.0,294.4,1030.0
10421096,stimulus_Arg_PISACowsMilk_10_page_6,278.0,294.4,1030.0
10421097,stimulus_Arg_PISACowsMilk_10_page_6,277.6,294.4,1030.0
10421098,stimulus_Arg_PISACowsMilk_10_page_6,277.3,294.3,1030.0
10421099,stimulus_Arg_PISACowsMilk_10_page_6,277.2,294.4,1031.0
10421100,stimulus_Arg_PISACowsMilk_10_page_6,277.5,294.4,1031.0
10421101,stimulus_Arg_PISACowsMilk_10_page_6,278.0,294.5,1032.0
10421102,stimulus_Arg_PISACowsMilk_10_page_6,278.2,294.7,1032.0
10421103,stimulus_Arg_PISACowsMilk_10_page_6,278.2,294.9,1032.0
10421104,stimulus_Arg_PISACowsMilk_10_page_6,278.1,295.1,1031.0
10421105,stimulus_Arg_PISACowsMilk_10_page_6,277.9,295.1,1031.0
10421106,stimulus_Arg_PISACowsMilk_10_page_6,278.0,295.1,1031.0
10421107,stimulus_Arg_PISACowsMilk_10_page_6,278.0,295.1,1031.0
10421108,stimulus_Arg_PISACowsMilk_10_page_6,278.2,295.2,1031.0
10421109,stimulus_Arg_PISACowsMilk_10_page_6,278.4,295.2,1031.0
10421110,stimulus_Arg_PISACowsMilk_10_page_6,278.6,295.2,1031.0
10421111,stimulus_Arg_PISACowsMilk_10_page_6,278.7,294.9,1031.0
10421112,stimulus_Arg_PISACowsMilk_10_page_6,278.8,294.6,1030.0
10421113,stimulus_Arg_PISACowsMilk_10_page_6,278.8,294.4,1030.0
10421114,stimulus_Arg_PISACowsMilk_10_page_6,278.8,294.3,1030.0
10421115,stimulus_Arg_PISACowsMilk_10_page_6,278.8,294.2,1030.0
10421116,stimulus_Arg_PISACowsMilk_10_page_6,278.8,294.4,1029.0
10421117,stimulus_Arg_PISACowsMilk_10_page_6,278.8,294.6,1028.0
10421118,stimulus_Arg_PISACowsMilk_10_page_6,278.9,294.8,1027.0
10421119,stimulus_Arg_PISACowsMilk_10_page_6,278.7,294.8,1027.0
10421120,stimulus_Arg_PISACowsMilk_10_page_6,278.6,294.7,1028.0
10421121,stimulus_Arg_PISACowsMilk_10_page_6,278.4,294.8,1028.0
10421122,stimulus_Arg_PISACowsMilk_10_page_6,278.6,295.0,1027.0
10421123,stimulus_Arg_PISACowsMilk_10_page_6,278.9,295.2,1027.0
10421124,stimulus_Arg_PISACowsMilk_10_page_6,278.9,295.3,1027.0
10421125,stimulus_Arg_PISACowsMilk_10_page_6,278.6,295.4,1028.0
10421126,stimulus_Arg_PISACowsMilk_10_page_6,278.2,295.4,1028.0
10421127,stimulus_Arg_PISACowsMilk_10_page_6,278.3,295.1,1028.0
10421128,stimulus_Arg_PISACowsMilk_10_page_6,278.4,294.7,1028.0
10421129,stimulus_Arg_PISACowsMilk_10_page_6,278.5,294.4,1028.0
10421130,stimulus_Arg_PISACowsMilk_10_page_6,278.5,294.0,1028.0
10421131,stimulus_Arg_PISACowsMilk_10_page_6,278.4,293.6,1028.0
10421132,stimulus_Arg_PISACowsMilk_10_page_6,278.6,293.6,1029.0
10421133,stimulus_Arg_PISACowsMilk_10_page_6,278.8,293.8,1029.0
10421134,stimulus_Arg_PISACowsMilk_10_page_6,279.1,294.1,1030.0
10421135,stimulus_Arg_PISACowsMilk_10_page_6,279.1,294.1,1030.0
10421136,stimulus_Arg_PISACowsMilk_10_page_6,279.1,294.2,1031.0
10421137,stimulus_Arg_PISACowsMilk_10_page_6,279.0,294.6,1031.0
10421138,stimulus_Arg_PISACowsMilk_10_page_6,279.0,295.0,1031.0
10421139,stimulus_Arg_PISACowsMilk_10_page_6,279.2,295.2,1031.0
10421140,stimulus_Arg_PISACowsMilk_10_page_6,279.4,295.3,1032.0
10421141,stimulus_Arg_PISACowsMilk_10_page_6,279.5,295.4,1033.0
10421142,stimulus_Arg_PISACowsMilk_10_page_6,279.6,295.2,1033.0
10421143,stimulus_Arg_PISACowsMilk_10_page_6,279.8,294.9,1033.0
10421144,stimulus_Arg_PISACowsMilk_10_page_6,280.1,294.4,1033.0
10421145,stimulus_Arg_PISACowsMilk_10_page_6,280.0,294.1,1032.0
10421146,stimulus_Arg_PISACowsMilk_10_page_6,280.0,293.8,1031.0
10421147,stimulus_Arg_PISACowsMilk_10_page_6,280.1,293.7,1030.0
10421148,stimulus_Arg_PISACowsMilk_10_page_6,280.2,293.7,1031.0
10421149,stimulus_Arg_PISACowsMilk_10_page_6,280.0,293.7,1032.0
10421150,stimulus_Arg_PISACowsMilk_10_page_6,279.6,293.8,1032.0
10421151,stimulus_Arg_PISACowsMilk_10_page_6,279.2,293.9,1033.0
10421152,stimulus_Arg_PISACowsMilk_10_page_6,279.1,294.1,1033.0
10421153,stimulus_Arg_PISACowsMilk_10_page_6,279.1,294.2,1034.0
10421154,stimulus_Arg_PISACowsMilk_10_page_6,279.1,294.2,1035.0
10421155,stimulus_Arg_PISACowsMilk_10_page_6,279.1,294.1,1036.0
10421156,stimulus_Arg_PISACowsMilk_10_page_6,279.0,294.1,1035.0
10421157,stimulus_Arg_PISACowsMilk_10_page_6,278.9,294.0,1035.0
10421158,stimulus_Arg_PISACowsMilk_10_page_6,278.8,293.9,1035.0
10421159,stimulus_Arg_PISACowsMilk_10_page_6,278.8,293.7,1034.0
10421160,stimulus_Arg_PISACowsMilk_10_page_6,278.7,293.5,1034.0
10421161,stimulus_Arg_PISACowsMilk_10_page_6,278.9,293.4,1035.0
10421162,stimulus_Arg_PISACowsMilk_10_page_6,279.1,293.5,1035.0
10421163,stimulus_Arg_PISACowsMilk_10_page_6,279.2,293.7,1035.0
10421164,stimulus_Arg_PISACowsMilk_10_page_6,279.2,293.9,1035.0
10421165,stimulus_Arg_PISACowsMilk_10_page_6,279.1,293.9,1035.0
10421166,stimulus_Arg_PISACowsMilk_10_page_6,279.1,293.8,1035.0
10421167,stimulus_Arg_PISACowsMilk_10_page_6,279.2,293.8,1035.0
10421168,stimulus_Arg_PISACowsMilk_10_page_6,279.1,293.8,1035.0
10421169,stimulus_Arg_PISACowsMilk_10_page_6,278.9,293.8,1035.0
10421170,stimulus_Arg_PISACowsMilk_10_page_6,278.8,293.8,1035.0
10421171,stimulus_Arg_PISACowsMilk_10_page_6,278.8,293.8,1036.0
10421172,stimulus_Arg_PISACowsMilk_10_page_6,278.6,293.8,1036.0
10421173,stimulus_Arg_PISACowsMilk_10_page_6,278.5,293.8,1037.0
10421174,stimulus_Arg_PISACowsMilk_10_page_6,278.6,293.8,1036.0
10421175,stimulus_Arg_PISACowsMilk_10_page_6,278.9,293.8,1035.0
10421176,stimulus_Arg_PISACowsMilk_10_page_6,279.2,293.7,1034.0
10421177,stimulus_Arg_PISACowsMilk_10_page_6,279.3,293.7,1034.0
10421178,stimulus_Arg_PISACowsMilk_10_page_6,279.2,293.7,1034.0
10421179,stimulus_Arg_PISACowsMilk_10_page_6,279.1,293.6,1035.0
10421180,stimulus_Arg_PISACowsMilk_10_page_6,279.0,293.5,1036.0
10421181,stimulus_Arg_PISACowsMilk_10_page_6,278.8,293.4,1036.0
10421182,stimulus_Arg_PISACowsMilk_10_page_6,278.7,293.4,1036.0
10421183,stimulus_Arg_PISACowsMilk_10_page_6,278.5,293.5,1035.0
10421184,stimulus_Arg_PISACowsMilk_10_page_6,278.5,293.6,1035.0
10421185,stimulus_Arg_PISACowsMilk_10_page_6,278.4,293.7,1034.0
10421186,stimulus_Arg_PISACowsMilk_10_page_6,278.4,293.9,1033.0
10421187,stimulus_Arg_PISACowsMilk_10_page_6,278.6,294.0,1033.0
10421188,stimulus_Arg_PISACowsMilk_10_page_6,278.8,294.0,1032.0
10421189,stimulus_Arg_PISACowsMilk_10_page_6,278.8,293.9,1033.0
10421190,stimulus_Arg_PISACowsMilk_10_page_6,278.6,293.8,1035.0
10421191,stimulus_Arg_PISACowsMilk_10_page_6,278.6,293.7,1035.0
10421192,stimulus_Arg_PISACowsMilk_10_page_6,278.7,293.9,1034.0
10421193,stimulus_Arg_PISACowsMilk_10_page_6,278.7,294.0,1033.0
10421194,stimulus_Arg_PISACowsMilk_10_page_6,278.5,294.0,1033.0
10421195,stimulus_Arg_PISACowsMilk_10_page_6,278.3,293.8,1033.0
10421196,stimulus_Arg_PISACowsMilk_10_page_6,278.2,293.6,1032.0
10421197,stimulus_Arg_PISACowsMilk_10_page_6,278.0,293.6,1031.0
10421198,stimulus_Arg_PISACowsMilk_10_page_6,278.0,293.4,1031.0
10421199,stimulus_Arg_PISACowsMilk_10_page_6,278.0,293.2,1032.0
10421200,stimulus_Arg_PISACowsMilk_10_page_6,278.0,292.9,1032.0
10421201,stimulus_Arg_PISACowsMilk_10_page_6,278.0,292.8,1032.0
10421202,stimulus_Arg_PISACowsMilk_10_page_6,277.9,292.7,1032.0
10421203,stimulus_Arg_PISACowsMilk_10_page_6,277.8,292.7,1032.0
10421204,stimulus_Arg_PISACowsMilk_10_page_6,277.8,292.8,1032.0
10421205,stimulus_Arg_PISACowsMilk_10_page_6,278.0,293.1,1032.0
10421206,stimulus_Arg_PISACowsMilk_10_page_6,278.6,293.3,1032.0
10421207,stimulus_Arg_PISACowsMilk_10_page_6,279.1,293.5,1031.0
10421208,stimulus_Arg_PISACowsMilk_10_page_6,279.1,293.5,1031.0
10421209,stimulus_Arg_PISACowsMilk_10_page_6,278.9,293.6,1031.0
10421210,stimulus_Arg_PISACowsMilk_10_page_6,278.6,293.7,1031.0
10421211,stimulus_Arg_PISACowsMilk_10_page_6,278.7,293.4,1031.0
10421212,stimulus_Arg_PISACowsMilk_10_page_6,278.7,293.1,1031.0
10421213,stimulus_Arg_PISACowsMilk_10_page_6,278.7,292.7,1032.0
10421214,stimulus_Arg_PISACowsMilk_10_page_6,278.5,292.6,1031.0
10421215,stimulus_Arg_PISACowsMilk_10_page_6,278.5,292.5,1031.0
10421216,stimulus_Arg_PISACowsMilk_10_page_6,278.4,292.5,1030.0
10421217,stimulus_Arg_PISACowsMilk_10_page_6,278.3,292.6,1030.0
10421218,stimulus_Arg_PISACowsMilk_10_page_6,278.4,292.7,1030.0
10421219,stimulus_Arg_PISACowsMilk_10_page_6,278.8,292.7,1031.0
10421220,stimulus_Arg_PISACowsMilk_10_page_6,279.1,292.9,1031.0
10421221,stimulus_Arg_PISACowsMilk_10_page_6,279.1,293.1,1032.0
10421222,stimulus_Arg_PISACowsMilk_10_page_6,278.9,293.2,1032.0
10421223,stimulus_Arg_PISACowsMilk_10_page_6,278.9,293.2,1033.0
10421224,stimulus_Arg_PISACowsMilk_10_page_6,279.2,293.1,1034.0
10421225,stimulus_Arg_PISACowsMilk_10_page_6,279.4,293.0,1034.0
10421226,stimulus_Arg_PISACowsMilk_10_page_6,279.3,293.0,1034.0
10421227,stimulus_Arg_PISACowsMilk_10_page_6,279.1,292.9,1035.0
10421228,stimulus_Arg_PISACowsMilk_10_page_6,279.1,292.9,1035.0
10421229,stimulus_Arg_PISACowsMilk_10_page_6,279.3,292.7,1037.0
10421230,stimulus_Arg_PISACowsMilk_10_page_6,279.5,292.6,1037.0
10421231,stimulus_Arg_PISACowsMilk_10_page_6,279.7,292.4,1037.0
10421232,stimulus_Arg_PISACowsMilk_10_page_6,279.5,292.4,1037.0
10421233,stimulus_Arg_PISACowsMilk_10_page_6,279.3,292.3,1037.0
10421234,stimulus_Arg_PISACowsMilk_10_page_6,279.3,292.4,1037.0
10421235,stimulus_Arg_PISACowsMilk_10_page_6,279.3,292.4,1037.0
10421236,stimulus_Arg_PISACowsMilk_10_page_6,279.3,292.5,1036.0
10421237,stimulus_Arg_PISACowsMilk_10_page_6,279.4,292.5,1036.0
10421238,stimulus_Arg_PISACowsMilk_10_page_6,279.5,292.5,1035.0
10421239,stimulus_Arg_PISACowsMilk_10_page_6,279.7,292.0,1035.0
10421240,stimulus_Arg_PISACowsMilk_10_page_6,279.7,291.5,1035.0
10421241,stimulus_Arg_PISACowsMilk_10_page_6,279.8,291.1,1035.0
10421242,stimulus_Arg_PISACowsMilk_10_page_6,279.8,291.1,1036.0
10421243,stimulus_Arg_PISACowsMilk_10_page_6,279.9,291.1,1035.0
10421244,stimulus_Arg_PISACowsMilk_10_page_6,280.0,291.1,1034.0
10421245,stimulus_Arg_PISACowsMilk_10_page_6,280.0,291.4,1033.0
10421246,stimulus_Arg_PISACowsMilk_10_page_6,279.9,291.7,1033.0
10421247,stimulus_Arg_PISACowsMilk_10_page_6,279.8,292.0,1034.0
10421248,stimulus_Arg_PISACowsMilk_10_page_6,279.7,291.9,1036.0
10421249,stimulus_Arg_PISACowsMilk_10_page_6,279.6,291.7,1037.0
10421250,stimulus_Arg_PISACowsMilk_10_page_6,279.6,291.6,1037.0
10421251,stimulus_Arg_PISACowsMilk_10_page_6,279.6,291.6,1037.0
10421252,stimulus_Arg_PISACowsMilk_10_page_6,279.5,291.8,1037.0
10421253,stimulus_Arg_PISACowsMilk_10_page_6,279.5,291.9,1036.0
10421254,stimulus_Arg_PISACowsMilk_10_page_6,279.5,292.0,1035.0
10421255,stimulus_Arg_PISACowsMilk_10_page_6,279.6,291.9,1035.0
10421256,stimulus_Arg_PISACowsMilk_10_page_6,279.6,291.8,1035.0
10421257,stimulus_Arg_PISACowsMilk_10_page_6,279.6,291.8,1036.0
10421258,stimulus_Arg_PISACowsMilk_10_page_6,279.6,291.7,1037.0
10421259,stimulus_Arg_PISACowsMilk_10_page_6,279.6,291.6,1039.0
10421260,stimulus_Arg_PISACowsMilk_10_page_6,279.7,291.3,1040.0
10421261,stimulus_Arg_PISACowsMilk_10_page_6,279.7,291.2,1039.0
10421262,stimulus_Arg_PISACowsMilk_10_page_6,279.7,291.2,1039.0
10421263,stimulus_Arg_PISACowsMilk_10_page_6,279.8,291.2,1039.0
10421264,stimulus_Arg_PISACowsMilk_10_page_6,279.9,291.2,1039.0
10421265,stimulus_Arg_PISACowsMilk_10_page_6,279.8,291.2,1038.0
10421266,stimulus_Arg_PISACowsMilk_10_page_6,279.5,291.2,1038.0
10421267,stimulus_Arg_PISACowsMilk_10_page_6,279.3,291.2,1038.0
10421268,stimulus_Arg_PISACowsMilk_10_page_6,279.2,291.3,1038.0
10421269,stimulus_Arg_PISACowsMilk_10_page_6,279.3,291.2,1037.0
10421270,stimulus_Arg_PISACowsMilk_10_page_6,279.3,291.1,1038.0
10421271,stimulus_Arg_PISACowsMilk_10_page_6,279.4,291.0,1039.0
10421272,stimulus_Arg_PISACowsMilk_10_page_6,279.4,291.0,1039.0
10421273,stimulus_Arg_PISACowsMilk_10_page_6,279.3,291.2,1037.0
10421274,stimulus_Arg_PISACowsMilk_10_page_6,279.2,291.3,1035.0
10421275,stimulus_Arg_PISACowsMilk_10_page_6,279.2,291.2,1035.0
10421276,stimulus_Arg_PISACowsMilk_10_page_6,279.2,291.0,1036.0
10421277,stimulus_Arg_PISACowsMilk_10_page_6,279.2,291.0,1036.0
10421278,stimulus_Arg_PISACowsMilk_10_page_6,279.2,291.1,1036.0
10421279,stimulus_Arg_PISACowsMilk_10_page_6,279.2,291.2,1036.0
10421280,stimulus_Arg_PISACowsMilk_10_page_6,279.2,291.2,1037.0
10421281,stimulus_Arg_PISACowsMilk_10_page_6,279.2,291.2,1037.0
10421282,stimulus_Arg_PISACowsMilk_10_page_6,279.2,291.1,1037.0
10421283,stimulus_Arg_PISACowsMilk_10_page_6,279.1,291.0,1037.0
10421284,stimulus_Arg_PISACowsMilk_10_page_6,279.0,291.2,1036.0
10421285,stimulus_Arg_PISACowsMilk_10_page_6,278.7,291.5,1035.0
10421286,stimulus_Arg_PISACowsMilk_10_page_6,278.6,291.5,1034.0
10421287,stimulus_Arg_PISACowsMilk_10_page_6,278.7,291.3,1034.0
10421288,stimulus_Arg_PISACowsMilk_10_page_6,279.0,291.2,1034.0
10421289,stimulus_Arg_PISACowsMilk_10_page_6,279.2,291.5,1035.0
10421290,stimulus_Arg_PISACowsMilk_10_page_6,279.1,291.5,1035.0
10421291,stimulus_Arg_PISACowsMilk_10_page_6,279.0,291.4,1035.0
10421292,stimulus_Arg_PISACowsMilk_10_page_6,279.1,291.2,1035.0
10421293,stimulus_Arg_PISACowsMilk_10_page_6,279.2,291.1,1034.0
10421294,stimulus_Arg_PISACowsMilk_10_page_6,279.4,291.1,1034.0
10421295,stimulus_Arg_PISACowsMilk_10_page_6,279.3,291.0,1034.0
10421296,stimulus_Arg_PISACowsMilk_10_page_6,279.2,291.4,1034.0
10421297,stimulus_Arg_PISACowsMilk_10_page_6,279.1,291.7,1034.0
10421298,stimulus_Arg_PISACowsMilk_10_page_6,279.2,292.0,1034.0
10421299,stimulus_Arg_PISACowsMilk_10_page_6,279.3,291.8,1035.0
10421300,stimulus_Arg_PISACowsMilk_10_page_6,279.2,291.5,1035.0
10421301,stimulus_Arg_PISACowsMilk_10_page_6,279.2,291.4,1034.0
10421302,stimulus_Arg_PISACowsMilk_10_page_6,279.2,291.4,1033.0
10421303,stimulus_Arg_PISACowsMilk_10_page_6,279.3,291.2,1033.0
10421304,stimulus_Arg_PISACowsMilk_10_page_6,279.3,291.0,1033.0
10421305,stimulus_Arg_PISACowsMilk_10_page_6,279.3,290.8,1034.0
10421306,stimulus_Arg_PISACowsMilk_10_page_6,279.1,290.7,1034.0
10421307,stimulus_Arg_PISACowsMilk_10_page_6,278.9,290.6,1034.0
10421308,stimulus_Arg_PISACowsMilk_10_page_6,278.7,290.7,1034.0
10421309,stimulus_Arg_PISACowsMilk_10_page_6,278.8,290.9,1033.0
10421310,stimulus_Arg_PISACowsMilk_10_page_6,278.9,291.1,1033.0
10421311,stimulus_Arg_PISACowsMilk_10_page_6,279.2,291.0,1033.0
10421312,stimulus_Arg_PISACowsMilk_10_page_6,279.5,290.7,1034.0
10421313,stimulus_Arg_PISACowsMilk_10_page_6,279.8,290.3,1034.0
10421314,stimulus_Arg_PISACowsMilk_10_page_6,279.5,290.3,1034.0
10421315,stimulus_Arg_PISACowsMilk_10_page_6,279.2,290.4,1033.0
10421316,stimulus_Arg_PISACowsMilk_10_page_6,279.0,290.4,1032.0
10421317,stimulus_Arg_PISACowsMilk_10_page_6,279.1,290.3,1031.0
10421318,stimulus_Arg_PISACowsMilk_10_page_6,279.1,290.0,1031.0
10421319,stimulus_Arg_PISACowsMilk_10_page_6,278.9,289.9,1033.0
10421320,stimulus_Arg_PISACowsMilk_10_page_6,278.7,289.8,1034.0
10421321,stimulus_Arg_PISACowsMilk_10_page_6,278.6,289.9,1035.0
10421322,stimulus_Arg_PISACowsMilk_10_page_6,278.6,290.1,1033.0
10421323,stimulus_Arg_PISACowsMilk_10_page_6,278.8,290.3,1031.0
10421324,stimulus_Arg_PISACowsMilk_10_page_6,279.0,290.3,1030.0
10421325,stimulus_Arg_PISACowsMilk_10_page_6,279.2,290.3,1030.0
10421326,stimulus_Arg_PISACowsMilk_10_page_6,279.2,290.5,1030.0
10421327,stimulus_Arg_PISACowsMilk_10_page_6,279.2,290.6,1029.0
10421328,stimulus_Arg_PISACowsMilk_10_page_6,279.3,290.5,1030.0
10421329,stimulus_Arg_PISACowsMilk_10_page_6,279.3,290.2,1031.0
10421330,stimulus_Arg_PISACowsMilk_10_page_6,279.4,290.0,1033.0
10421331,stimulus_Arg_PISACowsMilk_10_page_6,279.3,290.1,1033.0
10421332,stimulus_Arg_PISACowsMilk_10_page_6,279.2,290.2,1034.0
10421333,stimulus_Arg_PISACowsMilk_10_page_6,279.1,290.3,1034.0
10421334,stimulus_Arg_PISACowsMilk_10_page_6,279.1,290.3,1035.0
10421335,stimulus_Arg_PISACowsMilk_10_page_6,279.1,290.5,1033.0
10421336,stimulus_Arg_PISACowsMilk_10_page_6,279.0,290.8,1032.0
10421337,stimulus_Arg_PISACowsMilk_10_page_6,279.1,291.2,1032.0
10421338,stimulus_Arg_PISACowsMilk_10_page_6,279.1,291.4,1034.0
10421339,stimulus_Arg_PISACowsMilk_10_page_6,279.1,291.5,1035.0
10421340,stimulus_Arg_PISACowsMilk_10_page_6,279.1,291.6,1034.0
10421341,stimulus_Arg_PISACowsMilk_10_page_6,279.3,291.6,1034.0
10421342,stimulus_Arg_PISACowsMilk_10_page_6,279.3,291.6,1034.0
10421343,stimulus_Arg_PISACowsMilk_10_page_6,279.1,291.5,1034.0
10421344,stimulus_Arg_PISACowsMilk_10_page_6,278.9,291.5,1034.0
10421345,stimulus_Arg_PISACowsMilk_10_page_6,279.0,291.3,1033.0
10421346,stimulus_Arg_PISACowsMilk_10_page_6,279.0,291.0,1033.0
10421347,stimulus_Arg_PISACowsMilk_10_page_6,279.3,290.8,1033.0
10421348,stimulus_Arg_PISACowsMilk_10_page_6,279.5,290.7,1033.0
10421349,stimulus_Arg_PISACowsMilk_10_page_6,279.6,290.6,1034.0
10421350,stimulus_Arg_PISACowsMilk_10_page_6,279.2,290.5,1035.0
10421351,stimulus_Arg_PISACowsMilk_10_page_6,278.9,290.6,1035.0
10421352,stimulus_Arg_PISACowsMilk_10_page_6,278.7,290.8,1035.0
10421353,stimulus_Arg_PISACowsMilk_10_page_6,279.1,290.9,1034.0
10421354,stimulus_Arg_PISACowsMilk_10_page_6,279.9,291.1,1034.0
10421355,stimulus_Arg_PISACowsMilk_10_page_6,282.0,291.6,1034.0
10421356,stimulus_Arg_PISACowsMilk_10_page_6,285.1,292.3,1036.0
10421357,stimulus_Arg_PISACowsMilk_10_page_6,288.7,292.8,1038.0
10421358,stimulus_Arg_PISACowsMilk_10_page_6,292.2,292.9,1040.0
10421359,stimulus_Arg_PISACowsMilk_10_page_6,296.8,292.7,1039.0
10421360,stimulus_Arg_PISACowsMilk_10_page_6,302.1,292.5,1040.0
10421361,stimulus_Arg_PISACowsMilk_10_page_6,308.9,292.2,1041.0
10421362,stimulus_Arg_PISACowsMilk_10_page_6,316.8,291.8,1042.0
10421363,stimulus_Arg_PISACowsMilk_10_page_6,326.1,291.5,1042.0
10421364,stimulus_Arg_PISACowsMilk_10_page_6,336.0,290.7,1042.0
10421365,stimulus_Arg_PISACowsMilk_10_page_6,344.8,289.8,1043.0
10421366,stimulus_Arg_PISACowsMilk_10_page_6,353.8,288.4,1041.0
10421367,stimulus_Arg_PISACowsMilk_10_page_6,362.1,287.1,1040.0
10421368,stimulus_Arg_PISACowsMilk_10_page_6,370.1,284.9,1038.0
10421369,stimulus_Arg_PISACowsMilk_10_page_6,376.4,282.7,1038.0
10421370,stimulus_Arg_PISACowsMilk_10_page_6,381.8,280.4,1038.0
10421371,stimulus_Arg_PISACowsMilk_10_page_6,385.3,279.2,1038.0
10421372,stimulus_Arg_PISACowsMilk_10_page_6,387.4,277.8,1037.0
10421373,stimulus_Arg_PISACowsMilk_10_page_6,387.4,277.1,1036.0
10421374,stimulus_Arg_PISACowsMilk_10_page_6,386.2,276.4,1035.0
10421375,stimulus_Arg_PISACowsMilk_10_page_6,384.4,276.3,1034.0
10421376,stimulus_Arg_PISACowsMilk_10_page_6,382.9,276.1,1032.0
10421377,stimulus_Arg_PISACowsMilk_10_page_6,381.8,276.0,1030.0
10421378,stimulus_Arg_PISACowsMilk_10_page_6,381.4,275.8,1028.0
10421379,stimulus_Arg_PISACowsMilk_10_page_6,381.0,275.7,1028.0
10421380,stimulus_Arg_PISACowsMilk_10_page_6,380.9,275.5,1029.0
10421381,stimulus_Arg_PISACowsMilk_10_page_6,380.8,275.4,1030.0
10421382,stimulus_Arg_PISACowsMilk_10_page_6,380.6,275.5,1031.0
10421383,stimulus_Arg_PISACowsMilk_10_page_6,379.9,275.6,1031.0
10421384,stimulus_Arg_PISACowsMilk_10_page_6,378.8,276.1,1031.0
10421385,stimulus_Arg_PISACowsMilk_10_page_6,377.6,276.5,1031.0
10421386,stimulus_Arg_PISACowsMilk_10_page_6,376.7,277.2,1031.0
10421387,stimulus_Arg_PISACowsMilk_10_page_6,375.7,278.2,1031.0
10421388,stimulus_Arg_PISACowsMilk_10_page_6,374.5,279.6,1032.0
10421389,stimulus_Arg_PISACowsMilk_10_page_6,373.1,281.0,1032.0
10421390,stimulus_Arg_PISACowsMilk_10_page_6,372.1,281.9,1032.0
10421391,stimulus_Arg_PISACowsMilk_10_page_6,371.1,282.3,1033.0
10421392,stimulus_Arg_PISACowsMilk_10_page_6,370.5,282.6,1034.0
10421393,stimulus_Arg_PISACowsMilk_10_page_6,370.1,283.2,1034.0
10421394,stimulus_Arg_PISACowsMilk_10_page_6,370.2,283.8,1033.0
10421395,stimulus_Arg_PISACowsMilk_10_page_6,370.4,284.3,1033.0
10421396,stimulus_Arg_PISACowsMilk_10_page_6,371.1,284.4,1032.0
10421397,stimulus_Arg_PISACowsMilk_10_page_6,371.8,284.4,1033.0
10421398,stimulus_Arg_PISACowsMilk_10_page_6,372.7,284.4,1033.0
10421399,stimulus_Arg_PISACowsMilk_10_page_6,373.7,284.5,1033.0
10421400,stimulus_Arg_PISACowsMilk_10_page_6,374.6,284.3,1034.0
10421401,stimulus_Arg_PISACowsMilk_10_page_6,375.4,283.7,1034.0
10421402,stimulus_Arg_PISACowsMilk_10_page_6,376.0,283.0,1034.0
10421403,stimulus_Arg_PISACowsMilk_10_page_6,376.5,282.7,1033.0
10421404,stimulus_Arg_PISACowsMilk_10_page_6,376.8,282.5,1032.0
10421405,stimulus_Arg_PISACowsMilk_10_page_6,376.8,282.3,1031.0
10421406,stimulus_Arg_PISACowsMilk_10_page_6,376.9,282.0,1030.0
10421407,stimulus_Arg_PISACowsMilk_10_page_6,377.1,281.6,1031.0
10421408,stimulus_Arg_PISACowsMilk_10_page_6,377.5,281.3,1032.0
10421409,stimulus_Arg_PISACowsMilk_10_page_6,377.9,281.1,1033.0
10421410,stimulus_Arg_PISACowsMilk_10_page_6,378.2,281.1,1033.0
10421411,stimulus_Arg_PISACowsMilk_10_page_6,378.2,281.0,1033.0
10421412,stimulus_Arg_PISACowsMilk_10_page_6,378.3,281.1,1033.0
10421413,stimulus_Arg_PISACowsMilk_10_page_6,378.3,281.5,1033.0
10421414,stimulus_Arg_PISACowsMilk_10_page_6,378.4,281.9,1033.0
10421415,stimulus_Arg_PISACowsMilk_10_page_6,378.3,282.2,1033.0
10421416,stimulus_Arg_PISACowsMilk_10_page_6,378.3,282.2,1033.0
10421417,stimulus_Arg_PISACowsMilk_10_page_6,378.2,282.2,1032.0
10421418,stimulus_Arg_PISACowsMilk_10_page_6,378.2,282.2,1032.0
10421419,stimulus_Arg_PISACowsMilk_10_page_6,378.2,282.0,1033.0
10421420,stimulus_Arg_PISACowsMilk_10_page_6,378.1,281.8,1033.0
10421421,stimulus_Arg_PISACowsMilk_10_page_6,378.0,282.0,1033.0
10421422,stimulus_Arg_PISACowsMilk_10_page_6,377.8,282.3,1033.0
10421423,stimulus_Arg_PISACowsMilk_10_page_6,377.5,282.7,1033.0
10421424,stimulus_Arg_PISACowsMilk_10_page_6,377.2,282.8,1033.0
10421425,stimulus_Arg_PISACowsMilk_10_page_6,377.0,282.9,1033.0
10421426,stimulus_Arg_PISACowsMilk_10_page_6,376.9,282.9,1033.0
10421427,stimulus_Arg_PISACowsMilk_10_page_6,376.8,283.1,1033.0
10421428,stimulus_Arg_PISACowsMilk_10_page_6,376.8,283.4,1033.0
10421429,stimulus_Arg_PISACowsMilk_10_page_6,376.8,283.9,1033.0
10421430,stimulus_Arg_PISACowsMilk_10_page_6,376.8,284.0,1033.0
10421431,stimulus_Arg_PISACowsMilk_10_page_6,376.9,283.9,1033.0
10421432,stimulus_Arg_PISACowsMilk_10_page_6,377.1,283.5,1032.0
10421433,stimulus_Arg_PISACowsMilk_10_page_6,377.3,283.2,1033.0
10421434,stimulus_Arg_PISACowsMilk_10_page_6,377.3,283.3,1033.0
10421435,stimulus_Arg_PISACowsMilk_10_page_6,377.4,283.4,1034.0
10421436,stimulus_Arg_PISACowsMilk_10_page_6,377.0,283.5,1034.0
10421437,stimulus_Arg_PISACowsMilk_10_page_6,376.7,283.6,1034.0
10421438,stimulus_Arg_PISACowsMilk_10_page_6,376.5,283.7,1034.0
10421439,stimulus_Arg_PISACowsMilk_10_page_6,376.7,283.8,1034.0
10421440,stimulus_Arg_PISACowsMilk_10_page_6,376.7,283.7,1033.0
10421441,stimulus_Arg_PISACowsMilk_10_page_6,376.6,283.6,1033.0
10421442,stimulus_Arg_PISACowsMilk_10_page_6,376.5,283.4,1033.0
10421443,stimulus_Arg_PISACowsMilk_10_page_6,376.5,283.1,1034.0
10421444,stimulus_Arg_PISACowsMilk_10_page_6,376.7,282.8,1035.0
10421445,stimulus_Arg_PISACowsMilk_10_page_6,377.0,282.7,1035.0
10421446,stimulus_Arg_PISACowsMilk_10_page_6,377.2,282.8,1035.0
10421447,stimulus_Arg_PISACowsMilk_10_page_6,377.2,282.8,1035.0
10421448,stimulus_Arg_PISACowsMilk_10_page_6,377.2,282.8,1034.0
10421449,stimulus_Arg_PISACowsMilk_10_page_6,377.2,282.8,1034.0
10421450,stimulus_Arg_PISACowsMilk_10_page_6,377.2,282.6,1033.0
10421451,stimulus_Arg_PISACowsMilk_10_page_6,377.4,282.3,1034.0
10421452,stimulus_Arg_PISACowsMilk_10_page_6,377.8,282.0,1034.0
10421453,stimulus_Arg_PISACowsMilk_10_page_6,377.9,282.0,1034.0
10421454,stimulus_Arg_PISACowsMilk_10_page_6,378.0,282.2,1034.0
10421455,stimulus_Arg_PISACowsMilk_10_page_6,377.9,282.5,1034.0
10421456,stimulus_Arg_PISACowsMilk_10_page_6,377.8,282.8,1035.0
10421457,stimulus_Arg_PISACowsMilk_10_page_6,377.8,282.8,1035.0
10421458,stimulus_Arg_PISACowsMilk_10_page_6,377.9,282.8,1035.0
10421459,stimulus_Arg_PISACowsMilk_10_page_6,377.7,282.9,1035.0
10421460,stimulus_Arg_PISACowsMilk_10_page_6,377.5,283.1,1035.0
10421461,stimulus_Arg_PISACowsMilk_10_page_6,377.3,282.9,1035.0
10421462,stimulus_Arg_PISACowsMilk_10_page_6,377.3,282.4,1035.0
10421463,stimulus_Arg_PISACowsMilk_10_page_6,377.4,282.2,1034.0
10421464,stimulus_Arg_PISACowsMilk_10_page_6,377.4,282.6,1034.0
10421465,stimulus_Arg_PISACowsMilk_10_page_6,377.4,283.1,1034.0
10421466,stimulus_Arg_PISACowsMilk_10_page_6,377.3,283.4,1034.0
10421467,stimulus_Arg_PISACowsMilk_10_page_6,377.2,283.6,1034.0
10421468,stimulus_Arg_PISACowsMilk_10_page_6,377.4,283.6,1035.0
10421469,stimulus_Arg_PISACowsMilk_10_page_6,377.6,283.5,1036.0
10421470,stimulus_Arg_PISACowsMilk_10_page_6,377.8,283.5,1037.0
10421471,stimulus_Arg_PISACowsMilk_10_page_6,377.8,283.4,1037.0
10421472,stimulus_Arg_PISACowsMilk_10_page_6,377.9,283.3,1037.0
10421473,stimulus_Arg_PISACowsMilk_10_page_6,378.0,283.3,1037.0
10421474,stimulus_Arg_PISACowsMilk_10_page_6,377.9,283.4,1037.0
10421475,stimulus_Arg_PISACowsMilk_10_page_6,377.9,283.4,1036.0
10421476,stimulus_Arg_PISACowsMilk_10_page_6,378.0,283.4,1036.0
10421477,stimulus_Arg_PISACowsMilk_10_page_6,378.3,283.2,1037.0
10421478,stimulus_Arg_PISACowsMilk_10_page_6,378.6,283.1,1037.0
10421479,stimulus_Arg_PISACowsMilk_10_page_6,378.6,283.3,1036.0
10421480,stimulus_Arg_PISACowsMilk_10_page_6,378.5,283.6,1036.0
10421481,stimulus_Arg_PISACowsMilk_10_page_6,378.2,283.9,1037.0
10421482,stimulus_Arg_PISACowsMilk_10_page_6,378.0,283.7,1037.0
10421483,stimulus_Arg_PISACowsMilk_10_page_6,377.9,283.6,1037.0
10421484,stimulus_Arg_PISACowsMilk_10_page_6,378.1,283.7,1037.0
10421485,stimulus_Arg_PISACowsMilk_10_page_6,378.2,283.9,1036.0
10421486,stimulus_Arg_PISACowsMilk_10_page_6,378.6,283.8,1036.0
10421487,stimulus_Arg_PISACowsMilk_10_page_6,378.8,283.5,1035.0
10421488,stimulus_Arg_PISACowsMilk_10_page_6,379.0,283.2,1035.0
10421489,stimulus_Arg_PISACowsMilk_10_page_6,378.9,283.2,1035.0
10421490,stimulus_Arg_PISACowsMilk_10_page_6,378.8,283.2,1036.0
10421491,stimulus_Arg_PISACowsMilk_10_page_6,378.8,283.2,1036.0
10421492,stimulus_Arg_PISACowsMilk_10_page_6,378.8,283.2,1036.0
10421493,stimulus_Arg_PISACowsMilk_10_page_6,378.9,283.1,1035.0
10421494,stimulus_Arg_PISACowsMilk_10_page_6,379.0,282.9,1035.0
10421495,stimulus_Arg_PISACowsMilk_10_page_6,379.1,282.8,1036.0
10421496,stimulus_Arg_PISACowsMilk_10_page_6,379.2,282.6,1037.0
10421497,stimulus_Arg_PISACowsMilk_10_page_6,379.2,282.9,1038.0
10421498,stimulus_Arg_PISACowsMilk_10_page_6,379.2,283.1,1039.0
10421499,stimulus_Arg_PISACowsMilk_10_page_6,379.2,283.4,1038.0
10421500,stimulus_Arg_PISACowsMilk_10_page_6,379.3,283.5,1037.0
10421501,stimulus_Arg_PISACowsMilk_10_page_6,379.4,283.6,1036.0
10421502,stimulus_Arg_PISACowsMilk_10_page_6,379.3,283.7,1036.0
10421503,stimulus_Arg_PISACowsMilk_10_page_6,379.1,283.8,1036.0
10421504,stimulus_Arg_PISACowsMilk_10_page_6,379.0,283.8,1037.0
10421505,stimulus_Arg_PISACowsMilk_10_page_6,378.9,283.9,1037.0
10421506,stimulus_Arg_PISACowsMilk_10_page_6,378.8,283.8,1037.0
10421507,stimulus_Arg_PISACowsMilk_10_page_6,378.7,283.9,1037.0
10421508,stimulus_Arg_PISACowsMilk_10_page_6,378.7,284.0,1036.0
10421509,stimulus_Arg_PISACowsMilk_10_page_6,378.9,284.1,1036.0
10421510,stimulus_Arg_PISACowsMilk_10_page_6,379.1,284.3,1037.0
10421511,stimulus_Arg_PISACowsMilk_10_page_6,379.3,284.5,1037.0
10421512,stimulus_Arg_PISACowsMilk_10_page_6,379.3,284.7,1037.0
10421513,stimulus_Arg_PISACowsMilk_10_page_6,379.2,284.8,1037.0
10421514,stimulus_Arg_PISACowsMilk_10_page_6,379.3,284.5,1037.0
10421515,stimulus_Arg_PISACowsMilk_10_page_6,379.4,284.2,1037.0
10421516,stimulus_Arg_PISACowsMilk_10_page_6,379.7,283.9,1037.0
10421517,stimulus_Arg_PISACowsMilk_10_page_6,379.9,284.0,1037.0
10421518,stimulus_Arg_PISACowsMilk_10_page_6,380.0,284.3,1037.0
10421519,stimulus_Arg_PISACowsMilk_10_page_6,379.8,284.5,1038.0
10421520,stimulus_Arg_PISACowsMilk_10_page_6,379.6,284.7,1039.0
10421521,stimulus_Arg_PISACowsMilk_10_page_6,379.4,284.5,1040.0
10421522,stimulus_Arg_PISACowsMilk_10_page_6,379.3,284.3,1041.0
10421523,stimulus_Arg_PISACowsMilk_10_page_6,379.3,284.2,1040.0
10421524,stimulus_Arg_PISACowsMilk_10_page_6,379.2,284.2,1040.0
10421525,stimulus_Arg_PISACowsMilk_10_page_6,379.0,284.3,1039.0
10421526,stimulus_Arg_PISACowsMilk_10_page_6,379.1,284.3,1038.0
10421527,stimulus_Arg_PISACowsMilk_10_page_6,379.3,284.4,1037.0
10421528,stimulus_Arg_PISACowsMilk_10_page_6,379.5,284.3,1036.0
10421529,stimulus_Arg_PISACowsMilk_10_page_6,379.5,284.1,1037.0
10421530,stimulus_Arg_PISACowsMilk_10_page_6,379.4,283.9,1039.0
10421531,stimulus_Arg_PISACowsMilk_10_page_6,379.4,283.9,1041.0
10421532,stimulus_Arg_PISACowsMilk_10_page_6,379.5,284.0,1040.0
10421533,stimulus_Arg_PISACowsMilk_10_page_6,379.6,284.1,1039.0
10421534,stimulus_Arg_PISACowsMilk_10_page_6,379.6,284.2,1038.0
10421535,stimulus_Arg_PISACowsMilk_10_page_6,379.6,284.3,1038.0
10421536,stimulus_Arg_PISACowsMilk_10_page_6,379.5,284.4,1039.0
10421537,stimulus_Arg_PISACowsMilk_10_page_6,379.3,284.3,1039.0
10421538,stimulus_Arg_PISACowsMilk_10_page_6,379.3,284.3,1040.0
10421539,stimulus_Arg_PISACowsMilk_10_page_6,379.5,284.2,1041.0
10421540,stimulus_Arg_PISACowsMilk_10_page_6,379.6,284.1,1040.0
10421541,stimulus_Arg_PISACowsMilk_10_page_6,379.5,284.0,1041.0
10421542,stimulus_Arg_PISACowsMilk_10_page_6,379.3,284.0,1041.0
10421543,stimulus_Arg_PISACowsMilk_10_page_6,379.2,284.0,1042.0
10421544,stimulus_Arg_PISACowsMilk_10_page_6,379.2,284.0,1041.0
10421545,stimulus_Arg_PISACowsMilk_10_page_6,379.3,284.0,1040.0
10421546,stimulus_Arg_PISACowsMilk_10_page_6,379.2,284.0,1040.0
10421547,stimulus_Arg_PISACowsMilk_10_page_6,379.0,283.8,1040.0
10421548,stimulus_Arg_PISACowsMilk_10_page_6,378.7,283.6,1041.0
10421549,stimulus_Arg_PISACowsMilk_10_page_6,378.6,283.4,1041.0
10421550,stimulus_Arg_PISACowsMilk_10_page_6,378.6,283.4,1042.0
10421551,stimulus_Arg_PISACowsMilk_10_page_6,378.6,283.4,1041.0
10421552,stimulus_Arg_PISACowsMilk_10_page_6,378.7,283.3,1041.0
10421553,stimulus_Arg_PISACowsMilk_10_page_6,379.0,283.3,1040.0
10421554,stimulus_Arg_PISACowsMilk_10_page_6,379.3,283.1,1040.0
10421555,stimulus_Arg_PISACowsMilk_10_page_6,379.6,283.0,1040.0
10421556,stimulus_Arg_PISACowsMilk_10_page_6,380.0,283.0,1040.0
10421557,stimulus_Arg_PISACowsMilk_10_page_6,380.4,283.1,1041.0
10421558,stimulus_Arg_PISACowsMilk_10_page_6,380.4,283.2,1042.0
10421559,stimulus_Arg_PISACowsMilk_10_page_6,379.9,283.2,1042.0
10421560,stimulus_Arg_PISACowsMilk_10_page_6,379.4,283.2,1042.0
10421561,stimulus_Arg_PISACowsMilk_10_page_6,379.1,283.3,1042.0
10421562,stimulus_Arg_PISACowsMilk_10_page_6,379.1,283.4,1042.0
10421563,stimulus_Arg_PISACowsMilk_10_page_6,379.0,283.4,1043.0
10421564,stimulus_Arg_PISACowsMilk_10_page_6,379.0,283.1,1043.0
10421565,stimulus_Arg_PISACowsMilk_10_page_6,379.0,282.9,1044.0
10421566,stimulus_Arg_PISACowsMilk_10_page_6,379.0,282.8,1043.0
10421567,stimulus_Arg_PISACowsMilk_10_page_6,379.1,282.8,1041.0
10421568,stimulus_Arg_PISACowsMilk_10_page_6,379.2,282.8,1039.0
10421569,stimulus_Arg_PISACowsMilk_10_page_6,379.2,282.8,1040.0
10421570,stimulus_Arg_PISACowsMilk_10_page_6,379.1,282.7,1040.0
10421571,stimulus_Arg_PISACowsMilk_10_page_6,379.1,282.6,1041.0
10421572,stimulus_Arg_PISACowsMilk_10_page_6,379.1,282.6,1042.0
10421573,stimulus_Arg_PISACowsMilk_10_page_6,379.1,282.6,1042.0
10421574,stimulus_Arg_PISACowsMilk_10_page_6,379.2,282.7,1041.0
10421575,stimulus_Arg_PISACowsMilk_10_page_6,379.3,282.9,1040.0
10421576,stimulus_Arg_PISACowsMilk_10_page_6,380.3,283.1,1039.0
10421577,stimulus_Arg_PISACowsMilk_10_page_6,381.5,283.4,1040.0
10421578,stimulus_Arg_PISACowsMilk_10_page_6,383.4,283.6,1042.0
10421579,stimulus_Arg_PISACowsMilk_10_page_6,385.0,283.5,1046.0
10421580,stimulus_Arg_PISACowsMilk_10_page_6,387.1,283.1,1049.0
10421581,stimulus_Arg_PISACowsMilk_10_page_6,389.5,282.8,1049.0
10421582,stimulus_Arg_PISACowsMilk_10_page_6,394.5,283.4,1048.0
10421583,stimulus_Arg_PISACowsMilk_10_page_6,401.3,283.9,1048.0
10421584,stimulus_Arg_PISACowsMilk_10_page_6,408.5,284.2,1049.0
10421585,stimulus_Arg_PISACowsMilk_10_page_6,415.4,284.2,1049.0
10421586,stimulus_Arg_PISACowsMilk_10_page_6,422.8,284.1,1049.0
10421587,stimulus_Arg_PISACowsMilk_10_page_6,430.1,283.9,1049.0
10421588,stimulus_Arg_PISACowsMilk_10_page_6,435.3,282.8,1050.0
10421589,stimulus_Arg_PISACowsMilk_10_page_6,439.3,281.7,1049.0
10421590,stimulus_Arg_PISACowsMilk_10_page_6,443.9,280.5,1048.0
10421591,stimulus_Arg_PISACowsMilk_10_page_6,448.8,280.2,1046.0
10421592,stimulus_Arg_PISACowsMilk_10_page_6,451.9,280.0,1046.0
10421593,stimulus_Arg_PISACowsMilk_10_page_6,453.1,280.0,1046.0
10421594,stimulus_Arg_PISACowsMilk_10_page_6,452.7,280.0,1046.0
10421595,stimulus_Arg_PISACowsMilk_10_page_6,452.1,279.9,1046.0
10421596,stimulus_Arg_PISACowsMilk_10_page_6,450.3,279.8,1045.0
10421597,stimulus_Arg_PISACowsMilk_10_page_6,448.2,279.7,1044.0
10421598,stimulus_Arg_PISACowsMilk_10_page_6,445.1,279.6,1041.0
10421599,stimulus_Arg_PISACowsMilk_10_page_6,442.0,280.0,1040.0
10421600,stimulus_Arg_PISACowsMilk_10_page_6,438.0,280.5,1039.0
10421601,stimulus_Arg_PISACowsMilk_10_page_6,433.9,281.4,1039.0
10421602,stimulus_Arg_PISACowsMilk_10_page_6,430.2,282.0,1040.0
10421603,stimulus_Arg_PISACowsMilk_10_page_6,427.5,282.4,1043.0
10421604,stimulus_Arg_PISACowsMilk_10_page_6,425.9,282.2,1047.0
10421605,stimulus_Arg_PISACowsMilk_10_page_6,425.1,282.0,1049.0
10421606,stimulus_Arg_PISACowsMilk_10_page_6,424.9,281.9,1050.0
10421607,stimulus_Arg_PISACowsMilk_10_page_6,425.2,281.9,1051.0
10421608,stimulus_Arg_PISACowsMilk_10_page_6,425.6,282.2,1051.0
10421609,stimulus_Arg_PISACowsMilk_10_page_6,426.4,282.8,1050.0
10421610,stimulus_Arg_PISACowsMilk_10_page_6,427.4,283.3,1050.0
10421611,stimulus_Arg_PISACowsMilk_10_page_6,428.5,283.5,1049.0
10421612,stimulus_Arg_PISACowsMilk_10_page_6,429.2,283.5,1049.0
10421613,stimulus_Arg_PISACowsMilk_10_page_6,429.5,283.3,1049.0
10421614,stimulus_Arg_PISACowsMilk_10_page_6,430.4,283.2,1049.0
10421615,stimulus_Arg_PISACowsMilk_10_page_6,431.1,283.1,1049.0
10421616,stimulus_Arg_PISACowsMilk_10_page_6,431.7,283.2,1049.0
10421617,stimulus_Arg_PISACowsMilk_10_page_6,431.4,283.2,1050.0
10421618,stimulus_Arg_PISACowsMilk_10_page_6,431.3,282.8,1051.0
10421619,stimulus_Arg_PISACowsMilk_10_page_6,431.2,282.4,1051.0
10421620,stimulus_Arg_PISACowsMilk_10_page_6,431.1,282.0,1052.0
10421621,stimulus_Arg_PISACowsMilk_10_page_6,431.1,282.0,1052.0
10421622,stimulus_Arg_PISACowsMilk_10_page_6,431.1,281.9,1051.0
10421623,stimulus_Arg_PISACowsMilk_10_page_6,431.1,281.8,1051.0
10421624,stimulus_Arg_PISACowsMilk_10_page_6,431.1,281.8,1051.0
10421625,stimulus_Arg_PISACowsMilk_10_page_6,431.1,281.7,1051.0
10421626,stimulus_Arg_PISACowsMilk_10_page_6,431.0,281.8,1051.0
10421627,stimulus_Arg_PISACowsMilk_10_page_6,431.0,281.8,1050.0
10421628,stimulus_Arg_PISACowsMilk_10_page_6,431.2,281.8,1050.0
10421629,stimulus_Arg_PISACowsMilk_10_page_6,431.5,281.9,1050.0
10421630,stimulus_Arg_PISACowsMilk_10_page_6,431.8,281.9,1050.0
10421631,stimulus_Arg_PISACowsMilk_10_page_6,432.1,282.1,1051.0
10421632,stimulus_Arg_PISACowsMilk_10_page_6,432.4,282.3,1051.0
10421633,stimulus_Arg_PISACowsMilk_10_page_6,432.6,282.6,1051.0
10421634,stimulus_Arg_PISACowsMilk_10_page_6,432.6,282.5,1052.0
10421635,stimulus_Arg_PISACowsMilk_10_page_6,432.3,282.4,1052.0
10421636,stimulus_Arg_PISACowsMilk_10_page_6,432.1,282.3,1051.0
10421637,stimulus_Arg_PISACowsMilk_10_page_6,432.1,282.2,1051.0
10421638,stimulus_Arg_PISACowsMilk_10_page_6,432.2,282.0,1051.0
10421639,stimulus_Arg_PISACowsMilk_10_page_6,432.1,281.9,1051.0
10421640,stimulus_Arg_PISACowsMilk_10_page_6,432.0,281.8,1051.0
10421641,stimulus_Arg_PISACowsMilk_10_page_6,431.8,281.7,1052.0
10421642,stimulus_Arg_PISACowsMilk_10_page_6,431.8,281.6,1053.0
10421643,stimulus_Arg_PISACowsMilk_10_page_6,431.8,281.6,1053.0
10421644,stimulus_Arg_PISACowsMilk_10_page_6,431.8,281.7,1052.0
10421645,stimulus_Arg_PISACowsMilk_10_page_6,431.8,281.9,1052.0
10421646,stimulus_Arg_PISACowsMilk_10_page_6,431.8,282.1,1051.0
10421647,stimulus_Arg_PISACowsMilk_10_page_6,431.7,282.3,1051.0
10421648,stimulus_Arg_PISACowsMilk_10_page_6,431.7,282.3,1052.0
10421649,stimulus_Arg_PISACowsMilk_10_page_6,431.5,282.4,1054.0
10421650,stimulus_Arg_PISACowsMilk_10_page_6,431.1,282.3,1055.0
10421651,stimulus_Arg_PISACowsMilk_10_page_6,430.7,282.3,1056.0
10421652,stimulus_Arg_PISACowsMilk_10_page_6,430.8,282.2,1056.0
10421653,stimulus_Arg_PISACowsMilk_10_page_6,431.1,282.2,1055.0
10421654,stimulus_Arg_PISACowsMilk_10_page_6,431.2,282.4,1054.0
10421655,stimulus_Arg_PISACowsMilk_10_page_6,431.2,282.7,1053.0
10421656,stimulus_Arg_PISACowsMilk_10_page_6,431.3,282.9,1053.0
10421657,stimulus_Arg_PISACowsMilk_10_page_6,431.5,282.8,1053.0
10421658,stimulus_Arg_PISACowsMilk_10_page_6,431.7,282.7,1054.0
10421659,stimulus_Arg_PISACowsMilk_10_page_6,431.8,282.6,1054.0
10421660,stimulus_Arg_PISACowsMilk_10_page_6,431.9,282.6,1054.0
10421661,stimulus_Arg_PISACowsMilk_10_page_6,431.9,282.7,1055.0
10421662,stimulus_Arg_PISACowsMilk_10_page_6,431.8,282.8,1055.0
10421663,stimulus_Arg_PISACowsMilk_10_page_6,431.6,283.2,1055.0
10421664,stimulus_Arg_PISACowsMilk_10_page_6,431.4,283.4,1055.0
10421665,stimulus_Arg_PISACowsMilk_10_page_6,431.4,283.6,1055.0
10421666,stimulus_Arg_PISACowsMilk_10_page_6,431.5,283.6,1056.0
10421667,stimulus_Arg_PISACowsMilk_10_page_6,431.6,283.5,1056.0
10421668,stimulus_Arg_PISACowsMilk_10_page_6,431.8,283.4,1056.0
10421669,stimulus_Arg_PISACowsMilk_10_page_6,432.0,283.2,1056.0
10421670,stimulus_Arg_PISACowsMilk_10_page_6,432.2,283.0,1057.0
10421671,stimulus_Arg_PISACowsMilk_10_page_6,432.3,282.9,1057.0
10421672,stimulus_Arg_PISACowsMilk_10_page_6,432.3,283.1,1058.0
10421673,stimulus_Arg_PISACowsMilk_10_page_6,432.3,283.2,1058.0
10421674,stimulus_Arg_PISACowsMilk_10_page_6,432.2,283.4,1057.0
10421675,stimulus_Arg_PISACowsMilk_10_page_6,432.2,283.4,1056.0
10421676,stimulus_Arg_PISACowsMilk_10_page_6,432.2,283.4,1056.0
10421677,stimulus_Arg_PISACowsMilk_10_page_6,432.3,283.4,1056.0
10421678,stimulus_Arg_PISACowsMilk_10_page_6,432.3,283.4,1056.0
10421679,stimulus_Arg_PISACowsMilk_10_page_6,432.3,283.4,1056.0
10421680,stimulus_Arg_PISACowsMilk_10_page_6,432.4,283.5,1056.0
10421681,stimulus_Arg_PISACowsMilk_10_page_6,432.5,283.5,1056.0
10421682,stimulus_Arg_PISACowsMilk_10_page_6,432.5,283.4,1056.0
10421683,stimulus_Arg_PISACowsMilk_10_page_6,432.6,283.4,1057.0
10421684,stimulus_Arg_PISACowsMilk_10_page_6,432.7,283.3,1057.0
10421685,stimulus_Arg_PISACowsMilk_10_page_6,432.8,283.2,1057.0
10421686,stimulus_Arg_PISACowsMilk_10_page_6,432.8,283.1,1057.0
10421687,stimulus_Arg_PISACowsMilk_10_page_6,432.9,283.0,1058.0
10421688,stimulus_Arg_PISACowsMilk_10_page_6,433.0,283.0,1058.0
10421689,stimulus_Arg_PISACowsMilk_10_page_6,433.1,283.1,1059.0
10421690,stimulus_Arg_PISACowsMilk_10_page_6,433.1,283.1,1059.0
10421691,stimulus_Arg_PISACowsMilk_10_page_6,433.0,283.1,1059.0
10421692,stimulus_Arg_PISACowsMilk_10_page_6,433.0,283.1,1059.0
10421693,stimulus_Arg_PISACowsMilk_10_page_6,432.9,283.0,1058.0
10421694,stimulus_Arg_PISACowsMilk_10_page_6,432.8,283.1,1058.0
10421695,stimulus_Arg_PISACowsMilk_10_page_6,432.7,283.2,1058.0
10421696,stimulus_Arg_PISACowsMilk_10_page_6,432.6,283.3,1058.0
10421697,stimulus_Arg_PISACowsMilk_10_page_6,432.8,283.3,1058.0
10421698,stimulus_Arg_PISACowsMilk_10_page_6,432.9,283.4,1058.0
10421699,stimulus_Arg_PISACowsMilk_10_page_6,433.1,283.6,1058.0
10421700,stimulus_Arg_PISACowsMilk_10_page_6,432.9,283.5,1058.0
10421701,stimulus_Arg_PISACowsMilk_10_page_6,432.8,283.3,1058.0
10421702,stimulus_Arg_PISACowsMilk_10_page_6,432.7,283.2,1058.0
10421703,stimulus_Arg_PISACowsMilk_10_page_6,432.8,283.2,1058.0
10421704,stimulus_Arg_PISACowsMilk_10_page_6,432.8,283.2,1058.0
10421705,stimulus_Arg_PISACowsMilk_10_page_6,432.7,283.3,1058.0
10421706,stimulus_Arg_PISACowsMilk_10_page_6,432.7,283.4,1058.0
10421707,stimulus_Arg_PISACowsMilk_10_page_6,432.6,283.5,1059.0
10421708,stimulus_Arg_PISACowsMilk_10_page_6,432.7,283.5,1060.0
10421709,stimulus_Arg_PISACowsMilk_10_page_6,432.9,283.5,1061.0
10421710,stimulus_Arg_PISACowsMilk_10_page_6,433.1,283.6,1061.0
10421711,stimulus_Arg_PISACowsMilk_10_page_6,433.2,283.7,1061.0
10421712,stimulus_Arg_PISACowsMilk_10_page_6,433.1,283.7,1061.0
10421713,stimulus_Arg_PISACowsMilk_10_page_6,432.7,283.7,1061.0
10421714,stimulus_Arg_PISACowsMilk_10_page_6,432.3,283.6,1062.0
10421715,stimulus_Arg_PISACowsMilk_10_page_6,432.4,283.6,1062.0
10421716,stimulus_Arg_PISACowsMilk_10_page_6,432.7,283.5,1062.0
10421717,stimulus_Arg_PISACowsMilk_10_page_6,432.9,283.6,1062.0
10421718,stimulus_Arg_PISACowsMilk_10_page_6,433.1,283.6,1062.0
10421719,stimulus_Arg_PISACowsMilk_10_page_6,433.3,283.5,1062.0
10421720,stimulus_Arg_PISACowsMilk_10_page_6,433.4,283.5,1062.0
10421721,stimulus_Arg_PISACowsMilk_10_page_6,433.4,283.4,1063.0
10421722,stimulus_Arg_PISACowsMilk_10_page_6,433.5,283.4,1063.0
10421723,stimulus_Arg_PISACowsMilk_10_page_6,433.3,283.4,1063.0
10421724,stimulus_Arg_PISACowsMilk_10_page_6,433.0,283.5,1063.0
10421725,stimulus_Arg_PISACowsMilk_10_page_6,432.5,283.6,1063.0
10421726,stimulus_Arg_PISACowsMilk_10_page_6,432.4,283.8,1063.0
10421727,stimulus_Arg_PISACowsMilk_10_page_6,432.2,283.7,1064.0
10421728,stimulus_Arg_PISACowsMilk_10_page_6,432.2,283.6,1064.0
10421729,stimulus_Arg_PISACowsMilk_10_page_6,432.2,283.6,1064.0
10421730,stimulus_Arg_PISACowsMilk_10_page_6,432.2,283.5,1064.0
10421731,stimulus_Arg_PISACowsMilk_10_page_6,432.2,283.4,1064.0
10421732,stimulus_Arg_PISACowsMilk_10_page_6,432.2,283.4,1064.0
10421733,stimulus_Arg_PISACowsMilk_10_page_6,432.5,283.4,1064.0
10421734,stimulus_Arg_PISACowsMilk_10_page_6,432.9,283.2,1063.0
10421735,stimulus_Arg_PISACowsMilk_10_page_6,433.1,283.0,1063.0
10421736,stimulus_Arg_PISACowsMilk_10_page_6,433.1,283.0,1063.0
10421737,stimulus_Arg_PISACowsMilk_10_page_6,433.3,283.4,1063.0
10421738,stimulus_Arg_PISACowsMilk_10_page_6,433.5,283.8,1063.0
10421739,stimulus_Arg_PISACowsMilk_10_page_6,433.8,284.0,1063.0
10421740,stimulus_Arg_PISACowsMilk_10_page_6,433.8,284.1,1064.0
10421741,stimulus_Arg_PISACowsMilk_10_page_6,433.9,284.3,1064.0
10421742,stimulus_Arg_PISACowsMilk_10_page_6,434.0,284.4,1065.0
10421743,stimulus_Arg_PISACowsMilk_10_page_6,434.0,284.4,1066.0
10421744,stimulus_Arg_PISACowsMilk_10_page_6,434.2,284.4,1067.0
10421745,stimulus_Arg_PISACowsMilk_10_page_6,434.4,284.4,1067.0
10421746,stimulus_Arg_PISACowsMilk_10_page_6,434.6,284.5,1068.0
10421747,stimulus_Arg_PISACowsMilk_10_page_6,434.6,284.5,1068.0
10421748,stimulus_Arg_PISACowsMilk_10_page_6,434.6,284.3,1068.0
10421749,stimulus_Arg_PISACowsMilk_10_page_6,434.4,284.1,1069.0
10421750,stimulus_Arg_PISACowsMilk_10_page_6,434.1,283.9,1069.0
10421751,stimulus_Arg_PISACowsMilk_10_page_6,433.8,284.0,1069.0
10421752,stimulus_Arg_PISACowsMilk_10_page_6,433.6,284.1,1069.0
10421753,stimulus_Arg_PISACowsMilk_10_page_6,433.6,284.4,1069.0
10421754,stimulus_Arg_PISACowsMilk_10_page_6,433.5,284.6,1069.0
10421755,stimulus_Arg_PISACowsMilk_10_page_6,433.7,284.3,1069.0
10421756,stimulus_Arg_PISACowsMilk_10_page_6,434.0,284.0,1069.0
10421757,stimulus_Arg_PISACowsMilk_10_page_6,434.3,283.6,1070.0
10421758,stimulus_Arg_PISACowsMilk_10_page_6,434.5,283.6,1071.0
10421759,stimulus_Arg_PISACowsMilk_10_page_6,434.5,283.9,1072.0
10421760,stimulus_Arg_PISACowsMilk_10_page_6,434.5,284.1,1073.0
10421761,stimulus_Arg_PISACowsMilk_10_page_6,434.4,284.5,1074.0
10421762,stimulus_Arg_PISACowsMilk_10_page_6,434.6,284.6,1075.0
10421763,stimulus_Arg_PISACowsMilk_10_page_6,434.7,284.8,1075.0
10421764,stimulus_Arg_PISACowsMilk_10_page_6,434.9,284.8,1075.0
10421765,stimulus_Arg_PISACowsMilk_10_page_6,434.9,284.7,1075.0
10421766,stimulus_Arg_PISACowsMilk_10_page_6,434.8,284.6,1075.0
10421767,stimulus_Arg_PISACowsMilk_10_page_6,434.8,284.5,1075.0
10421768,stimulus_Arg_PISACowsMilk_10_page_6,434.8,284.4,1075.0
10421769,stimulus_Arg_PISACowsMilk_10_page_6,434.8,284.3,1075.0
10421770,stimulus_Arg_PISACowsMilk_10_page_6,434.7,284.4,1074.0
10421771,stimulus_Arg_PISACowsMilk_10_page_6,434.7,284.4,1074.0
10421772,stimulus_Arg_PISACowsMilk_10_page_6,434.7,284.3,1074.0
10421773,stimulus_Arg_PISACowsMilk_10_page_6,434.7,284.1,1074.0
10421774,stimulus_Arg_PISACowsMilk_10_page_6,435.0,284.0,1074.0
10421775,stimulus_Arg_PISACowsMilk_10_page_6,435.3,284.0,1075.0
10421776,stimulus_Arg_PISACowsMilk_10_page_6,435.6,284.1,1075.0
10421777,stimulus_Arg_PISACowsMilk_10_page_6,435.5,284.1,1076.0
10421778,stimulus_Arg_PISACowsMilk_10_page_6,435.2,284.0,1076.0
10421779,stimulus_Arg_PISACowsMilk_10_page_6,435.0,283.8,1077.0
10421780,stimulus_Arg_PISACowsMilk_10_page_6,434.8,283.5,1077.0
10421781,stimulus_Arg_PISACowsMilk_10_page_6,434.8,283.4,1078.0
10421782,stimulus_Arg_PISACowsMilk_10_page_6,434.9,283.4,1078.0
10421783,stimulus_Arg_PISACowsMilk_10_page_6,435.0,283.5,1079.0
10421784,stimulus_Arg_PISACowsMilk_10_page_6,435.1,283.5,1080.0
10421785,stimulus_Arg_PISACowsMilk_10_page_6,435.1,283.5,1081.0
10421786,stimulus_Arg_PISACowsMilk_10_page_6,434.9,283.7,1082.0
10421787,stimulus_Arg_PISACowsMilk_10_page_6,434.8,284.0,1083.0
10421788,stimulus_Arg_PISACowsMilk_10_page_6,434.6,284.2,1083.0
10421789,stimulus_Arg_PISACowsMilk_10_page_6,434.7,284.1,1084.0
10421790,stimulus_Arg_PISACowsMilk_10_page_6,434.7,283.8,1084.0
10421791,stimulus_Arg_PISACowsMilk_10_page_6,434.9,283.6,1085.0
10421792,stimulus_Arg_PISACowsMilk_10_page_6,435.2,283.3,1086.0
10421793,stimulus_Arg_PISACowsMilk_10_page_6,435.4,283.3,1086.0
10421794,stimulus_Arg_PISACowsMilk_10_page_6,435.2,283.1,1086.0
10421795,stimulus_Arg_PISACowsMilk_10_page_6,435.0,282.9,1086.0
10421796,stimulus_Arg_PISACowsMilk_10_page_6,434.8,282.8,1086.0
10421797,stimulus_Arg_PISACowsMilk_10_page_6,434.8,282.5,1087.0
10421798,stimulus_Arg_PISACowsMilk_10_page_6,435.1,282.1,1087.0
10421799,stimulus_Arg_PISACowsMilk_10_page_6,435.4,281.8,1087.0
10421800,stimulus_Arg_PISACowsMilk_10_page_6,435.6,281.7,1087.0
10421801,stimulus_Arg_PISACowsMilk_10_page_6,435.5,281.9,1088.0
10421802,stimulus_Arg_PISACowsMilk_10_page_6,435.5,282.1,1088.0
10421803,stimulus_Arg_PISACowsMilk_10_page_6,435.4,282.2,1089.0
10421804,stimulus_Arg_PISACowsMilk_10_page_6,435.4,282.3,1090.0
10421805,stimulus_Arg_PISACowsMilk_10_page_6,435.5,282.5,1090.0
10421806,stimulus_Arg_PISACowsMilk_10_page_6,435.6,282.6,1090.0
10421807,stimulus_Arg_PISACowsMilk_10_page_6,435.6,282.8,1090.0
10421808,stimulus_Arg_PISACowsMilk_10_page_6,435.5,282.9,1091.0
10421809,stimulus_Arg_PISACowsMilk_10_page_6,435.5,283.1,1091.0
10421810,stimulus_Arg_PISACowsMilk_10_page_6,435.7,283.2,1091.0
10421811,stimulus_Arg_PISACowsMilk_10_page_6,435.8,283.2,1091.0
10421812,stimulus_Arg_PISACowsMilk_10_page_6,435.9,283.2,1092.0
10421813,stimulus_Arg_PISACowsMilk_10_page_6,435.9,283.1,1092.0
10421814,stimulus_Arg_PISACowsMilk_10_page_6,435.9,283.0,1093.0
10421815,stimulus_Arg_PISACowsMilk_10_page_6,436.0,282.7,1094.0
10421816,stimulus_Arg_PISACowsMilk_10_page_6,436.0,282.4,1095.0
10421817,stimulus_Arg_PISACowsMilk_10_page_6,436.0,282.3,1095.0
10421818,stimulus_Arg_PISACowsMilk_10_page_6,436.0,282.5,1094.0
10421819,stimulus_Arg_PISACowsMilk_10_page_6,436.0,282.6,1095.0
10421820,stimulus_Arg_PISACowsMilk_10_page_6,436.0,282.5,1095.0
10421821,stimulus_Arg_PISACowsMilk_10_page_6,436.0,282.5,1095.0
10421822,stimulus_Arg_PISACowsMilk_10_page_6,436.0,282.6,1094.0
10421823,stimulus_Arg_PISACowsMilk_10_page_6,436.1,282.7,1094.0
10421824,stimulus_Arg_PISACowsMilk_10_page_6,436.2,282.8,1094.0
10421825,stimulus_Arg_PISACowsMilk_10_page_6,436.2,282.6,1094.0
10421826,stimulus_Arg_PISACowsMilk_10_page_6,436.2,282.3,1094.0
10421827,stimulus_Arg_PISACowsMilk_10_page_6,436.2,282.1,1094.0
10421828,stimulus_Arg_PISACowsMilk_10_page_6,436.1,282.2,1094.0
10421829,stimulus_Arg_PISACowsMilk_10_page_6,436.1,282.3,1094.0
10421830,stimulus_Arg_PISACowsMilk_10_page_6,436.0,282.4,1095.0
10421831,stimulus_Arg_PISACowsMilk_10_page_6,436.0,282.6,1095.0
10421832,stimulus_Arg_PISACowsMilk_10_page_6,436.1,282.7,1095.0
10421833,stimulus_Arg_PISACowsMilk_10_page_6,436.3,282.5,1095.0
10421834,stimulus_Arg_PISACowsMilk_10_page_6,435.9,282.2,1095.0
10421835,stimulus_Arg_PISACowsMilk_10_page_6,435.2,281.8,1095.0
10421836,stimulus_Arg_PISACowsMilk_10_page_6,433.8,281.6,1095.0
10421837,stimulus_Arg_PISACowsMilk_10_page_6,431.5,281.4,1096.0
10421838,stimulus_Arg_PISACowsMilk_10_page_6,428.2,281.4,1098.0
10421839,stimulus_Arg_PISACowsMilk_10_page_6,424.2,281.4,1099.0
10421840,stimulus_Arg_PISACowsMilk_10_page_6,420.1,281.3,1099.0
10421841,stimulus_Arg_PISACowsMilk_10_page_6,414.8,280.9,1098.0
10421842,stimulus_Arg_PISACowsMilk_10_page_6,408.9,281.0,1098.0
10421843,stimulus_Arg_PISACowsMilk_10_page_6,403.0,281.7,1099.0
10421844,stimulus_Arg_PISACowsMilk_10_page_6,398.6,282.9,1099.0
10421845,stimulus_Arg_PISACowsMilk_10_page_6,395.0,284.2,1098.0
10421846,stimulus_Arg_PISACowsMilk_10_page_6,391.8,285.6,1096.0
10421847,stimulus_Arg_PISACowsMilk_10_page_6,388.9,286.8,1094.0
10421848,stimulus_Arg_PISACowsMilk_10_page_6,386.9,287.4,1094.0
10421849,stimulus_Arg_PISACowsMilk_10_page_6,386.1,288.0,1095.0
10421850,stimulus_Arg_PISACowsMilk_10_page_6,386.3,288.7,1096.0
10421851,stimulus_Arg_PISACowsMilk_10_page_6,386.5,289.9,1096.0
10421852,stimulus_Arg_PISACowsMilk_10_page_6,387.5,290.7,1096.0
10421853,stimulus_Arg_PISACowsMilk_10_page_6,389.1,291.0,1096.0
10421854,stimulus_Arg_PISACowsMilk_10_page_6,391.1,290.4,1096.0
10421855,stimulus_Arg_PISACowsMilk_10_page_6,392.9,289.8,1097.0
10421856,stimulus_Arg_PISACowsMilk_10_page_6,394.3,289.1,1098.0
10421857,stimulus_Arg_PISACowsMilk_10_page_6,395.7,288.7,1098.0
10421858,stimulus_Arg_PISACowsMilk_10_page_6,397.0,288.2,1098.0
10421859,stimulus_Arg_PISACowsMilk_10_page_6,398.1,287.9,1098.0
10421860,stimulus_Arg_PISACowsMilk_10_page_6,398.9,287.4,1098.0
10421861,stimulus_Arg_PISACowsMilk_10_page_6,399.3,286.8,1099.0
10421862,stimulus_Arg_PISACowsMilk_10_page_6,399.2,286.4,1100.0
10421863,stimulus_Arg_PISACowsMilk_10_page_6,399.1,286.1,1100.0
10421864,stimulus_Arg_PISACowsMilk_10_page_6,399.1,286.1,1100.0
10421865,stimulus_Arg_PISACowsMilk_10_page_6,399.1,286.3,1100.0
10421866,stimulus_Arg_PISACowsMilk_10_page_6,399.1,286.7,1099.0
10421867,stimulus_Arg_PISACowsMilk_10_page_6,399.2,287.0,1097.0
10421868,stimulus_Arg_PISACowsMilk_10_page_6,399.4,286.8,1097.0
10421869,stimulus_Arg_PISACowsMilk_10_page_6,399.5,286.7,1097.0
10421870,stimulus_Arg_PISACowsMilk_10_page_6,399.6,286.7,1097.0
10421871,stimulus_Arg_PISACowsMilk_10_page_6,399.5,286.9,1098.0
10421872,stimulus_Arg_PISACowsMilk_10_page_6,399.4,287.1,1100.0
10421873,stimulus_Arg_PISACowsMilk_10_page_6,399.4,287.2,1101.0
10421874,stimulus_Arg_PISACowsMilk_10_page_6,399.3,287.3,1101.0
10421875,stimulus_Arg_PISACowsMilk_10_page_6,399.2,287.7,1102.0
10421876,stimulus_Arg_PISACowsMilk_10_page_6,399.2,288.1,1102.0
10421877,stimulus_Arg_PISACowsMilk_10_page_6,399.2,288.4,1103.0
10421878,stimulus_Arg_PISACowsMilk_10_page_6,399.2,288.4,1103.0
10421879,stimulus_Arg_PISACowsMilk_10_page_6,399.2,288.5,1104.0
10421880,stimulus_Arg_PISACowsMilk_10_page_6,399.0,288.5,1104.0
10421881,stimulus_Arg_PISACowsMilk_10_page_6,398.8,288.5,1104.0
10421882,stimulus_Arg_PISACowsMilk_10_page_6,398.7,288.5,1104.0
10421883,stimulus_Arg_PISACowsMilk_10_page_6,398.7,288.5,1104.0
10421884,stimulus_Arg_PISACowsMilk_10_page_6,398.6,288.5,1105.0
10421885,stimulus_Arg_PISACowsMilk_10_page_6,398.6,288.4,1106.0
10421886,stimulus_Arg_PISACowsMilk_10_page_6,398.7,288.4,1106.0
10421887,stimulus_Arg_PISACowsMilk_10_page_6,398.7,288.4,1105.0
10421888,stimulus_Arg_PISACowsMilk_10_page_6,398.7,288.3,1105.0
10421889,stimulus_Arg_PISACowsMilk_10_page_6,398.6,288.3,1104.0
10421890,stimulus_Arg_PISACowsMilk_10_page_6,398.6,288.3,1105.0
10421891,stimulus_Arg_PISACowsMilk_10_page_6,398.6,288.2,1105.0
10421892,stimulus_Arg_PISACowsMilk_10_page_6,398.6,288.0,1106.0
10421893,stimulus_Arg_PISACowsMilk_10_page_6,398.5,287.8,1107.0
10421894,stimulus_Arg_PISACowsMilk_10_page_6,398.3,287.8,1108.0
10421895,stimulus_Arg_PISACowsMilk_10_page_6,398.1,287.9,1107.0
10421896,stimulus_Arg_PISACowsMilk_10_page_6,397.9,288.0,1107.0
10421897,stimulus_Arg_PISACowsMilk_10_page_6,397.7,288.0,1107.0
10421898,stimulus_Arg_PISACowsMilk_10_page_6,397.6,287.8,1107.0
10421899,stimulus_Arg_PISACowsMilk_10_page_6,397.7,287.6,1108.0
10421900,stimulus_Arg_PISACowsMilk_10_page_6,397.9,287.5,1108.0
10421901,stimulus_Arg_PISACowsMilk_10_page_6,398.3,287.8,1108.0
10421902,stimulus_Arg_PISACowsMilk_10_page_6,398.4,288.1,1108.0
10421903,stimulus_Arg_PISACowsMilk_10_page_6,398.5,288.3,1108.0
10421904,stimulus_Arg_PISACowsMilk_10_page_6,398.4,288.3,1107.0
10421905,stimulus_Arg_PISACowsMilk_10_page_6,398.3,288.4,1107.0
10421906,stimulus_Arg_PISACowsMilk_10_page_6,398.3,288.4,1108.0
10421907,stimulus_Arg_PISACowsMilk_10_page_6,398.2,288.3,1108.0
10421908,stimulus_Arg_PISACowsMilk_10_page_6,398.2,288.3,1108.0
10421909,stimulus_Arg_PISACowsMilk_10_page_6,398.1,288.3,1108.0
10421910,stimulus_Arg_PISACowsMilk_10_page_6,398.1,288.3,1108.0
10421911,stimulus_Arg_PISACowsMilk_10_page_6,398.2,288.4,1108.0
10421912,stimulus_Arg_PISACowsMilk_10_page_6,398.2,288.5,1109.0
10421913,stimulus_Arg_PISACowsMilk_10_page_6,398.2,288.7,1109.0
10421914,stimulus_Arg_PISACowsMilk_10_page_6,397.9,288.9,1109.0
10421915,stimulus_Arg_PISACowsMilk_10_page_6,397.7,289.0,1109.0
10421916,stimulus_Arg_PISACowsMilk_10_page_6,397.4,289.0,1110.0
10421917,stimulus_Arg_PISACowsMilk_10_page_6,397.4,289.0,1111.0
10421918,stimulus_Arg_PISACowsMilk_10_page_6,397.3,289.1,1112.0
10421919,stimulus_Arg_PISACowsMilk_10_page_6,397.2,289.2,1112.0
10421920,stimulus_Arg_PISACowsMilk_10_page_6,397.2,289.2,1112.0
10421921,stimulus_Arg_PISACowsMilk_10_page_6,397.3,289.0,1112.0
10421922,stimulus_Arg_PISACowsMilk_10_page_6,397.3,288.9,1112.0
10421923,stimulus_Arg_PISACowsMilk_10_page_6,397.0,288.7,1113.0
10421924,stimulus_Arg_PISACowsMilk_10_page_6,396.7,288.7,1113.0
10421925,stimulus_Arg_PISACowsMilk_10_page_6,396.6,288.7,1113.0
10421926,stimulus_Arg_PISACowsMilk_10_page_6,396.7,288.8,1112.0
10421927,stimulus_Arg_PISACowsMilk_10_page_6,396.7,288.9,1112.0
10421928,stimulus_Arg_PISACowsMilk_10_page_6,396.8,288.9,1111.0
10421929,stimulus_Arg_PISACowsMilk_10_page_6,396.8,288.9,1110.0
10421930,stimulus_Arg_PISACowsMilk_10_page_6,396.8,289.0,1111.0
10421931,stimulus_Arg_PISACowsMilk_10_page_6,396.8,289.1,1111.0
10421932,stimulus_Arg_PISACowsMilk_10_page_6,396.7,289.3,1112.0
10421933,stimulus_Arg_PISACowsMilk_10_page_6,396.7,289.4,1112.0
10421934,stimulus_Arg_PISACowsMilk_10_page_6,396.7,289.5,1111.0
10421935,stimulus_Arg_PISACowsMilk_10_page_6,396.7,289.4,1110.0
10421936,stimulus_Arg_PISACowsMilk_10_page_6,396.7,289.3,1111.0
10421937,stimulus_Arg_PISACowsMilk_10_page_6,396.7,289.3,1112.0
10421938,stimulus_Arg_PISACowsMilk_10_page_6,396.7,289.2,1114.0
10421939,stimulus_Arg_PISACowsMilk_10_page_6,396.7,289.1,1114.0
10421940,stimulus_Arg_PISACowsMilk_10_page_6,396.7,289.2,1113.0
10421941,stimulus_Arg_PISACowsMilk_10_page_6,396.6,289.5,1112.0
10421942,stimulus_Arg_PISACowsMilk_10_page_6,396.5,290.1,1112.0
10421943,stimulus_Arg_PISACowsMilk_10_page_6,396.0,290.5,1112.0
10421944,stimulus_Arg_PISACowsMilk_10_page_6,395.6,290.8,1112.0
10421945,stimulus_Arg_PISACowsMilk_10_page_6,395.2,290.6,1113.0
10421946,stimulus_Arg_PISACowsMilk_10_page_6,395.1,290.5,1113.0
10421947,stimulus_Arg_PISACowsMilk_10_page_6,395.1,290.3,1113.0
10421948,stimulus_Arg_PISACowsMilk_10_page_6,395.0,290.4,1114.0
10421949,stimulus_Arg_PISACowsMilk_10_page_6,394.9,290.5,1114.0
10421950,stimulus_Arg_PISACowsMilk_10_page_6,394.9,290.6,1114.0
10421951,stimulus_Arg_PISACowsMilk_10_page_6,395.0,290.6,1115.0
10421952,stimulus_Arg_PISACowsMilk_10_page_6,395.3,290.3,1115.0
10421953,stimulus_Arg_PISACowsMilk_10_page_6,395.6,290.1,1115.0
10421954,stimulus_Arg_PISACowsMilk_10_page_6,395.5,290.0,1114.0
10421955,stimulus_Arg_PISACowsMilk_10_page_6,395.2,290.1,1114.0
10421956,stimulus_Arg_PISACowsMilk_10_page_6,394.9,290.2,1114.0
10421957,stimulus_Arg_PISACowsMilk_10_page_6,394.9,290.2,1114.0
10421958,stimulus_Arg_PISACowsMilk_10_page_6,394.9,290.3,1114.0
10421959,stimulus_Arg_PISACowsMilk_10_page_6,394.9,290.1,1114.0
10421960,stimulus_Arg_PISACowsMilk_10_page_6,394.8,290.0,1115.0
10421961,stimulus_Arg_PISACowsMilk_10_page_6,394.7,289.8,1115.0
10421962,stimulus_Arg_PISACowsMilk_10_page_6,394.7,289.8,1116.0
10421963,stimulus_Arg_PISACowsMilk_10_page_6,394.9,289.9,1116.0
10421964,stimulus_Arg_PISACowsMilk_10_page_6,395.0,289.9,1116.0
10421965,stimulus_Arg_PISACowsMilk_10_page_6,395.0,290.0,1116.0
10421966,stimulus_Arg_PISACowsMilk_10_page_6,395.0,290.2,1115.0
10421967,stimulus_Arg_PISACowsMilk_10_page_6,395.1,290.2,1114.0
10421968,stimulus_Arg_PISACowsMilk_10_page_6,395.2,290.1,1114.0
10421969,stimulus_Arg_PISACowsMilk_10_page_6,395.3,289.9,1114.0
10421970,stimulus_Arg_PISACowsMilk_10_page_6,395.4,289.9,1114.0
10421971,stimulus_Arg_PISACowsMilk_10_page_6,395.4,289.7,1114.0
10421972,stimulus_Arg_PISACowsMilk_10_page_6,395.4,289.6,1115.0
10421973,stimulus_Arg_PISACowsMilk_10_page_6,395.4,289.5,1115.0
10421974,stimulus_Arg_PISACowsMilk_10_page_6,395.4,289.6,1115.0
10421975,stimulus_Arg_PISACowsMilk_10_page_6,395.4,289.6,1115.0
10421976,stimulus_Arg_PISACowsMilk_10_page_6,395.4,289.6,1114.0
10421977,stimulus_Arg_PISACowsMilk_10_page_6,395.4,289.7,1114.0
10421978,stimulus_Arg_PISACowsMilk_10_page_6,395.3,289.7,1113.0
10421979,stimulus_Arg_PISACowsMilk_10_page_6,395.2,289.7,1114.0
10421980,stimulus_Arg_PISACowsMilk_10_page_6,395.3,289.6,1115.0
10421981,stimulus_Arg_PISACowsMilk_10_page_6,395.5,289.5,1116.0
10421982,stimulus_Arg_PISACowsMilk_10_page_6,395.7,289.3,1117.0
10421983,stimulus_Arg_PISACowsMilk_10_page_6,395.7,289.2,1116.0
10421984,stimulus_Arg_PISACowsMilk_10_page_6,395.6,289.4,1116.0
10421985,stimulus_Arg_PISACowsMilk_10_page_6,395.6,289.7,1115.0
10421986,stimulus_Arg_PISACowsMilk_10_page_6,395.9,289.9,1114.0
10421987,stimulus_Arg_PISACowsMilk_10_page_6,396.1,289.7,1114.0
10421988,stimulus_Arg_PISACowsMilk_10_page_6,396.3,289.5,1113.0
10421989,stimulus_Arg_PISACowsMilk_10_page_6,396.2,289.3,1114.0
10421990,stimulus_Arg_PISACowsMilk_10_page_6,396.2,289.3,1114.0
10421991,stimulus_Arg_PISACowsMilk_10_page_6,396.2,289.3,1114.0
10421992,stimulus_Arg_PISACowsMilk_10_page_6,396.1,289.4,1114.0
10421993,stimulus_Arg_PISACowsMilk_10_page_6,396.1,289.4,1115.0
10421994,stimulus_Arg_PISACowsMilk_10_page_6,395.9,289.4,1116.0
10421995,stimulus_Arg_PISACowsMilk_10_page_6,395.6,289.4,1116.0
10421996,stimulus_Arg_PISACowsMilk_10_page_6,395.4,289.5,1115.0
10421997,stimulus_Arg_PISACowsMilk_10_page_6,395.5,289.5,1114.0
10421998,stimulus_Arg_PISACowsMilk_10_page_6,395.6,289.5,1114.0
10421999,stimulus_Arg_PISACowsMilk_10_page_6,395.6,289.5,1115.0
10422000,stimulus_Arg_PISACowsMilk_10_page_6,395.6,289.4,1115.0
10422001,stimulus_Arg_PISACowsMilk_10_page_6,395.9,289.4,1115.0
10422002,stimulus_Arg_PISACowsMilk_10_page_6,396.3,289.4,1115.0
10422003,stimulus_Arg_PISACowsMilk_10_page_6,396.7,289.2,1116.0
10422004,stimulus_Arg_PISACowsMilk_10_page_6,396.7,289.0,1117.0
10422005,stimulus_Arg_PISACowsMilk_10_page_6,396.7,288.9,1116.0
10422006,stimulus_Arg_PISACowsMilk_10_page_6,396.7,288.9,1116.0
10422007,stimulus_Arg_PISACowsMilk_10_page_6,396.8,288.8,1116.0
10422008,stimulus_Arg_PISACowsMilk_10_page_6,396.8,288.7,1116.0
10422009,stimulus_Arg_PISACowsMilk_10_page_6,396.7,288.7,1116.0
10422010,stimulus_Arg_PISACowsMilk_10_page_6,396.6,288.7,1115.0
10422011,stimulus_Arg_PISACowsMilk_10_page_6,396.5,288.5,1116.0
10422012,stimulus_Arg_PISACowsMilk_10_page_6,396.6,288.4,1116.0
10422013,stimulus_Arg_PISACowsMilk_10_page_6,396.6,288.4,1117.0
10422014,stimulus_Arg_PISACowsMilk_10_page_6,396.4,288.8,1115.0
10422015,stimulus_Arg_PISACowsMilk_10_page_6,396.2,289.2,1113.0
10422016,stimulus_Arg_PISACowsMilk_10_page_6,396.1,289.1,1112.0
10422017,stimulus_Arg_PISACowsMilk_10_page_6,396.2,288.8,1115.0
10422018,stimulus_Arg_PISACowsMilk_10_page_6,396.5,288.6,1118.0
10422019,stimulus_Arg_PISACowsMilk_10_page_6,396.7,288.6,1120.0
10422020,stimulus_Arg_PISACowsMilk_10_page_6,397.0,288.7,1120.0
10422021,stimulus_Arg_PISACowsMilk_10_page_6,397.1,288.7,1119.0
10422022,stimulus_Arg_PISACowsMilk_10_page_6,397.1,288.9,1117.0
10422023,stimulus_Arg_PISACowsMilk_10_page_6,397.0,289.1,1116.0
10422024,stimulus_Arg_PISACowsMilk_10_page_6,396.8,289.2,1115.0
10422025,stimulus_Arg_PISACowsMilk_10_page_6,396.6,289.4,1116.0
10422026,stimulus_Arg_PISACowsMilk_10_page_6,396.5,289.7,1117.0
10422027,stimulus_Arg_PISACowsMilk_10_page_6,396.5,290.1,1118.0
10422028,stimulus_Arg_PISACowsMilk_10_page_6,396.6,290.2,1118.0
10422029,stimulus_Arg_PISACowsMilk_10_page_6,396.7,290.2,1118.0
10422030,stimulus_Arg_PISACowsMilk_10_page_6,396.7,290.1,1118.0
10422031,stimulus_Arg_PISACowsMilk_10_page_6,396.7,289.9,1117.0
10422032,stimulus_Arg_PISACowsMilk_10_page_6,396.6,289.9,1116.0
10422033,stimulus_Arg_PISACowsMilk_10_page_6,396.4,289.9,1114.0
10422034,stimulus_Arg_PISACowsMilk_10_page_6,396.4,289.9,1113.0
10422035,stimulus_Arg_PISACowsMilk_10_page_6,396.5,289.8,1114.0
10422036,stimulus_Arg_PISACowsMilk_10_page_6,396.7,289.7,1115.0
10422037,stimulus_Arg_PISACowsMilk_10_page_6,396.9,289.4,1117.0
10422038,stimulus_Arg_PISACowsMilk_10_page_6,397.0,289.0,1117.0
10422039,stimulus_Arg_PISACowsMilk_10_page_6,397.1,288.7,1118.0
10422040,stimulus_Arg_PISACowsMilk_10_page_6,397.2,288.8,1118.0
10422041,stimulus_Arg_PISACowsMilk_10_page_6,397.3,288.8,1118.0
10422042,stimulus_Arg_PISACowsMilk_10_page_6,397.4,288.9,1118.0
10422043,stimulus_Arg_PISACowsMilk_10_page_6,397.5,289.0,1118.0
10422044,stimulus_Arg_PISACowsMilk_10_page_6,397.6,289.1,1118.0
10422045,stimulus_Arg_PISACowsMilk_10_page_6,397.6,289.1,1118.0
10422046,stimulus_Arg_PISACowsMilk_10_page_6,397.4,289.1,1118.0
10422047,stimulus_Arg_PISACowsMilk_10_page_6,397.4,289.2,1118.0
10422048,stimulus_Arg_PISACowsMilk_10_page_6,397.5,289.3,1119.0
10422049,stimulus_Arg_PISACowsMilk_10_page_6,397.6,289.1,1119.0
10422050,stimulus_Arg_PISACowsMilk_10_page_6,397.7,288.8,1120.0
10422051,stimulus_Arg_PISACowsMilk_10_page_6,397.7,288.6,1120.0
10422052,stimulus_Arg_PISACowsMilk_10_page_6,397.7,288.5,1119.0
10422053,stimulus_Arg_PISACowsMilk_10_page_6,397.7,288.5,1119.0
10422054,stimulus_Arg_PISACowsMilk_10_page_6,397.5,289.0,1118.0
10422055,stimulus_Arg_PISACowsMilk_10_page_6,397.4,289.4,1118.0
10422056,stimulus_Arg_PISACowsMilk_10_page_6,397.3,289.9,1118.0
10422057,stimulus_Arg_PISACowsMilk_10_page_6,397.4,289.9,1118.0
10422058,stimulus_Arg_PISACowsMilk_10_page_6,397.6,289.6,1118.0
10422059,stimulus_Arg_PISACowsMilk_10_page_6,397.7,289.3,1119.0
10422060,stimulus_Arg_PISACowsMilk_10_page_6,397.7,289.1,1119.0
10422061,stimulus_Arg_PISACowsMilk_10_page_6,397.8,289.0,1120.0
10422062,stimulus_Arg_PISACowsMilk_10_page_6,398.0,289.2,1120.0
10422063,stimulus_Arg_PISACowsMilk_10_page_6,398.3,289.4,1121.0
10422064,stimulus_Arg_PISACowsMilk_10_page_6,398.6,289.8,1119.0
10422065,stimulus_Arg_PISACowsMilk_10_page_6,398.6,289.9,1118.0
10422066,stimulus_Arg_PISACowsMilk_10_page_6,398.6,290.0,1116.0
10422067,stimulus_Arg_PISACowsMilk_10_page_6,398.7,290.2,1116.0
10422068,stimulus_Arg_PISACowsMilk_10_page_6,398.9,290.3,1117.0
10422069,stimulus_Arg_PISACowsMilk_10_page_6,399.1,290.3,1118.0
10422070,stimulus_Arg_PISACowsMilk_10_page_6,399.2,290.2,1119.0
10422071,stimulus_Arg_PISACowsMilk_10_page_6,399.3,290.0,1120.0
10422072,stimulus_Arg_PISACowsMilk_10_page_6,399.4,289.9,1120.0
10422073,stimulus_Arg_PISACowsMilk_10_page_6,399.4,289.8,1120.0
10422074,stimulus_Arg_PISACowsMilk_10_page_6,399.5,289.7,1120.0
10422075,stimulus_Arg_PISACowsMilk_10_page_6,399.6,289.7,1120.0
10422076,stimulus_Arg_PISACowsMilk_10_page_6,399.6,289.8,1121.0
10422077,stimulus_Arg_PISACowsMilk_10_page_6,399.7,290.0,1121.0
10422078,stimulus_Arg_PISACowsMilk_10_page_6,399.9,290.1,1122.0
10422079,stimulus_Arg_PISACowsMilk_10_page_6,400.1,290.4,1122.0
10422080,stimulus_Arg_PISACowsMilk_10_page_6,400.2,290.7,1121.0
10422081,stimulus_Arg_PISACowsMilk_10_page_6,400.3,290.6,1122.0
10422082,stimulus_Arg_PISACowsMilk_10_page_6,400.4,290.4,1122.0
10422083,stimulus_Arg_PISACowsMilk_10_page_6,400.4,290.4,1123.0
10422084,stimulus_Arg_PISACowsMilk_10_page_6,400.4,290.6,1123.0
10422085,stimulus_Arg_PISACowsMilk_10_page_6,400.5,290.7,1122.0
10422086,stimulus_Arg_PISACowsMilk_10_page_6,400.7,290.5,1121.0
10422087,stimulus_Arg_PISACowsMilk_10_page_6,400.7,290.4,1120.0
10422088,stimulus_Arg_PISACowsMilk_10_page_6,400.6,290.5,1121.0
10422089,stimulus_Arg_PISACowsMilk_10_page_6,400.5,290.5,1121.0
10422090,stimulus_Arg_PISACowsMilk_10_page_6,400.6,290.5,1120.0
10422091,stimulus_Arg_PISACowsMilk_10_page_6,400.6,290.5,1120.0
10422092,stimulus_Arg_PISACowsMilk_10_page_6,400.4,290.6,1120.0
10422093,stimulus_Arg_PISACowsMilk_10_page_6,400.1,290.5,1121.0
10422094,stimulus_Arg_PISACowsMilk_10_page_6,399.8,290.2,1121.0
10422095,stimulus_Arg_PISACowsMilk_10_page_6,399.5,290.0,1121.0
10422096,stimulus_Arg_PISACowsMilk_10_page_6,399.4,289.9,1121.0
10422097,stimulus_Arg_PISACowsMilk_10_page_6,399.4,290.0,1121.0
10422098,stimulus_Arg_PISACowsMilk_10_page_6,399.7,290.0,1121.0
10422099,stimulus_Arg_PISACowsMilk_10_page_6,399.9,290.0,1121.0
10422100,stimulus_Arg_PISACowsMilk_10_page_6,400.2,290.1,1121.0
10422101,stimulus_Arg_PISACowsMilk_10_page_6,400.2,290.3,1121.0
10422102,stimulus_Arg_PISACowsMilk_10_page_6,400.4,290.7,1122.0
10422103,stimulus_Arg_PISACowsMilk_10_page_6,400.6,291.0,1123.0
10422104,stimulus_Arg_PISACowsMilk_10_page_6,400.7,291.0,1122.0
10422105,stimulus_Arg_PISACowsMilk_10_page_6,400.7,290.9,1122.0
10422106,stimulus_Arg_PISACowsMilk_10_page_6,400.7,290.5,1122.0
10422107,stimulus_Arg_PISACowsMilk_10_page_6,400.7,290.1,1122.0
10422108,stimulus_Arg_PISACowsMilk_10_page_6,400.6,289.7,1122.0
10422109,stimulus_Arg_PISACowsMilk_10_page_6,400.4,289.5,1122.0
10422110,stimulus_Arg_PISACowsMilk_10_page_6,400.4,289.7,1122.0
10422111,stimulus_Arg_PISACowsMilk_10_page_6,400.5,289.8,1122.0
10422112,stimulus_Arg_PISACowsMilk_10_page_6,400.7,289.9,1122.0
10422113,stimulus_Arg_PISACowsMilk_10_page_6,400.9,289.9,1122.0
10422114,stimulus_Arg_PISACowsMilk_10_page_6,401.1,289.9,1122.0
10422115,stimulus_Arg_PISACowsMilk_10_page_6,401.1,290.1,1122.0
10422116,stimulus_Arg_PISACowsMilk_10_page_6,400.9,290.4,1123.0
10422117,stimulus_Arg_PISACowsMilk_10_page_6,400.8,290.5,1124.0
10422118,stimulus_Arg_PISACowsMilk_10_page_6,400.8,290.3,1124.0
10422119,stimulus_Arg_PISACowsMilk_10_page_6,400.7,290.2,1125.0
10422120,stimulus_Arg_PISACowsMilk_10_page_6,400.4,290.4,1125.0
10422121,stimulus_Arg_PISACowsMilk_10_page_6,400.1,290.6,1124.0
10422122,stimulus_Arg_PISACowsMilk_10_page_6,399.8,290.7,1124.0
10422123,stimulus_Arg_PISACowsMilk_10_page_6,399.6,290.6,1123.0
10422124,stimulus_Arg_PISACowsMilk_10_page_6,399.5,290.6,1122.0
10422125,stimulus_Arg_PISACowsMilk_10_page_6,399.8,290.5,1121.0
10422126,stimulus_Arg_PISACowsMilk_10_page_6,400.0,290.6,1123.0
10422127,stimulus_Arg_PISACowsMilk_10_page_6,400.1,290.8,1125.0
10422128,stimulus_Arg_PISACowsMilk_10_page_6,400.1,291.0,1125.0
10422129,stimulus_Arg_PISACowsMilk_10_page_6,400.1,291.1,1125.0
10422130,stimulus_Arg_PISACowsMilk_10_page_6,400.1,291.2,1124.0
10422131,stimulus_Arg_PISACowsMilk_10_page_6,399.9,291.3,1123.0
10422132,stimulus_Arg_PISACowsMilk_10_page_6,399.6,291.3,1123.0
10422133,stimulus_Arg_PISACowsMilk_10_page_6,399.7,291.3,1124.0
10422134,stimulus_Arg_PISACowsMilk_10_page_6,400.1,291.2,1124.0
10422135,stimulus_Arg_PISACowsMilk_10_page_6,400.3,291.0,1124.0
10422136,stimulus_Arg_PISACowsMilk_10_page_6,400.3,290.9,1124.0
10422137,stimulus_Arg_PISACowsMilk_10_page_6,400.6,291.0,1124.0
10422138,stimulus_Arg_PISACowsMilk_10_page_6,400.9,290.9,1124.0
10422139,stimulus_Arg_PISACowsMilk_10_page_6,401.1,290.8,1124.0
10422140,stimulus_Arg_PISACowsMilk_10_page_6,400.9,290.8,1125.0
10422141,stimulus_Arg_PISACowsMilk_10_page_6,400.6,290.9,1127.0
10422142,stimulus_Arg_PISACowsMilk_10_page_6,400.6,291.0,1128.0
10422143,stimulus_Arg_PISACowsMilk_10_page_6,400.6,290.9,1128.0
10422144,stimulus_Arg_PISACowsMilk_10_page_6,400.6,290.8,1127.0
10422145,stimulus_Arg_PISACowsMilk_10_page_6,400.6,291.2,1126.0
10422146,stimulus_Arg_PISACowsMilk_10_page_6,400.7,291.6,1126.0
10422147,stimulus_Arg_PISACowsMilk_10_page_6,400.7,292.0,1127.0
10422148,stimulus_Arg_PISACowsMilk_10_page_6,400.7,291.9,1128.0
10422149,stimulus_Arg_PISACowsMilk_10_page_6,400.7,291.8,1128.0
10422150,stimulus_Arg_PISACowsMilk_10_page_6,400.7,291.8,1128.0
10422151,stimulus_Arg_PISACowsMilk_10_page_6,400.7,292.0,1128.0
10422152,stimulus_Arg_PISACowsMilk_10_page_6,400.6,292.2,1128.0
10422153,stimulus_Arg_PISACowsMilk_10_page_6,400.5,292.5,1128.0
10422154,stimulus_Arg_PISACowsMilk_10_page_6,400.5,292.6,1128.0
10422155,stimulus_Arg_PISACowsMilk_10_page_6,400.4,292.3,1128.0
10422156,stimulus_Arg_PISACowsMilk_10_page_6,400.3,291.9,1129.0
10422157,stimulus_Arg_PISACowsMilk_10_page_6,400.3,291.5,1129.0
10422158,stimulus_Arg_PISACowsMilk_10_page_6,400.3,291.5,1129.0
10422159,stimulus_Arg_PISACowsMilk_10_page_6,400.4,291.6,1130.0
10422160,stimulus_Arg_PISACowsMilk_10_page_6,400.4,291.7,1131.0
10422161,stimulus_Arg_PISACowsMilk_10_page_6,400.2,291.8,1131.0
10422162,stimulus_Arg_PISACowsMilk_10_page_6,400.2,292.0,1132.0
10422163,stimulus_Arg_PISACowsMilk_10_page_6,400.2,292.0,1132.0
10422164,stimulus_Arg_PISACowsMilk_10_page_6,400.4,292.0,1132.0
10422165,stimulus_Arg_PISACowsMilk_10_page_6,400.5,292.4,1132.0
10422166,stimulus_Arg_PISACowsMilk_10_page_6,400.3,292.8,1131.0
10422167,stimulus_Arg_PISACowsMilk_10_page_6,400.2,293.0,1131.0
10422168,stimulus_Arg_PISACowsMilk_10_page_6,400.0,292.7,1132.0
10422169,stimulus_Arg_PISACowsMilk_10_page_6,399.8,292.4,1132.0
10422170,stimulus_Arg_PISACowsMilk_10_page_6,399.8,292.2,1133.0
10422171,stimulus_Arg_PISACowsMilk_10_page_6,399.9,292.2,1133.0
10422172,stimulus_Arg_PISACowsMilk_10_page_6,400.0,292.2,1134.0
10422173,stimulus_Arg_PISACowsMilk_10_page_6,400.1,292.3,1134.0
10422174,stimulus_Arg_PISACowsMilk_10_page_6,400.1,292.3,1134.0
10422175,stimulus_Arg_PISACowsMilk_10_page_6,400.0,292.3,1133.0
10422176,stimulus_Arg_PISACowsMilk_10_page_6,400.0,292.3,1132.0
10422177,stimulus_Arg_PISACowsMilk_10_page_6,399.8,292.3,1131.0
10422178,stimulus_Arg_PISACowsMilk_10_page_6,399.5,292.3,1130.0
10422179,stimulus_Arg_PISACowsMilk_10_page_6,399.3,292.2,1131.0
10422180,stimulus_Arg_PISACowsMilk_10_page_6,399.2,292.4,1131.0
10422181,stimulus_Arg_PISACowsMilk_10_page_6,399.1,292.5,1132.0
10422182,stimulus_Arg_PISACowsMilk_10_page_6,399.0,292.5,1133.0
10422183,stimulus_Arg_PISACowsMilk_10_page_6,399.0,292.4,1133.0
10422184,stimulus_Arg_PISACowsMilk_10_page_6,399.1,292.3,1133.0
10422185,stimulus_Arg_PISACowsMilk_10_page_6,399.2,292.3,1132.0
10422186,stimulus_Arg_PISACowsMilk_10_page_6,399.2,292.4,1131.0
10422187,stimulus_Arg_PISACowsMilk_10_page_6,399.3,292.4,1130.0
10422188,stimulus_Arg_PISACowsMilk_10_page_6,399.4,292.4,1129.0
10422189,stimulus_Arg_PISACowsMilk_10_page_6,399.5,292.4,1129.0
10422190,stimulus_Arg_PISACowsMilk_10_page_6,399.5,292.4,1130.0
10422191,stimulus_Arg_PISACowsMilk_10_page_6,399.5,292.3,1132.0
10422192,stimulus_Arg_PISACowsMilk_10_page_6,399.5,292.2,1133.0
10422193,stimulus_Arg_PISACowsMilk_10_page_6,399.5,292.2,1134.0
10422194,stimulus_Arg_PISACowsMilk_10_page_6,399.1,292.4,1134.0
10422195,stimulus_Arg_PISACowsMilk_10_page_6,398.7,292.6,1134.0
10422196,stimulus_Arg_PISACowsMilk_10_page_6,398.4,292.5,1133.0
10422197,stimulus_Arg_PISACowsMilk_10_page_6,398.5,292.3,1133.0
10422198,stimulus_Arg_PISACowsMilk_10_page_6,398.6,292.1,1132.0
10422199,stimulus_Arg_PISACowsMilk_10_page_6,398.6,292.0,1132.0
10422200,stimulus_Arg_PISACowsMilk_10_page_6,398.7,292.0,1132.0
10422201,stimulus_Arg_PISACowsMilk_10_page_6,398.8,291.9,1132.0
10422202,stimulus_Arg_PISACowsMilk_10_page_6,398.8,291.9,1132.0
10422203,stimulus_Arg_PISACowsMilk_10_page_6,398.8,292.0,1131.0
10422204,stimulus_Arg_PISACowsMilk_10_page_6,398.8,292.1,1131.0
10422205,stimulus_Arg_PISACowsMilk_10_page_6,398.6,292.1,1132.0
10422206,stimulus_Arg_PISACowsMilk_10_page_6,398.3,292.1,1132.0
10422207,stimulus_Arg_PISACowsMilk_10_page_6,398.1,291.9,1132.0
10422208,stimulus_Arg_PISACowsMilk_10_page_6,398.1,291.7,1132.0
10422209,stimulus_Arg_PISACowsMilk_10_page_6,398.1,291.6,1132.0
10422210,stimulus_Arg_PISACowsMilk_10_page_6,398.1,291.6,1133.0
10422211,stimulus_Arg_PISACowsMilk_10_page_6,398.1,291.6,1133.0
10422212,stimulus_Arg_PISACowsMilk_10_page_6,398.1,291.5,1133.0
10422213,stimulus_Arg_PISACowsMilk_10_page_6,398.1,291.4,1133.0
10422214,stimulus_Arg_PISACowsMilk_10_page_6,398.1,291.3,1134.0
10422215,stimulus_Arg_PISACowsMilk_10_page_6,398.3,291.2,1134.0
10422216,stimulus_Arg_PISACowsMilk_10_page_6,398.5,291.0,1135.0
10422217,stimulus_Arg_PISACowsMilk_10_page_6,398.6,291.0,1135.0
10422218,stimulus_Arg_PISACowsMilk_10_page_6,398.6,290.9,1134.0
10422219,stimulus_Arg_PISACowsMilk_10_page_6,398.6,290.9,1134.0
10422220,stimulus_Arg_PISACowsMilk_10_page_6,398.6,290.8,1134.0
10422221,stimulus_Arg_PISACowsMilk_10_page_6,398.6,290.7,1135.0
10422222,stimulus_Arg_PISACowsMilk_10_page_6,398.7,290.7,1136.0
10422223,stimulus_Arg_PISACowsMilk_10_page_6,398.7,290.8,1136.0
10422224,stimulus_Arg_PISACowsMilk_10_page_6,398.8,291.0,1136.0
10422225,stimulus_Arg_PISACowsMilk_10_page_6,398.8,291.3,1136.0
10422226,stimulus_Arg_PISACowsMilk_10_page_6,398.8,291.3,1136.0
10422227,stimulus_Arg_PISACowsMilk_10_page_6,398.9,291.4,1136.0
10422228,stimulus_Arg_PISACowsMilk_10_page_6,398.9,291.5,1136.0
10422229,stimulus_Arg_PISACowsMilk_10_page_6,398.9,291.5,1136.0
10422230,stimulus_Arg_PISACowsMilk_10_page_6,398.9,291.4,1136.0
10422231,stimulus_Arg_PISACowsMilk_10_page_6,398.9,291.3,1135.0
10422232,stimulus_Arg_PISACowsMilk_10_page_6,398.8,291.3,1134.0
10422233,stimulus_Arg_PISACowsMilk_10_page_6,398.8,291.3,1135.0
10422234,stimulus_Arg_PISACowsMilk_10_page_6,398.8,291.5,1135.0
10422235,stimulus_Arg_PISACowsMilk_10_page_6,398.9,291.7,1136.0
10422236,stimulus_Arg_PISACowsMilk_10_page_6,398.9,291.8,1136.0
10422237,stimulus_Arg_PISACowsMilk_10_page_6,399.1,291.8,1135.0
10422238,stimulus_Arg_PISACowsMilk_10_page_6,399.3,291.9,1136.0
10422239,stimulus_Arg_PISACowsMilk_10_page_6,399.6,291.9,1137.0
10422240,stimulus_Arg_PISACowsMilk_10_page_6,399.6,291.9,1138.0
10422241,stimulus_Arg_PISACowsMilk_10_page_6,399.6,291.8,1138.0
10422242,stimulus_Arg_PISACowsMilk_10_page_6,399.6,291.9,1138.0
10422243,stimulus_Arg_PISACowsMilk_10_page_6,399.5,291.9,1138.0
10422244,stimulus_Arg_PISACowsMilk_10_page_6,399.4,291.9,1138.0
10422245,stimulus_Arg_PISACowsMilk_10_page_6,399.2,291.8,1137.0
10422246,stimulus_Arg_PISACowsMilk_10_page_6,399.0,291.8,1137.0
10422247,stimulus_Arg_PISACowsMilk_10_page_6,398.8,292.1,1137.0
10422248,stimulus_Arg_PISACowsMilk_10_page_6,398.8,292.3,1137.0
10422249,stimulus_Arg_PISACowsMilk_10_page_6,398.9,292.2,1137.0
10422250,stimulus_Arg_PISACowsMilk_10_page_6,399.0,291.8,1136.0
10422251,stimulus_Arg_PISACowsMilk_10_page_6,399.0,291.5,1136.0
10422252,stimulus_Arg_PISACowsMilk_10_page_6,398.9,291.5,1135.0
10422253,stimulus_Arg_PISACowsMilk_10_page_6,399.0,291.5,1136.0
10422254,stimulus_Arg_PISACowsMilk_10_page_6,399.0,291.4,1136.0
10422255,stimulus_Arg_PISACowsMilk_10_page_6,398.9,291.3,1136.0
10422256,stimulus_Arg_PISACowsMilk_10_page_6,398.9,291.1,1136.0
10422257,stimulus_Arg_PISACowsMilk_10_page_6,398.8,291.0,1137.0
10422258,stimulus_Arg_PISACowsMilk_10_page_6,398.8,290.9,1137.0
10422259,stimulus_Arg_PISACowsMilk_10_page_6,398.9,291.1,1137.0
10422260,stimulus_Arg_PISACowsMilk_10_page_6,398.9,291.2,1138.0
10422261,stimulus_Arg_PISACowsMilk_10_page_6,399.0,291.4,1138.0
10422262,stimulus_Arg_PISACowsMilk_10_page_6,399.0,291.4,1138.0
10422263,stimulus_Arg_PISACowsMilk_10_page_6,399.2,291.5,1137.0
10422264,stimulus_Arg_PISACowsMilk_10_page_6,399.5,291.5,1136.0
10422265,stimulus_Arg_PISACowsMilk_10_page_6,399.8,291.5,1136.0
10422266,stimulus_Arg_PISACowsMilk_10_page_6,399.8,291.5,1136.0
10422267,stimulus_Arg_PISACowsMilk_10_page_6,399.7,291.6,1136.0
10422268,stimulus_Arg_PISACowsMilk_10_page_6,399.6,291.8,1137.0
10422269,stimulus_Arg_PISACowsMilk_10_page_6,399.5,291.9,1137.0
10422270,stimulus_Arg_PISACowsMilk_10_page_6,399.5,291.9,1138.0
10422271,stimulus_Arg_PISACowsMilk_10_page_6,399.5,292.0,1138.0
10422272,stimulus_Arg_PISACowsMilk_10_page_6,399.6,292.1,1138.0
10422273,stimulus_Arg_PISACowsMilk_10_page_6,399.8,292.2,1136.0
10422274,stimulus_Arg_PISACowsMilk_10_page_6,400.0,292.4,1135.0
10422275,stimulus_Arg_PISACowsMilk_10_page_6,400.0,292.4,1135.0
10422276,stimulus_Arg_PISACowsMilk_10_page_6,400.0,292.4,1135.0
10422277,stimulus_Arg_PISACowsMilk_10_page_6,399.9,292.3,1135.0
10422278,stimulus_Arg_PISACowsMilk_10_page_6,399.9,292.4,1135.0
10422279,stimulus_Arg_PISACowsMilk_10_page_6,399.9,292.5,1136.0
10422280,stimulus_Arg_PISACowsMilk_10_page_6,400.0,292.4,1136.0
10422281,stimulus_Arg_PISACowsMilk_10_page_6,400.2,292.2,1136.0
10422282,stimulus_Arg_PISACowsMilk_10_page_6,400.4,292.1,1136.0
10422283,stimulus_Arg_PISACowsMilk_10_page_6,400.6,292.3,1136.0
10422284,stimulus_Arg_PISACowsMilk_10_page_6,400.8,292.5,1136.0
10422285,stimulus_Arg_PISACowsMilk_10_page_6,400.7,292.8,1136.0
10422286,stimulus_Arg_PISACowsMilk_10_page_6,400.7,292.9,1137.0
10422287,stimulus_Arg_PISACowsMilk_10_page_6,400.6,293.0,1137.0
10422288,stimulus_Arg_PISACowsMilk_10_page_6,400.6,293.1,1136.0
10422289,stimulus_Arg_PISACowsMilk_10_page_6,400.7,293.2,1135.0
10422290,stimulus_Arg_PISACowsMilk_10_page_6,400.9,293.3,1134.0
10422291,stimulus_Arg_PISACowsMilk_10_page_6,401.0,293.3,1135.0
10422292,stimulus_Arg_PISACowsMilk_10_page_6,401.0,293.4,1136.0
10422293,stimulus_Arg_PISACowsMilk_10_page_6,401.0,293.4,1137.0
10422294,stimulus_Arg_PISACowsMilk_10_page_6,401.1,293.4,1138.0
10422295,stimulus_Arg_PISACowsMilk_10_page_6,401.1,293.3,1137.0
10422296,stimulus_Arg_PISACowsMilk_10_page_6,401.2,293.3,1136.0
10422297,stimulus_Arg_PISACowsMilk_10_page_6,401.3,293.4,1136.0
10422298,stimulus_Arg_PISACowsMilk_10_page_6,401.3,293.5,1136.0
10422299,stimulus_Arg_PISACowsMilk_10_page_6,401.4,293.6,1137.0
10422300,stimulus_Arg_PISACowsMilk_10_page_6,401.3,293.7,1137.0
10422301,stimulus_Arg_PISACowsMilk_10_page_6,401.1,293.7,1138.0
10422302,stimulus_Arg_PISACowsMilk_10_page_6,401.2,293.6,1139.0
10422303,stimulus_Arg_PISACowsMilk_10_page_6,401.4,293.5,1139.0
10422304,stimulus_Arg_PISACowsMilk_10_page_6,401.7,293.5,1139.0
10422305,stimulus_Arg_PISACowsMilk_10_page_6,401.8,293.6,1139.0
10422306,stimulus_Arg_PISACowsMilk_10_page_6,401.9,293.6,1139.0
10422307,stimulus_Arg_PISACowsMilk_10_page_6,401.8,293.6,1139.0
10422308,stimulus_Arg_PISACowsMilk_10_page_6,401.7,293.7,1139.0
10422309,stimulus_Arg_PISACowsMilk_10_page_6,401.7,293.7,1139.0
10422310,stimulus_Arg_PISACowsMilk_10_page_6,401.8,293.7,1138.0
10422311,stimulus_Arg_PISACowsMilk_10_page_6,401.8,293.7,1138.0
10422312,stimulus_Arg_PISACowsMilk_10_page_6,401.7,293.7,1139.0
10422313,stimulus_Arg_PISACowsMilk_10_page_6,401.6,293.7,1139.0
10422314,stimulus_Arg_PISACowsMilk_10_page_6,401.6,293.7,1139.0
10422315,stimulus_Arg_PISACowsMilk_10_page_6,401.6,293.8,1138.0
10422316,stimulus_Arg_PISACowsMilk_10_page_6,401.7,293.9,1137.0
10422317,stimulus_Arg_PISACowsMilk_10_page_6,401.9,293.7,1136.0
10422318,stimulus_Arg_PISACowsMilk_10_page_6,402.1,293.4,1136.0
10422319,stimulus_Arg_PISACowsMilk_10_page_6,402.1,293.3,1136.0
10422320,stimulus_Arg_PISACowsMilk_10_page_6,401.9,293.5,1136.0
10422321,stimulus_Arg_PISACowsMilk_10_page_6,401.7,293.7,1136.0
10422322,stimulus_Arg_PISACowsMilk_10_page_6,401.6,293.6,1137.0
10422323,stimulus_Arg_PISACowsMilk_10_page_6,401.6,293.3,1136.0
10422324,stimulus_Arg_PISACowsMilk_10_page_6,401.4,293.1,1135.0
10422325,stimulus_Arg_PISACowsMilk_10_page_6,401.2,292.9,1134.0
10422326,stimulus_Arg_PISACowsMilk_10_page_6,400.9,292.9,1134.0
10422327,stimulus_Arg_PISACowsMilk_10_page_6,401.0,293.0,1134.0
10422328,stimulus_Arg_PISACowsMilk_10_page_6,401.1,293.4,1134.0
10422329,stimulus_Arg_PISACowsMilk_10_page_6,401.3,293.8,1135.0
10422330,stimulus_Arg_PISACowsMilk_10_page_6,401.6,294.3,1135.0
10422331,stimulus_Arg_PISACowsMilk_10_page_6,402.6,294.6,1135.0
10422332,stimulus_Arg_PISACowsMilk_10_page_6,405.0,295.0,1134.0
10422333,stimulus_Arg_PISACowsMilk_10_page_6,408.3,295.2,1134.0
10422334,stimulus_Arg_PISACowsMilk_10_page_6,412.7,295.5,1133.0
10422335,stimulus_Arg_PISACowsMilk_10_page_6,417.0,295.2,1134.0
10422336,stimulus_Arg_PISACowsMilk_10_page_6,422.9,294.4,1135.0
10422337,stimulus_Arg_PISACowsMilk_10_page_6,429.2,293.6,1136.0
10422338,stimulus_Arg_PISACowsMilk_10_page_6,438.0,292.6,1137.0
10422339,stimulus_Arg_PISACowsMilk_10_page_6,446.5,291.0,1137.0
10422340,stimulus_Arg_PISACowsMilk_10_page_6,455.6,288.7,1138.0
10422341,stimulus_Arg_PISACowsMilk_10_page_6,464.6,286.5,1141.0
10422342,stimulus_Arg_PISACowsMilk_10_page_6,472.7,284.7,1143.0
10422343,stimulus_Arg_PISACowsMilk_10_page_6,480.3,282.5,1144.0
10422344,stimulus_Arg_PISACowsMilk_10_page_6,486.7,279.8,1143.0
10422345,stimulus_Arg_PISACowsMilk_10_page_6,492.9,277.6,1141.0
10422346,stimulus_Arg_PISACowsMilk_10_page_6,497.7,276.1,1139.0
10422347,stimulus_Arg_PISACowsMilk_10_page_6,502.3,275.4,1137.0
10422348,stimulus_Arg_PISACowsMilk_10_page_6,506.2,274.5,1136.0
10422349,stimulus_Arg_PISACowsMilk_10_page_6,508.9,273.9,1136.0
10422350,stimulus_Arg_PISACowsMilk_10_page_6,510.5,273.5,1134.0
10422351,stimulus_Arg_PISACowsMilk_10_page_6,513.1,273.3,1133.0
10422352,stimulus_Arg_PISACowsMilk_10_page_6,515.9,273.0,1131.0
10422353,stimulus_Arg_PISACowsMilk_10_page_6,518.8,272.6,1131.0
10422354,stimulus_Arg_PISACowsMilk_10_page_6,520.6,272.6,1131.0
10422355,stimulus_Arg_PISACowsMilk_10_page_6,523.2,273.1,1131.0
10422356,stimulus_Arg_PISACowsMilk_10_page_6,525.8,273.6,1130.0
10422357,stimulus_Arg_PISACowsMilk_10_page_6,528.6,274.2,1128.0
10422358,stimulus_Arg_PISACowsMilk_10_page_6,531.0,274.3,1127.0
10422359,stimulus_Arg_PISACowsMilk_10_page_6,532.1,274.3,1127.0
10422360,stimulus_Arg_PISACowsMilk_10_page_6,532.7,274.2,1129.0
10422361,stimulus_Arg_PISACowsMilk_10_page_6,532.2,274.4,1130.0
10422362,stimulus_Arg_PISACowsMilk_10_page_6,530.6,274.9,1130.0
10422363,stimulus_Arg_PISACowsMilk_10_page_6,528.6,275.6,1129.0
10422364,stimulus_Arg_PISACowsMilk_10_page_6,526.1,276.3,1129.0
10422365,stimulus_Arg_PISACowsMilk_10_page_6,523.7,277.0,1129.0
10422366,stimulus_Arg_PISACowsMilk_10_page_6,521.3,277.6,1130.0
10422367,stimulus_Arg_PISACowsMilk_10_page_6,519.2,278.4,1131.0
10422368,stimulus_Arg_PISACowsMilk_10_page_6,517.1,279.0,1132.0
10422369,stimulus_Arg_PISACowsMilk_10_page_6,515.2,279.5,1133.0
10422370,stimulus_Arg_PISACowsMilk_10_page_6,513.5,279.7,1134.0
10422371,stimulus_Arg_PISACowsMilk_10_page_6,512.5,279.9,1135.0
10422372,stimulus_Arg_PISACowsMilk_10_page_6,511.8,280.1,1135.0
10422373,stimulus_Arg_PISACowsMilk_10_page_6,511.9,280.5,1135.0
10422374,stimulus_Arg_PISACowsMilk_10_page_6,512.8,281.0,1135.0
10422375,stimulus_Arg_PISACowsMilk_10_page_6,513.7,281.3,1135.0
10422376,stimulus_Arg_PISACowsMilk_10_page_6,514.3,281.4,1135.0
10422377,stimulus_Arg_PISACowsMilk_10_page_6,515.2,281.5,1135.0
10422378,stimulus_Arg_PISACowsMilk_10_page_6,516.0,281.5,1134.0
10422379,stimulus_Arg_PISACowsMilk_10_page_6,517.0,281.5,1134.0
10422380,stimulus_Arg_PISACowsMilk_10_page_6,517.2,281.4,1135.0
10422381,stimulus_Arg_PISACowsMilk_10_page_6,517.4,281.4,1136.0
10422382,stimulus_Arg_PISACowsMilk_10_page_6,517.6,281.4,1137.0
10422383,stimulus_Arg_PISACowsMilk_10_page_6,518.0,281.1,1136.0
10422384,stimulus_Arg_PISACowsMilk_10_page_6,518.5,280.9,1134.0
10422385,stimulus_Arg_PISACowsMilk_10_page_6,518.7,280.8,1133.0
10422386,stimulus_Arg_PISACowsMilk_10_page_6,518.9,280.6,1133.0
10422387,stimulus_Arg_PISACowsMilk_10_page_6,519.2,280.5,1133.0
10422388,stimulus_Arg_PISACowsMilk_10_page_6,519.7,280.2,1132.0
10422389,stimulus_Arg_PISACowsMilk_10_page_6,520.4,280.1,1132.0
10422390,stimulus_Arg_PISACowsMilk_10_page_6,520.9,279.9,1132.0
10422391,stimulus_Arg_PISACowsMilk_10_page_6,521.1,279.8,1132.0
10422392,stimulus_Arg_PISACowsMilk_10_page_6,521.3,279.7,1133.0
10422393,stimulus_Arg_PISACowsMilk_10_page_6,521.4,279.7,1133.0
10422394,stimulus_Arg_PISACowsMilk_10_page_6,521.5,279.7,1133.0
10422395,stimulus_Arg_PISACowsMilk_10_page_6,521.5,279.7,1133.0
10422396,stimulus_Arg_PISACowsMilk_10_page_6,521.4,279.7,1133.0
10422397,stimulus_Arg_PISACowsMilk_10_page_6,521.5,279.9,1132.0
10422398,stimulus_Arg_PISACowsMilk_10_page_6,521.5,280.1,1132.0
10422399,stimulus_Arg_PISACowsMilk_10_page_6,521.5,280.3,1132.0
10422400,stimulus_Arg_PISACowsMilk_10_page_6,521.5,280.4,1132.0
10422401,stimulus_Arg_PISACowsMilk_10_page_6,521.5,280.3,1133.0
10422402,stimulus_Arg_PISACowsMilk_10_page_6,521.5,280.3,1133.0
10422403,stimulus_Arg_PISACowsMilk_10_page_6,521.5,280.3,1133.0
10422404,stimulus_Arg_PISACowsMilk_10_page_6,521.6,280.3,1133.0
10422405,stimulus_Arg_PISACowsMilk_10_page_6,521.8,280.4,1132.0
10422406,stimulus_Arg_PISACowsMilk_10_page_6,522.2,280.4,1132.0
10422407,stimulus_Arg_PISACowsMilk_10_page_6,522.5,280.4,1131.0
10422408,stimulus_Arg_PISACowsMilk_10_page_6,522.7,280.3,1131.0
10422409,stimulus_Arg_PISACowsMilk_10_page_6,522.4,280.1,1132.0
10422410,stimulus_Arg_PISACowsMilk_10_page_6,522.1,280.1,1133.0
10422411,stimulus_Arg_PISACowsMilk_10_page_6,521.7,280.3,1134.0
10422412,stimulus_Arg_PISACowsMilk_10_page_6,521.6,280.4,1135.0
10422413,stimulus_Arg_PISACowsMilk_10_page_6,521.4,280.4,1135.0
10422414,stimulus_Arg_PISACowsMilk_10_page_6,521.4,280.3,1134.0
10422415,stimulus_Arg_PISACowsMilk_10_page_6,521.6,280.2,1134.0
10422416,stimulus_Arg_PISACowsMilk_10_page_6,521.9,280.1,1134.0
10422417,stimulus_Arg_PISACowsMilk_10_page_6,522.1,280.1,1133.0
10422418,stimulus_Arg_PISACowsMilk_10_page_6,522.2,280.2,1133.0
10422419,stimulus_Arg_PISACowsMilk_10_page_6,522.1,280.3,1133.0
10422420,stimulus_Arg_PISACowsMilk_10_page_6,522.0,280.3,1134.0
10422421,stimulus_Arg_PISACowsMilk_10_page_6,521.8,280.4,1134.0
10422422,stimulus_Arg_PISACowsMilk_10_page_6,521.8,280.2,1134.0
10422423,stimulus_Arg_PISACowsMilk_10_page_6,521.6,280.0,1133.0
10422424,stimulus_Arg_PISACowsMilk_10_page_6,521.5,279.9,1132.0
10422425,stimulus_Arg_PISACowsMilk_10_page_6,521.3,280.1,1132.0
10422426,stimulus_Arg_PISACowsMilk_10_page_6,521.3,280.3,1133.0
10422427,stimulus_Arg_PISACowsMilk_10_page_6,521.1,280.3,1133.0
10422428,stimulus_Arg_PISACowsMilk_10_page_6,520.9,280.3,1133.0
10422429,stimulus_Arg_PISACowsMilk_10_page_6,520.8,280.1,1134.0
10422430,stimulus_Arg_PISACowsMilk_10_page_6,521.1,279.9,1135.0
10422431,stimulus_Arg_PISACowsMilk_10_page_6,521.4,279.8,1135.0
10422432,stimulus_Arg_PISACowsMilk_10_page_6,521.6,280.3,1134.0
10422433,stimulus_Arg_PISACowsMilk_10_page_6,521.5,280.8,1133.0
10422434,stimulus_Arg_PISACowsMilk_10_page_6,521.4,281.1,1133.0
10422435,stimulus_Arg_PISACowsMilk_10_page_6,521.3,280.9,1134.0
10422436,stimulus_Arg_PISACowsMilk_10_page_6,521.3,280.7,1134.0
10422437,stimulus_Arg_PISACowsMilk_10_page_6,521.3,280.5,1134.0
10422438,stimulus_Arg_PISACowsMilk_10_page_6,521.3,280.3,1134.0
10422439,stimulus_Arg_PISACowsMilk_10_page_6,521.4,280.2,1135.0
10422440,stimulus_Arg_PISACowsMilk_10_page_6,521.4,280.4,1135.0
10422441,stimulus_Arg_PISACowsMilk_10_page_6,521.5,280.6,1135.0
10422442,stimulus_Arg_PISACowsMilk_10_page_6,521.7,280.6,1135.0
10422443,stimulus_Arg_PISACowsMilk_10_page_6,521.9,280.5,1135.0
10422444,stimulus_Arg_PISACowsMilk_10_page_6,522.1,280.3,1135.0
10422445,stimulus_Arg_PISACowsMilk_10_page_6,522.1,280.3,1134.0
10422446,stimulus_Arg_PISACowsMilk_10_page_6,522.1,280.3,1134.0
10422447,stimulus_Arg_PISACowsMilk_10_page_6,522.0,280.7,1134.0
10422448,stimulus_Arg_PISACowsMilk_10_page_6,522.0,281.1,1134.0
10422449,stimulus_Arg_PISACowsMilk_10_page_6,522.1,281.4,1134.0
10422450,stimulus_Arg_PISACowsMilk_10_page_6,522.3,281.4,1134.0
10422451,stimulus_Arg_PISACowsMilk_10_page_6,522.3,281.4,1134.0
10422452,stimulus_Arg_PISACowsMilk_10_page_6,522.2,281.4,1134.0
10422453,stimulus_Arg_PISACowsMilk_10_page_6,522.3,281.4,1135.0
10422454,stimulus_Arg_PISACowsMilk_10_page_6,522.4,281.5,1135.0
10422455,stimulus_Arg_PISACowsMilk_10_page_6,522.2,281.4,1135.0
10422456,stimulus_Arg_PISACowsMilk_10_page_6,522.0,281.3,1134.0
10422457,stimulus_Arg_PISACowsMilk_10_page_6,522.0,281.1,1134.0
10422458,stimulus_Arg_PISACowsMilk_10_page_6,522.2,280.9,1134.0
10422459,stimulus_Arg_PISACowsMilk_10_page_6,522.3,281.0,1134.0
10422460,stimulus_Arg_PISACowsMilk_10_page_6,522.3,281.3,1133.0
10422461,stimulus_Arg_PISACowsMilk_10_page_6,522.3,281.5,1133.0
10422462,stimulus_Arg_PISACowsMilk_10_page_6,522.3,281.6,1133.0
10422463,stimulus_Arg_PISACowsMilk_10_page_6,522.4,281.6,1133.0
10422464,stimulus_Arg_PISACowsMilk_10_page_6,522.6,281.4,1133.0
10422465,stimulus_Arg_PISACowsMilk_10_page_6,522.8,281.2,1133.0
10422466,stimulus_Arg_PISACowsMilk_10_page_6,523.1,281.3,1133.0
10422467,stimulus_Arg_PISACowsMilk_10_page_6,523.1,281.6,1133.0
10422468,stimulus_Arg_PISACowsMilk_10_page_6,523.1,281.9,1133.0
10422469,stimulus_Arg_PISACowsMilk_10_page_6,523.0,281.8,1133.0
10422470,stimulus_Arg_PISACowsMilk_10_page_6,523.0,281.4,1133.0
10422471,stimulus_Arg_PISACowsMilk_10_page_6,523.0,280.9,1132.0
10422472,stimulus_Arg_PISACowsMilk_10_page_6,522.9,280.5,1133.0
10422473,stimulus_Arg_PISACowsMilk_10_page_6,522.9,280.6,1133.0
10422474,stimulus_Arg_PISACowsMilk_10_page_6,522.8,281.0,1133.0
10422475,stimulus_Arg_PISACowsMilk_10_page_6,522.8,281.4,1132.0
10422476,stimulus_Arg_PISACowsMilk_10_page_6,522.8,281.8,1131.0
10422477,stimulus_Arg_PISACowsMilk_10_page_6,522.5,281.9,1132.0
10422478,stimulus_Arg_PISACowsMilk_10_page_6,522.1,282.0,1132.0
10422479,stimulus_Arg_PISACowsMilk_10_page_6,521.7,282.1,1133.0
10422480,stimulus_Arg_PISACowsMilk_10_page_6,521.7,282.1,1135.0
10422481,stimulus_Arg_PISACowsMilk_10_page_6,521.9,282.1,1136.0
10422482,stimulus_Arg_PISACowsMilk_10_page_6,522.1,282.0,1136.0
10422483,stimulus_Arg_PISACowsMilk_10_page_6,522.3,282.0,1135.0
10422484,stimulus_Arg_PISACowsMilk_10_page_6,522.4,281.8,1134.0
10422485,stimulus_Arg_PISACowsMilk_10_page_6,522.5,281.6,1134.0
10422486,stimulus_Arg_PISACowsMilk_10_page_6,522.7,281.4,1134.0
10422487,stimulus_Arg_PISACowsMilk_10_page_6,522.7,281.4,1135.0
10422488,stimulus_Arg_PISACowsMilk_10_page_6,522.7,281.5,1137.0
10422489,stimulus_Arg_PISACowsMilk_10_page_6,522.6,281.7,1138.0
10422490,stimulus_Arg_PISACowsMilk_10_page_6,522.6,282.0,1138.0
10422491,stimulus_Arg_PISACowsMilk_10_page_6,522.6,282.2,1137.0
10422492,stimulus_Arg_PISACowsMilk_10_page_6,522.6,282.4,1137.0
10422493,stimulus_Arg_PISACowsMilk_10_page_6,522.4,282.3,1137.0
10422494,stimulus_Arg_PISACowsMilk_10_page_6,522.3,282.3,1137.0
10422495,stimulus_Arg_PISACowsMilk_10_page_6,522.1,282.2,1137.0
10422496,stimulus_Arg_PISACowsMilk_10_page_6,522.1,282.3,1136.0
10422497,stimulus_Arg_PISACowsMilk_10_page_6,522.0,282.3,1136.0
10422498,stimulus_Arg_PISACowsMilk_10_page_6,522.0,282.1,1137.0
10422499,stimulus_Arg_PISACowsMilk_10_page_6,522.1,281.8,1137.0
10422500,stimulus_Arg_PISACowsMilk_10_page_6,522.1,281.6,1136.0
10422501,stimulus_Arg_PISACowsMilk_10_page_6,522.1,281.8,1136.0
10422502,stimulus_Arg_PISACowsMilk_10_page_6,522.0,282.0,1136.0
10422503,stimulus_Arg_PISACowsMilk_10_page_6,522.2,282.1,1136.0
10422504,stimulus_Arg_PISACowsMilk_10_page_6,522.3,282.1,1136.0
10422505,stimulus_Arg_PISACowsMilk_10_page_6,522.3,281.7,1136.0
10422506,stimulus_Arg_PISACowsMilk_10_page_6,522.2,281.4,1136.0
10422507,stimulus_Arg_PISACowsMilk_10_page_6,522.0,281.3,1136.0
10422508,stimulus_Arg_PISACowsMilk_10_page_6,522.0,281.5,1137.0
10422509,stimulus_Arg_PISACowsMilk_10_page_6,521.9,281.7,1137.0
10422510,stimulus_Arg_PISACowsMilk_10_page_6,521.8,281.7,1137.0
10422511,stimulus_Arg_PISACowsMilk_10_page_6,521.8,281.6,1137.0
10422512,stimulus_Arg_PISACowsMilk_10_page_6,521.8,281.5,1137.0
10422513,stimulus_Arg_PISACowsMilk_10_page_6,521.8,281.7,1137.0
10422514,stimulus_Arg_PISACowsMilk_10_page_6,521.8,281.9,1137.0
10422515,stimulus_Arg_PISACowsMilk_10_page_6,521.9,282.0,1137.0
10422516,stimulus_Arg_PISACowsMilk_10_page_6,521.9,281.8,1138.0
10422517,stimulus_Arg_PISACowsMilk_10_page_6,522.0,281.7,1138.0
10422518,stimulus_Arg_PISACowsMilk_10_page_6,522.2,281.6,1138.0
10422519,stimulus_Arg_PISACowsMilk_10_page_6,522.2,281.6,1138.0
10422520,stimulus_Arg_PISACowsMilk_10_page_6,521.7,281.6,1138.0
10422521,stimulus_Arg_PISACowsMilk_10_page_6,521.3,281.6,1138.0
10422522,stimulus_Arg_PISACowsMilk_10_page_6,521.2,281.6,1139.0
10422523,stimulus_Arg_PISACowsMilk_10_page_6,521.4,281.7,1139.0
10422524,stimulus_Arg_PISACowsMilk_10_page_6,521.5,281.7,1139.0
10422525,stimulus_Arg_PISACowsMilk_10_page_6,521.5,281.7,1139.0
10422526,stimulus_Arg_PISACowsMilk_10_page_6,521.5,281.9,1139.0
10422527,stimulus_Arg_PISACowsMilk_10_page_6,521.5,282.1,1138.0
10422528,stimulus_Arg_PISACowsMilk_10_page_6,521.4,282.3,1138.0
10422529,stimulus_Arg_PISACowsMilk_10_page_6,521.3,282.3,1138.0
10422530,stimulus_Arg_PISACowsMilk_10_page_6,521.5,282.3,1138.0
10422531,stimulus_Arg_PISACowsMilk_10_page_6,521.8,282.4,1138.0
10422532,stimulus_Arg_PISACowsMilk_10_page_6,522.1,282.4,1138.0
10422533,stimulus_Arg_PISACowsMilk_10_page_6,522.1,282.4,1139.0
10422534,stimulus_Arg_PISACowsMilk_10_page_6,521.8,282.4,1139.0
10422535,stimulus_Arg_PISACowsMilk_10_page_6,521.5,282.5,1139.0
10422536,stimulus_Arg_PISACowsMilk_10_page_6,521.1,282.6,1138.0
10422537,stimulus_Arg_PISACowsMilk_10_page_6,521.0,282.6,1138.0
10422538,stimulus_Arg_PISACowsMilk_10_page_6,520.8,282.5,1138.0
10422539,stimulus_Arg_PISACowsMilk_10_page_6,520.8,282.5,1138.0
10422540,stimulus_Arg_PISACowsMilk_10_page_6,520.9,282.3,1139.0
10422541,stimulus_Arg_PISACowsMilk_10_page_6,521.0,282.1,1140.0
10422542,stimulus_Arg_PISACowsMilk_10_page_6,521.6,282.1,1140.0
10422543,stimulus_Arg_PISACowsMilk_10_page_6,523.1,282.4,1139.0
10422544,stimulus_Arg_PISACowsMilk_10_page_6,526.0,282.9,1141.0
10422545,stimulus_Arg_PISACowsMilk_10_page_6,529.3,283.2,1142.0
10422546,stimulus_Arg_PISACowsMilk_10_page_6,532.9,283.4,1143.0
10422547,stimulus_Arg_PISACowsMilk_10_page_6,537.0,283.5,1142.0
10422548,stimulus_Arg_PISACowsMilk_10_page_6,542.2,284.0,1141.0
10422549,stimulus_Arg_PISACowsMilk_10_page_6,548.6,284.7,1142.0
10422550,stimulus_Arg_PISACowsMilk_10_page_6,556.5,285.3,1143.0
10422551,stimulus_Arg_PISACowsMilk_10_page_6,565.7,285.3,1143.0
10422552,stimulus_Arg_PISACowsMilk_10_page_6,576.0,285.1,1143.0
10422553,stimulus_Arg_PISACowsMilk_10_page_6,584.7,284.6,1144.0
10422554,stimulus_Arg_PISACowsMilk_10_page_6,592.8,284.2,1145.0
10422555,stimulus_Arg_PISACowsMilk_10_page_6,600.3,283.9,1146.0
10422556,stimulus_Arg_PISACowsMilk_10_page_6,607.5,283.6,1145.0
10422557,stimulus_Arg_PISACowsMilk_10_page_6,614.1,283.4,1144.0
10422558,stimulus_Arg_PISACowsMilk_10_page_6,618.6,283.2,1143.0
10422559,stimulus_Arg_PISACowsMilk_10_page_6,621.9,283.2,1143.0
10422560,stimulus_Arg_PISACowsMilk_10_page_6,623.0,283.0,1142.0
10422561,stimulus_Arg_PISACowsMilk_10_page_6,623.5,282.8,1141.0
10422562,stimulus_Arg_PISACowsMilk_10_page_6,623.3,282.4,1139.0
10422563,stimulus_Arg_PISACowsMilk_10_page_6,621.9,282.1,1137.0
10422564,stimulus_Arg_PISACowsMilk_10_page_6,619.7,281.9,1136.0
10422565,stimulus_Arg_PISACowsMilk_10_page_6,617.2,281.8,1136.0
10422566,stimulus_Arg_PISACowsMilk_10_page_6,614.9,281.8,1136.0
10422567,stimulus_Arg_PISACowsMilk_10_page_6,612.8,281.7,1136.0
10422568,stimulus_Arg_PISACowsMilk_10_page_6,610.9,281.8,1135.0
10422569,stimulus_Arg_PISACowsMilk_10_page_6,608.6,281.9,1136.0
10422570,stimulus_Arg_PISACowsMilk_10_page_6,606.8,282.0,1136.0
10422571,stimulus_Arg_PISACowsMilk_10_page_6,604.7,282.0,1137.0
10422572,stimulus_Arg_PISACowsMilk_10_page_6,603.5,281.9,1137.0
10422573,stimulus_Arg_PISACowsMilk_10_page_6,602.7,281.9,1137.0
10422574,stimulus_Arg_PISACowsMilk_10_page_6,602.7,282.0,1136.0
10422575,stimulus_Arg_PISACowsMilk_10_page_6,602.7,282.3,1136.0
10422576,stimulus_Arg_PISACowsMilk_10_page_6,603.0,282.5,1135.0
10422577,stimulus_Arg_PISACowsMilk_10_page_6,603.4,282.7,1135.0
10422578,stimulus_Arg_PISACowsMilk_10_page_6,603.9,283.0,1134.0
10422579,stimulus_Arg_PISACowsMilk_10_page_6,604.0,283.2,1135.0
10422580,stimulus_Arg_PISACowsMilk_10_page_6,604.3,283.4,1136.0
10422581,stimulus_Arg_PISACowsMilk_10_page_6,604.4,283.5,1136.0
10422582,stimulus_Arg_PISACowsMilk_10_page_6,604.6,283.6,1137.0
10422583,stimulus_Arg_PISACowsMilk_10_page_6,604.5,283.8,1137.0
10422584,stimulus_Arg_PISACowsMilk_10_page_6,604.6,283.6,1137.0
10422585,stimulus_Arg_PISACowsMilk_10_page_6,605.0,283.5,1136.0
10422586,stimulus_Arg_PISACowsMilk_10_page_6,605.6,283.4,1135.0
10422587,stimulus_Arg_PISACowsMilk_10_page_6,606.3,283.4,1135.0
10422588,stimulus_Arg_PISACowsMilk_10_page_6,606.6,283.4,1136.0
10422589,stimulus_Arg_PISACowsMilk_10_page_6,606.9,283.3,1136.0
10422590,stimulus_Arg_PISACowsMilk_10_page_6,606.9,283.5,1136.0
10422591,stimulus_Arg_PISACowsMilk_10_page_6,607.0,283.8,1136.0
10422592,stimulus_Arg_PISACowsMilk_10_page_6,607.6,284.1,1136.0
10422593,stimulus_Arg_PISACowsMilk_10_page_6,608.2,284.0,1137.0
10422594,stimulus_Arg_PISACowsMilk_10_page_6,608.5,283.9,1138.0
10422595,stimulus_Arg_PISACowsMilk_10_page_6,608.4,283.8,1140.0
10422596,stimulus_Arg_PISACowsMilk_10_page_6,608.3,283.8,1141.0
10422597,stimulus_Arg_PISACowsMilk_10_page_6,608.3,283.8,1141.0
10422598,stimulus_Arg_PISACowsMilk_10_page_6,608.2,283.8,1141.0
10422599,stimulus_Arg_PISACowsMilk_10_page_6,608.1,283.8,1141.0
10422600,stimulus_Arg_PISACowsMilk_10_page_6,607.9,283.8,1140.0
10422601,stimulus_Arg_PISACowsMilk_10_page_6,607.7,283.8,1140.0
10422602,stimulus_Arg_PISACowsMilk_10_page_6,607.5,283.8,1140.0
10422603,stimulus_Arg_PISACowsMilk_10_page_6,607.3,283.8,1140.0
10422604,stimulus_Arg_PISACowsMilk_10_page_6,607.5,284.0,1140.0
10422605,stimulus_Arg_PISACowsMilk_10_page_6,607.6,284.2,1140.0
10422606,stimulus_Arg_PISACowsMilk_10_page_6,607.7,284.5,1141.0
10422607,stimulus_Arg_PISACowsMilk_10_page_6,607.6,284.6,1141.0
10422608,stimulus_Arg_PISACowsMilk_10_page_6,607.5,284.6,1141.0
10422609,stimulus_Arg_PISACowsMilk_10_page_6,607.5,284.6,1142.0
10422610,stimulus_Arg_PISACowsMilk_10_page_6,607.3,284.5,1142.0
10422611,stimulus_Arg_PISACowsMilk_10_page_6,606.9,284.6,1142.0
10422612,stimulus_Arg_PISACowsMilk_10_page_6,606.4,284.7,1142.0
10422613,stimulus_Arg_PISACowsMilk_10_page_6,606.0,284.8,1141.0
10422614,stimulus_Arg_PISACowsMilk_10_page_6,605.8,285.0,1140.0
10422615,stimulus_Arg_PISACowsMilk_10_page_6,605.7,285.2,1139.0
10422616,stimulus_Arg_PISACowsMilk_10_page_6,605.7,285.1,1139.0
10422617,stimulus_Arg_PISACowsMilk_10_page_6,605.7,285.0,1139.0
10422618,stimulus_Arg_PISACowsMilk_10_page_6,605.7,284.8,1140.0
10422619,stimulus_Arg_PISACowsMilk_10_page_6,605.7,284.7,1141.0
10422620,stimulus_Arg_PISACowsMilk_10_page_6,605.8,284.7,1140.0
10422621,stimulus_Arg_PISACowsMilk_10_page_6,605.8,285.0,1140.0
10422622,stimulus_Arg_PISACowsMilk_10_page_6,605.8,285.2,1140.0
10422623,stimulus_Arg_PISACowsMilk_10_page_6,605.7,285.4,1140.0
10422624,stimulus_Arg_PISACowsMilk_10_page_6,605.6,285.4,1139.0
10422625,stimulus_Arg_PISACowsMilk_10_page_6,605.5,285.4,1139.0
10422626,stimulus_Arg_PISACowsMilk_10_page_6,605.3,285.6,1138.0
10422627,stimulus_Arg_PISACowsMilk_10_page_6,605.2,285.9,1138.0
10422628,stimulus_Arg_PISACowsMilk_10_page_6,605.0,286.2,1139.0
10422629,stimulus_Arg_PISACowsMilk_10_page_6,604.9,286.2,1140.0
10422630,stimulus_Arg_PISACowsMilk_10_page_6,605.0,286.1,1141.0
10422631,stimulus_Arg_PISACowsMilk_10_page_6,605.2,285.8,1141.0
10422632,stimulus_Arg_PISACowsMilk_10_page_6,605.8,285.6,1141.0
10422633,stimulus_Arg_PISACowsMilk_10_page_6,606.2,285.6,1140.0
10422634,stimulus_Arg_PISACowsMilk_10_page_6,606.5,285.7,1140.0
10422635,stimulus_Arg_PISACowsMilk_10_page_6,606.2,285.8,1139.0
10422636,stimulus_Arg_PISACowsMilk_10_page_6,605.9,285.8,1139.0
10422637,stimulus_Arg_PISACowsMilk_10_page_6,605.6,285.8,1140.0
10422638,stimulus_Arg_PISACowsMilk_10_page_6,605.5,285.8,1140.0
10422639,stimulus_Arg_PISACowsMilk_10_page_6,605.4,285.8,1141.0
10422640,stimulus_Arg_PISACowsMilk_10_page_6,605.4,285.9,1141.0
10422641,stimulus_Arg_PISACowsMilk_10_page_6,605.5,286.0,1141.0
10422642,stimulus_Arg_PISACowsMilk_10_page_6,605.6,286.2,1141.0
10422643,stimulus_Arg_PISACowsMilk_10_page_6,605.6,286.4,1142.0
10422644,stimulus_Arg_PISACowsMilk_10_page_6,605.7,286.4,1142.0
10422645,stimulus_Arg_PISACowsMilk_10_page_6,605.8,286.1,1142.0
10422646,stimulus_Arg_PISACowsMilk_10_page_6,605.9,286.1,1143.0
10422647,stimulus_Arg_PISACowsMilk_10_page_6,605.9,286.3,1143.0
10422648,stimulus_Arg_PISACowsMilk_10_page_6,605.9,286.5,1143.0
10422649,stimulus_Arg_PISACowsMilk_10_page_6,605.8,286.4,1143.0
10422650,stimulus_Arg_PISACowsMilk_10_page_6,605.8,286.1,1143.0
10422651,stimulus_Arg_PISACowsMilk_10_page_6,605.9,285.9,1142.0
10422652,stimulus_Arg_PISACowsMilk_10_page_6,606.0,285.6,1142.0
10422653,stimulus_Arg_PISACowsMilk_10_page_6,606.1,285.4,1143.0
10422654,stimulus_Arg_PISACowsMilk_10_page_6,606.1,285.3,1142.0
10422655,stimulus_Arg_PISACowsMilk_10_page_6,606.3,285.3,1142.0
10422656,stimulus_Arg_PISACowsMilk_10_page_6,606.5,285.4,1141.0
10422657,stimulus_Arg_PISACowsMilk_10_page_6,606.8,285.2,1141.0
10422658,stimulus_Arg_PISACowsMilk_10_page_6,607.0,285.0,1142.0
10422659,stimulus_Arg_PISACowsMilk_10_page_6,606.6,285.0,1143.0
10422660,stimulus_Arg_PISACowsMilk_10_page_6,606.3,285.3,1145.0
10422661,stimulus_Arg_PISACowsMilk_10_page_6,606.1,285.5,1145.0
10422662,stimulus_Arg_PISACowsMilk_10_page_6,606.3,285.5,1145.0
10422663,stimulus_Arg_PISACowsMilk_10_page_6,606.6,285.5,1145.0
10422664,stimulus_Arg_PISACowsMilk_10_page_6,606.7,285.4,1144.0
10422665,stimulus_Arg_PISACowsMilk_10_page_6,606.6,285.7,1144.0
10422666,stimulus_Arg_PISACowsMilk_10_page_6,606.4,286.0,1143.0
10422667,stimulus_Arg_PISACowsMilk_10_page_6,606.1,286.3,1143.0
10422668,stimulus_Arg_PISACowsMilk_10_page_6,606.1,286.3,1143.0
10422669,stimulus_Arg_PISACowsMilk_10_page_6,606.0,286.2,1143.0
10422670,stimulus_Arg_PISACowsMilk_10_page_6,606.0,286.2,1143.0
10422671,stimulus_Arg_PISACowsMilk_10_page_6,606.0,286.0,1143.0
10422672,stimulus_Arg_PISACowsMilk_10_page_6,605.9,285.9,1143.0
10422673,stimulus_Arg_PISACowsMilk_10_page_6,605.9,285.4,1143.0
10422674,stimulus_Arg_PISACowsMilk_10_page_6,606.0,285.2,1143.0
10422675,stimulus_Arg_PISACowsMilk_10_page_6,606.1,285.2,1142.0
10422676,stimulus_Arg_PISACowsMilk_10_page_6,606.3,285.5,1142.0
10422677,stimulus_Arg_PISACowsMilk_10_page_6,606.4,285.8,1144.0
10422678,stimulus_Arg_PISACowsMilk_10_page_6,606.5,285.8,1146.0
10422679,stimulus_Arg_PISACowsMilk_10_page_6,606.5,285.8,1147.0
10422680,stimulus_Arg_PISACowsMilk_10_page_6,606.3,285.9,1147.0
10422681,stimulus_Arg_PISACowsMilk_10_page_6,606.1,285.9,1146.0
10422682,stimulus_Arg_PISACowsMilk_10_page_6,605.9,286.0,1146.0
10422683,stimulus_Arg_PISACowsMilk_10_page_6,605.9,286.0,1147.0
10422684,stimulus_Arg_PISACowsMilk_10_page_6,606.0,286.0,1147.0
10422685,stimulus_Arg_PISACowsMilk_10_page_6,606.3,286.0,1147.0
10422686,stimulus_Arg_PISACowsMilk_10_page_6,606.4,286.1,1147.0
10422687,stimulus_Arg_PISACowsMilk_10_page_6,606.4,286.2,1147.0
10422688,stimulus_Arg_PISACowsMilk_10_page_6,606.5,286.2,1147.0
10422689,stimulus_Arg_PISACowsMilk_10_page_6,606.5,286.1,1147.0
10422690,stimulus_Arg_PISACowsMilk_10_page_6,606.5,286.0,1148.0
10422691,stimulus_Arg_PISACowsMilk_10_page_6,606.5,286.0,1149.0
10422692,stimulus_Arg_PISACowsMilk_10_page_6,606.4,286.2,1149.0
10422693,stimulus_Arg_PISACowsMilk_10_page_6,606.4,286.3,1149.0
10422694,stimulus_Arg_PISACowsMilk_10_page_6,606.5,286.5,1149.0
10422695,stimulus_Arg_PISACowsMilk_10_page_6,606.5,286.4,1149.0
10422696,stimulus_Arg_PISACowsMilk_10_page_6,606.5,286.3,1149.0
10422697,stimulus_Arg_PISACowsMilk_10_page_6,606.5,286.4,1149.0
10422698,stimulus_Arg_PISACowsMilk_10_page_6,606.4,286.6,1149.0
10422699,stimulus_Arg_PISACowsMilk_10_page_6,606.3,286.9,1149.0
10422700,stimulus_Arg_PISACowsMilk_10_page_6,606.4,286.4,1149.0
10422701,stimulus_Arg_PISACowsMilk_10_page_6,606.6,286.0,1149.0
10422702,stimulus_Arg_PISACowsMilk_10_page_6,606.7,285.9,1150.0
10422703,stimulus_Arg_PISACowsMilk_10_page_6,606.7,286.2,1150.0
10422704,stimulus_Arg_PISACowsMilk_10_page_6,606.7,286.6,1151.0
10422705,stimulus_Arg_PISACowsMilk_10_page_6,606.7,286.7,1151.0
10422706,stimulus_Arg_PISACowsMilk_10_page_6,606.7,286.8,1151.0
10422707,stimulus_Arg_PISACowsMilk_10_page_6,606.8,286.9,1151.0
10422708,stimulus_Arg_PISACowsMilk_10_page_6,606.8,286.9,1152.0
10422709,stimulus_Arg_PISACowsMilk_10_page_6,606.8,286.9,1153.0
10422710,stimulus_Arg_PISACowsMilk_10_page_6,607.0,286.9,1153.0
10422711,stimulus_Arg_PISACowsMilk_10_page_6,607.2,286.9,1153.0
10422712,stimulus_Arg_PISACowsMilk_10_page_6,607.5,287.0,1153.0
10422713,stimulus_Arg_PISACowsMilk_10_page_6,607.5,287.0,1152.0
10422714,stimulus_Arg_PISACowsMilk_10_page_6,607.3,286.9,1153.0
10422715,stimulus_Arg_PISACowsMilk_10_page_6,607.1,286.9,1153.0
10422716,stimulus_Arg_PISACowsMilk_10_page_6,607.1,286.9,1153.0
10422717,stimulus_Arg_PISACowsMilk_10_page_6,607.4,287.0,1154.0
10422718,stimulus_Arg_PISACowsMilk_10_page_6,607.7,287.0,1154.0
10422719,stimulus_Arg_PISACowsMilk_10_page_6,607.8,286.7,1154.0
10422720,stimulus_Arg_PISACowsMilk_10_page_6,607.9,286.4,1154.0
10422721,stimulus_Arg_PISACowsMilk_10_page_6,607.9,286.1,1154.0
10422722,stimulus_Arg_PISACowsMilk_10_page_6,607.5,286.0,1153.0
10422723,stimulus_Arg_PISACowsMilk_10_page_6,607.2,286.1,1153.0
10422724,stimulus_Arg_PISACowsMilk_10_page_6,607.0,286.1,1153.0
10422725,stimulus_Arg_PISACowsMilk_10_page_6,607.0,286.4,1153.0
10422726,stimulus_Arg_PISACowsMilk_10_page_6,607.1,286.6,1153.0
10422727,stimulus_Arg_PISACowsMilk_10_page_6,607.2,287.1,1154.0
10422728,stimulus_Arg_PISACowsMilk_10_page_6,607.2,287.4,1154.0
10422729,stimulus_Arg_PISACowsMilk_10_page_6,607.3,287.3,1155.0
10422730,stimulus_Arg_PISACowsMilk_10_page_6,607.2,287.0,1155.0
10422731,stimulus_Arg_PISACowsMilk_10_page_6,607.1,286.8,1154.0
10422732,stimulus_Arg_PISACowsMilk_10_page_6,607.0,287.0,1154.0
10422733,stimulus_Arg_PISACowsMilk_10_page_6,607.0,287.0,1154.0
10422734,stimulus_Arg_PISACowsMilk_10_page_6,607.0,286.8,1153.0
10422735,stimulus_Arg_PISACowsMilk_10_page_6,607.0,286.7,1153.0
10422736,stimulus_Arg_PISACowsMilk_10_page_6,606.9,286.7,1153.0
10422737,stimulus_Arg_PISACowsMilk_10_page_6,606.8,286.7,1153.0
10422738,stimulus_Arg_PISACowsMilk_10_page_6,606.7,286.8,1154.0
10422739,stimulus_Arg_PISACowsMilk_10_page_6,606.6,286.7,1154.0
10422740,stimulus_Arg_PISACowsMilk_10_page_6,606.5,286.8,1155.0
10422741,stimulus_Arg_PISACowsMilk_10_page_6,606.4,286.9,1156.0
10422742,stimulus_Arg_PISACowsMilk_10_page_6,606.4,287.0,1156.0
10422743,stimulus_Arg_PISACowsMilk_10_page_6,606.4,287.1,1156.0
10422744,stimulus_Arg_PISACowsMilk_10_page_6,606.4,287.2,1156.0
10422745,stimulus_Arg_PISACowsMilk_10_page_6,606.4,287.2,1156.0
10422746,stimulus_Arg_PISACowsMilk_10_page_6,606.4,287.3,1156.0
10422747,stimulus_Arg_PISACowsMilk_10_page_6,606.6,287.2,1155.0
10422748,stimulus_Arg_PISACowsMilk_10_page_6,606.7,287.1,1155.0
10422749,stimulus_Arg_PISACowsMilk_10_page_6,606.7,287.0,1155.0
10422750,stimulus_Arg_PISACowsMilk_10_page_6,606.2,286.9,1155.0
10422751,stimulus_Arg_PISACowsMilk_10_page_6,605.8,286.8,1156.0
10422752,stimulus_Arg_PISACowsMilk_10_page_6,605.3,286.6,1156.0
10422753,stimulus_Arg_PISACowsMilk_10_page_6,605.2,286.8,1157.0
10422754,stimulus_Arg_PISACowsMilk_10_page_6,604.9,287.0,1157.0
10422755,stimulus_Arg_PISACowsMilk_10_page_6,604.9,287.1,1158.0
10422756,stimulus_Arg_PISACowsMilk_10_page_6,605.1,286.9,1158.0
10422757,stimulus_Arg_PISACowsMilk_10_page_6,605.3,286.9,1159.0
10422758,stimulus_Arg_PISACowsMilk_10_page_6,605.5,287.1,1159.0
10422759,stimulus_Arg_PISACowsMilk_10_page_6,605.5,287.4,1159.0
10422760,stimulus_Arg_PISACowsMilk_10_page_6,605.5,287.4,1158.0
10422761,stimulus_Arg_PISACowsMilk_10_page_6,605.5,287.5,1158.0
10422762,stimulus_Arg_PISACowsMilk_10_page_6,605.4,287.3,1158.0
10422763,stimulus_Arg_PISACowsMilk_10_page_6,605.4,287.1,1158.0
10422764,stimulus_Arg_PISACowsMilk_10_page_6,605.4,286.9,1158.0
10422765,stimulus_Arg_PISACowsMilk_10_page_6,605.4,286.8,1158.0
10422766,stimulus_Arg_PISACowsMilk_10_page_6,605.4,286.8,1158.0
10422767,stimulus_Arg_PISACowsMilk_10_page_6,605.5,286.7,1158.0
10422768,stimulus_Arg_PISACowsMilk_10_page_6,605.6,286.6,1158.0
10422769,stimulus_Arg_PISACowsMilk_10_page_6,605.8,286.5,1159.0
10422770,stimulus_Arg_PISACowsMilk_10_page_6,605.9,286.4,1159.0
10422771,stimulus_Arg_PISACowsMilk_10_page_6,606.0,286.2,1160.0
10422772,stimulus_Arg_PISACowsMilk_10_page_6,606.0,286.0,1161.0
10422773,stimulus_Arg_PISACowsMilk_10_page_6,606.0,286.3,1161.0
10422774,stimulus_Arg_PISACowsMilk_10_page_6,605.9,286.6,1161.0
10422775,stimulus_Arg_PISACowsMilk_10_page_6,605.9,287.0,1161.0
10422776,stimulus_Arg_PISACowsMilk_10_page_6,605.9,287.0,1161.0
10422777,stimulus_Arg_PISACowsMilk_10_page_6,605.9,287.1,1161.0
10422778,stimulus_Arg_PISACowsMilk_10_page_6,605.8,287.1,1160.0
10422779,stimulus_Arg_PISACowsMilk_10_page_6,605.7,287.0,1161.0
10422780,stimulus_Arg_PISACowsMilk_10_page_6,605.7,286.8,1161.0
10422781,stimulus_Arg_PISACowsMilk_10_page_6,605.7,286.6,1162.0
10422782,stimulus_Arg_PISACowsMilk_10_page_6,605.7,286.7,1162.0
10422783,stimulus_Arg_PISACowsMilk_10_page_6,605.8,286.8,1162.0
10422784,stimulus_Arg_PISACowsMilk_10_page_6,605.9,286.9,1161.0
10422785,stimulus_Arg_PISACowsMilk_10_page_6,605.9,286.9,1161.0
10422786,stimulus_Arg_PISACowsMilk_10_page_6,605.9,287.0,1160.0
10422787,stimulus_Arg_PISACowsMilk_10_page_6,605.8,287.0,1160.0
10422788,stimulus_Arg_PISACowsMilk_10_page_6,605.8,287.0,1161.0
10422789,stimulus_Arg_PISACowsMilk_10_page_6,605.7,286.9,1161.0
10422790,stimulus_Arg_PISACowsMilk_10_page_6,605.8,286.9,1162.0
10422791,stimulus_Arg_PISACowsMilk_10_page_6,605.9,287.0,1162.0
10422792,stimulus_Arg_PISACowsMilk_10_page_6,605.9,287.2,1162.0
10422793,stimulus_Arg_PISACowsMilk_10_page_6,605.8,287.3,1161.0
10422794,stimulus_Arg_PISACowsMilk_10_page_6,605.7,287.3,1160.0
10422795,stimulus_Arg_PISACowsMilk_10_page_6,605.5,287.3,1159.0
10422796,stimulus_Arg_PISACowsMilk_10_page_6,605.7,287.1,1160.0
10422797,stimulus_Arg_PISACowsMilk_10_page_6,605.9,286.9,1160.0
10422798,stimulus_Arg_PISACowsMilk_10_page_6,605.8,286.6,1161.0
10422799,stimulus_Arg_PISACowsMilk_10_page_6,605.6,286.4,1161.0
10422800,stimulus_Arg_PISACowsMilk_10_page_6,605.4,286.2,1162.0
10422801,stimulus_Arg_PISACowsMilk_10_page_6,605.6,286.0,1162.0
10422802,stimulus_Arg_PISACowsMilk_10_page_6,605.7,285.9,1162.0
10422803,stimulus_Arg_PISACowsMilk_10_page_6,605.8,285.8,1162.0
10422804,stimulus_Arg_PISACowsMilk_10_page_6,605.8,285.8,1160.0
10422805,stimulus_Arg_PISACowsMilk_10_page_6,606.1,286.1,1160.0
10422806,stimulus_Arg_PISACowsMilk_10_page_6,606.3,286.4,1160.0
10422807,stimulus_Arg_PISACowsMilk_10_page_6,606.5,286.7,1160.0
10422808,stimulus_Arg_PISACowsMilk_10_page_6,606.5,286.8,1160.0
10422809,stimulus_Arg_PISACowsMilk_10_page_6,606.4,287.0,1160.0
10422810,stimulus_Arg_PISACowsMilk_10_page_6,606.3,287.1,1160.0
10422811,stimulus_Arg_PISACowsMilk_10_page_6,606.2,286.9,1160.0
10422812,stimulus_Arg_PISACowsMilk_10_page_6,606.0,286.7,1159.0
10422813,stimulus_Arg_PISACowsMilk_10_page_6,605.7,286.6,1159.0
10422814,stimulus_Arg_PISACowsMilk_10_page_6,605.5,286.5,1158.0
10422815,stimulus_Arg_PISACowsMilk_10_page_6,605.3,286.5,1158.0
10422816,stimulus_Arg_PISACowsMilk_10_page_6,605.4,286.5,1158.0
10422817,stimulus_Arg_PISACowsMilk_10_page_6,605.7,286.5,1159.0
10422818,stimulus_Arg_PISACowsMilk_10_page_6,606.1,286.5,1159.0
10422819,stimulus_Arg_PISACowsMilk_10_page_6,606.3,286.5,1159.0
10422820,stimulus_Arg_PISACowsMilk_10_page_6,606.7,286.5,1160.0
10422821,stimulus_Arg_PISACowsMilk_10_page_6,606.9,286.4,1160.0
10422822,stimulus_Arg_PISACowsMilk_10_page_6,607.1,286.4,1160.0
10422823,stimulus_Arg_PISACowsMilk_10_page_6,607.1,286.4,1160.0
10422824,stimulus_Arg_PISACowsMilk_10_page_6,607.0,286.4,1159.0
10422825,stimulus_Arg_PISACowsMilk_10_page_6,606.7,286.5,1159.0
10422826,stimulus_Arg_PISACowsMilk_10_page_6,606.4,286.4,1158.0
10422827,stimulus_Arg_PISACowsMilk_10_page_6,606.2,286.1,1159.0
10422828,stimulus_Arg_PISACowsMilk_10_page_6,606.4,285.9,1160.0
10422829,stimulus_Arg_PISACowsMilk_10_page_6,606.5,285.7,1160.0
10422830,stimulus_Arg_PISACowsMilk_10_page_6,606.4,285.8,1161.0
10422831,stimulus_Arg_PISACowsMilk_10_page_6,606.3,285.9,1161.0
10422832,stimulus_Arg_PISACowsMilk_10_page_6,606.3,285.9,1160.0
10422833,stimulus_Arg_PISACowsMilk_10_page_6,606.2,285.9,1160.0
10422834,stimulus_Arg_PISACowsMilk_10_page_6,606.2,285.9,1159.0
10422835,stimulus_Arg_PISACowsMilk_10_page_6,606.1,286.0,1159.0
10422836,stimulus_Arg_PISACowsMilk_10_page_6,606.2,286.1,1160.0
10422837,stimulus_Arg_PISACowsMilk_10_page_6,606.3,286.2,1160.0
10422838,stimulus_Arg_PISACowsMilk_10_page_6,606.1,286.2,1161.0
10422839,stimulus_Arg_PISACowsMilk_10_page_6,605.8,286.2,1161.0
10422840,stimulus_Arg_PISACowsMilk_10_page_6,605.8,286.2,1161.0
10422841,stimulus_Arg_PISACowsMilk_10_page_6,606.2,285.8,1161.0
10422842,stimulus_Arg_PISACowsMilk_10_page_6,606.4,285.5,1161.0
10422843,stimulus_Arg_PISACowsMilk_10_page_6,606.2,285.4,1161.0
10422844,stimulus_Arg_PISACowsMilk_10_page_6,606.0,285.6,1160.0
10422845,stimulus_Arg_PISACowsMilk_10_page_6,606.1,285.8,1160.0
10422846,stimulus_Arg_PISACowsMilk_10_page_6,606.5,285.9,1159.0
10422847,stimulus_Arg_PISACowsMilk_10_page_6,606.9,285.8,1159.0
10422848,stimulus_Arg_PISACowsMilk_10_page_6,606.9,285.8,1159.0
10422849,stimulus_Arg_PISACowsMilk_10_page_6,606.7,285.8,1159.0
10422850,stimulus_Arg_PISACowsMilk_10_page_6,606.4,285.9,1160.0
10422851,stimulus_Arg_PISACowsMilk_10_page_6,606.4,285.9,1161.0
10422852,stimulus_Arg_PISACowsMilk_10_page_6,606.4,285.9,1161.0
10422853,stimulus_Arg_PISACowsMilk_10_page_6,606.4,285.8,1161.0
10422854,stimulus_Arg_PISACowsMilk_10_page_6,606.5,285.7,1160.0
10422855,stimulus_Arg_PISACowsMilk_10_page_6,606.5,285.8,1160.0
10422856,stimulus_Arg_PISACowsMilk_10_page_6,606.5,285.9,1159.0
10422857,stimulus_Arg_PISACowsMilk_10_page_6,606.4,286.0,1158.0
10422858,stimulus_Arg_PISACowsMilk_10_page_6,606.4,285.9,1158.0
10422859,stimulus_Arg_PISACowsMilk_10_page_6,606.4,285.9,1158.0
10422860,stimulus_Arg_PISACowsMilk_10_page_6,606.5,285.8,1159.0
10422861,stimulus_Arg_PISACowsMilk_10_page_6,606.6,285.9,1159.0
10422862,stimulus_Arg_PISACowsMilk_10_page_6,606.7,285.9,1159.0
10422863,stimulus_Arg_PISACowsMilk_10_page_6,606.8,285.8,1159.0
10422864,stimulus_Arg_PISACowsMilk_10_page_6,606.8,285.7,1158.0
10422865,stimulus_Arg_PISACowsMilk_10_page_6,606.8,285.7,1157.0
10422866,stimulus_Arg_PISACowsMilk_10_page_6,606.9,285.9,1157.0
10422867,stimulus_Arg_PISACowsMilk_10_page_6,607.1,286.1,1157.0
10422868,stimulus_Arg_PISACowsMilk_10_page_6,607.2,286.5,1157.0
10422869,stimulus_Arg_PISACowsMilk_10_page_6,607.0,286.6,1157.0
10422870,stimulus_Arg_PISACowsMilk_10_page_6,606.8,286.6,1157.0
10422871,stimulus_Arg_PISACowsMilk_10_page_6,606.8,286.5,1157.0
10422872,stimulus_Arg_PISACowsMilk_10_page_6,606.7,286.6,1157.0
10422873,stimulus_Arg_PISACowsMilk_10_page_6,606.7,286.8,1157.0
10422874,stimulus_Arg_PISACowsMilk_10_page_6,606.7,287.1,1158.0
10422875,stimulus_Arg_PISACowsMilk_10_page_6,606.8,287.2,1158.0
10422876,stimulus_Arg_PISACowsMilk_10_page_6,606.8,287.3,1157.0
10422877,stimulus_Arg_PISACowsMilk_10_page_6,606.8,287.3,1156.0
10422878,stimulus_Arg_PISACowsMilk_10_page_6,606.9,287.3,1155.0
10422879,stimulus_Arg_PISACowsMilk_10_page_6,607.0,287.4,1155.0
10422880,stimulus_Arg_PISACowsMilk_10_page_6,607.1,287.7,1155.0
10422881,stimulus_Arg_PISACowsMilk_10_page_6,607.1,288.1,1155.0
10422882,stimulus_Arg_PISACowsMilk_10_page_6,606.9,288.1,1155.0
10422883,stimulus_Arg_PISACowsMilk_10_page_6,606.8,288.1,1155.0
10422884,stimulus_Arg_PISACowsMilk_10_page_6,606.9,288.0,1155.0
10422885,stimulus_Arg_PISACowsMilk_10_page_6,607.2,287.9,1155.0
10422886,stimulus_Arg_PISACowsMilk_10_page_6,607.4,287.8,1155.0
10422887,stimulus_Arg_PISACowsMilk_10_page_6,607.3,287.8,1155.0
10422888,stimulus_Arg_PISACowsMilk_10_page_6,607.1,287.8,1155.0
10422889,stimulus_Arg_PISACowsMilk_10_page_6,606.9,287.8,1154.0
10422890,stimulus_Arg_PISACowsMilk_10_page_6,606.9,287.7,1154.0
10422891,stimulus_Arg_PISACowsMilk_10_page_6,607.0,287.7,1153.0
10422892,stimulus_Arg_PISACowsMilk_10_page_6,607.1,287.8,1153.0
10422893,stimulus_Arg_PISACowsMilk_10_page_6,607.1,288.1,1152.0
10422894,stimulus_Arg_PISACowsMilk_10_page_6,607.1,288.5,1152.0
10422895,stimulus_Arg_PISACowsMilk_10_page_6,607.0,288.8,1152.0
10422896,stimulus_Arg_PISACowsMilk_10_page_6,606.9,288.7,1152.0
10422897,stimulus_Arg_PISACowsMilk_10_page_6,606.9,288.5,1153.0
10422898,stimulus_Arg_PISACowsMilk_10_page_6,607.0,288.3,1153.0
10422899,stimulus_Arg_PISACowsMilk_10_page_6,607.1,287.9,1153.0
10422900,stimulus_Arg_PISACowsMilk_10_page_6,607.2,287.5,1153.0
10422901,stimulus_Arg_PISACowsMilk_10_page_6,607.2,287.7,1153.0
10422902,stimulus_Arg_PISACowsMilk_10_page_6,607.3,288.3,1153.0
10422903,stimulus_Arg_PISACowsMilk_10_page_6,607.4,288.6,1153.0
10422904,stimulus_Arg_PISACowsMilk_10_page_6,607.5,288.3,1153.0
10422905,stimulus_Arg_PISACowsMilk_10_page_6,607.5,288.0,1153.0
10422906,stimulus_Arg_PISACowsMilk_10_page_6,607.4,287.9,1153.0
10422907,stimulus_Arg_PISACowsMilk_10_page_6,607.3,287.9,1153.0
10422908,stimulus_Arg_PISACowsMilk_10_page_6,607.1,287.8,1153.0
10422909,stimulus_Arg_PISACowsMilk_10_page_6,607.0,287.7,1153.0
10422910,stimulus_Arg_PISACowsMilk_10_page_6,607.0,287.7,1153.0
10422911,stimulus_Arg_PISACowsMilk_10_page_6,607.3,287.7,1154.0
10422912,stimulus_Arg_PISACowsMilk_10_page_6,607.8,287.5,1154.0
10422913,stimulus_Arg_PISACowsMilk_10_page_6,608.1,287.3,1154.0
10422914,stimulus_Arg_PISACowsMilk_10_page_6,608.1,287.0,1154.0
10422915,stimulus_Arg_PISACowsMilk_10_page_6,607.7,286.9,1154.0
10422916,stimulus_Arg_PISACowsMilk_10_page_6,607.4,286.9,1154.0
10422917,stimulus_Arg_PISACowsMilk_10_page_6,607.3,287.1,1152.0
10422918,stimulus_Arg_PISACowsMilk_10_page_6,607.3,287.4,1151.0
10422919,stimulus_Arg_PISACowsMilk_10_page_6,607.3,287.7,1150.0
10422920,stimulus_Arg_PISACowsMilk_10_page_6,607.4,287.9,1151.0
10422921,stimulus_Arg_PISACowsMilk_10_page_6,607.4,287.7,1151.0
10422922,stimulus_Arg_PISACowsMilk_10_page_6,607.3,287.5,1151.0
10422923,stimulus_Arg_PISACowsMilk_10_page_6,607.1,287.4,1151.0
10422924,stimulus_Arg_PISACowsMilk_10_page_6,607.2,287.4,1151.0
10422925,stimulus_Arg_PISACowsMilk_10_page_6,607.4,287.3,1151.0
10422926,stimulus_Arg_PISACowsMilk_10_page_6,607.6,287.1,1151.0
10422927,stimulus_Arg_PISACowsMilk_10_page_6,607.8,287.0,1150.0
10422928,stimulus_Arg_PISACowsMilk_10_page_6,607.9,287.0,1150.0
10422929,stimulus_Arg_PISACowsMilk_10_page_6,607.9,287.2,1149.0
10422930,stimulus_Arg_PISACowsMilk_10_page_6,607.8,287.0,1149.0
10422931,stimulus_Arg_PISACowsMilk_10_page_6,607.6,286.8,1150.0
10422932,stimulus_Arg_PISACowsMilk_10_page_6,607.6,286.6,1150.0
10422933,stimulus_Arg_PISACowsMilk_10_page_6,607.4,286.6,1151.0
10422934,stimulus_Arg_PISACowsMilk_10_page_6,607.2,286.6,1151.0
10422935,stimulus_Arg_PISACowsMilk_10_page_6,607.0,286.6,1150.0
10422936,stimulus_Arg_PISACowsMilk_10_page_6,607.1,286.6,1149.0
10422937,stimulus_Arg_PISACowsMilk_10_page_6,607.1,286.6,1149.0
10422938,stimulus_Arg_PISACowsMilk_10_page_6,607.0,286.7,1149.0
10422939,stimulus_Arg_PISACowsMilk_10_page_6,607.5,286.7,1150.0
10422940,stimulus_Arg_PISACowsMilk_10_page_6,607.9,286.7,1151.0
10422941,stimulus_Arg_PISACowsMilk_10_page_6,608.0,286.7,1151.0
10422942,stimulus_Arg_PISACowsMilk_10_page_6,607.6,286.9,1151.0
10422943,stimulus_Arg_PISACowsMilk_10_page_6,607.7,287.1,1150.0
10422944,stimulus_Arg_PISACowsMilk_10_page_6,608.0,287.3,1150.0
10422945,stimulus_Arg_PISACowsMilk_10_page_6,608.3,287.2,1149.0
10422946,stimulus_Arg_PISACowsMilk_10_page_6,608.2,287.0,1150.0
10422947,stimulus_Arg_PISACowsMilk_10_page_6,607.9,286.8,1150.0
10422948,stimulus_Arg_PISACowsMilk_10_page_6,607.7,286.9,1150.0
10422949,stimulus_Arg_PISACowsMilk_10_page_6,607.6,287.0,1150.0
10422950,stimulus_Arg_PISACowsMilk_10_page_6,607.7,287.2,1150.0
10422951,stimulus_Arg_PISACowsMilk_10_page_6,607.7,287.4,1150.0
10422952,stimulus_Arg_PISACowsMilk_10_page_6,607.6,287.6,1150.0
10422953,stimulus_Arg_PISACowsMilk_10_page_6,607.4,287.5,1150.0
10422954,stimulus_Arg_PISACowsMilk_10_page_6,607.3,287.3,1150.0
10422955,stimulus_Arg_PISACowsMilk_10_page_6,607.7,287.4,1149.0
10422956,stimulus_Arg_PISACowsMilk_10_page_6,608.0,287.5,1149.0
10422957,stimulus_Arg_PISACowsMilk_10_page_6,608.3,287.6,1148.0
10422958,stimulus_Arg_PISACowsMilk_10_page_6,608.3,287.6,1148.0
10422959,stimulus_Arg_PISACowsMilk_10_page_6,608.2,287.7,1147.0
10422960,stimulus_Arg_PISACowsMilk_10_page_6,608.1,287.4,1148.0
10422961,stimulus_Arg_PISACowsMilk_10_page_6,608.1,287.2,1148.0
10422962,stimulus_Arg_PISACowsMilk_10_page_6,608.1,287.0,1149.0
10422963,stimulus_Arg_PISACowsMilk_10_page_6,608.1,287.4,1149.0
10422964,stimulus_Arg_PISACowsMilk_10_page_6,608.6,287.7,1148.0
10422965,stimulus_Arg_PISACowsMilk_10_page_6,609.0,287.9,1148.0
10422966,stimulus_Arg_PISACowsMilk_10_page_6,609.4,287.9,1147.0
10422967,stimulus_Arg_PISACowsMilk_10_page_6,609.4,287.8,1147.0
10422968,stimulus_Arg_PISACowsMilk_10_page_6,609.0,287.8,1147.0
10422969,stimulus_Arg_PISACowsMilk_10_page_6,608.6,287.8,1147.0
10422970,stimulus_Arg_PISACowsMilk_10_page_6,607.1,287.8,1146.0
10422971,stimulus_Arg_PISACowsMilk_10_page_6,605.8,287.8,1146.0
10422972,stimulus_Arg_PISACowsMilk_10_page_6,602.7,287.8,1146.0
10422973,stimulus_Arg_PISACowsMilk_10_page_6,598.6,287.8,1146.0
10422974,stimulus_Arg_PISACowsMilk_10_page_6,593.3,287.8,1146.0
10422975,stimulus_Arg_PISACowsMilk_10_page_6,588.3,287.8,1146.0
10422976,stimulus_Arg_PISACowsMilk_10_page_6,583.1,287.8,1145.0
10422977,stimulus_Arg_PISACowsMilk_10_page_6,577.9,287.8,1145.0
10422978,stimulus_Arg_PISACowsMilk_10_page_6,572.5,287.8,1145.0
10422979,stimulus_Arg_PISACowsMilk_10_page_6,568.3,287.8,1147.0
10422980,stimulus_Arg_PISACowsMilk_10_page_6,564.4,287.6,1150.0
10422981,stimulus_Arg_PISACowsMilk_10_page_6,561.4,287.5,1152.0
10422982,stimulus_Arg_PISACowsMilk_10_page_6,559.4,287.4,1152.0
10422983,stimulus_Arg_PISACowsMilk_10_page_6,558.5,287.4,1152.0
10422984,stimulus_Arg_PISACowsMilk_10_page_6,559.0,287.3,1152.0
10422985,stimulus_Arg_PISACowsMilk_10_page_6,559.8,287.2,1151.0
10422986,stimulus_Arg_PISACowsMilk_10_page_6,561.2,287.1,1149.0
10422987,stimulus_Arg_PISACowsMilk_10_page_6,563.0,287.0,1148.0
10422988,stimulus_Arg_PISACowsMilk_10_page_6,565.2,286.3,1147.0
10422989,stimulus_Arg_PISACowsMilk_10_page_6,566.8,285.5,1148.0
10422990,stimulus_Arg_PISACowsMilk_10_page_6,568.2,284.7,1148.0
10422991,stimulus_Arg_PISACowsMilk_10_page_6,569.4,284.5,1148.0
10422992,stimulus_Arg_PISACowsMilk_10_page_6,570.9,284.6,1148.0
10422993,stimulus_Arg_PISACowsMilk_10_page_6,572.1,284.6,1147.0
10422994,stimulus_Arg_PISACowsMilk_10_page_6,572.8,284.6,1147.0
10422995,stimulus_Arg_PISACowsMilk_10_page_6,573.1,284.8,1147.0
10422996,stimulus_Arg_PISACowsMilk_10_page_6,573.2,285.4,1147.0
10422997,stimulus_Arg_PISACowsMilk_10_page_6,573.1,286.0,1146.0
10422998,stimulus_Arg_PISACowsMilk_10_page_6,572.9,286.4,1146.0
10422999,stimulus_Arg_PISACowsMilk_10_page_6,572.5,286.5,1145.0
10423000,stimulus_Arg_PISACowsMilk_10_page_6,572.3,286.8,1145.0
10423001,stimulus_Arg_PISACowsMilk_10_page_6,572.1,287.1,1144.0
10423002,stimulus_Arg_PISACowsMilk_10_page_6,572.1,287.4,1143.0
10423003,stimulus_Arg_PISACowsMilk_10_page_6,572.2,287.5,1144.0
10423004,stimulus_Arg_PISACowsMilk_10_page_6,572.2,287.5,1144.0
10423005,stimulus_Arg_PISACowsMilk_10_page_6,572.3,287.8,1144.0
10423006,stimulus_Arg_PISACowsMilk_10_page_6,572.3,288.1,1143.0
10423007,stimulus_Arg_PISACowsMilk_10_page_6,572.3,288.3,1143.0
10423008,stimulus_Arg_PISACowsMilk_10_page_6,572.2,288.3,1143.0
10423009,stimulus_Arg_PISACowsMilk_10_page_6,572.2,288.4,1143.0
10423010,stimulus_Arg_PISACowsMilk_10_page_6,572.2,288.5,1144.0
10423011,stimulus_Arg_PISACowsMilk_10_page_6,572.1,288.7,1144.0
10423012,stimulus_Arg_PISACowsMilk_10_page_6,572.1,288.7,1145.0
10423013,stimulus_Arg_PISACowsMilk_10_page_6,571.7,288.6,1145.0
10423014,stimulus_Arg_PISACowsMilk_10_page_6,571.3,288.6,1144.0
10423015,stimulus_Arg_PISACowsMilk_10_page_6,571.3,288.8,1144.0
10423016,stimulus_Arg_PISACowsMilk_10_page_6,571.7,288.9,1144.0
10423017,stimulus_Arg_PISACowsMilk_10_page_6,572.2,288.8,1144.0
10423018,stimulus_Arg_PISACowsMilk_10_page_6,572.1,288.6,1144.0
10423019,stimulus_Arg_PISACowsMilk_10_page_6,571.8,288.5,1144.0
10423020,stimulus_Arg_PISACowsMilk_10_page_6,571.5,288.4,1144.0
10423021,stimulus_Arg_PISACowsMilk_10_page_6,571.5,288.5,1144.0
10423022,stimulus_Arg_PISACowsMilk_10_page_6,571.3,288.4,1143.0
10423023,stimulus_Arg_PISACowsMilk_10_page_6,571.2,288.5,1143.0
10423024,stimulus_Arg_PISACowsMilk_10_page_6,571.1,288.5,1142.0
10423025,stimulus_Arg_PISACowsMilk_10_page_6,571.1,288.6,1142.0
10423026,stimulus_Arg_PISACowsMilk_10_page_6,570.8,288.5,1141.0
10423027,stimulus_Arg_PISACowsMilk_10_page_6,570.6,288.4,1141.0
10423028,stimulus_Arg_PISACowsMilk_10_page_6,570.4,288.4,1141.0
10423029,stimulus_Arg_PISACowsMilk_10_page_6,570.5,288.4,1141.0
10423030,stimulus_Arg_PISACowsMilk_10_page_6,570.6,288.3,1142.0
10423031,stimulus_Arg_PISACowsMilk_10_page_6,570.7,288.3,1141.0
10423032,stimulus_Arg_PISACowsMilk_10_page_6,570.7,288.5,1139.0
10423033,stimulus_Arg_PISACowsMilk_10_page_6,570.7,288.9,1138.0
10423034,stimulus_Arg_PISACowsMilk_10_page_6,570.8,289.2,1138.0
10423035,stimulus_Arg_PISACowsMilk_10_page_6,570.9,289.1,1137.0
10423036,stimulus_Arg_PISACowsMilk_10_page_6,571.1,289.2,1137.0
10423037,stimulus_Arg_PISACowsMilk_10_page_6,571.2,289.4,1138.0
10423038,stimulus_Arg_PISACowsMilk_10_page_6,571.2,289.7,1139.0
10423039,stimulus_Arg_PISACowsMilk_10_page_6,571.3,289.8,1140.0
10423040,stimulus_Arg_PISACowsMilk_10_page_6,571.3,289.8,1139.0
10423041,stimulus_Arg_PISACowsMilk_10_page_6,571.2,289.8,1139.0
10423042,stimulus_Arg_PISACowsMilk_10_page_6,571.0,289.8,1140.0
10423043,stimulus_Arg_PISACowsMilk_10_page_6,571.0,289.8,1140.0
10423044,stimulus_Arg_PISACowsMilk_10_page_6,571.2,289.8,1140.0
10423045,stimulus_Arg_PISACowsMilk_10_page_6,571.5,289.6,1140.0
10423046,stimulus_Arg_PISACowsMilk_10_page_6,571.5,289.5,1140.0
10423047,stimulus_Arg_PISACowsMilk_10_page_6,571.4,289.3,1140.0
10423048,stimulus_Arg_PISACowsMilk_10_page_6,570.8,289.3,1141.0
10423049,stimulus_Arg_PISACowsMilk_10_page_6,570.4,289.1,1141.0
10423050,stimulus_Arg_PISACowsMilk_10_page_6,570.3,289.0,1141.0
10423051,stimulus_Arg_PISACowsMilk_10_page_6,570.6,288.9,1140.0
10423052,stimulus_Arg_PISACowsMilk_10_page_6,570.8,288.9,1140.0
10423053,stimulus_Arg_PISACowsMilk_10_page_6,570.7,288.8,1140.0
10423054,stimulus_Arg_PISACowsMilk_10_page_6,570.6,288.7,1140.0
10423055,stimulus_Arg_PISACowsMilk_10_page_6,570.6,288.7,1140.0
10423056,stimulus_Arg_PISACowsMilk_10_page_6,570.7,288.5,1140.0
10423057,stimulus_Arg_PISACowsMilk_10_page_6,570.6,288.3,1140.0
10423058,stimulus_Arg_PISACowsMilk_10_page_6,570.4,288.0,1140.0
10423059,stimulus_Arg_PISACowsMilk_10_page_6,570.3,287.9,1140.0
10423060,stimulus_Arg_PISACowsMilk_10_page_6,570.4,287.8,1140.0
10423061,stimulus_Arg_PISACowsMilk_10_page_6,570.5,287.9,1139.0
10423062,stimulus_Arg_PISACowsMilk_10_page_6,570.3,287.9,1138.0
10423063,stimulus_Arg_PISACowsMilk_10_page_6,570.1,287.7,1139.0
10423064,stimulus_Arg_PISACowsMilk_10_page_6,570.0,287.5,1139.0
10423065,stimulus_Arg_PISACowsMilk_10_page_6,570.0,287.3,1139.0
10423066,stimulus_Arg_PISACowsMilk_10_page_6,570.0,287.4,1139.0
10423067,stimulus_Arg_PISACowsMilk_10_page_6,570.0,287.5,1139.0
10423068,stimulus_Arg_PISACowsMilk_10_page_6,569.9,287.5,1140.0
10423069,stimulus_Arg_PISACowsMilk_10_page_6,569.9,287.5,1140.0
10423070,stimulus_Arg_PISACowsMilk_10_page_6,570.1,287.4,1140.0
10423071,stimulus_Arg_PISACowsMilk_10_page_6,570.4,287.2,1140.0
10423072,stimulus_Arg_PISACowsMilk_10_page_6,570.6,287.1,1140.0
10423073,stimulus_Arg_PISACowsMilk_10_page_6,570.4,287.1,1140.0
10423074,stimulus_Arg_PISACowsMilk_10_page_6,570.3,287.1,1140.0
10423075,stimulus_Arg_PISACowsMilk_10_page_6,570.3,287.2,1140.0
10423076,stimulus_Arg_PISACowsMilk_10_page_6,570.2,287.4,1140.0
10423077,stimulus_Arg_PISACowsMilk_10_page_6,570.1,287.7,1139.0
10423078,stimulus_Arg_PISACowsMilk_10_page_6,569.9,287.7,1139.0
10423079,stimulus_Arg_PISACowsMilk_10_page_6,570.0,287.6,1139.0
10423080,stimulus_Arg_PISACowsMilk_10_page_6,570.2,287.5,1140.0
10423081,stimulus_Arg_PISACowsMilk_10_page_6,570.4,287.4,1140.0
10423082,stimulus_Arg_PISACowsMilk_10_page_6,570.8,287.1,1139.0
10423083,stimulus_Arg_PISACowsMilk_10_page_6,571.0,286.9,1137.0
10423084,stimulus_Arg_PISACowsMilk_10_page_6,571.3,286.8,1136.0
10423085,stimulus_Arg_PISACowsMilk_10_page_6,571.3,287.0,1136.0
10423086,stimulus_Arg_PISACowsMilk_10_page_6,571.4,287.5,1136.0
10423087,stimulus_Arg_PISACowsMilk_10_page_6,571.5,287.7,1136.0
10423088,stimulus_Arg_PISACowsMilk_10_page_6,571.6,287.8,1136.0
10423089,stimulus_Arg_PISACowsMilk_10_page_6,571.6,287.7,1136.0
10423090,stimulus_Arg_PISACowsMilk_10_page_6,571.5,287.5,1136.0
10423091,stimulus_Arg_PISACowsMilk_10_page_6,571.4,287.2,1136.0
10423092,stimulus_Arg_PISACowsMilk_10_page_6,571.4,287.0,1136.0
10423093,stimulus_Arg_PISACowsMilk_10_page_6,571.3,286.9,1136.0
10423094,stimulus_Arg_PISACowsMilk_10_page_6,571.2,287.1,1137.0
10423095,stimulus_Arg_PISACowsMilk_10_page_6,571.1,287.2,1137.0
10423096,stimulus_Arg_PISACowsMilk_10_page_6,571.1,287.1,1137.0
10423097,stimulus_Arg_PISACowsMilk_10_page_6,571.1,287.0,1136.0
10423098,stimulus_Arg_PISACowsMilk_10_page_6,571.2,287.0,1135.0
10423099,stimulus_Arg_PISACowsMilk_10_page_6,571.3,287.0,1135.0
10423100,stimulus_Arg_PISACowsMilk_10_page_6,571.5,287.0,1135.0
10423101,stimulus_Arg_PISACowsMilk_10_page_6,571.6,287.0,1135.0
10423102,stimulus_Arg_PISACowsMilk_10_page_6,571.8,287.0,1135.0
10423103,stimulus_Arg_PISACowsMilk_10_page_6,571.9,287.0,1135.0
10423104,stimulus_Arg_PISACowsMilk_10_page_6,572.0,286.7,1135.0
10423105,stimulus_Arg_PISACowsMilk_10_page_6,572.1,286.4,1134.0
10423106,stimulus_Arg_PISACowsMilk_10_page_6,571.8,286.0,1133.0
10423107,stimulus_Arg_PISACowsMilk_10_page_6,571.5,285.8,1132.0
10423108,stimulus_Arg_PISACowsMilk_10_page_6,571.2,285.8,1132.0
10423109,stimulus_Arg_PISACowsMilk_10_page_6,571.2,285.8,1133.0
10423110,stimulus_Arg_PISACowsMilk_10_page_6,571.3,285.7,1133.0
10423111,stimulus_Arg_PISACowsMilk_10_page_6,571.6,285.7,1134.0
10423112,stimulus_Arg_PISACowsMilk_10_page_6,571.9,285.8,1134.0
10423113,stimulus_Arg_PISACowsMilk_10_page_6,572.2,285.9,1134.0
10423114,stimulus_Arg_PISACowsMilk_10_page_6,572.1,286.0,1133.0
10423115,stimulus_Arg_PISACowsMilk_10_page_6,572.1,286.1,1132.0
10423116,stimulus_Arg_PISACowsMilk_10_page_6,572.1,286.1,1131.0
10423117,stimulus_Arg_PISACowsMilk_10_page_6,572.2,286.2,1131.0
10423118,stimulus_Arg_PISACowsMilk_10_page_6,572.4,286.3,1132.0
10423119,stimulus_Arg_PISACowsMilk_10_page_6,572.7,286.6,1130.0
10423120,stimulus_Arg_PISACowsMilk_10_page_6,572.8,286.8,1129.0
10423121,stimulus_Arg_PISACowsMilk_10_page_6,572.8,287.0,1128.0
10423122,stimulus_Arg_PISACowsMilk_10_page_6,572.7,287.0,1130.0
10423123,stimulus_Arg_PISACowsMilk_10_page_6,572.6,287.1,1131.0
10423124,stimulus_Arg_PISACowsMilk_10_page_6,572.5,286.9,1130.0
10423125,stimulus_Arg_PISACowsMilk_10_page_6,572.4,286.7,1130.0
10423126,stimulus_Arg_PISACowsMilk_10_page_6,572.3,286.6,1130.0
10423127,stimulus_Arg_PISACowsMilk_10_page_6,572.3,286.5,1130.0
10423128,stimulus_Arg_PISACowsMilk_10_page_6,572.2,286.5,1130.0
10423129,stimulus_Arg_PISACowsMilk_10_page_6,572.2,286.6,1130.0
10423130,stimulus_Arg_PISACowsMilk_10_page_6,572.2,286.7,1130.0
10423131,stimulus_Arg_PISACowsMilk_10_page_6,572.1,286.8,1129.0
10423132,stimulus_Arg_PISACowsMilk_10_page_6,572.0,286.8,1129.0
10423133,stimulus_Arg_PISACowsMilk_10_page_6,571.9,286.9,1128.0
10423134,stimulus_Arg_PISACowsMilk_10_page_6,572.0,286.9,1126.0
10423135,stimulus_Arg_PISACowsMilk_10_page_6,572.2,286.6,1125.0
10423136,stimulus_Arg_PISACowsMilk_10_page_6,572.4,286.4,1125.0
10423137,stimulus_Arg_PISACowsMilk_10_page_6,572.5,286.3,1125.0
10423138,stimulus_Arg_PISACowsMilk_10_page_6,572.4,286.3,1125.0
10423139,stimulus_Arg_PISACowsMilk_10_page_6,572.3,286.4,1125.0
10423140,stimulus_Arg_PISACowsMilk_10_page_6,572.4,286.4,1125.0
10423141,stimulus_Arg_PISACowsMilk_10_page_6,572.8,286.4,1126.0
10423142,stimulus_Arg_PISACowsMilk_10_page_6,573.1,286.6,1125.0
10423143,stimulus_Arg_PISACowsMilk_10_page_6,573.0,286.8,1124.0
10423144,stimulus_Arg_PISACowsMilk_10_page_6,572.9,287.2,1122.0
10423145,stimulus_Arg_PISACowsMilk_10_page_6,572.8,287.3,1121.0
10423146,stimulus_Arg_PISACowsMilk_10_page_6,572.8,287.4,1120.0
10423147,stimulus_Arg_PISACowsMilk_10_page_6,572.7,287.4,1120.0
10423148,stimulus_Arg_PISACowsMilk_10_page_6,572.6,287.5,1121.0
10423149,stimulus_Arg_PISACowsMilk_10_page_6,572.5,287.4,1122.0
10423150,stimulus_Arg_PISACowsMilk_10_page_6,572.5,287.2,1122.0
10423151,stimulus_Arg_PISACowsMilk_10_page_6,572.5,287.0,1122.0
10423152,stimulus_Arg_PISACowsMilk_10_page_6,572.4,286.9,1121.0
10423153,stimulus_Arg_PISACowsMilk_10_page_6,572.2,287.2,1120.0
10423154,stimulus_Arg_PISACowsMilk_10_page_6,571.9,287.6,1120.0
10423155,stimulus_Arg_PISACowsMilk_10_page_6,571.9,288.1,1120.0
10423156,stimulus_Arg_PISACowsMilk_10_page_6,572.0,288.3,1121.0
10423157,stimulus_Arg_PISACowsMilk_10_page_6,571.9,288.5,1121.0
10423158,stimulus_Arg_PISACowsMilk_10_page_6,571.7,288.5,1121.0
10423159,stimulus_Arg_PISACowsMilk_10_page_6,571.7,288.5,1120.0
10423160,stimulus_Arg_PISACowsMilk_10_page_6,571.9,288.4,1120.0
10423161,stimulus_Arg_PISACowsMilk_10_page_6,572.0,288.3,1119.0
10423162,stimulus_Arg_PISACowsMilk_10_page_6,571.8,288.4,1119.0
10423163,stimulus_Arg_PISACowsMilk_10_page_6,571.7,288.5,1120.0
10423164,stimulus_Arg_PISACowsMilk_10_page_6,571.8,288.7,1120.0
10423165,stimulus_Arg_PISACowsMilk_10_page_6,572.0,288.7,1120.0
10423166,stimulus_Arg_PISACowsMilk_10_page_6,571.8,288.7,1120.0
10423167,stimulus_Arg_PISACowsMilk_10_page_6,571.6,288.8,1119.0
10423168,stimulus_Arg_PISACowsMilk_10_page_6,571.4,288.9,1119.0
10423169,stimulus_Arg_PISACowsMilk_10_page_6,571.4,289.1,1120.0
10423170,stimulus_Arg_PISACowsMilk_10_page_6,571.4,289.1,1121.0
10423171,stimulus_Arg_PISACowsMilk_10_page_6,571.6,289.1,1121.0
10423172,stimulus_Arg_PISACowsMilk_10_page_6,572.0,289.1,1121.0
10423173,stimulus_Arg_PISACowsMilk_10_page_6,572.8,289.1,1121.0
10423174,stimulus_Arg_PISACowsMilk_10_page_6,574.1,288.9,1121.0
10423175,stimulus_Arg_PISACowsMilk_10_page_6,576.2,288.8,1122.0
10423176,stimulus_Arg_PISACowsMilk_10_page_6,580.1,288.7,1122.0
10423177,stimulus_Arg_PISACowsMilk_10_page_6,585.0,288.8,1122.0
10423178,stimulus_Arg_PISACowsMilk_10_page_6,591.1,288.4,1122.0
10423179,stimulus_Arg_PISACowsMilk_10_page_6,597.0,287.9,1122.0
10423180,stimulus_Arg_PISACowsMilk_10_page_6,604.2,287.2,1122.0
10423181,stimulus_Arg_PISACowsMilk_10_page_6,611.8,286.8,1123.0
10423182,stimulus_Arg_PISACowsMilk_10_page_6,620.2,286.3,1124.0
10423183,stimulus_Arg_PISACowsMilk_10_page_6,628.8,285.3,1124.0
10423184,stimulus_Arg_PISACowsMilk_10_page_6,636.4,284.5,1123.0
10423185,stimulus_Arg_PISACowsMilk_10_page_6,643.1,282.9,1121.0
10423186,stimulus_Arg_PISACowsMilk_10_page_6,648.4,281.5,1120.0
10423187,stimulus_Arg_PISACowsMilk_10_page_6,653.4,279.1,1119.0
10423188,stimulus_Arg_PISACowsMilk_10_page_6,657.2,276.8,1118.0
10423189,stimulus_Arg_PISACowsMilk_10_page_6,660.1,274.6,1117.0
10423190,stimulus_Arg_PISACowsMilk_10_page_6,661.9,273.5,1116.0
10423191,stimulus_Arg_PISACowsMilk_10_page_6,664.6,273.0,1115.0
10423192,stimulus_Arg_PISACowsMilk_10_page_6,667.0,272.6,1114.0
10423193,stimulus_Arg_PISACowsMilk_10_page_6,669.0,271.7,1114.0
10423194,stimulus_Arg_PISACowsMilk_10_page_6,669.4,270.8,1113.0
10423195,stimulus_Arg_PISACowsMilk_10_page_6,671.2,270.6,1111.0
10423196,stimulus_Arg_PISACowsMilk_10_page_6,675.6,271.0,1109.0
10423197,stimulus_Arg_PISACowsMilk_10_page_6,681.8,271.6,1107.0
10423198,stimulus_Arg_PISACowsMilk_10_page_6,687.6,272.5,1107.0
10423199,stimulus_Arg_PISACowsMilk_10_page_6,693.9,273.5,1106.0
10423200,stimulus_Arg_PISACowsMilk_10_page_6,700.9,274.5,1106.0
10423201,stimulus_Arg_PISACowsMilk_10_page_6,709.9,275.3,1105.0
10423202,stimulus_Arg_PISACowsMilk_10_page_6,718.4,276.1,1105.0
10423203,stimulus_Arg_PISACowsMilk_10_page_6,726.3,277.1,1105.0
10423204,stimulus_Arg_PISACowsMilk_10_page_6,732.5,277.9,1105.0
10423205,stimulus_Arg_PISACowsMilk_10_page_6,738.2,278.7,1104.0
10423206,stimulus_Arg_PISACowsMilk_10_page_6,742.9,278.9,1104.0
10423207,stimulus_Arg_PISACowsMilk_10_page_6,745.8,278.4,1105.0
10423208,stimulus_Arg_PISACowsMilk_10_page_6,746.2,277.6,1105.0
10423209,stimulus_Arg_PISACowsMilk_10_page_6,745.4,276.9,1105.0
10423210,stimulus_Arg_PISACowsMilk_10_page_6,744.1,276.7,1104.0
10423211,stimulus_Arg_PISACowsMilk_10_page_6,742.3,276.7,1103.0
10423212,stimulus_Arg_PISACowsMilk_10_page_6,739.9,277.0,1103.0
10423213,stimulus_Arg_PISACowsMilk_10_page_6,737.2,277.2,1101.0
10423214,stimulus_Arg_PISACowsMilk_10_page_6,734.2,277.4,1099.0
10423215,stimulus_Arg_PISACowsMilk_10_page_6,731.3,277.2,1098.0
10423216,stimulus_Arg_PISACowsMilk_10_page_6,728.0,277.5,1098.0
10423217,stimulus_Arg_PISACowsMilk_10_page_6,725.4,277.8,1099.0
10423218,stimulus_Arg_PISACowsMilk_10_page_6,722.6,278.1,1099.0
10423219,stimulus_Arg_PISACowsMilk_10_page_6,720.8,277.7,1100.0
10423220,stimulus_Arg_PISACowsMilk_10_page_6,719.4,277.2,1101.0
10423221,stimulus_Arg_PISACowsMilk_10_page_6,719.0,277.0,1102.0
10423222,stimulus_Arg_PISACowsMilk_10_page_6,718.8,277.3,1102.0
10423223,stimulus_Arg_PISACowsMilk_10_page_6,718.9,277.7,1102.0
10423224,stimulus_Arg_PISACowsMilk_10_page_6,719.5,278.0,1102.0
10423225,stimulus_Arg_PISACowsMilk_10_page_6,720.8,278.1,1102.0
10423226,stimulus_Arg_PISACowsMilk_10_page_6,722.1,278.0,1102.0
10423227,stimulus_Arg_PISACowsMilk_10_page_6,723.5,277.9,1103.0
10423228,stimulus_Arg_PISACowsMilk_10_page_6,724.1,277.7,1104.0
10423229,stimulus_Arg_PISACowsMilk_10_page_6,725.4,277.6,1105.0
10423230,stimulus_Arg_PISACowsMilk_10_page_6,726.4,277.5,1105.0
10423231,stimulus_Arg_PISACowsMilk_10_page_6,727.6,277.5,1105.0
10423232,stimulus_Arg_PISACowsMilk_10_page_6,728.2,277.7,1104.0
10423233,stimulus_Arg_PISACowsMilk_10_page_6,728.8,277.9,1104.0
10423234,stimulus_Arg_PISACowsMilk_10_page_6,729.2,278.0,1103.0
10423235,stimulus_Arg_PISACowsMilk_10_page_6,729.5,278.2,1103.0
10423236,stimulus_Arg_PISACowsMilk_10_page_6,729.7,278.2,1103.0
10423237,stimulus_Arg_PISACowsMilk_10_page_6,729.9,278.2,1103.0
10423238,stimulus_Arg_PISACowsMilk_10_page_6,730.0,278.3,1102.0
10423239,stimulus_Arg_PISACowsMilk_10_page_6,730.1,278.5,1102.0
10423240,stimulus_Arg_PISACowsMilk_10_page_6,730.1,278.6,1102.0
10423241,stimulus_Arg_PISACowsMilk_10_page_6,730.0,278.5,1103.0
10423242,stimulus_Arg_PISACowsMilk_10_page_6,729.8,278.5,1103.0
10423243,stimulus_Arg_PISACowsMilk_10_page_6,729.6,278.4,1103.0
10423244,stimulus_Arg_PISACowsMilk_10_page_6,729.6,278.4,1103.0
10423245,stimulus_Arg_PISACowsMilk_10_page_6,729.7,278.4,1104.0
10423246,stimulus_Arg_PISACowsMilk_10_page_6,730.0,278.4,1104.0
10423247,stimulus_Arg_PISACowsMilk_10_page_6,730.3,278.5,1105.0
10423248,stimulus_Arg_PISACowsMilk_10_page_6,730.5,278.7,1105.0
10423249,stimulus_Arg_PISACowsMilk_10_page_6,730.4,278.9,1105.0
10423250,stimulus_Arg_PISACowsMilk_10_page_6,730.3,278.6,1106.0
10423251,stimulus_Arg_PISACowsMilk_10_page_6,730.3,278.1,1106.0
10423252,stimulus_Arg_PISACowsMilk_10_page_6,730.2,277.8,1106.0
10423253,stimulus_Arg_PISACowsMilk_10_page_6,730.1,277.8,1105.0
10423254,stimulus_Arg_PISACowsMilk_10_page_6,730.1,277.8,1104.0
10423255,stimulus_Arg_PISACowsMilk_10_page_6,730.1,277.9,1104.0
10423256,stimulus_Arg_PISACowsMilk_10_page_6,730.2,278.1,1103.0
10423257,stimulus_Arg_PISACowsMilk_10_page_6,730.2,278.3,1103.0
10423258,stimulus_Arg_PISACowsMilk_10_page_6,730.1,278.4,1103.0
10423259,stimulus_Arg_PISACowsMilk_10_page_6,730.0,278.4,1104.0
10423260,stimulus_Arg_PISACowsMilk_10_page_6,729.8,278.2,1104.0
10423261,stimulus_Arg_PISACowsMilk_10_page_6,729.6,278.1,1105.0
10423262,stimulus_Arg_PISACowsMilk_10_page_6,729.5,278.0,1105.0
10423263,stimulus_Arg_PISACowsMilk_10_page_6,729.7,278.0,1104.0
10423264,stimulus_Arg_PISACowsMilk_10_page_6,729.9,278.0,1103.0
10423265,stimulus_Arg_PISACowsMilk_10_page_6,730.2,278.0,1102.0
10423266,stimulus_Arg_PISACowsMilk_10_page_6,730.3,278.0,1101.0
10423267,stimulus_Arg_PISACowsMilk_10_page_6,730.5,277.6,1102.0
10423268,stimulus_Arg_PISACowsMilk_10_page_6,730.5,277.2,1102.0
10423269,stimulus_Arg_PISACowsMilk_10_page_6,730.4,276.8,1101.0
10423270,stimulus_Arg_PISACowsMilk_10_page_6,730.2,277.0,1100.0
10423271,stimulus_Arg_PISACowsMilk_10_page_6,730.3,277.1,1100.0
10423272,stimulus_Arg_PISACowsMilk_10_page_6,730.3,277.1,1100.0
10423273,stimulus_Arg_PISACowsMilk_10_page_6,730.4,276.8,1101.0
10423274,stimulus_Arg_PISACowsMilk_10_page_6,730.5,276.4,1101.0
10423275,stimulus_Arg_PISACowsMilk_10_page_6,730.6,276.1,1102.0
10423276,stimulus_Arg_PISACowsMilk_10_page_6,730.5,276.0,1102.0
10423277,stimulus_Arg_PISACowsMilk_10_page_6,730.5,275.9,1102.0
10423278,stimulus_Arg_PISACowsMilk_10_page_6,730.5,275.9,1103.0
10423279,stimulus_Arg_PISACowsMilk_10_page_6,730.5,275.9,1104.0
10423280,stimulus_Arg_PISACowsMilk_10_page_6,730.3,276.0,1105.0
10423281,stimulus_Arg_PISACowsMilk_10_page_6,730.1,276.1,1104.0
10423282,stimulus_Arg_PISACowsMilk_10_page_6,729.9,276.1,1103.0
10423283,stimulus_Arg_PISACowsMilk_10_page_6,729.9,276.2,1102.0
10423284,stimulus_Arg_PISACowsMilk_10_page_6,729.9,276.6,1102.0
10423285,stimulus_Arg_PISACowsMilk_10_page_6,729.8,277.1,1102.0
10423286,stimulus_Arg_PISACowsMilk_10_page_6,729.6,277.4,1102.0
10423287,stimulus_Arg_PISACowsMilk_10_page_6,729.6,277.2,1102.0
10423288,stimulus_Arg_PISACowsMilk_10_page_6,729.5,277.0,1101.0
10423289,stimulus_Arg_PISACowsMilk_10_page_6,729.5,276.6,1101.0
10423290,stimulus_Arg_PISACowsMilk_10_page_6,729.6,276.2,1100.0
10423291,stimulus_Arg_PISACowsMilk_10_page_6,729.8,275.9,1100.0
10423292,stimulus_Arg_PISACowsMilk_10_page_6,729.9,275.9,1101.0
10423293,stimulus_Arg_PISACowsMilk_10_page_6,730.1,276.0,1101.0
10423294,stimulus_Arg_PISACowsMilk_10_page_6,730.0,276.1,1102.0
10423295,stimulus_Arg_PISACowsMilk_10_page_6,730.1,276.2,1102.0
10423296,stimulus_Arg_PISACowsMilk_10_page_6,730.2,276.2,1102.0
10423297,stimulus_Arg_PISACowsMilk_10_page_6,730.4,276.1,1102.0
10423298,stimulus_Arg_PISACowsMilk_10_page_6,730.6,276.2,1101.0
10423299,stimulus_Arg_PISACowsMilk_10_page_6,730.7,276.3,1102.0
10423300,stimulus_Arg_PISACowsMilk_10_page_6,730.6,276.3,1102.0
10423301,stimulus_Arg_PISACowsMilk_10_page_6,730.4,276.2,1102.0
10423302,stimulus_Arg_PISACowsMilk_10_page_6,730.1,276.0,1103.0
10423303,stimulus_Arg_PISACowsMilk_10_page_6,729.9,275.9,1105.0
10423304,stimulus_Arg_PISACowsMilk_10_page_6,730.0,276.0,1105.0
10423305,stimulus_Arg_PISACowsMilk_10_page_6,730.0,276.2,1105.0
10423306,stimulus_Arg_PISACowsMilk_10_page_6,730.1,276.3,1103.0
10423307,stimulus_Arg_PISACowsMilk_10_page_6,730.1,276.2,1103.0
10423308,stimulus_Arg_PISACowsMilk_10_page_6,730.0,276.1,1103.0
10423309,stimulus_Arg_PISACowsMilk_10_page_6,730.0,276.2,1104.0
10423310,stimulus_Arg_PISACowsMilk_10_page_6,729.9,276.7,1105.0
10423311,stimulus_Arg_PISACowsMilk_10_page_6,729.8,277.1,1105.0
10423312,stimulus_Arg_PISACowsMilk_10_page_6,729.6,277.4,1106.0
10423313,stimulus_Arg_PISACowsMilk_10_page_6,729.4,277.4,1104.0
10423314,stimulus_Arg_PISACowsMilk_10_page_6,729.3,277.4,1103.0
10423315,stimulus_Arg_PISACowsMilk_10_page_6,729.4,277.1,1101.0
10423316,stimulus_Arg_PISACowsMilk_10_page_6,729.7,276.8,1102.0
10423317,stimulus_Arg_PISACowsMilk_10_page_6,730.0,276.6,1103.0
10423318,stimulus_Arg_PISACowsMilk_10_page_6,730.3,276.4,1103.0
10423319,stimulus_Arg_PISACowsMilk_10_page_6,730.6,276.1,1104.0
10423320,stimulus_Arg_PISACowsMilk_10_page_6,730.6,275.9,1105.0
10423321,stimulus_Arg_PISACowsMilk_10_page_6,730.7,275.7,1106.0
10423322,stimulus_Arg_PISACowsMilk_10_page_6,730.7,275.6,1106.0
10423323,stimulus_Arg_PISACowsMilk_10_page_6,730.8,275.5,1105.0
10423324,stimulus_Arg_PISACowsMilk_10_page_6,730.8,275.5,1104.0
10423325,stimulus_Arg_PISACowsMilk_10_page_6,730.7,275.5,1102.0
10423326,stimulus_Arg_PISACowsMilk_10_page_6,730.6,275.4,1102.0
10423327,stimulus_Arg_PISACowsMilk_10_page_6,730.4,275.4,1102.0
10423328,stimulus_Arg_PISACowsMilk_10_page_6,730.3,275.5,1103.0
10423329,stimulus_Arg_PISACowsMilk_10_page_6,730.3,275.5,1103.0
10423330,stimulus_Arg_PISACowsMilk_10_page_6,730.4,275.4,1104.0
10423331,stimulus_Arg_PISACowsMilk_10_page_6,730.3,275.3,1103.0
10423332,stimulus_Arg_PISACowsMilk_10_page_6,730.2,275.3,1103.0
10423333,stimulus_Arg_PISACowsMilk_10_page_6,730.1,275.4,1102.0
10423334,stimulus_Arg_PISACowsMilk_10_page_6,730.1,275.4,1101.0
10423335,stimulus_Arg_PISACowsMilk_10_page_6,730.1,275.5,1101.0
10423336,stimulus_Arg_PISACowsMilk_10_page_6,730.3,275.5,1101.0
10423337,stimulus_Arg_PISACowsMilk_10_page_6,730.5,275.3,1101.0
10423338,stimulus_Arg_PISACowsMilk_10_page_6,730.6,275.1,1101.0
10423339,stimulus_Arg_PISACowsMilk_10_page_6,730.5,275.1,1100.0
10423340,stimulus_Arg_PISACowsMilk_10_page_6,730.4,275.1,1101.0
10423341,stimulus_Arg_PISACowsMilk_10_page_6,730.5,275.3,1101.0
10423342,stimulus_Arg_PISACowsMilk_10_page_6,730.5,275.4,1101.0
10423343,stimulus_Arg_PISACowsMilk_10_page_6,730.6,275.5,1101.0
10423344,stimulus_Arg_PISACowsMilk_10_page_6,730.6,275.5,1101.0
10423345,stimulus_Arg_PISACowsMilk_10_page_6,730.6,275.5,1101.0
10423346,stimulus_Arg_PISACowsMilk_10_page_6,730.7,275.6,1100.0
10423347,stimulus_Arg_PISACowsMilk_10_page_6,730.7,275.7,1100.0
10423348,stimulus_Arg_PISACowsMilk_10_page_6,730.7,275.9,1100.0
10423349,stimulus_Arg_PISACowsMilk_10_page_6,730.6,275.9,1100.0
10423350,stimulus_Arg_PISACowsMilk_10_page_6,730.5,276.0,1100.0
10423351,stimulus_Arg_PISACowsMilk_10_page_6,730.3,276.1,1100.0
10423352,stimulus_Arg_PISACowsMilk_10_page_6,730.2,276.2,1100.0
10423353,stimulus_Arg_PISACowsMilk_10_page_6,730.1,276.0,1100.0
10423354,stimulus_Arg_PISACowsMilk_10_page_6,730.0,275.8,1101.0
10423355,stimulus_Arg_PISACowsMilk_10_page_6,730.3,275.6,1102.0
10423356,stimulus_Arg_PISACowsMilk_10_page_6,730.7,275.6,1102.0
10423357,stimulus_Arg_PISACowsMilk_10_page_6,731.1,275.4,1101.0
10423358,stimulus_Arg_PISACowsMilk_10_page_6,731.2,275.3,1100.0
10423359,stimulus_Arg_PISACowsMilk_10_page_6,731.2,275.2,1100.0
10423360,stimulus_Arg_PISACowsMilk_10_page_6,731.1,275.3,1101.0
10423361,stimulus_Arg_PISACowsMilk_10_page_6,731.1,275.5,1101.0
10423362,stimulus_Arg_PISACowsMilk_10_page_6,731.1,275.7,1101.0
10423363,stimulus_Arg_PISACowsMilk_10_page_6,731.0,276.1,1102.0
10423364,stimulus_Arg_PISACowsMilk_10_page_6,731.0,276.5,1102.0
10423365,stimulus_Arg_PISACowsMilk_10_page_6,730.9,277.0,1102.0
10423366,stimulus_Arg_PISACowsMilk_10_page_6,730.9,277.1,1102.0
10423367,stimulus_Arg_PISACowsMilk_10_page_6,730.8,276.8,1101.0
10423368,stimulus_Arg_PISACowsMilk_10_page_6,730.8,276.4,1101.0
10423369,stimulus_Arg_PISACowsMilk_10_page_6,730.8,276.2,1101.0
10423370,stimulus_Arg_PISACowsMilk_10_page_6,730.7,276.5,1101.0
10423371,stimulus_Arg_PISACowsMilk_10_page_6,730.9,276.7,1101.0
10423372,stimulus_Arg_PISACowsMilk_10_page_6,731.1,276.5,1102.0
10423373,stimulus_Arg_PISACowsMilk_10_page_6,731.3,276.2,1102.0
10423374,stimulus_Arg_PISACowsMilk_10_page_6,731.5,276.0,1102.0
10423375,stimulus_Arg_PISACowsMilk_10_page_6,731.8,275.9,1100.0
10423376,stimulus_Arg_PISACowsMilk_10_page_6,732.0,275.8,1098.0
10423377,stimulus_Arg_PISACowsMilk_10_page_6,731.5,275.7,1099.0
10423378,stimulus_Arg_PISACowsMilk_10_page_6,731.1,275.3,1100.0
10423379,stimulus_Arg_PISACowsMilk_10_page_6,730.9,274.9,1102.0
10423380,stimulus_Arg_PISACowsMilk_10_page_6,731.0,275.0,1102.0
10423381,stimulus_Arg_PISACowsMilk_10_page_6,731.2,275.5,1101.0
10423382,stimulus_Arg_PISACowsMilk_10_page_6,731.2,275.9,1099.0
10423383,stimulus_Arg_PISACowsMilk_10_page_6,731.2,276.0,1099.0
10423384,stimulus_Arg_PISACowsMilk_10_page_6,731.4,276.1,1101.0
10423385,stimulus_Arg_PISACowsMilk_10_page_6,731.3,276.3,1100.0
10423386,stimulus_Arg_PISACowsMilk_10_page_6,731.3,276.5,1099.0
10423387,stimulus_Arg_PISACowsMilk_10_page_6,731.2,276.7,1097.0
10423388,stimulus_Arg_PISACowsMilk_10_page_6,731.5,276.7,1098.0
10423389,stimulus_Arg_PISACowsMilk_10_page_6,731.8,276.7,1100.0
10423390,stimulus_Arg_PISACowsMilk_10_page_6,731.8,276.6,1101.0
10423391,stimulus_Arg_PISACowsMilk_10_page_6,731.4,276.6,1102.0
10423392,stimulus_Arg_PISACowsMilk_10_page_6,731.1,276.5,1101.0
10423393,stimulus_Arg_PISACowsMilk_10_page_6,731.3,276.3,1099.0
10423394,stimulus_Arg_PISACowsMilk_10_page_6,731.4,276.2,1099.0
10423395,stimulus_Arg_PISACowsMilk_10_page_6,731.4,276.1,1099.0
10423396,stimulus_Arg_PISACowsMilk_10_page_6,731.2,276.1,1100.0
10423397,stimulus_Arg_PISACowsMilk_10_page_6,731.1,276.1,1099.0
10423398,stimulus_Arg_PISACowsMilk_10_page_6,731.1,276.1,1099.0
10423399,stimulus_Arg_PISACowsMilk_10_page_6,731.1,276.3,1100.0
10423400,stimulus_Arg_PISACowsMilk_10_page_6,731.1,276.5,1100.0
10423401,stimulus_Arg_PISACowsMilk_10_page_6,731.3,276.8,1100.0
10423402,stimulus_Arg_PISACowsMilk_10_page_6,731.3,277.1,1100.0
10423403,stimulus_Arg_PISACowsMilk_10_page_6,731.3,277.4,1101.0
10423404,stimulus_Arg_PISACowsMilk_10_page_6,731.4,277.5,1101.0
10423405,stimulus_Arg_PISACowsMilk_10_page_6,731.7,277.5,1101.0
10423406,stimulus_Arg_PISACowsMilk_10_page_6,732.0,277.3,1101.0
10423407,stimulus_Arg_PISACowsMilk_10_page_6,732.2,277.2,1100.0
10423408,stimulus_Arg_PISACowsMilk_10_page_6,732.1,277.1,1100.0
10423409,stimulus_Arg_PISACowsMilk_10_page_6,732.1,277.1,1100.0
10423410,stimulus_Arg_PISACowsMilk_10_page_6,732.1,277.0,1100.0
10423411,stimulus_Arg_PISACowsMilk_10_page_6,732.2,276.9,1100.0
10423412,stimulus_Arg_PISACowsMilk_10_page_6,732.2,277.1,1100.0
10423413,stimulus_Arg_PISACowsMilk_10_page_6,732.2,277.3,1100.0
10423414,stimulus_Arg_PISACowsMilk_10_page_6,732.1,277.4,1100.0
10423415,stimulus_Arg_PISACowsMilk_10_page_6,732.1,277.4,1099.0
10423416,stimulus_Arg_PISACowsMilk_10_page_6,732.2,277.4,1098.0
10423417,stimulus_Arg_PISACowsMilk_10_page_6,732.2,277.4,1097.0
10423418,stimulus_Arg_PISACowsMilk_10_page_6,732.3,277.2,1097.0
10423419,stimulus_Arg_PISACowsMilk_10_page_6,732.2,277.0,1097.0
10423420,stimulus_Arg_PISACowsMilk_10_page_6,732.1,277.1,1099.0
10423421,stimulus_Arg_PISACowsMilk_10_page_6,732.2,277.4,1101.0
10423422,stimulus_Arg_PISACowsMilk_10_page_6,732.3,277.7,1102.0
10423423,stimulus_Arg_PISACowsMilk_10_page_6,732.2,277.7,1103.0
10423424,stimulus_Arg_PISACowsMilk_10_page_6,732.0,277.7,1101.0
10423425,stimulus_Arg_PISACowsMilk_10_page_6,731.8,277.9,1098.0
10423426,stimulus_Arg_PISACowsMilk_10_page_6,732.0,278.4,1096.0
10423427,stimulus_Arg_PISACowsMilk_10_page_6,732.2,278.8,1096.0
10423428,stimulus_Arg_PISACowsMilk_10_page_6,732.4,279.0,1096.0
10423429,stimulus_Arg_PISACowsMilk_10_page_6,732.3,279.1,1096.0
10423430,stimulus_Arg_PISACowsMilk_10_page_6,732.3,279.2,1096.0
10423431,stimulus_Arg_PISACowsMilk_10_page_6,732.3,279.3,1096.0
10423432,stimulus_Arg_PISACowsMilk_10_page_6,732.4,279.0,1095.0
10423433,stimulus_Arg_PISACowsMilk_10_page_6,732.5,278.7,1095.0
10423434,stimulus_Arg_PISACowsMilk_10_page_6,732.5,278.4,1094.0
10423435,stimulus_Arg_PISACowsMilk_10_page_6,732.6,278.4,1095.0
10423436,stimulus_Arg_PISACowsMilk_10_page_6,732.5,278.3,1095.0
10423437,stimulus_Arg_PISACowsMilk_10_page_6,732.4,278.2,1096.0
10423438,stimulus_Arg_PISACowsMilk_10_page_6,732.4,278.3,1096.0
10423439,stimulus_Arg_PISACowsMilk_10_page_6,732.6,278.4,1096.0
10423440,stimulus_Arg_PISACowsMilk_10_page_6,733.0,278.5,1096.0
10423441,stimulus_Arg_PISACowsMilk_10_page_6,733.5,278.4,1096.0
10423442,stimulus_Arg_PISACowsMilk_10_page_6,733.8,278.5,1096.0
10423443,stimulus_Arg_PISACowsMilk_10_page_6,733.8,278.8,1096.0
10423444,stimulus_Arg_PISACowsMilk_10_page_6,733.6,278.9,1097.0
10423445,stimulus_Arg_PISACowsMilk_10_page_6,733.5,278.8,1097.0
10423446,stimulus_Arg_PISACowsMilk_10_page_6,733.2,278.6,1098.0
10423447,stimulus_Arg_PISACowsMilk_10_page_6,733.2,278.6,1097.0
10423448,stimulus_Arg_PISACowsMilk_10_page_6,733.1,278.7,1097.0
10423449,stimulus_Arg_PISACowsMilk_10_page_6,733.1,278.7,1096.0
10423450,stimulus_Arg_PISACowsMilk_10_page_6,733.1,279.0,1097.0
10423451,stimulus_Arg_PISACowsMilk_10_page_6,733.1,279.2,1097.0
10423452,stimulus_Arg_PISACowsMilk_10_page_6,733.1,279.4,1098.0
10423453,stimulus_Arg_PISACowsMilk_10_page_6,733.1,279.4,1097.0
10423454,stimulus_Arg_PISACowsMilk_10_page_6,733.5,279.4,1097.0
10423455,stimulus_Arg_PISACowsMilk_10_page_6,733.7,279.9,1096.0
10423456,stimulus_Arg_PISACowsMilk_10_page_6,733.9,280.4,1096.0
10423457,stimulus_Arg_PISACowsMilk_10_page_6,734.0,280.5,1096.0
10423458,stimulus_Arg_PISACowsMilk_10_page_6,734.3,280.2,1096.0
10423459,stimulus_Arg_PISACowsMilk_10_page_6,734.5,280.0,1096.0
10423460,stimulus_Arg_PISACowsMilk_10_page_6,734.0,280.1,1096.0
10423461,stimulus_Arg_PISACowsMilk_10_page_6,733.4,280.1,1095.0
10423462,stimulus_Arg_PISACowsMilk_10_page_6,732.8,280.0,1094.0
10423463,stimulus_Arg_PISACowsMilk_10_page_6,732.7,279.9,1094.0
10423464,stimulus_Arg_PISACowsMilk_10_page_6,732.9,279.9,1094.0
10423465,stimulus_Arg_PISACowsMilk_10_page_6,733.3,279.8,1094.0
10423466,stimulus_Arg_PISACowsMilk_10_page_6,733.5,279.9,1094.0
10423467,stimulus_Arg_PISACowsMilk_10_page_6,733.7,279.9,1094.0
10423468,stimulus_Arg_PISACowsMilk_10_page_6,733.6,279.8,1095.0
10423469,stimulus_Arg_PISACowsMilk_10_page_6,733.5,279.8,1095.0
10423470,stimulus_Arg_PISACowsMilk_10_page_6,733.5,279.7,1095.0
10423471,stimulus_Arg_PISACowsMilk_10_page_6,733.4,279.7,1095.0
10423472,stimulus_Arg_PISACowsMilk_10_page_6,733.3,279.7,1095.0
10423473,stimulus_Arg_PISACowsMilk_10_page_6,733.2,279.7,1095.0
10423474,stimulus_Arg_PISACowsMilk_10_page_6,733.2,279.7,1095.0
10423475,stimulus_Arg_PISACowsMilk_10_page_6,733.3,279.6,1094.0
10423476,stimulus_Arg_PISACowsMilk_10_page_6,733.2,279.6,1094.0
10423477,stimulus_Arg_PISACowsMilk_10_page_6,733.1,279.6,1093.0
10423478,stimulus_Arg_PISACowsMilk_10_page_6,733.0,279.5,1092.0
10423479,stimulus_Arg_PISACowsMilk_10_page_6,733.0,279.6,1091.0
10423480,stimulus_Arg_PISACowsMilk_10_page_6,732.9,279.7,1092.0
10423481,stimulus_Arg_PISACowsMilk_10_page_6,732.9,279.8,1093.0
10423482,stimulus_Arg_PISACowsMilk_10_page_6,733.0,279.8,1094.0
10423483,stimulus_Arg_PISACowsMilk_10_page_6,733.0,279.8,1094.0
10423484,stimulus_Arg_PISACowsMilk_10_page_6,733.2,279.9,1094.0
10423485,stimulus_Arg_PISACowsMilk_10_page_6,733.2,280.0,1093.0
10423486,stimulus_Arg_PISACowsMilk_10_page_6,733.3,280.1,1093.0
10423487,stimulus_Arg_PISACowsMilk_10_page_6,733.2,280.0,1092.0
10423488,stimulus_Arg_PISACowsMilk_10_page_6,733.2,279.8,1092.0
10423489,stimulus_Arg_PISACowsMilk_10_page_6,733.1,279.7,1092.0
10423490,stimulus_Arg_PISACowsMilk_10_page_6,733.1,279.8,1092.0
10423491,stimulus_Arg_PISACowsMilk_10_page_6,733.0,279.9,1092.0
10423492,stimulus_Arg_PISACowsMilk_10_page_6,732.9,280.0,1091.0
10423493,stimulus_Arg_PISACowsMilk_10_page_6,733.0,280.1,1092.0
10423494,stimulus_Arg_PISACowsMilk_10_page_6,733.2,280.1,1092.0
10423495,stimulus_Arg_PISACowsMilk_10_page_6,733.4,280.0,1093.0
10423496,stimulus_Arg_PISACowsMilk_10_page_6,733.1,279.8,1093.0
10423497,stimulus_Arg_PISACowsMilk_10_page_6,733.0,279.7,1093.0
10423498,stimulus_Arg_PISACowsMilk_10_page_6,733.0,279.8,1093.0
10423499,stimulus_Arg_PISACowsMilk_10_page_6,733.1,279.9,1093.0
10423500,stimulus_Arg_PISACowsMilk_10_page_6,733.2,280.1,1093.0
10423501,stimulus_Arg_PISACowsMilk_10_page_6,733.1,279.8,1093.0
10423502,stimulus_Arg_PISACowsMilk_10_page_6,733.0,279.5,1093.0
10423503,stimulus_Arg_PISACowsMilk_10_page_6,733.1,279.2,1093.0
10423504,stimulus_Arg_PISACowsMilk_10_page_6,733.3,279.7,1093.0
10423505,stimulus_Arg_PISACowsMilk_10_page_6,733.5,280.1,1093.0
10423506,stimulus_Arg_PISACowsMilk_10_page_6,733.5,280.6,1093.0
10423507,stimulus_Arg_PISACowsMilk_10_page_6,733.4,280.6,1093.0
10423508,stimulus_Arg_PISACowsMilk_10_page_6,733.4,280.6,1092.0
10423509,stimulus_Arg_PISACowsMilk_10_page_6,733.3,280.4,1092.0
10423510,stimulus_Arg_PISACowsMilk_10_page_6,733.4,280.3,1092.0
10423511,stimulus_Arg_PISACowsMilk_10_page_6,733.6,280.3,1092.0
10423512,stimulus_Arg_PISACowsMilk_10_page_6,733.8,280.3,1092.0
10423513,stimulus_Arg_PISACowsMilk_10_page_6,733.7,280.3,1091.0
10423514,stimulus_Arg_PISACowsMilk_10_page_6,733.5,280.2,1090.0
10423515,stimulus_Arg_PISACowsMilk_10_page_6,733.4,280.2,1089.0
10423516,stimulus_Arg_PISACowsMilk_10_page_6,733.4,279.9,1090.0
10423517,stimulus_Arg_PISACowsMilk_10_page_6,733.4,279.8,1090.0
10423518,stimulus_Arg_PISACowsMilk_10_page_6,733.5,279.7,1090.0
10423519,stimulus_Arg_PISACowsMilk_10_page_6,733.5,279.8,1090.0
10423520,stimulus_Arg_PISACowsMilk_10_page_6,733.5,279.8,1090.0
10423521,stimulus_Arg_PISACowsMilk_10_page_6,733.5,280.3,1090.0
10423522,stimulus_Arg_PISACowsMilk_10_page_6,733.3,280.7,1090.0
10423523,stimulus_Arg_PISACowsMilk_10_page_6,733.2,281.0,1090.0
10423524,stimulus_Arg_PISACowsMilk_10_page_6,733.3,281.0,1090.0
10423525,stimulus_Arg_PISACowsMilk_10_page_6,733.4,280.9,1089.0
10423526,stimulus_Arg_PISACowsMilk_10_page_6,733.5,280.8,1089.0
10423527,stimulus_Arg_PISACowsMilk_10_page_6,733.5,280.7,1089.0
10423528,stimulus_Arg_PISACowsMilk_10_page_6,733.4,280.6,1089.0
10423529,stimulus_Arg_PISACowsMilk_10_page_6,733.4,280.6,1089.0
10423530,stimulus_Arg_PISACowsMilk_10_page_6,733.3,280.4,1089.0
10423531,stimulus_Arg_PISACowsMilk_10_page_6,733.2,280.4,1089.0
10423532,stimulus_Arg_PISACowsMilk_10_page_6,733.0,280.4,1089.0
10423533,stimulus_Arg_PISACowsMilk_10_page_6,733.0,280.4,1090.0
10423534,stimulus_Arg_PISACowsMilk_10_page_6,733.1,280.4,1091.0
10423535,stimulus_Arg_PISACowsMilk_10_page_6,734.1,280.4,1091.0
10423536,stimulus_Arg_PISACowsMilk_10_page_6,735.3,280.4,1092.0
10423537,stimulus_Arg_PISACowsMilk_10_page_6,737.1,281.0,1091.0
10423538,stimulus_Arg_PISACowsMilk_10_page_6,739.1,281.9,1091.0
10423539,stimulus_Arg_PISACowsMilk_10_page_6,742.0,282.9,1091.0
10423540,stimulus_Arg_PISACowsMilk_10_page_6,746.0,283.2,1092.0
10423541,stimulus_Arg_PISACowsMilk_10_page_6,751.2,283.0,1093.0
10423542,stimulus_Arg_PISACowsMilk_10_page_6,756.7,282.7,1093.0
10423543,stimulus_Arg_PISACowsMilk_10_page_6,762.0,282.2,1093.0
10423544,stimulus_Arg_PISACowsMilk_10_page_6,768.5,282.0,1094.0
10423545,stimulus_Arg_PISACowsMilk_10_page_6,775.9,282.0,1094.0
10423546,stimulus_Arg_PISACowsMilk_10_page_6,784.0,282.3,1094.0
10423547,stimulus_Arg_PISACowsMilk_10_page_6,791.8,282.4,1094.0
10423548,stimulus_Arg_PISACowsMilk_10_page_6,798.6,282.2,1094.0
10423549,stimulus_Arg_PISACowsMilk_10_page_6,804.3,281.9,1093.0
10423550,stimulus_Arg_PISACowsMilk_10_page_6,808.9,281.8,1090.0
10423551,stimulus_Arg_PISACowsMilk_10_page_6,813.8,281.4,1088.0
10423552,stimulus_Arg_PISACowsMilk_10_page_6,818.2,280.9,1087.0
10423553,stimulus_Arg_PISACowsMilk_10_page_6,821.5,280.5,1087.0
10423554,stimulus_Arg_PISACowsMilk_10_page_6,824.3,280.8,1086.0
10423555,stimulus_Arg_PISACowsMilk_10_page_6,827.1,281.2,1084.0
10423556,stimulus_Arg_PISACowsMilk_10_page_6,829.0,281.5,1082.0
10423557,stimulus_Arg_PISACowsMilk_10_page_6,830.0,281.5,1081.0
10423558,stimulus_Arg_PISACowsMilk_10_page_6,830.2,281.5,1081.0
10423559,stimulus_Arg_PISACowsMilk_10_page_6,830.4,281.4,1081.0
10423560,stimulus_Arg_PISACowsMilk_10_page_6,830.3,281.3,1080.0
10423561,stimulus_Arg_PISACowsMilk_10_page_6,830.2,281.1,1080.0
10423562,stimulus_Arg_PISACowsMilk_10_page_6,829.8,280.9,1079.0
10423563,stimulus_Arg_PISACowsMilk_10_page_6,829.3,280.8,1078.0
10423564,stimulus_Arg_PISACowsMilk_10_page_6,828.5,280.8,1076.0
10423565,stimulus_Arg_PISACowsMilk_10_page_6,827.4,280.7,1075.0
10423566,stimulus_Arg_PISACowsMilk_10_page_6,826.1,280.7,1076.0
10423567,stimulus_Arg_PISACowsMilk_10_page_6,824.4,280.8,1077.0
10423568,stimulus_Arg_PISACowsMilk_10_page_6,823.0,280.8,1078.0
10423569,stimulus_Arg_PISACowsMilk_10_page_6,821.8,280.8,1079.0
10423570,stimulus_Arg_PISACowsMilk_10_page_6,821.2,280.9,1080.0
10423571,stimulus_Arg_PISACowsMilk_10_page_6,821.0,281.0,1080.0
10423572,stimulus_Arg_PISACowsMilk_10_page_6,820.6,281.2,1079.0
10423573,stimulus_Arg_PISACowsMilk_10_page_6,820.2,281.3,1079.0
10423574,stimulus_Arg_PISACowsMilk_10_page_6,819.8,281.4,1079.0
10423575,stimulus_Arg_PISACowsMilk_10_page_6,820.0,281.4,1079.0
10423576,stimulus_Arg_PISACowsMilk_10_page_6,820.3,281.4,1079.0
10423577,stimulus_Arg_PISACowsMilk_10_page_6,820.9,281.8,1079.0
10423578,stimulus_Arg_PISACowsMilk_10_page_6,821.3,282.2,1079.0
10423579,stimulus_Arg_PISACowsMilk_10_page_6,821.9,282.6,1079.0
10423580,stimulus_Arg_PISACowsMilk_10_page_6,822.1,282.5,1079.0
10423581,stimulus_Arg_PISACowsMilk_10_page_6,822.2,282.7,1080.0
10423582,stimulus_Arg_PISACowsMilk_10_page_6,822.5,282.9,1080.0
10423583,stimulus_Arg_PISACowsMilk_10_page_6,822.8,282.9,1080.0
10423584,stimulus_Arg_PISACowsMilk_10_page_6,823.4,282.8,1080.0
10423585,stimulus_Arg_PISACowsMilk_10_page_6,823.9,282.7,1079.0
10423586,stimulus_Arg_PISACowsMilk_10_page_6,824.5,282.8,1079.0
10423587,stimulus_Arg_PISACowsMilk_10_page_6,824.6,282.7,1080.0
10423588,stimulus_Arg_PISACowsMilk_10_page_6,824.5,282.7,1080.0
10423589,stimulus_Arg_PISACowsMilk_10_page_6,824.6,282.8,1080.0
10423590,stimulus_Arg_PISACowsMilk_10_page_6,824.7,283.0,1081.0
10423591,stimulus_Arg_PISACowsMilk_10_page_6,824.7,283.1,1081.0
10423592,stimulus_Arg_PISACowsMilk_10_page_6,824.5,282.9,1081.0
10423593,stimulus_Arg_PISACowsMilk_10_page_6,824.5,282.6,1080.0
10423594,stimulus_Arg_PISACowsMilk_10_page_6,824.5,282.3,1080.0
10423595,stimulus_Arg_PISACowsMilk_10_page_6,824.9,282.3,1079.0
10423596,stimulus_Arg_PISACowsMilk_10_page_6,825.3,282.4,1079.0
10423597,stimulus_Arg_PISACowsMilk_10_page_6,825.5,282.4,1079.0
10423598,stimulus_Arg_PISACowsMilk_10_page_6,825.2,282.3,1079.0
10423599,stimulus_Arg_PISACowsMilk_10_page_6,824.9,282.2,1079.0
10423600,stimulus_Arg_PISACowsMilk_10_page_6,824.8,282.1,1080.0
10423601,stimulus_Arg_PISACowsMilk_10_page_6,824.7,282.1,1080.0
10423602,stimulus_Arg_PISACowsMilk_10_page_6,824.7,282.1,1079.0
10423603,stimulus_Arg_PISACowsMilk_10_page_6,824.7,282.2,1078.0
10423604,stimulus_Arg_PISACowsMilk_10_page_6,824.8,282.2,1077.0
10423605,stimulus_Arg_PISACowsMilk_10_page_6,824.7,282.2,1078.0
10423606,stimulus_Arg_PISACowsMilk_10_page_6,824.7,282.3,1078.0
10423607,stimulus_Arg_PISACowsMilk_10_page_6,824.7,282.4,1078.0
10423608,stimulus_Arg_PISACowsMilk_10_page_6,824.7,282.6,1078.0
10423609,stimulus_Arg_PISACowsMilk_10_page_6,824.6,282.8,1078.0
10423610,stimulus_Arg_PISACowsMilk_10_page_6,824.4,283.0,1078.0
10423611,stimulus_Arg_PISACowsMilk_10_page_6,824.2,283.0,1077.0
10423612,stimulus_Arg_PISACowsMilk_10_page_6,824.0,283.3,1077.0
10423613,stimulus_Arg_PISACowsMilk_10_page_6,823.9,283.8,1077.0
10423614,stimulus_Arg_PISACowsMilk_10_page_6,823.8,284.3,1077.0
10423615,stimulus_Arg_PISACowsMilk_10_page_6,823.7,284.4,1077.0
10423616,stimulus_Arg_PISACowsMilk_10_page_6,823.6,284.4,1077.0
10423617,stimulus_Arg_PISACowsMilk_10_page_6,823.6,284.3,1077.0
10423618,stimulus_Arg_PISACowsMilk_10_page_6,823.6,283.9,1076.0
10423619,stimulus_Arg_PISACowsMilk_10_page_6,823.7,283.6,1076.0
10423620,stimulus_Arg_PISACowsMilk_10_page_6,824.2,283.5,1076.0
10423621,stimulus_Arg_PISACowsMilk_10_page_6,824.6,283.5,1076.0
10423622,stimulus_Arg_PISACowsMilk_10_page_6,824.8,283.6,1076.0
10423623,stimulus_Arg_PISACowsMilk_10_page_6,824.6,283.6,1076.0
10423624,stimulus_Arg_PISACowsMilk_10_page_6,824.2,283.6,1076.0
10423625,stimulus_Arg_PISACowsMilk_10_page_6,823.8,283.6,1076.0
10423626,stimulus_Arg_PISACowsMilk_10_page_6,823.5,283.6,1075.0
10423627,stimulus_Arg_PISACowsMilk_10_page_6,823.5,283.6,1075.0
10423628,stimulus_Arg_PISACowsMilk_10_page_6,823.9,283.6,1075.0
10423629,stimulus_Arg_PISACowsMilk_10_page_6,824.2,283.7,1077.0
10423630,stimulus_Arg_PISACowsMilk_10_page_6,824.3,283.6,1078.0
10423631,stimulus_Arg_PISACowsMilk_10_page_6,824.2,283.6,1079.0
10423632,stimulus_Arg_PISACowsMilk_10_page_6,824.3,283.6,1078.0
10423633,stimulus_Arg_PISACowsMilk_10_page_6,824.6,283.3,1078.0
10423634,stimulus_Arg_PISACowsMilk_10_page_6,824.7,283.0,1077.0
10423635,stimulus_Arg_PISACowsMilk_10_page_6,824.5,282.8,1077.0
10423636,stimulus_Arg_PISACowsMilk_10_page_6,824.4,282.8,1077.0
10423637,stimulus_Arg_PISACowsMilk_10_page_6,824.5,282.9,1077.0
10423638,stimulus_Arg_PISACowsMilk_10_page_6,824.7,282.9,1077.0
10423639,stimulus_Arg_PISACowsMilk_10_page_6,824.8,283.0,1077.0
10423640,stimulus_Arg_PISACowsMilk_10_page_6,825.1,283.5,1078.0
10423641,stimulus_Arg_PISACowsMilk_10_page_6,825.2,283.9,1077.0
10423642,stimulus_Arg_PISACowsMilk_10_page_6,825.2,284.2,1076.0
10423643,stimulus_Arg_PISACowsMilk_10_page_6,824.9,283.9,1075.0
10423644,stimulus_Arg_PISACowsMilk_10_page_6,824.8,283.7,1076.0
10423645,stimulus_Arg_PISACowsMilk_10_page_6,824.8,283.7,1076.0
10423646,stimulus_Arg_PISACowsMilk_10_page_6,824.9,283.7,1077.0
10423647,stimulus_Arg_PISACowsMilk_10_page_6,825.0,283.7,1077.0
10423648,stimulus_Arg_PISACowsMilk_10_page_6,825.1,283.6,1077.0
10423649,stimulus_Arg_PISACowsMilk_10_page_6,825.3,283.5,1076.0
10423650,stimulus_Arg_PISACowsMilk_10_page_6,825.2,283.3,1075.0
10423651,stimulus_Arg_PISACowsMilk_10_page_6,825.2,283.3,1075.0
10423652,stimulus_Arg_PISACowsMilk_10_page_6,825.2,283.4,1075.0
10423653,stimulus_Arg_PISACowsMilk_10_page_6,825.1,283.5,1075.0
10423654,stimulus_Arg_PISACowsMilk_10_page_6,825.0,283.6,1076.0
10423655,stimulus_Arg_PISACowsMilk_10_page_6,824.8,283.5,1075.0
10423656,stimulus_Arg_PISACowsMilk_10_page_6,824.7,283.7,1074.0
10423657,stimulus_Arg_PISACowsMilk_10_page_6,824.7,284.1,1073.0
10423658,stimulus_Arg_PISACowsMilk_10_page_6,824.8,284.4,1073.0
10423659,stimulus_Arg_PISACowsMilk_10_page_6,824.8,284.6,1073.0
10423660,stimulus_Arg_PISACowsMilk_10_page_6,825.0,284.6,1074.0
10423661,stimulus_Arg_PISACowsMilk_10_page_6,825.2,284.6,1075.0
10423662,stimulus_Arg_PISACowsMilk_10_page_6,825.5,284.9,1076.0
10423663,stimulus_Arg_PISACowsMilk_10_page_6,825.7,285.2,1076.0
10423664,stimulus_Arg_PISACowsMilk_10_page_6,825.9,285.5,1076.0
10423665,stimulus_Arg_PISACowsMilk_10_page_6,826.2,285.5,1076.0
10423666,stimulus_Arg_PISACowsMilk_10_page_6,826.6,285.0,1075.0
10423667,stimulus_Arg_PISACowsMilk_10_page_6,826.9,284.5,1074.0
10423668,stimulus_Arg_PISACowsMilk_10_page_6,826.9,283.9,1073.0
10423669,stimulus_Arg_PISACowsMilk_10_page_6,826.5,283.8,1074.0
10423670,stimulus_Arg_PISACowsMilk_10_page_6,826.1,283.7,1073.0
10423671,stimulus_Arg_PISACowsMilk_10_page_6,825.8,283.7,1073.0
10423672,stimulus_Arg_PISACowsMilk_10_page_6,825.8,283.8,1073.0
10423673,stimulus_Arg_PISACowsMilk_10_page_6,825.8,283.8,1073.0
10423674,stimulus_Arg_PISACowsMilk_10_page_6,825.8,283.7,1074.0
10423675,stimulus_Arg_PISACowsMilk_10_page_6,825.7,283.6,1074.0
10423676,stimulus_Arg_PISACowsMilk_10_page_6,825.7,283.5,1073.0
10423677,stimulus_Arg_PISACowsMilk_10_page_6,825.8,283.6,1072.0
10423678,stimulus_Arg_PISACowsMilk_10_page_6,825.9,283.7,1072.0
10423679,stimulus_Arg_PISACowsMilk_10_page_6,826.1,283.8,1074.0
10423680,stimulus_Arg_PISACowsMilk_10_page_6,826.1,283.9,1075.0
10423681,stimulus_Arg_PISACowsMilk_10_page_6,826.2,284.0,1075.0
10423682,stimulus_Arg_PISACowsMilk_10_page_6,826.2,284.1,1074.0
10423683,stimulus_Arg_PISACowsMilk_10_page_6,826.6,284.2,1073.0
10423684,stimulus_Arg_PISACowsMilk_10_page_6,826.8,284.2,1072.0
10423685,stimulus_Arg_PISACowsMilk_10_page_6,827.0,284.2,1072.0
10423686,stimulus_Arg_PISACowsMilk_10_page_6,827.1,284.1,1072.0
10423687,stimulus_Arg_PISACowsMilk_10_page_6,827.1,283.9,1073.0
10423688,stimulus_Arg_PISACowsMilk_10_page_6,827.1,283.6,1073.0
10423689,stimulus_Arg_PISACowsMilk_10_page_6,827.0,283.6,1073.0
10423690,stimulus_Arg_PISACowsMilk_10_page_6,826.9,283.5,1073.0
10423691,stimulus_Arg_PISACowsMilk_10_page_6,827.2,283.4,1073.0
10423692,stimulus_Arg_PISACowsMilk_10_page_6,827.7,283.4,1073.0
10423693,stimulus_Arg_PISACowsMilk_10_page_6,828.4,283.4,1073.0
10423694,stimulus_Arg_PISACowsMilk_10_page_6,828.6,283.3,1073.0
10423695,stimulus_Arg_PISACowsMilk_10_page_6,828.5,283.1,1073.0
10423696,stimulus_Arg_PISACowsMilk_10_page_6,828.2,283.0,1073.0
10423697,stimulus_Arg_PISACowsMilk_10_page_6,827.9,283.0,1073.0
10423698,stimulus_Arg_PISACowsMilk_10_page_6,828.0,283.1,1074.0
10423699,stimulus_Arg_PISACowsMilk_10_page_6,828.0,283.3,1074.0
10423700,stimulus_Arg_PISACowsMilk_10_page_6,828.1,283.5,1074.0
10423701,stimulus_Arg_PISACowsMilk_10_page_6,828.0,283.5,1074.0
10423702,stimulus_Arg_PISACowsMilk_10_page_6,827.9,283.3,1075.0
10423703,stimulus_Arg_PISACowsMilk_10_page_6,827.9,283.2,1075.0
10423704,stimulus_Arg_PISACowsMilk_10_page_6,827.9,283.1,1076.0
10423705,stimulus_Arg_PISACowsMilk_10_page_6,827.9,283.0,1076.0
10423706,stimulus_Arg_PISACowsMilk_10_page_6,828.0,282.9,1076.0
10423707,stimulus_Arg_PISACowsMilk_10_page_6,828.0,282.9,1076.0
10423708,stimulus_Arg_PISACowsMilk_10_page_6,828.0,282.8,1076.0
10423709,stimulus_Arg_PISACowsMilk_10_page_6,828.0,282.7,1076.0
10423710,stimulus_Arg_PISACowsMilk_10_page_6,828.0,282.6,1076.0
10423711,stimulus_Arg_PISACowsMilk_10_page_6,828.1,282.5,1075.0
10423712,stimulus_Arg_PISACowsMilk_10_page_6,828.1,282.6,1075.0
10423713,stimulus_Arg_PISACowsMilk_10_page_6,828.0,282.7,1075.0
10423714,stimulus_Arg_PISACowsMilk_10_page_6,828.0,282.9,1074.0
10423715,stimulus_Arg_PISACowsMilk_10_page_6,828.1,283.1,1074.0
10423716,stimulus_Arg_PISACowsMilk_10_page_6,828.3,283.3,1073.0
10423717,stimulus_Arg_PISACowsMilk_10_page_6,828.5,283.1,1073.0
10423718,stimulus_Arg_PISACowsMilk_10_page_6,828.6,282.8,1073.0
10423719,stimulus_Arg_PISACowsMilk_10_page_6,828.6,282.5,1073.0
10423720,stimulus_Arg_PISACowsMilk_10_page_6,828.5,282.4,1073.0
10423721,stimulus_Arg_PISACowsMilk_10_page_6,828.4,282.4,1072.0
10423722,stimulus_Arg_PISACowsMilk_10_page_6,828.4,282.5,1072.0
10423723,stimulus_Arg_PISACowsMilk_10_page_6,828.4,282.5,1073.0
10423724,stimulus_Arg_PISACowsMilk_10_page_6,828.3,282.6,1072.0
10423725,stimulus_Arg_PISACowsMilk_10_page_6,828.3,282.6,1072.0
10423726,stimulus_Arg_PISACowsMilk_10_page_6,828.2,282.5,1072.0
10423727,stimulus_Arg_PISACowsMilk_10_page_6,828.1,282.5,1072.0
10423728,stimulus_Arg_PISACowsMilk_10_page_6,828.1,282.6,1073.0
10423729,stimulus_Arg_PISACowsMilk_10_page_6,828.0,282.6,1073.0
10423730,stimulus_Arg_PISACowsMilk_10_page_6,827.9,282.7,1073.0
10423731,stimulus_Arg_PISACowsMilk_10_page_6,827.8,282.7,1073.0
10423732,stimulus_Arg_PISACowsMilk_10_page_6,827.9,282.7,1072.0
10423733,stimulus_Arg_PISACowsMilk_10_page_6,827.9,282.8,1072.0
10423734,stimulus_Arg_PISACowsMilk_10_page_6,828.0,282.8,1071.0
10423735,stimulus_Arg_PISACowsMilk_10_page_6,828.2,282.9,1071.0
10423736,stimulus_Arg_PISACowsMilk_10_page_6,828.3,282.9,1071.0
10423737,stimulus_Arg_PISACowsMilk_10_page_6,828.4,282.9,1071.0
10423738,stimulus_Arg_PISACowsMilk_10_page_6,828.4,282.9,1071.0
10423739,stimulus_Arg_PISACowsMilk_10_page_6,828.4,282.8,1071.0
10423740,stimulus_Arg_PISACowsMilk_10_page_6,828.4,282.8,1071.0
10423741,stimulus_Arg_PISACowsMilk_10_page_6,828.2,282.9,1071.0
10423742,stimulus_Arg_PISACowsMilk_10_page_6,828.1,283.1,1071.0
10423743,stimulus_Arg_PISACowsMilk_10_page_6,828.2,283.3,1071.0
10423744,stimulus_Arg_PISACowsMilk_10_page_6,828.4,283.5,1071.0
10423745,stimulus_Arg_PISACowsMilk_10_page_6,828.5,283.5,1071.0
10423746,stimulus_Arg_PISACowsMilk_10_page_6,828.3,283.7,1071.0
10423747,stimulus_Arg_PISACowsMilk_10_page_6,828.1,283.8,1071.0
10423748,stimulus_Arg_PISACowsMilk_10_page_6,828.3,283.9,1071.0
10423749,stimulus_Arg_PISACowsMilk_10_page_6,828.5,284.0,1071.0
10423750,stimulus_Arg_PISACowsMilk_10_page_6,828.7,283.8,1071.0
10423751,stimulus_Arg_PISACowsMilk_10_page_6,828.8,283.5,1070.0
10423752,stimulus_Arg_PISACowsMilk_10_page_6,828.9,283.3,1069.0
10423753,stimulus_Arg_PISACowsMilk_10_page_6,829.0,283.2,1069.0
10423754,stimulus_Arg_PISACowsMilk_10_page_6,829.0,283.2,1068.0
10423755,stimulus_Arg_PISACowsMilk_10_page_6,829.1,283.1,1068.0
10423756,stimulus_Arg_PISACowsMilk_10_page_6,829.1,283.1,1068.0
10423757,stimulus_Arg_PISACowsMilk_10_page_6,829.1,283.1,1067.0
10423758,stimulus_Arg_PISACowsMilk_10_page_6,829.2,283.3,1067.0
10423759,stimulus_Arg_PISACowsMilk_10_page_6,829.3,283.5,1067.0
10423760,stimulus_Arg_PISACowsMilk_10_page_6,829.5,283.7,1067.0
10423761,stimulus_Arg_PISACowsMilk_10_page_6,829.4,283.7,1068.0
10423762,stimulus_Arg_PISACowsMilk_10_page_6,829.2,283.7,1068.0
10423763,stimulus_Arg_PISACowsMilk_10_page_6,828.8,283.7,1067.0
10423764,stimulus_Arg_PISACowsMilk_10_page_6,828.3,283.7,1066.0
10423765,stimulus_Arg_PISACowsMilk_10_page_6,827.9,284.0,1064.0
10423766,stimulus_Arg_PISACowsMilk_10_page_6,827.3,284.2,1063.0
10423767,stimulus_Arg_PISACowsMilk_10_page_6,827.0,284.2,1064.0
10423768,stimulus_Arg_PISACowsMilk_10_page_6,827.2,283.9,1066.0
10423769,stimulus_Arg_PISACowsMilk_10_page_6,827.7,283.7,1067.0
10423770,stimulus_Arg_PISACowsMilk_10_page_6,828.8,283.6,1068.0
10423771,stimulus_Arg_PISACowsMilk_10_page_6,830.1,283.5,1069.0
10423772,stimulus_Arg_PISACowsMilk_10_page_6,831.8,283.4,1069.0
10423773,stimulus_Arg_PISACowsMilk_10_page_6,834.5,284.1,1068.0
10423774,stimulus_Arg_PISACowsMilk_10_page_6,837.8,284.9,1068.0
10423775,stimulus_Arg_PISACowsMilk_10_page_6,842.4,285.8,1068.0
10423776,stimulus_Arg_PISACowsMilk_10_page_6,847.3,285.9,1069.0
10423777,stimulus_Arg_PISACowsMilk_10_page_6,852.9,286.8,1070.0
10423778,stimulus_Arg_PISACowsMilk_10_page_6,859.9,287.7,1069.0
10423779,stimulus_Arg_PISACowsMilk_10_page_6,867.3,288.6,1069.0
10423780,stimulus_Arg_PISACowsMilk_10_page_6,874.6,288.8,1069.0
10423781,stimulus_Arg_PISACowsMilk_10_page_6,881.1,288.9,1069.0
10423782,stimulus_Arg_PISACowsMilk_10_page_6,887.2,288.5,1069.0
10423783,stimulus_Arg_PISACowsMilk_10_page_6,892.5,287.3,1068.0
10423784,stimulus_Arg_PISACowsMilk_10_page_6,895.5,285.7,1068.0
10423785,stimulus_Arg_PISACowsMilk_10_page_6,896.7,283.7,1066.0
10423786,stimulus_Arg_PISACowsMilk_10_page_6,896.5,281.5,1063.0
10423787,stimulus_Arg_PISACowsMilk_10_page_6,896.2,279.8,1059.0
10423788,stimulus_Arg_PISACowsMilk_10_page_6,895.3,278.6,1055.0
10423789,stimulus_Arg_PISACowsMilk_10_page_6,893.8,278.1,1054.0
10423790,stimulus_Arg_PISACowsMilk_10_page_6,891.9,277.7,1052.0
10423791,stimulus_Arg_PISACowsMilk_10_page_6,890.4,277.7,1052.0
10423792,stimulus_Arg_PISACowsMilk_10_page_6,888.7,277.8,1052.0
10423793,stimulus_Arg_PISACowsMilk_10_page_6,887.3,278.1,1052.0
10423794,stimulus_Arg_PISACowsMilk_10_page_6,886.4,278.7,1053.0
10423795,stimulus_Arg_PISACowsMilk_10_page_6,886.4,279.6,1053.0
10423796,stimulus_Arg_PISACowsMilk_10_page_6,886.5,280.6,1054.0
10423797,stimulus_Arg_PISACowsMilk_10_page_6,886.9,281.3,1054.0
10423798,stimulus_Arg_PISACowsMilk_10_page_6,887.7,282.0,1055.0
10423799,stimulus_Arg_PISACowsMilk_10_page_6,888.6,283.1,1056.0
10423800,stimulus_Arg_PISACowsMilk_10_page_6,889.2,284.2,1057.0
10423801,stimulus_Arg_PISACowsMilk_10_page_6,889.4,284.9,1057.0
10423802,stimulus_Arg_PISACowsMilk_10_page_6,889.6,284.8,1058.0
10423803,stimulus_Arg_PISACowsMilk_10_page_6,889.7,284.7,1058.0
10423804,stimulus_Arg_PISACowsMilk_10_page_6,889.5,284.2,1058.0
10423805,stimulus_Arg_PISACowsMilk_10_page_6,888.9,283.6,1058.0
10423806,stimulus_Arg_PISACowsMilk_10_page_6,888.4,283.3,1058.0
10423807,stimulus_Arg_PISACowsMilk_10_page_6,888.0,283.6,1058.0
10423808,stimulus_Arg_PISACowsMilk_10_page_6,887.5,283.9,1058.0
10423809,stimulus_Arg_PISACowsMilk_10_page_6,887.0,283.9,1059.0
10423810,stimulus_Arg_PISACowsMilk_10_page_6,886.7,283.8,1061.0
10423811,stimulus_Arg_PISACowsMilk_10_page_6,886.7,283.9,1062.0
10423812,stimulus_Arg_PISACowsMilk_10_page_6,886.8,284.0,1063.0
10423813,stimulus_Arg_PISACowsMilk_10_page_6,886.8,284.1,1063.0
10423814,stimulus_Arg_PISACowsMilk_10_page_6,886.7,284.4,1063.0
10423815,stimulus_Arg_PISACowsMilk_10_page_6,886.8,284.8,1063.0
10423816,stimulus_Arg_PISACowsMilk_10_page_6,887.0,285.3,1063.0
10423817,stimulus_Arg_PISACowsMilk_10_page_6,887.5,285.5,1064.0
10423818,stimulus_Arg_PISACowsMilk_10_page_6,887.9,285.8,1064.0
10423819,stimulus_Arg_PISACowsMilk_10_page_6,888.1,286.1,1063.0
10423820,stimulus_Arg_PISACowsMilk_10_page_6,888.1,286.1,1063.0
10423821,stimulus_Arg_PISACowsMilk_10_page_6,888.4,286.1,1063.0
10423822,stimulus_Arg_PISACowsMilk_10_page_6,888.7,285.6,1063.0
10423823,stimulus_Arg_PISACowsMilk_10_page_6,889.4,285.1,1062.0
10423824,stimulus_Arg_PISACowsMilk_10_page_6,889.8,284.6,1061.0
10423825,stimulus_Arg_PISACowsMilk_10_page_6,890.2,284.6,1062.0
10423826,stimulus_Arg_PISACowsMilk_10_page_6,890.2,284.6,1061.0
10423827,stimulus_Arg_PISACowsMilk_10_page_6,890.3,284.6,1060.0
10423828,stimulus_Arg_PISACowsMilk_10_page_6,890.3,284.6,1058.0
10423829,stimulus_Arg_PISACowsMilk_10_page_6,890.2,284.5,1058.0
10423830,stimulus_Arg_PISACowsMilk_10_page_6,890.3,284.4,1058.0
10423831,stimulus_Arg_PISACowsMilk_10_page_6,890.5,284.4,1058.0
10423832,stimulus_Arg_PISACowsMilk_10_page_6,890.9,284.5,1057.0
10423833,stimulus_Arg_PISACowsMilk_10_page_6,891.1,284.5,1057.0
10423834,stimulus_Arg_PISACowsMilk_10_page_6,891.2,284.2,1057.0
10423835,stimulus_Arg_PISACowsMilk_10_page_6,891.2,283.8,1057.0
10423836,stimulus_Arg_PISACowsMilk_10_page_6,891.2,283.4,1058.0
10423837,stimulus_Arg_PISACowsMilk_10_page_6,891.3,283.3,1058.0
10423838,stimulus_Arg_PISACowsMilk_10_page_6,891.7,283.3,1058.0
10423839,stimulus_Arg_PISACowsMilk_10_page_6,891.9,283.3,1059.0
10423840,stimulus_Arg_PISACowsMilk_10_page_6,892.1,283.2,1059.0
10423841,stimulus_Arg_PISACowsMilk_10_page_6,892.1,283.1,1059.0
10423842,stimulus_Arg_PISACowsMilk_10_page_6,892.1,283.1,1059.0
10423843,stimulus_Arg_PISACowsMilk_10_page_6,892.2,283.3,1059.0
10423844,stimulus_Arg_PISACowsMilk_10_page_6,892.3,283.4,1059.0
10423845,stimulus_Arg_PISACowsMilk_10_page_6,892.2,283.6,1059.0
10423846,stimulus_Arg_PISACowsMilk_10_page_6,892.2,283.5,1060.0
10423847,stimulus_Arg_PISACowsMilk_10_page_6,892.4,283.5,1061.0
10423848,stimulus_Arg_PISACowsMilk_10_page_6,892.6,284.0,1063.0
10423849,stimulus_Arg_PISACowsMilk_10_page_6,892.8,284.6,1064.0
10423850,stimulus_Arg_PISACowsMilk_10_page_6,892.7,285.0,1064.0
10423851,stimulus_Arg_PISACowsMilk_10_page_6,892.6,284.7,1064.0
10423852,stimulus_Arg_PISACowsMilk_10_page_6,892.6,284.1,1063.0
10423853,stimulus_Arg_PISACowsMilk_10_page_6,892.6,283.5,1061.0
10423854,stimulus_Arg_PISACowsMilk_10_page_6,892.6,283.1,1060.0
10423855,stimulus_Arg_PISACowsMilk_10_page_6,892.5,283.0,1061.0
10423856,stimulus_Arg_PISACowsMilk_10_page_6,892.5,282.8,1062.0
10423857,stimulus_Arg_PISACowsMilk_10_page_6,892.4,282.8,1062.0
10423858,stimulus_Arg_PISACowsMilk_10_page_6,892.4,282.8,1062.0
10423859,stimulus_Arg_PISACowsMilk_10_page_6,892.6,282.9,1062.0
10423860,stimulus_Arg_PISACowsMilk_10_page_6,892.9,283.1,1062.0
10423861,stimulus_Arg_PISACowsMilk_10_page_6,893.1,283.2,1063.0
10423862,stimulus_Arg_PISACowsMilk_10_page_6,892.9,283.3,1063.0
10423863,stimulus_Arg_PISACowsMilk_10_page_6,893.1,283.3,1064.0
10423864,stimulus_Arg_PISACowsMilk_10_page_6,893.3,283.1,1064.0
10423865,stimulus_Arg_PISACowsMilk_10_page_6,893.7,283.0,1064.0
10423866,stimulus_Arg_PISACowsMilk_10_page_6,893.8,282.8,1064.0
10423867,stimulus_Arg_PISACowsMilk_10_page_6,893.8,282.8,1065.0
10423868,stimulus_Arg_PISACowsMilk_10_page_6,893.6,282.7,1065.0
10423869,stimulus_Arg_PISACowsMilk_10_page_6,893.3,282.4,1065.0
10423870,stimulus_Arg_PISACowsMilk_10_page_6,893.2,282.2,1065.0
10423871,stimulus_Arg_PISACowsMilk_10_page_6,893.2,282.3,1066.0
10423872,stimulus_Arg_PISACowsMilk_10_page_6,893.2,282.9,1066.0
10423873,stimulus_Arg_PISACowsMilk_10_page_6,893.2,283.6,1067.0
10423874,stimulus_Arg_PISACowsMilk_10_page_6,893.1,284.0,1067.0
10423875,stimulus_Arg_PISACowsMilk_10_page_6,892.9,284.0,1067.0
10423876,stimulus_Arg_PISACowsMilk_10_page_6,892.8,284.0,1068.0
10423877,stimulus_Arg_PISACowsMilk_10_page_6,892.8,284.3,1069.0
10423878,stimulus_Arg_PISACowsMilk_10_page_6,893.0,284.7,1069.0
10423879,stimulus_Arg_PISACowsMilk_10_page_6,893.2,285.0,1069.0
10423880,stimulus_Arg_PISACowsMilk_10_page_6,893.1,285.0,1070.0
10423881,stimulus_Arg_PISACowsMilk_10_page_6,892.8,285.0,1070.0
10423882,stimulus_Arg_PISACowsMilk_10_page_6,892.5,285.0,1071.0
10423883,stimulus_Arg_PISACowsMilk_10_page_6,892.3,284.9,1071.0
10423884,stimulus_Arg_PISACowsMilk_10_page_6,892.1,284.9,1071.0
10423885,stimulus_Arg_PISACowsMilk_10_page_6,891.9,284.8,1070.0
10423886,stimulus_Arg_PISACowsMilk_10_page_6,891.9,284.7,1070.0
10423887,stimulus_Arg_PISACowsMilk_10_page_6,892.0,284.9,1070.0
10423888,stimulus_Arg_PISACowsMilk_10_page_6,892.0,285.0,1070.0
10423889,stimulus_Arg_PISACowsMilk_10_page_6,892.1,285.2,1070.0
10423890,stimulus_Arg_PISACowsMilk_10_page_6,892.1,285.0,1070.0
10423891,stimulus_Arg_PISACowsMilk_10_page_6,892.2,285.0,1070.0
10423892,stimulus_Arg_PISACowsMilk_10_page_6,892.2,285.0,1071.0
10423893,stimulus_Arg_PISACowsMilk_10_page_6,892.2,284.9,1071.0
10423894,stimulus_Arg_PISACowsMilk_10_page_6,892.1,284.9,1072.0
10423895,stimulus_Arg_PISACowsMilk_10_page_6,891.9,284.8,1071.0
10423896,stimulus_Arg_PISACowsMilk_10_page_6,891.7,284.7,1071.0
10423897,stimulus_Arg_PISACowsMilk_10_page_6,891.9,284.7,1071.0
10423898,stimulus_Arg_PISACowsMilk_10_page_6,892.2,285.0,1070.0
10423899,stimulus_Arg_PISACowsMilk_10_page_6,892.4,285.3,1070.0
10423900,stimulus_Arg_PISACowsMilk_10_page_6,892.4,285.3,1072.0
10423901,stimulus_Arg_PISACowsMilk_10_page_6,892.8,285.1,1073.0
10423902,stimulus_Arg_PISACowsMilk_10_page_6,893.2,284.8,1074.0
10423903,stimulus_Arg_PISACowsMilk_10_page_6,893.5,284.9,1075.0
10423904,stimulus_Arg_PISACowsMilk_10_page_6,893.4,285.0,1075.0
10423905,stimulus_Arg_PISACowsMilk_10_page_6,893.3,284.7,1074.0
10423906,stimulus_Arg_PISACowsMilk_10_page_6,893.1,284.4,1072.0
10423907,stimulus_Arg_PISACowsMilk_10_page_6,893.1,284.2,1072.0
10423908,stimulus_Arg_PISACowsMilk_10_page_6,893.2,284.2,1073.0
10423909,stimulus_Arg_PISACowsMilk_10_page_6,893.3,284.4,1074.0
10423910,stimulus_Arg_PISACowsMilk_10_page_6,893.5,284.8,1075.0
10423911,stimulus_Arg_PISACowsMilk_10_page_6,893.5,285.3,1075.0
10423912,stimulus_Arg_PISACowsMilk_10_page_6,893.6,285.4,1074.0
10423913,stimulus_Arg_PISACowsMilk_10_page_6,893.6,285.1,1074.0
10423914,stimulus_Arg_PISACowsMilk_10_page_6,893.6,284.8,1073.0
10423915,stimulus_Arg_PISACowsMilk_10_page_6,893.6,285.0,1073.0
10423916,stimulus_Arg_PISACowsMilk_10_page_6,893.6,285.3,1072.0
10423917,stimulus_Arg_PISACowsMilk_10_page_6,893.6,285.5,1073.0
10423918,stimulus_Arg_PISACowsMilk_10_page_6,893.5,285.3,1074.0
10423919,stimulus_Arg_PISACowsMilk_10_page_6,893.4,285.3,1074.0
10423920,stimulus_Arg_PISACowsMilk_10_page_6,893.4,285.3,1074.0
10423921,stimulus_Arg_PISACowsMilk_10_page_6,893.3,285.4,1073.0
10423922,stimulus_Arg_PISACowsMilk_10_page_6,893.2,285.4,1074.0
10423923,stimulus_Arg_PISACowsMilk_10_page_6,893.1,285.5,1075.0
10423924,stimulus_Arg_PISACowsMilk_10_page_6,893.1,285.5,1076.0
10423925,stimulus_Arg_PISACowsMilk_10_page_6,892.9,285.7,1076.0
10423926,stimulus_Arg_PISACowsMilk_10_page_6,892.7,285.8,1077.0
10423927,stimulus_Arg_PISACowsMilk_10_page_6,892.5,286.0,1077.0
10423928,stimulus_Arg_PISACowsMilk_10_page_6,892.8,286.2,1077.0
10423929,stimulus_Arg_PISACowsMilk_10_page_6,893.2,286.3,1077.0
10423930,stimulus_Arg_PISACowsMilk_10_page_6,893.3,286.0,1077.0
10423931,stimulus_Arg_PISACowsMilk_10_page_6,893.1,285.8,1077.0
10423932,stimulus_Arg_PISACowsMilk_10_page_6,892.9,285.6,1077.0
10423933,stimulus_Arg_PISACowsMilk_10_page_6,892.9,285.6,1078.0
10423934,stimulus_Arg_PISACowsMilk_10_page_6,892.8,285.6,1078.0
10423935,stimulus_Arg_PISACowsMilk_10_page_6,892.7,285.6,1079.0
10423936,stimulus_Arg_PISACowsMilk_10_page_6,892.5,285.8,1079.0
10423937,stimulus_Arg_PISACowsMilk_10_page_6,892.5,286.1,1080.0
10423938,stimulus_Arg_PISACowsMilk_10_page_6,892.4,286.3,1081.0
10423939,stimulus_Arg_PISACowsMilk_10_page_6,892.4,286.3,1082.0
10423940,stimulus_Arg_PISACowsMilk_10_page_6,892.6,286.6,1082.0
10423941,stimulus_Arg_PISACowsMilk_10_page_6,892.8,287.0,1083.0
10423942,stimulus_Arg_PISACowsMilk_10_page_6,893.1,287.4,1083.0
10423943,stimulus_Arg_PISACowsMilk_10_page_6,893.1,287.1,1082.0
10423944,stimulus_Arg_PISACowsMilk_10_page_6,892.9,286.5,1082.0
10423945,stimulus_Arg_PISACowsMilk_10_page_6,892.7,286.0,1082.0
10423946,stimulus_Arg_PISACowsMilk_10_page_6,892.4,285.8,1082.0
10423947,stimulus_Arg_PISACowsMilk_10_page_6,892.4,286.0,1081.0
10423948,stimulus_Arg_PISACowsMilk_10_page_6,892.3,286.1,1082.0
10423949,stimulus_Arg_PISACowsMilk_10_page_6,892.3,286.3,1083.0
10423950,stimulus_Arg_PISACowsMilk_10_page_6,892.2,286.4,1083.0
10423951,stimulus_Arg_PISACowsMilk_10_page_6,892.1,286.6,1082.0
10423952,stimulus_Arg_PISACowsMilk_10_page_6,892.4,286.7,1082.0
10423953,stimulus_Arg_PISACowsMilk_10_page_6,892.8,286.8,1083.0
10423954,stimulus_Arg_PISACowsMilk_10_page_6,893.2,286.8,1083.0
10423955,stimulus_Arg_PISACowsMilk_10_page_6,893.2,287.1,1083.0
10423956,stimulus_Arg_PISACowsMilk_10_page_6,893.2,287.3,1082.0
10423957,stimulus_Arg_PISACowsMilk_10_page_6,893.2,287.1,1082.0
10423958,stimulus_Arg_PISACowsMilk_10_page_6,893.1,286.8,1082.0
10423959,stimulus_Arg_PISACowsMilk_10_page_6,893.0,286.4,1082.0
10423960,stimulus_Arg_PISACowsMilk_10_page_6,893.0,286.4,1084.0
10423961,stimulus_Arg_PISACowsMilk_10_page_6,893.0,286.5,1085.0
10423962,stimulus_Arg_PISACowsMilk_10_page_6,892.8,286.9,1086.0
10423963,stimulus_Arg_PISACowsMilk_10_page_6,892.6,287.3,1086.0
10423964,stimulus_Arg_PISACowsMilk_10_page_6,892.0,287.5,1087.0
10423965,stimulus_Arg_PISACowsMilk_10_page_6,891.7,287.5,1086.0
10423966,stimulus_Arg_PISACowsMilk_10_page_6,891.4,287.3,1086.0
10423967,stimulus_Arg_PISACowsMilk_10_page_6,891.4,287.0,1086.0
10423968,stimulus_Arg_PISACowsMilk_10_page_6,892.5,286.8,1086.0
10423969,stimulus_Arg_PISACowsMilk_10_page_6,895.0,287.6,1086.0
10423970,stimulus_Arg_PISACowsMilk_10_page_6,899.7,289.2,1087.0
10423971,stimulus_Arg_PISACowsMilk_10_page_6,905.1,290.8,1088.0
10423972,stimulus_Arg_PISACowsMilk_10_page_6,910.5,291.7,1088.0
10423973,stimulus_Arg_PISACowsMilk_10_page_6,917.0,292.3,1088.0
10423974,stimulus_Arg_PISACowsMilk_10_page_6,924.3,292.7,1089.0
10423975,stimulus_Arg_PISACowsMilk_10_page_6,932.5,292.9,1091.0
10423976,stimulus_Arg_PISACowsMilk_10_page_6,939.5,292.9,1092.0
10423977,stimulus_Arg_PISACowsMilk_10_page_6,947.0,292.9,1093.0
10423978,stimulus_Arg_PISACowsMilk_10_page_6,954.4,293.0,1092.0
10423979,stimulus_Arg_PISACowsMilk_10_page_6,961.0,291.9,1090.0
10423980,stimulus_Arg_PISACowsMilk_10_page_6,965.8,290.9,1087.0
10423981,stimulus_Arg_PISACowsMilk_10_page_6,970.5,289.8,1086.0
10423982,stimulus_Arg_PISACowsMilk_10_page_6,974.8,289.4,1084.0
10423983,stimulus_Arg_PISACowsMilk_10_page_6,977.7,288.9,1083.0
10423984,stimulus_Arg_PISACowsMilk_10_page_6,979.0,288.2,1082.0
10423985,stimulus_Arg_PISACowsMilk_10_page_6,979.4,287.9,1081.0
10423986,stimulus_Arg_PISACowsMilk_10_page_6,979.3,287.6,1081.0
10423987,stimulus_Arg_PISACowsMilk_10_page_6,978.2,287.5,1080.0
10423988,stimulus_Arg_PISACowsMilk_10_page_6,976.1,287.5,1079.0
10423989,stimulus_Arg_PISACowsMilk_10_page_6,973.9,287.5,1077.0
10423990,stimulus_Arg_PISACowsMilk_10_page_6,971.7,287.6,1075.0
10423991,stimulus_Arg_PISACowsMilk_10_page_6,969.2,287.7,1075.0
10423992,stimulus_Arg_PISACowsMilk_10_page_6,966.3,287.7,1074.0
10423993,stimulus_Arg_PISACowsMilk_10_page_6,963.6,287.8,1074.0
10423994,stimulus_Arg_PISACowsMilk_10_page_6,961.3,287.7,1074.0
10423995,stimulus_Arg_PISACowsMilk_10_page_6,959.3,287.6,1074.0
10423996,stimulus_Arg_PISACowsMilk_10_page_6,958.0,287.8,1076.0
10423997,stimulus_Arg_PISACowsMilk_10_page_6,957.1,288.3,1078.0
10423998,stimulus_Arg_PISACowsMilk_10_page_6,956.8,288.7,1080.0
10423999,stimulus_Arg_PISACowsMilk_10_page_6,956.5,289.2,1083.0
10424000,stimulus_Arg_PISACowsMilk_10_page_6,956.5,289.5,1083.0
10424001,stimulus_Arg_PISACowsMilk_10_page_6,956.7,290.1,1084.0
10424002,stimulus_Arg_PISACowsMilk_10_page_6,957.2,290.3,1084.0
10424003,stimulus_Arg_PISACowsMilk_10_page_6,957.6,290.5,1083.0
10424004,stimulus_Arg_PISACowsMilk_10_page_6,958.4,290.5,1083.0
10424005,stimulus_Arg_PISACowsMilk_10_page_6,959.1,290.6,1082.0
10424006,stimulus_Arg_PISACowsMilk_10_page_6,960.0,290.9,1083.0
10424007,stimulus_Arg_PISACowsMilk_10_page_6,960.4,291.4,1085.0
10424008,stimulus_Arg_PISACowsMilk_10_page_6,961.3,291.9,1086.0
10424009,stimulus_Arg_PISACowsMilk_10_page_6,961.9,292.1,1088.0
10424010,stimulus_Arg_PISACowsMilk_10_page_6,962.6,291.9,1088.0
10424011,stimulus_Arg_PISACowsMilk_10_page_6,962.6,291.6,1089.0
10424012,stimulus_Arg_PISACowsMilk_10_page_6,962.7,291.4,1089.0
10424013,stimulus_Arg_PISACowsMilk_10_page_6,962.6,291.4,1089.0
10424014,stimulus_Arg_PISACowsMilk_10_page_6,962.9,291.4,1089.0
10424015,stimulus_Arg_PISACowsMilk_10_page_6,963.3,291.4,1089.0
10424016,stimulus_Arg_PISACowsMilk_10_page_6,963.6,291.3,1088.0
10424017,stimulus_Arg_PISACowsMilk_10_page_6,963.6,291.4,1088.0
10424018,stimulus_Arg_PISACowsMilk_10_page_6,963.6,291.5,1087.0
10424019,stimulus_Arg_PISACowsMilk_10_page_6,963.6,291.7,1088.0
10424020,stimulus_Arg_PISACowsMilk_10_page_6,963.5,291.9,1088.0
10424021,stimulus_Arg_PISACowsMilk_10_page_6,963.4,292.0,1088.0
10424022,stimulus_Arg_PISACowsMilk_10_page_6,963.3,291.9,1088.0
10424023,stimulus_Arg_PISACowsMilk_10_page_6,963.3,291.7,1087.0
10424024,stimulus_Arg_PISACowsMilk_10_page_6,963.4,291.6,1087.0
10424025,stimulus_Arg_PISACowsMilk_10_page_6,963.4,291.8,1088.0
10424026,stimulus_Arg_PISACowsMilk_10_page_6,963.6,291.9,1088.0
10424027,stimulus_Arg_PISACowsMilk_10_page_6,963.6,291.9,1088.0
10424028,stimulus_Arg_PISACowsMilk_10_page_6,963.6,291.8,1086.0
10424029,stimulus_Arg_PISACowsMilk_10_page_6,963.7,292.0,1087.0
10424030,stimulus_Arg_PISACowsMilk_10_page_6,963.9,292.3,1088.0
10424031,stimulus_Arg_PISACowsMilk_10_page_6,964.1,292.6,1090.0
10424032,stimulus_Arg_PISACowsMilk_10_page_6,964.0,292.8,1089.0
10424033,stimulus_Arg_PISACowsMilk_10_page_6,963.9,292.9,1088.0
10424034,stimulus_Arg_PISACowsMilk_10_page_6,963.6,292.7,1087.0
10424035,stimulus_Arg_PISACowsMilk_10_page_6,963.1,292.2,1087.0
10424036,stimulus_Arg_PISACowsMilk_10_page_6,962.6,291.8,1087.0
10424037,stimulus_Arg_PISACowsMilk_10_page_6,962.4,291.8,1087.0
10424038,stimulus_Arg_PISACowsMilk_10_page_6,962.4,291.8,1088.0
10424039,stimulus_Arg_PISACowsMilk_10_page_6,962.4,291.9,1089.0
10424040,stimulus_Arg_PISACowsMilk_10_page_6,962.4,291.7,1090.0
10424041,stimulus_Arg_PISACowsMilk_10_page_6,962.2,291.6,1090.0
10424042,stimulus_Arg_PISACowsMilk_10_page_6,962.1,291.4,1088.0
10424043,stimulus_Arg_PISACowsMilk_10_page_6,961.9,291.2,1086.0
10424044,stimulus_Arg_PISACowsMilk_10_page_6,961.9,291.2,1086.0
10424045,stimulus_Arg_PISACowsMilk_10_page_6,961.9,291.2,1086.0
10424046,stimulus_Arg_PISACowsMilk_10_page_6,962.0,291.4,1087.0
10424047,stimulus_Arg_PISACowsMilk_10_page_6,962.0,291.6,1087.0
10424048,stimulus_Arg_PISACowsMilk_10_page_6,962.2,291.7,1088.0
10424049,stimulus_Arg_PISACowsMilk_10_page_6,962.3,291.5,1088.0
10424050,stimulus_Arg_PISACowsMilk_10_page_6,962.3,291.2,1088.0
10424051,stimulus_Arg_PISACowsMilk_10_page_6,962.2,291.3,1088.0
10424052,stimulus_Arg_PISACowsMilk_10_page_6,962.4,291.8,1088.0
10424053,stimulus_Arg_PISACowsMilk_10_page_6,962.6,292.2,1088.0
10424054,stimulus_Arg_PISACowsMilk_10_page_6,962.8,292.3,1088.0
10424055,stimulus_Arg_PISACowsMilk_10_page_6,962.7,292.3,1088.0
10424056,stimulus_Arg_PISACowsMilk_10_page_6,962.6,292.2,1088.0
10424057,stimulus_Arg_PISACowsMilk_10_page_6,962.6,291.6,1089.0
10424058,stimulus_Arg_PISACowsMilk_10_page_6,962.6,291.1,1089.0
10424059,stimulus_Arg_PISACowsMilk_10_page_6,962.6,290.9,1090.0
10424060,stimulus_Arg_PISACowsMilk_10_page_6,962.5,291.2,1090.0
10424061,stimulus_Arg_PISACowsMilk_10_page_6,962.4,291.6,1090.0
10424062,stimulus_Arg_PISACowsMilk_10_page_6,962.6,291.7,1090.0
10424063,stimulus_Arg_PISACowsMilk_10_page_6,962.8,291.9,1089.0
10424064,stimulus_Arg_PISACowsMilk_10_page_6,963.0,292.1,1089.0
10424065,stimulus_Arg_PISACowsMilk_10_page_6,962.8,292.1,1089.0
10424066,stimulus_Arg_PISACowsMilk_10_page_6,962.7,292.0,1089.0
10424067,stimulus_Arg_PISACowsMilk_10_page_6,962.6,291.9,1089.0
10424068,stimulus_Arg_PISACowsMilk_10_page_6,962.7,292.4,1090.0
10424069,stimulus_Arg_PISACowsMilk_10_page_6,962.8,292.8,1091.0
10424070,stimulus_Arg_PISACowsMilk_10_page_6,963.0,293.2,1092.0
10424071,stimulus_Arg_PISACowsMilk_10_page_6,963.1,293.0,1092.0
10424072,stimulus_Arg_PISACowsMilk_10_page_6,963.3,292.8,1092.0
10424073,stimulus_Arg_PISACowsMilk_10_page_6,963.2,292.8,1092.0
10424074,stimulus_Arg_PISACowsMilk_10_page_6,963.1,293.0,1092.0
10424075,stimulus_Arg_PISACowsMilk_10_page_6,963.0,293.2,1092.0
10424076,stimulus_Arg_PISACowsMilk_10_page_6,963.0,293.3,1091.0
10424077,stimulus_Arg_PISACowsMilk_10_page_6,962.9,293.2,1090.0
10424078,stimulus_Arg_PISACowsMilk_10_page_6,962.9,293.0,1089.0
10424079,stimulus_Arg_PISACowsMilk_10_page_6,962.9,292.7,1090.0
10424080,stimulus_Arg_PISACowsMilk_10_page_6,962.9,292.6,1091.0
10424081,stimulus_Arg_PISACowsMilk_10_page_6,962.8,292.7,1092.0
10424082,stimulus_Arg_PISACowsMilk_10_page_6,962.7,292.8,1092.0
10424083,stimulus_Arg_PISACowsMilk_10_page_6,962.7,292.8,1092.0
10424084,stimulus_Arg_PISACowsMilk_10_page_6,962.7,292.6,1093.0
10424085,stimulus_Arg_PISACowsMilk_10_page_6,963.1,293.1,1093.0
10424086,stimulus_Arg_PISACowsMilk_10_page_6,963.4,293.6,1093.0
10424087,stimulus_Arg_PISACowsMilk_10_page_6,963.7,294.1,1093.0
10424088,stimulus_Arg_PISACowsMilk_10_page_6,963.5,293.9,1093.0
10424089,stimulus_Arg_PISACowsMilk_10_page_6,963.3,293.5,1093.0
10424090,stimulus_Arg_PISACowsMilk_10_page_6,963.1,293.1,1094.0
10424091,stimulus_Arg_PISACowsMilk_10_page_6,963.3,293.1,1094.0
10424092,stimulus_Arg_PISACowsMilk_10_page_6,963.5,293.1,1094.0
10424093,stimulus_Arg_PISACowsMilk_10_page_6,963.7,293.2,1094.0
10424094,stimulus_Arg_PISACowsMilk_10_page_6,964.0,293.3,1095.0
10424095,stimulus_Arg_PISACowsMilk_10_page_6,964.0,293.3,1095.0
10424096,stimulus_Arg_PISACowsMilk_10_page_6,964.1,293.3,1095.0
10424097,stimulus_Arg_PISACowsMilk_10_page_6,964.2,293.3,1095.0
10424098,stimulus_Arg_PISACowsMilk_10_page_6,964.4,293.3,1095.0
10424099,stimulus_Arg_PISACowsMilk_10_page_6,964.3,293.1,1096.0
10424100,stimulus_Arg_PISACowsMilk_10_page_6,963.9,292.8,1096.0
10424101,stimulus_Arg_PISACowsMilk_10_page_6,963.6,292.6,1095.0
10424102,stimulus_Arg_PISACowsMilk_10_page_6,963.7,292.7,1095.0
10424103,stimulus_Arg_PISACowsMilk_10_page_6,963.7,292.8,1096.0
10424104,stimulus_Arg_PISACowsMilk_10_page_6,963.7,293.2,1097.0
10424105,stimulus_Arg_PISACowsMilk_10_page_6,963.9,293.7,1096.0
10424106,stimulus_Arg_PISACowsMilk_10_page_6,964.1,294.1,1095.0
10424107,stimulus_Arg_PISACowsMilk_10_page_6,964.1,294.3,1095.0
10424108,stimulus_Arg_PISACowsMilk_10_page_6,964.0,294.0,1096.0
10424109,stimulus_Arg_PISACowsMilk_10_page_6,963.9,293.6,1098.0
10424110,stimulus_Arg_PISACowsMilk_10_page_6,963.9,293.3,1098.0
10424111,stimulus_Arg_PISACowsMilk_10_page_6,963.9,293.4,1097.0
10424112,stimulus_Arg_PISACowsMilk_10_page_6,964.2,293.4,1097.0
10424113,stimulus_Arg_PISACowsMilk_10_page_6,964.5,293.4,1098.0
10424114,stimulus_Arg_PISACowsMilk_10_page_6,964.7,293.5,1098.0
10424115,stimulus_Arg_PISACowsMilk_10_page_6,964.6,293.6,1099.0
10424116,stimulus_Arg_PISACowsMilk_10_page_6,964.5,293.6,1099.0
10424117,stimulus_Arg_PISACowsMilk_10_page_6,964.5,293.6,1100.0
10424118,stimulus_Arg_PISACowsMilk_10_page_6,964.2,293.6,1100.0
10424119,stimulus_Arg_PISACowsMilk_10_page_6,963.8,293.4,1099.0
10424120,stimulus_Arg_PISACowsMilk_10_page_6,963.4,293.2,1098.0
10424121,stimulus_Arg_PISACowsMilk_10_page_6,963.3,292.9,1098.0
10424122,stimulus_Arg_PISACowsMilk_10_page_6,963.3,292.8,1098.0
10424123,stimulus_Arg_PISACowsMilk_10_page_6,963.5,293.3,1097.0
10424124,stimulus_Arg_PISACowsMilk_10_page_6,963.6,293.9,1098.0
10424125,stimulus_Arg_PISACowsMilk_10_page_6,963.7,294.4,1098.0
10424126,stimulus_Arg_PISACowsMilk_10_page_6,963.8,294.5,1098.0
10424127,stimulus_Arg_PISACowsMilk_10_page_6,963.8,294.5,1097.0
10424128,stimulus_Arg_PISACowsMilk_10_page_6,963.8,294.0,1095.0
10424129,stimulus_Arg_PISACowsMilk_10_page_6,963.8,293.5,1094.0
10424130,stimulus_Arg_PISACowsMilk_10_page_6,963.8,293.1,1095.0
10424131,stimulus_Arg_PISACowsMilk_10_page_6,963.8,293.0,1096.0
10424132,stimulus_Arg_PISACowsMilk_10_page_6,963.8,293.1,1098.0
10424133,stimulus_Arg_PISACowsMilk_10_page_6,963.8,293.0,1098.0
10424134,stimulus_Arg_PISACowsMilk_10_page_6,963.8,293.0,1097.0
10424135,stimulus_Arg_PISACowsMilk_10_page_6,963.8,293.1,1096.0
10424136,stimulus_Arg_PISACowsMilk_10_page_6,963.9,293.4,1096.0
10424137,stimulus_Arg_PISACowsMilk_10_page_6,963.9,293.9,1096.0
10424138,stimulus_Arg_PISACowsMilk_10_page_6,964.0,294.5,1097.0
10424139,stimulus_Arg_PISACowsMilk_10_page_6,964.2,294.9,1097.0
10424140,stimulus_Arg_PISACowsMilk_10_page_6,964.3,294.8,1097.0
10424141,stimulus_Arg_PISACowsMilk_10_page_6,964.3,294.6,1097.0
10424142,stimulus_Arg_PISACowsMilk_10_page_6,964.2,294.4,1097.0
10424143,stimulus_Arg_PISACowsMilk_10_page_6,964.1,294.3,1097.0
10424144,stimulus_Arg_PISACowsMilk_10_page_6,964.0,294.3,1097.0
10424145,stimulus_Arg_PISACowsMilk_10_page_6,963.9,294.3,1096.0
10424146,stimulus_Arg_PISACowsMilk_10_page_6,964.0,293.9,1095.0
10424147,stimulus_Arg_PISACowsMilk_10_page_6,964.3,293.6,1094.0
10424148,stimulus_Arg_PISACowsMilk_10_page_6,964.5,293.3,1094.0
10424149,stimulus_Arg_PISACowsMilk_10_page_6,964.5,293.3,1095.0
10424150,stimulus_Arg_PISACowsMilk_10_page_6,964.4,293.4,1096.0
10424151,stimulus_Arg_PISACowsMilk_10_page_6,964.5,293.5,1097.0
10424152,stimulus_Arg_PISACowsMilk_10_page_6,964.6,293.5,1097.0
10424153,stimulus_Arg_PISACowsMilk_10_page_6,964.6,293.9,1098.0
10424154,stimulus_Arg_PISACowsMilk_10_page_6,964.5,294.3,1098.0
10424155,stimulus_Arg_PISACowsMilk_10_page_6,964.5,294.6,1097.0
10424156,stimulus_Arg_PISACowsMilk_10_page_6,964.3,294.4,1096.0
10424157,stimulus_Arg_PISACowsMilk_10_page_6,964.2,294.2,1096.0
10424158,stimulus_Arg_PISACowsMilk_10_page_6,964.4,294.1,1096.0
10424159,stimulus_Arg_PISACowsMilk_10_page_6,964.7,294.0,1097.0
10424160,stimulus_Arg_PISACowsMilk_10_page_6,965.1,293.8,1097.0
10424161,stimulus_Arg_PISACowsMilk_10_page_6,965.0,293.6,1098.0
10424162,stimulus_Arg_PISACowsMilk_10_page_6,964.9,293.2,1097.0
10424163,stimulus_Arg_PISACowsMilk_10_page_6,964.7,292.9,1096.0
10424164,stimulus_Arg_PISACowsMilk_10_page_6,964.5,292.7,1094.0
10424165,stimulus_Arg_PISACowsMilk_10_page_6,964.2,292.6,1095.0
10424166,stimulus_Arg_PISACowsMilk_10_page_6,964.2,292.5,1095.0
10424167,stimulus_Arg_PISACowsMilk_10_page_6,964.0,292.4,1095.0
10424168,stimulus_Arg_PISACowsMilk_10_page_6,963.9,292.6,1095.0
10424169,stimulus_Arg_PISACowsMilk_10_page_6,964.0,292.7,1096.0
10424170,stimulus_Arg_PISACowsMilk_10_page_6,964.5,292.9,1096.0
10424171,stimulus_Arg_PISACowsMilk_10_page_6,964.9,292.9,1096.0
10424172,stimulus_Arg_PISACowsMilk_10_page_6,965.1,293.0,1097.0
10424173,stimulus_Arg_PISACowsMilk_10_page_6,964.7,293.0,1096.0
10424174,stimulus_Arg_PISACowsMilk_10_page_6,964.4,292.7,1095.0
10424175,stimulus_Arg_PISACowsMilk_10_page_6,964.1,292.6,1094.0
10424176,stimulus_Arg_PISACowsMilk_10_page_6,964.0,292.5,1094.0
10424177,stimulus_Arg_PISACowsMilk_10_page_6,964.0,292.7,1094.0
10424178,stimulus_Arg_PISACowsMilk_10_page_6,964.1,292.6,1094.0
10424179,stimulus_Arg_PISACowsMilk_10_page_6,964.2,292.5,1094.0
10424180,stimulus_Arg_PISACowsMilk_10_page_6,964.4,292.2,1095.0
10424181,stimulus_Arg_PISACowsMilk_10_page_6,964.2,291.9,1095.0
10424182,stimulus_Arg_PISACowsMilk_10_page_6,963.8,292.0,1095.0
10424183,stimulus_Arg_PISACowsMilk_10_page_6,963.6,292.3,1094.0
10424184,stimulus_Arg_PISACowsMilk_10_page_6,963.7,292.5,1094.0
10424185,stimulus_Arg_PISACowsMilk_10_page_6,963.8,292.4,1092.0
10424186,stimulus_Arg_PISACowsMilk_10_page_6,963.9,292.4,1091.0
10424187,stimulus_Arg_PISACowsMilk_10_page_6,964.1,292.8,1090.0
10424188,stimulus_Arg_PISACowsMilk_10_page_6,964.2,293.1,1090.0
10424189,stimulus_Arg_PISACowsMilk_10_page_6,964.2,292.9,1089.0
10424190,stimulus_Arg_PISACowsMilk_10_page_6,964.2,292.4,1088.0
10424191,stimulus_Arg_PISACowsMilk_10_page_6,964.1,292.1,1087.0
10424192,stimulus_Arg_PISACowsMilk_10_page_6,963.8,292.2,1087.0
10424193,stimulus_Arg_PISACowsMilk_10_page_6,963.6,292.3,1088.0
10424194,stimulus_Arg_PISACowsMilk_10_page_6,963.5,292.1,1087.0
10424195,stimulus_Arg_PISACowsMilk_10_page_6,963.5,292.1,1087.0
10424196,stimulus_Arg_PISACowsMilk_10_page_6,963.6,292.3,1086.0
10424197,stimulus_Arg_PISACowsMilk_10_page_6,963.6,292.6,1086.0
10424198,stimulus_Arg_PISACowsMilk_10_page_6,963.6,293.1,1086.0
10424199,stimulus_Arg_PISACowsMilk_10_page_6,963.4,293.3,1086.0
10424200,stimulus_Arg_PISACowsMilk_10_page_6,963.0,293.4,1086.0
10424201,stimulus_Arg_PISACowsMilk_10_page_6,962.6,293.4,1086.0
10424202,stimulus_Arg_PISACowsMilk_10_page_6,962.5,293.5,1085.0
10424203,stimulus_Arg_PISACowsMilk_10_page_6,962.5,293.3,1084.0
10424204,stimulus_Arg_PISACowsMilk_10_page_6,962.5,293.1,1083.0
10424205,stimulus_Arg_PISACowsMilk_10_page_6,962.7,293.0,1083.0
10424206,stimulus_Arg_PISACowsMilk_10_page_6,962.9,293.1,1082.0
10424207,stimulus_Arg_PISACowsMilk_10_page_6,962.7,293.1,1083.0
10424208,stimulus_Arg_PISACowsMilk_10_page_6,962.3,292.8,1083.0
10424209,stimulus_Arg_PISACowsMilk_10_page_6,962.0,292.5,1084.0
10424210,stimulus_Arg_PISACowsMilk_10_page_6,961.9,292.4,1084.0
10424211,stimulus_Arg_PISACowsMilk_10_page_6,961.8,292.5,1083.0
10424212,stimulus_Arg_PISACowsMilk_10_page_6,961.9,292.6,1083.0
10424213,stimulus_Arg_PISACowsMilk_10_page_6,962.1,292.6,1083.0
10424214,stimulus_Arg_PISACowsMilk_10_page_6,962.3,292.8,1084.0
10424215,stimulus_Arg_PISACowsMilk_10_page_6,962.2,293.2,1084.0
10424216,stimulus_Arg_PISACowsMilk_10_page_6,962.2,293.6,1084.0
10424217,stimulus_Arg_PISACowsMilk_10_page_6,962.2,293.7,1084.0
10424218,stimulus_Arg_PISACowsMilk_10_page_6,962.2,293.4,1084.0
10424219,stimulus_Arg_PISACowsMilk_10_page_6,962.1,293.1,1084.0
10424220,stimulus_Arg_PISACowsMilk_10_page_6,961.9,292.9,1084.0
10424221,stimulus_Arg_PISACowsMilk_10_page_6,961.3,292.8,1084.0
10424222,stimulus_Arg_PISACowsMilk_10_page_6,960.7,292.6,1084.0
10424223,stimulus_Arg_PISACowsMilk_10_page_6,960.2,292.4,1084.0
10424224,stimulus_Arg_PISACowsMilk_10_page_6,960.3,292.5,1083.0
10424225,stimulus_Arg_PISACowsMilk_10_page_6,960.4,292.7,1082.0
10424226,stimulus_Arg_PISACowsMilk_10_page_6,960.5,292.8,1082.0
10424227,stimulus_Arg_PISACowsMilk_10_page_6,960.5,292.6,1082.0
10424228,stimulus_Arg_PISACowsMilk_10_page_6,960.5,292.5,1083.0
10424229,stimulus_Arg_PISACowsMilk_10_page_6,961.0,292.6,1083.0
10424230,stimulus_Arg_PISACowsMilk_10_page_6,961.6,292.7,1083.0
10424231,stimulus_Arg_PISACowsMilk_10_page_6,961.9,292.9,1083.0
10424232,stimulus_Arg_PISACowsMilk_10_page_6,961.4,293.5,1083.0
10424233,stimulus_Arg_PISACowsMilk_10_page_6,960.8,294.1,1083.0
10424234,stimulus_Arg_PISACowsMilk_10_page_6,960.3,294.6,1083.0
10424235,stimulus_Arg_PISACowsMilk_10_page_6,960.0,294.4,1083.0
10424236,stimulus_Arg_PISACowsMilk_10_page_6,959.9,294.3,1082.0
10424237,stimulus_Arg_PISACowsMilk_10_page_6,959.8,294.1,1080.0
10424238,stimulus_Arg_PISACowsMilk_10_page_6,959.9,294.0,1080.0
10424239,stimulus_Arg_PISACowsMilk_10_page_6,960.2,293.9,1080.0
10424240,stimulus_Arg_PISACowsMilk_10_page_6,960.7,293.6,1080.0
10424241,stimulus_Arg_PISACowsMilk_10_page_6,961.2,293.2,1079.0
10424242,stimulus_Arg_PISACowsMilk_10_page_6,961.3,292.9,1079.0
10424243,stimulus_Arg_PISACowsMilk_10_page_6,961.3,293.2,1078.0
10424244,stimulus_Arg_PISACowsMilk_10_page_6,961.1,293.7,1079.0
10424245,stimulus_Arg_PISACowsMilk_10_page_6,961.1,294.2,1079.0
10424246,stimulus_Arg_PISACowsMilk_10_page_6,961.0,294.3,1079.0
10424247,stimulus_Arg_PISACowsMilk_10_page_6,960.9,294.3,1080.0
10424248,stimulus_Arg_PISACowsMilk_10_page_6,960.8,294.0,1080.0
10424249,stimulus_Arg_PISACowsMilk_10_page_6,960.6,293.7,1080.0
10424250,stimulus_Arg_PISACowsMilk_10_page_6,960.6,293.4,1080.0
10424251,stimulus_Arg_PISACowsMilk_10_page_6,960.6,293.0,1081.0
10424252,stimulus_Arg_PISACowsMilk_10_page_6,960.7,292.7,1081.0
10424253,stimulus_Arg_PISACowsMilk_10_page_6,960.7,292.3,1081.0
10424254,stimulus_Arg_PISACowsMilk_10_page_6,960.7,292.3,1081.0
10424255,stimulus_Arg_PISACowsMilk_10_page_6,960.5,292.3,1082.0
10424256,stimulus_Arg_PISACowsMilk_10_page_6,960.3,292.5,1082.0
10424257,stimulus_Arg_PISACowsMilk_10_page_6,960.0,292.7,1081.0
10424258,stimulus_Arg_PISACowsMilk_10_page_6,960.0,293.5,1081.0
10424259,stimulus_Arg_PISACowsMilk_10_page_6,959.9,294.0,1082.0
10424260,stimulus_Arg_PISACowsMilk_10_page_6,959.8,294.3,1084.0
10424261,stimulus_Arg_PISACowsMilk_10_page_6,959.8,294.1,1082.0
10424262,stimulus_Arg_PISACowsMilk_10_page_6,959.7,294.2,1080.0
10424263,stimulus_Arg_PISACowsMilk_10_page_6,959.7,294.6,1078.0
10424264,stimulus_Arg_PISACowsMilk_10_page_6,959.7,295.1,1079.0
10424265,stimulus_Arg_PISACowsMilk_10_page_6,959.7,295.1,1080.0
10424266,stimulus_Arg_PISACowsMilk_10_page_6,959.8,294.9,1080.0
10424267,stimulus_Arg_PISACowsMilk_10_page_6,959.9,294.5,1080.0
10424268,stimulus_Arg_PISACowsMilk_10_page_6,960.0,294.2,1081.0
10424269,stimulus_Arg_PISACowsMilk_10_page_6,960.1,294.1,1082.0
10424270,stimulus_Arg_PISACowsMilk_10_page_6,960.1,294.0,1083.0
10424271,stimulus_Arg_PISACowsMilk_10_page_6,960.1,294.1,1083.0
10424272,stimulus_Arg_PISACowsMilk_10_page_6,960.0,294.4,1084.0
10424273,stimulus_Arg_PISACowsMilk_10_page_6,959.9,294.8,1084.0
10424274,stimulus_Arg_PISACowsMilk_10_page_6,960.0,295.0,1083.0
10424275,stimulus_Arg_PISACowsMilk_10_page_6,960.2,295.0,1082.0
10424276,stimulus_Arg_PISACowsMilk_10_page_6,960.4,295.1,1081.0
10424277,stimulus_Arg_PISACowsMilk_10_page_6,960.4,295.2,1081.0
10424278,stimulus_Arg_PISACowsMilk_10_page_6,960.3,295.3,1082.0
10424279,stimulus_Arg_PISACowsMilk_10_page_6,960.3,295.2,1082.0
10424280,stimulus_Arg_PISACowsMilk_10_page_6,960.3,295.0,1082.0
10424281,stimulus_Arg_PISACowsMilk_10_page_6,960.4,294.7,1083.0
10424282,stimulus_Arg_PISACowsMilk_10_page_6,960.5,294.7,1083.0
10424283,stimulus_Arg_PISACowsMilk_10_page_6,960.5,294.9,1084.0
10424284,stimulus_Arg_PISACowsMilk_10_page_6,960.6,295.2,1084.0
10424285,stimulus_Arg_PISACowsMilk_10_page_6,960.5,295.3,1083.0
10424286,stimulus_Arg_PISACowsMilk_10_page_6,960.4,295.5,1083.0
10424287,stimulus_Arg_PISACowsMilk_10_page_6,960.1,295.6,1082.0
10424288,stimulus_Arg_PISACowsMilk_10_page_6,959.9,295.6,1083.0
10424289,stimulus_Arg_PISACowsMilk_10_page_6,959.8,295.9,1083.0
10424290,stimulus_Arg_PISACowsMilk_10_page_6,960.0,296.2,1083.0
10424291,stimulus_Arg_PISACowsMilk_10_page_6,960.8,296.6,1082.0
10424292,stimulus_Arg_PISACowsMilk_10_page_6,962.3,296.6,1082.0
10424293,stimulus_Arg_PISACowsMilk_10_page_6,964.9,296.8,1082.0
10424294,stimulus_Arg_PISACowsMilk_10_page_6,968.3,298.4,1084.0
10424295,stimulus_Arg_PISACowsMilk_10_page_6,971.5,300.0,1086.0
10424296,stimulus_Arg_PISACowsMilk_10_page_6,974.6,301.3,1088.0
10424297,stimulus_Arg_PISACowsMilk_10_page_6,977.6,301.1,1089.0
10424298,stimulus_Arg_PISACowsMilk_10_page_6,981.3,300.8,1088.0
10424299,stimulus_Arg_PISACowsMilk_10_page_6,986.9,300.6,1087.0
10424300,stimulus_Arg_PISACowsMilk_10_page_6,992.5,300.6,1086.0
10424301,stimulus_Arg_PISACowsMilk_10_page_6,998.2,299.8,1086.0
10424302,stimulus_Arg_PISACowsMilk_10_page_6,1001.7,298.7,1086.0
10424303,stimulus_Arg_PISACowsMilk_10_page_6,1004.7,297.3,1085.0
10424304,stimulus_Arg_PISACowsMilk_10_page_6,1007.3,296.5,1082.0
10424305,stimulus_Arg_PISACowsMilk_10_page_6,1009.6,296.0,1079.0
10424306,stimulus_Arg_PISACowsMilk_10_page_6,1011.2,295.9,1076.0
10424307,stimulus_Arg_PISACowsMilk_10_page_6,1011.6,296.0,1075.0
10424308,stimulus_Arg_PISACowsMilk_10_page_6,1010.6,296.1,1074.0
10424309,stimulus_Arg_PISACowsMilk_10_page_6,1008.9,295.9,1073.0
10424310,stimulus_Arg_PISACowsMilk_10_page_6,1006.6,295.7,1073.0
10424311,stimulus_Arg_PISACowsMilk_10_page_6,1004.2,295.7,1073.0
10424312,stimulus_Arg_PISACowsMilk_10_page_6,1002.2,295.9,1073.0
10424313,stimulus_Arg_PISACowsMilk_10_page_6,1000.2,296.7,1074.0
10424314,stimulus_Arg_PISACowsMilk_10_page_6,998.4,297.2,1074.0
10424315,stimulus_Arg_PISACowsMilk_10_page_6,996.6,298.2,1075.0
10424316,stimulus_Arg_PISACowsMilk_10_page_6,995.4,299.1,1076.0
10424317,stimulus_Arg_PISACowsMilk_10_page_6,994.6,299.9,1078.0
10424318,stimulus_Arg_PISACowsMilk_10_page_6,994.3,300.2,1080.0
10424319,stimulus_Arg_PISACowsMilk_10_page_6,994.1,300.2,1082.0
10424320,stimulus_Arg_PISACowsMilk_10_page_6,994.1,300.1,1082.0
10424321,stimulus_Arg_PISACowsMilk_10_page_6,994.5,300.0,1082.0
10424322,stimulus_Arg_PISACowsMilk_10_page_6,994.8,299.9,1082.0
10424323,stimulus_Arg_PISACowsMilk_10_page_6,995.1,299.9,1082.0
10424324,stimulus_Arg_PISACowsMilk_10_page_6,995.5,299.9,1082.0
10424325,stimulus_Arg_PISACowsMilk_10_page_6,996.0,299.9,1080.0
10424326,stimulus_Arg_PISACowsMilk_10_page_6,996.4,300.0,1079.0
10424327,stimulus_Arg_PISACowsMilk_10_page_6,996.4,300.0,1078.0
10424328,stimulus_Arg_PISACowsMilk_10_page_6,996.8,300.0,1079.0
10424329,stimulus_Arg_PISACowsMilk_10_page_6,997.1,300.0,1080.0
10424330,stimulus_Arg_PISACowsMilk_10_page_6,997.7,300.0,1080.0
10424331,stimulus_Arg_PISACowsMilk_10_page_6,997.8,300.0,1080.0
10424332,stimulus_Arg_PISACowsMilk_10_page_6,998.0,300.0,1079.0
10424333,stimulus_Arg_PISACowsMilk_10_page_6,998.1,299.8,1078.0
10424334,stimulus_Arg_PISACowsMilk_10_page_6,998.1,299.7,1078.0
10424335,stimulus_Arg_PISACowsMilk_10_page_6,998.1,299.5,1078.0
10424336,stimulus_Arg_PISACowsMilk_10_page_6,998.0,299.5,1077.0
10424337,stimulus_Arg_PISACowsMilk_10_page_6,998.2,299.5,1078.0
10424338,stimulus_Arg_PISACowsMilk_10_page_6,998.5,299.4,1078.0
10424339,stimulus_Arg_PISACowsMilk_10_page_6,999.1,298.9,1079.0
10424340,stimulus_Arg_PISACowsMilk_10_page_6,999.5,298.5,1078.0
10424341,stimulus_Arg_PISACowsMilk_10_page_6,999.8,298.3,1076.0
10424342,stimulus_Arg_PISACowsMilk_10_page_6,999.7,298.7,1074.0
10424343,stimulus_Arg_PISACowsMilk_10_page_6,999.7,299.1,1074.0
10424344,stimulus_Arg_PISACowsMilk_10_page_6,999.7,299.4,1074.0
10424345,stimulus_Arg_PISACowsMilk_10_page_6,999.7,299.4,1076.0
10424346,stimulus_Arg_PISACowsMilk_10_page_6,999.7,299.2,1078.0
10424347,stimulus_Arg_PISACowsMilk_10_page_6,999.7,299.1,1080.0
10424348,stimulus_Arg_PISACowsMilk_10_page_6,999.5,298.9,1080.0
10424349,stimulus_Arg_PISACowsMilk_10_page_6,999.3,298.5,1080.0
10424350,stimulus_Arg_PISACowsMilk_10_page_6,999.0,298.2,1080.0
10424351,stimulus_Arg_PISACowsMilk_10_page_6,999.0,298.0,1079.0
10424352,stimulus_Arg_PISACowsMilk_10_page_6,999.0,298.0,1078.0
10424353,stimulus_Arg_PISACowsMilk_10_page_6,999.0,298.2,1079.0
10424354,stimulus_Arg_PISACowsMilk_10_page_6,999.1,298.4,1079.0
10424355,stimulus_Arg_PISACowsMilk_10_page_6,999.2,298.6,1081.0
10424356,stimulus_Arg_PISACowsMilk_10_page_6,999.3,298.6,1082.0
10424357,stimulus_Arg_PISACowsMilk_10_page_6,999.3,298.6,1083.0
10424358,stimulus_Arg_PISACowsMilk_10_page_6,999.2,298.6,1083.0
10424359,stimulus_Arg_PISACowsMilk_10_page_6,998.9,298.1,1082.0
10424360,stimulus_Arg_PISACowsMilk_10_page_6,998.6,297.6,1082.0
10424361,stimulus_Arg_PISACowsMilk_10_page_6,998.4,297.2,1081.0
10424362,stimulus_Arg_PISACowsMilk_10_page_6,998.4,297.1,1081.0
10424363,stimulus_Arg_PISACowsMilk_10_page_6,998.3,297.1,1081.0
10424364,stimulus_Arg_PISACowsMilk_10_page_6,998.2,297.1,1081.0
10424365,stimulus_Arg_PISACowsMilk_10_page_6,998.0,297.1,1081.0
10424366,stimulus_Arg_PISACowsMilk_10_page_6,997.7,297.1,1080.0
10424367,stimulus_Arg_PISACowsMilk_10_page_6,997.6,297.0,1080.0
10424368,stimulus_Arg_PISACowsMilk_10_page_6,997.4,297.3,1080.0
10424369,stimulus_Arg_PISACowsMilk_10_page_6,997.4,297.6,1081.0
10424370,stimulus_Arg_PISACowsMilk_10_page_6,997.4,298.0,1081.0
10424371,stimulus_Arg_PISACowsMilk_10_page_6,997.4,298.0,1081.0
10424372,stimulus_Arg_PISACowsMilk_10_page_6,997.8,298.0,1080.0
10424373,stimulus_Arg_PISACowsMilk_10_page_6,998.1,298.0,1080.0
10424374,stimulus_Arg_PISACowsMilk_10_page_6,998.5,298.1,1080.0
10424375,stimulus_Arg_PISACowsMilk_10_page_6,998.3,298.2,1080.0
10424376,stimulus_Arg_PISACowsMilk_10_page_6,998.1,298.2,1080.0
10424377,stimulus_Arg_PISACowsMilk_10_page_6,997.9,297.9,1080.0
10424378,stimulus_Arg_PISACowsMilk_10_page_6,997.9,297.5,1080.0
10424379,stimulus_Arg_PISACowsMilk_10_page_6,998.0,297.3,1080.0
10424380,stimulus_Arg_PISACowsMilk_10_page_6,998.1,297.3,1080.0
10424381,stimulus_Arg_PISACowsMilk_10_page_6,998.1,297.6,1080.0
10424382,stimulus_Arg_PISACowsMilk_10_page_6,997.8,298.0,1080.0
10424383,stimulus_Arg_PISACowsMilk_10_page_6,997.5,298.3,1081.0
10424384,stimulus_Arg_PISACowsMilk_10_page_6,997.3,298.5,1082.0
10424385,stimulus_Arg_PISACowsMilk_10_page_6,997.4,298.7,1082.0
10424386,stimulus_Arg_PISACowsMilk_10_page_6,997.5,298.7,1082.0
10424387,stimulus_Arg_PISACowsMilk_10_page_6,997.5,298.7,1083.0
10424388,stimulus_Arg_PISACowsMilk_10_page_6,997.6,298.8,1084.0
10424389,stimulus_Arg_PISACowsMilk_10_page_6,997.6,298.8,1085.0
10424390,stimulus_Arg_PISACowsMilk_10_page_6,997.5,298.8,1085.0
10424391,stimulus_Arg_PISACowsMilk_10_page_6,997.5,298.7,1085.0
10424392,stimulus_Arg_PISACowsMilk_10_page_6,997.4,298.7,1084.0
10424393,stimulus_Arg_PISACowsMilk_10_page_6,997.5,299.1,1084.0
10424394,stimulus_Arg_PISACowsMilk_10_page_6,997.7,299.6,1083.0
10424395,stimulus_Arg_PISACowsMilk_10_page_6,997.8,300.2,1083.0
10424396,stimulus_Arg_PISACowsMilk_10_page_6,997.8,300.3,1084.0
10424397,stimulus_Arg_PISACowsMilk_10_page_6,997.6,300.5,1084.0
10424398,stimulus_Arg_PISACowsMilk_10_page_6,997.9,300.7,1084.0
10424399,stimulus_Arg_PISACowsMilk_10_page_6,998.5,300.6,1084.0
10424400,stimulus_Arg_PISACowsMilk_10_page_6,999.1,300.5,1084.0
10424401,stimulus_Arg_PISACowsMilk_10_page_6,999.3,300.4,1084.0
10424402,stimulus_Arg_PISACowsMilk_10_page_6,999.3,300.3,1084.0
10424403,stimulus_Arg_PISACowsMilk_10_page_6,999.3,300.2,1083.0
10424404,stimulus_Arg_PISACowsMilk_10_page_6,999.2,300.2,1082.0
10424405,stimulus_Arg_PISACowsMilk_10_page_6,999.2,300.2,1082.0
10424406,stimulus_Arg_PISACowsMilk_10_page_6,999.3,300.2,1082.0
10424407,stimulus_Arg_PISACowsMilk_10_page_6,999.4,300.2,1082.0
10424408,stimulus_Arg_PISACowsMilk_10_page_6,999.3,300.3,1082.0
10424409,stimulus_Arg_PISACowsMilk_10_page_6,999.3,300.1,1082.0
10424410,stimulus_Arg_PISACowsMilk_10_page_6,999.4,299.9,1082.0
10424411,stimulus_Arg_PISACowsMilk_10_page_6,999.5,299.7,1082.0
10424412,stimulus_Arg_PISACowsMilk_10_page_6,999.6,299.7,1082.0
10424413,stimulus_Arg_PISACowsMilk_10_page_6,999.7,299.6,1081.0
10424414,stimulus_Arg_PISACowsMilk_10_page_6,999.7,299.2,1080.0
10424415,stimulus_Arg_PISACowsMilk_10_page_6,999.7,299.0,1080.0
10424416,stimulus_Arg_PISACowsMilk_10_page_6,999.7,298.9,1079.0
10424417,stimulus_Arg_PISACowsMilk_10_page_6,999.5,299.1,1079.0
10424418,stimulus_Arg_PISACowsMilk_10_page_6,999.4,299.3,1079.0
10424419,stimulus_Arg_PISACowsMilk_10_page_6,999.3,299.4,1079.0
10424420,stimulus_Arg_PISACowsMilk_10_page_6,999.3,299.5,1079.0
10424421,stimulus_Arg_PISACowsMilk_10_page_6,999.3,299.6,1079.0
10424422,stimulus_Arg_PISACowsMilk_10_page_6,999.3,299.5,1079.0
10424423,stimulus_Arg_PISACowsMilk_10_page_6,999.3,299.4,1080.0
10424424,stimulus_Arg_PISACowsMilk_10_page_6,999.3,299.4,1080.0
10424425,stimulus_Arg_PISACowsMilk_10_page_6,999.1,299.3,1079.0
10424426,stimulus_Arg_PISACowsMilk_10_page_6,998.9,299.3,1078.0
10424427,stimulus_Arg_PISACowsMilk_10_page_6,998.9,299.2,1078.0
10424428,stimulus_Arg_PISACowsMilk_10_page_6,999.0,299.2,1079.0
10424429,stimulus_Arg_PISACowsMilk_10_page_6,999.2,299.3,1080.0
10424430,stimulus_Arg_PISACowsMilk_10_page_6,999.1,299.5,1081.0
10424431,stimulus_Arg_PISACowsMilk_10_page_6,999.1,300.1,1081.0
10424432,stimulus_Arg_PISACowsMilk_10_page_6,999.0,300.6,1081.0
10424433,stimulus_Arg_PISACowsMilk_10_page_6,999.0,300.8,1082.0
10424434,stimulus_Arg_PISACowsMilk_10_page_6,998.9,300.8,1082.0
10424435,stimulus_Arg_PISACowsMilk_10_page_6,998.9,300.7,1081.0
10424436,stimulus_Arg_PISACowsMilk_10_page_6,998.8,300.5,1081.0
10424437,stimulus_Arg_PISACowsMilk_10_page_6,998.8,300.4,1080.0
10424438,stimulus_Arg_PISACowsMilk_10_page_6,998.8,300.5,1080.0
10424439,stimulus_Arg_PISACowsMilk_10_page_6,998.8,300.7,1081.0
10424440,stimulus_Arg_PISACowsMilk_10_page_6,998.8,300.8,1082.0
10424441,stimulus_Arg_PISACowsMilk_10_page_6,998.8,300.9,1083.0
10424442,stimulus_Arg_PISACowsMilk_10_page_6,998.7,301.0,1083.0
10424443,stimulus_Arg_PISACowsMilk_10_page_6,998.7,301.1,1083.0
10424444,stimulus_Arg_PISACowsMilk_10_page_6,998.6,301.3,1083.0
10424445,stimulus_Arg_PISACowsMilk_10_page_6,998.3,301.6,1083.0
10424446,stimulus_Arg_PISACowsMilk_10_page_6,998.1,301.6,1083.0
10424447,stimulus_Arg_PISACowsMilk_10_page_6,997.9,301.5,1083.0
10424448,stimulus_Arg_PISACowsMilk_10_page_6,997.8,301.3,1083.0
10424449,stimulus_Arg_PISACowsMilk_10_page_6,997.7,301.3,1083.0
10424450,stimulus_Arg_PISACowsMilk_10_page_6,998.0,301.3,1084.0
10424451,stimulus_Arg_PISACowsMilk_10_page_6,998.3,301.3,1085.0
10424452,stimulus_Arg_PISACowsMilk_10_page_6,998.5,301.4,1086.0
10424453,stimulus_Arg_PISACowsMilk_10_page_6,998.3,301.4,1085.0
10424454,stimulus_Arg_PISACowsMilk_10_page_6,998.1,301.4,1084.0
10424455,stimulus_Arg_PISACowsMilk_10_page_6,997.9,301.3,1082.0
10424456,stimulus_Arg_PISACowsMilk_10_page_6,997.6,301.2,1082.0
10424457,stimulus_Arg_PISACowsMilk_10_page_6,997.5,301.0,1082.0
10424458,stimulus_Arg_PISACowsMilk_10_page_6,997.5,300.9,1081.0
10424459,stimulus_Arg_PISACowsMilk_10_page_6,997.6,301.0,1083.0
10424460,stimulus_Arg_PISACowsMilk_10_page_6,997.7,301.1,1085.0
10424461,stimulus_Arg_PISACowsMilk_10_page_6,997.9,301.3,1086.0
10424462,stimulus_Arg_PISACowsMilk_10_page_6,998.1,301.4,1086.0
10424463,stimulus_Arg_PISACowsMilk_10_page_6,998.3,301.4,1086.0
10424464,stimulus_Arg_PISACowsMilk_10_page_6,998.5,301.4,1086.0
10424465,stimulus_Arg_PISACowsMilk_10_page_6,998.6,301.8,1086.0
10424466,stimulus_Arg_PISACowsMilk_10_page_6,998.5,302.2,1086.0
10424467,stimulus_Arg_PISACowsMilk_10_page_6,998.4,302.6,1085.0
10424468,stimulus_Arg_PISACowsMilk_10_page_6,998.4,302.6,1085.0
10424469,stimulus_Arg_PISACowsMilk_10_page_6,998.4,302.6,1085.0
10424470,stimulus_Arg_PISACowsMilk_10_page_6,998.4,302.3,1085.0
10424471,stimulus_Arg_PISACowsMilk_10_page_6,998.4,302.0,1085.0
10424472,stimulus_Arg_PISACowsMilk_10_page_6,998.4,301.8,1086.0
10424473,stimulus_Arg_PISACowsMilk_10_page_6,998.3,301.8,1087.0
10424474,stimulus_Arg_PISACowsMilk_10_page_6,998.2,302.1,1089.0
10424475,stimulus_Arg_PISACowsMilk_10_page_6,998.4,302.8,1091.0
10424476,stimulus_Arg_PISACowsMilk_10_page_6,998.6,303.5,1092.0
10424477,stimulus_Arg_PISACowsMilk_10_page_6,998.8,303.8,1090.0
10424478,stimulus_Arg_PISACowsMilk_10_page_6,998.8,303.8,1089.0
10424479,stimulus_Arg_PISACowsMilk_10_page_6,998.8,303.6,1088.0
10424480,stimulus_Arg_PISACowsMilk_10_page_6,998.9,303.4,1088.0
10424481,stimulus_Arg_PISACowsMilk_10_page_6,998.9,303.2,1088.0
10424482,stimulus_Arg_PISACowsMilk_10_page_6,999.0,303.0,1089.0
10424483,stimulus_Arg_PISACowsMilk_10_page_6,999.0,302.8,1089.0
10424484,stimulus_Arg_PISACowsMilk_10_page_6,999.0,302.7,1090.0
10424485,stimulus_Arg_PISACowsMilk_10_page_6,999.0,302.6,1090.0
10424486,stimulus_Arg_PISACowsMilk_10_page_6,999.0,302.6,1089.0
10424487,stimulus_Arg_PISACowsMilk_10_page_6,999.0,302.6,1089.0
10424488,stimulus_Arg_PISACowsMilk_10_page_6,998.8,302.7,1089.0
10424489,stimulus_Arg_PISACowsMilk_10_page_6,998.6,302.7,1089.0
10424490,stimulus_Arg_PISACowsMilk_10_page_6,998.4,302.6,1088.0
10424491,stimulus_Arg_PISACowsMilk_10_page_6,998.4,302.6,1087.0
10424492,stimulus_Arg_PISACowsMilk_10_page_6,998.4,302.4,1087.0
10424493,stimulus_Arg_PISACowsMilk_10_page_6,998.4,302.3,1087.0
10424494,stimulus_Arg_PISACowsMilk_10_page_6,998.3,302.1,1087.0
10424495,stimulus_Arg_PISACowsMilk_10_page_6,998.3,302.2,1088.0
10424496,stimulus_Arg_PISACowsMilk_10_page_6,998.2,302.1,1088.0
10424497,stimulus_Arg_PISACowsMilk_10_page_6,998.4,302.0,1089.0
10424498,stimulus_Arg_PISACowsMilk_10_page_6,998.5,302.1,1090.0
10424499,stimulus_Arg_PISACowsMilk_10_page_6,998.6,302.6,1092.0
10424500,stimulus_Arg_PISACowsMilk_10_page_6,998.6,303.1,1093.0
10424501,stimulus_Arg_PISACowsMilk_10_page_6,998.6,303.3,1093.0
10424502,stimulus_Arg_PISACowsMilk_10_page_6,998.7,303.2,1093.0
10424503,stimulus_Arg_PISACowsMilk_10_page_6,998.8,303.1,1092.0
10424504,stimulus_Arg_PISACowsMilk_10_page_6,998.7,302.9,1092.0
10424505,stimulus_Arg_PISACowsMilk_10_page_6,998.7,302.9,1091.0
10424506,stimulus_Arg_PISACowsMilk_10_page_6,998.7,303.0,1092.0
10424507,stimulus_Arg_PISACowsMilk_10_page_6,998.8,303.1,1092.0
10424508,stimulus_Arg_PISACowsMilk_10_page_6,998.9,303.2,1093.0
10424509,stimulus_Arg_PISACowsMilk_10_page_6,998.9,303.3,1093.0
10424510,stimulus_Arg_PISACowsMilk_10_page_6,998.9,303.3,1094.0
10424511,stimulus_Arg_PISACowsMilk_10_page_6,998.9,303.3,1094.0
10424512,stimulus_Arg_PISACowsMilk_10_page_6,998.8,303.4,1094.0
10424513,stimulus_Arg_PISACowsMilk_10_page_6,998.9,303.5,1093.0
10424514,stimulus_Arg_PISACowsMilk_10_page_6,999.1,303.6,1093.0
10424515,stimulus_Arg_PISACowsMilk_10_page_6,999.2,303.7,1092.0
10424516,stimulus_Arg_PISACowsMilk_10_page_6,998.8,303.7,1093.0
10424517,stimulus_Arg_PISACowsMilk_10_page_6,998.5,303.8,1094.0
10424518,stimulus_Arg_PISACowsMilk_10_page_6,998.2,304.0,1095.0
10424519,stimulus_Arg_PISACowsMilk_10_page_6,998.2,304.5,1095.0
10424520,stimulus_Arg_PISACowsMilk_10_page_6,998.3,304.8,1095.0
10424521,stimulus_Arg_PISACowsMilk_10_page_6,998.5,305.0,1095.0
10424522,stimulus_Arg_PISACowsMilk_10_page_6,998.5,305.1,1095.0
10424523,stimulus_Arg_PISACowsMilk_10_page_6,998.8,305.3,1096.0
10424524,stimulus_Arg_PISACowsMilk_10_page_6,999.2,305.5,1097.0
10424525,stimulus_Arg_PISACowsMilk_10_page_6,999.5,305.4,1097.0
10424526,stimulus_Arg_PISACowsMilk_10_page_6,999.5,305.6,1098.0
10424527,stimulus_Arg_PISACowsMilk_10_page_6,999.5,305.8,1098.0
10424528,stimulus_Arg_PISACowsMilk_10_page_6,999.4,305.9,1098.0
10424529,stimulus_Arg_PISACowsMilk_10_page_6,999.0,305.9,1096.0
10424530,stimulus_Arg_PISACowsMilk_10_page_6,998.6,305.8,1095.0
10424531,stimulus_Arg_PISACowsMilk_10_page_6,998.2,305.7,1095.0
10424532,stimulus_Arg_PISACowsMilk_10_page_6,998.2,305.7,1095.0
10424533,stimulus_Arg_PISACowsMilk_10_page_6,998.2,305.8,1096.0
10424534,stimulus_Arg_PISACowsMilk_10_page_6,998.3,306.0,1097.0
10424535,stimulus_Arg_PISACowsMilk_10_page_6,998.4,306.7,1098.0
10424536,stimulus_Arg_PISACowsMilk_10_page_6,998.6,307.2,1099.0
10424537,stimulus_Arg_PISACowsMilk_10_page_6,999.2,307.3,1100.0
10424538,stimulus_Arg_PISACowsMilk_10_page_6,1000.5,306.6,1100.0
10424539,stimulus_Arg_PISACowsMilk_10_page_6,1002.0,305.9,1100.0
10424540,stimulus_Arg_PISACowsMilk_10_page_6,1005.3,305.6,1099.0
10424541,stimulus_Arg_PISACowsMilk_10_page_6,1009.9,306.4,1101.0
10424542,stimulus_Arg_PISACowsMilk_10_page_6,1015.4,307.0,1104.0
10424543,stimulus_Arg_PISACowsMilk_10_page_6,1020.4,307.5,1106.0
10424544,stimulus_Arg_PISACowsMilk_10_page_6,1026.0,308.2,1106.0
10424545,stimulus_Arg_PISACowsMilk_10_page_6,1033.4,309.0,1106.0
10424546,stimulus_Arg_PISACowsMilk_10_page_6,1040.5,309.8,1106.0
10424547,stimulus_Arg_PISACowsMilk_10_page_6,1046.2,309.5,1105.0
10424548,stimulus_Arg_PISACowsMilk_10_page_6,1050.8,308.4,1103.0
10424549,stimulus_Arg_PISACowsMilk_10_page_6,1056.3,307.2,1101.0
10424550,stimulus_Arg_PISACowsMilk_10_page_6,1061.9,305.2,1100.0
10424551,stimulus_Arg_PISACowsMilk_10_page_6,1065.7,303.6,1100.0
10424552,stimulus_Arg_PISACowsMilk_10_page_6,1067.3,301.5,1100.0
10424553,stimulus_Arg_PISACowsMilk_10_page_6,1067.7,300.4,1099.0
10424554,stimulus_Arg_PISACowsMilk_10_page_6,1067.5,299.7,1098.0
10424555,stimulus_Arg_PISACowsMilk_10_page_6,1066.9,299.5,1095.0
10424556,stimulus_Arg_PISACowsMilk_10_page_6,1065.0,298.7,1093.0
10424557,stimulus_Arg_PISACowsMilk_10_page_6,1062.7,298.0,1090.0
10424558,stimulus_Arg_PISACowsMilk_10_page_6,1060.0,297.3,1088.0
10424559,stimulus_Arg_PISACowsMilk_10_page_6,1057.4,297.1,1086.0
10424560,stimulus_Arg_PISACowsMilk_10_page_6,1055.0,296.9,1086.0
10424561,stimulus_Arg_PISACowsMilk_10_page_6,1052.5,297.5,1088.0
10424562,stimulus_Arg_PISACowsMilk_10_page_6,1050.7,298.2,1089.0
10424563,stimulus_Arg_PISACowsMilk_10_page_6,1048.8,298.8,1091.0
10424564,stimulus_Arg_PISACowsMilk_10_page_6,1047.3,299.1,1091.0
10424565,stimulus_Arg_PISACowsMilk_10_page_6,1046.2,299.5,1092.0
10424566,stimulus_Arg_PISACowsMilk_10_page_6,1045.8,300.0,1092.0
10424567,stimulus_Arg_PISACowsMilk_10_page_6,1045.8,300.2,1092.0
10424568,stimulus_Arg_PISACowsMilk_10_page_6,1045.8,300.3,1093.0
10424569,stimulus_Arg_PISACowsMilk_10_page_6,1046.3,300.3,1094.0
10424570,stimulus_Arg_PISACowsMilk_10_page_6,1046.8,300.3,1094.0
10424571,stimulus_Arg_PISACowsMilk_10_page_6,1047.4,300.4,1094.0
10424572,stimulus_Arg_PISACowsMilk_10_page_6,1047.3,300.8,1094.0
10424573,stimulus_Arg_PISACowsMilk_10_page_6,1047.6,301.2,1095.0
10424574,stimulus_Arg_PISACowsMilk_10_page_6,1047.9,301.4,1095.0
10424575,stimulus_Arg_PISACowsMilk_10_page_6,1048.2,301.4,1095.0
10424576,stimulus_Arg_PISACowsMilk_10_page_6,1048.3,301.4,1096.0
10424577,stimulus_Arg_PISACowsMilk_10_page_6,1048.9,301.4,1096.0
10424578,stimulus_Arg_PISACowsMilk_10_page_6,1049.5,301.4,1096.0
10424579,stimulus_Arg_PISACowsMilk_10_page_6,1050.1,301.6,1097.0
10424580,stimulus_Arg_PISACowsMilk_10_page_6,1050.3,301.9,1098.0
10424581,stimulus_Arg_PISACowsMilk_10_page_6,1050.6,302.3,1099.0
10424582,stimulus_Arg_PISACowsMilk_10_page_6,1051.1,302.5,1099.0
10424583,stimulus_Arg_PISACowsMilk_10_page_6,1051.3,302.4,1100.0
10424584,stimulus_Arg_PISACowsMilk_10_page_6,1051.5,302.3,1101.0
10424585,stimulus_Arg_PISACowsMilk_10_page_6,1051.8,302.3,1101.0
10424586,stimulus_Arg_PISACowsMilk_10_page_6,1052.2,302.4,1101.0
10424587,stimulus_Arg_PISACowsMilk_10_page_6,1052.6,302.3,1100.0
10424588,stimulus_Arg_PISACowsMilk_10_page_6,1052.6,302.2,1100.0
10424589,stimulus_Arg_PISACowsMilk_10_page_6,1052.6,302.1,1100.0
10424590,stimulus_Arg_PISACowsMilk_10_page_6,1052.5,302.1,1101.0
10424591,stimulus_Arg_PISACowsMilk_10_page_6,1052.3,302.1,1102.0
10424592,stimulus_Arg_PISACowsMilk_10_page_6,1052.0,302.1,1103.0
10424593,stimulus_Arg_PISACowsMilk_10_page_6,1051.9,302.2,1104.0
10424594,stimulus_Arg_PISACowsMilk_10_page_6,1051.9,302.5,1104.0
10424595,stimulus_Arg_PISACowsMilk_10_page_6,1051.9,303.0,1104.0
10424596,stimulus_Arg_PISACowsMilk_10_page_6,1051.9,303.4,1103.0
10424597,stimulus_Arg_PISACowsMilk_10_page_6,1051.8,303.3,1103.0
10424598,stimulus_Arg_PISACowsMilk_10_page_6,1051.8,303.1,1103.0
10424599,stimulus_Arg_PISACowsMilk_10_page_6,1051.9,302.9,1104.0
10424600,stimulus_Arg_PISACowsMilk_10_page_6,1052.0,302.8,1106.0
10424601,stimulus_Arg_PISACowsMilk_10_page_6,1052.0,302.9,1107.0
10424602,stimulus_Arg_PISACowsMilk_10_page_6,1051.9,303.0,1107.0
10424603,stimulus_Arg_PISACowsMilk_10_page_6,1051.8,303.1,1107.0
10424604,stimulus_Arg_PISACowsMilk_10_page_6,1051.9,303.2,1107.0
10424605,stimulus_Arg_PISACowsMilk_10_page_6,1051.9,303.2,1108.0
10424606,stimulus_Arg_PISACowsMilk_10_page_6,1052.0,303.1,1107.0
10424607,stimulus_Arg_PISACowsMilk_10_page_6,1052.1,303.2,1105.0
10424608,stimulus_Arg_PISACowsMilk_10_page_6,1052.1,303.3,1105.0
10424609,stimulus_Arg_PISACowsMilk_10_page_6,1052.2,303.3,1107.0
10424610,stimulus_Arg_PISACowsMilk_10_page_6,1052.1,303.0,1108.0
10424611,stimulus_Arg_PISACowsMilk_10_page_6,1052.0,302.6,1108.0
10424612,stimulus_Arg_PISACowsMilk_10_page_6,1051.8,302.5,1108.0
10424613,stimulus_Arg_PISACowsMilk_10_page_6,1051.7,302.6,1108.0
10424614,stimulus_Arg_PISACowsMilk_10_page_6,1051.5,302.8,1108.0
10424615,stimulus_Arg_PISACowsMilk_10_page_6,1051.3,303.0,1108.0
10424616,stimulus_Arg_PISACowsMilk_10_page_6,1051.2,303.0,1108.0
10424617,stimulus_Arg_PISACowsMilk_10_page_6,1051.2,303.0,1108.0
10424618,stimulus_Arg_PISACowsMilk_10_page_6,1051.4,302.9,1109.0
10424619,stimulus_Arg_PISACowsMilk_10_page_6,1051.6,303.1,1111.0
10424620,stimulus_Arg_PISACowsMilk_10_page_6,1051.9,303.3,1112.0
10424621,stimulus_Arg_PISACowsMilk_10_page_6,1052.0,303.5,1112.0
10424622,stimulus_Arg_PISACowsMilk_10_page_6,1052.1,303.5,1111.0
10424623,stimulus_Arg_PISACowsMilk_10_page_6,1052.1,303.6,1110.0
10424624,stimulus_Arg_PISACowsMilk_10_page_6,1052.0,303.6,1109.0
10424625,stimulus_Arg_PISACowsMilk_10_page_6,1052.0,303.6,1110.0
10424626,stimulus_Arg_PISACowsMilk_10_page_6,1052.0,303.7,1111.0
10424627,stimulus_Arg_PISACowsMilk_10_page_6,1052.0,303.9,1112.0
10424628,stimulus_Arg_PISACowsMilk_10_page_6,1051.9,304.0,1113.0
10424629,stimulus_Arg_PISACowsMilk_10_page_6,1051.7,303.8,1114.0
10424630,stimulus_Arg_PISACowsMilk_10_page_6,1051.5,303.4,1114.0
10424631,stimulus_Arg_PISACowsMilk_10_page_6,1051.7,303.1,1114.0
10424632,stimulus_Arg_PISACowsMilk_10_page_6,1051.9,303.0,1114.0
10424633,stimulus_Arg_PISACowsMilk_10_page_6,1052.1,302.9,1114.0
10424634,stimulus_Arg_PISACowsMilk_10_page_6,1052.2,303.3,1115.0
10424635,stimulus_Arg_PISACowsMilk_10_page_6,1052.3,303.6,1115.0
10424636,stimulus_Arg_PISACowsMilk_10_page_6,1052.3,303.8,1115.0
10424637,stimulus_Arg_PISACowsMilk_10_page_6,1052.3,303.5,1115.0
10424638,stimulus_Arg_PISACowsMilk_10_page_6,1052.2,303.3,1116.0
10424639,stimulus_Arg_PISACowsMilk_10_page_6,1052.1,303.4,1116.0
10424640,stimulus_Arg_PISACowsMilk_10_page_6,1051.9,303.4,1116.0
10424641,stimulus_Arg_PISACowsMilk_10_page_6,1051.8,303.4,1116.0
10424642,stimulus_Arg_PISACowsMilk_10_page_6,1051.9,303.4,1115.0
10424643,stimulus_Arg_PISACowsMilk_10_page_6,1052.0,303.4,1115.0
10424644,stimulus_Arg_PISACowsMilk_10_page_6,1052.2,303.4,1115.0
10424645,stimulus_Arg_PISACowsMilk_10_page_6,1051.9,303.3,1115.0
10424646,stimulus_Arg_PISACowsMilk_10_page_6,1051.7,303.6,1115.0
10424647,stimulus_Arg_PISACowsMilk_10_page_6,1051.4,304.1,1115.0
10424648,stimulus_Arg_PISACowsMilk_10_page_6,1051.8,304.9,1115.0
10424649,stimulus_Arg_PISACowsMilk_10_page_6,1052.1,305.4,1117.0
10424650,stimulus_Arg_PISACowsMilk_10_page_6,1052.4,305.7,1119.0
10424651,stimulus_Arg_PISACowsMilk_10_page_6,1052.3,305.8,1121.0
10424652,stimulus_Arg_PISACowsMilk_10_page_6,1052.3,305.8,1121.0
10424653,stimulus_Arg_PISACowsMilk_10_page_6,1052.2,305.8,1121.0
10424654,stimulus_Arg_PISACowsMilk_10_page_6,1052.1,306.0,1121.0
10424655,stimulus_Arg_PISACowsMilk_10_page_6,1052.1,306.2,1120.0
10424656,stimulus_Arg_PISACowsMilk_10_page_6,1052.2,306.3,1120.0
10424657,stimulus_Arg_PISACowsMilk_10_page_6,1052.5,306.5,1121.0
10424658,stimulus_Arg_PISACowsMilk_10_page_6,1052.7,306.7,1121.0
10424659,stimulus_Arg_PISACowsMilk_10_page_6,1052.6,306.5,1122.0
10424660,stimulus_Arg_PISACowsMilk_10_page_6,1052.0,306.2,1124.0
10424661,stimulus_Arg_PISACowsMilk_10_page_6,1051.5,305.8,1125.0
10424662,stimulus_Arg_PISACowsMilk_10_page_6,1051.3,305.8,1124.0
10424663,stimulus_Arg_PISACowsMilk_10_page_6,1051.3,305.5,1124.0
10424664,stimulus_Arg_PISACowsMilk_10_page_6,1051.4,305.2,1123.0
10424665,stimulus_Arg_PISACowsMilk_10_page_6,1051.4,304.9,1123.0
10424666,stimulus_Arg_PISACowsMilk_10_page_6,1051.5,304.8,1124.0
10424667,stimulus_Arg_PISACowsMilk_10_page_6,1051.5,305.0,1125.0
10424668,stimulus_Arg_PISACowsMilk_10_page_6,1051.4,305.1,1127.0
10424669,stimulus_Arg_PISACowsMilk_10_page_6,1051.3,305.1,1128.0
10424670,stimulus_Arg_PISACowsMilk_10_page_6,1051.3,304.9,1129.0
10424671,stimulus_Arg_PISACowsMilk_10_page_6,1051.4,304.9,1130.0
10424672,stimulus_Arg_PISACowsMilk_10_page_6,1051.3,304.9,1130.0
10424673,stimulus_Arg_PISACowsMilk_10_page_6,1051.2,305.0,1130.0
10424674,stimulus_Arg_PISACowsMilk_10_page_6,1051.0,304.9,1130.0
10424675,stimulus_Arg_PISACowsMilk_10_page_6,1050.8,305.0,1130.0
10424676,stimulus_Arg_PISACowsMilk_10_page_6,1051.0,305.2,1129.0
10424677,stimulus_Arg_PISACowsMilk_10_page_6,1051.3,305.4,1128.0
10424678,stimulus_Arg_PISACowsMilk_10_page_6,1051.5,305.5,1129.0
10424679,stimulus_Arg_PISACowsMilk_10_page_6,1051.5,305.5,1130.0
10424680,stimulus_Arg_PISACowsMilk_10_page_6,1051.3,305.6,1131.0
10424681,stimulus_Arg_PISACowsMilk_10_page_6,1051.1,305.5,1133.0
10424682,stimulus_Arg_PISACowsMilk_10_page_6,1050.7,305.5,1132.0
10424683,stimulus_Arg_PISACowsMilk_10_page_6,1050.4,305.6,1132.0
10424684,stimulus_Arg_PISACowsMilk_10_page_6,1050.2,305.7,1132.0
10424685,stimulus_Arg_PISACowsMilk_10_page_6,1050.1,305.8,1132.0
10424686,stimulus_Arg_PISACowsMilk_10_page_6,1050.3,305.8,1132.0
10424687,stimulus_Arg_PISACowsMilk_10_page_6,1050.6,305.8,1131.0
10424688,stimulus_Arg_PISACowsMilk_10_page_6,1050.7,306.2,1132.0
10424689,stimulus_Arg_PISACowsMilk_10_page_6,1050.5,306.6,1132.0
10424690,stimulus_Arg_PISACowsMilk_10_page_6,1050.4,307.0,1134.0
10424691,stimulus_Arg_PISACowsMilk_10_page_6,1050.4,307.0,1135.0
10424692,stimulus_Arg_PISACowsMilk_10_page_6,1050.5,307.1,1135.0
10424693,stimulus_Arg_PISACowsMilk_10_page_6,1050.6,307.3,1135.0
10424694,stimulus_Arg_PISACowsMilk_10_page_6,1050.8,307.4,1135.0
10424695,stimulus_Arg_PISACowsMilk_10_page_6,1051.0,307.4,1136.0
10424696,stimulus_Arg_PISACowsMilk_10_page_6,1050.9,307.4,1136.0
10424697,stimulus_Arg_PISACowsMilk_10_page_6,1050.8,307.4,1137.0
10424698,stimulus_Arg_PISACowsMilk_10_page_6,1050.7,307.3,1137.0
10424699,stimulus_Arg_PISACowsMilk_10_page_6,1050.8,307.2,1137.0
10424700,stimulus_Arg_PISACowsMilk_10_page_6,1050.7,306.9,1137.0
10424701,stimulus_Arg_PISACowsMilk_10_page_6,1050.5,306.7,1137.0
10424702,stimulus_Arg_PISACowsMilk_10_page_6,1050.4,306.6,1137.0
10424703,stimulus_Arg_PISACowsMilk_10_page_6,1050.4,306.4,1137.0
10424704,stimulus_Arg_PISACowsMilk_10_page_6,1050.4,306.2,1137.0
10424705,stimulus_Arg_PISACowsMilk_10_page_6,1050.4,306.0,1137.0
10424706,stimulus_Arg_PISACowsMilk_10_page_6,1050.5,306.0,1137.0
10424707,stimulus_Arg_PISACowsMilk_10_page_6,1050.6,305.8,1137.0
10424708,stimulus_Arg_PISACowsMilk_10_page_6,1050.4,305.4,1138.0
10424709,stimulus_Arg_PISACowsMilk_10_page_6,1050.2,305.0,1138.0
10424710,stimulus_Arg_PISACowsMilk_10_page_6,1050.0,304.7,1138.0
10424711,stimulus_Arg_PISACowsMilk_10_page_6,1050.3,304.7,1138.0
10424712,stimulus_Arg_PISACowsMilk_10_page_6,1050.5,304.8,1137.0
10424713,stimulus_Arg_PISACowsMilk_10_page_6,1050.7,304.9,1137.0
10424714,stimulus_Arg_PISACowsMilk_10_page_6,1050.7,304.9,1136.0
10424715,stimulus_Arg_PISACowsMilk_10_page_6,1050.6,304.9,1137.0
10424716,stimulus_Arg_PISACowsMilk_10_page_6,1050.5,304.9,1138.0
10424717,stimulus_Arg_PISACowsMilk_10_page_6,1050.2,305.0,1140.0
10424718,stimulus_Arg_PISACowsMilk_10_page_6,1049.8,305.0,1141.0
10424719,stimulus_Arg_PISACowsMilk_10_page_6,1049.7,305.0,1141.0
10424720,stimulus_Arg_PISACowsMilk_10_page_6,1050.1,305.6,1141.0
10424721,stimulus_Arg_PISACowsMilk_10_page_6,1051.4,306.2,1141.0
10424722,stimulus_Arg_PISACowsMilk_10_page_6,1053.2,306.9,1141.0
10424723,stimulus_Arg_PISACowsMilk_10_page_6,1055.4,307.0,1142.0
10424724,stimulus_Arg_PISACowsMilk_10_page_6,1057.7,306.3,1143.0
10424725,stimulus_Arg_PISACowsMilk_10_page_6,1061.0,305.5,1143.0
10424726,stimulus_Arg_PISACowsMilk_10_page_6,1066.2,305.1,1143.0
10424727,stimulus_Arg_PISACowsMilk_10_page_6,1072.4,305.5,1143.0
10424728,stimulus_Arg_PISACowsMilk_10_page_6,1078.8,306.0,1143.0
10424729,stimulus_Arg_PISACowsMilk_10_page_6,1085.6,307.5,1145.0
10424730,stimulus_Arg_PISACowsMilk_10_page_6,1093.6,308.9,1147.0
10424731,stimulus_Arg_PISACowsMilk_10_page_6,1101.3,310.3,1149.0
10424732,stimulus_Arg_PISACowsMilk_10_page_6,1108.4,309.1,1149.0
10424733,stimulus_Arg_PISACowsMilk_10_page_6,1114.9,307.8,1148.0
10424734,stimulus_Arg_PISACowsMilk_10_page_6,1120.7,306.4,1147.0
10424735,stimulus_Arg_PISACowsMilk_10_page_6,1125.8,304.9,1144.0
10424736,stimulus_Arg_PISACowsMilk_10_page_6,1129.6,303.0,1142.0
10424737,stimulus_Arg_PISACowsMilk_10_page_6,1133.6,301.2,1140.0
10424738,stimulus_Arg_PISACowsMilk_10_page_6,1136.5,301.3,1138.0
10424739,stimulus_Arg_PISACowsMilk_10_page_6,1138.2,301.7,1136.0
10424740,stimulus_Arg_PISACowsMilk_10_page_6,1138.5,301.5,1134.0
10424741,stimulus_Arg_PISACowsMilk_10_page_6,1138.3,301.0,1133.0
10424742,stimulus_Arg_PISACowsMilk_10_page_6,1137.4,300.5,1132.0
10424743,stimulus_Arg_PISACowsMilk_10_page_6,1136.2,300.5,1131.0
10424744,stimulus_Arg_PISACowsMilk_10_page_6,1134.0,300.2,1131.0
10424745,stimulus_Arg_PISACowsMilk_10_page_6,1131.6,299.9,1129.0
10424746,stimulus_Arg_PISACowsMilk_10_page_6,1129.1,299.9,1128.0
10424747,stimulus_Arg_PISACowsMilk_10_page_6,1126.8,300.2,1127.0
10424748,stimulus_Arg_PISACowsMilk_10_page_6,1124.8,300.7,1128.0
10424749,stimulus_Arg_PISACowsMilk_10_page_6,1122.6,300.8,1130.0
10424750,stimulus_Arg_PISACowsMilk_10_page_6,1120.4,300.8,1133.0
10424751,stimulus_Arg_PISACowsMilk_10_page_6,1118.2,300.7,1135.0
10424752,stimulus_Arg_PISACowsMilk_10_page_6,1116.5,300.6,1136.0
10424753,stimulus_Arg_PISACowsMilk_10_page_6,1114.7,300.5,1137.0
10424754,stimulus_Arg_PISACowsMilk_10_page_6,1113.5,300.4,1138.0
10424755,stimulus_Arg_PISACowsMilk_10_page_6,1112.7,300.8,1140.0
10424756,stimulus_Arg_PISACowsMilk_10_page_6,1112.8,301.2,1142.0
10424757,stimulus_Arg_PISACowsMilk_10_page_6,1113.0,301.5,1143.0
10424758,stimulus_Arg_PISACowsMilk_10_page_6,1113.2,301.9,1143.0
10424759,stimulus_Arg_PISACowsMilk_10_page_6,1113.6,302.3,1143.0
10424760,stimulus_Arg_PISACowsMilk_10_page_6,1114.7,302.8,1143.0
10424761,stimulus_Arg_PISACowsMilk_10_page_6,1116.1,302.9,1144.0
10424762,stimulus_Arg_PISACowsMilk_10_page_6,1117.5,303.1,1144.0
10424763,stimulus_Arg_PISACowsMilk_10_page_6,1118.5,303.2,1143.0
10424764,stimulus_Arg_PISACowsMilk_10_page_6,1119.6,303.2,1142.0
10424765,stimulus_Arg_PISACowsMilk_10_page_6,1120.4,303.3,1141.0
10424766,stimulus_Arg_PISACowsMilk_10_page_6,1121.0,303.2,1141.0
10424767,stimulus_Arg_PISACowsMilk_10_page_6,1121.2,303.1,1142.0
10424768,stimulus_Arg_PISACowsMilk_10_page_6,1121.4,302.8,1143.0
10424769,stimulus_Arg_PISACowsMilk_10_page_6,1121.3,302.7,1143.0
10424770,stimulus_Arg_PISACowsMilk_10_page_6,1121.2,302.6,1144.0
10424771,stimulus_Arg_PISACowsMilk_10_page_6,1121.1,302.6,1145.0
10424772,stimulus_Arg_PISACowsMilk_10_page_6,1121.3,302.6,1146.0
10424773,stimulus_Arg_PISACowsMilk_10_page_6,1121.6,302.7,1146.0
10424774,stimulus_Arg_PISACowsMilk_10_page_6,1121.9,302.7,1146.0
10424775,stimulus_Arg_PISACowsMilk_10_page_6,1122.0,302.6,1146.0
10424776,stimulus_Arg_PISACowsMilk_10_page_6,1122.0,302.2,1146.0
10424777,stimulus_Arg_PISACowsMilk_10_page_6,1121.9,301.9,1146.0
10424778,stimulus_Arg_PISACowsMilk_10_page_6,1121.7,301.7,1146.0
10424779,stimulus_Arg_PISACowsMilk_10_page_6,1121.5,301.1,1147.0
10424780,stimulus_Arg_PISACowsMilk_10_page_6,1121.3,300.5,1146.0
10424781,stimulus_Arg_PISACowsMilk_10_page_6,1121.2,299.8,1145.0
10424782,stimulus_Arg_PISACowsMilk_10_page_6,1121.1,299.7,1144.0
10424783,stimulus_Arg_PISACowsMilk_10_page_6,1120.8,299.7,1145.0
10424784,stimulus_Arg_PISACowsMilk_10_page_6,1120.5,300.2,1145.0
10424785,stimulus_Arg_PISACowsMilk_10_page_6,1120.2,300.6,1145.0
10424786,stimulus_Arg_PISACowsMilk_10_page_6,1119.8,300.8,1146.0
10424787,stimulus_Arg_PISACowsMilk_10_page_6,1119.5,300.5,1147.0
10424788,stimulus_Arg_PISACowsMilk_10_page_6,1119.4,299.6,1147.0
10424789,stimulus_Arg_PISACowsMilk_10_page_6,1119.5,298.9,1147.0
10424790,stimulus_Arg_PISACowsMilk_10_page_6,1119.6,298.6,1147.0
10424791,stimulus_Arg_PISACowsMilk_10_page_6,1119.6,298.8,1147.0
10424792,stimulus_Arg_PISACowsMilk_10_page_6,1119.6,299.0,1147.0
10424793,stimulus_Arg_PISACowsMilk_10_page_6,1119.6,298.9,1147.0
10424794,stimulus_Arg_PISACowsMilk_10_page_6,1119.6,298.9,1146.0
10424795,stimulus_Arg_PISACowsMilk_10_page_6,1119.7,298.9,1145.0
10424796,stimulus_Arg_PISACowsMilk_10_page_6,1119.5,298.9,1145.0
10424797,stimulus_Arg_PISACowsMilk_10_page_6,1119.4,299.0,1146.0
10424798,stimulus_Arg_PISACowsMilk_10_page_6,1119.3,299.1,1148.0
10424799,stimulus_Arg_PISACowsMilk_10_page_6,1119.5,299.4,1149.0
10424800,stimulus_Arg_PISACowsMilk_10_page_6,1119.6,299.8,1149.0
10424801,stimulus_Arg_PISACowsMilk_10_page_6,1119.6,300.0,1149.0
10424802,stimulus_Arg_PISACowsMilk_10_page_6,1119.6,299.8,1149.0
10424803,stimulus_Arg_PISACowsMilk_10_page_6,1119.8,299.6,1149.0
10424804,stimulus_Arg_PISACowsMilk_10_page_6,1120.1,299.8,1149.0
10424805,stimulus_Arg_PISACowsMilk_10_page_6,1120.4,300.2,1150.0
10424806,stimulus_Arg_PISACowsMilk_10_page_6,1120.4,300.6,1149.0
10424807,stimulus_Arg_PISACowsMilk_10_page_6,1120.3,300.6,1149.0
10424808,stimulus_Arg_PISACowsMilk_10_page_6,1120.3,300.6,1149.0
10424809,stimulus_Arg_PISACowsMilk_10_page_6,1120.2,300.6,1150.0
10424810,stimulus_Arg_PISACowsMilk_10_page_6,1120.2,300.6,1151.0
10424811,stimulus_Arg_PISACowsMilk_10_page_6,1120.1,300.5,1152.0
10424812,stimulus_Arg_PISACowsMilk_10_page_6,1119.6,300.4,1152.0
10424813,stimulus_Arg_PISACowsMilk_10_page_6,1119.1,300.3,1152.0
10424814,stimulus_Arg_PISACowsMilk_10_page_6,1118.6,300.4,1151.0
10424815,stimulus_Arg_PISACowsMilk_10_page_6,1118.6,300.4,1150.0
10424816,stimulus_Arg_PISACowsMilk_10_page_6,1118.6,300.4,1149.0
10424817,stimulus_Arg_PISACowsMilk_10_page_6,1118.6,300.4,1149.0
10424818,stimulus_Arg_PISACowsMilk_10_page_6,1118.5,300.3,1149.0
10424819,stimulus_Arg_PISACowsMilk_10_page_6,1118.5,300.9,1150.0
10424820,stimulus_Arg_PISACowsMilk_10_page_6,1118.6,301.7,1151.0
10424821,stimulus_Arg_PISACowsMilk_10_page_6,1118.7,302.1,1151.0
10424822,stimulus_Arg_PISACowsMilk_10_page_6,1118.8,301.7,1151.0
10424823,stimulus_Arg_PISACowsMilk_10_page_6,1118.7,301.4,1150.0
10424824,stimulus_Arg_PISACowsMilk_10_page_6,1118.4,301.5,1149.0
10424825,stimulus_Arg_PISACowsMilk_10_page_6,1118.3,301.7,1148.0
10424826,stimulus_Arg_PISACowsMilk_10_page_6,1118.5,301.8,1149.0
10424827,stimulus_Arg_PISACowsMilk_10_page_6,1118.5,302.1,1149.0
10424828,stimulus_Arg_PISACowsMilk_10_page_6,1118.3,302.3,1151.0
10424829,stimulus_Arg_PISACowsMilk_10_page_6,1118.0,302.5,1152.0
10424830,stimulus_Arg_PISACowsMilk_10_page_6,1117.9,302.5,1153.0
10424831,stimulus_Arg_PISACowsMilk_10_page_6,1117.8,302.5,1152.0
10424832,stimulus_Arg_PISACowsMilk_10_page_6,1117.7,302.6,1153.0
10424833,stimulus_Arg_PISACowsMilk_10_page_6,1118.1,302.8,1155.0
10424834,stimulus_Arg_PISACowsMilk_10_page_6,1118.5,302.4,1155.0
10424835,stimulus_Arg_PISACowsMilk_10_page_6,1118.9,301.9,1153.0
10424836,stimulus_Arg_PISACowsMilk_10_page_6,1118.8,301.4,1152.0
10424837,stimulus_Arg_PISACowsMilk_10_page_6,1118.6,301.4,1154.0
10424838,stimulus_Arg_PISACowsMilk_10_page_6,1118.4,301.4,1155.0
10424839,stimulus_Arg_PISACowsMilk_10_page_6,1118.3,301.6,1155.0
10424840,stimulus_Arg_PISACowsMilk_10_page_6,1118.3,301.8,1156.0
10424841,stimulus_Arg_PISACowsMilk_10_page_6,1118.6,302.0,1157.0
10424842,stimulus_Arg_PISACowsMilk_10_page_6,1118.7,302.0,1157.0
10424843,stimulus_Arg_PISACowsMilk_10_page_6,1118.8,302.2,1156.0
10424844,stimulus_Arg_PISACowsMilk_10_page_6,1118.8,302.4,1154.0
10424845,stimulus_Arg_PISACowsMilk_10_page_6,1118.9,302.8,1155.0
10424846,stimulus_Arg_PISACowsMilk_10_page_6,1118.9,303.1,1156.0
10424847,stimulus_Arg_PISACowsMilk_10_page_6,1118.9,303.3,1156.0
10424848,stimulus_Arg_PISACowsMilk_10_page_6,1119.0,303.2,1157.0
10424849,stimulus_Arg_PISACowsMilk_10_page_6,1119.0,303.2,1158.0
10424850,stimulus_Arg_PISACowsMilk_10_page_6,1119.1,303.2,1158.0
10424851,stimulus_Arg_PISACowsMilk_10_page_6,1119.0,303.0,1159.0
10424852,stimulus_Arg_PISACowsMilk_10_page_6,1119.0,302.9,1159.0
10424853,stimulus_Arg_PISACowsMilk_10_page_6,1119.0,302.8,1159.0
10424854,stimulus_Arg_PISACowsMilk_10_page_6,1118.8,303.0,1159.0
10424855,stimulus_Arg_PISACowsMilk_10_page_6,1118.7,303.1,1160.0
10424856,stimulus_Arg_PISACowsMilk_10_page_6,1118.5,303.2,1161.0
10424857,stimulus_Arg_PISACowsMilk_10_page_6,1118.4,303.3,1163.0
10424858,stimulus_Arg_PISACowsMilk_10_page_6,1118.3,303.5,1163.0
10424859,stimulus_Arg_PISACowsMilk_10_page_6,1118.2,303.6,1164.0
10424860,stimulus_Arg_PISACowsMilk_10_page_6,1118.1,303.8,1165.0
10424861,stimulus_Arg_PISACowsMilk_10_page_6,1118.0,303.8,1166.0
10424862,stimulus_Arg_PISACowsMilk_10_page_6,1118.3,303.9,1168.0
10424863,stimulus_Arg_PISACowsMilk_10_page_6,1118.7,303.9,1169.0
10424864,stimulus_Arg_PISACowsMilk_10_page_6,1119.0,303.9,1168.0
10424865,stimulus_Arg_PISACowsMilk_10_page_6,1118.8,303.9,1167.0
10424866,stimulus_Arg_PISACowsMilk_10_page_6,1119.2,303.8,1165.0
10424867,stimulus_Arg_PISACowsMilk_10_page_6,1119.6,303.9,1164.0
10424868,stimulus_Arg_PISACowsMilk_10_page_6,1119.8,304.0,1164.0
10424869,stimulus_Arg_PISACowsMilk_10_page_6,1119.4,303.8,1164.0
10424870,stimulus_Arg_PISACowsMilk_10_page_6,1119.4,303.6,1163.0
10424871,stimulus_Arg_PISACowsMilk_10_page_6,1119.6,303.7,1165.0
10424872,stimulus_Arg_PISACowsMilk_10_page_6,1119.8,304.1,1167.0
10424873,stimulus_Arg_PISACowsMilk_10_page_6,1119.8,304.6,1169.0
10424874,stimulus_Arg_PISACowsMilk_10_page_6,1119.7,304.7,1170.0
10424875,stimulus_Arg_PISACowsMilk_10_page_6,1119.6,304.4,1170.0
10424876,stimulus_Arg_PISACowsMilk_10_page_6,1119.5,304.2,1169.0
10424877,stimulus_Arg_PISACowsMilk_10_page_6,1119.3,303.8,1169.0
10424878,stimulus_Arg_PISACowsMilk_10_page_6,1119.1,303.7,1170.0
10424879,stimulus_Arg_PISACowsMilk_10_page_6,1119.2,303.6,1171.0
10424880,stimulus_Arg_PISACowsMilk_10_page_6,1119.3,303.5,1171.0
10424881,stimulus_Arg_PISACowsMilk_10_page_6,1119.4,303.4,1170.0
10424882,stimulus_Arg_PISACowsMilk_10_page_6,1119.4,303.3,1169.0
10424883,stimulus_Arg_PISACowsMilk_10_page_6,1119.4,303.7,1170.0
10424884,stimulus_Arg_PISACowsMilk_10_page_6,1119.4,304.1,1170.0
10424885,stimulus_Arg_PISACowsMilk_10_page_6,1119.3,304.4,1171.0
10424886,stimulus_Arg_PISACowsMilk_10_page_6,1119.3,304.3,1171.0
10424887,stimulus_Arg_PISACowsMilk_10_page_6,1119.2,304.2,1171.0
10424888,stimulus_Arg_PISACowsMilk_10_page_6,1119.1,304.2,1172.0
10424889,stimulus_Arg_PISACowsMilk_10_page_6,1119.3,304.1,1172.0
10424890,stimulus_Arg_PISACowsMilk_10_page_6,1119.6,303.9,1173.0
10424891,stimulus_Arg_PISACowsMilk_10_page_6,1119.8,303.7,1173.0
10424892,stimulus_Arg_PISACowsMilk_10_page_6,1119.8,303.6,1174.0
10424893,stimulus_Arg_PISACowsMilk_10_page_6,1119.8,303.7,1174.0
10424894,stimulus_Arg_PISACowsMilk_10_page_6,1119.8,303.9,1174.0
10424895,stimulus_Arg_PISACowsMilk_10_page_6,1119.8,304.1,1175.0
10424896,stimulus_Arg_PISACowsMilk_10_page_6,1119.7,304.3,1175.0
10424897,stimulus_Arg_PISACowsMilk_10_page_6,1119.7,304.3,1174.0
10424898,stimulus_Arg_PISACowsMilk_10_page_6,1119.7,304.2,1174.0
10424899,stimulus_Arg_PISACowsMilk_10_page_6,1119.7,304.2,1173.0
10424900,stimulus_Arg_PISACowsMilk_10_page_6,1119.7,304.1,1174.0
10424901,stimulus_Arg_PISACowsMilk_10_page_6,1119.7,303.9,1176.0
10424902,stimulus_Arg_PISACowsMilk_10_page_6,1119.7,303.8,1177.0
10424903,stimulus_Arg_PISACowsMilk_10_page_6,1119.6,303.7,1177.0
10424904,stimulus_Arg_PISACowsMilk_10_page_6,1119.6,303.6,1176.0
10424905,stimulus_Arg_PISACowsMilk_10_page_6,1119.5,303.8,1175.0
10424906,stimulus_Arg_PISACowsMilk_10_page_6,1119.6,304.0,1175.0
10424907,stimulus_Arg_PISACowsMilk_10_page_6,1119.7,304.3,1175.0
10424908,stimulus_Arg_PISACowsMilk_10_page_6,1119.9,304.4,1175.0
10424909,stimulus_Arg_PISACowsMilk_10_page_6,1119.9,304.3,1175.0
10424910,stimulus_Arg_PISACowsMilk_10_page_6,1119.9,304.3,1176.0
10424911,stimulus_Arg_PISACowsMilk_10_page_6,1119.9,304.2,1177.0
10424912,stimulus_Arg_PISACowsMilk_10_page_6,1119.7,304.2,1179.0
10424913,stimulus_Arg_PISACowsMilk_10_page_6,1119.4,304.2,1179.0
10424914,stimulus_Arg_PISACowsMilk_10_page_6,1119.3,304.2,1179.0
10424915,stimulus_Arg_PISACowsMilk_10_page_6,1119.5,304.2,1178.0
10424916,stimulus_Arg_PISACowsMilk_10_page_6,1119.7,304.2,1178.0
10424917,stimulus_Arg_PISACowsMilk_10_page_6,1119.9,304.2,1178.0
10424918,stimulus_Arg_PISACowsMilk_10_page_6,1120.2,304.3,1179.0
10424919,stimulus_Arg_PISACowsMilk_10_page_6,1120.4,304.3,1180.0
10424920,stimulus_Arg_PISACowsMilk_10_page_6,1120.7,304.4,1180.0
10424921,stimulus_Arg_PISACowsMilk_10_page_6,1120.9,304.5,1180.0
10424922,stimulus_Arg_PISACowsMilk_10_page_6,1121.2,304.7,1180.0
10424923,stimulus_Arg_PISACowsMilk_10_page_6,1121.2,305.3,1179.0
10424924,stimulus_Arg_PISACowsMilk_10_page_6,1121.1,305.8,1179.0
10424925,stimulus_Arg_PISACowsMilk_10_page_6,1121.1,305.6,1178.0
10424926,stimulus_Arg_PISACowsMilk_10_page_6,1121.0,305.0,1178.0
10424927,stimulus_Arg_PISACowsMilk_10_page_6,1120.8,304.3,1179.0
10424928,stimulus_Arg_PISACowsMilk_10_page_6,1120.8,304.3,1179.0
10424929,stimulus_Arg_PISACowsMilk_10_page_6,1120.7,304.3,1180.0
10424930,stimulus_Arg_PISACowsMilk_10_page_6,1120.7,304.3,1181.0
10424931,stimulus_Arg_PISACowsMilk_10_page_6,1120.7,304.3,1183.0
10424932,stimulus_Arg_PISACowsMilk_10_page_6,1120.5,304.3,1185.0
10424933,stimulus_Arg_PISACowsMilk_10_page_6,1120.2,304.4,1185.0
10424934,stimulus_Arg_PISACowsMilk_10_page_6,1120.1,304.6,1186.0
10424935,stimulus_Arg_PISACowsMilk_10_page_6,1120.2,305.0,1186.0
10424936,stimulus_Arg_PISACowsMilk_10_page_6,1120.3,305.2,1185.0
10424937,stimulus_Arg_PISACowsMilk_10_page_6,1120.4,305.6,1185.0
10424938,stimulus_Arg_PISACowsMilk_10_page_6,1120.3,306.0,1185.0
10424939,stimulus_Arg_PISACowsMilk_10_page_6,1120.3,306.3,1185.0
10424940,stimulus_Arg_PISACowsMilk_10_page_6,1120.3,306.6,1186.0
10424941,stimulus_Arg_PISACowsMilk_10_page_6,1120.3,306.7,1186.0
10424942,stimulus_Arg_PISACowsMilk_10_page_6,1120.3,306.7,1186.0
10424943,stimulus_Arg_PISACowsMilk_10_page_6,1120.2,306.2,1187.0
10424944,stimulus_Arg_PISACowsMilk_10_page_6,1120.1,305.8,1187.0
10424945,stimulus_Arg_PISACowsMilk_10_page_6,1120.0,305.6,1187.0
10424946,stimulus_Arg_PISACowsMilk_10_page_6,1120.1,305.7,1187.0
10424947,stimulus_Arg_PISACowsMilk_10_page_6,1120.1,305.8,1187.0
10424948,stimulus_Arg_PISACowsMilk_10_page_6,1120.2,306.2,1188.0
10424949,stimulus_Arg_PISACowsMilk_10_page_6,1120.6,306.5,1189.0
10424950,stimulus_Arg_PISACowsMilk_10_page_6,1120.9,306.7,1189.0
10424951,stimulus_Arg_PISACowsMilk_10_page_6,1121.2,306.6,1190.0
10424952,stimulus_Arg_PISACowsMilk_10_page_6,1121.3,306.7,1190.0
10424953,stimulus_Arg_PISACowsMilk_10_page_6,1121.5,306.9,1190.0
10424954,stimulus_Arg_PISACowsMilk_10_page_6,1121.6,307.1,1190.0
10424955,stimulus_Arg_PISACowsMilk_10_page_6,1121.5,307.2,1190.0
10424956,stimulus_Arg_PISACowsMilk_10_page_6,1121.4,307.2,1190.0
10424957,stimulus_Arg_PISACowsMilk_10_page_6,1121.5,306.8,1190.0
10424958,stimulus_Arg_PISACowsMilk_10_page_6,1121.6,306.2,1190.0
10424959,stimulus_Arg_PISACowsMilk_10_page_6,1121.7,305.6,1190.0
10424960,stimulus_Arg_PISACowsMilk_10_page_6,1122.0,305.5,1190.0
10424961,stimulus_Arg_PISACowsMilk_10_page_6,1122.3,305.6,1191.0
10424962,stimulus_Arg_PISACowsMilk_10_page_6,1122.6,305.9,1191.0
10424963,stimulus_Arg_PISACowsMilk_10_page_6,1122.7,306.1,1191.0
10424964,stimulus_Arg_PISACowsMilk_10_page_6,1122.7,306.2,1190.0
10424965,stimulus_Arg_PISACowsMilk_10_page_6,1122.7,306.2,1190.0
10424966,stimulus_Arg_PISACowsMilk_10_page_6,1122.7,306.2,1190.0
10424967,stimulus_Arg_PISACowsMilk_10_page_6,1122.6,306.3,1191.0
10424968,stimulus_Arg_PISACowsMilk_10_page_6,1122.5,306.3,1193.0
10424969,stimulus_Arg_PISACowsMilk_10_page_6,1122.3,306.4,1193.0
10424970,stimulus_Arg_PISACowsMilk_10_page_6,1122.2,306.5,1193.0
10424971,stimulus_Arg_PISACowsMilk_10_page_6,1122.0,306.7,1194.0
10424972,stimulus_Arg_PISACowsMilk_10_page_6,1121.9,306.8,1196.0
10424973,stimulus_Arg_PISACowsMilk_10_page_6,1122.0,306.7,1196.0
10424974,stimulus_Arg_PISACowsMilk_10_page_6,1122.2,306.7,1196.0
10424975,stimulus_Arg_PISACowsMilk_10_page_6,1122.4,306.5,1195.0
10424976,stimulus_Arg_PISACowsMilk_10_page_6,1122.4,306.4,1195.0
10424977,stimulus_Arg_PISACowsMilk_10_page_6,1122.4,306.4,1195.0
10424978,stimulus_Arg_PISACowsMilk_10_page_6,1122.3,306.2,1196.0
10424979,stimulus_Arg_PISACowsMilk_10_page_6,1122.3,306.1,1197.0
10424980,stimulus_Arg_PISACowsMilk_10_page_6,1122.3,306.1,1198.0
10424981,stimulus_Arg_PISACowsMilk_10_page_6,1122.3,306.2,1199.0
10424982,stimulus_Arg_PISACowsMilk_10_page_6,1122.4,306.4,1201.0
10424983,stimulus_Arg_PISACowsMilk_10_page_6,1122.5,306.5,1201.0
10424984,stimulus_Arg_PISACowsMilk_10_page_6,1122.5,306.6,1202.0
10424985,stimulus_Arg_PISACowsMilk_10_page_6,1122.4,306.6,1202.0
10424986,stimulus_Arg_PISACowsMilk_10_page_6,1122.4,306.7,1203.0
10424987,stimulus_Arg_PISACowsMilk_10_page_6,1122.2,306.6,1203.0
10424988,stimulus_Arg_PISACowsMilk_10_page_6,1122.0,306.7,1204.0
10424989,stimulus_Arg_PISACowsMilk_10_page_6,1121.8,306.7,1204.0
10424990,stimulus_Arg_PISACowsMilk_10_page_6,1121.8,306.7,1204.0
10424991,stimulus_Arg_PISACowsMilk_10_page_6,1121.5,306.5,1204.0
10424992,stimulus_Arg_PISACowsMilk_10_page_6,1121.3,306.3,1204.0
10424993,stimulus_Arg_PISACowsMilk_10_page_6,1121.2,306.7,1206.0
10424994,stimulus_Arg_PISACowsMilk_10_page_6,1121.3,307.3,1207.0
10424995,stimulus_Arg_PISACowsMilk_10_page_6,1121.5,307.9,1208.0
10424996,stimulus_Arg_PISACowsMilk_10_page_6,1121.6,307.8,1208.0
10424997,stimulus_Arg_PISACowsMilk_10_page_6,1121.7,307.7,1208.0
10424998,stimulus_Arg_PISACowsMilk_10_page_6,1121.8,307.7,1208.0
10424999,stimulus_Arg_PISACowsMilk_10_page_6,1121.8,307.7,1209.0
10425000,stimulus_Arg_PISACowsMilk_10_page_6,1121.9,307.7,1209.0
10425001,stimulus_Arg_PISACowsMilk_10_page_6,1121.7,307.6,1210.0
10425002,stimulus_Arg_PISACowsMilk_10_page_6,1121.5,307.4,1210.0
10425003,stimulus_Arg_PISACowsMilk_10_page_6,1121.3,307.4,1211.0
10425004,stimulus_Arg_PISACowsMilk_10_page_6,1121.3,307.4,1211.0
10425005,stimulus_Arg_PISACowsMilk_10_page_6,1121.4,307.5,1211.0
10425006,stimulus_Arg_PISACowsMilk_10_page_6,1121.5,307.5,1211.0
10425007,stimulus_Arg_PISACowsMilk_10_page_6,1121.6,307.5,1211.0
10425008,stimulus_Arg_PISACowsMilk_10_page_6,1121.6,307.4,1211.0
10425009,stimulus_Arg_PISACowsMilk_10_page_6,1121.7,307.5,1211.0
10425010,stimulus_Arg_PISACowsMilk_10_page_6,1121.9,307.5,1212.0
10425011,stimulus_Arg_PISACowsMilk_10_page_6,1122.1,307.5,1212.0
10425012,stimulus_Arg_PISACowsMilk_10_page_6,1122.2,307.5,1213.0
10425013,stimulus_Arg_PISACowsMilk_10_page_6,1122.2,307.5,1213.0
10425014,stimulus_Arg_PISACowsMilk_10_page_6,1122.0,307.4,1212.0
10425015,stimulus_Arg_PISACowsMilk_10_page_6,1121.5,307.3,1212.0
10425016,stimulus_Arg_PISACowsMilk_10_page_6,1120.9,307.1,1211.0
10425017,stimulus_Arg_PISACowsMilk_10_page_6,1120.3,306.9,1211.0
10425018,stimulus_Arg_PISACowsMilk_10_page_6,1119.5,306.8,1211.0
10425019,stimulus_Arg_PISACowsMilk_10_page_6,1118.0,307.2,1211.0
10425020,stimulus_Arg_PISACowsMilk_10_page_6,1115.1,307.6,1210.0
10425021,stimulus_Arg_PISACowsMilk_10_page_6,1111.0,308.1,1210.0
10425022,stimulus_Arg_PISACowsMilk_10_page_6,1106.8,307.4,1211.0
10425023,stimulus_Arg_PISACowsMilk_10_page_6,1103.0,306.6,1212.0
10425024,stimulus_Arg_PISACowsMilk_10_page_6,1099.8,305.9,1212.0
10425025,stimulus_Arg_PISACowsMilk_10_page_6,1096.9,305.9,1211.0
10425026,stimulus_Arg_PISACowsMilk_10_page_6,1093.8,306.1,1210.0
10425027,stimulus_Arg_PISACowsMilk_10_page_6,1090.2,306.3,1209.0
10425028,stimulus_Arg_PISACowsMilk_10_page_6,1087.4,306.6,1211.0
10425029,stimulus_Arg_PISACowsMilk_10_page_6,1086.0,307.1,1213.0
10425030,stimulus_Arg_PISACowsMilk_10_page_6,1085.8,307.7,1216.0
10425031,stimulus_Arg_PISACowsMilk_10_page_6,1086.1,308.2,1218.0
10425032,stimulus_Arg_PISACowsMilk_10_page_6,1086.9,308.4,1221.0
10425033,stimulus_Arg_PISACowsMilk_10_page_6,1088.4,308.5,1221.0
10425034,stimulus_Arg_PISACowsMilk_10_page_6,1089.7,308.9,1221.0
10425035,stimulus_Arg_PISACowsMilk_10_page_6,1091.0,309.3,1221.0
10425036,stimulus_Arg_PISACowsMilk_10_page_6,1091.9,309.6,1222.0
10425037,stimulus_Arg_PISACowsMilk_10_page_6,1093.2,309.8,1223.0
10425038,stimulus_Arg_PISACowsMilk_10_page_6,1094.4,310.0,1224.0
10425039,stimulus_Arg_PISACowsMilk_10_page_6,1095.5,310.2,1224.0
10425040,stimulus_Arg_PISACowsMilk_10_page_6,1096.2,310.0,1223.0
10425041,stimulus_Arg_PISACowsMilk_10_page_6,1096.5,309.8,1222.0
10425042,stimulus_Arg_PISACowsMilk_10_page_6,1096.6,309.5,1222.0
10425043,stimulus_Arg_PISACowsMilk_10_page_6,1096.7,309.4,1222.0
10425044,stimulus_Arg_PISACowsMilk_10_page_6,1096.7,308.9,1222.0
10425045,stimulus_Arg_PISACowsMilk_10_page_6,1096.9,308.5,1222.0
10425046,stimulus_Arg_PISACowsMilk_10_page_6,1097.0,308.2,1223.0
10425047,stimulus_Arg_PISACowsMilk_10_page_6,1096.9,308.4,1224.0
10425048,stimulus_Arg_PISACowsMilk_10_page_6,1096.7,308.7,1224.0
10425049,stimulus_Arg_PISACowsMilk_10_page_6,1096.7,308.8,1225.0
10425050,stimulus_Arg_PISACowsMilk_10_page_6,1096.9,308.8,1225.0
10425051,stimulus_Arg_PISACowsMilk_10_page_6,1097.1,308.8,1225.0
10425052,stimulus_Arg_PISACowsMilk_10_page_6,1097.1,309.0,1225.0
10425053,stimulus_Arg_PISACowsMilk_10_page_6,1097.4,309.2,1224.0
10425054,stimulus_Arg_PISACowsMilk_10_page_6,1097.7,309.4,1224.0
10425055,stimulus_Arg_PISACowsMilk_10_page_6,1097.9,309.4,1223.0
10425056,stimulus_Arg_PISACowsMilk_10_page_6,1097.9,309.3,1223.0
10425057,stimulus_Arg_PISACowsMilk_10_page_6,1097.9,309.2,1223.0
10425058,stimulus_Arg_PISACowsMilk_10_page_6,1097.7,309.0,1223.0
10425059,stimulus_Arg_PISACowsMilk_10_page_6,1097.2,309.0,1224.0
10425060,stimulus_Arg_PISACowsMilk_10_page_6,1096.8,308.9,1225.0
10425061,stimulus_Arg_PISACowsMilk_10_page_6,1096.7,308.7,1225.0
10425062,stimulus_Arg_PISACowsMilk_10_page_6,1096.5,308.6,1225.0
10425063,stimulus_Arg_PISACowsMilk_10_page_6,1096.3,308.5,1224.0
10425064,stimulus_Arg_PISACowsMilk_10_page_6,1096.0,308.4,1224.0
10425065,stimulus_Arg_PISACowsMilk_10_page_6,1096.0,308.4,1225.0
10425066,stimulus_Arg_PISACowsMilk_10_page_6,1096.1,308.5,1225.0
10425067,stimulus_Arg_PISACowsMilk_10_page_6,1095.9,308.5,1226.0
10425068,stimulus_Arg_PISACowsMilk_10_page_6,1095.7,308.4,1226.0
10425069,stimulus_Arg_PISACowsMilk_10_page_6,1095.4,308.2,1226.0
10425070,stimulus_Arg_PISACowsMilk_10_page_6,1095.4,308.2,1227.0
10425071,stimulus_Arg_PISACowsMilk_10_page_6,1095.4,308.4,1229.0
10425072,stimulus_Arg_PISACowsMilk_10_page_6,1095.7,308.6,1231.0
10425073,stimulus_Arg_PISACowsMilk_10_page_6,1096.2,308.9,1231.0
10425074,stimulus_Arg_PISACowsMilk_10_page_6,1096.6,308.9,1231.0
10425075,stimulus_Arg_PISACowsMilk_10_page_6,1096.8,308.9,1231.0
10425076,stimulus_Arg_PISACowsMilk_10_page_6,1096.9,308.9,1230.0
10425077,stimulus_Arg_PISACowsMilk_10_page_6,1096.7,308.8,1229.0
10425078,stimulus_Arg_PISACowsMilk_10_page_6,1096.5,308.7,1228.0
10425079,stimulus_Arg_PISACowsMilk_10_page_6,1096.2,308.4,1228.0
10425080,stimulus_Arg_PISACowsMilk_10_page_6,1096.0,308.1,1228.0
10425081,stimulus_Arg_PISACowsMilk_10_page_6,1096.0,308.0,1228.0
10425082,stimulus_Arg_PISACowsMilk_10_page_6,1096.0,308.0,1230.0
10425083,stimulus_Arg_PISACowsMilk_10_page_6,1096.0,307.9,1232.0
10425084,stimulus_Arg_PISACowsMilk_10_page_6,1096.1,307.7,1234.0
10425085,stimulus_Arg_PISACowsMilk_10_page_6,1096.2,307.7,1234.0
10425086,stimulus_Arg_PISACowsMilk_10_page_6,1096.2,307.8,1233.0
10425087,stimulus_Arg_PISACowsMilk_10_page_6,1096.3,307.9,1233.0
10425088,stimulus_Arg_PISACowsMilk_10_page_6,1096.6,307.9,1234.0
10425089,stimulus_Arg_PISACowsMilk_10_page_6,1096.9,308.0,1235.0
10425090,stimulus_Arg_PISACowsMilk_10_page_6,1097.0,307.9,1235.0
10425091,stimulus_Arg_PISACowsMilk_10_page_6,1096.7,307.9,1235.0
10425092,stimulus_Arg_PISACowsMilk_10_page_6,1096.6,307.8,1235.0
10425093,stimulus_Arg_PISACowsMilk_10_page_6,1096.7,307.7,1235.0
10425094,stimulus_Arg_PISACowsMilk_10_page_6,1096.9,307.8,1235.0
10425095,stimulus_Arg_PISACowsMilk_10_page_6,1097.2,307.8,1235.0
10425096,stimulus_Arg_PISACowsMilk_10_page_6,1097.6,308.2,1235.0
10425097,stimulus_Arg_PISACowsMilk_10_page_6,1097.9,308.6,1233.0
10425098,stimulus_Arg_PISACowsMilk_10_page_6,1097.8,309.1,1232.0
10425099,stimulus_Arg_PISACowsMilk_10_page_6,1097.7,309.2,1234.0
10425100,stimulus_Arg_PISACowsMilk_10_page_6,1097.8,309.1,1236.0
10425101,stimulus_Arg_PISACowsMilk_10_page_6,1097.8,308.9,1238.0
10425102,stimulus_Arg_PISACowsMilk_10_page_6,1097.4,308.7,1238.0
10425103,stimulus_Arg_PISACowsMilk_10_page_6,1097.1,308.8,1237.0
10425104,stimulus_Arg_PISACowsMilk_10_page_6,1096.7,308.7,1237.0
10425105,stimulus_Arg_PISACowsMilk_10_page_6,1096.7,308.7,1237.0
10425106,stimulus_Arg_PISACowsMilk_10_page_6,1096.8,308.8,1237.0
10425107,stimulus_Arg_PISACowsMilk_10_page_6,1096.8,309.0,1237.0
10425108,stimulus_Arg_PISACowsMilk_10_page_6,1096.8,309.2,1237.0
10425109,stimulus_Arg_PISACowsMilk_10_page_6,1096.9,309.3,1237.0
10425110,stimulus_Arg_PISACowsMilk_10_page_6,1097.0,309.5,1237.0
10425111,stimulus_Arg_PISACowsMilk_10_page_6,1096.9,309.7,1238.0
10425112,stimulus_Arg_PISACowsMilk_10_page_6,1096.7,309.9,1239.0
10425113,stimulus_Arg_PISACowsMilk_10_page_6,1096.6,309.6,1240.0
10425114,stimulus_Arg_PISACowsMilk_10_page_6,1096.8,309.2,1239.0
10425115,stimulus_Arg_PISACowsMilk_10_page_6,1096.9,309.0,1239.0
10425116,stimulus_Arg_PISACowsMilk_10_page_6,1096.9,309.2,1239.0
10425117,stimulus_Arg_PISACowsMilk_10_page_6,1096.9,309.6,1240.0
10425118,stimulus_Arg_PISACowsMilk_10_page_6,1097.0,309.8,1240.0
10425119,stimulus_Arg_PISACowsMilk_10_page_6,1097.1,310.3,1241.0
10425120,stimulus_Arg_PISACowsMilk_10_page_6,1097.1,310.5,1242.0
10425121,stimulus_Arg_PISACowsMilk_10_page_6,1097.1,310.7,1243.0
10425122,stimulus_Arg_PISACowsMilk_10_page_6,1097.1,310.7,1242.0
10425123,stimulus_Arg_PISACowsMilk_10_page_6,1097.2,310.4,1241.0
10425124,stimulus_Arg_PISACowsMilk_10_page_6,1097.4,310.1,1241.0
10425125,stimulus_Arg_PISACowsMilk_10_page_6,1097.7,309.9,1242.0
10425126,stimulus_Arg_PISACowsMilk_10_page_6,1097.7,309.7,1243.0
10425127,stimulus_Arg_PISACowsMilk_10_page_6,1097.6,309.5,1244.0
10425128,stimulus_Arg_PISACowsMilk_10_page_6,1097.5,309.3,1245.0
10425129,stimulus_Arg_PISACowsMilk_10_page_6,1097.4,309.2,1245.0
10425130,stimulus_Arg_PISACowsMilk_10_page_6,1097.4,309.3,1245.0
10425131,stimulus_Arg_PISACowsMilk_10_page_6,1097.3,309.4,1244.0
10425132,stimulus_Arg_PISACowsMilk_10_page_6,1097.3,309.8,1244.0
10425133,stimulus_Arg_PISACowsMilk_10_page_6,1097.3,310.1,1244.0
10425134,stimulus_Arg_PISACowsMilk_10_page_6,1097.4,310.5,1245.0
10425135,stimulus_Arg_PISACowsMilk_10_page_6,1097.4,310.5,1246.0
10425136,stimulus_Arg_PISACowsMilk_10_page_6,1097.4,310.5,1247.0
10425137,stimulus_Arg_PISACowsMilk_10_page_6,1097.2,310.5,1247.0
10425138,stimulus_Arg_PISACowsMilk_10_page_6,1097.1,310.5,1247.0
10425139,stimulus_Arg_PISACowsMilk_10_page_6,1097.0,310.5,1246.0
10425140,stimulus_Arg_PISACowsMilk_10_page_6,1097.1,310.6,1247.0
10425141,stimulus_Arg_PISACowsMilk_10_page_6,1097.1,310.4,1248.0
10425142,stimulus_Arg_PISACowsMilk_10_page_6,1097.1,310.1,1249.0
10425143,stimulus_Arg_PISACowsMilk_10_page_6,1097.2,309.9,1249.0
10425144,stimulus_Arg_PISACowsMilk_10_page_6,1097.3,309.9,1249.0
10425145,stimulus_Arg_PISACowsMilk_10_page_6,1097.3,310.0,1250.0
10425146,stimulus_Arg_PISACowsMilk_10_page_6,1097.3,310.0,1250.0
10425147,stimulus_Arg_PISACowsMilk_10_page_6,1097.4,310.0,1250.0
10425148,stimulus_Arg_PISACowsMilk_10_page_6,1097.5,310.0,1250.0
10425149,stimulus_Arg_PISACowsMilk_10_page_6,1097.4,309.9,1250.0
10425150,stimulus_Arg_PISACowsMilk_10_page_6,1097.4,309.8,1251.0
10425151,stimulus_Arg_PISACowsMilk_10_page_6,1097.4,309.6,1253.0
10425152,stimulus_Arg_PISACowsMilk_10_page_6,1097.4,309.5,1254.0
10425153,stimulus_Arg_PISACowsMilk_10_page_6,1097.2,309.6,1253.0
10425154,stimulus_Arg_PISACowsMilk_10_page_6,1097.1,309.6,1254.0
10425155,stimulus_Arg_PISACowsMilk_10_page_6,1097.0,309.7,1254.0
10425156,stimulus_Arg_PISACowsMilk_10_page_6,1097.0,309.6,1254.0
10425157,stimulus_Arg_PISACowsMilk_10_page_6,1097.0,309.6,1255.0
10425158,stimulus_Arg_PISACowsMilk_10_page_6,1097.0,309.2,1256.0
10425159,stimulus_Arg_PISACowsMilk_10_page_6,1096.9,308.9,1256.0
10425160,stimulus_Arg_PISACowsMilk_10_page_6,1097.3,308.5,1255.0
10425161,stimulus_Arg_PISACowsMilk_10_page_6,1097.6,308.5,1255.0
10425162,stimulus_Arg_PISACowsMilk_10_page_6,1097.6,308.8,1255.0
10425163,stimulus_Arg_PISACowsMilk_10_page_6,1097.3,309.1,1256.0
10425164,stimulus_Arg_PISACowsMilk_10_page_6,1097.1,309.4,1255.0
10425165,stimulus_Arg_PISACowsMilk_10_page_6,1097.3,309.6,1255.0
10425166,stimulus_Arg_PISACowsMilk_10_page_6,1097.4,309.8,1256.0
10425167,stimulus_Arg_PISACowsMilk_10_page_6,1097.3,310.0,1257.0
10425168,stimulus_Arg_PISACowsMilk_10_page_6,1097.1,310.0,1258.0
10425169,stimulus_Arg_PISACowsMilk_10_page_6,1096.9,310.0,1259.0
10425170,stimulus_Arg_PISACowsMilk_10_page_6,1096.5,309.8,1260.0
10425171,stimulus_Arg_PISACowsMilk_10_page_6,1096.3,309.6,1261.0
10425172,stimulus_Arg_PISACowsMilk_10_page_6,1096.0,309.3,1261.0
10425173,stimulus_Arg_PISACowsMilk_10_page_6,1095.9,309.1,1261.0
10425174,stimulus_Arg_PISACowsMilk_10_page_6,1095.9,308.8,1260.0
10425175,stimulus_Arg_PISACowsMilk_10_page_6,1096.1,308.9,1261.0
10425176,stimulus_Arg_PISACowsMilk_10_page_6,1096.5,309.0,1261.0
10425177,stimulus_Arg_PISACowsMilk_10_page_6,1096.9,309.1,1260.0
10425178,stimulus_Arg_PISACowsMilk_10_page_6,1097.1,309.3,1260.0
10425179,stimulus_Arg_PISACowsMilk_10_page_6,1097.0,309.6,1260.0
10425180,stimulus_Arg_PISACowsMilk_10_page_6,1096.8,309.7,1260.0
10425181,stimulus_Arg_PISACowsMilk_10_page_6,1096.6,309.6,1261.0
10425182,stimulus_Arg_PISACowsMilk_10_page_6,1096.5,309.4,1262.0
10425183,stimulus_Arg_PISACowsMilk_10_page_6,1096.6,309.3,1263.0
10425184,stimulus_Arg_PISACowsMilk_10_page_6,1096.6,309.1,1263.0
10425185,stimulus_Arg_PISACowsMilk_10_page_6,1096.4,309.0,1263.0
10425186,stimulus_Arg_PISACowsMilk_10_page_6,1096.2,308.9,1263.0
10425187,stimulus_Arg_PISACowsMilk_10_page_6,1096.1,308.8,1263.0
10425188,stimulus_Arg_PISACowsMilk_10_page_6,1096.1,308.8,1264.0
10425189,stimulus_Arg_PISACowsMilk_10_page_6,1096.1,308.7,1264.0
10425190,stimulus_Arg_PISACowsMilk_10_page_6,1096.0,308.7,1264.0
10425191,stimulus_Arg_PISACowsMilk_10_page_6,1095.9,309.0,1264.0
10425192,stimulus_Arg_PISACowsMilk_10_page_6,1095.9,309.2,1265.0
10425193,stimulus_Arg_PISACowsMilk_10_page_6,1095.9,309.6,1266.0
10425194,stimulus_Arg_PISACowsMilk_10_page_6,1096.0,309.7,1266.0
10425195,stimulus_Arg_PISACowsMilk_10_page_6,1096.1,310.0,1266.0
10425196,stimulus_Arg_PISACowsMilk_10_page_6,1096.1,310.1,1266.0
10425197,stimulus_Arg_PISACowsMilk_10_page_6,1096.1,310.3,1267.0
10425198,stimulus_Arg_PISACowsMilk_10_page_6,1096.2,310.2,1267.0
10425199,stimulus_Arg_PISACowsMilk_10_page_6,1096.4,310.2,1269.0
10425200,stimulus_Arg_PISACowsMilk_10_page_6,1096.6,310.1,1269.0
10425201,stimulus_Arg_PISACowsMilk_10_page_6,1096.7,309.7,1270.0
10425202,stimulus_Arg_PISACowsMilk_10_page_6,1096.8,309.4,1270.0
10425203,stimulus_Arg_PISACowsMilk_10_page_6,1096.8,309.5,1271.0
10425204,stimulus_Arg_PISACowsMilk_10_page_6,1096.9,309.8,1271.0
10425205,stimulus_Arg_PISACowsMilk_10_page_6,1096.9,310.2,1272.0
10425206,stimulus_Arg_PISACowsMilk_10_page_6,1096.8,310.1,1271.0
10425207,stimulus_Arg_PISACowsMilk_10_page_6,1096.7,310.2,1271.0
10425208,stimulus_Arg_PISACowsMilk_10_page_6,1096.6,310.4,1271.0
10425209,stimulus_Arg_PISACowsMilk_10_page_6,1096.5,310.6,1272.0
10425210,stimulus_Arg_PISACowsMilk_10_page_6,1096.5,310.8,1273.0
10425211,stimulus_Arg_PISACowsMilk_10_page_6,1096.5,310.9,1273.0
10425212,stimulus_Arg_PISACowsMilk_10_page_6,1096.5,310.9,1273.0
10425213,stimulus_Arg_PISACowsMilk_10_page_6,1096.5,310.9,1273.0
10425214,stimulus_Arg_PISACowsMilk_10_page_6,1096.5,310.9,1273.0
10425215,stimulus_Arg_PISACowsMilk_10_page_6,1096.7,310.9,1273.0
10425216,stimulus_Arg_PISACowsMilk_10_page_6,1096.8,311.0,1273.0
10425217,stimulus_Arg_PISACowsMilk_10_page_6,1096.8,311.0,1273.0
10425218,stimulus_Arg_PISACowsMilk_10_page_6,1096.7,311.0,1273.0
10425219,stimulus_Arg_PISACowsMilk_10_page_6,1096.3,311.0,1274.0
10425220,stimulus_Arg_PISACowsMilk_10_page_6,1096.0,310.9,1275.0
10425221,stimulus_Arg_PISACowsMilk_10_page_6,1095.7,310.8,1276.0
10425222,stimulus_Arg_PISACowsMilk_10_page_6,1095.8,310.8,1276.0
10425223,stimulus_Arg_PISACowsMilk_10_page_6,1095.9,310.8,1275.0
10425224,stimulus_Arg_PISACowsMilk_10_page_6,1095.9,310.9,1274.0
10425225,stimulus_Arg_PISACowsMilk_10_page_6,1096.1,311.0,1273.0
10425226,stimulus_Arg_PISACowsMilk_10_page_6,1096.2,311.0,1273.0
10425227,stimulus_Arg_PISACowsMilk_10_page_6,1096.2,311.0,1274.0
10425228,stimulus_Arg_PISACowsMilk_10_page_6,1096.6,311.1,1276.0
10425229,stimulus_Arg_PISACowsMilk_10_page_6,1096.9,311.0,1277.0
10425230,stimulus_Arg_PISACowsMilk_10_page_6,1097.2,311.0,1277.0
10425231,stimulus_Arg_PISACowsMilk_10_page_6,1097.1,311.0,1277.0
10425232,stimulus_Arg_PISACowsMilk_10_page_6,1096.9,311.0,1276.0
10425233,stimulus_Arg_PISACowsMilk_10_page_6,1096.6,310.9,1276.0
10425234,stimulus_Arg_PISACowsMilk_10_page_6,1096.4,310.8,1276.0
10425235,stimulus_Arg_PISACowsMilk_10_page_6,1096.2,310.7,1276.0
10425236,stimulus_Arg_PISACowsMilk_10_page_6,1096.1,310.6,1276.0
10425237,stimulus_Arg_PISACowsMilk_10_page_6,1096.1,310.5,1276.0
10425238,stimulus_Arg_PISACowsMilk_10_page_6,1096.0,310.7,1276.0
10425239,stimulus_Arg_PISACowsMilk_10_page_6,1096.1,311.1,1276.0
10425240,stimulus_Arg_PISACowsMilk_10_page_6,1096.3,311.4,1277.0
10425241,stimulus_Arg_PISACowsMilk_10_page_6,1096.5,311.4,1278.0
10425242,stimulus_Arg_PISACowsMilk_10_page_6,1096.7,311.3,1279.0
10425243,stimulus_Arg_PISACowsMilk_10_page_6,1096.9,311.3,1279.0
10425244,stimulus_Arg_PISACowsMilk_10_page_6,1097.1,311.3,1279.0
10425245,stimulus_Arg_PISACowsMilk_10_page_6,1096.7,311.3,1279.0
10425246,stimulus_Arg_PISACowsMilk_10_page_6,1096.4,311.3,1279.0
10425247,stimulus_Arg_PISACowsMilk_10_page_6,1096.1,311.0,1279.0
10425248,stimulus_Arg_PISACowsMilk_10_page_6,1096.0,310.7,1278.0
10425249,stimulus_Arg_PISACowsMilk_10_page_6,1095.9,310.8,1279.0
10425250,stimulus_Arg_PISACowsMilk_10_page_6,1095.9,311.2,1280.0
10425251,stimulus_Arg_PISACowsMilk_10_page_6,1096.0,311.7,1281.0
10425252,stimulus_Arg_PISACowsMilk_10_page_6,1096.0,311.7,1281.0
10425253,stimulus_Arg_PISACowsMilk_10_page_6,1096.3,311.6,1281.0
10425254,stimulus_Arg_PISACowsMilk_10_page_6,1096.5,311.6,1282.0
10425255,stimulus_Arg_PISACowsMilk_10_page_6,1096.8,311.7,1283.0
10425256,stimulus_Arg_PISACowsMilk_10_page_6,1096.7,311.9,1283.0
10425257,stimulus_Arg_PISACowsMilk_10_page_6,1096.7,312.0,1282.0
10425258,stimulus_Arg_PISACowsMilk_10_page_6,1096.8,311.8,1282.0
10425259,stimulus_Arg_PISACowsMilk_10_page_6,1096.8,311.5,1283.0
10425260,stimulus_Arg_PISACowsMilk_10_page_6,1096.8,311.3,1284.0
10425261,stimulus_Arg_PISACowsMilk_10_page_6,1096.8,311.4,1286.0
10425262,stimulus_Arg_PISACowsMilk_10_page_6,1096.9,311.6,1287.0
10425263,stimulus_Arg_PISACowsMilk_10_page_6,1096.9,311.8,1288.0
10425264,stimulus_Arg_PISACowsMilk_10_page_6,1096.7,312.0,1287.0
10425265,stimulus_Arg_PISACowsMilk_10_page_6,1096.6,312.1,1285.0
10425266,stimulus_Arg_PISACowsMilk_10_page_6,1096.6,312.1,1284.0
10425267,stimulus_Arg_PISACowsMilk_10_page_6,1096.7,312.2,1282.0
10425268,stimulus_Arg_PISACowsMilk_10_page_6,1096.9,312.4,1281.0
10425269,stimulus_Arg_PISACowsMilk_10_page_6,1098.5,313.3,1284.0
10425270,stimulus_Arg_PISACowsMilk_10_page_6,1101.7,314.3,1288.0
10425271,stimulus_Arg_PISACowsMilk_10_page_6,1105.7,315.1,1291.0
10425272,stimulus_Arg_PISACowsMilk_10_page_6,1109.6,315.0,1294.0
10425273,stimulus_Arg_PISACowsMilk_10_page_6,1113.6,315.9,1295.0
10425274,stimulus_Arg_PISACowsMilk_10_page_6,1118.6,316.8,1295.0
10425275,stimulus_Arg_PISACowsMilk_10_page_6,1125.5,317.3,1293.0
10425276,stimulus_Arg_PISACowsMilk_10_page_6,1132.6,316.8,1291.0
10425277,stimulus_Arg_PISACowsMilk_10_page_6,1139.9,316.3,1290.0
10425278,stimulus_Arg_PISACowsMilk_10_page_6,1146.2,315.8,1289.0
10425279,stimulus_Arg_PISACowsMilk_10_page_6,1152.6,314.0,1288.0
10425280,stimulus_Arg_PISACowsMilk_10_page_6,1158.3,312.4,1286.0
10425281,stimulus_Arg_PISACowsMilk_10_page_6,1163.2,311.5,1284.0
10425282,stimulus_Arg_PISACowsMilk_10_page_6,1166.4,311.6,1282.0
10425283,stimulus_Arg_PISACowsMilk_10_page_6,1169.1,311.3,1280.0
10425284,stimulus_Arg_PISACowsMilk_10_page_6,1171.0,310.9,1278.0
10425285,stimulus_Arg_PISACowsMilk_10_page_6,1172.3,310.3,1277.0
10425286,stimulus_Arg_PISACowsMilk_10_page_6,1173.0,310.1,1276.0
10425287,stimulus_Arg_PISACowsMilk_10_page_6,1172.6,309.9,1276.0
10425288,stimulus_Arg_PISACowsMilk_10_page_6,1171.9,309.6,1275.0
10425289,stimulus_Arg_PISACowsMilk_10_page_6,1170.2,309.3,1274.0
10425290,stimulus_Arg_PISACowsMilk_10_page_6,1168.1,309.1,1272.0
10425291,stimulus_Arg_PISACowsMilk_10_page_6,1165.7,308.7,1270.0
10425292,stimulus_Arg_PISACowsMilk_10_page_6,1163.5,308.3,1268.0
10425293,stimulus_Arg_PISACowsMilk_10_page_6,1161.4,308.7,1268.0
10425294,stimulus_Arg_PISACowsMilk_10_page_6,1159.2,309.5,1269.0
10425295,stimulus_Arg_PISACowsMilk_10_page_6,1157.3,310.3,1271.0
10425296,stimulus_Arg_PISACowsMilk_10_page_6,1156.4,310.4,1274.0
10425297,stimulus_Arg_PISACowsMilk_10_page_6,1155.5,310.5,1276.0
10425298,stimulus_Arg_PISACowsMilk_10_page_6,1155.0,310.6,1279.0
10425299,stimulus_Arg_PISACowsMilk_10_page_6,1154.5,310.8,1280.0
10425300,stimulus_Arg_PISACowsMilk_10_page_6,1154.2,311.2,1281.0
10425301,stimulus_Arg_PISACowsMilk_10_page_6,1153.7,312.0,1283.0
10425302,stimulus_Arg_PISACowsMilk_10_page_6,1153.4,312.7,1285.0
10425303,stimulus_Arg_PISACowsMilk_10_page_6,1153.4,312.9,1286.0
10425304,stimulus_Arg_PISACowsMilk_10_page_6,1153.5,312.7,1286.0
10425305,stimulus_Arg_PISACowsMilk_10_page_6,1153.9,312.6,1285.0
10425306,stimulus_Arg_PISACowsMilk_10_page_6,1154.5,312.7,1285.0
10425307,stimulus_Arg_PISACowsMilk_10_page_6,1155.1,312.8,1284.0
10425308,stimulus_Arg_PISACowsMilk_10_page_6,1155.4,312.7,1284.0
10425309,stimulus_Arg_PISACowsMilk_10_page_6,1155.6,312.5,1284.0
10425310,stimulus_Arg_PISACowsMilk_10_page_6,1155.9,312.4,1283.0
10425311,stimulus_Arg_PISACowsMilk_10_page_6,1156.3,312.6,1283.0
10425312,stimulus_Arg_PISACowsMilk_10_page_6,1156.7,312.8,1282.0
10425313,stimulus_Arg_PISACowsMilk_10_page_6,1156.9,313.0,1282.0
10425314,stimulus_Arg_PISACowsMilk_10_page_6,1156.9,313.0,1283.0
10425315,stimulus_Arg_PISACowsMilk_10_page_6,1157.0,313.1,1283.0
10425316,stimulus_Arg_PISACowsMilk_10_page_6,1157.1,313.3,1283.0
10425317,stimulus_Arg_PISACowsMilk_10_page_6,1157.1,313.5,1283.0
10425318,stimulus_Arg_PISACowsMilk_10_page_6,1157.2,313.6,1283.0
10425319,stimulus_Arg_PISACowsMilk_10_page_6,1157.3,313.6,1283.0
10425320,stimulus_Arg_PISACowsMilk_10_page_6,1157.2,313.7,1283.0
10425321,stimulus_Arg_PISACowsMilk_10_page_6,1156.9,313.6,1283.0
10425322,stimulus_Arg_PISACowsMilk_10_page_6,1157.0,313.5,1284.0
10425323,stimulus_Arg_PISACowsMilk_10_page_6,1157.3,313.3,1284.0
10425324,stimulus_Arg_PISACowsMilk_10_page_6,1157.6,313.2,1283.0
10425325,stimulus_Arg_PISACowsMilk_10_page_6,1157.5,313.1,1282.0
10425326,stimulus_Arg_PISACowsMilk_10_page_6,1157.5,313.2,1280.0
10425327,stimulus_Arg_PISACowsMilk_10_page_6,1157.4,313.4,1281.0
10425328,stimulus_Arg_PISACowsMilk_10_page_6,1157.4,313.7,1283.0
10425329,stimulus_Arg_PISACowsMilk_10_page_6,1157.5,313.9,1284.0
10425330,stimulus_Arg_PISACowsMilk_10_page_6,1157.7,314.2,1284.0
10425331,stimulus_Arg_PISACowsMilk_10_page_6,1157.8,314.2,1284.0
10425332,stimulus_Arg_PISACowsMilk_10_page_6,1157.6,314.0,1283.0
10425333,stimulus_Arg_PISACowsMilk_10_page_6,1157.4,313.8,1282.0
10425334,stimulus_Arg_PISACowsMilk_10_page_6,1157.2,313.6,1282.0
10425335,stimulus_Arg_PISACowsMilk_10_page_6,1157.1,313.6,1281.0
10425336,stimulus_Arg_PISACowsMilk_10_page_6,1157.0,313.7,1281.0
10425337,stimulus_Arg_PISACowsMilk_10_page_6,1157.0,313.8,1280.0
10425338,stimulus_Arg_PISACowsMilk_10_page_6,1157.0,313.9,1280.0
10425339,stimulus_Arg_PISACowsMilk_10_page_6,1156.9,314.0,1279.0
10425340,stimulus_Arg_PISACowsMilk_10_page_6,1156.8,314.0,1280.0
10425341,stimulus_Arg_PISACowsMilk_10_page_6,1156.8,314.0,1280.0
10425342,stimulus_Arg_PISACowsMilk_10_page_6,1156.9,313.9,1280.0
10425343,stimulus_Arg_PISACowsMilk_10_page_6,1156.8,313.8,1281.0
10425344,stimulus_Arg_PISACowsMilk_10_page_6,1156.7,313.7,1281.0
10425345,stimulus_Arg_PISACowsMilk_10_page_6,1157.0,313.9,1281.0
10425346,stimulus_Arg_PISACowsMilk_10_page_6,1157.3,314.1,1282.0
10425347,stimulus_Arg_PISACowsMilk_10_page_6,1157.8,314.4,1282.0
10425348,stimulus_Arg_PISACowsMilk_10_page_6,1157.9,314.6,1283.0
10425349,stimulus_Arg_PISACowsMilk_10_page_6,1158.1,314.7,1282.0
10425350,stimulus_Arg_PISACowsMilk_10_page_6,1158.0,314.8,1282.0
10425351,stimulus_Arg_PISACowsMilk_10_page_6,1157.9,314.8,1282.0
10425352,stimulus_Arg_PISACowsMilk_10_page_6,1157.8,314.7,1281.0
10425353,stimulus_Arg_PISACowsMilk_10_page_6,1157.8,314.4,1280.0
10425354,stimulus_Arg_PISACowsMilk_10_page_6,1157.7,314.2,1280.0
10425355,stimulus_Arg_PISACowsMilk_10_page_6,1157.8,314.1,1280.0
10425356,stimulus_Arg_PISACowsMilk_10_page_6,1157.8,314.1,1280.0
10425357,stimulus_Arg_PISACowsMilk_10_page_6,1157.8,314.2,1281.0
10425358,stimulus_Arg_PISACowsMilk_10_page_6,1157.8,314.3,1281.0
10425359,stimulus_Arg_PISACowsMilk_10_page_6,1157.8,314.4,1282.0
10425360,stimulus_Arg_PISACowsMilk_10_page_6,1157.9,314.4,1282.0
10425361,stimulus_Arg_PISACowsMilk_10_page_6,1158.0,314.6,1282.0
10425362,stimulus_Arg_PISACowsMilk_10_page_6,1158.2,315.1,1282.0
10425363,stimulus_Arg_PISACowsMilk_10_page_6,1158.1,315.6,1282.0
10425364,stimulus_Arg_PISACowsMilk_10_page_6,1158.0,315.8,1283.0
10425365,stimulus_Arg_PISACowsMilk_10_page_6,1158.0,315.8,1284.0
10425366,stimulus_Arg_PISACowsMilk_10_page_6,1158.1,316.1,1284.0
10425367,stimulus_Arg_PISACowsMilk_10_page_6,1157.9,316.4,1284.0
10425368,stimulus_Arg_PISACowsMilk_10_page_6,1157.6,316.7,1283.0
10425369,stimulus_Arg_PISACowsMilk_10_page_6,1157.3,316.7,1282.0
10425370,stimulus_Arg_PISACowsMilk_10_page_6,1157.4,316.8,1282.0
10425371,stimulus_Arg_PISACowsMilk_10_page_6,1157.5,316.7,1282.0
10425372,stimulus_Arg_PISACowsMilk_10_page_6,1157.4,316.7,1283.0
10425373,stimulus_Arg_PISACowsMilk_10_page_6,1157.3,316.4,1283.0
10425374,stimulus_Arg_PISACowsMilk_10_page_6,1157.2,316.1,1283.0
10425375,stimulus_Arg_PISACowsMilk_10_page_6,1157.3,315.9,1283.0
10425376,stimulus_Arg_PISACowsMilk_10_page_6,1157.4,315.9,1282.0
10425377,stimulus_Arg_PISACowsMilk_10_page_6,1157.3,315.9,1283.0
10425378,stimulus_Arg_PISACowsMilk_10_page_6,1157.3,316.0,1284.0
10425379,stimulus_Arg_PISACowsMilk_10_page_6,1157.2,316.1,1286.0
10425380,stimulus_Arg_PISACowsMilk_10_page_6,1157.2,316.0,1285.0
10425381,stimulus_Arg_PISACowsMilk_10_page_6,1157.2,315.8,1284.0
10425382,stimulus_Arg_PISACowsMilk_10_page_6,1157.3,315.4,1283.0
10425383,stimulus_Arg_PISACowsMilk_10_page_6,1157.4,315.1,1283.0
10425384,stimulus_Arg_PISACowsMilk_10_page_6,1157.7,314.9,1283.0
10425385,stimulus_Arg_PISACowsMilk_10_page_6,1158.1,314.9,1283.0
10425386,stimulus_Arg_PISACowsMilk_10_page_6,1158.4,315.1,1282.0
10425387,stimulus_Arg_PISACowsMilk_10_page_6,1158.3,315.2,1282.0
10425388,stimulus_Arg_PISACowsMilk_10_page_6,1158.3,315.1,1282.0
10425389,stimulus_Arg_PISACowsMilk_10_page_6,1158.3,314.8,1281.0
10425390,stimulus_Arg_PISACowsMilk_10_page_6,1158.1,314.5,1281.0
10425391,stimulus_Arg_PISACowsMilk_10_page_6,1157.7,314.5,1281.0
10425392,stimulus_Arg_PISACowsMilk_10_page_6,1157.3,314.5,1282.0
10425393,stimulus_Arg_PISACowsMilk_10_page_6,1157.0,314.3,1282.0
10425394,stimulus_Arg_PISACowsMilk_10_page_6,1157.2,314.3,1282.0
10425395,stimulus_Arg_PISACowsMilk_10_page_6,1157.5,314.3,1281.0
10425396,stimulus_Arg_PISACowsMilk_10_page_6,1157.7,314.4,1280.0
10425397,stimulus_Arg_PISACowsMilk_10_page_6,1157.6,314.5,1280.0
10425398,stimulus_Arg_PISACowsMilk_10_page_6,1157.7,314.3,1280.0
10425399,stimulus_Arg_PISACowsMilk_10_page_6,1157.9,313.9,1281.0
10425400,stimulus_Arg_PISACowsMilk_10_page_6,1158.1,313.4,1281.0
10425401,stimulus_Arg_PISACowsMilk_10_page_6,1158.1,313.2,1280.0
10425402,stimulus_Arg_PISACowsMilk_10_page_6,1158.1,313.0,1279.0
10425403,stimulus_Arg_PISACowsMilk_10_page_6,1158.1,312.9,1279.0
10425404,stimulus_Arg_PISACowsMilk_10_page_6,1158.0,312.9,1279.0
10425405,stimulus_Arg_PISACowsMilk_10_page_6,1157.9,312.9,1280.0
10425406,stimulus_Arg_PISACowsMilk_10_page_6,1157.7,313.0,1280.0
10425407,stimulus_Arg_PISACowsMilk_10_page_6,1157.4,313.0,1279.0
10425408,stimulus_Arg_PISACowsMilk_10_page_6,1157.4,312.7,1278.0
10425409,stimulus_Arg_PISACowsMilk_10_page_6,1157.6,312.4,1277.0
10425410,stimulus_Arg_PISACowsMilk_10_page_6,1158.0,312.1,1277.0
10425411,stimulus_Arg_PISACowsMilk_10_page_6,1158.4,312.0,1277.0
10425412,stimulus_Arg_PISACowsMilk_10_page_6,1158.7,311.9,1277.0
10425413,stimulus_Arg_PISACowsMilk_10_page_6,1158.7,311.9,1277.0
10425414,stimulus_Arg_PISACowsMilk_10_page_6,1158.7,311.9,1277.0
10425415,stimulus_Arg_PISACowsMilk_10_page_6,1158.7,311.8,1277.0
10425416,stimulus_Arg_PISACowsMilk_10_page_6,1158.6,311.8,1277.0
10425417,stimulus_Arg_PISACowsMilk_10_page_6,1158.4,311.8,1277.0
10425418,stimulus_Arg_PISACowsMilk_10_page_6,1158.5,311.8,1277.0
10425419,stimulus_Arg_PISACowsMilk_10_page_6,1158.7,311.8,1278.0
10425420,stimulus_Arg_PISACowsMilk_10_page_6,1158.9,311.9,1279.0
10425421,stimulus_Arg_PISACowsMilk_10_page_6,1159.0,312.0,1279.0
10425422,stimulus_Arg_PISACowsMilk_10_page_6,1159.0,312.0,1279.0
10425423,stimulus_Arg_PISACowsMilk_10_page_6,1159.2,312.1,1280.0
10425424,stimulus_Arg_PISACowsMilk_10_page_6,1159.3,312.1,1279.0
10425425,stimulus_Arg_PISACowsMilk_10_page_6,1159.3,312.1,1278.0
10425426,stimulus_Arg_PISACowsMilk_10_page_6,1159.3,312.2,1278.0
10425427,stimulus_Arg_PISACowsMilk_10_page_6,1159.2,312.1,1279.0
10425428,stimulus_Arg_PISACowsMilk_10_page_6,1159.2,311.8,1278.0
10425429,stimulus_Arg_PISACowsMilk_10_page_6,1159.4,311.6,1278.0
10425430,stimulus_Arg_PISACowsMilk_10_page_6,1159.6,311.6,1278.0
10425431,stimulus_Arg_PISACowsMilk_10_page_6,1159.7,311.5,1277.0
10425432,stimulus_Arg_PISACowsMilk_10_page_6,1159.6,311.7,1276.0
10425433,stimulus_Arg_PISACowsMilk_10_page_6,1159.6,311.9,1276.0
10425434,stimulus_Arg_PISACowsMilk_10_page_6,1159.6,312.2,1277.0
10425435,stimulus_Arg_PISACowsMilk_10_page_6,1159.6,312.2,1277.0
10425436,stimulus_Arg_PISACowsMilk_10_page_6,1159.7,312.4,1276.0
10425437,stimulus_Arg_PISACowsMilk_10_page_6,1159.5,312.5,1274.0
10425438,stimulus_Arg_PISACowsMilk_10_page_6,1159.3,312.5,1274.0
10425439,stimulus_Arg_PISACowsMilk_10_page_6,1159.0,312.4,1275.0
10425440,stimulus_Arg_PISACowsMilk_10_page_6,1159.1,312.4,1276.0
10425441,stimulus_Arg_PISACowsMilk_10_page_6,1159.2,312.4,1277.0
10425442,stimulus_Arg_PISACowsMilk_10_page_6,1159.3,312.4,1278.0
10425443,stimulus_Arg_PISACowsMilk_10_page_6,1159.0,312.3,1278.0
10425444,stimulus_Arg_PISACowsMilk_10_page_6,1158.7,312.3,1278.0
10425445,stimulus_Arg_PISACowsMilk_10_page_6,1158.8,312.2,1277.0
10425446,stimulus_Arg_PISACowsMilk_10_page_6,1159.3,312.2,1276.0
10425447,stimulus_Arg_PISACowsMilk_10_page_6,1159.7,312.3,1275.0
10425448,stimulus_Arg_PISACowsMilk_10_page_6,1159.8,312.4,1276.0
10425449,stimulus_Arg_PISACowsMilk_10_page_6,1159.9,312.2,1277.0
10425450,stimulus_Arg_PISACowsMilk_10_page_6,1160.0,311.9,1277.0
10425451,stimulus_Arg_PISACowsMilk_10_page_6,1160.1,312.0,1278.0
10425452,stimulus_Arg_PISACowsMilk_10_page_6,1160.0,312.3,1278.0
10425453,stimulus_Arg_PISACowsMilk_10_page_6,1159.9,312.6,1279.0
10425454,stimulus_Arg_PISACowsMilk_10_page_6,1159.9,312.8,1278.0
10425455,stimulus_Arg_PISACowsMilk_10_page_6,1160.0,312.9,1278.0
10425456,stimulus_Arg_PISACowsMilk_10_page_6,1160.0,313.3,1277.0
10425457,stimulus_Arg_PISACowsMilk_10_page_6,1159.7,313.5,1279.0
10425458,stimulus_Arg_PISACowsMilk_10_page_6,1159.5,313.6,1280.0
10425459,stimulus_Arg_PISACowsMilk_10_page_6,1159.2,313.7,1280.0
10425460,stimulus_Arg_PISACowsMilk_10_page_6,1159.3,313.7,1279.0
10425461,stimulus_Arg_PISACowsMilk_10_page_6,1159.4,313.7,1280.0
10425462,stimulus_Arg_PISACowsMilk_10_page_6,1159.5,313.5,1281.0
10425463,stimulus_Arg_PISACowsMilk_10_page_6,1159.5,313.4,1281.0
10425464,stimulus_Arg_PISACowsMilk_10_page_6,1159.6,313.4,1280.0
10425465,stimulus_Arg_PISACowsMilk_10_page_6,1159.7,313.4,1278.0
10425466,stimulus_Arg_PISACowsMilk_10_page_6,1159.8,313.4,1278.0
10425467,stimulus_Arg_PISACowsMilk_10_page_6,1160.1,313.4,1279.0
10425468,stimulus_Arg_PISACowsMilk_10_page_6,1160.4,313.6,1279.0
10425469,stimulus_Arg_PISACowsMilk_10_page_6,1160.5,313.8,1281.0
10425470,stimulus_Arg_PISACowsMilk_10_page_6,1160.1,313.9,1282.0
10425471,stimulus_Arg_PISACowsMilk_10_page_6,1159.8,314.0,1283.0
10425472,stimulus_Arg_PISACowsMilk_10_page_6,1159.5,314.2,1282.0
10425473,stimulus_Arg_PISACowsMilk_10_page_6,1159.5,314.4,1281.0
10425474,stimulus_Arg_PISACowsMilk_10_page_6,1159.5,314.5,1281.0
10425475,stimulus_Arg_PISACowsMilk_10_page_6,1159.5,314.6,1281.0
10425476,stimulus_Arg_PISACowsMilk_10_page_6,1159.2,314.6,1281.0
10425477,stimulus_Arg_PISACowsMilk_10_page_6,1159.0,314.5,1280.0
10425478,stimulus_Arg_PISACowsMilk_10_page_6,1159.0,314.5,1280.0
10425479,stimulus_Arg_PISACowsMilk_10_page_6,1159.3,314.4,1280.0
10425480,stimulus_Arg_PISACowsMilk_10_page_6,1159.6,314.4,1281.0
10425481,stimulus_Arg_PISACowsMilk_10_page_6,1159.9,314.4,1282.0
10425482,stimulus_Arg_PISACowsMilk_10_page_6,1160.2,314.4,1282.0
10425483,stimulus_Arg_PISACowsMilk_10_page_6,1160.4,314.4,1282.0
10425484,stimulus_Arg_PISACowsMilk_10_page_6,1160.6,314.4,1283.0
10425485,stimulus_Arg_PISACowsMilk_10_page_6,1160.8,314.4,1282.0
10425486,stimulus_Arg_PISACowsMilk_10_page_6,1160.9,314.5,1282.0
10425487,stimulus_Arg_PISACowsMilk_10_page_6,1161.0,314.7,1282.0
10425488,stimulus_Arg_PISACowsMilk_10_page_6,1161.0,315.2,1282.0
10425489,stimulus_Arg_PISACowsMilk_10_page_6,1161.1,315.7,1282.0
10425490,stimulus_Arg_PISACowsMilk_10_page_6,1161.3,316.1,1282.0
10425491,stimulus_Arg_PISACowsMilk_10_page_6,1161.2,316.1,1283.0
10425492,stimulus_Arg_PISACowsMilk_10_page_6,1161.0,316.1,1283.0
10425493,stimulus_Arg_PISACowsMilk_10_page_6,1160.7,316.1,1283.0
10425494,stimulus_Arg_PISACowsMilk_10_page_6,1160.6,316.2,1283.0
10425495,stimulus_Arg_PISACowsMilk_10_page_6,1160.8,316.2,1283.0
10425496,stimulus_Arg_PISACowsMilk_10_page_6,1161.1,316.3,1284.0
10425497,stimulus_Arg_PISACowsMilk_10_page_6,1161.5,316.3,1284.0
10425498,stimulus_Arg_PISACowsMilk_10_page_6,1161.7,316.4,1284.0
10425499,stimulus_Arg_PISACowsMilk_10_page_6,1161.8,316.4,1283.0
10425500,stimulus_Arg_PISACowsMilk_10_page_6,1161.9,316.3,1282.0
10425501,stimulus_Arg_PISACowsMilk_10_page_6,1162.0,316.3,1283.0
10425502,stimulus_Arg_PISACowsMilk_10_page_6,1162.1,316.2,1284.0
10425503,stimulus_Arg_PISACowsMilk_10_page_6,1162.0,316.2,1285.0
10425504,stimulus_Arg_PISACowsMilk_10_page_6,1161.9,316.1,1286.0
10425505,stimulus_Arg_PISACowsMilk_10_page_6,1161.9,316.2,1285.0
10425506,stimulus_Arg_PISACowsMilk_10_page_6,1161.8,316.4,1285.0
10425507,stimulus_Arg_PISACowsMilk_10_page_6,1162.1,316.6,1283.0
10425508,stimulus_Arg_PISACowsMilk_10_page_6,1162.3,316.3,1281.0
10425509,stimulus_Arg_PISACowsMilk_10_page_6,1162.5,316.0,1281.0
10425510,stimulus_Arg_PISACowsMilk_10_page_6,1162.0,315.6,1282.0
10425511,stimulus_Arg_PISACowsMilk_10_page_6,1161.5,315.5,1282.0
10425512,stimulus_Arg_PISACowsMilk_10_page_6,1161.1,315.2,1282.0
10425513,stimulus_Arg_PISACowsMilk_10_page_6,1161.1,315.1,1281.0
10425514,stimulus_Arg_PISACowsMilk_10_page_6,1161.2,315.0,1282.0
10425515,stimulus_Arg_PISACowsMilk_10_page_6,1161.3,315.0,1283.0
10425516,stimulus_Arg_PISACowsMilk_10_page_6,1161.4,315.1,1283.0
10425517,stimulus_Arg_PISACowsMilk_10_page_6,1161.7,315.1,1283.0
10425518,stimulus_Arg_PISACowsMilk_10_page_6,1161.9,315.3,1283.0
10425519,stimulus_Arg_PISACowsMilk_10_page_6,1162.0,315.4,1284.0
10425520,stimulus_Arg_PISACowsMilk_10_page_6,1161.9,315.8,1285.0
10425521,stimulus_Arg_PISACowsMilk_10_page_6,1161.7,315.9,1285.0
10425522,stimulus_Arg_PISACowsMilk_10_page_6,1161.6,316.0,1285.0
10425523,stimulus_Arg_PISACowsMilk_10_page_6,1161.4,316.2,1283.0
10425524,stimulus_Arg_PISACowsMilk_10_page_6,1161.2,316.4,1281.0
10425525,stimulus_Arg_PISACowsMilk_10_page_6,1161.1,316.6,1279.0
10425526,stimulus_Arg_PISACowsMilk_10_page_6,1161.0,316.6,1280.0
10425527,stimulus_Arg_PISACowsMilk_10_page_6,1160.9,316.7,1282.0
10425528,stimulus_Arg_PISACowsMilk_10_page_6,1160.9,316.9,1283.0
10425529,stimulus_Arg_PISACowsMilk_10_page_6,1161.0,317.1,1283.0
10425530,stimulus_Arg_PISACowsMilk_10_page_6,1161.1,317.4,1283.0
10425531,stimulus_Arg_PISACowsMilk_10_page_6,1161.5,317.5,1284.0
10425532,stimulus_Arg_PISACowsMilk_10_page_6,1161.8,317.4,1284.0
10425533,stimulus_Arg_PISACowsMilk_10_page_6,1161.9,317.2,1284.0
10425534,stimulus_Arg_PISACowsMilk_10_page_6,1161.7,317.0,1284.0
10425535,stimulus_Arg_PISACowsMilk_10_page_6,1161.4,316.9,1284.0
10425536,stimulus_Arg_PISACowsMilk_10_page_6,1161.4,316.8,1284.0
10425537,stimulus_Arg_PISACowsMilk_10_page_6,1161.6,316.7,1285.0
10425538,stimulus_Arg_PISACowsMilk_10_page_6,1161.7,316.9,1284.0
10425539,stimulus_Arg_PISACowsMilk_10_page_6,1161.7,317.0,1284.0
10425540,stimulus_Arg_PISACowsMilk_10_page_6,1161.5,317.3,1284.0
10425541,stimulus_Arg_PISACowsMilk_10_page_6,1161.4,317.4,1285.0
10425542,stimulus_Arg_PISACowsMilk_10_page_6,1161.3,317.5,1285.0
10425543,stimulus_Arg_PISACowsMilk_10_page_6,1161.3,317.4,1286.0
10425544,stimulus_Arg_PISACowsMilk_10_page_6,1161.4,317.4,1285.0
10425545,stimulus_Arg_PISACowsMilk_10_page_6,1161.3,317.4,1284.0
10425546,stimulus_Arg_PISACowsMilk_10_page_6,1161.3,317.3,1283.0
10425547,stimulus_Arg_PISACowsMilk_10_page_6,1161.5,317.1,1283.0
10425548,stimulus_Arg_PISACowsMilk_10_page_6,1161.7,316.9,1283.0
10425549,stimulus_Arg_PISACowsMilk_10_page_6,1161.7,316.9,1283.0
10425550,stimulus_Arg_PISACowsMilk_10_page_6,1161.5,317.0,1283.0
10425551,stimulus_Arg_PISACowsMilk_10_page_6,1161.3,317.3,1284.0
10425552,stimulus_Arg_PISACowsMilk_10_page_6,1161.1,317.5,1284.0
10425553,stimulus_Arg_PISACowsMilk_10_page_6,1161.1,317.7,1285.0
10425554,stimulus_Arg_PISACowsMilk_10_page_6,1161.3,317.7,1284.0
10425555,stimulus_Arg_PISACowsMilk_10_page_6,1161.5,317.9,1284.0
10425556,stimulus_Arg_PISACowsMilk_10_page_6,1161.8,318.1,1283.0
10425557,stimulus_Arg_PISACowsMilk_10_page_6,1161.9,318.1,1283.0
10425558,stimulus_Arg_PISACowsMilk_10_page_6,1162.1,317.9,1282.0
10425559,stimulus_Arg_PISACowsMilk_10_page_6,1162.1,317.7,1282.0
10425560,stimulus_Arg_PISACowsMilk_10_page_6,1162.3,317.6,1282.0
10425561,stimulus_Arg_PISACowsMilk_10_page_6,1162.5,317.6,1282.0
10425562,stimulus_Arg_PISACowsMilk_10_page_6,1162.7,317.5,1283.0
10425563,stimulus_Arg_PISACowsMilk_10_page_6,1162.7,317.5,1283.0
10425564,stimulus_Arg_PISACowsMilk_10_page_6,1162.7,317.4,1283.0
10425565,stimulus_Arg_PISACowsMilk_10_page_6,1162.7,317.5,1283.0
10425566,stimulus_Arg_PISACowsMilk_10_page_6,1162.8,317.6,1282.0
10425567,stimulus_Arg_PISACowsMilk_10_page_6,1163.0,317.6,1281.0
10425568,stimulus_Arg_PISACowsMilk_10_page_6,1163.2,317.7,1280.0
10425569,stimulus_Arg_PISACowsMilk_10_page_6,1163.4,318.0,1280.0
10425570,stimulus_Arg_PISACowsMilk_10_page_6,1163.4,318.5,1280.0
10425571,stimulus_Arg_PISACowsMilk_10_page_6,1163.4,318.9,1280.0
10425572,stimulus_Arg_PISACowsMilk_10_page_6,1163.3,319.3,1280.0
10425573,stimulus_Arg_PISACowsMilk_10_page_6,1163.3,319.6,1280.0
10425574,stimulus_Arg_PISACowsMilk_10_page_6,1163.1,320.0,1281.0
10425575,stimulus_Arg_PISACowsMilk_10_page_6,1162.7,320.5,1282.0
10425576,stimulus_Arg_PISACowsMilk_10_page_6,1162.4,320.6,1282.0
10425577,stimulus_Arg_PISACowsMilk_10_page_6,1161.8,320.6,1282.0
10425578,stimulus_Arg_PISACowsMilk_10_page_6,1161.5,320.7,1282.0
10425579,stimulus_Arg_PISACowsMilk_10_page_6,1161.2,321.0,1282.0
10425580,stimulus_Arg_PISACowsMilk_10_page_6,1160.9,322.6,1280.0
10425581,stimulus_Arg_PISACowsMilk_10_page_6,1160.4,324.5,1279.0
10425582,stimulus_Arg_PISACowsMilk_10_page_6,1159.7,326.6,1278.0
10425583,stimulus_Arg_PISACowsMilk_10_page_6,1159.0,327.8,1279.0
10425584,stimulus_Arg_PISACowsMilk_10_page_6,1158.4,328.6,1280.0
10425585,stimulus_Arg_PISACowsMilk_10_page_6,1158.0,329.2,1281.0
10425586,stimulus_Arg_PISACowsMilk_10_page_6,1157.4,329.3,1281.0
10425587,stimulus_Arg_PISACowsMilk_10_page_6,1156.7,329.2,1281.0
10425588,stimulus_Arg_PISACowsMilk_10_page_6,1155.7,329.5,1281.0
10425589,stimulus_Arg_PISACowsMilk_10_page_6,1154.7,330.0,1282.0
10425590,stimulus_Arg_PISACowsMilk_10_page_6,1153.7,330.8,1281.0
10425591,stimulus_Arg_PISACowsMilk_10_page_6,1152.9,331.9,1280.0
10425592,stimulus_Arg_PISACowsMilk_10_page_6,1152.1,333.2,1278.0
10425593,stimulus_Arg_PISACowsMilk_10_page_6,1150.6,334.8,1278.0
10425594,stimulus_Arg_PISACowsMilk_10_page_6,1148.9,336.0,1277.0
10425595,stimulus_Arg_PISACowsMilk_10_page_6,1146.6,337.1,1276.0
10425596,stimulus_Arg_PISACowsMilk_10_page_6,1145.1,337.9,1276.0
10425597,stimulus_Arg_PISACowsMilk_10_page_6,1143.7,338.7,1276.0
10425598,stimulus_Arg_PISACowsMilk_10_page_6,1142.6,339.9,1275.0
10425599,stimulus_Arg_PISACowsMilk_10_page_6,1141.7,340.6,1275.0
10425600,stimulus_Arg_PISACowsMilk_10_page_6,1147.2,328.8,1284.0
10425601,stimulus_Arg_PISACowsMilk_10_page_6,1165.2,317.7,1301.0
10425602,stimulus_Arg_PISACowsMilk_10_page_6,1183.2,308.1,1319.0
10425603,stimulus_Arg_PISACowsMilk_10_page_6,1193.8,322.4,1318.0
10425604,stimulus_Arg_PISACowsMilk_10_page_6,1192.4,348.4,1290.0
10425605,stimulus_Arg_PISACowsMilk_10_page_6,1191.1,386.5,1249.0
10425606,stimulus_Arg_PISACowsMilk_10_page_6,1192.6,430.1,1199.0
10425607,stimulus_Arg_PISACowsMilk_10_page_6,1195.4,475.9,1143.0
10425608,stimulus_Arg_PISACowsMilk_10_page_6,1197.7,525.0,1084.0
10425609,stimulus_Arg_PISACowsMilk_10_page_6,1196.7,574.6,1018.0
10425610,stimulus_Arg_PISACowsMilk_10_page_6,1195.0,624.7,959.0
10425611,stimulus_Arg_PISACowsMilk_10_page_6,1198.3,678.1,895.0
10425612,stimulus_Arg_PISACowsMilk_10_page_6,1205.8,733.2,837.0
10425613,stimulus_Arg_PISACowsMilk_10_page_6,1213.7,771.5,796.0
10425614,stimulus_Arg_PISACowsMilk_10_page_6,1216.9,789.5,776.0
10425615,stimulus_Arg_PISACowsMilk_10_page_6,1216.9,789.5,776.0
10425616,stimulus_Arg_PISACowsMilk_10_page_6,,,0.0
10425617,stimulus_Arg_PISACowsMilk_10_page_6,,,0.0
10425618,stimulus_Arg_PISACowsMilk_10_page_6,,,0.0
10425619,stimulus_Arg_PISACowsMilk_10_page_6,,,0.0
10425620,stimulus_Arg_PISACowsMilk_10_page_6,,,0.0
10425621,stimulus_Arg_PISACowsMilk_10_page_6,,,0.0
10425622,stimulus_Arg_PISACowsMilk_10_page_6,,,0.0
10425623,stimulus_Arg_PISACowsMilk_10_page_6,,,0.0
10425624,stimulus_Arg_PISACowsMilk_10_page_6,,,0.0
10425625,stimulus_Arg_PISACowsMilk_10_page_6,,,0.0
10425626,stimulus_Arg_PISACowsMilk_10_page_6,,,0.0
10425627,stimulus_Arg_PISACowsMilk_10_page_6,,,0.0
10425628,stimulus_Arg_PISACowsMilk_10_page_6,,,0.0
10425629,stimulus_Arg_PISACowsMilk_10_page_6,,,0.0
10425630,stimulus_Arg_PISACowsMilk_10_page_6,,,0.0
10425631,stimulus_Arg_PISACowsMilk_10_page_6,,,0.0
10425632,stimulus_Arg_PISACowsMilk_10_page_6,,,0.0
10425633,stimulus_Arg_PISACowsMilk_10_page_6,,,0.0
10425634,stimulus_Arg_PISACowsMilk_10_page_6,,,0.0
10425635,stimulus_Arg_PISACowsMilk_10_page_6,,,0.0
10425636,stimulus_Arg_PISACowsMilk_10_page_6,,,0.0
10425637,stimulus_Arg_PISACowsMilk_10_page_6,,,0.0
10425638,stimulus_Arg_PISACowsMilk_10_page_6,,,0.0
10425639,stimulus_Arg_PISACowsMilk_10_page_6,,,0.0
10425640,stimulus_Arg_PISACowsMilk_10_page_6,,,0.0
10425641,stimulus_Arg_PISACowsMilk_10_page_6,,,0.0
10425642,stimulus_Arg_PISACowsMilk_10_page_6,,,0.0
10425643,stimulus_Arg_PISACowsMilk_10_page_6,,,0.0
10425644,stimulus_Arg_PISACowsMilk_10_page_6,,,0.0
10425645,stimulus_Arg_PISACowsMilk_10_page_6,,,0.0
10425646,stimulus_Arg_PISACowsMilk_10_page_6,,,0.0
10425647,stimulus_Arg_PISACowsMilk_10_page_6,,,0.0
10425648,stimulus_Arg_PISACowsMilk_10_page_6,,,0.0
10425649,stimulus_Arg_PISACowsMilk_10_page_6,,,0.0
10425650,stimulus_Arg_PISACowsMilk_10_page_6,,,0.0
10425651,stimulus_Arg_PISACowsMilk_10_page_6,,,0.0
10425652,stimulus_Arg_PISACowsMilk_10_page_6,,,0.0
10425653,stimulus_Arg_PISACowsMilk_10_page_6,,,0.0
10425654,stimulus_Arg_PISACowsMilk_10_page_6,,,0.0
10425655,stimulus_Arg_PISACowsMilk_10_page_6,,,0.0
10425656,stimulus_Arg_PISACowsMilk_10_page_6,,,0.0
10425657,stimulus_Arg_PISACowsMilk_10_page_6,,,0.0
10425658,stimulus_Arg_PISACowsMilk_10_page_6,,,0.0
10425659,stimulus_Arg_PISACowsMilk_10_page_6,,,0.0
10425660,stimulus_Arg_PISACowsMilk_10_page_6,,,0.0
10425661,stimulus_Arg_PISACowsMilk_10_page_6,,,0.0
10425662,stimulus_Arg_PISACowsMilk_10_page_6,,,0.0
10425663,stimulus_Arg_PISACowsMilk_10_page_6,,,0.0
10425664,stimulus_Arg_PISACowsMilk_10_page_6,,,0.0
10425665,stimulus_Arg_PISACowsMilk_10_page_6,,,0.0
10425666,stimulus_Arg_PISACowsMilk_10_page_6,,,0.0
10425667,stimulus_Arg_PISACowsMilk_10_page_6,,,0.0
10425668,stimulus_Arg_PISACowsMilk_10_page_6,,,0.0
10425669,stimulus_Arg_PISACowsMilk_10_page_6,,,0.0
10425670,stimulus_Arg_PISACowsMilk_10_page_6,,,0.0
10425671,stimulus_Arg_PISACowsMilk_10_page_6,,,0.0
10425672,stimulus_Arg_PISACowsMilk_10_page_6,,,0.0
10425673,stimulus_Arg_PISACowsMilk_10_page_6,1205.0,824.5,636.0
10425674,stimulus_Arg_PISACowsMilk_10_page_6,1205.0,824.5,636.0
10425675,stimulus_Arg_PISACowsMilk_10_page_6,1205.0,816.1,648.0
10425676,stimulus_Arg_PISACowsMilk_10_page_6,1206.2,799.8,668.0
10425677,stimulus_Arg_PISACowsMilk_10_page_6,1207.9,774.9,700.0
10425678,stimulus_Arg_PISACowsMilk_10_page_6,1210.1,750.6,729.0
10425679,stimulus_Arg_PISACowsMilk_10_page_6,1211.3,725.8,760.0
10425680,stimulus_Arg_PISACowsMilk_10_page_6,1211.6,701.8,788.0
10425681,stimulus_Arg_PISACowsMilk_10_page_6,1211.5,677.9,816.0
10425682,stimulus_Arg_PISACowsMilk_10_page_6,1211.4,655.8,844.0
10425683,stimulus_Arg_PISACowsMilk_10_page_6,1211.6,634.9,872.0
10425684,stimulus_Arg_PISACowsMilk_10_page_6,1211.9,615.5,900.0
10425685,stimulus_Arg_PISACowsMilk_10_page_6,1213.1,596.2,926.0
10425686,stimulus_Arg_PISACowsMilk_10_page_6,1214.4,576.5,953.0
10425687,stimulus_Arg_PISACowsMilk_10_page_6,1214.7,557.6,975.0
10425688,stimulus_Arg_PISACowsMilk_10_page_6,1213.9,540.1,997.0
10425689,stimulus_Arg_PISACowsMilk_10_page_6,1212.2,524.5,1019.0
10425690,stimulus_Arg_PISACowsMilk_10_page_6,1210.5,508.8,1041.0
10425691,stimulus_Arg_PISACowsMilk_10_page_6,1208.5,493.9,1063.0
10425692,stimulus_Arg_PISACowsMilk_10_page_6,1206.3,478.4,1081.0
10425693,stimulus_Arg_PISACowsMilk_10_page_6,1205.0,463.2,1102.0
10425694,stimulus_Arg_PISACowsMilk_10_page_6,1202.7,448.2,1116.0
10425695,stimulus_Arg_PISACowsMilk_10_page_6,1201.5,432.8,1135.0
10425696,stimulus_Arg_PISACowsMilk_10_page_6,1200.3,416.3,1151.0
10425697,stimulus_Arg_PISACowsMilk_10_page_6,1199.2,401.1,1172.0
10425698,stimulus_Arg_PISACowsMilk_10_page_6,1198.1,387.3,1188.0
10425699,stimulus_Arg_PISACowsMilk_10_page_6,1193.7,377.6,1202.0
10425700,stimulus_Arg_PISACowsMilk_10_page_6,1188.7,369.0,1214.0
10425701,stimulus_Arg_PISACowsMilk_10_page_6,1182.0,362.0,1223.0
10425702,stimulus_Arg_PISACowsMilk_10_page_6,1178.4,355.3,1235.0
10425703,stimulus_Arg_PISACowsMilk_10_page_6,1176.3,348.3,1246.0
10425704,stimulus_Arg_PISACowsMilk_10_page_6,1175.9,340.8,1254.0
10425705,stimulus_Arg_PISACowsMilk_10_page_6,1175.3,333.5,1261.0
10425706,stimulus_Arg_PISACowsMilk_10_page_6,1174.7,326.6,1266.0
10425707,stimulus_Arg_PISACowsMilk_10_page_6,1174.2,320.8,1272.0
10425708,stimulus_Arg_PISACowsMilk_10_page_6,1174.1,315.2,1275.0
10425709,stimulus_Arg_PISACowsMilk_10_page_6,1173.8,310.1,1279.0
10425710,stimulus_Arg_PISACowsMilk_10_page_6,1173.2,307.1,1281.0
10425711,stimulus_Arg_PISACowsMilk_10_page_6,1172.3,305.4,1281.0
10425712,stimulus_Arg_PISACowsMilk_10_page_6,1171.6,306.0,1278.0
10425713,stimulus_Arg_PISACowsMilk_10_page_6,1170.7,308.6,1275.0
10425714,stimulus_Arg_PISACowsMilk_10_page_6,1169.4,312.8,1275.0
10425715,stimulus_Arg_PISACowsMilk_10_page_6,1167.5,319.2,1273.0
10425716,stimulus_Arg_PISACowsMilk_10_page_6,1165.4,324.3,1271.0
10425717,stimulus_Arg_PISACowsMilk_10_page_6,1164.1,328.6,1271.0
10425718,stimulus_Arg_PISACowsMilk_10_page_6,1163.4,330.8,1272.0
10425719,stimulus_Arg_PISACowsMilk_10_page_6,1163.0,332.2,1273.0
10425720,stimulus_Arg_PISACowsMilk_10_page_6,1162.3,332.7,1273.0
10425721,stimulus_Arg_PISACowsMilk_10_page_6,1161.7,332.8,1275.0
10425722,stimulus_Arg_PISACowsMilk_10_page_6,1161.4,332.6,1276.0
10425723,stimulus_Arg_PISACowsMilk_10_page_6,1161.3,331.7,1279.0
10425724,stimulus_Arg_PISACowsMilk_10_page_6,1161.3,330.7,1280.0
10425725,stimulus_Arg_PISACowsMilk_10_page_6,1161.3,330.0,1281.0
10425726,stimulus_Arg_PISACowsMilk_10_page_6,1161.5,330.1,1281.0
10425727,stimulus_Arg_PISACowsMilk_10_page_6,1161.7,330.3,1280.0
10425728,stimulus_Arg_PISACowsMilk_10_page_6,1161.5,330.4,1280.0
10425729,stimulus_Arg_PISACowsMilk_10_page_6,1161.3,330.2,1280.0
10425730,stimulus_Arg_PISACowsMilk_10_page_6,1161.1,330.0,1282.0
10425731,stimulus_Arg_PISACowsMilk_10_page_6,1160.9,329.9,1283.0
10425732,stimulus_Arg_PISACowsMilk_10_page_6,1160.7,328.8,1283.0
10425733,stimulus_Arg_PISACowsMilk_10_page_6,1160.4,327.7,1283.0
10425734,stimulus_Arg_PISACowsMilk_10_page_6,1160.3,326.7,1283.0
10425735,stimulus_Arg_PISACowsMilk_10_page_6,1160.1,326.6,1283.0
10425736,stimulus_Arg_PISACowsMilk_10_page_6,1160.0,326.4,1284.0
10425737,stimulus_Arg_PISACowsMilk_10_page_6,1160.1,326.2,1285.0
10425738,stimulus_Arg_PISACowsMilk_10_page_6,1160.2,325.7,1285.0
10425739,stimulus_Arg_PISACowsMilk_10_page_6,1160.2,325.1,1285.0
10425740,stimulus_Arg_PISACowsMilk_10_page_6,1160.1,324.5,1286.0
10425741,stimulus_Arg_PISACowsMilk_10_page_6,1160.0,324.5,1287.0
10425742,stimulus_Arg_PISACowsMilk_10_page_6,1159.8,324.2,1287.0
10425743,stimulus_Arg_PISACowsMilk_10_page_6,1159.7,323.9,1287.0
10425744,stimulus_Arg_PISACowsMilk_10_page_6,1159.6,323.5,1288.0
10425745,stimulus_Arg_PISACowsMilk_10_page_6,1159.4,323.3,1287.0
10425746,stimulus_Arg_PISACowsMilk_10_page_6,1159.4,323.2,1286.0
10425747,stimulus_Arg_PISACowsMilk_10_page_6,1159.4,323.1,1285.0
10425748,stimulus_Arg_PISACowsMilk_10_page_6,1159.3,322.9,1285.0
10425749,stimulus_Arg_PISACowsMilk_10_page_6,1159.2,322.7,1286.0
10425750,stimulus_Arg_PISACowsMilk_10_page_6,1159.2,322.5,1286.0
10425751,stimulus_Arg_PISACowsMilk_10_page_6,1159.2,322.4,1286.0
10425752,stimulus_Arg_PISACowsMilk_10_page_6,1159.1,322.4,1286.0
10425753,stimulus_Arg_PISACowsMilk_10_page_6,1159.2,322.2,1286.0
10425754,stimulus_Arg_PISACowsMilk_10_page_6,1159.2,321.7,1286.0
10425755,stimulus_Arg_PISACowsMilk_10_page_6,1159.3,321.3,1284.0
10425756,stimulus_Arg_PISACowsMilk_10_page_6,1159.4,321.2,1283.0
10425757,stimulus_Arg_PISACowsMilk_10_page_6,1159.4,321.4,1282.0
10425758,stimulus_Arg_PISACowsMilk_10_page_6,1159.3,321.6,1281.0
10425759,stimulus_Arg_PISACowsMilk_10_page_6,1159.2,321.8,1281.0
10425760,stimulus_Arg_PISACowsMilk_10_page_6,1159.2,321.9,1281.0
10425761,stimulus_Arg_PISACowsMilk_10_page_6,1159.1,322.2,1281.0
10425762,stimulus_Arg_PISACowsMilk_10_page_6,1158.9,322.4,1281.0
10425763,stimulus_Arg_PISACowsMilk_10_page_6,1158.7,322.6,1280.0
10425764,stimulus_Arg_PISACowsMilk_10_page_6,1158.5,322.4,1280.0
10425765,stimulus_Arg_PISACowsMilk_10_page_6,1158.4,322.3,1280.0
10425766,stimulus_Arg_PISACowsMilk_10_page_6,1158.3,322.2,1280.0
10425767,stimulus_Arg_PISACowsMilk_10_page_6,1158.2,322.2,1280.0
10425768,stimulus_Arg_PISACowsMilk_10_page_6,1158.0,322.2,1280.0
10425769,stimulus_Arg_PISACowsMilk_10_page_6,1158.0,322.4,1281.0
10425770,stimulus_Arg_PISACowsMilk_10_page_6,1157.9,322.5,1281.0
10425771,stimulus_Arg_PISACowsMilk_10_page_6,1157.9,322.6,1281.0
10425772,stimulus_Arg_PISACowsMilk_10_page_6,1157.9,322.8,1282.0
10425773,stimulus_Arg_PISACowsMilk_10_page_6,1157.9,323.1,1282.0
10425774,stimulus_Arg_PISACowsMilk_10_page_6,1157.9,323.4,1283.0
10425775,stimulus_Arg_PISACowsMilk_10_page_6,1157.9,323.6,1283.0
10425776,stimulus_Arg_PISACowsMilk_10_page_6,1158.1,323.7,1283.0
10425777,stimulus_Arg_PISACowsMilk_10_page_6,1158.3,323.6,1282.0
10425778,stimulus_Arg_PISACowsMilk_10_page_6,1158.3,323.6,1282.0
10425779,stimulus_Arg_PISACowsMilk_10_page_6,1158.3,323.6,1283.0
10425780,stimulus_Arg_PISACowsMilk_10_page_6,1158.2,323.7,1284.0
10425781,stimulus_Arg_PISACowsMilk_10_page_6,1158.2,323.8,1284.0
10425782,stimulus_Arg_PISACowsMilk_10_page_6,1158.3,323.7,1284.0
10425783,stimulus_Arg_PISACowsMilk_10_page_6,1158.4,323.7,1284.0
10425784,stimulus_Arg_PISACowsMilk_10_page_6,1158.6,323.6,1283.0
10425785,stimulus_Arg_PISACowsMilk_10_page_6,1158.7,323.8,1282.0
10425786,stimulus_Arg_PISACowsMilk_10_page_6,1158.8,324.0,1281.0
10425787,stimulus_Arg_PISACowsMilk_10_page_6,1158.8,324.4,1281.0
10425788,stimulus_Arg_PISACowsMilk_10_page_6,1158.9,324.5,1282.0
10425789,stimulus_Arg_PISACowsMilk_10_page_6,1158.9,324.6,1283.0
10425790,stimulus_Arg_PISACowsMilk_10_page_6,1159.0,324.6,1284.0
10425791,stimulus_Arg_PISACowsMilk_10_page_6,1159.0,324.9,1284.0
10425792,stimulus_Arg_PISACowsMilk_10_page_6,1159.0,325.2,1284.0
10425793,stimulus_Arg_PISACowsMilk_10_page_6,1159.1,325.5,1284.0
10425794,stimulus_Arg_PISACowsMilk_10_page_6,1159.3,325.6,1284.0
10425795,stimulus_Arg_PISACowsMilk_10_page_6,1159.4,325.7,1284.0
10425796,stimulus_Arg_PISACowsMilk_10_page_6,1159.3,325.9,1285.0
10425797,stimulus_Arg_PISACowsMilk_10_page_6,1159.2,326.2,1285.0
10425798,stimulus_Arg_PISACowsMilk_10_page_6,1159.2,326.6,1285.0
10425799,stimulus_Arg_PISACowsMilk_10_page_6,1159.2,326.9,1284.0
10425800,stimulus_Arg_PISACowsMilk_10_page_6,1159.2,327.1,1285.0
10425801,stimulus_Arg_PISACowsMilk_10_page_6,1159.2,327.3,1286.0
10425802,stimulus_Arg_PISACowsMilk_10_page_6,1159.3,327.7,1286.0
10425803,stimulus_Arg_PISACowsMilk_10_page_6,1159.4,328.0,1284.0
10425804,stimulus_Arg_PISACowsMilk_10_page_6,1159.6,328.1,1283.0
10425805,stimulus_Arg_PISACowsMilk_10_page_6,1159.5,328.1,1283.0
10425806,stimulus_Arg_PISACowsMilk_10_page_6,1159.5,328.0,1282.0
10425807,stimulus_Arg_PISACowsMilk_10_page_6,1159.6,328.4,1282.0
10425808,stimulus_Arg_PISACowsMilk_10_page_6,1159.7,328.9,1282.0
10425809,stimulus_Arg_PISACowsMilk_10_page_6,1159.8,329.3,1282.0
10425810,stimulus_Arg_PISACowsMilk_10_page_6,1159.5,329.2,1282.0
10425811,stimulus_Arg_PISACowsMilk_10_page_6,1159.2,329.1,1283.0
10425812,stimulus_Arg_PISACowsMilk_10_page_6,1158.9,329.0,1283.0
10425813,stimulus_Arg_PISACowsMilk_10_page_6,1158.9,329.0,1283.0
10425814,stimulus_Arg_PISACowsMilk_10_page_6,1159.0,329.2,1282.0
10425815,stimulus_Arg_PISACowsMilk_10_page_6,1159.0,329.0,1282.0
10425816,stimulus_Arg_PISACowsMilk_10_page_6,1159.0,328.9,1281.0
10425817,stimulus_Arg_PISACowsMilk_10_page_6,1158.9,328.7,1280.0
10425818,stimulus_Arg_PISACowsMilk_10_page_6,1159.0,328.8,1280.0
10425819,stimulus_Arg_PISACowsMilk_10_page_6,1159.2,328.7,1280.0
10425820,stimulus_Arg_PISACowsMilk_10_page_6,1159.4,328.7,1280.0
10425821,stimulus_Arg_PISACowsMilk_10_page_6,1159.4,328.7,1280.0
10425822,stimulus_Arg_PISACowsMilk_10_page_6,1159.3,328.6,1281.0
10425823,stimulus_Arg_PISACowsMilk_10_page_6,1159.1,328.6,1281.0
10425824,stimulus_Arg_PISACowsMilk_10_page_6,1159.0,329.1,1280.0
10425825,stimulus_Arg_PISACowsMilk_10_page_6,1158.9,329.6,1279.0
10425826,stimulus_Arg_PISACowsMilk_10_page_6,1158.9,330.0,1279.0
10425827,stimulus_Arg_PISACowsMilk_10_page_6,1159.0,329.5,1279.0
10425828,stimulus_Arg_PISACowsMilk_10_page_6,1159.1,329.0,1278.0
10425829,stimulus_Arg_PISACowsMilk_10_page_6,1159.2,329.0,1279.0
10425830,stimulus_Arg_PISACowsMilk_10_page_6,1159.3,329.5,1280.0
10425831,stimulus_Arg_PISACowsMilk_10_page_6,1159.3,329.3,1280.0
10425832,stimulus_Arg_PISACowsMilk_10_page_6,1159.3,328.7,1280.0
10425833,stimulus_Arg_PISACowsMilk_10_page_6,1159.0,328.2,1279.0
10425834,stimulus_Arg_PISACowsMilk_10_page_6,1158.8,328.3,1278.0
10425835,stimulus_Arg_PISACowsMilk_10_page_6,1158.6,328.5,1277.0
10425836,stimulus_Arg_PISACowsMilk_10_page_6,1158.6,328.9,1278.0
10425837,stimulus_Arg_PISACowsMilk_10_page_6,1158.7,329.6,1278.0
10425838,stimulus_Arg_PISACowsMilk_10_page_6,1158.9,330.0,1280.0
10425839,stimulus_Arg_PISACowsMilk_10_page_6,1159.1,330.3,1280.0
10425840,stimulus_Arg_PISACowsMilk_10_page_6,1159.2,330.3,1281.0
10425841,stimulus_Arg_PISACowsMilk_10_page_6,1159.1,329.9,1280.0
10425842,stimulus_Arg_PISACowsMilk_10_page_6,1159.1,329.5,1280.0
10425843,stimulus_Arg_PISACowsMilk_10_page_6,1159.2,329.3,1278.0
10425844,stimulus_Arg_PISACowsMilk_10_page_6,1159.4,329.3,1277.0
10425845,stimulus_Arg_PISACowsMilk_10_page_6,1159.6,329.6,1275.0
10425846,stimulus_Arg_PISACowsMilk_10_page_6,1159.7,329.7,1275.0
10425847,stimulus_Arg_PISACowsMilk_10_page_6,1159.6,329.6,1274.0
10425848,stimulus_Arg_PISACowsMilk_10_page_6,1159.6,329.5,1274.0
10425849,stimulus_Arg_PISACowsMilk_10_page_6,1159.5,329.3,1275.0
10425850,stimulus_Arg_PISACowsMilk_10_page_6,1159.3,329.3,1275.0
10425851,stimulus_Arg_PISACowsMilk_10_page_6,1159.1,329.1,1275.0
10425852,stimulus_Arg_PISACowsMilk_10_page_6,1158.9,329.0,1275.0
10425853,stimulus_Arg_PISACowsMilk_10_page_6,1158.8,329.1,1276.0
10425854,stimulus_Arg_PISACowsMilk_10_page_6,1158.8,329.1,1276.0
10425855,stimulus_Arg_PISACowsMilk_10_page_6,1158.8,329.3,1276.0
10425856,stimulus_Arg_PISACowsMilk_10_page_6,1158.8,329.4,1275.0
10425857,stimulus_Arg_PISACowsMilk_10_page_6,1158.8,329.5,1275.0
10425858,stimulus_Arg_PISACowsMilk_10_page_6,1159.0,329.4,1276.0
10425859,stimulus_Arg_PISACowsMilk_10_page_6,1159.2,329.5,1277.0
10425860,stimulus_Arg_PISACowsMilk_10_page_6,1159.4,329.5,1277.0
10425861,stimulus_Arg_PISACowsMilk_10_page_6,1159.4,329.7,1277.0
10425862,stimulus_Arg_PISACowsMilk_10_page_6,1159.4,329.7,1278.0
10425863,stimulus_Arg_PISACowsMilk_10_page_6,1159.4,329.6,1278.0
10425864,stimulus_Arg_PISACowsMilk_10_page_6,1159.4,329.5,1278.0
10425865,stimulus_Arg_PISACowsMilk_10_page_6,1159.3,329.4,1277.0
10425866,stimulus_Arg_PISACowsMilk_10_page_6,1159.3,329.5,1275.0
10425867,stimulus_Arg_PISACowsMilk_10_page_6,1159.3,329.6,1275.0
10425868,stimulus_Arg_PISACowsMilk_10_page_6,1159.1,329.7,1275.0
10425869,stimulus_Arg_PISACowsMilk_10_page_6,1158.9,329.6,1275.0
10425870,stimulus_Arg_PISACowsMilk_10_page_6,1158.6,329.6,1274.0
10425871,stimulus_Arg_PISACowsMilk_10_page_6,1158.5,329.7,1274.0
10425872,stimulus_Arg_PISACowsMilk_10_page_6,1158.5,329.9,1275.0
10425873,stimulus_Arg_PISACowsMilk_10_page_6,1158.6,330.0,1275.0
10425874,stimulus_Arg_PISACowsMilk_10_page_6,1158.8,329.9,1275.0
10425875,stimulus_Arg_PISACowsMilk_10_page_6,1158.8,329.7,1275.0
10425876,stimulus_Arg_PISACowsMilk_10_page_6,1158.9,329.6,1275.0
10425877,stimulus_Arg_PISACowsMilk_10_page_6,1158.9,329.4,1275.0
10425878,stimulus_Arg_PISACowsMilk_10_page_6,1158.9,329.3,1276.0
10425879,stimulus_Arg_PISACowsMilk_10_page_6,1158.9,329.1,1277.0
10425880,stimulus_Arg_PISACowsMilk_10_page_6,1158.8,329.0,1277.0
10425881,stimulus_Arg_PISACowsMilk_10_page_6,1158.8,329.1,1277.0
10425882,stimulus_Arg_PISACowsMilk_10_page_6,1158.8,329.2,1277.0
10425883,stimulus_Arg_PISACowsMilk_10_page_6,1158.8,329.4,1275.0
10425884,stimulus_Arg_PISACowsMilk_10_page_6,1158.9,329.4,1274.0
10425885,stimulus_Arg_PISACowsMilk_10_page_6,1159.0,329.4,1273.0
10425886,stimulus_Arg_PISACowsMilk_10_page_6,1159.0,329.4,1272.0
10425887,stimulus_Arg_PISACowsMilk_10_page_6,1159.0,329.4,1272.0
10425888,stimulus_Arg_PISACowsMilk_10_page_6,1159.1,329.4,1272.0
10425889,stimulus_Arg_PISACowsMilk_10_page_6,1159.2,329.4,1273.0
10425890,stimulus_Arg_PISACowsMilk_10_page_6,1159.4,329.3,1273.0
10425891,stimulus_Arg_PISACowsMilk_10_page_6,1159.5,328.6,1273.0
10425892,stimulus_Arg_PISACowsMilk_10_page_6,1159.7,327.9,1272.0
10425893,stimulus_Arg_PISACowsMilk_10_page_6,1160.0,327.3,1270.0
10425894,stimulus_Arg_PISACowsMilk_10_page_6,1160.1,327.0,1268.0
10425895,stimulus_Arg_PISACowsMilk_10_page_6,1159.2,326.6,1267.0
10425896,stimulus_Arg_PISACowsMilk_10_page_6,1156.8,326.1,1266.0
10425897,stimulus_Arg_PISACowsMilk_10_page_6,1153.7,325.8,1267.0
10425898,stimulus_Arg_PISACowsMilk_10_page_6,1150.4,325.4,1269.0
10425899,stimulus_Arg_PISACowsMilk_10_page_6,1147.6,325.2,1270.0
10425900,stimulus_Arg_PISACowsMilk_10_page_6,1143.6,325.0,1269.0
10425901,stimulus_Arg_PISACowsMilk_10_page_6,1138.4,325.0,1267.0
10425902,stimulus_Arg_PISACowsMilk_10_page_6,1132.4,325.9,1270.0
10425903,stimulus_Arg_PISACowsMilk_10_page_6,1127.6,326.6,1273.0
10425904,stimulus_Arg_PISACowsMilk_10_page_6,1123.4,327.1,1275.0
10425905,stimulus_Arg_PISACowsMilk_10_page_6,1119.7,326.6,1273.0
10425906,stimulus_Arg_PISACowsMilk_10_page_6,1115.5,326.0,1273.0
10425907,stimulus_Arg_PISACowsMilk_10_page_6,1112.1,325.3,1275.0
10425908,stimulus_Arg_PISACowsMilk_10_page_6,1109.6,324.6,1278.0
10425909,stimulus_Arg_PISACowsMilk_10_page_6,1108.3,324.1,1280.0
10425910,stimulus_Arg_PISACowsMilk_10_page_6,1107.7,324.0,1283.0
10425911,stimulus_Arg_PISACowsMilk_10_page_6,1107.6,324.0,1284.0
10425912,stimulus_Arg_PISACowsMilk_10_page_6,1108.0,323.9,1286.0
10425913,stimulus_Arg_PISACowsMilk_10_page_6,1108.6,323.9,1286.0
10425914,stimulus_Arg_PISACowsMilk_10_page_6,1109.7,323.9,1286.0
10425915,stimulus_Arg_PISACowsMilk_10_page_6,1110.9,324.1,1286.0
10425916,stimulus_Arg_PISACowsMilk_10_page_6,1112.3,324.3,1287.0
10425917,stimulus_Arg_PISACowsMilk_10_page_6,1113.8,324.5,1288.0
10425918,stimulus_Arg_PISACowsMilk_10_page_6,1114.6,324.5,1289.0
10425919,stimulus_Arg_PISACowsMilk_10_page_6,1115.5,324.5,1289.0
10425920,stimulus_Arg_PISACowsMilk_10_page_6,1116.1,324.6,1290.0
10425921,stimulus_Arg_PISACowsMilk_10_page_6,1116.6,324.6,1290.0
10425922,stimulus_Arg_PISACowsMilk_10_page_6,1116.8,324.4,1289.0
10425923,stimulus_Arg_PISACowsMilk_10_page_6,1116.7,324.1,1288.0
10425924,stimulus_Arg_PISACowsMilk_10_page_6,1116.7,323.6,1287.0
10425925,stimulus_Arg_PISACowsMilk_10_page_6,1116.5,323.1,1286.0
10425926,stimulus_Arg_PISACowsMilk_10_page_6,1116.3,322.8,1285.0
10425927,stimulus_Arg_PISACowsMilk_10_page_6,1116.2,322.8,1285.0
10425928,stimulus_Arg_PISACowsMilk_10_page_6,1116.1,322.7,1286.0
10425929,stimulus_Arg_PISACowsMilk_10_page_6,1116.1,322.6,1286.0
10425930,stimulus_Arg_PISACowsMilk_10_page_6,1116.1,322.5,1286.0
10425931,stimulus_Arg_PISACowsMilk_10_page_6,1116.0,322.4,1287.0
10425932,stimulus_Arg_PISACowsMilk_10_page_6,1116.1,322.2,1287.0
10425933,stimulus_Arg_PISACowsMilk_10_page_6,1116.2,322.1,1285.0
10425934,stimulus_Arg_PISACowsMilk_10_page_6,1116.1,322.1,1284.0
10425935,stimulus_Arg_PISACowsMilk_10_page_6,1115.8,322.1,1283.0
10425936,stimulus_Arg_PISACowsMilk_10_page_6,1115.5,322.1,1283.0
10425937,stimulus_Arg_PISACowsMilk_10_page_6,1115.1,322.2,1283.0
10425938,stimulus_Arg_PISACowsMilk_10_page_6,1114.7,322.2,1282.0
10425939,stimulus_Arg_PISACowsMilk_10_page_6,1114.3,322.1,1282.0
10425940,stimulus_Arg_PISACowsMilk_10_page_6,1114.1,321.9,1281.0
10425941,stimulus_Arg_PISACowsMilk_10_page_6,1114.1,321.8,1281.0
10425942,stimulus_Arg_PISACowsMilk_10_page_6,1114.0,322.0,1281.0
10425943,stimulus_Arg_PISACowsMilk_10_page_6,1114.1,322.4,1281.0
10425944,stimulus_Arg_PISACowsMilk_10_page_6,1114.1,322.9,1280.0
10425945,stimulus_Arg_PISACowsMilk_10_page_6,1114.2,323.3,1280.0
10425946,stimulus_Arg_PISACowsMilk_10_page_6,1114.2,323.7,1279.0
10425947,stimulus_Arg_PISACowsMilk_10_page_6,1114.2,323.7,1280.0
10425948,stimulus_Arg_PISACowsMilk_10_page_6,1114.1,323.6,1281.0
10425949,stimulus_Arg_PISACowsMilk_10_page_6,1114.1,323.4,1282.0
10425950,stimulus_Arg_PISACowsMilk_10_page_6,1114.1,323.2,1282.0
10425951,stimulus_Arg_PISACowsMilk_10_page_6,1114.0,323.2,1283.0
10425952,stimulus_Arg_PISACowsMilk_10_page_6,1114.1,323.1,1284.0
10425953,stimulus_Arg_PISACowsMilk_10_page_6,1114.2,322.9,1285.0
10425954,stimulus_Arg_PISACowsMilk_10_page_6,1114.3,322.7,1285.0
10425955,stimulus_Arg_PISACowsMilk_10_page_6,1114.3,322.7,1285.0
10425956,stimulus_Arg_PISACowsMilk_10_page_6,1114.2,322.7,1283.0
10425957,stimulus_Arg_PISACowsMilk_10_page_6,1114.1,323.0,1282.0
10425958,stimulus_Arg_PISACowsMilk_10_page_6,1114.0,323.4,1282.0
10425959,stimulus_Arg_PISACowsMilk_10_page_6,1113.8,323.8,1282.0
10425960,stimulus_Arg_PISACowsMilk_10_page_6,1113.6,323.8,1282.0
10425961,stimulus_Arg_PISACowsMilk_10_page_6,1113.4,323.7,1283.0
10425962,stimulus_Arg_PISACowsMilk_10_page_6,1113.5,323.6,1284.0
10425963,stimulus_Arg_PISACowsMilk_10_page_6,1113.5,323.6,1284.0
10425964,stimulus_Arg_PISACowsMilk_10_page_6,1113.5,323.4,1284.0
10425965,stimulus_Arg_PISACowsMilk_10_page_6,1113.5,323.3,1285.0
10425966,stimulus_Arg_PISACowsMilk_10_page_6,1113.5,323.1,1285.0
10425967,stimulus_Arg_PISACowsMilk_10_page_6,1113.3,323.1,1285.0
10425968,stimulus_Arg_PISACowsMilk_10_page_6,1113.2,323.1,1285.0
10425969,stimulus_Arg_PISACowsMilk_10_page_6,1113.2,323.0,1285.0
10425970,stimulus_Arg_PISACowsMilk_10_page_6,1113.3,323.2,1285.0
10425971,stimulus_Arg_PISACowsMilk_10_page_6,1113.3,323.6,1284.0
10425972,stimulus_Arg_PISACowsMilk_10_page_6,1113.3,324.0,1284.0
10425973,stimulus_Arg_PISACowsMilk_10_page_6,1113.2,324.4,1284.0
10425974,stimulus_Arg_PISACowsMilk_10_page_6,1113.1,324.8,1284.0
10425975,stimulus_Arg_PISACowsMilk_10_page_6,1112.9,325.3,1283.0
10425976,stimulus_Arg_PISACowsMilk_10_page_6,1113.0,325.1,1283.0
10425977,stimulus_Arg_PISACowsMilk_10_page_6,1113.0,324.9,1282.0
10425978,stimulus_Arg_PISACowsMilk_10_page_6,1113.0,324.9,1283.0
10425979,stimulus_Arg_PISACowsMilk_10_page_6,1112.9,325.2,1284.0
10425980,stimulus_Arg_PISACowsMilk_10_page_6,1112.9,325.3,1284.0
10425981,stimulus_Arg_PISACowsMilk_10_page_6,1113.0,325.0,1286.0
10425982,stimulus_Arg_PISACowsMilk_10_page_6,1113.2,324.7,1287.0
10425983,stimulus_Arg_PISACowsMilk_10_page_6,1113.3,324.5,1287.0
10425984,stimulus_Arg_PISACowsMilk_10_page_6,1113.3,324.7,1286.0
10425985,stimulus_Arg_PISACowsMilk_10_page_6,1113.2,325.0,1285.0
10425986,stimulus_Arg_PISACowsMilk_10_page_6,1113.2,325.2,1286.0
10425987,stimulus_Arg_PISACowsMilk_10_page_6,1113.2,325.1,1286.0
10425988,stimulus_Arg_PISACowsMilk_10_page_6,1113.3,324.9,1285.0
10425989,stimulus_Arg_PISACowsMilk_10_page_6,1113.3,324.8,1285.0
10425990,stimulus_Arg_PISACowsMilk_10_page_6,1113.3,324.8,1286.0
10425991,stimulus_Arg_PISACowsMilk_10_page_6,1113.3,325.0,1288.0
10425992,stimulus_Arg_PISACowsMilk_10_page_6,1113.3,325.3,1290.0
10425993,stimulus_Arg_PISACowsMilk_10_page_6,1113.4,325.5,1292.0
10425994,stimulus_Arg_PISACowsMilk_10_page_6,1113.6,325.1,1292.0
10425995,stimulus_Arg_PISACowsMilk_10_page_6,1113.7,324.8,1291.0
10425996,stimulus_Arg_PISACowsMilk_10_page_6,1113.7,324.6,1290.0
10425997,stimulus_Arg_PISACowsMilk_10_page_6,1113.8,324.7,1289.0
10425998,stimulus_Arg_PISACowsMilk_10_page_6,1113.8,324.8,1290.0
10425999,stimulus_Arg_PISACowsMilk_10_page_6,1113.8,324.8,1291.0
10426000,stimulus_Arg_PISACowsMilk_10_page_6,1113.9,324.8,1291.0
10426001,stimulus_Arg_PISACowsMilk_10_page_6,1113.9,324.9,1291.0
10426002,stimulus_Arg_PISACowsMilk_10_page_6,1113.9,325.1,1291.0
10426003,stimulus_Arg_PISACowsMilk_10_page_6,1113.9,325.2,1290.0
10426004,stimulus_Arg_PISACowsMilk_10_page_6,1113.9,325.1,1290.0
10426005,stimulus_Arg_PISACowsMilk_10_page_6,1113.9,324.6,1289.0
10426006,stimulus_Arg_PISACowsMilk_10_page_6,1114.0,324.1,1289.0
10426007,stimulus_Arg_PISACowsMilk_10_page_6,1113.8,324.0,1289.0
10426008,stimulus_Arg_PISACowsMilk_10_page_6,1113.7,324.2,1289.0
10426009,stimulus_Arg_PISACowsMilk_10_page_6,1113.7,324.5,1289.0
10426010,stimulus_Arg_PISACowsMilk_10_page_6,1113.9,324.6,1289.0
10426011,stimulus_Arg_PISACowsMilk_10_page_6,1113.9,324.4,1289.0
10426012,stimulus_Arg_PISACowsMilk_10_page_6,1113.8,324.3,1289.0
10426013,stimulus_Arg_PISACowsMilk_10_page_6,1113.8,324.1,1290.0
10426014,stimulus_Arg_PISACowsMilk_10_page_6,1114.0,324.0,1290.0
10426015,stimulus_Arg_PISACowsMilk_10_page_6,1113.9,323.9,1290.0
10426016,stimulus_Arg_PISACowsMilk_10_page_6,1113.8,324.0,1290.0
10426017,stimulus_Arg_PISACowsMilk_10_page_6,1113.6,324.2,1290.0
10426018,stimulus_Arg_PISACowsMilk_10_page_6,1113.6,324.4,1290.0
10426019,stimulus_Arg_PISACowsMilk_10_page_6,1113.6,324.4,1290.0
10426020,stimulus_Arg_PISACowsMilk_10_page_6,1113.6,324.1,1291.0
10426021,stimulus_Arg_PISACowsMilk_10_page_6,1113.6,323.9,1291.0
10426022,stimulus_Arg_PISACowsMilk_10_page_6,1113.6,323.8,1292.0
10426023,stimulus_Arg_PISACowsMilk_10_page_6,1113.6,323.7,1291.0
10426024,stimulus_Arg_PISACowsMilk_10_page_6,1113.5,323.7,1291.0
10426025,stimulus_Arg_PISACowsMilk_10_page_6,1113.2,324.0,1291.0
10426026,stimulus_Arg_PISACowsMilk_10_page_6,1113.1,324.2,1291.0
10426027,stimulus_Arg_PISACowsMilk_10_page_6,1113.0,324.5,1291.0
10426028,stimulus_Arg_PISACowsMilk_10_page_6,1113.2,324.6,1291.0
10426029,stimulus_Arg_PISACowsMilk_10_page_6,1113.3,324.5,1292.0
10426030,stimulus_Arg_PISACowsMilk_10_page_6,1113.4,324.3,1292.0
10426031,stimulus_Arg_PISACowsMilk_10_page_6,1113.4,324.2,1293.0
10426032,stimulus_Arg_PISACowsMilk_10_page_6,1113.5,324.2,1293.0
10426033,stimulus_Arg_PISACowsMilk_10_page_6,1113.6,324.1,1294.0
10426034,stimulus_Arg_PISACowsMilk_10_page_6,1113.5,324.0,1293.0
10426035,stimulus_Arg_PISACowsMilk_10_page_6,1113.3,324.1,1293.0
10426036,stimulus_Arg_PISACowsMilk_10_page_6,1113.0,324.1,1292.0
10426037,stimulus_Arg_PISACowsMilk_10_page_6,1113.1,323.9,1292.0
10426038,stimulus_Arg_PISACowsMilk_10_page_6,1113.1,323.3,1292.0
10426039,stimulus_Arg_PISACowsMilk_10_page_6,1113.1,322.7,1292.0
10426040,stimulus_Arg_PISACowsMilk_10_page_6,1113.3,322.3,1291.0
10426041,stimulus_Arg_PISACowsMilk_10_page_6,1113.4,322.4,1292.0
10426042,stimulus_Arg_PISACowsMilk_10_page_6,1113.3,322.4,1292.0
10426043,stimulus_Arg_PISACowsMilk_10_page_6,1113.1,322.4,1291.0
10426044,stimulus_Arg_PISACowsMilk_10_page_6,1112.9,322.3,1291.0
10426045,stimulus_Arg_PISACowsMilk_10_page_6,1112.6,322.4,1291.0
10426046,stimulus_Arg_PISACowsMilk_10_page_6,1112.3,322.5,1290.0
10426047,stimulus_Arg_PISACowsMilk_10_page_6,1112.0,322.7,1290.0
10426048,stimulus_Arg_PISACowsMilk_10_page_6,1112.2,322.7,1291.0
10426049,stimulus_Arg_PISACowsMilk_10_page_6,1112.4,322.4,1293.0
10426050,stimulus_Arg_PISACowsMilk_10_page_6,1112.6,322.1,1294.0
10426051,stimulus_Arg_PISACowsMilk_10_page_6,1112.7,321.7,1294.0
10426052,stimulus_Arg_PISACowsMilk_10_page_6,1112.7,321.6,1295.0
10426053,stimulus_Arg_PISACowsMilk_10_page_6,1112.7,321.5,1295.0
10426054,stimulus_Arg_PISACowsMilk_10_page_6,1112.7,321.7,1294.0
10426055,stimulus_Arg_PISACowsMilk_10_page_6,1112.8,321.8,1294.0
10426056,stimulus_Arg_PISACowsMilk_10_page_6,1112.8,321.9,1294.0
10426057,stimulus_Arg_PISACowsMilk_10_page_6,1112.6,322.1,1295.0
10426058,stimulus_Arg_PISACowsMilk_10_page_6,1112.4,322.4,1295.0
10426059,stimulus_Arg_PISACowsMilk_10_page_6,1112.3,322.6,1295.0
10426060,stimulus_Arg_PISACowsMilk_10_page_6,1112.3,322.6,1294.0
10426061,stimulus_Arg_PISACowsMilk_10_page_6,1112.3,322.6,1294.0
10426062,stimulus_Arg_PISACowsMilk_10_page_6,1112.4,322.8,1293.0
10426063,stimulus_Arg_PISACowsMilk_10_page_6,1112.3,323.2,1294.0
10426064,stimulus_Arg_PISACowsMilk_10_page_6,1112.0,323.7,1293.0
10426065,stimulus_Arg_PISACowsMilk_10_page_6,1111.7,324.2,1293.0
10426066,stimulus_Arg_PISACowsMilk_10_page_6,1111.5,324.2,1292.0
10426067,stimulus_Arg_PISACowsMilk_10_page_6,1111.5,324.0,1293.0
10426068,stimulus_Arg_PISACowsMilk_10_page_6,1111.4,323.4,1295.0
10426069,stimulus_Arg_PISACowsMilk_10_page_6,1111.4,323.0,1296.0
10426070,stimulus_Arg_PISACowsMilk_10_page_6,1111.6,322.6,1295.0
10426071,stimulus_Arg_PISACowsMilk_10_page_6,1111.9,322.5,1294.0
10426072,stimulus_Arg_PISACowsMilk_10_page_6,1112.0,322.4,1293.0
10426073,stimulus_Arg_PISACowsMilk_10_page_6,1111.9,322.6,1294.0
10426074,stimulus_Arg_PISACowsMilk_10_page_6,1112.0,322.9,1294.0
10426075,stimulus_Arg_PISACowsMilk_10_page_6,1112.2,323.1,1294.0
10426076,stimulus_Arg_PISACowsMilk_10_page_6,1112.4,323.1,1293.0
10426077,stimulus_Arg_PISACowsMilk_10_page_6,1112.4,323.1,1293.0
10426078,stimulus_Arg_PISACowsMilk_10_page_6,1112.4,323.1,1293.0
10426079,stimulus_Arg_PISACowsMilk_10_page_6,1112.2,323.4,1293.0
10426080,stimulus_Arg_PISACowsMilk_10_page_6,1112.1,323.7,1294.0
10426081,stimulus_Arg_PISACowsMilk_10_page_6,1111.8,324.0,1294.0
10426082,stimulus_Arg_PISACowsMilk_10_page_6,1111.7,323.8,1294.0
10426083,stimulus_Arg_PISACowsMilk_10_page_6,1111.6,323.6,1295.0
10426084,stimulus_Arg_PISACowsMilk_10_page_6,1111.7,323.4,1295.0
10426085,stimulus_Arg_PISACowsMilk_10_page_6,1111.9,323.3,1295.0
10426086,stimulus_Arg_PISACowsMilk_10_page_6,1112.0,323.4,1294.0
10426087,stimulus_Arg_PISACowsMilk_10_page_6,1111.9,323.5,1292.0
10426088,stimulus_Arg_PISACowsMilk_10_page_6,1111.8,323.6,1292.0
10426089,stimulus_Arg_PISACowsMilk_10_page_6,1111.8,323.6,1292.0
10426090,stimulus_Arg_PISACowsMilk_10_page_6,1111.9,323.6,1292.0
10426091,stimulus_Arg_PISACowsMilk_10_page_6,1111.7,323.5,1292.0
10426092,stimulus_Arg_PISACowsMilk_10_page_6,1111.5,323.4,1292.0
10426093,stimulus_Arg_PISACowsMilk_10_page_6,1111.3,323.3,1293.0
10426094,stimulus_Arg_PISACowsMilk_10_page_6,1111.3,323.5,1293.0
10426095,stimulus_Arg_PISACowsMilk_10_page_6,1111.3,323.8,1294.0
10426096,stimulus_Arg_PISACowsMilk_10_page_6,1111.3,324.0,1293.0
10426097,stimulus_Arg_PISACowsMilk_10_page_6,1111.3,324.0,1293.0
10426098,stimulus_Arg_PISACowsMilk_10_page_6,1111.6,323.9,1293.0
10426099,stimulus_Arg_PISACowsMilk_10_page_6,1111.9,323.8,1294.0
10426100,stimulus_Arg_PISACowsMilk_10_page_6,1112.3,323.8,1294.0
10426101,stimulus_Arg_PISACowsMilk_10_page_6,1112.5,324.0,1295.0
10426102,stimulus_Arg_PISACowsMilk_10_page_6,1112.7,324.2,1295.0
10426103,stimulus_Arg_PISACowsMilk_10_page_6,1112.4,324.4,1295.0
10426104,stimulus_Arg_PISACowsMilk_10_page_6,1112.1,324.3,1294.0
10426105,stimulus_Arg_PISACowsMilk_10_page_6,1111.9,324.2,1294.0
10426106,stimulus_Arg_PISACowsMilk_10_page_6,1111.8,324.3,1294.0
10426107,stimulus_Arg_PISACowsMilk_10_page_6,1111.6,324.5,1293.0
10426108,stimulus_Arg_PISACowsMilk_10_page_6,1111.4,324.9,1294.0
10426109,stimulus_Arg_PISACowsMilk_10_page_6,1111.5,325.1,1295.0
10426110,stimulus_Arg_PISACowsMilk_10_page_6,1111.7,325.3,1296.0
10426111,stimulus_Arg_PISACowsMilk_10_page_6,1111.9,325.2,1296.0
10426112,stimulus_Arg_PISACowsMilk_10_page_6,1112.0,325.1,1296.0
10426113,stimulus_Arg_PISACowsMilk_10_page_6,1112.1,325.1,1295.0
10426114,stimulus_Arg_PISACowsMilk_10_page_6,1112.3,324.7,1295.0
10426115,stimulus_Arg_PISACowsMilk_10_page_6,1112.5,324.3,1294.0
10426116,stimulus_Arg_PISACowsMilk_10_page_6,1112.6,323.8,1293.0
10426117,stimulus_Arg_PISACowsMilk_10_page_6,1112.7,323.7,1292.0
10426118,stimulus_Arg_PISACowsMilk_10_page_6,1112.7,323.7,1291.0
10426119,stimulus_Arg_PISACowsMilk_10_page_6,1112.6,323.7,1292.0
10426120,stimulus_Arg_PISACowsMilk_10_page_6,1112.5,323.6,1291.0
10426121,stimulus_Arg_PISACowsMilk_10_page_6,1112.5,323.6,1290.0
10426122,stimulus_Arg_PISACowsMilk_10_page_6,1112.4,323.6,1289.0
10426123,stimulus_Arg_PISACowsMilk_10_page_6,1112.3,323.6,1288.0
10426124,stimulus_Arg_PISACowsMilk_10_page_6,1112.2,323.6,1288.0
10426125,stimulus_Arg_PISACowsMilk_10_page_6,1112.3,323.6,1287.0
10426126,stimulus_Arg_PISACowsMilk_10_page_6,1112.6,323.6,1288.0
10426127,stimulus_Arg_PISACowsMilk_10_page_6,1112.8,323.5,1288.0
10426128,stimulus_Arg_PISACowsMilk_10_page_6,1112.7,323.5,1289.0
10426129,stimulus_Arg_PISACowsMilk_10_page_6,1112.4,323.4,1289.0
10426130,stimulus_Arg_PISACowsMilk_10_page_6,1112.2,323.3,1290.0
10426131,stimulus_Arg_PISACowsMilk_10_page_6,1112.3,323.2,1290.0
10426132,stimulus_Arg_PISACowsMilk_10_page_6,1112.5,323.1,1288.0
10426133,stimulus_Arg_PISACowsMilk_10_page_6,1112.6,323.1,1287.0
10426134,stimulus_Arg_PISACowsMilk_10_page_6,1112.6,323.1,1286.0
10426135,stimulus_Arg_PISACowsMilk_10_page_6,1112.6,323.1,1286.0
10426136,stimulus_Arg_PISACowsMilk_10_page_6,1112.6,323.2,1287.0
10426137,stimulus_Arg_PISACowsMilk_10_page_6,1112.7,323.2,1288.0
10426138,stimulus_Arg_PISACowsMilk_10_page_6,1112.7,323.2,1287.0
10426139,stimulus_Arg_PISACowsMilk_10_page_6,1112.7,323.1,1287.0
10426140,stimulus_Arg_PISACowsMilk_10_page_6,1112.7,323.0,1287.0
10426141,stimulus_Arg_PISACowsMilk_10_page_6,1112.7,322.9,1287.0
10426142,stimulus_Arg_PISACowsMilk_10_page_6,1112.7,322.7,1287.0
10426143,stimulus_Arg_PISACowsMilk_10_page_6,1112.7,322.7,1287.0
10426144,stimulus_Arg_PISACowsMilk_10_page_6,1112.6,322.8,1286.0
10426145,stimulus_Arg_PISACowsMilk_10_page_6,1112.7,323.0,1286.0
10426146,stimulus_Arg_PISACowsMilk_10_page_6,1112.8,323.2,1285.0
10426147,stimulus_Arg_PISACowsMilk_10_page_6,1112.9,323.2,1285.0
10426148,stimulus_Arg_PISACowsMilk_10_page_6,1113.0,322.9,1284.0
10426149,stimulus_Arg_PISACowsMilk_10_page_6,1113.1,322.6,1283.0
10426150,stimulus_Arg_PISACowsMilk_10_page_6,1113.2,322.3,1282.0
10426151,stimulus_Arg_PISACowsMilk_10_page_6,1113.3,322.4,1282.0
10426152,stimulus_Arg_PISACowsMilk_10_page_6,1113.4,322.5,1281.0
10426153,stimulus_Arg_PISACowsMilk_10_page_6,1113.4,322.6,1281.0
10426154,stimulus_Arg_PISACowsMilk_10_page_6,1113.5,322.4,1280.0
10426155,stimulus_Arg_PISACowsMilk_10_page_6,1113.5,322.1,1280.0
10426156,stimulus_Arg_PISACowsMilk_10_page_6,1113.6,321.8,1280.0
10426157,stimulus_Arg_PISACowsMilk_10_page_6,1113.6,321.8,1280.0
10426158,stimulus_Arg_PISACowsMilk_10_page_6,1113.6,321.8,1280.0
10426159,stimulus_Arg_PISACowsMilk_10_page_6,1113.6,321.8,1280.0
10426160,stimulus_Arg_PISACowsMilk_10_page_6,1113.6,321.8,1280.0
10426161,stimulus_Arg_PISACowsMilk_10_page_6,1113.5,321.7,1280.0
10426162,stimulus_Arg_PISACowsMilk_10_page_6,1113.2,321.7,1280.0
10426163,stimulus_Arg_PISACowsMilk_10_page_6,1113.0,321.7,1279.0
10426164,stimulus_Arg_PISACowsMilk_10_page_6,1113.3,321.7,1278.0
10426165,stimulus_Arg_PISACowsMilk_10_page_6,1113.9,321.7,1277.0
10426166,stimulus_Arg_PISACowsMilk_10_page_6,1114.5,321.7,1276.0
10426167,stimulus_Arg_PISACowsMilk_10_page_6,1114.7,321.8,1277.0
10426168,stimulus_Arg_PISACowsMilk_10_page_6,1114.7,321.8,1277.0
10426169,stimulus_Arg_PISACowsMilk_10_page_6,1114.7,321.3,1277.0
10426170,stimulus_Arg_PISACowsMilk_10_page_6,1114.7,320.8,1277.0
10426171,stimulus_Arg_PISACowsMilk_10_page_6,1114.7,320.7,1276.0
10426172,stimulus_Arg_PISACowsMilk_10_page_6,1114.8,321.0,1276.0
10426173,stimulus_Arg_PISACowsMilk_10_page_6,1114.8,321.4,1275.0
10426174,stimulus_Arg_PISACowsMilk_10_page_6,1114.8,321.5,1275.0
10426175,stimulus_Arg_PISACowsMilk_10_page_6,1114.8,321.5,1275.0
10426176,stimulus_Arg_PISACowsMilk_10_page_6,1114.9,321.7,1274.0
10426177,stimulus_Arg_PISACowsMilk_10_page_6,1115.0,321.9,1274.0
10426178,stimulus_Arg_PISACowsMilk_10_page_6,1115.2,322.2,1273.0
10426179,stimulus_Arg_PISACowsMilk_10_page_6,1115.2,322.4,1273.0
10426180,stimulus_Arg_PISACowsMilk_10_page_6,1115.1,322.4,1273.0
10426181,stimulus_Arg_PISACowsMilk_10_page_6,1115.0,322.2,1272.0
10426182,stimulus_Arg_PISACowsMilk_10_page_6,1114.9,322.1,1271.0
10426183,stimulus_Arg_PISACowsMilk_10_page_6,1115.0,322.0,1270.0
10426184,stimulus_Arg_PISACowsMilk_10_page_6,1115.0,322.0,1270.0
10426185,stimulus_Arg_PISACowsMilk_10_page_6,1115.0,321.9,1270.0
10426186,stimulus_Arg_PISACowsMilk_10_page_6,1115.1,321.9,1270.0
10426187,stimulus_Arg_PISACowsMilk_10_page_6,1115.2,321.8,1270.0
10426188,stimulus_Arg_PISACowsMilk_10_page_6,1115.3,321.8,1270.0
10426189,stimulus_Arg_PISACowsMilk_10_page_6,1115.3,321.8,1270.0
10426190,stimulus_Arg_PISACowsMilk_10_page_6,1115.2,322.0,1270.0
10426191,stimulus_Arg_PISACowsMilk_10_page_6,1115.1,322.3,1270.0
10426192,stimulus_Arg_PISACowsMilk_10_page_6,1115.2,322.5,1270.0
10426193,stimulus_Arg_PISACowsMilk_10_page_6,1115.3,322.5,1270.0
10426194,stimulus_Arg_PISACowsMilk_10_page_6,1115.5,322.5,1270.0
10426195,stimulus_Arg_PISACowsMilk_10_page_6,1115.7,322.6,1269.0
10426196,stimulus_Arg_PISACowsMilk_10_page_6,1115.8,322.6,1268.0
10426197,stimulus_Arg_PISACowsMilk_10_page_6,1116.0,322.7,1266.0
10426198,stimulus_Arg_PISACowsMilk_10_page_6,1116.0,322.9,1266.0
10426199,stimulus_Arg_PISACowsMilk_10_page_6,1116.0,322.9,1266.0
10426200,stimulus_Arg_PISACowsMilk_10_page_6,1115.9,322.9,1266.0
10426201,stimulus_Arg_PISACowsMilk_10_page_6,1115.8,322.8,1266.0
10426202,stimulus_Arg_PISACowsMilk_10_page_6,1115.6,322.7,1266.0
10426203,stimulus_Arg_PISACowsMilk_10_page_6,1115.7,322.6,1265.0
10426204,stimulus_Arg_PISACowsMilk_10_page_6,1115.8,322.5,1265.0
10426205,stimulus_Arg_PISACowsMilk_10_page_6,1116.0,322.4,1265.0
10426206,stimulus_Arg_PISACowsMilk_10_page_6,1116.1,322.4,1265.0
10426207,stimulus_Arg_PISACowsMilk_10_page_6,1115.9,322.5,1265.0
10426208,stimulus_Arg_PISACowsMilk_10_page_6,1115.6,322.6,1264.0
10426209,stimulus_Arg_PISACowsMilk_10_page_6,1115.5,322.7,1263.0
10426210,stimulus_Arg_PISACowsMilk_10_page_6,1115.7,322.8,1262.0
10426211,stimulus_Arg_PISACowsMilk_10_page_6,1116.0,322.7,1261.0
10426212,stimulus_Arg_PISACowsMilk_10_page_6,1116.2,322.3,1261.0
10426213,stimulus_Arg_PISACowsMilk_10_page_6,1116.5,321.8,1261.0
10426214,stimulus_Arg_PISACowsMilk_10_page_6,1116.7,321.6,1261.0
10426215,stimulus_Arg_PISACowsMilk_10_page_6,1116.9,321.7,1260.0
10426216,stimulus_Arg_PISACowsMilk_10_page_6,1117.1,321.7,1259.0
10426217,stimulus_Arg_PISACowsMilk_10_page_6,1117.0,321.6,1258.0
10426218,stimulus_Arg_PISACowsMilk_10_page_6,1116.9,321.7,1258.0
10426219,stimulus_Arg_PISACowsMilk_10_page_6,1116.9,321.7,1258.0
10426220,stimulus_Arg_PISACowsMilk_10_page_6,1117.0,321.7,1258.0
10426221,stimulus_Arg_PISACowsMilk_10_page_6,1117.2,321.7,1258.0
10426222,stimulus_Arg_PISACowsMilk_10_page_6,1117.4,321.7,1258.0
10426223,stimulus_Arg_PISACowsMilk_10_page_6,1117.4,321.8,1257.0
10426224,stimulus_Arg_PISACowsMilk_10_page_6,1117.4,321.8,1256.0
10426225,stimulus_Arg_PISACowsMilk_10_page_6,1117.3,322.2,1255.0
10426226,stimulus_Arg_PISACowsMilk_10_page_6,1117.2,322.6,1255.0
10426227,stimulus_Arg_PISACowsMilk_10_page_6,1117.0,323.0,1254.0
10426228,stimulus_Arg_PISACowsMilk_10_page_6,1117.1,323.1,1254.0
10426229,stimulus_Arg_PISACowsMilk_10_page_6,1117.3,323.1,1254.0
10426230,stimulus_Arg_PISACowsMilk_10_page_6,1117.4,323.1,1254.0
10426231,stimulus_Arg_PISACowsMilk_10_page_6,1117.4,323.2,1255.0
10426232,stimulus_Arg_PISACowsMilk_10_page_6,1117.3,323.2,1254.0
10426233,stimulus_Arg_PISACowsMilk_10_page_6,1117.3,323.3,1254.0
10426234,stimulus_Arg_PISACowsMilk_10_page_6,1117.4,323.4,1254.0
10426235,stimulus_Arg_PISACowsMilk_10_page_6,1117.6,323.5,1254.0
10426236,stimulus_Arg_PISACowsMilk_10_page_6,1117.8,323.6,1253.0
10426237,stimulus_Arg_PISACowsMilk_10_page_6,1117.9,323.6,1252.0
10426238,stimulus_Arg_PISACowsMilk_10_page_6,1118.0,323.7,1252.0
10426239,stimulus_Arg_PISACowsMilk_10_page_6,1118.0,324.1,1251.0
10426240,stimulus_Arg_PISACowsMilk_10_page_6,1118.0,324.4,1251.0
10426241,stimulus_Arg_PISACowsMilk_10_page_6,1118.3,324.8,1251.0
10426242,stimulus_Arg_PISACowsMilk_10_page_6,1118.5,324.9,1252.0
10426243,stimulus_Arg_PISACowsMilk_10_page_6,1118.7,325.0,1252.0
10426244,stimulus_Arg_PISACowsMilk_10_page_6,1118.7,324.9,1251.0
10426245,stimulus_Arg_PISACowsMilk_10_page_6,1118.5,324.8,1250.0
10426246,stimulus_Arg_PISACowsMilk_10_page_6,1118.4,324.7,1249.0
10426247,stimulus_Arg_PISACowsMilk_10_page_6,1118.3,324.9,1249.0
10426248,stimulus_Arg_PISACowsMilk_10_page_6,1118.3,325.0,1249.0
10426249,stimulus_Arg_PISACowsMilk_10_page_6,1118.2,325.1,1249.0
10426250,stimulus_Arg_PISACowsMilk_10_page_6,1118.1,325.2,1249.0
10426251,stimulus_Arg_PISACowsMilk_10_page_6,1118.0,325.0,1249.0
10426252,stimulus_Arg_PISACowsMilk_10_page_6,1117.9,324.7,1248.0
10426253,stimulus_Arg_PISACowsMilk_10_page_6,1117.8,324.3,1247.0
10426254,stimulus_Arg_PISACowsMilk_10_page_6,1117.8,324.2,1247.0
10426255,stimulus_Arg_PISACowsMilk_10_page_6,1117.8,324.2,1246.0
10426256,stimulus_Arg_PISACowsMilk_10_page_6,1117.8,324.1,1245.0
10426257,stimulus_Arg_PISACowsMilk_10_page_6,1117.8,324.0,1245.0
10426258,stimulus_Arg_PISACowsMilk_10_page_6,1117.9,323.9,1244.0
10426259,stimulus_Arg_PISACowsMilk_10_page_6,1118.0,323.9,1244.0
10426260,stimulus_Arg_PISACowsMilk_10_page_6,1118.1,323.8,1244.0
10426261,stimulus_Arg_PISACowsMilk_10_page_6,1118.2,323.8,1244.0
10426262,stimulus_Arg_PISACowsMilk_10_page_6,1118.2,323.9,1244.0
10426263,stimulus_Arg_PISACowsMilk_10_page_6,1118.3,324.1,1244.0
10426264,stimulus_Arg_PISACowsMilk_10_page_6,1118.4,324.3,1244.0
10426265,stimulus_Arg_PISACowsMilk_10_page_6,1118.1,324.1,1243.0
10426266,stimulus_Arg_PISACowsMilk_10_page_6,1117.8,323.8,1241.0
10426267,stimulus_Arg_PISACowsMilk_10_page_6,1117.5,323.7,1240.0
10426268,stimulus_Arg_PISACowsMilk_10_page_6,1117.5,323.9,1239.0
10426269,stimulus_Arg_PISACowsMilk_10_page_6,1117.6,324.0,1238.0
10426270,stimulus_Arg_PISACowsMilk_10_page_6,1117.7,324.0,1237.0
10426271,stimulus_Arg_PISACowsMilk_10_page_6,1117.8,323.8,1236.0
10426272,stimulus_Arg_PISACowsMilk_10_page_6,1118.0,323.5,1236.0
10426273,stimulus_Arg_PISACowsMilk_10_page_6,1118.0,323.4,1236.0
10426274,stimulus_Arg_PISACowsMilk_10_page_6,1118.0,323.4,1236.0
10426275,stimulus_Arg_PISACowsMilk_10_page_6,1118.0,323.5,1237.0
10426276,stimulus_Arg_PISACowsMilk_10_page_6,1118.0,323.5,1237.0
10426277,stimulus_Arg_PISACowsMilk_10_page_6,1117.9,323.5,1237.0
10426278,stimulus_Arg_PISACowsMilk_10_page_6,1117.7,323.5,1236.0
10426279,stimulus_Arg_PISACowsMilk_10_page_6,1117.7,323.5,1236.0
10426280,stimulus_Arg_PISACowsMilk_10_page_6,1117.7,323.4,1236.0
10426281,stimulus_Arg_PISACowsMilk_10_page_6,1117.7,323.3,1236.0
10426282,stimulus_Arg_PISACowsMilk_10_page_6,1117.7,323.3,1235.0
10426283,stimulus_Arg_PISACowsMilk_10_page_6,1117.7,323.3,1234.0
10426284,stimulus_Arg_PISACowsMilk_10_page_6,1117.9,323.3,1233.0
10426285,stimulus_Arg_PISACowsMilk_10_page_6,1118.3,323.5,1232.0
10426286,stimulus_Arg_PISACowsMilk_10_page_6,1118.6,323.8,1232.0
10426287,stimulus_Arg_PISACowsMilk_10_page_6,1118.7,323.9,1232.0
10426288,stimulus_Arg_PISACowsMilk_10_page_6,1118.5,323.7,1232.0
10426289,stimulus_Arg_PISACowsMilk_10_page_6,1118.4,323.5,1232.0
10426290,stimulus_Arg_PISACowsMilk_10_page_6,1118.3,323.5,1232.0
10426291,stimulus_Arg_PISACowsMilk_10_page_6,1118.3,323.5,1232.0
10426292,stimulus_Arg_PISACowsMilk_10_page_6,1118.3,323.5,1232.0
10426293,stimulus_Arg_PISACowsMilk_10_page_6,1117.9,323.1,1231.0
10426294,stimulus_Arg_PISACowsMilk_10_page_6,1117.4,322.7,1231.0
10426295,stimulus_Arg_PISACowsMilk_10_page_6,1114.7,322.0,1230.0
10426296,stimulus_Arg_PISACowsMilk_10_page_6,1110.9,321.4,1230.0
10426297,stimulus_Arg_PISACowsMilk_10_page_6,1104.6,320.6,1229.0
10426298,stimulus_Arg_PISACowsMilk_10_page_6,1096.7,319.9,1228.0
10426299,stimulus_Arg_PISACowsMilk_10_page_6,1087.5,319.1,1227.0
10426300,stimulus_Arg_PISACowsMilk_10_page_6,1076.9,318.7,1227.0
10426301,stimulus_Arg_PISACowsMilk_10_page_6,1065.1,318.6,1227.0
10426302,stimulus_Arg_PISACowsMilk_10_page_6,1051.9,319.3,1230.0
10426303,stimulus_Arg_PISACowsMilk_10_page_6,1037.3,319.7,1233.0
10426304,stimulus_Arg_PISACowsMilk_10_page_6,1021.7,320.4,1238.0
10426305,stimulus_Arg_PISACowsMilk_10_page_6,1005.4,321.2,1239.0
10426306,stimulus_Arg_PISACowsMilk_10_page_6,989.2,323.2,1241.0
10426307,stimulus_Arg_PISACowsMilk_10_page_6,974.0,325.8,1247.0
10426308,stimulus_Arg_PISACowsMilk_10_page_6,957.8,329.2,1254.0
10426309,stimulus_Arg_PISACowsMilk_10_page_6,941.8,332.4,1261.0
10426310,stimulus_Arg_PISACowsMilk_10_page_6,926.2,334.9,1265.0
10426311,stimulus_Arg_PISACowsMilk_10_page_6,912.3,336.9,1271.0
10426312,stimulus_Arg_PISACowsMilk_10_page_6,899.5,337.9,1275.0
10426313,stimulus_Arg_PISACowsMilk_10_page_6,887.0,338.6,1278.0
10426314,stimulus_Arg_PISACowsMilk_10_page_6,874.7,338.6,1279.0
10426315,stimulus_Arg_PISACowsMilk_10_page_6,861.8,338.6,1280.0
10426316,stimulus_Arg_PISACowsMilk_10_page_6,849.5,338.4,1282.0
10426317,stimulus_Arg_PISACowsMilk_10_page_6,836.8,338.1,1284.0
10426318,stimulus_Arg_PISACowsMilk_10_page_6,824.1,338.0,1285.0
10426319,stimulus_Arg_PISACowsMilk_10_page_6,810.1,338.2,1286.0
10426320,stimulus_Arg_PISACowsMilk_10_page_6,795.5,339.5,1286.0
10426321,stimulus_Arg_PISACowsMilk_10_page_6,780.4,340.4,1288.0
10426322,stimulus_Arg_PISACowsMilk_10_page_6,764.5,341.7,1289.0
10426323,stimulus_Arg_PISACowsMilk_10_page_6,748.4,341.6,1291.0
10426324,stimulus_Arg_PISACowsMilk_10_page_6,731.6,341.9,1290.0
10426325,stimulus_Arg_PISACowsMilk_10_page_6,715.7,341.9,1288.0
10426326,stimulus_Arg_PISACowsMilk_10_page_6,700.2,341.9,1286.0
10426327,stimulus_Arg_PISACowsMilk_10_page_6,687.1,342.1,1285.0
10426328,stimulus_Arg_PISACowsMilk_10_page_6,673.9,342.3,1285.0
10426329,stimulus_Arg_PISACowsMilk_10_page_6,662.3,343.7,1285.0
10426330,stimulus_Arg_PISACowsMilk_10_page_6,648.9,344.3,1286.0
10426331,stimulus_Arg_PISACowsMilk_10_page_6,637.4,345.4,1283.0
10426332,stimulus_Arg_PISACowsMilk_10_page_6,624.8,345.8,1278.0
10426333,stimulus_Arg_PISACowsMilk_10_page_6,613.5,346.3,1273.0
10426334,stimulus_Arg_PISACowsMilk_10_page_6,601.2,346.3,1272.0
10426335,stimulus_Arg_PISACowsMilk_10_page_6,589.2,346.8,1273.0
10426336,stimulus_Arg_PISACowsMilk_10_page_6,576.3,347.1,1272.0
10426337,stimulus_Arg_PISACowsMilk_10_page_6,562.9,347.6,1269.0
10426338,stimulus_Arg_PISACowsMilk_10_page_6,547.9,347.0,1267.0
10426339,stimulus_Arg_PISACowsMilk_10_page_6,533.7,346.5,1266.0
10426340,stimulus_Arg_PISACowsMilk_10_page_6,519.2,346.0,1266.0
10426341,stimulus_Arg_PISACowsMilk_10_page_6,506.2,345.7,1266.0
10426342,stimulus_Arg_PISACowsMilk_10_page_6,492.7,345.9,1265.0
10426343,stimulus_Arg_PISACowsMilk_10_page_6,480.2,346.3,1266.0
10426344,stimulus_Arg_PISACowsMilk_10_page_6,466.8,346.9,1265.0
10426345,stimulus_Arg_PISACowsMilk_10_page_6,454.2,347.6,1264.0
10426346,stimulus_Arg_PISACowsMilk_10_page_6,441.3,347.8,1264.0
10426347,stimulus_Arg_PISACowsMilk_10_page_6,429.0,348.5,1263.0
10426348,stimulus_Arg_PISACowsMilk_10_page_6,416.4,350.3,1262.0
10426349,stimulus_Arg_PISACowsMilk_10_page_6,404.5,352.8,1261.0
10426350,stimulus_Arg_PISACowsMilk_10_page_6,393.5,355.7,1262.0
10426351,stimulus_Arg_PISACowsMilk_10_page_6,384.0,358.0,1263.0
10426352,stimulus_Arg_PISACowsMilk_10_page_6,375.4,360.2,1265.0
10426353,stimulus_Arg_PISACowsMilk_10_page_6,368.0,361.8,1267.0
10426354,stimulus_Arg_PISACowsMilk_10_page_6,360.7,363.5,1268.0
10426355,stimulus_Arg_PISACowsMilk_10_page_6,354.6,364.5,1269.0
10426356,stimulus_Arg_PISACowsMilk_10_page_6,348.7,365.4,1269.0
10426357,stimulus_Arg_PISACowsMilk_10_page_6,343.9,366.0,1269.0
10426358,stimulus_Arg_PISACowsMilk_10_page_6,340.3,366.6,1272.0
10426359,stimulus_Arg_PISACowsMilk_10_page_6,338.4,367.3,1276.0
10426360,stimulus_Arg_PISACowsMilk_10_page_6,337.5,367.1,1279.0
10426361,stimulus_Arg_PISACowsMilk_10_page_6,336.9,366.7,1280.0
10426362,stimulus_Arg_PISACowsMilk_10_page_6,336.7,366.2,1280.0
10426363,stimulus_Arg_PISACowsMilk_10_page_6,337.6,365.5,1280.0
10426364,stimulus_Arg_PISACowsMilk_10_page_6,339.2,364.9,1281.0
10426365,stimulus_Arg_PISACowsMilk_10_page_6,340.8,364.3,1281.0
10426366,stimulus_Arg_PISACowsMilk_10_page_6,343.1,364.1,1281.0
10426367,stimulus_Arg_PISACowsMilk_10_page_6,345.3,364.0,1281.0
10426368,stimulus_Arg_PISACowsMilk_10_page_6,347.2,363.6,1281.0
10426369,stimulus_Arg_PISACowsMilk_10_page_6,348.2,363.3,1280.0
10426370,stimulus_Arg_PISACowsMilk_10_page_6,348.6,362.9,1280.0
10426371,stimulus_Arg_PISACowsMilk_10_page_6,348.8,362.8,1280.0
10426372,stimulus_Arg_PISACowsMilk_10_page_6,348.5,362.8,1279.0
10426373,stimulus_Arg_PISACowsMilk_10_page_6,348.4,362.8,1278.0
10426374,stimulus_Arg_PISACowsMilk_10_page_6,347.6,362.8,1276.0
10426375,stimulus_Arg_PISACowsMilk_10_page_6,346.3,362.7,1275.0
10426376,stimulus_Arg_PISACowsMilk_10_page_6,344.2,362.6,1274.0
10426377,stimulus_Arg_PISACowsMilk_10_page_6,342.1,362.6,1273.0
10426378,stimulus_Arg_PISACowsMilk_10_page_6,340.4,362.7,1272.0
10426379,stimulus_Arg_PISACowsMilk_10_page_6,339.0,363.1,1272.0
10426380,stimulus_Arg_PISACowsMilk_10_page_6,338.0,363.4,1272.0
10426381,stimulus_Arg_PISACowsMilk_10_page_6,337.3,364.0,1271.0
10426382,stimulus_Arg_PISACowsMilk_10_page_6,336.8,364.5,1269.0
10426383,stimulus_Arg_PISACowsMilk_10_page_6,336.8,365.0,1268.0
10426384,stimulus_Arg_PISACowsMilk_10_page_6,336.9,365.3,1269.0
10426385,stimulus_Arg_PISACowsMilk_10_page_6,337.1,365.7,1269.0
10426386,stimulus_Arg_PISACowsMilk_10_page_6,337.3,366.1,1270.0
10426387,stimulus_Arg_PISACowsMilk_10_page_6,337.5,366.4,1271.0
10426388,stimulus_Arg_PISACowsMilk_10_page_6,337.7,366.5,1271.0
10426389,stimulus_Arg_PISACowsMilk_10_page_6,338.0,366.5,1272.0
10426390,stimulus_Arg_PISACowsMilk_10_page_6,338.3,366.5,1272.0
10426391,stimulus_Arg_PISACowsMilk_10_page_6,338.4,366.5,1273.0
10426392,stimulus_Arg_PISACowsMilk_10_page_6,338.5,366.6,1273.0
10426393,stimulus_Arg_PISACowsMilk_10_page_6,338.5,366.7,1274.0
10426394,stimulus_Arg_PISACowsMilk_10_page_6,338.5,366.9,1274.0
10426395,stimulus_Arg_PISACowsMilk_10_page_6,338.4,367.0,1274.0
10426396,stimulus_Arg_PISACowsMilk_10_page_6,338.4,367.2,1273.0
10426397,stimulus_Arg_PISACowsMilk_10_page_6,338.5,367.3,1272.0
10426398,stimulus_Arg_PISACowsMilk_10_page_6,338.6,367.3,1271.0
10426399,stimulus_Arg_PISACowsMilk_10_page_6,338.7,367.3,1270.0
10426400,stimulus_Arg_PISACowsMilk_10_page_6,338.7,367.3,1270.0
10426401,stimulus_Arg_PISACowsMilk_10_page_6,338.6,367.2,1270.0
10426402,stimulus_Arg_PISACowsMilk_10_page_6,338.4,367.2,1270.0
10426403,stimulus_Arg_PISACowsMilk_10_page_6,338.2,367.2,1270.0
10426404,stimulus_Arg_PISACowsMilk_10_page_6,338.1,367.3,1270.0
10426405,stimulus_Arg_PISACowsMilk_10_page_6,338.2,367.3,1269.0
10426406,stimulus_Arg_PISACowsMilk_10_page_6,338.5,367.3,1268.0
10426407,stimulus_Arg_PISACowsMilk_10_page_6,338.7,367.3,1268.0
10426408,stimulus_Arg_PISACowsMilk_10_page_6,339.1,367.3,1268.0
10426409,stimulus_Arg_PISACowsMilk_10_page_6,339.3,367.4,1269.0
10426410,stimulus_Arg_PISACowsMilk_10_page_6,339.5,367.5,1269.0
10426411,stimulus_Arg_PISACowsMilk_10_page_6,339.5,367.5,1269.0
10426412,stimulus_Arg_PISACowsMilk_10_page_6,339.4,367.8,1269.0
10426413,stimulus_Arg_PISACowsMilk_10_page_6,339.3,368.2,1269.0
10426414,stimulus_Arg_PISACowsMilk_10_page_6,339.2,368.5,1268.0
10426415,stimulus_Arg_PISACowsMilk_10_page_6,339.2,368.5,1268.0
10426416,stimulus_Arg_PISACowsMilk_10_page_6,339.4,368.4,1269.0
10426417,stimulus_Arg_PISACowsMilk_10_page_6,339.6,368.2,1270.0
10426418,stimulus_Arg_PISACowsMilk_10_page_6,339.8,368.0,1271.0
10426419,stimulus_Arg_PISACowsMilk_10_page_6,339.6,367.9,1271.0
10426420,stimulus_Arg_PISACowsMilk_10_page_6,339.5,367.9,1271.0
10426421,stimulus_Arg_PISACowsMilk_10_page_6,339.3,367.8,1271.0
10426422,stimulus_Arg_PISACowsMilk_10_page_6,339.3,367.8,1271.0
10426423,stimulus_Arg_PISACowsMilk_10_page_6,339.6,367.8,1271.0
10426424,stimulus_Arg_PISACowsMilk_10_page_6,339.8,367.8,1271.0
10426425,stimulus_Arg_PISACowsMilk_10_page_6,340.0,367.8,1271.0
10426426,stimulus_Arg_PISACowsMilk_10_page_6,339.9,367.5,1271.0
10426427,stimulus_Arg_PISACowsMilk_10_page_6,339.8,367.1,1272.0
10426428,stimulus_Arg_PISACowsMilk_10_page_6,339.8,366.8,1273.0
10426429,stimulus_Arg_PISACowsMilk_10_page_6,339.8,366.7,1273.0
10426430,stimulus_Arg_PISACowsMilk_10_page_6,339.9,366.6,1273.0
10426431,stimulus_Arg_PISACowsMilk_10_page_6,340.3,366.5,1273.0
10426432,stimulus_Arg_PISACowsMilk_10_page_6,340.6,366.4,1273.0
10426433,stimulus_Arg_PISACowsMilk_10_page_6,340.7,366.4,1273.0
10426434,stimulus_Arg_PISACowsMilk_10_page_6,340.7,366.5,1273.0
10426435,stimulus_Arg_PISACowsMilk_10_page_6,340.8,366.6,1274.0
10426436,stimulus_Arg_PISACowsMilk_10_page_6,340.7,366.4,1275.0
10426437,stimulus_Arg_PISACowsMilk_10_page_6,340.6,366.1,1276.0
10426438,stimulus_Arg_PISACowsMilk_10_page_6,340.3,366.0,1275.0
10426439,stimulus_Arg_PISACowsMilk_10_page_6,340.3,366.1,1274.0
10426440,stimulus_Arg_PISACowsMilk_10_page_6,340.1,366.3,1274.0
10426441,stimulus_Arg_PISACowsMilk_10_page_6,340.1,366.3,1275.0
10426442,stimulus_Arg_PISACowsMilk_10_page_6,340.0,366.3,1276.0
10426443,stimulus_Arg_PISACowsMilk_10_page_6,339.8,366.4,1276.0
10426444,stimulus_Arg_PISACowsMilk_10_page_6,339.7,366.4,1276.0
10426445,stimulus_Arg_PISACowsMilk_10_page_6,339.6,366.4,1275.0
10426446,stimulus_Arg_PISACowsMilk_10_page_6,339.7,366.5,1275.0
10426447,stimulus_Arg_PISACowsMilk_10_page_6,339.8,366.5,1274.0
10426448,stimulus_Arg_PISACowsMilk_10_page_6,339.9,366.4,1274.0
10426449,stimulus_Arg_PISACowsMilk_10_page_6,339.8,366.3,1273.0
10426450,stimulus_Arg_PISACowsMilk_10_page_6,339.8,366.1,1273.0
10426451,stimulus_Arg_PISACowsMilk_10_page_6,339.7,366.1,1272.0
10426452,stimulus_Arg_PISACowsMilk_10_page_6,339.5,366.1,1272.0
10426453,stimulus_Arg_PISACowsMilk_10_page_6,339.3,366.0,1271.0
10426454,stimulus_Arg_PISACowsMilk_10_page_6,339.2,366.1,1270.0
10426455,stimulus_Arg_PISACowsMilk_10_page_6,339.1,366.1,1270.0
10426456,stimulus_Arg_PISACowsMilk_10_page_6,339.0,366.0,1270.0
10426457,stimulus_Arg_PISACowsMilk_10_page_6,338.8,366.0,1270.0
10426458,stimulus_Arg_PISACowsMilk_10_page_6,338.9,366.0,1270.0
10426459,stimulus_Arg_PISACowsMilk_10_page_6,339.0,366.3,1269.0
10426460,stimulus_Arg_PISACowsMilk_10_page_6,339.2,366.5,1269.0
10426461,stimulus_Arg_PISACowsMilk_10_page_6,339.3,366.7,1269.0
10426462,stimulus_Arg_PISACowsMilk_10_page_6,339.4,366.9,1269.0
10426463,stimulus_Arg_PISACowsMilk_10_page_6,339.4,367.1,1270.0
10426464,stimulus_Arg_PISACowsMilk_10_page_6,339.3,367.3,1270.0
10426465,stimulus_Arg_PISACowsMilk_10_page_6,339.3,367.3,1271.0
10426466,stimulus_Arg_PISACowsMilk_10_page_6,339.5,367.5,1271.0
10426467,stimulus_Arg_PISACowsMilk_10_page_6,339.7,367.6,1270.0
10426468,stimulus_Arg_PISACowsMilk_10_page_6,340.0,367.6,1271.0
10426469,stimulus_Arg_PISACowsMilk_10_page_6,340.1,367.4,1271.0
10426470,stimulus_Arg_PISACowsMilk_10_page_6,340.0,367.2,1272.0
10426471,stimulus_Arg_PISACowsMilk_10_page_6,339.8,367.2,1273.0
10426472,stimulus_Arg_PISACowsMilk_10_page_6,339.7,367.1,1273.0
10426473,stimulus_Arg_PISACowsMilk_10_page_6,339.8,366.9,1273.0
10426474,stimulus_Arg_PISACowsMilk_10_page_6,339.7,366.9,1272.0
10426475,stimulus_Arg_PISACowsMilk_10_page_6,339.4,366.9,1272.0
10426476,stimulus_Arg_PISACowsMilk_10_page_6,339.1,367.0,1273.0
10426477,stimulus_Arg_PISACowsMilk_10_page_6,339.0,367.2,1272.0
10426478,stimulus_Arg_PISACowsMilk_10_page_6,338.9,367.4,1272.0
10426479,stimulus_Arg_PISACowsMilk_10_page_6,338.7,367.6,1272.0
10426480,stimulus_Arg_PISACowsMilk_10_page_6,338.7,367.5,1273.0
10426481,stimulus_Arg_PISACowsMilk_10_page_6,338.5,367.8,1274.0
10426482,stimulus_Arg_PISACowsMilk_10_page_6,338.5,368.0,1274.0
10426483,stimulus_Arg_PISACowsMilk_10_page_6,338.5,368.3,1274.0
10426484,stimulus_Arg_PISACowsMilk_10_page_6,338.5,368.2,1273.0
10426485,stimulus_Arg_PISACowsMilk_10_page_6,338.5,368.3,1272.0
10426486,stimulus_Arg_PISACowsMilk_10_page_6,338.6,368.5,1272.0
10426487,stimulus_Arg_PISACowsMilk_10_page_6,338.6,368.6,1271.0
10426488,stimulus_Arg_PISACowsMilk_10_page_6,338.6,368.6,1271.0
10426489,stimulus_Arg_PISACowsMilk_10_page_6,338.7,368.6,1271.0
10426490,stimulus_Arg_PISACowsMilk_10_page_6,338.9,368.6,1271.0
10426491,stimulus_Arg_PISACowsMilk_10_page_6,339.0,368.6,1272.0
10426492,stimulus_Arg_PISACowsMilk_10_page_6,339.1,368.6,1272.0
10426493,stimulus_Arg_PISACowsMilk_10_page_6,339.1,368.6,1273.0
10426494,stimulus_Arg_PISACowsMilk_10_page_6,339.1,368.5,1273.0
10426495,stimulus_Arg_PISACowsMilk_10_page_6,338.9,368.4,1274.0
10426496,stimulus_Arg_PISACowsMilk_10_page_6,338.7,368.3,1274.0
10426497,stimulus_Arg_PISACowsMilk_10_page_6,338.6,368.2,1274.0
10426498,stimulus_Arg_PISACowsMilk_10_page_6,338.6,368.3,1274.0
10426499,stimulus_Arg_PISACowsMilk_10_page_6,338.6,368.6,1273.0
10426500,stimulus_Arg_PISACowsMilk_10_page_6,338.8,369.0,1273.0
10426501,stimulus_Arg_PISACowsMilk_10_page_6,339.1,369.1,1273.0
10426502,stimulus_Arg_PISACowsMilk_10_page_6,339.5,368.9,1273.0
10426503,stimulus_Arg_PISACowsMilk_10_page_6,339.9,368.7,1274.0
10426504,stimulus_Arg_PISACowsMilk_10_page_6,340.1,368.4,1274.0
10426505,stimulus_Arg_PISACowsMilk_10_page_6,339.9,368.0,1275.0
10426506,stimulus_Arg_PISACowsMilk_10_page_6,339.1,367.6,1275.0
10426507,stimulus_Arg_PISACowsMilk_10_page_6,336.9,367.2,1275.0
10426508,stimulus_Arg_PISACowsMilk_10_page_6,332.8,366.8,1274.0
10426509,stimulus_Arg_PISACowsMilk_10_page_6,327.0,366.4,1275.0
10426510,stimulus_Arg_PISACowsMilk_10_page_6,319.8,366.0,1275.0
10426511,stimulus_Arg_PISACowsMilk_10_page_6,311.3,366.7,1275.0
10426512,stimulus_Arg_PISACowsMilk_10_page_6,301.7,369.1,1275.0
10426513,stimulus_Arg_PISACowsMilk_10_page_6,290.4,372.4,1274.0
10426514,stimulus_Arg_PISACowsMilk_10_page_6,279.7,376.2,1275.0
10426515,stimulus_Arg_PISACowsMilk_10_page_6,267.4,379.5,1275.0
10426516,stimulus_Arg_PISACowsMilk_10_page_6,256.9,383.1,1275.0
10426517,stimulus_Arg_PISACowsMilk_10_page_6,245.7,385.1,1276.0
10426518,stimulus_Arg_PISACowsMilk_10_page_6,237.7,386.6,1278.0
10426519,stimulus_Arg_PISACowsMilk_10_page_6,228.4,388.0,1280.0
10426520,stimulus_Arg_PISACowsMilk_10_page_6,220.5,390.1,1280.0
10426521,stimulus_Arg_PISACowsMilk_10_page_6,212.3,391.9,1280.0
10426522,stimulus_Arg_PISACowsMilk_10_page_6,206.3,392.5,1281.0
10426523,stimulus_Arg_PISACowsMilk_10_page_6,201.5,392.2,1282.0
10426524,stimulus_Arg_PISACowsMilk_10_page_6,197.4,391.5,1281.0
10426525,stimulus_Arg_PISACowsMilk_10_page_6,194.3,390.8,1279.0
10426526,stimulus_Arg_PISACowsMilk_10_page_6,192.0,390.0,1277.0
10426527,stimulus_Arg_PISACowsMilk_10_page_6,190.4,388.6,1277.0
10426528,stimulus_Arg_PISACowsMilk_10_page_6,189.7,386.8,1277.0
10426529,stimulus_Arg_PISACowsMilk_10_page_6,189.3,385.4,1277.0
10426530,stimulus_Arg_PISACowsMilk_10_page_6,189.5,384.4,1277.0
10426531,stimulus_Arg_PISACowsMilk_10_page_6,189.7,383.5,1276.0
10426532,stimulus_Arg_PISACowsMilk_10_page_6,189.5,382.3,1274.0
10426533,stimulus_Arg_PISACowsMilk_10_page_6,189.2,381.3,1273.0
10426534,stimulus_Arg_PISACowsMilk_10_page_6,188.8,380.4,1273.0
10426535,stimulus_Arg_PISACowsMilk_10_page_6,188.7,379.9,1273.0
10426536,stimulus_Arg_PISACowsMilk_10_page_6,188.7,379.7,1273.0
10426537,stimulus_Arg_PISACowsMilk_10_page_6,189.0,379.6,1273.0
10426538,stimulus_Arg_PISACowsMilk_10_page_6,189.5,379.6,1273.0
10426539,stimulus_Arg_PISACowsMilk_10_page_6,190.4,379.7,1273.0
10426540,stimulus_Arg_PISACowsMilk_10_page_6,191.8,379.8,1274.0
10426541,stimulus_Arg_PISACowsMilk_10_page_6,193.3,380.1,1274.0
10426542,stimulus_Arg_PISACowsMilk_10_page_6,194.5,380.3,1275.0
10426543,stimulus_Arg_PISACowsMilk_10_page_6,195.4,380.5,1275.0
10426544,stimulus_Arg_PISACowsMilk_10_page_6,196.3,380.7,1275.0
10426545,stimulus_Arg_PISACowsMilk_10_page_6,197.2,381.0,1276.0
10426546,stimulus_Arg_PISACowsMilk_10_page_6,197.3,381.1,1276.0
10426547,stimulus_Arg_PISACowsMilk_10_page_6,197.1,381.2,1277.0
10426548,stimulus_Arg_PISACowsMilk_10_page_6,196.9,381.2,1277.0
10426549,stimulus_Arg_PISACowsMilk_10_page_6,196.5,381.2,1277.0
10426550,stimulus_Arg_PISACowsMilk_10_page_6,196.1,381.1,1277.0
10426551,stimulus_Arg_PISACowsMilk_10_page_6,195.2,381.0,1277.0
10426552,stimulus_Arg_PISACowsMilk_10_page_6,194.4,380.8,1277.0
10426553,stimulus_Arg_PISACowsMilk_10_page_6,193.3,380.9,1277.0
10426554,stimulus_Arg_PISACowsMilk_10_page_6,192.4,381.2,1277.0
10426555,stimulus_Arg_PISACowsMilk_10_page_6,191.7,381.5,1276.0
10426556,stimulus_Arg_PISACowsMilk_10_page_6,190.9,381.6,1276.0
10426557,stimulus_Arg_PISACowsMilk_10_page_6,190.3,381.8,1276.0
10426558,stimulus_Arg_PISACowsMilk_10_page_6,189.6,382.1,1276.0
10426559,stimulus_Arg_PISACowsMilk_10_page_6,189.4,382.3,1276.0
10426560,stimulus_Arg_PISACowsMilk_10_page_6,189.2,382.6,1276.0
10426561,stimulus_Arg_PISACowsMilk_10_page_6,189.3,382.8,1275.0
10426562,stimulus_Arg_PISACowsMilk_10_page_6,189.3,383.1,1274.0
10426563,stimulus_Arg_PISACowsMilk_10_page_6,189.3,383.0,1274.0
10426564,stimulus_Arg_PISACowsMilk_10_page_6,189.6,382.7,1274.0
10426565,stimulus_Arg_PISACowsMilk_10_page_6,189.7,382.5,1274.0
10426566,stimulus_Arg_PISACowsMilk_10_page_6,189.6,382.5,1275.0
10426567,stimulus_Arg_PISACowsMilk_10_page_6,189.5,382.7,1274.0
10426568,stimulus_Arg_PISACowsMilk_10_page_6,189.4,382.7,1273.0
10426569,stimulus_Arg_PISACowsMilk_10_page_6,189.4,382.7,1272.0
10426570,stimulus_Arg_PISACowsMilk_10_page_6,189.3,382.7,1271.0
10426571,stimulus_Arg_PISACowsMilk_10_page_6,189.4,382.6,1271.0
10426572,stimulus_Arg_PISACowsMilk_10_page_6,189.4,382.6,1272.0
10426573,stimulus_Arg_PISACowsMilk_10_page_6,189.5,382.6,1272.0
10426574,stimulus_Arg_PISACowsMilk_10_page_6,189.5,382.5,1273.0
10426575,stimulus_Arg_PISACowsMilk_10_page_6,189.3,382.5,1273.0
10426576,stimulus_Arg_PISACowsMilk_10_page_6,189.0,382.4,1272.0
10426577,stimulus_Arg_PISACowsMilk_10_page_6,189.0,382.3,1272.0
10426578,stimulus_Arg_PISACowsMilk_10_page_6,189.1,382.3,1272.0
10426579,stimulus_Arg_PISACowsMilk_10_page_6,189.2,382.3,1271.0
10426580,stimulus_Arg_PISACowsMilk_10_page_6,189.2,382.6,1271.0
10426581,stimulus_Arg_PISACowsMilk_10_page_6,189.2,382.7,1271.0
10426582,stimulus_Arg_PISACowsMilk_10_page_6,189.1,382.9,1271.0
10426583,stimulus_Arg_PISACowsMilk_10_page_6,189.2,382.9,1271.0
10426584,stimulus_Arg_PISACowsMilk_10_page_6,189.3,382.9,1270.0
10426585,stimulus_Arg_PISACowsMilk_10_page_6,189.6,383.0,1270.0
10426586,stimulus_Arg_PISACowsMilk_10_page_6,190.0,383.1,1271.0
10426587,stimulus_Arg_PISACowsMilk_10_page_6,190.2,383.2,1272.0
10426588,stimulus_Arg_PISACowsMilk_10_page_6,190.2,383.3,1273.0
10426589,stimulus_Arg_PISACowsMilk_10_page_6,190.0,383.3,1273.0
10426590,stimulus_Arg_PISACowsMilk_10_page_6,189.8,383.2,1273.0
10426591,stimulus_Arg_PISACowsMilk_10_page_6,189.7,383.1,1273.0
10426592,stimulus_Arg_PISACowsMilk_10_page_6,189.7,382.9,1273.0
10426593,stimulus_Arg_PISACowsMilk_10_page_6,189.8,382.9,1274.0
10426594,stimulus_Arg_PISACowsMilk_10_page_6,190.1,383.1,1274.0
10426595,stimulus_Arg_PISACowsMilk_10_page_6,190.3,383.3,1273.0
10426596,stimulus_Arg_PISACowsMilk_10_page_6,190.5,383.5,1273.0
10426597,stimulus_Arg_PISACowsMilk_10_page_6,190.6,383.4,1273.0
10426598,stimulus_Arg_PISACowsMilk_10_page_6,190.7,383.2,1273.0
10426599,stimulus_Arg_PISACowsMilk_10_page_6,190.7,383.1,1273.0
10426600,stimulus_Arg_PISACowsMilk_10_page_6,190.8,383.1,1273.0
10426601,stimulus_Arg_PISACowsMilk_10_page_6,190.8,383.2,1272.0
10426602,stimulus_Arg_PISACowsMilk_10_page_6,190.7,383.3,1270.0
10426603,stimulus_Arg_PISACowsMilk_10_page_6,190.5,383.3,1270.0
10426604,stimulus_Arg_PISACowsMilk_10_page_6,190.4,383.3,1271.0
10426605,stimulus_Arg_PISACowsMilk_10_page_6,190.4,383.4,1272.0
10426606,stimulus_Arg_PISACowsMilk_10_page_6,190.4,383.4,1272.0
10426607,stimulus_Arg_PISACowsMilk_10_page_6,190.3,383.6,1272.0
10426608,stimulus_Arg_PISACowsMilk_10_page_6,190.2,383.9,1271.0
10426609,stimulus_Arg_PISACowsMilk_10_page_6,190.1,384.1,1271.0
10426610,stimulus_Arg_PISACowsMilk_10_page_6,190.0,384.3,1270.0
10426611,stimulus_Arg_PISACowsMilk_10_page_6,190.0,384.3,1270.0
10426612,stimulus_Arg_PISACowsMilk_10_page_6,190.1,384.2,1270.0
10426613,stimulus_Arg_PISACowsMilk_10_page_6,190.1,384.1,1270.0
10426614,stimulus_Arg_PISACowsMilk_10_page_6,190.1,384.1,1271.0
10426615,stimulus_Arg_PISACowsMilk_10_page_6,190.0,384.0,1271.0
10426616,stimulus_Arg_PISACowsMilk_10_page_6,190.0,383.8,1271.0
10426617,stimulus_Arg_PISACowsMilk_10_page_6,190.0,383.6,1271.0
10426618,stimulus_Arg_PISACowsMilk_10_page_6,190.0,383.5,1271.0
10426619,stimulus_Arg_PISACowsMilk_10_page_6,189.8,383.6,1271.0
10426620,stimulus_Arg_PISACowsMilk_10_page_6,189.7,384.0,1272.0
10426621,stimulus_Arg_PISACowsMilk_10_page_6,189.6,384.3,1271.0
10426622,stimulus_Arg_PISACowsMilk_10_page_6,189.7,384.5,1270.0
10426623,stimulus_Arg_PISACowsMilk_10_page_6,189.8,384.5,1269.0
10426624,stimulus_Arg_PISACowsMilk_10_page_6,189.9,384.5,1269.0
10426625,stimulus_Arg_PISACowsMilk_10_page_6,189.9,384.4,1270.0
10426626,stimulus_Arg_PISACowsMilk_10_page_6,189.9,384.4,1271.0
10426627,stimulus_Arg_PISACowsMilk_10_page_6,189.9,384.5,1270.0
10426628,stimulus_Arg_PISACowsMilk_10_page_6,190.0,384.5,1270.0
10426629,stimulus_Arg_PISACowsMilk_10_page_6,190.2,384.5,1269.0
10426630,stimulus_Arg_PISACowsMilk_10_page_6,190.4,384.5,1270.0
10426631,stimulus_Arg_PISACowsMilk_10_page_6,190.5,384.6,1271.0
10426632,stimulus_Arg_PISACowsMilk_10_page_6,190.5,384.8,1271.0
10426633,stimulus_Arg_PISACowsMilk_10_page_6,190.6,384.7,1271.0
10426634,stimulus_Arg_PISACowsMilk_10_page_6,190.7,384.6,1270.0
10426635,stimulus_Arg_PISACowsMilk_10_page_6,190.8,384.3,1270.0
10426636,stimulus_Arg_PISACowsMilk_10_page_6,190.6,384.1,1270.0
10426637,stimulus_Arg_PISACowsMilk_10_page_6,190.5,384.0,1269.0
10426638,stimulus_Arg_PISACowsMilk_10_page_6,190.7,383.9,1269.0
10426639,stimulus_Arg_PISACowsMilk_10_page_6,190.8,384.0,1269.0
10426640,stimulus_Arg_PISACowsMilk_10_page_6,191.0,384.2,1269.0
10426641,stimulus_Arg_PISACowsMilk_10_page_6,190.7,384.4,1269.0
10426642,stimulus_Arg_PISACowsMilk_10_page_6,190.5,384.4,1269.0
10426643,stimulus_Arg_PISACowsMilk_10_page_6,190.3,384.4,1269.0
10426644,stimulus_Arg_PISACowsMilk_10_page_6,190.3,384.5,1268.0
10426645,stimulus_Arg_PISACowsMilk_10_page_6,190.3,384.7,1267.0
10426646,stimulus_Arg_PISACowsMilk_10_page_6,190.2,384.8,1267.0
10426647,stimulus_Arg_PISACowsMilk_10_page_6,190.2,385.2,1267.0
10426648,stimulus_Arg_PISACowsMilk_10_page_6,190.1,385.5,1268.0
10426649,stimulus_Arg_PISACowsMilk_10_page_6,190.2,385.7,1269.0
10426650,stimulus_Arg_PISACowsMilk_10_page_6,190.5,385.6,1269.0
10426651,stimulus_Arg_PISACowsMilk_10_page_6,190.7,385.5,1269.0
10426652,stimulus_Arg_PISACowsMilk_10_page_6,190.6,385.5,1269.0
10426653,stimulus_Arg_PISACowsMilk_10_page_6,190.4,385.3,1269.0
10426654,stimulus_Arg_PISACowsMilk_10_page_6,190.1,385.0,1269.0
10426655,stimulus_Arg_PISACowsMilk_10_page_6,190.1,384.8,1269.0
10426656,stimulus_Arg_PISACowsMilk_10_page_6,190.1,384.9,1269.0
10426657,stimulus_Arg_PISACowsMilk_10_page_6,190.2,385.0,1268.0
10426658,stimulus_Arg_PISACowsMilk_10_page_6,190.3,385.1,1268.0
10426659,stimulus_Arg_PISACowsMilk_10_page_6,190.1,385.3,1269.0
10426660,stimulus_Arg_PISACowsMilk_10_page_6,189.9,385.5,1269.0
10426661,stimulus_Arg_PISACowsMilk_10_page_6,189.8,385.7,1268.0
10426662,stimulus_Arg_PISACowsMilk_10_page_6,189.8,385.7,1267.0
10426663,stimulus_Arg_PISACowsMilk_10_page_6,189.6,385.6,1266.0
10426664,stimulus_Arg_PISACowsMilk_10_page_6,189.5,385.4,1266.0
10426665,stimulus_Arg_PISACowsMilk_10_page_6,189.3,385.3,1266.0
10426666,stimulus_Arg_PISACowsMilk_10_page_6,189.3,385.3,1266.0
10426667,stimulus_Arg_PISACowsMilk_10_page_6,189.3,385.4,1266.0
10426668,stimulus_Arg_PISACowsMilk_10_page_6,189.3,385.4,1266.0
10426669,stimulus_Arg_PISACowsMilk_10_page_6,189.3,385.4,1266.0
10426670,stimulus_Arg_PISACowsMilk_10_page_6,189.1,385.4,1266.0
10426671,stimulus_Arg_PISACowsMilk_10_page_6,189.0,385.4,1267.0
10426672,stimulus_Arg_PISACowsMilk_10_page_6,189.1,385.3,1266.0
10426673,stimulus_Arg_PISACowsMilk_10_page_6,189.2,385.2,1265.0
10426674,stimulus_Arg_PISACowsMilk_10_page_6,189.4,385.1,1263.0
10426675,stimulus_Arg_PISACowsMilk_10_page_6,189.4,384.8,1263.0
10426676,stimulus_Arg_PISACowsMilk_10_page_6,189.4,384.5,1262.0
10426677,stimulus_Arg_PISACowsMilk_10_page_6,189.8,384.3,1261.0
10426678,stimulus_Arg_PISACowsMilk_10_page_6,190.2,384.4,1260.0
10426679,stimulus_Arg_PISACowsMilk_10_page_6,190.5,384.7,1261.0
10426680,stimulus_Arg_PISACowsMilk_10_page_6,190.4,384.9,1261.0
10426681,stimulus_Arg_PISACowsMilk_10_page_6,190.2,385.2,1261.0
10426682,stimulus_Arg_PISACowsMilk_10_page_6,189.9,385.2,1261.0
10426683,stimulus_Arg_PISACowsMilk_10_page_6,189.7,385.0,1260.0
10426684,stimulus_Arg_PISACowsMilk_10_page_6,189.6,384.9,1259.0
10426685,stimulus_Arg_PISACowsMilk_10_page_6,189.6,384.8,1258.0
10426686,stimulus_Arg_PISACowsMilk_10_page_6,189.7,384.8,1257.0
10426687,stimulus_Arg_PISACowsMilk_10_page_6,189.9,384.8,1257.0
10426688,stimulus_Arg_PISACowsMilk_10_page_6,190.2,384.8,1258.0
10426689,stimulus_Arg_PISACowsMilk_10_page_6,190.4,384.8,1258.0
10426690,stimulus_Arg_PISACowsMilk_10_page_6,189.6,385.2,1258.0
10426691,stimulus_Arg_PISACowsMilk_10_page_6,187.9,385.7,1258.0
10426692,stimulus_Arg_PISACowsMilk_10_page_6,185.1,386.5,1257.0
10426693,stimulus_Arg_PISACowsMilk_10_page_6,181.0,387.2,1256.0
10426694,stimulus_Arg_PISACowsMilk_10_page_6,174.6,388.3,1256.0
10426695,stimulus_Arg_PISACowsMilk_10_page_6,167.7,389.0,1256.0
10426696,stimulus_Arg_PISACowsMilk_10_page_6,161.1,390.6,1257.0
10426697,stimulus_Arg_PISACowsMilk_10_page_6,154.5,392.0,1258.0
10426698,stimulus_Arg_PISACowsMilk_10_page_6,146.8,393.7,1259.0
10426699,stimulus_Arg_PISACowsMilk_10_page_6,139.0,394.8,1260.0
10426700,stimulus_Arg_PISACowsMilk_10_page_6,132.3,396.1,1261.0
10426701,stimulus_Arg_PISACowsMilk_10_page_6,126.5,397.1,1262.0
10426702,stimulus_Arg_PISACowsMilk_10_page_6,121.8,397.4,1263.0
10426703,stimulus_Arg_PISACowsMilk_10_page_6,118.7,397.0,1263.0
10426704,stimulus_Arg_PISACowsMilk_10_page_6,116.8,396.9,1261.0
10426705,stimulus_Arg_PISACowsMilk_10_page_6,115.6,397.0,1259.0
10426706,stimulus_Arg_PISACowsMilk_10_page_6,115.1,397.1,1258.0
10426707,stimulus_Arg_PISACowsMilk_10_page_6,115.6,397.0,1257.0
10426708,stimulus_Arg_PISACowsMilk_10_page_6,117.1,397.1,1256.0
10426709,stimulus_Arg_PISACowsMilk_10_page_6,118.8,396.9,1256.0
10426710,stimulus_Arg_PISACowsMilk_10_page_6,121.3,396.1,1257.0
10426711,stimulus_Arg_PISACowsMilk_10_page_6,123.6,395.2,1257.0
10426712,stimulus_Arg_PISACowsMilk_10_page_6,125.9,394.7,1256.0
10426713,stimulus_Arg_PISACowsMilk_10_page_6,127.9,394.7,1256.0
10426714,stimulus_Arg_PISACowsMilk_10_page_6,129.6,394.4,1257.0
10426715,stimulus_Arg_PISACowsMilk_10_page_6,131.0,394.2,1257.0
10426716,stimulus_Arg_PISACowsMilk_10_page_6,132.1,393.9,1258.0
10426717,stimulus_Arg_PISACowsMilk_10_page_6,132.9,393.7,1258.0
10426718,stimulus_Arg_PISACowsMilk_10_page_6,133.6,393.3,1258.0
10426719,stimulus_Arg_PISACowsMilk_10_page_6,133.8,392.9,1258.0
10426720,stimulus_Arg_PISACowsMilk_10_page_6,134.0,392.7,1258.0
10426721,stimulus_Arg_PISACowsMilk_10_page_6,133.8,392.5,1258.0
10426722,stimulus_Arg_PISACowsMilk_10_page_6,133.6,392.2,1258.0
10426723,stimulus_Arg_PISACowsMilk_10_page_6,133.1,392.0,1258.0
10426724,stimulus_Arg_PISACowsMilk_10_page_6,132.8,392.1,1258.0
10426725,stimulus_Arg_PISACowsMilk_10_page_6,132.5,392.2,1257.0
10426726,stimulus_Arg_PISACowsMilk_10_page_6,132.5,392.3,1257.0
10426727,stimulus_Arg_PISACowsMilk_10_page_6,132.5,392.4,1256.0
10426728,stimulus_Arg_PISACowsMilk_10_page_6,132.3,392.5,1255.0
10426729,stimulus_Arg_PISACowsMilk_10_page_6,132.1,392.6,1253.0
10426730,stimulus_Arg_PISACowsMilk_10_page_6,131.9,392.8,1253.0
10426731,stimulus_Arg_PISACowsMilk_10_page_6,131.6,392.8,1252.0
10426732,stimulus_Arg_PISACowsMilk_10_page_6,131.2,393.1,1253.0
10426733,stimulus_Arg_PISACowsMilk_10_page_6,130.7,393.3,1253.0
10426734,stimulus_Arg_PISACowsMilk_10_page_6,130.5,393.6,1253.0
10426735,stimulus_Arg_PISACowsMilk_10_page_6,129.9,393.5,1253.0
10426736,stimulus_Arg_PISACowsMilk_10_page_6,129.3,393.6,1254.0
10426737,stimulus_Arg_PISACowsMilk_10_page_6,128.8,393.6,1254.0
10426738,stimulus_Arg_PISACowsMilk_10_page_6,128.7,393.9,1254.0
10426739,stimulus_Arg_PISACowsMilk_10_page_6,128.8,394.1,1254.0
10426740,stimulus_Arg_PISACowsMilk_10_page_6,128.9,394.3,1254.0
10426741,stimulus_Arg_PISACowsMilk_10_page_6,129.3,394.4,1254.0
10426742,stimulus_Arg_PISACowsMilk_10_page_6,129.6,394.2,1254.0
10426743,stimulus_Arg_PISACowsMilk_10_page_6,129.7,394.1,1254.0
10426744,stimulus_Arg_PISACowsMilk_10_page_6,129.6,394.0,1253.0
10426745,stimulus_Arg_PISACowsMilk_10_page_6,129.6,394.0,1253.0
10426746,stimulus_Arg_PISACowsMilk_10_page_6,129.6,394.0,1253.0
10426747,stimulus_Arg_PISACowsMilk_10_page_6,129.6,393.9,1253.0
10426748,stimulus_Arg_PISACowsMilk_10_page_6,129.5,393.8,1253.0
10426749,stimulus_Arg_PISACowsMilk_10_page_6,129.4,393.6,1253.0
10426750,stimulus_Arg_PISACowsMilk_10_page_6,129.4,393.5,1254.0
10426751,stimulus_Arg_PISACowsMilk_10_page_6,129.1,393.8,1253.0
10426752,stimulus_Arg_PISACowsMilk_10_page_6,128.9,394.1,1253.0
10426753,stimulus_Arg_PISACowsMilk_10_page_6,128.7,394.2,1252.0
10426754,stimulus_Arg_PISACowsMilk_10_page_6,128.8,394.1,1252.0
10426755,stimulus_Arg_PISACowsMilk_10_page_6,128.9,394.1,1251.0
10426756,stimulus_Arg_PISACowsMilk_10_page_6,129.0,394.3,1250.0
10426757,stimulus_Arg_PISACowsMilk_10_page_6,129.2,394.5,1248.0
10426758,stimulus_Arg_PISACowsMilk_10_page_6,129.5,394.6,1248.0
10426759,stimulus_Arg_PISACowsMilk_10_page_6,129.9,394.6,1249.0
10426760,stimulus_Arg_PISACowsMilk_10_page_6,130.2,394.6,1251.0
10426761,stimulus_Arg_PISACowsMilk_10_page_6,130.5,394.5,1251.0
10426762,stimulus_Arg_PISACowsMilk_10_page_6,130.4,394.4,1252.0
10426763,stimulus_Arg_PISACowsMilk_10_page_6,130.4,394.4,1251.0
10426764,stimulus_Arg_PISACowsMilk_10_page_6,130.3,394.5,1251.0
10426765,stimulus_Arg_PISACowsMilk_10_page_6,130.3,394.6,1251.0
10426766,stimulus_Arg_PISACowsMilk_10_page_6,130.2,394.8,1251.0
10426767,stimulus_Arg_PISACowsMilk_10_page_6,130.1,394.8,1250.0
10426768,stimulus_Arg_PISACowsMilk_10_page_6,130.0,395.0,1249.0
10426769,stimulus_Arg_PISACowsMilk_10_page_6,129.9,395.0,1249.0
10426770,stimulus_Arg_PISACowsMilk_10_page_6,129.8,395.1,1248.0
10426771,stimulus_Arg_PISACowsMilk_10_page_6,129.7,395.1,1248.0
10426772,stimulus_Arg_PISACowsMilk_10_page_6,129.5,395.0,1247.0
10426773,stimulus_Arg_PISACowsMilk_10_page_6,129.3,395.0,1247.0
10426774,stimulus_Arg_PISACowsMilk_10_page_6,129.3,394.8,1247.0
10426775,stimulus_Arg_PISACowsMilk_10_page_6,129.4,394.6,1247.0
10426776,stimulus_Arg_PISACowsMilk_10_page_6,129.4,394.7,1248.0
10426777,stimulus_Arg_PISACowsMilk_10_page_6,129.8,395.1,1248.0
10426778,stimulus_Arg_PISACowsMilk_10_page_6,130.3,395.5,1250.0
10426779,stimulus_Arg_PISACowsMilk_10_page_6,130.8,395.4,1250.0
10426780,stimulus_Arg_PISACowsMilk_10_page_6,131.2,395.1,1250.0
10426781,stimulus_Arg_PISACowsMilk_10_page_6,131.3,395.3,1250.0
10426782,stimulus_Arg_PISACowsMilk_10_page_6,131.0,395.7,1249.0
10426783,stimulus_Arg_PISACowsMilk_10_page_6,130.5,396.0,1248.0
10426784,stimulus_Arg_PISACowsMilk_10_page_6,130.0,395.7,1247.0
10426785,stimulus_Arg_PISACowsMilk_10_page_6,130.0,395.5,1246.0
10426786,stimulus_Arg_PISACowsMilk_10_page_6,130.1,395.5,1247.0
10426787,stimulus_Arg_PISACowsMilk_10_page_6,130.4,395.5,1247.0
10426788,stimulus_Arg_PISACowsMilk_10_page_6,130.5,395.6,1248.0
10426789,stimulus_Arg_PISACowsMilk_10_page_6,130.8,395.7,1248.0
10426790,stimulus_Arg_PISACowsMilk_10_page_6,131.0,395.6,1248.0
10426791,stimulus_Arg_PISACowsMilk_10_page_6,131.3,395.5,1248.0
10426792,stimulus_Arg_PISACowsMilk_10_page_6,131.4,395.4,1247.0
10426793,stimulus_Arg_PISACowsMilk_10_page_6,131.4,395.5,1246.0
10426794,stimulus_Arg_PISACowsMilk_10_page_6,131.3,395.7,1246.0
10426795,stimulus_Arg_PISACowsMilk_10_page_6,131.2,395.8,1246.0
10426796,stimulus_Arg_PISACowsMilk_10_page_6,131.1,395.9,1245.0
10426797,stimulus_Arg_PISACowsMilk_10_page_6,131.1,395.8,1245.0
10426798,stimulus_Arg_PISACowsMilk_10_page_6,131.1,395.8,1244.0
10426799,stimulus_Arg_PISACowsMilk_10_page_6,131.1,396.0,1244.0
10426800,stimulus_Arg_PISACowsMilk_10_page_6,130.9,396.2,1245.0
10426801,stimulus_Arg_PISACowsMilk_10_page_6,130.8,396.5,1245.0
10426802,stimulus_Arg_PISACowsMilk_10_page_6,130.7,396.5,1246.0
10426803,stimulus_Arg_PISACowsMilk_10_page_6,130.7,396.4,1246.0
10426804,stimulus_Arg_PISACowsMilk_10_page_6,130.7,396.4,1246.0
10426805,stimulus_Arg_PISACowsMilk_10_page_6,130.7,396.4,1245.0
10426806,stimulus_Arg_PISACowsMilk_10_page_6,130.7,396.4,1244.0
10426807,stimulus_Arg_PISACowsMilk_10_page_6,130.7,396.3,1244.0
10426808,stimulus_Arg_PISACowsMilk_10_page_6,130.6,396.6,1244.0
10426809,stimulus_Arg_PISACowsMilk_10_page_6,130.6,396.8,1244.0
10426810,stimulus_Arg_PISACowsMilk_10_page_6,130.5,397.0,1244.0
10426811,stimulus_Arg_PISACowsMilk_10_page_6,130.5,396.8,1244.0
10426812,stimulus_Arg_PISACowsMilk_10_page_6,130.5,396.5,1244.0
10426813,stimulus_Arg_PISACowsMilk_10_page_6,130.7,396.3,1243.0
10426814,stimulus_Arg_PISACowsMilk_10_page_6,130.9,396.2,1242.0
10426815,stimulus_Arg_PISACowsMilk_10_page_6,131.1,396.2,1241.0
10426816,stimulus_Arg_PISACowsMilk_10_page_6,131.1,396.3,1241.0
10426817,stimulus_Arg_PISACowsMilk_10_page_6,131.0,396.5,1241.0
10426818,stimulus_Arg_PISACowsMilk_10_page_6,130.9,396.8,1241.0
10426819,stimulus_Arg_PISACowsMilk_10_page_6,130.9,397.1,1241.0
10426820,stimulus_Arg_PISACowsMilk_10_page_6,131.0,397.2,1241.0
10426821,stimulus_Arg_PISACowsMilk_10_page_6,131.1,397.3,1242.0
10426822,stimulus_Arg_PISACowsMilk_10_page_6,131.0,397.3,1242.0
10426823,stimulus_Arg_PISACowsMilk_10_page_6,130.8,397.3,1241.0
10426824,stimulus_Arg_PISACowsMilk_10_page_6,130.7,397.2,1240.0
10426825,stimulus_Arg_PISACowsMilk_10_page_6,130.7,397.4,1239.0
10426826,stimulus_Arg_PISACowsMilk_10_page_6,130.7,397.5,1238.0
10426827,stimulus_Arg_PISACowsMilk_10_page_6,130.6,397.6,1236.0
10426828,stimulus_Arg_PISACowsMilk_10_page_6,130.3,397.6,1235.0
10426829,stimulus_Arg_PISACowsMilk_10_page_6,130.3,397.5,1235.0
10426830,stimulus_Arg_PISACowsMilk_10_page_6,130.3,397.4,1235.0
10426831,stimulus_Arg_PISACowsMilk_10_page_6,130.6,397.4,1235.0
10426832,stimulus_Arg_PISACowsMilk_10_page_6,130.9,397.4,1235.0
10426833,stimulus_Arg_PISACowsMilk_10_page_6,131.1,397.5,1236.0
10426834,stimulus_Arg_PISACowsMilk_10_page_6,131.1,397.4,1236.0
10426835,stimulus_Arg_PISACowsMilk_10_page_6,131.2,397.3,1235.0
10426836,stimulus_Arg_PISACowsMilk_10_page_6,131.3,397.3,1235.0
10426837,stimulus_Arg_PISACowsMilk_10_page_6,131.4,397.3,1235.0
10426838,stimulus_Arg_PISACowsMilk_10_page_6,131.4,397.2,1236.0
10426839,stimulus_Arg_PISACowsMilk_10_page_6,131.4,397.2,1236.0
10426840,stimulus_Arg_PISACowsMilk_10_page_6,131.5,397.2,1236.0
10426841,stimulus_Arg_PISACowsMilk_10_page_6,131.5,397.4,1236.0
10426842,stimulus_Arg_PISACowsMilk_10_page_6,131.4,397.6,1235.0
10426843,stimulus_Arg_PISACowsMilk_10_page_6,131.4,397.9,1233.0
10426844,stimulus_Arg_PISACowsMilk_10_page_6,131.3,397.8,1232.0
10426845,stimulus_Arg_PISACowsMilk_10_page_6,131.3,397.7,1232.0
10426846,stimulus_Arg_PISACowsMilk_10_page_6,131.3,397.6,1231.0
10426847,stimulus_Arg_PISACowsMilk_10_page_6,131.2,397.5,1231.0
10426848,stimulus_Arg_PISACowsMilk_10_page_6,131.0,397.5,1230.0
10426849,stimulus_Arg_PISACowsMilk_10_page_6,130.9,397.6,1230.0
10426850,stimulus_Arg_PISACowsMilk_10_page_6,130.8,397.6,1231.0
10426851,stimulus_Arg_PISACowsMilk_10_page_6,130.6,397.5,1231.0
10426852,stimulus_Arg_PISACowsMilk_10_page_6,130.8,397.3,1231.0
10426853,stimulus_Arg_PISACowsMilk_10_page_6,131.0,397.1,1230.0
10426854,stimulus_Arg_PISACowsMilk_10_page_6,131.2,397.1,1229.0
10426855,stimulus_Arg_PISACowsMilk_10_page_6,131.3,397.3,1228.0
10426856,stimulus_Arg_PISACowsMilk_10_page_6,131.3,397.4,1227.0
10426857,stimulus_Arg_PISACowsMilk_10_page_6,131.3,397.4,1228.0
10426858,stimulus_Arg_PISACowsMilk_10_page_6,131.2,397.3,1229.0
10426859,stimulus_Arg_PISACowsMilk_10_page_6,131.1,397.3,1230.0
10426860,stimulus_Arg_PISACowsMilk_10_page_6,130.9,397.2,1231.0
10426861,stimulus_Arg_PISACowsMilk_10_page_6,130.8,397.3,1233.0
10426862,stimulus_Arg_PISACowsMilk_10_page_6,130.8,397.4,1234.0
10426863,stimulus_Arg_PISACowsMilk_10_page_6,130.6,397.5,1233.0
10426864,stimulus_Arg_PISACowsMilk_10_page_6,130.4,397.6,1232.0
10426865,stimulus_Arg_PISACowsMilk_10_page_6,130.2,397.6,1230.0
10426866,stimulus_Arg_PISACowsMilk_10_page_6,130.5,397.7,1228.0
10426867,stimulus_Arg_PISACowsMilk_10_page_6,130.7,397.8,1228.0
10426868,stimulus_Arg_PISACowsMilk_10_page_6,130.9,397.7,1228.0
10426869,stimulus_Arg_PISACowsMilk_10_page_6,131.1,397.6,1227.0
10426870,stimulus_Arg_PISACowsMilk_10_page_6,131.3,397.2,1227.0
10426871,stimulus_Arg_PISACowsMilk_10_page_6,131.4,396.9,1227.0
10426872,stimulus_Arg_PISACowsMilk_10_page_6,131.6,396.6,1227.0
10426873,stimulus_Arg_PISACowsMilk_10_page_6,131.7,396.3,1228.0
10426874,stimulus_Arg_PISACowsMilk_10_page_6,131.9,396.1,1228.0
10426875,stimulus_Arg_PISACowsMilk_10_page_6,131.7,395.9,1228.0
10426876,stimulus_Arg_PISACowsMilk_10_page_6,131.3,396.0,1228.0
10426877,stimulus_Arg_PISACowsMilk_10_page_6,130.9,396.1,1227.0
10426878,stimulus_Arg_PISACowsMilk_10_page_6,130.8,396.1,1227.0
10426879,stimulus_Arg_PISACowsMilk_10_page_6,131.1,396.1,1228.0
10426880,stimulus_Arg_PISACowsMilk_10_page_6,131.3,395.9,1229.0
10426881,stimulus_Arg_PISACowsMilk_10_page_6,131.2,395.8,1229.0
10426882,stimulus_Arg_PISACowsMilk_10_page_6,131.1,395.7,1230.0
10426883,stimulus_Arg_PISACowsMilk_10_page_6,130.9,395.6,1229.0
10426884,stimulus_Arg_PISACowsMilk_10_page_6,130.7,395.8,1229.0
10426885,stimulus_Arg_PISACowsMilk_10_page_6,130.5,396.0,1227.0
10426886,stimulus_Arg_PISACowsMilk_10_page_6,130.3,396.2,1227.0
10426887,stimulus_Arg_PISACowsMilk_10_page_6,130.3,396.1,1226.0
10426888,stimulus_Arg_PISACowsMilk_10_page_6,130.4,396.1,1226.0
10426889,stimulus_Arg_PISACowsMilk_10_page_6,130.5,396.2,1227.0
10426890,stimulus_Arg_PISACowsMilk_10_page_6,130.6,396.5,1228.0
10426891,stimulus_Arg_PISACowsMilk_10_page_6,130.8,396.9,1228.0
10426892,stimulus_Arg_PISACowsMilk_10_page_6,131.1,397.2,1229.0
10426893,stimulus_Arg_PISACowsMilk_10_page_6,131.3,397.3,1229.0
10426894,stimulus_Arg_PISACowsMilk_10_page_6,131.3,397.3,1229.0
10426895,stimulus_Arg_PISACowsMilk_10_page_6,131.2,397.1,1228.0
10426896,stimulus_Arg_PISACowsMilk_10_page_6,131.2,397.0,1228.0
10426897,stimulus_Arg_PISACowsMilk_10_page_6,131.4,396.9,1229.0
10426898,stimulus_Arg_PISACowsMilk_10_page_6,131.6,396.9,1229.0
10426899,stimulus_Arg_PISACowsMilk_10_page_6,131.6,396.9,1229.0
10426900,stimulus_Arg_PISACowsMilk_10_page_6,131.2,397.1,1229.0
10426901,stimulus_Arg_PISACowsMilk_10_page_6,130.9,397.4,1229.0
10426902,stimulus_Arg_PISACowsMilk_10_page_6,130.7,397.7,1229.0
10426903,stimulus_Arg_PISACowsMilk_10_page_6,130.7,397.7,1230.0
10426904,stimulus_Arg_PISACowsMilk_10_page_6,130.7,397.6,1232.0
10426905,stimulus_Arg_PISACowsMilk_10_page_6,130.8,397.4,1234.0
10426906,stimulus_Arg_PISACowsMilk_10_page_6,131.0,397.3,1235.0
10426907,stimulus_Arg_PISACowsMilk_10_page_6,131.1,397.3,1236.0
10426908,stimulus_Arg_PISACowsMilk_10_page_6,131.2,397.3,1235.0
10426909,stimulus_Arg_PISACowsMilk_10_page_6,131.2,397.3,1235.0
10426910,stimulus_Arg_PISACowsMilk_10_page_6,131.1,397.2,1235.0
10426911,stimulus_Arg_PISACowsMilk_10_page_6,131.1,397.1,1235.0
10426912,stimulus_Arg_PISACowsMilk_10_page_6,131.2,397.3,1235.0
10426913,stimulus_Arg_PISACowsMilk_10_page_6,131.3,397.5,1235.0
10426914,stimulus_Arg_PISACowsMilk_10_page_6,131.2,397.7,1235.0
10426915,stimulus_Arg_PISACowsMilk_10_page_6,131.0,397.8,1234.0
10426916,stimulus_Arg_PISACowsMilk_10_page_6,130.7,397.8,1234.0
10426917,stimulus_Arg_PISACowsMilk_10_page_6,130.6,397.7,1234.0
10426918,stimulus_Arg_PISACowsMilk_10_page_6,130.3,397.7,1232.0
10426919,stimulus_Arg_PISACowsMilk_10_page_6,129.9,397.7,1231.0
10426920,stimulus_Arg_PISACowsMilk_10_page_6,129.8,397.7,1229.0
10426921,stimulus_Arg_PISACowsMilk_10_page_6,129.7,397.6,1230.0
10426922,stimulus_Arg_PISACowsMilk_10_page_6,129.7,397.4,1231.0
10426923,stimulus_Arg_PISACowsMilk_10_page_6,129.7,397.2,1232.0
10426924,stimulus_Arg_PISACowsMilk_10_page_6,129.6,397.4,1232.0
10426925,stimulus_Arg_PISACowsMilk_10_page_6,129.6,397.5,1231.0
10426926,stimulus_Arg_PISACowsMilk_10_page_6,129.6,397.7,1230.0
10426927,stimulus_Arg_PISACowsMilk_10_page_6,129.7,397.7,1230.0
10426928,stimulus_Arg_PISACowsMilk_10_page_6,129.8,397.6,1230.0
10426929,stimulus_Arg_PISACowsMilk_10_page_6,129.9,397.5,1230.0
10426930,stimulus_Arg_PISACowsMilk_10_page_6,130.0,397.4,1231.0
10426931,stimulus_Arg_PISACowsMilk_10_page_6,130.0,397.3,1231.0
10426932,stimulus_Arg_PISACowsMilk_10_page_6,129.9,397.4,1232.0
10426933,stimulus_Arg_PISACowsMilk_10_page_6,129.8,397.4,1232.0
10426934,stimulus_Arg_PISACowsMilk_10_page_6,129.6,397.4,1233.0
10426935,stimulus_Arg_PISACowsMilk_10_page_6,129.6,397.3,1233.0
10426936,stimulus_Arg_PISACowsMilk_10_page_6,129.8,397.3,1232.0
10426937,stimulus_Arg_PISACowsMilk_10_page_6,130.1,397.4,1232.0
10426938,stimulus_Arg_PISACowsMilk_10_page_6,130.3,397.5,1232.0
10426939,stimulus_Arg_PISACowsMilk_10_page_6,129.7,397.6,1232.0
10426940,stimulus_Arg_PISACowsMilk_10_page_6,129.1,397.7,1232.0
10426941,stimulus_Arg_PISACowsMilk_10_page_6,128.8,397.8,1232.0
10426942,stimulus_Arg_PISACowsMilk_10_page_6,129.0,397.9,1232.0
10426943,stimulus_Arg_PISACowsMilk_10_page_6,129.3,397.9,1232.0
10426944,stimulus_Arg_PISACowsMilk_10_page_6,129.5,398.0,1231.0
10426945,stimulus_Arg_PISACowsMilk_10_page_6,129.7,397.9,1230.0
10426946,stimulus_Arg_PISACowsMilk_10_page_6,129.8,397.9,1230.0
10426947,stimulus_Arg_PISACowsMilk_10_page_6,129.9,397.8,1230.0
10426948,stimulus_Arg_PISACowsMilk_10_page_6,130.0,397.5,1230.0
10426949,stimulus_Arg_PISACowsMilk_10_page_6,130.1,397.3,1230.0
10426950,stimulus_Arg_PISACowsMilk_10_page_6,129.9,397.1,1231.0
10426951,stimulus_Arg_PISACowsMilk_10_page_6,129.7,397.3,1232.0
10426952,stimulus_Arg_PISACowsMilk_10_page_6,129.5,397.6,1232.0
10426953,stimulus_Arg_PISACowsMilk_10_page_6,129.5,397.8,1232.0
10426954,stimulus_Arg_PISACowsMilk_10_page_6,129.6,397.9,1231.0
10426955,stimulus_Arg_PISACowsMilk_10_page_6,129.5,397.9,1231.0
10426956,stimulus_Arg_PISACowsMilk_10_page_6,129.4,398.0,1230.0
10426957,stimulus_Arg_PISACowsMilk_10_page_6,129.3,398.1,1230.0
10426958,stimulus_Arg_PISACowsMilk_10_page_6,129.3,398.1,1231.0
10426959,stimulus_Arg_PISACowsMilk_10_page_6,129.3,398.1,1231.0
10426960,stimulus_Arg_PISACowsMilk_10_page_6,129.3,398.1,1230.0
10426961,stimulus_Arg_PISACowsMilk_10_page_6,129.6,398.1,1230.0
10426962,stimulus_Arg_PISACowsMilk_10_page_6,129.9,398.1,1230.0
10426963,stimulus_Arg_PISACowsMilk_10_page_6,130.3,398.2,1229.0
10426964,stimulus_Arg_PISACowsMilk_10_page_6,130.4,398.3,1229.0
10426965,stimulus_Arg_PISACowsMilk_10_page_6,130.4,398.4,1228.0
10426966,stimulus_Arg_PISACowsMilk_10_page_6,130.2,398.5,1228.0
10426967,stimulus_Arg_PISACowsMilk_10_page_6,130.0,398.5,1229.0
10426968,stimulus_Arg_PISACowsMilk_10_page_6,130.0,398.5,1230.0
10426969,stimulus_Arg_PISACowsMilk_10_page_6,130.2,398.5,1231.0
10426970,stimulus_Arg_PISACowsMilk_10_page_6,130.3,398.4,1231.0
10426971,stimulus_Arg_PISACowsMilk_10_page_6,129.9,398.3,1231.0
10426972,stimulus_Arg_PISACowsMilk_10_page_6,129.5,398.1,1231.0
10426973,stimulus_Arg_PISACowsMilk_10_page_6,129.2,397.9,1231.0
10426974,stimulus_Arg_PISACowsMilk_10_page_6,129.5,397.9,1232.0
10426975,stimulus_Arg_PISACowsMilk_10_page_6,129.9,398.1,1232.0
10426976,stimulus_Arg_PISACowsMilk_10_page_6,130.3,398.5,1231.0
10426977,stimulus_Arg_PISACowsMilk_10_page_6,130.2,398.8,1229.0
10426978,stimulus_Arg_PISACowsMilk_10_page_6,130.2,399.2,1229.0
10426979,stimulus_Arg_PISACowsMilk_10_page_6,130.3,399.1,1229.0
10426980,stimulus_Arg_PISACowsMilk_10_page_6,130.4,399.0,1229.0
10426981,stimulus_Arg_PISACowsMilk_10_page_6,130.4,398.9,1229.0
10426982,stimulus_Arg_PISACowsMilk_10_page_6,130.4,398.9,1230.0
10426983,stimulus_Arg_PISACowsMilk_10_page_6,130.5,398.8,1230.0
10426984,stimulus_Arg_PISACowsMilk_10_page_6,130.6,398.7,1230.0
10426985,stimulus_Arg_PISACowsMilk_10_page_6,130.6,398.6,1229.0
10426986,stimulus_Arg_PISACowsMilk_10_page_6,130.4,398.2,1229.0
10426987,stimulus_Arg_PISACowsMilk_10_page_6,130.1,398.0,1230.0
10426988,stimulus_Arg_PISACowsMilk_10_page_6,129.9,397.8,1230.0
10426989,stimulus_Arg_PISACowsMilk_10_page_6,129.9,398.1,1230.0
10426990,stimulus_Arg_PISACowsMilk_10_page_6,129.8,398.5,1229.0
10426991,stimulus_Arg_PISACowsMilk_10_page_6,129.9,398.9,1229.0
10426992,stimulus_Arg_PISACowsMilk_10_page_6,129.8,399.0,1229.0
10426993,stimulus_Arg_PISACowsMilk_10_page_6,129.8,399.1,1229.0
10426994,stimulus_Arg_PISACowsMilk_10_page_6,129.9,399.2,1228.0
10426995,stimulus_Arg_PISACowsMilk_10_page_6,130.1,399.5,1228.0
10426996,stimulus_Arg_PISACowsMilk_10_page_6,130.2,399.8,1227.0
10426997,stimulus_Arg_PISACowsMilk_10_page_6,130.2,400.0,1227.0
10426998,stimulus_Arg_PISACowsMilk_10_page_6,130.1,399.9,1228.0
10426999,stimulus_Arg_PISACowsMilk_10_page_6,130.0,399.8,1228.0
10427000,stimulus_Arg_PISACowsMilk_10_page_6,129.9,399.5,1229.0
10427001,stimulus_Arg_PISACowsMilk_10_page_6,129.8,399.2,1228.0
10427002,stimulus_Arg_PISACowsMilk_10_page_6,129.7,399.0,1227.0
10427003,stimulus_Arg_PISACowsMilk_10_page_6,129.7,399.0,1226.0
10427004,stimulus_Arg_PISACowsMilk_10_page_6,129.8,399.0,1226.0
10427005,stimulus_Arg_PISACowsMilk_10_page_6,130.0,399.0,1227.0
10427006,stimulus_Arg_PISACowsMilk_10_page_6,130.1,399.0,1227.0
10427007,stimulus_Arg_PISACowsMilk_10_page_6,130.2,399.0,1227.0
10427008,stimulus_Arg_PISACowsMilk_10_page_6,130.2,399.1,1227.0
10427009,stimulus_Arg_PISACowsMilk_10_page_6,130.1,399.3,1227.0
10427010,stimulus_Arg_PISACowsMilk_10_page_6,130.1,399.6,1228.0
10427011,stimulus_Arg_PISACowsMilk_10_page_6,130.0,399.9,1228.0
10427012,stimulus_Arg_PISACowsMilk_10_page_6,130.1,400.1,1228.0
10427013,stimulus_Arg_PISACowsMilk_10_page_6,130.1,399.9,1228.0
10427014,stimulus_Arg_PISACowsMilk_10_page_6,130.2,399.8,1228.0
10427015,stimulus_Arg_PISACowsMilk_10_page_6,130.3,399.5,1228.0
10427016,stimulus_Arg_PISACowsMilk_10_page_6,130.2,399.4,1229.0
10427017,stimulus_Arg_PISACowsMilk_10_page_6,130.1,399.2,1229.0
10427018,stimulus_Arg_PISACowsMilk_10_page_6,129.8,399.2,1229.0
10427019,stimulus_Arg_PISACowsMilk_10_page_6,129.7,399.3,1230.0
10427020,stimulus_Arg_PISACowsMilk_10_page_6,129.7,399.4,1231.0
10427021,stimulus_Arg_PISACowsMilk_10_page_6,129.8,399.3,1231.0
10427022,stimulus_Arg_PISACowsMilk_10_page_6,129.9,399.0,1232.0
10427023,stimulus_Arg_PISACowsMilk_10_page_6,129.9,398.7,1232.0
10427024,stimulus_Arg_PISACowsMilk_10_page_6,129.9,398.9,1232.0
10427025,stimulus_Arg_PISACowsMilk_10_page_6,129.8,399.0,1232.0
10427026,stimulus_Arg_PISACowsMilk_10_page_6,129.6,399.2,1232.0
10427027,stimulus_Arg_PISACowsMilk_10_page_6,129.4,399.0,1232.0
10427028,stimulus_Arg_PISACowsMilk_10_page_6,129.2,398.7,1232.0
10427029,stimulus_Arg_PISACowsMilk_10_page_6,129.2,398.7,1231.0
10427030,stimulus_Arg_PISACowsMilk_10_page_6,129.2,398.9,1231.0
10427031,stimulus_Arg_PISACowsMilk_10_page_6,129.1,399.1,1232.0
10427032,stimulus_Arg_PISACowsMilk_10_page_6,129.1,399.3,1233.0
10427033,stimulus_Arg_PISACowsMilk_10_page_6,129.3,399.6,1234.0
10427034,stimulus_Arg_PISACowsMilk_10_page_6,129.6,399.8,1234.0
10427035,stimulus_Arg_PISACowsMilk_10_page_6,130.0,399.7,1233.0
10427036,stimulus_Arg_PISACowsMilk_10_page_6,129.8,399.5,1232.0
10427037,stimulus_Arg_PISACowsMilk_10_page_6,129.7,399.4,1231.0
10427038,stimulus_Arg_PISACowsMilk_10_page_6,129.6,399.4,1230.0
10427039,stimulus_Arg_PISACowsMilk_10_page_6,129.6,399.4,1231.0
10427040,stimulus_Arg_PISACowsMilk_10_page_6,129.6,399.4,1233.0
10427041,stimulus_Arg_PISACowsMilk_10_page_6,129.5,399.4,1234.0
10427042,stimulus_Arg_PISACowsMilk_10_page_6,129.5,399.5,1234.0
10427043,stimulus_Arg_PISACowsMilk_10_page_6,129.5,399.6,1234.0
10427044,stimulus_Arg_PISACowsMilk_10_page_6,129.5,399.7,1235.0
10427045,stimulus_Arg_PISACowsMilk_10_page_6,129.5,399.8,1236.0
10427046,stimulus_Arg_PISACowsMilk_10_page_6,129.4,399.9,1237.0
10427047,stimulus_Arg_PISACowsMilk_10_page_6,129.4,400.0,1237.0
10427048,stimulus_Arg_PISACowsMilk_10_page_6,129.5,399.9,1237.0
10427049,stimulus_Arg_PISACowsMilk_10_page_6,129.5,399.9,1237.0
10427050,stimulus_Arg_PISACowsMilk_10_page_6,129.5,399.9,1237.0
10427051,stimulus_Arg_PISACowsMilk_10_page_6,129.5,400.1,1238.0
10427052,stimulus_Arg_PISACowsMilk_10_page_6,129.5,400.1,1238.0
10427053,stimulus_Arg_PISACowsMilk_10_page_6,129.6,400.1,1238.0
10427054,stimulus_Arg_PISACowsMilk_10_page_6,129.6,400.1,1237.0
10427055,stimulus_Arg_PISACowsMilk_10_page_6,129.7,400.0,1237.0
10427056,stimulus_Arg_PISACowsMilk_10_page_6,129.7,400.0,1237.0
10427057,stimulus_Arg_PISACowsMilk_10_page_6,129.7,399.9,1237.0
10427058,stimulus_Arg_PISACowsMilk_10_page_6,129.8,399.9,1237.0
10427059,stimulus_Arg_PISACowsMilk_10_page_6,129.8,400.0,1238.0
10427060,stimulus_Arg_PISACowsMilk_10_page_6,129.8,400.1,1238.0
10427061,stimulus_Arg_PISACowsMilk_10_page_6,129.5,400.4,1239.0
10427062,stimulus_Arg_PISACowsMilk_10_page_6,129.3,400.5,1239.0
10427063,stimulus_Arg_PISACowsMilk_10_page_6,129.1,400.5,1238.0
10427064,stimulus_Arg_PISACowsMilk_10_page_6,129.3,400.4,1238.0
10427065,stimulus_Arg_PISACowsMilk_10_page_6,129.5,400.2,1238.0
10427066,stimulus_Arg_PISACowsMilk_10_page_6,129.6,400.3,1238.0
10427067,stimulus_Arg_PISACowsMilk_10_page_6,129.5,400.2,1239.0
10427068,stimulus_Arg_PISACowsMilk_10_page_6,129.4,400.2,1239.0
10427069,stimulus_Arg_PISACowsMilk_10_page_6,129.5,400.2,1241.0
10427070,stimulus_Arg_PISACowsMilk_10_page_6,129.6,400.2,1242.0
10427071,stimulus_Arg_PISACowsMilk_10_page_6,129.6,400.2,1243.0
10427072,stimulus_Arg_PISACowsMilk_10_page_6,129.5,400.3,1243.0
10427073,stimulus_Arg_PISACowsMilk_10_page_6,129.4,400.5,1243.0
10427074,stimulus_Arg_PISACowsMilk_10_page_6,129.2,400.6,1242.0
10427075,stimulus_Arg_PISACowsMilk_10_page_6,128.9,400.5,1242.0
10427076,stimulus_Arg_PISACowsMilk_10_page_6,128.9,400.4,1241.0
10427077,stimulus_Arg_PISACowsMilk_10_page_6,129.1,400.4,1240.0
10427078,stimulus_Arg_PISACowsMilk_10_page_6,129.1,400.4,1239.0
10427079,stimulus_Arg_PISACowsMilk_10_page_6,129.0,400.4,1239.0
10427080,stimulus_Arg_PISACowsMilk_10_page_6,128.8,400.4,1240.0
10427081,stimulus_Arg_PISACowsMilk_10_page_6,128.8,400.5,1240.0
10427082,stimulus_Arg_PISACowsMilk_10_page_6,128.7,400.7,1240.0
10427083,stimulus_Arg_PISACowsMilk_10_page_6,128.6,400.8,1240.0
10427084,stimulus_Arg_PISACowsMilk_10_page_6,128.6,400.7,1240.0
10427085,stimulus_Arg_PISACowsMilk_10_page_6,128.5,400.5,1240.0
10427086,stimulus_Arg_PISACowsMilk_10_page_6,128.5,400.4,1240.0
10427087,stimulus_Arg_PISACowsMilk_10_page_6,128.5,400.4,1241.0
10427088,stimulus_Arg_PISACowsMilk_10_page_6,128.6,400.4,1241.0
10427089,stimulus_Arg_PISACowsMilk_10_page_6,128.8,400.3,1242.0
10427090,stimulus_Arg_PISACowsMilk_10_page_6,128.9,400.2,1242.0
10427091,stimulus_Arg_PISACowsMilk_10_page_6,128.8,400.2,1242.0
10427092,stimulus_Arg_PISACowsMilk_10_page_6,128.6,400.1,1243.0
10427093,stimulus_Arg_PISACowsMilk_10_page_6,128.3,400.0,1243.0
10427094,stimulus_Arg_PISACowsMilk_10_page_6,128.0,400.0,1243.0
10427095,stimulus_Arg_PISACowsMilk_10_page_6,127.8,400.2,1242.0
10427096,stimulus_Arg_PISACowsMilk_10_page_6,127.8,400.4,1243.0
10427097,stimulus_Arg_PISACowsMilk_10_page_6,128.0,400.3,1243.0
10427098,stimulus_Arg_PISACowsMilk_10_page_6,128.2,400.3,1243.0
10427099,stimulus_Arg_PISACowsMilk_10_page_6,128.1,400.3,1243.0
10427100,stimulus_Arg_PISACowsMilk_10_page_6,128.1,400.3,1244.0
10427101,stimulus_Arg_PISACowsMilk_10_page_6,128.2,400.3,1245.0
10427102,stimulus_Arg_PISACowsMilk_10_page_6,128.2,400.2,1245.0
10427103,stimulus_Arg_PISACowsMilk_10_page_6,128.4,400.0,1245.0
10427104,stimulus_Arg_PISACowsMilk_10_page_6,128.6,399.7,1245.0
10427105,stimulus_Arg_PISACowsMilk_10_page_6,128.6,399.4,1245.0
10427106,stimulus_Arg_PISACowsMilk_10_page_6,128.4,399.5,1245.0
10427107,stimulus_Arg_PISACowsMilk_10_page_6,128.1,399.6,1245.0
10427108,stimulus_Arg_PISACowsMilk_10_page_6,128.2,399.6,1245.0
10427109,stimulus_Arg_PISACowsMilk_10_page_6,128.2,399.5,1245.0
10427110,stimulus_Arg_PISACowsMilk_10_page_6,128.0,399.3,1247.0
10427111,stimulus_Arg_PISACowsMilk_10_page_6,127.8,399.3,1248.0
10427112,stimulus_Arg_PISACowsMilk_10_page_6,127.5,399.3,1249.0
10427113,stimulus_Arg_PISACowsMilk_10_page_6,127.6,399.3,1248.0
10427114,stimulus_Arg_PISACowsMilk_10_page_6,127.7,399.3,1248.0
10427115,stimulus_Arg_PISACowsMilk_10_page_6,127.8,399.3,1247.0
10427116,stimulus_Arg_PISACowsMilk_10_page_6,128.0,399.4,1247.0
10427117,stimulus_Arg_PISACowsMilk_10_page_6,128.0,399.8,1246.0
10427118,stimulus_Arg_PISACowsMilk_10_page_6,128.2,400.3,1246.0
10427119,stimulus_Arg_PISACowsMilk_10_page_6,128.3,400.7,1247.0
10427120,stimulus_Arg_PISACowsMilk_10_page_6,128.5,400.8,1248.0
10427121,stimulus_Arg_PISACowsMilk_10_page_6,128.4,400.8,1249.0
10427122,stimulus_Arg_PISACowsMilk_10_page_6,128.2,400.8,1249.0
10427123,stimulus_Arg_PISACowsMilk_10_page_6,128.1,400.8,1249.0
10427124,stimulus_Arg_PISACowsMilk_10_page_6,127.9,401.0,1248.0
10427125,stimulus_Arg_PISACowsMilk_10_page_6,127.7,401.3,1247.0
10427126,stimulus_Arg_PISACowsMilk_10_page_6,127.5,401.3,1247.0
10427127,stimulus_Arg_PISACowsMilk_10_page_6,127.5,401.0,1248.0
10427128,stimulus_Arg_PISACowsMilk_10_page_6,127.5,400.8,1248.0
10427129,stimulus_Arg_PISACowsMilk_10_page_6,127.4,400.7,1248.0
10427130,stimulus_Arg_PISACowsMilk_10_page_6,127.7,400.6,1248.0
10427131,stimulus_Arg_PISACowsMilk_10_page_6,127.9,400.8,1249.0
10427132,stimulus_Arg_PISACowsMilk_10_page_6,128.1,401.1,1250.0
10427133,stimulus_Arg_PISACowsMilk_10_page_6,127.9,401.5,1250.0
10427134,stimulus_Arg_PISACowsMilk_10_page_6,127.7,401.8,1250.0
10427135,stimulus_Arg_PISACowsMilk_10_page_6,127.6,402.1,1249.0
10427136,stimulus_Arg_PISACowsMilk_10_page_6,128.4,402.5,1248.0
10427137,stimulus_Arg_PISACowsMilk_10_page_6,130.4,402.7,1248.0
10427138,stimulus_Arg_PISACowsMilk_10_page_6,133.5,402.8,1248.0
10427139,stimulus_Arg_PISACowsMilk_10_page_6,137.6,402.8,1248.0
10427140,stimulus_Arg_PISACowsMilk_10_page_6,141.8,402.9,1248.0
10427141,stimulus_Arg_PISACowsMilk_10_page_6,146.5,402.9,1248.0
10427142,stimulus_Arg_PISACowsMilk_10_page_6,152.5,401.8,1247.0
10427143,stimulus_Arg_PISACowsMilk_10_page_6,158.8,400.7,1246.0
10427144,stimulus_Arg_PISACowsMilk_10_page_6,165.6,399.3,1245.0
10427145,stimulus_Arg_PISACowsMilk_10_page_6,172.0,398.4,1245.0
10427146,stimulus_Arg_PISACowsMilk_10_page_6,179.4,396.5,1246.0
10427147,stimulus_Arg_PISACowsMilk_10_page_6,186.2,394.3,1248.0
10427148,stimulus_Arg_PISACowsMilk_10_page_6,192.7,391.8,1249.0
10427149,stimulus_Arg_PISACowsMilk_10_page_6,197.5,389.6,1251.0
10427150,stimulus_Arg_PISACowsMilk_10_page_6,201.9,387.8,1252.0
10427151,stimulus_Arg_PISACowsMilk_10_page_6,204.6,387.2,1253.0
10427152,stimulus_Arg_PISACowsMilk_10_page_6,206.5,386.6,1253.0
10427153,stimulus_Arg_PISACowsMilk_10_page_6,207.6,385.9,1253.0
10427154,stimulus_Arg_PISACowsMilk_10_page_6,208.2,385.3,1253.0
10427155,stimulus_Arg_PISACowsMilk_10_page_6,209.0,384.3,1253.0
10427156,stimulus_Arg_PISACowsMilk_10_page_6,209.4,383.5,1252.0
10427157,stimulus_Arg_PISACowsMilk_10_page_6,209.4,382.4,1252.0
10427158,stimulus_Arg_PISACowsMilk_10_page_6,208.6,382.0,1252.0
10427159,stimulus_Arg_PISACowsMilk_10_page_6,207.1,382.0,1253.0
10427160,stimulus_Arg_PISACowsMilk_10_page_6,205.1,382.1,1253.0
10427161,stimulus_Arg_PISACowsMilk_10_page_6,202.9,382.6,1254.0
10427162,stimulus_Arg_PISACowsMilk_10_page_6,201.2,382.8,1253.0
10427163,stimulus_Arg_PISACowsMilk_10_page_6,199.4,383.7,1253.0
10427164,stimulus_Arg_PISACowsMilk_10_page_6,197.5,384.2,1252.0
10427165,stimulus_Arg_PISACowsMilk_10_page_6,195.7,385.1,1251.0
10427166,stimulus_Arg_PISACowsMilk_10_page_6,194.4,385.6,1250.0
10427167,stimulus_Arg_PISACowsMilk_10_page_6,193.4,386.2,1252.0
10427168,stimulus_Arg_PISACowsMilk_10_page_6,192.5,386.5,1254.0
10427169,stimulus_Arg_PISACowsMilk_10_page_6,191.7,386.6,1257.0
10427170,stimulus_Arg_PISACowsMilk_10_page_6,191.4,387.1,1257.0
10427171,stimulus_Arg_PISACowsMilk_10_page_6,191.4,387.4,1257.0
10427172,stimulus_Arg_PISACowsMilk_10_page_6,191.6,387.7,1258.0
10427173,stimulus_Arg_PISACowsMilk_10_page_6,191.8,387.8,1258.0
10427174,stimulus_Arg_PISACowsMilk_10_page_6,192.3,388.1,1258.0
10427175,stimulus_Arg_PISACowsMilk_10_page_6,193.1,388.4,1258.0
10427176,stimulus_Arg_PISACowsMilk_10_page_6,193.8,388.5,1258.0
10427177,stimulus_Arg_PISACowsMilk_10_page_6,194.5,388.5,1258.0
10427178,stimulus_Arg_PISACowsMilk_10_page_6,194.9,388.3,1258.0
10427179,stimulus_Arg_PISACowsMilk_10_page_6,195.4,388.1,1259.0
10427180,stimulus_Arg_PISACowsMilk_10_page_6,195.8,387.9,1259.0
10427181,stimulus_Arg_PISACowsMilk_10_page_6,196.0,387.8,1259.0
10427182,stimulus_Arg_PISACowsMilk_10_page_6,196.1,387.8,1258.0
10427183,stimulus_Arg_PISACowsMilk_10_page_6,196.2,387.6,1258.0
10427184,stimulus_Arg_PISACowsMilk_10_page_6,196.4,387.5,1259.0
10427185,stimulus_Arg_PISACowsMilk_10_page_6,196.7,387.4,1259.0
10427186,stimulus_Arg_PISACowsMilk_10_page_6,196.9,387.5,1259.0
10427187,stimulus_Arg_PISACowsMilk_10_page_6,197.0,387.5,1259.0
10427188,stimulus_Arg_PISACowsMilk_10_page_6,197.2,387.6,1259.0
10427189,stimulus_Arg_PISACowsMilk_10_page_6,197.4,387.5,1260.0
10427190,stimulus_Arg_PISACowsMilk_10_page_6,197.6,387.5,1260.0
10427191,stimulus_Arg_PISACowsMilk_10_page_6,197.5,387.6,1259.0
10427192,stimulus_Arg_PISACowsMilk_10_page_6,197.4,387.8,1258.0
10427193,stimulus_Arg_PISACowsMilk_10_page_6,197.4,387.9,1258.0
10427194,stimulus_Arg_PISACowsMilk_10_page_6,197.4,387.7,1259.0
10427195,stimulus_Arg_PISACowsMilk_10_page_6,197.6,387.8,1260.0
10427196,stimulus_Arg_PISACowsMilk_10_page_6,197.6,388.0,1260.0
10427197,stimulus_Arg_PISACowsMilk_10_page_6,197.6,387.7,1260.0
10427198,stimulus_Arg_PISACowsMilk_10_page_6,197.5,387.3,1260.0
10427199,stimulus_Arg_PISACowsMilk_10_page_6,197.4,386.9,1260.0
10427200,stimulus_Arg_PISACowsMilk_10_page_6,197.5,386.8,1260.0
10427201,stimulus_Arg_PISACowsMilk_10_page_6,197.7,386.9,1261.0
10427202,stimulus_Arg_PISACowsMilk_10_page_6,197.8,387.0,1261.0
10427203,stimulus_Arg_PISACowsMilk_10_page_6,197.7,387.2,1262.0
10427204,stimulus_Arg_PISACowsMilk_10_page_6,197.7,387.3,1262.0
10427205,stimulus_Arg_PISACowsMilk_10_page_6,197.7,387.1,1262.0
10427206,stimulus_Arg_PISACowsMilk_10_page_6,197.7,387.1,1261.0
10427207,stimulus_Arg_PISACowsMilk_10_page_6,197.6,387.0,1261.0
10427208,stimulus_Arg_PISACowsMilk_10_page_6,197.2,387.2,1261.0
10427209,stimulus_Arg_PISACowsMilk_10_page_6,196.9,387.3,1261.0
10427210,stimulus_Arg_PISACowsMilk_10_page_6,197.2,387.5,1261.0
10427211,stimulus_Arg_PISACowsMilk_10_page_6,197.6,387.5,1261.0
10427212,stimulus_Arg_PISACowsMilk_10_page_6,197.9,387.5,1261.0
10427213,stimulus_Arg_PISACowsMilk_10_page_6,197.6,387.5,1262.0
10427214,stimulus_Arg_PISACowsMilk_10_page_6,197.4,387.5,1262.0
10427215,stimulus_Arg_PISACowsMilk_10_page_6,197.2,387.4,1262.0
10427216,stimulus_Arg_PISACowsMilk_10_page_6,197.1,387.3,1262.0
10427217,stimulus_Arg_PISACowsMilk_10_page_6,197.0,387.2,1262.0
10427218,stimulus_Arg_PISACowsMilk_10_page_6,196.9,387.1,1262.0
10427219,stimulus_Arg_PISACowsMilk_10_page_6,196.9,387.1,1261.0
10427220,stimulus_Arg_PISACowsMilk_10_page_6,197.0,387.2,1262.0
10427221,stimulus_Arg_PISACowsMilk_10_page_6,197.1,387.1,1263.0
10427222,stimulus_Arg_PISACowsMilk_10_page_6,197.3,387.1,1263.0
10427223,stimulus_Arg_PISACowsMilk_10_page_6,197.3,387.2,1263.0
10427224,stimulus_Arg_PISACowsMilk_10_page_6,197.3,387.4,1262.0
10427225,stimulus_Arg_PISACowsMilk_10_page_6,197.3,387.6,1262.0
10427226,stimulus_Arg_PISACowsMilk_10_page_6,197.4,387.6,1262.0
10427227,stimulus_Arg_PISACowsMilk_10_page_6,197.4,387.6,1263.0
10427228,stimulus_Arg_PISACowsMilk_10_page_6,197.4,387.7,1263.0
10427229,stimulus_Arg_PISACowsMilk_10_page_6,197.4,387.6,1263.0
10427230,stimulus_Arg_PISACowsMilk_10_page_6,197.5,387.5,1264.0
10427231,stimulus_Arg_PISACowsMilk_10_page_6,197.6,387.3,1264.0
10427232,stimulus_Arg_PISACowsMilk_10_page_6,197.7,387.1,1264.0
10427233,stimulus_Arg_PISACowsMilk_10_page_6,197.7,387.0,1263.0
10427234,stimulus_Arg_PISACowsMilk_10_page_6,197.7,387.0,1262.0
10427235,stimulus_Arg_PISACowsMilk_10_page_6,197.5,387.1,1262.0
10427236,stimulus_Arg_PISACowsMilk_10_page_6,197.3,387.3,1262.0
10427237,stimulus_Arg_PISACowsMilk_10_page_6,197.1,387.5,1262.0
10427238,stimulus_Arg_PISACowsMilk_10_page_6,197.1,387.3,1264.0
10427239,stimulus_Arg_PISACowsMilk_10_page_6,197.1,387.1,1265.0
10427240,stimulus_Arg_PISACowsMilk_10_page_6,197.1,386.8,1266.0
10427241,stimulus_Arg_PISACowsMilk_10_page_6,197.3,386.7,1266.0
10427242,stimulus_Arg_PISACowsMilk_10_page_6,197.6,386.7,1266.0
10427243,stimulus_Arg_PISACowsMilk_10_page_6,197.8,386.9,1266.0
10427244,stimulus_Arg_PISACowsMilk_10_page_6,197.8,387.0,1266.0
10427245,stimulus_Arg_PISACowsMilk_10_page_6,197.8,387.1,1266.0
10427246,stimulus_Arg_PISACowsMilk_10_page_6,197.8,387.1,1265.0
10427247,stimulus_Arg_PISACowsMilk_10_page_6,197.8,387.1,1265.0
10427248,stimulus_Arg_PISACowsMilk_10_page_6,197.8,387.3,1265.0
10427249,stimulus_Arg_PISACowsMilk_10_page_6,197.7,387.6,1265.0
10427250,stimulus_Arg_PISACowsMilk_10_page_6,197.8,387.8,1265.0
10427251,stimulus_Arg_PISACowsMilk_10_page_6,197.8,387.6,1265.0
10427252,stimulus_Arg_PISACowsMilk_10_page_6,197.8,387.4,1266.0
10427253,stimulus_Arg_PISACowsMilk_10_page_6,197.9,387.2,1266.0
10427254,stimulus_Arg_PISACowsMilk_10_page_6,197.9,387.2,1267.0
10427255,stimulus_Arg_PISACowsMilk_10_page_6,198.0,387.2,1267.0
10427256,stimulus_Arg_PISACowsMilk_10_page_6,198.0,387.3,1266.0
10427257,stimulus_Arg_PISACowsMilk_10_page_6,198.0,387.4,1265.0
10427258,stimulus_Arg_PISACowsMilk_10_page_6,198.0,387.5,1265.0
10427259,stimulus_Arg_PISACowsMilk_10_page_6,197.9,387.5,1265.0
10427260,stimulus_Arg_PISACowsMilk_10_page_6,197.8,387.5,1266.0
10427261,stimulus_Arg_PISACowsMilk_10_page_6,197.7,387.5,1266.0
10427262,stimulus_Arg_PISACowsMilk_10_page_6,197.7,387.5,1266.0
10427263,stimulus_Arg_PISACowsMilk_10_page_6,197.9,387.5,1265.0
10427264,stimulus_Arg_PISACowsMilk_10_page_6,198.1,387.5,1265.0
10427265,stimulus_Arg_PISACowsMilk_10_page_6,197.9,387.4,1265.0
10427266,stimulus_Arg_PISACowsMilk_10_page_6,197.5,387.4,1266.0
10427267,stimulus_Arg_PISACowsMilk_10_page_6,197.3,387.3,1266.0
10427268,stimulus_Arg_PISACowsMilk_10_page_6,197.4,387.3,1266.0
10427269,stimulus_Arg_PISACowsMilk_10_page_6,197.5,387.2,1267.0
10427270,stimulus_Arg_PISACowsMilk_10_page_6,197.5,387.2,1267.0
10427271,stimulus_Arg_PISACowsMilk_10_page_6,197.4,387.1,1267.0
10427272,stimulus_Arg_PISACowsMilk_10_page_6,197.5,387.1,1267.0
10427273,stimulus_Arg_PISACowsMilk_10_page_6,197.7,387.2,1268.0
10427274,stimulus_Arg_PISACowsMilk_10_page_6,197.9,387.1,1268.0
10427275,stimulus_Arg_PISACowsMilk_10_page_6,197.9,387.1,1268.0
10427276,stimulus_Arg_PISACowsMilk_10_page_6,197.9,387.0,1268.0
10427277,stimulus_Arg_PISACowsMilk_10_page_6,197.9,386.9,1268.0
10427278,stimulus_Arg_PISACowsMilk_10_page_6,197.8,386.9,1269.0
10427279,stimulus_Arg_PISACowsMilk_10_page_6,197.8,386.8,1269.0
10427280,stimulus_Arg_PISACowsMilk_10_page_6,197.9,386.8,1269.0
10427281,stimulus_Arg_PISACowsMilk_10_page_6,198.2,387.1,1269.0
10427282,stimulus_Arg_PISACowsMilk_10_page_6,198.5,387.5,1268.0
10427283,stimulus_Arg_PISACowsMilk_10_page_6,198.6,387.8,1268.0
10427284,stimulus_Arg_PISACowsMilk_10_page_6,198.5,387.8,1268.0
10427285,stimulus_Arg_PISACowsMilk_10_page_6,198.3,387.7,1268.0
10427286,stimulus_Arg_PISACowsMilk_10_page_6,198.3,387.7,1268.0
10427287,stimulus_Arg_PISACowsMilk_10_page_6,198.8,387.9,1268.0
10427288,stimulus_Arg_PISACowsMilk_10_page_6,199.3,388.1,1267.0
10427289,stimulus_Arg_PISACowsMilk_10_page_6,199.5,388.3,1267.0
10427290,stimulus_Arg_PISACowsMilk_10_page_6,199.2,388.1,1267.0
10427291,stimulus_Arg_PISACowsMilk_10_page_6,199.1,387.9,1267.0
10427292,stimulus_Arg_PISACowsMilk_10_page_6,199.4,387.8,1268.0
10427293,stimulus_Arg_PISACowsMilk_10_page_6,199.6,387.8,1269.0
10427294,stimulus_Arg_PISACowsMilk_10_page_6,199.6,387.8,1270.0
10427295,stimulus_Arg_PISACowsMilk_10_page_6,199.4,387.9,1270.0
10427296,stimulus_Arg_PISACowsMilk_10_page_6,199.2,387.9,1270.0
10427297,stimulus_Arg_PISACowsMilk_10_page_6,199.0,387.6,1270.0
10427298,stimulus_Arg_PISACowsMilk_10_page_6,198.9,387.5,1270.0
10427299,stimulus_Arg_PISACowsMilk_10_page_6,198.8,387.4,1271.0
10427300,stimulus_Arg_PISACowsMilk_10_page_6,198.6,387.5,1271.0
10427301,stimulus_Arg_PISACowsMilk_10_page_6,198.4,387.4,1272.0
10427302,stimulus_Arg_PISACowsMilk_10_page_6,198.2,387.3,1272.0
10427303,stimulus_Arg_PISACowsMilk_10_page_6,198.2,387.2,1273.0
10427304,stimulus_Arg_PISACowsMilk_10_page_6,198.4,387.2,1274.0
10427305,stimulus_Arg_PISACowsMilk_10_page_6,198.6,387.2,1274.0
10427306,stimulus_Arg_PISACowsMilk_10_page_6,198.8,387.1,1275.0
10427307,stimulus_Arg_PISACowsMilk_10_page_6,198.8,386.8,1276.0
10427308,stimulus_Arg_PISACowsMilk_10_page_6,199.0,386.5,1276.0
10427309,stimulus_Arg_PISACowsMilk_10_page_6,199.2,386.2,1276.0
10427310,stimulus_Arg_PISACowsMilk_10_page_6,199.3,386.1,1276.0
10427311,stimulus_Arg_PISACowsMilk_10_page_6,199.3,386.2,1275.0
10427312,stimulus_Arg_PISACowsMilk_10_page_6,199.3,386.3,1275.0
10427313,stimulus_Arg_PISACowsMilk_10_page_6,199.3,386.2,1275.0
10427314,stimulus_Arg_PISACowsMilk_10_page_6,199.4,386.1,1275.0
10427315,stimulus_Arg_PISACowsMilk_10_page_6,199.4,385.9,1275.0
10427316,stimulus_Arg_PISACowsMilk_10_page_6,199.4,385.9,1276.0
10427317,stimulus_Arg_PISACowsMilk_10_page_6,199.3,386.0,1277.0
10427318,stimulus_Arg_PISACowsMilk_10_page_6,199.3,386.2,1277.0
10427319,stimulus_Arg_PISACowsMilk_10_page_6,199.3,386.3,1277.0
10427320,stimulus_Arg_PISACowsMilk_10_page_6,199.2,386.3,1277.0
10427321,stimulus_Arg_PISACowsMilk_10_page_6,199.0,386.3,1276.0
10427322,stimulus_Arg_PISACowsMilk_10_page_6,198.8,386.2,1275.0
10427323,stimulus_Arg_PISACowsMilk_10_page_6,198.6,386.2,1275.0
10427324,stimulus_Arg_PISACowsMilk_10_page_6,198.7,386.2,1276.0
10427325,stimulus_Arg_PISACowsMilk_10_page_6,198.8,386.2,1277.0
10427326,stimulus_Arg_PISACowsMilk_10_page_6,198.8,386.3,1278.0
10427327,stimulus_Arg_PISACowsMilk_10_page_6,198.7,386.4,1279.0
10427328,stimulus_Arg_PISACowsMilk_10_page_6,198.7,386.5,1280.0
10427329,stimulus_Arg_PISACowsMilk_10_page_6,198.7,386.4,1280.0
10427330,stimulus_Arg_PISACowsMilk_10_page_6,198.7,386.1,1280.0
10427331,stimulus_Arg_PISACowsMilk_10_page_6,198.7,385.9,1280.0
10427332,stimulus_Arg_PISACowsMilk_10_page_6,198.7,385.6,1280.0
10427333,stimulus_Arg_PISACowsMilk_10_page_6,198.7,385.5,1280.0
10427334,stimulus_Arg_PISACowsMilk_10_page_6,198.8,385.6,1280.0
10427335,stimulus_Arg_PISACowsMilk_10_page_6,198.8,385.9,1279.0
10427336,stimulus_Arg_PISACowsMilk_10_page_6,198.8,386.2,1278.0
10427337,stimulus_Arg_PISACowsMilk_10_page_6,198.7,386.4,1278.0
10427338,stimulus_Arg_PISACowsMilk_10_page_6,198.5,386.5,1279.0
10427339,stimulus_Arg_PISACowsMilk_10_page_6,198.4,386.5,1279.0
10427340,stimulus_Arg_PISACowsMilk_10_page_6,198.2,386.5,1280.0
10427341,stimulus_Arg_PISACowsMilk_10_page_6,198.5,386.6,1281.0
10427342,stimulus_Arg_PISACowsMilk_10_page_6,198.7,386.4,1281.0
10427343,stimulus_Arg_PISACowsMilk_10_page_6,198.8,386.3,1281.0
10427344,stimulus_Arg_PISACowsMilk_10_page_6,198.8,386.1,1281.0
10427345,stimulus_Arg_PISACowsMilk_10_page_6,198.7,386.2,1280.0
10427346,stimulus_Arg_PISACowsMilk_10_page_6,198.7,386.3,1280.0
10427347,stimulus_Arg_PISACowsMilk_10_page_6,198.7,386.5,1280.0
10427348,stimulus_Arg_PISACowsMilk_10_page_6,198.7,386.6,1280.0
10427349,stimulus_Arg_PISACowsMilk_10_page_6,198.7,386.7,1280.0
10427350,stimulus_Arg_PISACowsMilk_10_page_6,198.7,386.9,1280.0
10427351,stimulus_Arg_PISACowsMilk_10_page_6,198.7,387.1,1281.0
10427352,stimulus_Arg_PISACowsMilk_10_page_6,198.7,387.3,1282.0
10427353,stimulus_Arg_PISACowsMilk_10_page_6,198.7,387.3,1283.0
10427354,stimulus_Arg_PISACowsMilk_10_page_6,198.6,387.4,1282.0
10427355,stimulus_Arg_PISACowsMilk_10_page_6,198.5,387.6,1282.0
10427356,stimulus_Arg_PISACowsMilk_10_page_6,198.6,387.6,1282.0
10427357,stimulus_Arg_PISACowsMilk_10_page_6,198.9,387.2,1282.0
10427358,stimulus_Arg_PISACowsMilk_10_page_6,199.1,386.8,1282.0
10427359,stimulus_Arg_PISACowsMilk_10_page_6,199.2,386.8,1282.0
10427360,stimulus_Arg_PISACowsMilk_10_page_6,199.3,387.1,1283.0
10427361,stimulus_Arg_PISACowsMilk_10_page_6,199.3,387.3,1284.0
10427362,stimulus_Arg_PISACowsMilk_10_page_6,199.1,387.4,1284.0
10427363,stimulus_Arg_PISACowsMilk_10_page_6,198.9,387.3,1284.0
10427364,stimulus_Arg_PISACowsMilk_10_page_6,198.8,387.2,1284.0
10427365,stimulus_Arg_PISACowsMilk_10_page_6,198.9,387.2,1284.0
10427366,stimulus_Arg_PISACowsMilk_10_page_6,199.0,387.3,1284.0
10427367,stimulus_Arg_PISACowsMilk_10_page_6,199.0,387.4,1284.0
10427368,stimulus_Arg_PISACowsMilk_10_page_6,199.0,387.5,1285.0
10427369,stimulus_Arg_PISACowsMilk_10_page_6,199.0,387.4,1285.0
10427370,stimulus_Arg_PISACowsMilk_10_page_6,199.0,387.2,1285.0
10427371,stimulus_Arg_PISACowsMilk_10_page_6,198.9,387.1,1285.0
10427372,stimulus_Arg_PISACowsMilk_10_page_6,198.9,387.0,1285.0
10427373,stimulus_Arg_PISACowsMilk_10_page_6,198.9,387.0,1285.0
10427374,stimulus_Arg_PISACowsMilk_10_page_6,199.0,387.1,1284.0
10427375,stimulus_Arg_PISACowsMilk_10_page_6,199.1,387.2,1284.0
10427376,stimulus_Arg_PISACowsMilk_10_page_6,199.3,387.4,1284.0
10427377,stimulus_Arg_PISACowsMilk_10_page_6,199.5,387.8,1284.0
10427378,stimulus_Arg_PISACowsMilk_10_page_6,199.7,388.2,1285.0
10427379,stimulus_Arg_PISACowsMilk_10_page_6,199.7,388.4,1286.0
10427380,stimulus_Arg_PISACowsMilk_10_page_6,199.6,388.2,1287.0
10427381,stimulus_Arg_PISACowsMilk_10_page_6,199.5,388.2,1287.0
10427382,stimulus_Arg_PISACowsMilk_10_page_6,199.5,388.3,1288.0
10427383,stimulus_Arg_PISACowsMilk_10_page_6,199.5,388.4,1288.0
10427384,stimulus_Arg_PISACowsMilk_10_page_6,199.5,388.4,1288.0
10427385,stimulus_Arg_PISACowsMilk_10_page_6,199.6,388.2,1288.0
10427386,stimulus_Arg_PISACowsMilk_10_page_6,199.7,388.0,1287.0
10427387,stimulus_Arg_PISACowsMilk_10_page_6,199.6,387.8,1285.0
10427388,stimulus_Arg_PISACowsMilk_10_page_6,199.4,387.7,1285.0
10427389,stimulus_Arg_PISACowsMilk_10_page_6,199.1,388.0,1286.0
10427390,stimulus_Arg_PISACowsMilk_10_page_6,199.0,388.2,1287.0
10427391,stimulus_Arg_PISACowsMilk_10_page_6,199.0,388.5,1287.0
10427392,stimulus_Arg_PISACowsMilk_10_page_6,198.9,388.6,1287.0
10427393,stimulus_Arg_PISACowsMilk_10_page_6,199.1,388.8,1286.0
10427394,stimulus_Arg_PISACowsMilk_10_page_6,199.2,388.9,1287.0
10427395,stimulus_Arg_PISACowsMilk_10_page_6,199.3,388.8,1289.0
10427396,stimulus_Arg_PISACowsMilk_10_page_6,199.2,388.7,1290.0
10427397,stimulus_Arg_PISACowsMilk_10_page_6,199.2,388.6,1289.0
10427398,stimulus_Arg_PISACowsMilk_10_page_6,199.3,388.4,1289.0
10427399,stimulus_Arg_PISACowsMilk_10_page_6,199.3,388.2,1289.0
10427400,stimulus_Arg_PISACowsMilk_10_page_6,199.4,388.0,1288.0
10427401,stimulus_Arg_PISACowsMilk_10_page_6,199.4,387.9,1288.0
10427402,stimulus_Arg_PISACowsMilk_10_page_6,199.4,388.1,1288.0
10427403,stimulus_Arg_PISACowsMilk_10_page_6,199.5,388.3,1288.0
10427404,stimulus_Arg_PISACowsMilk_10_page_6,199.7,388.4,1289.0
10427405,stimulus_Arg_PISACowsMilk_10_page_6,199.8,388.2,1289.0
10427406,stimulus_Arg_PISACowsMilk_10_page_6,199.7,388.1,1290.0
10427407,stimulus_Arg_PISACowsMilk_10_page_6,199.6,388.1,1290.0
10427408,stimulus_Arg_PISACowsMilk_10_page_6,199.8,388.1,1290.0
10427409,stimulus_Arg_PISACowsMilk_10_page_6,200.0,388.1,1290.0
10427410,stimulus_Arg_PISACowsMilk_10_page_6,200.1,388.1,1290.0
10427411,stimulus_Arg_PISACowsMilk_10_page_6,200.1,388.1,1291.0
10427412,stimulus_Arg_PISACowsMilk_10_page_6,200.1,388.1,1290.0
10427413,stimulus_Arg_PISACowsMilk_10_page_6,200.0,388.1,1290.0
10427414,stimulus_Arg_PISACowsMilk_10_page_6,200.0,388.1,1289.0
10427415,stimulus_Arg_PISACowsMilk_10_page_6,199.9,388.3,1289.0
10427416,stimulus_Arg_PISACowsMilk_10_page_6,199.9,388.5,1289.0
10427417,stimulus_Arg_PISACowsMilk_10_page_6,200.0,388.8,1290.0
10427418,stimulus_Arg_PISACowsMilk_10_page_6,200.0,388.8,1290.0
10427419,stimulus_Arg_PISACowsMilk_10_page_6,199.9,388.8,1291.0
10427420,stimulus_Arg_PISACowsMilk_10_page_6,200.2,388.7,1291.0
10427421,stimulus_Arg_PISACowsMilk_10_page_6,200.5,388.7,1291.0
10427422,stimulus_Arg_PISACowsMilk_10_page_6,200.8,388.7,1291.0
10427423,stimulus_Arg_PISACowsMilk_10_page_6,200.8,388.7,1291.0
10427424,stimulus_Arg_PISACowsMilk_10_page_6,200.7,388.7,1292.0
10427425,stimulus_Arg_PISACowsMilk_10_page_6,200.6,388.7,1292.0
10427426,stimulus_Arg_PISACowsMilk_10_page_6,200.6,388.8,1292.0
10427427,stimulus_Arg_PISACowsMilk_10_page_6,200.5,388.8,1292.0
10427428,stimulus_Arg_PISACowsMilk_10_page_6,200.5,388.9,1291.0
10427429,stimulus_Arg_PISACowsMilk_10_page_6,200.5,389.0,1292.0
10427430,stimulus_Arg_PISACowsMilk_10_page_6,200.5,389.2,1293.0
10427431,stimulus_Arg_PISACowsMilk_10_page_6,200.6,389.4,1293.0
10427432,stimulus_Arg_PISACowsMilk_10_page_6,200.6,389.5,1292.0
10427433,stimulus_Arg_PISACowsMilk_10_page_6,200.6,389.5,1292.0
10427434,stimulus_Arg_PISACowsMilk_10_page_6,200.6,389.6,1292.0
10427435,stimulus_Arg_PISACowsMilk_10_page_6,200.8,389.6,1292.0
10427436,stimulus_Arg_PISACowsMilk_10_page_6,200.9,389.6,1292.0
10427437,stimulus_Arg_PISACowsMilk_10_page_6,201.0,389.6,1292.0
10427438,stimulus_Arg_PISACowsMilk_10_page_6,200.9,389.7,1293.0
10427439,stimulus_Arg_PISACowsMilk_10_page_6,200.9,389.9,1294.0
10427440,stimulus_Arg_PISACowsMilk_10_page_6,200.9,390.3,1295.0
10427441,stimulus_Arg_PISACowsMilk_10_page_6,201.0,390.6,1295.0
10427442,stimulus_Arg_PISACowsMilk_10_page_6,201.0,390.7,1295.0
10427443,stimulus_Arg_PISACowsMilk_10_page_6,201.0,390.7,1295.0
10427444,stimulus_Arg_PISACowsMilk_10_page_6,200.9,390.5,1295.0
10427445,stimulus_Arg_PISACowsMilk_10_page_6,200.9,390.2,1295.0
10427446,stimulus_Arg_PISACowsMilk_10_page_6,200.9,389.9,1295.0
10427447,stimulus_Arg_PISACowsMilk_10_page_6,200.9,389.7,1295.0
10427448,stimulus_Arg_PISACowsMilk_10_page_6,200.8,389.7,1295.0
10427449,stimulus_Arg_PISACowsMilk_10_page_6,200.9,389.7,1296.0
10427450,stimulus_Arg_PISACowsMilk_10_page_6,201.0,389.6,1296.0
10427451,stimulus_Arg_PISACowsMilk_10_page_6,201.1,389.5,1296.0
10427452,stimulus_Arg_PISACowsMilk_10_page_6,201.2,389.6,1296.0
10427453,stimulus_Arg_PISACowsMilk_10_page_6,201.2,389.8,1296.0
10427454,stimulus_Arg_PISACowsMilk_10_page_6,201.2,389.9,1297.0
10427455,stimulus_Arg_PISACowsMilk_10_page_6,201.2,389.8,1297.0
10427456,stimulus_Arg_PISACowsMilk_10_page_6,201.5,389.9,1297.0
10427457,stimulus_Arg_PISACowsMilk_10_page_6,201.8,390.2,1297.0
10427458,stimulus_Arg_PISACowsMilk_10_page_6,202.1,390.6,1297.0
10427459,stimulus_Arg_PISACowsMilk_10_page_6,201.8,390.8,1298.0
10427460,stimulus_Arg_PISACowsMilk_10_page_6,201.5,390.6,1299.0
10427461,stimulus_Arg_PISACowsMilk_10_page_6,201.2,390.4,1299.0
10427462,stimulus_Arg_PISACowsMilk_10_page_6,201.4,390.2,1298.0
10427463,stimulus_Arg_PISACowsMilk_10_page_6,201.6,390.1,1298.0
10427464,stimulus_Arg_PISACowsMilk_10_page_6,201.7,390.1,1298.0
10427465,stimulus_Arg_PISACowsMilk_10_page_6,201.7,390.1,1299.0
10427466,stimulus_Arg_PISACowsMilk_10_page_6,201.7,390.5,1299.0
10427467,stimulus_Arg_PISACowsMilk_10_page_6,201.6,390.9,1299.0
10427468,stimulus_Arg_PISACowsMilk_10_page_6,201.5,391.4,1299.0
10427469,stimulus_Arg_PISACowsMilk_10_page_6,201.5,391.4,1299.0
10427470,stimulus_Arg_PISACowsMilk_10_page_6,201.5,391.4,1300.0
10427471,stimulus_Arg_PISACowsMilk_10_page_6,201.6,391.3,1301.0
10427472,stimulus_Arg_PISACowsMilk_10_page_6,201.6,391.1,1301.0
10427473,stimulus_Arg_PISACowsMilk_10_page_6,201.6,390.8,1301.0
10427474,stimulus_Arg_PISACowsMilk_10_page_6,201.7,390.7,1301.0
10427475,stimulus_Arg_PISACowsMilk_10_page_6,201.7,390.7,1300.0
10427476,stimulus_Arg_PISACowsMilk_10_page_6,201.8,390.7,1301.0
10427477,stimulus_Arg_PISACowsMilk_10_page_6,201.8,390.7,1302.0
10427478,stimulus_Arg_PISACowsMilk_10_page_6,201.7,391.0,1303.0
10427479,stimulus_Arg_PISACowsMilk_10_page_6,201.7,391.2,1304.0
10427480,stimulus_Arg_PISACowsMilk_10_page_6,201.7,391.6,1304.0
10427481,stimulus_Arg_PISACowsMilk_10_page_6,201.7,391.7,1304.0
10427482,stimulus_Arg_PISACowsMilk_10_page_6,201.7,392.0,1303.0
10427483,stimulus_Arg_PISACowsMilk_10_page_6,201.8,392.2,1303.0
10427484,stimulus_Arg_PISACowsMilk_10_page_6,201.9,392.0,1303.0
10427485,stimulus_Arg_PISACowsMilk_10_page_6,201.9,391.7,1303.0
10427486,stimulus_Arg_PISACowsMilk_10_page_6,202.0,391.3,1303.0
10427487,stimulus_Arg_PISACowsMilk_10_page_6,202.0,391.3,1304.0
10427488,stimulus_Arg_PISACowsMilk_10_page_6,201.9,391.1,1305.0
10427489,stimulus_Arg_PISACowsMilk_10_page_6,201.8,391.1,1306.0
10427490,stimulus_Arg_PISACowsMilk_10_page_6,201.7,391.2,1307.0
10427491,stimulus_Arg_PISACowsMilk_10_page_6,201.7,391.4,1308.0
10427492,stimulus_Arg_PISACowsMilk_10_page_6,201.7,391.6,1308.0
10427493,stimulus_Arg_PISACowsMilk_10_page_6,201.9,391.7,1308.0
10427494,stimulus_Arg_PISACowsMilk_10_page_6,202.1,391.7,1307.0
10427495,stimulus_Arg_PISACowsMilk_10_page_6,202.2,391.6,1306.0
10427496,stimulus_Arg_PISACowsMilk_10_page_6,202.2,391.6,1306.0
10427497,stimulus_Arg_PISACowsMilk_10_page_6,202.1,391.6,1307.0
10427498,stimulus_Arg_PISACowsMilk_10_page_6,201.8,391.8,1309.0
10427499,stimulus_Arg_PISACowsMilk_10_page_6,201.6,391.9,1310.0
10427500,stimulus_Arg_PISACowsMilk_10_page_6,201.6,391.8,1310.0
10427501,stimulus_Arg_PISACowsMilk_10_page_6,201.7,391.6,1310.0
10427502,stimulus_Arg_PISACowsMilk_10_page_6,201.8,391.5,1310.0
10427503,stimulus_Arg_PISACowsMilk_10_page_6,201.8,391.7,1310.0
10427504,stimulus_Arg_PISACowsMilk_10_page_6,202.0,391.9,1310.0
10427505,stimulus_Arg_PISACowsMilk_10_page_6,202.2,391.9,1311.0
10427506,stimulus_Arg_PISACowsMilk_10_page_6,202.4,391.9,1311.0
10427507,stimulus_Arg_PISACowsMilk_10_page_6,202.4,391.8,1311.0
10427508,stimulus_Arg_PISACowsMilk_10_page_6,202.3,391.7,1311.0
10427509,stimulus_Arg_PISACowsMilk_10_page_6,202.2,391.7,1311.0
10427510,stimulus_Arg_PISACowsMilk_10_page_6,202.0,391.7,1311.0
10427511,stimulus_Arg_PISACowsMilk_10_page_6,202.1,391.8,1311.0
10427512,stimulus_Arg_PISACowsMilk_10_page_6,202.2,391.7,1312.0
10427513,stimulus_Arg_PISACowsMilk_10_page_6,202.1,391.7,1313.0
10427514,stimulus_Arg_PISACowsMilk_10_page_6,202.0,391.6,1314.0
10427515,stimulus_Arg_PISACowsMilk_10_page_6,201.8,391.5,1314.0
10427516,stimulus_Arg_PISACowsMilk_10_page_6,201.7,391.4,1314.0
10427517,stimulus_Arg_PISACowsMilk_10_page_6,201.6,391.3,1314.0
10427518,stimulus_Arg_PISACowsMilk_10_page_6,201.6,391.3,1315.0
10427519,stimulus_Arg_PISACowsMilk_10_page_6,201.6,391.4,1315.0
10427520,stimulus_Arg_PISACowsMilk_10_page_6,201.6,391.4,1316.0
10427521,stimulus_Arg_PISACowsMilk_10_page_6,201.5,391.5,1318.0
10427522,stimulus_Arg_PISACowsMilk_10_page_6,201.3,391.6,1317.0
10427523,stimulus_Arg_PISACowsMilk_10_page_6,201.1,391.7,1316.0
10427524,stimulus_Arg_PISACowsMilk_10_page_6,201.1,391.8,1314.0
10427525,stimulus_Arg_PISACowsMilk_10_page_6,201.1,391.8,1315.0
10427526,stimulus_Arg_PISACowsMilk_10_page_6,201.2,391.7,1316.0
10427527,stimulus_Arg_PISACowsMilk_10_page_6,201.3,391.8,1317.0
10427528,stimulus_Arg_PISACowsMilk_10_page_6,201.4,392.0,1317.0
10427529,stimulus_Arg_PISACowsMilk_10_page_6,201.4,392.3,1318.0
10427530,stimulus_Arg_PISACowsMilk_10_page_6,201.2,392.5,1318.0
10427531,stimulus_Arg_PISACowsMilk_10_page_6,201.4,392.6,1319.0
10427532,stimulus_Arg_PISACowsMilk_10_page_6,201.7,392.7,1320.0
10427533,stimulus_Arg_PISACowsMilk_10_page_6,202.0,392.7,1320.0
10427534,stimulus_Arg_PISACowsMilk_10_page_6,201.9,392.7,1320.0
10427535,stimulus_Arg_PISACowsMilk_10_page_6,202.0,392.4,1319.0
10427536,stimulus_Arg_PISACowsMilk_10_page_6,202.0,392.1,1319.0
10427537,stimulus_Arg_PISACowsMilk_10_page_6,201.9,391.9,1320.0
10427538,stimulus_Arg_PISACowsMilk_10_page_6,202.0,391.9,1320.0
10427539,stimulus_Arg_PISACowsMilk_10_page_6,202.0,391.9,1320.0
10427540,stimulus_Arg_PISACowsMilk_10_page_6,202.1,391.8,1320.0
10427541,stimulus_Arg_PISACowsMilk_10_page_6,202.2,391.9,1319.0
10427542,stimulus_Arg_PISACowsMilk_10_page_6,202.5,392.1,1320.0
10427543,stimulus_Arg_PISACowsMilk_10_page_6,202.8,392.2,1321.0
10427544,stimulus_Arg_PISACowsMilk_10_page_6,202.7,392.3,1322.0
10427545,stimulus_Arg_PISACowsMilk_10_page_6,202.4,392.2,1322.0
10427546,stimulus_Arg_PISACowsMilk_10_page_6,202.2,392.2,1322.0
10427547,stimulus_Arg_PISACowsMilk_10_page_6,202.1,392.1,1322.0
10427548,stimulus_Arg_PISACowsMilk_10_page_6,202.0,391.9,1322.0
10427549,stimulus_Arg_PISACowsMilk_10_page_6,202.2,391.8,1323.0
10427550,stimulus_Arg_PISACowsMilk_10_page_6,202.3,392.0,1323.0
10427551,stimulus_Arg_PISACowsMilk_10_page_6,202.5,392.3,1325.0
10427552,stimulus_Arg_PISACowsMilk_10_page_6,202.4,392.6,1326.0
10427553,stimulus_Arg_PISACowsMilk_10_page_6,202.4,392.5,1326.0
10427554,stimulus_Arg_PISACowsMilk_10_page_6,202.6,392.0,1325.0
10427555,stimulus_Arg_PISACowsMilk_10_page_6,202.9,391.4,1325.0
10427556,stimulus_Arg_PISACowsMilk_10_page_6,203.1,390.8,1326.0
10427557,stimulus_Arg_PISACowsMilk_10_page_6,203.2,390.9,1326.0
10427558,stimulus_Arg_PISACowsMilk_10_page_6,202.9,391.0,1326.0
10427559,stimulus_Arg_PISACowsMilk_10_page_6,202.7,391.3,1326.0
10427560,stimulus_Arg_PISACowsMilk_10_page_6,202.6,391.4,1327.0
10427561,stimulus_Arg_PISACowsMilk_10_page_6,202.6,391.4,1327.0
10427562,stimulus_Arg_PISACowsMilk_10_page_6,202.7,391.3,1327.0
10427563,stimulus_Arg_PISACowsMilk_10_page_6,202.9,391.4,1328.0
10427564,stimulus_Arg_PISACowsMilk_10_page_6,203.0,391.5,1328.0
10427565,stimulus_Arg_PISACowsMilk_10_page_6,203.1,391.5,1329.0
10427566,stimulus_Arg_PISACowsMilk_10_page_6,203.3,391.5,1329.0
10427567,stimulus_Arg_PISACowsMilk_10_page_6,203.6,391.4,1329.0
10427568,stimulus_Arg_PISACowsMilk_10_page_6,203.8,391.4,1329.0
10427569,stimulus_Arg_PISACowsMilk_10_page_6,203.6,391.3,1329.0
10427570,stimulus_Arg_PISACowsMilk_10_page_6,203.5,391.2,1331.0
10427571,stimulus_Arg_PISACowsMilk_10_page_6,203.5,391.2,1332.0
10427572,stimulus_Arg_PISACowsMilk_10_page_6,203.6,391.2,1333.0
10427573,stimulus_Arg_PISACowsMilk_10_page_6,203.6,391.3,1333.0
10427574,stimulus_Arg_PISACowsMilk_10_page_6,203.7,391.7,1333.0
10427575,stimulus_Arg_PISACowsMilk_10_page_6,203.9,392.1,1332.0
10427576,stimulus_Arg_PISACowsMilk_10_page_6,204.1,392.5,1332.0
10427577,stimulus_Arg_PISACowsMilk_10_page_6,204.3,392.6,1332.0
10427578,stimulus_Arg_PISACowsMilk_10_page_6,204.3,392.6,1332.0
10427579,stimulus_Arg_PISACowsMilk_10_page_6,204.3,392.5,1332.0
10427580,stimulus_Arg_PISACowsMilk_10_page_6,204.4,392.5,1333.0
10427581,stimulus_Arg_PISACowsMilk_10_page_6,204.4,392.5,1333.0
10427582,stimulus_Arg_PISACowsMilk_10_page_6,204.5,392.2,1333.0
10427583,stimulus_Arg_PISACowsMilk_10_page_6,204.5,392.0,1333.0
10427584,stimulus_Arg_PISACowsMilk_10_page_6,204.6,391.9,1333.0
10427585,stimulus_Arg_PISACowsMilk_10_page_6,204.5,391.9,1334.0
10427586,stimulus_Arg_PISACowsMilk_10_page_6,204.4,391.8,1334.0
10427587,stimulus_Arg_PISACowsMilk_10_page_6,204.4,391.9,1334.0
10427588,stimulus_Arg_PISACowsMilk_10_page_6,204.4,392.0,1334.0
10427589,stimulus_Arg_PISACowsMilk_10_page_6,204.5,392.0,1335.0
10427590,stimulus_Arg_PISACowsMilk_10_page_6,204.5,391.7,1335.0
10427591,stimulus_Arg_PISACowsMilk_10_page_6,204.6,391.5,1335.0
10427592,stimulus_Arg_PISACowsMilk_10_page_6,204.7,391.5,1334.0
10427593,stimulus_Arg_PISACowsMilk_10_page_6,204.8,391.5,1335.0
10427594,stimulus_Arg_PISACowsMilk_10_page_6,204.9,391.5,1335.0
10427595,stimulus_Arg_PISACowsMilk_10_page_6,204.9,391.5,1335.0
10427596,stimulus_Arg_PISACowsMilk_10_page_6,204.9,391.5,1335.0
10427597,stimulus_Arg_PISACowsMilk_10_page_6,205.0,391.5,1334.0
10427598,stimulus_Arg_PISACowsMilk_10_page_6,205.0,391.6,1334.0
10427599,stimulus_Arg_PISACowsMilk_10_page_6,205.0,391.8,1333.0
10427600,stimulus_Arg_PISACowsMilk_10_page_6,205.0,392.0,1333.0
10427601,stimulus_Arg_PISACowsMilk_10_page_6,204.8,392.4,1333.0
10427602,stimulus_Arg_PISACowsMilk_10_page_6,204.6,392.7,1333.0
10427603,stimulus_Arg_PISACowsMilk_10_page_6,204.4,393.0,1333.0
10427604,stimulus_Arg_PISACowsMilk_10_page_6,204.2,393.1,1333.0
10427605,stimulus_Arg_PISACowsMilk_10_page_6,204.0,393.6,1333.0
10427606,stimulus_Arg_PISACowsMilk_10_page_6,203.9,394.0,1333.0
10427607,stimulus_Arg_PISACowsMilk_10_page_6,203.7,394.3,1334.0
10427608,stimulus_Arg_PISACowsMilk_10_page_6,203.4,394.8,1334.0
10427609,stimulus_Arg_PISACowsMilk_10_page_6,203.3,395.3,1335.0
10427610,stimulus_Arg_PISACowsMilk_10_page_6,202.9,396.8,1333.0
10427611,stimulus_Arg_PISACowsMilk_10_page_6,202.6,398.3,1331.0
10427612,stimulus_Arg_PISACowsMilk_10_page_6,202.0,400.7,1330.0
10427613,stimulus_Arg_PISACowsMilk_10_page_6,201.7,402.3,1330.0
10427614,stimulus_Arg_PISACowsMilk_10_page_6,201.5,404.6,1331.0
10427615,stimulus_Arg_PISACowsMilk_10_page_6,201.6,405.8,1330.0
10427616,stimulus_Arg_PISACowsMilk_10_page_6,201.6,407.7,1331.0
10427617,stimulus_Arg_PISACowsMilk_10_page_6,201.5,409.0,1331.0
10427618,stimulus_Arg_PISACowsMilk_10_page_6,201.3,410.7,1331.0
10427619,stimulus_Arg_PISACowsMilk_10_page_6,200.7,411.7,1332.0
10427620,stimulus_Arg_PISACowsMilk_10_page_6,200.1,412.6,1334.0
10427621,stimulus_Arg_PISACowsMilk_10_page_6,199.6,413.2,1336.0
10427622,stimulus_Arg_PISACowsMilk_10_page_6,199.9,414.2,1337.0
10427623,stimulus_Arg_PISACowsMilk_10_page_6,200.3,415.0,1337.0
10427624,stimulus_Arg_PISACowsMilk_10_page_6,201.3,416.2,1337.0
10427625,stimulus_Arg_PISACowsMilk_10_page_6,202.2,417.2,1337.0
10427626,stimulus_Arg_PISACowsMilk_10_page_6,203.7,418.9,1337.0
10427627,stimulus_Arg_PISACowsMilk_10_page_6,205.3,420.9,1337.0
10427628,stimulus_Arg_PISACowsMilk_10_page_6,206.7,422.5,1336.0
10427629,stimulus_Arg_PISACowsMilk_10_page_6,207.8,423.3,1336.0
10427630,stimulus_Arg_PISACowsMilk_10_page_6,208.7,422.4,1339.0
10427631,stimulus_Arg_PISACowsMilk_10_page_6,212.7,413.4,1355.0
10427632,stimulus_Arg_PISACowsMilk_10_page_6,216.6,404.5,1371.0
10427633,stimulus_Arg_PISACowsMilk_10_page_6,219.3,402.5,1378.0
10427634,stimulus_Arg_PISACowsMilk_10_page_6,217.7,418.4,1358.0
10427635,stimulus_Arg_PISACowsMilk_10_page_6,214.3,444.5,1319.0
10427636,stimulus_Arg_PISACowsMilk_10_page_6,209.7,476.1,1268.0
10427637,stimulus_Arg_PISACowsMilk_10_page_6,204.1,511.7,1209.0
10427638,stimulus_Arg_PISACowsMilk_10_page_6,196.7,550.9,1148.0
10427639,stimulus_Arg_PISACowsMilk_10_page_6,189.3,593.0,1079.0
10427640,stimulus_Arg_PISACowsMilk_10_page_6,182.5,634.9,1009.0
10427641,stimulus_Arg_PISACowsMilk_10_page_6,176.5,677.3,939.0
10427642,stimulus_Arg_PISACowsMilk_10_page_6,171.3,718.4,868.0
10427643,stimulus_Arg_PISACowsMilk_10_page_6,166.2,761.5,797.0
10427644,stimulus_Arg_PISACowsMilk_10_page_6,161.2,805.1,725.0
10427645,stimulus_Arg_PISACowsMilk_10_page_6,156.7,849.1,653.0
10427646,stimulus_Arg_PISACowsMilk_10_page_6,152.9,890.4,584.0
10427647,stimulus_Arg_PISACowsMilk_10_page_6,150.2,929.8,515.0
10427648,stimulus_Arg_PISACowsMilk_10_page_6,149.2,969.3,448.0
10427649,stimulus_Arg_PISACowsMilk_10_page_6,149.4,996.3,403.0
10427650,stimulus_Arg_PISACowsMilk_10_page_6,150.1,1010.2,379.0
10427651,stimulus_Arg_PISACowsMilk_10_page_6,150.1,1010.2,379.0
10427652,stimulus_Arg_PISACowsMilk_10_page_6,,,0.0
10427653,stimulus_Arg_PISACowsMilk_10_page_6,,,0.0
10427654,stimulus_Arg_PISACowsMilk_10_page_6,,,0.0
10427655,stimulus_Arg_PISACowsMilk_10_page_6,,,0.0
10427656,stimulus_Arg_PISACowsMilk_10_page_6,,,0.0
10427657,stimulus_Arg_PISACowsMilk_10_page_6,,,0.0
10427658,stimulus_Arg_PISACowsMilk_10_page_6,,,0.0
10427659,stimulus_Arg_PISACowsMilk_10_page_6,,,0.0
10427660,stimulus_Arg_PISACowsMilk_10_page_6,,,0.0
10427661,stimulus_Arg_PISACowsMilk_10_page_6,,,0.0
10427662,stimulus_Arg_PISACowsMilk_10_page_6,,,0.0
10427663,stimulus_Arg_PISACowsMilk_10_page_6,,,0.0
10427664,stimulus_Arg_PISACowsMilk_10_page_6,,,0.0
10427665,stimulus_Arg_PISACowsMilk_10_page_6,,,0.0
10427666,stimulus_Arg_PISACowsMilk_10_page_6,,,0.0
10427667,stimulus_Arg_PISACowsMilk_10_page_6,,,0.0
10427668,stimulus_Arg_PISACowsMilk_10_page_6,,,0.0
10427669,stimulus_Arg_PISACowsMilk_10_page_6,,,0.0
10427670,stimulus_Arg_PISACowsMilk_10_page_6,,,0.0
10427671,stimulus_Arg_PISACowsMilk_10_page_6,,,0.0
10427672,stimulus_Arg_PISACowsMilk_10_page_6,,,0.0
10427673,stimulus_Arg_PISACowsMilk_10_page_6,,,0.0
10427674,stimulus_Arg_PISACowsMilk_10_page_6,,,0.0
10427675,stimulus_Arg_PISACowsMilk_10_page_6,,,0.0
10427676,stimulus_Arg_PISACowsMilk_10_page_6,,,0.0
10427677,stimulus_Arg_PISACowsMilk_10_page_6,,,0.0
10427678,stimulus_Arg_PISACowsMilk_10_page_6,,,0.0
10427679,stimulus_Arg_PISACowsMilk_10_page_6,,,0.0
10427680,stimulus_Arg_PISACowsMilk_10_page_6,,,0.0
10427681,stimulus_Arg_PISACowsMilk_10_page_6,,,0.0
10427682,stimulus_Arg_PISACowsMilk_10_page_6,,,0.0
10427683,stimulus_Arg_PISACowsMilk_10_page_6,,,0.0
10427684,stimulus_Arg_PISACowsMilk_10_page_6,,,0.0
10427685,stimulus_Arg_PISACowsMilk_10_page_6,,,0.0
10427686,stimulus_Arg_PISACowsMilk_10_page_6,,,0.0
10427687,stimulus_Arg_PISACowsMilk_10_page_6,,,0.0
10427688,stimulus_Arg_PISACowsMilk_10_page_6,,,0.0
10427689,stimulus_Arg_PISACowsMilk_10_page_6,,,0.0
10427690,stimulus_Arg_PISACowsMilk_10_page_6,,,0.0
10427691,stimulus_Arg_PISACowsMilk_10_page_6,,,0.0
10427692,stimulus_Arg_PISACowsMilk_10_page_6,,,0.0
10427693,stimulus_Arg_PISACowsMilk_10_page_6,,,0.0
10427694,stimulus_Arg_PISACowsMilk_10_page_6,,,0.0
10427695,stimulus_Arg_PISACowsMilk_10_page_6,,,0.0
10427696,stimulus_Arg_PISACowsMilk_10_page_6,,,0.0
10427697,stimulus_Arg_PISACowsMilk_10_page_6,,,0.0
10427698,stimulus_Arg_PISACowsMilk_10_page_6,,,0.0
10427699,stimulus_Arg_PISACowsMilk_10_page_6,,,0.0
10427700,stimulus_Arg_PISACowsMilk_10_page_6,,,0.0
10427701,stimulus_Arg_PISACowsMilk_10_page_6,,,0.0
10427702,stimulus_Arg_PISACowsMilk_10_page_6,120.6,918.1,371.0
10427703,stimulus_Arg_PISACowsMilk_10_page_6,120.6,918.1,371.0
10427704,stimulus_Arg_PISACowsMilk_10_page_6,126.5,910.0,387.0
10427705,stimulus_Arg_PISACowsMilk_10_page_6,136.9,893.7,418.0
10427706,stimulus_Arg_PISACowsMilk_10_page_6,150.5,869.7,465.0
10427707,stimulus_Arg_PISACowsMilk_10_page_6,160.2,846.5,511.0
10427708,stimulus_Arg_PISACowsMilk_10_page_6,167.9,823.7,556.0
10427709,stimulus_Arg_PISACowsMilk_10_page_6,175.3,800.7,600.0
10427710,stimulus_Arg_PISACowsMilk_10_page_6,181.5,777.7,641.0
10427711,stimulus_Arg_PISACowsMilk_10_page_6,187.2,755.5,679.0
10427712,stimulus_Arg_PISACowsMilk_10_page_6,190.6,734.9,714.0
10427713,stimulus_Arg_PISACowsMilk_10_page_6,194.5,714.6,750.0
10427714,stimulus_Arg_PISACowsMilk_10_page_6,198.0,693.5,787.0
10427715,stimulus_Arg_PISACowsMilk_10_page_6,201.6,671.6,823.0
10427716,stimulus_Arg_PISACowsMilk_10_page_6,204.8,649.9,860.0
10427717,stimulus_Arg_PISACowsMilk_10_page_6,208.0,629.1,893.0
10427718,stimulus_Arg_PISACowsMilk_10_page_6,212.6,609.0,927.0
10427719,stimulus_Arg_PISACowsMilk_10_page_6,218.2,589.1,961.0
10427720,stimulus_Arg_PISACowsMilk_10_page_6,225.2,569.6,999.0
10427721,stimulus_Arg_PISACowsMilk_10_page_6,231.0,549.5,1040.0
10427722,stimulus_Arg_PISACowsMilk_10_page_6,236.7,529.2,1077.0
10427723,stimulus_Arg_PISACowsMilk_10_page_6,241.1,510.0,1106.0
10427724,stimulus_Arg_PISACowsMilk_10_page_6,244.6,493.8,1133.0
10427725,stimulus_Arg_PISACowsMilk_10_page_6,247.3,478.0,1160.0
10427726,stimulus_Arg_PISACowsMilk_10_page_6,249.4,463.1,1189.0
10427727,stimulus_Arg_PISACowsMilk_10_page_6,252.3,448.1,1214.0
10427728,stimulus_Arg_PISACowsMilk_10_page_6,255.3,434.4,1236.0
10427729,stimulus_Arg_PISACowsMilk_10_page_6,258.5,421.1,1257.0
10427730,stimulus_Arg_PISACowsMilk_10_page_6,260.7,408.4,1277.0
10427731,stimulus_Arg_PISACowsMilk_10_page_6,262.6,396.8,1293.0
10427732,stimulus_Arg_PISACowsMilk_10_page_6,264.1,386.3,1308.0
10427733,stimulus_Arg_PISACowsMilk_10_page_6,264.7,377.2,1318.0
10427734,stimulus_Arg_PISACowsMilk_10_page_6,263.5,370.6,1328.0
10427735,stimulus_Arg_PISACowsMilk_10_page_6,262.0,365.5,1334.0
10427736,stimulus_Arg_PISACowsMilk_10_page_6,261.2,360.8,1343.0
10427737,stimulus_Arg_PISACowsMilk_10_page_6,261.3,356.6,1348.0
10427738,stimulus_Arg_PISACowsMilk_10_page_6,261.4,353.6,1353.0
10427739,stimulus_Arg_PISACowsMilk_10_page_6,261.0,352.4,1352.0
10427740,stimulus_Arg_PISACowsMilk_10_page_6,259.6,353.8,1348.0
10427741,stimulus_Arg_PISACowsMilk_10_page_6,257.3,357.8,1342.0
10427742,stimulus_Arg_PISACowsMilk_10_page_6,254.9,364.7,1336.0
10427743,stimulus_Arg_PISACowsMilk_10_page_6,253.2,370.7,1329.0
10427744,stimulus_Arg_PISACowsMilk_10_page_6,252.3,375.8,1325.0
10427745,stimulus_Arg_PISACowsMilk_10_page_6,251.7,378.9,1321.0
10427746,stimulus_Arg_PISACowsMilk_10_page_6,251.2,380.8,1319.0
10427747,stimulus_Arg_PISACowsMilk_10_page_6,250.7,381.8,1318.0
10427748,stimulus_Arg_PISACowsMilk_10_page_6,250.6,382.2,1317.0
10427749,stimulus_Arg_PISACowsMilk_10_page_6,250.5,382.4,1316.0
10427750,stimulus_Arg_PISACowsMilk_10_page_6,250.4,382.4,1318.0
10427751,stimulus_Arg_PISACowsMilk_10_page_6,250.3,382.4,1319.0
10427752,stimulus_Arg_PISACowsMilk_10_page_6,250.2,382.4,1321.0
10427753,stimulus_Arg_PISACowsMilk_10_page_6,250.2,382.4,1321.0
10427754,stimulus_Arg_PISACowsMilk_10_page_6,250.1,382.5,1320.0
10427755,stimulus_Arg_PISACowsMilk_10_page_6,249.9,382.8,1319.0
10427756,stimulus_Arg_PISACowsMilk_10_page_6,249.8,382.9,1318.0
10427757,stimulus_Arg_PISACowsMilk_10_page_6,249.7,382.8,1318.0
10427758,stimulus_Arg_PISACowsMilk_10_page_6,249.4,382.5,1317.0
10427759,stimulus_Arg_PISACowsMilk_10_page_6,249.1,382.1,1317.0
10427760,stimulus_Arg_PISACowsMilk_10_page_6,248.9,381.6,1316.0
10427761,stimulus_Arg_PISACowsMilk_10_page_6,248.9,381.3,1316.0
10427762,stimulus_Arg_PISACowsMilk_10_page_6,248.8,381.2,1315.0
10427763,stimulus_Arg_PISACowsMilk_10_page_6,248.5,381.3,1315.0
10427764,stimulus_Arg_PISACowsMilk_10_page_6,248.1,381.4,1315.0
10427765,stimulus_Arg_PISACowsMilk_10_page_6,248.0,381.5,1314.0
10427766,stimulus_Arg_PISACowsMilk_10_page_6,248.2,381.7,1314.0
10427767,stimulus_Arg_PISACowsMilk_10_page_6,248.3,382.0,1313.0
10427768,stimulus_Arg_PISACowsMilk_10_page_6,248.2,382.2,1312.0
10427769,stimulus_Arg_PISACowsMilk_10_page_6,248.2,382.2,1311.0
10427770,stimulus_Arg_PISACowsMilk_10_page_6,248.2,382.0,1311.0
10427771,stimulus_Arg_PISACowsMilk_10_page_6,248.2,381.9,1310.0
10427772,stimulus_Arg_PISACowsMilk_10_page_6,247.8,382.0,1309.0
10427773,stimulus_Arg_PISACowsMilk_10_page_6,247.4,382.1,1308.0
10427774,stimulus_Arg_PISACowsMilk_10_page_6,247.2,382.3,1308.0
10427775,stimulus_Arg_PISACowsMilk_10_page_6,247.3,382.4,1308.0
10427776,stimulus_Arg_PISACowsMilk_10_page_6,247.2,382.4,1308.0
10427777,stimulus_Arg_PISACowsMilk_10_page_6,246.9,382.4,1307.0
10427778,stimulus_Arg_PISACowsMilk_10_page_6,246.7,382.3,1307.0
10427779,stimulus_Arg_PISACowsMilk_10_page_6,246.4,382.2,1307.0
10427780,stimulus_Arg_PISACowsMilk_10_page_6,246.2,382.1,1308.0
10427781,stimulus_Arg_PISACowsMilk_10_page_6,246.1,382.1,1308.0
10427782,stimulus_Arg_PISACowsMilk_10_page_6,246.4,382.2,1309.0
10427783,stimulus_Arg_PISACowsMilk_10_page_6,246.6,382.2,1309.0
10427784,stimulus_Arg_PISACowsMilk_10_page_6,246.6,382.3,1309.0
10427785,stimulus_Arg_PISACowsMilk_10_page_6,246.6,382.3,1308.0
10427786,stimulus_Arg_PISACowsMilk_10_page_6,246.6,382.2,1308.0
10427787,stimulus_Arg_PISACowsMilk_10_page_6,246.6,382.1,1308.0
10427788,stimulus_Arg_PISACowsMilk_10_page_6,246.7,382.1,1308.0
10427789,stimulus_Arg_PISACowsMilk_10_page_6,246.3,382.0,1307.0
10427790,stimulus_Arg_PISACowsMilk_10_page_6,246.0,381.8,1307.0
10427791,stimulus_Arg_PISACowsMilk_10_page_6,245.6,381.7,1307.0
10427792,stimulus_Arg_PISACowsMilk_10_page_6,245.7,381.5,1307.0
10427793,stimulus_Arg_PISACowsMilk_10_page_6,245.7,381.4,1307.0
10427794,stimulus_Arg_PISACowsMilk_10_page_6,245.7,381.5,1306.0
10427795,stimulus_Arg_PISACowsMilk_10_page_6,245.8,381.7,1306.0
10427796,stimulus_Arg_PISACowsMilk_10_page_6,245.9,382.1,1306.0
10427797,stimulus_Arg_PISACowsMilk_10_page_6,246.0,382.3,1306.0
10427798,stimulus_Arg_PISACowsMilk_10_page_6,246.1,382.1,1306.0
10427799,stimulus_Arg_PISACowsMilk_10_page_6,246.2,381.9,1306.0
10427800,stimulus_Arg_PISACowsMilk_10_page_6,246.4,381.7,1306.0
10427801,stimulus_Arg_PISACowsMilk_10_page_6,246.5,381.8,1306.0
10427802,stimulus_Arg_PISACowsMilk_10_page_6,246.6,382.0,1306.0
10427803,stimulus_Arg_PISACowsMilk_10_page_6,246.5,382.1,1307.0
10427804,stimulus_Arg_PISACowsMilk_10_page_6,246.3,382.2,1307.0
10427805,stimulus_Arg_PISACowsMilk_10_page_6,246.2,382.2,1307.0
10427806,stimulus_Arg_PISACowsMilk_10_page_6,246.1,382.2,1307.0
10427807,stimulus_Arg_PISACowsMilk_10_page_6,246.0,382.1,1307.0
10427808,stimulus_Arg_PISACowsMilk_10_page_6,245.9,381.9,1307.0
10427809,stimulus_Arg_PISACowsMilk_10_page_6,245.8,381.7,1307.0
10427810,stimulus_Arg_PISACowsMilk_10_page_6,245.8,381.6,1308.0
10427811,stimulus_Arg_PISACowsMilk_10_page_6,245.8,381.5,1309.0
10427812,stimulus_Arg_PISACowsMilk_10_page_6,245.9,381.5,1309.0
10427813,stimulus_Arg_PISACowsMilk_10_page_6,245.9,381.7,1310.0
10427814,stimulus_Arg_PISACowsMilk_10_page_6,246.0,381.9,1309.0
10427815,stimulus_Arg_PISACowsMilk_10_page_6,246.0,382.0,1309.0
10427816,stimulus_Arg_PISACowsMilk_10_page_6,246.1,381.9,1309.0
10427817,stimulus_Arg_PISACowsMilk_10_page_6,245.9,381.9,1309.0
10427818,stimulus_Arg_PISACowsMilk_10_page_6,245.7,382.0,1310.0
10427819,stimulus_Arg_PISACowsMilk_10_page_6,245.3,382.1,1310.0
10427820,stimulus_Arg_PISACowsMilk_10_page_6,245.2,382.3,1310.0
10427821,stimulus_Arg_PISACowsMilk_10_page_6,245.3,382.4,1310.0
10427822,stimulus_Arg_PISACowsMilk_10_page_6,245.6,382.6,1310.0
10427823,stimulus_Arg_PISACowsMilk_10_page_6,245.7,382.7,1310.0
10427824,stimulus_Arg_PISACowsMilk_10_page_6,245.5,382.8,1310.0
10427825,stimulus_Arg_PISACowsMilk_10_page_6,245.4,383.0,1310.0
10427826,stimulus_Arg_PISACowsMilk_10_page_6,245.6,383.0,1310.0
10427827,stimulus_Arg_PISACowsMilk_10_page_6,245.5,382.7,1309.0
10427828,stimulus_Arg_PISACowsMilk_10_page_6,245.2,382.4,1309.0
10427829,stimulus_Arg_PISACowsMilk_10_page_6,245.0,382.3,1310.0
10427830,stimulus_Arg_PISACowsMilk_10_page_6,245.0,382.2,1310.0
10427831,stimulus_Arg_PISACowsMilk_10_page_6,245.1,382.2,1310.0
10427832,stimulus_Arg_PISACowsMilk_10_page_6,245.2,382.2,1310.0
10427833,stimulus_Arg_PISACowsMilk_10_page_6,245.2,382.3,1309.0
10427834,stimulus_Arg_PISACowsMilk_10_page_6,245.1,382.4,1310.0
10427835,stimulus_Arg_PISACowsMilk_10_page_6,245.0,382.4,1310.0
10427836,stimulus_Arg_PISACowsMilk_10_page_6,244.9,382.2,1310.0
10427837,stimulus_Arg_PISACowsMilk_10_page_6,245.0,382.1,1310.0
10427838,stimulus_Arg_PISACowsMilk_10_page_6,245.1,382.1,1309.0
10427839,stimulus_Arg_PISACowsMilk_10_page_6,245.1,382.2,1310.0
10427840,stimulus_Arg_PISACowsMilk_10_page_6,245.1,382.2,1310.0
10427841,stimulus_Arg_PISACowsMilk_10_page_6,245.1,382.3,1309.0
10427842,stimulus_Arg_PISACowsMilk_10_page_6,245.0,382.4,1309.0
10427843,stimulus_Arg_PISACowsMilk_10_page_6,244.8,382.5,1309.0
10427844,stimulus_Arg_PISACowsMilk_10_page_6,244.6,382.5,1309.0
10427845,stimulus_Arg_PISACowsMilk_10_page_6,244.4,382.4,1309.0
10427846,stimulus_Arg_PISACowsMilk_10_page_6,244.3,382.5,1310.0
10427847,stimulus_Arg_PISACowsMilk_10_page_6,244.2,382.5,1310.0
10427848,stimulus_Arg_PISACowsMilk_10_page_6,244.2,382.5,1310.0
10427849,stimulus_Arg_PISACowsMilk_10_page_6,244.1,382.6,1310.0
10427850,stimulus_Arg_PISACowsMilk_10_page_6,244.0,382.4,1310.0
10427851,stimulus_Arg_PISACowsMilk_10_page_6,244.0,382.1,1310.0
10427852,stimulus_Arg_PISACowsMilk_10_page_6,244.0,381.8,1310.0
10427853,stimulus_Arg_PISACowsMilk_10_page_6,243.9,381.7,1310.0
10427854,stimulus_Arg_PISACowsMilk_10_page_6,243.8,381.6,1309.0
10427855,stimulus_Arg_PISACowsMilk_10_page_6,243.7,381.5,1309.0
10427856,stimulus_Arg_PISACowsMilk_10_page_6,243.6,381.5,1309.0
10427857,stimulus_Arg_PISACowsMilk_10_page_6,243.6,381.5,1309.0
10427858,stimulus_Arg_PISACowsMilk_10_page_6,243.7,381.3,1309.0
10427859,stimulus_Arg_PISACowsMilk_10_page_6,243.8,381.1,1309.0
10427860,stimulus_Arg_PISACowsMilk_10_page_6,243.9,381.0,1309.0
10427861,stimulus_Arg_PISACowsMilk_10_page_6,243.9,381.1,1308.0
10427862,stimulus_Arg_PISACowsMilk_10_page_6,243.6,381.2,1308.0
10427863,stimulus_Arg_PISACowsMilk_10_page_6,243.4,381.0,1308.0
10427864,stimulus_Arg_PISACowsMilk_10_page_6,243.2,380.8,1308.0
10427865,stimulus_Arg_PISACowsMilk_10_page_6,243.3,380.6,1307.0
10427866,stimulus_Arg_PISACowsMilk_10_page_6,243.4,380.6,1307.0
10427867,stimulus_Arg_PISACowsMilk_10_page_6,243.3,380.5,1307.0
10427868,stimulus_Arg_PISACowsMilk_10_page_6,243.1,380.4,1307.0
10427869,stimulus_Arg_PISACowsMilk_10_page_6,243.2,380.4,1307.0
10427870,stimulus_Arg_PISACowsMilk_10_page_6,243.4,380.4,1307.0
10427871,stimulus_Arg_PISACowsMilk_10_page_6,243.5,380.5,1307.0
10427872,stimulus_Arg_PISACowsMilk_10_page_6,243.5,380.4,1307.0
10427873,stimulus_Arg_PISACowsMilk_10_page_6,243.5,380.3,1307.0
10427874,stimulus_Arg_PISACowsMilk_10_page_6,243.6,380.2,1306.0
10427875,stimulus_Arg_PISACowsMilk_10_page_6,243.8,380.0,1306.0
10427876,stimulus_Arg_PISACowsMilk_10_page_6,244.0,379.9,1305.0
10427877,stimulus_Arg_PISACowsMilk_10_page_6,244.1,379.8,1305.0
10427878,stimulus_Arg_PISACowsMilk_10_page_6,244.0,379.8,1306.0
10427879,stimulus_Arg_PISACowsMilk_10_page_6,244.1,379.7,1306.0
10427880,stimulus_Arg_PISACowsMilk_10_page_6,244.1,379.5,1306.0
10427881,stimulus_Arg_PISACowsMilk_10_page_6,244.2,379.3,1307.0
10427882,stimulus_Arg_PISACowsMilk_10_page_6,244.1,379.5,1308.0
10427883,stimulus_Arg_PISACowsMilk_10_page_6,244.1,379.7,1308.0
10427884,stimulus_Arg_PISACowsMilk_10_page_6,244.1,379.7,1307.0
10427885,stimulus_Arg_PISACowsMilk_10_page_6,244.1,379.4,1305.0
10427886,stimulus_Arg_PISACowsMilk_10_page_6,244.1,379.1,1305.0
10427887,stimulus_Arg_PISACowsMilk_10_page_6,244.3,379.1,1305.0
10427888,stimulus_Arg_PISACowsMilk_10_page_6,244.5,379.1,1306.0
10427889,stimulus_Arg_PISACowsMilk_10_page_6,244.8,379.1,1306.0
10427890,stimulus_Arg_PISACowsMilk_10_page_6,244.8,379.2,1307.0
10427891,stimulus_Arg_PISACowsMilk_10_page_6,245.0,379.1,1307.0
10427892,stimulus_Arg_PISACowsMilk_10_page_6,245.2,379.0,1307.0
10427893,stimulus_Arg_PISACowsMilk_10_page_6,245.3,378.8,1307.0
10427894,stimulus_Arg_PISACowsMilk_10_page_6,245.0,378.7,1307.0
10427895,stimulus_Arg_PISACowsMilk_10_page_6,244.7,378.8,1306.0
10427896,stimulus_Arg_PISACowsMilk_10_page_6,244.3,379.0,1304.0
10427897,stimulus_Arg_PISACowsMilk_10_page_6,244.4,379.2,1303.0
10427898,stimulus_Arg_PISACowsMilk_10_page_6,244.6,379.1,1303.0
10427899,stimulus_Arg_PISACowsMilk_10_page_6,244.8,378.8,1303.0
10427900,stimulus_Arg_PISACowsMilk_10_page_6,245.0,378.6,1304.0
10427901,stimulus_Arg_PISACowsMilk_10_page_6,245.1,378.4,1304.0
10427902,stimulus_Arg_PISACowsMilk_10_page_6,245.2,378.4,1305.0
10427903,stimulus_Arg_PISACowsMilk_10_page_6,245.3,378.6,1305.0
10427904,stimulus_Arg_PISACowsMilk_10_page_6,245.4,378.9,1305.0
10427905,stimulus_Arg_PISACowsMilk_10_page_6,245.5,379.2,1304.0
10427906,stimulus_Arg_PISACowsMilk_10_page_6,245.5,379.3,1304.0
10427907,stimulus_Arg_PISACowsMilk_10_page_6,245.5,379.2,1304.0
10427908,stimulus_Arg_PISACowsMilk_10_page_6,245.2,379.1,1304.0
10427909,stimulus_Arg_PISACowsMilk_10_page_6,245.1,379.1,1304.0
10427910,stimulus_Arg_PISACowsMilk_10_page_6,245.0,378.7,1304.0
10427911,stimulus_Arg_PISACowsMilk_10_page_6,245.1,378.2,1304.0
10427912,stimulus_Arg_PISACowsMilk_10_page_6,245.2,377.9,1304.0
10427913,stimulus_Arg_PISACowsMilk_10_page_6,245.1,378.0,1304.0
10427914,stimulus_Arg_PISACowsMilk_10_page_6,245.0,378.0,1304.0
10427915,stimulus_Arg_PISACowsMilk_10_page_6,244.9,378.0,1305.0
10427916,stimulus_Arg_PISACowsMilk_10_page_6,244.9,378.0,1305.0
10427917,stimulus_Arg_PISACowsMilk_10_page_6,244.9,378.1,1304.0
10427918,stimulus_Arg_PISACowsMilk_10_page_6,244.8,378.2,1304.0
10427919,stimulus_Arg_PISACowsMilk_10_page_6,244.8,378.2,1304.0
10427920,stimulus_Arg_PISACowsMilk_10_page_6,244.8,378.3,1304.0
10427921,stimulus_Arg_PISACowsMilk_10_page_6,244.8,378.4,1304.0
10427922,stimulus_Arg_PISACowsMilk_10_page_6,244.8,378.5,1304.0
10427923,stimulus_Arg_PISACowsMilk_10_page_6,244.9,378.4,1305.0
10427924,stimulus_Arg_PISACowsMilk_10_page_6,244.8,378.2,1305.0
10427925,stimulus_Arg_PISACowsMilk_10_page_6,244.7,378.1,1305.0
10427926,stimulus_Arg_PISACowsMilk_10_page_6,244.8,377.9,1305.0
10427927,stimulus_Arg_PISACowsMilk_10_page_6,244.8,377.6,1305.0
10427928,stimulus_Arg_PISACowsMilk_10_page_6,244.8,377.3,1305.0
10427929,stimulus_Arg_PISACowsMilk_10_page_6,244.8,377.3,1306.0
10427930,stimulus_Arg_PISACowsMilk_10_page_6,244.8,377.2,1307.0
10427931,stimulus_Arg_PISACowsMilk_10_page_6,244.9,377.2,1307.0
10427932,stimulus_Arg_PISACowsMilk_10_page_6,245.0,377.2,1307.0
10427933,stimulus_Arg_PISACowsMilk_10_page_6,245.0,377.4,1307.0
10427934,stimulus_Arg_PISACowsMilk_10_page_6,244.9,377.5,1307.0
10427935,stimulus_Arg_PISACowsMilk_10_page_6,244.8,377.6,1307.0
10427936,stimulus_Arg_PISACowsMilk_10_page_6,244.6,377.8,1307.0
10427937,stimulus_Arg_PISACowsMilk_10_page_6,244.3,377.9,1306.0
10427938,stimulus_Arg_PISACowsMilk_10_page_6,244.2,377.8,1306.0
10427939,stimulus_Arg_PISACowsMilk_10_page_6,244.0,377.6,1306.0
10427940,stimulus_Arg_PISACowsMilk_10_page_6,243.9,377.3,1306.0
10427941,stimulus_Arg_PISACowsMilk_10_page_6,243.7,377.1,1307.0
10427942,stimulus_Arg_PISACowsMilk_10_page_6,243.7,376.8,1307.0
10427943,stimulus_Arg_PISACowsMilk_10_page_6,243.5,376.7,1307.0
10427944,stimulus_Arg_PISACowsMilk_10_page_6,243.3,376.5,1307.0
10427945,stimulus_Arg_PISACowsMilk_10_page_6,243.2,376.5,1306.0
10427946,stimulus_Arg_PISACowsMilk_10_page_6,243.3,376.7,1305.0
10427947,stimulus_Arg_PISACowsMilk_10_page_6,243.1,376.9,1305.0
10427948,stimulus_Arg_PISACowsMilk_10_page_6,242.9,377.2,1306.0
10427949,stimulus_Arg_PISACowsMilk_10_page_6,242.7,377.1,1307.0
10427950,stimulus_Arg_PISACowsMilk_10_page_6,242.7,376.8,1308.0
10427951,stimulus_Arg_PISACowsMilk_10_page_6,242.7,376.5,1308.0
10427952,stimulus_Arg_PISACowsMilk_10_page_6,242.8,376.5,1308.0
10427953,stimulus_Arg_PISACowsMilk_10_page_6,242.7,376.7,1308.0
10427954,stimulus_Arg_PISACowsMilk_10_page_6,242.6,377.0,1308.0
10427955,stimulus_Arg_PISACowsMilk_10_page_6,242.5,376.9,1308.0
10427956,stimulus_Arg_PISACowsMilk_10_page_6,242.6,376.8,1308.0
10427957,stimulus_Arg_PISACowsMilk_10_page_6,242.7,376.4,1308.0
10427958,stimulus_Arg_PISACowsMilk_10_page_6,242.9,376.1,1308.0
10427959,stimulus_Arg_PISACowsMilk_10_page_6,243.0,375.8,1308.0
10427960,stimulus_Arg_PISACowsMilk_10_page_6,243.0,375.7,1308.0
10427961,stimulus_Arg_PISACowsMilk_10_page_6,242.9,375.8,1308.0
10427962,stimulus_Arg_PISACowsMilk_10_page_6,242.7,376.0,1309.0
10427963,stimulus_Arg_PISACowsMilk_10_page_6,242.8,376.0,1309.0
10427964,stimulus_Arg_PISACowsMilk_10_page_6,243.0,375.7,1310.0
10427965,stimulus_Arg_PISACowsMilk_10_page_6,243.2,375.4,1309.0
10427966,stimulus_Arg_PISACowsMilk_10_page_6,243.1,375.4,1309.0
10427967,stimulus_Arg_PISACowsMilk_10_page_6,242.9,375.7,1309.0
10427968,stimulus_Arg_PISACowsMilk_10_page_6,243.0,376.2,1309.0
10427969,stimulus_Arg_PISACowsMilk_10_page_6,243.2,376.5,1310.0
10427970,stimulus_Arg_PISACowsMilk_10_page_6,243.4,376.5,1310.0
10427971,stimulus_Arg_PISACowsMilk_10_page_6,243.4,376.4,1311.0
10427972,stimulus_Arg_PISACowsMilk_10_page_6,243.2,376.3,1311.0
10427973,stimulus_Arg_PISACowsMilk_10_page_6,242.9,376.1,1310.0
10427974,stimulus_Arg_PISACowsMilk_10_page_6,242.6,375.8,1310.0
10427975,stimulus_Arg_PISACowsMilk_10_page_6,242.7,375.6,1309.0
10427976,stimulus_Arg_PISACowsMilk_10_page_6,242.8,375.6,1308.0
10427977,stimulus_Arg_PISACowsMilk_10_page_6,243.3,375.7,1307.0
10427978,stimulus_Arg_PISACowsMilk_10_page_6,243.8,375.8,1307.0
10427979,stimulus_Arg_PISACowsMilk_10_page_6,244.2,375.9,1308.0
10427980,stimulus_Arg_PISACowsMilk_10_page_6,244.2,376.2,1308.0
10427981,stimulus_Arg_PISACowsMilk_10_page_6,244.2,376.6,1308.0
10427982,stimulus_Arg_PISACowsMilk_10_page_6,244.3,376.7,1308.0
10427983,stimulus_Arg_PISACowsMilk_10_page_6,244.4,376.4,1308.0
10427984,stimulus_Arg_PISACowsMilk_10_page_6,244.5,376.2,1308.0
10427985,stimulus_Arg_PISACowsMilk_10_page_6,244.5,376.6,1308.0
10427986,stimulus_Arg_PISACowsMilk_10_page_6,244.5,377.0,1309.0
10427987,stimulus_Arg_PISACowsMilk_10_page_6,244.8,377.5,1310.0
10427988,stimulus_Arg_PISACowsMilk_10_page_6,245.8,377.6,1312.0
10427989,stimulus_Arg_PISACowsMilk_10_page_6,247.2,377.8,1313.0
10427990,stimulus_Arg_PISACowsMilk_10_page_6,249.3,378.0,1314.0
10427991,stimulus_Arg_PISACowsMilk_10_page_6,252.1,378.3,1315.0
10427992,stimulus_Arg_PISACowsMilk_10_page_6,256.4,378.8,1316.0
10427993,stimulus_Arg_PISACowsMilk_10_page_6,261.8,379.3,1316.0
10427994,stimulus_Arg_PISACowsMilk_10_page_6,268.2,379.9,1317.0
10427995,stimulus_Arg_PISACowsMilk_10_page_6,276.2,380.5,1317.0
10427996,stimulus_Arg_PISACowsMilk_10_page_6,284.7,381.0,1318.0
10427997,stimulus_Arg_PISACowsMilk_10_page_6,295.3,381.2,1319.0
10427998,stimulus_Arg_PISACowsMilk_10_page_6,304.3,381.2,1321.0
10427999,stimulus_Arg_PISACowsMilk_10_page_6,314.5,381.1,1323.0
10428000,stimulus_Arg_PISACowsMilk_10_page_6,323.1,380.8,1324.0
10428001,stimulus_Arg_PISACowsMilk_10_page_6,332.0,380.0,1326.0
10428002,stimulus_Arg_PISACowsMilk_10_page_6,340.6,378.8,1327.0
10428003,stimulus_Arg_PISACowsMilk_10_page_6,347.6,377.6,1327.0
10428004,stimulus_Arg_PISACowsMilk_10_page_6,353.8,377.0,1328.0
10428005,stimulus_Arg_PISACowsMilk_10_page_6,357.7,377.0,1327.0
10428006,stimulus_Arg_PISACowsMilk_10_page_6,361.1,376.8,1326.0
10428007,stimulus_Arg_PISACowsMilk_10_page_6,363.5,376.5,1325.0
10428008,stimulus_Arg_PISACowsMilk_10_page_6,364.8,376.0,1324.0
10428009,stimulus_Arg_PISACowsMilk_10_page_6,365.1,376.0,1324.0
10428010,stimulus_Arg_PISACowsMilk_10_page_6,364.9,376.2,1325.0
10428011,stimulus_Arg_PISACowsMilk_10_page_6,364.8,376.6,1326.0
10428012,stimulus_Arg_PISACowsMilk_10_page_6,364.2,377.0,1325.0
10428013,stimulus_Arg_PISACowsMilk_10_page_6,363.4,377.3,1325.0
10428014,stimulus_Arg_PISACowsMilk_10_page_6,361.7,377.5,1324.0
10428015,stimulus_Arg_PISACowsMilk_10_page_6,359.4,377.6,1325.0
10428016,stimulus_Arg_PISACowsMilk_10_page_6,356.5,377.6,1326.0
10428017,stimulus_Arg_PISACowsMilk_10_page_6,353.9,377.5,1327.0
10428018,stimulus_Arg_PISACowsMilk_10_page_6,351.8,377.3,1328.0
10428019,stimulus_Arg_PISACowsMilk_10_page_6,349.8,377.3,1329.0
10428020,stimulus_Arg_PISACowsMilk_10_page_6,348.0,377.4,1331.0
10428021,stimulus_Arg_PISACowsMilk_10_page_6,346.4,377.5,1332.0
10428022,stimulus_Arg_PISACowsMilk_10_page_6,345.4,377.5,1332.0
10428023,stimulus_Arg_PISACowsMilk_10_page_6,344.8,377.5,1332.0
10428024,stimulus_Arg_PISACowsMilk_10_page_6,344.2,377.4,1332.0
10428025,stimulus_Arg_PISACowsMilk_10_page_6,343.8,377.4,1332.0
10428026,stimulus_Arg_PISACowsMilk_10_page_6,343.8,377.5,1331.0
10428027,stimulus_Arg_PISACowsMilk_10_page_6,344.2,377.8,1331.0
10428028,stimulus_Arg_PISACowsMilk_10_page_6,344.6,378.2,1330.0
10428029,stimulus_Arg_PISACowsMilk_10_page_6,345.2,378.6,1330.0
10428030,stimulus_Arg_PISACowsMilk_10_page_6,345.7,378.9,1331.0
10428031,stimulus_Arg_PISACowsMilk_10_page_6,346.3,379.1,1331.0
10428032,stimulus_Arg_PISACowsMilk_10_page_6,347.3,379.2,1333.0
10428033,stimulus_Arg_PISACowsMilk_10_page_6,348.0,379.1,1333.0
10428034,stimulus_Arg_PISACowsMilk_10_page_6,348.5,379.1,1333.0
10428035,stimulus_Arg_PISACowsMilk_10_page_6,348.5,379.1,1332.0
10428036,stimulus_Arg_PISACowsMilk_10_page_6,348.5,378.9,1332.0
10428037,stimulus_Arg_PISACowsMilk_10_page_6,349.2,378.6,1332.0
10428038,stimulus_Arg_PISACowsMilk_10_page_6,350.0,378.4,1333.0
10428039,stimulus_Arg_PISACowsMilk_10_page_6,350.8,378.4,1334.0
10428040,stimulus_Arg_PISACowsMilk_10_page_6,350.9,378.4,1334.0
10428041,stimulus_Arg_PISACowsMilk_10_page_6,350.9,378.4,1334.0
10428042,stimulus_Arg_PISACowsMilk_10_page_6,350.8,378.4,1335.0
10428043,stimulus_Arg_PISACowsMilk_10_page_6,350.8,378.4,1335.0
10428044,stimulus_Arg_PISACowsMilk_10_page_6,350.9,378.3,1336.0
10428045,stimulus_Arg_PISACowsMilk_10_page_6,351.1,378.4,1336.0
10428046,stimulus_Arg_PISACowsMilk_10_page_6,351.3,378.4,1337.0
10428047,stimulus_Arg_PISACowsMilk_10_page_6,351.6,378.5,1337.0
10428048,stimulus_Arg_PISACowsMilk_10_page_6,351.8,378.6,1337.0
10428049,stimulus_Arg_PISACowsMilk_10_page_6,352.0,378.7,1337.0
10428050,stimulus_Arg_PISACowsMilk_10_page_6,351.9,378.6,1337.0
10428051,stimulus_Arg_PISACowsMilk_10_page_6,351.9,378.5,1337.0
10428052,stimulus_Arg_PISACowsMilk_10_page_6,351.9,378.5,1338.0
10428053,stimulus_Arg_PISACowsMilk_10_page_6,351.7,378.5,1338.0
10428054,stimulus_Arg_PISACowsMilk_10_page_6,351.5,378.5,1337.0
10428055,stimulus_Arg_PISACowsMilk_10_page_6,351.3,378.5,1337.0
10428056,stimulus_Arg_PISACowsMilk_10_page_6,351.3,378.6,1336.0
10428057,stimulus_Arg_PISACowsMilk_10_page_6,351.3,378.7,1337.0
10428058,stimulus_Arg_PISACowsMilk_10_page_6,351.3,378.6,1338.0
10428059,stimulus_Arg_PISACowsMilk_10_page_6,351.2,378.4,1339.0
10428060,stimulus_Arg_PISACowsMilk_10_page_6,351.0,378.3,1340.0
10428061,stimulus_Arg_PISACowsMilk_10_page_6,350.6,378.3,1340.0
10428062,stimulus_Arg_PISACowsMilk_10_page_6,350.5,378.1,1340.0
10428063,stimulus_Arg_PISACowsMilk_10_page_6,350.2,378.0,1339.0
10428064,stimulus_Arg_PISACowsMilk_10_page_6,350.0,378.1,1338.0
10428065,stimulus_Arg_PISACowsMilk_10_page_6,349.5,378.3,1338.0
10428066,stimulus_Arg_PISACowsMilk_10_page_6,349.2,378.5,1337.0
10428067,stimulus_Arg_PISACowsMilk_10_page_6,349.4,378.6,1337.0
10428068,stimulus_Arg_PISACowsMilk_10_page_6,349.8,378.6,1337.0
10428069,stimulus_Arg_PISACowsMilk_10_page_6,350.3,378.6,1338.0
10428070,stimulus_Arg_PISACowsMilk_10_page_6,350.2,378.6,1340.0
10428071,stimulus_Arg_PISACowsMilk_10_page_6,350.2,378.6,1341.0
10428072,stimulus_Arg_PISACowsMilk_10_page_6,350.2,378.6,1340.0
10428073,stimulus_Arg_PISACowsMilk_10_page_6,350.2,378.6,1339.0
10428074,stimulus_Arg_PISACowsMilk_10_page_6,350.1,378.6,1338.0
10428075,stimulus_Arg_PISACowsMilk_10_page_6,350.0,378.7,1338.0
10428076,stimulus_Arg_PISACowsMilk_10_page_6,349.9,378.7,1338.0
10428077,stimulus_Arg_PISACowsMilk_10_page_6,349.9,378.7,1338.0
10428078,stimulus_Arg_PISACowsMilk_10_page_6,349.9,378.7,1338.0
10428079,stimulus_Arg_PISACowsMilk_10_page_6,350.1,378.6,1338.0
10428080,stimulus_Arg_PISACowsMilk_10_page_6,350.3,378.6,1339.0
10428081,stimulus_Arg_PISACowsMilk_10_page_6,350.4,378.5,1339.0
10428082,stimulus_Arg_PISACowsMilk_10_page_6,350.4,378.4,1340.0
10428083,stimulus_Arg_PISACowsMilk_10_page_6,350.3,378.4,1339.0
10428084,stimulus_Arg_PISACowsMilk_10_page_6,350.1,378.3,1338.0
10428085,stimulus_Arg_PISACowsMilk_10_page_6,349.9,378.4,1338.0
10428086,stimulus_Arg_PISACowsMilk_10_page_6,349.8,378.5,1339.0
10428087,stimulus_Arg_PISACowsMilk_10_page_6,349.5,378.5,1340.0
10428088,stimulus_Arg_PISACowsMilk_10_page_6,349.3,378.4,1340.0
10428089,stimulus_Arg_PISACowsMilk_10_page_6,349.5,378.3,1340.0
10428090,stimulus_Arg_PISACowsMilk_10_page_6,349.8,378.4,1340.0
10428091,stimulus_Arg_PISACowsMilk_10_page_6,350.2,378.5,1341.0
10428092,stimulus_Arg_PISACowsMilk_10_page_6,350.2,378.5,1341.0
10428093,stimulus_Arg_PISACowsMilk_10_page_6,350.1,378.4,1340.0
10428094,stimulus_Arg_PISACowsMilk_10_page_6,349.9,378.4,1339.0
10428095,stimulus_Arg_PISACowsMilk_10_page_6,349.5,378.3,1339.0
10428096,stimulus_Arg_PISACowsMilk_10_page_6,349.2,378.3,1339.0
10428097,stimulus_Arg_PISACowsMilk_10_page_6,349.0,378.3,1339.0
10428098,stimulus_Arg_PISACowsMilk_10_page_6,349.2,378.5,1339.0
10428099,stimulus_Arg_PISACowsMilk_10_page_6,349.4,378.8,1339.0
10428100,stimulus_Arg_PISACowsMilk_10_page_6,349.6,379.0,1339.0
10428101,stimulus_Arg_PISACowsMilk_10_page_6,349.7,379.0,1339.0
10428102,stimulus_Arg_PISACowsMilk_10_page_6,349.7,379.0,1339.0
10428103,stimulus_Arg_PISACowsMilk_10_page_6,349.6,379.0,1340.0
10428104,stimulus_Arg_PISACowsMilk_10_page_6,349.6,379.0,1340.0
10428105,stimulus_Arg_PISACowsMilk_10_page_6,349.7,378.9,1341.0
10428106,stimulus_Arg_PISACowsMilk_10_page_6,349.8,378.7,1341.0
10428107,stimulus_Arg_PISACowsMilk_10_page_6,350.0,378.6,1341.0
10428108,stimulus_Arg_PISACowsMilk_10_page_6,350.2,378.4,1341.0
10428109,stimulus_Arg_PISACowsMilk_10_page_6,350.3,378.3,1341.0
10428110,stimulus_Arg_PISACowsMilk_10_page_6,349.8,378.1,1342.0
10428111,stimulus_Arg_PISACowsMilk_10_page_6,349.3,378.0,1342.0
10428112,stimulus_Arg_PISACowsMilk_10_page_6,349.0,377.9,1342.0
10428113,stimulus_Arg_PISACowsMilk_10_page_6,349.0,378.0,1341.0
10428114,stimulus_Arg_PISACowsMilk_10_page_6,349.1,378.2,1340.0
10428115,stimulus_Arg_PISACowsMilk_10_page_6,349.1,378.2,1339.0
10428116,stimulus_Arg_PISACowsMilk_10_page_6,349.0,378.1,1339.0
10428117,stimulus_Arg_PISACowsMilk_10_page_6,348.9,378.0,1338.0
10428118,stimulus_Arg_PISACowsMilk_10_page_6,348.8,378.1,1338.0
10428119,stimulus_Arg_PISACowsMilk_10_page_6,349.1,377.8,1338.0
10428120,stimulus_Arg_PISACowsMilk_10_page_6,349.4,377.4,1339.0
10428121,stimulus_Arg_PISACowsMilk_10_page_6,349.6,377.1,1339.0
10428122,stimulus_Arg_PISACowsMilk_10_page_6,349.5,377.1,1339.0
10428123,stimulus_Arg_PISACowsMilk_10_page_6,349.4,377.1,1339.0
10428124,stimulus_Arg_PISACowsMilk_10_page_6,349.6,377.2,1338.0
10428125,stimulus_Arg_PISACowsMilk_10_page_6,349.7,377.3,1337.0
10428126,stimulus_Arg_PISACowsMilk_10_page_6,349.8,377.3,1337.0
10428127,stimulus_Arg_PISACowsMilk_10_page_6,349.6,377.2,1338.0
10428128,stimulus_Arg_PISACowsMilk_10_page_6,349.3,377.2,1338.0
10428129,stimulus_Arg_PISACowsMilk_10_page_6,349.1,377.2,1337.0
10428130,stimulus_Arg_PISACowsMilk_10_page_6,349.2,377.3,1337.0
10428131,stimulus_Arg_PISACowsMilk_10_page_6,349.5,377.2,1336.0
10428132,stimulus_Arg_PISACowsMilk_10_page_6,349.8,377.1,1336.0
10428133,stimulus_Arg_PISACowsMilk_10_page_6,349.9,377.2,1336.0
10428134,stimulus_Arg_PISACowsMilk_10_page_6,349.7,377.5,1336.0
10428135,stimulus_Arg_PISACowsMilk_10_page_6,349.5,377.6,1336.0
10428136,stimulus_Arg_PISACowsMilk_10_page_6,349.5,377.5,1336.0
10428137,stimulus_Arg_PISACowsMilk_10_page_6,349.5,377.3,1336.0
10428138,stimulus_Arg_PISACowsMilk_10_page_6,349.5,377.2,1335.0
10428139,stimulus_Arg_PISACowsMilk_10_page_6,349.7,377.2,1335.0
10428140,stimulus_Arg_PISACowsMilk_10_page_6,349.7,377.2,1334.0
10428141,stimulus_Arg_PISACowsMilk_10_page_6,349.8,377.2,1334.0
10428142,stimulus_Arg_PISACowsMilk_10_page_6,349.8,377.1,1335.0
10428143,stimulus_Arg_PISACowsMilk_10_page_6,349.9,377.0,1335.0
10428144,stimulus_Arg_PISACowsMilk_10_page_6,350.0,377.1,1336.0
10428145,stimulus_Arg_PISACowsMilk_10_page_6,350.1,377.1,1336.0
10428146,stimulus_Arg_PISACowsMilk_10_page_6,350.1,377.0,1335.0
10428147,stimulus_Arg_PISACowsMilk_10_page_6,350.1,376.9,1335.0
10428148,stimulus_Arg_PISACowsMilk_10_page_6,350.1,376.8,1334.0
10428149,stimulus_Arg_PISACowsMilk_10_page_6,350.1,376.8,1333.0
10428150,stimulus_Arg_PISACowsMilk_10_page_6,349.9,376.7,1333.0
10428151,stimulus_Arg_PISACowsMilk_10_page_6,349.6,376.4,1332.0
10428152,stimulus_Arg_PISACowsMilk_10_page_6,349.4,376.1,1332.0
10428153,stimulus_Arg_PISACowsMilk_10_page_6,349.5,375.8,1331.0
10428154,stimulus_Arg_PISACowsMilk_10_page_6,349.6,375.9,1331.0
10428155,stimulus_Arg_PISACowsMilk_10_page_6,349.6,376.1,1331.0
10428156,stimulus_Arg_PISACowsMilk_10_page_6,349.5,376.2,1331.0
10428157,stimulus_Arg_PISACowsMilk_10_page_6,349.6,376.2,1331.0
10428158,stimulus_Arg_PISACowsMilk_10_page_6,349.6,376.2,1331.0
10428159,stimulus_Arg_PISACowsMilk_10_page_6,349.4,376.1,1330.0
10428160,stimulus_Arg_PISACowsMilk_10_page_6,349.2,375.9,1330.0
10428161,stimulus_Arg_PISACowsMilk_10_page_6,349.0,375.8,1330.0
10428162,stimulus_Arg_PISACowsMilk_10_page_6,349.1,375.7,1330.0
10428163,stimulus_Arg_PISACowsMilk_10_page_6,349.1,375.7,1330.0
10428164,stimulus_Arg_PISACowsMilk_10_page_6,349.1,375.7,1330.0
10428165,stimulus_Arg_PISACowsMilk_10_page_6,349.2,375.7,1329.0
10428166,stimulus_Arg_PISACowsMilk_10_page_6,349.4,375.7,1329.0
10428167,stimulus_Arg_PISACowsMilk_10_page_6,349.7,375.8,1329.0
10428168,stimulus_Arg_PISACowsMilk_10_page_6,350.0,376.0,1329.0
10428169,stimulus_Arg_PISACowsMilk_10_page_6,350.1,376.0,1329.0
10428170,stimulus_Arg_PISACowsMilk_10_page_6,350.1,376.0,1329.0
10428171,stimulus_Arg_PISACowsMilk_10_page_6,350.1,375.9,1329.0
10428172,stimulus_Arg_PISACowsMilk_10_page_6,350.2,375.8,1328.0
10428173,stimulus_Arg_PISACowsMilk_10_page_6,350.3,375.7,1328.0
10428174,stimulus_Arg_PISACowsMilk_10_page_6,350.4,375.6,1327.0
10428175,stimulus_Arg_PISACowsMilk_10_page_6,350.1,375.6,1326.0
10428176,stimulus_Arg_PISACowsMilk_10_page_6,349.8,375.7,1325.0
10428177,stimulus_Arg_PISACowsMilk_10_page_6,349.4,375.7,1325.0
10428178,stimulus_Arg_PISACowsMilk_10_page_6,349.3,375.9,1324.0
10428179,stimulus_Arg_PISACowsMilk_10_page_6,349.4,376.0,1324.0
10428180,stimulus_Arg_PISACowsMilk_10_page_6,349.7,376.1,1324.0
10428181,stimulus_Arg_PISACowsMilk_10_page_6,349.9,376.0,1325.0
10428182,stimulus_Arg_PISACowsMilk_10_page_6,349.7,376.0,1325.0
10428183,stimulus_Arg_PISACowsMilk_10_page_6,349.4,376.0,1324.0
10428184,stimulus_Arg_PISACowsMilk_10_page_6,349.4,376.2,1323.0
10428185,stimulus_Arg_PISACowsMilk_10_page_6,349.8,376.3,1322.0
10428186,stimulus_Arg_PISACowsMilk_10_page_6,350.1,376.3,1323.0
10428187,stimulus_Arg_PISACowsMilk_10_page_6,350.2,376.4,1323.0
10428188,stimulus_Arg_PISACowsMilk_10_page_6,350.2,376.4,1323.0
10428189,stimulus_Arg_PISACowsMilk_10_page_6,350.2,376.2,1322.0
10428190,stimulus_Arg_PISACowsMilk_10_page_6,350.1,375.8,1322.0
10428191,stimulus_Arg_PISACowsMilk_10_page_6,350.1,375.4,1321.0
10428192,stimulus_Arg_PISACowsMilk_10_page_6,350.0,375.1,1320.0
10428193,stimulus_Arg_PISACowsMilk_10_page_6,349.9,375.2,1320.0
10428194,stimulus_Arg_PISACowsMilk_10_page_6,349.5,375.3,1319.0
10428195,stimulus_Arg_PISACowsMilk_10_page_6,349.2,375.5,1319.0
10428196,stimulus_Arg_PISACowsMilk_10_page_6,348.8,375.6,1318.0
10428197,stimulus_Arg_PISACowsMilk_10_page_6,348.8,375.7,1316.0
10428198,stimulus_Arg_PISACowsMilk_10_page_6,348.9,375.8,1314.0
10428199,stimulus_Arg_PISACowsMilk_10_page_6,348.9,375.8,1314.0
10428200,stimulus_Arg_PISACowsMilk_10_page_6,348.9,375.8,1313.0
10428201,stimulus_Arg_PISACowsMilk_10_page_6,348.8,375.5,1313.0
10428202,stimulus_Arg_PISACowsMilk_10_page_6,348.7,375.1,1314.0
10428203,stimulus_Arg_PISACowsMilk_10_page_6,348.6,374.8,1314.0
10428204,stimulus_Arg_PISACowsMilk_10_page_6,348.6,374.9,1313.0
10428205,stimulus_Arg_PISACowsMilk_10_page_6,348.5,375.2,1311.0
10428206,stimulus_Arg_PISACowsMilk_10_page_6,348.5,375.5,1310.0
10428207,stimulus_Arg_PISACowsMilk_10_page_6,348.4,375.6,1310.0
10428208,stimulus_Arg_PISACowsMilk_10_page_6,348.5,375.4,1310.0
10428209,stimulus_Arg_PISACowsMilk_10_page_6,348.5,375.2,1310.0
10428210,stimulus_Arg_PISACowsMilk_10_page_6,348.5,375.3,1309.0
10428211,stimulus_Arg_PISACowsMilk_10_page_6,348.5,375.5,1308.0
10428212,stimulus_Arg_PISACowsMilk_10_page_6,348.5,375.7,1307.0
10428213,stimulus_Arg_PISACowsMilk_10_page_6,348.5,375.7,1308.0
10428214,stimulus_Arg_PISACowsMilk_10_page_6,348.5,375.7,1308.0
10428215,stimulus_Arg_PISACowsMilk_10_page_6,348.5,375.7,1308.0
10428216,stimulus_Arg_PISACowsMilk_10_page_6,348.4,375.9,1306.0
10428217,stimulus_Arg_PISACowsMilk_10_page_6,348.4,376.0,1304.0
10428218,stimulus_Arg_PISACowsMilk_10_page_6,348.0,376.2,1302.0
10428219,stimulus_Arg_PISACowsMilk_10_page_6,347.6,376.1,1301.0
10428220,stimulus_Arg_PISACowsMilk_10_page_6,347.5,376.0,1300.0
10428221,stimulus_Arg_PISACowsMilk_10_page_6,347.7,376.0,1301.0
10428222,stimulus_Arg_PISACowsMilk_10_page_6,347.9,376.0,1301.0
10428223,stimulus_Arg_PISACowsMilk_10_page_6,348.0,375.8,1300.0
10428224,stimulus_Arg_PISACowsMilk_10_page_6,348.0,375.7,1298.0
10428225,stimulus_Arg_PISACowsMilk_10_page_6,348.1,375.6,1297.0
10428226,stimulus_Arg_PISACowsMilk_10_page_6,348.0,375.7,1298.0
10428227,stimulus_Arg_PISACowsMilk_10_page_6,348.0,375.6,1298.0
10428228,stimulus_Arg_PISACowsMilk_10_page_6,347.9,375.6,1297.0
10428229,stimulus_Arg_PISACowsMilk_10_page_6,347.8,375.7,1295.0
10428230,stimulus_Arg_PISACowsMilk_10_page_6,347.7,375.8,1294.0
10428231,stimulus_Arg_PISACowsMilk_10_page_6,347.6,376.0,1293.0
10428232,stimulus_Arg_PISACowsMilk_10_page_6,347.5,376.0,1291.0
10428233,stimulus_Arg_PISACowsMilk_10_page_6,347.4,376.0,1290.0
10428234,stimulus_Arg_PISACowsMilk_10_page_6,347.4,376.0,1288.0
10428235,stimulus_Arg_PISACowsMilk_10_page_6,347.4,376.2,1288.0
10428236,stimulus_Arg_PISACowsMilk_10_page_6,347.4,376.3,1287.0
10428237,stimulus_Arg_PISACowsMilk_10_page_6,347.4,376.4,1287.0
10428238,stimulus_Arg_PISACowsMilk_10_page_6,347.7,376.8,1286.0
10428239,stimulus_Arg_PISACowsMilk_10_page_6,348.0,377.0,1286.0
10428240,stimulus_Arg_PISACowsMilk_10_page_6,348.3,377.1,1285.0
10428241,stimulus_Arg_PISACowsMilk_10_page_6,348.4,377.0,1284.0
10428242,stimulus_Arg_PISACowsMilk_10_page_6,348.5,377.1,1283.0
10428243,stimulus_Arg_PISACowsMilk_10_page_6,348.6,377.2,1283.0
10428244,stimulus_Arg_PISACowsMilk_10_page_6,348.7,377.4,1282.0
10428245,stimulus_Arg_PISACowsMilk_10_page_6,348.6,377.6,1282.0
10428246,stimulus_Arg_PISACowsMilk_10_page_6,348.5,377.7,1282.0
10428247,stimulus_Arg_PISACowsMilk_10_page_6,348.8,377.5,1281.0
10428248,stimulus_Arg_PISACowsMilk_10_page_6,349.2,377.1,1280.0
10428249,stimulus_Arg_PISACowsMilk_10_page_6,349.8,376.8,1279.0
10428250,stimulus_Arg_PISACowsMilk_10_page_6,350.0,376.7,1278.0
10428251,stimulus_Arg_PISACowsMilk_10_page_6,349.8,377.0,1279.0
10428252,stimulus_Arg_PISACowsMilk_10_page_6,349.5,377.2,1279.0
10428253,stimulus_Arg_PISACowsMilk_10_page_6,349.5,377.3,1280.0
10428254,stimulus_Arg_PISACowsMilk_10_page_6,349.9,377.3,1280.0
10428255,stimulus_Arg_PISACowsMilk_10_page_6,350.2,377.2,1279.0
10428256,stimulus_Arg_PISACowsMilk_10_page_6,350.3,377.1,1279.0
10428257,stimulus_Arg_PISACowsMilk_10_page_6,350.1,377.0,1279.0
10428258,stimulus_Arg_PISACowsMilk_10_page_6,349.8,377.0,1279.0
10428259,stimulus_Arg_PISACowsMilk_10_page_6,349.5,377.0,1278.0
10428260,stimulus_Arg_PISACowsMilk_10_page_6,349.4,376.9,1278.0
10428261,stimulus_Arg_PISACowsMilk_10_page_6,349.6,376.8,1278.0
10428262,stimulus_Arg_PISACowsMilk_10_page_6,349.8,376.6,1277.0
10428263,stimulus_Arg_PISACowsMilk_10_page_6,349.8,376.4,1276.0
10428264,stimulus_Arg_PISACowsMilk_10_page_6,349.7,376.3,1275.0
10428265,stimulus_Arg_PISACowsMilk_10_page_6,349.5,376.1,1275.0
10428266,stimulus_Arg_PISACowsMilk_10_page_6,349.5,376.0,1274.0
10428267,stimulus_Arg_PISACowsMilk_10_page_6,349.5,375.8,1274.0
10428268,stimulus_Arg_PISACowsMilk_10_page_6,349.5,375.7,1273.0
10428269,stimulus_Arg_PISACowsMilk_10_page_6,349.8,375.7,1272.0
10428270,stimulus_Arg_PISACowsMilk_10_page_6,350.0,375.7,1271.0
10428271,stimulus_Arg_PISACowsMilk_10_page_6,350.0,375.8,1271.0
10428272,stimulus_Arg_PISACowsMilk_10_page_6,349.8,375.8,1271.0
10428273,stimulus_Arg_PISACowsMilk_10_page_6,349.6,375.9,1270.0
10428274,stimulus_Arg_PISACowsMilk_10_page_6,349.6,376.0,1270.0
10428275,stimulus_Arg_PISACowsMilk_10_page_6,349.5,375.9,1270.0
10428276,stimulus_Arg_PISACowsMilk_10_page_6,349.2,375.9,1270.0
10428277,stimulus_Arg_PISACowsMilk_10_page_6,348.7,375.9,1269.0
10428278,stimulus_Arg_PISACowsMilk_10_page_6,348.2,376.0,1269.0
10428279,stimulus_Arg_PISACowsMilk_10_page_6,348.2,376.1,1268.0
10428280,stimulus_Arg_PISACowsMilk_10_page_6,348.4,376.1,1266.0
10428281,stimulus_Arg_PISACowsMilk_10_page_6,348.6,376.1,1265.0
10428282,stimulus_Arg_PISACowsMilk_10_page_6,348.8,376.1,1265.0
10428283,stimulus_Arg_PISACowsMilk_10_page_6,348.8,376.1,1265.0
10428284,stimulus_Arg_PISACowsMilk_10_page_6,348.8,376.3,1265.0
10428285,stimulus_Arg_PISACowsMilk_10_page_6,348.8,376.6,1264.0
10428286,stimulus_Arg_PISACowsMilk_10_page_6,348.7,376.8,1264.0
10428287,stimulus_Arg_PISACowsMilk_10_page_6,348.5,376.6,1264.0
10428288,stimulus_Arg_PISACowsMilk_10_page_6,348.4,376.5,1263.0
10428289,stimulus_Arg_PISACowsMilk_10_page_6,348.4,376.4,1262.0
10428290,stimulus_Arg_PISACowsMilk_10_page_6,348.5,376.4,1261.0
10428291,stimulus_Arg_PISACowsMilk_10_page_6,348.5,376.4,1262.0
10428292,stimulus_Arg_PISACowsMilk_10_page_6,348.5,376.3,1261.0
10428293,stimulus_Arg_PISACowsMilk_10_page_6,348.2,376.2,1261.0
10428294,stimulus_Arg_PISACowsMilk_10_page_6,348.0,376.1,1260.0
10428295,stimulus_Arg_PISACowsMilk_10_page_6,347.7,376.0,1260.0
10428296,stimulus_Arg_PISACowsMilk_10_page_6,347.8,375.9,1260.0
10428297,stimulus_Arg_PISACowsMilk_10_page_6,347.8,375.7,1259.0
10428298,stimulus_Arg_PISACowsMilk_10_page_6,347.8,375.6,1259.0
10428299,stimulus_Arg_PISACowsMilk_10_page_6,347.8,375.7,1258.0
10428300,stimulus_Arg_PISACowsMilk_10_page_6,347.7,375.7,1258.0
10428301,stimulus_Arg_PISACowsMilk_10_page_6,347.8,375.7,1258.0
10428302,stimulus_Arg_PISACowsMilk_10_page_6,348.0,375.7,1257.0
10428303,stimulus_Arg_PISACowsMilk_10_page_6,348.1,375.8,1257.0
10428304,stimulus_Arg_PISACowsMilk_10_page_6,348.1,375.9,1256.0
10428305,stimulus_Arg_PISACowsMilk_10_page_6,348.1,376.0,1256.0
10428306,stimulus_Arg_PISACowsMilk_10_page_6,348.1,376.1,1255.0
10428307,stimulus_Arg_PISACowsMilk_10_page_6,348.0,376.2,1255.0
10428308,stimulus_Arg_PISACowsMilk_10_page_6,347.8,376.3,1254.0
10428309,stimulus_Arg_PISACowsMilk_10_page_6,347.7,376.4,1255.0
10428310,stimulus_Arg_PISACowsMilk_10_page_6,347.7,376.6,1255.0
10428311,stimulus_Arg_PISACowsMilk_10_page_6,347.8,376.7,1256.0
10428312,stimulus_Arg_PISACowsMilk_10_page_6,347.5,376.7,1255.0
10428313,stimulus_Arg_PISACowsMilk_10_page_6,347.2,376.5,1254.0
10428314,stimulus_Arg_PISACowsMilk_10_page_6,347.0,376.3,1252.0
10428315,stimulus_Arg_PISACowsMilk_10_page_6,347.6,376.2,1250.0
10428316,stimulus_Arg_PISACowsMilk_10_page_6,348.8,376.2,1248.0
10428317,stimulus_Arg_PISACowsMilk_10_page_6,350.6,376.4,1249.0
10428318,stimulus_Arg_PISACowsMilk_10_page_6,353.4,376.7,1250.0
10428319,stimulus_Arg_PISACowsMilk_10_page_6,357.3,377.0,1250.0
10428320,stimulus_Arg_PISACowsMilk_10_page_6,361.9,377.1,1251.0
10428321,stimulus_Arg_PISACowsMilk_10_page_6,367.6,377.3,1250.0
10428322,stimulus_Arg_PISACowsMilk_10_page_6,374.6,377.6,1250.0
10428323,stimulus_Arg_PISACowsMilk_10_page_6,382.9,377.3,1249.0
10428324,stimulus_Arg_PISACowsMilk_10_page_6,391.7,377.0,1247.0
10428325,stimulus_Arg_PISACowsMilk_10_page_6,400.7,375.6,1246.0
10428326,stimulus_Arg_PISACowsMilk_10_page_6,409.6,374.3,1246.0
10428327,stimulus_Arg_PISACowsMilk_10_page_6,418.9,373.1,1246.0
10428328,stimulus_Arg_PISACowsMilk_10_page_6,427.0,372.5,1247.0
10428329,stimulus_Arg_PISACowsMilk_10_page_6,434.0,372.0,1247.0
10428330,stimulus_Arg_PISACowsMilk_10_page_6,439.0,370.8,1246.0
10428331,stimulus_Arg_PISACowsMilk_10_page_6,442.9,369.7,1244.0
10428332,stimulus_Arg_PISACowsMilk_10_page_6,445.9,369.0,1242.0
10428333,stimulus_Arg_PISACowsMilk_10_page_6,447.3,368.9,1241.0
10428334,stimulus_Arg_PISACowsMilk_10_page_6,447.3,368.9,1240.0
10428335,stimulus_Arg_PISACowsMilk_10_page_6,446.1,368.9,1239.0
10428336,stimulus_Arg_PISACowsMilk_10_page_6,444.1,368.9,1238.0
10428337,stimulus_Arg_PISACowsMilk_10_page_6,442.1,369.2,1237.0
10428338,stimulus_Arg_PISACowsMilk_10_page_6,440.2,369.3,1237.0
10428339,stimulus_Arg_PISACowsMilk_10_page_6,439.0,369.5,1237.0
10428340,stimulus_Arg_PISACowsMilk_10_page_6,437.6,369.6,1238.0
10428341,stimulus_Arg_PISACowsMilk_10_page_6,436.3,369.8,1239.0
10428342,stimulus_Arg_PISACowsMilk_10_page_6,435.1,370.0,1239.0
10428343,stimulus_Arg_PISACowsMilk_10_page_6,433.7,370.0,1239.0
10428344,stimulus_Arg_PISACowsMilk_10_page_6,432.5,370.4,1238.0
10428345,stimulus_Arg_PISACowsMilk_10_page_6,431.3,370.7,1238.0
10428346,stimulus_Arg_PISACowsMilk_10_page_6,430.2,371.0,1238.0
10428347,stimulus_Arg_PISACowsMilk_10_page_6,429.5,370.9,1235.0
10428348,stimulus_Arg_PISACowsMilk_10_page_6,429.0,370.9,1233.0
10428349,stimulus_Arg_PISACowsMilk_10_page_6,428.7,370.9,1231.0
10428350,stimulus_Arg_PISACowsMilk_10_page_6,428.2,371.1,1231.0
10428351,stimulus_Arg_PISACowsMilk_10_page_6,427.7,371.4,1231.0
10428352,stimulus_Arg_PISACowsMilk_10_page_6,427.5,371.8,1231.0
10428353,stimulus_Arg_PISACowsMilk_10_page_6,427.6,372.1,1230.0
10428354,stimulus_Arg_PISACowsMilk_10_page_6,427.8,372.2,1230.0
10428355,stimulus_Arg_PISACowsMilk_10_page_6,428.7,372.4,1228.0
10428356,stimulus_Arg_PISACowsMilk_10_page_6,429.6,372.7,1228.0
10428357,stimulus_Arg_PISACowsMilk_10_page_6,430.5,372.9,1227.0
10428358,stimulus_Arg_PISACowsMilk_10_page_6,431.0,372.9,1227.0
10428359,stimulus_Arg_PISACowsMilk_10_page_6,431.7,372.3,1227.0
10428360,stimulus_Arg_PISACowsMilk_10_page_6,432.9,371.6,1227.0
10428361,stimulus_Arg_PISACowsMilk_10_page_6,433.8,370.9,1228.0
10428362,stimulus_Arg_PISACowsMilk_10_page_6,434.3,370.7,1229.0
10428363,stimulus_Arg_PISACowsMilk_10_page_6,434.2,370.7,1229.0
10428364,stimulus_Arg_PISACowsMilk_10_page_6,434.0,370.8,1229.0
10428365,stimulus_Arg_PISACowsMilk_10_page_6,433.9,370.9,1229.0
10428366,stimulus_Arg_PISACowsMilk_10_page_6,433.9,371.1,1228.0
10428367,stimulus_Arg_PISACowsMilk_10_page_6,433.9,371.1,1228.0
10428368,stimulus_Arg_PISACowsMilk_10_page_6,433.9,371.1,1228.0
10428369,stimulus_Arg_PISACowsMilk_10_page_6,434.1,371.2,1229.0
10428370,stimulus_Arg_PISACowsMilk_10_page_6,434.4,371.2,1230.0
10428371,stimulus_Arg_PISACowsMilk_10_page_6,434.6,371.1,1230.0
10428372,stimulus_Arg_PISACowsMilk_10_page_6,434.6,371.0,1231.0
10428373,stimulus_Arg_PISACowsMilk_10_page_6,434.7,371.2,1231.0
10428374,stimulus_Arg_PISACowsMilk_10_page_6,434.9,371.4,1230.0
10428375,stimulus_Arg_PISACowsMilk_10_page_6,435.1,371.6,1230.0
10428376,stimulus_Arg_PISACowsMilk_10_page_6,435.0,371.7,1229.0
10428377,stimulus_Arg_PISACowsMilk_10_page_6,434.9,371.8,1228.0
10428378,stimulus_Arg_PISACowsMilk_10_page_6,434.7,371.8,1227.0
10428379,stimulus_Arg_PISACowsMilk_10_page_6,434.7,371.7,1227.0
10428380,stimulus_Arg_PISACowsMilk_10_page_6,434.7,371.7,1227.0
10428381,stimulus_Arg_PISACowsMilk_10_page_6,434.7,372.2,1228.0
10428382,stimulus_Arg_PISACowsMilk_10_page_6,434.9,372.8,1228.0
10428383,stimulus_Arg_PISACowsMilk_10_page_6,435.0,373.2,1228.0
10428384,stimulus_Arg_PISACowsMilk_10_page_6,435.1,372.9,1228.0
10428385,stimulus_Arg_PISACowsMilk_10_page_6,435.1,372.6,1227.0
10428386,stimulus_Arg_PISACowsMilk_10_page_6,435.1,372.5,1226.0
10428387,stimulus_Arg_PISACowsMilk_10_page_6,435.1,372.6,1226.0
10428388,stimulus_Arg_PISACowsMilk_10_page_6,435.0,372.7,1226.0
10428389,stimulus_Arg_PISACowsMilk_10_page_6,434.8,372.6,1226.0
10428390,stimulus_Arg_PISACowsMilk_10_page_6,434.7,372.3,1226.0
10428391,stimulus_Arg_PISACowsMilk_10_page_6,434.7,372.1,1226.0
10428392,stimulus_Arg_PISACowsMilk_10_page_6,434.6,372.4,1226.0
10428393,stimulus_Arg_PISACowsMilk_10_page_6,434.6,372.8,1225.0
10428394,stimulus_Arg_PISACowsMilk_10_page_6,434.6,373.0,1226.0
10428395,stimulus_Arg_PISACowsMilk_10_page_6,434.6,372.8,1227.0
10428396,stimulus_Arg_PISACowsMilk_10_page_6,434.7,372.7,1227.0
10428397,stimulus_Arg_PISACowsMilk_10_page_6,434.7,372.8,1225.0
10428398,stimulus_Arg_PISACowsMilk_10_page_6,434.7,372.8,1224.0
10428399,stimulus_Arg_PISACowsMilk_10_page_6,434.6,372.6,1224.0
10428400,stimulus_Arg_PISACowsMilk_10_page_6,434.4,372.4,1225.0
10428401,stimulus_Arg_PISACowsMilk_10_page_6,434.1,372.3,1225.0
10428402,stimulus_Arg_PISACowsMilk_10_page_6,433.9,372.1,1226.0
10428403,stimulus_Arg_PISACowsMilk_10_page_6,434.0,372.1,1226.0
10428404,stimulus_Arg_PISACowsMilk_10_page_6,434.2,372.1,1225.0
10428405,stimulus_Arg_PISACowsMilk_10_page_6,434.4,372.1,1225.0
10428406,stimulus_Arg_PISACowsMilk_10_page_6,434.4,372.1,1225.0
10428407,stimulus_Arg_PISACowsMilk_10_page_6,434.3,372.0,1224.0
10428408,stimulus_Arg_PISACowsMilk_10_page_6,434.3,372.1,1224.0
10428409,stimulus_Arg_PISACowsMilk_10_page_6,434.3,372.7,1223.0
10428410,stimulus_Arg_PISACowsMilk_10_page_6,434.4,373.3,1224.0
10428411,stimulus_Arg_PISACowsMilk_10_page_6,434.3,373.7,1224.0
10428412,stimulus_Arg_PISACowsMilk_10_page_6,434.1,373.7,1224.0
10428413,stimulus_Arg_PISACowsMilk_10_page_6,433.9,373.4,1224.0
10428414,stimulus_Arg_PISACowsMilk_10_page_6,433.7,373.1,1224.0
10428415,stimulus_Arg_PISACowsMilk_10_page_6,433.6,372.8,1224.0
10428416,stimulus_Arg_PISACowsMilk_10_page_6,433.2,372.7,1224.0
10428417,stimulus_Arg_PISACowsMilk_10_page_6,432.9,372.7,1225.0
10428418,stimulus_Arg_PISACowsMilk_10_page_6,432.7,372.7,1226.0
10428419,stimulus_Arg_PISACowsMilk_10_page_6,432.7,372.7,1226.0
10428420,stimulus_Arg_PISACowsMilk_10_page_6,432.6,372.8,1226.0
10428421,stimulus_Arg_PISACowsMilk_10_page_6,432.6,372.8,1225.0
10428422,stimulus_Arg_PISACowsMilk_10_page_6,432.5,372.9,1225.0
10428423,stimulus_Arg_PISACowsMilk_10_page_6,432.6,372.9,1225.0
10428424,stimulus_Arg_PISACowsMilk_10_page_6,432.6,373.1,1225.0
10428425,stimulus_Arg_PISACowsMilk_10_page_6,432.7,373.3,1224.0
10428426,stimulus_Arg_PISACowsMilk_10_page_6,432.8,373.2,1223.0
10428427,stimulus_Arg_PISACowsMilk_10_page_6,432.7,372.8,1222.0
10428428,stimulus_Arg_PISACowsMilk_10_page_6,432.6,372.6,1222.0
10428429,stimulus_Arg_PISACowsMilk_10_page_6,432.2,372.8,1223.0
10428430,stimulus_Arg_PISACowsMilk_10_page_6,431.9,372.9,1223.0
10428431,stimulus_Arg_PISACowsMilk_10_page_6,431.7,372.9,1223.0
10428432,stimulus_Arg_PISACowsMilk_10_page_6,431.7,372.8,1223.0
10428433,stimulus_Arg_PISACowsMilk_10_page_6,431.8,372.7,1222.0
10428434,stimulus_Arg_PISACowsMilk_10_page_6,431.8,372.7,1221.0
10428435,stimulus_Arg_PISACowsMilk_10_page_6,431.7,372.8,1220.0
10428436,stimulus_Arg_PISACowsMilk_10_page_6,431.6,372.9,1219.0
10428437,stimulus_Arg_PISACowsMilk_10_page_6,431.5,372.7,1220.0
10428438,stimulus_Arg_PISACowsMilk_10_page_6,431.5,372.6,1220.0
10428439,stimulus_Arg_PISACowsMilk_10_page_6,431.6,372.7,1220.0
10428440,stimulus_Arg_PISACowsMilk_10_page_6,431.8,373.0,1220.0
10428441,stimulus_Arg_PISACowsMilk_10_page_6,431.9,373.3,1220.0
10428442,stimulus_Arg_PISACowsMilk_10_page_6,432.1,373.3,1220.0
10428443,stimulus_Arg_PISACowsMilk_10_page_6,432.0,373.6,1220.0
10428444,stimulus_Arg_PISACowsMilk_10_page_6,431.9,373.8,1220.0
10428445,stimulus_Arg_PISACowsMilk_10_page_6,431.8,373.9,1220.0
10428446,stimulus_Arg_PISACowsMilk_10_page_6,431.6,373.7,1219.0
10428447,stimulus_Arg_PISACowsMilk_10_page_6,431.4,373.4,1219.0
10428448,stimulus_Arg_PISACowsMilk_10_page_6,431.1,373.3,1219.0
10428449,stimulus_Arg_PISACowsMilk_10_page_6,431.1,373.2,1219.0
10428450,stimulus_Arg_PISACowsMilk_10_page_6,431.1,373.2,1219.0
10428451,stimulus_Arg_PISACowsMilk_10_page_6,431.3,373.1,1219.0
10428452,stimulus_Arg_PISACowsMilk_10_page_6,431.5,373.4,1219.0
10428453,stimulus_Arg_PISACowsMilk_10_page_6,431.7,373.6,1218.0
10428454,stimulus_Arg_PISACowsMilk_10_page_6,431.6,373.8,1217.0
10428455,stimulus_Arg_PISACowsMilk_10_page_6,431.5,373.7,1217.0
10428456,stimulus_Arg_PISACowsMilk_10_page_6,431.3,373.7,1217.0
10428457,stimulus_Arg_PISACowsMilk_10_page_6,431.0,373.5,1218.0
10428458,stimulus_Arg_PISACowsMilk_10_page_6,430.8,373.2,1218.0
10428459,stimulus_Arg_PISACowsMilk_10_page_6,430.8,373.0,1218.0
10428460,stimulus_Arg_PISACowsMilk_10_page_6,431.0,373.2,1218.0
10428461,stimulus_Arg_PISACowsMilk_10_page_6,431.1,373.6,1218.0
10428462,stimulus_Arg_PISACowsMilk_10_page_6,431.2,373.9,1218.0
10428463,stimulus_Arg_PISACowsMilk_10_page_6,431.4,373.6,1219.0
10428464,stimulus_Arg_PISACowsMilk_10_page_6,431.6,373.2,1219.0
10428465,stimulus_Arg_PISACowsMilk_10_page_6,431.6,372.9,1218.0
10428466,stimulus_Arg_PISACowsMilk_10_page_6,431.7,372.8,1218.0
10428467,stimulus_Arg_PISACowsMilk_10_page_6,431.8,372.7,1218.0
10428468,stimulus_Arg_PISACowsMilk_10_page_6,431.9,372.9,1217.0
10428469,stimulus_Arg_PISACowsMilk_10_page_6,431.8,373.1,1217.0
10428470,stimulus_Arg_PISACowsMilk_10_page_6,431.8,373.2,1217.0
10428471,stimulus_Arg_PISACowsMilk_10_page_6,431.9,373.0,1218.0
10428472,stimulus_Arg_PISACowsMilk_10_page_6,432.0,372.8,1218.0
10428473,stimulus_Arg_PISACowsMilk_10_page_6,431.9,372.4,1219.0
10428474,stimulus_Arg_PISACowsMilk_10_page_6,431.7,372.2,1218.0
10428475,stimulus_Arg_PISACowsMilk_10_page_6,431.5,372.1,1218.0
10428476,stimulus_Arg_PISACowsMilk_10_page_6,431.7,372.3,1218.0
10428477,stimulus_Arg_PISACowsMilk_10_page_6,431.8,372.6,1217.0
10428478,stimulus_Arg_PISACowsMilk_10_page_6,431.9,372.8,1216.0
10428479,stimulus_Arg_PISACowsMilk_10_page_6,431.8,372.8,1216.0
10428480,stimulus_Arg_PISACowsMilk_10_page_6,431.9,372.7,1216.0
10428481,stimulus_Arg_PISACowsMilk_10_page_6,431.9,372.6,1216.0
10428482,stimulus_Arg_PISACowsMilk_10_page_6,431.9,372.6,1216.0
10428483,stimulus_Arg_PISACowsMilk_10_page_6,431.8,372.7,1217.0
10428484,stimulus_Arg_PISACowsMilk_10_page_6,431.6,373.2,1217.0
10428485,stimulus_Arg_PISACowsMilk_10_page_6,431.5,373.6,1216.0
10428486,stimulus_Arg_PISACowsMilk_10_page_6,431.5,373.9,1214.0
10428487,stimulus_Arg_PISACowsMilk_10_page_6,431.5,373.9,1213.0
10428488,stimulus_Arg_PISACowsMilk_10_page_6,431.7,373.8,1213.0
10428489,stimulus_Arg_PISACowsMilk_10_page_6,431.8,373.6,1213.0
10428490,stimulus_Arg_PISACowsMilk_10_page_6,431.9,373.5,1213.0
10428491,stimulus_Arg_PISACowsMilk_10_page_6,431.7,373.5,1214.0
10428492,stimulus_Arg_PISACowsMilk_10_page_6,431.6,373.5,1214.0
10428493,stimulus_Arg_PISACowsMilk_10_page_6,431.5,373.5,1214.0
10428494,stimulus_Arg_PISACowsMilk_10_page_6,431.5,373.6,1214.0
10428495,stimulus_Arg_PISACowsMilk_10_page_6,431.4,373.8,1213.0
10428496,stimulus_Arg_PISACowsMilk_10_page_6,431.4,373.9,1213.0
10428497,stimulus_Arg_PISACowsMilk_10_page_6,431.1,373.7,1212.0
10428498,stimulus_Arg_PISACowsMilk_10_page_6,430.9,373.6,1211.0
10428499,stimulus_Arg_PISACowsMilk_10_page_6,431.0,373.4,1211.0
10428500,stimulus_Arg_PISACowsMilk_10_page_6,431.6,373.3,1212.0
10428501,stimulus_Arg_PISACowsMilk_10_page_6,432.2,373.3,1213.0
10428502,stimulus_Arg_PISACowsMilk_10_page_6,432.4,373.3,1214.0
10428503,stimulus_Arg_PISACowsMilk_10_page_6,432.4,373.2,1214.0
10428504,stimulus_Arg_PISACowsMilk_10_page_6,432.4,373.0,1214.0
10428505,stimulus_Arg_PISACowsMilk_10_page_6,432.7,372.8,1214.0
10428506,stimulus_Arg_PISACowsMilk_10_page_6,432.6,372.7,1213.0
10428507,stimulus_Arg_PISACowsMilk_10_page_6,432.4,372.7,1213.0
10428508,stimulus_Arg_PISACowsMilk_10_page_6,432.2,372.8,1213.0
10428509,stimulus_Arg_PISACowsMilk_10_page_6,432.2,373.0,1213.0
10428510,stimulus_Arg_PISACowsMilk_10_page_6,432.2,373.1,1213.0
10428511,stimulus_Arg_PISACowsMilk_10_page_6,432.1,373.3,1212.0
10428512,stimulus_Arg_PISACowsMilk_10_page_6,432.1,373.6,1212.0
10428513,stimulus_Arg_PISACowsMilk_10_page_6,432.0,373.9,1212.0
10428514,stimulus_Arg_PISACowsMilk_10_page_6,431.9,373.9,1213.0
10428515,stimulus_Arg_PISACowsMilk_10_page_6,431.9,373.7,1213.0
10428516,stimulus_Arg_PISACowsMilk_10_page_6,432.0,373.6,1213.0
10428517,stimulus_Arg_PISACowsMilk_10_page_6,432.1,373.8,1212.0
10428518,stimulus_Arg_PISACowsMilk_10_page_6,432.2,373.9,1212.0
10428519,stimulus_Arg_PISACowsMilk_10_page_6,432.2,374.0,1213.0
10428520,stimulus_Arg_PISACowsMilk_10_page_6,432.1,374.0,1213.0
10428521,stimulus_Arg_PISACowsMilk_10_page_6,432.1,374.0,1213.0
10428522,stimulus_Arg_PISACowsMilk_10_page_6,432.4,374.1,1213.0
10428523,stimulus_Arg_PISACowsMilk_10_page_6,432.6,374.1,1212.0
10428524,stimulus_Arg_PISACowsMilk_10_page_6,432.7,374.2,1210.0
10428525,stimulus_Arg_PISACowsMilk_10_page_6,432.6,374.2,1208.0
10428526,stimulus_Arg_PISACowsMilk_10_page_6,432.6,374.3,1207.0
10428527,stimulus_Arg_PISACowsMilk_10_page_6,432.6,374.3,1208.0
10428528,stimulus_Arg_PISACowsMilk_10_page_6,432.6,374.2,1208.0
10428529,stimulus_Arg_PISACowsMilk_10_page_6,432.4,373.9,1209.0
10428530,stimulus_Arg_PISACowsMilk_10_page_6,432.3,373.6,1210.0
10428531,stimulus_Arg_PISACowsMilk_10_page_6,432.3,373.5,1211.0
10428532,stimulus_Arg_PISACowsMilk_10_page_6,432.4,373.5,1212.0
10428533,stimulus_Arg_PISACowsMilk_10_page_6,432.4,373.7,1212.0
10428534,stimulus_Arg_PISACowsMilk_10_page_6,432.4,373.8,1212.0
10428535,stimulus_Arg_PISACowsMilk_10_page_6,432.3,373.8,1211.0
10428536,stimulus_Arg_PISACowsMilk_10_page_6,432.3,373.8,1211.0
10428537,stimulus_Arg_PISACowsMilk_10_page_6,432.4,373.8,1211.0
10428538,stimulus_Arg_PISACowsMilk_10_page_6,432.5,373.7,1211.0
10428539,stimulus_Arg_PISACowsMilk_10_page_6,432.6,373.7,1211.0
10428540,stimulus_Arg_PISACowsMilk_10_page_6,432.7,373.7,1212.0
10428541,stimulus_Arg_PISACowsMilk_10_page_6,432.7,373.7,1213.0
10428542,stimulus_Arg_PISACowsMilk_10_page_6,432.7,373.7,1214.0
10428543,stimulus_Arg_PISACowsMilk_10_page_6,432.6,373.8,1214.0
10428544,stimulus_Arg_PISACowsMilk_10_page_6,432.5,373.9,1214.0
10428545,stimulus_Arg_PISACowsMilk_10_page_6,432.5,373.9,1214.0
10428546,stimulus_Arg_PISACowsMilk_10_page_6,432.6,373.9,1214.0
10428547,stimulus_Arg_PISACowsMilk_10_page_6,432.7,373.9,1213.0
10428548,stimulus_Arg_PISACowsMilk_10_page_6,432.7,373.9,1214.0
10428549,stimulus_Arg_PISACowsMilk_10_page_6,432.6,374.0,1214.0
10428550,stimulus_Arg_PISACowsMilk_10_page_6,432.6,373.9,1214.0
10428551,stimulus_Arg_PISACowsMilk_10_page_6,432.7,373.7,1214.0
10428552,stimulus_Arg_PISACowsMilk_10_page_6,432.8,373.6,1214.0
10428553,stimulus_Arg_PISACowsMilk_10_page_6,432.9,373.9,1215.0
10428554,stimulus_Arg_PISACowsMilk_10_page_6,433.1,374.1,1215.0
10428555,stimulus_Arg_PISACowsMilk_10_page_6,433.4,374.3,1215.0
10428556,stimulus_Arg_PISACowsMilk_10_page_6,433.3,374.3,1215.0
10428557,stimulus_Arg_PISACowsMilk_10_page_6,433.2,374.3,1215.0
10428558,stimulus_Arg_PISACowsMilk_10_page_6,433.0,374.5,1214.0
10428559,stimulus_Arg_PISACowsMilk_10_page_6,432.9,374.7,1213.0
10428560,stimulus_Arg_PISACowsMilk_10_page_6,432.9,374.7,1213.0
10428561,stimulus_Arg_PISACowsMilk_10_page_6,432.9,374.6,1213.0
10428562,stimulus_Arg_PISACowsMilk_10_page_6,433.1,374.5,1214.0
10428563,stimulus_Arg_PISACowsMilk_10_page_6,433.2,374.6,1214.0
10428564,stimulus_Arg_PISACowsMilk_10_page_6,433.2,374.7,1213.0
10428565,stimulus_Arg_PISACowsMilk_10_page_6,433.2,374.7,1212.0
10428566,stimulus_Arg_PISACowsMilk_10_page_6,433.3,374.7,1211.0
10428567,stimulus_Arg_PISACowsMilk_10_page_6,433.3,374.7,1211.0
10428568,stimulus_Arg_PISACowsMilk_10_page_6,433.4,374.8,1211.0
10428569,stimulus_Arg_PISACowsMilk_10_page_6,433.4,374.8,1211.0
10428570,stimulus_Arg_PISACowsMilk_10_page_6,433.4,374.8,1211.0
10428571,stimulus_Arg_PISACowsMilk_10_page_6,433.5,374.7,1211.0
10428572,stimulus_Arg_PISACowsMilk_10_page_6,433.6,374.7,1212.0
10428573,stimulus_Arg_PISACowsMilk_10_page_6,433.7,374.7,1214.0
10428574,stimulus_Arg_PISACowsMilk_10_page_6,433.6,374.7,1215.0
10428575,stimulus_Arg_PISACowsMilk_10_page_6,433.5,374.7,1215.0
10428576,stimulus_Arg_PISACowsMilk_10_page_6,433.5,374.7,1214.0
10428577,stimulus_Arg_PISACowsMilk_10_page_6,433.6,374.7,1214.0
10428578,stimulus_Arg_PISACowsMilk_10_page_6,433.7,374.6,1214.0
10428579,stimulus_Arg_PISACowsMilk_10_page_6,433.7,374.6,1213.0
10428580,stimulus_Arg_PISACowsMilk_10_page_6,433.8,374.6,1213.0
10428581,stimulus_Arg_PISACowsMilk_10_page_6,433.8,374.7,1213.0
10428582,stimulus_Arg_PISACowsMilk_10_page_6,433.8,374.9,1214.0
10428583,stimulus_Arg_PISACowsMilk_10_page_6,433.8,375.0,1215.0
10428584,stimulus_Arg_PISACowsMilk_10_page_6,433.6,375.2,1215.0
10428585,stimulus_Arg_PISACowsMilk_10_page_6,433.5,375.3,1214.0
10428586,stimulus_Arg_PISACowsMilk_10_page_6,433.5,375.4,1213.0
10428587,stimulus_Arg_PISACowsMilk_10_page_6,433.5,375.2,1213.0
10428588,stimulus_Arg_PISACowsMilk_10_page_6,433.5,374.9,1214.0
10428589,stimulus_Arg_PISACowsMilk_10_page_6,433.6,374.5,1214.0
10428590,stimulus_Arg_PISACowsMilk_10_page_6,433.5,374.4,1214.0
10428591,stimulus_Arg_PISACowsMilk_10_page_6,433.4,374.3,1215.0
10428592,stimulus_Arg_PISACowsMilk_10_page_6,433.3,374.4,1215.0
10428593,stimulus_Arg_PISACowsMilk_10_page_6,433.0,374.5,1214.0
10428594,stimulus_Arg_PISACowsMilk_10_page_6,432.9,374.7,1214.0
10428595,stimulus_Arg_PISACowsMilk_10_page_6,433.2,374.8,1214.0
10428596,stimulus_Arg_PISACowsMilk_10_page_6,433.6,374.6,1214.0
10428597,stimulus_Arg_PISACowsMilk_10_page_6,433.7,374.4,1214.0
10428598,stimulus_Arg_PISACowsMilk_10_page_6,433.4,374.2,1213.0
10428599,stimulus_Arg_PISACowsMilk_10_page_6,433.0,374.4,1213.0
10428600,stimulus_Arg_PISACowsMilk_10_page_6,432.9,374.8,1213.0
10428601,stimulus_Arg_PISACowsMilk_10_page_6,432.8,375.1,1214.0
10428602,stimulus_Arg_PISACowsMilk_10_page_6,432.7,375.1,1214.0
10428603,stimulus_Arg_PISACowsMilk_10_page_6,432.7,375.0,1214.0
10428604,stimulus_Arg_PISACowsMilk_10_page_6,432.7,375.0,1213.0
10428605,stimulus_Arg_PISACowsMilk_10_page_6,432.7,375.1,1212.0
10428606,stimulus_Arg_PISACowsMilk_10_page_6,432.7,375.2,1212.0
10428607,stimulus_Arg_PISACowsMilk_10_page_6,432.7,375.0,1212.0
10428608,stimulus_Arg_PISACowsMilk_10_page_6,432.8,374.9,1212.0
10428609,stimulus_Arg_PISACowsMilk_10_page_6,432.7,375.1,1213.0
10428610,stimulus_Arg_PISACowsMilk_10_page_6,432.4,375.4,1213.0
10428611,stimulus_Arg_PISACowsMilk_10_page_6,432.1,375.6,1214.0
10428612,stimulus_Arg_PISACowsMilk_10_page_6,431.9,375.4,1214.0
10428613,stimulus_Arg_PISACowsMilk_10_page_6,431.9,375.1,1215.0
10428614,stimulus_Arg_PISACowsMilk_10_page_6,432.2,374.9,1215.0
10428615,stimulus_Arg_PISACowsMilk_10_page_6,432.6,374.9,1215.0
10428616,stimulus_Arg_PISACowsMilk_10_page_6,432.9,375.1,1214.0
10428617,stimulus_Arg_PISACowsMilk_10_page_6,432.9,375.2,1214.0
10428618,stimulus_Arg_PISACowsMilk_10_page_6,432.9,375.3,1214.0
10428619,stimulus_Arg_PISACowsMilk_10_page_6,432.8,375.3,1213.0
10428620,stimulus_Arg_PISACowsMilk_10_page_6,432.6,375.2,1213.0
10428621,stimulus_Arg_PISACowsMilk_10_page_6,432.4,375.2,1213.0
10428622,stimulus_Arg_PISACowsMilk_10_page_6,432.1,375.3,1213.0
10428623,stimulus_Arg_PISACowsMilk_10_page_6,432.1,375.2,1213.0
10428624,stimulus_Arg_PISACowsMilk_10_page_6,432.2,375.1,1213.0
10428625,stimulus_Arg_PISACowsMilk_10_page_6,432.4,375.0,1213.0
10428626,stimulus_Arg_PISACowsMilk_10_page_6,432.5,375.5,1213.0
10428627,stimulus_Arg_PISACowsMilk_10_page_6,432.5,376.0,1213.0
10428628,stimulus_Arg_PISACowsMilk_10_page_6,431.9,376.4,1212.0
10428629,stimulus_Arg_PISACowsMilk_10_page_6,431.5,376.2,1213.0
10428630,stimulus_Arg_PISACowsMilk_10_page_6,431.1,376.1,1215.0
10428631,stimulus_Arg_PISACowsMilk_10_page_6,431.5,376.1,1216.0
10428632,stimulus_Arg_PISACowsMilk_10_page_6,431.8,376.0,1215.0
10428633,stimulus_Arg_PISACowsMilk_10_page_6,432.4,375.9,1215.0
10428634,stimulus_Arg_PISACowsMilk_10_page_6,432.5,376.1,1215.0
10428635,stimulus_Arg_PISACowsMilk_10_page_6,432.7,376.6,1215.0
10428636,stimulus_Arg_PISACowsMilk_10_page_6,432.6,377.0,1215.0
10428637,stimulus_Arg_PISACowsMilk_10_page_6,432.5,377.3,1215.0
10428638,stimulus_Arg_PISACowsMilk_10_page_6,432.4,377.4,1215.0
10428639,stimulus_Arg_PISACowsMilk_10_page_6,432.3,377.4,1214.0
10428640,stimulus_Arg_PISACowsMilk_10_page_6,432.3,377.3,1214.0
10428641,stimulus_Arg_PISACowsMilk_10_page_6,432.3,377.1,1214.0
10428642,stimulus_Arg_PISACowsMilk_10_page_6,432.3,376.8,1214.0
10428643,stimulus_Arg_PISACowsMilk_10_page_6,432.4,376.6,1214.0
10428644,stimulus_Arg_PISACowsMilk_10_page_6,432.4,376.6,1215.0
10428645,stimulus_Arg_PISACowsMilk_10_page_6,432.4,376.7,1215.0
10428646,stimulus_Arg_PISACowsMilk_10_page_6,432.3,376.8,1215.0
10428647,stimulus_Arg_PISACowsMilk_10_page_6,432.2,376.9,1215.0
10428648,stimulus_Arg_PISACowsMilk_10_page_6,432.2,377.3,1215.0
10428649,stimulus_Arg_PISACowsMilk_10_page_6,432.2,377.7,1215.0
10428650,stimulus_Arg_PISACowsMilk_10_page_6,432.2,378.1,1216.0
10428651,stimulus_Arg_PISACowsMilk_10_page_6,432.2,378.1,1217.0
10428652,stimulus_Arg_PISACowsMilk_10_page_6,432.3,378.0,1218.0
10428653,stimulus_Arg_PISACowsMilk_10_page_6,432.5,377.8,1217.0
10428654,stimulus_Arg_PISACowsMilk_10_page_6,432.6,377.7,1216.0
10428655,stimulus_Arg_PISACowsMilk_10_page_6,432.7,377.7,1215.0
10428656,stimulus_Arg_PISACowsMilk_10_page_6,432.5,377.8,1216.0
10428657,stimulus_Arg_PISACowsMilk_10_page_6,432.3,378.1,1218.0
10428658,stimulus_Arg_PISACowsMilk_10_page_6,432.4,378.3,1219.0
10428659,stimulus_Arg_PISACowsMilk_10_page_6,432.6,378.6,1220.0
10428660,stimulus_Arg_PISACowsMilk_10_page_6,432.5,378.4,1220.0
10428661,stimulus_Arg_PISACowsMilk_10_page_6,432.3,378.2,1219.0
10428662,stimulus_Arg_PISACowsMilk_10_page_6,432.2,378.1,1219.0
10428663,stimulus_Arg_PISACowsMilk_10_page_6,432.3,378.1,1219.0
10428664,stimulus_Arg_PISACowsMilk_10_page_6,432.3,378.2,1219.0
10428665,stimulus_Arg_PISACowsMilk_10_page_6,432.1,378.3,1220.0
10428666,stimulus_Arg_PISACowsMilk_10_page_6,432.1,378.1,1220.0
10428667,stimulus_Arg_PISACowsMilk_10_page_6,432.3,377.9,1221.0
10428668,stimulus_Arg_PISACowsMilk_10_page_6,432.5,377.8,1221.0
10428669,stimulus_Arg_PISACowsMilk_10_page_6,432.7,378.0,1220.0
10428670,stimulus_Arg_PISACowsMilk_10_page_6,432.8,378.2,1220.0
10428671,stimulus_Arg_PISACowsMilk_10_page_6,432.8,378.5,1220.0
10428672,stimulus_Arg_PISACowsMilk_10_page_6,432.7,378.6,1220.0
10428673,stimulus_Arg_PISACowsMilk_10_page_6,432.6,378.8,1220.0
10428674,stimulus_Arg_PISACowsMilk_10_page_6,432.3,378.9,1220.0
10428675,stimulus_Arg_PISACowsMilk_10_page_6,432.1,379.0,1219.0
10428676,stimulus_Arg_PISACowsMilk_10_page_6,432.2,379.0,1220.0
10428677,stimulus_Arg_PISACowsMilk_10_page_6,432.5,378.9,1222.0
10428678,stimulus_Arg_PISACowsMilk_10_page_6,432.8,378.9,1224.0
10428679,stimulus_Arg_PISACowsMilk_10_page_6,432.7,379.1,1224.0
10428680,stimulus_Arg_PISACowsMilk_10_page_6,432.6,379.2,1225.0
10428681,stimulus_Arg_PISACowsMilk_10_page_6,432.6,379.2,1225.0
10428682,stimulus_Arg_PISACowsMilk_10_page_6,432.5,379.2,1225.0
10428683,stimulus_Arg_PISACowsMilk_10_page_6,432.5,379.2,1224.0
10428684,stimulus_Arg_PISACowsMilk_10_page_6,432.5,379.2,1223.0
10428685,stimulus_Arg_PISACowsMilk_10_page_6,432.6,379.3,1222.0
10428686,stimulus_Arg_PISACowsMilk_10_page_6,432.7,379.3,1222.0
10428687,stimulus_Arg_PISACowsMilk_10_page_6,432.8,379.2,1222.0
10428688,stimulus_Arg_PISACowsMilk_10_page_6,432.9,379.1,1222.0
10428689,stimulus_Arg_PISACowsMilk_10_page_6,432.7,379.2,1223.0
10428690,stimulus_Arg_PISACowsMilk_10_page_6,432.5,379.1,1224.0
10428691,stimulus_Arg_PISACowsMilk_10_page_6,432.4,379.1,1224.0
10428692,stimulus_Arg_PISACowsMilk_10_page_6,432.5,379.0,1224.0
10428693,stimulus_Arg_PISACowsMilk_10_page_6,432.7,378.9,1223.0
10428694,stimulus_Arg_PISACowsMilk_10_page_6,432.9,378.9,1223.0
10428695,stimulus_Arg_PISACowsMilk_10_page_6,432.8,379.0,1222.0
10428696,stimulus_Arg_PISACowsMilk_10_page_6,432.7,378.9,1222.0
10428697,stimulus_Arg_PISACowsMilk_10_page_6,432.7,378.8,1222.0
10428698,stimulus_Arg_PISACowsMilk_10_page_6,432.7,378.8,1221.0
10428699,stimulus_Arg_PISACowsMilk_10_page_6,432.7,379.0,1222.0
10428700,stimulus_Arg_PISACowsMilk_10_page_6,432.7,378.9,1223.0
10428701,stimulus_Arg_PISACowsMilk_10_page_6,432.8,378.8,1224.0
10428702,stimulus_Arg_PISACowsMilk_10_page_6,432.9,378.8,1224.0
10428703,stimulus_Arg_PISACowsMilk_10_page_6,432.9,379.0,1224.0
10428704,stimulus_Arg_PISACowsMilk_10_page_6,433.0,379.1,1224.0
10428705,stimulus_Arg_PISACowsMilk_10_page_6,433.2,378.9,1223.0
10428706,stimulus_Arg_PISACowsMilk_10_page_6,433.4,378.7,1223.0
10428707,stimulus_Arg_PISACowsMilk_10_page_6,433.2,378.8,1224.0
10428708,stimulus_Arg_PISACowsMilk_10_page_6,433.0,378.9,1224.0
10428709,stimulus_Arg_PISACowsMilk_10_page_6,432.9,379.0,1225.0
10428710,stimulus_Arg_PISACowsMilk_10_page_6,432.9,379.1,1225.0
10428711,stimulus_Arg_PISACowsMilk_10_page_6,433.0,379.1,1226.0
10428712,stimulus_Arg_PISACowsMilk_10_page_6,433.0,379.1,1227.0
10428713,stimulus_Arg_PISACowsMilk_10_page_6,433.0,379.0,1227.0
10428714,stimulus_Arg_PISACowsMilk_10_page_6,433.0,379.0,1228.0
10428715,stimulus_Arg_PISACowsMilk_10_page_6,433.1,378.9,1228.0
10428716,stimulus_Arg_PISACowsMilk_10_page_6,433.1,378.9,1227.0
10428717,stimulus_Arg_PISACowsMilk_10_page_6,433.0,378.9,1227.0
10428718,stimulus_Arg_PISACowsMilk_10_page_6,432.9,378.8,1227.0
10428719,stimulus_Arg_PISACowsMilk_10_page_6,432.9,378.7,1227.0
10428720,stimulus_Arg_PISACowsMilk_10_page_6,432.9,378.8,1227.0
10428721,stimulus_Arg_PISACowsMilk_10_page_6,432.9,379.0,1226.0
10428722,stimulus_Arg_PISACowsMilk_10_page_6,432.9,379.2,1226.0
10428723,stimulus_Arg_PISACowsMilk_10_page_6,433.0,379.1,1226.0
10428724,stimulus_Arg_PISACowsMilk_10_page_6,433.1,378.9,1226.0
10428725,stimulus_Arg_PISACowsMilk_10_page_6,433.1,378.8,1226.0
10428726,stimulus_Arg_PISACowsMilk_10_page_6,433.0,379.1,1226.0
10428727,stimulus_Arg_PISACowsMilk_10_page_6,432.9,379.5,1226.0
10428728,stimulus_Arg_PISACowsMilk_10_page_6,433.1,379.5,1227.0
10428729,stimulus_Arg_PISACowsMilk_10_page_6,433.2,379.3,1228.0
10428730,stimulus_Arg_PISACowsMilk_10_page_6,433.4,379.2,1229.0
10428731,stimulus_Arg_PISACowsMilk_10_page_6,433.4,379.0,1229.0
10428732,stimulus_Arg_PISACowsMilk_10_page_6,433.3,378.9,1229.0
10428733,stimulus_Arg_PISACowsMilk_10_page_6,433.3,378.8,1228.0
10428734,stimulus_Arg_PISACowsMilk_10_page_6,433.3,378.8,1228.0
10428735,stimulus_Arg_PISACowsMilk_10_page_6,433.1,378.7,1227.0
10428736,stimulus_Arg_PISACowsMilk_10_page_6,432.8,378.7,1227.0
10428737,stimulus_Arg_PISACowsMilk_10_page_6,432.6,378.8,1228.0
10428738,stimulus_Arg_PISACowsMilk_10_page_6,432.6,379.0,1229.0
10428739,stimulus_Arg_PISACowsMilk_10_page_6,432.8,379.3,1229.0
10428740,stimulus_Arg_PISACowsMilk_10_page_6,432.9,379.3,1230.0
10428741,stimulus_Arg_PISACowsMilk_10_page_6,432.9,379.3,1230.0
10428742,stimulus_Arg_PISACowsMilk_10_page_6,432.9,379.3,1230.0
10428743,stimulus_Arg_PISACowsMilk_10_page_6,432.8,379.3,1230.0
10428744,stimulus_Arg_PISACowsMilk_10_page_6,432.8,379.3,1230.0
10428745,stimulus_Arg_PISACowsMilk_10_page_6,432.7,379.4,1230.0
10428746,stimulus_Arg_PISACowsMilk_10_page_6,432.7,379.5,1230.0
10428747,stimulus_Arg_PISACowsMilk_10_page_6,432.6,379.7,1230.0
10428748,stimulus_Arg_PISACowsMilk_10_page_6,432.6,379.8,1229.0
10428749,stimulus_Arg_PISACowsMilk_10_page_6,432.6,379.7,1229.0
10428750,stimulus_Arg_PISACowsMilk_10_page_6,432.6,379.6,1229.0
10428751,stimulus_Arg_PISACowsMilk_10_page_6,432.6,379.5,1230.0
10428752,stimulus_Arg_PISACowsMilk_10_page_6,432.6,379.6,1231.0
10428753,stimulus_Arg_PISACowsMilk_10_page_6,432.5,379.7,1231.0
10428754,stimulus_Arg_PISACowsMilk_10_page_6,432.4,379.8,1232.0
10428755,stimulus_Arg_PISACowsMilk_10_page_6,432.3,379.9,1232.0
10428756,stimulus_Arg_PISACowsMilk_10_page_6,432.3,380.1,1232.0
10428757,stimulus_Arg_PISACowsMilk_10_page_6,432.3,380.2,1232.0
10428758,stimulus_Arg_PISACowsMilk_10_page_6,432.4,380.2,1232.0
10428759,stimulus_Arg_PISACowsMilk_10_page_6,432.4,380.0,1233.0
10428760,stimulus_Arg_PISACowsMilk_10_page_6,432.4,379.9,1234.0
10428761,stimulus_Arg_PISACowsMilk_10_page_6,432.5,379.9,1234.0
10428762,stimulus_Arg_PISACowsMilk_10_page_6,432.6,379.9,1234.0
10428763,stimulus_Arg_PISACowsMilk_10_page_6,432.8,379.9,1233.0
10428764,stimulus_Arg_PISACowsMilk_10_page_6,433.1,379.9,1233.0
10428765,stimulus_Arg_PISACowsMilk_10_page_6,433.1,379.8,1234.0
10428766,stimulus_Arg_PISACowsMilk_10_page_6,432.8,379.9,1234.0
10428767,stimulus_Arg_PISACowsMilk_10_page_6,432.5,380.2,1234.0
10428768,stimulus_Arg_PISACowsMilk_10_page_6,432.4,380.5,1234.0
10428769,stimulus_Arg_PISACowsMilk_10_page_6,432.4,380.4,1233.0
10428770,stimulus_Arg_PISACowsMilk_10_page_6,432.3,380.1,1234.0
10428771,stimulus_Arg_PISACowsMilk_10_page_6,432.3,379.8,1234.0
10428772,stimulus_Arg_PISACowsMilk_10_page_6,432.5,379.8,1234.0
10428773,stimulus_Arg_PISACowsMilk_10_page_6,432.7,380.0,1234.0
10428774,stimulus_Arg_PISACowsMilk_10_page_6,433.0,380.1,1234.0
10428775,stimulus_Arg_PISACowsMilk_10_page_6,433.1,380.3,1234.0
10428776,stimulus_Arg_PISACowsMilk_10_page_6,433.2,380.2,1234.0
10428777,stimulus_Arg_PISACowsMilk_10_page_6,433.2,379.9,1234.0
10428778,stimulus_Arg_PISACowsMilk_10_page_6,433.3,379.7,1233.0
10428779,stimulus_Arg_PISACowsMilk_10_page_6,433.3,379.8,1233.0
10428780,stimulus_Arg_PISACowsMilk_10_page_6,433.2,380.0,1234.0
10428781,stimulus_Arg_PISACowsMilk_10_page_6,433.0,380.2,1235.0
10428782,stimulus_Arg_PISACowsMilk_10_page_6,432.6,380.2,1236.0
10428783,stimulus_Arg_PISACowsMilk_10_page_6,432.3,380.3,1236.0
10428784,stimulus_Arg_PISACowsMilk_10_page_6,432.1,380.4,1236.0
10428785,stimulus_Arg_PISACowsMilk_10_page_6,432.1,380.4,1236.0
10428786,stimulus_Arg_PISACowsMilk_10_page_6,432.3,380.3,1236.0
10428787,stimulus_Arg_PISACowsMilk_10_page_6,432.6,380.1,1237.0
10428788,stimulus_Arg_PISACowsMilk_10_page_6,432.7,380.0,1237.0
10428789,stimulus_Arg_PISACowsMilk_10_page_6,432.8,379.9,1238.0
10428790,stimulus_Arg_PISACowsMilk_10_page_6,432.8,379.8,1239.0
10428791,stimulus_Arg_PISACowsMilk_10_page_6,432.8,379.9,1239.0
10428792,stimulus_Arg_PISACowsMilk_10_page_6,432.8,380.1,1239.0
10428793,stimulus_Arg_PISACowsMilk_10_page_6,432.8,380.3,1239.0
10428794,stimulus_Arg_PISACowsMilk_10_page_6,432.8,380.3,1239.0
10428795,stimulus_Arg_PISACowsMilk_10_page_6,432.8,380.3,1239.0
10428796,stimulus_Arg_PISACowsMilk_10_page_6,432.8,380.3,1239.0
10428797,stimulus_Arg_PISACowsMilk_10_page_6,432.8,380.2,1239.0
10428798,stimulus_Arg_PISACowsMilk_10_page_6,432.7,380.0,1240.0
10428799,stimulus_Arg_PISACowsMilk_10_page_6,432.8,379.9,1240.0
10428800,stimulus_Arg_PISACowsMilk_10_page_6,432.7,379.8,1241.0
10428801,stimulus_Arg_PISACowsMilk_10_page_6,432.7,379.8,1241.0
10428802,stimulus_Arg_PISACowsMilk_10_page_6,432.5,379.8,1241.0
10428803,stimulus_Arg_PISACowsMilk_10_page_6,432.4,379.8,1241.0
10428804,stimulus_Arg_PISACowsMilk_10_page_6,432.3,379.8,1241.0
10428805,stimulus_Arg_PISACowsMilk_10_page_6,432.4,379.9,1241.0
10428806,stimulus_Arg_PISACowsMilk_10_page_6,432.4,379.9,1241.0
10428807,stimulus_Arg_PISACowsMilk_10_page_6,432.3,379.9,1240.0
10428808,stimulus_Arg_PISACowsMilk_10_page_6,432.4,379.9,1240.0
10428809,stimulus_Arg_PISACowsMilk_10_page_6,432.6,380.1,1240.0
10428810,stimulus_Arg_PISACowsMilk_10_page_6,432.5,380.3,1240.0
10428811,stimulus_Arg_PISACowsMilk_10_page_6,432.3,380.4,1241.0
10428812,stimulus_Arg_PISACowsMilk_10_page_6,432.3,380.3,1242.0
10428813,stimulus_Arg_PISACowsMilk_10_page_6,432.6,380.2,1242.0
10428814,stimulus_Arg_PISACowsMilk_10_page_6,433.0,380.1,1242.0
10428815,stimulus_Arg_PISACowsMilk_10_page_6,433.2,379.9,1242.0
10428816,stimulus_Arg_PISACowsMilk_10_page_6,433.1,379.9,1242.0
10428817,stimulus_Arg_PISACowsMilk_10_page_6,433.0,379.8,1241.0
10428818,stimulus_Arg_PISACowsMilk_10_page_6,433.0,379.6,1240.0
10428819,stimulus_Arg_PISACowsMilk_10_page_6,433.2,379.5,1239.0
10428820,stimulus_Arg_PISACowsMilk_10_page_6,432.9,379.4,1240.0
10428821,stimulus_Arg_PISACowsMilk_10_page_6,432.7,379.6,1241.0
10428822,stimulus_Arg_PISACowsMilk_10_page_6,432.3,379.8,1242.0
10428823,stimulus_Arg_PISACowsMilk_10_page_6,432.2,380.1,1242.0
10428824,stimulus_Arg_PISACowsMilk_10_page_6,432.3,380.4,1242.0
10428825,stimulus_Arg_PISACowsMilk_10_page_6,432.4,380.8,1242.0
10428826,stimulus_Arg_PISACowsMilk_10_page_6,432.5,380.9,1242.0
10428827,stimulus_Arg_PISACowsMilk_10_page_6,432.4,380.9,1242.0
10428828,stimulus_Arg_PISACowsMilk_10_page_6,432.2,380.7,1242.0
10428829,stimulus_Arg_PISACowsMilk_10_page_6,432.2,380.5,1242.0
10428830,stimulus_Arg_PISACowsMilk_10_page_6,432.2,380.3,1243.0
10428831,stimulus_Arg_PISACowsMilk_10_page_6,432.2,380.3,1243.0
10428832,stimulus_Arg_PISACowsMilk_10_page_6,432.1,380.5,1243.0
10428833,stimulus_Arg_PISACowsMilk_10_page_6,432.1,380.8,1243.0
10428834,stimulus_Arg_PISACowsMilk_10_page_6,432.2,380.6,1243.0
10428835,stimulus_Arg_PISACowsMilk_10_page_6,432.4,380.3,1243.0
10428836,stimulus_Arg_PISACowsMilk_10_page_6,432.5,380.0,1242.0
10428837,stimulus_Arg_PISACowsMilk_10_page_6,432.6,380.0,1242.0
10428838,stimulus_Arg_PISACowsMilk_10_page_6,432.7,380.0,1242.0
10428839,stimulus_Arg_PISACowsMilk_10_page_6,432.7,380.0,1243.0
10428840,stimulus_Arg_PISACowsMilk_10_page_6,432.7,380.1,1243.0
10428841,stimulus_Arg_PISACowsMilk_10_page_6,432.6,380.3,1244.0
10428842,stimulus_Arg_PISACowsMilk_10_page_6,432.6,380.5,1244.0
10428843,stimulus_Arg_PISACowsMilk_10_page_6,432.6,380.6,1245.0
10428844,stimulus_Arg_PISACowsMilk_10_page_6,432.6,380.6,1245.0
10428845,stimulus_Arg_PISACowsMilk_10_page_6,432.6,380.6,1245.0
10428846,stimulus_Arg_PISACowsMilk_10_page_6,432.6,380.6,1245.0
10428847,stimulus_Arg_PISACowsMilk_10_page_6,432.6,380.6,1245.0
10428848,stimulus_Arg_PISACowsMilk_10_page_6,432.5,380.5,1245.0
10428849,stimulus_Arg_PISACowsMilk_10_page_6,432.4,380.6,1245.0
10428850,stimulus_Arg_PISACowsMilk_10_page_6,432.2,380.8,1245.0
10428851,stimulus_Arg_PISACowsMilk_10_page_6,432.2,380.8,1245.0
10428852,stimulus_Arg_PISACowsMilk_10_page_6,432.4,380.7,1245.0
10428853,stimulus_Arg_PISACowsMilk_10_page_6,432.8,380.4,1245.0
10428854,stimulus_Arg_PISACowsMilk_10_page_6,433.4,380.3,1245.0
10428855,stimulus_Arg_PISACowsMilk_10_page_6,434.0,380.2,1245.0
10428856,stimulus_Arg_PISACowsMilk_10_page_6,434.2,380.2,1245.0
10428857,stimulus_Arg_PISACowsMilk_10_page_6,434.2,380.3,1245.0
10428858,stimulus_Arg_PISACowsMilk_10_page_6,434.1,379.9,1244.0
10428859,stimulus_Arg_PISACowsMilk_10_page_6,433.0,379.3,1243.0
10428860,stimulus_Arg_PISACowsMilk_10_page_6,430.1,378.5,1243.0
10428861,stimulus_Arg_PISACowsMilk_10_page_6,425.6,378.7,1245.0
10428862,stimulus_Arg_PISACowsMilk_10_page_6,420.3,378.8,1246.0
10428863,stimulus_Arg_PISACowsMilk_10_page_6,413.9,378.8,1246.0
10428864,stimulus_Arg_PISACowsMilk_10_page_6,406.8,378.5,1246.0
10428865,stimulus_Arg_PISACowsMilk_10_page_6,398.8,378.3,1246.0
10428866,stimulus_Arg_PISACowsMilk_10_page_6,390.4,379.0,1247.0
10428867,stimulus_Arg_PISACowsMilk_10_page_6,382.5,379.4,1248.0
10428868,stimulus_Arg_PISACowsMilk_10_page_6,373.6,379.8,1249.0
10428869,stimulus_Arg_PISACowsMilk_10_page_6,365.9,379.5,1249.0
10428870,stimulus_Arg_PISACowsMilk_10_page_6,358.7,379.6,1249.0
10428871,stimulus_Arg_PISACowsMilk_10_page_6,352.9,379.8,1251.0
10428872,stimulus_Arg_PISACowsMilk_10_page_6,348.3,380.2,1253.0
10428873,stimulus_Arg_PISACowsMilk_10_page_6,344.9,380.5,1254.0
10428874,stimulus_Arg_PISACowsMilk_10_page_6,343.6,381.1,1253.0
10428875,stimulus_Arg_PISACowsMilk_10_page_6,342.8,381.6,1251.0
10428876,stimulus_Arg_PISACowsMilk_10_page_6,342.2,382.0,1249.0
10428877,stimulus_Arg_PISACowsMilk_10_page_6,341.7,381.9,1247.0
10428878,stimulus_Arg_PISACowsMilk_10_page_6,342.3,381.9,1247.0
10428879,stimulus_Arg_PISACowsMilk_10_page_6,343.4,381.7,1248.0
10428880,stimulus_Arg_PISACowsMilk_10_page_6,345.0,381.5,1248.0
10428881,stimulus_Arg_PISACowsMilk_10_page_6,346.4,381.3,1248.0
10428882,stimulus_Arg_PISACowsMilk_10_page_6,347.9,381.2,1248.0
10428883,stimulus_Arg_PISACowsMilk_10_page_6,349.8,380.6,1248.0
10428884,stimulus_Arg_PISACowsMilk_10_page_6,351.1,379.8,1249.0
10428885,stimulus_Arg_PISACowsMilk_10_page_6,352.3,379.2,1249.0
10428886,stimulus_Arg_PISACowsMilk_10_page_6,353.2,378.5,1250.0
10428887,stimulus_Arg_PISACowsMilk_10_page_6,354.5,378.1,1250.0
10428888,stimulus_Arg_PISACowsMilk_10_page_6,355.5,377.6,1250.0
10428889,stimulus_Arg_PISACowsMilk_10_page_6,356.2,377.5,1250.0
10428890,stimulus_Arg_PISACowsMilk_10_page_6,356.7,377.4,1250.0
10428891,stimulus_Arg_PISACowsMilk_10_page_6,357.0,377.4,1249.0
10428892,stimulus_Arg_PISACowsMilk_10_page_6,357.5,377.7,1248.0
10428893,stimulus_Arg_PISACowsMilk_10_page_6,357.7,377.9,1247.0
10428894,stimulus_Arg_PISACowsMilk_10_page_6,357.9,378.0,1247.0
10428895,stimulus_Arg_PISACowsMilk_10_page_6,358.2,378.3,1248.0
10428896,stimulus_Arg_PISACowsMilk_10_page_6,358.2,378.6,1249.0
10428897,stimulus_Arg_PISACowsMilk_10_page_6,358.2,379.0,1249.0
10428898,stimulus_Arg_PISACowsMilk_10_page_6,357.7,379.3,1249.0
10428899,stimulus_Arg_PISACowsMilk_10_page_6,357.0,379.6,1251.0
10428900,stimulus_Arg_PISACowsMilk_10_page_6,356.4,379.9,1252.0
10428901,stimulus_Arg_PISACowsMilk_10_page_6,356.2,380.3,1253.0
10428902,stimulus_Arg_PISACowsMilk_10_page_6,355.7,380.6,1253.0
10428903,stimulus_Arg_PISACowsMilk_10_page_6,355.2,381.0,1252.0
10428904,stimulus_Arg_PISACowsMilk_10_page_6,354.5,381.1,1251.0
10428905,stimulus_Arg_PISACowsMilk_10_page_6,354.0,381.3,1249.0
10428906,stimulus_Arg_PISACowsMilk_10_page_6,353.6,381.5,1249.0
10428907,stimulus_Arg_PISACowsMilk_10_page_6,353.3,381.7,1249.0
10428908,stimulus_Arg_PISACowsMilk_10_page_6,353.2,382.0,1250.0
10428909,stimulus_Arg_PISACowsMilk_10_page_6,353.0,382.1,1251.0
10428910,stimulus_Arg_PISACowsMilk_10_page_6,352.7,382.1,1251.0
10428911,stimulus_Arg_PISACowsMilk_10_page_6,352.5,382.0,1251.0
10428912,stimulus_Arg_PISACowsMilk_10_page_6,352.3,381.9,1251.0
10428913,stimulus_Arg_PISACowsMilk_10_page_6,352.3,381.7,1251.0
10428914,stimulus_Arg_PISACowsMilk_10_page_6,352.2,381.7,1251.0
10428915,stimulus_Arg_PISACowsMilk_10_page_6,352.3,381.6,1251.0
10428916,stimulus_Arg_PISACowsMilk_10_page_6,352.4,381.5,1251.0
10428917,stimulus_Arg_PISACowsMilk_10_page_6,352.5,381.4,1251.0
10428918,stimulus_Arg_PISACowsMilk_10_page_6,352.5,381.3,1250.0
10428919,stimulus_Arg_PISACowsMilk_10_page_6,352.5,381.2,1250.0
10428920,stimulus_Arg_PISACowsMilk_10_page_6,352.5,381.2,1251.0
10428921,stimulus_Arg_PISACowsMilk_10_page_6,352.5,381.1,1252.0
10428922,stimulus_Arg_PISACowsMilk_10_page_6,352.5,381.0,1252.0
10428923,stimulus_Arg_PISACowsMilk_10_page_6,352.5,380.9,1252.0
10428924,stimulus_Arg_PISACowsMilk_10_page_6,352.3,380.8,1251.0
10428925,stimulus_Arg_PISACowsMilk_10_page_6,352.0,380.9,1251.0
10428926,stimulus_Arg_PISACowsMilk_10_page_6,351.8,381.1,1251.0
10428927,stimulus_Arg_PISACowsMilk_10_page_6,351.5,381.3,1251.0
10428928,stimulus_Arg_PISACowsMilk_10_page_6,351.2,381.3,1251.0
10428929,stimulus_Arg_PISACowsMilk_10_page_6,350.9,381.3,1251.0
10428930,stimulus_Arg_PISACowsMilk_10_page_6,350.8,381.7,1251.0
10428931,stimulus_Arg_PISACowsMilk_10_page_6,350.7,382.1,1251.0
10428932,stimulus_Arg_PISACowsMilk_10_page_6,350.7,382.6,1251.0
10428933,stimulus_Arg_PISACowsMilk_10_page_6,350.8,382.8,1251.0
10428934,stimulus_Arg_PISACowsMilk_10_page_6,351.0,383.0,1251.0
10428935,stimulus_Arg_PISACowsMilk_10_page_6,351.1,383.0,1251.0
10428936,stimulus_Arg_PISACowsMilk_10_page_6,351.4,382.8,1252.0
10428937,stimulus_Arg_PISACowsMilk_10_page_6,351.6,382.6,1253.0
10428938,stimulus_Arg_PISACowsMilk_10_page_6,351.7,382.4,1253.0
10428939,stimulus_Arg_PISACowsMilk_10_page_6,351.8,382.6,1254.0
10428940,stimulus_Arg_PISACowsMilk_10_page_6,351.8,382.6,1254.0
10428941,stimulus_Arg_PISACowsMilk_10_page_6,351.9,382.7,1254.0
10428942,stimulus_Arg_PISACowsMilk_10_page_6,351.9,382.7,1254.0
10428943,stimulus_Arg_PISACowsMilk_10_page_6,351.9,382.7,1253.0
10428944,stimulus_Arg_PISACowsMilk_10_page_6,352.0,382.4,1252.0
10428945,stimulus_Arg_PISACowsMilk_10_page_6,352.0,382.1,1251.0
10428946,stimulus_Arg_PISACowsMilk_10_page_6,352.0,382.3,1250.0
10428947,stimulus_Arg_PISACowsMilk_10_page_6,352.0,382.7,1250.0
10428948,stimulus_Arg_PISACowsMilk_10_page_6,351.8,383.0,1251.0
10428949,stimulus_Arg_PISACowsMilk_10_page_6,351.6,382.9,1252.0
10428950,stimulus_Arg_PISACowsMilk_10_page_6,351.3,382.7,1253.0
10428951,stimulus_Arg_PISACowsMilk_10_page_6,351.2,382.7,1253.0
10428952,stimulus_Arg_PISACowsMilk_10_page_6,351.2,382.7,1253.0
10428953,stimulus_Arg_PISACowsMilk_10_page_6,351.2,382.7,1252.0
10428954,stimulus_Arg_PISACowsMilk_10_page_6,351.3,382.8,1252.0
10428955,stimulus_Arg_PISACowsMilk_10_page_6,351.3,382.8,1252.0
10428956,stimulus_Arg_PISACowsMilk_10_page_6,351.4,382.8,1251.0
10428957,stimulus_Arg_PISACowsMilk_10_page_6,351.4,382.7,1251.0
10428958,stimulus_Arg_PISACowsMilk_10_page_6,351.4,382.7,1250.0
10428959,stimulus_Arg_PISACowsMilk_10_page_6,351.4,382.7,1250.0
10428960,stimulus_Arg_PISACowsMilk_10_page_6,351.3,382.8,1250.0
10428961,stimulus_Arg_PISACowsMilk_10_page_6,351.2,382.9,1250.0
10428962,stimulus_Arg_PISACowsMilk_10_page_6,351.0,383.1,1250.0
10428963,stimulus_Arg_PISACowsMilk_10_page_6,351.0,383.2,1250.0
10428964,stimulus_Arg_PISACowsMilk_10_page_6,351.3,383.2,1250.0
10428965,stimulus_Arg_PISACowsMilk_10_page_6,351.5,383.2,1250.0
10428966,stimulus_Arg_PISACowsMilk_10_page_6,351.5,383.2,1251.0
10428967,stimulus_Arg_PISACowsMilk_10_page_6,351.6,383.1,1251.0
10428968,stimulus_Arg_PISACowsMilk_10_page_6,351.5,383.2,1252.0
10428969,stimulus_Arg_PISACowsMilk_10_page_6,351.3,383.4,1253.0
10428970,stimulus_Arg_PISACowsMilk_10_page_6,351.1,383.6,1253.0
10428971,stimulus_Arg_PISACowsMilk_10_page_6,351.0,383.6,1253.0
10428972,stimulus_Arg_PISACowsMilk_10_page_6,351.0,383.5,1252.0
10428973,stimulus_Arg_PISACowsMilk_10_page_6,351.0,383.5,1251.0
10428974,stimulus_Arg_PISACowsMilk_10_page_6,351.0,383.4,1250.0
10428975,stimulus_Arg_PISACowsMilk_10_page_6,351.2,383.6,1250.0
10428976,stimulus_Arg_PISACowsMilk_10_page_6,351.5,383.8,1250.0
10428977,stimulus_Arg_PISACowsMilk_10_page_6,351.7,384.0,1250.0
10428978,stimulus_Arg_PISACowsMilk_10_page_6,351.7,383.9,1250.0
10428979,stimulus_Arg_PISACowsMilk_10_page_6,351.7,383.9,1250.0
10428980,stimulus_Arg_PISACowsMilk_10_page_6,351.7,383.8,1251.0
10428981,stimulus_Arg_PISACowsMilk_10_page_6,351.7,383.7,1251.0
10428982,stimulus_Arg_PISACowsMilk_10_page_6,351.6,383.7,1252.0
10428983,stimulus_Arg_PISACowsMilk_10_page_6,351.4,383.7,1252.0
10428984,stimulus_Arg_PISACowsMilk_10_page_6,351.4,383.8,1252.0
10428985,stimulus_Arg_PISACowsMilk_10_page_6,351.3,383.9,1252.0
10428986,stimulus_Arg_PISACowsMilk_10_page_6,351.3,383.9,1252.0
10428987,stimulus_Arg_PISACowsMilk_10_page_6,351.2,383.6,1252.0
10428988,stimulus_Arg_PISACowsMilk_10_page_6,350.8,383.3,1252.0
10428989,stimulus_Arg_PISACowsMilk_10_page_6,350.3,383.1,1254.0
10428990,stimulus_Arg_PISACowsMilk_10_page_6,349.9,383.1,1254.0
10428991,stimulus_Arg_PISACowsMilk_10_page_6,350.0,382.9,1254.0
10428992,stimulus_Arg_PISACowsMilk_10_page_6,350.2,382.8,1254.0
10428993,stimulus_Arg_PISACowsMilk_10_page_6,350.5,382.5,1254.0
10428994,stimulus_Arg_PISACowsMilk_10_page_6,350.7,382.5,1255.0
10428995,stimulus_Arg_PISACowsMilk_10_page_6,351.0,382.4,1254.0
10428996,stimulus_Arg_PISACowsMilk_10_page_6,351.2,382.5,1254.0
10428997,stimulus_Arg_PISACowsMilk_10_page_6,351.3,382.5,1253.0
10428998,stimulus_Arg_PISACowsMilk_10_page_6,351.4,382.5,1254.0
10428999,stimulus_Arg_PISACowsMilk_10_page_6,351.4,382.5,1254.0
10429000,stimulus_Arg_PISACowsMilk_10_page_6,351.4,382.4,1255.0
10429001,stimulus_Arg_PISACowsMilk_10_page_6,351.5,382.6,1254.0
10429002,stimulus_Arg_PISACowsMilk_10_page_6,351.7,382.9,1253.0
10429003,stimulus_Arg_PISACowsMilk_10_page_6,351.8,383.2,1253.0
10429004,stimulus_Arg_PISACowsMilk_10_page_6,351.7,383.3,1254.0
10429005,stimulus_Arg_PISACowsMilk_10_page_6,351.5,383.2,1254.0
10429006,stimulus_Arg_PISACowsMilk_10_page_6,351.4,383.1,1253.0
10429007,stimulus_Arg_PISACowsMilk_10_page_6,351.3,383.1,1253.0
10429008,stimulus_Arg_PISACowsMilk_10_page_6,351.3,383.0,1253.0
10429009,stimulus_Arg_PISACowsMilk_10_page_6,351.3,383.0,1253.0
10429010,stimulus_Arg_PISACowsMilk_10_page_6,351.4,382.8,1253.0
10429011,stimulus_Arg_PISACowsMilk_10_page_6,351.5,382.5,1254.0
10429012,stimulus_Arg_PISACowsMilk_10_page_6,351.6,382.4,1254.0
10429013,stimulus_Arg_PISACowsMilk_10_page_6,351.7,382.4,1254.0
10429014,stimulus_Arg_PISACowsMilk_10_page_6,351.7,382.5,1253.0
10429015,stimulus_Arg_PISACowsMilk_10_page_6,351.7,382.6,1253.0
10429016,stimulus_Arg_PISACowsMilk_10_page_6,351.7,382.8,1253.0
10429017,stimulus_Arg_PISACowsMilk_10_page_6,351.7,383.1,1253.0
10429018,stimulus_Arg_PISACowsMilk_10_page_6,351.6,383.4,1253.0
10429019,stimulus_Arg_PISACowsMilk_10_page_6,351.7,383.4,1253.0
10429020,stimulus_Arg_PISACowsMilk_10_page_6,351.7,383.3,1253.0
10429021,stimulus_Arg_PISACowsMilk_10_page_6,351.8,383.1,1254.0
10429022,stimulus_Arg_PISACowsMilk_10_page_6,351.8,383.1,1255.0
10429023,stimulus_Arg_PISACowsMilk_10_page_6,351.8,382.9,1255.0
10429024,stimulus_Arg_PISACowsMilk_10_page_6,351.8,382.8,1254.0
10429025,stimulus_Arg_PISACowsMilk_10_page_6,351.8,382.7,1254.0
10429026,stimulus_Arg_PISACowsMilk_10_page_6,351.9,382.5,1254.0
10429027,stimulus_Arg_PISACowsMilk_10_page_6,351.8,382.4,1255.0
10429028,stimulus_Arg_PISACowsMilk_10_page_6,351.8,382.3,1255.0
10429029,stimulus_Arg_PISACowsMilk_10_page_6,351.7,382.2,1255.0
10429030,stimulus_Arg_PISACowsMilk_10_page_6,351.5,382.2,1254.0
10429031,stimulus_Arg_PISACowsMilk_10_page_6,351.4,382.2,1254.0
10429032,stimulus_Arg_PISACowsMilk_10_page_6,351.2,382.3,1253.0
10429033,stimulus_Arg_PISACowsMilk_10_page_6,351.1,382.3,1253.0
10429034,stimulus_Arg_PISACowsMilk_10_page_6,351.0,382.4,1254.0
10429035,stimulus_Arg_PISACowsMilk_10_page_6,350.8,382.6,1254.0
10429036,stimulus_Arg_PISACowsMilk_10_page_6,350.8,382.6,1255.0
10429037,stimulus_Arg_PISACowsMilk_10_page_6,350.9,382.7,1255.0
10429038,stimulus_Arg_PISACowsMilk_10_page_6,351.2,382.4,1255.0
10429039,stimulus_Arg_PISACowsMilk_10_page_6,351.4,382.2,1255.0
10429040,stimulus_Arg_PISACowsMilk_10_page_6,351.5,382.1,1255.0
10429041,stimulus_Arg_PISACowsMilk_10_page_6,351.5,382.3,1256.0
10429042,stimulus_Arg_PISACowsMilk_10_page_6,351.5,382.2,1256.0
10429043,stimulus_Arg_PISACowsMilk_10_page_6,351.5,382.1,1256.0
10429044,stimulus_Arg_PISACowsMilk_10_page_6,351.6,381.9,1255.0
10429045,stimulus_Arg_PISACowsMilk_10_page_6,351.7,381.8,1253.0
10429046,stimulus_Arg_PISACowsMilk_10_page_6,351.8,381.9,1253.0
10429047,stimulus_Arg_PISACowsMilk_10_page_6,351.8,382.0,1253.0
10429048,stimulus_Arg_PISACowsMilk_10_page_6,351.6,382.2,1253.0
10429049,stimulus_Arg_PISACowsMilk_10_page_6,351.5,382.3,1253.0
10429050,stimulus_Arg_PISACowsMilk_10_page_6,351.3,382.1,1253.0
10429051,stimulus_Arg_PISACowsMilk_10_page_6,351.3,382.0,1254.0
10429052,stimulus_Arg_PISACowsMilk_10_page_6,351.2,381.9,1254.0
10429053,stimulus_Arg_PISACowsMilk_10_page_6,351.2,381.7,1254.0
10429054,stimulus_Arg_PISACowsMilk_10_page_6,351.2,381.6,1254.0
10429055,stimulus_Arg_PISACowsMilk_10_page_6,351.1,381.5,1254.0
10429056,stimulus_Arg_PISACowsMilk_10_page_6,351.0,381.6,1253.0
10429057,stimulus_Arg_PISACowsMilk_10_page_6,350.9,381.6,1253.0
10429058,stimulus_Arg_PISACowsMilk_10_page_6,351.0,381.6,1252.0
10429059,stimulus_Arg_PISACowsMilk_10_page_6,351.3,381.7,1251.0
10429060,stimulus_Arg_PISACowsMilk_10_page_6,351.7,381.7,1251.0
10429061,stimulus_Arg_PISACowsMilk_10_page_6,352.1,381.8,1251.0
10429062,stimulus_Arg_PISACowsMilk_10_page_6,351.9,381.8,1252.0
10429063,stimulus_Arg_PISACowsMilk_10_page_6,351.6,381.8,1251.0
10429064,stimulus_Arg_PISACowsMilk_10_page_6,351.4,381.8,1250.0
10429065,stimulus_Arg_PISACowsMilk_10_page_6,351.5,381.8,1250.0
10429066,stimulus_Arg_PISACowsMilk_10_page_6,351.6,381.6,1251.0
10429067,stimulus_Arg_PISACowsMilk_10_page_6,351.6,381.4,1252.0
10429068,stimulus_Arg_PISACowsMilk_10_page_6,351.5,381.4,1253.0
10429069,stimulus_Arg_PISACowsMilk_10_page_6,351.5,381.7,1252.0
10429070,stimulus_Arg_PISACowsMilk_10_page_6,351.6,381.9,1251.0
10429071,stimulus_Arg_PISACowsMilk_10_page_6,351.7,381.9,1251.0
10429072,stimulus_Arg_PISACowsMilk_10_page_6,351.8,381.8,1251.0
10429073,stimulus_Arg_PISACowsMilk_10_page_6,352.0,381.8,1251.0
10429074,stimulus_Arg_PISACowsMilk_10_page_6,352.2,381.8,1252.0
10429075,stimulus_Arg_PISACowsMilk_10_page_6,352.2,381.8,1252.0
10429076,stimulus_Arg_PISACowsMilk_10_page_6,351.9,381.7,1251.0
10429077,stimulus_Arg_PISACowsMilk_10_page_6,351.7,381.7,1251.0
10429078,stimulus_Arg_PISACowsMilk_10_page_6,351.8,381.8,1250.0
10429079,stimulus_Arg_PISACowsMilk_10_page_6,351.8,381.9,1250.0
10429080,stimulus_Arg_PISACowsMilk_10_page_6,351.8,382.0,1251.0
10429081,stimulus_Arg_PISACowsMilk_10_page_6,351.8,381.9,1251.0
10429082,stimulus_Arg_PISACowsMilk_10_page_6,351.9,381.8,1252.0
10429083,stimulus_Arg_PISACowsMilk_10_page_6,351.9,381.9,1252.0
10429084,stimulus_Arg_PISACowsMilk_10_page_6,352.2,381.9,1252.0
10429085,stimulus_Arg_PISACowsMilk_10_page_6,352.3,382.0,1252.0
10429086,stimulus_Arg_PISACowsMilk_10_page_6,352.4,382.0,1251.0
10429087,stimulus_Arg_PISACowsMilk_10_page_6,352.7,382.0,1251.0
10429088,stimulus_Arg_PISACowsMilk_10_page_6,352.9,381.9,1251.0
10429089,stimulus_Arg_PISACowsMilk_10_page_6,353.2,381.8,1251.0
10429090,stimulus_Arg_PISACowsMilk_10_page_6,353.2,381.6,1251.0
10429091,stimulus_Arg_PISACowsMilk_10_page_6,353.3,381.4,1252.0
10429092,stimulus_Arg_PISACowsMilk_10_page_6,353.4,381.6,1251.0
10429093,stimulus_Arg_PISACowsMilk_10_page_6,353.4,381.9,1251.0
10429094,stimulus_Arg_PISACowsMilk_10_page_6,353.4,382.3,1250.0
10429095,stimulus_Arg_PISACowsMilk_10_page_6,353.3,382.4,1250.0
10429096,stimulus_Arg_PISACowsMilk_10_page_6,353.2,382.6,1250.0
10429097,stimulus_Arg_PISACowsMilk_10_page_6,353.1,382.6,1250.0
10429098,stimulus_Arg_PISACowsMilk_10_page_6,352.9,382.6,1250.0
10429099,stimulus_Arg_PISACowsMilk_10_page_6,352.6,382.6,1250.0
10429100,stimulus_Arg_PISACowsMilk_10_page_6,352.8,382.7,1250.0
10429101,stimulus_Arg_PISACowsMilk_10_page_6,352.9,382.7,1249.0
10429102,stimulus_Arg_PISACowsMilk_10_page_6,353.2,382.6,1250.0
10429103,stimulus_Arg_PISACowsMilk_10_page_6,353.3,382.5,1251.0
10429104,stimulus_Arg_PISACowsMilk_10_page_6,353.4,382.4,1252.0
10429105,stimulus_Arg_PISACowsMilk_10_page_6,353.5,382.3,1253.0
10429106,stimulus_Arg_PISACowsMilk_10_page_6,353.7,382.2,1252.0
10429107,stimulus_Arg_PISACowsMilk_10_page_6,354.1,382.1,1251.0
10429108,stimulus_Arg_PISACowsMilk_10_page_6,354.3,381.9,1251.0
10429109,stimulus_Arg_PISACowsMilk_10_page_6,354.1,381.9,1251.0
10429110,stimulus_Arg_PISACowsMilk_10_page_6,353.8,381.9,1251.0
10429111,stimulus_Arg_PISACowsMilk_10_page_6,353.5,381.9,1251.0
10429112,stimulus_Arg_PISACowsMilk_10_page_6,353.6,382.0,1250.0
10429113,stimulus_Arg_PISACowsMilk_10_page_6,353.8,382.2,1249.0
10429114,stimulus_Arg_PISACowsMilk_10_page_6,353.9,382.4,1249.0
10429115,stimulus_Arg_PISACowsMilk_10_page_6,353.8,382.5,1250.0
10429116,stimulus_Arg_PISACowsMilk_10_page_6,353.7,382.4,1252.0
10429117,stimulus_Arg_PISACowsMilk_10_page_6,353.7,382.4,1253.0
10429118,stimulus_Arg_PISACowsMilk_10_page_6,353.7,382.4,1253.0
10429119,stimulus_Arg_PISACowsMilk_10_page_6,353.7,382.4,1252.0
10429120,stimulus_Arg_PISACowsMilk_10_page_6,353.6,382.4,1251.0
10429121,stimulus_Arg_PISACowsMilk_10_page_6,353.6,382.4,1252.0
10429122,stimulus_Arg_PISACowsMilk_10_page_6,353.6,382.4,1253.0
10429123,stimulus_Arg_PISACowsMilk_10_page_6,353.6,382.3,1254.0
10429124,stimulus_Arg_PISACowsMilk_10_page_6,353.9,382.3,1253.0
10429125,stimulus_Arg_PISACowsMilk_10_page_6,354.2,382.2,1253.0
10429126,stimulus_Arg_PISACowsMilk_10_page_6,354.4,382.2,1253.0
10429127,stimulus_Arg_PISACowsMilk_10_page_6,354.4,382.2,1252.0
10429128,stimulus_Arg_PISACowsMilk_10_page_6,354.3,382.3,1253.0
10429129,stimulus_Arg_PISACowsMilk_10_page_6,354.2,382.2,1254.0
10429130,stimulus_Arg_PISACowsMilk_10_page_6,354.1,382.1,1254.0
10429131,stimulus_Arg_PISACowsMilk_10_page_6,354.1,382.2,1255.0
10429132,stimulus_Arg_PISACowsMilk_10_page_6,354.1,382.3,1254.0
10429133,stimulus_Arg_PISACowsMilk_10_page_6,354.1,382.4,1254.0
10429134,stimulus_Arg_PISACowsMilk_10_page_6,354.1,382.4,1253.0
10429135,stimulus_Arg_PISACowsMilk_10_page_6,354.1,382.5,1253.0
10429136,stimulus_Arg_PISACowsMilk_10_page_6,354.3,382.7,1252.0
10429137,stimulus_Arg_PISACowsMilk_10_page_6,354.4,382.8,1252.0
10429138,stimulus_Arg_PISACowsMilk_10_page_6,354.3,382.9,1251.0
10429139,stimulus_Arg_PISACowsMilk_10_page_6,354.1,383.0,1251.0
10429140,stimulus_Arg_PISACowsMilk_10_page_6,354.0,383.1,1252.0
10429141,stimulus_Arg_PISACowsMilk_10_page_6,354.1,383.2,1253.0
10429142,stimulus_Arg_PISACowsMilk_10_page_6,354.3,383.2,1254.0
10429143,stimulus_Arg_PISACowsMilk_10_page_6,354.2,383.2,1254.0
10429144,stimulus_Arg_PISACowsMilk_10_page_6,354.0,383.2,1254.0
10429145,stimulus_Arg_PISACowsMilk_10_page_6,353.8,383.1,1254.0
10429146,stimulus_Arg_PISACowsMilk_10_page_6,353.7,383.1,1253.0
10429147,stimulus_Arg_PISACowsMilk_10_page_6,353.9,383.4,1253.0
10429148,stimulus_Arg_PISACowsMilk_10_page_6,354.3,383.6,1253.0
10429149,stimulus_Arg_PISACowsMilk_10_page_6,354.6,383.6,1254.0
10429150,stimulus_Arg_PISACowsMilk_10_page_6,354.6,383.5,1254.0
10429151,stimulus_Arg_PISACowsMilk_10_page_6,354.2,383.5,1254.0
10429152,stimulus_Arg_PISACowsMilk_10_page_6,353.8,383.6,1255.0
10429153,stimulus_Arg_PISACowsMilk_10_page_6,353.4,383.5,1255.0
10429154,stimulus_Arg_PISACowsMilk_10_page_6,353.4,383.3,1255.0
10429155,stimulus_Arg_PISACowsMilk_10_page_6,353.6,383.2,1254.0
10429156,stimulus_Arg_PISACowsMilk_10_page_6,353.9,383.2,1254.0
10429157,stimulus_Arg_PISACowsMilk_10_page_6,354.2,383.2,1255.0
10429158,stimulus_Arg_PISACowsMilk_10_page_6,354.3,383.2,1256.0
10429159,stimulus_Arg_PISACowsMilk_10_page_6,354.2,383.3,1256.0
10429160,stimulus_Arg_PISACowsMilk_10_page_6,354.4,383.4,1257.0
10429161,stimulus_Arg_PISACowsMilk_10_page_6,354.5,383.5,1258.0
10429162,stimulus_Arg_PISACowsMilk_10_page_6,354.6,383.6,1258.0
10429163,stimulus_Arg_PISACowsMilk_10_page_6,354.6,383.6,1258.0
10429164,stimulus_Arg_PISACowsMilk_10_page_6,354.6,383.5,1258.0
10429165,stimulus_Arg_PISACowsMilk_10_page_6,354.6,383.6,1257.0
10429166,stimulus_Arg_PISACowsMilk_10_page_6,354.5,383.8,1255.0
10429167,stimulus_Arg_PISACowsMilk_10_page_6,354.5,384.1,1254.0
10429168,stimulus_Arg_PISACowsMilk_10_page_6,354.7,384.1,1253.0
10429169,stimulus_Arg_PISACowsMilk_10_page_6,354.9,384.0,1253.0
10429170,stimulus_Arg_PISACowsMilk_10_page_6,354.8,384.0,1254.0
10429171,stimulus_Arg_PISACowsMilk_10_page_6,354.6,383.9,1254.0
10429172,stimulus_Arg_PISACowsMilk_10_page_6,354.4,383.8,1255.0
10429173,stimulus_Arg_PISACowsMilk_10_page_6,354.4,383.6,1257.0
10429174,stimulus_Arg_PISACowsMilk_10_page_6,354.4,383.3,1259.0
10429175,stimulus_Arg_PISACowsMilk_10_page_6,354.4,383.1,1259.0
10429176,stimulus_Arg_PISACowsMilk_10_page_6,354.4,383.0,1258.0
10429177,stimulus_Arg_PISACowsMilk_10_page_6,354.6,383.1,1257.0
10429178,stimulus_Arg_PISACowsMilk_10_page_6,354.8,383.1,1257.0
10429179,stimulus_Arg_PISACowsMilk_10_page_6,355.0,383.2,1257.0
10429180,stimulus_Arg_PISACowsMilk_10_page_6,355.1,383.4,1259.0
10429181,stimulus_Arg_PISACowsMilk_10_page_6,355.2,383.6,1260.0
10429182,stimulus_Arg_PISACowsMilk_10_page_6,355.3,383.5,1260.0
10429183,stimulus_Arg_PISACowsMilk_10_page_6,355.3,383.4,1258.0
10429184,stimulus_Arg_PISACowsMilk_10_page_6,355.3,383.3,1256.0
10429185,stimulus_Arg_PISACowsMilk_10_page_6,355.4,383.4,1255.0
10429186,stimulus_Arg_PISACowsMilk_10_page_6,355.5,383.3,1255.0
10429187,stimulus_Arg_PISACowsMilk_10_page_6,355.6,383.2,1255.0
10429188,stimulus_Arg_PISACowsMilk_10_page_6,355.6,383.0,1255.0
10429189,stimulus_Arg_PISACowsMilk_10_page_6,355.5,383.3,1255.0
10429190,stimulus_Arg_PISACowsMilk_10_page_6,355.5,383.5,1257.0
10429191,stimulus_Arg_PISACowsMilk_10_page_6,355.4,383.6,1259.0
10429192,stimulus_Arg_PISACowsMilk_10_page_6,355.4,383.4,1260.0
10429193,stimulus_Arg_PISACowsMilk_10_page_6,355.4,383.3,1259.0
10429194,stimulus_Arg_PISACowsMilk_10_page_6,355.4,383.5,1258.0
10429195,stimulus_Arg_PISACowsMilk_10_page_6,355.4,383.8,1257.0
10429196,stimulus_Arg_PISACowsMilk_10_page_6,355.3,383.9,1257.0
10429197,stimulus_Arg_PISACowsMilk_10_page_6,355.2,384.0,1257.0
10429198,stimulus_Arg_PISACowsMilk_10_page_6,355.4,383.7,1258.0
10429199,stimulus_Arg_PISACowsMilk_10_page_6,355.6,383.4,1259.0
10429200,stimulus_Arg_PISACowsMilk_10_page_6,355.9,383.1,1259.0
10429201,stimulus_Arg_PISACowsMilk_10_page_6,355.8,383.0,1259.0
10429202,stimulus_Arg_PISACowsMilk_10_page_6,355.7,383.0,1259.0
10429203,stimulus_Arg_PISACowsMilk_10_page_6,355.6,383.0,1259.0
10429204,stimulus_Arg_PISACowsMilk_10_page_6,355.6,383.2,1259.0
10429205,stimulus_Arg_PISACowsMilk_10_page_6,355.6,383.4,1259.0
10429206,stimulus_Arg_PISACowsMilk_10_page_6,355.6,383.9,1258.0
10429207,stimulus_Arg_PISACowsMilk_10_page_6,355.5,384.3,1257.0
10429208,stimulus_Arg_PISACowsMilk_10_page_6,355.5,384.4,1257.0
10429209,stimulus_Arg_PISACowsMilk_10_page_6,355.5,384.1,1257.0
10429210,stimulus_Arg_PISACowsMilk_10_page_6,355.7,383.9,1258.0
10429211,stimulus_Arg_PISACowsMilk_10_page_6,355.8,384.0,1258.0
10429212,stimulus_Arg_PISACowsMilk_10_page_6,355.7,384.1,1259.0
10429213,stimulus_Arg_PISACowsMilk_10_page_6,355.7,384.2,1260.0
10429214,stimulus_Arg_PISACowsMilk_10_page_6,355.5,384.1,1260.0
10429215,stimulus_Arg_PISACowsMilk_10_page_6,355.4,384.0,1260.0
10429216,stimulus_Arg_PISACowsMilk_10_page_6,355.7,383.7,1260.0
10429217,stimulus_Arg_PISACowsMilk_10_page_6,356.0,383.4,1259.0
10429218,stimulus_Arg_PISACowsMilk_10_page_6,356.3,383.2,1259.0
10429219,stimulus_Arg_PISACowsMilk_10_page_6,356.3,383.2,1260.0
10429220,stimulus_Arg_PISACowsMilk_10_page_6,356.1,383.4,1261.0
10429221,stimulus_Arg_PISACowsMilk_10_page_6,356.0,383.7,1260.0
10429222,stimulus_Arg_PISACowsMilk_10_page_6,355.9,384.1,1258.0
10429223,stimulus_Arg_PISACowsMilk_10_page_6,356.1,384.3,1258.0
10429224,stimulus_Arg_PISACowsMilk_10_page_6,356.1,384.3,1258.0
10429225,stimulus_Arg_PISACowsMilk_10_page_6,356.1,384.2,1259.0
10429226,stimulus_Arg_PISACowsMilk_10_page_6,356.0,384.0,1259.0
10429227,stimulus_Arg_PISACowsMilk_10_page_6,356.0,383.9,1260.0
10429228,stimulus_Arg_PISACowsMilk_10_page_6,356.0,383.7,1260.0
10429229,stimulus_Arg_PISACowsMilk_10_page_6,356.0,383.7,1260.0
10429230,stimulus_Arg_PISACowsMilk_10_page_6,356.0,383.8,1260.0
10429231,stimulus_Arg_PISACowsMilk_10_page_6,355.9,384.2,1261.0
10429232,stimulus_Arg_PISACowsMilk_10_page_6,355.9,384.5,1261.0
10429233,stimulus_Arg_PISACowsMilk_10_page_6,356.1,384.7,1261.0
10429234,stimulus_Arg_PISACowsMilk_10_page_6,356.3,384.7,1261.0
10429235,stimulus_Arg_PISACowsMilk_10_page_6,356.5,384.7,1261.0
10429236,stimulus_Arg_PISACowsMilk_10_page_6,356.5,384.7,1260.0
10429237,stimulus_Arg_PISACowsMilk_10_page_6,356.5,384.7,1260.0
10429238,stimulus_Arg_PISACowsMilk_10_page_6,356.3,384.6,1261.0
10429239,stimulus_Arg_PISACowsMilk_10_page_6,356.2,384.6,1263.0
10429240,stimulus_Arg_PISACowsMilk_10_page_6,356.1,384.5,1263.0
10429241,stimulus_Arg_PISACowsMilk_10_page_6,356.2,384.5,1262.0
10429242,stimulus_Arg_PISACowsMilk_10_page_6,356.2,384.5,1261.0
10429243,stimulus_Arg_PISACowsMilk_10_page_6,356.3,384.4,1261.0
10429244,stimulus_Arg_PISACowsMilk_10_page_6,356.3,384.3,1261.0
10429245,stimulus_Arg_PISACowsMilk_10_page_6,356.3,384.2,1262.0
10429246,stimulus_Arg_PISACowsMilk_10_page_6,356.3,384.0,1262.0
10429247,stimulus_Arg_PISACowsMilk_10_page_6,356.3,383.7,1263.0
10429248,stimulus_Arg_PISACowsMilk_10_page_6,356.4,383.4,1263.0
10429249,stimulus_Arg_PISACowsMilk_10_page_6,356.6,383.4,1263.0
10429250,stimulus_Arg_PISACowsMilk_10_page_6,356.5,383.6,1262.0
10429251,stimulus_Arg_PISACowsMilk_10_page_6,356.3,383.8,1262.0
10429252,stimulus_Arg_PISACowsMilk_10_page_6,356.2,383.8,1262.0
10429253,stimulus_Arg_PISACowsMilk_10_page_6,356.2,383.6,1262.0
10429254,stimulus_Arg_PISACowsMilk_10_page_6,356.2,384.0,1261.0
10429255,stimulus_Arg_PISACowsMilk_10_page_6,356.3,384.6,1261.0
10429256,stimulus_Arg_PISACowsMilk_10_page_6,356.3,384.9,1261.0
10429257,stimulus_Arg_PISACowsMilk_10_page_6,356.2,384.6,1261.0
10429258,stimulus_Arg_PISACowsMilk_10_page_6,356.1,384.4,1261.0
10429259,stimulus_Arg_PISACowsMilk_10_page_6,355.9,384.4,1261.0
10429260,stimulus_Arg_PISACowsMilk_10_page_6,355.9,384.5,1262.0
10429261,stimulus_Arg_PISACowsMilk_10_page_6,356.0,384.3,1262.0
10429262,stimulus_Arg_PISACowsMilk_10_page_6,356.3,384.1,1263.0
10429263,stimulus_Arg_PISACowsMilk_10_page_6,356.5,383.9,1263.0
10429264,stimulus_Arg_PISACowsMilk_10_page_6,356.7,384.3,1264.0
10429265,stimulus_Arg_PISACowsMilk_10_page_6,356.7,384.6,1264.0
10429266,stimulus_Arg_PISACowsMilk_10_page_6,356.7,384.9,1263.0
10429267,stimulus_Arg_PISACowsMilk_10_page_6,356.8,384.9,1263.0
10429268,stimulus_Arg_PISACowsMilk_10_page_6,356.8,384.9,1263.0
10429269,stimulus_Arg_PISACowsMilk_10_page_6,356.9,384.9,1264.0
10429270,stimulus_Arg_PISACowsMilk_10_page_6,356.9,384.9,1265.0
10429271,stimulus_Arg_PISACowsMilk_10_page_6,356.9,384.8,1265.0
10429272,stimulus_Arg_PISACowsMilk_10_page_6,356.9,384.7,1265.0
10429273,stimulus_Arg_PISACowsMilk_10_page_6,356.9,384.6,1265.0
10429274,stimulus_Arg_PISACowsMilk_10_page_6,356.9,384.6,1265.0
10429275,stimulus_Arg_PISACowsMilk_10_page_6,356.8,384.6,1264.0
10429276,stimulus_Arg_PISACowsMilk_10_page_6,356.9,384.6,1263.0
10429277,stimulus_Arg_PISACowsMilk_10_page_6,356.9,384.6,1264.0
10429278,stimulus_Arg_PISACowsMilk_10_page_6,356.9,384.6,1266.0
10429279,stimulus_Arg_PISACowsMilk_10_page_6,356.9,384.6,1266.0
10429280,stimulus_Arg_PISACowsMilk_10_page_6,356.9,384.6,1264.0
10429281,stimulus_Arg_PISACowsMilk_10_page_6,356.9,384.7,1263.0
10429282,stimulus_Arg_PISACowsMilk_10_page_6,356.8,384.9,1263.0
10429283,stimulus_Arg_PISACowsMilk_10_page_6,356.6,385.0,1263.0
10429284,stimulus_Arg_PISACowsMilk_10_page_6,356.4,385.0,1263.0
10429285,stimulus_Arg_PISACowsMilk_10_page_6,356.3,385.1,1263.0
10429286,stimulus_Arg_PISACowsMilk_10_page_6,356.3,385.3,1264.0
10429287,stimulus_Arg_PISACowsMilk_10_page_6,356.4,385.1,1265.0
10429288,stimulus_Arg_PISACowsMilk_10_page_6,356.6,384.7,1266.0
10429289,stimulus_Arg_PISACowsMilk_10_page_6,356.9,384.3,1266.0
10429290,stimulus_Arg_PISACowsMilk_10_page_6,356.9,384.2,1266.0
10429291,stimulus_Arg_PISACowsMilk_10_page_6,357.0,384.4,1266.0
10429292,stimulus_Arg_PISACowsMilk_10_page_6,357.0,384.6,1266.0
10429293,stimulus_Arg_PISACowsMilk_10_page_6,357.0,384.7,1265.0
10429294,stimulus_Arg_PISACowsMilk_10_page_6,356.9,384.8,1265.0
10429295,stimulus_Arg_PISACowsMilk_10_page_6,356.9,384.8,1265.0
10429296,stimulus_Arg_PISACowsMilk_10_page_6,356.6,384.9,1265.0
10429297,stimulus_Arg_PISACowsMilk_10_page_6,356.4,385.0,1264.0
10429298,stimulus_Arg_PISACowsMilk_10_page_6,356.2,385.2,1264.0
10429299,stimulus_Arg_PISACowsMilk_10_page_6,356.1,385.3,1264.0
10429300,stimulus_Arg_PISACowsMilk_10_page_6,356.0,385.3,1265.0
10429301,stimulus_Arg_PISACowsMilk_10_page_6,356.1,385.3,1267.0
10429302,stimulus_Arg_PISACowsMilk_10_page_6,356.2,385.4,1267.0
10429303,stimulus_Arg_PISACowsMilk_10_page_6,356.3,385.5,1266.0
10429304,stimulus_Arg_PISACowsMilk_10_page_6,356.4,385.4,1265.0
10429305,stimulus_Arg_PISACowsMilk_10_page_6,356.6,385.3,1266.0
10429306,stimulus_Arg_PISACowsMilk_10_page_6,356.6,385.2,1266.0
10429307,stimulus_Arg_PISACowsMilk_10_page_6,356.4,385.3,1266.0
10429308,stimulus_Arg_PISACowsMilk_10_page_6,356.2,385.3,1266.0
10429309,stimulus_Arg_PISACowsMilk_10_page_6,356.1,385.2,1266.0
10429310,stimulus_Arg_PISACowsMilk_10_page_6,355.9,385.2,1265.0
10429311,stimulus_Arg_PISACowsMilk_10_page_6,355.7,385.2,1266.0
10429312,stimulus_Arg_PISACowsMilk_10_page_6,355.7,385.3,1268.0
10429313,stimulus_Arg_PISACowsMilk_10_page_6,356.0,385.3,1269.0
10429314,stimulus_Arg_PISACowsMilk_10_page_6,356.2,385.3,1269.0
10429315,stimulus_Arg_PISACowsMilk_10_page_6,356.4,385.4,1268.0
10429316,stimulus_Arg_PISACowsMilk_10_page_6,356.4,385.4,1268.0
10429317,stimulus_Arg_PISACowsMilk_10_page_6,356.4,385.4,1267.0
10429318,stimulus_Arg_PISACowsMilk_10_page_6,356.4,385.4,1266.0
10429319,stimulus_Arg_PISACowsMilk_10_page_6,356.3,385.4,1266.0
10429320,stimulus_Arg_PISACowsMilk_10_page_6,356.1,385.4,1267.0
10429321,stimulus_Arg_PISACowsMilk_10_page_6,355.9,385.5,1269.0
10429322,stimulus_Arg_PISACowsMilk_10_page_6,355.9,385.6,1270.0
10429323,stimulus_Arg_PISACowsMilk_10_page_6,355.9,385.6,1271.0
10429324,stimulus_Arg_PISACowsMilk_10_page_6,355.9,385.6,1269.0
10429325,stimulus_Arg_PISACowsMilk_10_page_6,356.0,385.5,1267.0
10429326,stimulus_Arg_PISACowsMilk_10_page_6,356.1,385.6,1267.0
10429327,stimulus_Arg_PISACowsMilk_10_page_6,356.1,385.5,1267.0
10429328,stimulus_Arg_PISACowsMilk_10_page_6,356.1,385.5,1267.0
10429329,stimulus_Arg_PISACowsMilk_10_page_6,356.1,385.4,1267.0
10429330,stimulus_Arg_PISACowsMilk_10_page_6,356.1,385.4,1267.0
10429331,stimulus_Arg_PISACowsMilk_10_page_6,356.1,385.5,1267.0
10429332,stimulus_Arg_PISACowsMilk_10_page_6,356.1,385.7,1267.0
10429333,stimulus_Arg_PISACowsMilk_10_page_6,356.1,385.9,1267.0
10429334,stimulus_Arg_PISACowsMilk_10_page_6,356.1,386.2,1267.0
10429335,stimulus_Arg_PISACowsMilk_10_page_6,355.9,386.4,1268.0
10429336,stimulus_Arg_PISACowsMilk_10_page_6,355.7,386.5,1270.0
10429337,stimulus_Arg_PISACowsMilk_10_page_6,355.5,386.7,1270.0
10429338,stimulus_Arg_PISACowsMilk_10_page_6,355.4,386.8,1269.0
10429339,stimulus_Arg_PISACowsMilk_10_page_6,355.8,387.0,1269.0
10429340,stimulus_Arg_PISACowsMilk_10_page_6,356.1,386.8,1269.0
10429341,stimulus_Arg_PISACowsMilk_10_page_6,356.4,386.6,1270.0
10429342,stimulus_Arg_PISACowsMilk_10_page_6,356.4,386.4,1269.0
10429343,stimulus_Arg_PISACowsMilk_10_page_6,356.3,386.3,1268.0
10429344,stimulus_Arg_PISACowsMilk_10_page_6,356.2,386.4,1268.0
10429345,stimulus_Arg_PISACowsMilk_10_page_6,356.1,386.8,1268.0
10429346,stimulus_Arg_PISACowsMilk_10_page_6,356.1,387.1,1269.0
10429347,stimulus_Arg_PISACowsMilk_10_page_6,356.1,387.3,1270.0
10429348,stimulus_Arg_PISACowsMilk_10_page_6,356.0,387.3,1270.0
10429349,stimulus_Arg_PISACowsMilk_10_page_6,356.0,387.2,1269.0
10429350,stimulus_Arg_PISACowsMilk_10_page_6,356.0,387.2,1268.0
10429351,stimulus_Arg_PISACowsMilk_10_page_6,356.0,387.2,1268.0
10429352,stimulus_Arg_PISACowsMilk_10_page_6,355.9,387.1,1268.0
10429353,stimulus_Arg_PISACowsMilk_10_page_6,355.8,387.1,1267.0
10429354,stimulus_Arg_PISACowsMilk_10_page_6,355.8,387.1,1267.0
10429355,stimulus_Arg_PISACowsMilk_10_page_6,355.9,387.2,1266.0
10429356,stimulus_Arg_PISACowsMilk_10_page_6,356.3,387.4,1266.0
10429357,stimulus_Arg_PISACowsMilk_10_page_6,356.6,387.6,1266.0
10429358,stimulus_Arg_PISACowsMilk_10_page_6,356.8,387.7,1267.0
10429359,stimulus_Arg_PISACowsMilk_10_page_6,356.6,387.7,1267.0
10429360,stimulus_Arg_PISACowsMilk_10_page_6,356.5,387.6,1268.0
10429361,stimulus_Arg_PISACowsMilk_10_page_6,356.5,387.5,1268.0
10429362,stimulus_Arg_PISACowsMilk_10_page_6,356.5,387.4,1268.0
10429363,stimulus_Arg_PISACowsMilk_10_page_6,356.3,387.5,1269.0
10429364,stimulus_Arg_PISACowsMilk_10_page_6,356.1,387.6,1269.0
10429365,stimulus_Arg_PISACowsMilk_10_page_6,356.1,387.6,1269.0
10429366,stimulus_Arg_PISACowsMilk_10_page_6,356.2,387.4,1268.0
10429367,stimulus_Arg_PISACowsMilk_10_page_6,356.2,387.1,1268.0
10429368,stimulus_Arg_PISACowsMilk_10_page_6,356.2,387.0,1268.0
10429369,stimulus_Arg_PISACowsMilk_10_page_6,356.2,386.9,1269.0
10429370,stimulus_Arg_PISACowsMilk_10_page_6,356.2,387.2,1270.0
10429371,stimulus_Arg_PISACowsMilk_10_page_6,356.3,387.5,1270.0
10429372,stimulus_Arg_PISACowsMilk_10_page_6,356.5,387.8,1271.0
10429373,stimulus_Arg_PISACowsMilk_10_page_6,356.6,387.4,1272.0
10429374,stimulus_Arg_PISACowsMilk_10_page_6,356.7,387.2,1272.0
10429375,stimulus_Arg_PISACowsMilk_10_page_6,356.8,387.0,1272.0
10429376,stimulus_Arg_PISACowsMilk_10_page_6,356.8,387.0,1271.0
10429377,stimulus_Arg_PISACowsMilk_10_page_6,357.2,387.1,1271.0
10429378,stimulus_Arg_PISACowsMilk_10_page_6,357.5,387.2,1271.0
10429379,stimulus_Arg_PISACowsMilk_10_page_6,357.5,387.2,1271.0
10429380,stimulus_Arg_PISACowsMilk_10_page_6,357.1,387.3,1271.0
10429381,stimulus_Arg_PISACowsMilk_10_page_6,356.7,387.3,1272.0
10429382,stimulus_Arg_PISACowsMilk_10_page_6,356.8,387.3,1272.0
10429383,stimulus_Arg_PISACowsMilk_10_page_6,356.7,386.9,1272.0
10429384,stimulus_Arg_PISACowsMilk_10_page_6,356.6,386.6,1272.0
10429385,stimulus_Arg_PISACowsMilk_10_page_6,356.4,386.7,1271.0
10429386,stimulus_Arg_PISACowsMilk_10_page_6,356.4,387.0,1270.0
10429387,stimulus_Arg_PISACowsMilk_10_page_6,356.4,387.4,1269.0
10429388,stimulus_Arg_PISACowsMilk_10_page_6,356.4,387.6,1268.0
10429389,stimulus_Arg_PISACowsMilk_10_page_6,356.7,387.7,1268.0
10429390,stimulus_Arg_PISACowsMilk_10_page_6,356.9,387.7,1268.0
10429391,stimulus_Arg_PISACowsMilk_10_page_6,357.5,387.7,1269.0
10429392,stimulus_Arg_PISACowsMilk_10_page_6,358.0,387.5,1270.0
10429393,stimulus_Arg_PISACowsMilk_10_page_6,358.6,387.3,1271.0
10429394,stimulus_Arg_PISACowsMilk_10_page_6,358.5,387.0,1269.0
10429395,stimulus_Arg_PISACowsMilk_10_page_6,357.5,386.7,1268.0
10429396,stimulus_Arg_PISACowsMilk_10_page_6,355.4,386.6,1268.0
10429397,stimulus_Arg_PISACowsMilk_10_page_6,353.0,386.6,1269.0
10429398,stimulus_Arg_PISACowsMilk_10_page_6,349.6,386.6,1270.0
10429399,stimulus_Arg_PISACowsMilk_10_page_6,344.9,386.5,1270.0
10429400,stimulus_Arg_PISACowsMilk_10_page_6,338.5,386.9,1269.0
10429401,stimulus_Arg_PISACowsMilk_10_page_6,331.0,387.5,1269.0
10429402,stimulus_Arg_PISACowsMilk_10_page_6,322.9,388.1,1269.0
10429403,stimulus_Arg_PISACowsMilk_10_page_6,313.7,388.6,1269.0
10429404,stimulus_Arg_PISACowsMilk_10_page_6,304.5,389.3,1270.0
10429405,stimulus_Arg_PISACowsMilk_10_page_6,295.4,389.9,1271.0
10429406,stimulus_Arg_PISACowsMilk_10_page_6,287.7,390.1,1272.0
10429407,stimulus_Arg_PISACowsMilk_10_page_6,280.5,389.7,1272.0
10429408,stimulus_Arg_PISACowsMilk_10_page_6,274.6,389.3,1274.0
10429409,stimulus_Arg_PISACowsMilk_10_page_6,269.7,388.9,1275.0
10429410,stimulus_Arg_PISACowsMilk_10_page_6,266.8,388.7,1277.0
10429411,stimulus_Arg_PISACowsMilk_10_page_6,264.5,388.5,1276.0
10429412,stimulus_Arg_PISACowsMilk_10_page_6,262.7,388.1,1274.0
10429413,stimulus_Arg_PISACowsMilk_10_page_6,260.8,387.8,1273.0
10429414,stimulus_Arg_PISACowsMilk_10_page_6,259.5,387.0,1273.0
10429415,stimulus_Arg_PISACowsMilk_10_page_6,258.8,386.2,1274.0
10429416,stimulus_Arg_PISACowsMilk_10_page_6,258.5,385.3,1274.0
10429417,stimulus_Arg_PISACowsMilk_10_page_6,258.7,384.9,1273.0
10429418,stimulus_Arg_PISACowsMilk_10_page_6,258.8,384.8,1272.0
10429419,stimulus_Arg_PISACowsMilk_10_page_6,258.4,384.6,1271.0
10429420,stimulus_Arg_PISACowsMilk_10_page_6,257.9,384.3,1271.0
10429421,stimulus_Arg_PISACowsMilk_10_page_6,257.8,384.1,1271.0
10429422,stimulus_Arg_PISACowsMilk_10_page_6,258.2,384.0,1270.0
10429423,stimulus_Arg_PISACowsMilk_10_page_6,258.6,384.1,1270.0
10429424,stimulus_Arg_PISACowsMilk_10_page_6,258.9,384.1,1270.0
10429425,stimulus_Arg_PISACowsMilk_10_page_6,259.6,384.2,1271.0
10429426,stimulus_Arg_PISACowsMilk_10_page_6,260.3,384.4,1272.0
10429427,stimulus_Arg_PISACowsMilk_10_page_6,261.3,384.5,1272.0
10429428,stimulus_Arg_PISACowsMilk_10_page_6,262.2,384.5,1271.0
10429429,stimulus_Arg_PISACowsMilk_10_page_6,263.5,384.4,1272.0
10429430,stimulus_Arg_PISACowsMilk_10_page_6,264.7,384.4,1273.0
10429431,stimulus_Arg_PISACowsMilk_10_page_6,265.7,384.4,1274.0
10429432,stimulus_Arg_PISACowsMilk_10_page_6,266.4,384.6,1275.0
10429433,stimulus_Arg_PISACowsMilk_10_page_6,266.6,384.7,1275.0
10429434,stimulus_Arg_PISACowsMilk_10_page_6,266.8,384.7,1275.0
10429435,stimulus_Arg_PISACowsMilk_10_page_6,266.6,384.8,1274.0
10429436,stimulus_Arg_PISACowsMilk_10_page_6,266.2,384.9,1273.0
10429437,stimulus_Arg_PISACowsMilk_10_page_6,265.8,385.3,1271.0
10429438,stimulus_Arg_PISACowsMilk_10_page_6,265.5,385.9,1271.0
10429439,stimulus_Arg_PISACowsMilk_10_page_6,265.2,386.5,1270.0
10429440,stimulus_Arg_PISACowsMilk_10_page_6,264.8,386.8,1270.0
10429441,stimulus_Arg_PISACowsMilk_10_page_6,264.5,387.0,1270.0
10429442,stimulus_Arg_PISACowsMilk_10_page_6,264.3,387.2,1270.0
10429443,stimulus_Arg_PISACowsMilk_10_page_6,264.0,387.4,1270.0
10429444,stimulus_Arg_PISACowsMilk_10_page_6,263.6,387.4,1270.0
10429445,stimulus_Arg_PISACowsMilk_10_page_6,263.0,387.3,1270.0
10429446,stimulus_Arg_PISACowsMilk_10_page_6,262.6,387.3,1270.0
10429447,stimulus_Arg_PISACowsMilk_10_page_6,262.3,387.2,1270.0
10429448,stimulus_Arg_PISACowsMilk_10_page_6,262.3,387.1,1271.0
10429449,stimulus_Arg_PISACowsMilk_10_page_6,262.3,387.0,1271.0
10429450,stimulus_Arg_PISACowsMilk_10_page_6,262.4,386.9,1271.0
10429451,stimulus_Arg_PISACowsMilk_10_page_6,262.4,386.8,1271.0
10429452,stimulus_Arg_PISACowsMilk_10_page_6,262.6,386.5,1271.0
10429453,stimulus_Arg_PISACowsMilk_10_page_6,262.6,386.3,1271.0
10429454,stimulus_Arg_PISACowsMilk_10_page_6,262.4,386.1,1271.0
10429455,stimulus_Arg_PISACowsMilk_10_page_6,262.3,385.9,1271.0
10429456,stimulus_Arg_PISACowsMilk_10_page_6,262.4,385.7,1272.0
10429457,stimulus_Arg_PISACowsMilk_10_page_6,262.6,385.5,1272.0
10429458,stimulus_Arg_PISACowsMilk_10_page_6,262.7,385.4,1272.0
10429459,stimulus_Arg_PISACowsMilk_10_page_6,262.7,385.5,1273.0
10429460,stimulus_Arg_PISACowsMilk_10_page_6,262.7,385.5,1273.0
10429461,stimulus_Arg_PISACowsMilk_10_page_6,262.7,385.5,1273.0
10429462,stimulus_Arg_PISACowsMilk_10_page_6,262.6,385.7,1273.0
10429463,stimulus_Arg_PISACowsMilk_10_page_6,262.7,385.8,1273.0
10429464,stimulus_Arg_PISACowsMilk_10_page_6,262.8,386.0,1273.0
10429465,stimulus_Arg_PISACowsMilk_10_page_6,262.8,386.0,1273.0
10429466,stimulus_Arg_PISACowsMilk_10_page_6,262.8,386.2,1272.0
10429467,stimulus_Arg_PISACowsMilk_10_page_6,262.8,386.5,1271.0
10429468,stimulus_Arg_PISACowsMilk_10_page_6,262.6,386.7,1270.0
10429469,stimulus_Arg_PISACowsMilk_10_page_6,262.5,386.4,1271.0
10429470,stimulus_Arg_PISACowsMilk_10_page_6,262.6,386.1,1272.0
10429471,stimulus_Arg_PISACowsMilk_10_page_6,262.8,385.9,1273.0
10429472,stimulus_Arg_PISACowsMilk_10_page_6,262.9,386.0,1273.0
10429473,stimulus_Arg_PISACowsMilk_10_page_6,262.9,386.1,1273.0
10429474,stimulus_Arg_PISACowsMilk_10_page_6,262.9,386.2,1273.0
10429475,stimulus_Arg_PISACowsMilk_10_page_6,263.0,386.3,1273.0
10429476,stimulus_Arg_PISACowsMilk_10_page_6,263.0,386.3,1273.0
10429477,stimulus_Arg_PISACowsMilk_10_page_6,263.0,386.3,1273.0
10429478,stimulus_Arg_PISACowsMilk_10_page_6,263.0,386.3,1273.0
10429479,stimulus_Arg_PISACowsMilk_10_page_6,263.0,386.2,1273.0
10429480,stimulus_Arg_PISACowsMilk_10_page_6,262.9,386.2,1273.0
10429481,stimulus_Arg_PISACowsMilk_10_page_6,262.9,386.4,1273.0
10429482,stimulus_Arg_PISACowsMilk_10_page_6,263.0,386.6,1274.0
10429483,stimulus_Arg_PISACowsMilk_10_page_6,263.2,386.8,1275.0
10429484,stimulus_Arg_PISACowsMilk_10_page_6,263.3,386.8,1276.0
10429485,stimulus_Arg_PISACowsMilk_10_page_6,263.1,386.8,1275.0
10429486,stimulus_Arg_PISACowsMilk_10_page_6,262.9,387.1,1275.0
10429487,stimulus_Arg_PISACowsMilk_10_page_6,262.9,387.4,1274.0
10429488,stimulus_Arg_PISACowsMilk_10_page_6,263.1,387.6,1275.0
10429489,stimulus_Arg_PISACowsMilk_10_page_6,263.3,387.3,1276.0
10429490,stimulus_Arg_PISACowsMilk_10_page_6,263.6,386.9,1277.0
10429491,stimulus_Arg_PISACowsMilk_10_page_6,263.7,386.8,1278.0
10429492,stimulus_Arg_PISACowsMilk_10_page_6,263.7,386.7,1278.0
10429493,stimulus_Arg_PISACowsMilk_10_page_6,263.7,386.7,1277.0
10429494,stimulus_Arg_PISACowsMilk_10_page_6,263.7,386.8,1277.0
10429495,stimulus_Arg_PISACowsMilk_10_page_6,263.7,387.0,1276.0
10429496,stimulus_Arg_PISACowsMilk_10_page_6,263.5,387.2,1276.0
10429497,stimulus_Arg_PISACowsMilk_10_page_6,263.4,387.4,1275.0
10429498,stimulus_Arg_PISACowsMilk_10_page_6,263.3,387.5,1275.0
10429499,stimulus_Arg_PISACowsMilk_10_page_6,263.3,387.9,1275.0
10429500,stimulus_Arg_PISACowsMilk_10_page_6,263.1,388.2,1275.0
10429501,stimulus_Arg_PISACowsMilk_10_page_6,262.9,388.1,1274.0
10429502,stimulus_Arg_PISACowsMilk_10_page_6,262.6,387.7,1275.0
10429503,stimulus_Arg_PISACowsMilk_10_page_6,262.4,387.5,1275.0
10429504,stimulus_Arg_PISACowsMilk_10_page_6,262.4,387.5,1274.0
10429505,stimulus_Arg_PISACowsMilk_10_page_6,262.5,387.2,1274.0
10429506,stimulus_Arg_PISACowsMilk_10_page_6,262.6,386.8,1274.0
10429507,stimulus_Arg_PISACowsMilk_10_page_6,262.6,386.9,1275.0
10429508,stimulus_Arg_PISACowsMilk_10_page_6,262.5,387.5,1275.0
10429509,stimulus_Arg_PISACowsMilk_10_page_6,262.5,388.0,1275.0
10429510,stimulus_Arg_PISACowsMilk_10_page_6,262.6,388.0,1275.0
10429511,stimulus_Arg_PISACowsMilk_10_page_6,262.7,388.0,1276.0
10429512,stimulus_Arg_PISACowsMilk_10_page_6,262.9,388.1,1276.0
10429513,stimulus_Arg_PISACowsMilk_10_page_6,263.1,388.3,1276.0
10429514,stimulus_Arg_PISACowsMilk_10_page_6,263.3,388.4,1276.0
10429515,stimulus_Arg_PISACowsMilk_10_page_6,263.2,388.4,1276.0
10429516,stimulus_Arg_PISACowsMilk_10_page_6,263.0,388.2,1276.0
10429517,stimulus_Arg_PISACowsMilk_10_page_6,262.8,388.0,1276.0
10429518,stimulus_Arg_PISACowsMilk_10_page_6,262.8,387.7,1276.0
10429519,stimulus_Arg_PISACowsMilk_10_page_6,262.8,387.5,1275.0
10429520,stimulus_Arg_PISACowsMilk_10_page_6,262.7,387.4,1275.0
10429521,stimulus_Arg_PISACowsMilk_10_page_6,262.6,387.5,1275.0
10429522,stimulus_Arg_PISACowsMilk_10_page_6,262.5,387.5,1275.0
10429523,stimulus_Arg_PISACowsMilk_10_page_6,262.6,387.4,1275.0
10429524,stimulus_Arg_PISACowsMilk_10_page_6,262.6,387.3,1275.0
10429525,stimulus_Arg_PISACowsMilk_10_page_6,262.6,387.2,1275.0
10429526,stimulus_Arg_PISACowsMilk_10_page_6,262.3,387.2,1275.0
10429527,stimulus_Arg_PISACowsMilk_10_page_6,262.0,387.5,1275.0
10429528,stimulus_Arg_PISACowsMilk_10_page_6,261.8,387.8,1275.0
10429529,stimulus_Arg_PISACowsMilk_10_page_6,261.8,388.2,1275.0
10429530,stimulus_Arg_PISACowsMilk_10_page_6,261.9,388.3,1274.0
10429531,stimulus_Arg_PISACowsMilk_10_page_6,262.1,388.3,1273.0
10429532,stimulus_Arg_PISACowsMilk_10_page_6,262.3,388.0,1273.0
10429533,stimulus_Arg_PISACowsMilk_10_page_6,262.6,387.6,1273.0
10429534,stimulus_Arg_PISACowsMilk_10_page_6,262.8,387.3,1273.0
10429535,stimulus_Arg_PISACowsMilk_10_page_6,262.9,387.4,1273.0
10429536,stimulus_Arg_PISACowsMilk_10_page_6,263.1,387.6,1273.0
10429537,stimulus_Arg_PISACowsMilk_10_page_6,263.2,387.7,1273.0
10429538,stimulus_Arg_PISACowsMilk_10_page_6,263.4,387.9,1273.0
10429539,stimulus_Arg_PISACowsMilk_10_page_6,263.5,387.9,1274.0
10429540,stimulus_Arg_PISACowsMilk_10_page_6,263.5,387.9,1275.0
10429541,stimulus_Arg_PISACowsMilk_10_page_6,263.5,387.7,1276.0
10429542,stimulus_Arg_PISACowsMilk_10_page_6,263.5,387.4,1276.0
10429543,stimulus_Arg_PISACowsMilk_10_page_6,263.6,387.4,1275.0
10429544,stimulus_Arg_PISACowsMilk_10_page_6,263.7,387.5,1275.0
10429545,stimulus_Arg_PISACowsMilk_10_page_6,263.9,387.7,1275.0
10429546,stimulus_Arg_PISACowsMilk_10_page_6,264.2,387.7,1275.0
10429547,stimulus_Arg_PISACowsMilk_10_page_6,264.5,387.2,1275.0
10429548,stimulus_Arg_PISACowsMilk_10_page_6,264.6,386.8,1275.0
10429549,stimulus_Arg_PISACowsMilk_10_page_6,264.6,386.3,1276.0
10429550,stimulus_Arg_PISACowsMilk_10_page_6,264.6,386.3,1276.0
10429551,stimulus_Arg_PISACowsMilk_10_page_6,264.6,386.2,1277.0
10429552,stimulus_Arg_PISACowsMilk_10_page_6,264.8,386.3,1277.0
10429553,stimulus_Arg_PISACowsMilk_10_page_6,264.9,386.5,1277.0
10429554,stimulus_Arg_PISACowsMilk_10_page_6,264.9,386.7,1277.0
10429555,stimulus_Arg_PISACowsMilk_10_page_6,264.9,386.8,1277.0
10429556,stimulus_Arg_PISACowsMilk_10_page_6,264.8,386.7,1277.0
10429557,stimulus_Arg_PISACowsMilk_10_page_6,264.8,386.7,1277.0
10429558,stimulus_Arg_PISACowsMilk_10_page_6,264.7,386.6,1277.0
10429559,stimulus_Arg_PISACowsMilk_10_page_6,264.7,386.5,1277.0
10429560,stimulus_Arg_PISACowsMilk_10_page_6,264.8,386.4,1277.0
10429561,stimulus_Arg_PISACowsMilk_10_page_6,264.9,386.3,1277.0
10429562,stimulus_Arg_PISACowsMilk_10_page_6,265.1,386.6,1277.0
10429563,stimulus_Arg_PISACowsMilk_10_page_6,265.3,386.9,1276.0
10429564,stimulus_Arg_PISACowsMilk_10_page_6,265.4,387.1,1277.0
10429565,stimulus_Arg_PISACowsMilk_10_page_6,265.4,387.0,1276.0
10429566,stimulus_Arg_PISACowsMilk_10_page_6,265.4,386.8,1276.0
10429567,stimulus_Arg_PISACowsMilk_10_page_6,265.4,387.0,1275.0
10429568,stimulus_Arg_PISACowsMilk_10_page_6,265.3,387.2,1276.0
10429569,stimulus_Arg_PISACowsMilk_10_page_6,265.1,387.3,1276.0
10429570,stimulus_Arg_PISACowsMilk_10_page_6,265.0,387.7,1276.0
10429571,stimulus_Arg_PISACowsMilk_10_page_6,264.9,388.0,1277.0
10429572,stimulus_Arg_PISACowsMilk_10_page_6,264.9,388.4,1277.0
10429573,stimulus_Arg_PISACowsMilk_10_page_6,264.9,388.4,1278.0
10429574,stimulus_Arg_PISACowsMilk_10_page_6,265.0,388.4,1278.0
10429575,stimulus_Arg_PISACowsMilk_10_page_6,264.6,388.4,1278.0
10429576,stimulus_Arg_PISACowsMilk_10_page_6,264.3,388.4,1277.0
10429577,stimulus_Arg_PISACowsMilk_10_page_6,263.9,388.4,1278.0
10429578,stimulus_Arg_PISACowsMilk_10_page_6,264.0,388.4,1279.0
10429579,stimulus_Arg_PISACowsMilk_10_page_6,263.9,388.4,1280.0
10429580,stimulus_Arg_PISACowsMilk_10_page_6,263.8,388.3,1281.0
10429581,stimulus_Arg_PISACowsMilk_10_page_6,263.8,388.3,1281.0
10429582,stimulus_Arg_PISACowsMilk_10_page_6,263.7,388.2,1280.0
10429583,stimulus_Arg_PISACowsMilk_10_page_6,263.7,388.2,1279.0
10429584,stimulus_Arg_PISACowsMilk_10_page_6,263.7,388.4,1278.0
10429585,stimulus_Arg_PISACowsMilk_10_page_6,263.7,388.6,1278.0
10429586,stimulus_Arg_PISACowsMilk_10_page_6,263.8,388.8,1277.0
10429587,stimulus_Arg_PISACowsMilk_10_page_6,264.0,388.7,1277.0
10429588,stimulus_Arg_PISACowsMilk_10_page_6,264.0,388.7,1277.0
10429589,stimulus_Arg_PISACowsMilk_10_page_6,264.1,388.7,1277.0
10429590,stimulus_Arg_PISACowsMilk_10_page_6,264.3,388.7,1277.0
10429591,stimulus_Arg_PISACowsMilk_10_page_6,264.6,388.8,1277.0
10429592,stimulus_Arg_PISACowsMilk_10_page_6,264.8,388.7,1276.0
10429593,stimulus_Arg_PISACowsMilk_10_page_6,265.1,388.7,1276.0
10429594,stimulus_Arg_PISACowsMilk_10_page_6,265.2,388.6,1275.0
10429595,stimulus_Arg_PISACowsMilk_10_page_6,265.0,388.7,1275.0
10429596,stimulus_Arg_PISACowsMilk_10_page_6,264.7,388.7,1275.0
10429597,stimulus_Arg_PISACowsMilk_10_page_6,264.4,388.9,1275.0
10429598,stimulus_Arg_PISACowsMilk_10_page_6,264.4,389.1,1276.0
10429599,stimulus_Arg_PISACowsMilk_10_page_6,264.4,389.2,1277.0
10429600,stimulus_Arg_PISACowsMilk_10_page_6,264.0,389.2,1277.0
10429601,stimulus_Arg_PISACowsMilk_10_page_6,263.7,389.1,1277.0
10429602,stimulus_Arg_PISACowsMilk_10_page_6,263.5,388.9,1277.0
10429603,stimulus_Arg_PISACowsMilk_10_page_6,263.7,388.7,1277.0
10429604,stimulus_Arg_PISACowsMilk_10_page_6,264.1,388.6,1277.0
10429605,stimulus_Arg_PISACowsMilk_10_page_6,264.3,388.6,1277.0
10429606,stimulus_Arg_PISACowsMilk_10_page_6,264.5,388.6,1276.0
10429607,stimulus_Arg_PISACowsMilk_10_page_6,264.6,388.6,1275.0
10429608,stimulus_Arg_PISACowsMilk_10_page_6,264.3,388.6,1275.0
10429609,stimulus_Arg_PISACowsMilk_10_page_6,264.1,388.6,1275.0
10429610,stimulus_Arg_PISACowsMilk_10_page_6,263.9,388.7,1276.0
10429611,stimulus_Arg_PISACowsMilk_10_page_6,264.2,388.6,1276.0
10429612,stimulus_Arg_PISACowsMilk_10_page_6,264.3,388.5,1276.0
10429613,stimulus_Arg_PISACowsMilk_10_page_6,264.3,388.8,1276.0
10429614,stimulus_Arg_PISACowsMilk_10_page_6,263.9,389.1,1275.0
10429615,stimulus_Arg_PISACowsMilk_10_page_6,263.6,389.4,1274.0
10429616,stimulus_Arg_PISACowsMilk_10_page_6,263.3,389.2,1273.0
10429617,stimulus_Arg_PISACowsMilk_10_page_6,263.3,389.0,1273.0
10429618,stimulus_Arg_PISACowsMilk_10_page_6,263.3,388.9,1272.0
10429619,stimulus_Arg_PISACowsMilk_10_page_6,263.3,389.0,1272.0
10429620,stimulus_Arg_PISACowsMilk_10_page_6,263.3,389.0,1272.0
10429621,stimulus_Arg_PISACowsMilk_10_page_6,263.4,389.1,1274.0
10429622,stimulus_Arg_PISACowsMilk_10_page_6,263.4,389.0,1275.0
10429623,stimulus_Arg_PISACowsMilk_10_page_6,263.2,389.1,1276.0
10429624,stimulus_Arg_PISACowsMilk_10_page_6,263.0,389.1,1275.0
10429625,stimulus_Arg_PISACowsMilk_10_page_6,262.8,389.1,1275.0
10429626,stimulus_Arg_PISACowsMilk_10_page_6,262.9,389.1,1276.0
10429627,stimulus_Arg_PISACowsMilk_10_page_6,263.0,389.1,1278.0
10429628,stimulus_Arg_PISACowsMilk_10_page_6,263.2,389.0,1278.0
10429629,stimulus_Arg_PISACowsMilk_10_page_6,263.2,389.0,1279.0
10429630,stimulus_Arg_PISACowsMilk_10_page_6,263.1,389.0,1278.0
10429631,stimulus_Arg_PISACowsMilk_10_page_6,262.9,388.9,1277.0
10429632,stimulus_Arg_PISACowsMilk_10_page_6,263.0,388.8,1277.0
10429633,stimulus_Arg_PISACowsMilk_10_page_6,263.3,388.7,1279.0
10429634,stimulus_Arg_PISACowsMilk_10_page_6,263.6,388.7,1279.0
10429635,stimulus_Arg_PISACowsMilk_10_page_6,263.5,388.7,1279.0
10429636,stimulus_Arg_PISACowsMilk_10_page_6,263.5,388.6,1278.0
10429637,stimulus_Arg_PISACowsMilk_10_page_6,263.5,388.6,1277.0
10429638,stimulus_Arg_PISACowsMilk_10_page_6,263.4,388.6,1278.0
10429639,stimulus_Arg_PISACowsMilk_10_page_6,263.6,388.7,1279.0
10429640,stimulus_Arg_PISACowsMilk_10_page_6,264.2,388.7,1280.0
10429641,stimulus_Arg_PISACowsMilk_10_page_6,264.7,388.7,1280.0
10429642,stimulus_Arg_PISACowsMilk_10_page_6,264.9,388.6,1280.0
10429643,stimulus_Arg_PISACowsMilk_10_page_6,264.7,388.7,1280.0
10429644,stimulus_Arg_PISACowsMilk_10_page_6,264.4,388.9,1280.0
10429645,stimulus_Arg_PISACowsMilk_10_page_6,264.4,389.1,1280.0
10429646,stimulus_Arg_PISACowsMilk_10_page_6,264.4,389.1,1279.0
10429647,stimulus_Arg_PISACowsMilk_10_page_6,264.7,389.0,1279.0
10429648,stimulus_Arg_PISACowsMilk_10_page_6,264.9,388.9,1279.0
10429649,stimulus_Arg_PISACowsMilk_10_page_6,265.1,388.8,1278.0
10429650,stimulus_Arg_PISACowsMilk_10_page_6,265.2,388.8,1277.0
10429651,stimulus_Arg_PISACowsMilk_10_page_6,265.4,388.8,1277.0
10429652,stimulus_Arg_PISACowsMilk_10_page_6,265.6,388.7,1277.0
10429653,stimulus_Arg_PISACowsMilk_10_page_6,265.6,388.7,1278.0
10429654,stimulus_Arg_PISACowsMilk_10_page_6,265.5,388.9,1278.0
10429655,stimulus_Arg_PISACowsMilk_10_page_6,265.3,389.0,1277.0
10429656,stimulus_Arg_PISACowsMilk_10_page_6,265.3,389.1,1276.0
10429657,stimulus_Arg_PISACowsMilk_10_page_6,265.6,389.3,1276.0
10429658,stimulus_Arg_PISACowsMilk_10_page_6,265.9,389.5,1276.0
10429659,stimulus_Arg_PISACowsMilk_10_page_6,266.0,389.8,1277.0
10429660,stimulus_Arg_PISACowsMilk_10_page_6,265.9,389.8,1277.0
10429661,stimulus_Arg_PISACowsMilk_10_page_6,265.7,389.8,1277.0
10429662,stimulus_Arg_PISACowsMilk_10_page_6,265.7,389.6,1276.0
10429663,stimulus_Arg_PISACowsMilk_10_page_6,265.7,389.4,1275.0
10429664,stimulus_Arg_PISACowsMilk_10_page_6,265.9,389.3,1274.0
10429665,stimulus_Arg_PISACowsMilk_10_page_6,266.0,389.3,1274.0
10429666,stimulus_Arg_PISACowsMilk_10_page_6,266.2,389.3,1274.0
10429667,stimulus_Arg_PISACowsMilk_10_page_6,266.2,389.3,1274.0
10429668,stimulus_Arg_PISACowsMilk_10_page_6,266.0,389.2,1274.0
10429669,stimulus_Arg_PISACowsMilk_10_page_6,265.8,389.0,1274.0
10429670,stimulus_Arg_PISACowsMilk_10_page_6,265.6,388.8,1274.0
10429671,stimulus_Arg_PISACowsMilk_10_page_6,265.6,388.9,1273.0
10429672,stimulus_Arg_PISACowsMilk_10_page_6,265.6,388.9,1273.0
10429673,stimulus_Arg_PISACowsMilk_10_page_6,265.7,388.7,1274.0
10429674,stimulus_Arg_PISACowsMilk_10_page_6,266.1,388.6,1273.0
10429675,stimulus_Arg_PISACowsMilk_10_page_6,266.5,388.6,1273.0
10429676,stimulus_Arg_PISACowsMilk_10_page_6,266.9,388.8,1272.0
10429677,stimulus_Arg_PISACowsMilk_10_page_6,266.8,388.9,1272.0
10429678,stimulus_Arg_PISACowsMilk_10_page_6,266.7,388.8,1273.0
10429679,stimulus_Arg_PISACowsMilk_10_page_6,266.7,388.7,1273.0
10429680,stimulus_Arg_PISACowsMilk_10_page_6,266.5,388.6,1273.0
10429681,stimulus_Arg_PISACowsMilk_10_page_6,266.3,388.6,1272.0
10429682,stimulus_Arg_PISACowsMilk_10_page_6,266.1,388.6,1271.0
10429683,stimulus_Arg_PISACowsMilk_10_page_6,266.0,388.7,1270.0
10429684,stimulus_Arg_PISACowsMilk_10_page_6,265.7,388.7,1269.0
10429685,stimulus_Arg_PISACowsMilk_10_page_6,265.5,388.8,1269.0
10429686,stimulus_Arg_PISACowsMilk_10_page_6,265.2,388.8,1269.0
10429687,stimulus_Arg_PISACowsMilk_10_page_6,265.1,388.8,1269.0
10429688,stimulus_Arg_PISACowsMilk_10_page_6,265.0,388.7,1269.0
10429689,stimulus_Arg_PISACowsMilk_10_page_6,264.9,388.6,1268.0
10429690,stimulus_Arg_PISACowsMilk_10_page_6,264.6,388.5,1267.0
10429691,stimulus_Arg_PISACowsMilk_10_page_6,264.3,388.4,1267.0
10429692,stimulus_Arg_PISACowsMilk_10_page_6,264.2,388.4,1267.0
10429693,stimulus_Arg_PISACowsMilk_10_page_6,264.6,388.4,1267.0
10429694,stimulus_Arg_PISACowsMilk_10_page_6,265.0,388.5,1267.0
10429695,stimulus_Arg_PISACowsMilk_10_page_6,265.2,388.6,1267.0
10429696,stimulus_Arg_PISACowsMilk_10_page_6,265.2,388.7,1267.0
10429697,stimulus_Arg_PISACowsMilk_10_page_6,265.2,388.8,1267.0
10429698,stimulus_Arg_PISACowsMilk_10_page_6,265.0,388.9,1266.0
10429699,stimulus_Arg_PISACowsMilk_10_page_6,264.7,388.9,1266.0
10429700,stimulus_Arg_PISACowsMilk_10_page_6,264.5,388.9,1266.0
10429701,stimulus_Arg_PISACowsMilk_10_page_6,264.6,388.8,1267.0
10429702,stimulus_Arg_PISACowsMilk_10_page_6,264.7,388.8,1266.0
10429703,stimulus_Arg_PISACowsMilk_10_page_6,264.7,388.8,1266.0
10429704,stimulus_Arg_PISACowsMilk_10_page_6,264.7,388.6,1266.0
10429705,stimulus_Arg_PISACowsMilk_10_page_6,264.7,388.5,1266.0
10429706,stimulus_Arg_PISACowsMilk_10_page_6,264.8,388.3,1266.0
10429707,stimulus_Arg_PISACowsMilk_10_page_6,264.9,388.2,1265.0
10429708,stimulus_Arg_PISACowsMilk_10_page_6,264.8,388.1,1264.0
10429709,stimulus_Arg_PISACowsMilk_10_page_6,264.7,388.0,1263.0
10429710,stimulus_Arg_PISACowsMilk_10_page_6,264.6,388.0,1264.0
10429711,stimulus_Arg_PISACowsMilk_10_page_6,264.8,388.1,1264.0
10429712,stimulus_Arg_PISACowsMilk_10_page_6,264.9,388.4,1264.0
10429713,stimulus_Arg_PISACowsMilk_10_page_6,264.9,388.7,1264.0
10429714,stimulus_Arg_PISACowsMilk_10_page_6,264.9,388.8,1265.0
10429715,stimulus_Arg_PISACowsMilk_10_page_6,265.0,388.8,1265.0
10429716,stimulus_Arg_PISACowsMilk_10_page_6,264.8,388.6,1265.0
10429717,stimulus_Arg_PISACowsMilk_10_page_6,264.6,388.4,1265.0
10429718,stimulus_Arg_PISACowsMilk_10_page_6,264.5,388.2,1264.0
10429719,stimulus_Arg_PISACowsMilk_10_page_6,264.4,388.3,1264.0
10429720,stimulus_Arg_PISACowsMilk_10_page_6,264.5,388.2,1264.0
10429721,stimulus_Arg_PISACowsMilk_10_page_6,264.5,388.1,1264.0
10429722,stimulus_Arg_PISACowsMilk_10_page_6,264.5,387.9,1265.0
10429723,stimulus_Arg_PISACowsMilk_10_page_6,264.3,387.8,1265.0
10429724,stimulus_Arg_PISACowsMilk_10_page_6,264.2,388.0,1265.0
10429725,stimulus_Arg_PISACowsMilk_10_page_6,264.5,388.2,1264.0
10429726,stimulus_Arg_PISACowsMilk_10_page_6,265.4,388.7,1266.0
10429727,stimulus_Arg_PISACowsMilk_10_page_6,266.3,388.9,1267.0
10429728,stimulus_Arg_PISACowsMilk_10_page_6,266.9,389.1,1268.0
10429729,stimulus_Arg_PISACowsMilk_10_page_6,269.2,389.2,1267.0
10429730,stimulus_Arg_PISACowsMilk_10_page_6,274.2,389.6,1267.0
10429731,stimulus_Arg_PISACowsMilk_10_page_6,280.6,390.0,1268.0
10429732,stimulus_Arg_PISACowsMilk_10_page_6,288.5,389.6,1269.0
10429733,stimulus_Arg_PISACowsMilk_10_page_6,297.0,389.3,1270.0
10429734,stimulus_Arg_PISACowsMilk_10_page_6,308.6,388.3,1271.0
10429735,stimulus_Arg_PISACowsMilk_10_page_6,320.8,388.3,1271.0
10429736,stimulus_Arg_PISACowsMilk_10_page_6,333.4,386.9,1272.0
10429737,stimulus_Arg_PISACowsMilk_10_page_6,346.7,384.6,1273.0
10429738,stimulus_Arg_PISACowsMilk_10_page_6,360.2,381.6,1274.0
10429739,stimulus_Arg_PISACowsMilk_10_page_6,373.5,379.2,1275.0
10429740,stimulus_Arg_PISACowsMilk_10_page_6,385.4,377.1,1276.0
10429741,stimulus_Arg_PISACowsMilk_10_page_6,395.5,374.9,1276.0
10429742,stimulus_Arg_PISACowsMilk_10_page_6,405.4,373.5,1276.0
10429743,stimulus_Arg_PISACowsMilk_10_page_6,413.5,372.9,1276.0
10429744,stimulus_Arg_PISACowsMilk_10_page_6,421.0,372.6,1275.0
10429745,stimulus_Arg_PISACowsMilk_10_page_6,427.3,371.3,1274.0
10429746,stimulus_Arg_PISACowsMilk_10_page_6,432.0,370.0,1272.0
10429747,stimulus_Arg_PISACowsMilk_10_page_6,435.9,369.2,1270.0
10429748,stimulus_Arg_PISACowsMilk_10_page_6,438.0,369.4,1269.0
10429749,stimulus_Arg_PISACowsMilk_10_page_6,439.9,369.2,1268.0
10429750,stimulus_Arg_PISACowsMilk_10_page_6,441.6,369.0,1268.0
10429751,stimulus_Arg_PISACowsMilk_10_page_6,443.6,368.8,1265.0
10429752,stimulus_Arg_PISACowsMilk_10_page_6,445.8,369.5,1263.0
10429753,stimulus_Arg_PISACowsMilk_10_page_6,447.7,370.2,1262.0
10429754,stimulus_Arg_PISACowsMilk_10_page_6,449.9,370.1,1264.0
10429755,stimulus_Arg_PISACowsMilk_10_page_6,452.4,369.3,1264.0
10429756,stimulus_Arg_PISACowsMilk_10_page_6,455.3,368.4,1263.0
10429757,stimulus_Arg_PISACowsMilk_10_page_6,458.1,368.1,1263.0
10429758,stimulus_Arg_PISACowsMilk_10_page_6,460.9,368.0,1263.0
10429759,stimulus_Arg_PISACowsMilk_10_page_6,463.1,367.9,1263.0
10429760,stimulus_Arg_PISACowsMilk_10_page_6,464.9,368.0,1263.0
10429761,stimulus_Arg_PISACowsMilk_10_page_6,465.8,368.1,1263.0
10429762,stimulus_Arg_PISACowsMilk_10_page_6,466.1,367.8,1263.0
10429763,stimulus_Arg_PISACowsMilk_10_page_6,465.4,367.5,1263.0
10429764,stimulus_Arg_PISACowsMilk_10_page_6,464.2,367.3,1263.0
10429765,stimulus_Arg_PISACowsMilk_10_page_6,462.2,367.5,1263.0
10429766,stimulus_Arg_PISACowsMilk_10_page_6,460.0,367.8,1263.0
10429767,stimulus_Arg_PISACowsMilk_10_page_6,457.8,368.0,1263.0
10429768,stimulus_Arg_PISACowsMilk_10_page_6,455.6,368.1,1263.0
10429769,stimulus_Arg_PISACowsMilk_10_page_6,453.5,368.0,1263.0
10429770,stimulus_Arg_PISACowsMilk_10_page_6,451.7,368.5,1263.0
10429771,stimulus_Arg_PISACowsMilk_10_page_6,450.5,368.9,1263.0
10429772,stimulus_Arg_PISACowsMilk_10_page_6,450.0,369.7,1263.0
10429773,stimulus_Arg_PISACowsMilk_10_page_6,450.0,370.1,1263.0
10429774,stimulus_Arg_PISACowsMilk_10_page_6,450.3,370.6,1264.0
10429775,stimulus_Arg_PISACowsMilk_10_page_6,450.9,371.0,1264.0
10429776,stimulus_Arg_PISACowsMilk_10_page_6,451.9,371.5,1264.0
10429777,stimulus_Arg_PISACowsMilk_10_page_6,453.1,371.8,1264.0
10429778,stimulus_Arg_PISACowsMilk_10_page_6,454.6,371.9,1264.0
10429779,stimulus_Arg_PISACowsMilk_10_page_6,455.9,371.9,1265.0
10429780,stimulus_Arg_PISACowsMilk_10_page_6,456.8,371.9,1266.0
10429781,stimulus_Arg_PISACowsMilk_10_page_6,457.8,371.9,1265.0
10429782,stimulus_Arg_PISACowsMilk_10_page_6,458.5,371.7,1265.0
10429783,stimulus_Arg_PISACowsMilk_10_page_6,459.0,371.6,1264.0
10429784,stimulus_Arg_PISACowsMilk_10_page_6,459.2,371.4,1263.0
10429785,stimulus_Arg_PISACowsMilk_10_page_6,459.5,371.3,1263.0
10429786,stimulus_Arg_PISACowsMilk_10_page_6,459.8,371.2,1263.0
10429787,stimulus_Arg_PISACowsMilk_10_page_6,459.8,371.0,1263.0
10429788,stimulus_Arg_PISACowsMilk_10_page_6,459.7,371.0,1263.0
10429789,stimulus_Arg_PISACowsMilk_10_page_6,459.6,371.1,1263.0
10429790,stimulus_Arg_PISACowsMilk_10_page_6,459.8,371.0,1263.0
10429791,stimulus_Arg_PISACowsMilk_10_page_6,459.9,371.0,1264.0
10429792,stimulus_Arg_PISACowsMilk_10_page_6,459.8,371.1,1264.0
10429793,stimulus_Arg_PISACowsMilk_10_page_6,459.6,371.4,1263.0
10429794,stimulus_Arg_PISACowsMilk_10_page_6,459.6,371.7,1262.0
10429795,stimulus_Arg_PISACowsMilk_10_page_6,459.8,371.9,1260.0
10429796,stimulus_Arg_PISACowsMilk_10_page_6,460.1,371.9,1259.0
10429797,stimulus_Arg_PISACowsMilk_10_page_6,459.8,372.1,1258.0
10429798,stimulus_Arg_PISACowsMilk_10_page_6,459.6,372.2,1259.0
10429799,stimulus_Arg_PISACowsMilk_10_page_6,459.2,372.1,1259.0
10429800,stimulus_Arg_PISACowsMilk_10_page_6,458.5,371.9,1260.0
10429801,stimulus_Arg_PISACowsMilk_10_page_6,457.8,371.8,1259.0
10429802,stimulus_Arg_PISACowsMilk_10_page_6,457.3,371.9,1258.0
10429803,stimulus_Arg_PISACowsMilk_10_page_6,457.4,371.9,1257.0
10429804,stimulus_Arg_PISACowsMilk_10_page_6,457.1,371.8,1257.0
10429805,stimulus_Arg_PISACowsMilk_10_page_6,456.6,372.0,1257.0
10429806,stimulus_Arg_PISACowsMilk_10_page_6,456.2,372.3,1257.0
10429807,stimulus_Arg_PISACowsMilk_10_page_6,456.4,372.6,1257.0
10429808,stimulus_Arg_PISACowsMilk_10_page_6,456.7,372.7,1258.0
10429809,stimulus_Arg_PISACowsMilk_10_page_6,457.0,372.8,1258.0
10429810,stimulus_Arg_PISACowsMilk_10_page_6,457.0,372.6,1259.0
10429811,stimulus_Arg_PISACowsMilk_10_page_6,456.9,372.2,1258.0
10429812,stimulus_Arg_PISACowsMilk_10_page_6,456.8,371.9,1257.0
10429813,stimulus_Arg_PISACowsMilk_10_page_6,456.5,371.9,1256.0
10429814,stimulus_Arg_PISACowsMilk_10_page_6,456.2,371.9,1256.0
10429815,stimulus_Arg_PISACowsMilk_10_page_6,456.3,371.9,1256.0
10429816,stimulus_Arg_PISACowsMilk_10_page_6,456.5,372.0,1256.0
10429817,stimulus_Arg_PISACowsMilk_10_page_6,456.7,371.9,1256.0
10429818,stimulus_Arg_PISACowsMilk_10_page_6,456.4,371.9,1256.0
10429819,stimulus_Arg_PISACowsMilk_10_page_6,456.1,371.8,1256.0
10429820,stimulus_Arg_PISACowsMilk_10_page_6,456.3,371.7,1257.0
10429821,stimulus_Arg_PISACowsMilk_10_page_6,456.5,371.7,1258.0
10429822,stimulus_Arg_PISACowsMilk_10_page_6,456.7,371.6,1259.0
10429823,stimulus_Arg_PISACowsMilk_10_page_6,456.6,371.8,1258.0
10429824,stimulus_Arg_PISACowsMilk_10_page_6,456.5,372.0,1258.0
10429825,stimulus_Arg_PISACowsMilk_10_page_6,456.5,372.2,1257.0
10429826,stimulus_Arg_PISACowsMilk_10_page_6,456.6,372.2,1257.0
10429827,stimulus_Arg_PISACowsMilk_10_page_6,456.7,372.4,1257.0
10429828,stimulus_Arg_PISACowsMilk_10_page_6,456.8,372.8,1257.0
10429829,stimulus_Arg_PISACowsMilk_10_page_6,456.7,372.9,1257.0
10429830,stimulus_Arg_PISACowsMilk_10_page_6,456.7,372.7,1257.0
10429831,stimulus_Arg_PISACowsMilk_10_page_6,456.7,372.6,1257.0
10429832,stimulus_Arg_PISACowsMilk_10_page_6,456.7,372.3,1257.0
10429833,stimulus_Arg_PISACowsMilk_10_page_6,456.7,371.9,1257.0
10429834,stimulus_Arg_PISACowsMilk_10_page_6,456.8,371.6,1257.0
10429835,stimulus_Arg_PISACowsMilk_10_page_6,456.8,371.7,1256.0
10429836,stimulus_Arg_PISACowsMilk_10_page_6,456.8,371.8,1255.0
10429837,stimulus_Arg_PISACowsMilk_10_page_6,456.8,371.7,1256.0
10429838,stimulus_Arg_PISACowsMilk_10_page_6,456.7,371.7,1257.0
10429839,stimulus_Arg_PISACowsMilk_10_page_6,456.6,371.7,1258.0
10429840,stimulus_Arg_PISACowsMilk_10_page_6,456.6,371.9,1258.0
10429841,stimulus_Arg_PISACowsMilk_10_page_6,456.7,372.0,1257.0
10429842,stimulus_Arg_PISACowsMilk_10_page_6,456.7,372.2,1256.0
10429843,stimulus_Arg_PISACowsMilk_10_page_6,456.8,372.2,1257.0
10429844,stimulus_Arg_PISACowsMilk_10_page_6,456.9,372.1,1257.0
10429845,stimulus_Arg_PISACowsMilk_10_page_6,457.3,372.1,1257.0
10429846,stimulus_Arg_PISACowsMilk_10_page_6,457.7,372.0,1257.0
10429847,stimulus_Arg_PISACowsMilk_10_page_6,457.7,371.9,1256.0
10429848,stimulus_Arg_PISACowsMilk_10_page_6,457.8,371.6,1255.0
10429849,stimulus_Arg_PISACowsMilk_10_page_6,457.8,371.3,1255.0
10429850,stimulus_Arg_PISACowsMilk_10_page_6,457.8,371.2,1255.0
10429851,stimulus_Arg_PISACowsMilk_10_page_6,457.9,371.1,1255.0
10429852,stimulus_Arg_PISACowsMilk_10_page_6,457.8,371.1,1255.0
10429853,stimulus_Arg_PISACowsMilk_10_page_6,457.6,371.2,1255.0
10429854,stimulus_Arg_PISACowsMilk_10_page_6,457.2,371.1,1255.0
10429855,stimulus_Arg_PISACowsMilk_10_page_6,456.9,371.1,1255.0
10429856,stimulus_Arg_PISACowsMilk_10_page_6,456.8,371.1,1254.0
10429857,stimulus_Arg_PISACowsMilk_10_page_6,457.0,371.2,1253.0
10429858,stimulus_Arg_PISACowsMilk_10_page_6,457.3,371.2,1253.0
10429859,stimulus_Arg_PISACowsMilk_10_page_6,457.5,371.2,1253.0
10429860,stimulus_Arg_PISACowsMilk_10_page_6,457.5,371.3,1253.0
10429861,stimulus_Arg_PISACowsMilk_10_page_6,457.5,371.2,1254.0
10429862,stimulus_Arg_PISACowsMilk_10_page_6,457.5,371.1,1254.0
10429863,stimulus_Arg_PISACowsMilk_10_page_6,457.6,371.2,1254.0
10429864,stimulus_Arg_PISACowsMilk_10_page_6,457.7,371.4,1254.0
10429865,stimulus_Arg_PISACowsMilk_10_page_6,457.7,371.6,1253.0
10429866,stimulus_Arg_PISACowsMilk_10_page_6,457.6,371.5,1253.0
10429867,stimulus_Arg_PISACowsMilk_10_page_6,457.4,371.3,1252.0
10429868,stimulus_Arg_PISACowsMilk_10_page_6,457.2,371.0,1252.0
10429869,stimulus_Arg_PISACowsMilk_10_page_6,457.3,370.8,1252.0
10429870,stimulus_Arg_PISACowsMilk_10_page_6,457.3,370.7,1251.0
10429871,stimulus_Arg_PISACowsMilk_10_page_6,457.3,370.6,1250.0
10429872,stimulus_Arg_PISACowsMilk_10_page_6,457.5,370.6,1249.0
10429873,stimulus_Arg_PISACowsMilk_10_page_6,457.6,370.4,1249.0
10429874,stimulus_Arg_PISACowsMilk_10_page_6,457.8,370.3,1249.0
10429875,stimulus_Arg_PISACowsMilk_10_page_6,457.8,370.1,1249.0
10429876,stimulus_Arg_PISACowsMilk_10_page_6,457.9,369.9,1249.0
10429877,stimulus_Arg_PISACowsMilk_10_page_6,457.8,369.7,1250.0
10429878,stimulus_Arg_PISACowsMilk_10_page_6,457.7,369.3,1250.0
10429879,stimulus_Arg_PISACowsMilk_10_page_6,457.7,368.9,1251.0
10429880,stimulus_Arg_PISACowsMilk_10_page_6,457.6,368.9,1252.0
10429881,stimulus_Arg_PISACowsMilk_10_page_6,457.6,369.2,1252.0
10429882,stimulus_Arg_PISACowsMilk_10_page_6,457.6,369.4,1251.0
10429883,stimulus_Arg_PISACowsMilk_10_page_6,457.7,369.5,1252.0
10429884,stimulus_Arg_PISACowsMilk_10_page_6,458.0,369.5,1252.0
10429885,stimulus_Arg_PISACowsMilk_10_page_6,458.2,369.5,1254.0
10429886,stimulus_Arg_PISACowsMilk_10_page_6,458.5,369.5,1254.0
10429887,stimulus_Arg_PISACowsMilk_10_page_6,459.0,369.5,1254.0
10429888,stimulus_Arg_PISACowsMilk_10_page_6,459.4,369.4,1254.0
10429889,stimulus_Arg_PISACowsMilk_10_page_6,459.6,369.3,1254.0
10429890,stimulus_Arg_PISACowsMilk_10_page_6,459.6,369.1,1255.0
10429891,stimulus_Arg_PISACowsMilk_10_page_6,459.5,368.9,1254.0
10429892,stimulus_Arg_PISACowsMilk_10_page_6,459.2,368.8,1254.0
10429893,stimulus_Arg_PISACowsMilk_10_page_6,459.0,368.9,1254.0
10429894,stimulus_Arg_PISACowsMilk_10_page_6,458.9,369.1,1253.0
10429895,stimulus_Arg_PISACowsMilk_10_page_6,459.0,369.1,1254.0
10429896,stimulus_Arg_PISACowsMilk_10_page_6,458.9,369.0,1254.0
10429897,stimulus_Arg_PISACowsMilk_10_page_6,458.8,369.0,1254.0
10429898,stimulus_Arg_PISACowsMilk_10_page_6,458.6,369.0,1253.0
10429899,stimulus_Arg_PISACowsMilk_10_page_6,458.3,369.1,1252.0
10429900,stimulus_Arg_PISACowsMilk_10_page_6,458.3,369.3,1253.0
10429901,stimulus_Arg_PISACowsMilk_10_page_6,458.3,369.4,1253.0
10429902,stimulus_Arg_PISACowsMilk_10_page_6,458.5,369.6,1253.0
10429903,stimulus_Arg_PISACowsMilk_10_page_6,458.6,369.7,1253.0
10429904,stimulus_Arg_PISACowsMilk_10_page_6,458.6,369.8,1253.0
10429905,stimulus_Arg_PISACowsMilk_10_page_6,458.8,369.6,1252.0
10429906,stimulus_Arg_PISACowsMilk_10_page_6,459.0,369.5,1252.0
10429907,stimulus_Arg_PISACowsMilk_10_page_6,459.1,369.4,1253.0
10429908,stimulus_Arg_PISACowsMilk_10_page_6,458.9,369.4,1253.0
10429909,stimulus_Arg_PISACowsMilk_10_page_6,458.7,369.4,1254.0
10429910,stimulus_Arg_PISACowsMilk_10_page_6,458.6,369.3,1255.0
10429911,stimulus_Arg_PISACowsMilk_10_page_6,458.7,369.1,1255.0
10429912,stimulus_Arg_PISACowsMilk_10_page_6,458.7,368.9,1254.0
10429913,stimulus_Arg_PISACowsMilk_10_page_6,458.8,368.5,1253.0
10429914,stimulus_Arg_PISACowsMilk_10_page_6,459.0,368.1,1253.0
10429915,stimulus_Arg_PISACowsMilk_10_page_6,459.1,367.9,1252.0
10429916,stimulus_Arg_PISACowsMilk_10_page_6,459.2,367.9,1252.0
10429917,stimulus_Arg_PISACowsMilk_10_page_6,459.3,367.9,1252.0
10429918,stimulus_Arg_PISACowsMilk_10_page_6,459.4,367.9,1251.0
10429919,stimulus_Arg_PISACowsMilk_10_page_6,459.4,368.0,1249.0
10429920,stimulus_Arg_PISACowsMilk_10_page_6,459.5,367.9,1249.0
10429921,stimulus_Arg_PISACowsMilk_10_page_6,459.6,367.8,1250.0
10429922,stimulus_Arg_PISACowsMilk_10_page_6,459.7,367.9,1251.0
10429923,stimulus_Arg_PISACowsMilk_10_page_6,459.5,368.0,1251.0
10429924,stimulus_Arg_PISACowsMilk_10_page_6,459.3,368.1,1251.0
10429925,stimulus_Arg_PISACowsMilk_10_page_6,459.1,368.0,1251.0
10429926,stimulus_Arg_PISACowsMilk_10_page_6,458.9,368.1,1250.0
10429927,stimulus_Arg_PISACowsMilk_10_page_6,458.9,368.1,1250.0
10429928,stimulus_Arg_PISACowsMilk_10_page_6,459.0,368.2,1250.0
10429929,stimulus_Arg_PISACowsMilk_10_page_6,459.2,368.1,1250.0
10429930,stimulus_Arg_PISACowsMilk_10_page_6,459.5,368.2,1250.0
10429931,stimulus_Arg_PISACowsMilk_10_page_6,459.7,368.2,1249.0
10429932,stimulus_Arg_PISACowsMilk_10_page_6,459.9,368.3,1249.0
10429933,stimulus_Arg_PISACowsMilk_10_page_6,459.9,368.3,1249.0
10429934,stimulus_Arg_PISACowsMilk_10_page_6,459.8,368.3,1248.0
10429935,stimulus_Arg_PISACowsMilk_10_page_6,459.8,368.4,1247.0
10429936,stimulus_Arg_PISACowsMilk_10_page_6,459.7,368.5,1247.0
10429937,stimulus_Arg_PISACowsMilk_10_page_6,459.7,368.6,1247.0
10429938,stimulus_Arg_PISACowsMilk_10_page_6,459.6,368.6,1247.0
10429939,stimulus_Arg_PISACowsMilk_10_page_6,459.7,368.7,1248.0
10429940,stimulus_Arg_PISACowsMilk_10_page_6,459.8,368.6,1249.0
10429941,stimulus_Arg_PISACowsMilk_10_page_6,459.9,368.4,1249.0
10429942,stimulus_Arg_PISACowsMilk_10_page_6,460.0,368.1,1249.0
10429943,stimulus_Arg_PISACowsMilk_10_page_6,459.7,368.1,1248.0
10429944,stimulus_Arg_PISACowsMilk_10_page_6,459.5,368.1,1247.0
10429945,stimulus_Arg_PISACowsMilk_10_page_6,459.2,368.2,1246.0
10429946,stimulus_Arg_PISACowsMilk_10_page_6,459.4,368.2,1247.0
10429947,stimulus_Arg_PISACowsMilk_10_page_6,459.5,368.2,1247.0
10429948,stimulus_Arg_PISACowsMilk_10_page_6,459.7,368.5,1247.0
10429949,stimulus_Arg_PISACowsMilk_10_page_6,459.6,368.7,1247.0
10429950,stimulus_Arg_PISACowsMilk_10_page_6,459.6,368.7,1247.0
10429951,stimulus_Arg_PISACowsMilk_10_page_6,459.8,368.4,1247.0
10429952,stimulus_Arg_PISACowsMilk_10_page_6,460.0,368.2,1247.0
10429953,stimulus_Arg_PISACowsMilk_10_page_6,460.2,368.1,1248.0
10429954,stimulus_Arg_PISACowsMilk_10_page_6,460.2,368.1,1247.0
10429955,stimulus_Arg_PISACowsMilk_10_page_6,460.1,368.0,1247.0
10429956,stimulus_Arg_PISACowsMilk_10_page_6,459.9,367.9,1247.0
10429957,stimulus_Arg_PISACowsMilk_10_page_6,459.9,367.9,1247.0
10429958,stimulus_Arg_PISACowsMilk_10_page_6,459.7,368.0,1248.0
10429959,stimulus_Arg_PISACowsMilk_10_page_6,459.5,368.1,1248.0
10429960,stimulus_Arg_PISACowsMilk_10_page_6,459.4,368.1,1248.0
10429961,stimulus_Arg_PISACowsMilk_10_page_6,459.1,368.0,1248.0
10429962,stimulus_Arg_PISACowsMilk_10_page_6,458.9,367.8,1248.0
10429963,stimulus_Arg_PISACowsMilk_10_page_6,458.8,367.7,1248.0
10429964,stimulus_Arg_PISACowsMilk_10_page_6,459.0,367.6,1248.0
10429965,stimulus_Arg_PISACowsMilk_10_page_6,459.1,367.4,1247.0
10429966,stimulus_Arg_PISACowsMilk_10_page_6,459.3,367.3,1247.0
10429967,stimulus_Arg_PISACowsMilk_10_page_6,459.4,367.3,1246.0
10429968,stimulus_Arg_PISACowsMilk_10_page_6,459.5,367.5,1246.0
10429969,stimulus_Arg_PISACowsMilk_10_page_6,459.6,368.1,1245.0
10429970,stimulus_Arg_PISACowsMilk_10_page_6,459.8,368.6,1245.0
10429971,stimulus_Arg_PISACowsMilk_10_page_6,460.1,368.6,1245.0
10429972,stimulus_Arg_PISACowsMilk_10_page_6,460.3,368.2,1244.0
10429973,stimulus_Arg_PISACowsMilk_10_page_6,460.5,367.8,1244.0
10429974,stimulus_Arg_PISACowsMilk_10_page_6,460.6,367.8,1244.0
10429975,stimulus_Arg_PISACowsMilk_10_page_6,460.7,367.9,1244.0
10429976,stimulus_Arg_PISACowsMilk_10_page_6,460.6,367.9,1243.0
10429977,stimulus_Arg_PISACowsMilk_10_page_6,460.4,367.9,1242.0
10429978,stimulus_Arg_PISACowsMilk_10_page_6,460.2,367.9,1242.0
10429979,stimulus_Arg_PISACowsMilk_10_page_6,460.2,368.2,1242.0
10429980,stimulus_Arg_PISACowsMilk_10_page_6,460.1,368.5,1242.0
10429981,stimulus_Arg_PISACowsMilk_10_page_6,460.1,368.8,1243.0
10429982,stimulus_Arg_PISACowsMilk_10_page_6,460.0,368.7,1243.0
10429983,stimulus_Arg_PISACowsMilk_10_page_6,460.0,368.7,1244.0
10429984,stimulus_Arg_PISACowsMilk_10_page_6,459.9,368.6,1244.0
10429985,stimulus_Arg_PISACowsMilk_10_page_6,460.1,368.7,1242.0
10429986,stimulus_Arg_PISACowsMilk_10_page_6,460.3,368.8,1241.0
10429987,stimulus_Arg_PISACowsMilk_10_page_6,460.3,369.0,1240.0
10429988,stimulus_Arg_PISACowsMilk_10_page_6,460.1,369.1,1241.0
10429989,stimulus_Arg_PISACowsMilk_10_page_6,460.0,368.6,1242.0
10429990,stimulus_Arg_PISACowsMilk_10_page_6,460.0,368.1,1242.0
10429991,stimulus_Arg_PISACowsMilk_10_page_6,460.0,367.7,1242.0
10429992,stimulus_Arg_PISACowsMilk_10_page_6,460.1,367.7,1242.0
10429993,stimulus_Arg_PISACowsMilk_10_page_6,460.1,367.8,1242.0
10429994,stimulus_Arg_PISACowsMilk_10_page_6,460.1,367.8,1242.0
10429995,stimulus_Arg_PISACowsMilk_10_page_6,460.1,367.8,1242.0
10429996,stimulus_Arg_PISACowsMilk_10_page_6,460.1,367.9,1241.0
10429997,stimulus_Arg_PISACowsMilk_10_page_6,460.1,368.0,1241.0
10429998,stimulus_Arg_PISACowsMilk_10_page_6,460.1,368.1,1241.0
10429999,stimulus_Arg_PISACowsMilk_10_page_6,460.3,368.4,1240.0
10430000,stimulus_Arg_PISACowsMilk_10_page_6,460.6,368.5,1240.0
10430001,stimulus_Arg_PISACowsMilk_10_page_6,460.8,368.5,1240.0
10430002,stimulus_Arg_PISACowsMilk_10_page_6,460.9,368.5,1241.0
10430003,stimulus_Arg_PISACowsMilk_10_page_6,460.9,368.4,1241.0
10430004,stimulus_Arg_PISACowsMilk_10_page_6,460.9,368.5,1241.0
10430005,stimulus_Arg_PISACowsMilk_10_page_6,460.9,368.4,1241.0
10430006,stimulus_Arg_PISACowsMilk_10_page_6,461.0,368.2,1241.0
10430007,stimulus_Arg_PISACowsMilk_10_page_6,461.0,368.1,1241.0
10430008,stimulus_Arg_PISACowsMilk_10_page_6,461.1,368.0,1241.0
10430009,stimulus_Arg_PISACowsMilk_10_page_6,461.0,368.0,1240.0
10430010,stimulus_Arg_PISACowsMilk_10_page_6,460.9,367.9,1240.0
10430011,stimulus_Arg_PISACowsMilk_10_page_6,460.7,367.9,1241.0
10430012,stimulus_Arg_PISACowsMilk_10_page_6,460.6,367.9,1241.0
10430013,stimulus_Arg_PISACowsMilk_10_page_6,460.4,368.1,1241.0
10430014,stimulus_Arg_PISACowsMilk_10_page_6,460.3,368.5,1241.0
10430015,stimulus_Arg_PISACowsMilk_10_page_6,460.1,368.8,1241.0
10430016,stimulus_Arg_PISACowsMilk_10_page_6,460.1,369.0,1240.0
10430017,stimulus_Arg_PISACowsMilk_10_page_6,460.1,369.1,1239.0
10430018,stimulus_Arg_PISACowsMilk_10_page_6,460.0,369.2,1238.0
10430019,stimulus_Arg_PISACowsMilk_10_page_6,460.0,369.4,1239.0
10430020,stimulus_Arg_PISACowsMilk_10_page_6,460.0,369.3,1239.0
10430021,stimulus_Arg_PISACowsMilk_10_page_6,460.0,369.1,1239.0
10430022,stimulus_Arg_PISACowsMilk_10_page_6,460.0,368.7,1239.0
10430023,stimulus_Arg_PISACowsMilk_10_page_6,460.1,368.4,1239.0
10430024,stimulus_Arg_PISACowsMilk_10_page_6,460.1,368.5,1239.0
10430025,stimulus_Arg_PISACowsMilk_10_page_6,460.1,368.7,1238.0
10430026,stimulus_Arg_PISACowsMilk_10_page_6,460.2,369.1,1238.0
10430027,stimulus_Arg_PISACowsMilk_10_page_6,460.3,369.2,1238.0
10430028,stimulus_Arg_PISACowsMilk_10_page_6,460.5,369.4,1237.0
10430029,stimulus_Arg_PISACowsMilk_10_page_6,460.5,369.6,1237.0
10430030,stimulus_Arg_PISACowsMilk_10_page_6,460.5,369.7,1237.0
10430031,stimulus_Arg_PISACowsMilk_10_page_6,460.7,369.8,1237.0
10430032,stimulus_Arg_PISACowsMilk_10_page_6,460.8,369.7,1237.0
10430033,stimulus_Arg_PISACowsMilk_10_page_6,461.0,369.5,1237.0
10430034,stimulus_Arg_PISACowsMilk_10_page_6,460.8,369.4,1237.0
10430035,stimulus_Arg_PISACowsMilk_10_page_6,460.5,369.2,1237.0
10430036,stimulus_Arg_PISACowsMilk_10_page_6,460.3,369.2,1237.0
10430037,stimulus_Arg_PISACowsMilk_10_page_6,460.5,368.8,1238.0
10430038,stimulus_Arg_PISACowsMilk_10_page_6,460.6,368.5,1238.0
10430039,stimulus_Arg_PISACowsMilk_10_page_6,460.8,368.2,1239.0
10430040,stimulus_Arg_PISACowsMilk_10_page_6,460.7,368.3,1239.0
10430041,stimulus_Arg_PISACowsMilk_10_page_6,460.8,368.3,1239.0
10430042,stimulus_Arg_PISACowsMilk_10_page_6,460.8,368.1,1238.0
10430043,stimulus_Arg_PISACowsMilk_10_page_6,460.6,368.0,1238.0
10430044,stimulus_Arg_PISACowsMilk_10_page_6,460.5,368.2,1237.0
10430045,stimulus_Arg_PISACowsMilk_10_page_6,460.4,368.4,1238.0
10430046,stimulus_Arg_PISACowsMilk_10_page_6,460.5,368.7,1238.0
10430047,stimulus_Arg_PISACowsMilk_10_page_6,460.5,369.0,1238.0
10430048,stimulus_Arg_PISACowsMilk_10_page_6,460.3,369.3,1238.0
10430049,stimulus_Arg_PISACowsMilk_10_page_6,460.1,369.2,1238.0
10430050,stimulus_Arg_PISACowsMilk_10_page_6,460.1,368.9,1238.0
10430051,stimulus_Arg_PISACowsMilk_10_page_6,460.1,368.6,1238.0
10430052,stimulus_Arg_PISACowsMilk_10_page_6,460.0,368.9,1237.0
10430053,stimulus_Arg_PISACowsMilk_10_page_6,460.0,369.1,1237.0
10430054,stimulus_Arg_PISACowsMilk_10_page_6,460.0,369.1,1237.0
10430055,stimulus_Arg_PISACowsMilk_10_page_6,460.2,368.8,1238.0
10430056,stimulus_Arg_PISACowsMilk_10_page_6,460.3,368.8,1239.0
10430057,stimulus_Arg_PISACowsMilk_10_page_6,460.5,369.0,1238.0
10430058,stimulus_Arg_PISACowsMilk_10_page_6,460.4,369.2,1237.0
10430059,stimulus_Arg_PISACowsMilk_10_page_6,460.4,369.2,1236.0
10430060,stimulus_Arg_PISACowsMilk_10_page_6,460.3,369.2,1237.0
10430061,stimulus_Arg_PISACowsMilk_10_page_6,460.3,369.2,1237.0
10430062,stimulus_Arg_PISACowsMilk_10_page_6,460.2,369.3,1237.0
10430063,stimulus_Arg_PISACowsMilk_10_page_6,460.2,369.3,1237.0
10430064,stimulus_Arg_PISACowsMilk_10_page_6,460.3,369.1,1238.0
10430065,stimulus_Arg_PISACowsMilk_10_page_6,460.3,368.9,1238.0
10430066,stimulus_Arg_PISACowsMilk_10_page_6,460.5,368.6,1238.0
10430067,stimulus_Arg_PISACowsMilk_10_page_6,460.6,368.6,1237.0
10430068,stimulus_Arg_PISACowsMilk_10_page_6,460.6,368.5,1236.0
10430069,stimulus_Arg_PISACowsMilk_10_page_6,460.5,368.4,1236.0
10430070,stimulus_Arg_PISACowsMilk_10_page_6,460.4,368.2,1237.0
10430071,stimulus_Arg_PISACowsMilk_10_page_6,460.3,368.5,1237.0
10430072,stimulus_Arg_PISACowsMilk_10_page_6,460.2,369.1,1236.0
10430073,stimulus_Arg_PISACowsMilk_10_page_6,460.2,369.7,1236.0
10430074,stimulus_Arg_PISACowsMilk_10_page_6,460.1,369.8,1236.0
10430075,stimulus_Arg_PISACowsMilk_10_page_6,460.1,369.8,1235.0
10430076,stimulus_Arg_PISACowsMilk_10_page_6,460.3,369.8,1235.0
10430077,stimulus_Arg_PISACowsMilk_10_page_6,461.0,369.4,1234.0
10430078,stimulus_Arg_PISACowsMilk_10_page_6,462.5,369.0,1234.0
10430079,stimulus_Arg_PISACowsMilk_10_page_6,464.4,368.6,1236.0
10430080,stimulus_Arg_PISACowsMilk_10_page_6,466.9,369.1,1237.0
10430081,stimulus_Arg_PISACowsMilk_10_page_6,469.5,369.8,1239.0
10430082,stimulus_Arg_PISACowsMilk_10_page_6,473.1,370.5,1239.0
10430083,stimulus_Arg_PISACowsMilk_10_page_6,478.0,370.7,1239.0
10430084,stimulus_Arg_PISACowsMilk_10_page_6,483.6,371.6,1239.0
10430085,stimulus_Arg_PISACowsMilk_10_page_6,490.1,372.6,1239.0
10430086,stimulus_Arg_PISACowsMilk_10_page_6,497.2,373.8,1239.0
10430087,stimulus_Arg_PISACowsMilk_10_page_6,505.6,374.5,1242.0
10430088,stimulus_Arg_PISACowsMilk_10_page_6,512.7,374.7,1246.0
10430089,stimulus_Arg_PISACowsMilk_10_page_6,519.0,374.6,1249.0
10430090,stimulus_Arg_PISACowsMilk_10_page_6,524.2,374.5,1247.0
10430091,stimulus_Arg_PISACowsMilk_10_page_6,529.7,374.4,1246.0
10430092,stimulus_Arg_PISACowsMilk_10_page_6,533.9,374.0,1245.0
10430093,stimulus_Arg_PISACowsMilk_10_page_6,536.1,373.5,1246.0
10430094,stimulus_Arg_PISACowsMilk_10_page_6,536.7,373.1,1246.0
10430095,stimulus_Arg_PISACowsMilk_10_page_6,535.9,372.9,1246.0
10430096,stimulus_Arg_PISACowsMilk_10_page_6,535.2,372.7,1245.0
10430097,stimulus_Arg_PISACowsMilk_10_page_6,533.7,372.7,1245.0
10430098,stimulus_Arg_PISACowsMilk_10_page_6,532.7,372.9,1245.0
10430099,stimulus_Arg_PISACowsMilk_10_page_6,531.0,373.2,1245.0
10430100,stimulus_Arg_PISACowsMilk_10_page_6,529.1,373.7,1244.0
10430101,stimulus_Arg_PISACowsMilk_10_page_6,527.4,374.3,1243.0
10430102,stimulus_Arg_PISACowsMilk_10_page_6,525.5,374.9,1242.0
10430103,stimulus_Arg_PISACowsMilk_10_page_6,524.2,375.2,1242.0
10430104,stimulus_Arg_PISACowsMilk_10_page_6,522.9,375.1,1242.0
10430105,stimulus_Arg_PISACowsMilk_10_page_6,521.9,375.0,1243.0
10430106,stimulus_Arg_PISACowsMilk_10_page_6,521.4,374.9,1243.0
10430107,stimulus_Arg_PISACowsMilk_10_page_6,520.7,374.9,1243.0
10430108,stimulus_Arg_PISACowsMilk_10_page_6,520.4,374.9,1243.0
10430109,stimulus_Arg_PISACowsMilk_10_page_6,520.1,375.0,1242.0
10430110,stimulus_Arg_PISACowsMilk_10_page_6,520.0,375.0,1242.0
10430111,stimulus_Arg_PISACowsMilk_10_page_6,519.8,374.9,1242.0
10430112,stimulus_Arg_PISACowsMilk_10_page_6,519.7,374.5,1242.0
10430113,stimulus_Arg_PISACowsMilk_10_page_6,519.9,374.1,1242.0
10430114,stimulus_Arg_PISACowsMilk_10_page_6,520.0,374.2,1242.0
10430115,stimulus_Arg_PISACowsMilk_10_page_6,520.1,374.6,1241.0
10430116,stimulus_Arg_PISACowsMilk_10_page_6,520.1,375.1,1241.0
10430117,stimulus_Arg_PISACowsMilk_10_page_6,520.4,375.1,1240.0
10430118,stimulus_Arg_PISACowsMilk_10_page_6,520.9,375.2,1240.0
10430119,stimulus_Arg_PISACowsMilk_10_page_6,521.5,375.1,1240.0
10430120,stimulus_Arg_PISACowsMilk_10_page_6,522.1,375.1,1240.0
10430121,stimulus_Arg_PISACowsMilk_10_page_6,522.6,375.1,1241.0
10430122,stimulus_Arg_PISACowsMilk_10_page_6,522.8,375.1,1241.0
10430123,stimulus_Arg_PISACowsMilk_10_page_6,522.8,375.1,1241.0
10430124,stimulus_Arg_PISACowsMilk_10_page_6,522.8,375.2,1242.0
10430125,stimulus_Arg_PISACowsMilk_10_page_6,523.2,375.4,1243.0
10430126,stimulus_Arg_PISACowsMilk_10_page_6,523.5,375.6,1244.0
10430127,stimulus_Arg_PISACowsMilk_10_page_6,523.7,375.9,1244.0
10430128,stimulus_Arg_PISACowsMilk_10_page_6,523.7,375.9,1244.0
10430129,stimulus_Arg_PISACowsMilk_10_page_6,523.8,376.0,1243.0
10430130,stimulus_Arg_PISACowsMilk_10_page_6,523.9,375.9,1243.0
10430131,stimulus_Arg_PISACowsMilk_10_page_6,524.0,375.7,1243.0
10430132,stimulus_Arg_PISACowsMilk_10_page_6,524.0,376.0,1244.0
10430133,stimulus_Arg_PISACowsMilk_10_page_6,524.0,376.5,1244.0
10430134,stimulus_Arg_PISACowsMilk_10_page_6,524.0,376.9,1245.0
10430135,stimulus_Arg_PISACowsMilk_10_page_6,524.0,376.8,1244.0
10430136,stimulus_Arg_PISACowsMilk_10_page_6,524.0,376.8,1244.0
10430137,stimulus_Arg_PISACowsMilk_10_page_6,523.9,376.9,1244.0
10430138,stimulus_Arg_PISACowsMilk_10_page_6,523.8,377.0,1244.0
10430139,stimulus_Arg_PISACowsMilk_10_page_6,523.8,377.0,1244.0
10430140,stimulus_Arg_PISACowsMilk_10_page_6,523.9,376.9,1245.0
10430141,stimulus_Arg_PISACowsMilk_10_page_6,524.1,376.9,1246.0
10430142,stimulus_Arg_PISACowsMilk_10_page_6,524.2,377.0,1247.0
10430143,stimulus_Arg_PISACowsMilk_10_page_6,524.2,377.2,1247.0
10430144,stimulus_Arg_PISACowsMilk_10_page_6,524.2,377.3,1248.0
10430145,stimulus_Arg_PISACowsMilk_10_page_6,524.0,377.3,1247.0
10430146,stimulus_Arg_PISACowsMilk_10_page_6,523.9,377.2,1247.0
10430147,stimulus_Arg_PISACowsMilk_10_page_6,523.9,377.2,1247.0
10430148,stimulus_Arg_PISACowsMilk_10_page_6,524.0,377.3,1247.0
10430149,stimulus_Arg_PISACowsMilk_10_page_6,524.1,377.2,1247.0
10430150,stimulus_Arg_PISACowsMilk_10_page_6,524.1,377.0,1247.0
10430151,stimulus_Arg_PISACowsMilk_10_page_6,524.1,376.6,1247.0
10430152,stimulus_Arg_PISACowsMilk_10_page_6,524.2,376.3,1247.0
10430153,stimulus_Arg_PISACowsMilk_10_page_6,524.4,376.1,1246.0
10430154,stimulus_Arg_PISACowsMilk_10_page_6,524.4,376.3,1246.0
10430155,stimulus_Arg_PISACowsMilk_10_page_6,524.2,376.2,1246.0
10430156,stimulus_Arg_PISACowsMilk_10_page_6,523.8,376.2,1246.0
10430157,stimulus_Arg_PISACowsMilk_10_page_6,523.7,376.2,1245.0
10430158,stimulus_Arg_PISACowsMilk_10_page_6,524.0,376.4,1245.0
10430159,stimulus_Arg_PISACowsMilk_10_page_6,524.4,376.5,1245.0
10430160,stimulus_Arg_PISACowsMilk_10_page_6,524.5,376.4,1246.0
10430161,stimulus_Arg_PISACowsMilk_10_page_6,524.7,376.3,1245.0
10430162,stimulus_Arg_PISACowsMilk_10_page_6,524.7,376.3,1245.0
10430163,stimulus_Arg_PISACowsMilk_10_page_6,524.9,376.5,1245.0
10430164,stimulus_Arg_PISACowsMilk_10_page_6,525.0,376.7,1245.0
10430165,stimulus_Arg_PISACowsMilk_10_page_6,525.2,376.8,1245.0
10430166,stimulus_Arg_PISACowsMilk_10_page_6,525.2,376.9,1245.0
10430167,stimulus_Arg_PISACowsMilk_10_page_6,524.9,376.4,1246.0
10430168,stimulus_Arg_PISACowsMilk_10_page_6,524.5,375.9,1246.0
10430169,stimulus_Arg_PISACowsMilk_10_page_6,524.1,375.3,1246.0
10430170,stimulus_Arg_PISACowsMilk_10_page_6,524.0,375.4,1246.0
10430171,stimulus_Arg_PISACowsMilk_10_page_6,524.2,375.5,1246.0
10430172,stimulus_Arg_PISACowsMilk_10_page_6,524.4,375.6,1246.0
10430173,stimulus_Arg_PISACowsMilk_10_page_6,524.7,375.8,1246.0
10430174,stimulus_Arg_PISACowsMilk_10_page_6,524.7,376.4,1246.0
10430175,stimulus_Arg_PISACowsMilk_10_page_6,524.6,377.1,1246.0
10430176,stimulus_Arg_PISACowsMilk_10_page_6,524.5,377.8,1246.0
10430177,stimulus_Arg_PISACowsMilk_10_page_6,524.4,378.0,1246.0
10430178,stimulus_Arg_PISACowsMilk_10_page_6,524.3,377.9,1246.0
10430179,stimulus_Arg_PISACowsMilk_10_page_6,524.2,377.7,1246.0
10430180,stimulus_Arg_PISACowsMilk_10_page_6,524.1,377.5,1246.0
10430181,stimulus_Arg_PISACowsMilk_10_page_6,524.0,377.2,1246.0
10430182,stimulus_Arg_PISACowsMilk_10_page_6,524.0,376.9,1246.0
10430183,stimulus_Arg_PISACowsMilk_10_page_6,524.3,376.6,1247.0
10430184,stimulus_Arg_PISACowsMilk_10_page_6,524.6,376.8,1246.0
10430185,stimulus_Arg_PISACowsMilk_10_page_6,524.5,376.9,1246.0
10430186,stimulus_Arg_PISACowsMilk_10_page_6,524.2,377.1,1245.0
10430187,stimulus_Arg_PISACowsMilk_10_page_6,523.9,377.2,1244.0
10430188,stimulus_Arg_PISACowsMilk_10_page_6,523.8,377.2,1244.0
10430189,stimulus_Arg_PISACowsMilk_10_page_6,523.6,377.3,1244.0
10430190,stimulus_Arg_PISACowsMilk_10_page_6,523.5,377.3,1245.0
10430191,stimulus_Arg_PISACowsMilk_10_page_6,523.5,377.2,1247.0
10430192,stimulus_Arg_PISACowsMilk_10_page_6,523.6,377.2,1247.0
10430193,stimulus_Arg_PISACowsMilk_10_page_6,523.8,377.2,1247.0
10430194,stimulus_Arg_PISACowsMilk_10_page_6,524.0,377.3,1248.0
10430195,stimulus_Arg_PISACowsMilk_10_page_6,524.3,377.7,1247.0
10430196,stimulus_Arg_PISACowsMilk_10_page_6,524.6,378.0,1247.0
10430197,stimulus_Arg_PISACowsMilk_10_page_6,524.7,378.3,1248.0
10430198,stimulus_Arg_PISACowsMilk_10_page_6,524.8,378.1,1248.0
10430199,stimulus_Arg_PISACowsMilk_10_page_6,524.7,377.8,1248.0
10430200,stimulus_Arg_PISACowsMilk_10_page_6,525.0,377.6,1248.0
10430201,stimulus_Arg_PISACowsMilk_10_page_6,525.2,377.6,1248.0
10430202,stimulus_Arg_PISACowsMilk_10_page_6,525.5,377.7,1248.0
10430203,stimulus_Arg_PISACowsMilk_10_page_6,525.7,377.7,1248.0
10430204,stimulus_Arg_PISACowsMilk_10_page_6,525.9,377.7,1248.0
10430205,stimulus_Arg_PISACowsMilk_10_page_6,526.1,377.9,1247.0
10430206,stimulus_Arg_PISACowsMilk_10_page_6,526.3,378.1,1247.0
10430207,stimulus_Arg_PISACowsMilk_10_page_6,526.3,378.3,1247.0
10430208,stimulus_Arg_PISACowsMilk_10_page_6,526.1,378.2,1247.0
10430209,stimulus_Arg_PISACowsMilk_10_page_6,525.9,377.7,1247.0
10430210,stimulus_Arg_PISACowsMilk_10_page_6,525.7,377.2,1247.0
10430211,stimulus_Arg_PISACowsMilk_10_page_6,525.8,376.7,1247.0
10430212,stimulus_Arg_PISACowsMilk_10_page_6,525.7,376.7,1245.0
10430213,stimulus_Arg_PISACowsMilk_10_page_6,525.7,376.7,1245.0
10430214,stimulus_Arg_PISACowsMilk_10_page_6,525.7,376.9,1244.0
10430215,stimulus_Arg_PISACowsMilk_10_page_6,525.7,377.2,1244.0
10430216,stimulus_Arg_PISACowsMilk_10_page_6,525.6,377.5,1243.0
10430217,stimulus_Arg_PISACowsMilk_10_page_6,525.6,376.8,1242.0
10430218,stimulus_Arg_PISACowsMilk_10_page_6,525.5,376.1,1242.0
10430219,stimulus_Arg_PISACowsMilk_10_page_6,525.3,375.4,1242.0
10430220,stimulus_Arg_PISACowsMilk_10_page_6,525.2,375.3,1242.0
10430221,stimulus_Arg_PISACowsMilk_10_page_6,525.2,375.3,1242.0
10430222,stimulus_Arg_PISACowsMilk_10_page_6,525.3,375.1,1242.0
10430223,stimulus_Arg_PISACowsMilk_10_page_6,525.1,375.0,1243.0
10430224,stimulus_Arg_PISACowsMilk_10_page_6,524.9,374.9,1244.0
10430225,stimulus_Arg_PISACowsMilk_10_page_6,524.9,375.1,1246.0
10430226,stimulus_Arg_PISACowsMilk_10_page_6,525.2,375.3,1247.0
10430227,stimulus_Arg_PISACowsMilk_10_page_6,525.1,375.3,1247.0
10430228,stimulus_Arg_PISACowsMilk_10_page_6,524.8,375.2,1248.0
10430229,stimulus_Arg_PISACowsMilk_10_page_6,524.5,375.1,1248.0
10430230,stimulus_Arg_PISACowsMilk_10_page_6,524.5,375.2,1248.0
10430231,stimulus_Arg_PISACowsMilk_10_page_6,524.4,375.1,1247.0
10430232,stimulus_Arg_PISACowsMilk_10_page_6,524.2,375.0,1246.0
10430233,stimulus_Arg_PISACowsMilk_10_page_6,524.1,375.0,1245.0
10430234,stimulus_Arg_PISACowsMilk_10_page_6,524.0,375.2,1246.0
10430235,stimulus_Arg_PISACowsMilk_10_page_6,524.2,375.6,1246.0
10430236,stimulus_Arg_PISACowsMilk_10_page_6,524.3,375.9,1246.0
10430237,stimulus_Arg_PISACowsMilk_10_page_6,524.5,376.1,1246.0
10430238,stimulus_Arg_PISACowsMilk_10_page_6,524.4,376.2,1245.0
10430239,stimulus_Arg_PISACowsMilk_10_page_6,524.4,376.3,1246.0
10430240,stimulus_Arg_PISACowsMilk_10_page_6,524.3,376.7,1246.0
10430241,stimulus_Arg_PISACowsMilk_10_page_6,524.3,377.1,1247.0
10430242,stimulus_Arg_PISACowsMilk_10_page_6,524.3,377.0,1247.0
10430243,stimulus_Arg_PISACowsMilk_10_page_6,524.2,376.7,1246.0
10430244,stimulus_Arg_PISACowsMilk_10_page_6,524.1,376.4,1245.0
10430245,stimulus_Arg_PISACowsMilk_10_page_6,524.2,376.4,1245.0
10430246,stimulus_Arg_PISACowsMilk_10_page_6,524.4,376.5,1245.0
10430247,stimulus_Arg_PISACowsMilk_10_page_6,524.5,376.8,1245.0
10430248,stimulus_Arg_PISACowsMilk_10_page_6,524.5,377.0,1246.0
10430249,stimulus_Arg_PISACowsMilk_10_page_6,524.4,377.3,1246.0
10430250,stimulus_Arg_PISACowsMilk_10_page_6,524.3,377.4,1247.0
10430251,stimulus_Arg_PISACowsMilk_10_page_6,524.2,377.4,1246.0
10430252,stimulus_Arg_PISACowsMilk_10_page_6,524.2,377.3,1246.0
10430253,stimulus_Arg_PISACowsMilk_10_page_6,524.2,377.1,1244.0
10430254,stimulus_Arg_PISACowsMilk_10_page_6,524.1,377.0,1243.0
10430255,stimulus_Arg_PISACowsMilk_10_page_6,524.1,376.9,1242.0
10430256,stimulus_Arg_PISACowsMilk_10_page_6,524.1,376.7,1242.0
10430257,stimulus_Arg_PISACowsMilk_10_page_6,524.1,376.5,1242.0
10430258,stimulus_Arg_PISACowsMilk_10_page_6,524.1,376.3,1243.0
10430259,stimulus_Arg_PISACowsMilk_10_page_6,524.1,376.3,1243.0
10430260,stimulus_Arg_PISACowsMilk_10_page_6,523.9,376.0,1244.0
10430261,stimulus_Arg_PISACowsMilk_10_page_6,523.7,375.6,1244.0
10430262,stimulus_Arg_PISACowsMilk_10_page_6,523.6,375.2,1243.0
10430263,stimulus_Arg_PISACowsMilk_10_page_6,523.9,375.2,1242.0
10430264,stimulus_Arg_PISACowsMilk_10_page_6,524.3,375.2,1242.0
10430265,stimulus_Arg_PISACowsMilk_10_page_6,524.5,375.4,1241.0
10430266,stimulus_Arg_PISACowsMilk_10_page_6,524.7,375.5,1241.0
10430267,stimulus_Arg_PISACowsMilk_10_page_6,524.7,375.6,1240.0
10430268,stimulus_Arg_PISACowsMilk_10_page_6,524.5,375.8,1240.0
10430269,stimulus_Arg_PISACowsMilk_10_page_6,524.2,375.9,1240.0
10430270,stimulus_Arg_PISACowsMilk_10_page_6,524.0,376.0,1241.0
10430271,stimulus_Arg_PISACowsMilk_10_page_6,524.1,376.0,1242.0
10430272,stimulus_Arg_PISACowsMilk_10_page_6,524.1,376.0,1243.0
10430273,stimulus_Arg_PISACowsMilk_10_page_6,524.2,376.0,1242.0
10430274,stimulus_Arg_PISACowsMilk_10_page_6,524.2,376.4,1242.0
10430275,stimulus_Arg_PISACowsMilk_10_page_6,524.5,376.9,1241.0
10430276,stimulus_Arg_PISACowsMilk_10_page_6,524.8,377.4,1241.0
10430277,stimulus_Arg_PISACowsMilk_10_page_6,525.1,377.2,1241.0
10430278,stimulus_Arg_PISACowsMilk_10_page_6,525.2,377.1,1241.0
10430279,stimulus_Arg_PISACowsMilk_10_page_6,525.1,377.0,1241.0
10430280,stimulus_Arg_PISACowsMilk_10_page_6,524.9,377.0,1241.0
10430281,stimulus_Arg_PISACowsMilk_10_page_6,524.8,376.6,1241.0
10430282,stimulus_Arg_PISACowsMilk_10_page_6,524.6,376.3,1240.0
10430283,stimulus_Arg_PISACowsMilk_10_page_6,524.5,376.1,1239.0
10430284,stimulus_Arg_PISACowsMilk_10_page_6,524.4,376.4,1238.0
10430285,stimulus_Arg_PISACowsMilk_10_page_6,524.2,376.6,1237.0
10430286,stimulus_Arg_PISACowsMilk_10_page_6,524.4,376.7,1236.0
10430287,stimulus_Arg_PISACowsMilk_10_page_6,524.6,376.9,1235.0
10430288,stimulus_Arg_PISACowsMilk_10_page_6,524.8,377.2,1235.0
10430289,stimulus_Arg_PISACowsMilk_10_page_6,524.9,377.3,1235.0
10430290,stimulus_Arg_PISACowsMilk_10_page_6,525.0,377.2,1234.0
10430291,stimulus_Arg_PISACowsMilk_10_page_6,525.0,377.1,1234.0
10430292,stimulus_Arg_PISACowsMilk_10_page_6,525.5,377.1,1234.0
10430293,stimulus_Arg_PISACowsMilk_10_page_6,526.0,377.1,1234.0
10430294,stimulus_Arg_PISACowsMilk_10_page_6,526.4,376.9,1234.0
10430295,stimulus_Arg_PISACowsMilk_10_page_6,526.3,376.7,1233.0
10430296,stimulus_Arg_PISACowsMilk_10_page_6,526.1,376.5,1233.0
10430297,stimulus_Arg_PISACowsMilk_10_page_6,526.0,376.6,1234.0
10430298,stimulus_Arg_PISACowsMilk_10_page_6,525.8,376.7,1235.0
10430299,stimulus_Arg_PISACowsMilk_10_page_6,525.6,376.8,1236.0
10430300,stimulus_Arg_PISACowsMilk_10_page_6,525.6,377.0,1236.0
10430301,stimulus_Arg_PISACowsMilk_10_page_6,525.8,377.2,1236.0
10430302,stimulus_Arg_PISACowsMilk_10_page_6,525.7,377.4,1236.0
10430303,stimulus_Arg_PISACowsMilk_10_page_6,525.6,377.2,1236.0
10430304,stimulus_Arg_PISACowsMilk_10_page_6,525.4,376.9,1235.0
10430305,stimulus_Arg_PISACowsMilk_10_page_6,525.5,376.7,1234.0
10430306,stimulus_Arg_PISACowsMilk_10_page_6,525.4,376.9,1233.0
10430307,stimulus_Arg_PISACowsMilk_10_page_6,525.4,377.0,1233.0
10430308,stimulus_Arg_PISACowsMilk_10_page_6,525.4,377.2,1232.0
10430309,stimulus_Arg_PISACowsMilk_10_page_6,525.7,377.2,1232.0
10430310,stimulus_Arg_PISACowsMilk_10_page_6,526.0,377.0,1232.0
10430311,stimulus_Arg_PISACowsMilk_10_page_6,526.3,376.8,1232.0
10430312,stimulus_Arg_PISACowsMilk_10_page_6,526.1,376.6,1231.0
10430313,stimulus_Arg_PISACowsMilk_10_page_6,525.9,376.7,1230.0
10430314,stimulus_Arg_PISACowsMilk_10_page_6,525.7,376.8,1229.0
10430315,stimulus_Arg_PISACowsMilk_10_page_6,525.7,376.7,1228.0
10430316,stimulus_Arg_PISACowsMilk_10_page_6,525.8,376.5,1227.0
10430317,stimulus_Arg_PISACowsMilk_10_page_6,526.0,376.2,1226.0
10430318,stimulus_Arg_PISACowsMilk_10_page_6,526.1,376.4,1226.0
10430319,stimulus_Arg_PISACowsMilk_10_page_6,526.0,376.5,1226.0
10430320,stimulus_Arg_PISACowsMilk_10_page_6,525.8,376.2,1226.0
10430321,stimulus_Arg_PISACowsMilk_10_page_6,525.6,375.8,1225.0
10430322,stimulus_Arg_PISACowsMilk_10_page_6,525.5,375.2,1225.0
10430323,stimulus_Arg_PISACowsMilk_10_page_6,525.3,375.0,1225.0
10430324,stimulus_Arg_PISACowsMilk_10_page_6,525.1,374.8,1225.0
10430325,stimulus_Arg_PISACowsMilk_10_page_6,525.0,374.9,1224.0
10430326,stimulus_Arg_PISACowsMilk_10_page_6,524.9,375.0,1224.0
10430327,stimulus_Arg_PISACowsMilk_10_page_6,524.9,375.1,1224.0
10430328,stimulus_Arg_PISACowsMilk_10_page_6,524.9,375.2,1224.0
10430329,stimulus_Arg_PISACowsMilk_10_page_6,524.9,375.3,1224.0
10430330,stimulus_Arg_PISACowsMilk_10_page_6,524.9,375.4,1224.0
10430331,stimulus_Arg_PISACowsMilk_10_page_6,524.9,375.5,1224.0
10430332,stimulus_Arg_PISACowsMilk_10_page_6,525.0,375.7,1223.0
10430333,stimulus_Arg_PISACowsMilk_10_page_6,525.1,375.9,1223.0
10430334,stimulus_Arg_PISACowsMilk_10_page_6,525.1,375.8,1223.0
10430335,stimulus_Arg_PISACowsMilk_10_page_6,525.0,375.7,1222.0
10430336,stimulus_Arg_PISACowsMilk_10_page_6,525.0,375.4,1222.0
10430337,stimulus_Arg_PISACowsMilk_10_page_6,525.1,375.2,1221.0
10430338,stimulus_Arg_PISACowsMilk_10_page_6,525.1,375.0,1221.0
10430339,stimulus_Arg_PISACowsMilk_10_page_6,524.9,375.2,1221.0
10430340,stimulus_Arg_PISACowsMilk_10_page_6,525.0,375.4,1221.0
10430341,stimulus_Arg_PISACowsMilk_10_page_6,525.3,375.5,1220.0
10430342,stimulus_Arg_PISACowsMilk_10_page_6,525.6,375.4,1219.0
10430343,stimulus_Arg_PISACowsMilk_10_page_6,525.7,375.3,1219.0
10430344,stimulus_Arg_PISACowsMilk_10_page_6,525.8,375.2,1219.0
10430345,stimulus_Arg_PISACowsMilk_10_page_6,525.7,375.3,1219.0
10430346,stimulus_Arg_PISACowsMilk_10_page_6,525.6,375.2,1219.0
10430347,stimulus_Arg_PISACowsMilk_10_page_6,525.3,375.1,1220.0
10430348,stimulus_Arg_PISACowsMilk_10_page_6,525.1,374.9,1220.0
10430349,stimulus_Arg_PISACowsMilk_10_page_6,525.0,375.1,1219.0
10430350,stimulus_Arg_PISACowsMilk_10_page_6,525.0,375.3,1219.0
10430351,stimulus_Arg_PISACowsMilk_10_page_6,525.1,375.7,1218.0
10430352,stimulus_Arg_PISACowsMilk_10_page_6,525.2,375.9,1218.0
10430353,stimulus_Arg_PISACowsMilk_10_page_6,525.4,376.0,1217.0
10430354,stimulus_Arg_PISACowsMilk_10_page_6,525.6,376.0,1218.0
10430355,stimulus_Arg_PISACowsMilk_10_page_6,525.6,376.0,1218.0
10430356,stimulus_Arg_PISACowsMilk_10_page_6,525.7,375.5,1219.0
10430357,stimulus_Arg_PISACowsMilk_10_page_6,525.7,375.0,1219.0
10430358,stimulus_Arg_PISACowsMilk_10_page_6,525.8,374.5,1219.0
10430359,stimulus_Arg_PISACowsMilk_10_page_6,525.7,374.5,1218.0
10430360,stimulus_Arg_PISACowsMilk_10_page_6,525.6,374.3,1217.0
10430361,stimulus_Arg_PISACowsMilk_10_page_6,525.4,374.2,1216.0
10430362,stimulus_Arg_PISACowsMilk_10_page_6,525.2,374.2,1215.0
10430363,stimulus_Arg_PISACowsMilk_10_page_6,525.1,374.5,1214.0
10430364,stimulus_Arg_PISACowsMilk_10_page_6,525.3,375.0,1214.0
10430365,stimulus_Arg_PISACowsMilk_10_page_6,525.5,375.3,1214.0
10430366,stimulus_Arg_PISACowsMilk_10_page_6,525.8,375.1,1214.0
10430367,stimulus_Arg_PISACowsMilk_10_page_6,525.8,374.8,1214.0
10430368,stimulus_Arg_PISACowsMilk_10_page_6,525.9,374.6,1214.0
10430369,stimulus_Arg_PISACowsMilk_10_page_6,526.0,374.8,1214.0
10430370,stimulus_Arg_PISACowsMilk_10_page_6,525.7,375.0,1214.0
10430371,stimulus_Arg_PISACowsMilk_10_page_6,525.1,374.9,1214.0
10430372,stimulus_Arg_PISACowsMilk_10_page_6,524.6,374.9,1214.0
10430373,stimulus_Arg_PISACowsMilk_10_page_6,524.4,375.1,1214.0
10430374,stimulus_Arg_PISACowsMilk_10_page_6,524.6,375.4,1214.0
10430375,stimulus_Arg_PISACowsMilk_10_page_6,524.7,375.6,1214.0
10430376,stimulus_Arg_PISACowsMilk_10_page_6,524.8,375.7,1214.0
10430377,stimulus_Arg_PISACowsMilk_10_page_6,524.7,375.7,1214.0
10430378,stimulus_Arg_PISACowsMilk_10_page_6,524.7,375.6,1215.0
10430379,stimulus_Arg_PISACowsMilk_10_page_6,524.6,375.6,1214.0
10430380,stimulus_Arg_PISACowsMilk_10_page_6,524.7,375.7,1214.0
10430381,stimulus_Arg_PISACowsMilk_10_page_6,524.8,375.8,1215.0
10430382,stimulus_Arg_PISACowsMilk_10_page_6,525.2,376.0,1215.0
10430383,stimulus_Arg_PISACowsMilk_10_page_6,525.6,376.1,1216.0
10430384,stimulus_Arg_PISACowsMilk_10_page_6,525.8,376.1,1217.0
10430385,stimulus_Arg_PISACowsMilk_10_page_6,525.8,376.0,1217.0
10430386,stimulus_Arg_PISACowsMilk_10_page_6,525.7,375.9,1217.0
10430387,stimulus_Arg_PISACowsMilk_10_page_6,525.5,375.7,1217.0
10430388,stimulus_Arg_PISACowsMilk_10_page_6,525.2,375.6,1216.0
10430389,stimulus_Arg_PISACowsMilk_10_page_6,525.0,375.5,1217.0
10430390,stimulus_Arg_PISACowsMilk_10_page_6,525.3,375.5,1217.0
10430391,stimulus_Arg_PISACowsMilk_10_page_6,525.5,375.4,1218.0
10430392,stimulus_Arg_PISACowsMilk_10_page_6,525.7,375.4,1217.0
10430393,stimulus_Arg_PISACowsMilk_10_page_6,525.7,375.5,1217.0
10430394,stimulus_Arg_PISACowsMilk_10_page_6,525.7,375.6,1217.0
10430395,stimulus_Arg_PISACowsMilk_10_page_6,525.7,375.6,1217.0
10430396,stimulus_Arg_PISACowsMilk_10_page_6,525.6,375.9,1217.0
10430397,stimulus_Arg_PISACowsMilk_10_page_6,525.5,376.3,1217.0
10430398,stimulus_Arg_PISACowsMilk_10_page_6,525.5,376.7,1217.0
10430399,stimulus_Arg_PISACowsMilk_10_page_6,525.4,376.9,1217.0
10430400,stimulus_Arg_PISACowsMilk_10_page_6,525.4,376.9,1217.0
10430401,stimulus_Arg_PISACowsMilk_10_page_6,525.4,376.8,1217.0
10430402,stimulus_Arg_PISACowsMilk_10_page_6,525.3,376.8,1218.0
10430403,stimulus_Arg_PISACowsMilk_10_page_6,525.3,376.8,1217.0
10430404,stimulus_Arg_PISACowsMilk_10_page_6,525.2,376.8,1216.0
10430405,stimulus_Arg_PISACowsMilk_10_page_6,525.3,376.5,1215.0
10430406,stimulus_Arg_PISACowsMilk_10_page_6,525.3,376.1,1215.0
10430407,stimulus_Arg_PISACowsMilk_10_page_6,525.3,376.1,1215.0
10430408,stimulus_Arg_PISACowsMilk_10_page_6,525.3,376.4,1216.0
10430409,stimulus_Arg_PISACowsMilk_10_page_6,525.2,376.6,1215.0
10430410,stimulus_Arg_PISACowsMilk_10_page_6,525.2,376.7,1215.0
10430411,stimulus_Arg_PISACowsMilk_10_page_6,524.9,376.8,1214.0
10430412,stimulus_Arg_PISACowsMilk_10_page_6,524.7,376.9,1214.0
10430413,stimulus_Arg_PISACowsMilk_10_page_6,524.9,376.8,1215.0
10430414,stimulus_Arg_PISACowsMilk_10_page_6,525.2,376.7,1216.0
10430415,stimulus_Arg_PISACowsMilk_10_page_6,525.6,376.6,1217.0
10430416,stimulus_Arg_PISACowsMilk_10_page_6,525.7,376.5,1217.0
10430417,stimulus_Arg_PISACowsMilk_10_page_6,525.6,376.5,1217.0
10430418,stimulus_Arg_PISACowsMilk_10_page_6,525.4,376.6,1216.0
10430419,stimulus_Arg_PISACowsMilk_10_page_6,525.2,376.8,1216.0
10430420,stimulus_Arg_PISACowsMilk_10_page_6,525.2,377.0,1217.0
10430421,stimulus_Arg_PISACowsMilk_10_page_6,525.3,377.1,1217.0
10430422,stimulus_Arg_PISACowsMilk_10_page_6,525.4,377.2,1218.0
10430423,stimulus_Arg_PISACowsMilk_10_page_6,525.5,377.3,1218.0
10430424,stimulus_Arg_PISACowsMilk_10_page_6,525.7,377.1,1218.0
10430425,stimulus_Arg_PISACowsMilk_10_page_6,525.7,376.9,1218.0
10430426,stimulus_Arg_PISACowsMilk_10_page_6,525.8,376.7,1218.0
10430427,stimulus_Arg_PISACowsMilk_10_page_6,525.7,377.1,1219.0
10430428,stimulus_Arg_PISACowsMilk_10_page_6,525.4,377.4,1219.0
10430429,stimulus_Arg_PISACowsMilk_10_page_6,525.2,377.6,1218.0
10430430,stimulus_Arg_PISACowsMilk_10_page_6,525.1,377.5,1218.0
10430431,stimulus_Arg_PISACowsMilk_10_page_6,525.4,377.3,1217.0
10430432,stimulus_Arg_PISACowsMilk_10_page_6,525.6,377.3,1217.0
10430433,stimulus_Arg_PISACowsMilk_10_page_6,525.6,377.3,1217.0
10430434,stimulus_Arg_PISACowsMilk_10_page_6,525.6,377.2,1217.0
10430435,stimulus_Arg_PISACowsMilk_10_page_6,525.6,377.3,1217.0
10430436,stimulus_Arg_PISACowsMilk_10_page_6,525.5,377.5,1217.0
10430437,stimulus_Arg_PISACowsMilk_10_page_6,525.5,377.7,1217.0
10430438,stimulus_Arg_PISACowsMilk_10_page_6,525.5,377.9,1217.0
10430439,stimulus_Arg_PISACowsMilk_10_page_6,525.5,378.0,1217.0
10430440,stimulus_Arg_PISACowsMilk_10_page_6,525.6,378.0,1217.0
10430441,stimulus_Arg_PISACowsMilk_10_page_6,525.9,378.0,1219.0
10430442,stimulus_Arg_PISACowsMilk_10_page_6,526.1,378.1,1220.0
10430443,stimulus_Arg_PISACowsMilk_10_page_6,526.3,378.2,1220.0
10430444,stimulus_Arg_PISACowsMilk_10_page_6,526.0,378.3,1219.0
10430445,stimulus_Arg_PISACowsMilk_10_page_6,525.8,378.3,1217.0
10430446,stimulus_Arg_PISACowsMilk_10_page_6,525.8,378.2,1216.0
10430447,stimulus_Arg_PISACowsMilk_10_page_6,526.0,378.2,1216.0
10430448,stimulus_Arg_PISACowsMilk_10_page_6,526.2,378.1,1218.0
10430449,stimulus_Arg_PISACowsMilk_10_page_6,526.4,378.0,1220.0
10430450,stimulus_Arg_PISACowsMilk_10_page_6,526.5,377.9,1221.0
10430451,stimulus_Arg_PISACowsMilk_10_page_6,526.4,378.1,1221.0
10430452,stimulus_Arg_PISACowsMilk_10_page_6,526.1,378.2,1221.0
10430453,stimulus_Arg_PISACowsMilk_10_page_6,525.9,378.2,1221.0
10430454,stimulus_Arg_PISACowsMilk_10_page_6,525.7,378.0,1220.0
10430455,stimulus_Arg_PISACowsMilk_10_page_6,525.8,378.0,1219.0
10430456,stimulus_Arg_PISACowsMilk_10_page_6,525.8,378.2,1218.0
10430457,stimulus_Arg_PISACowsMilk_10_page_6,525.8,378.5,1218.0
10430458,stimulus_Arg_PISACowsMilk_10_page_6,525.8,378.6,1218.0
10430459,stimulus_Arg_PISACowsMilk_10_page_6,525.6,378.6,1218.0
10430460,stimulus_Arg_PISACowsMilk_10_page_6,525.4,378.6,1218.0
10430461,stimulus_Arg_PISACowsMilk_10_page_6,525.2,378.6,1217.0
10430462,stimulus_Arg_PISACowsMilk_10_page_6,525.3,378.7,1217.0
10430463,stimulus_Arg_PISACowsMilk_10_page_6,525.4,378.8,1217.0
10430464,stimulus_Arg_PISACowsMilk_10_page_6,525.4,378.9,1218.0
10430465,stimulus_Arg_PISACowsMilk_10_page_6,525.4,379.0,1218.0
10430466,stimulus_Arg_PISACowsMilk_10_page_6,525.5,378.8,1218.0
10430467,stimulus_Arg_PISACowsMilk_10_page_6,525.7,378.6,1218.0
10430468,stimulus_Arg_PISACowsMilk_10_page_6,526.0,378.5,1218.0
10430469,stimulus_Arg_PISACowsMilk_10_page_6,526.1,378.7,1218.0
10430470,stimulus_Arg_PISACowsMilk_10_page_6,526.1,378.9,1219.0
10430471,stimulus_Arg_PISACowsMilk_10_page_6,526.1,379.0,1219.0
10430472,stimulus_Arg_PISACowsMilk_10_page_6,526.1,379.0,1219.0
10430473,stimulus_Arg_PISACowsMilk_10_page_6,526.0,379.2,1219.0
10430474,stimulus_Arg_PISACowsMilk_10_page_6,526.0,379.4,1219.0
10430475,stimulus_Arg_PISACowsMilk_10_page_6,526.0,379.5,1220.0
10430476,stimulus_Arg_PISACowsMilk_10_page_6,526.1,379.5,1220.0
10430477,stimulus_Arg_PISACowsMilk_10_page_6,526.2,379.4,1219.0
10430478,stimulus_Arg_PISACowsMilk_10_page_6,526.3,379.3,1219.0
10430479,stimulus_Arg_PISACowsMilk_10_page_6,526.2,379.1,1219.0
10430480,stimulus_Arg_PISACowsMilk_10_page_6,526.1,379.1,1219.0
10430481,stimulus_Arg_PISACowsMilk_10_page_6,526.2,379.1,1220.0
10430482,stimulus_Arg_PISACowsMilk_10_page_6,526.3,379.0,1220.0
10430483,stimulus_Arg_PISACowsMilk_10_page_6,526.5,378.8,1220.0
10430484,stimulus_Arg_PISACowsMilk_10_page_6,526.4,378.6,1220.0
10430485,stimulus_Arg_PISACowsMilk_10_page_6,526.3,378.6,1220.0
10430486,stimulus_Arg_PISACowsMilk_10_page_6,526.2,378.7,1220.0
10430487,stimulus_Arg_PISACowsMilk_10_page_6,526.0,378.8,1221.0
10430488,stimulus_Arg_PISACowsMilk_10_page_6,525.9,378.7,1221.0
10430489,stimulus_Arg_PISACowsMilk_10_page_6,525.7,378.7,1220.0
10430490,stimulus_Arg_PISACowsMilk_10_page_6,525.5,378.8,1219.0
10430491,stimulus_Arg_PISACowsMilk_10_page_6,525.3,379.0,1219.0
10430492,stimulus_Arg_PISACowsMilk_10_page_6,525.6,379.2,1219.0
10430493,stimulus_Arg_PISACowsMilk_10_page_6,525.9,379.4,1219.0
10430494,stimulus_Arg_PISACowsMilk_10_page_6,526.1,379.4,1219.0
10430495,stimulus_Arg_PISACowsMilk_10_page_6,526.2,379.5,1219.0
10430496,stimulus_Arg_PISACowsMilk_10_page_6,526.1,379.6,1220.0
10430497,stimulus_Arg_PISACowsMilk_10_page_6,526.1,379.7,1220.0
10430498,stimulus_Arg_PISACowsMilk_10_page_6,526.1,379.7,1220.0
10430499,stimulus_Arg_PISACowsMilk_10_page_6,526.1,379.7,1220.0
10430500,stimulus_Arg_PISACowsMilk_10_page_6,526.1,379.7,1219.0
10430501,stimulus_Arg_PISACowsMilk_10_page_6,525.9,379.3,1219.0
10430502,stimulus_Arg_PISACowsMilk_10_page_6,525.7,378.9,1220.0
10430503,stimulus_Arg_PISACowsMilk_10_page_6,525.6,379.0,1221.0
10430504,stimulus_Arg_PISACowsMilk_10_page_6,525.7,379.5,1222.0
10430505,stimulus_Arg_PISACowsMilk_10_page_6,525.9,380.0,1222.0
10430506,stimulus_Arg_PISACowsMilk_10_page_6,526.0,380.1,1222.0
10430507,stimulus_Arg_PISACowsMilk_10_page_6,526.0,379.9,1222.0
10430508,stimulus_Arg_PISACowsMilk_10_page_6,526.7,379.6,1221.0
10430509,stimulus_Arg_PISACowsMilk_10_page_6,527.8,379.4,1220.0
10430510,stimulus_Arg_PISACowsMilk_10_page_6,529.7,379.5,1220.0
10430511,stimulus_Arg_PISACowsMilk_10_page_6,532.7,379.6,1220.0
10430512,stimulus_Arg_PISACowsMilk_10_page_6,536.9,379.8,1220.0
10430513,stimulus_Arg_PISACowsMilk_10_page_6,541.6,380.0,1221.0
10430514,stimulus_Arg_PISACowsMilk_10_page_6,546.6,380.9,1222.0
10430515,stimulus_Arg_PISACowsMilk_10_page_6,553.9,381.8,1223.0
10430516,stimulus_Arg_PISACowsMilk_10_page_6,561.5,382.8,1224.0
10430517,stimulus_Arg_PISACowsMilk_10_page_6,570.3,382.3,1224.0
10430518,stimulus_Arg_PISACowsMilk_10_page_6,578.4,381.6,1225.0
10430519,stimulus_Arg_PISACowsMilk_10_page_6,586.9,380.6,1226.0
10430520,stimulus_Arg_PISACowsMilk_10_page_6,595.7,380.1,1227.0
10430521,stimulus_Arg_PISACowsMilk_10_page_6,603.3,379.2,1226.0
10430522,stimulus_Arg_PISACowsMilk_10_page_6,610.6,377.6,1226.0
10430523,stimulus_Arg_PISACowsMilk_10_page_6,617.1,375.2,1225.0
10430524,stimulus_Arg_PISACowsMilk_10_page_6,623.0,373.2,1224.0
10430525,stimulus_Arg_PISACowsMilk_10_page_6,627.3,371.1,1223.0
10430526,stimulus_Arg_PISACowsMilk_10_page_6,629.1,370.2,1221.0
10430527,stimulus_Arg_PISACowsMilk_10_page_6,629.3,369.3,1218.0
10430528,stimulus_Arg_PISACowsMilk_10_page_6,628.6,369.2,1216.0
10430529,stimulus_Arg_PISACowsMilk_10_page_6,628.0,369.1,1215.0
10430530,stimulus_Arg_PISACowsMilk_10_page_6,626.9,369.0,1214.0
10430531,stimulus_Arg_PISACowsMilk_10_page_6,626.2,369.0,1212.0
10430532,stimulus_Arg_PISACowsMilk_10_page_6,624.6,368.9,1211.0
10430533,stimulus_Arg_PISACowsMilk_10_page_6,623.1,368.9,1210.0
10430534,stimulus_Arg_PISACowsMilk_10_page_6,621.3,368.8,1210.0
10430535,stimulus_Arg_PISACowsMilk_10_page_6,619.8,368.6,1209.0
10430536,stimulus_Arg_PISACowsMilk_10_page_6,618.0,368.5,1209.0
10430537,stimulus_Arg_PISACowsMilk_10_page_6,616.4,368.9,1210.0
10430538,stimulus_Arg_PISACowsMilk_10_page_6,614.8,369.4,1213.0
10430539,stimulus_Arg_PISACowsMilk_10_page_6,613.9,370.2,1215.0
10430540,stimulus_Arg_PISACowsMilk_10_page_6,613.1,370.6,1215.0
10430541,stimulus_Arg_PISACowsMilk_10_page_6,612.5,371.3,1215.0
10430542,stimulus_Arg_PISACowsMilk_10_page_6,612.0,371.7,1215.0
10430543,stimulus_Arg_PISACowsMilk_10_page_6,611.7,372.3,1215.0
10430544,stimulus_Arg_PISACowsMilk_10_page_6,611.8,373.2,1216.0
10430545,stimulus_Arg_PISACowsMilk_10_page_6,611.9,374.1,1216.0
10430546,stimulus_Arg_PISACowsMilk_10_page_6,611.7,374.8,1217.0
10430547,stimulus_Arg_PISACowsMilk_10_page_6,611.5,374.8,1217.0
10430548,stimulus_Arg_PISACowsMilk_10_page_6,611.1,374.8,1216.0
10430549,stimulus_Arg_PISACowsMilk_10_page_6,611.1,374.5,1215.0
10430550,stimulus_Arg_PISACowsMilk_10_page_6,611.4,374.2,1215.0
10430551,stimulus_Arg_PISACowsMilk_10_page_6,612.1,374.0,1217.0
10430552,stimulus_Arg_PISACowsMilk_10_page_6,612.8,374.1,1219.0
10430553,stimulus_Arg_PISACowsMilk_10_page_6,613.5,374.2,1219.0
10430554,stimulus_Arg_PISACowsMilk_10_page_6,613.9,374.2,1219.0
10430555,stimulus_Arg_PISACowsMilk_10_page_6,614.2,373.9,1219.0
10430556,stimulus_Arg_PISACowsMilk_10_page_6,614.5,373.6,1219.0
10430557,stimulus_Arg_PISACowsMilk_10_page_6,614.9,373.4,1219.0
10430558,stimulus_Arg_PISACowsMilk_10_page_6,615.0,373.5,1219.0
10430559,stimulus_Arg_PISACowsMilk_10_page_6,615.0,373.5,1219.0
10430560,stimulus_Arg_PISACowsMilk_10_page_6,614.9,373.4,1219.0
10430561,stimulus_Arg_PISACowsMilk_10_page_6,615.3,373.3,1219.0
10430562,stimulus_Arg_PISACowsMilk_10_page_6,615.8,373.4,1219.0
10430563,stimulus_Arg_PISACowsMilk_10_page_6,616.3,373.5,1220.0
10430564,stimulus_Arg_PISACowsMilk_10_page_6,616.7,373.6,1221.0
10430565,stimulus_Arg_PISACowsMilk_10_page_6,617.1,373.8,1222.0
10430566,stimulus_Arg_PISACowsMilk_10_page_6,617.4,373.9,1221.0
10430567,stimulus_Arg_PISACowsMilk_10_page_6,617.4,374.5,1221.0
10430568,stimulus_Arg_PISACowsMilk_10_page_6,617.4,375.0,1222.0
10430569,stimulus_Arg_PISACowsMilk_10_page_6,617.4,375.3,1222.0
10430570,stimulus_Arg_PISACowsMilk_10_page_6,617.4,375.2,1222.0
10430571,stimulus_Arg_PISACowsMilk_10_page_6,617.4,375.0,1222.0
10430572,stimulus_Arg_PISACowsMilk_10_page_6,617.3,375.0,1222.0
10430573,stimulus_Arg_PISACowsMilk_10_page_6,617.2,374.9,1222.0
10430574,stimulus_Arg_PISACowsMilk_10_page_6,617.1,374.8,1222.0
10430575,stimulus_Arg_PISACowsMilk_10_page_6,617.0,374.9,1221.0
10430576,stimulus_Arg_PISACowsMilk_10_page_6,616.9,375.2,1222.0
10430577,stimulus_Arg_PISACowsMilk_10_page_6,617.1,375.5,1222.0
10430578,stimulus_Arg_PISACowsMilk_10_page_6,617.2,375.7,1222.0
10430579,stimulus_Arg_PISACowsMilk_10_page_6,617.3,375.7,1222.0
10430580,stimulus_Arg_PISACowsMilk_10_page_6,617.2,375.7,1222.0
10430581,stimulus_Arg_PISACowsMilk_10_page_6,617.0,375.7,1222.0
10430582,stimulus_Arg_PISACowsMilk_10_page_6,616.8,375.8,1222.0
10430583,stimulus_Arg_PISACowsMilk_10_page_6,616.7,375.9,1222.0
10430584,stimulus_Arg_PISACowsMilk_10_page_6,616.6,375.9,1222.0
10430585,stimulus_Arg_PISACowsMilk_10_page_6,616.6,375.8,1221.0
10430586,stimulus_Arg_PISACowsMilk_10_page_6,616.6,375.7,1220.0
10430587,stimulus_Arg_PISACowsMilk_10_page_6,616.5,375.5,1220.0
10430588,stimulus_Arg_PISACowsMilk_10_page_6,616.4,375.2,1220.0
10430589,stimulus_Arg_PISACowsMilk_10_page_6,616.3,375.3,1220.0
10430590,stimulus_Arg_PISACowsMilk_10_page_6,616.3,375.7,1221.0
10430591,stimulus_Arg_PISACowsMilk_10_page_6,616.7,376.0,1221.0
10430592,stimulus_Arg_PISACowsMilk_10_page_6,617.2,376.0,1221.0
10430593,stimulus_Arg_PISACowsMilk_10_page_6,617.6,375.9,1221.0
10430594,stimulus_Arg_PISACowsMilk_10_page_6,617.6,375.9,1220.0
10430595,stimulus_Arg_PISACowsMilk_10_page_6,617.7,376.3,1221.0
10430596,stimulus_Arg_PISACowsMilk_10_page_6,617.9,376.7,1221.0
10430597,stimulus_Arg_PISACowsMilk_10_page_6,618.1,376.6,1221.0
10430598,stimulus_Arg_PISACowsMilk_10_page_6,618.1,376.2,1220.0
10430599,stimulus_Arg_PISACowsMilk_10_page_6,618.0,375.7,1219.0
10430600,stimulus_Arg_PISACowsMilk_10_page_6,617.6,375.4,1219.0
10430601,stimulus_Arg_PISACowsMilk_10_page_6,617.2,375.0,1219.0
10430602,stimulus_Arg_PISACowsMilk_10_page_6,617.0,374.6,1219.0
10430603,stimulus_Arg_PISACowsMilk_10_page_6,617.0,374.9,1220.0
10430604,stimulus_Arg_PISACowsMilk_10_page_6,617.2,375.3,1220.0
10430605,stimulus_Arg_PISACowsMilk_10_page_6,617.5,375.7,1220.0
10430606,stimulus_Arg_PISACowsMilk_10_page_6,617.8,376.0,1220.0
10430607,stimulus_Arg_PISACowsMilk_10_page_6,618.1,376.4,1220.0
10430608,stimulus_Arg_PISACowsMilk_10_page_6,618.2,376.8,1221.0
10430609,stimulus_Arg_PISACowsMilk_10_page_6,618.2,376.9,1222.0
10430610,stimulus_Arg_PISACowsMilk_10_page_6,618.3,376.9,1223.0
10430611,stimulus_Arg_PISACowsMilk_10_page_6,618.3,376.9,1222.0
10430612,stimulus_Arg_PISACowsMilk_10_page_6,618.4,376.6,1222.0
10430613,stimulus_Arg_PISACowsMilk_10_page_6,618.5,376.3,1221.0
10430614,stimulus_Arg_PISACowsMilk_10_page_6,618.5,376.0,1221.0
10430615,stimulus_Arg_PISACowsMilk_10_page_6,618.5,376.0,1220.0
10430616,stimulus_Arg_PISACowsMilk_10_page_6,618.7,376.1,1221.0
10430617,stimulus_Arg_PISACowsMilk_10_page_6,618.9,376.3,1221.0
10430618,stimulus_Arg_PISACowsMilk_10_page_6,619.1,376.3,1221.0
10430619,stimulus_Arg_PISACowsMilk_10_page_6,619.1,376.3,1222.0
10430620,stimulus_Arg_PISACowsMilk_10_page_6,619.0,376.3,1222.0
10430621,stimulus_Arg_PISACowsMilk_10_page_6,618.9,376.3,1223.0
10430622,stimulus_Arg_PISACowsMilk_10_page_6,619.0,376.5,1224.0
10430623,stimulus_Arg_PISACowsMilk_10_page_6,619.2,376.6,1223.0
10430624,stimulus_Arg_PISACowsMilk_10_page_6,619.4,376.7,1222.0
10430625,stimulus_Arg_PISACowsMilk_10_page_6,619.3,376.7,1222.0
10430626,stimulus_Arg_PISACowsMilk_10_page_6,619.2,376.7,1222.0
10430627,stimulus_Arg_PISACowsMilk_10_page_6,619.1,376.8,1221.0
10430628,stimulus_Arg_PISACowsMilk_10_page_6,619.0,376.8,1221.0
10430629,stimulus_Arg_PISACowsMilk_10_page_6,619.0,376.9,1221.0
10430630,stimulus_Arg_PISACowsMilk_10_page_6,619.2,377.3,1222.0
10430631,stimulus_Arg_PISACowsMilk_10_page_6,619.4,377.6,1222.0
10430632,stimulus_Arg_PISACowsMilk_10_page_6,619.3,377.8,1223.0
10430633,stimulus_Arg_PISACowsMilk_10_page_6,619.2,377.9,1223.0
10430634,stimulus_Arg_PISACowsMilk_10_page_6,619.1,378.0,1224.0
10430635,stimulus_Arg_PISACowsMilk_10_page_6,619.1,378.1,1224.0
10430636,stimulus_Arg_PISACowsMilk_10_page_6,619.1,378.0,1224.0
10430637,stimulus_Arg_PISACowsMilk_10_page_6,619.4,377.9,1223.0
10430638,stimulus_Arg_PISACowsMilk_10_page_6,619.6,377.8,1223.0
10430639,stimulus_Arg_PISACowsMilk_10_page_6,619.6,377.8,1224.0
10430640,stimulus_Arg_PISACowsMilk_10_page_6,619.3,377.8,1224.0
10430641,stimulus_Arg_PISACowsMilk_10_page_6,618.9,377.7,1224.0
10430642,stimulus_Arg_PISACowsMilk_10_page_6,619.5,377.6,1225.0
10430643,stimulus_Arg_PISACowsMilk_10_page_6,620.1,377.5,1225.0
10430644,stimulus_Arg_PISACowsMilk_10_page_6,620.8,377.8,1225.0
10430645,stimulus_Arg_PISACowsMilk_10_page_6,620.7,378.1,1224.0
10430646,stimulus_Arg_PISACowsMilk_10_page_6,620.7,378.5,1225.0
10430647,stimulus_Arg_PISACowsMilk_10_page_6,620.6,378.5,1225.0
10430648,stimulus_Arg_PISACowsMilk_10_page_6,620.6,378.3,1225.0
10430649,stimulus_Arg_PISACowsMilk_10_page_6,620.4,377.7,1225.0
10430650,stimulus_Arg_PISACowsMilk_10_page_6,620.2,377.1,1224.0
10430651,stimulus_Arg_PISACowsMilk_10_page_6,620.1,376.7,1225.0
10430652,stimulus_Arg_PISACowsMilk_10_page_6,620.1,377.0,1224.0
10430653,stimulus_Arg_PISACowsMilk_10_page_6,620.3,377.3,1225.0
10430654,stimulus_Arg_PISACowsMilk_10_page_6,620.4,377.5,1225.0
10430655,stimulus_Arg_PISACowsMilk_10_page_6,620.5,377.5,1225.0
10430656,stimulus_Arg_PISACowsMilk_10_page_6,620.6,377.5,1225.0
10430657,stimulus_Arg_PISACowsMilk_10_page_6,620.7,377.4,1225.0
10430658,stimulus_Arg_PISACowsMilk_10_page_6,620.8,377.3,1225.0
10430659,stimulus_Arg_PISACowsMilk_10_page_6,620.8,377.2,1225.0
10430660,stimulus_Arg_PISACowsMilk_10_page_6,620.8,377.2,1225.0
10430661,stimulus_Arg_PISACowsMilk_10_page_6,620.8,377.2,1224.0
10430662,stimulus_Arg_PISACowsMilk_10_page_6,620.7,377.0,1224.0
10430663,stimulus_Arg_PISACowsMilk_10_page_6,620.7,376.7,1224.0
10430664,stimulus_Arg_PISACowsMilk_10_page_6,620.6,376.4,1225.0
10430665,stimulus_Arg_PISACowsMilk_10_page_6,620.4,376.3,1225.0
10430666,stimulus_Arg_PISACowsMilk_10_page_6,620.3,376.5,1225.0
10430667,stimulus_Arg_PISACowsMilk_10_page_6,620.1,376.7,1225.0
10430668,stimulus_Arg_PISACowsMilk_10_page_6,620.3,376.9,1226.0
10430669,stimulus_Arg_PISACowsMilk_10_page_6,620.5,376.9,1226.0
10430670,stimulus_Arg_PISACowsMilk_10_page_6,620.6,377.1,1227.0
10430671,stimulus_Arg_PISACowsMilk_10_page_6,620.4,377.3,1227.0
10430672,stimulus_Arg_PISACowsMilk_10_page_6,620.3,377.3,1226.0
10430673,stimulus_Arg_PISACowsMilk_10_page_6,620.3,377.1,1226.0
10430674,stimulus_Arg_PISACowsMilk_10_page_6,620.4,376.9,1226.0
10430675,stimulus_Arg_PISACowsMilk_10_page_6,620.4,376.9,1225.0
10430676,stimulus_Arg_PISACowsMilk_10_page_6,620.4,376.9,1225.0
10430677,stimulus_Arg_PISACowsMilk_10_page_6,620.1,377.0,1225.0
10430678,stimulus_Arg_PISACowsMilk_10_page_6,619.8,377.1,1225.0
10430679,stimulus_Arg_PISACowsMilk_10_page_6,619.6,377.2,1226.0
10430680,stimulus_Arg_PISACowsMilk_10_page_6,619.6,377.3,1226.0
10430681,stimulus_Arg_PISACowsMilk_10_page_6,619.7,377.3,1227.0
10430682,stimulus_Arg_PISACowsMilk_10_page_6,619.8,377.3,1228.0
10430683,stimulus_Arg_PISACowsMilk_10_page_6,620.0,377.3,1227.0
10430684,stimulus_Arg_PISACowsMilk_10_page_6,620.3,377.4,1227.0
10430685,stimulus_Arg_PISACowsMilk_10_page_6,620.3,377.4,1226.0
10430686,stimulus_Arg_PISACowsMilk_10_page_6,620.3,377.5,1226.0
10430687,stimulus_Arg_PISACowsMilk_10_page_6,620.3,377.5,1226.0
10430688,stimulus_Arg_PISACowsMilk_10_page_6,620.3,377.5,1227.0
10430689,stimulus_Arg_PISACowsMilk_10_page_6,620.4,377.4,1227.0
10430690,stimulus_Arg_PISACowsMilk_10_page_6,620.5,377.3,1228.0
10430691,stimulus_Arg_PISACowsMilk_10_page_6,620.5,377.4,1228.0
10430692,stimulus_Arg_PISACowsMilk_10_page_6,620.5,377.5,1227.0
10430693,stimulus_Arg_PISACowsMilk_10_page_6,620.4,377.5,1226.0
10430694,stimulus_Arg_PISACowsMilk_10_page_6,620.4,377.4,1224.0
10430695,stimulus_Arg_PISACowsMilk_10_page_6,620.3,377.1,1224.0
10430696,stimulus_Arg_PISACowsMilk_10_page_6,620.3,376.9,1224.0
10430697,stimulus_Arg_PISACowsMilk_10_page_6,620.3,376.8,1224.0
10430698,stimulus_Arg_PISACowsMilk_10_page_6,620.3,376.8,1224.0
10430699,stimulus_Arg_PISACowsMilk_10_page_6,620.2,376.9,1224.0
10430700,stimulus_Arg_PISACowsMilk_10_page_6,620.0,377.0,1224.0
10430701,stimulus_Arg_PISACowsMilk_10_page_6,619.8,377.1,1224.0
10430702,stimulus_Arg_PISACowsMilk_10_page_6,619.7,377.0,1224.0
10430703,stimulus_Arg_PISACowsMilk_10_page_6,620.0,377.0,1223.0
10430704,stimulus_Arg_PISACowsMilk_10_page_6,620.4,376.8,1223.0
10430705,stimulus_Arg_PISACowsMilk_10_page_6,621.9,376.6,1223.0
10430706,stimulus_Arg_PISACowsMilk_10_page_6,623.6,376.4,1223.0
10430707,stimulus_Arg_PISACowsMilk_10_page_6,626.7,376.4,1223.0
10430708,stimulus_Arg_PISACowsMilk_10_page_6,630.1,376.6,1223.0
10430709,stimulus_Arg_PISACowsMilk_10_page_6,634.9,376.9,1224.0
10430710,stimulus_Arg_PISACowsMilk_10_page_6,639.7,377.1,1225.0
10430711,stimulus_Arg_PISACowsMilk_10_page_6,645.1,377.9,1226.0
10430712,stimulus_Arg_PISACowsMilk_10_page_6,651.1,379.1,1226.0
10430713,stimulus_Arg_PISACowsMilk_10_page_6,657.5,380.3,1227.0
10430714,stimulus_Arg_PISACowsMilk_10_page_6,663.7,380.7,1229.0
10430715,stimulus_Arg_PISACowsMilk_10_page_6,668.9,380.4,1229.0
10430716,stimulus_Arg_PISACowsMilk_10_page_6,674.4,379.5,1228.0
10430717,stimulus_Arg_PISACowsMilk_10_page_6,679.9,378.9,1228.0
10430718,stimulus_Arg_PISACowsMilk_10_page_6,684.6,378.5,1228.0
10430719,stimulus_Arg_PISACowsMilk_10_page_6,687.5,378.6,1227.0
10430720,stimulus_Arg_PISACowsMilk_10_page_6,688.7,378.6,1227.0
10430721,stimulus_Arg_PISACowsMilk_10_page_6,689.2,378.5,1225.0
10430722,stimulus_Arg_PISACowsMilk_10_page_6,689.1,377.7,1223.0
10430723,stimulus_Arg_PISACowsMilk_10_page_6,688.8,376.9,1221.0
10430724,stimulus_Arg_PISACowsMilk_10_page_6,687.7,375.8,1220.0
10430725,stimulus_Arg_PISACowsMilk_10_page_6,685.9,375.1,1219.0
10430726,stimulus_Arg_PISACowsMilk_10_page_6,683.4,374.4,1219.0
10430727,stimulus_Arg_PISACowsMilk_10_page_6,681.4,374.0,1218.0
10430728,stimulus_Arg_PISACowsMilk_10_page_6,679.5,374.1,1217.0
10430729,stimulus_Arg_PISACowsMilk_10_page_6,678.2,374.3,1217.0
10430730,stimulus_Arg_PISACowsMilk_10_page_6,677.2,374.6,1220.0
10430731,stimulus_Arg_PISACowsMilk_10_page_6,676.4,374.9,1223.0
10430732,stimulus_Arg_PISACowsMilk_10_page_6,675.4,375.1,1224.0
10430733,stimulus_Arg_PISACowsMilk_10_page_6,674.5,375.0,1224.0
10430734,stimulus_Arg_PISACowsMilk_10_page_6,674.1,375.0,1224.0
10430735,stimulus_Arg_PISACowsMilk_10_page_6,674.0,375.0,1224.0
10430736,stimulus_Arg_PISACowsMilk_10_page_6,673.9,375.0,1223.0
10430737,stimulus_Arg_PISACowsMilk_10_page_6,673.7,374.8,1222.0
10430738,stimulus_Arg_PISACowsMilk_10_page_6,674.2,374.6,1221.0
10430739,stimulus_Arg_PISACowsMilk_10_page_6,674.9,374.4,1221.0
10430740,stimulus_Arg_PISACowsMilk_10_page_6,675.8,374.2,1222.0
10430741,stimulus_Arg_PISACowsMilk_10_page_6,676.5,374.4,1223.0
10430742,stimulus_Arg_PISACowsMilk_10_page_6,677.4,374.7,1224.0
10430743,stimulus_Arg_PISACowsMilk_10_page_6,678.1,375.3,1224.0
10430744,stimulus_Arg_PISACowsMilk_10_page_6,678.5,375.7,1223.0
10430745,stimulus_Arg_PISACowsMilk_10_page_6,678.8,376.3,1222.0
10430746,stimulus_Arg_PISACowsMilk_10_page_6,679.3,377.1,1222.0
10430747,stimulus_Arg_PISACowsMilk_10_page_6,679.8,377.8,1222.0
10430748,stimulus_Arg_PISACowsMilk_10_page_6,680.1,378.3,1222.0
10430749,stimulus_Arg_PISACowsMilk_10_page_6,680.2,378.6,1223.0
10430750,stimulus_Arg_PISACowsMilk_10_page_6,680.2,378.8,1224.0
10430751,stimulus_Arg_PISACowsMilk_10_page_6,680.2,379.3,1224.0
10430752,stimulus_Arg_PISACowsMilk_10_page_6,680.3,379.8,1225.0
10430753,stimulus_Arg_PISACowsMilk_10_page_6,680.4,380.3,1225.0
10430754,stimulus_Arg_PISACowsMilk_10_page_6,680.3,380.4,1225.0
10430755,stimulus_Arg_PISACowsMilk_10_page_6,680.3,380.4,1225.0
10430756,stimulus_Arg_PISACowsMilk_10_page_6,680.2,380.3,1225.0
10430757,stimulus_Arg_PISACowsMilk_10_page_6,680.0,380.6,1225.0
10430758,stimulus_Arg_PISACowsMilk_10_page_6,679.9,380.8,1225.0
10430759,stimulus_Arg_PISACowsMilk_10_page_6,679.9,381.4,1226.0
10430760,stimulus_Arg_PISACowsMilk_10_page_6,680.0,381.6,1227.0
10430761,stimulus_Arg_PISACowsMilk_10_page_6,680.0,381.7,1227.0
10430762,stimulus_Arg_PISACowsMilk_10_page_6,680.0,381.6,1227.0
10430763,stimulus_Arg_PISACowsMilk_10_page_6,679.9,381.4,1226.0
10430764,stimulus_Arg_PISACowsMilk_10_page_6,679.7,381.2,1224.0
10430765,stimulus_Arg_PISACowsMilk_10_page_6,679.6,381.1,1223.0
10430766,stimulus_Arg_PISACowsMilk_10_page_6,679.5,381.3,1223.0
10430767,stimulus_Arg_PISACowsMilk_10_page_6,679.5,381.4,1222.0
10430768,stimulus_Arg_PISACowsMilk_10_page_6,679.5,381.4,1223.0
10430769,stimulus_Arg_PISACowsMilk_10_page_6,679.6,381.7,1224.0
10430770,stimulus_Arg_PISACowsMilk_10_page_6,679.7,382.1,1225.0
10430771,stimulus_Arg_PISACowsMilk_10_page_6,679.7,382.0,1225.0
10430772,stimulus_Arg_PISACowsMilk_10_page_6,679.7,381.6,1226.0
10430773,stimulus_Arg_PISACowsMilk_10_page_6,679.9,381.4,1226.0
10430774,stimulus_Arg_PISACowsMilk_10_page_6,680.1,381.5,1226.0
10430775,stimulus_Arg_PISACowsMilk_10_page_6,680.3,381.7,1226.0
10430776,stimulus_Arg_PISACowsMilk_10_page_6,680.1,381.6,1226.0
10430777,stimulus_Arg_PISACowsMilk_10_page_6,679.9,381.4,1225.0
10430778,stimulus_Arg_PISACowsMilk_10_page_6,679.8,381.1,1225.0
10430779,stimulus_Arg_PISACowsMilk_10_page_6,679.6,381.1,1225.0
10430780,stimulus_Arg_PISACowsMilk_10_page_6,679.5,381.2,1225.0
10430781,stimulus_Arg_PISACowsMilk_10_page_6,679.6,381.3,1225.0
10430782,stimulus_Arg_PISACowsMilk_10_page_6,679.7,381.6,1225.0
10430783,stimulus_Arg_PISACowsMilk_10_page_6,679.7,381.8,1225.0
10430784,stimulus_Arg_PISACowsMilk_10_page_6,679.7,381.9,1225.0
10430785,stimulus_Arg_PISACowsMilk_10_page_6,679.7,381.8,1225.0
10430786,stimulus_Arg_PISACowsMilk_10_page_6,679.8,381.7,1225.0
10430787,stimulus_Arg_PISACowsMilk_10_page_6,679.8,381.8,1224.0
10430788,stimulus_Arg_PISACowsMilk_10_page_6,679.8,381.8,1223.0
10430789,stimulus_Arg_PISACowsMilk_10_page_6,679.7,381.9,1223.0
10430790,stimulus_Arg_PISACowsMilk_10_page_6,679.6,381.8,1224.0
10430791,stimulus_Arg_PISACowsMilk_10_page_6,679.6,381.8,1225.0
10430792,stimulus_Arg_PISACowsMilk_10_page_6,679.6,381.8,1225.0
10430793,stimulus_Arg_PISACowsMilk_10_page_6,679.6,381.8,1225.0
10430794,stimulus_Arg_PISACowsMilk_10_page_6,679.6,382.2,1226.0
10430795,stimulus_Arg_PISACowsMilk_10_page_6,679.5,382.7,1225.0
10430796,stimulus_Arg_PISACowsMilk_10_page_6,679.5,383.1,1224.0
10430797,stimulus_Arg_PISACowsMilk_10_page_6,679.4,382.9,1224.0
10430798,stimulus_Arg_PISACowsMilk_10_page_6,679.4,382.7,1224.0
10430799,stimulus_Arg_PISACowsMilk_10_page_6,679.3,382.8,1224.0
10430800,stimulus_Arg_PISACowsMilk_10_page_6,679.2,382.8,1225.0
10430801,stimulus_Arg_PISACowsMilk_10_page_6,679.1,382.8,1226.0
10430802,stimulus_Arg_PISACowsMilk_10_page_6,679.1,382.9,1227.0
10430803,stimulus_Arg_PISACowsMilk_10_page_6,679.2,382.9,1226.0
10430804,stimulus_Arg_PISACowsMilk_10_page_6,679.5,383.0,1226.0
10430805,stimulus_Arg_PISACowsMilk_10_page_6,679.8,382.9,1224.0
10430806,stimulus_Arg_PISACowsMilk_10_page_6,679.9,382.9,1223.0
10430807,stimulus_Arg_PISACowsMilk_10_page_6,680.0,382.8,1222.0
10430808,stimulus_Arg_PISACowsMilk_10_page_6,680.1,382.8,1223.0
10430809,stimulus_Arg_PISACowsMilk_10_page_6,680.1,382.8,1224.0
10430810,stimulus_Arg_PISACowsMilk_10_page_6,679.7,382.9,1225.0
10430811,stimulus_Arg_PISACowsMilk_10_page_6,679.4,382.8,1224.0
10430812,stimulus_Arg_PISACowsMilk_10_page_6,679.2,382.7,1223.0
10430813,stimulus_Arg_PISACowsMilk_10_page_6,679.5,382.7,1223.0
10430814,stimulus_Arg_PISACowsMilk_10_page_6,679.7,382.7,1224.0
10430815,stimulus_Arg_PISACowsMilk_10_page_6,680.0,382.7,1224.0
10430816,stimulus_Arg_PISACowsMilk_10_page_6,680.0,382.8,1225.0
10430817,stimulus_Arg_PISACowsMilk_10_page_6,680.0,382.9,1225.0
10430818,stimulus_Arg_PISACowsMilk_10_page_6,680.0,382.8,1224.0
10430819,stimulus_Arg_PISACowsMilk_10_page_6,680.0,382.6,1223.0
10430820,stimulus_Arg_PISACowsMilk_10_page_6,680.0,382.7,1224.0
10430821,stimulus_Arg_PISACowsMilk_10_page_6,680.0,382.9,1224.0
10430822,stimulus_Arg_PISACowsMilk_10_page_6,679.8,383.1,1224.0
10430823,stimulus_Arg_PISACowsMilk_10_page_6,679.8,383.1,1224.0
10430824,stimulus_Arg_PISACowsMilk_10_page_6,679.6,383.3,1225.0
10430825,stimulus_Arg_PISACowsMilk_10_page_6,679.6,383.5,1226.0
10430826,stimulus_Arg_PISACowsMilk_10_page_6,679.6,383.7,1227.0
10430827,stimulus_Arg_PISACowsMilk_10_page_6,679.6,383.7,1227.0
10430828,stimulus_Arg_PISACowsMilk_10_page_6,679.5,383.6,1225.0
10430829,stimulus_Arg_PISACowsMilk_10_page_6,679.2,383.6,1223.0
10430830,stimulus_Arg_PISACowsMilk_10_page_6,679.0,383.2,1223.0
10430831,stimulus_Arg_PISACowsMilk_10_page_6,679.3,382.7,1225.0
10430832,stimulus_Arg_PISACowsMilk_10_page_6,679.7,382.7,1226.0
10430833,stimulus_Arg_PISACowsMilk_10_page_6,680.2,383.1,1226.0
10430834,stimulus_Arg_PISACowsMilk_10_page_6,680.1,383.6,1225.0
10430835,stimulus_Arg_PISACowsMilk_10_page_6,679.9,384.2,1224.0
10430836,stimulus_Arg_PISACowsMilk_10_page_6,679.7,384.8,1224.0
10430837,stimulus_Arg_PISACowsMilk_10_page_6,679.6,385.0,1224.0
10430838,stimulus_Arg_PISACowsMilk_10_page_6,679.5,384.8,1224.0
10430839,stimulus_Arg_PISACowsMilk_10_page_6,679.6,384.7,1224.0
10430840,stimulus_Arg_PISACowsMilk_10_page_6,679.6,384.7,1226.0
10430841,stimulus_Arg_PISACowsMilk_10_page_6,679.6,385.1,1227.0
10430842,stimulus_Arg_PISACowsMilk_10_page_6,679.5,385.3,1227.0
10430843,stimulus_Arg_PISACowsMilk_10_page_6,679.5,385.6,1228.0
10430844,stimulus_Arg_PISACowsMilk_10_page_6,679.5,385.6,1228.0
10430845,stimulus_Arg_PISACowsMilk_10_page_6,679.5,385.7,1228.0
10430846,stimulus_Arg_PISACowsMilk_10_page_6,679.6,385.8,1227.0
10430847,stimulus_Arg_PISACowsMilk_10_page_6,679.7,385.7,1226.0
10430848,stimulus_Arg_PISACowsMilk_10_page_6,679.8,385.6,1225.0
10430849,stimulus_Arg_PISACowsMilk_10_page_6,680.2,385.4,1225.0
10430850,stimulus_Arg_PISACowsMilk_10_page_6,680.5,385.4,1225.0
10430851,stimulus_Arg_PISACowsMilk_10_page_6,680.8,385.5,1225.0
10430852,stimulus_Arg_PISACowsMilk_10_page_6,680.9,385.8,1225.0
10430853,stimulus_Arg_PISACowsMilk_10_page_6,680.9,386.0,1225.0
10430854,stimulus_Arg_PISACowsMilk_10_page_6,680.8,386.1,1225.0
10430855,stimulus_Arg_PISACowsMilk_10_page_6,680.8,386.1,1225.0
10430856,stimulus_Arg_PISACowsMilk_10_page_6,680.9,386.2,1224.0
10430857,stimulus_Arg_PISACowsMilk_10_page_6,681.0,386.3,1225.0
10430858,stimulus_Arg_PISACowsMilk_10_page_6,681.0,386.4,1225.0
10430859,stimulus_Arg_PISACowsMilk_10_page_6,681.0,386.4,1226.0
10430860,stimulus_Arg_PISACowsMilk_10_page_6,681.0,386.5,1225.0
10430861,stimulus_Arg_PISACowsMilk_10_page_6,681.1,386.6,1225.0
10430862,stimulus_Arg_PISACowsMilk_10_page_6,681.2,386.6,1225.0
10430863,stimulus_Arg_PISACowsMilk_10_page_6,681.2,386.5,1227.0
10430864,stimulus_Arg_PISACowsMilk_10_page_6,681.3,386.5,1229.0
10430865,stimulus_Arg_PISACowsMilk_10_page_6,681.3,386.6,1230.0
10430866,stimulus_Arg_PISACowsMilk_10_page_6,681.5,386.2,1231.0
10430867,stimulus_Arg_PISACowsMilk_10_page_6,681.8,385.7,1231.0
10430868,stimulus_Arg_PISACowsMilk_10_page_6,682.1,385.2,1231.0
10430869,stimulus_Arg_PISACowsMilk_10_page_6,682.0,385.1,1232.0
10430870,stimulus_Arg_PISACowsMilk_10_page_6,681.7,384.9,1232.0
10430871,stimulus_Arg_PISACowsMilk_10_page_6,681.4,384.7,1233.0
10430872,stimulus_Arg_PISACowsMilk_10_page_6,681.3,384.6,1232.0
10430873,stimulus_Arg_PISACowsMilk_10_page_6,680.9,384.6,1232.0
10430874,stimulus_Arg_PISACowsMilk_10_page_6,680.5,384.6,1232.0
10430875,stimulus_Arg_PISACowsMilk_10_page_6,680.2,384.3,1232.0
10430876,stimulus_Arg_PISACowsMilk_10_page_6,680.1,383.6,1230.0
10430877,stimulus_Arg_PISACowsMilk_10_page_6,680.1,382.9,1229.0
10430878,stimulus_Arg_PISACowsMilk_10_page_6,680.0,382.7,1227.0
10430879,stimulus_Arg_PISACowsMilk_10_page_6,679.9,382.7,1228.0
10430880,stimulus_Arg_PISACowsMilk_10_page_6,680.0,382.5,1228.0
10430881,stimulus_Arg_PISACowsMilk_10_page_6,680.1,382.0,1227.0
10430882,stimulus_Arg_PISACowsMilk_10_page_6,680.3,381.6,1226.0
10430883,stimulus_Arg_PISACowsMilk_10_page_6,680.3,381.6,1225.0
10430884,stimulus_Arg_PISACowsMilk_10_page_6,680.3,382.0,1225.0
10430885,stimulus_Arg_PISACowsMilk_10_page_6,680.2,382.4,1226.0
10430886,stimulus_Arg_PISACowsMilk_10_page_6,680.5,382.8,1226.0
10430887,stimulus_Arg_PISACowsMilk_10_page_6,680.8,383.1,1226.0
10430888,stimulus_Arg_PISACowsMilk_10_page_6,681.1,383.2,1226.0
10430889,stimulus_Arg_PISACowsMilk_10_page_6,681.0,383.2,1227.0
10430890,stimulus_Arg_PISACowsMilk_10_page_6,681.0,383.2,1227.0
10430891,stimulus_Arg_PISACowsMilk_10_page_6,681.0,383.2,1227.0
10430892,stimulus_Arg_PISACowsMilk_10_page_6,681.0,383.2,1226.0
10430893,stimulus_Arg_PISACowsMilk_10_page_6,680.9,383.4,1226.0
10430894,stimulus_Arg_PISACowsMilk_10_page_6,681.0,383.6,1226.0
10430895,stimulus_Arg_PISACowsMilk_10_page_6,681.2,383.4,1225.0
10430896,stimulus_Arg_PISACowsMilk_10_page_6,681.2,382.9,1226.0
10430897,stimulus_Arg_PISACowsMilk_10_page_6,681.1,382.9,1226.0
10430898,stimulus_Arg_PISACowsMilk_10_page_6,680.9,383.4,1227.0
10430899,stimulus_Arg_PISACowsMilk_10_page_6,680.9,384.1,1228.0
10430900,stimulus_Arg_PISACowsMilk_10_page_6,680.9,384.5,1229.0
10430901,stimulus_Arg_PISACowsMilk_10_page_6,680.7,384.7,1229.0
10430902,stimulus_Arg_PISACowsMilk_10_page_6,680.6,384.7,1229.0
10430903,stimulus_Arg_PISACowsMilk_10_page_6,680.6,384.6,1229.0
10430904,stimulus_Arg_PISACowsMilk_10_page_6,680.7,384.6,1229.0
10430905,stimulus_Arg_PISACowsMilk_10_page_6,680.8,384.8,1230.0
10430906,stimulus_Arg_PISACowsMilk_10_page_6,680.9,384.9,1230.0
10430907,stimulus_Arg_PISACowsMilk_10_page_6,681.1,385.0,1230.0
10430908,stimulus_Arg_PISACowsMilk_10_page_6,681.2,384.7,1229.0
10430909,stimulus_Arg_PISACowsMilk_10_page_6,681.1,384.5,1228.0
10430910,stimulus_Arg_PISACowsMilk_10_page_6,680.9,384.3,1228.0
10430911,stimulus_Arg_PISACowsMilk_10_page_6,680.8,384.2,1228.0
10430912,stimulus_Arg_PISACowsMilk_10_page_6,680.8,384.2,1228.0
10430913,stimulus_Arg_PISACowsMilk_10_page_6,681.1,384.1,1229.0
10430914,stimulus_Arg_PISACowsMilk_10_page_6,681.4,384.1,1230.0
10430915,stimulus_Arg_PISACowsMilk_10_page_6,681.8,383.7,1231.0
10430916,stimulus_Arg_PISACowsMilk_10_page_6,681.9,383.4,1231.0
10430917,stimulus_Arg_PISACowsMilk_10_page_6,682.0,383.1,1230.0
10430918,stimulus_Arg_PISACowsMilk_10_page_6,682.1,383.2,1229.0
10430919,stimulus_Arg_PISACowsMilk_10_page_6,681.8,383.3,1228.0
10430920,stimulus_Arg_PISACowsMilk_10_page_6,681.3,383.4,1230.0
10430921,stimulus_Arg_PISACowsMilk_10_page_6,680.8,383.4,1231.0
10430922,stimulus_Arg_PISACowsMilk_10_page_6,680.4,383.5,1232.0
10430923,stimulus_Arg_PISACowsMilk_10_page_6,680.3,383.5,1232.0
10430924,stimulus_Arg_PISACowsMilk_10_page_6,680.1,383.8,1232.0
10430925,stimulus_Arg_PISACowsMilk_10_page_6,679.9,383.9,1232.0
10430926,stimulus_Arg_PISACowsMilk_10_page_6,679.8,384.0,1232.0
10430927,stimulus_Arg_PISACowsMilk_10_page_6,679.9,384.1,1233.0
10430928,stimulus_Arg_PISACowsMilk_10_page_6,680.1,384.3,1233.0
10430929,stimulus_Arg_PISACowsMilk_10_page_6,680.2,384.2,1233.0
10430930,stimulus_Arg_PISACowsMilk_10_page_6,680.0,383.6,1233.0
10430931,stimulus_Arg_PISACowsMilk_10_page_6,679.9,383.0,1233.0
10430932,stimulus_Arg_PISACowsMilk_10_page_6,679.9,382.9,1232.0
10430933,stimulus_Arg_PISACowsMilk_10_page_6,679.9,383.2,1232.0
10430934,stimulus_Arg_PISACowsMilk_10_page_6,679.9,383.5,1233.0
10430935,stimulus_Arg_PISACowsMilk_10_page_6,679.9,384.0,1233.0
10430936,stimulus_Arg_PISACowsMilk_10_page_6,679.9,384.3,1234.0
10430937,stimulus_Arg_PISACowsMilk_10_page_6,680.0,385.0,1234.0
10430938,stimulus_Arg_PISACowsMilk_10_page_6,680.1,385.3,1235.0
10430939,stimulus_Arg_PISACowsMilk_10_page_6,680.2,385.8,1235.0
10430940,stimulus_Arg_PISACowsMilk_10_page_6,680.1,385.9,1235.0
10430941,stimulus_Arg_PISACowsMilk_10_page_6,679.8,385.9,1235.0
10430942,stimulus_Arg_PISACowsMilk_10_page_6,679.4,386.0,1235.0
10430943,stimulus_Arg_PISACowsMilk_10_page_6,679.1,386.0,1235.0
10430944,stimulus_Arg_PISACowsMilk_10_page_6,679.1,386.1,1236.0
10430945,stimulus_Arg_PISACowsMilk_10_page_6,679.2,386.0,1236.0
10430946,stimulus_Arg_PISACowsMilk_10_page_6,679.5,386.0,1236.0
10430947,stimulus_Arg_PISACowsMilk_10_page_6,679.7,386.0,1237.0
10430948,stimulus_Arg_PISACowsMilk_10_page_6,679.8,386.0,1238.0
10430949,stimulus_Arg_PISACowsMilk_10_page_6,679.8,385.9,1239.0
10430950,stimulus_Arg_PISACowsMilk_10_page_6,679.8,385.8,1240.0
10430951,stimulus_Arg_PISACowsMilk_10_page_6,679.9,385.6,1240.0
10430952,stimulus_Arg_PISACowsMilk_10_page_6,680.2,385.6,1239.0
10430953,stimulus_Arg_PISACowsMilk_10_page_6,680.0,385.7,1238.0
10430954,stimulus_Arg_PISACowsMilk_10_page_6,679.6,385.7,1237.0
10430955,stimulus_Arg_PISACowsMilk_10_page_6,679.3,385.6,1237.0
10430956,stimulus_Arg_PISACowsMilk_10_page_6,679.4,385.3,1236.0
10430957,stimulus_Arg_PISACowsMilk_10_page_6,679.6,385.0,1236.0
10430958,stimulus_Arg_PISACowsMilk_10_page_6,679.7,385.0,1236.0
10430959,stimulus_Arg_PISACowsMilk_10_page_6,679.8,384.9,1236.0
10430960,stimulus_Arg_PISACowsMilk_10_page_6,679.8,384.7,1237.0
10430961,stimulus_Arg_PISACowsMilk_10_page_6,679.8,384.6,1237.0
10430962,stimulus_Arg_PISACowsMilk_10_page_6,679.6,384.4,1237.0
10430963,stimulus_Arg_PISACowsMilk_10_page_6,679.5,384.2,1237.0
10430964,stimulus_Arg_PISACowsMilk_10_page_6,679.5,384.1,1237.0
10430965,stimulus_Arg_PISACowsMilk_10_page_6,680.0,384.1,1237.0
10430966,stimulus_Arg_PISACowsMilk_10_page_6,680.5,384.2,1238.0
10430967,stimulus_Arg_PISACowsMilk_10_page_6,680.9,384.4,1237.0
10430968,stimulus_Arg_PISACowsMilk_10_page_6,681.0,384.5,1237.0
10430969,stimulus_Arg_PISACowsMilk_10_page_6,681.1,384.6,1237.0
10430970,stimulus_Arg_PISACowsMilk_10_page_6,681.2,384.7,1238.0
10430971,stimulus_Arg_PISACowsMilk_10_page_6,681.3,384.6,1239.0
10430972,stimulus_Arg_PISACowsMilk_10_page_6,681.2,384.3,1239.0
10430973,stimulus_Arg_PISACowsMilk_10_page_6,681.1,384.1,1239.0
10430974,stimulus_Arg_PISACowsMilk_10_page_6,680.9,384.0,1239.0
10430975,stimulus_Arg_PISACowsMilk_10_page_6,680.9,383.9,1240.0
10430976,stimulus_Arg_PISACowsMilk_10_page_6,680.9,383.8,1240.0
10430977,stimulus_Arg_PISACowsMilk_10_page_6,680.9,383.8,1239.0
10430978,stimulus_Arg_PISACowsMilk_10_page_6,681.0,383.8,1239.0
10430979,stimulus_Arg_PISACowsMilk_10_page_6,681.0,383.8,1239.0
10430980,stimulus_Arg_PISACowsMilk_10_page_6,681.0,383.9,1239.0
10430981,stimulus_Arg_PISACowsMilk_10_page_6,681.0,384.0,1238.0
10430982,stimulus_Arg_PISACowsMilk_10_page_6,680.9,384.1,1238.0
10430983,stimulus_Arg_PISACowsMilk_10_page_6,680.9,384.2,1238.0
10430984,stimulus_Arg_PISACowsMilk_10_page_6,680.9,384.4,1238.0
10430985,stimulus_Arg_PISACowsMilk_10_page_6,680.8,384.4,1238.0
10430986,stimulus_Arg_PISACowsMilk_10_page_6,680.9,384.4,1238.0
10430987,stimulus_Arg_PISACowsMilk_10_page_6,681.0,384.1,1238.0
10430988,stimulus_Arg_PISACowsMilk_10_page_6,681.0,383.7,1239.0
10430989,stimulus_Arg_PISACowsMilk_10_page_6,680.9,383.5,1239.0
10430990,stimulus_Arg_PISACowsMilk_10_page_6,680.8,383.5,1239.0
10430991,stimulus_Arg_PISACowsMilk_10_page_6,681.1,383.4,1239.0
10430992,stimulus_Arg_PISACowsMilk_10_page_6,681.3,383.4,1240.0
10430993,stimulus_Arg_PISACowsMilk_10_page_6,681.4,383.4,1240.0
10430994,stimulus_Arg_PISACowsMilk_10_page_6,681.2,383.4,1239.0
10430995,stimulus_Arg_PISACowsMilk_10_page_6,680.9,383.1,1238.0
10430996,stimulus_Arg_PISACowsMilk_10_page_6,680.6,382.6,1237.0
10430997,stimulus_Arg_PISACowsMilk_10_page_6,680.4,382.2,1237.0
10430998,stimulus_Arg_PISACowsMilk_10_page_6,680.3,382.4,1237.0
10430999,stimulus_Arg_PISACowsMilk_10_page_6,680.2,382.9,1237.0
10431000,stimulus_Arg_PISACowsMilk_10_page_6,680.2,383.4,1237.0
10431001,stimulus_Arg_PISACowsMilk_10_page_6,680.2,383.5,1237.0
10431002,stimulus_Arg_PISACowsMilk_10_page_6,680.2,383.5,1237.0
10431003,stimulus_Arg_PISACowsMilk_10_page_6,680.3,383.1,1237.0
10431004,stimulus_Arg_PISACowsMilk_10_page_6,680.5,382.7,1237.0
10431005,stimulus_Arg_PISACowsMilk_10_page_6,680.7,382.5,1237.0
10431006,stimulus_Arg_PISACowsMilk_10_page_6,680.9,382.5,1237.0
10431007,stimulus_Arg_PISACowsMilk_10_page_6,681.0,382.6,1237.0
10431008,stimulus_Arg_PISACowsMilk_10_page_6,681.0,382.9,1236.0
10431009,stimulus_Arg_PISACowsMilk_10_page_6,681.0,383.3,1237.0
10431010,stimulus_Arg_PISACowsMilk_10_page_6,680.9,384.2,1238.0
10431011,stimulus_Arg_PISACowsMilk_10_page_6,681.2,385.0,1239.0
10431012,stimulus_Arg_PISACowsMilk_10_page_6,681.6,385.9,1239.0
10431013,stimulus_Arg_PISACowsMilk_10_page_6,682.5,386.6,1240.0
10431014,stimulus_Arg_PISACowsMilk_10_page_6,684.7,387.3,1241.0
10431015,stimulus_Arg_PISACowsMilk_10_page_6,688.2,388.1,1241.0
10431016,stimulus_Arg_PISACowsMilk_10_page_6,692.7,388.1,1241.0
10431017,stimulus_Arg_PISACowsMilk_10_page_6,698.0,387.8,1241.0
10431018,stimulus_Arg_PISACowsMilk_10_page_6,703.9,387.3,1241.0
10431019,stimulus_Arg_PISACowsMilk_10_page_6,710.7,387.2,1241.0
10431020,stimulus_Arg_PISACowsMilk_10_page_6,717.2,387.0,1242.0
10431021,stimulus_Arg_PISACowsMilk_10_page_6,723.8,387.2,1243.0
10431022,stimulus_Arg_PISACowsMilk_10_page_6,730.0,387.5,1243.0
10431023,stimulus_Arg_PISACowsMilk_10_page_6,736.5,387.8,1243.0
10431024,stimulus_Arg_PISACowsMilk_10_page_6,742.3,388.0,1243.0
10431025,stimulus_Arg_PISACowsMilk_10_page_6,747.8,387.7,1242.0
10431026,stimulus_Arg_PISACowsMilk_10_page_6,752.4,387.4,1241.0
10431027,stimulus_Arg_PISACowsMilk_10_page_6,755.9,386.4,1240.0
10431028,stimulus_Arg_PISACowsMilk_10_page_6,757.9,385.2,1239.0
10431029,stimulus_Arg_PISACowsMilk_10_page_6,758.2,383.4,1237.0
10431030,stimulus_Arg_PISACowsMilk_10_page_6,757.5,382.0,1236.0
10431031,stimulus_Arg_PISACowsMilk_10_page_6,755.6,381.2,1235.0
10431032,stimulus_Arg_PISACowsMilk_10_page_6,753.9,380.9,1235.0
10431033,stimulus_Arg_PISACowsMilk_10_page_6,751.4,381.2,1235.0
10431034,stimulus_Arg_PISACowsMilk_10_page_6,749.4,381.5,1235.0
10431035,stimulus_Arg_PISACowsMilk_10_page_6,747.0,381.8,1235.0
10431036,stimulus_Arg_PISACowsMilk_10_page_6,745.2,382.6,1235.0
10431037,stimulus_Arg_PISACowsMilk_10_page_6,743.9,383.5,1235.0
10431038,stimulus_Arg_PISACowsMilk_10_page_6,743.3,384.5,1235.0
10431039,stimulus_Arg_PISACowsMilk_10_page_6,743.4,384.8,1235.0
10431040,stimulus_Arg_PISACowsMilk_10_page_6,743.8,384.9,1236.0
10431041,stimulus_Arg_PISACowsMilk_10_page_6,744.3,384.9,1236.0
10431042,stimulus_Arg_PISACowsMilk_10_page_6,744.7,384.9,1236.0
10431043,stimulus_Arg_PISACowsMilk_10_page_6,745.2,384.8,1236.0
10431044,stimulus_Arg_PISACowsMilk_10_page_6,745.6,384.7,1236.0
10431045,stimulus_Arg_PISACowsMilk_10_page_6,745.7,384.5,1235.0
10431046,stimulus_Arg_PISACowsMilk_10_page_6,745.3,384.3,1235.0
10431047,stimulus_Arg_PISACowsMilk_10_page_6,744.7,384.4,1235.0
10431048,stimulus_Arg_PISACowsMilk_10_page_6,744.1,384.6,1235.0
10431049,stimulus_Arg_PISACowsMilk_10_page_6,743.6,384.8,1234.0
10431050,stimulus_Arg_PISACowsMilk_10_page_6,743.2,384.8,1234.0
10431051,stimulus_Arg_PISACowsMilk_10_page_6,742.9,384.8,1234.0
10431052,stimulus_Arg_PISACowsMilk_10_page_6,742.8,384.9,1234.0
10431053,stimulus_Arg_PISACowsMilk_10_page_6,743.0,385.0,1234.0
10431054,stimulus_Arg_PISACowsMilk_10_page_6,743.4,385.1,1234.0
10431055,stimulus_Arg_PISACowsMilk_10_page_6,743.6,385.2,1234.0
10431056,stimulus_Arg_PISACowsMilk_10_page_6,743.9,385.2,1234.0
10431057,stimulus_Arg_PISACowsMilk_10_page_6,743.9,385.2,1234.0
10431058,stimulus_Arg_PISACowsMilk_10_page_6,743.9,385.2,1234.0
10431059,stimulus_Arg_PISACowsMilk_10_page_6,743.9,385.3,1233.0
10431060,stimulus_Arg_PISACowsMilk_10_page_6,744.0,385.5,1233.0
10431061,stimulus_Arg_PISACowsMilk_10_page_6,744.1,385.8,1233.0
10431062,stimulus_Arg_PISACowsMilk_10_page_6,744.2,385.9,1233.0
10431063,stimulus_Arg_PISACowsMilk_10_page_6,744.1,386.1,1232.0
10431064,stimulus_Arg_PISACowsMilk_10_page_6,744.1,386.2,1233.0
10431065,stimulus_Arg_PISACowsMilk_10_page_6,744.0,386.2,1233.0
10431066,stimulus_Arg_PISACowsMilk_10_page_6,743.9,386.2,1234.0
10431067,stimulus_Arg_PISACowsMilk_10_page_6,744.0,386.3,1234.0
10431068,stimulus_Arg_PISACowsMilk_10_page_6,744.0,385.9,1235.0
10431069,stimulus_Arg_PISACowsMilk_10_page_6,744.1,385.5,1235.0
10431070,stimulus_Arg_PISACowsMilk_10_page_6,744.5,385.1,1235.0
10431071,stimulus_Arg_PISACowsMilk_10_page_6,745.0,385.1,1235.0
10431072,stimulus_Arg_PISACowsMilk_10_page_6,745.3,385.1,1234.0
10431073,stimulus_Arg_PISACowsMilk_10_page_6,745.1,385.0,1234.0
10431074,stimulus_Arg_PISACowsMilk_10_page_6,744.9,384.9,1234.0
10431075,stimulus_Arg_PISACowsMilk_10_page_6,744.7,385.1,1235.0
10431076,stimulus_Arg_PISACowsMilk_10_page_6,744.6,385.4,1237.0
10431077,stimulus_Arg_PISACowsMilk_10_page_6,744.5,385.5,1237.0
10431078,stimulus_Arg_PISACowsMilk_10_page_6,744.4,385.3,1237.0
10431079,stimulus_Arg_PISACowsMilk_10_page_6,744.4,385.1,1236.0
10431080,stimulus_Arg_PISACowsMilk_10_page_6,744.4,385.2,1236.0
10431081,stimulus_Arg_PISACowsMilk_10_page_6,744.5,385.3,1236.0
10431082,stimulus_Arg_PISACowsMilk_10_page_6,744.5,385.4,1235.0
10431083,stimulus_Arg_PISACowsMilk_10_page_6,744.6,385.4,1234.0
10431084,stimulus_Arg_PISACowsMilk_10_page_6,744.6,385.5,1233.0
10431085,stimulus_Arg_PISACowsMilk_10_page_6,744.5,385.6,1233.0
10431086,stimulus_Arg_PISACowsMilk_10_page_6,744.4,385.7,1232.0
10431087,stimulus_Arg_PISACowsMilk_10_page_6,744.3,385.4,1232.0
10431088,stimulus_Arg_PISACowsMilk_10_page_6,744.2,385.1,1231.0
10431089,stimulus_Arg_PISACowsMilk_10_page_6,744.2,384.8,1229.0
10431090,stimulus_Arg_PISACowsMilk_10_page_6,744.5,384.8,1229.0
10431091,stimulus_Arg_PISACowsMilk_10_page_6,744.8,384.8,1229.0
10431092,stimulus_Arg_PISACowsMilk_10_page_6,744.9,384.8,1230.0
10431093,stimulus_Arg_PISACowsMilk_10_page_6,744.7,384.7,1231.0
10431094,stimulus_Arg_PISACowsMilk_10_page_6,744.5,384.6,1232.0
10431095,stimulus_Arg_PISACowsMilk_10_page_6,744.3,384.5,1231.0
10431096,stimulus_Arg_PISACowsMilk_10_page_6,744.1,384.5,1230.0
10431097,stimulus_Arg_PISACowsMilk_10_page_6,744.0,384.4,1229.0
10431098,stimulus_Arg_PISACowsMilk_10_page_6,744.1,384.5,1230.0
10431099,stimulus_Arg_PISACowsMilk_10_page_6,744.2,384.7,1229.0
10431100,stimulus_Arg_PISACowsMilk_10_page_6,744.2,384.8,1229.0
10431101,stimulus_Arg_PISACowsMilk_10_page_6,744.2,384.8,1229.0
10431102,stimulus_Arg_PISACowsMilk_10_page_6,744.2,385.0,1229.0
10431103,stimulus_Arg_PISACowsMilk_10_page_6,744.1,385.1,1230.0
10431104,stimulus_Arg_PISACowsMilk_10_page_6,744.0,385.3,1229.0
10431105,stimulus_Arg_PISACowsMilk_10_page_6,743.8,385.0,1228.0
10431106,stimulus_Arg_PISACowsMilk_10_page_6,743.6,384.9,1228.0
10431107,stimulus_Arg_PISACowsMilk_10_page_6,743.4,384.7,1227.0
10431108,stimulus_Arg_PISACowsMilk_10_page_6,743.3,384.7,1227.0
10431109,stimulus_Arg_PISACowsMilk_10_page_6,743.4,384.7,1228.0
10431110,stimulus_Arg_PISACowsMilk_10_page_6,743.3,384.9,1229.0
10431111,stimulus_Arg_PISACowsMilk_10_page_6,743.2,385.1,1229.0
10431112,stimulus_Arg_PISACowsMilk_10_page_6,743.2,385.3,1229.0
10431113,stimulus_Arg_PISACowsMilk_10_page_6,743.4,385.4,1229.0
10431114,stimulus_Arg_PISACowsMilk_10_page_6,743.5,385.6,1229.0
10431115,stimulus_Arg_PISACowsMilk_10_page_6,743.6,386.0,1228.0
10431116,stimulus_Arg_PISACowsMilk_10_page_6,743.9,386.4,1228.0
10431117,stimulus_Arg_PISACowsMilk_10_page_6,744.2,386.8,1227.0
10431118,stimulus_Arg_PISACowsMilk_10_page_6,744.2,386.8,1226.0
10431119,stimulus_Arg_PISACowsMilk_10_page_6,744.1,386.9,1227.0
10431120,stimulus_Arg_PISACowsMilk_10_page_6,743.9,386.9,1228.0
10431121,stimulus_Arg_PISACowsMilk_10_page_6,743.9,386.8,1229.0
10431122,stimulus_Arg_PISACowsMilk_10_page_6,743.7,386.7,1229.0
10431123,stimulus_Arg_PISACowsMilk_10_page_6,743.5,386.6,1228.0
10431124,stimulus_Arg_PISACowsMilk_10_page_6,743.3,386.5,1226.0
10431125,stimulus_Arg_PISACowsMilk_10_page_6,743.2,386.3,1225.0
10431126,stimulus_Arg_PISACowsMilk_10_page_6,743.2,386.2,1224.0
10431127,stimulus_Arg_PISACowsMilk_10_page_6,743.3,386.3,1224.0
10431128,stimulus_Arg_PISACowsMilk_10_page_6,743.4,386.3,1224.0
10431129,stimulus_Arg_PISACowsMilk_10_page_6,743.5,386.3,1224.0
10431130,stimulus_Arg_PISACowsMilk_10_page_6,743.5,386.2,1224.0
10431131,stimulus_Arg_PISACowsMilk_10_page_6,743.7,386.2,1224.0
10431132,stimulus_Arg_PISACowsMilk_10_page_6,743.9,386.5,1224.0
10431133,stimulus_Arg_PISACowsMilk_10_page_6,743.9,386.7,1224.0
10431134,stimulus_Arg_PISACowsMilk_10_page_6,743.7,387.0,1224.0
10431135,stimulus_Arg_PISACowsMilk_10_page_6,743.5,386.9,1224.0
10431136,stimulus_Arg_PISACowsMilk_10_page_6,743.6,386.9,1224.0
10431137,stimulus_Arg_PISACowsMilk_10_page_6,743.6,386.8,1224.0
10431138,stimulus_Arg_PISACowsMilk_10_page_6,743.6,386.6,1224.0
10431139,stimulus_Arg_PISACowsMilk_10_page_6,743.6,386.5,1224.0
10431140,stimulus_Arg_PISACowsMilk_10_page_6,743.6,386.5,1224.0
10431141,stimulus_Arg_PISACowsMilk_10_page_6,743.9,386.5,1224.0
10431142,stimulus_Arg_PISACowsMilk_10_page_6,744.1,386.6,1224.0
10431143,stimulus_Arg_PISACowsMilk_10_page_6,744.3,386.7,1224.0
10431144,stimulus_Arg_PISACowsMilk_10_page_6,744.2,386.7,1224.0
10431145,stimulus_Arg_PISACowsMilk_10_page_6,744.0,386.7,1224.0
10431146,stimulus_Arg_PISACowsMilk_10_page_6,743.9,386.6,1224.0
10431147,stimulus_Arg_PISACowsMilk_10_page_6,743.8,386.5,1225.0
10431148,stimulus_Arg_PISACowsMilk_10_page_6,743.9,386.6,1225.0
10431149,stimulus_Arg_PISACowsMilk_10_page_6,743.9,386.7,1224.0
10431150,stimulus_Arg_PISACowsMilk_10_page_6,743.8,386.9,1223.0
10431151,stimulus_Arg_PISACowsMilk_10_page_6,743.7,386.9,1223.0
10431152,stimulus_Arg_PISACowsMilk_10_page_6,743.6,386.8,1222.0
10431153,stimulus_Arg_PISACowsMilk_10_page_6,743.6,386.8,1221.0
10431154,stimulus_Arg_PISACowsMilk_10_page_6,743.6,386.8,1219.0
10431155,stimulus_Arg_PISACowsMilk_10_page_6,743.6,386.8,1218.0
10431156,stimulus_Arg_PISACowsMilk_10_page_6,743.7,386.8,1218.0
10431157,stimulus_Arg_PISACowsMilk_10_page_6,743.7,386.9,1218.0
10431158,stimulus_Arg_PISACowsMilk_10_page_6,743.8,386.9,1218.0
10431159,stimulus_Arg_PISACowsMilk_10_page_6,743.9,387.0,1220.0
10431160,stimulus_Arg_PISACowsMilk_10_page_6,744.0,386.9,1222.0
10431161,stimulus_Arg_PISACowsMilk_10_page_6,744.1,387.0,1224.0
10431162,stimulus_Arg_PISACowsMilk_10_page_6,744.1,387.2,1225.0
10431163,stimulus_Arg_PISACowsMilk_10_page_6,744.0,387.3,1226.0
10431164,stimulus_Arg_PISACowsMilk_10_page_6,743.8,387.4,1225.0
10431165,stimulus_Arg_PISACowsMilk_10_page_6,743.5,387.6,1224.0
10431166,stimulus_Arg_PISACowsMilk_10_page_6,743.4,387.8,1223.0
10431167,stimulus_Arg_PISACowsMilk_10_page_6,743.5,388.0,1223.0
10431168,stimulus_Arg_PISACowsMilk_10_page_6,743.7,388.3,1224.0
10431169,stimulus_Arg_PISACowsMilk_10_page_6,744.0,388.4,1224.0
10431170,stimulus_Arg_PISACowsMilk_10_page_6,744.2,388.2,1224.0
10431171,stimulus_Arg_PISACowsMilk_10_page_6,744.2,388.2,1224.0
10431172,stimulus_Arg_PISACowsMilk_10_page_6,744.1,388.3,1224.0
10431173,stimulus_Arg_PISACowsMilk_10_page_6,744.0,388.4,1224.0
10431174,stimulus_Arg_PISACowsMilk_10_page_6,744.0,388.4,1224.0
10431175,stimulus_Arg_PISACowsMilk_10_page_6,744.1,388.4,1224.0
10431176,stimulus_Arg_PISACowsMilk_10_page_6,744.2,388.1,1224.0
10431177,stimulus_Arg_PISACowsMilk_10_page_6,744.3,387.8,1224.0
10431178,stimulus_Arg_PISACowsMilk_10_page_6,744.7,387.8,1225.0
10431179,stimulus_Arg_PISACowsMilk_10_page_6,745.0,388.2,1225.0
10431180,stimulus_Arg_PISACowsMilk_10_page_6,745.4,388.7,1226.0
10431181,stimulus_Arg_PISACowsMilk_10_page_6,745.4,388.7,1227.0
10431182,stimulus_Arg_PISACowsMilk_10_page_6,745.5,388.8,1227.0
10431183,stimulus_Arg_PISACowsMilk_10_page_6,745.3,388.9,1225.0
10431184,stimulus_Arg_PISACowsMilk_10_page_6,745.2,388.9,1224.0
10431185,stimulus_Arg_PISACowsMilk_10_page_6,745.1,389.0,1225.0
10431186,stimulus_Arg_PISACowsMilk_10_page_6,745.2,389.0,1226.0
10431187,stimulus_Arg_PISACowsMilk_10_page_6,745.2,389.2,1225.0
10431188,stimulus_Arg_PISACowsMilk_10_page_6,745.1,389.4,1225.0
10431189,stimulus_Arg_PISACowsMilk_10_page_6,745.3,389.6,1225.0
10431190,stimulus_Arg_PISACowsMilk_10_page_6,745.6,389.5,1226.0
10431191,stimulus_Arg_PISACowsMilk_10_page_6,745.9,389.5,1227.0
10431192,stimulus_Arg_PISACowsMilk_10_page_6,746.0,389.4,1227.0
10431193,stimulus_Arg_PISACowsMilk_10_page_6,746.0,389.4,1227.0
10431194,stimulus_Arg_PISACowsMilk_10_page_6,746.0,389.3,1227.0
10431195,stimulus_Arg_PISACowsMilk_10_page_6,746.0,389.2,1226.0
10431196,stimulus_Arg_PISACowsMilk_10_page_6,746.1,389.1,1226.0
10431197,stimulus_Arg_PISACowsMilk_10_page_6,746.1,389.2,1226.0
10431198,stimulus_Arg_PISACowsMilk_10_page_6,746.2,389.4,1226.0
10431199,stimulus_Arg_PISACowsMilk_10_page_6,746.1,389.6,1226.0
10431200,stimulus_Arg_PISACowsMilk_10_page_6,746.1,389.7,1226.0
10431201,stimulus_Arg_PISACowsMilk_10_page_6,746.4,389.5,1226.0
10431202,stimulus_Arg_PISACowsMilk_10_page_6,746.6,389.3,1226.0
10431203,stimulus_Arg_PISACowsMilk_10_page_6,746.6,389.3,1226.0
10431204,stimulus_Arg_PISACowsMilk_10_page_6,746.6,389.2,1226.0
10431205,stimulus_Arg_PISACowsMilk_10_page_6,746.4,389.0,1225.0
10431206,stimulus_Arg_PISACowsMilk_10_page_6,746.3,388.7,1225.0
10431207,stimulus_Arg_PISACowsMilk_10_page_6,746.3,388.7,1225.0
10431208,stimulus_Arg_PISACowsMilk_10_page_6,746.6,388.7,1225.0
10431209,stimulus_Arg_PISACowsMilk_10_page_6,746.9,388.8,1226.0
10431210,stimulus_Arg_PISACowsMilk_10_page_6,747.2,388.7,1226.0
10431211,stimulus_Arg_PISACowsMilk_10_page_6,747.3,388.6,1227.0
10431212,stimulus_Arg_PISACowsMilk_10_page_6,747.3,388.6,1226.0
10431213,stimulus_Arg_PISACowsMilk_10_page_6,747.3,388.5,1226.0
10431214,stimulus_Arg_PISACowsMilk_10_page_6,747.2,388.4,1225.0
10431215,stimulus_Arg_PISACowsMilk_10_page_6,747.1,388.3,1224.0
10431216,stimulus_Arg_PISACowsMilk_10_page_6,746.9,388.5,1224.0
10431217,stimulus_Arg_PISACowsMilk_10_page_6,746.9,388.7,1224.0
10431218,stimulus_Arg_PISACowsMilk_10_page_6,747.0,388.8,1224.0
10431219,stimulus_Arg_PISACowsMilk_10_page_6,747.1,388.8,1224.0
10431220,stimulus_Arg_PISACowsMilk_10_page_6,746.9,388.7,1224.0
10431221,stimulus_Arg_PISACowsMilk_10_page_6,746.7,388.7,1224.0
10431222,stimulus_Arg_PISACowsMilk_10_page_6,746.9,388.7,1225.0
10431223,stimulus_Arg_PISACowsMilk_10_page_6,747.4,388.6,1225.0
10431224,stimulus_Arg_PISACowsMilk_10_page_6,747.3,388.5,1225.0
10431225,stimulus_Arg_PISACowsMilk_10_page_6,746.9,388.4,1225.0
10431226,stimulus_Arg_PISACowsMilk_10_page_6,746.5,388.3,1224.0
10431227,stimulus_Arg_PISACowsMilk_10_page_6,746.7,388.4,1224.0
10431228,stimulus_Arg_PISACowsMilk_10_page_6,746.8,388.4,1225.0
10431229,stimulus_Arg_PISACowsMilk_10_page_6,746.8,388.4,1225.0
10431230,stimulus_Arg_PISACowsMilk_10_page_6,746.8,388.4,1225.0
10431231,stimulus_Arg_PISACowsMilk_10_page_6,746.9,388.4,1225.0
10431232,stimulus_Arg_PISACowsMilk_10_page_6,746.9,388.5,1225.0
10431233,stimulus_Arg_PISACowsMilk_10_page_6,746.9,388.5,1226.0
10431234,stimulus_Arg_PISACowsMilk_10_page_6,747.0,388.5,1227.0
10431235,stimulus_Arg_PISACowsMilk_10_page_6,747.0,388.4,1227.0
10431236,stimulus_Arg_PISACowsMilk_10_page_6,747.0,388.5,1227.0
10431237,stimulus_Arg_PISACowsMilk_10_page_6,747.0,388.5,1226.0
10431238,stimulus_Arg_PISACowsMilk_10_page_6,747.0,388.6,1226.0
10431239,stimulus_Arg_PISACowsMilk_10_page_6,747.0,388.7,1226.0
10431240,stimulus_Arg_PISACowsMilk_10_page_6,747.0,388.9,1226.0
10431241,stimulus_Arg_PISACowsMilk_10_page_6,747.0,389.0,1226.0
10431242,stimulus_Arg_PISACowsMilk_10_page_6,746.9,389.1,1226.0
10431243,stimulus_Arg_PISACowsMilk_10_page_6,746.9,389.1,1226.0
10431244,stimulus_Arg_PISACowsMilk_10_page_6,746.8,389.4,1226.0
10431245,stimulus_Arg_PISACowsMilk_10_page_6,746.7,389.6,1226.0
10431246,stimulus_Arg_PISACowsMilk_10_page_6,746.6,389.8,1225.0
10431247,stimulus_Arg_PISACowsMilk_10_page_6,746.7,389.7,1224.0
10431248,stimulus_Arg_PISACowsMilk_10_page_6,746.8,389.3,1224.0
10431249,stimulus_Arg_PISACowsMilk_10_page_6,747.0,389.1,1224.0
10431250,stimulus_Arg_PISACowsMilk_10_page_6,746.9,388.9,1225.0
10431251,stimulus_Arg_PISACowsMilk_10_page_6,746.9,389.0,1225.0
10431252,stimulus_Arg_PISACowsMilk_10_page_6,746.8,389.0,1226.0
10431253,stimulus_Arg_PISACowsMilk_10_page_6,746.2,389.0,1226.0
10431254,stimulus_Arg_PISACowsMilk_10_page_6,745.7,389.0,1226.0
10431255,stimulus_Arg_PISACowsMilk_10_page_6,745.3,388.7,1226.0
10431256,stimulus_Arg_PISACowsMilk_10_page_6,745.3,388.5,1226.0
10431257,stimulus_Arg_PISACowsMilk_10_page_6,745.3,388.3,1226.0
10431258,stimulus_Arg_PISACowsMilk_10_page_6,745.4,388.3,1226.0
10431259,stimulus_Arg_PISACowsMilk_10_page_6,745.5,388.3,1226.0
10431260,stimulus_Arg_PISACowsMilk_10_page_6,745.7,388.3,1227.0
10431261,stimulus_Arg_PISACowsMilk_10_page_6,745.9,388.3,1228.0
10431262,stimulus_Arg_PISACowsMilk_10_page_6,746.0,388.6,1228.0
10431263,stimulus_Arg_PISACowsMilk_10_page_6,746.0,388.8,1228.0
10431264,stimulus_Arg_PISACowsMilk_10_page_6,746.0,389.1,1228.0
10431265,stimulus_Arg_PISACowsMilk_10_page_6,746.0,389.1,1227.0
10431266,stimulus_Arg_PISACowsMilk_10_page_6,745.9,389.2,1227.0
10431267,stimulus_Arg_PISACowsMilk_10_page_6,745.7,389.2,1226.0
10431268,stimulus_Arg_PISACowsMilk_10_page_6,745.4,389.1,1226.0
10431269,stimulus_Arg_PISACowsMilk_10_page_6,745.2,388.9,1226.0
10431270,stimulus_Arg_PISACowsMilk_10_page_6,745.0,388.9,1227.0
10431271,stimulus_Arg_PISACowsMilk_10_page_6,744.9,389.2,1227.0
10431272,stimulus_Arg_PISACowsMilk_10_page_6,744.7,389.4,1227.0
10431273,stimulus_Arg_PISACowsMilk_10_page_6,744.6,389.5,1226.0
10431274,stimulus_Arg_PISACowsMilk_10_page_6,744.8,389.5,1226.0
10431275,stimulus_Arg_PISACowsMilk_10_page_6,744.9,389.5,1225.0
10431276,stimulus_Arg_PISACowsMilk_10_page_6,745.2,389.5,1225.0
10431277,stimulus_Arg_PISACowsMilk_10_page_6,745.4,389.5,1225.0
10431278,stimulus_Arg_PISACowsMilk_10_page_6,745.6,389.7,1225.0
10431279,stimulus_Arg_PISACowsMilk_10_page_6,745.6,390.0,1225.0
10431280,stimulus_Arg_PISACowsMilk_10_page_6,745.3,389.8,1225.0
10431281,stimulus_Arg_PISACowsMilk_10_page_6,745.0,389.4,1226.0
10431282,stimulus_Arg_PISACowsMilk_10_page_6,744.5,389.1,1227.0
10431283,stimulus_Arg_PISACowsMilk_10_page_6,744.3,389.4,1227.0
10431284,stimulus_Arg_PISACowsMilk_10_page_6,744.0,389.6,1226.0
10431285,stimulus_Arg_PISACowsMilk_10_page_6,744.0,389.7,1226.0
10431286,stimulus_Arg_PISACowsMilk_10_page_6,744.0,389.6,1226.0
10431287,stimulus_Arg_PISACowsMilk_10_page_6,743.9,389.7,1226.0
10431288,stimulus_Arg_PISACowsMilk_10_page_6,744.2,390.0,1226.0
10431289,stimulus_Arg_PISACowsMilk_10_page_6,744.5,390.2,1227.0
10431290,stimulus_Arg_PISACowsMilk_10_page_6,745.1,390.3,1228.0
10431291,stimulus_Arg_PISACowsMilk_10_page_6,745.4,390.3,1229.0
10431292,stimulus_Arg_PISACowsMilk_10_page_6,745.3,390.3,1229.0
10431293,stimulus_Arg_PISACowsMilk_10_page_6,745.0,390.5,1229.0
10431294,stimulus_Arg_PISACowsMilk_10_page_6,744.8,390.8,1229.0
10431295,stimulus_Arg_PISACowsMilk_10_page_6,744.9,391.0,1229.0
10431296,stimulus_Arg_PISACowsMilk_10_page_6,745.0,391.0,1228.0
10431297,stimulus_Arg_PISACowsMilk_10_page_6,745.2,390.9,1228.0
10431298,stimulus_Arg_PISACowsMilk_10_page_6,745.3,391.1,1227.0
10431299,stimulus_Arg_PISACowsMilk_10_page_6,745.3,391.4,1227.0
10431300,stimulus_Arg_PISACowsMilk_10_page_6,745.2,391.8,1227.0
10431301,stimulus_Arg_PISACowsMilk_10_page_6,745.2,392.1,1228.0
10431302,stimulus_Arg_PISACowsMilk_10_page_6,745.1,392.0,1229.0
10431303,stimulus_Arg_PISACowsMilk_10_page_6,745.0,391.9,1229.0
10431304,stimulus_Arg_PISACowsMilk_10_page_6,744.8,391.9,1228.0
10431305,stimulus_Arg_PISACowsMilk_10_page_6,744.6,392.1,1228.0
10431306,stimulus_Arg_PISACowsMilk_10_page_6,744.4,392.1,1227.0
10431307,stimulus_Arg_PISACowsMilk_10_page_6,744.4,392.1,1226.0
10431308,stimulus_Arg_PISACowsMilk_10_page_6,744.4,392.0,1226.0
10431309,stimulus_Arg_PISACowsMilk_10_page_6,744.8,392.0,1227.0
10431310,stimulus_Arg_PISACowsMilk_10_page_6,745.2,392.0,1228.0
10431311,stimulus_Arg_PISACowsMilk_10_page_6,745.7,392.0,1228.0
10431312,stimulus_Arg_PISACowsMilk_10_page_6,745.7,391.9,1228.0
10431313,stimulus_Arg_PISACowsMilk_10_page_6,745.7,391.9,1228.0
10431314,stimulus_Arg_PISACowsMilk_10_page_6,745.7,392.2,1228.0
10431315,stimulus_Arg_PISACowsMilk_10_page_6,745.8,392.8,1228.0
10431316,stimulus_Arg_PISACowsMilk_10_page_6,745.7,393.4,1227.0
10431317,stimulus_Arg_PISACowsMilk_10_page_6,745.6,393.4,1227.0
10431318,stimulus_Arg_PISACowsMilk_10_page_6,745.4,393.0,1227.0
10431319,stimulus_Arg_PISACowsMilk_10_page_6,745.3,392.9,1228.0
10431320,stimulus_Arg_PISACowsMilk_10_page_6,745.6,393.1,1229.0
10431321,stimulus_Arg_PISACowsMilk_10_page_6,746.3,393.3,1231.0
10431322,stimulus_Arg_PISACowsMilk_10_page_6,747.7,393.4,1231.0
10431323,stimulus_Arg_PISACowsMilk_10_page_6,749.6,393.6,1232.0
10431324,stimulus_Arg_PISACowsMilk_10_page_6,752.3,393.9,1233.0
10431325,stimulus_Arg_PISACowsMilk_10_page_6,756.4,394.3,1233.0
10431326,stimulus_Arg_PISACowsMilk_10_page_6,762.1,395.0,1233.0
10431327,stimulus_Arg_PISACowsMilk_10_page_6,768.6,395.6,1233.0
10431328,stimulus_Arg_PISACowsMilk_10_page_6,775.5,396.0,1233.0
10431329,stimulus_Arg_PISACowsMilk_10_page_6,782.7,396.2,1234.0
10431330,stimulus_Arg_PISACowsMilk_10_page_6,790.6,396.4,1235.0
10431331,stimulus_Arg_PISACowsMilk_10_page_6,800.1,395.8,1237.0
10431332,stimulus_Arg_PISACowsMilk_10_page_6,809.6,394.6,1239.0
10431333,stimulus_Arg_PISACowsMilk_10_page_6,818.5,393.5,1240.0
10431334,stimulus_Arg_PISACowsMilk_10_page_6,825.7,392.9,1240.0
10431335,stimulus_Arg_PISACowsMilk_10_page_6,832.4,392.1,1240.0
10431336,stimulus_Arg_PISACowsMilk_10_page_6,839.0,391.2,1240.0
10431337,stimulus_Arg_PISACowsMilk_10_page_6,845.2,390.2,1240.0
10431338,stimulus_Arg_PISACowsMilk_10_page_6,850.9,389.4,1238.0
10431339,stimulus_Arg_PISACowsMilk_10_page_6,855.3,388.7,1236.0
10431340,stimulus_Arg_PISACowsMilk_10_page_6,858.2,388.4,1234.0
10431341,stimulus_Arg_PISACowsMilk_10_page_6,860.2,388.0,1231.0
10431342,stimulus_Arg_PISACowsMilk_10_page_6,862.9,387.6,1228.0
10431343,stimulus_Arg_PISACowsMilk_10_page_6,865.7,387.0,1226.0
10431344,stimulus_Arg_PISACowsMilk_10_page_6,868.3,386.9,1226.0
10431345,stimulus_Arg_PISACowsMilk_10_page_6,870.2,387.3,1226.0
10431346,stimulus_Arg_PISACowsMilk_10_page_6,872.0,387.7,1224.0
10431347,stimulus_Arg_PISACowsMilk_10_page_6,874.8,387.9,1223.0
10431348,stimulus_Arg_PISACowsMilk_10_page_6,877.6,387.6,1222.0
10431349,stimulus_Arg_PISACowsMilk_10_page_6,880.9,387.6,1222.0
10431350,stimulus_Arg_PISACowsMilk_10_page_6,884.3,387.8,1222.0
10431351,stimulus_Arg_PISACowsMilk_10_page_6,889.0,387.7,1222.0
10431352,stimulus_Arg_PISACowsMilk_10_page_6,894.7,387.4,1222.0
10431353,stimulus_Arg_PISACowsMilk_10_page_6,900.5,387.0,1223.0
10431354,stimulus_Arg_PISACowsMilk_10_page_6,904.9,386.8,1222.0
10431355,stimulus_Arg_PISACowsMilk_10_page_6,909.3,386.5,1220.0
10431356,stimulus_Arg_PISACowsMilk_10_page_6,912.8,385.8,1218.0
10431357,stimulus_Arg_PISACowsMilk_10_page_6,916.1,384.9,1217.0
10431358,stimulus_Arg_PISACowsMilk_10_page_6,917.4,383.8,1216.0
10431359,stimulus_Arg_PISACowsMilk_10_page_6,917.9,382.7,1215.0
10431360,stimulus_Arg_PISACowsMilk_10_page_6,917.3,381.8,1214.0
10431361,stimulus_Arg_PISACowsMilk_10_page_6,915.3,381.0,1213.0
10431362,stimulus_Arg_PISACowsMilk_10_page_6,912.4,381.6,1213.0
10431363,stimulus_Arg_PISACowsMilk_10_page_6,909.0,382.5,1213.0
10431364,stimulus_Arg_PISACowsMilk_10_page_6,906.1,383.4,1214.0
10431365,stimulus_Arg_PISACowsMilk_10_page_6,903.1,383.5,1215.0
10431366,stimulus_Arg_PISACowsMilk_10_page_6,900.4,384.2,1218.0
10431367,stimulus_Arg_PISACowsMilk_10_page_6,898.0,384.8,1221.0
10431368,stimulus_Arg_PISACowsMilk_10_page_6,896.4,385.6,1224.0
10431369,stimulus_Arg_PISACowsMilk_10_page_6,895.3,386.3,1226.0
10431370,stimulus_Arg_PISACowsMilk_10_page_6,895.0,386.9,1228.0
10431371,stimulus_Arg_PISACowsMilk_10_page_6,894.8,387.8,1229.0
10431372,stimulus_Arg_PISACowsMilk_10_page_6,895.2,388.0,1230.0
10431373,stimulus_Arg_PISACowsMilk_10_page_6,895.8,388.7,1231.0
10431374,stimulus_Arg_PISACowsMilk_10_page_6,896.5,389.1,1232.0
10431375,stimulus_Arg_PISACowsMilk_10_page_6,897.3,389.3,1232.0
10431376,stimulus_Arg_PISACowsMilk_10_page_6,898.2,389.1,1232.0
10431377,stimulus_Arg_PISACowsMilk_10_page_6,899.0,388.9,1232.0
10431378,stimulus_Arg_PISACowsMilk_10_page_6,899.7,388.9,1231.0
10431379,stimulus_Arg_PISACowsMilk_10_page_6,900.3,388.8,1230.0
10431380,stimulus_Arg_PISACowsMilk_10_page_6,901.3,388.6,1230.0
10431381,stimulus_Arg_PISACowsMilk_10_page_6,901.9,388.3,1230.0
10431382,stimulus_Arg_PISACowsMilk_10_page_6,902.1,388.0,1229.0
10431383,stimulus_Arg_PISACowsMilk_10_page_6,902.3,387.9,1229.0
10431384,stimulus_Arg_PISACowsMilk_10_page_6,902.5,388.0,1229.0
10431385,stimulus_Arg_PISACowsMilk_10_page_6,903.0,388.2,1229.0
10431386,stimulus_Arg_PISACowsMilk_10_page_6,903.3,388.3,1228.0
10431387,stimulus_Arg_PISACowsMilk_10_page_6,903.7,388.4,1228.0
10431388,stimulus_Arg_PISACowsMilk_10_page_6,903.9,388.5,1228.0
10431389,stimulus_Arg_PISACowsMilk_10_page_6,904.1,388.6,1228.0
10431390,stimulus_Arg_PISACowsMilk_10_page_6,904.2,388.7,1228.0
10431391,stimulus_Arg_PISACowsMilk_10_page_6,904.1,388.7,1229.0
10431392,stimulus_Arg_PISACowsMilk_10_page_6,904.0,388.7,1230.0
10431393,stimulus_Arg_PISACowsMilk_10_page_6,904.0,388.7,1230.0
10431394,stimulus_Arg_PISACowsMilk_10_page_6,903.9,388.7,1230.0
10431395,stimulus_Arg_PISACowsMilk_10_page_6,903.8,388.8,1231.0
10431396,stimulus_Arg_PISACowsMilk_10_page_6,903.7,388.9,1231.0
10431397,stimulus_Arg_PISACowsMilk_10_page_6,903.7,388.8,1232.0
10431398,stimulus_Arg_PISACowsMilk_10_page_6,903.8,388.5,1232.0
10431399,stimulus_Arg_PISACowsMilk_10_page_6,903.8,388.4,1233.0
10431400,stimulus_Arg_PISACowsMilk_10_page_6,903.8,388.7,1233.0
10431401,stimulus_Arg_PISACowsMilk_10_page_6,903.8,389.1,1232.0
10431402,stimulus_Arg_PISACowsMilk_10_page_6,903.7,389.2,1231.0
10431403,stimulus_Arg_PISACowsMilk_10_page_6,903.7,389.3,1231.0
10431404,stimulus_Arg_PISACowsMilk_10_page_6,903.7,389.2,1231.0
10431405,stimulus_Arg_PISACowsMilk_10_page_6,903.8,389.1,1230.0
10431406,stimulus_Arg_PISACowsMilk_10_page_6,903.9,388.8,1230.0
10431407,stimulus_Arg_PISACowsMilk_10_page_6,904.0,388.6,1230.0
10431408,stimulus_Arg_PISACowsMilk_10_page_6,904.0,388.2,1230.0
10431409,stimulus_Arg_PISACowsMilk_10_page_6,903.9,388.0,1230.0
10431410,stimulus_Arg_PISACowsMilk_10_page_6,903.9,388.0,1231.0
10431411,stimulus_Arg_PISACowsMilk_10_page_6,903.9,388.3,1231.0
10431412,stimulus_Arg_PISACowsMilk_10_page_6,903.9,388.5,1231.0
10431413,stimulus_Arg_PISACowsMilk_10_page_6,903.6,388.4,1231.0
10431414,stimulus_Arg_PISACowsMilk_10_page_6,903.3,388.2,1230.0
10431415,stimulus_Arg_PISACowsMilk_10_page_6,903.1,388.1,1230.0
10431416,stimulus_Arg_PISACowsMilk_10_page_6,903.2,388.0,1230.0
10431417,stimulus_Arg_PISACowsMilk_10_page_6,903.3,388.0,1230.0
10431418,stimulus_Arg_PISACowsMilk_10_page_6,903.2,388.3,1231.0
10431419,stimulus_Arg_PISACowsMilk_10_page_6,903.2,388.6,1232.0
10431420,stimulus_Arg_PISACowsMilk_10_page_6,903.1,388.8,1232.0
10431421,stimulus_Arg_PISACowsMilk_10_page_6,903.0,388.8,1232.0
10431422,stimulus_Arg_PISACowsMilk_10_page_6,902.9,388.8,1233.0
10431423,stimulus_Arg_PISACowsMilk_10_page_6,903.0,388.8,1233.0
10431424,stimulus_Arg_PISACowsMilk_10_page_6,903.1,389.0,1234.0
10431425,stimulus_Arg_PISACowsMilk_10_page_6,903.4,389.1,1235.0
10431426,stimulus_Arg_PISACowsMilk_10_page_6,903.5,389.3,1234.0
10431427,stimulus_Arg_PISACowsMilk_10_page_6,903.6,389.3,1233.0
10431428,stimulus_Arg_PISACowsMilk_10_page_6,903.6,389.4,1233.0
10431429,stimulus_Arg_PISACowsMilk_10_page_6,903.7,389.6,1233.0
10431430,stimulus_Arg_PISACowsMilk_10_page_6,903.8,389.7,1234.0
10431431,stimulus_Arg_PISACowsMilk_10_page_6,903.9,389.5,1234.0
10431432,stimulus_Arg_PISACowsMilk_10_page_6,903.9,389.3,1234.0
10431433,stimulus_Arg_PISACowsMilk_10_page_6,904.0,389.2,1234.0
10431434,stimulus_Arg_PISACowsMilk_10_page_6,904.0,389.4,1234.0
10431435,stimulus_Arg_PISACowsMilk_10_page_6,903.8,389.2,1234.0
10431436,stimulus_Arg_PISACowsMilk_10_page_6,903.6,389.0,1235.0
10431437,stimulus_Arg_PISACowsMilk_10_page_6,903.4,389.0,1235.0
10431438,stimulus_Arg_PISACowsMilk_10_page_6,903.6,389.6,1235.0
10431439,stimulus_Arg_PISACowsMilk_10_page_6,904.0,390.1,1235.0
10431440,stimulus_Arg_PISACowsMilk_10_page_6,904.3,390.1,1235.0
10431441,stimulus_Arg_PISACowsMilk_10_page_6,904.4,389.8,1236.0
10431442,stimulus_Arg_PISACowsMilk_10_page_6,904.4,389.3,1237.0
10431443,stimulus_Arg_PISACowsMilk_10_page_6,904.4,389.0,1238.0
10431444,stimulus_Arg_PISACowsMilk_10_page_6,904.3,389.1,1238.0
10431445,stimulus_Arg_PISACowsMilk_10_page_6,904.2,389.4,1237.0
10431446,stimulus_Arg_PISACowsMilk_10_page_6,904.1,389.8,1237.0
10431447,stimulus_Arg_PISACowsMilk_10_page_6,904.4,389.8,1237.0
10431448,stimulus_Arg_PISACowsMilk_10_page_6,904.7,389.9,1237.0
10431449,stimulus_Arg_PISACowsMilk_10_page_6,904.8,389.9,1237.0
10431450,stimulus_Arg_PISACowsMilk_10_page_6,904.8,389.6,1237.0
10431451,stimulus_Arg_PISACowsMilk_10_page_6,904.8,389.2,1237.0
10431452,stimulus_Arg_PISACowsMilk_10_page_6,904.9,388.7,1237.0
10431453,stimulus_Arg_PISACowsMilk_10_page_6,904.9,388.7,1238.0
10431454,stimulus_Arg_PISACowsMilk_10_page_6,905.0,388.6,1238.0
10431455,stimulus_Arg_PISACowsMilk_10_page_6,905.0,388.6,1238.0
10431456,stimulus_Arg_PISACowsMilk_10_page_6,904.8,388.6,1237.0
10431457,stimulus_Arg_PISACowsMilk_10_page_6,904.5,388.6,1236.0
10431458,stimulus_Arg_PISACowsMilk_10_page_6,904.2,388.9,1237.0
10431459,stimulus_Arg_PISACowsMilk_10_page_6,904.4,389.3,1239.0
10431460,stimulus_Arg_PISACowsMilk_10_page_6,904.6,389.6,1240.0
10431461,stimulus_Arg_PISACowsMilk_10_page_6,904.7,389.7,1240.0
10431462,stimulus_Arg_PISACowsMilk_10_page_6,904.6,389.6,1241.0
10431463,stimulus_Arg_PISACowsMilk_10_page_6,904.5,389.6,1240.0
10431464,stimulus_Arg_PISACowsMilk_10_page_6,904.3,389.6,1239.0
10431465,stimulus_Arg_PISACowsMilk_10_page_6,904.3,389.8,1238.0
10431466,stimulus_Arg_PISACowsMilk_10_page_6,904.3,390.1,1238.0
10431467,stimulus_Arg_PISACowsMilk_10_page_6,904.3,390.5,1237.0
10431468,stimulus_Arg_PISACowsMilk_10_page_6,904.3,390.5,1238.0
10431469,stimulus_Arg_PISACowsMilk_10_page_6,904.4,390.5,1239.0
10431470,stimulus_Arg_PISACowsMilk_10_page_6,904.5,390.4,1240.0
10431471,stimulus_Arg_PISACowsMilk_10_page_6,904.6,390.4,1241.0
10431472,stimulus_Arg_PISACowsMilk_10_page_6,904.6,390.4,1241.0
10431473,stimulus_Arg_PISACowsMilk_10_page_6,904.6,390.4,1240.0
10431474,stimulus_Arg_PISACowsMilk_10_page_6,904.6,390.2,1240.0
10431475,stimulus_Arg_PISACowsMilk_10_page_6,904.8,390.0,1240.0
10431476,stimulus_Arg_PISACowsMilk_10_page_6,905.0,389.7,1240.0
10431477,stimulus_Arg_PISACowsMilk_10_page_6,905.2,389.5,1240.0
10431478,stimulus_Arg_PISACowsMilk_10_page_6,905.2,389.3,1240.0
10431479,stimulus_Arg_PISACowsMilk_10_page_6,905.2,389.3,1240.0
10431480,stimulus_Arg_PISACowsMilk_10_page_6,905.2,389.4,1240.0
10431481,stimulus_Arg_PISACowsMilk_10_page_6,905.1,389.4,1241.0
10431482,stimulus_Arg_PISACowsMilk_10_page_6,905.1,389.3,1242.0
10431483,stimulus_Arg_PISACowsMilk_10_page_6,905.0,389.3,1242.0
10431484,stimulus_Arg_PISACowsMilk_10_page_6,904.9,389.3,1242.0
10431485,stimulus_Arg_PISACowsMilk_10_page_6,904.9,389.4,1242.0
10431486,stimulus_Arg_PISACowsMilk_10_page_6,905.0,389.5,1241.0
10431487,stimulus_Arg_PISACowsMilk_10_page_6,905.2,389.5,1241.0
10431488,stimulus_Arg_PISACowsMilk_10_page_6,905.4,389.4,1241.0
10431489,stimulus_Arg_PISACowsMilk_10_page_6,905.4,389.4,1242.0
10431490,stimulus_Arg_PISACowsMilk_10_page_6,905.4,389.1,1243.0
10431491,stimulus_Arg_PISACowsMilk_10_page_6,905.5,388.8,1243.0
10431492,stimulus_Arg_PISACowsMilk_10_page_6,905.5,388.5,1243.0
10431493,stimulus_Arg_PISACowsMilk_10_page_6,905.6,388.7,1243.0
10431494,stimulus_Arg_PISACowsMilk_10_page_6,905.5,388.8,1243.0
10431495,stimulus_Arg_PISACowsMilk_10_page_6,905.4,389.3,1243.0
10431496,stimulus_Arg_PISACowsMilk_10_page_6,905.3,389.6,1242.0
10431497,stimulus_Arg_PISACowsMilk_10_page_6,905.4,389.9,1241.0
10431498,stimulus_Arg_PISACowsMilk_10_page_6,905.4,389.9,1242.0
10431499,stimulus_Arg_PISACowsMilk_10_page_6,905.5,390.0,1244.0
10431500,stimulus_Arg_PISACowsMilk_10_page_6,905.5,390.1,1246.0
10431501,stimulus_Arg_PISACowsMilk_10_page_6,905.6,390.6,1246.0
10431502,stimulus_Arg_PISACowsMilk_10_page_6,905.7,391.0,1247.0
10431503,stimulus_Arg_PISACowsMilk_10_page_6,905.6,391.5,1246.0
10431504,stimulus_Arg_PISACowsMilk_10_page_6,905.3,391.7,1245.0
10431505,stimulus_Arg_PISACowsMilk_10_page_6,905.1,391.8,1244.0
10431506,stimulus_Arg_PISACowsMilk_10_page_6,905.0,391.9,1244.0
10431507,stimulus_Arg_PISACowsMilk_10_page_6,905.1,392.0,1244.0
10431508,stimulus_Arg_PISACowsMilk_10_page_6,905.2,392.0,1245.0
10431509,stimulus_Arg_PISACowsMilk_10_page_6,905.3,392.0,1245.0
10431510,stimulus_Arg_PISACowsMilk_10_page_6,905.6,391.9,1246.0
10431511,stimulus_Arg_PISACowsMilk_10_page_6,905.9,391.7,1246.0
10431512,stimulus_Arg_PISACowsMilk_10_page_6,906.2,391.7,1246.0
10431513,stimulus_Arg_PISACowsMilk_10_page_6,906.3,391.5,1247.0
10431514,stimulus_Arg_PISACowsMilk_10_page_6,906.1,391.2,1247.0
10431515,stimulus_Arg_PISACowsMilk_10_page_6,905.9,390.8,1247.0
10431516,stimulus_Arg_PISACowsMilk_10_page_6,905.7,390.8,1247.0
10431517,stimulus_Arg_PISACowsMilk_10_page_6,905.5,390.8,1247.0
10431518,stimulus_Arg_PISACowsMilk_10_page_6,905.3,390.9,1247.0
10431519,stimulus_Arg_PISACowsMilk_10_page_6,904.9,391.2,1247.0
10431520,stimulus_Arg_PISACowsMilk_10_page_6,904.7,391.5,1246.0
10431521,stimulus_Arg_PISACowsMilk_10_page_6,904.5,391.4,1247.0
10431522,stimulus_Arg_PISACowsMilk_10_page_6,904.5,391.0,1248.0
10431523,stimulus_Arg_PISACowsMilk_10_page_6,904.6,390.6,1249.0
10431524,stimulus_Arg_PISACowsMilk_10_page_6,904.8,390.6,1248.0
10431525,stimulus_Arg_PISACowsMilk_10_page_6,904.8,390.6,1248.0
10431526,stimulus_Arg_PISACowsMilk_10_page_6,904.8,390.7,1248.0
10431527,stimulus_Arg_PISACowsMilk_10_page_6,904.6,390.7,1249.0
10431528,stimulus_Arg_PISACowsMilk_10_page_6,904.4,390.8,1249.0
10431529,stimulus_Arg_PISACowsMilk_10_page_6,904.4,390.9,1249.0
10431530,stimulus_Arg_PISACowsMilk_10_page_6,904.5,390.9,1250.0
10431531,stimulus_Arg_PISACowsMilk_10_page_6,904.3,390.4,1251.0
10431532,stimulus_Arg_PISACowsMilk_10_page_6,904.1,390.0,1253.0
10431533,stimulus_Arg_PISACowsMilk_10_page_6,903.9,389.7,1253.0
10431534,stimulus_Arg_PISACowsMilk_10_page_6,903.9,389.7,1252.0
10431535,stimulus_Arg_PISACowsMilk_10_page_6,903.9,389.8,1251.0
10431536,stimulus_Arg_PISACowsMilk_10_page_6,903.9,389.6,1250.0
10431537,stimulus_Arg_PISACowsMilk_10_page_6,903.8,389.4,1250.0
10431538,stimulus_Arg_PISACowsMilk_10_page_6,903.8,389.2,1250.0
10431539,stimulus_Arg_PISACowsMilk_10_page_6,903.8,389.3,1249.0
10431540,stimulus_Arg_PISACowsMilk_10_page_6,903.8,389.5,1249.0
10431541,stimulus_Arg_PISACowsMilk_10_page_6,903.8,389.7,1249.0
10431542,stimulus_Arg_PISACowsMilk_10_page_6,903.7,389.8,1249.0
10431543,stimulus_Arg_PISACowsMilk_10_page_6,903.6,390.0,1249.0
10431544,stimulus_Arg_PISACowsMilk_10_page_6,903.6,390.0,1248.0
10431545,stimulus_Arg_PISACowsMilk_10_page_6,903.8,389.8,1247.0
10431546,stimulus_Arg_PISACowsMilk_10_page_6,903.8,389.5,1246.0
10431547,stimulus_Arg_PISACowsMilk_10_page_6,903.8,389.3,1245.0
10431548,stimulus_Arg_PISACowsMilk_10_page_6,903.7,389.2,1244.0
10431549,stimulus_Arg_PISACowsMilk_10_page_6,903.9,389.2,1244.0
10431550,stimulus_Arg_PISACowsMilk_10_page_6,904.0,389.4,1245.0
10431551,stimulus_Arg_PISACowsMilk_10_page_6,904.1,389.5,1245.0
10431552,stimulus_Arg_PISACowsMilk_10_page_6,904.1,389.6,1246.0
10431553,stimulus_Arg_PISACowsMilk_10_page_6,904.1,389.4,1246.0
10431554,stimulus_Arg_PISACowsMilk_10_page_6,904.1,389.2,1247.0
10431555,stimulus_Arg_PISACowsMilk_10_page_6,903.9,389.1,1248.0
10431556,stimulus_Arg_PISACowsMilk_10_page_6,903.7,389.0,1249.0
10431557,stimulus_Arg_PISACowsMilk_10_page_6,903.5,389.0,1250.0
10431558,stimulus_Arg_PISACowsMilk_10_page_6,903.6,389.0,1250.0
10431559,stimulus_Arg_PISACowsMilk_10_page_6,903.8,388.9,1251.0
10431560,stimulus_Arg_PISACowsMilk_10_page_6,904.1,388.8,1251.0
10431561,stimulus_Arg_PISACowsMilk_10_page_6,904.3,388.9,1251.0
10431562,stimulus_Arg_PISACowsMilk_10_page_6,904.4,389.1,1250.0
10431563,stimulus_Arg_PISACowsMilk_10_page_6,904.3,389.2,1250.0
10431564,stimulus_Arg_PISACowsMilk_10_page_6,904.2,389.3,1251.0
10431565,stimulus_Arg_PISACowsMilk_10_page_6,904.1,389.4,1252.0
10431566,stimulus_Arg_PISACowsMilk_10_page_6,904.1,389.4,1252.0
10431567,stimulus_Arg_PISACowsMilk_10_page_6,904.0,389.4,1249.0
10431568,stimulus_Arg_PISACowsMilk_10_page_6,903.9,389.6,1246.0
10431569,stimulus_Arg_PISACowsMilk_10_page_6,903.8,389.8,1245.0
10431570,stimulus_Arg_PISACowsMilk_10_page_6,903.8,389.9,1247.0
10431571,stimulus_Arg_PISACowsMilk_10_page_6,903.9,390.2,1249.0
10431572,stimulus_Arg_PISACowsMilk_10_page_6,904.0,390.4,1250.0
10431573,stimulus_Arg_PISACowsMilk_10_page_6,904.1,390.6,1251.0
10431574,stimulus_Arg_PISACowsMilk_10_page_6,904.0,390.6,1251.0
10431575,stimulus_Arg_PISACowsMilk_10_page_6,904.0,390.6,1252.0
10431576,stimulus_Arg_PISACowsMilk_10_page_6,904.0,390.6,1252.0
10431577,stimulus_Arg_PISACowsMilk_10_page_6,904.0,390.4,1252.0
10431578,stimulus_Arg_PISACowsMilk_10_page_6,904.0,390.1,1252.0
10431579,stimulus_Arg_PISACowsMilk_10_page_6,904.0,389.8,1252.0
10431580,stimulus_Arg_PISACowsMilk_10_page_6,904.0,389.6,1252.0
10431581,stimulus_Arg_PISACowsMilk_10_page_6,904.1,389.7,1252.0
10431582,stimulus_Arg_PISACowsMilk_10_page_6,904.3,389.8,1252.0
10431583,stimulus_Arg_PISACowsMilk_10_page_6,904.5,389.9,1252.0
10431584,stimulus_Arg_PISACowsMilk_10_page_6,904.6,390.1,1250.0
10431585,stimulus_Arg_PISACowsMilk_10_page_6,904.6,390.5,1249.0
10431586,stimulus_Arg_PISACowsMilk_10_page_6,904.5,390.9,1249.0
10431587,stimulus_Arg_PISACowsMilk_10_page_6,904.4,391.2,1249.0
10431588,stimulus_Arg_PISACowsMilk_10_page_6,904.3,391.3,1251.0
10431589,stimulus_Arg_PISACowsMilk_10_page_6,904.4,391.2,1252.0
10431590,stimulus_Arg_PISACowsMilk_10_page_6,904.3,391.2,1253.0
10431591,stimulus_Arg_PISACowsMilk_10_page_6,904.2,391.5,1253.0
10431592,stimulus_Arg_PISACowsMilk_10_page_6,904.5,391.7,1253.0
10431593,stimulus_Arg_PISACowsMilk_10_page_6,904.9,392.0,1253.0
10431594,stimulus_Arg_PISACowsMilk_10_page_6,905.4,392.0,1252.0
10431595,stimulus_Arg_PISACowsMilk_10_page_6,905.6,392.2,1251.0
10431596,stimulus_Arg_PISACowsMilk_10_page_6,905.6,392.2,1249.0
10431597,stimulus_Arg_PISACowsMilk_10_page_6,904.9,392.2,1248.0
10431598,stimulus_Arg_PISACowsMilk_10_page_6,903.8,391.5,1247.0
10431599,stimulus_Arg_PISACowsMilk_10_page_6,902.2,390.6,1247.0
10431600,stimulus_Arg_PISACowsMilk_10_page_6,899.8,389.7,1247.0
10431601,stimulus_Arg_PISACowsMilk_10_page_6,896.1,389.2,1247.0
10431602,stimulus_Arg_PISACowsMilk_10_page_6,891.5,388.8,1247.0
10431603,stimulus_Arg_PISACowsMilk_10_page_6,885.9,388.6,1246.0
10431604,stimulus_Arg_PISACowsMilk_10_page_6,879.7,388.5,1246.0
10431605,stimulus_Arg_PISACowsMilk_10_page_6,873.8,388.9,1248.0
10431606,stimulus_Arg_PISACowsMilk_10_page_6,868.8,389.9,1250.0
10431607,stimulus_Arg_PISACowsMilk_10_page_6,864.6,390.9,1251.0
10431608,stimulus_Arg_PISACowsMilk_10_page_6,859.8,391.3,1251.0
10431609,stimulus_Arg_PISACowsMilk_10_page_6,855.4,391.1,1253.0
10431610,stimulus_Arg_PISACowsMilk_10_page_6,851.6,390.9,1255.0
10431611,stimulus_Arg_PISACowsMilk_10_page_6,849.6,391.5,1257.0
10431612,stimulus_Arg_PISACowsMilk_10_page_6,848.8,392.1,1257.0
10431613,stimulus_Arg_PISACowsMilk_10_page_6,848.7,393.2,1256.0
10431614,stimulus_Arg_PISACowsMilk_10_page_6,848.9,393.7,1257.0
10431615,stimulus_Arg_PISACowsMilk_10_page_6,849.5,394.2,1257.0
10431616,stimulus_Arg_PISACowsMilk_10_page_6,850.9,394.4,1258.0
10431617,stimulus_Arg_PISACowsMilk_10_page_6,852.6,394.4,1260.0
10431618,stimulus_Arg_PISACowsMilk_10_page_6,854.4,394.2,1261.0
10431619,stimulus_Arg_PISACowsMilk_10_page_6,856.0,393.9,1262.0
10431620,stimulus_Arg_PISACowsMilk_10_page_6,857.6,393.6,1263.0
10431621,stimulus_Arg_PISACowsMilk_10_page_6,858.9,393.3,1265.0
10431622,stimulus_Arg_PISACowsMilk_10_page_6,860.2,393.1,1266.0
10431623,stimulus_Arg_PISACowsMilk_10_page_6,861.4,393.0,1266.0
10431624,stimulus_Arg_PISACowsMilk_10_page_6,862.4,392.7,1266.0
10431625,stimulus_Arg_PISACowsMilk_10_page_6,863.0,392.4,1266.0
10431626,stimulus_Arg_PISACowsMilk_10_page_6,863.4,392.1,1266.0
10431627,stimulus_Arg_PISACowsMilk_10_page_6,863.6,392.0,1266.0
10431628,stimulus_Arg_PISACowsMilk_10_page_6,863.5,391.9,1266.0
10431629,stimulus_Arg_PISACowsMilk_10_page_6,863.2,391.5,1266.0
10431630,stimulus_Arg_PISACowsMilk_10_page_6,862.9,391.1,1265.0
10431631,stimulus_Arg_PISACowsMilk_10_page_6,862.7,390.8,1264.0
10431632,stimulus_Arg_PISACowsMilk_10_page_6,862.8,390.9,1262.0
10431633,stimulus_Arg_PISACowsMilk_10_page_6,862.4,390.9,1260.0
10431634,stimulus_Arg_PISACowsMilk_10_page_6,862.1,390.9,1258.0
10431635,stimulus_Arg_PISACowsMilk_10_page_6,861.6,391.0,1256.0
10431636,stimulus_Arg_PISACowsMilk_10_page_6,861.5,391.5,1255.0
10431637,stimulus_Arg_PISACowsMilk_10_page_6,861.2,391.9,1255.0
10431638,stimulus_Arg_PISACowsMilk_10_page_6,861.1,392.2,1255.0
10431639,stimulus_Arg_PISACowsMilk_10_page_6,861.1,392.5,1256.0
10431640,stimulus_Arg_PISACowsMilk_10_page_6,861.2,392.8,1257.0
10431641,stimulus_Arg_PISACowsMilk_10_page_6,861.0,393.1,1258.0
10431642,stimulus_Arg_PISACowsMilk_10_page_6,860.9,393.2,1258.0
10431643,stimulus_Arg_PISACowsMilk_10_page_6,860.8,392.8,1258.0
10431644,stimulus_Arg_PISACowsMilk_10_page_6,860.6,392.1,1256.0
10431645,stimulus_Arg_PISACowsMilk_10_page_6,860.4,391.4,1255.0
10431646,stimulus_Arg_PISACowsMilk_10_page_6,860.2,391.6,1256.0
10431647,stimulus_Arg_PISACowsMilk_10_page_6,860.1,391.9,1256.0
10431648,stimulus_Arg_PISACowsMilk_10_page_6,860.1,392.3,1257.0
10431649,stimulus_Arg_PISACowsMilk_10_page_6,860.1,392.2,1258.0
10431650,stimulus_Arg_PISACowsMilk_10_page_6,860.1,392.1,1258.0
10431651,stimulus_Arg_PISACowsMilk_10_page_6,860.0,391.9,1258.0
10431652,stimulus_Arg_PISACowsMilk_10_page_6,859.8,391.7,1258.0
10431653,stimulus_Arg_PISACowsMilk_10_page_6,859.9,391.7,1258.0
10431654,stimulus_Arg_PISACowsMilk_10_page_6,860.1,391.9,1258.0
10431655,stimulus_Arg_PISACowsMilk_10_page_6,860.2,392.0,1258.0
10431656,stimulus_Arg_PISACowsMilk_10_page_6,860.3,392.0,1258.0
10431657,stimulus_Arg_PISACowsMilk_10_page_6,860.3,391.9,1259.0
10431658,stimulus_Arg_PISACowsMilk_10_page_6,860.2,391.9,1260.0
10431659,stimulus_Arg_PISACowsMilk_10_page_6,860.1,391.9,1259.0
10431660,stimulus_Arg_PISACowsMilk_10_page_6,860.1,391.9,1259.0
10431661,stimulus_Arg_PISACowsMilk_10_page_6,860.1,391.9,1259.0
10431662,stimulus_Arg_PISACowsMilk_10_page_6,860.2,391.8,1259.0
10431663,stimulus_Arg_PISACowsMilk_10_page_6,860.4,391.7,1259.0
10431664,stimulus_Arg_PISACowsMilk_10_page_6,860.4,391.9,1259.0
10431665,stimulus_Arg_PISACowsMilk_10_page_6,860.3,392.1,1260.0
10431666,stimulus_Arg_PISACowsMilk_10_page_6,860.2,392.4,1261.0
10431667,stimulus_Arg_PISACowsMilk_10_page_6,860.1,392.1,1262.0
10431668,stimulus_Arg_PISACowsMilk_10_page_6,860.0,391.8,1261.0
10431669,stimulus_Arg_PISACowsMilk_10_page_6,859.9,391.6,1259.0
10431670,stimulus_Arg_PISACowsMilk_10_page_6,859.8,391.7,1258.0
10431671,stimulus_Arg_PISACowsMilk_10_page_6,859.8,391.8,1259.0
10431672,stimulus_Arg_PISACowsMilk_10_page_6,859.9,391.8,1260.0
10431673,stimulus_Arg_PISACowsMilk_10_page_6,860.0,391.9,1261.0
10431674,stimulus_Arg_PISACowsMilk_10_page_6,860.0,392.2,1262.0
10431675,stimulus_Arg_PISACowsMilk_10_page_6,860.0,392.4,1262.0
10431676,stimulus_Arg_PISACowsMilk_10_page_6,860.1,392.6,1262.0
10431677,stimulus_Arg_PISACowsMilk_10_page_6,860.2,392.6,1262.0
10431678,stimulus_Arg_PISACowsMilk_10_page_6,860.4,392.5,1262.0
10431679,stimulus_Arg_PISACowsMilk_10_page_6,860.4,392.5,1262.0
10431680,stimulus_Arg_PISACowsMilk_10_page_6,860.4,392.4,1261.0
10431681,stimulus_Arg_PISACowsMilk_10_page_6,860.3,392.5,1260.0
10431682,stimulus_Arg_PISACowsMilk_10_page_6,860.3,392.5,1260.0
10431683,stimulus_Arg_PISACowsMilk_10_page_6,860.2,392.5,1260.0
10431684,stimulus_Arg_PISACowsMilk_10_page_6,860.2,392.3,1260.0
10431685,stimulus_Arg_PISACowsMilk_10_page_6,860.2,392.3,1261.0
10431686,stimulus_Arg_PISACowsMilk_10_page_6,860.1,392.4,1260.0
10431687,stimulus_Arg_PISACowsMilk_10_page_6,860.1,392.6,1260.0
10431688,stimulus_Arg_PISACowsMilk_10_page_6,860.1,392.8,1260.0
10431689,stimulus_Arg_PISACowsMilk_10_page_6,860.2,392.9,1260.0
10431690,stimulus_Arg_PISACowsMilk_10_page_6,860.2,393.0,1261.0
10431691,stimulus_Arg_PISACowsMilk_10_page_6,860.1,393.1,1262.0
10431692,stimulus_Arg_PISACowsMilk_10_page_6,860.1,393.1,1262.0
10431693,stimulus_Arg_PISACowsMilk_10_page_6,859.8,393.0,1261.0
10431694,stimulus_Arg_PISACowsMilk_10_page_6,859.6,392.8,1261.0
10431695,stimulus_Arg_PISACowsMilk_10_page_6,859.5,392.7,1260.0
10431696,stimulus_Arg_PISACowsMilk_10_page_6,859.5,392.6,1260.0
10431697,stimulus_Arg_PISACowsMilk_10_page_6,859.4,392.6,1259.0
10431698,stimulus_Arg_PISACowsMilk_10_page_6,859.3,392.6,1259.0
10431699,stimulus_Arg_PISACowsMilk_10_page_6,859.0,392.6,1258.0
10431700,stimulus_Arg_PISACowsMilk_10_page_6,858.8,392.6,1258.0
10431701,stimulus_Arg_PISACowsMilk_10_page_6,858.9,392.7,1259.0
10431702,stimulus_Arg_PISACowsMilk_10_page_6,859.1,392.9,1260.0
10431703,stimulus_Arg_PISACowsMilk_10_page_6,859.3,393.1,1260.0
10431704,stimulus_Arg_PISACowsMilk_10_page_6,859.4,393.1,1260.0
10431705,stimulus_Arg_PISACowsMilk_10_page_6,859.4,393.5,1261.0
10431706,stimulus_Arg_PISACowsMilk_10_page_6,859.8,393.9,1261.0
10431707,stimulus_Arg_PISACowsMilk_10_page_6,860.2,394.2,1262.0
10431708,stimulus_Arg_PISACowsMilk_10_page_6,860.4,394.1,1261.0
10431709,stimulus_Arg_PISACowsMilk_10_page_6,860.3,394.3,1261.0
10431710,stimulus_Arg_PISACowsMilk_10_page_6,860.2,394.6,1260.0
10431711,stimulus_Arg_PISACowsMilk_10_page_6,860.1,394.7,1260.0
10431712,stimulus_Arg_PISACowsMilk_10_page_6,859.8,394.4,1261.0
10431713,stimulus_Arg_PISACowsMilk_10_page_6,859.5,394.1,1262.0
10431714,stimulus_Arg_PISACowsMilk_10_page_6,859.3,394.0,1260.0
10431715,stimulus_Arg_PISACowsMilk_10_page_6,859.3,393.9,1258.0
10431716,stimulus_Arg_PISACowsMilk_10_page_6,859.5,393.7,1255.0
10431717,stimulus_Arg_PISACowsMilk_10_page_6,859.7,393.6,1256.0
10431718,stimulus_Arg_PISACowsMilk_10_page_6,859.8,393.5,1257.0
10431719,stimulus_Arg_PISACowsMilk_10_page_6,859.8,393.5,1258.0
10431720,stimulus_Arg_PISACowsMilk_10_page_6,859.9,393.7,1259.0
10431721,stimulus_Arg_PISACowsMilk_10_page_6,860.0,393.8,1259.0
10431722,stimulus_Arg_PISACowsMilk_10_page_6,860.1,394.0,1260.0
10431723,stimulus_Arg_PISACowsMilk_10_page_6,860.1,394.1,1261.0
10431724,stimulus_Arg_PISACowsMilk_10_page_6,860.1,394.0,1260.0
10431725,stimulus_Arg_PISACowsMilk_10_page_6,860.1,394.0,1260.0
10431726,stimulus_Arg_PISACowsMilk_10_page_6,860.1,394.0,1260.0
10431727,stimulus_Arg_PISACowsMilk_10_page_6,860.1,394.1,1261.0
10431728,stimulus_Arg_PISACowsMilk_10_page_6,859.9,394.2,1262.0
10431729,stimulus_Arg_PISACowsMilk_10_page_6,859.7,394.3,1264.0
10431730,stimulus_Arg_PISACowsMilk_10_page_6,859.7,394.1,1264.0
10431731,stimulus_Arg_PISACowsMilk_10_page_6,860.0,394.0,1263.0
10431732,stimulus_Arg_PISACowsMilk_10_page_6,860.1,393.9,1263.0
10431733,stimulus_Arg_PISACowsMilk_10_page_6,860.0,393.7,1262.0
10431734,stimulus_Arg_PISACowsMilk_10_page_6,859.8,393.6,1262.0
10431735,stimulus_Arg_PISACowsMilk_10_page_6,859.8,393.4,1262.0
10431736,stimulus_Arg_PISACowsMilk_10_page_6,859.8,393.4,1262.0
10431737,stimulus_Arg_PISACowsMilk_10_page_6,859.8,393.5,1263.0
10431738,stimulus_Arg_PISACowsMilk_10_page_6,859.8,393.6,1263.0
10431739,stimulus_Arg_PISACowsMilk_10_page_6,859.8,393.5,1264.0
10431740,stimulus_Arg_PISACowsMilk_10_page_6,859.7,393.3,1264.0
10431741,stimulus_Arg_PISACowsMilk_10_page_6,859.6,393.1,1264.0
10431742,stimulus_Arg_PISACowsMilk_10_page_6,859.5,392.9,1264.0
10431743,stimulus_Arg_PISACowsMilk_10_page_6,859.5,392.7,1264.0
10431744,stimulus_Arg_PISACowsMilk_10_page_6,859.6,392.4,1263.0
10431745,stimulus_Arg_PISACowsMilk_10_page_6,859.7,392.2,1263.0
10431746,stimulus_Arg_PISACowsMilk_10_page_6,859.7,392.4,1262.0
10431747,stimulus_Arg_PISACowsMilk_10_page_6,859.6,392.7,1262.0
10431748,stimulus_Arg_PISACowsMilk_10_page_6,859.4,393.0,1262.0
10431749,stimulus_Arg_PISACowsMilk_10_page_6,859.8,393.1,1263.0
10431750,stimulus_Arg_PISACowsMilk_10_page_6,860.3,393.2,1264.0
10431751,stimulus_Arg_PISACowsMilk_10_page_6,860.5,393.3,1263.0
10431752,stimulus_Arg_PISACowsMilk_10_page_6,860.4,393.3,1264.0
10431753,stimulus_Arg_PISACowsMilk_10_page_6,860.3,393.3,1264.0
10431754,stimulus_Arg_PISACowsMilk_10_page_6,860.2,393.1,1264.0
10431755,stimulus_Arg_PISACowsMilk_10_page_6,860.2,392.8,1265.0
10431756,stimulus_Arg_PISACowsMilk_10_page_6,860.2,392.8,1265.0
10431757,stimulus_Arg_PISACowsMilk_10_page_6,860.2,393.1,1266.0
10431758,stimulus_Arg_PISACowsMilk_10_page_6,860.2,393.4,1266.0
10431759,stimulus_Arg_PISACowsMilk_10_page_6,860.1,393.4,1266.0
10431760,stimulus_Arg_PISACowsMilk_10_page_6,859.8,393.3,1266.0
10431761,stimulus_Arg_PISACowsMilk_10_page_6,859.5,393.1,1266.0
10431762,stimulus_Arg_PISACowsMilk_10_page_6,859.5,392.9,1266.0
10431763,stimulus_Arg_PISACowsMilk_10_page_6,859.6,392.8,1266.0
10431764,stimulus_Arg_PISACowsMilk_10_page_6,859.7,392.6,1267.0
10431765,stimulus_Arg_PISACowsMilk_10_page_6,859.8,392.7,1267.0
10431766,stimulus_Arg_PISACowsMilk_10_page_6,859.8,392.9,1267.0
10431767,stimulus_Arg_PISACowsMilk_10_page_6,859.9,392.9,1268.0
10431768,stimulus_Arg_PISACowsMilk_10_page_6,860.1,392.6,1269.0
10431769,stimulus_Arg_PISACowsMilk_10_page_6,860.2,392.3,1269.0
10431770,stimulus_Arg_PISACowsMilk_10_page_6,860.3,392.5,1268.0
10431771,stimulus_Arg_PISACowsMilk_10_page_6,860.2,392.6,1268.0
10431772,stimulus_Arg_PISACowsMilk_10_page_6,860.2,392.7,1267.0
10431773,stimulus_Arg_PISACowsMilk_10_page_6,860.3,392.8,1266.0
10431774,stimulus_Arg_PISACowsMilk_10_page_6,860.4,393.0,1265.0
10431775,stimulus_Arg_PISACowsMilk_10_page_6,860.5,393.2,1265.0
10431776,stimulus_Arg_PISACowsMilk_10_page_6,860.2,393.3,1265.0
10431777,stimulus_Arg_PISACowsMilk_10_page_6,859.7,393.2,1265.0
10431778,stimulus_Arg_PISACowsMilk_10_page_6,859.3,393.1,1265.0
10431779,stimulus_Arg_PISACowsMilk_10_page_6,859.4,393.1,1265.0
10431780,stimulus_Arg_PISACowsMilk_10_page_6,859.6,393.4,1264.0
10431781,stimulus_Arg_PISACowsMilk_10_page_6,859.8,393.6,1265.0
10431782,stimulus_Arg_PISACowsMilk_10_page_6,859.8,393.9,1265.0
10431783,stimulus_Arg_PISACowsMilk_10_page_6,859.9,394.0,1266.0
10431784,stimulus_Arg_PISACowsMilk_10_page_6,860.1,394.1,1266.0
10431785,stimulus_Arg_PISACowsMilk_10_page_6,860.3,394.2,1266.0
10431786,stimulus_Arg_PISACowsMilk_10_page_6,860.4,394.2,1266.0
10431787,stimulus_Arg_PISACowsMilk_10_page_6,860.4,394.2,1266.0
10431788,stimulus_Arg_PISACowsMilk_10_page_6,860.4,394.0,1265.0
10431789,stimulus_Arg_PISACowsMilk_10_page_6,860.5,393.7,1265.0
10431790,stimulus_Arg_PISACowsMilk_10_page_6,860.5,393.5,1265.0
10431791,stimulus_Arg_PISACowsMilk_10_page_6,860.4,393.5,1264.0
10431792,stimulus_Arg_PISACowsMilk_10_page_6,860.3,393.6,1265.0
10431793,stimulus_Arg_PISACowsMilk_10_page_6,860.3,393.6,1267.0
10431794,stimulus_Arg_PISACowsMilk_10_page_6,860.3,393.7,1268.0
10431795,stimulus_Arg_PISACowsMilk_10_page_6,860.4,393.7,1268.0
10431796,stimulus_Arg_PISACowsMilk_10_page_6,860.4,393.6,1269.0
10431797,stimulus_Arg_PISACowsMilk_10_page_6,860.4,393.7,1269.0
10431798,stimulus_Arg_PISACowsMilk_10_page_6,860.4,393.7,1268.0
10431799,stimulus_Arg_PISACowsMilk_10_page_6,860.2,393.7,1267.0
10431800,stimulus_Arg_PISACowsMilk_10_page_6,860.0,393.7,1266.0
10431801,stimulus_Arg_PISACowsMilk_10_page_6,859.8,393.8,1266.0
10431802,stimulus_Arg_PISACowsMilk_10_page_6,859.9,393.8,1266.0
10431803,stimulus_Arg_PISACowsMilk_10_page_6,860.0,393.9,1267.0
10431804,stimulus_Arg_PISACowsMilk_10_page_6,860.6,393.9,1268.0
10431805,stimulus_Arg_PISACowsMilk_10_page_6,861.1,393.8,1269.0
10431806,stimulus_Arg_PISACowsMilk_10_page_6,861.3,393.8,1270.0
10431807,stimulus_Arg_PISACowsMilk_10_page_6,861.1,393.8,1270.0
10431808,stimulus_Arg_PISACowsMilk_10_page_6,860.9,393.8,1270.0
10431809,stimulus_Arg_PISACowsMilk_10_page_6,860.9,393.8,1269.0
10431810,stimulus_Arg_PISACowsMilk_10_page_6,861.0,393.8,1269.0
10431811,stimulus_Arg_PISACowsMilk_10_page_6,861.0,393.9,1269.0
10431812,stimulus_Arg_PISACowsMilk_10_page_6,861.1,394.0,1269.0
10431813,stimulus_Arg_PISACowsMilk_10_page_6,861.1,394.1,1270.0
10431814,stimulus_Arg_PISACowsMilk_10_page_6,861.1,394.1,1271.0
10431815,stimulus_Arg_PISACowsMilk_10_page_6,861.0,394.2,1270.0
10431816,stimulus_Arg_PISACowsMilk_10_page_6,860.9,394.0,1268.0
10431817,stimulus_Arg_PISACowsMilk_10_page_6,860.8,393.6,1266.0
10431818,stimulus_Arg_PISACowsMilk_10_page_6,860.9,393.1,1266.0
10431819,stimulus_Arg_PISACowsMilk_10_page_6,861.2,393.0,1267.0
10431820,stimulus_Arg_PISACowsMilk_10_page_6,861.6,393.2,1268.0
10431821,stimulus_Arg_PISACowsMilk_10_page_6,861.7,393.3,1268.0
10431822,stimulus_Arg_PISACowsMilk_10_page_6,861.8,393.3,1268.0
10431823,stimulus_Arg_PISACowsMilk_10_page_6,861.8,393.3,1268.0
10431824,stimulus_Arg_PISACowsMilk_10_page_6,861.7,393.3,1268.0
10431825,stimulus_Arg_PISACowsMilk_10_page_6,861.6,393.4,1267.0
10431826,stimulus_Arg_PISACowsMilk_10_page_6,861.5,393.4,1267.0
10431827,stimulus_Arg_PISACowsMilk_10_page_6,861.4,393.2,1268.0
10431828,stimulus_Arg_PISACowsMilk_10_page_6,861.4,393.1,1268.0
10431829,stimulus_Arg_PISACowsMilk_10_page_6,861.4,393.0,1267.0
10431830,stimulus_Arg_PISACowsMilk_10_page_6,861.3,393.0,1266.0
10431831,stimulus_Arg_PISACowsMilk_10_page_6,861.0,392.9,1266.0
10431832,stimulus_Arg_PISACowsMilk_10_page_6,860.6,392.8,1266.0
10431833,stimulus_Arg_PISACowsMilk_10_page_6,860.5,392.7,1267.0
10431834,stimulus_Arg_PISACowsMilk_10_page_6,860.7,392.6,1267.0
10431835,stimulus_Arg_PISACowsMilk_10_page_6,860.8,392.6,1268.0
10431836,stimulus_Arg_PISACowsMilk_10_page_6,860.6,392.7,1268.0
10431837,stimulus_Arg_PISACowsMilk_10_page_6,860.5,393.0,1268.0
10431838,stimulus_Arg_PISACowsMilk_10_page_6,860.5,393.3,1268.0
10431839,stimulus_Arg_PISACowsMilk_10_page_6,860.5,393.7,1268.0
10431840,stimulus_Arg_PISACowsMilk_10_page_6,860.5,393.8,1267.0
10431841,stimulus_Arg_PISACowsMilk_10_page_6,860.7,393.9,1268.0
10431842,stimulus_Arg_PISACowsMilk_10_page_6,860.9,394.0,1268.0
10431843,stimulus_Arg_PISACowsMilk_10_page_6,861.5,394.0,1268.0
10431844,stimulus_Arg_PISACowsMilk_10_page_6,862.4,394.1,1266.0
10431845,stimulus_Arg_PISACowsMilk_10_page_6,865.2,394.1,1265.0
10431846,stimulus_Arg_PISACowsMilk_10_page_6,868.5,394.2,1267.0
10431847,stimulus_Arg_PISACowsMilk_10_page_6,872.5,394.8,1269.0
10431848,stimulus_Arg_PISACowsMilk_10_page_6,875.9,395.9,1271.0
10431849,stimulus_Arg_PISACowsMilk_10_page_6,880.0,397.1,1271.0
10431850,stimulus_Arg_PISACowsMilk_10_page_6,886.2,397.2,1271.0
10431851,stimulus_Arg_PISACowsMilk_10_page_6,892.6,397.0,1272.0
10431852,stimulus_Arg_PISACowsMilk_10_page_6,899.8,396.8,1271.0
10431853,stimulus_Arg_PISACowsMilk_10_page_6,906.6,397.1,1269.0
10431854,stimulus_Arg_PISACowsMilk_10_page_6,913.9,396.7,1268.0
10431855,stimulus_Arg_PISACowsMilk_10_page_6,920.3,396.2,1268.0
10431856,stimulus_Arg_PISACowsMilk_10_page_6,925.6,395.7,1269.0
10431857,stimulus_Arg_PISACowsMilk_10_page_6,929.3,395.8,1269.0
10431858,stimulus_Arg_PISACowsMilk_10_page_6,932.3,395.5,1267.0
10431859,stimulus_Arg_PISACowsMilk_10_page_6,933.6,395.1,1266.0
10431860,stimulus_Arg_PISACowsMilk_10_page_6,934.2,394.6,1265.0
10431861,stimulus_Arg_PISACowsMilk_10_page_6,933.9,394.2,1263.0
10431862,stimulus_Arg_PISACowsMilk_10_page_6,932.6,393.7,1262.0
10431863,stimulus_Arg_PISACowsMilk_10_page_6,930.5,393.4,1261.0
10431864,stimulus_Arg_PISACowsMilk_10_page_6,927.5,393.4,1261.0
10431865,stimulus_Arg_PISACowsMilk_10_page_6,924.8,393.2,1260.0
10431866,stimulus_Arg_PISACowsMilk_10_page_6,921.9,393.1,1259.0
10431867,stimulus_Arg_PISACowsMilk_10_page_6,919.3,393.1,1257.0
10431868,stimulus_Arg_PISACowsMilk_10_page_6,916.8,393.5,1257.0
10431869,stimulus_Arg_PISACowsMilk_10_page_6,915.4,394.2,1257.0
10431870,stimulus_Arg_PISACowsMilk_10_page_6,914.3,394.7,1259.0
10431871,stimulus_Arg_PISACowsMilk_10_page_6,913.8,395.0,1260.0
10431872,stimulus_Arg_PISACowsMilk_10_page_6,913.3,395.1,1260.0
10431873,stimulus_Arg_PISACowsMilk_10_page_6,913.0,395.2,1260.0
10431874,stimulus_Arg_PISACowsMilk_10_page_6,912.9,395.2,1259.0
10431875,stimulus_Arg_PISACowsMilk_10_page_6,912.8,395.0,1259.0
10431876,stimulus_Arg_PISACowsMilk_10_page_6,912.8,394.8,1259.0
10431877,stimulus_Arg_PISACowsMilk_10_page_6,913.1,394.6,1259.0
10431878,stimulus_Arg_PISACowsMilk_10_page_6,913.6,394.5,1259.0
10431879,stimulus_Arg_PISACowsMilk_10_page_6,914.2,394.4,1259.0
10431880,stimulus_Arg_PISACowsMilk_10_page_6,914.9,394.2,1259.0
10431881,stimulus_Arg_PISACowsMilk_10_page_6,916.0,394.1,1260.0
10431882,stimulus_Arg_PISACowsMilk_10_page_6,916.9,394.0,1260.0
10431883,stimulus_Arg_PISACowsMilk_10_page_6,917.4,394.0,1258.0
10431884,stimulus_Arg_PISACowsMilk_10_page_6,917.4,394.3,1256.0
10431885,stimulus_Arg_PISACowsMilk_10_page_6,917.6,394.6,1254.0
10431886,stimulus_Arg_PISACowsMilk_10_page_6,917.9,395.0,1253.0
10431887,stimulus_Arg_PISACowsMilk_10_page_6,918.3,395.0,1255.0
10431888,stimulus_Arg_PISACowsMilk_10_page_6,918.6,395.1,1257.0
10431889,stimulus_Arg_PISACowsMilk_10_page_6,918.7,395.1,1259.0
10431890,stimulus_Arg_PISACowsMilk_10_page_6,918.8,395.1,1259.0
10431891,stimulus_Arg_PISACowsMilk_10_page_6,919.0,395.2,1259.0
10431892,stimulus_Arg_PISACowsMilk_10_page_6,919.1,395.5,1258.0
10431893,stimulus_Arg_PISACowsMilk_10_page_6,919.2,395.7,1259.0
10431894,stimulus_Arg_PISACowsMilk_10_page_6,919.2,395.8,1259.0
10431895,stimulus_Arg_PISACowsMilk_10_page_6,919.2,395.9,1259.0
10431896,stimulus_Arg_PISACowsMilk_10_page_6,919.2,396.1,1259.0
10431897,stimulus_Arg_PISACowsMilk_10_page_6,919.2,396.3,1258.0
10431898,stimulus_Arg_PISACowsMilk_10_page_6,919.2,396.3,1257.0
10431899,stimulus_Arg_PISACowsMilk_10_page_6,919.2,396.2,1256.0
10431900,stimulus_Arg_PISACowsMilk_10_page_6,919.1,395.9,1256.0
10431901,stimulus_Arg_PISACowsMilk_10_page_6,918.8,395.4,1257.0
10431902,stimulus_Arg_PISACowsMilk_10_page_6,918.5,395.0,1258.0
10431903,stimulus_Arg_PISACowsMilk_10_page_6,918.5,394.8,1259.0
10431904,stimulus_Arg_PISACowsMilk_10_page_6,918.5,394.8,1258.0
10431905,stimulus_Arg_PISACowsMilk_10_page_6,918.6,394.6,1257.0
10431906,stimulus_Arg_PISACowsMilk_10_page_6,918.9,394.5,1256.0
10431907,stimulus_Arg_PISACowsMilk_10_page_6,919.1,394.2,1255.0
10431908,stimulus_Arg_PISACowsMilk_10_page_6,919.2,394.2,1255.0
10431909,stimulus_Arg_PISACowsMilk_10_page_6,919.2,394.1,1255.0
10431910,stimulus_Arg_PISACowsMilk_10_page_6,919.3,394.1,1255.0
10431911,stimulus_Arg_PISACowsMilk_10_page_6,919.2,394.2,1253.0
10431912,stimulus_Arg_PISACowsMilk_10_page_6,919.2,394.2,1252.0
10431913,stimulus_Arg_PISACowsMilk_10_page_6,919.2,394.2,1252.0
10431914,stimulus_Arg_PISACowsMilk_10_page_6,919.2,394.1,1252.0
10431915,stimulus_Arg_PISACowsMilk_10_page_6,919.0,394.1,1252.0
10431916,stimulus_Arg_PISACowsMilk_10_page_6,918.7,394.2,1252.0
10431917,stimulus_Arg_PISACowsMilk_10_page_6,918.4,394.2,1253.0
10431918,stimulus_Arg_PISACowsMilk_10_page_6,918.4,394.4,1253.0
10431919,stimulus_Arg_PISACowsMilk_10_page_6,918.3,394.4,1252.0
10431920,stimulus_Arg_PISACowsMilk_10_page_6,918.3,394.5,1252.0
10431921,stimulus_Arg_PISACowsMilk_10_page_6,918.3,394.4,1252.0
10431922,stimulus_Arg_PISACowsMilk_10_page_6,918.6,394.0,1252.0
10431923,stimulus_Arg_PISACowsMilk_10_page_6,918.9,393.6,1252.0
10431924,stimulus_Arg_PISACowsMilk_10_page_6,919.2,393.6,1252.0
10431925,stimulus_Arg_PISACowsMilk_10_page_6,919.2,393.9,1251.0
10431926,stimulus_Arg_PISACowsMilk_10_page_6,919.2,394.3,1251.0
10431927,stimulus_Arg_PISACowsMilk_10_page_6,919.3,394.4,1250.0
10431928,stimulus_Arg_PISACowsMilk_10_page_6,919.4,394.3,1250.0
10431929,stimulus_Arg_PISACowsMilk_10_page_6,919.1,394.3,1251.0
10431930,stimulus_Arg_PISACowsMilk_10_page_6,918.7,394.6,1252.0
10431931,stimulus_Arg_PISACowsMilk_10_page_6,918.1,394.9,1252.0
10431932,stimulus_Arg_PISACowsMilk_10_page_6,918.0,395.3,1252.0
10431933,stimulus_Arg_PISACowsMilk_10_page_6,917.8,395.3,1252.0
10431934,stimulus_Arg_PISACowsMilk_10_page_6,917.9,394.9,1251.0
10431935,stimulus_Arg_PISACowsMilk_10_page_6,917.9,394.6,1251.0
10431936,stimulus_Arg_PISACowsMilk_10_page_6,917.9,394.3,1250.0
10431937,stimulus_Arg_PISACowsMilk_10_page_6,917.8,394.1,1250.0
10431938,stimulus_Arg_PISACowsMilk_10_page_6,917.7,393.9,1250.0
10431939,stimulus_Arg_PISACowsMilk_10_page_6,917.6,393.6,1250.0
10431940,stimulus_Arg_PISACowsMilk_10_page_6,917.6,393.5,1251.0
10431941,stimulus_Arg_PISACowsMilk_10_page_6,917.6,393.4,1252.0
10431942,stimulus_Arg_PISACowsMilk_10_page_6,917.6,393.3,1253.0
10431943,stimulus_Arg_PISACowsMilk_10_page_6,917.6,393.0,1253.0
10431944,stimulus_Arg_PISACowsMilk_10_page_6,917.7,392.7,1252.0
10431945,stimulus_Arg_PISACowsMilk_10_page_6,917.7,392.8,1251.0
10431946,stimulus_Arg_PISACowsMilk_10_page_6,917.7,393.2,1250.0
10431947,stimulus_Arg_PISACowsMilk_10_page_6,917.7,393.5,1249.0
10431948,stimulus_Arg_PISACowsMilk_10_page_6,917.7,393.6,1249.0
10431949,stimulus_Arg_PISACowsMilk_10_page_6,917.7,393.6,1250.0
10431950,stimulus_Arg_PISACowsMilk_10_page_6,917.5,393.5,1251.0
10431951,stimulus_Arg_PISACowsMilk_10_page_6,917.3,393.6,1250.0
10431952,stimulus_Arg_PISACowsMilk_10_page_6,917.1,393.7,1249.0
10431953,stimulus_Arg_PISACowsMilk_10_page_6,916.9,393.9,1249.0
10431954,stimulus_Arg_PISACowsMilk_10_page_6,916.9,393.9,1249.0
10431955,stimulus_Arg_PISACowsMilk_10_page_6,917.0,394.1,1249.0
10431956,stimulus_Arg_PISACowsMilk_10_page_6,917.1,394.3,1249.0
10431957,stimulus_Arg_PISACowsMilk_10_page_6,917.1,394.4,1249.0
10431958,stimulus_Arg_PISACowsMilk_10_page_6,917.1,394.0,1249.0
10431959,stimulus_Arg_PISACowsMilk_10_page_6,917.2,393.6,1249.0
10431960,stimulus_Arg_PISACowsMilk_10_page_6,917.2,393.2,1249.0
10431961,stimulus_Arg_PISACowsMilk_10_page_6,917.1,393.3,1250.0
10431962,stimulus_Arg_PISACowsMilk_10_page_6,917.0,393.3,1250.0
10431963,stimulus_Arg_PISACowsMilk_10_page_6,916.9,393.3,1248.0
10431964,stimulus_Arg_PISACowsMilk_10_page_6,916.8,393.3,1247.0
10431965,stimulus_Arg_PISACowsMilk_10_page_6,916.8,393.1,1245.0
10431966,stimulus_Arg_PISACowsMilk_10_page_6,916.6,392.9,1245.0
10431967,stimulus_Arg_PISACowsMilk_10_page_6,916.4,392.9,1245.0
10431968,stimulus_Arg_PISACowsMilk_10_page_6,916.2,393.0,1246.0
10431969,stimulus_Arg_PISACowsMilk_10_page_6,916.3,393.2,1247.0
10431970,stimulus_Arg_PISACowsMilk_10_page_6,916.5,393.3,1246.0
10431971,stimulus_Arg_PISACowsMilk_10_page_6,916.8,393.2,1246.0
10431972,stimulus_Arg_PISACowsMilk_10_page_6,916.9,393.0,1246.0
10431973,stimulus_Arg_PISACowsMilk_10_page_6,916.8,392.9,1247.0
10431974,stimulus_Arg_PISACowsMilk_10_page_6,916.6,392.9,1247.0
10431975,stimulus_Arg_PISACowsMilk_10_page_6,916.4,392.9,1246.0
10431976,stimulus_Arg_PISACowsMilk_10_page_6,916.3,392.9,1246.0
10431977,stimulus_Arg_PISACowsMilk_10_page_6,916.2,393.1,1243.0
10431978,stimulus_Arg_PISACowsMilk_10_page_6,916.2,393.3,1242.0
10431979,stimulus_Arg_PISACowsMilk_10_page_6,916.2,393.5,1240.0
10431980,stimulus_Arg_PISACowsMilk_10_page_6,916.2,393.5,1241.0
10431981,stimulus_Arg_PISACowsMilk_10_page_6,916.3,393.3,1241.0
10431982,stimulus_Arg_PISACowsMilk_10_page_6,916.3,393.0,1241.0
10431983,stimulus_Arg_PISACowsMilk_10_page_6,916.4,392.6,1241.0
10431984,stimulus_Arg_PISACowsMilk_10_page_6,916.4,392.2,1240.0
10431985,stimulus_Arg_PISACowsMilk_10_page_6,916.4,392.0,1239.0
10431986,stimulus_Arg_PISACowsMilk_10_page_6,916.3,392.0,1237.0
10431987,stimulus_Arg_PISACowsMilk_10_page_6,916.3,392.1,1236.0
10431988,stimulus_Arg_PISACowsMilk_10_page_6,916.3,392.3,1236.0
10431989,stimulus_Arg_PISACowsMilk_10_page_6,916.4,392.4,1237.0
10431990,stimulus_Arg_PISACowsMilk_10_page_6,916.6,392.6,1239.0
10431991,stimulus_Arg_PISACowsMilk_10_page_6,916.4,393.0,1239.0
10431992,stimulus_Arg_PISACowsMilk_10_page_6,916.1,393.4,1238.0
10431993,stimulus_Arg_PISACowsMilk_10_page_6,915.9,393.6,1237.0
10431994,stimulus_Arg_PISACowsMilk_10_page_6,915.9,393.5,1237.0
10431995,stimulus_Arg_PISACowsMilk_10_page_6,915.9,393.2,1237.0
10431996,stimulus_Arg_PISACowsMilk_10_page_6,916.0,392.7,1237.0
10431997,stimulus_Arg_PISACowsMilk_10_page_6,916.2,392.4,1237.0
10431998,stimulus_Arg_PISACowsMilk_10_page_6,916.5,392.1,1236.0
10431999,stimulus_Arg_PISACowsMilk_10_page_6,916.6,392.1,1235.0
10432000,stimulus_Arg_PISACowsMilk_10_page_6,916.5,392.1,1236.0
10432001,stimulus_Arg_PISACowsMilk_10_page_6,916.6,392.0,1237.0
10432002,stimulus_Arg_PISACowsMilk_10_page_6,916.7,391.9,1237.0
10432003,stimulus_Arg_PISACowsMilk_10_page_6,916.8,391.8,1238.0
10432004,stimulus_Arg_PISACowsMilk_10_page_6,916.9,392.3,1238.0
10432005,stimulus_Arg_PISACowsMilk_10_page_6,916.8,392.8,1237.0
10432006,stimulus_Arg_PISACowsMilk_10_page_6,916.8,393.2,1235.0
10432007,stimulus_Arg_PISACowsMilk_10_page_6,916.7,392.7,1235.0
10432008,stimulus_Arg_PISACowsMilk_10_page_6,916.5,392.3,1236.0
10432009,stimulus_Arg_PISACowsMilk_10_page_6,916.3,392.0,1237.0
10432010,stimulus_Arg_PISACowsMilk_10_page_6,916.2,392.5,1238.0
10432011,stimulus_Arg_PISACowsMilk_10_page_6,916.4,393.0,1239.0
10432012,stimulus_Arg_PISACowsMilk_10_page_6,916.6,393.5,1240.0
10432013,stimulus_Arg_PISACowsMilk_10_page_6,916.7,393.5,1240.0
10432014,stimulus_Arg_PISACowsMilk_10_page_6,916.7,393.0,1239.0
10432015,stimulus_Arg_PISACowsMilk_10_page_6,916.8,392.4,1239.0
10432016,stimulus_Arg_PISACowsMilk_10_page_6,916.8,392.3,1239.0
10432017,stimulus_Arg_PISACowsMilk_10_page_6,916.7,392.8,1239.0
10432018,stimulus_Arg_PISACowsMilk_10_page_6,916.4,393.2,1238.0
10432019,stimulus_Arg_PISACowsMilk_10_page_6,916.2,393.2,1239.0
10432020,stimulus_Arg_PISACowsMilk_10_page_6,916.1,393.0,1239.0
10432021,stimulus_Arg_PISACowsMilk_10_page_6,916.1,392.7,1238.0
10432022,stimulus_Arg_PISACowsMilk_10_page_6,916.1,392.1,1237.0
10432023,stimulus_Arg_PISACowsMilk_10_page_6,916.3,391.8,1235.0
10432024,stimulus_Arg_PISACowsMilk_10_page_6,916.5,391.5,1235.0
10432025,stimulus_Arg_PISACowsMilk_10_page_6,916.7,391.6,1235.0
10432026,stimulus_Arg_PISACowsMilk_10_page_6,916.7,391.6,1235.0
10432027,stimulus_Arg_PISACowsMilk_10_page_6,916.8,391.7,1234.0
10432028,stimulus_Arg_PISACowsMilk_10_page_6,916.8,391.8,1234.0
10432029,stimulus_Arg_PISACowsMilk_10_page_6,916.8,391.9,1233.0
10432030,stimulus_Arg_PISACowsMilk_10_page_6,916.6,392.1,1233.0
10432031,stimulus_Arg_PISACowsMilk_10_page_6,916.4,392.1,1234.0
10432032,stimulus_Arg_PISACowsMilk_10_page_6,916.4,392.3,1234.0
10432033,stimulus_Arg_PISACowsMilk_10_page_6,916.5,392.4,1234.0
10432034,stimulus_Arg_PISACowsMilk_10_page_6,916.7,392.6,1235.0
10432035,stimulus_Arg_PISACowsMilk_10_page_6,916.7,392.8,1235.0
10432036,stimulus_Arg_PISACowsMilk_10_page_6,916.9,392.9,1234.0
10432037,stimulus_Arg_PISACowsMilk_10_page_6,917.1,393.0,1233.0
10432038,stimulus_Arg_PISACowsMilk_10_page_6,917.3,393.0,1234.0
10432039,stimulus_Arg_PISACowsMilk_10_page_6,917.3,393.0,1235.0
10432040,stimulus_Arg_PISACowsMilk_10_page_6,917.4,393.0,1236.0
10432041,stimulus_Arg_PISACowsMilk_10_page_6,917.6,393.0,1236.0
10432042,stimulus_Arg_PISACowsMilk_10_page_6,917.8,393.0,1235.0
10432043,stimulus_Arg_PISACowsMilk_10_page_6,917.8,393.1,1235.0
10432044,stimulus_Arg_PISACowsMilk_10_page_6,917.7,393.1,1234.0
10432045,stimulus_Arg_PISACowsMilk_10_page_6,917.7,393.0,1234.0
10432046,stimulus_Arg_PISACowsMilk_10_page_6,917.5,393.0,1233.0
10432047,stimulus_Arg_PISACowsMilk_10_page_6,917.3,393.1,1233.0
10432048,stimulus_Arg_PISACowsMilk_10_page_6,917.0,393.3,1233.0
10432049,stimulus_Arg_PISACowsMilk_10_page_6,917.0,393.6,1233.0
10432050,stimulus_Arg_PISACowsMilk_10_page_6,917.2,393.6,1235.0
10432051,stimulus_Arg_PISACowsMilk_10_page_6,917.5,393.5,1236.0
10432052,stimulus_Arg_PISACowsMilk_10_page_6,917.7,393.4,1237.0
10432053,stimulus_Arg_PISACowsMilk_10_page_6,917.8,393.4,1236.0
10432054,stimulus_Arg_PISACowsMilk_10_page_6,917.8,393.6,1236.0
10432055,stimulus_Arg_PISACowsMilk_10_page_6,917.9,393.8,1237.0
10432056,stimulus_Arg_PISACowsMilk_10_page_6,917.6,394.0,1237.0
10432057,stimulus_Arg_PISACowsMilk_10_page_6,917.2,394.2,1237.0
10432058,stimulus_Arg_PISACowsMilk_10_page_6,916.9,394.3,1236.0
10432059,stimulus_Arg_PISACowsMilk_10_page_6,917.0,394.3,1236.0
10432060,stimulus_Arg_PISACowsMilk_10_page_6,917.1,394.1,1236.0
10432061,stimulus_Arg_PISACowsMilk_10_page_6,917.2,393.9,1236.0
10432062,stimulus_Arg_PISACowsMilk_10_page_6,917.2,393.8,1236.0
10432063,stimulus_Arg_PISACowsMilk_10_page_6,917.1,394.2,1236.0
10432064,stimulus_Arg_PISACowsMilk_10_page_6,917.0,394.5,1237.0
10432065,stimulus_Arg_PISACowsMilk_10_page_6,917.0,394.5,1236.0
10432066,stimulus_Arg_PISACowsMilk_10_page_6,917.1,394.3,1234.0
10432067,stimulus_Arg_PISACowsMilk_10_page_6,917.2,394.2,1233.0
10432068,stimulus_Arg_PISACowsMilk_10_page_6,917.3,394.2,1234.0
10432069,stimulus_Arg_PISACowsMilk_10_page_6,917.4,394.1,1233.0
10432070,stimulus_Arg_PISACowsMilk_10_page_6,917.5,394.0,1233.0
10432071,stimulus_Arg_PISACowsMilk_10_page_6,917.6,393.8,1233.0
10432072,stimulus_Arg_PISACowsMilk_10_page_6,917.6,393.7,1233.0
10432073,stimulus_Arg_PISACowsMilk_10_page_6,917.8,393.8,1233.0
10432074,stimulus_Arg_PISACowsMilk_10_page_6,918.0,393.9,1233.0
10432075,stimulus_Arg_PISACowsMilk_10_page_6,918.1,393.9,1233.0
10432076,stimulus_Arg_PISACowsMilk_10_page_6,918.0,394.0,1234.0
10432077,stimulus_Arg_PISACowsMilk_10_page_6,917.8,394.0,1233.0
10432078,stimulus_Arg_PISACowsMilk_10_page_6,917.5,394.0,1233.0
10432079,stimulus_Arg_PISACowsMilk_10_page_6,917.2,393.9,1233.0
10432080,stimulus_Arg_PISACowsMilk_10_page_6,917.0,394.0,1234.0
10432081,stimulus_Arg_PISACowsMilk_10_page_6,917.0,394.3,1235.0
10432082,stimulus_Arg_PISACowsMilk_10_page_6,916.9,394.8,1235.0
10432083,stimulus_Arg_PISACowsMilk_10_page_6,917.1,395.5,1236.0
10432084,stimulus_Arg_PISACowsMilk_10_page_6,917.5,396.0,1236.0
10432085,stimulus_Arg_PISACowsMilk_10_page_6,917.8,396.4,1236.0
10432086,stimulus_Arg_PISACowsMilk_10_page_6,917.9,396.4,1236.0
10432087,stimulus_Arg_PISACowsMilk_10_page_6,917.9,396.5,1235.0
10432088,stimulus_Arg_PISACowsMilk_10_page_6,918.1,396.5,1235.0
10432089,stimulus_Arg_PISACowsMilk_10_page_6,918.3,396.0,1235.0
10432090,stimulus_Arg_PISACowsMilk_10_page_6,918.3,395.6,1234.0
10432091,stimulus_Arg_PISACowsMilk_10_page_6,918.3,395.2,1234.0
10432092,stimulus_Arg_PISACowsMilk_10_page_6,918.3,395.2,1234.0
10432093,stimulus_Arg_PISACowsMilk_10_page_6,918.3,395.3,1234.0
10432094,stimulus_Arg_PISACowsMilk_10_page_6,918.3,395.1,1233.0
10432095,stimulus_Arg_PISACowsMilk_10_page_6,918.3,394.8,1232.0
10432096,stimulus_Arg_PISACowsMilk_10_page_6,918.3,394.6,1231.0
10432097,stimulus_Arg_PISACowsMilk_10_page_6,918.4,394.5,1231.0
10432098,stimulus_Arg_PISACowsMilk_10_page_6,918.3,394.7,1231.0
10432099,stimulus_Arg_PISACowsMilk_10_page_6,918.3,394.9,1231.0
10432100,stimulus_Arg_PISACowsMilk_10_page_6,918.2,394.8,1232.0
10432101,stimulus_Arg_PISACowsMilk_10_page_6,918.2,394.6,1232.0
10432102,stimulus_Arg_PISACowsMilk_10_page_6,918.4,394.3,1233.0
10432103,stimulus_Arg_PISACowsMilk_10_page_6,918.5,394.2,1233.0
10432104,stimulus_Arg_PISACowsMilk_10_page_6,918.5,394.5,1233.0
10432105,stimulus_Arg_PISACowsMilk_10_page_6,918.4,394.9,1233.0
10432106,stimulus_Arg_PISACowsMilk_10_page_6,918.3,395.3,1232.0
10432107,stimulus_Arg_PISACowsMilk_10_page_6,918.0,395.3,1230.0
10432108,stimulus_Arg_PISACowsMilk_10_page_6,917.7,395.3,1229.0
10432109,stimulus_Arg_PISACowsMilk_10_page_6,917.6,395.3,1230.0
10432110,stimulus_Arg_PISACowsMilk_10_page_6,917.6,395.4,1230.0
10432111,stimulus_Arg_PISACowsMilk_10_page_6,917.7,395.5,1230.0
10432112,stimulus_Arg_PISACowsMilk_10_page_6,917.6,395.7,1230.0
10432113,stimulus_Arg_PISACowsMilk_10_page_6,917.7,395.9,1231.0
10432114,stimulus_Arg_PISACowsMilk_10_page_6,918.0,396.2,1231.0
10432115,stimulus_Arg_PISACowsMilk_10_page_6,918.2,396.2,1231.0
10432116,stimulus_Arg_PISACowsMilk_10_page_6,918.3,396.1,1231.0
10432117,stimulus_Arg_PISACowsMilk_10_page_6,918.2,395.9,1230.0
10432118,stimulus_Arg_PISACowsMilk_10_page_6,918.0,395.6,1230.0
10432119,stimulus_Arg_PISACowsMilk_10_page_6,918.0,395.5,1230.0
10432120,stimulus_Arg_PISACowsMilk_10_page_6,918.2,395.5,1230.0
10432121,stimulus_Arg_PISACowsMilk_10_page_6,918.5,395.6,1230.0
10432122,stimulus_Arg_PISACowsMilk_10_page_6,918.6,395.6,1228.0
10432123,stimulus_Arg_PISACowsMilk_10_page_6,918.4,395.6,1226.0
10432124,stimulus_Arg_PISACowsMilk_10_page_6,918.1,395.5,1225.0
10432125,stimulus_Arg_PISACowsMilk_10_page_6,918.0,395.3,1225.0
10432126,stimulus_Arg_PISACowsMilk_10_page_6,917.9,395.1,1225.0
10432127,stimulus_Arg_PISACowsMilk_10_page_6,917.9,395.0,1225.0
10432128,stimulus_Arg_PISACowsMilk_10_page_6,917.9,394.7,1225.0
10432129,stimulus_Arg_PISACowsMilk_10_page_6,918.0,394.5,1225.0
10432130,stimulus_Arg_PISACowsMilk_10_page_6,918.0,394.7,1225.0
10432131,stimulus_Arg_PISACowsMilk_10_page_6,918.1,395.1,1225.0
10432132,stimulus_Arg_PISACowsMilk_10_page_6,918.1,395.2,1225.0
10432133,stimulus_Arg_PISACowsMilk_10_page_6,918.0,395.0,1225.0
10432134,stimulus_Arg_PISACowsMilk_10_page_6,918.0,394.8,1224.0
10432135,stimulus_Arg_PISACowsMilk_10_page_6,918.0,394.9,1223.0
10432136,stimulus_Arg_PISACowsMilk_10_page_6,917.9,395.3,1223.0
10432137,stimulus_Arg_PISACowsMilk_10_page_6,917.8,395.6,1223.0
10432138,stimulus_Arg_PISACowsMilk_10_page_6,917.7,395.6,1223.0
10432139,stimulus_Arg_PISACowsMilk_10_page_6,917.9,395.5,1223.0
10432140,stimulus_Arg_PISACowsMilk_10_page_6,918.1,395.3,1224.0
10432141,stimulus_Arg_PISACowsMilk_10_page_6,918.3,395.3,1224.0
10432142,stimulus_Arg_PISACowsMilk_10_page_6,918.3,395.3,1224.0
10432143,stimulus_Arg_PISACowsMilk_10_page_6,918.3,395.1,1222.0
10432144,stimulus_Arg_PISACowsMilk_10_page_6,918.2,394.9,1221.0
10432145,stimulus_Arg_PISACowsMilk_10_page_6,918.1,394.8,1220.0
10432146,stimulus_Arg_PISACowsMilk_10_page_6,917.9,394.9,1220.0
10432147,stimulus_Arg_PISACowsMilk_10_page_6,917.7,395.3,1220.0
10432148,stimulus_Arg_PISACowsMilk_10_page_6,917.6,395.6,1220.0
10432149,stimulus_Arg_PISACowsMilk_10_page_6,917.8,395.8,1220.0
10432150,stimulus_Arg_PISACowsMilk_10_page_6,918.2,395.5,1220.0
10432151,stimulus_Arg_PISACowsMilk_10_page_6,919.7,394.8,1220.0
10432152,stimulus_Arg_PISACowsMilk_10_page_6,921.7,394.2,1219.0
10432153,stimulus_Arg_PISACowsMilk_10_page_6,926.1,394.3,1218.0
10432154,stimulus_Arg_PISACowsMilk_10_page_6,930.6,394.8,1218.0
10432155,stimulus_Arg_PISACowsMilk_10_page_6,936.3,396.1,1219.0
10432156,stimulus_Arg_PISACowsMilk_10_page_6,941.4,397.5,1220.0
10432157,stimulus_Arg_PISACowsMilk_10_page_6,948.5,398.9,1221.0
10432158,stimulus_Arg_PISACowsMilk_10_page_6,955.6,399.2,1223.0
10432159,stimulus_Arg_PISACowsMilk_10_page_6,963.6,398.9,1224.0
10432160,stimulus_Arg_PISACowsMilk_10_page_6,971.9,398.5,1223.0
10432161,stimulus_Arg_PISACowsMilk_10_page_6,980.1,398.4,1223.0
10432162,stimulus_Arg_PISACowsMilk_10_page_6,986.5,398.3,1222.0
10432163,stimulus_Arg_PISACowsMilk_10_page_6,991.6,398.4,1221.0
10432164,stimulus_Arg_PISACowsMilk_10_page_6,996.5,398.5,1219.0
10432165,stimulus_Arg_PISACowsMilk_10_page_6,1001.0,398.7,1218.0
10432166,stimulus_Arg_PISACowsMilk_10_page_6,1003.6,398.4,1216.0
10432167,stimulus_Arg_PISACowsMilk_10_page_6,1004.7,398.0,1214.0
10432168,stimulus_Arg_PISACowsMilk_10_page_6,1005.1,397.1,1212.0
10432169,stimulus_Arg_PISACowsMilk_10_page_6,1004.9,395.8,1208.0
10432170,stimulus_Arg_PISACowsMilk_10_page_6,1004.1,394.5,1205.0
10432171,stimulus_Arg_PISACowsMilk_10_page_6,1002.8,393.6,1202.0
10432172,stimulus_Arg_PISACowsMilk_10_page_6,1001.3,393.0,1201.0
10432173,stimulus_Arg_PISACowsMilk_10_page_6,999.3,392.6,1200.0
10432174,stimulus_Arg_PISACowsMilk_10_page_6,997.5,392.4,1200.0
10432175,stimulus_Arg_PISACowsMilk_10_page_6,995.0,392.5,1201.0
10432176,stimulus_Arg_PISACowsMilk_10_page_6,993.3,392.6,1202.0
10432177,stimulus_Arg_PISACowsMilk_10_page_6,991.1,392.7,1203.0
10432178,stimulus_Arg_PISACowsMilk_10_page_6,990.0,392.6,1203.0
10432179,stimulus_Arg_PISACowsMilk_10_page_6,989.1,392.6,1202.0
10432180,stimulus_Arg_PISACowsMilk_10_page_6,988.7,392.5,1203.0
10432181,stimulus_Arg_PISACowsMilk_10_page_6,988.2,392.4,1203.0
10432182,stimulus_Arg_PISACowsMilk_10_page_6,988.0,392.4,1203.0
10432183,stimulus_Arg_PISACowsMilk_10_page_6,987.8,392.5,1203.0
10432184,stimulus_Arg_PISACowsMilk_10_page_6,987.9,392.7,1202.0
10432185,stimulus_Arg_PISACowsMilk_10_page_6,987.9,393.0,1200.0
10432186,stimulus_Arg_PISACowsMilk_10_page_6,987.9,393.1,1199.0
10432187,stimulus_Arg_PISACowsMilk_10_page_6,988.0,393.2,1198.0
10432188,stimulus_Arg_PISACowsMilk_10_page_6,988.2,393.2,1198.0
10432189,stimulus_Arg_PISACowsMilk_10_page_6,988.4,393.2,1199.0
10432190,stimulus_Arg_PISACowsMilk_10_page_6,988.7,393.0,1199.0
10432191,stimulus_Arg_PISACowsMilk_10_page_6,989.1,392.8,1199.0
10432192,stimulus_Arg_PISACowsMilk_10_page_6,989.6,392.6,1198.0
10432193,stimulus_Arg_PISACowsMilk_10_page_6,990.1,392.5,1198.0
10432194,stimulus_Arg_PISACowsMilk_10_page_6,990.7,392.4,1198.0
10432195,stimulus_Arg_PISACowsMilk_10_page_6,991.2,392.3,1200.0
10432196,stimulus_Arg_PISACowsMilk_10_page_6,991.8,392.2,1200.0
10432197,stimulus_Arg_PISACowsMilk_10_page_6,992.2,392.1,1200.0
10432198,stimulus_Arg_PISACowsMilk_10_page_6,992.5,392.1,1200.0
10432199,stimulus_Arg_PISACowsMilk_10_page_6,992.9,392.1,1201.0
10432200,stimulus_Arg_PISACowsMilk_10_page_6,993.4,392.1,1202.0
10432201,stimulus_Arg_PISACowsMilk_10_page_6,993.9,392.4,1201.0
10432202,stimulus_Arg_PISACowsMilk_10_page_6,994.4,392.7,1201.0
10432203,stimulus_Arg_PISACowsMilk_10_page_6,994.4,392.8,1200.0
10432204,stimulus_Arg_PISACowsMilk_10_page_6,994.5,392.8,1201.0
10432205,stimulus_Arg_PISACowsMilk_10_page_6,994.6,392.9,1201.0
10432206,stimulus_Arg_PISACowsMilk_10_page_6,994.6,393.0,1202.0
10432207,stimulus_Arg_PISACowsMilk_10_page_6,994.3,393.0,1201.0
10432208,stimulus_Arg_PISACowsMilk_10_page_6,993.8,393.0,1200.0
10432209,stimulus_Arg_PISACowsMilk_10_page_6,993.4,393.2,1199.0
10432210,stimulus_Arg_PISACowsMilk_10_page_6,993.3,393.3,1200.0
10432211,stimulus_Arg_PISACowsMilk_10_page_6,993.5,393.5,1202.0
10432212,stimulus_Arg_PISACowsMilk_10_page_6,993.8,393.2,1202.0
10432213,stimulus_Arg_PISACowsMilk_10_page_6,994.0,392.9,1202.0
10432214,stimulus_Arg_PISACowsMilk_10_page_6,994.2,392.8,1202.0
10432215,stimulus_Arg_PISACowsMilk_10_page_6,994.2,392.9,1201.0
10432216,stimulus_Arg_PISACowsMilk_10_page_6,994.2,393.1,1199.0
10432217,stimulus_Arg_PISACowsMilk_10_page_6,994.2,393.2,1198.0
10432218,stimulus_Arg_PISACowsMilk_10_page_6,994.2,393.4,1198.0
10432219,stimulus_Arg_PISACowsMilk_10_page_6,994.2,393.4,1198.0
10432220,stimulus_Arg_PISACowsMilk_10_page_6,994.1,393.4,1198.0
10432221,stimulus_Arg_PISACowsMilk_10_page_6,994.1,393.5,1197.0
10432222,stimulus_Arg_PISACowsMilk_10_page_6,994.0,393.3,1197.0
10432223,stimulus_Arg_PISACowsMilk_10_page_6,993.9,393.0,1196.0
10432224,stimulus_Arg_PISACowsMilk_10_page_6,993.8,392.7,1195.0
10432225,stimulus_Arg_PISACowsMilk_10_page_6,993.7,392.7,1194.0
10432226,stimulus_Arg_PISACowsMilk_10_page_6,993.8,392.6,1194.0
10432227,stimulus_Arg_PISACowsMilk_10_page_6,993.9,392.7,1195.0
10432228,stimulus_Arg_PISACowsMilk_10_page_6,994.2,392.9,1195.0
10432229,stimulus_Arg_PISACowsMilk_10_page_6,994.4,393.0,1196.0
10432230,stimulus_Arg_PISACowsMilk_10_page_6,994.5,393.0,1196.0
10432231,stimulus_Arg_PISACowsMilk_10_page_6,994.5,393.0,1196.0
10432232,stimulus_Arg_PISACowsMilk_10_page_6,994.5,392.9,1195.0
10432233,stimulus_Arg_PISACowsMilk_10_page_6,994.4,392.9,1194.0
10432234,stimulus_Arg_PISACowsMilk_10_page_6,994.4,392.8,1193.0
10432235,stimulus_Arg_PISACowsMilk_10_page_6,994.3,392.7,1192.0
10432236,stimulus_Arg_PISACowsMilk_10_page_6,994.5,392.7,1192.0
10432237,stimulus_Arg_PISACowsMilk_10_page_6,994.7,392.5,1192.0
10432238,stimulus_Arg_PISACowsMilk_10_page_6,994.9,392.3,1192.0
10432239,stimulus_Arg_PISACowsMilk_10_page_6,995.0,392.2,1193.0
10432240,stimulus_Arg_PISACowsMilk_10_page_6,995.0,392.3,1193.0
10432241,stimulus_Arg_PISACowsMilk_10_page_6,995.0,392.4,1192.0
10432242,stimulus_Arg_PISACowsMilk_10_page_6,995.0,392.3,1191.0
10432243,stimulus_Arg_PISACowsMilk_10_page_6,994.7,392.3,1191.0
10432244,stimulus_Arg_PISACowsMilk_10_page_6,994.5,392.4,1191.0
10432245,stimulus_Arg_PISACowsMilk_10_page_6,994.3,392.4,1191.0
10432246,stimulus_Arg_PISACowsMilk_10_page_6,994.3,392.2,1191.0
10432247,stimulus_Arg_PISACowsMilk_10_page_6,994.3,392.0,1190.0
10432248,stimulus_Arg_PISACowsMilk_10_page_6,994.3,392.1,1190.0
10432249,stimulus_Arg_PISACowsMilk_10_page_6,994.3,392.3,1189.0
10432250,stimulus_Arg_PISACowsMilk_10_page_6,994.3,392.6,1188.0
10432251,stimulus_Arg_PISACowsMilk_10_page_6,994.3,392.6,1188.0
10432252,stimulus_Arg_PISACowsMilk_10_page_6,994.4,392.6,1187.0
10432253,stimulus_Arg_PISACowsMilk_10_page_6,994.4,392.6,1187.0
10432254,stimulus_Arg_PISACowsMilk_10_page_6,994.3,392.4,1187.0
10432255,stimulus_Arg_PISACowsMilk_10_page_6,994.3,392.1,1188.0
10432256,stimulus_Arg_PISACowsMilk_10_page_6,994.3,391.9,1189.0
10432257,stimulus_Arg_PISACowsMilk_10_page_6,994.2,392.0,1189.0
10432258,stimulus_Arg_PISACowsMilk_10_page_6,994.4,392.0,1187.0
10432259,stimulus_Arg_PISACowsMilk_10_page_6,994.6,392.1,1185.0
10432260,stimulus_Arg_PISACowsMilk_10_page_6,994.8,392.2,1184.0
10432261,stimulus_Arg_PISACowsMilk_10_page_6,994.6,392.1,1184.0
10432262,stimulus_Arg_PISACowsMilk_10_page_6,994.3,391.8,1184.0
10432263,stimulus_Arg_PISACowsMilk_10_page_6,993.9,391.5,1184.0
10432264,stimulus_Arg_PISACowsMilk_10_page_6,993.7,391.8,1184.0
10432265,stimulus_Arg_PISACowsMilk_10_page_6,993.6,392.1,1184.0
10432266,stimulus_Arg_PISACowsMilk_10_page_6,993.4,392.7,1184.0
10432267,stimulus_Arg_PISACowsMilk_10_page_6,993.2,393.1,1184.0
10432268,stimulus_Arg_PISACowsMilk_10_page_6,993.2,393.4,1184.0
10432269,stimulus_Arg_PISACowsMilk_10_page_6,993.3,393.5,1184.0
10432270,stimulus_Arg_PISACowsMilk_10_page_6,993.2,393.6,1184.0
10432271,stimulus_Arg_PISACowsMilk_10_page_6,993.1,393.6,1183.0
10432272,stimulus_Arg_PISACowsMilk_10_page_6,992.9,393.7,1182.0
10432273,stimulus_Arg_PISACowsMilk_10_page_6,992.9,393.8,1181.0
10432274,stimulus_Arg_PISACowsMilk_10_page_6,992.7,393.9,1181.0
10432275,stimulus_Arg_PISACowsMilk_10_page_6,992.5,394.0,1181.0
10432276,stimulus_Arg_PISACowsMilk_10_page_6,992.2,394.0,1181.0
10432277,stimulus_Arg_PISACowsMilk_10_page_6,992.1,394.0,1181.0
10432278,stimulus_Arg_PISACowsMilk_10_page_6,992.0,394.0,1180.0
10432279,stimulus_Arg_PISACowsMilk_10_page_6,991.8,394.0,1180.0
10432280,stimulus_Arg_PISACowsMilk_10_page_6,991.6,394.0,1179.0
10432281,stimulus_Arg_PISACowsMilk_10_page_6,991.5,394.1,1178.0
10432282,stimulus_Arg_PISACowsMilk_10_page_6,991.3,394.1,1177.0
10432283,stimulus_Arg_PISACowsMilk_10_page_6,991.2,394.1,1177.0
10432284,stimulus_Arg_PISACowsMilk_10_page_6,991.2,394.0,1177.0
10432285,stimulus_Arg_PISACowsMilk_10_page_6,991.2,393.8,1176.0
10432286,stimulus_Arg_PISACowsMilk_10_page_6,990.9,394.1,1176.0
10432287,stimulus_Arg_PISACowsMilk_10_page_6,990.6,394.4,1176.0
10432288,stimulus_Arg_PISACowsMilk_10_page_6,990.6,394.7,1176.0
10432289,stimulus_Arg_PISACowsMilk_10_page_6,990.8,394.6,1177.0
10432290,stimulus_Arg_PISACowsMilk_10_page_6,991.1,394.4,1178.0
10432291,stimulus_Arg_PISACowsMilk_10_page_6,991.2,394.4,1179.0
10432292,stimulus_Arg_PISACowsMilk_10_page_6,991.3,394.3,1178.0
10432293,stimulus_Arg_PISACowsMilk_10_page_6,991.1,394.2,1178.0
10432294,stimulus_Arg_PISACowsMilk_10_page_6,990.7,393.9,1178.0
10432295,stimulus_Arg_PISACowsMilk_10_page_6,990.5,393.9,1178.0
10432296,stimulus_Arg_PISACowsMilk_10_page_6,990.6,393.9,1178.0
10432297,stimulus_Arg_PISACowsMilk_10_page_6,990.7,394.0,1177.0
10432298,stimulus_Arg_PISACowsMilk_10_page_6,990.8,393.9,1176.0
10432299,stimulus_Arg_PISACowsMilk_10_page_6,990.8,393.8,1175.0
10432300,stimulus_Arg_PISACowsMilk_10_page_6,990.9,393.9,1175.0
10432301,stimulus_Arg_PISACowsMilk_10_page_6,990.9,394.0,1175.0
10432302,stimulus_Arg_PISACowsMilk_10_page_6,990.8,394.0,1175.0
10432303,stimulus_Arg_PISACowsMilk_10_page_6,990.7,393.9,1175.0
10432304,stimulus_Arg_PISACowsMilk_10_page_6,990.6,393.8,1174.0
10432305,stimulus_Arg_PISACowsMilk_10_page_6,990.6,393.6,1173.0
10432306,stimulus_Arg_PISACowsMilk_10_page_6,990.5,393.5,1171.0
10432307,stimulus_Arg_PISACowsMilk_10_page_6,990.7,393.9,1170.0
10432308,stimulus_Arg_PISACowsMilk_10_page_6,990.9,394.3,1171.0
10432309,stimulus_Arg_PISACowsMilk_10_page_6,990.9,394.8,1173.0
10432310,stimulus_Arg_PISACowsMilk_10_page_6,990.7,394.8,1174.0
10432311,stimulus_Arg_PISACowsMilk_10_page_6,990.4,394.7,1174.0
10432312,stimulus_Arg_PISACowsMilk_10_page_6,990.3,394.5,1174.0
10432313,stimulus_Arg_PISACowsMilk_10_page_6,990.2,394.6,1174.0
10432314,stimulus_Arg_PISACowsMilk_10_page_6,990.2,394.8,1174.0
10432315,stimulus_Arg_PISACowsMilk_10_page_6,990.0,394.8,1174.0
10432316,stimulus_Arg_PISACowsMilk_10_page_6,989.8,394.3,1174.0
10432317,stimulus_Arg_PISACowsMilk_10_page_6,989.6,393.9,1174.0
10432318,stimulus_Arg_PISACowsMilk_10_page_6,989.6,394.1,1173.0
10432319,stimulus_Arg_PISACowsMilk_10_page_6,989.7,394.5,1172.0
10432320,stimulus_Arg_PISACowsMilk_10_page_6,989.9,394.9,1171.0
10432321,stimulus_Arg_PISACowsMilk_10_page_6,990.3,395.0,1169.0
10432322,stimulus_Arg_PISACowsMilk_10_page_6,991.1,395.4,1168.0
10432323,stimulus_Arg_PISACowsMilk_10_page_6,993.6,395.7,1169.0
10432324,stimulus_Arg_PISACowsMilk_10_page_6,996.7,396.5,1170.0
10432325,stimulus_Arg_PISACowsMilk_10_page_6,1000.2,396.8,1171.0
10432326,stimulus_Arg_PISACowsMilk_10_page_6,1004.0,397.6,1172.0
10432327,stimulus_Arg_PISACowsMilk_10_page_6,1009.4,398.7,1171.0
10432328,stimulus_Arg_PISACowsMilk_10_page_6,1016.5,400.2,1173.0
10432329,stimulus_Arg_PISACowsMilk_10_page_6,1023.4,401.1,1176.0
10432330,stimulus_Arg_PISACowsMilk_10_page_6,1031.3,401.5,1179.0
10432331,stimulus_Arg_PISACowsMilk_10_page_6,1038.9,401.6,1179.0
10432332,stimulus_Arg_PISACowsMilk_10_page_6,1046.3,401.7,1180.0
10432333,stimulus_Arg_PISACowsMilk_10_page_6,1052.7,401.9,1177.0
10432334,stimulus_Arg_PISACowsMilk_10_page_6,1059.8,402.2,1175.0
10432335,stimulus_Arg_PISACowsMilk_10_page_6,1066.2,402.5,1173.0
10432336,stimulus_Arg_PISACowsMilk_10_page_6,1071.3,401.4,1173.0
10432337,stimulus_Arg_PISACowsMilk_10_page_6,1074.1,399.9,1171.0
10432338,stimulus_Arg_PISACowsMilk_10_page_6,1077.2,398.3,1169.0
10432339,stimulus_Arg_PISACowsMilk_10_page_6,1079.1,397.7,1167.0
10432340,stimulus_Arg_PISACowsMilk_10_page_6,1080.5,396.7,1162.0
10432341,stimulus_Arg_PISACowsMilk_10_page_6,1080.6,395.8,1157.0
10432342,stimulus_Arg_PISACowsMilk_10_page_6,1080.6,395.0,1154.0
10432343,stimulus_Arg_PISACowsMilk_10_page_6,1080.6,394.9,1153.0
10432344,stimulus_Arg_PISACowsMilk_10_page_6,1080.4,395.2,1152.0
10432345,stimulus_Arg_PISACowsMilk_10_page_6,1079.7,395.7,1151.0
10432346,stimulus_Arg_PISACowsMilk_10_page_6,1078.9,396.2,1150.0
10432347,stimulus_Arg_PISACowsMilk_10_page_6,1078.4,396.5,1150.0
10432348,stimulus_Arg_PISACowsMilk_10_page_6,1077.7,396.6,1150.0
10432349,stimulus_Arg_PISACowsMilk_10_page_6,1077.1,397.2,1153.0
10432350,stimulus_Arg_PISACowsMilk_10_page_6,1076.2,397.9,1156.0
10432351,stimulus_Arg_PISACowsMilk_10_page_6,1075.8,399.0,1159.0
10432352,stimulus_Arg_PISACowsMilk_10_page_6,1075.2,399.7,1161.0
10432353,stimulus_Arg_PISACowsMilk_10_page_6,1074.5,400.1,1162.0
10432354,stimulus_Arg_PISACowsMilk_10_page_6,1073.6,400.1,1162.0
10432355,stimulus_Arg_PISACowsMilk_10_page_6,1072.7,400.1,1161.0
10432356,stimulus_Arg_PISACowsMilk_10_page_6,1071.8,400.4,1160.0
10432357,stimulus_Arg_PISACowsMilk_10_page_6,1071.5,400.7,1161.0
10432358,stimulus_Arg_PISACowsMilk_10_page_6,1071.4,400.7,1161.0
10432359,stimulus_Arg_PISACowsMilk_10_page_6,1071.6,400.7,1161.0
10432360,stimulus_Arg_PISACowsMilk_10_page_6,1071.6,400.6,1162.0
10432361,stimulus_Arg_PISACowsMilk_10_page_6,1071.7,400.4,1162.0
10432362,stimulus_Arg_PISACowsMilk_10_page_6,1071.7,400.5,1163.0
10432363,stimulus_Arg_PISACowsMilk_10_page_6,1072.0,400.8,1163.0
10432364,stimulus_Arg_PISACowsMilk_10_page_6,1072.3,401.0,1163.0
10432365,stimulus_Arg_PISACowsMilk_10_page_6,1072.6,401.1,1163.0
10432366,stimulus_Arg_PISACowsMilk_10_page_6,1072.7,401.3,1163.0
10432367,stimulus_Arg_PISACowsMilk_10_page_6,1072.9,401.5,1164.0
10432368,stimulus_Arg_PISACowsMilk_10_page_6,1073.1,401.7,1164.0
10432369,stimulus_Arg_PISACowsMilk_10_page_6,1073.2,401.8,1165.0
10432370,stimulus_Arg_PISACowsMilk_10_page_6,1073.2,401.9,1166.0
10432371,stimulus_Arg_PISACowsMilk_10_page_6,1073.3,402.1,1167.0
10432372,stimulus_Arg_PISACowsMilk_10_page_6,1073.4,402.2,1167.0
10432373,stimulus_Arg_PISACowsMilk_10_page_6,1073.5,402.4,1168.0
10432374,stimulus_Arg_PISACowsMilk_10_page_6,1073.5,402.5,1168.0
10432375,stimulus_Arg_PISACowsMilk_10_page_6,1073.6,402.6,1169.0
10432376,stimulus_Arg_PISACowsMilk_10_page_6,1073.8,402.6,1169.0
10432377,stimulus_Arg_PISACowsMilk_10_page_6,1074.0,402.4,1169.0
10432378,stimulus_Arg_PISACowsMilk_10_page_6,1074.2,402.2,1170.0
10432379,stimulus_Arg_PISACowsMilk_10_page_6,1074.3,402.0,1170.0
10432380,stimulus_Arg_PISACowsMilk_10_page_6,1074.4,401.7,1169.0
10432381,stimulus_Arg_PISACowsMilk_10_page_6,1074.5,401.3,1168.0
10432382,stimulus_Arg_PISACowsMilk_10_page_6,1074.6,400.9,1167.0
10432383,stimulus_Arg_PISACowsMilk_10_page_6,1074.7,400.9,1168.0
10432384,stimulus_Arg_PISACowsMilk_10_page_6,1074.7,401.3,1168.0
10432385,stimulus_Arg_PISACowsMilk_10_page_6,1074.5,401.4,1168.0
10432386,stimulus_Arg_PISACowsMilk_10_page_6,1074.3,401.1,1167.0
10432387,stimulus_Arg_PISACowsMilk_10_page_6,1074.1,401.0,1167.0
10432388,stimulus_Arg_PISACowsMilk_10_page_6,1074.1,401.3,1167.0
10432389,stimulus_Arg_PISACowsMilk_10_page_6,1074.2,401.5,1167.0
10432390,stimulus_Arg_PISACowsMilk_10_page_6,1074.2,401.8,1167.0
10432391,stimulus_Arg_PISACowsMilk_10_page_6,1074.3,402.0,1167.0
10432392,stimulus_Arg_PISACowsMilk_10_page_6,1074.3,401.7,1167.0
10432393,stimulus_Arg_PISACowsMilk_10_page_6,1074.3,401.3,1167.0
10432394,stimulus_Arg_PISACowsMilk_10_page_6,1074.4,401.0,1166.0
10432395,stimulus_Arg_PISACowsMilk_10_page_6,1074.5,401.1,1165.0
10432396,stimulus_Arg_PISACowsMilk_10_page_6,1074.7,401.0,1165.0
10432397,stimulus_Arg_PISACowsMilk_10_page_6,1074.9,400.8,1165.0
10432398,stimulus_Arg_PISACowsMilk_10_page_6,1075.0,400.5,1165.0
10432399,stimulus_Arg_PISACowsMilk_10_page_6,1075.0,400.5,1164.0
10432400,stimulus_Arg_PISACowsMilk_10_page_6,1074.9,400.4,1164.0
10432401,stimulus_Arg_PISACowsMilk_10_page_6,1074.7,400.4,1165.0
10432402,stimulus_Arg_PISACowsMilk_10_page_6,1074.6,400.5,1166.0
10432403,stimulus_Arg_PISACowsMilk_10_page_6,1074.5,400.7,1167.0
10432404,stimulus_Arg_PISACowsMilk_10_page_6,1074.2,400.9,1167.0
10432405,stimulus_Arg_PISACowsMilk_10_page_6,1074.0,401.0,1167.0
10432406,stimulus_Arg_PISACowsMilk_10_page_6,1073.8,401.1,1167.0
10432407,stimulus_Arg_PISACowsMilk_10_page_6,1073.9,401.2,1166.0
10432408,stimulus_Arg_PISACowsMilk_10_page_6,1074.0,401.3,1166.0
10432409,stimulus_Arg_PISACowsMilk_10_page_6,1074.2,401.4,1166.0
10432410,stimulus_Arg_PISACowsMilk_10_page_6,1074.2,401.4,1166.0
10432411,stimulus_Arg_PISACowsMilk_10_page_6,1074.3,401.4,1166.0
10432412,stimulus_Arg_PISACowsMilk_10_page_6,1074.3,401.3,1166.0
10432413,stimulus_Arg_PISACowsMilk_10_page_6,1074.3,401.1,1166.0
10432414,stimulus_Arg_PISACowsMilk_10_page_6,1074.2,400.8,1165.0
10432415,stimulus_Arg_PISACowsMilk_10_page_6,1074.0,400.5,1165.0
10432416,stimulus_Arg_PISACowsMilk_10_page_6,1073.9,400.4,1166.0
10432417,stimulus_Arg_PISACowsMilk_10_page_6,1073.9,400.3,1167.0
10432418,stimulus_Arg_PISACowsMilk_10_page_6,1073.9,400.0,1168.0
10432419,stimulus_Arg_PISACowsMilk_10_page_6,1074.0,399.8,1168.0
10432420,stimulus_Arg_PISACowsMilk_10_page_6,1074.0,399.6,1167.0
10432421,stimulus_Arg_PISACowsMilk_10_page_6,1073.9,399.5,1166.0
10432422,stimulus_Arg_PISACowsMilk_10_page_6,1073.9,399.5,1166.0
10432423,stimulus_Arg_PISACowsMilk_10_page_6,1073.8,399.6,1165.0
10432424,stimulus_Arg_PISACowsMilk_10_page_6,1073.8,399.7,1165.0
10432425,stimulus_Arg_PISACowsMilk_10_page_6,1073.9,399.7,1166.0
10432426,stimulus_Arg_PISACowsMilk_10_page_6,1074.0,399.8,1166.0
10432427,stimulus_Arg_PISACowsMilk_10_page_6,1074.3,399.9,1166.0
10432428,stimulus_Arg_PISACowsMilk_10_page_6,1074.6,399.9,1166.0
10432429,stimulus_Arg_PISACowsMilk_10_page_6,1074.6,399.9,1166.0
10432430,stimulus_Arg_PISACowsMilk_10_page_6,1074.2,400.0,1165.0
10432431,stimulus_Arg_PISACowsMilk_10_page_6,1073.8,400.1,1165.0
10432432,stimulus_Arg_PISACowsMilk_10_page_6,1073.8,400.3,1165.0
10432433,stimulus_Arg_PISACowsMilk_10_page_6,1073.9,400.5,1166.0
10432434,stimulus_Arg_PISACowsMilk_10_page_6,1074.0,400.6,1166.0
10432435,stimulus_Arg_PISACowsMilk_10_page_6,1074.0,400.6,1166.0
10432436,stimulus_Arg_PISACowsMilk_10_page_6,1074.1,400.6,1166.0
10432437,stimulus_Arg_PISACowsMilk_10_page_6,1074.1,400.5,1166.0
10432438,stimulus_Arg_PISACowsMilk_10_page_6,1074.1,400.4,1167.0
10432439,stimulus_Arg_PISACowsMilk_10_page_6,1074.2,400.2,1167.0
10432440,stimulus_Arg_PISACowsMilk_10_page_6,1074.1,400.4,1168.0
10432441,stimulus_Arg_PISACowsMilk_10_page_6,1073.9,400.8,1168.0
10432442,stimulus_Arg_PISACowsMilk_10_page_6,1074.0,401.0,1167.0
10432443,stimulus_Arg_PISACowsMilk_10_page_6,1074.2,400.8,1167.0
10432444,stimulus_Arg_PISACowsMilk_10_page_6,1074.3,400.7,1166.0
10432445,stimulus_Arg_PISACowsMilk_10_page_6,1074.4,400.7,1166.0
10432446,stimulus_Arg_PISACowsMilk_10_page_6,1074.3,400.6,1165.0
10432447,stimulus_Arg_PISACowsMilk_10_page_6,1074.3,400.4,1165.0
10432448,stimulus_Arg_PISACowsMilk_10_page_6,1074.3,400.4,1165.0
10432449,stimulus_Arg_PISACowsMilk_10_page_6,1074.3,400.6,1166.0
10432450,stimulus_Arg_PISACowsMilk_10_page_6,1074.4,400.5,1167.0
10432451,stimulus_Arg_PISACowsMilk_10_page_6,1074.3,400.3,1168.0
10432452,stimulus_Arg_PISACowsMilk_10_page_6,1074.1,400.0,1167.0
10432453,stimulus_Arg_PISACowsMilk_10_page_6,1074.2,400.0,1167.0
10432454,stimulus_Arg_PISACowsMilk_10_page_6,1074.5,400.0,1166.0
10432455,stimulus_Arg_PISACowsMilk_10_page_6,1074.8,400.0,1166.0
10432456,stimulus_Arg_PISACowsMilk_10_page_6,1074.8,400.1,1166.0
10432457,stimulus_Arg_PISACowsMilk_10_page_6,1074.8,400.5,1165.0
10432458,stimulus_Arg_PISACowsMilk_10_page_6,1074.8,400.8,1165.0
10432459,stimulus_Arg_PISACowsMilk_10_page_6,1074.7,401.0,1165.0
10432460,stimulus_Arg_PISACowsMilk_10_page_6,1074.6,400.8,1166.0
10432461,stimulus_Arg_PISACowsMilk_10_page_6,1074.4,400.7,1166.0
10432462,stimulus_Arg_PISACowsMilk_10_page_6,1074.2,400.6,1166.0
10432463,stimulus_Arg_PISACowsMilk_10_page_6,1074.0,400.6,1167.0
10432464,stimulus_Arg_PISACowsMilk_10_page_6,1074.1,400.7,1167.0
10432465,stimulus_Arg_PISACowsMilk_10_page_6,1074.2,400.9,1167.0
10432466,stimulus_Arg_PISACowsMilk_10_page_6,1074.3,401.1,1167.0
10432467,stimulus_Arg_PISACowsMilk_10_page_6,1074.5,401.0,1167.0
10432468,stimulus_Arg_PISACowsMilk_10_page_6,1074.7,401.1,1167.0
10432469,stimulus_Arg_PISACowsMilk_10_page_6,1074.8,400.9,1167.0
10432470,stimulus_Arg_PISACowsMilk_10_page_6,1074.7,400.8,1167.0
10432471,stimulus_Arg_PISACowsMilk_10_page_6,1074.7,400.7,1166.0
10432472,stimulus_Arg_PISACowsMilk_10_page_6,1074.7,400.6,1165.0
10432473,stimulus_Arg_PISACowsMilk_10_page_6,1074.8,400.8,1164.0
10432474,stimulus_Arg_PISACowsMilk_10_page_6,1074.6,401.1,1163.0
10432475,stimulus_Arg_PISACowsMilk_10_page_6,1074.4,401.5,1163.0
10432476,stimulus_Arg_PISACowsMilk_10_page_6,1074.2,401.6,1162.0
10432477,stimulus_Arg_PISACowsMilk_10_page_6,1074.2,401.7,1162.0
10432478,stimulus_Arg_PISACowsMilk_10_page_6,1074.2,401.6,1163.0
10432479,stimulus_Arg_PISACowsMilk_10_page_6,1074.4,401.4,1164.0
10432480,stimulus_Arg_PISACowsMilk_10_page_6,1074.6,401.4,1164.0
10432481,stimulus_Arg_PISACowsMilk_10_page_6,1074.6,401.5,1164.0
10432482,stimulus_Arg_PISACowsMilk_10_page_6,1074.5,401.5,1164.0
10432483,stimulus_Arg_PISACowsMilk_10_page_6,1074.4,401.5,1165.0
10432484,stimulus_Arg_PISACowsMilk_10_page_6,1074.4,401.5,1166.0
10432485,stimulus_Arg_PISACowsMilk_10_page_6,1074.4,401.3,1166.0
10432486,stimulus_Arg_PISACowsMilk_10_page_6,1074.4,401.0,1164.0
10432487,stimulus_Arg_PISACowsMilk_10_page_6,1074.6,400.7,1163.0
10432488,stimulus_Arg_PISACowsMilk_10_page_6,1074.8,400.7,1162.0
10432489,stimulus_Arg_PISACowsMilk_10_page_6,1074.7,400.8,1163.0
10432490,stimulus_Arg_PISACowsMilk_10_page_6,1074.5,400.6,1165.0
10432491,stimulus_Arg_PISACowsMilk_10_page_6,1074.6,400.1,1165.0
10432492,stimulus_Arg_PISACowsMilk_10_page_6,1075.1,399.9,1164.0
10432493,stimulus_Arg_PISACowsMilk_10_page_6,1075.6,400.2,1162.0
10432494,stimulus_Arg_PISACowsMilk_10_page_6,1075.9,400.4,1162.0
10432495,stimulus_Arg_PISACowsMilk_10_page_6,1075.9,400.2,1162.0
10432496,stimulus_Arg_PISACowsMilk_10_page_6,1076.1,400.1,1162.0
10432497,stimulus_Arg_PISACowsMilk_10_page_6,1076.3,400.1,1161.0
10432498,stimulus_Arg_PISACowsMilk_10_page_6,1076.4,400.1,1162.0
10432499,stimulus_Arg_PISACowsMilk_10_page_6,1076.2,400.2,1162.0
10432500,stimulus_Arg_PISACowsMilk_10_page_6,1076.0,400.1,1162.0
10432501,stimulus_Arg_PISACowsMilk_10_page_6,1075.9,400.0,1162.0
10432502,stimulus_Arg_PISACowsMilk_10_page_6,1075.7,400.0,1163.0
10432503,stimulus_Arg_PISACowsMilk_10_page_6,1075.5,400.3,1164.0
10432504,stimulus_Arg_PISACowsMilk_10_page_6,1075.3,400.6,1164.0
10432505,stimulus_Arg_PISACowsMilk_10_page_6,1075.1,400.9,1163.0
10432506,stimulus_Arg_PISACowsMilk_10_page_6,1075.2,400.8,1161.0
10432507,stimulus_Arg_PISACowsMilk_10_page_6,1075.3,400.9,1161.0
10432508,stimulus_Arg_PISACowsMilk_10_page_6,1075.5,400.9,1162.0
10432509,stimulus_Arg_PISACowsMilk_10_page_6,1075.5,400.9,1164.0
10432510,stimulus_Arg_PISACowsMilk_10_page_6,1075.5,401.0,1164.0
10432511,stimulus_Arg_PISACowsMilk_10_page_6,1075.5,401.1,1164.0
10432512,stimulus_Arg_PISACowsMilk_10_page_6,1075.7,401.1,1165.0
10432513,stimulus_Arg_PISACowsMilk_10_page_6,1075.9,401.1,1165.0
10432514,stimulus_Arg_PISACowsMilk_10_page_6,1076.1,401.1,1165.0
10432515,stimulus_Arg_PISACowsMilk_10_page_6,1076.1,401.1,1164.0
10432516,stimulus_Arg_PISACowsMilk_10_page_6,1076.2,401.1,1163.0
10432517,stimulus_Arg_PISACowsMilk_10_page_6,1076.3,401.1,1163.0
10432518,stimulus_Arg_PISACowsMilk_10_page_6,1076.3,401.1,1164.0
10432519,stimulus_Arg_PISACowsMilk_10_page_6,1076.3,401.0,1164.0
10432520,stimulus_Arg_PISACowsMilk_10_page_6,1076.0,400.9,1164.0
10432521,stimulus_Arg_PISACowsMilk_10_page_6,1075.7,400.8,1165.0
10432522,stimulus_Arg_PISACowsMilk_10_page_6,1075.3,400.9,1166.0
10432523,stimulus_Arg_PISACowsMilk_10_page_6,1075.3,401.0,1167.0
10432524,stimulus_Arg_PISACowsMilk_10_page_6,1075.7,401.2,1167.0
10432525,stimulus_Arg_PISACowsMilk_10_page_6,1076.2,401.2,1166.0
10432526,stimulus_Arg_PISACowsMilk_10_page_6,1076.6,401.2,1164.0
10432527,stimulus_Arg_PISACowsMilk_10_page_6,1076.5,401.2,1163.0
10432528,stimulus_Arg_PISACowsMilk_10_page_6,1076.7,401.2,1164.0
10432529,stimulus_Arg_PISACowsMilk_10_page_6,1076.9,400.9,1164.0
10432530,stimulus_Arg_PISACowsMilk_10_page_6,1076.9,400.8,1163.0
10432531,stimulus_Arg_PISACowsMilk_10_page_6,1076.5,400.7,1163.0
10432532,stimulus_Arg_PISACowsMilk_10_page_6,1076.3,400.8,1162.0
10432533,stimulus_Arg_PISACowsMilk_10_page_6,1076.3,400.5,1161.0
10432534,stimulus_Arg_PISACowsMilk_10_page_6,1076.4,400.2,1161.0
10432535,stimulus_Arg_PISACowsMilk_10_page_6,1076.3,400.2,1162.0
10432536,stimulus_Arg_PISACowsMilk_10_page_6,1076.3,400.5,1163.0
10432537,stimulus_Arg_PISACowsMilk_10_page_6,1076.3,400.6,1164.0
10432538,stimulus_Arg_PISACowsMilk_10_page_6,1076.3,400.4,1163.0
10432539,stimulus_Arg_PISACowsMilk_10_page_6,1076.4,400.1,1163.0
10432540,stimulus_Arg_PISACowsMilk_10_page_6,1076.6,400.1,1162.0
10432541,stimulus_Arg_PISACowsMilk_10_page_6,1076.7,400.0,1162.0
10432542,stimulus_Arg_PISACowsMilk_10_page_6,1076.7,400.1,1163.0
10432543,stimulus_Arg_PISACowsMilk_10_page_6,1076.8,400.3,1163.0
10432544,stimulus_Arg_PISACowsMilk_10_page_6,1076.8,400.6,1163.0
10432545,stimulus_Arg_PISACowsMilk_10_page_6,1076.9,400.9,1163.0
10432546,stimulus_Arg_PISACowsMilk_10_page_6,1077.0,401.2,1163.0
10432547,stimulus_Arg_PISACowsMilk_10_page_6,1077.0,401.4,1164.0
10432548,stimulus_Arg_PISACowsMilk_10_page_6,1076.9,401.3,1165.0
10432549,stimulus_Arg_PISACowsMilk_10_page_6,1076.9,401.4,1166.0
10432550,stimulus_Arg_PISACowsMilk_10_page_6,1076.9,401.5,1166.0
10432551,stimulus_Arg_PISACowsMilk_10_page_6,1077.1,401.6,1166.0
10432552,stimulus_Arg_PISACowsMilk_10_page_6,1077.2,401.7,1166.0
10432553,stimulus_Arg_PISACowsMilk_10_page_6,1077.0,401.9,1166.0
10432554,stimulus_Arg_PISACowsMilk_10_page_6,1076.8,401.9,1166.0
10432555,stimulus_Arg_PISACowsMilk_10_page_6,1076.7,401.9,1166.0
10432556,stimulus_Arg_PISACowsMilk_10_page_6,1076.7,402.0,1166.0
10432557,stimulus_Arg_PISACowsMilk_10_page_6,1076.8,402.0,1165.0
10432558,stimulus_Arg_PISACowsMilk_10_page_6,1076.9,402.0,1164.0
10432559,stimulus_Arg_PISACowsMilk_10_page_6,1077.4,402.0,1164.0
10432560,stimulus_Arg_PISACowsMilk_10_page_6,1077.8,402.0,1164.0
10432561,stimulus_Arg_PISACowsMilk_10_page_6,1078.0,402.0,1165.0
10432562,stimulus_Arg_PISACowsMilk_10_page_6,1078.0,402.0,1166.0
10432563,stimulus_Arg_PISACowsMilk_10_page_6,1077.9,401.9,1166.0
10432564,stimulus_Arg_PISACowsMilk_10_page_6,1077.8,401.7,1165.0
10432565,stimulus_Arg_PISACowsMilk_10_page_6,1077.7,401.3,1165.0
10432566,stimulus_Arg_PISACowsMilk_10_page_6,1077.7,401.0,1164.0
10432567,stimulus_Arg_PISACowsMilk_10_page_6,1077.5,401.1,1163.0
10432568,stimulus_Arg_PISACowsMilk_10_page_6,1077.4,401.4,1163.0
10432569,stimulus_Arg_PISACowsMilk_10_page_6,1077.3,401.8,1163.0
10432570,stimulus_Arg_PISACowsMilk_10_page_6,1077.3,402.1,1163.0
10432571,stimulus_Arg_PISACowsMilk_10_page_6,1077.3,402.2,1163.0
10432572,stimulus_Arg_PISACowsMilk_10_page_6,1077.6,401.9,1162.0
10432573,stimulus_Arg_PISACowsMilk_10_page_6,1077.8,401.6,1162.0
10432574,stimulus_Arg_PISACowsMilk_10_page_6,1078.1,401.1,1162.0
10432575,stimulus_Arg_PISACowsMilk_10_page_6,1078.2,400.5,1162.0
10432576,stimulus_Arg_PISACowsMilk_10_page_6,1078.2,399.9,1162.0
10432577,stimulus_Arg_PISACowsMilk_10_page_6,1078.3,399.6,1162.0
10432578,stimulus_Arg_PISACowsMilk_10_page_6,1078.3,399.4,1162.0
10432579,stimulus_Arg_PISACowsMilk_10_page_6,1078.1,399.2,1164.0
10432580,stimulus_Arg_PISACowsMilk_10_page_6,1077.9,399.0,1165.0
10432581,stimulus_Arg_PISACowsMilk_10_page_6,1077.6,399.0,1166.0
10432582,stimulus_Arg_PISACowsMilk_10_page_6,1077.6,398.7,1167.0
10432583,stimulus_Arg_PISACowsMilk_10_page_6,1077.6,398.4,1167.0
10432584,stimulus_Arg_PISACowsMilk_10_page_6,1077.3,398.1,1167.0
10432585,stimulus_Arg_PISACowsMilk_10_page_6,1077.1,397.8,1167.0
10432586,stimulus_Arg_PISACowsMilk_10_page_6,1076.8,397.4,1167.0
10432587,stimulus_Arg_PISACowsMilk_10_page_6,1076.7,397.0,1166.0
10432588,stimulus_Arg_PISACowsMilk_10_page_6,1076.7,397.0,1166.0
10432589,stimulus_Arg_PISACowsMilk_10_page_6,1076.7,396.9,1166.0
10432590,stimulus_Arg_PISACowsMilk_10_page_6,1076.7,396.9,1166.0
10432591,stimulus_Arg_PISACowsMilk_10_page_6,1076.8,397.0,1166.0
10432592,stimulus_Arg_PISACowsMilk_10_page_6,1077.1,397.1,1165.0
10432593,stimulus_Arg_PISACowsMilk_10_page_6,1077.4,397.1,1165.0
10432594,stimulus_Arg_PISACowsMilk_10_page_6,1078.0,396.8,1165.0
10432595,stimulus_Arg_PISACowsMilk_10_page_6,1078.2,396.3,1164.0
10432596,stimulus_Arg_PISACowsMilk_10_page_6,1078.3,395.7,1165.0
10432597,stimulus_Arg_PISACowsMilk_10_page_6,1078.2,395.5,1165.0
10432598,stimulus_Arg_PISACowsMilk_10_page_6,1078.1,395.6,1166.0
10432599,stimulus_Arg_PISACowsMilk_10_page_6,1078.0,395.7,1167.0
10432600,stimulus_Arg_PISACowsMilk_10_page_6,1077.9,395.7,1167.0
10432601,stimulus_Arg_PISACowsMilk_10_page_6,1077.8,395.6,1167.0
10432602,stimulus_Arg_PISACowsMilk_10_page_6,1077.8,395.5,1167.0
10432603,stimulus_Arg_PISACowsMilk_10_page_6,1077.9,395.7,1167.0
10432604,stimulus_Arg_PISACowsMilk_10_page_6,1078.2,395.9,1167.0
10432605,stimulus_Arg_PISACowsMilk_10_page_6,1078.5,396.2,1167.0
10432606,stimulus_Arg_PISACowsMilk_10_page_6,1078.5,396.1,1167.0
10432607,stimulus_Arg_PISACowsMilk_10_page_6,1078.3,396.3,1168.0
10432608,stimulus_Arg_PISACowsMilk_10_page_6,1078.1,396.5,1168.0
10432609,stimulus_Arg_PISACowsMilk_10_page_6,1078.0,396.8,1168.0
10432610,stimulus_Arg_PISACowsMilk_10_page_6,1077.8,396.8,1169.0
10432611,stimulus_Arg_PISACowsMilk_10_page_6,1077.8,396.8,1169.0
10432612,stimulus_Arg_PISACowsMilk_10_page_6,1077.7,396.5,1169.0
10432613,stimulus_Arg_PISACowsMilk_10_page_6,1077.8,396.2,1169.0
10432614,stimulus_Arg_PISACowsMilk_10_page_6,1078.0,396.0,1168.0
10432615,stimulus_Arg_PISACowsMilk_10_page_6,1078.4,396.3,1168.0
10432616,stimulus_Arg_PISACowsMilk_10_page_6,1078.6,396.5,1168.0
10432617,stimulus_Arg_PISACowsMilk_10_page_6,1078.6,396.2,1168.0
10432618,stimulus_Arg_PISACowsMilk_10_page_6,1078.6,396.0,1168.0
10432619,stimulus_Arg_PISACowsMilk_10_page_6,1078.5,395.9,1168.0
10432620,stimulus_Arg_PISACowsMilk_10_page_6,1078.2,395.8,1168.0
10432621,stimulus_Arg_PISACowsMilk_10_page_6,1078.0,395.8,1168.0
10432622,stimulus_Arg_PISACowsMilk_10_page_6,1077.8,395.8,1168.0
10432623,stimulus_Arg_PISACowsMilk_10_page_6,1077.9,395.9,1168.0
10432624,stimulus_Arg_PISACowsMilk_10_page_6,1078.1,396.1,1167.0
10432625,stimulus_Arg_PISACowsMilk_10_page_6,1078.2,396.4,1167.0
10432626,stimulus_Arg_PISACowsMilk_10_page_6,1078.3,396.7,1168.0
10432627,stimulus_Arg_PISACowsMilk_10_page_6,1078.3,397.0,1169.0
10432628,stimulus_Arg_PISACowsMilk_10_page_6,1078.0,397.1,1169.0
10432629,stimulus_Arg_PISACowsMilk_10_page_6,1077.6,397.3,1170.0
10432630,stimulus_Arg_PISACowsMilk_10_page_6,1077.4,397.5,1170.0
10432631,stimulus_Arg_PISACowsMilk_10_page_6,1077.6,397.2,1169.0
10432632,stimulus_Arg_PISACowsMilk_10_page_6,1077.7,397.0,1169.0
10432633,stimulus_Arg_PISACowsMilk_10_page_6,1077.5,397.0,1169.0
10432634,stimulus_Arg_PISACowsMilk_10_page_6,1077.2,397.4,1170.0
10432635,stimulus_Arg_PISACowsMilk_10_page_6,1076.9,397.7,1170.0
10432636,stimulus_Arg_PISACowsMilk_10_page_6,1076.9,397.7,1170.0
10432637,stimulus_Arg_PISACowsMilk_10_page_6,1076.9,397.7,1169.0
10432638,stimulus_Arg_PISACowsMilk_10_page_6,1076.9,397.7,1169.0
10432639,stimulus_Arg_PISACowsMilk_10_page_6,1077.1,397.9,1170.0
10432640,stimulus_Arg_PISACowsMilk_10_page_6,1077.4,398.0,1171.0
10432641,stimulus_Arg_PISACowsMilk_10_page_6,1077.4,398.3,1172.0
10432642,stimulus_Arg_PISACowsMilk_10_page_6,1077.3,398.4,1171.0
10432643,stimulus_Arg_PISACowsMilk_10_page_6,1077.1,398.5,1171.0
10432644,stimulus_Arg_PISACowsMilk_10_page_6,1077.0,398.5,1171.0
10432645,stimulus_Arg_PISACowsMilk_10_page_6,1076.9,398.5,1171.0
10432646,stimulus_Arg_PISACowsMilk_10_page_6,1076.8,398.5,1171.0
10432647,stimulus_Arg_PISACowsMilk_10_page_6,1076.7,398.5,1171.0
10432648,stimulus_Arg_PISACowsMilk_10_page_6,1076.7,398.6,1172.0
10432649,stimulus_Arg_PISACowsMilk_10_page_6,1076.6,398.7,1172.0
10432650,stimulus_Arg_PISACowsMilk_10_page_6,1076.8,398.8,1173.0
10432651,stimulus_Arg_PISACowsMilk_10_page_6,1076.9,398.8,1173.0
10432652,stimulus_Arg_PISACowsMilk_10_page_6,1077.0,398.7,1172.0
10432653,stimulus_Arg_PISACowsMilk_10_page_6,1076.6,398.7,1171.0
10432654,stimulus_Arg_PISACowsMilk_10_page_6,1076.3,398.6,1171.0
10432655,stimulus_Arg_PISACowsMilk_10_page_6,1076.0,398.6,1171.0
10432656,stimulus_Arg_PISACowsMilk_10_page_6,1076.0,398.6,1171.0
10432657,stimulus_Arg_PISACowsMilk_10_page_6,1076.1,398.6,1171.0
10432658,stimulus_Arg_PISACowsMilk_10_page_6,1076.2,398.6,1171.0
10432659,stimulus_Arg_PISACowsMilk_10_page_6,1076.0,398.6,1170.0
10432660,stimulus_Arg_PISACowsMilk_10_page_6,1075.7,398.4,1170.0
10432661,stimulus_Arg_PISACowsMilk_10_page_6,1075.4,398.2,1170.0
10432662,stimulus_Arg_PISACowsMilk_10_page_6,1075.4,398.3,1171.0
10432663,stimulus_Arg_PISACowsMilk_10_page_6,1075.3,398.6,1172.0
10432664,stimulus_Arg_PISACowsMilk_10_page_6,1075.2,398.9,1171.0
10432665,stimulus_Arg_PISACowsMilk_10_page_6,1075.3,398.9,1171.0
10432666,stimulus_Arg_PISACowsMilk_10_page_6,1075.5,398.7,1171.0
10432667,stimulus_Arg_PISACowsMilk_10_page_6,1075.4,398.3,1171.0
10432668,stimulus_Arg_PISACowsMilk_10_page_6,1074.2,397.0,1170.0
10432669,stimulus_Arg_PISACowsMilk_10_page_6,1072.1,395.7,1168.0
10432670,stimulus_Arg_PISACowsMilk_10_page_6,1068.3,394.8,1168.0
10432671,stimulus_Arg_PISACowsMilk_10_page_6,1062.9,394.7,1168.0
10432672,stimulus_Arg_PISACowsMilk_10_page_6,1055.5,394.7,1170.0
10432673,stimulus_Arg_PISACowsMilk_10_page_6,1047.0,394.7,1170.0
10432674,stimulus_Arg_PISACowsMilk_10_page_6,1037.1,394.7,1171.0
10432675,stimulus_Arg_PISACowsMilk_10_page_6,1026.8,395.2,1173.0
10432676,stimulus_Arg_PISACowsMilk_10_page_6,1014.2,395.6,1176.0
10432677,stimulus_Arg_PISACowsMilk_10_page_6,1002.3,395.9,1178.0
10432678,stimulus_Arg_PISACowsMilk_10_page_6,989.3,396.0,1181.0
10432679,stimulus_Arg_PISACowsMilk_10_page_6,976.3,396.2,1184.0
10432680,stimulus_Arg_PISACowsMilk_10_page_6,963.2,396.4,1189.0
10432681,stimulus_Arg_PISACowsMilk_10_page_6,950.3,396.2,1190.0
10432682,stimulus_Arg_PISACowsMilk_10_page_6,938.0,395.9,1193.0
10432683,stimulus_Arg_PISACowsMilk_10_page_6,925.8,396.2,1195.0
10432684,stimulus_Arg_PISACowsMilk_10_page_6,914.4,397.3,1200.0
10432685,stimulus_Arg_PISACowsMilk_10_page_6,904.3,398.7,1203.0
10432686,stimulus_Arg_PISACowsMilk_10_page_6,893.7,399.4,1207.0
10432687,stimulus_Arg_PISACowsMilk_10_page_6,884.2,399.8,1207.0
10432688,stimulus_Arg_PISACowsMilk_10_page_6,874.4,399.9,1207.0
10432689,stimulus_Arg_PISACowsMilk_10_page_6,865.0,400.1,1207.0
10432690,stimulus_Arg_PISACowsMilk_10_page_6,856.1,399.9,1207.0
10432691,stimulus_Arg_PISACowsMilk_10_page_6,846.9,399.4,1208.0
10432692,stimulus_Arg_PISACowsMilk_10_page_6,838.0,398.9,1209.0
10432693,stimulus_Arg_PISACowsMilk_10_page_6,828.1,398.2,1211.0
10432694,stimulus_Arg_PISACowsMilk_10_page_6,817.9,397.7,1212.0
10432695,stimulus_Arg_PISACowsMilk_10_page_6,807.3,397.2,1212.0
10432696,stimulus_Arg_PISACowsMilk_10_page_6,796.9,396.8,1212.0
10432697,stimulus_Arg_PISACowsMilk_10_page_6,787.2,396.4,1211.0
10432698,stimulus_Arg_PISACowsMilk_10_page_6,776.3,395.6,1211.0
10432699,stimulus_Arg_PISACowsMilk_10_page_6,764.8,394.4,1211.0
10432700,stimulus_Arg_PISACowsMilk_10_page_6,753.7,393.1,1212.0
10432701,stimulus_Arg_PISACowsMilk_10_page_6,742.7,392.7,1212.0
10432702,stimulus_Arg_PISACowsMilk_10_page_6,731.5,392.6,1211.0
10432703,stimulus_Arg_PISACowsMilk_10_page_6,720.1,392.5,1211.0
10432704,stimulus_Arg_PISACowsMilk_10_page_6,709.8,392.9,1211.0
10432705,stimulus_Arg_PISACowsMilk_10_page_6,700.4,393.2,1213.0
10432706,stimulus_Arg_PISACowsMilk_10_page_6,690.9,393.5,1214.0
10432707,stimulus_Arg_PISACowsMilk_10_page_6,682.4,394.2,1213.0
10432708,stimulus_Arg_PISACowsMilk_10_page_6,673.2,394.9,1212.0
10432709,stimulus_Arg_PISACowsMilk_10_page_6,664.1,396.1,1212.0
10432710,stimulus_Arg_PISACowsMilk_10_page_6,655.2,396.4,1213.0
10432711,stimulus_Arg_PISACowsMilk_10_page_6,645.7,396.8,1212.0
10432712,stimulus_Arg_PISACowsMilk_10_page_6,635.8,397.1,1210.0
10432713,stimulus_Arg_PISACowsMilk_10_page_6,625.2,397.2,1207.0
10432714,stimulus_Arg_PISACowsMilk_10_page_6,614.4,398.0,1206.0
10432715,stimulus_Arg_PISACowsMilk_10_page_6,604.1,398.8,1205.0
10432716,stimulus_Arg_PISACowsMilk_10_page_6,593.4,399.6,1204.0
10432717,stimulus_Arg_PISACowsMilk_10_page_6,582.1,399.7,1203.0
10432718,stimulus_Arg_PISACowsMilk_10_page_6,570.4,400.0,1202.0
10432719,stimulus_Arg_PISACowsMilk_10_page_6,558.0,401.7,1201.0
10432720,stimulus_Arg_PISACowsMilk_10_page_6,545.5,403.1,1199.0
10432721,stimulus_Arg_PISACowsMilk_10_page_6,532.3,405.1,1197.0
10432722,stimulus_Arg_PISACowsMilk_10_page_6,519.2,406.8,1195.0
10432723,stimulus_Arg_PISACowsMilk_10_page_6,507.0,409.7,1196.0
10432724,stimulus_Arg_PISACowsMilk_10_page_6,494.7,411.7,1196.0
10432725,stimulus_Arg_PISACowsMilk_10_page_6,482.8,412.7,1197.0
10432726,stimulus_Arg_PISACowsMilk_10_page_6,470.9,412.6,1197.0
10432727,stimulus_Arg_PISACowsMilk_10_page_6,459.2,413.6,1197.0
10432728,stimulus_Arg_PISACowsMilk_10_page_6,448.0,414.6,1197.0
10432729,stimulus_Arg_PISACowsMilk_10_page_6,437.2,416.0,1196.0
10432730,stimulus_Arg_PISACowsMilk_10_page_6,427.2,416.6,1196.0
10432731,stimulus_Arg_PISACowsMilk_10_page_6,416.8,417.3,1195.0
10432732,stimulus_Arg_PISACowsMilk_10_page_6,407.2,417.8,1196.0
10432733,stimulus_Arg_PISACowsMilk_10_page_6,398.0,418.3,1197.0
10432734,stimulus_Arg_PISACowsMilk_10_page_6,388.2,418.9,1199.0
10432735,stimulus_Arg_PISACowsMilk_10_page_6,379.6,419.3,1199.0
10432736,stimulus_Arg_PISACowsMilk_10_page_6,370.4,420.1,1198.0
10432737,stimulus_Arg_PISACowsMilk_10_page_6,363.4,420.6,1197.0
10432738,stimulus_Arg_PISACowsMilk_10_page_6,355.8,422.0,1197.0
10432739,stimulus_Arg_PISACowsMilk_10_page_6,350.4,423.6,1198.0
10432740,stimulus_Arg_PISACowsMilk_10_page_6,342.6,425.2,1198.0
10432741,stimulus_Arg_PISACowsMilk_10_page_6,336.1,427.2,1197.0
10432742,stimulus_Arg_PISACowsMilk_10_page_6,326.9,428.7,1197.0
10432743,stimulus_Arg_PISACowsMilk_10_page_6,320.1,431.2,1196.0
10432744,stimulus_Arg_PISACowsMilk_10_page_6,310.5,432.3,1195.0
10432745,stimulus_Arg_PISACowsMilk_10_page_6,304.4,433.2,1195.0
10432746,stimulus_Arg_PISACowsMilk_10_page_6,296.5,433.3,1195.0
10432747,stimulus_Arg_PISACowsMilk_10_page_6,291.5,433.8,1195.0
10432748,stimulus_Arg_PISACowsMilk_10_page_6,284.9,434.8,1195.0
10432749,stimulus_Arg_PISACowsMilk_10_page_6,279.2,435.8,1195.0
10432750,stimulus_Arg_PISACowsMilk_10_page_6,273.7,437.1,1195.0
10432751,stimulus_Arg_PISACowsMilk_10_page_6,268.8,438.2,1196.0
10432752,stimulus_Arg_PISACowsMilk_10_page_6,264.4,440.0,1197.0
10432753,stimulus_Arg_PISACowsMilk_10_page_6,259.5,441.5,1197.0
10432754,stimulus_Arg_PISACowsMilk_10_page_6,254.6,442.6,1197.0
10432755,stimulus_Arg_PISACowsMilk_10_page_6,250.0,442.9,1196.0
10432756,stimulus_Arg_PISACowsMilk_10_page_6,244.7,443.3,1195.0
10432757,stimulus_Arg_PISACowsMilk_10_page_6,239.6,443.5,1197.0
10432758,stimulus_Arg_PISACowsMilk_10_page_6,236.0,444.4,1198.0
10432759,stimulus_Arg_PISACowsMilk_10_page_6,233.4,445.0,1200.0
10432760,stimulus_Arg_PISACowsMilk_10_page_6,231.0,446.1,1200.0
10432761,stimulus_Arg_PISACowsMilk_10_page_6,226.5,447.4,1198.0
10432762,stimulus_Arg_PISACowsMilk_10_page_6,220.7,449.0,1197.0
10432763,stimulus_Arg_PISACowsMilk_10_page_6,214.9,450.7,1195.0
10432764,stimulus_Arg_PISACowsMilk_10_page_6,210.4,452.0,1196.0
10432765,stimulus_Arg_PISACowsMilk_10_page_6,207.4,453.2,1196.0
10432766,stimulus_Arg_PISACowsMilk_10_page_6,204.7,454.0,1196.0
10432767,stimulus_Arg_PISACowsMilk_10_page_6,202.3,454.6,1195.0
10432768,stimulus_Arg_PISACowsMilk_10_page_6,199.6,455.5,1195.0
10432769,stimulus_Arg_PISACowsMilk_10_page_6,196.0,456.3,1195.0
10432770,stimulus_Arg_PISACowsMilk_10_page_6,193.3,456.7,1196.0
10432771,stimulus_Arg_PISACowsMilk_10_page_6,191.0,456.5,1197.0
10432772,stimulus_Arg_PISACowsMilk_10_page_6,189.8,457.2,1198.0
10432773,stimulus_Arg_PISACowsMilk_10_page_6,188.3,457.8,1198.0
10432774,stimulus_Arg_PISACowsMilk_10_page_6,187.2,458.9,1198.0
10432775,stimulus_Arg_PISACowsMilk_10_page_6,186.7,459.3,1198.0
10432776,stimulus_Arg_PISACowsMilk_10_page_6,186.1,459.9,1198.0
10432777,stimulus_Arg_PISACowsMilk_10_page_6,185.7,460.4,1198.0
10432778,stimulus_Arg_PISACowsMilk_10_page_6,185.5,460.9,1197.0
10432779,stimulus_Arg_PISACowsMilk_10_page_6,185.5,461.4,1197.0
10432780,stimulus_Arg_PISACowsMilk_10_page_6,185.7,461.4,1197.0
10432781,stimulus_Arg_PISACowsMilk_10_page_6,186.0,461.8,1197.0
10432782,stimulus_Arg_PISACowsMilk_10_page_6,186.3,462.1,1198.0
10432783,stimulus_Arg_PISACowsMilk_10_page_6,186.4,462.7,1198.0
10432784,stimulus_Arg_PISACowsMilk_10_page_6,186.4,463.0,1197.0
10432785,stimulus_Arg_PISACowsMilk_10_page_6,186.3,463.7,1196.0
10432786,stimulus_Arg_PISACowsMilk_10_page_6,186.2,463.9,1195.0
10432787,stimulus_Arg_PISACowsMilk_10_page_6,186.0,464.1,1195.0
10432788,stimulus_Arg_PISACowsMilk_10_page_6,185.9,464.5,1195.0
10432789,stimulus_Arg_PISACowsMilk_10_page_6,186.1,464.9,1196.0
10432790,stimulus_Arg_PISACowsMilk_10_page_6,186.2,465.3,1196.0
10432791,stimulus_Arg_PISACowsMilk_10_page_6,186.5,465.2,1197.0
10432792,stimulus_Arg_PISACowsMilk_10_page_6,186.5,464.9,1197.0
10432793,stimulus_Arg_PISACowsMilk_10_page_6,186.5,464.7,1198.0
10432794,stimulus_Arg_PISACowsMilk_10_page_6,186.6,464.2,1198.0
10432795,stimulus_Arg_PISACowsMilk_10_page_6,186.4,463.8,1198.0
10432796,stimulus_Arg_PISACowsMilk_10_page_6,186.3,463.5,1197.0
10432797,stimulus_Arg_PISACowsMilk_10_page_6,186.1,463.5,1197.0
10432798,stimulus_Arg_PISACowsMilk_10_page_6,185.6,463.4,1197.0
10432799,stimulus_Arg_PISACowsMilk_10_page_6,185.1,463.3,1195.0
10432800,stimulus_Arg_PISACowsMilk_10_page_6,184.6,462.8,1193.0
10432801,stimulus_Arg_PISACowsMilk_10_page_6,184.7,462.5,1192.0
10432802,stimulus_Arg_PISACowsMilk_10_page_6,184.9,462.1,1191.0
10432803,stimulus_Arg_PISACowsMilk_10_page_6,185.2,462.1,1192.0
10432804,stimulus_Arg_PISACowsMilk_10_page_6,185.5,462.0,1193.0
10432805,stimulus_Arg_PISACowsMilk_10_page_6,185.9,461.8,1194.0
10432806,stimulus_Arg_PISACowsMilk_10_page_6,186.4,461.6,1194.0
10432807,stimulus_Arg_PISACowsMilk_10_page_6,186.9,461.6,1194.0
10432808,stimulus_Arg_PISACowsMilk_10_page_6,187.3,461.7,1194.0
10432809,stimulus_Arg_PISACowsMilk_10_page_6,187.3,461.6,1194.0
10432810,stimulus_Arg_PISACowsMilk_10_page_6,187.5,461.6,1194.0
10432811,stimulus_Arg_PISACowsMilk_10_page_6,187.6,461.6,1195.0
10432812,stimulus_Arg_PISACowsMilk_10_page_6,187.6,461.7,1195.0
10432813,stimulus_Arg_PISACowsMilk_10_page_6,187.4,461.8,1195.0
10432814,stimulus_Arg_PISACowsMilk_10_page_6,187.3,461.9,1195.0
10432815,stimulus_Arg_PISACowsMilk_10_page_6,187.2,462.1,1194.0
10432816,stimulus_Arg_PISACowsMilk_10_page_6,186.9,462.4,1194.0
10432817,stimulus_Arg_PISACowsMilk_10_page_6,186.7,462.5,1194.0
10432818,stimulus_Arg_PISACowsMilk_10_page_6,186.5,462.7,1193.0
10432819,stimulus_Arg_PISACowsMilk_10_page_6,186.6,462.7,1193.0
10432820,stimulus_Arg_PISACowsMilk_10_page_6,186.7,462.7,1194.0
10432821,stimulus_Arg_PISACowsMilk_10_page_6,186.8,462.7,1195.0
10432822,stimulus_Arg_PISACowsMilk_10_page_6,186.9,462.5,1195.0
10432823,stimulus_Arg_PISACowsMilk_10_page_6,186.9,462.4,1194.0
10432824,stimulus_Arg_PISACowsMilk_10_page_6,186.9,462.2,1194.0
10432825,stimulus_Arg_PISACowsMilk_10_page_6,187.1,462.2,1194.0
10432826,stimulus_Arg_PISACowsMilk_10_page_6,187.3,462.2,1193.0
10432827,stimulus_Arg_PISACowsMilk_10_page_6,187.6,462.2,1193.0
10432828,stimulus_Arg_PISACowsMilk_10_page_6,187.6,462.2,1193.0
10432829,stimulus_Arg_PISACowsMilk_10_page_6,187.6,462.0,1194.0
10432830,stimulus_Arg_PISACowsMilk_10_page_6,187.6,461.9,1196.0
10432831,stimulus_Arg_PISACowsMilk_10_page_6,187.4,461.9,1196.0
10432832,stimulus_Arg_PISACowsMilk_10_page_6,187.2,462.0,1195.0
10432833,stimulus_Arg_PISACowsMilk_10_page_6,186.8,461.9,1194.0
10432834,stimulus_Arg_PISACowsMilk_10_page_6,186.4,461.6,1194.0
10432835,stimulus_Arg_PISACowsMilk_10_page_6,186.1,461.2,1194.0
10432836,stimulus_Arg_PISACowsMilk_10_page_6,186.0,461.2,1193.0
10432837,stimulus_Arg_PISACowsMilk_10_page_6,185.9,461.2,1193.0
10432838,stimulus_Arg_PISACowsMilk_10_page_6,185.7,460.9,1193.0
10432839,stimulus_Arg_PISACowsMilk_10_page_6,185.7,460.6,1193.0
10432840,stimulus_Arg_PISACowsMilk_10_page_6,185.7,460.3,1193.0
10432841,stimulus_Arg_PISACowsMilk_10_page_6,185.6,460.4,1193.0
10432842,stimulus_Arg_PISACowsMilk_10_page_6,185.6,460.3,1193.0
10432843,stimulus_Arg_PISACowsMilk_10_page_6,185.6,460.2,1191.0
10432844,stimulus_Arg_PISACowsMilk_10_page_6,185.7,460.1,1190.0
10432845,stimulus_Arg_PISACowsMilk_10_page_6,185.5,460.1,1189.0
10432846,stimulus_Arg_PISACowsMilk_10_page_6,185.3,460.0,1189.0
10432847,stimulus_Arg_PISACowsMilk_10_page_6,185.0,460.0,1189.0
10432848,stimulus_Arg_PISACowsMilk_10_page_6,184.8,460.0,1190.0
10432849,stimulus_Arg_PISACowsMilk_10_page_6,184.5,459.8,1191.0
10432850,stimulus_Arg_PISACowsMilk_10_page_6,184.2,459.7,1192.0
10432851,stimulus_Arg_PISACowsMilk_10_page_6,184.1,459.5,1192.0
10432852,stimulus_Arg_PISACowsMilk_10_page_6,184.0,459.4,1191.0
10432853,stimulus_Arg_PISACowsMilk_10_page_6,183.9,459.3,1191.0
10432854,stimulus_Arg_PISACowsMilk_10_page_6,183.9,459.1,1190.0
10432855,stimulus_Arg_PISACowsMilk_10_page_6,183.8,459.1,1190.0
10432856,stimulus_Arg_PISACowsMilk_10_page_6,183.8,459.2,1189.0
10432857,stimulus_Arg_PISACowsMilk_10_page_6,183.7,459.2,1188.0
10432858,stimulus_Arg_PISACowsMilk_10_page_6,183.7,459.4,1188.0
10432859,stimulus_Arg_PISACowsMilk_10_page_6,183.7,459.4,1188.0
10432860,stimulus_Arg_PISACowsMilk_10_page_6,183.7,459.6,1188.0
10432861,stimulus_Arg_PISACowsMilk_10_page_6,183.7,459.6,1189.0
10432862,stimulus_Arg_PISACowsMilk_10_page_6,183.8,459.7,1189.0
10432863,stimulus_Arg_PISACowsMilk_10_page_6,183.8,459.7,1189.0
10432864,stimulus_Arg_PISACowsMilk_10_page_6,183.8,459.6,1189.0
10432865,stimulus_Arg_PISACowsMilk_10_page_6,183.8,459.8,1188.0
10432866,stimulus_Arg_PISACowsMilk_10_page_6,183.8,460.1,1187.0
10432867,stimulus_Arg_PISACowsMilk_10_page_6,183.7,460.3,1186.0
10432868,stimulus_Arg_PISACowsMilk_10_page_6,183.7,460.3,1187.0
10432869,stimulus_Arg_PISACowsMilk_10_page_6,183.7,460.3,1186.0
10432870,stimulus_Arg_PISACowsMilk_10_page_6,183.5,460.3,1185.0
10432871,stimulus_Arg_PISACowsMilk_10_page_6,183.4,460.3,1185.0
10432872,stimulus_Arg_PISACowsMilk_10_page_6,183.3,460.2,1186.0
10432873,stimulus_Arg_PISACowsMilk_10_page_6,183.4,460.1,1187.0
10432874,stimulus_Arg_PISACowsMilk_10_page_6,183.4,459.9,1187.0
10432875,stimulus_Arg_PISACowsMilk_10_page_6,183.3,459.9,1187.0
10432876,stimulus_Arg_PISACowsMilk_10_page_6,183.3,459.9,1187.0
10432877,stimulus_Arg_PISACowsMilk_10_page_6,183.3,459.9,1187.0
10432878,stimulus_Arg_PISACowsMilk_10_page_6,183.4,459.9,1186.0
10432879,stimulus_Arg_PISACowsMilk_10_page_6,183.5,459.7,1186.0
10432880,stimulus_Arg_PISACowsMilk_10_page_6,183.9,459.5,1185.0
10432881,stimulus_Arg_PISACowsMilk_10_page_6,184.3,459.6,1185.0
10432882,stimulus_Arg_PISACowsMilk_10_page_6,184.4,459.9,1185.0
10432883,stimulus_Arg_PISACowsMilk_10_page_6,184.2,460.1,1184.0
10432884,stimulus_Arg_PISACowsMilk_10_page_6,184.0,460.0,1182.0
10432885,stimulus_Arg_PISACowsMilk_10_page_6,184.1,459.8,1181.0
10432886,stimulus_Arg_PISACowsMilk_10_page_6,184.2,459.8,1180.0
10432887,stimulus_Arg_PISACowsMilk_10_page_6,184.3,459.9,1180.0
10432888,stimulus_Arg_PISACowsMilk_10_page_6,184.3,460.0,1180.0
10432889,stimulus_Arg_PISACowsMilk_10_page_6,184.2,460.0,1181.0
10432890,stimulus_Arg_PISACowsMilk_10_page_6,184.1,460.1,1181.0
10432891,stimulus_Arg_PISACowsMilk_10_page_6,183.8,460.4,1180.0
10432892,stimulus_Arg_PISACowsMilk_10_page_6,183.6,460.9,1179.0
10432893,stimulus_Arg_PISACowsMilk_10_page_6,183.5,461.3,1179.0
10432894,stimulus_Arg_PISACowsMilk_10_page_6,183.6,461.6,1178.0
10432895,stimulus_Arg_PISACowsMilk_10_page_6,183.6,461.4,1178.0
10432896,stimulus_Arg_PISACowsMilk_10_page_6,183.5,461.2,1178.0
10432897,stimulus_Arg_PISACowsMilk_10_page_6,183.5,461.0,1177.0
10432898,stimulus_Arg_PISACowsMilk_10_page_6,183.7,460.9,1177.0
10432899,stimulus_Arg_PISACowsMilk_10_page_6,184.0,460.7,1176.0
10432900,stimulus_Arg_PISACowsMilk_10_page_6,184.2,460.5,1177.0
10432901,stimulus_Arg_PISACowsMilk_10_page_6,184.2,460.3,1176.0
10432902,stimulus_Arg_PISACowsMilk_10_page_6,184.1,460.3,1175.0
10432903,stimulus_Arg_PISACowsMilk_10_page_6,184.4,460.3,1174.0
10432904,stimulus_Arg_PISACowsMilk_10_page_6,184.6,460.4,1174.0
10432905,stimulus_Arg_PISACowsMilk_10_page_6,184.8,460.7,1174.0
10432906,stimulus_Arg_PISACowsMilk_10_page_6,184.7,461.0,1174.0
10432907,stimulus_Arg_PISACowsMilk_10_page_6,184.7,461.2,1173.0
10432908,stimulus_Arg_PISACowsMilk_10_page_6,184.9,461.2,1173.0
10432909,stimulus_Arg_PISACowsMilk_10_page_6,185.0,461.1,1174.0
10432910,stimulus_Arg_PISACowsMilk_10_page_6,184.9,461.1,1175.0
10432911,stimulus_Arg_PISACowsMilk_10_page_6,184.8,461.3,1176.0
10432912,stimulus_Arg_PISACowsMilk_10_page_6,184.8,461.5,1176.0
10432913,stimulus_Arg_PISACowsMilk_10_page_6,184.8,461.7,1176.0
10432914,stimulus_Arg_PISACowsMilk_10_page_6,184.7,461.9,1176.0
10432915,stimulus_Arg_PISACowsMilk_10_page_6,184.6,462.2,1176.0
10432916,stimulus_Arg_PISACowsMilk_10_page_6,184.6,462.4,1174.0
10432917,stimulus_Arg_PISACowsMilk_10_page_6,184.5,462.7,1173.0
10432918,stimulus_Arg_PISACowsMilk_10_page_6,184.5,463.1,1173.0
10432919,stimulus_Arg_PISACowsMilk_10_page_6,184.5,463.5,1173.0
10432920,stimulus_Arg_PISACowsMilk_10_page_6,184.5,463.6,1173.0
10432921,stimulus_Arg_PISACowsMilk_10_page_6,184.5,463.6,1173.0
10432922,stimulus_Arg_PISACowsMilk_10_page_6,184.7,463.7,1173.0
10432923,stimulus_Arg_PISACowsMilk_10_page_6,184.8,463.6,1173.0
10432924,stimulus_Arg_PISACowsMilk_10_page_6,184.9,463.6,1173.0
10432925,stimulus_Arg_PISACowsMilk_10_page_6,184.8,463.8,1172.0
10432926,stimulus_Arg_PISACowsMilk_10_page_6,184.8,464.1,1172.0
10432927,stimulus_Arg_PISACowsMilk_10_page_6,184.8,464.5,1172.0
10432928,stimulus_Arg_PISACowsMilk_10_page_6,185.0,464.7,1173.0
10432929,stimulus_Arg_PISACowsMilk_10_page_6,185.3,464.9,1173.0
10432930,stimulus_Arg_PISACowsMilk_10_page_6,185.6,464.8,1173.0
10432931,stimulus_Arg_PISACowsMilk_10_page_6,185.5,464.5,1173.0
10432932,stimulus_Arg_PISACowsMilk_10_page_6,185.3,464.2,1173.0
10432933,stimulus_Arg_PISACowsMilk_10_page_6,185.0,464.2,1173.0
10432934,stimulus_Arg_PISACowsMilk_10_page_6,184.8,464.3,1173.0
10432935,stimulus_Arg_PISACowsMilk_10_page_6,184.8,464.4,1171.0
10432936,stimulus_Arg_PISACowsMilk_10_page_6,185.2,464.5,1170.0
10432937,stimulus_Arg_PISACowsMilk_10_page_6,185.5,464.6,1170.0
10432938,stimulus_Arg_PISACowsMilk_10_page_6,185.7,464.6,1172.0
10432939,stimulus_Arg_PISACowsMilk_10_page_6,185.7,464.5,1173.0
10432940,stimulus_Arg_PISACowsMilk_10_page_6,185.8,464.7,1172.0
10432941,stimulus_Arg_PISACowsMilk_10_page_6,185.8,464.8,1172.0
10432942,stimulus_Arg_PISACowsMilk_10_page_6,185.7,464.9,1172.0
10432943,stimulus_Arg_PISACowsMilk_10_page_6,185.3,464.9,1172.0
10432944,stimulus_Arg_PISACowsMilk_10_page_6,183.8,465.1,1172.0
10432945,stimulus_Arg_PISACowsMilk_10_page_6,181.3,465.6,1171.0
10432946,stimulus_Arg_PISACowsMilk_10_page_6,177.2,466.8,1172.0
10432947,stimulus_Arg_PISACowsMilk_10_page_6,172.5,468.1,1173.0
10432948,stimulus_Arg_PISACowsMilk_10_page_6,167.0,470.0,1174.0
10432949,stimulus_Arg_PISACowsMilk_10_page_6,160.7,471.4,1174.0
10432950,stimulus_Arg_PISACowsMilk_10_page_6,153.4,473.5,1172.0
10432951,stimulus_Arg_PISACowsMilk_10_page_6,144.9,476.4,1170.0
10432952,stimulus_Arg_PISACowsMilk_10_page_6,136.8,480.7,1169.0
10432953,stimulus_Arg_PISACowsMilk_10_page_6,129.4,485.6,1169.0
10432954,stimulus_Arg_PISACowsMilk_10_page_6,123.1,489.6,1169.0
10432955,stimulus_Arg_PISACowsMilk_10_page_6,118.8,492.0,1170.0
10432956,stimulus_Arg_PISACowsMilk_10_page_6,116.5,493.0,1171.0
10432957,stimulus_Arg_PISACowsMilk_10_page_6,115.9,493.6,1170.0
10432958,stimulus_Arg_PISACowsMilk_10_page_6,115.9,494.2,1170.0
10432959,stimulus_Arg_PISACowsMilk_10_page_6,116.6,494.6,1170.0
10432960,stimulus_Arg_PISACowsMilk_10_page_6,118.2,494.2,1170.0
10432961,stimulus_Arg_PISACowsMilk_10_page_6,120.8,493.6,1170.0
10432962,stimulus_Arg_PISACowsMilk_10_page_6,123.5,492.6,1170.0
10432963,stimulus_Arg_PISACowsMilk_10_page_6,125.9,491.5,1169.0
10432964,stimulus_Arg_PISACowsMilk_10_page_6,128.2,490.1,1169.0
10432965,stimulus_Arg_PISACowsMilk_10_page_6,130.1,488.9,1169.0
10432966,stimulus_Arg_PISACowsMilk_10_page_6,131.8,488.1,1168.0
10432967,stimulus_Arg_PISACowsMilk_10_page_6,132.8,487.2,1166.0
10432968,stimulus_Arg_PISACowsMilk_10_page_6,133.7,485.9,1166.0
10432969,stimulus_Arg_PISACowsMilk_10_page_6,134.5,484.8,1166.0
10432970,stimulus_Arg_PISACowsMilk_10_page_6,134.9,484.2,1165.0
10432971,stimulus_Arg_PISACowsMilk_10_page_6,135.4,483.9,1164.0
10432972,stimulus_Arg_PISACowsMilk_10_page_6,135.6,483.9,1163.0
10432973,stimulus_Arg_PISACowsMilk_10_page_6,135.8,484.3,1162.0
10432974,stimulus_Arg_PISACowsMilk_10_page_6,135.5,484.8,1162.0
10432975,stimulus_Arg_PISACowsMilk_10_page_6,135.3,485.3,1162.0
10432976,stimulus_Arg_PISACowsMilk_10_page_6,135.3,485.5,1161.0
10432977,stimulus_Arg_PISACowsMilk_10_page_6,135.4,486.0,1161.0
10432978,stimulus_Arg_PISACowsMilk_10_page_6,135.1,486.5,1160.0
10432979,stimulus_Arg_PISACowsMilk_10_page_6,134.8,486.9,1161.0
10432980,stimulus_Arg_PISACowsMilk_10_page_6,134.5,486.9,1161.0
10432981,stimulus_Arg_PISACowsMilk_10_page_6,134.1,486.9,1162.0
10432982,stimulus_Arg_PISACowsMilk_10_page_6,133.5,486.9,1163.0
10432983,stimulus_Arg_PISACowsMilk_10_page_6,132.7,486.8,1164.0
10432984,stimulus_Arg_PISACowsMilk_10_page_6,131.8,487.1,1164.0
10432985,stimulus_Arg_PISACowsMilk_10_page_6,130.7,487.3,1164.0
10432986,stimulus_Arg_PISACowsMilk_10_page_6,129.8,487.5,1163.0
10432987,stimulus_Arg_PISACowsMilk_10_page_6,129.5,487.6,1163.0
10432988,stimulus_Arg_PISACowsMilk_10_page_6,129.3,487.8,1164.0
10432989,stimulus_Arg_PISACowsMilk_10_page_6,129.1,488.2,1165.0
10432990,stimulus_Arg_PISACowsMilk_10_page_6,128.7,488.6,1165.0
10432991,stimulus_Arg_PISACowsMilk_10_page_6,128.6,488.9,1166.0
10432992,stimulus_Arg_PISACowsMilk_10_page_6,128.5,488.9,1166.0
10432993,stimulus_Arg_PISACowsMilk_10_page_6,128.5,488.9,1165.0
10432994,stimulus_Arg_PISACowsMilk_10_page_6,128.6,488.9,1164.0
10432995,stimulus_Arg_PISACowsMilk_10_page_6,128.8,488.7,1162.0
10432996,stimulus_Arg_PISACowsMilk_10_page_6,128.8,488.5,1163.0
10432997,stimulus_Arg_PISACowsMilk_10_page_6,128.7,488.3,1163.0
10432998,stimulus_Arg_PISACowsMilk_10_page_6,128.7,488.2,1162.0
10432999,stimulus_Arg_PISACowsMilk_10_page_6,129.0,488.0,1162.0
10433000,stimulus_Arg_PISACowsMilk_10_page_6,129.3,487.8,1161.0
10433001,stimulus_Arg_PISACowsMilk_10_page_6,129.7,487.6,1162.0
10433002,stimulus_Arg_PISACowsMilk_10_page_6,129.8,487.3,1162.0
10433003,stimulus_Arg_PISACowsMilk_10_page_6,129.8,487.2,1162.0
10433004,stimulus_Arg_PISACowsMilk_10_page_6,129.5,487.0,1161.0
10433005,stimulus_Arg_PISACowsMilk_10_page_6,129.2,487.0,1160.0
10433006,stimulus_Arg_PISACowsMilk_10_page_6,129.0,486.9,1160.0
10433007,stimulus_Arg_PISACowsMilk_10_page_6,129.1,486.8,1159.0
10433008,stimulus_Arg_PISACowsMilk_10_page_6,129.1,486.7,1158.0
10433009,stimulus_Arg_PISACowsMilk_10_page_6,129.1,486.6,1159.0
10433010,stimulus_Arg_PISACowsMilk_10_page_6,128.8,486.8,1160.0
10433011,stimulus_Arg_PISACowsMilk_10_page_6,128.4,487.1,1161.0
10433012,stimulus_Arg_PISACowsMilk_10_page_6,128.2,487.4,1160.0
10433013,stimulus_Arg_PISACowsMilk_10_page_6,128.4,487.1,1160.0
10433014,stimulus_Arg_PISACowsMilk_10_page_6,128.6,486.8,1159.0
10433015,stimulus_Arg_PISACowsMilk_10_page_6,129.2,486.7,1160.0
10433016,stimulus_Arg_PISACowsMilk_10_page_6,129.7,486.8,1160.0
10433017,stimulus_Arg_PISACowsMilk_10_page_6,130.2,486.8,1160.0
10433018,stimulus_Arg_PISACowsMilk_10_page_6,130.3,486.7,1160.0
10433019,stimulus_Arg_PISACowsMilk_10_page_6,130.6,486.6,1160.0
10433020,stimulus_Arg_PISACowsMilk_10_page_6,130.8,486.7,1161.0
10433021,stimulus_Arg_PISACowsMilk_10_page_6,130.9,486.8,1161.0
10433022,stimulus_Arg_PISACowsMilk_10_page_6,130.8,487.0,1161.0
10433023,stimulus_Arg_PISACowsMilk_10_page_6,130.7,487.0,1160.0
10433024,stimulus_Arg_PISACowsMilk_10_page_6,130.6,487.0,1160.0
10433025,stimulus_Arg_PISACowsMilk_10_page_6,130.6,487.0,1159.0
10433026,stimulus_Arg_PISACowsMilk_10_page_6,130.7,487.1,1159.0
10433027,stimulus_Arg_PISACowsMilk_10_page_6,130.9,487.0,1159.0
10433028,stimulus_Arg_PISACowsMilk_10_page_6,131.0,486.9,1159.0
10433029,stimulus_Arg_PISACowsMilk_10_page_6,131.1,486.8,1159.0
10433030,stimulus_Arg_PISACowsMilk_10_page_6,131.1,486.7,1159.0
10433031,stimulus_Arg_PISACowsMilk_10_page_6,131.1,486.7,1159.0
10433032,stimulus_Arg_PISACowsMilk_10_page_6,131.1,486.7,1159.0
10433033,stimulus_Arg_PISACowsMilk_10_page_6,131.0,486.9,1159.0
10433034,stimulus_Arg_PISACowsMilk_10_page_6,131.0,487.0,1159.0
10433035,stimulus_Arg_PISACowsMilk_10_page_6,131.0,487.7,1159.0
10433036,stimulus_Arg_PISACowsMilk_10_page_6,131.0,488.0,1158.0
10433037,stimulus_Arg_PISACowsMilk_10_page_6,131.0,488.4,1157.0
10433038,stimulus_Arg_PISACowsMilk_10_page_6,130.7,488.1,1157.0
10433039,stimulus_Arg_PISACowsMilk_10_page_6,130.4,487.8,1157.0
10433040,stimulus_Arg_PISACowsMilk_10_page_6,130.6,487.3,1157.0
10433041,stimulus_Arg_PISACowsMilk_10_page_6,131.0,487.1,1158.0
10433042,stimulus_Arg_PISACowsMilk_10_page_6,131.3,486.9,1158.0
10433043,stimulus_Arg_PISACowsMilk_10_page_6,131.3,486.9,1158.0
10433044,stimulus_Arg_PISACowsMilk_10_page_6,131.7,487.0,1157.0
10433045,stimulus_Arg_PISACowsMilk_10_page_6,132.1,487.1,1156.0
10433046,stimulus_Arg_PISACowsMilk_10_page_6,132.5,487.1,1156.0
10433047,stimulus_Arg_PISACowsMilk_10_page_6,132.8,487.1,1156.0
10433048,stimulus_Arg_PISACowsMilk_10_page_6,132.9,487.3,1156.0
10433049,stimulus_Arg_PISACowsMilk_10_page_6,133.0,487.4,1156.0
10433050,stimulus_Arg_PISACowsMilk_10_page_6,132.8,487.5,1156.0
10433051,stimulus_Arg_PISACowsMilk_10_page_6,132.7,487.5,1156.0
10433052,stimulus_Arg_PISACowsMilk_10_page_6,132.7,487.5,1157.0
10433053,stimulus_Arg_PISACowsMilk_10_page_6,132.8,487.4,1158.0
10433054,stimulus_Arg_PISACowsMilk_10_page_6,132.9,487.2,1158.0
10433055,stimulus_Arg_PISACowsMilk_10_page_6,132.9,487.2,1156.0
10433056,stimulus_Arg_PISACowsMilk_10_page_6,132.7,487.4,1155.0
10433057,stimulus_Arg_PISACowsMilk_10_page_6,132.5,487.7,1155.0
10433058,stimulus_Arg_PISACowsMilk_10_page_6,132.5,487.6,1156.0
10433059,stimulus_Arg_PISACowsMilk_10_page_6,132.9,487.2,1157.0
10433060,stimulus_Arg_PISACowsMilk_10_page_6,133.2,486.8,1157.0
10433061,stimulus_Arg_PISACowsMilk_10_page_6,133.3,486.8,1157.0
10433062,stimulus_Arg_PISACowsMilk_10_page_6,133.2,487.0,1157.0
10433063,stimulus_Arg_PISACowsMilk_10_page_6,133.1,487.2,1156.0
10433064,stimulus_Arg_PISACowsMilk_10_page_6,132.9,487.5,1155.0
10433065,stimulus_Arg_PISACowsMilk_10_page_6,132.8,487.7,1155.0
10433066,stimulus_Arg_PISACowsMilk_10_page_6,132.8,488.0,1154.0
10433067,stimulus_Arg_PISACowsMilk_10_page_6,132.9,488.1,1155.0
10433068,stimulus_Arg_PISACowsMilk_10_page_6,133.0,488.0,1155.0
10433069,stimulus_Arg_PISACowsMilk_10_page_6,133.0,487.8,1155.0
10433070,stimulus_Arg_PISACowsMilk_10_page_6,133.0,487.5,1154.0
10433071,stimulus_Arg_PISACowsMilk_10_page_6,133.0,487.3,1153.0
10433072,stimulus_Arg_PISACowsMilk_10_page_6,133.1,487.3,1154.0
10433073,stimulus_Arg_PISACowsMilk_10_page_6,133.2,487.3,1154.0
10433074,stimulus_Arg_PISACowsMilk_10_page_6,133.2,487.4,1154.0
10433075,stimulus_Arg_PISACowsMilk_10_page_6,133.2,487.8,1154.0
10433076,stimulus_Arg_PISACowsMilk_10_page_6,133.1,488.1,1154.0
10433077,stimulus_Arg_PISACowsMilk_10_page_6,133.1,488.2,1155.0
10433078,stimulus_Arg_PISACowsMilk_10_page_6,133.2,488.1,1155.0
10433079,stimulus_Arg_PISACowsMilk_10_page_6,133.5,487.9,1157.0
10433080,stimulus_Arg_PISACowsMilk_10_page_6,133.7,487.9,1159.0
10433081,stimulus_Arg_PISACowsMilk_10_page_6,133.4,487.8,1160.0
10433082,stimulus_Arg_PISACowsMilk_10_page_6,133.1,487.8,1160.0
10433083,stimulus_Arg_PISACowsMilk_10_page_6,132.7,487.5,1159.0
10433084,stimulus_Arg_PISACowsMilk_10_page_6,132.6,487.1,1158.0
10433085,stimulus_Arg_PISACowsMilk_10_page_6,132.7,487.2,1156.0
10433086,stimulus_Arg_PISACowsMilk_10_page_6,132.9,487.5,1155.0
10433087,stimulus_Arg_PISACowsMilk_10_page_6,133.2,487.9,1155.0
10433088,stimulus_Arg_PISACowsMilk_10_page_6,133.3,487.8,1155.0
10433089,stimulus_Arg_PISACowsMilk_10_page_6,133.5,487.8,1155.0
10433090,stimulus_Arg_PISACowsMilk_10_page_6,133.6,487.8,1154.0
10433091,stimulus_Arg_PISACowsMilk_10_page_6,133.7,487.8,1154.0
10433092,stimulus_Arg_PISACowsMilk_10_page_6,133.7,487.8,1155.0
10433093,stimulus_Arg_PISACowsMilk_10_page_6,133.7,487.9,1156.0
10433094,stimulus_Arg_PISACowsMilk_10_page_6,133.5,488.0,1157.0
10433095,stimulus_Arg_PISACowsMilk_10_page_6,133.3,488.0,1157.0
10433096,stimulus_Arg_PISACowsMilk_10_page_6,133.2,488.2,1157.0
10433097,stimulus_Arg_PISACowsMilk_10_page_6,133.1,488.4,1157.0
10433098,stimulus_Arg_PISACowsMilk_10_page_6,133.2,488.5,1157.0
10433099,stimulus_Arg_PISACowsMilk_10_page_6,133.2,488.2,1157.0
10433100,stimulus_Arg_PISACowsMilk_10_page_6,133.3,488.0,1157.0
10433101,stimulus_Arg_PISACowsMilk_10_page_6,133.5,488.0,1157.0
10433102,stimulus_Arg_PISACowsMilk_10_page_6,133.6,487.9,1158.0
10433103,stimulus_Arg_PISACowsMilk_10_page_6,133.8,487.9,1160.0
10433104,stimulus_Arg_PISACowsMilk_10_page_6,133.8,487.8,1161.0
10433105,stimulus_Arg_PISACowsMilk_10_page_6,133.8,487.7,1161.0
10433106,stimulus_Arg_PISACowsMilk_10_page_6,133.8,487.7,1162.0
10433107,stimulus_Arg_PISACowsMilk_10_page_6,133.9,487.6,1162.0
10433108,stimulus_Arg_PISACowsMilk_10_page_6,134.1,487.7,1161.0
10433109,stimulus_Arg_PISACowsMilk_10_page_6,134.2,487.7,1161.0
10433110,stimulus_Arg_PISACowsMilk_10_page_6,134.0,487.9,1161.0
10433111,stimulus_Arg_PISACowsMilk_10_page_6,133.7,488.1,1161.0
10433112,stimulus_Arg_PISACowsMilk_10_page_6,133.3,488.3,1161.0
10433113,stimulus_Arg_PISACowsMilk_10_page_6,133.0,488.3,1160.0
10433114,stimulus_Arg_PISACowsMilk_10_page_6,132.9,488.4,1160.0
10433115,stimulus_Arg_PISACowsMilk_10_page_6,133.1,488.4,1161.0
10433116,stimulus_Arg_PISACowsMilk_10_page_6,133.2,488.4,1161.0
10433117,stimulus_Arg_PISACowsMilk_10_page_6,133.3,488.4,1159.0
10433118,stimulus_Arg_PISACowsMilk_10_page_6,133.5,488.4,1157.0
10433119,stimulus_Arg_PISACowsMilk_10_page_6,133.6,488.5,1156.0
10433120,stimulus_Arg_PISACowsMilk_10_page_6,133.8,488.4,1158.0
10433121,stimulus_Arg_PISACowsMilk_10_page_6,133.9,488.2,1159.0
10433122,stimulus_Arg_PISACowsMilk_10_page_6,134.0,487.9,1160.0
10433123,stimulus_Arg_PISACowsMilk_10_page_6,134.0,487.7,1161.0
10433124,stimulus_Arg_PISACowsMilk_10_page_6,134.3,487.6,1160.0
10433125,stimulus_Arg_PISACowsMilk_10_page_6,134.5,487.7,1159.0
10433126,stimulus_Arg_PISACowsMilk_10_page_6,134.6,487.7,1158.0
10433127,stimulus_Arg_PISACowsMilk_10_page_6,134.4,487.8,1159.0
10433128,stimulus_Arg_PISACowsMilk_10_page_6,134.2,487.9,1159.0
10433129,stimulus_Arg_PISACowsMilk_10_page_6,134.0,488.0,1158.0
10433130,stimulus_Arg_PISACowsMilk_10_page_6,133.8,488.2,1160.0
10433131,stimulus_Arg_PISACowsMilk_10_page_6,133.6,488.3,1161.0
10433132,stimulus_Arg_PISACowsMilk_10_page_6,133.5,488.3,1163.0
10433133,stimulus_Arg_PISACowsMilk_10_page_6,133.5,488.4,1161.0
10433134,stimulus_Arg_PISACowsMilk_10_page_6,133.4,488.3,1160.0
10433135,stimulus_Arg_PISACowsMilk_10_page_6,133.3,488.3,1159.0
10433136,stimulus_Arg_PISACowsMilk_10_page_6,133.2,488.0,1159.0
10433137,stimulus_Arg_PISACowsMilk_10_page_6,133.0,487.6,1159.0
10433138,stimulus_Arg_PISACowsMilk_10_page_6,133.0,487.4,1159.0
10433139,stimulus_Arg_PISACowsMilk_10_page_6,133.1,487.5,1160.0
10433140,stimulus_Arg_PISACowsMilk_10_page_6,133.4,487.9,1160.0
10433141,stimulus_Arg_PISACowsMilk_10_page_6,133.7,488.3,1159.0
10433142,stimulus_Arg_PISACowsMilk_10_page_6,133.8,488.8,1158.0
10433143,stimulus_Arg_PISACowsMilk_10_page_6,134.0,489.0,1158.0
10433144,stimulus_Arg_PISACowsMilk_10_page_6,134.3,489.1,1158.0
10433145,stimulus_Arg_PISACowsMilk_10_page_6,134.3,489.0,1159.0
10433146,stimulus_Arg_PISACowsMilk_10_page_6,134.1,488.6,1159.0
10433147,stimulus_Arg_PISACowsMilk_10_page_6,133.9,488.4,1159.0
10433148,stimulus_Arg_PISACowsMilk_10_page_6,134.0,488.2,1159.0
10433149,stimulus_Arg_PISACowsMilk_10_page_6,134.0,488.6,1160.0
10433150,stimulus_Arg_PISACowsMilk_10_page_6,133.8,489.1,1160.0
10433151,stimulus_Arg_PISACowsMilk_10_page_6,133.7,489.3,1161.0
10433152,stimulus_Arg_PISACowsMilk_10_page_6,133.5,489.0,1161.0
10433153,stimulus_Arg_PISACowsMilk_10_page_6,133.5,488.6,1161.0
10433154,stimulus_Arg_PISACowsMilk_10_page_6,133.5,488.5,1160.0
10433155,stimulus_Arg_PISACowsMilk_10_page_6,133.4,488.3,1160.0
10433156,stimulus_Arg_PISACowsMilk_10_page_6,133.2,488.1,1160.0
10433157,stimulus_Arg_PISACowsMilk_10_page_6,132.9,488.1,1159.0
10433158,stimulus_Arg_PISACowsMilk_10_page_6,132.9,488.0,1159.0
10433159,stimulus_Arg_PISACowsMilk_10_page_6,132.8,487.9,1160.0
10433160,stimulus_Arg_PISACowsMilk_10_page_6,132.7,487.8,1160.0
10433161,stimulus_Arg_PISACowsMilk_10_page_6,132.5,487.7,1161.0
10433162,stimulus_Arg_PISACowsMilk_10_page_6,132.6,487.6,1162.0
10433163,stimulus_Arg_PISACowsMilk_10_page_6,132.7,487.5,1162.0
10433164,stimulus_Arg_PISACowsMilk_10_page_6,132.9,487.5,1161.0
10433165,stimulus_Arg_PISACowsMilk_10_page_6,132.9,487.7,1161.0
10433166,stimulus_Arg_PISACowsMilk_10_page_6,132.9,487.9,1160.0
10433167,stimulus_Arg_PISACowsMilk_10_page_6,132.7,487.9,1160.0
10433168,stimulus_Arg_PISACowsMilk_10_page_6,132.4,487.9,1160.0
10433169,stimulus_Arg_PISACowsMilk_10_page_6,132.3,487.9,1160.0
10433170,stimulus_Arg_PISACowsMilk_10_page_6,132.3,487.9,1160.0
10433171,stimulus_Arg_PISACowsMilk_10_page_6,132.4,487.8,1161.0
10433172,stimulus_Arg_PISACowsMilk_10_page_6,132.5,487.7,1161.0
10433173,stimulus_Arg_PISACowsMilk_10_page_6,132.8,488.1,1162.0
10433174,stimulus_Arg_PISACowsMilk_10_page_6,132.9,489.1,1161.0
10433175,stimulus_Arg_PISACowsMilk_10_page_6,132.9,490.4,1160.0
10433176,stimulus_Arg_PISACowsMilk_10_page_6,132.8,491.8,1158.0
10433177,stimulus_Arg_PISACowsMilk_10_page_6,132.7,493.1,1157.0
10433178,stimulus_Arg_PISACowsMilk_10_page_6,132.6,494.8,1157.0
10433179,stimulus_Arg_PISACowsMilk_10_page_6,132.5,495.8,1158.0
10433180,stimulus_Arg_PISACowsMilk_10_page_6,132.1,496.6,1160.0
10433181,stimulus_Arg_PISACowsMilk_10_page_6,131.8,496.7,1162.0
10433182,stimulus_Arg_PISACowsMilk_10_page_6,131.3,497.5,1163.0
10433183,stimulus_Arg_PISACowsMilk_10_page_6,131.0,498.4,1163.0
10433184,stimulus_Arg_PISACowsMilk_10_page_6,131.2,499.2,1163.0
10433185,stimulus_Arg_PISACowsMilk_10_page_6,132.3,499.3,1163.0
10433186,stimulus_Arg_PISACowsMilk_10_page_6,133.9,499.5,1163.0
10433187,stimulus_Arg_PISACowsMilk_10_page_6,136.7,499.8,1162.0
10433188,stimulus_Arg_PISACowsMilk_10_page_6,139.6,500.3,1162.0
10433189,stimulus_Arg_PISACowsMilk_10_page_6,143.4,501.0,1162.0
10433190,stimulus_Arg_PISACowsMilk_10_page_6,146.5,501.7,1162.0
10433191,stimulus_Arg_PISACowsMilk_10_page_6,151.9,502.2,1161.0
10433192,stimulus_Arg_PISACowsMilk_10_page_6,158.3,502.6,1161.0
10433193,stimulus_Arg_PISACowsMilk_10_page_6,166.7,503.1,1160.0
10433194,stimulus_Arg_PISACowsMilk_10_page_6,176.1,502.9,1161.0
10433195,stimulus_Arg_PISACowsMilk_10_page_6,186.7,502.8,1162.0
10433196,stimulus_Arg_PISACowsMilk_10_page_6,198.3,502.8,1165.0
10433197,stimulus_Arg_PISACowsMilk_10_page_6,210.1,503.6,1168.0
10433198,stimulus_Arg_PISACowsMilk_10_page_6,223.0,504.3,1170.0
10433199,stimulus_Arg_PISACowsMilk_10_page_6,235.7,504.4,1170.0
10433200,stimulus_Arg_PISACowsMilk_10_page_6,247.8,504.4,1169.0
10433201,stimulus_Arg_PISACowsMilk_10_page_6,260.1,502.3,1171.0
10433202,stimulus_Arg_PISACowsMilk_10_page_6,274.7,491.7,1185.0
10433203,stimulus_Arg_PISACowsMilk_10_page_6,288.6,481.4,1198.0
10433204,stimulus_Arg_PISACowsMilk_10_page_6,298.0,480.9,1201.0
10433205,stimulus_Arg_PISACowsMilk_10_page_6,301.0,497.9,1179.0
10433206,stimulus_Arg_PISACowsMilk_10_page_6,299.3,528.0,1140.0
10433207,stimulus_Arg_PISACowsMilk_10_page_6,295.4,561.5,1087.0
10433208,stimulus_Arg_PISACowsMilk_10_page_6,290.7,598.7,1029.0
10433209,stimulus_Arg_PISACowsMilk_10_page_6,285.6,635.0,966.0
10433210,stimulus_Arg_PISACowsMilk_10_page_6,280.1,672.9,906.0
10433211,stimulus_Arg_PISACowsMilk_10_page_6,273.9,712.2,843.0
10433212,stimulus_Arg_PISACowsMilk_10_page_6,267.6,752.4,784.0
10433213,stimulus_Arg_PISACowsMilk_10_page_6,259.8,792.4,723.0
10433214,stimulus_Arg_PISACowsMilk_10_page_6,251.1,831.5,664.0
10433215,stimulus_Arg_PISACowsMilk_10_page_6,241.7,869.3,602.0
10433216,stimulus_Arg_PISACowsMilk_10_page_6,234.9,904.5,544.0
10433217,stimulus_Arg_PISACowsMilk_10_page_6,230.1,937.9,487.0
10433218,stimulus_Arg_PISACowsMilk_10_page_6,226.8,973.1,432.0
10433219,stimulus_Arg_PISACowsMilk_10_page_6,224.3,998.0,394.0
10433220,stimulus_Arg_PISACowsMilk_10_page_6,223.0,1012.0,374.0
10433221,stimulus_Arg_PISACowsMilk_10_page_6,223.0,1012.0,374.0
10433222,stimulus_Arg_PISACowsMilk_10_page_6,,,0.0
10433223,stimulus_Arg_PISACowsMilk_10_page_6,,,0.0
10433224,stimulus_Arg_PISACowsMilk_10_page_6,,,0.0
10433225,stimulus_Arg_PISACowsMilk_10_page_6,,,0.0
10433226,stimulus_Arg_PISACowsMilk_10_page_6,,,0.0
10433227,stimulus_Arg_PISACowsMilk_10_page_6,,,0.0
10433228,stimulus_Arg_PISACowsMilk_10_page_6,,,0.0
10433229,stimulus_Arg_PISACowsMilk_10_page_6,,,0.0
10433230,stimulus_Arg_PISACowsMilk_10_page_6,,,0.0
10433231,stimulus_Arg_PISACowsMilk_10_page_6,,,0.0
10433232,stimulus_Arg_PISACowsMilk_10_page_6,,,0.0
10433233,stimulus_Arg_PISACowsMilk_10_page_6,,,0.0
10433234,stimulus_Arg_PISACowsMilk_10_page_6,,,0.0
10433235,stimulus_Arg_PISACowsMilk_10_page_6,,,0.0
10433236,stimulus_Arg_PISACowsMilk_10_page_6,,,0.0
10433237,stimulus_Arg_PISACowsMilk_10_page_6,,,0.0
10433238,stimulus_Arg_PISACowsMilk_10_page_6,,,0.0
10433239,stimulus_Arg_PISACowsMilk_10_page_6,,,0.0
10433240,stimulus_Arg_PISACowsMilk_10_page_6,,,0.0
10433241,stimulus_Arg_PISACowsMilk_10_page_6,,,0.0
10433242,stimulus_Arg_PISACowsMilk_10_page_6,,,0.0
10433243,stimulus_Arg_PISACowsMilk_10_page_6,,,0.0
10433244,stimulus_Arg_PISACowsMilk_10_page_6,,,0.0
10433245,stimulus_Arg_PISACowsMilk_10_page_6,,,0.0
10433246,stimulus_Arg_PISACowsMilk_10_page_6,,,0.0
10433247,stimulus_Arg_PISACowsMilk_10_page_6,,,0.0
10433248,stimulus_Arg_PISACowsMilk_10_page_6,202.5,1007.5,351.0
10433249,stimulus_Arg_PISACowsMilk_10_page_6,202.5,1007.5,351.0
10433250,stimulus_Arg_PISACowsMilk_10_page_6,206.1,998.4,363.0
10433251,stimulus_Arg_PISACowsMilk_10_page_6,213.0,980.3,386.0
10433252,stimulus_Arg_PISACowsMilk_10_page_6,222.1,953.3,423.0
10433253,stimulus_Arg_PISACowsMilk_10_page_6,228.4,926.3,463.0
10433254,stimulus_Arg_PISACowsMilk_10_page_6,233.8,900.9,504.0
10433255,stimulus_Arg_PISACowsMilk_10_page_6,237.6,877.5,543.0
10433256,stimulus_Arg_PISACowsMilk_10_page_6,243.3,856.3,577.0
10433257,stimulus_Arg_PISACowsMilk_10_page_6,248.5,835.5,613.0
10433258,stimulus_Arg_PISACowsMilk_10_page_6,253.9,814.6,647.0
10433259,stimulus_Arg_PISACowsMilk_10_page_6,258.3,793.7,680.0
10433260,stimulus_Arg_PISACowsMilk_10_page_6,262.1,773.1,712.0
10433261,stimulus_Arg_PISACowsMilk_10_page_6,266.7,752.1,746.0
10433262,stimulus_Arg_PISACowsMilk_10_page_6,271.4,731.1,780.0
10433263,stimulus_Arg_PISACowsMilk_10_page_6,276.5,709.5,814.0
10433264,stimulus_Arg_PISACowsMilk_10_page_6,281.0,689.0,847.0
10433265,stimulus_Arg_PISACowsMilk_10_page_6,285.6,667.7,882.0
10433266,stimulus_Arg_PISACowsMilk_10_page_6,289.9,646.2,915.0
10433267,stimulus_Arg_PISACowsMilk_10_page_6,293.8,624.7,949.0
10433268,stimulus_Arg_PISACowsMilk_10_page_6,297.4,604.0,981.0
10433269,stimulus_Arg_PISACowsMilk_10_page_6,301.3,584.7,1011.0
10433270,stimulus_Arg_PISACowsMilk_10_page_6,305.2,566.3,1037.0
10433271,stimulus_Arg_PISACowsMilk_10_page_6,308.2,550.1,1062.0
10433272,stimulus_Arg_PISACowsMilk_10_page_6,311.0,534.8,1086.0
10433273,stimulus_Arg_PISACowsMilk_10_page_6,313.8,520.7,1107.0
10433274,stimulus_Arg_PISACowsMilk_10_page_6,316.9,507.6,1127.0
10433275,stimulus_Arg_PISACowsMilk_10_page_6,318.9,495.2,1142.0
10433276,stimulus_Arg_PISACowsMilk_10_page_6,320.6,484.1,1158.0
10433277,stimulus_Arg_PISACowsMilk_10_page_6,321.5,473.8,1171.0
10433278,stimulus_Arg_PISACowsMilk_10_page_6,321.6,466.3,1181.0
10433279,stimulus_Arg_PISACowsMilk_10_page_6,321.2,460.1,1186.0
10433280,stimulus_Arg_PISACowsMilk_10_page_6,320.5,456.1,1188.0
10433281,stimulus_Arg_PISACowsMilk_10_page_6,319.6,453.9,1189.0
10433282,stimulus_Arg_PISACowsMilk_10_page_6,317.5,455.6,1187.0
10433283,stimulus_Arg_PISACowsMilk_10_page_6,314.2,461.5,1179.0
10433284,stimulus_Arg_PISACowsMilk_10_page_6,310.3,470.3,1170.0
10433285,stimulus_Arg_PISACowsMilk_10_page_6,307.6,477.4,1163.0
10433286,stimulus_Arg_PISACowsMilk_10_page_6,306.4,480.9,1160.0
10433287,stimulus_Arg_PISACowsMilk_10_page_6,306.2,481.7,1157.0
10433288,stimulus_Arg_PISACowsMilk_10_page_6,305.9,482.0,1156.0
10433289,stimulus_Arg_PISACowsMilk_10_page_6,305.5,482.3,1155.0
10433290,stimulus_Arg_PISACowsMilk_10_page_6,305.0,482.4,1154.0
10433291,stimulus_Arg_PISACowsMilk_10_page_6,304.5,482.2,1154.0
10433292,stimulus_Arg_PISACowsMilk_10_page_6,304.1,482.2,1154.0
10433293,stimulus_Arg_PISACowsMilk_10_page_6,304.1,482.4,1154.0
10433294,stimulus_Arg_PISACowsMilk_10_page_6,304.1,482.6,1154.0
10433295,stimulus_Arg_PISACowsMilk_10_page_6,304.2,482.5,1153.0
10433296,stimulus_Arg_PISACowsMilk_10_page_6,304.3,482.4,1152.0
10433297,stimulus_Arg_PISACowsMilk_10_page_6,304.3,482.5,1152.0
10433298,stimulus_Arg_PISACowsMilk_10_page_6,304.3,482.6,1151.0
10433299,stimulus_Arg_PISACowsMilk_10_page_6,304.2,482.8,1151.0
10433300,stimulus_Arg_PISACowsMilk_10_page_6,304.1,482.8,1150.0
10433301,stimulus_Arg_PISACowsMilk_10_page_6,304.1,482.8,1150.0
10433302,stimulus_Arg_PISACowsMilk_10_page_6,304.2,482.7,1150.0
10433303,stimulus_Arg_PISACowsMilk_10_page_6,304.2,482.7,1150.0
10433304,stimulus_Arg_PISACowsMilk_10_page_6,304.2,483.1,1150.0
10433305,stimulus_Arg_PISACowsMilk_10_page_6,304.1,483.6,1150.0
10433306,stimulus_Arg_PISACowsMilk_10_page_6,304.0,484.3,1149.0
10433307,stimulus_Arg_PISACowsMilk_10_page_6,303.8,484.5,1149.0
10433308,stimulus_Arg_PISACowsMilk_10_page_6,303.3,484.8,1149.0
10433309,stimulus_Arg_PISACowsMilk_10_page_6,303.0,484.9,1149.0
10433310,stimulus_Arg_PISACowsMilk_10_page_6,302.7,485.0,1150.0
10433311,stimulus_Arg_PISACowsMilk_10_page_6,302.6,485.1,1151.0
10433312,stimulus_Arg_PISACowsMilk_10_page_6,302.4,485.2,1152.0
10433313,stimulus_Arg_PISACowsMilk_10_page_6,302.3,485.3,1152.0
10433314,stimulus_Arg_PISACowsMilk_10_page_6,302.2,485.2,1151.0
10433315,stimulus_Arg_PISACowsMilk_10_page_6,302.2,485.2,1150.0
10433316,stimulus_Arg_PISACowsMilk_10_page_6,302.2,485.1,1150.0
10433317,stimulus_Arg_PISACowsMilk_10_page_6,302.2,485.1,1150.0
10433318,stimulus_Arg_PISACowsMilk_10_page_6,302.2,485.0,1150.0
10433319,stimulus_Arg_PISACowsMilk_10_page_6,302.2,484.7,1151.0
10433320,stimulus_Arg_PISACowsMilk_10_page_6,302.0,484.4,1151.0
10433321,stimulus_Arg_PISACowsMilk_10_page_6,301.9,484.2,1151.0
10433322,stimulus_Arg_PISACowsMilk_10_page_6,301.7,484.1,1151.0
10433323,stimulus_Arg_PISACowsMilk_10_page_6,301.8,484.2,1151.0
10433324,stimulus_Arg_PISACowsMilk_10_page_6,301.9,484.2,1151.0
10433325,stimulus_Arg_PISACowsMilk_10_page_6,301.9,484.2,1150.0
10433326,stimulus_Arg_PISACowsMilk_10_page_6,301.8,484.3,1149.0
10433327,stimulus_Arg_PISACowsMilk_10_page_6,301.8,484.1,1150.0
10433328,stimulus_Arg_PISACowsMilk_10_page_6,301.8,483.9,1150.0
10433329,stimulus_Arg_PISACowsMilk_10_page_6,301.9,484.0,1151.0
10433330,stimulus_Arg_PISACowsMilk_10_page_6,302.2,484.3,1151.0
10433331,stimulus_Arg_PISACowsMilk_10_page_6,302.4,484.7,1151.0
10433332,stimulus_Arg_PISACowsMilk_10_page_6,302.5,484.8,1150.0
10433333,stimulus_Arg_PISACowsMilk_10_page_6,302.4,484.9,1150.0
10433334,stimulus_Arg_PISACowsMilk_10_page_6,302.2,484.7,1150.0
10433335,stimulus_Arg_PISACowsMilk_10_page_6,302.1,484.6,1150.0
10433336,stimulus_Arg_PISACowsMilk_10_page_6,302.0,484.6,1150.0
10433337,stimulus_Arg_PISACowsMilk_10_page_6,302.0,484.4,1151.0
10433338,stimulus_Arg_PISACowsMilk_10_page_6,301.9,484.3,1151.0
10433339,stimulus_Arg_PISACowsMilk_10_page_6,301.9,484.0,1151.0
10433340,stimulus_Arg_PISACowsMilk_10_page_6,302.1,483.9,1151.0
10433341,stimulus_Arg_PISACowsMilk_10_page_6,302.3,483.8,1151.0
10433342,stimulus_Arg_PISACowsMilk_10_page_6,302.3,483.8,1151.0
10433343,stimulus_Arg_PISACowsMilk_10_page_6,302.2,483.7,1151.0
10433344,stimulus_Arg_PISACowsMilk_10_page_6,302.1,483.7,1151.0
10433345,stimulus_Arg_PISACowsMilk_10_page_6,302.1,483.9,1150.0
10433346,stimulus_Arg_PISACowsMilk_10_page_6,302.3,484.1,1148.0
10433347,stimulus_Arg_PISACowsMilk_10_page_6,302.5,484.2,1147.0
10433348,stimulus_Arg_PISACowsMilk_10_page_6,302.5,484.2,1146.0
10433349,stimulus_Arg_PISACowsMilk_10_page_6,302.3,484.1,1147.0
10433350,stimulus_Arg_PISACowsMilk_10_page_6,302.1,484.0,1148.0
10433351,stimulus_Arg_PISACowsMilk_10_page_6,302.0,483.8,1149.0
10433352,stimulus_Arg_PISACowsMilk_10_page_6,302.0,483.7,1148.0
10433353,stimulus_Arg_PISACowsMilk_10_page_6,302.1,483.6,1148.0
10433354,stimulus_Arg_PISACowsMilk_10_page_6,302.3,483.5,1147.0
10433355,stimulus_Arg_PISACowsMilk_10_page_6,302.7,483.2,1147.0
10433356,stimulus_Arg_PISACowsMilk_10_page_6,302.9,483.0,1146.0
10433357,stimulus_Arg_PISACowsMilk_10_page_6,303.1,482.8,1145.0
10433358,stimulus_Arg_PISACowsMilk_10_page_6,303.1,482.7,1145.0
10433359,stimulus_Arg_PISACowsMilk_10_page_6,303.1,482.5,1146.0
10433360,stimulus_Arg_PISACowsMilk_10_page_6,303.2,482.3,1147.0
10433361,stimulus_Arg_PISACowsMilk_10_page_6,302.9,482.2,1148.0
10433362,stimulus_Arg_PISACowsMilk_10_page_6,302.7,482.3,1149.0
10433363,stimulus_Arg_PISACowsMilk_10_page_6,302.3,482.3,1148.0
10433364,stimulus_Arg_PISACowsMilk_10_page_6,302.1,482.3,1148.0
10433365,stimulus_Arg_PISACowsMilk_10_page_6,301.8,482.4,1147.0
10433366,stimulus_Arg_PISACowsMilk_10_page_6,301.8,482.5,1147.0
10433367,stimulus_Arg_PISACowsMilk_10_page_6,302.1,482.4,1147.0
10433368,stimulus_Arg_PISACowsMilk_10_page_6,302.5,482.3,1147.0
10433369,stimulus_Arg_PISACowsMilk_10_page_6,302.9,482.2,1147.0
10433370,stimulus_Arg_PISACowsMilk_10_page_6,302.8,482.3,1147.0
10433371,stimulus_Arg_PISACowsMilk_10_page_6,302.7,482.3,1147.0
10433372,stimulus_Arg_PISACowsMilk_10_page_6,302.6,482.2,1148.0
10433373,stimulus_Arg_PISACowsMilk_10_page_6,302.7,482.0,1147.0
10433374,stimulus_Arg_PISACowsMilk_10_page_6,302.9,481.8,1146.0
10433375,stimulus_Arg_PISACowsMilk_10_page_6,303.2,481.3,1145.0
10433376,stimulus_Arg_PISACowsMilk_10_page_6,303.1,481.0,1146.0
10433377,stimulus_Arg_PISACowsMilk_10_page_6,303.1,480.6,1146.0
10433378,stimulus_Arg_PISACowsMilk_10_page_6,303.2,480.6,1146.0
10433379,stimulus_Arg_PISACowsMilk_10_page_6,303.4,480.8,1146.0
10433380,stimulus_Arg_PISACowsMilk_10_page_6,303.5,481.1,1146.0
10433381,stimulus_Arg_PISACowsMilk_10_page_6,303.5,481.4,1146.0
10433382,stimulus_Arg_PISACowsMilk_10_page_6,303.5,481.6,1146.0
10433383,stimulus_Arg_PISACowsMilk_10_page_6,303.4,481.5,1147.0
10433384,stimulus_Arg_PISACowsMilk_10_page_6,303.4,481.4,1147.0
10433385,stimulus_Arg_PISACowsMilk_10_page_6,303.4,481.3,1147.0
10433386,stimulus_Arg_PISACowsMilk_10_page_6,303.2,481.7,1148.0
10433387,stimulus_Arg_PISACowsMilk_10_page_6,303.1,482.1,1148.0
10433388,stimulus_Arg_PISACowsMilk_10_page_6,303.0,482.3,1148.0
10433389,stimulus_Arg_PISACowsMilk_10_page_6,302.9,482.1,1147.0
10433390,stimulus_Arg_PISACowsMilk_10_page_6,302.8,481.9,1147.0
10433391,stimulus_Arg_PISACowsMilk_10_page_6,302.7,481.4,1147.0
10433392,stimulus_Arg_PISACowsMilk_10_page_6,302.8,480.9,1147.0
10433393,stimulus_Arg_PISACowsMilk_10_page_6,302.9,480.7,1147.0
10433394,stimulus_Arg_PISACowsMilk_10_page_6,303.2,481.0,1146.0
10433395,stimulus_Arg_PISACowsMilk_10_page_6,303.4,481.3,1146.0
10433396,stimulus_Arg_PISACowsMilk_10_page_6,303.6,481.2,1146.0
10433397,stimulus_Arg_PISACowsMilk_10_page_6,303.5,481.1,1146.0
10433398,stimulus_Arg_PISACowsMilk_10_page_6,303.5,481.0,1145.0
10433399,stimulus_Arg_PISACowsMilk_10_page_6,303.5,480.9,1145.0
10433400,stimulus_Arg_PISACowsMilk_10_page_6,303.5,480.9,1146.0
10433401,stimulus_Arg_PISACowsMilk_10_page_6,303.5,480.9,1146.0
10433402,stimulus_Arg_PISACowsMilk_10_page_6,303.6,480.9,1147.0
10433403,stimulus_Arg_PISACowsMilk_10_page_6,303.7,480.8,1147.0
10433404,stimulus_Arg_PISACowsMilk_10_page_6,303.7,480.8,1147.0
10433405,stimulus_Arg_PISACowsMilk_10_page_6,303.6,480.7,1147.0
10433406,stimulus_Arg_PISACowsMilk_10_page_6,303.5,480.7,1147.0
10433407,stimulus_Arg_PISACowsMilk_10_page_6,303.7,480.6,1147.0
10433408,stimulus_Arg_PISACowsMilk_10_page_6,303.9,480.4,1146.0
10433409,stimulus_Arg_PISACowsMilk_10_page_6,304.0,480.2,1146.0
10433410,stimulus_Arg_PISACowsMilk_10_page_6,304.1,480.2,1145.0
10433411,stimulus_Arg_PISACowsMilk_10_page_6,304.2,480.1,1145.0
10433412,stimulus_Arg_PISACowsMilk_10_page_6,304.2,479.8,1145.0
10433413,stimulus_Arg_PISACowsMilk_10_page_6,304.2,479.5,1145.0
10433414,stimulus_Arg_PISACowsMilk_10_page_6,304.2,479.5,1145.0
10433415,stimulus_Arg_PISACowsMilk_10_page_6,304.2,479.7,1145.0
10433416,stimulus_Arg_PISACowsMilk_10_page_6,304.1,479.9,1146.0
10433417,stimulus_Arg_PISACowsMilk_10_page_6,304.2,480.0,1146.0
10433418,stimulus_Arg_PISACowsMilk_10_page_6,304.2,480.0,1146.0
10433419,stimulus_Arg_PISACowsMilk_10_page_6,304.2,480.1,1145.0
10433420,stimulus_Arg_PISACowsMilk_10_page_6,304.1,480.5,1145.0
10433421,stimulus_Arg_PISACowsMilk_10_page_6,304.0,481.2,1145.0
10433422,stimulus_Arg_PISACowsMilk_10_page_6,303.9,481.8,1145.0
10433423,stimulus_Arg_PISACowsMilk_10_page_6,303.8,481.8,1144.0
10433424,stimulus_Arg_PISACowsMilk_10_page_6,303.6,481.6,1144.0
10433425,stimulus_Arg_PISACowsMilk_10_page_6,303.6,481.5,1144.0
10433426,stimulus_Arg_PISACowsMilk_10_page_6,303.6,481.2,1143.0
10433427,stimulus_Arg_PISACowsMilk_10_page_6,303.7,480.9,1141.0
10433428,stimulus_Arg_PISACowsMilk_10_page_6,303.8,480.6,1140.0
10433429,stimulus_Arg_PISACowsMilk_10_page_6,303.8,480.7,1141.0
10433430,stimulus_Arg_PISACowsMilk_10_page_6,303.8,480.7,1141.0
10433431,stimulus_Arg_PISACowsMilk_10_page_6,303.9,480.5,1142.0
10433432,stimulus_Arg_PISACowsMilk_10_page_6,304.1,480.2,1142.0
10433433,stimulus_Arg_PISACowsMilk_10_page_6,304.0,480.1,1142.0
10433434,stimulus_Arg_PISACowsMilk_10_page_6,303.8,480.1,1141.0
10433435,stimulus_Arg_PISACowsMilk_10_page_6,303.5,480.2,1141.0
10433436,stimulus_Arg_PISACowsMilk_10_page_6,303.5,480.3,1141.0
10433437,stimulus_Arg_PISACowsMilk_10_page_6,303.5,480.4,1141.0
10433438,stimulus_Arg_PISACowsMilk_10_page_6,303.4,480.5,1141.0
10433439,stimulus_Arg_PISACowsMilk_10_page_6,303.4,480.5,1141.0
10433440,stimulus_Arg_PISACowsMilk_10_page_6,303.3,480.7,1141.0
10433441,stimulus_Arg_PISACowsMilk_10_page_6,303.1,480.9,1141.0
10433442,stimulus_Arg_PISACowsMilk_10_page_6,302.9,480.9,1141.0
10433443,stimulus_Arg_PISACowsMilk_10_page_6,302.8,480.7,1141.0
10433444,stimulus_Arg_PISACowsMilk_10_page_6,302.8,480.2,1140.0
10433445,stimulus_Arg_PISACowsMilk_10_page_6,302.8,479.9,1140.0
10433446,stimulus_Arg_PISACowsMilk_10_page_6,302.9,479.4,1140.0
10433447,stimulus_Arg_PISACowsMilk_10_page_6,302.9,479.2,1140.0
10433448,stimulus_Arg_PISACowsMilk_10_page_6,302.9,478.8,1139.0
10433449,stimulus_Arg_PISACowsMilk_10_page_6,302.8,478.4,1139.0
10433450,stimulus_Arg_PISACowsMilk_10_page_6,302.6,478.0,1139.0
10433451,stimulus_Arg_PISACowsMilk_10_page_6,302.5,478.0,1140.0
10433452,stimulus_Arg_PISACowsMilk_10_page_6,302.7,477.9,1140.0
10433453,stimulus_Arg_PISACowsMilk_10_page_6,302.9,477.9,1140.0
10433454,stimulus_Arg_PISACowsMilk_10_page_6,302.9,478.1,1139.0
10433455,stimulus_Arg_PISACowsMilk_10_page_6,302.9,478.3,1138.0
10433456,stimulus_Arg_PISACowsMilk_10_page_6,302.8,478.5,1137.0
10433457,stimulus_Arg_PISACowsMilk_10_page_6,302.8,478.6,1138.0
10433458,stimulus_Arg_PISACowsMilk_10_page_6,302.8,478.7,1138.0
10433459,stimulus_Arg_PISACowsMilk_10_page_6,302.8,478.6,1138.0
10433460,stimulus_Arg_PISACowsMilk_10_page_6,302.7,478.6,1138.0
10433461,stimulus_Arg_PISACowsMilk_10_page_6,302.7,478.4,1138.0
10433462,stimulus_Arg_PISACowsMilk_10_page_6,302.7,478.2,1138.0
10433463,stimulus_Arg_PISACowsMilk_10_page_6,302.7,478.0,1139.0
10433464,stimulus_Arg_PISACowsMilk_10_page_6,302.8,477.8,1139.0
10433465,stimulus_Arg_PISACowsMilk_10_page_6,302.9,477.7,1139.0
10433466,stimulus_Arg_PISACowsMilk_10_page_6,302.9,477.7,1139.0
10433467,stimulus_Arg_PISACowsMilk_10_page_6,302.8,478.3,1139.0
10433468,stimulus_Arg_PISACowsMilk_10_page_6,302.7,478.9,1139.0
10433469,stimulus_Arg_PISACowsMilk_10_page_6,302.6,479.4,1139.0
10433470,stimulus_Arg_PISACowsMilk_10_page_6,302.6,479.3,1139.0
10433471,stimulus_Arg_PISACowsMilk_10_page_6,302.6,479.3,1138.0
10433472,stimulus_Arg_PISACowsMilk_10_page_6,302.5,479.3,1137.0
10433473,stimulus_Arg_PISACowsMilk_10_page_6,302.5,479.4,1137.0
10433474,stimulus_Arg_PISACowsMilk_10_page_6,302.3,479.4,1136.0
10433475,stimulus_Arg_PISACowsMilk_10_page_6,301.9,480.0,1135.0
10433476,stimulus_Arg_PISACowsMilk_10_page_6,301.6,480.7,1134.0
10433477,stimulus_Arg_PISACowsMilk_10_page_6,301.4,481.4,1133.0
10433478,stimulus_Arg_PISACowsMilk_10_page_6,301.3,481.5,1133.0
10433479,stimulus_Arg_PISACowsMilk_10_page_6,301.3,481.7,1133.0
10433480,stimulus_Arg_PISACowsMilk_10_page_6,301.2,482.2,1133.0
10433481,stimulus_Arg_PISACowsMilk_10_page_6,301.3,482.7,1133.0
10433482,stimulus_Arg_PISACowsMilk_10_page_6,301.6,483.1,1133.0
10433483,stimulus_Arg_PISACowsMilk_10_page_6,302.0,483.2,1133.0
10433484,stimulus_Arg_PISACowsMilk_10_page_6,302.1,483.6,1133.0
10433485,stimulus_Arg_PISACowsMilk_10_page_6,302.1,484.3,1133.0
10433486,stimulus_Arg_PISACowsMilk_10_page_6,301.6,484.9,1133.0
10433487,stimulus_Arg_PISACowsMilk_10_page_6,301.2,485.3,1133.0
10433488,stimulus_Arg_PISACowsMilk_10_page_6,300.7,485.8,1135.0
10433489,stimulus_Arg_PISACowsMilk_10_page_6,300.6,486.2,1136.0
10433490,stimulus_Arg_PISACowsMilk_10_page_6,300.3,487.1,1137.0
10433491,stimulus_Arg_PISACowsMilk_10_page_6,300.0,487.9,1137.0
10433492,stimulus_Arg_PISACowsMilk_10_page_6,299.7,488.8,1137.0
10433493,stimulus_Arg_PISACowsMilk_10_page_6,299.6,489.5,1137.0
10433494,stimulus_Arg_PISACowsMilk_10_page_6,299.5,489.8,1137.0
10433495,stimulus_Arg_PISACowsMilk_10_page_6,299.5,490.1,1137.0
10433496,stimulus_Arg_PISACowsMilk_10_page_6,299.8,489.6,1138.0
10433497,stimulus_Arg_PISACowsMilk_10_page_6,302.1,483.0,1146.0
10433498,stimulus_Arg_PISACowsMilk_10_page_6,304.5,477.5,1154.0
10433499,stimulus_Arg_PISACowsMilk_10_page_6,306.6,473.6,1162.0
10433500,stimulus_Arg_PISACowsMilk_10_page_6,305.6,483.3,1153.0
10433501,stimulus_Arg_PISACowsMilk_10_page_6,303.2,501.7,1130.0
10433502,stimulus_Arg_PISACowsMilk_10_page_6,298.0,530.8,1092.0
10433503,stimulus_Arg_PISACowsMilk_10_page_6,290.8,565.4,1042.0
10433504,stimulus_Arg_PISACowsMilk_10_page_6,282.7,602.6,989.0
10433505,stimulus_Arg_PISACowsMilk_10_page_6,274.7,642.6,929.0
10433506,stimulus_Arg_PISACowsMilk_10_page_6,266.7,683.5,868.0
10433507,stimulus_Arg_PISACowsMilk_10_page_6,259.0,727.6,804.0
10433508,stimulus_Arg_PISACowsMilk_10_page_6,251.9,772.3,741.0
10433509,stimulus_Arg_PISACowsMilk_10_page_6,244.3,819.0,675.0
10433510,stimulus_Arg_PISACowsMilk_10_page_6,237.5,867.2,607.0
10433511,stimulus_Arg_PISACowsMilk_10_page_6,230.9,918.7,532.0
10433512,stimulus_Arg_PISACowsMilk_10_page_6,227.9,954.0,481.0
10433513,stimulus_Arg_PISACowsMilk_10_page_6,226.3,972.4,454.0
10433514,stimulus_Arg_PISACowsMilk_10_page_6,226.3,972.4,454.0
10433515,stimulus_Arg_PISACowsMilk_10_page_6,,,0.0
10433516,stimulus_Arg_PISACowsMilk_10_page_6,,,0.0
10433517,stimulus_Arg_PISACowsMilk_10_page_6,,,0.0
10433518,stimulus_Arg_PISACowsMilk_10_page_6,,,0.0
10433519,stimulus_Arg_PISACowsMilk_10_page_6,,,0.0
10433520,stimulus_Arg_PISACowsMilk_10_page_6,,,0.0
10433521,stimulus_Arg_PISACowsMilk_10_page_6,,,0.0
10433522,stimulus_Arg_PISACowsMilk_10_page_6,,,0.0
10433523,stimulus_Arg_PISACowsMilk_10_page_6,,,0.0
10433524,stimulus_Arg_PISACowsMilk_10_page_6,,,0.0
10433525,stimulus_Arg_PISACowsMilk_10_page_6,,,0.0
10433526,stimulus_Arg_PISACowsMilk_10_page_6,,,0.0
10433527,stimulus_Arg_PISACowsMilk_10_page_6,,,0.0
10433528,stimulus_Arg_PISACowsMilk_10_page_6,,,0.0
10433529,stimulus_Arg_PISACowsMilk_10_page_6,,,0.0
10433530,stimulus_Arg_PISACowsMilk_10_page_6,,,0.0
10433531,stimulus_Arg_PISACowsMilk_10_page_6,,,0.0
10433532,stimulus_Arg_PISACowsMilk_10_page_6,,,0.0
10433533,stimulus_Arg_PISACowsMilk_10_page_6,,,0.0
10433534,stimulus_Arg_PISACowsMilk_10_page_6,,,0.0
10433535,stimulus_Arg_PISACowsMilk_10_page_6,,,0.0
10433536,stimulus_Arg_PISACowsMilk_10_page_6,,,0.0
10433537,stimulus_Arg_PISACowsMilk_10_page_6,,,0.0
10433538,stimulus_Arg_PISACowsMilk_10_page_6,,,0.0
10433539,stimulus_Arg_PISACowsMilk_10_page_6,,,0.0
10433540,stimulus_Arg_PISACowsMilk_10_page_6,,,0.0
10433541,stimulus_Arg_PISACowsMilk_10_page_6,,,0.0
10433542,stimulus_Arg_PISACowsMilk_10_page_6,,,0.0
10433543,stimulus_Arg_PISACowsMilk_10_page_6,,,0.0
10433544,stimulus_Arg_PISACowsMilk_10_page_6,,,0.0
10433545,stimulus_Arg_PISACowsMilk_10_page_6,,,0.0
10433546,stimulus_Arg_PISACowsMilk_10_page_6,,,0.0
10433547,stimulus_Arg_PISACowsMilk_10_page_6,,,0.0
10433548,stimulus_Arg_PISACowsMilk_10_page_6,,,0.0
10433549,stimulus_Arg_PISACowsMilk_10_page_6,,,0.0
10433550,stimulus_Arg_PISACowsMilk_10_page_6,,,0.0
10433551,stimulus_Arg_PISACowsMilk_10_page_6,,,0.0
10433552,stimulus_Arg_PISACowsMilk_10_page_6,,,0.0
10433553,stimulus_Arg_PISACowsMilk_10_page_6,,,0.0
10433554,stimulus_Arg_PISACowsMilk_10_page_6,,,0.0
10433555,stimulus_Arg_PISACowsMilk_10_page_6,,,0.0
10433556,stimulus_Arg_PISACowsMilk_10_page_6,,,0.0
10433557,stimulus_Arg_PISACowsMilk_10_page_6,,,0.0
10433558,stimulus_Arg_PISACowsMilk_10_page_6,,,0.0
10433559,stimulus_Arg_PISACowsMilk_10_page_6,,,0.0
10433560,stimulus_Arg_PISACowsMilk_10_page_6,,,0.0
10433561,stimulus_Arg_PISACowsMilk_10_page_6,,,0.0
10433562,stimulus_Arg_PISACowsMilk_10_page_6,,,0.0
10433563,stimulus_Arg_PISACowsMilk_10_page_6,,,0.0
10433564,stimulus_Arg_PISACowsMilk_10_page_6,,,0.0
10433565,stimulus_Arg_PISACowsMilk_10_page_6,,,0.0
10433566,stimulus_Arg_PISACowsMilk_10_page_6,,,0.0
10433567,stimulus_Arg_PISACowsMilk_10_page_6,,,0.0
10433568,stimulus_Arg_PISACowsMilk_10_page_6,,,0.0
10433569,stimulus_Arg_PISACowsMilk_10_page_6,,,0.0
10433570,stimulus_Arg_PISACowsMilk_10_page_6,,,0.0
10433571,stimulus_Arg_PISACowsMilk_10_page_6,,,0.0
10433572,stimulus_Arg_PISACowsMilk_10_page_6,,,0.0
10433573,stimulus_Arg_PISACowsMilk_10_page_6,,,0.0
10433574,stimulus_Arg_PISACowsMilk_10_page_6,,,0.0
10433575,stimulus_Arg_PISACowsMilk_10_page_6,,,0.0
10433576,stimulus_Arg_PISACowsMilk_10_page_6,,,0.0
10433577,stimulus_Arg_PISACowsMilk_10_page_6,,,0.0
10433578,stimulus_Arg_PISACowsMilk_10_page_6,,,0.0
10433579,stimulus_Arg_PISACowsMilk_10_page_6,,,0.0
10433580,stimulus_Arg_PISACowsMilk_10_page_6,,,0.0
10433581,stimulus_Arg_PISACowsMilk_10_page_6,,,0.0
10433582,stimulus_Arg_PISACowsMilk_10_page_6,,,0.0
10433583,stimulus_Arg_PISACowsMilk_10_page_6,,,0.0
10433584,stimulus_Arg_PISACowsMilk_10_page_6,,,0.0
10433585,stimulus_Arg_PISACowsMilk_10_page_6,,,0.0
10433586,stimulus_Arg_PISACowsMilk_10_page_6,,,0.0
10433587,stimulus_Arg_PISACowsMilk_10_page_6,,,0.0
10433588,stimulus_Arg_PISACowsMilk_10_page_6,,,0.0
10433589,stimulus_Arg_PISACowsMilk_10_page_6,,,0.0
10433590,stimulus_Arg_PISACowsMilk_10_page_6,,,0.0
10433591,stimulus_Arg_PISACowsMilk_10_page_6,,,0.0
10433592,stimulus_Arg_PISACowsMilk_10_page_6,119.9,992.4,329.0
10433593,stimulus_Arg_PISACowsMilk_10_page_6,119.9,992.4,329.0
10433594,stimulus_Arg_PISACowsMilk_10_page_6,127.2,978.1,345.0
10433595,stimulus_Arg_PISACowsMilk_10_page_6,139.9,954.6,379.0
10433596,stimulus_Arg_PISACowsMilk_10_page_6,157.7,920.3,431.0
10433597,stimulus_Arg_PISACowsMilk_10_page_6,172.0,889.6,485.0
10433598,stimulus_Arg_PISACowsMilk_10_page_6,183.7,858.6,538.0
10433599,stimulus_Arg_PISACowsMilk_10_page_6,192.0,828.9,590.0
10433600,stimulus_Arg_PISACowsMilk_10_page_6,199.5,800.4,640.0
10433601,stimulus_Arg_PISACowsMilk_10_page_6,207.1,773.4,685.0
10433602,stimulus_Arg_PISACowsMilk_10_page_6,214.9,749.2,723.0
10433603,stimulus_Arg_PISACowsMilk_10_page_6,221.7,726.4,760.0
10433604,stimulus_Arg_PISACowsMilk_10_page_6,226.4,704.3,797.0
10433605,stimulus_Arg_PISACowsMilk_10_page_6,231.2,682.0,835.0
10433606,stimulus_Arg_PISACowsMilk_10_page_6,234.9,660.8,871.0
10433607,stimulus_Arg_PISACowsMilk_10_page_6,238.7,640.0,903.0
10433608,stimulus_Arg_PISACowsMilk_10_page_6,241.3,620.3,937.0
10433609,stimulus_Arg_PISACowsMilk_10_page_6,244.2,600.1,972.0
10433610,stimulus_Arg_PISACowsMilk_10_page_6,248.6,580.1,1005.0
10433611,stimulus_Arg_PISACowsMilk_10_page_6,253.9,560.1,1033.0
10433612,stimulus_Arg_PISACowsMilk_10_page_6,259.6,542.0,1058.0
10433613,stimulus_Arg_PISACowsMilk_10_page_6,265.1,525.1,1087.0
10433614,stimulus_Arg_PISACowsMilk_10_page_6,270.9,508.0,1114.0
10433615,stimulus_Arg_PISACowsMilk_10_page_6,276.5,491.3,1137.0
10433616,stimulus_Arg_PISACowsMilk_10_page_6,280.5,477.3,1155.0
10433617,stimulus_Arg_PISACowsMilk_10_page_6,281.7,466.0,1167.0
10433618,stimulus_Arg_PISACowsMilk_10_page_6,279.6,458.5,1177.0
10433619,stimulus_Arg_PISACowsMilk_10_page_6,276.5,452.0,1184.0
10433620,stimulus_Arg_PISACowsMilk_10_page_6,274.5,447.7,1189.0
10433621,stimulus_Arg_PISACowsMilk_10_page_6,273.8,444.1,1194.0
10433622,stimulus_Arg_PISACowsMilk_10_page_6,273.3,442.4,1195.0
10433623,stimulus_Arg_PISACowsMilk_10_page_6,272.1,442.2,1191.0
10433624,stimulus_Arg_PISACowsMilk_10_page_6,269.9,445.6,1182.0
10433625,stimulus_Arg_PISACowsMilk_10_page_6,267.0,453.1,1172.0
10433626,stimulus_Arg_PISACowsMilk_10_page_6,264.6,461.4,1165.0
10433627,stimulus_Arg_PISACowsMilk_10_page_6,263.0,466.7,1162.0
10433628,stimulus_Arg_PISACowsMilk_10_page_6,262.6,468.7,1159.0
10433629,stimulus_Arg_PISACowsMilk_10_page_6,262.2,470.3,1156.0
10433630,stimulus_Arg_PISACowsMilk_10_page_6,262.0,471.8,1154.0
10433631,stimulus_Arg_PISACowsMilk_10_page_6,261.8,473.0,1154.0
10433632,stimulus_Arg_PISACowsMilk_10_page_6,261.7,473.6,1155.0
10433633,stimulus_Arg_PISACowsMilk_10_page_6,261.7,474.3,1156.0
10433634,stimulus_Arg_PISACowsMilk_10_page_6,261.7,474.9,1157.0
10433635,stimulus_Arg_PISACowsMilk_10_page_6,261.6,475.4,1157.0
10433636,stimulus_Arg_PISACowsMilk_10_page_6,261.4,475.8,1158.0
10433637,stimulus_Arg_PISACowsMilk_10_page_6,261.2,475.9,1158.0
10433638,stimulus_Arg_PISACowsMilk_10_page_6,261.1,476.1,1158.0
10433639,stimulus_Arg_PISACowsMilk_10_page_6,260.9,476.2,1157.0
10433640,stimulus_Arg_PISACowsMilk_10_page_6,260.8,476.2,1158.0
10433641,stimulus_Arg_PISACowsMilk_10_page_6,260.6,476.1,1159.0
10433642,stimulus_Arg_PISACowsMilk_10_page_6,260.5,476.1,1160.0
10433643,stimulus_Arg_PISACowsMilk_10_page_6,260.1,476.1,1161.0
10433644,stimulus_Arg_PISACowsMilk_10_page_6,259.6,476.1,1162.0
10433645,stimulus_Arg_PISACowsMilk_10_page_6,259.1,476.0,1162.0
10433646,stimulus_Arg_PISACowsMilk_10_page_6,259.0,475.9,1161.0
10433647,stimulus_Arg_PISACowsMilk_10_page_6,258.7,475.8,1159.0
10433648,stimulus_Arg_PISACowsMilk_10_page_6,258.6,475.6,1158.0
10433649,stimulus_Arg_PISACowsMilk_10_page_6,258.5,475.3,1158.0
10433650,stimulus_Arg_PISACowsMilk_10_page_6,258.5,475.1,1159.0
10433651,stimulus_Arg_PISACowsMilk_10_page_6,258.4,474.8,1159.0
10433652,stimulus_Arg_PISACowsMilk_10_page_6,258.3,474.8,1159.0
10433653,stimulus_Arg_PISACowsMilk_10_page_6,258.2,474.8,1159.0
10433654,stimulus_Arg_PISACowsMilk_10_page_6,258.2,474.7,1159.0
10433655,stimulus_Arg_PISACowsMilk_10_page_6,258.1,474.7,1158.0
10433656,stimulus_Arg_PISACowsMilk_10_page_6,257.8,474.7,1158.0
10433657,stimulus_Arg_PISACowsMilk_10_page_6,257.7,474.8,1159.0
10433658,stimulus_Arg_PISACowsMilk_10_page_6,257.5,474.8,1159.0
10433659,stimulus_Arg_PISACowsMilk_10_page_6,257.4,474.9,1159.0
10433660,stimulus_Arg_PISACowsMilk_10_page_6,257.3,475.2,1160.0
10433661,stimulus_Arg_PISACowsMilk_10_page_6,257.1,475.4,1160.0
10433662,stimulus_Arg_PISACowsMilk_10_page_6,257.1,475.9,1159.0
10433663,stimulus_Arg_PISACowsMilk_10_page_6,257.0,476.2,1159.0
10433664,stimulus_Arg_PISACowsMilk_10_page_6,257.0,476.4,1159.0
10433665,stimulus_Arg_PISACowsMilk_10_page_6,257.0,476.3,1159.0
10433666,stimulus_Arg_PISACowsMilk_10_page_6,256.9,476.2,1158.0
10433667,stimulus_Arg_PISACowsMilk_10_page_6,257.3,476.1,1158.0
10433668,stimulus_Arg_PISACowsMilk_10_page_6,257.6,475.9,1158.0
10433669,stimulus_Arg_PISACowsMilk_10_page_6,257.9,475.7,1158.0
10433670,stimulus_Arg_PISACowsMilk_10_page_6,257.7,475.5,1158.0
10433671,stimulus_Arg_PISACowsMilk_10_page_6,257.5,475.5,1158.0
10433672,stimulus_Arg_PISACowsMilk_10_page_6,257.4,475.4,1157.0
10433673,stimulus_Arg_PISACowsMilk_10_page_6,257.4,475.1,1158.0
10433674,stimulus_Arg_PISACowsMilk_10_page_6,257.2,474.9,1158.0
10433675,stimulus_Arg_PISACowsMilk_10_page_6,257.0,474.7,1157.0
10433676,stimulus_Arg_PISACowsMilk_10_page_6,256.8,474.6,1156.0
10433677,stimulus_Arg_PISACowsMilk_10_page_6,256.8,474.5,1154.0
10433678,stimulus_Arg_PISACowsMilk_10_page_6,256.8,474.6,1153.0
10433679,stimulus_Arg_PISACowsMilk_10_page_6,256.9,474.8,1152.0
10433680,stimulus_Arg_PISACowsMilk_10_page_6,256.9,474.7,1153.0
10433681,stimulus_Arg_PISACowsMilk_10_page_6,256.7,474.4,1153.0
10433682,stimulus_Arg_PISACowsMilk_10_page_6,256.6,474.6,1153.0
10433683,stimulus_Arg_PISACowsMilk_10_page_6,256.4,475.0,1152.0
10433684,stimulus_Arg_PISACowsMilk_10_page_6,256.3,475.6,1151.0
10433685,stimulus_Arg_PISACowsMilk_10_page_6,256.2,475.8,1150.0
10433686,stimulus_Arg_PISACowsMilk_10_page_6,256.2,475.7,1149.0
10433687,stimulus_Arg_PISACowsMilk_10_page_6,256.2,475.3,1150.0
10433688,stimulus_Arg_PISACowsMilk_10_page_6,256.2,474.8,1150.0
10433689,stimulus_Arg_PISACowsMilk_10_page_6,256.2,474.7,1151.0
10433690,stimulus_Arg_PISACowsMilk_10_page_6,256.2,474.7,1151.0
10433691,stimulus_Arg_PISACowsMilk_10_page_6,256.1,474.7,1151.0
10433692,stimulus_Arg_PISACowsMilk_10_page_6,255.8,474.8,1150.0
10433693,stimulus_Arg_PISACowsMilk_10_page_6,255.4,474.9,1148.0
10433694,stimulus_Arg_PISACowsMilk_10_page_6,255.4,475.1,1148.0
10433695,stimulus_Arg_PISACowsMilk_10_page_6,255.6,475.3,1149.0
10433696,stimulus_Arg_PISACowsMilk_10_page_6,255.9,475.3,1149.0
10433697,stimulus_Arg_PISACowsMilk_10_page_6,255.9,475.3,1149.0
10433698,stimulus_Arg_PISACowsMilk_10_page_6,256.0,475.1,1149.0
10433699,stimulus_Arg_PISACowsMilk_10_page_6,256.0,474.8,1149.0
10433700,stimulus_Arg_PISACowsMilk_10_page_6,255.9,474.5,1149.0
10433701,stimulus_Arg_PISACowsMilk_10_page_6,255.8,474.5,1149.0
10433702,stimulus_Arg_PISACowsMilk_10_page_6,255.8,474.4,1149.0
10433703,stimulus_Arg_PISACowsMilk_10_page_6,255.8,474.3,1149.0
10433704,stimulus_Arg_PISACowsMilk_10_page_6,255.8,474.2,1148.0
10433705,stimulus_Arg_PISACowsMilk_10_page_6,255.6,474.4,1148.0
10433706,stimulus_Arg_PISACowsMilk_10_page_6,255.5,474.7,1148.0
10433707,stimulus_Arg_PISACowsMilk_10_page_6,255.5,474.8,1147.0
10433708,stimulus_Arg_PISACowsMilk_10_page_6,255.5,474.6,1147.0
10433709,stimulus_Arg_PISACowsMilk_10_page_6,255.5,474.3,1147.0
10433710,stimulus_Arg_PISACowsMilk_10_page_6,255.4,474.2,1147.0
10433711,stimulus_Arg_PISACowsMilk_10_page_6,255.5,474.0,1148.0
10433712,stimulus_Arg_PISACowsMilk_10_page_6,255.5,474.0,1148.0
10433713,stimulus_Arg_PISACowsMilk_10_page_6,255.5,474.1,1147.0
10433714,stimulus_Arg_PISACowsMilk_10_page_6,255.4,474.1,1147.0
10433715,stimulus_Arg_PISACowsMilk_10_page_6,255.3,474.1,1146.0
10433716,stimulus_Arg_PISACowsMilk_10_page_6,255.2,474.1,1146.0
10433717,stimulus_Arg_PISACowsMilk_10_page_6,255.3,474.1,1146.0
10433718,stimulus_Arg_PISACowsMilk_10_page_6,255.4,474.1,1146.0
10433719,stimulus_Arg_PISACowsMilk_10_page_6,255.3,473.9,1146.0
10433720,stimulus_Arg_PISACowsMilk_10_page_6,255.3,473.7,1146.0
10433721,stimulus_Arg_PISACowsMilk_10_page_6,255.3,473.5,1146.0
10433722,stimulus_Arg_PISACowsMilk_10_page_6,255.3,473.6,1146.0
10433723,stimulus_Arg_PISACowsMilk_10_page_6,255.2,473.6,1144.0
10433724,stimulus_Arg_PISACowsMilk_10_page_6,255.2,473.7,1143.0
10433725,stimulus_Arg_PISACowsMilk_10_page_6,255.2,473.7,1141.0
10433726,stimulus_Arg_PISACowsMilk_10_page_6,255.1,473.8,1140.0
10433727,stimulus_Arg_PISACowsMilk_10_page_6,255.1,473.7,1139.0
10433728,stimulus_Arg_PISACowsMilk_10_page_6,255.0,473.5,1139.0
10433729,stimulus_Arg_PISACowsMilk_10_page_6,254.9,473.4,1139.0
10433730,stimulus_Arg_PISACowsMilk_10_page_6,254.9,473.4,1139.0
10433731,stimulus_Arg_PISACowsMilk_10_page_6,254.9,473.3,1139.0
10433732,stimulus_Arg_PISACowsMilk_10_page_6,255.0,473.3,1138.0
10433733,stimulus_Arg_PISACowsMilk_10_page_6,255.1,473.4,1138.0
10433734,stimulus_Arg_PISACowsMilk_10_page_6,255.1,473.5,1138.0
10433735,stimulus_Arg_PISACowsMilk_10_page_6,254.8,473.8,1138.0
10433736,stimulus_Arg_PISACowsMilk_10_page_6,254.4,474.0,1138.0
10433737,stimulus_Arg_PISACowsMilk_10_page_6,254.2,474.1,1138.0
10433738,stimulus_Arg_PISACowsMilk_10_page_6,254.2,474.1,1138.0
10433739,stimulus_Arg_PISACowsMilk_10_page_6,254.2,474.2,1138.0
10433740,stimulus_Arg_PISACowsMilk_10_page_6,254.3,474.2,1138.0
10433741,stimulus_Arg_PISACowsMilk_10_page_6,254.4,474.2,1137.0
10433742,stimulus_Arg_PISACowsMilk_10_page_6,254.4,474.1,1137.0
10433743,stimulus_Arg_PISACowsMilk_10_page_6,254.3,474.1,1137.0
10433744,stimulus_Arg_PISACowsMilk_10_page_6,254.4,473.7,1137.0
10433745,stimulus_Arg_PISACowsMilk_10_page_6,254.7,473.3,1136.0
10433746,stimulus_Arg_PISACowsMilk_10_page_6,254.9,473.1,1136.0
10433747,stimulus_Arg_PISACowsMilk_10_page_6,254.7,473.2,1136.0
10433748,stimulus_Arg_PISACowsMilk_10_page_6,254.4,473.4,1136.0
10433749,stimulus_Arg_PISACowsMilk_10_page_6,254.1,473.5,1136.0
10433750,stimulus_Arg_PISACowsMilk_10_page_6,254.1,473.6,1137.0
10433751,stimulus_Arg_PISACowsMilk_10_page_6,254.1,473.8,1136.0
10433752,stimulus_Arg_PISACowsMilk_10_page_6,254.1,474.0,1135.0
10433753,stimulus_Arg_PISACowsMilk_10_page_6,254.0,474.2,1134.0
10433754,stimulus_Arg_PISACowsMilk_10_page_6,254.0,474.3,1135.0
10433755,stimulus_Arg_PISACowsMilk_10_page_6,254.2,474.4,1135.0
10433756,stimulus_Arg_PISACowsMilk_10_page_6,254.5,474.4,1135.0
10433757,stimulus_Arg_PISACowsMilk_10_page_6,254.7,474.5,1134.0
10433758,stimulus_Arg_PISACowsMilk_10_page_6,254.7,474.5,1134.0
10433759,stimulus_Arg_PISACowsMilk_10_page_6,254.5,474.5,1133.0
10433760,stimulus_Arg_PISACowsMilk_10_page_6,254.3,474.6,1133.0
10433761,stimulus_Arg_PISACowsMilk_10_page_6,254.1,474.8,1133.0
10433762,stimulus_Arg_PISACowsMilk_10_page_6,254.0,475.0,1134.0
10433763,stimulus_Arg_PISACowsMilk_10_page_6,254.4,475.1,1134.0
10433764,stimulus_Arg_PISACowsMilk_10_page_6,254.8,475.0,1134.0
10433765,stimulus_Arg_PISACowsMilk_10_page_6,255.2,475.0,1134.0
10433766,stimulus_Arg_PISACowsMilk_10_page_6,255.0,474.9,1134.0
10433767,stimulus_Arg_PISACowsMilk_10_page_6,254.8,474.8,1133.0
10433768,stimulus_Arg_PISACowsMilk_10_page_6,254.7,475.0,1133.0
10433769,stimulus_Arg_PISACowsMilk_10_page_6,254.7,475.1,1133.0
10433770,stimulus_Arg_PISACowsMilk_10_page_6,255.2,475.2,1134.0
10433771,stimulus_Arg_PISACowsMilk_10_page_6,255.6,475.3,1134.0
10433772,stimulus_Arg_PISACowsMilk_10_page_6,256.1,475.2,1135.0
10433773,stimulus_Arg_PISACowsMilk_10_page_6,256.1,475.1,1134.0
10433774,stimulus_Arg_PISACowsMilk_10_page_6,256.1,475.0,1133.0
10433775,stimulus_Arg_PISACowsMilk_10_page_6,256.1,475.0,1133.0
10433776,stimulus_Arg_PISACowsMilk_10_page_6,256.1,474.9,1132.0
10433777,stimulus_Arg_PISACowsMilk_10_page_6,256.0,474.8,1132.0
10433778,stimulus_Arg_PISACowsMilk_10_page_6,255.7,474.7,1132.0
10433779,stimulus_Arg_PISACowsMilk_10_page_6,255.4,474.6,1133.0
10433780,stimulus_Arg_PISACowsMilk_10_page_6,255.1,474.5,1133.0
10433781,stimulus_Arg_PISACowsMilk_10_page_6,255.1,474.5,1133.0
10433782,stimulus_Arg_PISACowsMilk_10_page_6,255.1,474.3,1132.0
10433783,stimulus_Arg_PISACowsMilk_10_page_6,255.3,474.2,1132.0
10433784,stimulus_Arg_PISACowsMilk_10_page_6,255.6,474.1,1131.0
10433785,stimulus_Arg_PISACowsMilk_10_page_6,255.8,474.1,1131.0
10433786,stimulus_Arg_PISACowsMilk_10_page_6,255.8,474.2,1132.0
10433787,stimulus_Arg_PISACowsMilk_10_page_6,255.8,474.1,1132.0
10433788,stimulus_Arg_PISACowsMilk_10_page_6,255.8,474.0,1132.0
10433789,stimulus_Arg_PISACowsMilk_10_page_6,255.8,473.8,1131.0
10433790,stimulus_Arg_PISACowsMilk_10_page_6,255.8,473.7,1131.0
10433791,stimulus_Arg_PISACowsMilk_10_page_6,255.7,473.7,1131.0
10433792,stimulus_Arg_PISACowsMilk_10_page_6,255.7,473.8,1131.0
10433793,stimulus_Arg_PISACowsMilk_10_page_6,255.6,473.7,1130.0
10433794,stimulus_Arg_PISACowsMilk_10_page_6,255.8,473.7,1130.0
10433795,stimulus_Arg_PISACowsMilk_10_page_6,256.1,473.6,1129.0
10433796,stimulus_Arg_PISACowsMilk_10_page_6,256.3,473.6,1129.0
10433797,stimulus_Arg_PISACowsMilk_10_page_6,256.3,473.5,1129.0
10433798,stimulus_Arg_PISACowsMilk_10_page_6,256.3,473.5,1129.0
10433799,stimulus_Arg_PISACowsMilk_10_page_6,256.3,473.7,1130.0
10433800,stimulus_Arg_PISACowsMilk_10_page_6,256.3,473.9,1130.0
10433801,stimulus_Arg_PISACowsMilk_10_page_6,256.4,474.1,1131.0
10433802,stimulus_Arg_PISACowsMilk_10_page_6,256.4,474.0,1132.0
10433803,stimulus_Arg_PISACowsMilk_10_page_6,256.5,473.7,1131.0
10433804,stimulus_Arg_PISACowsMilk_10_page_6,256.5,473.4,1130.0
10433805,stimulus_Arg_PISACowsMilk_10_page_6,256.5,473.2,1130.0
10433806,stimulus_Arg_PISACowsMilk_10_page_6,256.5,473.3,1130.0
10433807,stimulus_Arg_PISACowsMilk_10_page_6,256.6,473.5,1130.0
10433808,stimulus_Arg_PISACowsMilk_10_page_6,256.5,473.6,1130.0
10433809,stimulus_Arg_PISACowsMilk_10_page_6,256.4,473.7,1130.0
10433810,stimulus_Arg_PISACowsMilk_10_page_6,256.3,474.0,1130.0
10433811,stimulus_Arg_PISACowsMilk_10_page_6,256.5,474.3,1129.0
10433812,stimulus_Arg_PISACowsMilk_10_page_6,256.7,474.5,1129.0
10433813,stimulus_Arg_PISACowsMilk_10_page_6,257.0,474.6,1129.0
10433814,stimulus_Arg_PISACowsMilk_10_page_6,257.1,474.6,1128.0
10433815,stimulus_Arg_PISACowsMilk_10_page_6,257.3,474.6,1127.0
10433816,stimulus_Arg_PISACowsMilk_10_page_6,257.3,474.7,1127.0
10433817,stimulus_Arg_PISACowsMilk_10_page_6,257.3,474.7,1127.0
10433818,stimulus_Arg_PISACowsMilk_10_page_6,257.3,474.8,1127.0
10433819,stimulus_Arg_PISACowsMilk_10_page_6,257.2,474.7,1127.0
10433820,stimulus_Arg_PISACowsMilk_10_page_6,257.2,474.7,1128.0
10433821,stimulus_Arg_PISACowsMilk_10_page_6,257.3,474.5,1128.0
10433822,stimulus_Arg_PISACowsMilk_10_page_6,257.6,474.5,1129.0
10433823,stimulus_Arg_PISACowsMilk_10_page_6,257.8,474.4,1129.0
10433824,stimulus_Arg_PISACowsMilk_10_page_6,257.5,474.3,1129.0
10433825,stimulus_Arg_PISACowsMilk_10_page_6,257.1,474.3,1129.0
10433826,stimulus_Arg_PISACowsMilk_10_page_6,256.9,474.3,1128.0
10433827,stimulus_Arg_PISACowsMilk_10_page_6,257.0,474.4,1128.0
10433828,stimulus_Arg_PISACowsMilk_10_page_6,257.1,474.5,1128.0
10433829,stimulus_Arg_PISACowsMilk_10_page_6,257.2,474.6,1128.0
10433830,stimulus_Arg_PISACowsMilk_10_page_6,257.2,474.8,1127.0
10433831,stimulus_Arg_PISACowsMilk_10_page_6,257.5,475.0,1127.0
10433832,stimulus_Arg_PISACowsMilk_10_page_6,257.7,475.2,1128.0
10433833,stimulus_Arg_PISACowsMilk_10_page_6,258.0,475.3,1128.0
10433834,stimulus_Arg_PISACowsMilk_10_page_6,258.0,475.3,1128.0
10433835,stimulus_Arg_PISACowsMilk_10_page_6,258.0,475.4,1128.0
10433836,stimulus_Arg_PISACowsMilk_10_page_6,258.0,475.4,1128.0
10433837,stimulus_Arg_PISACowsMilk_10_page_6,257.9,475.4,1128.0
10433838,stimulus_Arg_PISACowsMilk_10_page_6,257.7,475.5,1128.0
10433839,stimulus_Arg_PISACowsMilk_10_page_6,257.5,475.5,1128.0
10433840,stimulus_Arg_PISACowsMilk_10_page_6,257.4,475.5,1128.0
10433841,stimulus_Arg_PISACowsMilk_10_page_6,257.4,475.6,1128.0
10433842,stimulus_Arg_PISACowsMilk_10_page_6,257.3,475.8,1127.0
10433843,stimulus_Arg_PISACowsMilk_10_page_6,257.6,475.9,1128.0
10433844,stimulus_Arg_PISACowsMilk_10_page_6,257.9,475.9,1128.0
10433845,stimulus_Arg_PISACowsMilk_10_page_6,257.9,475.9,1129.0
10433846,stimulus_Arg_PISACowsMilk_10_page_6,257.7,475.8,1129.0
10433847,stimulus_Arg_PISACowsMilk_10_page_6,257.6,475.8,1128.0
10433848,stimulus_Arg_PISACowsMilk_10_page_6,257.7,475.9,1128.0
10433849,stimulus_Arg_PISACowsMilk_10_page_6,257.7,476.1,1127.0
10433850,stimulus_Arg_PISACowsMilk_10_page_6,257.5,476.4,1128.0
10433851,stimulus_Arg_PISACowsMilk_10_page_6,257.2,476.7,1128.0
10433852,stimulus_Arg_PISACowsMilk_10_page_6,257.1,476.8,1128.0
10433853,stimulus_Arg_PISACowsMilk_10_page_6,257.0,476.8,1127.0
10433854,stimulus_Arg_PISACowsMilk_10_page_6,257.0,476.7,1126.0
10433855,stimulus_Arg_PISACowsMilk_10_page_6,256.9,476.6,1126.0
10433856,stimulus_Arg_PISACowsMilk_10_page_6,256.9,476.7,1126.0
10433857,stimulus_Arg_PISACowsMilk_10_page_6,256.7,476.7,1127.0
10433858,stimulus_Arg_PISACowsMilk_10_page_6,256.5,476.7,1127.0
10433859,stimulus_Arg_PISACowsMilk_10_page_6,256.6,476.6,1128.0
10433860,stimulus_Arg_PISACowsMilk_10_page_6,257.1,476.6,1128.0
10433861,stimulus_Arg_PISACowsMilk_10_page_6,258.1,476.6,1129.0
10433862,stimulus_Arg_PISACowsMilk_10_page_6,259.1,477.2,1130.0
10433863,stimulus_Arg_PISACowsMilk_10_page_6,261.4,478.0,1131.0
10433864,stimulus_Arg_PISACowsMilk_10_page_6,264.3,478.7,1131.0
10433865,stimulus_Arg_PISACowsMilk_10_page_6,269.2,479.0,1130.0
10433866,stimulus_Arg_PISACowsMilk_10_page_6,276.0,479.3,1130.0
10433867,stimulus_Arg_PISACowsMilk_10_page_6,285.3,479.7,1129.0
10433868,stimulus_Arg_PISACowsMilk_10_page_6,295.5,480.0,1130.0
10433869,stimulus_Arg_PISACowsMilk_10_page_6,306.4,480.4,1133.0
10433870,stimulus_Arg_PISACowsMilk_10_page_6,318.6,480.3,1136.0
10433871,stimulus_Arg_PISACowsMilk_10_page_6,331.7,480.4,1139.0
10433872,stimulus_Arg_PISACowsMilk_10_page_6,345.4,479.9,1141.0
10433873,stimulus_Arg_PISACowsMilk_10_page_6,357.8,480.1,1142.0
10433874,stimulus_Arg_PISACowsMilk_10_page_6,372.0,480.2,1145.0
10433875,stimulus_Arg_PISACowsMilk_10_page_6,385.6,480.9,1147.0
10433876,stimulus_Arg_PISACowsMilk_10_page_6,398.0,481.6,1151.0
10433877,stimulus_Arg_PISACowsMilk_10_page_6,408.2,481.8,1152.0
10433878,stimulus_Arg_PISACowsMilk_10_page_6,417.0,481.4,1152.0
10433879,stimulus_Arg_PISACowsMilk_10_page_6,424.7,480.1,1151.0
10433880,stimulus_Arg_PISACowsMilk_10_page_6,430.9,479.2,1150.0
10433881,stimulus_Arg_PISACowsMilk_10_page_6,435.8,478.9,1150.0
10433882,stimulus_Arg_PISACowsMilk_10_page_6,440.1,478.5,1150.0
10433883,stimulus_Arg_PISACowsMilk_10_page_6,444.7,477.4,1150.0
10433884,stimulus_Arg_PISACowsMilk_10_page_6,448.4,476.1,1150.0
10433885,stimulus_Arg_PISACowsMilk_10_page_6,450.9,475.3,1148.0
10433886,stimulus_Arg_PISACowsMilk_10_page_6,450.3,474.3,1147.0
10433887,stimulus_Arg_PISACowsMilk_10_page_6,448.6,473.3,1144.0
10433888,stimulus_Arg_PISACowsMilk_10_page_6,445.9,472.6,1143.0
10433889,stimulus_Arg_PISACowsMilk_10_page_6,443.2,472.7,1143.0
10433890,stimulus_Arg_PISACowsMilk_10_page_6,440.0,472.8,1143.0
10433891,stimulus_Arg_PISACowsMilk_10_page_6,436.5,472.6,1144.0
10433892,stimulus_Arg_PISACowsMilk_10_page_6,433.1,473.3,1145.0
10433893,stimulus_Arg_PISACowsMilk_10_page_6,429.5,474.2,1146.0
10433894,stimulus_Arg_PISACowsMilk_10_page_6,426.4,475.1,1147.0
10433895,stimulus_Arg_PISACowsMilk_10_page_6,424.1,475.3,1147.0
10433896,stimulus_Arg_PISACowsMilk_10_page_6,422.9,475.3,1147.0
10433897,stimulus_Arg_PISACowsMilk_10_page_6,422.4,476.1,1149.0
10433898,stimulus_Arg_PISACowsMilk_10_page_6,422.1,476.9,1151.0
10433899,stimulus_Arg_PISACowsMilk_10_page_6,422.4,477.8,1154.0
10433900,stimulus_Arg_PISACowsMilk_10_page_6,423.5,478.2,1155.0
10433901,stimulus_Arg_PISACowsMilk_10_page_6,424.9,478.8,1155.0
10433902,stimulus_Arg_PISACowsMilk_10_page_6,426.9,479.5,1156.0
10433903,stimulus_Arg_PISACowsMilk_10_page_6,428.7,480.0,1157.0
10433904,stimulus_Arg_PISACowsMilk_10_page_6,430.5,480.2,1157.0
10433905,stimulus_Arg_PISACowsMilk_10_page_6,432.3,480.4,1157.0
10433906,stimulus_Arg_PISACowsMilk_10_page_6,433.4,480.5,1156.0
10433907,stimulus_Arg_PISACowsMilk_10_page_6,434.1,480.6,1157.0
10433908,stimulus_Arg_PISACowsMilk_10_page_6,434.2,480.6,1157.0
10433909,stimulus_Arg_PISACowsMilk_10_page_6,434.7,480.6,1157.0
10433910,stimulus_Arg_PISACowsMilk_10_page_6,435.2,480.4,1157.0
10433911,stimulus_Arg_PISACowsMilk_10_page_6,435.7,480.2,1157.0
10433912,stimulus_Arg_PISACowsMilk_10_page_6,436.1,480.0,1158.0
10433913,stimulus_Arg_PISACowsMilk_10_page_6,436.5,480.0,1158.0
10433914,stimulus_Arg_PISACowsMilk_10_page_6,437.1,479.9,1158.0
10433915,stimulus_Arg_PISACowsMilk_10_page_6,437.4,480.1,1158.0
10433916,stimulus_Arg_PISACowsMilk_10_page_6,437.5,480.3,1158.0
10433917,stimulus_Arg_PISACowsMilk_10_page_6,437.4,480.4,1157.0
10433918,stimulus_Arg_PISACowsMilk_10_page_6,437.3,480.5,1157.0
10433919,stimulus_Arg_PISACowsMilk_10_page_6,437.3,480.5,1156.0
10433920,stimulus_Arg_PISACowsMilk_10_page_6,437.3,480.4,1156.0
10433921,stimulus_Arg_PISACowsMilk_10_page_6,437.2,480.2,1156.0
10433922,stimulus_Arg_PISACowsMilk_10_page_6,437.1,480.0,1156.0
10433923,stimulus_Arg_PISACowsMilk_10_page_6,437.0,480.0,1155.0
10433924,stimulus_Arg_PISACowsMilk_10_page_6,436.6,480.1,1155.0
10433925,stimulus_Arg_PISACowsMilk_10_page_6,436.1,480.3,1153.0
10433926,stimulus_Arg_PISACowsMilk_10_page_6,435.7,480.4,1152.0
10433927,stimulus_Arg_PISACowsMilk_10_page_6,435.3,480.5,1151.0
10433928,stimulus_Arg_PISACowsMilk_10_page_6,435.1,480.4,1152.0
10433929,stimulus_Arg_PISACowsMilk_10_page_6,434.8,480.2,1153.0
10433930,stimulus_Arg_PISACowsMilk_10_page_6,434.6,480.3,1154.0
10433931,stimulus_Arg_PISACowsMilk_10_page_6,434.4,480.7,1154.0
10433932,stimulus_Arg_PISACowsMilk_10_page_6,434.7,481.0,1153.0
10433933,stimulus_Arg_PISACowsMilk_10_page_6,435.0,480.8,1153.0
10433934,stimulus_Arg_PISACowsMilk_10_page_6,435.2,480.4,1153.0
10433935,stimulus_Arg_PISACowsMilk_10_page_6,435.0,480.2,1153.0
10433936,stimulus_Arg_PISACowsMilk_10_page_6,434.6,480.4,1153.0
10433937,stimulus_Arg_PISACowsMilk_10_page_6,434.4,480.7,1153.0
10433938,stimulus_Arg_PISACowsMilk_10_page_6,434.2,480.7,1153.0
10433939,stimulus_Arg_PISACowsMilk_10_page_6,434.1,480.8,1153.0
10433940,stimulus_Arg_PISACowsMilk_10_page_6,433.9,480.5,1152.0
10433941,stimulus_Arg_PISACowsMilk_10_page_6,433.7,480.2,1152.0
10433942,stimulus_Arg_PISACowsMilk_10_page_6,433.7,480.3,1152.0
10433943,stimulus_Arg_PISACowsMilk_10_page_6,433.8,480.8,1153.0
10433944,stimulus_Arg_PISACowsMilk_10_page_6,434.0,481.2,1153.0
10433945,stimulus_Arg_PISACowsMilk_10_page_6,434.1,481.1,1153.0
10433946,stimulus_Arg_PISACowsMilk_10_page_6,434.0,480.9,1153.0
10433947,stimulus_Arg_PISACowsMilk_10_page_6,434.0,480.9,1153.0
10433948,stimulus_Arg_PISACowsMilk_10_page_6,433.9,481.0,1154.0
10433949,stimulus_Arg_PISACowsMilk_10_page_6,433.9,481.0,1153.0
10433950,stimulus_Arg_PISACowsMilk_10_page_6,433.9,481.0,1153.0
10433951,stimulus_Arg_PISACowsMilk_10_page_6,434.0,480.9,1152.0
10433952,stimulus_Arg_PISACowsMilk_10_page_6,434.0,480.9,1152.0
10433953,stimulus_Arg_PISACowsMilk_10_page_6,433.7,480.6,1152.0
10433954,stimulus_Arg_PISACowsMilk_10_page_6,433.4,480.3,1152.0
10433955,stimulus_Arg_PISACowsMilk_10_page_6,433.4,480.2,1152.0
10433956,stimulus_Arg_PISACowsMilk_10_page_6,433.6,480.4,1152.0
10433957,stimulus_Arg_PISACowsMilk_10_page_6,433.8,480.5,1152.0
10433958,stimulus_Arg_PISACowsMilk_10_page_6,433.8,480.8,1153.0
10433959,stimulus_Arg_PISACowsMilk_10_page_6,433.7,481.1,1153.0
10433960,stimulus_Arg_PISACowsMilk_10_page_6,433.6,481.2,1153.0
10433961,stimulus_Arg_PISACowsMilk_10_page_6,433.9,481.1,1153.0
10433962,stimulus_Arg_PISACowsMilk_10_page_6,434.3,481.1,1153.0
10433963,stimulus_Arg_PISACowsMilk_10_page_6,434.2,481.2,1153.0
10433964,stimulus_Arg_PISACowsMilk_10_page_6,433.9,481.2,1153.0
10433965,stimulus_Arg_PISACowsMilk_10_page_6,433.5,481.2,1152.0
10433966,stimulus_Arg_PISACowsMilk_10_page_6,433.5,481.1,1152.0
10433967,stimulus_Arg_PISACowsMilk_10_page_6,433.6,481.0,1152.0
10433968,stimulus_Arg_PISACowsMilk_10_page_6,433.7,480.9,1152.0
10433969,stimulus_Arg_PISACowsMilk_10_page_6,433.8,480.8,1153.0
10433970,stimulus_Arg_PISACowsMilk_10_page_6,433.8,480.8,1153.0
10433971,stimulus_Arg_PISACowsMilk_10_page_6,433.7,481.0,1152.0
10433972,stimulus_Arg_PISACowsMilk_10_page_6,433.8,481.2,1151.0
10433973,stimulus_Arg_PISACowsMilk_10_page_6,433.9,481.3,1150.0
10433974,stimulus_Arg_PISACowsMilk_10_page_6,434.0,481.3,1149.0
10433975,stimulus_Arg_PISACowsMilk_10_page_6,433.9,481.3,1150.0
10433976,stimulus_Arg_PISACowsMilk_10_page_6,433.8,481.2,1151.0
10433977,stimulus_Arg_PISACowsMilk_10_page_6,433.6,481.3,1152.0
10433978,stimulus_Arg_PISACowsMilk_10_page_6,434.0,481.5,1151.0
10433979,stimulus_Arg_PISACowsMilk_10_page_6,434.5,481.8,1151.0
10433980,stimulus_Arg_PISACowsMilk_10_page_6,435.0,481.8,1151.0
10433981,stimulus_Arg_PISACowsMilk_10_page_6,435.1,481.7,1151.0
10433982,stimulus_Arg_PISACowsMilk_10_page_6,434.9,481.6,1150.0
10433983,stimulus_Arg_PISACowsMilk_10_page_6,434.4,481.6,1149.0
10433984,stimulus_Arg_PISACowsMilk_10_page_6,434.0,481.3,1148.0
10433985,stimulus_Arg_PISACowsMilk_10_page_6,433.9,480.9,1148.0
10433986,stimulus_Arg_PISACowsMilk_10_page_6,434.0,480.7,1147.0
10433987,stimulus_Arg_PISACowsMilk_10_page_6,434.2,480.8,1147.0
10433988,stimulus_Arg_PISACowsMilk_10_page_6,434.5,481.0,1148.0
10433989,stimulus_Arg_PISACowsMilk_10_page_6,434.7,481.2,1148.0
10433990,stimulus_Arg_PISACowsMilk_10_page_6,434.7,481.4,1148.0
10433991,stimulus_Arg_PISACowsMilk_10_page_6,434.7,481.9,1148.0
10433992,stimulus_Arg_PISACowsMilk_10_page_6,434.6,482.4,1148.0
10433993,stimulus_Arg_PISACowsMilk_10_page_6,434.6,482.8,1148.0
10433994,stimulus_Arg_PISACowsMilk_10_page_6,434.6,482.7,1148.0
10433995,stimulus_Arg_PISACowsMilk_10_page_6,434.7,482.6,1149.0
10433996,stimulus_Arg_PISACowsMilk_10_page_6,434.7,482.6,1148.0
10433997,stimulus_Arg_PISACowsMilk_10_page_6,434.7,482.4,1147.0
10433998,stimulus_Arg_PISACowsMilk_10_page_6,434.7,482.2,1146.0
10433999,stimulus_Arg_PISACowsMilk_10_page_6,434.6,482.1,1146.0
10434000,stimulus_Arg_PISACowsMilk_10_page_6,434.4,481.5,1146.0
10434001,stimulus_Arg_PISACowsMilk_10_page_6,434.4,481.0,1146.0
10434002,stimulus_Arg_PISACowsMilk_10_page_6,434.5,480.6,1146.0
10434003,stimulus_Arg_PISACowsMilk_10_page_6,434.6,480.8,1145.0
10434004,stimulus_Arg_PISACowsMilk_10_page_6,434.7,481.0,1145.0
10434005,stimulus_Arg_PISACowsMilk_10_page_6,434.6,480.9,1144.0
10434006,stimulus_Arg_PISACowsMilk_10_page_6,434.7,480.6,1144.0
10434007,stimulus_Arg_PISACowsMilk_10_page_6,434.6,480.2,1144.0
10434008,stimulus_Arg_PISACowsMilk_10_page_6,434.5,480.2,1143.0
10434009,stimulus_Arg_PISACowsMilk_10_page_6,434.3,480.2,1143.0
10434010,stimulus_Arg_PISACowsMilk_10_page_6,434.3,480.1,1143.0
10434011,stimulus_Arg_PISACowsMilk_10_page_6,434.5,480.3,1143.0
10434012,stimulus_Arg_PISACowsMilk_10_page_6,434.8,480.4,1144.0
10434013,stimulus_Arg_PISACowsMilk_10_page_6,435.1,480.6,1143.0
10434014,stimulus_Arg_PISACowsMilk_10_page_6,435.4,480.6,1143.0
10434015,stimulus_Arg_PISACowsMilk_10_page_6,435.7,480.6,1142.0
10434016,stimulus_Arg_PISACowsMilk_10_page_6,435.9,480.4,1141.0
10434017,stimulus_Arg_PISACowsMilk_10_page_6,435.9,480.2,1140.0
10434018,stimulus_Arg_PISACowsMilk_10_page_6,435.6,480.0,1139.0
10434019,stimulus_Arg_PISACowsMilk_10_page_6,435.2,479.9,1140.0
10434020,stimulus_Arg_PISACowsMilk_10_page_6,434.9,480.2,1140.0
10434021,stimulus_Arg_PISACowsMilk_10_page_6,434.8,480.5,1140.0
10434022,stimulus_Arg_PISACowsMilk_10_page_6,434.7,480.8,1140.0
10434023,stimulus_Arg_PISACowsMilk_10_page_6,434.8,480.8,1140.0
10434024,stimulus_Arg_PISACowsMilk_10_page_6,435.0,480.8,1140.0
10434025,stimulus_Arg_PISACowsMilk_10_page_6,435.2,480.8,1140.0
10434026,stimulus_Arg_PISACowsMilk_10_page_6,435.3,480.8,1139.0
10434027,stimulus_Arg_PISACowsMilk_10_page_6,435.4,480.7,1138.0
10434028,stimulus_Arg_PISACowsMilk_10_page_6,435.5,480.5,1137.0
10434029,stimulus_Arg_PISACowsMilk_10_page_6,435.6,480.2,1136.0
10434030,stimulus_Arg_PISACowsMilk_10_page_6,435.7,479.9,1136.0
10434031,stimulus_Arg_PISACowsMilk_10_page_6,435.9,479.8,1136.0
10434032,stimulus_Arg_PISACowsMilk_10_page_6,436.0,479.7,1135.0
10434033,stimulus_Arg_PISACowsMilk_10_page_6,436.0,479.7,1135.0
10434034,stimulus_Arg_PISACowsMilk_10_page_6,435.9,479.7,1134.0
10434035,stimulus_Arg_PISACowsMilk_10_page_6,435.8,479.7,1134.0
10434036,stimulus_Arg_PISACowsMilk_10_page_6,435.7,479.7,1134.0
10434037,stimulus_Arg_PISACowsMilk_10_page_6,435.6,479.6,1134.0
10434038,stimulus_Arg_PISACowsMilk_10_page_6,435.6,479.6,1133.0
10434039,stimulus_Arg_PISACowsMilk_10_page_6,435.6,479.5,1132.0
10434040,stimulus_Arg_PISACowsMilk_10_page_6,435.5,479.6,1132.0
10434041,stimulus_Arg_PISACowsMilk_10_page_6,435.6,479.7,1132.0
10434042,stimulus_Arg_PISACowsMilk_10_page_6,435.8,479.7,1132.0
10434043,stimulus_Arg_PISACowsMilk_10_page_6,436.1,479.7,1132.0
10434044,stimulus_Arg_PISACowsMilk_10_page_6,436.4,479.6,1132.0
10434045,stimulus_Arg_PISACowsMilk_10_page_6,436.8,479.5,1133.0
10434046,stimulus_Arg_PISACowsMilk_10_page_6,437.0,479.4,1132.0
10434047,stimulus_Arg_PISACowsMilk_10_page_6,437.1,479.3,1130.0
10434048,stimulus_Arg_PISACowsMilk_10_page_6,437.0,479.3,1129.0
10434049,stimulus_Arg_PISACowsMilk_10_page_6,436.9,479.3,1129.0
10434050,stimulus_Arg_PISACowsMilk_10_page_6,436.9,479.5,1129.0
10434051,stimulus_Arg_PISACowsMilk_10_page_6,437.0,479.8,1128.0
10434052,stimulus_Arg_PISACowsMilk_10_page_6,437.0,479.9,1128.0
10434053,stimulus_Arg_PISACowsMilk_10_page_6,437.0,479.8,1128.0
10434054,stimulus_Arg_PISACowsMilk_10_page_6,437.0,479.8,1128.0
10434055,stimulus_Arg_PISACowsMilk_10_page_6,437.0,479.9,1127.0
10434056,stimulus_Arg_PISACowsMilk_10_page_6,437.1,480.1,1127.0
10434057,stimulus_Arg_PISACowsMilk_10_page_6,437.3,480.4,1127.0
10434058,stimulus_Arg_PISACowsMilk_10_page_6,437.5,480.5,1125.0
10434059,stimulus_Arg_PISACowsMilk_10_page_6,437.6,480.5,1123.0
10434060,stimulus_Arg_PISACowsMilk_10_page_6,437.6,480.7,1122.0
10434061,stimulus_Arg_PISACowsMilk_10_page_6,437.6,480.8,1123.0
10434062,stimulus_Arg_PISACowsMilk_10_page_6,437.6,480.9,1123.0
10434063,stimulus_Arg_PISACowsMilk_10_page_6,437.6,480.8,1124.0
10434064,stimulus_Arg_PISACowsMilk_10_page_6,437.7,480.5,1122.0
10434065,stimulus_Arg_PISACowsMilk_10_page_6,437.6,480.1,1120.0
10434066,stimulus_Arg_PISACowsMilk_10_page_6,437.4,479.8,1118.0
10434067,stimulus_Arg_PISACowsMilk_10_page_6,437.3,479.8,1117.0
10434068,stimulus_Arg_PISACowsMilk_10_page_6,437.3,479.8,1117.0
10434069,stimulus_Arg_PISACowsMilk_10_page_6,437.4,479.7,1116.0
10434070,stimulus_Arg_PISACowsMilk_10_page_6,437.5,479.6,1115.0
10434071,stimulus_Arg_PISACowsMilk_10_page_6,437.6,479.4,1114.0
10434072,stimulus_Arg_PISACowsMilk_10_page_6,437.5,478.9,1114.0
10434073,stimulus_Arg_PISACowsMilk_10_page_6,437.4,478.4,1113.0
10434074,stimulus_Arg_PISACowsMilk_10_page_6,437.3,478.1,1112.0
10434075,stimulus_Arg_PISACowsMilk_10_page_6,437.1,478.1,1111.0
10434076,stimulus_Arg_PISACowsMilk_10_page_6,436.6,478.0,1110.0
10434077,stimulus_Arg_PISACowsMilk_10_page_6,436.1,477.5,1110.0
10434078,stimulus_Arg_PISACowsMilk_10_page_6,435.8,477.1,1109.0
10434079,stimulus_Arg_PISACowsMilk_10_page_6,435.8,477.0,1109.0
10434080,stimulus_Arg_PISACowsMilk_10_page_6,435.8,477.1,1109.0
10434081,stimulus_Arg_PISACowsMilk_10_page_6,435.8,477.1,1109.0
10434082,stimulus_Arg_PISACowsMilk_10_page_6,435.9,477.1,1109.0
10434083,stimulus_Arg_PISACowsMilk_10_page_6,435.9,476.8,1108.0
10434084,stimulus_Arg_PISACowsMilk_10_page_6,435.6,476.5,1106.0
10434085,stimulus_Arg_PISACowsMilk_10_page_6,435.3,476.4,1105.0
10434086,stimulus_Arg_PISACowsMilk_10_page_6,435.4,476.4,1105.0
10434087,stimulus_Arg_PISACowsMilk_10_page_6,435.8,476.5,1106.0
10434088,stimulus_Arg_PISACowsMilk_10_page_6,436.4,476.7,1107.0
10434089,stimulus_Arg_PISACowsMilk_10_page_6,436.6,476.4,1106.0
10434090,stimulus_Arg_PISACowsMilk_10_page_6,436.9,475.9,1106.0
10434091,stimulus_Arg_PISACowsMilk_10_page_6,436.9,475.4,1105.0
10434092,stimulus_Arg_PISACowsMilk_10_page_6,436.7,475.1,1105.0
10434093,stimulus_Arg_PISACowsMilk_10_page_6,436.5,475.0,1104.0
10434094,stimulus_Arg_PISACowsMilk_10_page_6,436.3,475.0,1104.0
10434095,stimulus_Arg_PISACowsMilk_10_page_6,436.3,475.1,1104.0
10434096,stimulus_Arg_PISACowsMilk_10_page_6,436.2,475.1,1103.0
10434097,stimulus_Arg_PISACowsMilk_10_page_6,436.1,475.2,1103.0
10434098,stimulus_Arg_PISACowsMilk_10_page_6,436.1,475.0,1102.0
10434099,stimulus_Arg_PISACowsMilk_10_page_6,436.1,474.5,1102.0
10434100,stimulus_Arg_PISACowsMilk_10_page_6,436.2,474.2,1103.0
10434101,stimulus_Arg_PISACowsMilk_10_page_6,436.2,474.2,1103.0
10434102,stimulus_Arg_PISACowsMilk_10_page_6,435.9,474.3,1103.0
10434103,stimulus_Arg_PISACowsMilk_10_page_6,435.6,474.3,1102.0
10434104,stimulus_Arg_PISACowsMilk_10_page_6,435.3,474.2,1101.0
10434105,stimulus_Arg_PISACowsMilk_10_page_6,435.4,474.2,1101.0
10434106,stimulus_Arg_PISACowsMilk_10_page_6,435.6,474.2,1101.0
10434107,stimulus_Arg_PISACowsMilk_10_page_6,435.7,474.2,1101.0
10434108,stimulus_Arg_PISACowsMilk_10_page_6,435.8,473.7,1099.0
10434109,stimulus_Arg_PISACowsMilk_10_page_6,435.8,473.0,1098.0
10434110,stimulus_Arg_PISACowsMilk_10_page_6,435.8,472.3,1097.0
10434111,stimulus_Arg_PISACowsMilk_10_page_6,435.9,472.3,1097.0
10434112,stimulus_Arg_PISACowsMilk_10_page_6,435.9,471.9,1097.0
10434113,stimulus_Arg_PISACowsMilk_10_page_6,436.0,471.6,1097.0
10434114,stimulus_Arg_PISACowsMilk_10_page_6,436.0,471.2,1094.0
10434115,stimulus_Arg_PISACowsMilk_10_page_6,436.0,471.2,1091.0
10434116,stimulus_Arg_PISACowsMilk_10_page_6,435.8,471.3,1090.0
10434117,stimulus_Arg_PISACowsMilk_10_page_6,435.8,471.4,1092.0
10434118,stimulus_Arg_PISACowsMilk_10_page_6,435.8,471.6,1093.0
10434119,stimulus_Arg_PISACowsMilk_10_page_6,435.7,471.8,1094.0
10434120,stimulus_Arg_PISACowsMilk_10_page_6,435.5,472.0,1095.0
10434121,stimulus_Arg_PISACowsMilk_10_page_6,435.1,472.1,1094.0
10434122,stimulus_Arg_PISACowsMilk_10_page_6,434.7,471.9,1093.0
10434123,stimulus_Arg_PISACowsMilk_10_page_6,434.4,471.4,1091.0
10434124,stimulus_Arg_PISACowsMilk_10_page_6,434.4,471.0,1090.0
10434125,stimulus_Arg_PISACowsMilk_10_page_6,435.0,471.0,1090.0
10434126,stimulus_Arg_PISACowsMilk_10_page_6,435.6,471.3,1089.0
10434127,stimulus_Arg_PISACowsMilk_10_page_6,436.2,471.6,1088.0
10434128,stimulus_Arg_PISACowsMilk_10_page_6,436.3,471.6,1087.0
10434129,stimulus_Arg_PISACowsMilk_10_page_6,436.4,471.6,1087.0
10434130,stimulus_Arg_PISACowsMilk_10_page_6,436.0,471.6,1087.0
10434131,stimulus_Arg_PISACowsMilk_10_page_6,435.7,471.5,1088.0
10434132,stimulus_Arg_PISACowsMilk_10_page_6,435.6,471.3,1088.0
10434133,stimulus_Arg_PISACowsMilk_10_page_6,435.7,471.2,1087.0
10434134,stimulus_Arg_PISACowsMilk_10_page_6,435.7,471.2,1087.0
10434135,stimulus_Arg_PISACowsMilk_10_page_6,435.5,471.2,1086.0
10434136,stimulus_Arg_PISACowsMilk_10_page_6,435.3,471.0,1086.0
10434137,stimulus_Arg_PISACowsMilk_10_page_6,435.2,470.7,1086.0
10434138,stimulus_Arg_PISACowsMilk_10_page_6,435.0,470.5,1086.0
10434139,stimulus_Arg_PISACowsMilk_10_page_6,434.9,470.6,1087.0
10434140,stimulus_Arg_PISACowsMilk_10_page_6,434.8,470.6,1087.0
10434141,stimulus_Arg_PISACowsMilk_10_page_6,435.0,470.7,1087.0
10434142,stimulus_Arg_PISACowsMilk_10_page_6,435.1,470.8,1086.0
10434143,stimulus_Arg_PISACowsMilk_10_page_6,435.2,470.9,1085.0
10434144,stimulus_Arg_PISACowsMilk_10_page_6,435.2,471.0,1084.0
10434145,stimulus_Arg_PISACowsMilk_10_page_6,435.2,471.0,1084.0
10434146,stimulus_Arg_PISACowsMilk_10_page_6,435.3,470.9,1084.0
10434147,stimulus_Arg_PISACowsMilk_10_page_6,435.3,470.8,1084.0
10434148,stimulus_Arg_PISACowsMilk_10_page_6,435.4,470.6,1084.0
10434149,stimulus_Arg_PISACowsMilk_10_page_6,435.4,470.5,1084.0
10434150,stimulus_Arg_PISACowsMilk_10_page_6,435.3,470.4,1085.0
10434151,stimulus_Arg_PISACowsMilk_10_page_6,435.4,470.4,1085.0
10434152,stimulus_Arg_PISACowsMilk_10_page_6,435.5,470.5,1086.0
10434153,stimulus_Arg_PISACowsMilk_10_page_6,435.7,470.8,1085.0
10434154,stimulus_Arg_PISACowsMilk_10_page_6,435.5,471.1,1085.0
10434155,stimulus_Arg_PISACowsMilk_10_page_6,435.3,471.3,1085.0
10434156,stimulus_Arg_PISACowsMilk_10_page_6,435.1,471.2,1085.0
10434157,stimulus_Arg_PISACowsMilk_10_page_6,435.1,471.1,1085.0
10434158,stimulus_Arg_PISACowsMilk_10_page_6,434.9,471.0,1084.0
10434159,stimulus_Arg_PISACowsMilk_10_page_6,434.8,470.8,1083.0
10434160,stimulus_Arg_PISACowsMilk_10_page_6,434.8,470.7,1084.0
10434161,stimulus_Arg_PISACowsMilk_10_page_6,434.8,470.6,1085.0
10434162,stimulus_Arg_PISACowsMilk_10_page_6,434.9,470.5,1087.0
10434163,stimulus_Arg_PISACowsMilk_10_page_6,435.0,470.4,1085.0
10434164,stimulus_Arg_PISACowsMilk_10_page_6,435.1,470.4,1084.0
10434165,stimulus_Arg_PISACowsMilk_10_page_6,435.0,470.3,1082.0
10434166,stimulus_Arg_PISACowsMilk_10_page_6,435.1,470.3,1082.0
10434167,stimulus_Arg_PISACowsMilk_10_page_6,435.3,470.7,1081.0
10434168,stimulus_Arg_PISACowsMilk_10_page_6,435.4,471.1,1080.0
10434169,stimulus_Arg_PISACowsMilk_10_page_6,435.5,471.2,1082.0
10434170,stimulus_Arg_PISACowsMilk_10_page_6,435.5,470.9,1084.0
10434171,stimulus_Arg_PISACowsMilk_10_page_6,435.5,470.6,1084.0
10434172,stimulus_Arg_PISACowsMilk_10_page_6,435.4,470.6,1082.0
10434173,stimulus_Arg_PISACowsMilk_10_page_6,435.3,470.4,1080.0
10434174,stimulus_Arg_PISACowsMilk_10_page_6,435.3,470.3,1081.0
10434175,stimulus_Arg_PISACowsMilk_10_page_6,435.3,470.3,1081.0
10434176,stimulus_Arg_PISACowsMilk_10_page_6,435.4,470.3,1081.0
10434177,stimulus_Arg_PISACowsMilk_10_page_6,435.5,470.2,1082.0
10434178,stimulus_Arg_PISACowsMilk_10_page_6,435.4,470.2,1082.0
10434179,stimulus_Arg_PISACowsMilk_10_page_6,435.3,470.1,1083.0
10434180,stimulus_Arg_PISACowsMilk_10_page_6,435.4,470.0,1084.0
10434181,stimulus_Arg_PISACowsMilk_10_page_6,435.4,470.0,1084.0
10434182,stimulus_Arg_PISACowsMilk_10_page_6,435.5,470.0,1083.0
10434183,stimulus_Arg_PISACowsMilk_10_page_6,435.6,470.1,1082.0
10434184,stimulus_Arg_PISACowsMilk_10_page_6,435.7,470.2,1082.0
10434185,stimulus_Arg_PISACowsMilk_10_page_6,435.9,470.2,1082.0
10434186,stimulus_Arg_PISACowsMilk_10_page_6,435.9,470.0,1082.0
10434187,stimulus_Arg_PISACowsMilk_10_page_6,436.0,469.9,1082.0
10434188,stimulus_Arg_PISACowsMilk_10_page_6,435.9,469.9,1082.0
10434189,stimulus_Arg_PISACowsMilk_10_page_6,435.7,469.6,1083.0
10434190,stimulus_Arg_PISACowsMilk_10_page_6,435.3,469.2,1083.0
10434191,stimulus_Arg_PISACowsMilk_10_page_6,435.0,468.9,1084.0
10434192,stimulus_Arg_PISACowsMilk_10_page_6,434.9,468.9,1084.0
10434193,stimulus_Arg_PISACowsMilk_10_page_6,435.0,468.9,1084.0
10434194,stimulus_Arg_PISACowsMilk_10_page_6,435.2,468.9,1082.0
10434195,stimulus_Arg_PISACowsMilk_10_page_6,435.5,469.2,1080.0
10434196,stimulus_Arg_PISACowsMilk_10_page_6,435.9,469.5,1078.0
10434197,stimulus_Arg_PISACowsMilk_10_page_6,437.1,469.8,1078.0
10434198,stimulus_Arg_PISACowsMilk_10_page_6,439.2,470.5,1078.0
10434199,stimulus_Arg_PISACowsMilk_10_page_6,442.9,471.9,1081.0
10434200,stimulus_Arg_PISACowsMilk_10_page_6,446.5,473.3,1083.0
10434201,stimulus_Arg_PISACowsMilk_10_page_6,450.3,473.7,1084.0
10434202,stimulus_Arg_PISACowsMilk_10_page_6,453.9,473.6,1084.0
10434203,stimulus_Arg_PISACowsMilk_10_page_6,459.6,473.4,1084.0
10434204,stimulus_Arg_PISACowsMilk_10_page_6,466.0,473.6,1085.0
10434205,stimulus_Arg_PISACowsMilk_10_page_6,472.6,473.7,1086.0
10434206,stimulus_Arg_PISACowsMilk_10_page_6,480.1,474.9,1087.0
10434207,stimulus_Arg_PISACowsMilk_10_page_6,488.0,476.0,1089.0
10434208,stimulus_Arg_PISACowsMilk_10_page_6,495.6,476.5,1089.0
10434209,stimulus_Arg_PISACowsMilk_10_page_6,502.1,476.2,1089.0
10434210,stimulus_Arg_PISACowsMilk_10_page_6,508.9,475.8,1091.0
10434211,stimulus_Arg_PISACowsMilk_10_page_6,515.6,474.9,1093.0
10434212,stimulus_Arg_PISACowsMilk_10_page_6,520.4,473.1,1094.0
10434213,stimulus_Arg_PISACowsMilk_10_page_6,522.8,470.8,1093.0
10434214,stimulus_Arg_PISACowsMilk_10_page_6,523.7,469.4,1091.0
10434215,stimulus_Arg_PISACowsMilk_10_page_6,523.6,468.1,1089.0
10434216,stimulus_Arg_PISACowsMilk_10_page_6,522.7,467.2,1086.0
10434217,stimulus_Arg_PISACowsMilk_10_page_6,520.7,466.3,1085.0
10434218,stimulus_Arg_PISACowsMilk_10_page_6,517.4,466.0,1084.0
10434219,stimulus_Arg_PISACowsMilk_10_page_6,514.1,465.9,1084.0
10434220,stimulus_Arg_PISACowsMilk_10_page_6,511.0,466.3,1083.0
10434221,stimulus_Arg_PISACowsMilk_10_page_6,508.2,467.0,1083.0
10434222,stimulus_Arg_PISACowsMilk_10_page_6,505.3,467.7,1083.0
10434223,stimulus_Arg_PISACowsMilk_10_page_6,502.5,468.1,1083.0
10434224,stimulus_Arg_PISACowsMilk_10_page_6,500.2,468.8,1083.0
10434225,stimulus_Arg_PISACowsMilk_10_page_6,498.4,469.8,1082.0
10434226,stimulus_Arg_PISACowsMilk_10_page_6,497.4,470.8,1082.0
10434227,stimulus_Arg_PISACowsMilk_10_page_6,496.7,471.7,1082.0
10434228,stimulus_Arg_PISACowsMilk_10_page_6,496.5,472.9,1082.0
10434229,stimulus_Arg_PISACowsMilk_10_page_6,496.9,474.2,1082.0
10434230,stimulus_Arg_PISACowsMilk_10_page_6,497.7,474.9,1082.0
10434231,stimulus_Arg_PISACowsMilk_10_page_6,498.9,475.1,1082.0
10434232,stimulus_Arg_PISACowsMilk_10_page_6,500.3,475.2,1083.0
10434233,stimulus_Arg_PISACowsMilk_10_page_6,501.3,475.3,1084.0
10434234,stimulus_Arg_PISACowsMilk_10_page_6,501.8,475.1,1085.0
10434235,stimulus_Arg_PISACowsMilk_10_page_6,501.9,474.9,1085.0
10434236,stimulus_Arg_PISACowsMilk_10_page_6,502.6,474.6,1084.0
10434237,stimulus_Arg_PISACowsMilk_10_page_6,503.4,474.6,1084.0
10434238,stimulus_Arg_PISACowsMilk_10_page_6,504.6,474.2,1083.0
10434239,stimulus_Arg_PISACowsMilk_10_page_6,505.2,473.5,1083.0
10434240,stimulus_Arg_PISACowsMilk_10_page_6,505.5,472.8,1083.0
10434241,stimulus_Arg_PISACowsMilk_10_page_6,505.3,472.4,1085.0
10434242,stimulus_Arg_PISACowsMilk_10_page_6,505.2,472.2,1086.0
10434243,stimulus_Arg_PISACowsMilk_10_page_6,505.4,472.3,1087.0
10434244,stimulus_Arg_PISACowsMilk_10_page_6,505.6,472.3,1086.0
10434245,stimulus_Arg_PISACowsMilk_10_page_6,505.7,472.4,1085.0
10434246,stimulus_Arg_PISACowsMilk_10_page_6,505.7,472.4,1085.0
10434247,stimulus_Arg_PISACowsMilk_10_page_6,505.7,472.4,1085.0
10434248,stimulus_Arg_PISACowsMilk_10_page_6,505.6,473.0,1085.0
10434249,stimulus_Arg_PISACowsMilk_10_page_6,505.5,473.7,1085.0
10434250,stimulus_Arg_PISACowsMilk_10_page_6,505.6,474.3,1086.0
10434251,stimulus_Arg_PISACowsMilk_10_page_6,505.8,474.4,1087.0
10434252,stimulus_Arg_PISACowsMilk_10_page_6,505.9,474.5,1088.0
10434253,stimulus_Arg_PISACowsMilk_10_page_6,505.9,474.9,1087.0
10434254,stimulus_Arg_PISACowsMilk_10_page_6,505.8,475.4,1086.0
10434255,stimulus_Arg_PISACowsMilk_10_page_6,505.8,475.8,1085.0
10434256,stimulus_Arg_PISACowsMilk_10_page_6,505.9,475.9,1085.0
10434257,stimulus_Arg_PISACowsMilk_10_page_6,505.9,476.0,1084.0
10434258,stimulus_Arg_PISACowsMilk_10_page_6,505.6,475.9,1084.0
10434259,stimulus_Arg_PISACowsMilk_10_page_6,505.4,475.9,1084.0
10434260,stimulus_Arg_PISACowsMilk_10_page_6,505.1,475.9,1085.0
10434261,stimulus_Arg_PISACowsMilk_10_page_6,505.2,476.0,1085.0
10434262,stimulus_Arg_PISACowsMilk_10_page_6,505.2,475.9,1086.0
10434263,stimulus_Arg_PISACowsMilk_10_page_6,505.3,475.7,1086.0
10434264,stimulus_Arg_PISACowsMilk_10_page_6,505.3,475.1,1085.0
10434265,stimulus_Arg_PISACowsMilk_10_page_6,505.3,474.6,1085.0
10434266,stimulus_Arg_PISACowsMilk_10_page_6,505.2,474.3,1084.0
10434267,stimulus_Arg_PISACowsMilk_10_page_6,504.9,474.4,1084.0
10434268,stimulus_Arg_PISACowsMilk_10_page_6,504.7,474.4,1083.0
10434269,stimulus_Arg_PISACowsMilk_10_page_6,504.6,474.2,1083.0
10434270,stimulus_Arg_PISACowsMilk_10_page_6,504.7,473.9,1083.0
10434271,stimulus_Arg_PISACowsMilk_10_page_6,504.8,474.2,1083.0
10434272,stimulus_Arg_PISACowsMilk_10_page_6,504.5,474.6,1082.0
10434273,stimulus_Arg_PISACowsMilk_10_page_6,504.2,475.1,1081.0
10434274,stimulus_Arg_PISACowsMilk_10_page_6,504.0,475.1,1081.0
10434275,stimulus_Arg_PISACowsMilk_10_page_6,504.0,475.2,1082.0
10434276,stimulus_Arg_PISACowsMilk_10_page_6,503.8,475.2,1082.0
10434277,stimulus_Arg_PISACowsMilk_10_page_6,503.8,474.9,1082.0
10434278,stimulus_Arg_PISACowsMilk_10_page_6,503.7,474.6,1082.0
10434279,stimulus_Arg_PISACowsMilk_10_page_6,503.7,474.4,1081.0
10434280,stimulus_Arg_PISACowsMilk_10_page_6,503.8,474.4,1081.0
10434281,stimulus_Arg_PISACowsMilk_10_page_6,503.9,474.4,1081.0
10434282,stimulus_Arg_PISACowsMilk_10_page_6,504.1,474.4,1081.0
10434283,stimulus_Arg_PISACowsMilk_10_page_6,504.0,474.5,1082.0
10434284,stimulus_Arg_PISACowsMilk_10_page_6,504.0,474.6,1082.0
10434285,stimulus_Arg_PISACowsMilk_10_page_6,504.0,474.7,1082.0
10434286,stimulus_Arg_PISACowsMilk_10_page_6,503.9,474.9,1081.0
10434287,stimulus_Arg_PISACowsMilk_10_page_6,503.9,475.1,1081.0
10434288,stimulus_Arg_PISACowsMilk_10_page_6,504.0,475.0,1082.0
10434289,stimulus_Arg_PISACowsMilk_10_page_6,504.1,474.5,1082.0
10434290,stimulus_Arg_PISACowsMilk_10_page_6,503.9,474.0,1082.0
10434291,stimulus_Arg_PISACowsMilk_10_page_6,503.6,474.3,1082.0
10434292,stimulus_Arg_PISACowsMilk_10_page_6,503.7,474.8,1083.0
10434293,stimulus_Arg_PISACowsMilk_10_page_6,504.0,475.4,1083.0
10434294,stimulus_Arg_PISACowsMilk_10_page_6,504.5,475.5,1083.0
10434295,stimulus_Arg_PISACowsMilk_10_page_6,504.8,475.4,1083.0
10434296,stimulus_Arg_PISACowsMilk_10_page_6,505.0,475.2,1083.0
10434297,stimulus_Arg_PISACowsMilk_10_page_6,505.1,475.7,1083.0
10434298,stimulus_Arg_PISACowsMilk_10_page_6,505.0,476.2,1084.0
10434299,stimulus_Arg_PISACowsMilk_10_page_6,504.9,476.3,1085.0
10434300,stimulus_Arg_PISACowsMilk_10_page_6,504.9,476.0,1086.0
10434301,stimulus_Arg_PISACowsMilk_10_page_6,504.9,475.8,1086.0
10434302,stimulus_Arg_PISACowsMilk_10_page_6,505.0,476.0,1086.0
10434303,stimulus_Arg_PISACowsMilk_10_page_6,504.9,476.1,1084.0
10434304,stimulus_Arg_PISACowsMilk_10_page_6,504.8,476.0,1081.0
10434305,stimulus_Arg_PISACowsMilk_10_page_6,504.6,475.8,1080.0
10434306,stimulus_Arg_PISACowsMilk_10_page_6,504.5,475.9,1081.0
10434307,stimulus_Arg_PISACowsMilk_10_page_6,504.6,476.3,1082.0
10434308,stimulus_Arg_PISACowsMilk_10_page_6,504.8,477.0,1083.0
10434309,stimulus_Arg_PISACowsMilk_10_page_6,505.0,477.3,1084.0
10434310,stimulus_Arg_PISACowsMilk_10_page_6,505.5,477.5,1084.0
10434311,stimulus_Arg_PISACowsMilk_10_page_6,505.7,477.5,1085.0
10434312,stimulus_Arg_PISACowsMilk_10_page_6,506.0,477.3,1085.0
10434313,stimulus_Arg_PISACowsMilk_10_page_6,505.9,477.1,1085.0
10434314,stimulus_Arg_PISACowsMilk_10_page_6,505.8,477.0,1084.0
10434315,stimulus_Arg_PISACowsMilk_10_page_6,505.7,477.1,1084.0
10434316,stimulus_Arg_PISACowsMilk_10_page_6,505.7,477.2,1083.0
10434317,stimulus_Arg_PISACowsMilk_10_page_6,505.7,477.2,1083.0
10434318,stimulus_Arg_PISACowsMilk_10_page_6,505.7,477.1,1084.0
10434319,stimulus_Arg_PISACowsMilk_10_page_6,505.8,477.1,1084.0
10434320,stimulus_Arg_PISACowsMilk_10_page_6,505.8,477.2,1085.0
10434321,stimulus_Arg_PISACowsMilk_10_page_6,505.8,477.3,1085.0
10434322,stimulus_Arg_PISACowsMilk_10_page_6,506.0,477.6,1086.0
10434323,stimulus_Arg_PISACowsMilk_10_page_6,506.2,477.8,1085.0
10434324,stimulus_Arg_PISACowsMilk_10_page_6,506.2,477.9,1084.0
10434325,stimulus_Arg_PISACowsMilk_10_page_6,506.1,477.9,1083.0
10434326,stimulus_Arg_PISACowsMilk_10_page_6,505.9,477.9,1083.0
10434327,stimulus_Arg_PISACowsMilk_10_page_6,505.9,477.8,1084.0
10434328,stimulus_Arg_PISACowsMilk_10_page_6,505.9,477.8,1085.0
10434329,stimulus_Arg_PISACowsMilk_10_page_6,505.9,477.7,1086.0
10434330,stimulus_Arg_PISACowsMilk_10_page_6,506.0,477.8,1086.0
10434331,stimulus_Arg_PISACowsMilk_10_page_6,506.1,477.9,1086.0
10434332,stimulus_Arg_PISACowsMilk_10_page_6,506.2,478.0,1086.0
10434333,stimulus_Arg_PISACowsMilk_10_page_6,506.2,478.1,1086.0
10434334,stimulus_Arg_PISACowsMilk_10_page_6,506.4,478.2,1087.0
10434335,stimulus_Arg_PISACowsMilk_10_page_6,506.5,478.4,1087.0
10434336,stimulus_Arg_PISACowsMilk_10_page_6,506.7,478.5,1087.0
10434337,stimulus_Arg_PISACowsMilk_10_page_6,506.7,478.6,1087.0
10434338,stimulus_Arg_PISACowsMilk_10_page_6,506.6,478.5,1086.0
10434339,stimulus_Arg_PISACowsMilk_10_page_6,506.6,478.5,1085.0
10434340,stimulus_Arg_PISACowsMilk_10_page_6,506.5,478.5,1085.0
10434341,stimulus_Arg_PISACowsMilk_10_page_6,506.6,478.4,1085.0
10434342,stimulus_Arg_PISACowsMilk_10_page_6,506.6,478.1,1085.0
10434343,stimulus_Arg_PISACowsMilk_10_page_6,506.6,477.8,1085.0
10434344,stimulus_Arg_PISACowsMilk_10_page_6,506.6,477.4,1085.0
10434345,stimulus_Arg_PISACowsMilk_10_page_6,506.7,477.3,1086.0
10434346,stimulus_Arg_PISACowsMilk_10_page_6,506.8,477.2,1086.0
10434347,stimulus_Arg_PISACowsMilk_10_page_6,506.8,477.2,1086.0
10434348,stimulus_Arg_PISACowsMilk_10_page_6,506.7,477.8,1086.0
10434349,stimulus_Arg_PISACowsMilk_10_page_6,506.9,478.4,1086.0
10434350,stimulus_Arg_PISACowsMilk_10_page_6,507.2,478.7,1086.0
10434351,stimulus_Arg_PISACowsMilk_10_page_6,507.4,478.5,1086.0
10434352,stimulus_Arg_PISACowsMilk_10_page_6,507.3,478.1,1087.0
10434353,stimulus_Arg_PISACowsMilk_10_page_6,507.2,478.1,1087.0
10434354,stimulus_Arg_PISACowsMilk_10_page_6,507.3,478.0,1087.0
10434355,stimulus_Arg_PISACowsMilk_10_page_6,507.4,478.0,1087.0
10434356,stimulus_Arg_PISACowsMilk_10_page_6,507.1,477.9,1087.0
10434357,stimulus_Arg_PISACowsMilk_10_page_6,506.8,477.8,1087.0
10434358,stimulus_Arg_PISACowsMilk_10_page_6,506.6,477.8,1087.0
10434359,stimulus_Arg_PISACowsMilk_10_page_6,507.0,478.1,1086.0
10434360,stimulus_Arg_PISACowsMilk_10_page_6,507.4,478.2,1086.0
10434361,stimulus_Arg_PISACowsMilk_10_page_6,507.7,478.2,1086.0
10434362,stimulus_Arg_PISACowsMilk_10_page_6,507.6,478.5,1087.0
10434363,stimulus_Arg_PISACowsMilk_10_page_6,507.6,478.9,1088.0
10434364,stimulus_Arg_PISACowsMilk_10_page_6,507.7,479.3,1088.0
10434365,stimulus_Arg_PISACowsMilk_10_page_6,507.9,479.2,1088.0
10434366,stimulus_Arg_PISACowsMilk_10_page_6,507.9,479.1,1087.0
10434367,stimulus_Arg_PISACowsMilk_10_page_6,507.7,478.8,1086.0
10434368,stimulus_Arg_PISACowsMilk_10_page_6,507.3,478.5,1086.0
10434369,stimulus_Arg_PISACowsMilk_10_page_6,507.0,478.1,1087.0
10434370,stimulus_Arg_PISACowsMilk_10_page_6,506.7,477.9,1088.0
10434371,stimulus_Arg_PISACowsMilk_10_page_6,506.7,477.7,1089.0
10434372,stimulus_Arg_PISACowsMilk_10_page_6,506.7,477.7,1088.0
10434373,stimulus_Arg_PISACowsMilk_10_page_6,507.0,477.6,1087.0
10434374,stimulus_Arg_PISACowsMilk_10_page_6,507.3,477.6,1086.0
10434375,stimulus_Arg_PISACowsMilk_10_page_6,507.7,477.6,1086.0
10434376,stimulus_Arg_PISACowsMilk_10_page_6,507.8,477.8,1087.0
10434377,stimulus_Arg_PISACowsMilk_10_page_6,507.8,477.9,1087.0
10434378,stimulus_Arg_PISACowsMilk_10_page_6,508.0,478.1,1087.0
10434379,stimulus_Arg_PISACowsMilk_10_page_6,508.3,478.3,1087.0
10434380,stimulus_Arg_PISACowsMilk_10_page_6,508.3,478.4,1087.0
10434381,stimulus_Arg_PISACowsMilk_10_page_6,508.2,478.6,1088.0
10434382,stimulus_Arg_PISACowsMilk_10_page_6,508.2,478.7,1087.0
10434383,stimulus_Arg_PISACowsMilk_10_page_6,508.1,478.5,1086.0
10434384,stimulus_Arg_PISACowsMilk_10_page_6,508.1,478.2,1084.0
10434385,stimulus_Arg_PISACowsMilk_10_page_6,508.0,477.9,1083.0
10434386,stimulus_Arg_PISACowsMilk_10_page_6,508.0,478.1,1082.0
10434387,stimulus_Arg_PISACowsMilk_10_page_6,508.0,478.4,1082.0
10434388,stimulus_Arg_PISACowsMilk_10_page_6,507.9,478.6,1083.0
10434389,stimulus_Arg_PISACowsMilk_10_page_6,507.8,478.6,1083.0
10434390,stimulus_Arg_PISACowsMilk_10_page_6,507.7,478.8,1084.0
10434391,stimulus_Arg_PISACowsMilk_10_page_6,507.8,479.0,1083.0
10434392,stimulus_Arg_PISACowsMilk_10_page_6,508.2,479.1,1083.0
10434393,stimulus_Arg_PISACowsMilk_10_page_6,508.6,479.0,1083.0
10434394,stimulus_Arg_PISACowsMilk_10_page_6,509.0,479.1,1084.0
10434395,stimulus_Arg_PISACowsMilk_10_page_6,509.2,479.1,1085.0
10434396,stimulus_Arg_PISACowsMilk_10_page_6,509.4,479.3,1086.0
10434397,stimulus_Arg_PISACowsMilk_10_page_6,509.4,479.5,1086.0
10434398,stimulus_Arg_PISACowsMilk_10_page_6,509.4,479.8,1086.0
10434399,stimulus_Arg_PISACowsMilk_10_page_6,509.4,479.7,1086.0
10434400,stimulus_Arg_PISACowsMilk_10_page_6,509.4,479.4,1086.0
10434401,stimulus_Arg_PISACowsMilk_10_page_6,509.4,479.2,1086.0
10434402,stimulus_Arg_PISACowsMilk_10_page_6,509.1,479.3,1086.0
10434403,stimulus_Arg_PISACowsMilk_10_page_6,508.9,479.4,1085.0
10434404,stimulus_Arg_PISACowsMilk_10_page_6,508.6,479.5,1085.0
10434405,stimulus_Arg_PISACowsMilk_10_page_6,508.6,479.6,1085.0
10434406,stimulus_Arg_PISACowsMilk_10_page_6,508.6,479.7,1085.0
10434407,stimulus_Arg_PISACowsMilk_10_page_6,508.7,479.9,1086.0
10434408,stimulus_Arg_PISACowsMilk_10_page_6,509.0,479.9,1086.0
10434409,stimulus_Arg_PISACowsMilk_10_page_6,509.2,479.9,1087.0
10434410,stimulus_Arg_PISACowsMilk_10_page_6,509.5,479.9,1087.0
10434411,stimulus_Arg_PISACowsMilk_10_page_6,509.5,479.8,1088.0
10434412,stimulus_Arg_PISACowsMilk_10_page_6,509.4,479.7,1088.0
10434413,stimulus_Arg_PISACowsMilk_10_page_6,509.2,479.5,1088.0
10434414,stimulus_Arg_PISACowsMilk_10_page_6,509.0,479.4,1088.0
10434415,stimulus_Arg_PISACowsMilk_10_page_6,509.2,479.4,1089.0
10434416,stimulus_Arg_PISACowsMilk_10_page_6,509.3,479.7,1088.0
10434417,stimulus_Arg_PISACowsMilk_10_page_6,509.5,480.0,1088.0
10434418,stimulus_Arg_PISACowsMilk_10_page_6,509.5,480.3,1087.0
10434419,stimulus_Arg_PISACowsMilk_10_page_6,509.4,480.4,1087.0
10434420,stimulus_Arg_PISACowsMilk_10_page_6,509.5,480.2,1087.0
10434421,stimulus_Arg_PISACowsMilk_10_page_6,509.5,480.1,1088.0
10434422,stimulus_Arg_PISACowsMilk_10_page_6,509.5,479.8,1088.0
10434423,stimulus_Arg_PISACowsMilk_10_page_6,509.5,479.7,1088.0
10434424,stimulus_Arg_PISACowsMilk_10_page_6,509.5,479.6,1088.0
10434425,stimulus_Arg_PISACowsMilk_10_page_6,509.5,479.5,1088.0
10434426,stimulus_Arg_PISACowsMilk_10_page_6,509.5,479.4,1089.0
10434427,stimulus_Arg_PISACowsMilk_10_page_6,509.8,479.4,1089.0
10434428,stimulus_Arg_PISACowsMilk_10_page_6,510.0,479.5,1088.0
10434429,stimulus_Arg_PISACowsMilk_10_page_6,510.1,479.9,1087.0
10434430,stimulus_Arg_PISACowsMilk_10_page_6,509.9,480.2,1088.0
10434431,stimulus_Arg_PISACowsMilk_10_page_6,509.8,480.1,1089.0
10434432,stimulus_Arg_PISACowsMilk_10_page_6,509.8,479.8,1091.0
10434433,stimulus_Arg_PISACowsMilk_10_page_6,510.1,479.6,1091.0
10434434,stimulus_Arg_PISACowsMilk_10_page_6,510.2,479.6,1090.0
10434435,stimulus_Arg_PISACowsMilk_10_page_6,510.0,479.7,1089.0
10434436,stimulus_Arg_PISACowsMilk_10_page_6,509.8,479.7,1088.0
10434437,stimulus_Arg_PISACowsMilk_10_page_6,509.6,479.7,1088.0
10434438,stimulus_Arg_PISACowsMilk_10_page_6,509.4,479.7,1088.0
10434439,stimulus_Arg_PISACowsMilk_10_page_6,509.4,479.7,1089.0
10434440,stimulus_Arg_PISACowsMilk_10_page_6,509.4,479.7,1089.0
10434441,stimulus_Arg_PISACowsMilk_10_page_6,509.5,479.7,1090.0
10434442,stimulus_Arg_PISACowsMilk_10_page_6,509.7,480.2,1090.0
10434443,stimulus_Arg_PISACowsMilk_10_page_6,509.8,480.8,1091.0
10434444,stimulus_Arg_PISACowsMilk_10_page_6,509.9,481.4,1090.0
10434445,stimulus_Arg_PISACowsMilk_10_page_6,509.8,481.3,1089.0
10434446,stimulus_Arg_PISACowsMilk_10_page_6,509.7,481.1,1088.0
10434447,stimulus_Arg_PISACowsMilk_10_page_6,509.8,481.0,1088.0
10434448,stimulus_Arg_PISACowsMilk_10_page_6,510.0,480.9,1088.0
10434449,stimulus_Arg_PISACowsMilk_10_page_6,510.1,480.8,1089.0
10434450,stimulus_Arg_PISACowsMilk_10_page_6,510.2,480.6,1089.0
10434451,stimulus_Arg_PISACowsMilk_10_page_6,509.9,480.0,1088.0
10434452,stimulus_Arg_PISACowsMilk_10_page_6,509.7,479.4,1088.0
10434453,stimulus_Arg_PISACowsMilk_10_page_6,509.7,479.4,1088.0
10434454,stimulus_Arg_PISACowsMilk_10_page_6,509.9,479.7,1088.0
10434455,stimulus_Arg_PISACowsMilk_10_page_6,510.0,480.4,1089.0
10434456,stimulus_Arg_PISACowsMilk_10_page_6,509.9,480.7,1089.0
10434457,stimulus_Arg_PISACowsMilk_10_page_6,510.0,481.0,1089.0
10434458,stimulus_Arg_PISACowsMilk_10_page_6,510.1,481.0,1089.0
10434459,stimulus_Arg_PISACowsMilk_10_page_6,510.3,481.0,1089.0
10434460,stimulus_Arg_PISACowsMilk_10_page_6,510.1,481.1,1089.0
10434461,stimulus_Arg_PISACowsMilk_10_page_6,509.8,480.9,1089.0
10434462,stimulus_Arg_PISACowsMilk_10_page_6,509.7,480.7,1089.0
10434463,stimulus_Arg_PISACowsMilk_10_page_6,509.7,480.5,1089.0
10434464,stimulus_Arg_PISACowsMilk_10_page_6,509.8,480.5,1089.0
10434465,stimulus_Arg_PISACowsMilk_10_page_6,509.8,480.5,1089.0
10434466,stimulus_Arg_PISACowsMilk_10_page_6,509.8,480.6,1089.0
10434467,stimulus_Arg_PISACowsMilk_10_page_6,509.8,480.6,1089.0
10434468,stimulus_Arg_PISACowsMilk_10_page_6,509.9,480.6,1088.0
10434469,stimulus_Arg_PISACowsMilk_10_page_6,509.9,480.7,1089.0
10434470,stimulus_Arg_PISACowsMilk_10_page_6,509.5,480.8,1090.0
10434471,stimulus_Arg_PISACowsMilk_10_page_6,509.1,480.4,1090.0
10434472,stimulus_Arg_PISACowsMilk_10_page_6,508.7,479.9,1090.0
10434473,stimulus_Arg_PISACowsMilk_10_page_6,508.7,479.4,1090.0
10434474,stimulus_Arg_PISACowsMilk_10_page_6,508.7,479.4,1089.0
10434475,stimulus_Arg_PISACowsMilk_10_page_6,508.9,479.6,1088.0
10434476,stimulus_Arg_PISACowsMilk_10_page_6,509.0,480.0,1088.0
10434477,stimulus_Arg_PISACowsMilk_10_page_6,509.2,480.5,1088.0
10434478,stimulus_Arg_PISACowsMilk_10_page_6,509.4,480.8,1089.0
10434479,stimulus_Arg_PISACowsMilk_10_page_6,509.7,480.9,1090.0
10434480,stimulus_Arg_PISACowsMilk_10_page_6,509.8,481.0,1091.0
10434481,stimulus_Arg_PISACowsMilk_10_page_6,509.6,481.1,1091.0
10434482,stimulus_Arg_PISACowsMilk_10_page_6,509.3,481.3,1090.0
10434483,stimulus_Arg_PISACowsMilk_10_page_6,509.0,481.4,1089.0
10434484,stimulus_Arg_PISACowsMilk_10_page_6,508.6,481.5,1088.0
10434485,stimulus_Arg_PISACowsMilk_10_page_6,508.6,481.3,1088.0
10434486,stimulus_Arg_PISACowsMilk_10_page_6,508.7,481.0,1089.0
10434487,stimulus_Arg_PISACowsMilk_10_page_6,509.0,481.0,1090.0
10434488,stimulus_Arg_PISACowsMilk_10_page_6,509.1,481.2,1090.0
10434489,stimulus_Arg_PISACowsMilk_10_page_6,509.0,481.2,1091.0
10434490,stimulus_Arg_PISACowsMilk_10_page_6,509.0,480.9,1091.0
10434491,stimulus_Arg_PISACowsMilk_10_page_6,509.0,480.6,1091.0
10434492,stimulus_Arg_PISACowsMilk_10_page_6,509.0,480.7,1092.0
10434493,stimulus_Arg_PISACowsMilk_10_page_6,509.0,480.9,1092.0
10434494,stimulus_Arg_PISACowsMilk_10_page_6,509.0,481.1,1091.0
10434495,stimulus_Arg_PISACowsMilk_10_page_6,509.0,481.1,1090.0
10434496,stimulus_Arg_PISACowsMilk_10_page_6,508.5,481.0,1089.0
10434497,stimulus_Arg_PISACowsMilk_10_page_6,508.0,481.2,1089.0
10434498,stimulus_Arg_PISACowsMilk_10_page_6,507.9,481.5,1090.0
10434499,stimulus_Arg_PISACowsMilk_10_page_6,508.2,481.7,1092.0
10434500,stimulus_Arg_PISACowsMilk_10_page_6,508.7,481.7,1093.0
10434501,stimulus_Arg_PISACowsMilk_10_page_6,508.8,481.6,1092.0
10434502,stimulus_Arg_PISACowsMilk_10_page_6,508.8,481.4,1091.0
10434503,stimulus_Arg_PISACowsMilk_10_page_6,508.8,481.3,1091.0
10434504,stimulus_Arg_PISACowsMilk_10_page_6,508.7,481.2,1091.0
10434505,stimulus_Arg_PISACowsMilk_10_page_6,508.7,481.2,1092.0
10434506,stimulus_Arg_PISACowsMilk_10_page_6,509.2,481.2,1092.0
10434507,stimulus_Arg_PISACowsMilk_10_page_6,509.6,481.2,1093.0
10434508,stimulus_Arg_PISACowsMilk_10_page_6,509.8,481.1,1092.0
10434509,stimulus_Arg_PISACowsMilk_10_page_6,509.6,480.8,1091.0
10434510,stimulus_Arg_PISACowsMilk_10_page_6,509.4,480.5,1090.0
10434511,stimulus_Arg_PISACowsMilk_10_page_6,509.0,480.0,1089.0
10434512,stimulus_Arg_PISACowsMilk_10_page_6,508.7,479.7,1088.0
10434513,stimulus_Arg_PISACowsMilk_10_page_6,508.3,479.4,1087.0
10434514,stimulus_Arg_PISACowsMilk_10_page_6,508.3,479.5,1086.0
10434515,stimulus_Arg_PISACowsMilk_10_page_6,508.3,479.6,1085.0
10434516,stimulus_Arg_PISACowsMilk_10_page_6,508.3,479.7,1085.0
10434517,stimulus_Arg_PISACowsMilk_10_page_6,508.4,479.8,1086.0
10434518,stimulus_Arg_PISACowsMilk_10_page_6,508.6,480.0,1087.0
10434519,stimulus_Arg_PISACowsMilk_10_page_6,508.7,480.3,1088.0
10434520,stimulus_Arg_PISACowsMilk_10_page_6,509.1,480.3,1088.0
10434521,stimulus_Arg_PISACowsMilk_10_page_6,509.5,480.4,1088.0
10434522,stimulus_Arg_PISACowsMilk_10_page_6,509.8,480.4,1089.0
10434523,stimulus_Arg_PISACowsMilk_10_page_6,509.9,480.3,1090.0
10434524,stimulus_Arg_PISACowsMilk_10_page_6,510.0,480.5,1092.0
10434525,stimulus_Arg_PISACowsMilk_10_page_6,510.1,480.5,1093.0
10434526,stimulus_Arg_PISACowsMilk_10_page_6,510.1,480.6,1092.0
10434527,stimulus_Arg_PISACowsMilk_10_page_6,510.0,480.7,1091.0
10434528,stimulus_Arg_PISACowsMilk_10_page_6,510.0,480.7,1091.0
10434529,stimulus_Arg_PISACowsMilk_10_page_6,510.0,480.8,1092.0
10434530,stimulus_Arg_PISACowsMilk_10_page_6,510.0,480.9,1093.0
10434531,stimulus_Arg_PISACowsMilk_10_page_6,510.0,481.0,1094.0
10434532,stimulus_Arg_PISACowsMilk_10_page_6,509.8,481.1,1094.0
10434533,stimulus_Arg_PISACowsMilk_10_page_6,509.7,481.2,1094.0
10434534,stimulus_Arg_PISACowsMilk_10_page_6,509.5,481.2,1092.0
10434535,stimulus_Arg_PISACowsMilk_10_page_6,509.7,481.2,1091.0
10434536,stimulus_Arg_PISACowsMilk_10_page_6,509.8,481.1,1091.0
10434537,stimulus_Arg_PISACowsMilk_10_page_6,509.6,481.0,1092.0
10434538,stimulus_Arg_PISACowsMilk_10_page_6,509.3,480.9,1093.0
10434539,stimulus_Arg_PISACowsMilk_10_page_6,508.9,480.6,1093.0
10434540,stimulus_Arg_PISACowsMilk_10_page_6,508.8,480.4,1093.0
10434541,stimulus_Arg_PISACowsMilk_10_page_6,508.5,480.2,1093.0
10434542,stimulus_Arg_PISACowsMilk_10_page_6,508.2,480.1,1093.0
10434543,stimulus_Arg_PISACowsMilk_10_page_6,508.5,480.1,1094.0
10434544,stimulus_Arg_PISACowsMilk_10_page_6,508.8,480.4,1094.0
10434545,stimulus_Arg_PISACowsMilk_10_page_6,509.2,480.7,1094.0
10434546,stimulus_Arg_PISACowsMilk_10_page_6,509.4,481.0,1094.0
10434547,stimulus_Arg_PISACowsMilk_10_page_6,509.6,481.1,1094.0
10434548,stimulus_Arg_PISACowsMilk_10_page_6,509.8,481.2,1095.0
10434549,stimulus_Arg_PISACowsMilk_10_page_6,510.1,481.3,1096.0
10434550,stimulus_Arg_PISACowsMilk_10_page_6,510.4,481.3,1098.0
10434551,stimulus_Arg_PISACowsMilk_10_page_6,510.5,481.4,1098.0
10434552,stimulus_Arg_PISACowsMilk_10_page_6,510.1,481.2,1098.0
10434553,stimulus_Arg_PISACowsMilk_10_page_6,509.5,480.8,1098.0
10434554,stimulus_Arg_PISACowsMilk_10_page_6,508.9,480.4,1097.0
10434555,stimulus_Arg_PISACowsMilk_10_page_6,508.5,480.1,1096.0
10434556,stimulus_Arg_PISACowsMilk_10_page_6,508.7,480.0,1097.0
10434557,stimulus_Arg_PISACowsMilk_10_page_6,509.2,480.4,1098.0
10434558,stimulus_Arg_PISACowsMilk_10_page_6,510.2,480.8,1099.0
10434559,stimulus_Arg_PISACowsMilk_10_page_6,510.7,481.2,1099.0
10434560,stimulus_Arg_PISACowsMilk_10_page_6,511.8,481.7,1100.0
10434561,stimulus_Arg_PISACowsMilk_10_page_6,512.9,482.3,1101.0
10434562,stimulus_Arg_PISACowsMilk_10_page_6,514.9,483.2,1102.0
10434563,stimulus_Arg_PISACowsMilk_10_page_6,517.8,483.6,1101.0
10434564,stimulus_Arg_PISACowsMilk_10_page_6,522.6,484.0,1099.0
10434565,stimulus_Arg_PISACowsMilk_10_page_6,527.9,484.2,1101.0
10434566,stimulus_Arg_PISACowsMilk_10_page_6,532.9,484.6,1104.0
10434567,stimulus_Arg_PISACowsMilk_10_page_6,536.7,485.0,1107.0
10434568,stimulus_Arg_PISACowsMilk_10_page_6,541.7,484.9,1108.0
10434569,stimulus_Arg_PISACowsMilk_10_page_6,547.4,484.5,1108.0
10434570,stimulus_Arg_PISACowsMilk_10_page_6,553.5,484.0,1110.0
10434571,stimulus_Arg_PISACowsMilk_10_page_6,557.1,483.5,1111.0
10434572,stimulus_Arg_PISACowsMilk_10_page_6,560.2,482.2,1111.0
10434573,stimulus_Arg_PISACowsMilk_10_page_6,563.4,480.9,1108.0
10434574,stimulus_Arg_PISACowsMilk_10_page_6,568.1,480.4,1106.0
10434575,stimulus_Arg_PISACowsMilk_10_page_6,572.4,481.0,1109.0
10434576,stimulus_Arg_PISACowsMilk_10_page_6,575.0,481.5,1111.0
10434577,stimulus_Arg_PISACowsMilk_10_page_6,576.1,481.3,1114.0
10434578,stimulus_Arg_PISACowsMilk_10_page_6,576.8,480.9,1114.0
10434579,stimulus_Arg_PISACowsMilk_10_page_6,577.6,480.4,1114.0
10434580,stimulus_Arg_PISACowsMilk_10_page_6,578.3,480.3,1114.0
10434581,stimulus_Arg_PISACowsMilk_10_page_6,578.7,479.6,1114.0
10434582,stimulus_Arg_PISACowsMilk_10_page_6,578.8,479.0,1113.0
10434583,stimulus_Arg_PISACowsMilk_10_page_6,578.4,478.6,1113.0
10434584,stimulus_Arg_PISACowsMilk_10_page_6,577.9,478.9,1114.0
10434585,stimulus_Arg_PISACowsMilk_10_page_6,576.7,479.2,1113.0
10434586,stimulus_Arg_PISACowsMilk_10_page_6,575.2,479.2,1111.0
10434587,stimulus_Arg_PISACowsMilk_10_page_6,573.1,479.1,1110.0
10434588,stimulus_Arg_PISACowsMilk_10_page_6,571.0,479.1,1110.0
10434589,stimulus_Arg_PISACowsMilk_10_page_6,568.7,479.2,1110.0
10434590,stimulus_Arg_PISACowsMilk_10_page_6,566.8,479.6,1110.0
10434591,stimulus_Arg_PISACowsMilk_10_page_6,565.6,480.2,1111.0
10434592,stimulus_Arg_PISACowsMilk_10_page_6,565.1,481.4,1112.0
10434593,stimulus_Arg_PISACowsMilk_10_page_6,564.6,482.2,1113.0
10434594,stimulus_Arg_PISACowsMilk_10_page_6,564.2,482.8,1114.0
10434595,stimulus_Arg_PISACowsMilk_10_page_6,563.9,483.0,1115.0
10434596,stimulus_Arg_PISACowsMilk_10_page_6,564.0,483.8,1114.0
10434597,stimulus_Arg_PISACowsMilk_10_page_6,564.5,484.5,1113.0
10434598,stimulus_Arg_PISACowsMilk_10_page_6,565.0,484.6,1113.0
10434599,stimulus_Arg_PISACowsMilk_10_page_6,565.6,484.5,1113.0
10434600,stimulus_Arg_PISACowsMilk_10_page_6,566.0,484.4,1114.0
10434601,stimulus_Arg_PISACowsMilk_10_page_6,567.1,484.6,1115.0
10434602,stimulus_Arg_PISACowsMilk_10_page_6,568.3,484.7,1116.0
10434603,stimulus_Arg_PISACowsMilk_10_page_6,569.3,484.8,1117.0
10434604,stimulus_Arg_PISACowsMilk_10_page_6,569.6,484.6,1117.0
10434605,stimulus_Arg_PISACowsMilk_10_page_6,569.6,484.4,1117.0
10434606,stimulus_Arg_PISACowsMilk_10_page_6,569.6,484.2,1117.0
10434607,stimulus_Arg_PISACowsMilk_10_page_6,569.9,484.1,1116.0
10434608,stimulus_Arg_PISACowsMilk_10_page_6,570.2,484.1,1117.0
10434609,stimulus_Arg_PISACowsMilk_10_page_6,570.6,484.2,1118.0
10434610,stimulus_Arg_PISACowsMilk_10_page_6,570.9,484.2,1120.0
10434611,stimulus_Arg_PISACowsMilk_10_page_6,571.1,484.2,1120.0
10434612,stimulus_Arg_PISACowsMilk_10_page_6,571.0,484.1,1119.0
10434613,stimulus_Arg_PISACowsMilk_10_page_6,570.8,484.0,1118.0
10434614,stimulus_Arg_PISACowsMilk_10_page_6,570.5,484.2,1117.0
10434615,stimulus_Arg_PISACowsMilk_10_page_6,570.5,484.4,1117.0
10434616,stimulus_Arg_PISACowsMilk_10_page_6,570.4,484.7,1117.0
10434617,stimulus_Arg_PISACowsMilk_10_page_6,570.5,484.6,1117.0
10434618,stimulus_Arg_PISACowsMilk_10_page_6,570.6,484.4,1118.0
10434619,stimulus_Arg_PISACowsMilk_10_page_6,570.4,484.3,1119.0
10434620,stimulus_Arg_PISACowsMilk_10_page_6,570.2,484.3,1119.0
10434621,stimulus_Arg_PISACowsMilk_10_page_6,570.0,484.6,1119.0
10434622,stimulus_Arg_PISACowsMilk_10_page_6,570.1,485.0,1120.0
10434623,stimulus_Arg_PISACowsMilk_10_page_6,570.3,485.1,1120.0
10434624,stimulus_Arg_PISACowsMilk_10_page_6,570.3,485.1,1120.0
10434625,stimulus_Arg_PISACowsMilk_10_page_6,570.4,485.0,1119.0
10434626,stimulus_Arg_PISACowsMilk_10_page_6,570.5,484.9,1119.0
10434627,stimulus_Arg_PISACowsMilk_10_page_6,570.6,484.8,1118.0
10434628,stimulus_Arg_PISACowsMilk_10_page_6,570.8,484.8,1119.0
10434629,stimulus_Arg_PISACowsMilk_10_page_6,570.9,484.9,1119.0
10434630,stimulus_Arg_PISACowsMilk_10_page_6,570.9,484.9,1120.0
10434631,stimulus_Arg_PISACowsMilk_10_page_6,570.5,484.9,1120.0
10434632,stimulus_Arg_PISACowsMilk_10_page_6,570.0,484.9,1120.0
10434633,stimulus_Arg_PISACowsMilk_10_page_6,569.5,484.8,1120.0
10434634,stimulus_Arg_PISACowsMilk_10_page_6,569.3,484.7,1119.0
10434635,stimulus_Arg_PISACowsMilk_10_page_6,569.1,484.7,1118.0
10434636,stimulus_Arg_PISACowsMilk_10_page_6,568.9,484.8,1118.0
10434637,stimulus_Arg_PISACowsMilk_10_page_6,568.9,484.7,1118.0
10434638,stimulus_Arg_PISACowsMilk_10_page_6,569.1,484.7,1118.0
10434639,stimulus_Arg_PISACowsMilk_10_page_6,569.2,484.7,1119.0
10434640,stimulus_Arg_PISACowsMilk_10_page_6,569.3,484.7,1119.0
10434641,stimulus_Arg_PISACowsMilk_10_page_6,569.3,484.7,1120.0
10434642,stimulus_Arg_PISACowsMilk_10_page_6,569.4,484.6,1120.0
10434643,stimulus_Arg_PISACowsMilk_10_page_6,569.5,484.6,1120.0
10434644,stimulus_Arg_PISACowsMilk_10_page_6,569.7,484.6,1120.0
10434645,stimulus_Arg_PISACowsMilk_10_page_6,570.1,484.8,1121.0
10434646,stimulus_Arg_PISACowsMilk_10_page_6,570.4,484.9,1121.0
10434647,stimulus_Arg_PISACowsMilk_10_page_6,570.4,485.0,1121.0
10434648,stimulus_Arg_PISACowsMilk_10_page_6,570.1,484.8,1121.0
10434649,stimulus_Arg_PISACowsMilk_10_page_6,569.8,484.6,1121.0
10434650,stimulus_Arg_PISACowsMilk_10_page_6,569.7,484.4,1121.0
10434651,stimulus_Arg_PISACowsMilk_10_page_6,569.7,484.4,1122.0
10434652,stimulus_Arg_PISACowsMilk_10_page_6,569.7,484.5,1123.0
10434653,stimulus_Arg_PISACowsMilk_10_page_6,569.6,484.6,1123.0
10434654,stimulus_Arg_PISACowsMilk_10_page_6,569.8,484.8,1123.0
10434655,stimulus_Arg_PISACowsMilk_10_page_6,569.9,485.0,1123.0
10434656,stimulus_Arg_PISACowsMilk_10_page_6,569.8,485.2,1122.0
10434657,stimulus_Arg_PISACowsMilk_10_page_6,569.6,485.3,1122.0
10434658,stimulus_Arg_PISACowsMilk_10_page_6,569.6,485.3,1122.0
10434659,stimulus_Arg_PISACowsMilk_10_page_6,569.9,485.2,1122.0
10434660,stimulus_Arg_PISACowsMilk_10_page_6,570.1,484.9,1122.0
10434661,stimulus_Arg_PISACowsMilk_10_page_6,570.0,484.6,1122.0
10434662,stimulus_Arg_PISACowsMilk_10_page_6,569.8,484.6,1122.0
10434663,stimulus_Arg_PISACowsMilk_10_page_6,569.8,484.9,1123.0
10434664,stimulus_Arg_PISACowsMilk_10_page_6,569.8,485.2,1124.0
10434665,stimulus_Arg_PISACowsMilk_10_page_6,570.0,485.4,1125.0
10434666,stimulus_Arg_PISACowsMilk_10_page_6,570.2,485.7,1125.0
10434667,stimulus_Arg_PISACowsMilk_10_page_6,570.4,486.0,1124.0
10434668,stimulus_Arg_PISACowsMilk_10_page_6,570.4,486.1,1122.0
10434669,stimulus_Arg_PISACowsMilk_10_page_6,570.4,486.1,1122.0
10434670,stimulus_Arg_PISACowsMilk_10_page_6,570.4,486.1,1122.0
10434671,stimulus_Arg_PISACowsMilk_10_page_6,570.5,486.0,1122.0
10434672,stimulus_Arg_PISACowsMilk_10_page_6,570.7,486.1,1123.0
10434673,stimulus_Arg_PISACowsMilk_10_page_6,570.8,486.2,1123.0
10434674,stimulus_Arg_PISACowsMilk_10_page_6,570.8,486.1,1123.0
10434675,stimulus_Arg_PISACowsMilk_10_page_6,570.8,485.9,1123.0
10434676,stimulus_Arg_PISACowsMilk_10_page_6,570.8,485.5,1123.0
10434677,stimulus_Arg_PISACowsMilk_10_page_6,570.8,485.2,1123.0
10434678,stimulus_Arg_PISACowsMilk_10_page_6,570.7,485.2,1122.0
10434679,stimulus_Arg_PISACowsMilk_10_page_6,570.7,485.2,1122.0
10434680,stimulus_Arg_PISACowsMilk_10_page_6,570.7,485.3,1122.0
10434681,stimulus_Arg_PISACowsMilk_10_page_6,570.5,485.0,1122.0
10434682,stimulus_Arg_PISACowsMilk_10_page_6,570.2,484.7,1122.0
10434683,stimulus_Arg_PISACowsMilk_10_page_6,570.0,484.6,1123.0
10434684,stimulus_Arg_PISACowsMilk_10_page_6,569.9,484.7,1123.0
10434685,stimulus_Arg_PISACowsMilk_10_page_6,569.7,484.8,1123.0
10434686,stimulus_Arg_PISACowsMilk_10_page_6,569.7,484.8,1122.0
10434687,stimulus_Arg_PISACowsMilk_10_page_6,569.7,484.8,1122.0
10434688,stimulus_Arg_PISACowsMilk_10_page_6,569.7,484.7,1122.0
10434689,stimulus_Arg_PISACowsMilk_10_page_6,569.7,484.7,1123.0
10434690,stimulus_Arg_PISACowsMilk_10_page_6,570.0,484.6,1124.0
10434691,stimulus_Arg_PISACowsMilk_10_page_6,570.3,484.5,1125.0
10434692,stimulus_Arg_PISACowsMilk_10_page_6,571.2,484.4,1127.0
10434693,stimulus_Arg_PISACowsMilk_10_page_6,572.1,484.1,1127.0
10434694,stimulus_Arg_PISACowsMilk_10_page_6,574.3,483.8,1126.0
10434695,stimulus_Arg_PISACowsMilk_10_page_6,578.6,484.1,1126.0
10434696,stimulus_Arg_PISACowsMilk_10_page_6,584.5,485.4,1126.0
10434697,stimulus_Arg_PISACowsMilk_10_page_6,591.8,486.8,1128.0
10434698,stimulus_Arg_PISACowsMilk_10_page_6,599.2,487.7,1130.0
10434699,stimulus_Arg_PISACowsMilk_10_page_6,607.2,487.6,1131.0
10434700,stimulus_Arg_PISACowsMilk_10_page_6,615.9,486.7,1131.0
10434701,stimulus_Arg_PISACowsMilk_10_page_6,623.6,485.0,1131.0
10434702,stimulus_Arg_PISACowsMilk_10_page_6,631.1,483.5,1131.0
10434703,stimulus_Arg_PISACowsMilk_10_page_6,637.8,482.6,1132.0
10434704,stimulus_Arg_PISACowsMilk_10_page_6,645.4,482.5,1133.0
10434705,stimulus_Arg_PISACowsMilk_10_page_6,653.1,481.2,1133.0
10434706,stimulus_Arg_PISACowsMilk_10_page_6,659.7,479.9,1132.0
10434707,stimulus_Arg_PISACowsMilk_10_page_6,665.0,478.6,1130.0
10434708,stimulus_Arg_PISACowsMilk_10_page_6,669.1,478.5,1129.0
10434709,stimulus_Arg_PISACowsMilk_10_page_6,672.6,478.2,1128.0
10434710,stimulus_Arg_PISACowsMilk_10_page_6,675.2,477.9,1128.0
10434711,stimulus_Arg_PISACowsMilk_10_page_6,676.6,477.6,1128.0
10434712,stimulus_Arg_PISACowsMilk_10_page_6,676.9,477.5,1127.0
10434713,stimulus_Arg_PISACowsMilk_10_page_6,676.5,477.4,1125.0
10434714,stimulus_Arg_PISACowsMilk_10_page_6,675.4,476.6,1123.0
10434715,stimulus_Arg_PISACowsMilk_10_page_6,673.3,475.9,1123.0
10434716,stimulus_Arg_PISACowsMilk_10_page_6,671.1,475.3,1121.0
10434717,stimulus_Arg_PISACowsMilk_10_page_6,668.0,475.3,1119.0
10434718,stimulus_Arg_PISACowsMilk_10_page_6,665.1,475.4,1118.0
10434719,stimulus_Arg_PISACowsMilk_10_page_6,661.7,475.5,1118.0
10434720,stimulus_Arg_PISACowsMilk_10_page_6,659.8,475.7,1120.0
10434721,stimulus_Arg_PISACowsMilk_10_page_6,657.1,476.0,1121.0
10434722,stimulus_Arg_PISACowsMilk_10_page_6,655.0,476.3,1123.0
10434723,stimulus_Arg_PISACowsMilk_10_page_6,653.0,477.4,1123.0
10434724,stimulus_Arg_PISACowsMilk_10_page_6,652.1,478.6,1123.0
10434725,stimulus_Arg_PISACowsMilk_10_page_6,651.4,479.9,1123.0
10434726,stimulus_Arg_PISACowsMilk_10_page_6,651.0,480.5,1123.0
10434727,stimulus_Arg_PISACowsMilk_10_page_6,650.8,481.0,1123.0
10434728,stimulus_Arg_PISACowsMilk_10_page_6,651.7,481.7,1124.0
10434729,stimulus_Arg_PISACowsMilk_10_page_6,653.0,482.1,1126.0
10434730,stimulus_Arg_PISACowsMilk_10_page_6,654.2,482.1,1127.0
10434731,stimulus_Arg_PISACowsMilk_10_page_6,655.1,481.9,1126.0
10434732,stimulus_Arg_PISACowsMilk_10_page_6,656.1,481.8,1126.0
10434733,stimulus_Arg_PISACowsMilk_10_page_6,657.0,481.7,1126.0
10434734,stimulus_Arg_PISACowsMilk_10_page_6,658.1,481.4,1126.0
10434735,stimulus_Arg_PISACowsMilk_10_page_6,658.8,480.8,1126.0
10434736,stimulus_Arg_PISACowsMilk_10_page_6,659.8,480.2,1126.0
10434737,stimulus_Arg_PISACowsMilk_10_page_6,660.4,479.7,1126.0
10434738,stimulus_Arg_PISACowsMilk_10_page_6,660.5,479.4,1125.0
10434739,stimulus_Arg_PISACowsMilk_10_page_6,660.4,478.9,1125.0
10434740,stimulus_Arg_PISACowsMilk_10_page_6,660.4,478.4,1126.0
10434741,stimulus_Arg_PISACowsMilk_10_page_6,660.5,478.1,1127.0
10434742,stimulus_Arg_PISACowsMilk_10_page_6,660.6,477.8,1128.0
10434743,stimulus_Arg_PISACowsMilk_10_page_6,660.5,477.8,1128.0
10434744,stimulus_Arg_PISACowsMilk_10_page_6,660.5,477.9,1128.0
10434745,stimulus_Arg_PISACowsMilk_10_page_6,660.8,478.4,1128.0
10434746,stimulus_Arg_PISACowsMilk_10_page_6,661.1,478.9,1128.0
10434747,stimulus_Arg_PISACowsMilk_10_page_6,661.4,479.3,1128.0
10434748,stimulus_Arg_PISACowsMilk_10_page_6,661.5,479.3,1128.0
10434749,stimulus_Arg_PISACowsMilk_10_page_6,661.7,479.5,1127.0
10434750,stimulus_Arg_PISACowsMilk_10_page_6,662.2,479.7,1128.0
10434751,stimulus_Arg_PISACowsMilk_10_page_6,662.6,479.9,1128.0
10434752,stimulus_Arg_PISACowsMilk_10_page_6,662.5,480.0,1128.0
10434753,stimulus_Arg_PISACowsMilk_10_page_6,662.2,480.0,1129.0
10434754,stimulus_Arg_PISACowsMilk_10_page_6,661.9,480.0,1130.0
10434755,stimulus_Arg_PISACowsMilk_10_page_6,661.9,479.9,1131.0
10434756,stimulus_Arg_PISACowsMilk_10_page_6,661.8,479.8,1131.0
10434757,stimulus_Arg_PISACowsMilk_10_page_6,661.7,479.6,1131.0
10434758,stimulus_Arg_PISACowsMilk_10_page_6,661.4,479.5,1130.0
10434759,stimulus_Arg_PISACowsMilk_10_page_6,660.8,479.5,1130.0
10434760,stimulus_Arg_PISACowsMilk_10_page_6,660.2,479.4,1130.0
10434761,stimulus_Arg_PISACowsMilk_10_page_6,659.9,479.3,1131.0
10434762,stimulus_Arg_PISACowsMilk_10_page_6,660.1,479.2,1132.0
10434763,stimulus_Arg_PISACowsMilk_10_page_6,660.4,479.0,1133.0
10434764,stimulus_Arg_PISACowsMilk_10_page_6,660.5,478.7,1131.0
10434765,stimulus_Arg_PISACowsMilk_10_page_6,660.5,478.6,1129.0
10434766,stimulus_Arg_PISACowsMilk_10_page_6,660.7,478.6,1129.0
10434767,stimulus_Arg_PISACowsMilk_10_page_6,660.9,478.5,1129.0
10434768,stimulus_Arg_PISACowsMilk_10_page_6,660.5,478.4,1129.0
10434769,stimulus_Arg_PISACowsMilk_10_page_6,660.0,478.3,1129.0
10434770,stimulus_Arg_PISACowsMilk_10_page_6,659.9,478.2,1129.0
10434771,stimulus_Arg_PISACowsMilk_10_page_6,660.4,478.2,1130.0
10434772,stimulus_Arg_PISACowsMilk_10_page_6,660.8,478.3,1130.0
10434773,stimulus_Arg_PISACowsMilk_10_page_6,660.9,478.3,1131.0
10434774,stimulus_Arg_PISACowsMilk_10_page_6,660.9,478.3,1131.0
10434775,stimulus_Arg_PISACowsMilk_10_page_6,660.8,478.4,1131.0
10434776,stimulus_Arg_PISACowsMilk_10_page_6,660.5,478.4,1130.0
10434777,stimulus_Arg_PISACowsMilk_10_page_6,660.3,478.4,1129.0
10434778,stimulus_Arg_PISACowsMilk_10_page_6,660.0,478.6,1129.0
10434779,stimulus_Arg_PISACowsMilk_10_page_6,660.0,478.7,1128.0
10434780,stimulus_Arg_PISACowsMilk_10_page_6,660.1,479.0,1128.0
10434781,stimulus_Arg_PISACowsMilk_10_page_6,660.2,479.2,1129.0
10434782,stimulus_Arg_PISACowsMilk_10_page_6,660.4,479.5,1130.0
10434783,stimulus_Arg_PISACowsMilk_10_page_6,660.7,479.5,1130.0
10434784,stimulus_Arg_PISACowsMilk_10_page_6,661.0,479.3,1129.0
10434785,stimulus_Arg_PISACowsMilk_10_page_6,661.1,479.1,1128.0
10434786,stimulus_Arg_PISACowsMilk_10_page_6,661.0,478.9,1128.0
10434787,stimulus_Arg_PISACowsMilk_10_page_6,660.9,479.0,1128.0
10434788,stimulus_Arg_PISACowsMilk_10_page_6,661.0,479.1,1127.0
10434789,stimulus_Arg_PISACowsMilk_10_page_6,661.1,479.1,1126.0
10434790,stimulus_Arg_PISACowsMilk_10_page_6,661.1,479.1,1126.0
10434791,stimulus_Arg_PISACowsMilk_10_page_6,661.1,479.0,1127.0
10434792,stimulus_Arg_PISACowsMilk_10_page_6,661.1,478.9,1128.0
10434793,stimulus_Arg_PISACowsMilk_10_page_6,661.2,478.8,1129.0
10434794,stimulus_Arg_PISACowsMilk_10_page_6,661.3,478.8,1129.0
10434795,stimulus_Arg_PISACowsMilk_10_page_6,661.5,478.7,1129.0
10434796,stimulus_Arg_PISACowsMilk_10_page_6,661.7,478.7,1129.0
10434797,stimulus_Arg_PISACowsMilk_10_page_6,661.8,478.7,1130.0
10434798,stimulus_Arg_PISACowsMilk_10_page_6,661.7,478.8,1130.0
10434799,stimulus_Arg_PISACowsMilk_10_page_6,661.7,478.9,1130.0
10434800,stimulus_Arg_PISACowsMilk_10_page_6,661.7,479.0,1130.0
10434801,stimulus_Arg_PISACowsMilk_10_page_6,661.6,479.2,1132.0
10434802,stimulus_Arg_PISACowsMilk_10_page_6,661.6,479.4,1131.0
10434803,stimulus_Arg_PISACowsMilk_10_page_6,661.5,479.2,1130.0
10434804,stimulus_Arg_PISACowsMilk_10_page_6,661.5,479.1,1129.0
10434805,stimulus_Arg_PISACowsMilk_10_page_6,661.6,478.9,1129.0
10434806,stimulus_Arg_PISACowsMilk_10_page_6,661.7,478.9,1129.0
10434807,stimulus_Arg_PISACowsMilk_10_page_6,661.9,478.8,1130.0
10434808,stimulus_Arg_PISACowsMilk_10_page_6,661.8,478.8,1131.0
10434809,stimulus_Arg_PISACowsMilk_10_page_6,661.6,478.8,1132.0
10434810,stimulus_Arg_PISACowsMilk_10_page_6,661.4,478.8,1133.0
10434811,stimulus_Arg_PISACowsMilk_10_page_6,661.3,478.8,1133.0
10434812,stimulus_Arg_PISACowsMilk_10_page_6,661.2,479.0,1132.0
10434813,stimulus_Arg_PISACowsMilk_10_page_6,661.1,479.3,1131.0
10434814,stimulus_Arg_PISACowsMilk_10_page_6,661.1,479.5,1130.0
10434815,stimulus_Arg_PISACowsMilk_10_page_6,661.2,479.5,1130.0
10434816,stimulus_Arg_PISACowsMilk_10_page_6,661.4,479.4,1131.0
10434817,stimulus_Arg_PISACowsMilk_10_page_6,661.6,479.4,1131.0
10434818,stimulus_Arg_PISACowsMilk_10_page_6,661.8,479.4,1131.0
10434819,stimulus_Arg_PISACowsMilk_10_page_6,661.7,479.4,1130.0
10434820,stimulus_Arg_PISACowsMilk_10_page_6,661.8,479.4,1128.0
10434821,stimulus_Arg_PISACowsMilk_10_page_6,661.8,479.3,1127.0
10434822,stimulus_Arg_PISACowsMilk_10_page_6,661.8,479.2,1127.0
10434823,stimulus_Arg_PISACowsMilk_10_page_6,661.8,479.1,1128.0
10434824,stimulus_Arg_PISACowsMilk_10_page_6,661.7,479.0,1128.0
10434825,stimulus_Arg_PISACowsMilk_10_page_6,661.5,479.3,1127.0
10434826,stimulus_Arg_PISACowsMilk_10_page_6,661.3,479.7,1127.0
10434827,stimulus_Arg_PISACowsMilk_10_page_6,661.2,480.0,1127.0
10434828,stimulus_Arg_PISACowsMilk_10_page_6,661.2,479.9,1127.0
10434829,stimulus_Arg_PISACowsMilk_10_page_6,661.2,479.5,1126.0
10434830,stimulus_Arg_PISACowsMilk_10_page_6,661.3,479.1,1126.0
10434831,stimulus_Arg_PISACowsMilk_10_page_6,661.4,478.8,1126.0
10434832,stimulus_Arg_PISACowsMilk_10_page_6,661.4,478.8,1126.0
10434833,stimulus_Arg_PISACowsMilk_10_page_6,661.4,478.7,1126.0
10434834,stimulus_Arg_PISACowsMilk_10_page_6,661.4,478.8,1126.0
10434835,stimulus_Arg_PISACowsMilk_10_page_6,661.4,478.9,1126.0
10434836,stimulus_Arg_PISACowsMilk_10_page_6,661.5,479.0,1126.0
10434837,stimulus_Arg_PISACowsMilk_10_page_6,661.5,479.0,1126.0
10434838,stimulus_Arg_PISACowsMilk_10_page_6,661.5,478.9,1127.0
10434839,stimulus_Arg_PISACowsMilk_10_page_6,661.5,478.8,1129.0
10434840,stimulus_Arg_PISACowsMilk_10_page_6,661.6,479.2,1130.0
10434841,stimulus_Arg_PISACowsMilk_10_page_6,661.6,479.6,1130.0
10434842,stimulus_Arg_PISACowsMilk_10_page_6,661.6,479.9,1130.0
10434843,stimulus_Arg_PISACowsMilk_10_page_6,661.7,479.4,1129.0
10434844,stimulus_Arg_PISACowsMilk_10_page_6,661.7,478.8,1128.0
10434845,stimulus_Arg_PISACowsMilk_10_page_6,661.7,478.6,1129.0
10434846,stimulus_Arg_PISACowsMilk_10_page_6,661.7,479.2,1130.0
10434847,stimulus_Arg_PISACowsMilk_10_page_6,662.0,479.8,1130.0
10434848,stimulus_Arg_PISACowsMilk_10_page_6,662.4,479.9,1131.0
10434849,stimulus_Arg_PISACowsMilk_10_page_6,662.5,479.8,1132.0
10434850,stimulus_Arg_PISACowsMilk_10_page_6,662.1,479.7,1132.0
10434851,stimulus_Arg_PISACowsMilk_10_page_6,661.6,479.7,1131.0
10434852,stimulus_Arg_PISACowsMilk_10_page_6,661.6,479.6,1131.0
10434853,stimulus_Arg_PISACowsMilk_10_page_6,661.6,479.5,1131.0
10434854,stimulus_Arg_PISACowsMilk_10_page_6,661.6,479.5,1130.0
10434855,stimulus_Arg_PISACowsMilk_10_page_6,661.7,479.4,1131.0
10434856,stimulus_Arg_PISACowsMilk_10_page_6,661.8,479.6,1130.0
10434857,stimulus_Arg_PISACowsMilk_10_page_6,661.9,479.8,1130.0
10434858,stimulus_Arg_PISACowsMilk_10_page_6,661.9,479.7,1129.0
10434859,stimulus_Arg_PISACowsMilk_10_page_6,662.0,479.4,1128.0
10434860,stimulus_Arg_PISACowsMilk_10_page_6,662.0,479.2,1127.0
10434861,stimulus_Arg_PISACowsMilk_10_page_6,662.0,479.3,1128.0
10434862,stimulus_Arg_PISACowsMilk_10_page_6,661.9,479.4,1128.0
10434863,stimulus_Arg_PISACowsMilk_10_page_6,661.7,479.4,1128.0
10434864,stimulus_Arg_PISACowsMilk_10_page_6,661.5,479.4,1128.0
10434865,stimulus_Arg_PISACowsMilk_10_page_6,661.3,479.4,1129.0
10434866,stimulus_Arg_PISACowsMilk_10_page_6,661.4,479.4,1129.0
10434867,stimulus_Arg_PISACowsMilk_10_page_6,661.4,479.3,1130.0
10434868,stimulus_Arg_PISACowsMilk_10_page_6,661.4,479.3,1129.0
10434869,stimulus_Arg_PISACowsMilk_10_page_6,661.4,479.3,1129.0
10434870,stimulus_Arg_PISACowsMilk_10_page_6,661.3,479.0,1129.0
10434871,stimulus_Arg_PISACowsMilk_10_page_6,661.3,478.8,1129.0
10434872,stimulus_Arg_PISACowsMilk_10_page_6,661.2,478.7,1129.0
10434873,stimulus_Arg_PISACowsMilk_10_page_6,661.2,478.8,1129.0
10434874,stimulus_Arg_PISACowsMilk_10_page_6,661.2,478.9,1129.0
10434875,stimulus_Arg_PISACowsMilk_10_page_6,661.3,478.8,1129.0
10434876,stimulus_Arg_PISACowsMilk_10_page_6,661.3,478.7,1129.0
10434877,stimulus_Arg_PISACowsMilk_10_page_6,661.2,478.6,1129.0
10434878,stimulus_Arg_PISACowsMilk_10_page_6,661.1,478.5,1129.0
10434879,stimulus_Arg_PISACowsMilk_10_page_6,661.2,478.5,1129.0
10434880,stimulus_Arg_PISACowsMilk_10_page_6,661.5,478.8,1129.0
10434881,stimulus_Arg_PISACowsMilk_10_page_6,662.0,479.2,1129.0
10434882,stimulus_Arg_PISACowsMilk_10_page_6,662.2,479.1,1129.0
10434883,stimulus_Arg_PISACowsMilk_10_page_6,662.4,478.7,1129.0
10434884,stimulus_Arg_PISACowsMilk_10_page_6,662.4,478.3,1129.0
10434885,stimulus_Arg_PISACowsMilk_10_page_6,662.2,478.3,1129.0
10434886,stimulus_Arg_PISACowsMilk_10_page_6,662.0,478.2,1129.0
10434887,stimulus_Arg_PISACowsMilk_10_page_6,661.8,478.3,1130.0
10434888,stimulus_Arg_PISACowsMilk_10_page_6,662.0,478.5,1131.0
10434889,stimulus_Arg_PISACowsMilk_10_page_6,662.0,478.7,1132.0
10434890,stimulus_Arg_PISACowsMilk_10_page_6,662.0,478.8,1132.0
10434891,stimulus_Arg_PISACowsMilk_10_page_6,662.1,478.9,1132.0
10434892,stimulus_Arg_PISACowsMilk_10_page_6,662.7,479.2,1132.0
10434893,stimulus_Arg_PISACowsMilk_10_page_6,663.3,479.3,1132.0
10434894,stimulus_Arg_PISACowsMilk_10_page_6,663.4,479.4,1132.0
10434895,stimulus_Arg_PISACowsMilk_10_page_6,663.0,479.5,1132.0
10434896,stimulus_Arg_PISACowsMilk_10_page_6,662.6,479.5,1132.0
10434897,stimulus_Arg_PISACowsMilk_10_page_6,662.4,479.5,1131.0
10434898,stimulus_Arg_PISACowsMilk_10_page_6,662.1,479.5,1131.0
10434899,stimulus_Arg_PISACowsMilk_10_page_6,661.9,479.3,1132.0
10434900,stimulus_Arg_PISACowsMilk_10_page_6,661.8,479.1,1132.0
10434901,stimulus_Arg_PISACowsMilk_10_page_6,661.7,479.2,1133.0
10434902,stimulus_Arg_PISACowsMilk_10_page_6,661.8,479.3,1132.0
10434903,stimulus_Arg_PISACowsMilk_10_page_6,661.9,479.4,1133.0
10434904,stimulus_Arg_PISACowsMilk_10_page_6,662.0,479.4,1133.0
10434905,stimulus_Arg_PISACowsMilk_10_page_6,662.1,479.5,1133.0
10434906,stimulus_Arg_PISACowsMilk_10_page_6,662.1,479.5,1133.0
10434907,stimulus_Arg_PISACowsMilk_10_page_6,662.1,479.4,1133.0
10434908,stimulus_Arg_PISACowsMilk_10_page_6,662.0,479.2,1134.0
10434909,stimulus_Arg_PISACowsMilk_10_page_6,662.3,479.0,1134.0
10434910,stimulus_Arg_PISACowsMilk_10_page_6,662.6,478.9,1134.0
10434911,stimulus_Arg_PISACowsMilk_10_page_6,662.7,478.7,1134.0
10434912,stimulus_Arg_PISACowsMilk_10_page_6,662.7,478.6,1135.0
10434913,stimulus_Arg_PISACowsMilk_10_page_6,662.6,478.5,1135.0
10434914,stimulus_Arg_PISACowsMilk_10_page_6,662.6,478.7,1136.0
10434915,stimulus_Arg_PISACowsMilk_10_page_6,662.6,478.9,1136.0
10434916,stimulus_Arg_PISACowsMilk_10_page_6,662.4,479.1,1136.0
10434917,stimulus_Arg_PISACowsMilk_10_page_6,662.0,479.0,1136.0
10434918,stimulus_Arg_PISACowsMilk_10_page_6,661.6,479.1,1136.0
10434919,stimulus_Arg_PISACowsMilk_10_page_6,661.5,479.2,1136.0
10434920,stimulus_Arg_PISACowsMilk_10_page_6,661.7,479.3,1136.0
10434921,stimulus_Arg_PISACowsMilk_10_page_6,661.9,479.3,1136.0
10434922,stimulus_Arg_PISACowsMilk_10_page_6,662.4,479.5,1137.0
10434923,stimulus_Arg_PISACowsMilk_10_page_6,662.8,479.8,1139.0
10434924,stimulus_Arg_PISACowsMilk_10_page_6,663.2,480.0,1140.0
10434925,stimulus_Arg_PISACowsMilk_10_page_6,663.3,479.9,1140.0
10434926,stimulus_Arg_PISACowsMilk_10_page_6,663.2,479.8,1140.0
10434927,stimulus_Arg_PISACowsMilk_10_page_6,663.1,479.6,1139.0
10434928,stimulus_Arg_PISACowsMilk_10_page_6,663.2,479.6,1139.0
10434929,stimulus_Arg_PISACowsMilk_10_page_6,663.3,479.7,1139.0
10434930,stimulus_Arg_PISACowsMilk_10_page_6,663.5,479.5,1139.0
10434931,stimulus_Arg_PISACowsMilk_10_page_6,663.2,479.2,1139.0
10434932,stimulus_Arg_PISACowsMilk_10_page_6,662.9,478.9,1139.0
10434933,stimulus_Arg_PISACowsMilk_10_page_6,662.4,478.9,1139.0
10434934,stimulus_Arg_PISACowsMilk_10_page_6,662.1,478.6,1139.0
10434935,stimulus_Arg_PISACowsMilk_10_page_6,661.8,478.4,1139.0
10434936,stimulus_Arg_PISACowsMilk_10_page_6,661.8,478.2,1139.0
10434937,stimulus_Arg_PISACowsMilk_10_page_6,661.8,478.1,1139.0
10434938,stimulus_Arg_PISACowsMilk_10_page_6,661.8,478.0,1139.0
10434939,stimulus_Arg_PISACowsMilk_10_page_6,662.4,478.0,1138.0
10434940,stimulus_Arg_PISACowsMilk_10_page_6,663.0,478.1,1138.0
10434941,stimulus_Arg_PISACowsMilk_10_page_6,663.4,478.1,1139.0
10434942,stimulus_Arg_PISACowsMilk_10_page_6,663.3,478.1,1139.0
10434943,stimulus_Arg_PISACowsMilk_10_page_6,663.1,478.0,1139.0
10434944,stimulus_Arg_PISACowsMilk_10_page_6,663.2,478.2,1139.0
10434945,stimulus_Arg_PISACowsMilk_10_page_6,663.2,478.3,1139.0
10434946,stimulus_Arg_PISACowsMilk_10_page_6,663.2,478.4,1139.0
10434947,stimulus_Arg_PISACowsMilk_10_page_6,663.2,478.5,1139.0
10434948,stimulus_Arg_PISACowsMilk_10_page_6,663.2,478.5,1140.0
10434949,stimulus_Arg_PISACowsMilk_10_page_6,663.2,478.3,1140.0
10434950,stimulus_Arg_PISACowsMilk_10_page_6,662.8,478.1,1140.0
10434951,stimulus_Arg_PISACowsMilk_10_page_6,662.4,477.8,1141.0
10434952,stimulus_Arg_PISACowsMilk_10_page_6,662.1,477.8,1141.0
10434953,stimulus_Arg_PISACowsMilk_10_page_6,662.4,477.9,1141.0
10434954,stimulus_Arg_PISACowsMilk_10_page_6,662.9,478.0,1141.0
10434955,stimulus_Arg_PISACowsMilk_10_page_6,663.1,478.4,1141.0
10434956,stimulus_Arg_PISACowsMilk_10_page_6,663.3,478.7,1141.0
10434957,stimulus_Arg_PISACowsMilk_10_page_6,663.4,479.0,1141.0
10434958,stimulus_Arg_PISACowsMilk_10_page_6,663.6,478.9,1141.0
10434959,stimulus_Arg_PISACowsMilk_10_page_6,663.7,478.9,1140.0
10434960,stimulus_Arg_PISACowsMilk_10_page_6,663.5,479.0,1140.0
10434961,stimulus_Arg_PISACowsMilk_10_page_6,663.2,479.1,1140.0
10434962,stimulus_Arg_PISACowsMilk_10_page_6,662.9,479.1,1140.0
10434963,stimulus_Arg_PISACowsMilk_10_page_6,662.9,479.1,1141.0
10434964,stimulus_Arg_PISACowsMilk_10_page_6,663.0,479.0,1143.0
10434965,stimulus_Arg_PISACowsMilk_10_page_6,663.1,478.9,1142.0
10434966,stimulus_Arg_PISACowsMilk_10_page_6,663.2,478.8,1140.0
10434967,stimulus_Arg_PISACowsMilk_10_page_6,663.2,478.6,1137.0
10434968,stimulus_Arg_PISACowsMilk_10_page_6,663.3,478.5,1138.0
10434969,stimulus_Arg_PISACowsMilk_10_page_6,663.4,478.5,1138.0
10434970,stimulus_Arg_PISACowsMilk_10_page_6,663.4,478.6,1139.0
10434971,stimulus_Arg_PISACowsMilk_10_page_6,663.4,478.4,1140.0
10434972,stimulus_Arg_PISACowsMilk_10_page_6,663.3,478.2,1140.0
10434973,stimulus_Arg_PISACowsMilk_10_page_6,663.4,478.1,1142.0
10434974,stimulus_Arg_PISACowsMilk_10_page_6,663.5,478.2,1143.0
10434975,stimulus_Arg_PISACowsMilk_10_page_6,663.5,478.3,1143.0
10434976,stimulus_Arg_PISACowsMilk_10_page_6,663.4,478.3,1142.0
10434977,stimulus_Arg_PISACowsMilk_10_page_6,663.0,478.3,1140.0
10434978,stimulus_Arg_PISACowsMilk_10_page_6,662.7,478.4,1140.0
10434979,stimulus_Arg_PISACowsMilk_10_page_6,662.4,478.5,1139.0
10434980,stimulus_Arg_PISACowsMilk_10_page_6,662.4,478.5,1140.0
10434981,stimulus_Arg_PISACowsMilk_10_page_6,662.5,478.6,1140.0
10434982,stimulus_Arg_PISACowsMilk_10_page_6,662.5,478.7,1140.0
10434983,stimulus_Arg_PISACowsMilk_10_page_6,662.6,478.9,1140.0
10434984,stimulus_Arg_PISACowsMilk_10_page_6,662.5,478.9,1140.0
10434985,stimulus_Arg_PISACowsMilk_10_page_6,662.5,479.0,1140.0
10434986,stimulus_Arg_PISACowsMilk_10_page_6,662.4,479.0,1140.0
10434987,stimulus_Arg_PISACowsMilk_10_page_6,662.3,478.9,1141.0
10434988,stimulus_Arg_PISACowsMilk_10_page_6,662.3,478.9,1141.0
10434989,stimulus_Arg_PISACowsMilk_10_page_6,662.3,478.6,1142.0
10434990,stimulus_Arg_PISACowsMilk_10_page_6,662.4,478.4,1143.0
10434991,stimulus_Arg_PISACowsMilk_10_page_6,662.4,478.3,1144.0
10434992,stimulus_Arg_PISACowsMilk_10_page_6,662.4,478.3,1144.0
10434993,stimulus_Arg_PISACowsMilk_10_page_6,662.3,478.4,1144.0
10434994,stimulus_Arg_PISACowsMilk_10_page_6,662.6,478.6,1143.0
10434995,stimulus_Arg_PISACowsMilk_10_page_6,663.5,479.2,1143.0
10434996,stimulus_Arg_PISACowsMilk_10_page_6,665.0,479.9,1143.0
10434997,stimulus_Arg_PISACowsMilk_10_page_6,667.4,481.3,1144.0
10434998,stimulus_Arg_PISACowsMilk_10_page_6,670.5,482.3,1145.0
10434999,stimulus_Arg_PISACowsMilk_10_page_6,674.9,483.1,1145.0
10435000,stimulus_Arg_PISACowsMilk_10_page_6,680.0,483.2,1145.0
10435001,stimulus_Arg_PISACowsMilk_10_page_6,687.0,483.4,1145.0
10435002,stimulus_Arg_PISACowsMilk_10_page_6,695.1,483.8,1145.0
10435003,stimulus_Arg_PISACowsMilk_10_page_6,704.2,484.0,1146.0
10435004,stimulus_Arg_PISACowsMilk_10_page_6,712.6,483.8,1146.0
10435005,stimulus_Arg_PISACowsMilk_10_page_6,720.7,483.3,1147.0
10435006,stimulus_Arg_PISACowsMilk_10_page_6,728.0,483.0,1148.0
10435007,stimulus_Arg_PISACowsMilk_10_page_6,735.5,482.8,1149.0
10435008,stimulus_Arg_PISACowsMilk_10_page_6,742.6,482.3,1149.0
10435009,stimulus_Arg_PISACowsMilk_10_page_6,748.9,481.8,1148.0
10435010,stimulus_Arg_PISACowsMilk_10_page_6,753.8,481.3,1148.0
10435011,stimulus_Arg_PISACowsMilk_10_page_6,756.8,481.0,1145.0
10435012,stimulus_Arg_PISACowsMilk_10_page_6,758.5,480.3,1142.0
10435013,stimulus_Arg_PISACowsMilk_10_page_6,759.0,479.3,1139.0
10435014,stimulus_Arg_PISACowsMilk_10_page_6,758.9,478.8,1137.0
10435015,stimulus_Arg_PISACowsMilk_10_page_6,758.7,478.7,1136.0
10435016,stimulus_Arg_PISACowsMilk_10_page_6,757.5,478.9,1136.0
10435017,stimulus_Arg_PISACowsMilk_10_page_6,755.4,478.9,1136.0
10435018,stimulus_Arg_PISACowsMilk_10_page_6,752.8,479.3,1135.0
10435019,stimulus_Arg_PISACowsMilk_10_page_6,750.3,479.8,1135.0
10435020,stimulus_Arg_PISACowsMilk_10_page_6,748.0,480.6,1135.0
10435021,stimulus_Arg_PISACowsMilk_10_page_6,746.0,480.9,1135.0
10435022,stimulus_Arg_PISACowsMilk_10_page_6,744.1,481.3,1136.0
10435023,stimulus_Arg_PISACowsMilk_10_page_6,742.6,481.6,1137.0
10435024,stimulus_Arg_PISACowsMilk_10_page_6,741.2,481.7,1138.0
10435025,stimulus_Arg_PISACowsMilk_10_page_6,740.7,481.4,1138.0
10435026,stimulus_Arg_PISACowsMilk_10_page_6,740.4,481.1,1138.0
10435027,stimulus_Arg_PISACowsMilk_10_page_6,740.4,481.2,1139.0
10435028,stimulus_Arg_PISACowsMilk_10_page_6,740.6,481.4,1139.0
10435029,stimulus_Arg_PISACowsMilk_10_page_6,740.9,481.7,1141.0
10435030,stimulus_Arg_PISACowsMilk_10_page_6,741.3,481.8,1142.0
10435031,stimulus_Arg_PISACowsMilk_10_page_6,741.6,482.0,1142.0
10435032,stimulus_Arg_PISACowsMilk_10_page_6,742.0,482.2,1142.0
10435033,stimulus_Arg_PISACowsMilk_10_page_6,742.9,482.8,1142.0
10435034,stimulus_Arg_PISACowsMilk_10_page_6,743.6,483.1,1141.0
10435035,stimulus_Arg_PISACowsMilk_10_page_6,744.1,483.4,1140.0
10435036,stimulus_Arg_PISACowsMilk_10_page_6,744.5,483.3,1140.0
10435037,stimulus_Arg_PISACowsMilk_10_page_6,744.8,483.3,1141.0
10435038,stimulus_Arg_PISACowsMilk_10_page_6,745.2,483.4,1142.0
10435039,stimulus_Arg_PISACowsMilk_10_page_6,745.5,483.5,1142.0
10435040,stimulus_Arg_PISACowsMilk_10_page_6,745.8,483.6,1142.0
10435041,stimulus_Arg_PISACowsMilk_10_page_6,746.2,483.6,1142.0
10435042,stimulus_Arg_PISACowsMilk_10_page_6,746.2,483.5,1142.0
10435043,stimulus_Arg_PISACowsMilk_10_page_6,746.3,483.4,1142.0
10435044,stimulus_Arg_PISACowsMilk_10_page_6,746.3,483.3,1141.0
10435045,stimulus_Arg_PISACowsMilk_10_page_6,746.2,483.4,1141.0
10435046,stimulus_Arg_PISACowsMilk_10_page_6,746.5,483.4,1140.0
10435047,stimulus_Arg_PISACowsMilk_10_page_6,746.8,483.5,1140.0
10435048,stimulus_Arg_PISACowsMilk_10_page_6,747.1,483.4,1139.0
10435049,stimulus_Arg_PISACowsMilk_10_page_6,747.0,483.3,1138.0
10435050,stimulus_Arg_PISACowsMilk_10_page_6,747.0,483.1,1138.0
10435051,stimulus_Arg_PISACowsMilk_10_page_6,746.8,483.1,1138.0
10435052,stimulus_Arg_PISACowsMilk_10_page_6,746.8,483.6,1139.0
10435053,stimulus_Arg_PISACowsMilk_10_page_6,746.7,484.1,1140.0
10435054,stimulus_Arg_PISACowsMilk_10_page_6,746.7,484.5,1140.0
10435055,stimulus_Arg_PISACowsMilk_10_page_6,746.7,484.4,1140.0
10435056,stimulus_Arg_PISACowsMilk_10_page_6,746.8,484.0,1140.0
10435057,stimulus_Arg_PISACowsMilk_10_page_6,746.8,483.6,1140.0
10435058,stimulus_Arg_PISACowsMilk_10_page_6,746.9,483.2,1140.0
10435059,stimulus_Arg_PISACowsMilk_10_page_6,747.0,483.2,1140.0
10435060,stimulus_Arg_PISACowsMilk_10_page_6,747.1,483.3,1139.0
10435061,stimulus_Arg_PISACowsMilk_10_page_6,747.2,483.5,1138.0
10435062,stimulus_Arg_PISACowsMilk_10_page_6,747.1,483.8,1139.0
10435063,stimulus_Arg_PISACowsMilk_10_page_6,746.9,484.0,1139.0
10435064,stimulus_Arg_PISACowsMilk_10_page_6,746.7,484.2,1139.0
10435065,stimulus_Arg_PISACowsMilk_10_page_6,746.4,484.4,1138.0
10435066,stimulus_Arg_PISACowsMilk_10_page_6,746.4,484.4,1139.0
10435067,stimulus_Arg_PISACowsMilk_10_page_6,746.4,484.4,1139.0
10435068,stimulus_Arg_PISACowsMilk_10_page_6,746.4,484.4,1139.0
10435069,stimulus_Arg_PISACowsMilk_10_page_6,746.5,484.5,1140.0
10435070,stimulus_Arg_PISACowsMilk_10_page_6,746.6,484.6,1140.0
10435071,stimulus_Arg_PISACowsMilk_10_page_6,746.6,484.4,1140.0
10435072,stimulus_Arg_PISACowsMilk_10_page_6,746.6,484.2,1140.0
10435073,stimulus_Arg_PISACowsMilk_10_page_6,746.6,483.5,1139.0
10435074,stimulus_Arg_PISACowsMilk_10_page_6,746.8,483.1,1137.0
10435075,stimulus_Arg_PISACowsMilk_10_page_6,746.9,482.8,1136.0
10435076,stimulus_Arg_PISACowsMilk_10_page_6,747.0,482.9,1136.0
10435077,stimulus_Arg_PISACowsMilk_10_page_6,747.0,482.8,1135.0
10435078,stimulus_Arg_PISACowsMilk_10_page_6,746.9,482.7,1135.0
10435079,stimulus_Arg_PISACowsMilk_10_page_6,746.8,482.5,1136.0
10435080,stimulus_Arg_PISACowsMilk_10_page_6,747.0,482.6,1137.0
10435081,stimulus_Arg_PISACowsMilk_10_page_6,747.2,482.7,1137.0
10435082,stimulus_Arg_PISACowsMilk_10_page_6,747.5,482.9,1137.0
10435083,stimulus_Arg_PISACowsMilk_10_page_6,747.4,483.0,1136.0
10435084,stimulus_Arg_PISACowsMilk_10_page_6,747.2,483.0,1135.0
10435085,stimulus_Arg_PISACowsMilk_10_page_6,747.0,483.4,1135.0
10435086,stimulus_Arg_PISACowsMilk_10_page_6,746.9,483.9,1136.0
10435087,stimulus_Arg_PISACowsMilk_10_page_6,746.9,484.2,1136.0
10435088,stimulus_Arg_PISACowsMilk_10_page_6,746.8,484.0,1136.0
10435089,stimulus_Arg_PISACowsMilk_10_page_6,747.0,483.8,1136.0
10435090,stimulus_Arg_PISACowsMilk_10_page_6,747.2,483.8,1136.0
10435091,stimulus_Arg_PISACowsMilk_10_page_6,747.3,483.6,1136.0
10435092,stimulus_Arg_PISACowsMilk_10_page_6,747.5,483.6,1137.0
10435093,stimulus_Arg_PISACowsMilk_10_page_6,747.6,483.6,1135.0
10435094,stimulus_Arg_PISACowsMilk_10_page_6,747.9,483.7,1134.0
10435095,stimulus_Arg_PISACowsMilk_10_page_6,748.1,483.7,1133.0
10435096,stimulus_Arg_PISACowsMilk_10_page_6,748.4,483.6,1133.0
10435097,stimulus_Arg_PISACowsMilk_10_page_6,748.4,483.4,1134.0
10435098,stimulus_Arg_PISACowsMilk_10_page_6,748.4,483.2,1133.0
10435099,stimulus_Arg_PISACowsMilk_10_page_6,748.1,483.5,1133.0
10435100,stimulus_Arg_PISACowsMilk_10_page_6,747.9,483.8,1134.0
10435101,stimulus_Arg_PISACowsMilk_10_page_6,747.8,484.2,1135.0
10435102,stimulus_Arg_PISACowsMilk_10_page_6,747.7,484.4,1136.0
10435103,stimulus_Arg_PISACowsMilk_10_page_6,747.5,484.5,1135.0
10435104,stimulus_Arg_PISACowsMilk_10_page_6,747.1,484.5,1134.0
10435105,stimulus_Arg_PISACowsMilk_10_page_6,746.9,484.3,1133.0
10435106,stimulus_Arg_PISACowsMilk_10_page_6,746.7,484.1,1133.0
10435107,stimulus_Arg_PISACowsMilk_10_page_6,746.7,483.9,1134.0
10435108,stimulus_Arg_PISACowsMilk_10_page_6,746.7,483.9,1135.0
10435109,stimulus_Arg_PISACowsMilk_10_page_6,747.0,483.9,1135.0
10435110,stimulus_Arg_PISACowsMilk_10_page_6,747.4,484.0,1135.0
10435111,stimulus_Arg_PISACowsMilk_10_page_6,747.8,484.3,1135.0
10435112,stimulus_Arg_PISACowsMilk_10_page_6,747.9,484.6,1136.0
10435113,stimulus_Arg_PISACowsMilk_10_page_6,748.0,484.9,1136.0
10435114,stimulus_Arg_PISACowsMilk_10_page_6,748.0,485.0,1136.0
10435115,stimulus_Arg_PISACowsMilk_10_page_6,748.0,484.7,1135.0
10435116,stimulus_Arg_PISACowsMilk_10_page_6,747.9,484.3,1135.0
10435117,stimulus_Arg_PISACowsMilk_10_page_6,747.8,484.0,1135.0
10435118,stimulus_Arg_PISACowsMilk_10_page_6,747.8,484.0,1135.0
10435119,stimulus_Arg_PISACowsMilk_10_page_6,747.9,484.0,1135.0
10435120,stimulus_Arg_PISACowsMilk_10_page_6,747.9,484.1,1136.0
10435121,stimulus_Arg_PISACowsMilk_10_page_6,748.0,484.1,1136.0
10435122,stimulus_Arg_PISACowsMilk_10_page_6,747.9,484.1,1137.0
10435123,stimulus_Arg_PISACowsMilk_10_page_6,747.8,484.1,1138.0
10435124,stimulus_Arg_PISACowsMilk_10_page_6,747.8,484.1,1137.0
10435125,stimulus_Arg_PISACowsMilk_10_page_6,747.7,484.0,1137.0
10435126,stimulus_Arg_PISACowsMilk_10_page_6,747.6,483.7,1137.0
10435127,stimulus_Arg_PISACowsMilk_10_page_6,747.5,483.5,1136.0
10435128,stimulus_Arg_PISACowsMilk_10_page_6,747.3,483.3,1136.0
10435129,stimulus_Arg_PISACowsMilk_10_page_6,747.1,483.3,1136.0
10435130,stimulus_Arg_PISACowsMilk_10_page_6,747.2,483.3,1136.0
10435131,stimulus_Arg_PISACowsMilk_10_page_6,747.4,483.3,1137.0
10435132,stimulus_Arg_PISACowsMilk_10_page_6,747.6,482.9,1136.0
10435133,stimulus_Arg_PISACowsMilk_10_page_6,747.7,482.6,1136.0
10435134,stimulus_Arg_PISACowsMilk_10_page_6,747.8,482.3,1135.0
10435135,stimulus_Arg_PISACowsMilk_10_page_6,747.8,482.5,1134.0
10435136,stimulus_Arg_PISACowsMilk_10_page_6,747.8,482.6,1134.0
10435137,stimulus_Arg_PISACowsMilk_10_page_6,747.8,482.6,1134.0
10435138,stimulus_Arg_PISACowsMilk_10_page_6,747.8,483.0,1134.0
10435139,stimulus_Arg_PISACowsMilk_10_page_6,747.8,483.3,1134.0
10435140,stimulus_Arg_PISACowsMilk_10_page_6,747.8,483.7,1134.0
10435141,stimulus_Arg_PISACowsMilk_10_page_6,747.7,483.6,1134.0
10435142,stimulus_Arg_PISACowsMilk_10_page_6,747.7,483.6,1134.0
10435143,stimulus_Arg_PISACowsMilk_10_page_6,747.6,483.7,1135.0
10435144,stimulus_Arg_PISACowsMilk_10_page_6,747.5,483.8,1135.0
10435145,stimulus_Arg_PISACowsMilk_10_page_6,747.5,483.9,1135.0
10435146,stimulus_Arg_PISACowsMilk_10_page_6,747.6,483.9,1134.0
10435147,stimulus_Arg_PISACowsMilk_10_page_6,747.5,483.9,1134.0
10435148,stimulus_Arg_PISACowsMilk_10_page_6,747.3,484.0,1133.0
10435149,stimulus_Arg_PISACowsMilk_10_page_6,747.0,484.1,1133.0
10435150,stimulus_Arg_PISACowsMilk_10_page_6,747.0,483.9,1134.0
10435151,stimulus_Arg_PISACowsMilk_10_page_6,747.1,483.7,1134.0
10435152,stimulus_Arg_PISACowsMilk_10_page_6,747.1,483.6,1134.0
10435153,stimulus_Arg_PISACowsMilk_10_page_6,747.1,483.7,1133.0
10435154,stimulus_Arg_PISACowsMilk_10_page_6,747.1,483.8,1132.0
10435155,stimulus_Arg_PISACowsMilk_10_page_6,747.3,483.7,1131.0
10435156,stimulus_Arg_PISACowsMilk_10_page_6,747.5,483.8,1131.0
10435157,stimulus_Arg_PISACowsMilk_10_page_6,747.8,484.1,1130.0
10435158,stimulus_Arg_PISACowsMilk_10_page_6,747.9,484.5,1130.0
10435159,stimulus_Arg_PISACowsMilk_10_page_6,748.1,484.9,1130.0
10435160,stimulus_Arg_PISACowsMilk_10_page_6,748.3,485.1,1130.0
10435161,stimulus_Arg_PISACowsMilk_10_page_6,748.3,484.8,1130.0
10435162,stimulus_Arg_PISACowsMilk_10_page_6,748.5,484.5,1129.0
10435163,stimulus_Arg_PISACowsMilk_10_page_6,748.8,484.2,1129.0
10435164,stimulus_Arg_PISACowsMilk_10_page_6,748.9,484.1,1128.0
10435165,stimulus_Arg_PISACowsMilk_10_page_6,748.8,483.9,1128.0
10435166,stimulus_Arg_PISACowsMilk_10_page_6,748.7,483.7,1127.0
10435167,stimulus_Arg_PISACowsMilk_10_page_6,748.8,483.9,1126.0
10435168,stimulus_Arg_PISACowsMilk_10_page_6,748.8,484.2,1125.0
10435169,stimulus_Arg_PISACowsMilk_10_page_6,748.8,484.6,1125.0
10435170,stimulus_Arg_PISACowsMilk_10_page_6,749.1,484.6,1126.0
10435171,stimulus_Arg_PISACowsMilk_10_page_6,749.5,484.6,1127.0
10435172,stimulus_Arg_PISACowsMilk_10_page_6,749.9,484.6,1127.0
10435173,stimulus_Arg_PISACowsMilk_10_page_6,749.9,484.6,1127.0
10435174,stimulus_Arg_PISACowsMilk_10_page_6,749.8,484.6,1127.0
10435175,stimulus_Arg_PISACowsMilk_10_page_6,749.8,484.7,1127.0
10435176,stimulus_Arg_PISACowsMilk_10_page_6,749.9,484.8,1127.0
10435177,stimulus_Arg_PISACowsMilk_10_page_6,750.0,484.9,1126.0
10435178,stimulus_Arg_PISACowsMilk_10_page_6,749.9,485.0,1126.0
10435179,stimulus_Arg_PISACowsMilk_10_page_6,749.9,485.1,1126.0
10435180,stimulus_Arg_PISACowsMilk_10_page_6,750.1,485.3,1126.0
10435181,stimulus_Arg_PISACowsMilk_10_page_6,750.4,485.6,1126.0
10435182,stimulus_Arg_PISACowsMilk_10_page_6,750.8,485.9,1126.0
10435183,stimulus_Arg_PISACowsMilk_10_page_6,750.8,486.1,1126.0
10435184,stimulus_Arg_PISACowsMilk_10_page_6,750.8,486.5,1125.0
10435185,stimulus_Arg_PISACowsMilk_10_page_6,750.6,486.7,1124.0
10435186,stimulus_Arg_PISACowsMilk_10_page_6,750.6,486.7,1123.0
10435187,stimulus_Arg_PISACowsMilk_10_page_6,750.6,486.5,1124.0
10435188,stimulus_Arg_PISACowsMilk_10_page_6,750.6,486.4,1124.0
10435189,stimulus_Arg_PISACowsMilk_10_page_6,750.7,486.2,1124.0
10435190,stimulus_Arg_PISACowsMilk_10_page_6,750.7,486.2,1124.0
10435191,stimulus_Arg_PISACowsMilk_10_page_6,751.0,486.4,1125.0
10435192,stimulus_Arg_PISACowsMilk_10_page_6,751.2,486.6,1125.0
10435193,stimulus_Arg_PISACowsMilk_10_page_6,751.6,486.7,1125.0
10435194,stimulus_Arg_PISACowsMilk_10_page_6,752.1,486.5,1124.0
10435195,stimulus_Arg_PISACowsMilk_10_page_6,752.7,486.3,1124.0
10435196,stimulus_Arg_PISACowsMilk_10_page_6,753.0,486.2,1124.0
10435197,stimulus_Arg_PISACowsMilk_10_page_6,753.0,486.3,1125.0
10435198,stimulus_Arg_PISACowsMilk_10_page_6,752.9,486.5,1126.0
10435199,stimulus_Arg_PISACowsMilk_10_page_6,752.8,486.6,1127.0
10435200,stimulus_Arg_PISACowsMilk_10_page_6,752.6,486.6,1128.0
10435201,stimulus_Arg_PISACowsMilk_10_page_6,752.6,486.4,1129.0
10435202,stimulus_Arg_PISACowsMilk_10_page_6,752.5,486.3,1128.0
10435203,stimulus_Arg_PISACowsMilk_10_page_6,752.3,486.2,1127.0
10435204,stimulus_Arg_PISACowsMilk_10_page_6,752.0,486.3,1126.0
10435205,stimulus_Arg_PISACowsMilk_10_page_6,751.1,486.2,1125.0
10435206,stimulus_Arg_PISACowsMilk_10_page_6,749.7,486.0,1125.0
10435207,stimulus_Arg_PISACowsMilk_10_page_6,748.1,485.8,1128.0
10435208,stimulus_Arg_PISACowsMilk_10_page_6,746.4,484.9,1131.0
10435209,stimulus_Arg_PISACowsMilk_10_page_6,744.4,483.8,1134.0
10435210,stimulus_Arg_PISACowsMilk_10_page_6,740.7,482.5,1135.0
10435211,stimulus_Arg_PISACowsMilk_10_page_6,735.4,481.7,1136.0
10435212,stimulus_Arg_PISACowsMilk_10_page_6,729.3,481.2,1136.0
10435213,stimulus_Arg_PISACowsMilk_10_page_6,722.0,480.1,1136.0
10435214,stimulus_Arg_PISACowsMilk_10_page_6,713.5,478.2,1135.0
10435215,stimulus_Arg_PISACowsMilk_10_page_6,704.0,476.4,1135.0
10435216,stimulus_Arg_PISACowsMilk_10_page_6,695.1,475.1,1135.0
10435217,stimulus_Arg_PISACowsMilk_10_page_6,685.6,474.5,1136.0
10435218,stimulus_Arg_PISACowsMilk_10_page_6,675.9,473.9,1136.0
10435219,stimulus_Arg_PISACowsMilk_10_page_6,666.3,473.6,1136.0
10435220,stimulus_Arg_PISACowsMilk_10_page_6,658.4,473.4,1136.0
10435221,stimulus_Arg_PISACowsMilk_10_page_6,650.3,473.2,1137.0
10435222,stimulus_Arg_PISACowsMilk_10_page_6,643.1,473.5,1137.0
10435223,stimulus_Arg_PISACowsMilk_10_page_6,636.4,474.1,1137.0
10435224,stimulus_Arg_PISACowsMilk_10_page_6,631.5,474.7,1137.0
10435225,stimulus_Arg_PISACowsMilk_10_page_6,628.1,474.9,1137.0
10435226,stimulus_Arg_PISACowsMilk_10_page_6,626.4,475.0,1137.0
10435227,stimulus_Arg_PISACowsMilk_10_page_6,627.0,475.9,1139.0
10435228,stimulus_Arg_PISACowsMilk_10_page_6,629.0,477.2,1142.0
10435229,stimulus_Arg_PISACowsMilk_10_page_6,632.8,478.5,1144.0
10435230,stimulus_Arg_PISACowsMilk_10_page_6,636.9,479.6,1145.0
10435231,stimulus_Arg_PISACowsMilk_10_page_6,640.7,480.2,1145.0
10435232,stimulus_Arg_PISACowsMilk_10_page_6,643.5,479.8,1144.0
10435233,stimulus_Arg_PISACowsMilk_10_page_6,646.3,479.0,1142.0
10435234,stimulus_Arg_PISACowsMilk_10_page_6,648.7,477.6,1141.0
10435235,stimulus_Arg_PISACowsMilk_10_page_6,650.4,476.8,1141.0
10435236,stimulus_Arg_PISACowsMilk_10_page_6,651.4,475.8,1141.0
10435237,stimulus_Arg_PISACowsMilk_10_page_6,651.8,475.4,1141.0
10435238,stimulus_Arg_PISACowsMilk_10_page_6,652.3,475.2,1141.0
10435239,stimulus_Arg_PISACowsMilk_10_page_6,652.4,474.8,1140.0
10435240,stimulus_Arg_PISACowsMilk_10_page_6,652.4,474.4,1139.0
10435241,stimulus_Arg_PISACowsMilk_10_page_6,652.4,473.9,1138.0
10435242,stimulus_Arg_PISACowsMilk_10_page_6,652.4,473.5,1137.0
10435243,stimulus_Arg_PISACowsMilk_10_page_6,652.1,473.1,1136.0
10435244,stimulus_Arg_PISACowsMilk_10_page_6,651.6,472.8,1135.0
10435245,stimulus_Arg_PISACowsMilk_10_page_6,651.2,472.9,1133.0
10435246,stimulus_Arg_PISACowsMilk_10_page_6,650.9,473.1,1132.0
10435247,stimulus_Arg_PISACowsMilk_10_page_6,650.6,473.2,1132.0
10435248,stimulus_Arg_PISACowsMilk_10_page_6,650.2,473.3,1132.0
10435249,stimulus_Arg_PISACowsMilk_10_page_6,649.6,473.5,1132.0
10435250,stimulus_Arg_PISACowsMilk_10_page_6,648.5,473.7,1132.0
10435251,stimulus_Arg_PISACowsMilk_10_page_6,647.4,473.9,1132.0
10435252,stimulus_Arg_PISACowsMilk_10_page_6,646.6,474.2,1132.0
10435253,stimulus_Arg_PISACowsMilk_10_page_6,646.4,474.5,1132.0
10435254,stimulus_Arg_PISACowsMilk_10_page_6,646.1,474.7,1132.0
10435255,stimulus_Arg_PISACowsMilk_10_page_6,645.8,474.9,1132.0
10435256,stimulus_Arg_PISACowsMilk_10_page_6,645.3,475.2,1132.0
10435257,stimulus_Arg_PISACowsMilk_10_page_6,644.9,475.5,1132.0
10435258,stimulus_Arg_PISACowsMilk_10_page_6,644.6,475.7,1132.0
10435259,stimulus_Arg_PISACowsMilk_10_page_6,644.2,475.5,1133.0
10435260,stimulus_Arg_PISACowsMilk_10_page_6,644.0,475.3,1133.0
10435261,stimulus_Arg_PISACowsMilk_10_page_6,643.9,475.3,1134.0
10435262,stimulus_Arg_PISACowsMilk_10_page_6,644.0,475.5,1134.0
10435263,stimulus_Arg_PISACowsMilk_10_page_6,644.1,475.7,1134.0
10435264,stimulus_Arg_PISACowsMilk_10_page_6,644.2,475.7,1134.0
10435265,stimulus_Arg_PISACowsMilk_10_page_6,644.3,475.3,1134.0
10435266,stimulus_Arg_PISACowsMilk_10_page_6,644.4,475.0,1134.0
10435267,stimulus_Arg_PISACowsMilk_10_page_6,644.3,474.6,1134.0
10435268,stimulus_Arg_PISACowsMilk_10_page_6,644.1,474.6,1133.0
10435269,stimulus_Arg_PISACowsMilk_10_page_6,644.5,474.6,1133.0
10435270,stimulus_Arg_PISACowsMilk_10_page_6,645.1,474.9,1134.0
10435271,stimulus_Arg_PISACowsMilk_10_page_6,645.2,475.2,1135.0
10435272,stimulus_Arg_PISACowsMilk_10_page_6,644.8,475.4,1136.0
10435273,stimulus_Arg_PISACowsMilk_10_page_6,644.4,475.4,1136.0
10435274,stimulus_Arg_PISACowsMilk_10_page_6,644.5,475.1,1137.0
10435275,stimulus_Arg_PISACowsMilk_10_page_6,644.7,474.8,1137.0
10435276,stimulus_Arg_PISACowsMilk_10_page_6,644.9,474.4,1136.0
10435277,stimulus_Arg_PISACowsMilk_10_page_6,645.0,474.4,1135.0
10435278,stimulus_Arg_PISACowsMilk_10_page_6,644.9,474.4,1134.0
10435279,stimulus_Arg_PISACowsMilk_10_page_6,644.8,474.4,1134.0
10435280,stimulus_Arg_PISACowsMilk_10_page_6,644.7,474.3,1134.0
10435281,stimulus_Arg_PISACowsMilk_10_page_6,644.5,474.3,1134.0
10435282,stimulus_Arg_PISACowsMilk_10_page_6,644.5,474.3,1134.0
10435283,stimulus_Arg_PISACowsMilk_10_page_6,644.4,474.1,1134.0
10435284,stimulus_Arg_PISACowsMilk_10_page_6,644.7,474.0,1134.0
10435285,stimulus_Arg_PISACowsMilk_10_page_6,645.0,473.9,1134.0
10435286,stimulus_Arg_PISACowsMilk_10_page_6,645.2,473.9,1134.0
10435287,stimulus_Arg_PISACowsMilk_10_page_6,645.1,474.2,1135.0
10435288,stimulus_Arg_PISACowsMilk_10_page_6,645.2,474.7,1135.0
10435289,stimulus_Arg_PISACowsMilk_10_page_6,645.4,475.3,1135.0
10435290,stimulus_Arg_PISACowsMilk_10_page_6,645.3,475.8,1135.0
10435291,stimulus_Arg_PISACowsMilk_10_page_6,645.0,476.2,1136.0
10435292,stimulus_Arg_PISACowsMilk_10_page_6,644.8,476.3,1137.0
10435293,stimulus_Arg_PISACowsMilk_10_page_6,644.8,476.2,1136.0
10435294,stimulus_Arg_PISACowsMilk_10_page_6,644.8,476.1,1135.0
10435295,stimulus_Arg_PISACowsMilk_10_page_6,644.8,476.1,1133.0
10435296,stimulus_Arg_PISACowsMilk_10_page_6,644.8,476.1,1134.0
10435297,stimulus_Arg_PISACowsMilk_10_page_6,644.9,476.0,1134.0
10435298,stimulus_Arg_PISACowsMilk_10_page_6,645.1,476.0,1134.0
10435299,stimulus_Arg_PISACowsMilk_10_page_6,645.3,475.9,1134.0
10435300,stimulus_Arg_PISACowsMilk_10_page_6,645.4,475.8,1133.0
10435301,stimulus_Arg_PISACowsMilk_10_page_6,645.4,475.7,1134.0
10435302,stimulus_Arg_PISACowsMilk_10_page_6,645.3,475.5,1135.0
10435303,stimulus_Arg_PISACowsMilk_10_page_6,645.2,475.5,1136.0
10435304,stimulus_Arg_PISACowsMilk_10_page_6,645.1,475.4,1136.0
10435305,stimulus_Arg_PISACowsMilk_10_page_6,645.0,475.5,1136.0
10435306,stimulus_Arg_PISACowsMilk_10_page_6,644.9,475.6,1136.0
10435307,stimulus_Arg_PISACowsMilk_10_page_6,644.9,475.8,1136.0
10435308,stimulus_Arg_PISACowsMilk_10_page_6,645.0,475.9,1136.0
10435309,stimulus_Arg_PISACowsMilk_10_page_6,645.2,475.7,1136.0
10435310,stimulus_Arg_PISACowsMilk_10_page_6,645.3,475.5,1136.0
10435311,stimulus_Arg_PISACowsMilk_10_page_6,645.2,475.2,1136.0
10435312,stimulus_Arg_PISACowsMilk_10_page_6,645.1,475.2,1136.0
10435313,stimulus_Arg_PISACowsMilk_10_page_6,645.0,475.3,1136.0
10435314,stimulus_Arg_PISACowsMilk_10_page_6,645.0,475.3,1135.0
10435315,stimulus_Arg_PISACowsMilk_10_page_6,645.2,475.3,1134.0
10435316,stimulus_Arg_PISACowsMilk_10_page_6,645.5,475.2,1133.0
10435317,stimulus_Arg_PISACowsMilk_10_page_6,645.7,475.0,1133.0
10435318,stimulus_Arg_PISACowsMilk_10_page_6,645.8,474.8,1134.0
10435319,stimulus_Arg_PISACowsMilk_10_page_6,645.6,474.6,1134.0
10435320,stimulus_Arg_PISACowsMilk_10_page_6,645.5,474.7,1134.0
10435321,stimulus_Arg_PISACowsMilk_10_page_6,645.3,474.9,1135.0
10435322,stimulus_Arg_PISACowsMilk_10_page_6,645.2,475.0,1135.0
10435323,stimulus_Arg_PISACowsMilk_10_page_6,645.1,475.1,1135.0
10435324,stimulus_Arg_PISACowsMilk_10_page_6,644.9,475.2,1134.0
10435325,stimulus_Arg_PISACowsMilk_10_page_6,644.8,475.1,1133.0
10435326,stimulus_Arg_PISACowsMilk_10_page_6,644.8,475.0,1133.0
10435327,stimulus_Arg_PISACowsMilk_10_page_6,644.9,475.0,1132.0
10435328,stimulus_Arg_PISACowsMilk_10_page_6,645.0,475.1,1132.0
10435329,stimulus_Arg_PISACowsMilk_10_page_6,645.3,475.1,1132.0
10435330,stimulus_Arg_PISACowsMilk_10_page_6,645.5,475.1,1132.0
10435331,stimulus_Arg_PISACowsMilk_10_page_6,645.3,475.1,1133.0
10435332,stimulus_Arg_PISACowsMilk_10_page_6,644.9,475.1,1133.0
10435333,stimulus_Arg_PISACowsMilk_10_page_6,644.6,475.1,1134.0
10435334,stimulus_Arg_PISACowsMilk_10_page_6,644.8,475.1,1135.0
10435335,stimulus_Arg_PISACowsMilk_10_page_6,645.3,474.8,1136.0
10435336,stimulus_Arg_PISACowsMilk_10_page_6,645.7,474.6,1136.0
10435337,stimulus_Arg_PISACowsMilk_10_page_6,645.9,474.8,1136.0
10435338,stimulus_Arg_PISACowsMilk_10_page_6,645.8,475.3,1137.0
10435339,stimulus_Arg_PISACowsMilk_10_page_6,645.6,475.8,1137.0
10435340,stimulus_Arg_PISACowsMilk_10_page_6,645.5,475.8,1137.0
10435341,stimulus_Arg_PISACowsMilk_10_page_6,645.4,475.7,1135.0
10435342,stimulus_Arg_PISACowsMilk_10_page_6,645.4,475.6,1135.0
10435343,stimulus_Arg_PISACowsMilk_10_page_6,645.5,475.5,1134.0
10435344,stimulus_Arg_PISACowsMilk_10_page_6,645.7,475.4,1135.0
10435345,stimulus_Arg_PISACowsMilk_10_page_6,645.9,475.3,1135.0
10435346,stimulus_Arg_PISACowsMilk_10_page_6,646.2,475.2,1136.0
10435347,stimulus_Arg_PISACowsMilk_10_page_6,646.1,475.2,1136.0
10435348,stimulus_Arg_PISACowsMilk_10_page_6,645.8,475.2,1136.0
10435349,stimulus_Arg_PISACowsMilk_10_page_6,645.6,475.1,1136.0
10435350,stimulus_Arg_PISACowsMilk_10_page_6,645.6,475.4,1136.0
10435351,stimulus_Arg_PISACowsMilk_10_page_6,645.4,475.6,1136.0
10435352,stimulus_Arg_PISACowsMilk_10_page_6,645.2,475.9,1136.0
10435353,stimulus_Arg_PISACowsMilk_10_page_6,645.0,475.8,1137.0
10435354,stimulus_Arg_PISACowsMilk_10_page_6,645.2,475.7,1137.0
10435355,stimulus_Arg_PISACowsMilk_10_page_6,645.4,475.5,1136.0
10435356,stimulus_Arg_PISACowsMilk_10_page_6,645.6,475.2,1135.0
10435357,stimulus_Arg_PISACowsMilk_10_page_6,645.7,474.9,1135.0
10435358,stimulus_Arg_PISACowsMilk_10_page_6,645.8,474.5,1135.0
10435359,stimulus_Arg_PISACowsMilk_10_page_6,645.8,474.4,1136.0
10435360,stimulus_Arg_PISACowsMilk_10_page_6,645.8,474.3,1136.0
10435361,stimulus_Arg_PISACowsMilk_10_page_6,646.0,474.3,1136.0
10435362,stimulus_Arg_PISACowsMilk_10_page_6,646.2,474.4,1135.0
10435363,stimulus_Arg_PISACowsMilk_10_page_6,646.3,474.6,1135.0
10435364,stimulus_Arg_PISACowsMilk_10_page_6,646.2,474.6,1135.0
10435365,stimulus_Arg_PISACowsMilk_10_page_6,646.1,474.4,1133.0
10435366,stimulus_Arg_PISACowsMilk_10_page_6,646.0,474.5,1132.0
10435367,stimulus_Arg_PISACowsMilk_10_page_6,645.9,474.6,1131.0
10435368,stimulus_Arg_PISACowsMilk_10_page_6,645.9,474.6,1132.0
10435369,stimulus_Arg_PISACowsMilk_10_page_6,645.9,474.4,1133.0
10435370,stimulus_Arg_PISACowsMilk_10_page_6,645.7,474.0,1134.0
10435371,stimulus_Arg_PISACowsMilk_10_page_6,645.4,473.8,1134.0
10435372,stimulus_Arg_PISACowsMilk_10_page_6,645.1,473.6,1134.0
10435373,stimulus_Arg_PISACowsMilk_10_page_6,645.1,473.5,1134.0
10435374,stimulus_Arg_PISACowsMilk_10_page_6,645.1,473.5,1133.0
10435375,stimulus_Arg_PISACowsMilk_10_page_6,645.1,473.7,1132.0
10435376,stimulus_Arg_PISACowsMilk_10_page_6,645.2,473.8,1131.0
10435377,stimulus_Arg_PISACowsMilk_10_page_6,645.5,473.8,1132.0
10435378,stimulus_Arg_PISACowsMilk_10_page_6,645.8,473.8,1133.0
10435379,stimulus_Arg_PISACowsMilk_10_page_6,646.0,473.6,1133.0
10435380,stimulus_Arg_PISACowsMilk_10_page_6,646.0,473.4,1133.0
10435381,stimulus_Arg_PISACowsMilk_10_page_6,645.9,473.2,1132.0
10435382,stimulus_Arg_PISACowsMilk_10_page_6,645.9,473.1,1132.0
10435383,stimulus_Arg_PISACowsMilk_10_page_6,645.9,473.1,1131.0
10435384,stimulus_Arg_PISACowsMilk_10_page_6,646.0,473.1,1132.0
10435385,stimulus_Arg_PISACowsMilk_10_page_6,645.5,473.2,1132.0
10435386,stimulus_Arg_PISACowsMilk_10_page_6,645.0,473.2,1131.0
10435387,stimulus_Arg_PISACowsMilk_10_page_6,644.5,473.1,1130.0
10435388,stimulus_Arg_PISACowsMilk_10_page_6,644.6,473.0,1130.0
10435389,stimulus_Arg_PISACowsMilk_10_page_6,644.8,472.9,1131.0
10435390,stimulus_Arg_PISACowsMilk_10_page_6,645.0,472.8,1133.0
10435391,stimulus_Arg_PISACowsMilk_10_page_6,645.1,472.9,1134.0
10435392,stimulus_Arg_PISACowsMilk_10_page_6,645.2,472.9,1133.0
10435393,stimulus_Arg_PISACowsMilk_10_page_6,645.3,472.9,1132.0
10435394,stimulus_Arg_PISACowsMilk_10_page_6,645.4,473.0,1132.0
10435395,stimulus_Arg_PISACowsMilk_10_page_6,645.4,473.0,1132.0
10435396,stimulus_Arg_PISACowsMilk_10_page_6,645.5,473.0,1132.0
10435397,stimulus_Arg_PISACowsMilk_10_page_6,645.7,473.0,1132.0
10435398,stimulus_Arg_PISACowsMilk_10_page_6,645.8,473.0,1132.0
10435399,stimulus_Arg_PISACowsMilk_10_page_6,645.7,473.0,1133.0
10435400,stimulus_Arg_PISACowsMilk_10_page_6,645.6,473.1,1133.0
10435401,stimulus_Arg_PISACowsMilk_10_page_6,645.5,473.1,1133.0
10435402,stimulus_Arg_PISACowsMilk_10_page_6,645.4,473.0,1132.0
10435403,stimulus_Arg_PISACowsMilk_10_page_6,645.3,473.1,1131.0
10435404,stimulus_Arg_PISACowsMilk_10_page_6,645.3,473.2,1131.0
10435405,stimulus_Arg_PISACowsMilk_10_page_6,645.4,473.3,1131.0
10435406,stimulus_Arg_PISACowsMilk_10_page_6,645.3,473.4,1131.0
10435407,stimulus_Arg_PISACowsMilk_10_page_6,645.2,473.7,1132.0
10435408,stimulus_Arg_PISACowsMilk_10_page_6,645.2,474.0,1132.0
10435409,stimulus_Arg_PISACowsMilk_10_page_6,645.3,473.9,1133.0
10435410,stimulus_Arg_PISACowsMilk_10_page_6,645.4,473.4,1133.0
10435411,stimulus_Arg_PISACowsMilk_10_page_6,645.3,473.0,1133.0
10435412,stimulus_Arg_PISACowsMilk_10_page_6,645.2,472.9,1132.0
10435413,stimulus_Arg_PISACowsMilk_10_page_6,645.1,473.0,1131.0
10435414,stimulus_Arg_PISACowsMilk_10_page_6,645.1,473.0,1129.0
10435415,stimulus_Arg_PISACowsMilk_10_page_6,645.0,473.1,1129.0
10435416,stimulus_Arg_PISACowsMilk_10_page_6,644.9,473.3,1128.0
10435417,stimulus_Arg_PISACowsMilk_10_page_6,644.8,473.7,1127.0
10435418,stimulus_Arg_PISACowsMilk_10_page_6,644.8,473.9,1127.0
10435419,stimulus_Arg_PISACowsMilk_10_page_6,644.8,474.1,1127.0
10435420,stimulus_Arg_PISACowsMilk_10_page_6,644.7,474.1,1128.0
10435421,stimulus_Arg_PISACowsMilk_10_page_6,644.7,474.2,1129.0
10435422,stimulus_Arg_PISACowsMilk_10_page_6,644.7,474.9,1130.0
10435423,stimulus_Arg_PISACowsMilk_10_page_6,645.2,475.7,1130.0
10435424,stimulus_Arg_PISACowsMilk_10_page_6,646.3,476.4,1131.0
10435425,stimulus_Arg_PISACowsMilk_10_page_6,648.4,475.6,1130.0
10435426,stimulus_Arg_PISACowsMilk_10_page_6,651.7,474.8,1129.0
10435427,stimulus_Arg_PISACowsMilk_10_page_6,656.5,474.4,1129.0
10435428,stimulus_Arg_PISACowsMilk_10_page_6,662.5,475.0,1131.0
10435429,stimulus_Arg_PISACowsMilk_10_page_6,670.4,476.2,1132.0
10435430,stimulus_Arg_PISACowsMilk_10_page_6,678.6,477.2,1133.0
10435431,stimulus_Arg_PISACowsMilk_10_page_6,689.1,478.3,1135.0
10435432,stimulus_Arg_PISACowsMilk_10_page_6,699.4,478.7,1136.0
10435433,stimulus_Arg_PISACowsMilk_10_page_6,711.0,478.6,1137.0
10435434,stimulus_Arg_PISACowsMilk_10_page_6,720.9,477.9,1137.0
10435435,stimulus_Arg_PISACowsMilk_10_page_6,731.3,476.3,1137.0
10435436,stimulus_Arg_PISACowsMilk_10_page_6,740.5,475.1,1136.0
10435437,stimulus_Arg_PISACowsMilk_10_page_6,750.0,473.8,1135.0
10435438,stimulus_Arg_PISACowsMilk_10_page_6,759.0,473.0,1135.0
10435439,stimulus_Arg_PISACowsMilk_10_page_6,767.4,471.9,1135.0
10435440,stimulus_Arg_PISACowsMilk_10_page_6,775.5,471.0,1134.0
10435441,stimulus_Arg_PISACowsMilk_10_page_6,782.4,470.2,1133.0
10435442,stimulus_Arg_PISACowsMilk_10_page_6,789.9,469.6,1132.0
10435443,stimulus_Arg_PISACowsMilk_10_page_6,796.7,469.2,1131.0
10435444,stimulus_Arg_PISACowsMilk_10_page_6,803.7,468.8,1130.0
10435445,stimulus_Arg_PISACowsMilk_10_page_6,810.6,468.1,1128.0
10435446,stimulus_Arg_PISACowsMilk_10_page_6,818.3,466.7,1125.0
10435447,stimulus_Arg_PISACowsMilk_10_page_6,825.0,464.4,1121.0
10435448,stimulus_Arg_PISACowsMilk_10_page_6,831.6,462.4,1117.0
10435449,stimulus_Arg_PISACowsMilk_10_page_6,837.2,460.5,1115.0
10435450,stimulus_Arg_PISACowsMilk_10_page_6,843.0,458.7,1113.0
10435451,stimulus_Arg_PISACowsMilk_10_page_6,847.9,457.1,1112.0
10435452,stimulus_Arg_PISACowsMilk_10_page_6,853.4,455.9,1110.0
10435453,stimulus_Arg_PISACowsMilk_10_page_6,858.4,455.8,1109.0
10435454,stimulus_Arg_PISACowsMilk_10_page_6,862.2,455.6,1106.0
10435455,stimulus_Arg_PISACowsMilk_10_page_6,866.6,455.7,1103.0
10435456,stimulus_Arg_PISACowsMilk_10_page_6,870.7,456.2,1100.0
10435457,stimulus_Arg_PISACowsMilk_10_page_6,875.1,457.3,1099.0
10435458,stimulus_Arg_PISACowsMilk_10_page_6,877.9,458.6,1100.0
10435459,stimulus_Arg_PISACowsMilk_10_page_6,880.3,460.1,1101.0
10435460,stimulus_Arg_PISACowsMilk_10_page_6,882.0,461.0,1100.0
10435461,stimulus_Arg_PISACowsMilk_10_page_6,882.8,461.8,1100.0
10435462,stimulus_Arg_PISACowsMilk_10_page_6,883.3,462.0,1099.0
10435463,stimulus_Arg_PISACowsMilk_10_page_6,882.9,462.0,1100.0
10435464,stimulus_Arg_PISACowsMilk_10_page_6,881.6,461.9,1099.0
10435465,stimulus_Arg_PISACowsMilk_10_page_6,879.5,461.6,1099.0
10435466,stimulus_Arg_PISACowsMilk_10_page_6,877.0,461.3,1100.0
10435467,stimulus_Arg_PISACowsMilk_10_page_6,874.7,461.1,1101.0
10435468,stimulus_Arg_PISACowsMilk_10_page_6,872.2,461.0,1103.0
10435469,stimulus_Arg_PISACowsMilk_10_page_6,870.8,461.3,1105.0
10435470,stimulus_Arg_PISACowsMilk_10_page_6,869.4,461.8,1107.0
10435471,stimulus_Arg_PISACowsMilk_10_page_6,868.5,462.3,1108.0
10435472,stimulus_Arg_PISACowsMilk_10_page_6,867.4,462.6,1108.0
10435473,stimulus_Arg_PISACowsMilk_10_page_6,866.7,462.7,1108.0
10435474,stimulus_Arg_PISACowsMilk_10_page_6,866.3,462.8,1109.0
10435475,stimulus_Arg_PISACowsMilk_10_page_6,866.1,463.4,1110.0
10435476,stimulus_Arg_PISACowsMilk_10_page_6,866.7,464.0,1112.0
10435477,stimulus_Arg_PISACowsMilk_10_page_6,867.7,464.8,1113.0
10435478,stimulus_Arg_PISACowsMilk_10_page_6,868.7,465.1,1114.0
10435479,stimulus_Arg_PISACowsMilk_10_page_6,869.7,465.5,1114.0
10435480,stimulus_Arg_PISACowsMilk_10_page_6,870.8,465.7,1114.0
10435481,stimulus_Arg_PISACowsMilk_10_page_6,872.2,465.9,1115.0
10435482,stimulus_Arg_PISACowsMilk_10_page_6,873.6,466.0,1115.0
10435483,stimulus_Arg_PISACowsMilk_10_page_6,874.8,465.7,1115.0
10435484,stimulus_Arg_PISACowsMilk_10_page_6,875.6,465.3,1113.0
10435485,stimulus_Arg_PISACowsMilk_10_page_6,876.0,464.9,1112.0
10435486,stimulus_Arg_PISACowsMilk_10_page_6,876.1,464.8,1112.0
10435487,stimulus_Arg_PISACowsMilk_10_page_6,876.2,464.4,1111.0
10435488,stimulus_Arg_PISACowsMilk_10_page_6,876.2,463.8,1111.0
10435489,stimulus_Arg_PISACowsMilk_10_page_6,876.2,463.2,1111.0
10435490,stimulus_Arg_PISACowsMilk_10_page_6,876.2,463.0,1111.0
10435491,stimulus_Arg_PISACowsMilk_10_page_6,876.2,462.7,1110.0
10435492,stimulus_Arg_PISACowsMilk_10_page_6,876.2,462.4,1110.0
10435493,stimulus_Arg_PISACowsMilk_10_page_6,876.3,462.3,1110.0
10435494,stimulus_Arg_PISACowsMilk_10_page_6,876.5,462.6,1109.0
10435495,stimulus_Arg_PISACowsMilk_10_page_6,876.7,462.7,1108.0
10435496,stimulus_Arg_PISACowsMilk_10_page_6,876.9,462.6,1106.0
10435497,stimulus_Arg_PISACowsMilk_10_page_6,876.9,462.5,1105.0
10435498,stimulus_Arg_PISACowsMilk_10_page_6,876.7,462.6,1106.0
10435499,stimulus_Arg_PISACowsMilk_10_page_6,876.4,462.8,1107.0
10435500,stimulus_Arg_PISACowsMilk_10_page_6,876.2,462.9,1107.0
10435501,stimulus_Arg_PISACowsMilk_10_page_6,875.9,463.0,1107.0
10435502,stimulus_Arg_PISACowsMilk_10_page_6,875.8,463.0,1106.0
10435503,stimulus_Arg_PISACowsMilk_10_page_6,875.7,463.1,1106.0
10435504,stimulus_Arg_PISACowsMilk_10_page_6,875.6,463.4,1107.0
10435505,stimulus_Arg_PISACowsMilk_10_page_6,875.7,463.5,1108.0
10435506,stimulus_Arg_PISACowsMilk_10_page_6,875.7,463.6,1107.0
10435507,stimulus_Arg_PISACowsMilk_10_page_6,875.6,463.8,1106.0
10435508,stimulus_Arg_PISACowsMilk_10_page_6,875.4,464.1,1106.0
10435509,stimulus_Arg_PISACowsMilk_10_page_6,875.2,464.3,1107.0
10435510,stimulus_Arg_PISACowsMilk_10_page_6,875.1,463.9,1107.0
10435511,stimulus_Arg_PISACowsMilk_10_page_6,875.0,463.5,1105.0
10435512,stimulus_Arg_PISACowsMilk_10_page_6,875.1,463.2,1103.0
10435513,stimulus_Arg_PISACowsMilk_10_page_6,875.3,463.5,1103.0
10435514,stimulus_Arg_PISACowsMilk_10_page_6,875.6,463.8,1103.0
10435515,stimulus_Arg_PISACowsMilk_10_page_6,875.7,464.1,1103.0
10435516,stimulus_Arg_PISACowsMilk_10_page_6,875.7,464.0,1104.0
10435517,stimulus_Arg_PISACowsMilk_10_page_6,875.6,463.8,1105.0
10435518,stimulus_Arg_PISACowsMilk_10_page_6,875.5,464.0,1105.0
10435519,stimulus_Arg_PISACowsMilk_10_page_6,875.9,464.2,1104.0
10435520,stimulus_Arg_PISACowsMilk_10_page_6,876.2,464.5,1104.0
10435521,stimulus_Arg_PISACowsMilk_10_page_6,876.2,464.5,1105.0
10435522,stimulus_Arg_PISACowsMilk_10_page_6,875.8,464.5,1105.0
10435523,stimulus_Arg_PISACowsMilk_10_page_6,875.4,464.3,1104.0
10435524,stimulus_Arg_PISACowsMilk_10_page_6,875.3,464.2,1104.0
10435525,stimulus_Arg_PISACowsMilk_10_page_6,875.3,464.2,1104.0
10435526,stimulus_Arg_PISACowsMilk_10_page_6,875.5,464.1,1104.0
10435527,stimulus_Arg_PISACowsMilk_10_page_6,875.7,464.1,1105.0
10435528,stimulus_Arg_PISACowsMilk_10_page_6,875.9,464.3,1105.0
10435529,stimulus_Arg_PISACowsMilk_10_page_6,876.0,464.5,1105.0
10435530,stimulus_Arg_PISACowsMilk_10_page_6,876.1,464.8,1106.0
10435531,stimulus_Arg_PISACowsMilk_10_page_6,876.1,464.8,1106.0
10435532,stimulus_Arg_PISACowsMilk_10_page_6,876.2,464.8,1107.0
10435533,stimulus_Arg_PISACowsMilk_10_page_6,876.2,464.7,1107.0
10435534,stimulus_Arg_PISACowsMilk_10_page_6,876.1,464.6,1106.0
10435535,stimulus_Arg_PISACowsMilk_10_page_6,875.9,464.5,1106.0
10435536,stimulus_Arg_PISACowsMilk_10_page_6,875.6,464.5,1105.0
10435537,stimulus_Arg_PISACowsMilk_10_page_6,875.4,464.5,1105.0
10435538,stimulus_Arg_PISACowsMilk_10_page_6,875.4,464.5,1104.0
10435539,stimulus_Arg_PISACowsMilk_10_page_6,875.4,464.7,1105.0
10435540,stimulus_Arg_PISACowsMilk_10_page_6,875.5,465.0,1106.0
10435541,stimulus_Arg_PISACowsMilk_10_page_6,875.5,465.4,1106.0
10435542,stimulus_Arg_PISACowsMilk_10_page_6,875.5,465.5,1106.0
10435543,stimulus_Arg_PISACowsMilk_10_page_6,875.6,465.4,1106.0
10435544,stimulus_Arg_PISACowsMilk_10_page_6,875.6,465.3,1106.0
10435545,stimulus_Arg_PISACowsMilk_10_page_6,875.7,465.6,1105.0
10435546,stimulus_Arg_PISACowsMilk_10_page_6,875.7,465.8,1105.0
10435547,stimulus_Arg_PISACowsMilk_10_page_6,875.8,466.0,1105.0
10435548,stimulus_Arg_PISACowsMilk_10_page_6,876.0,466.0,1105.0
10435549,stimulus_Arg_PISACowsMilk_10_page_6,876.2,466.4,1106.0
10435550,stimulus_Arg_PISACowsMilk_10_page_6,876.4,466.9,1107.0
10435551,stimulus_Arg_PISACowsMilk_10_page_6,876.4,467.1,1108.0
10435552,stimulus_Arg_PISACowsMilk_10_page_6,876.2,467.0,1107.0
10435553,stimulus_Arg_PISACowsMilk_10_page_6,876.0,466.8,1107.0
10435554,stimulus_Arg_PISACowsMilk_10_page_6,875.8,467.3,1107.0
10435555,stimulus_Arg_PISACowsMilk_10_page_6,875.9,467.9,1107.0
10435556,stimulus_Arg_PISACowsMilk_10_page_6,875.9,468.4,1108.0
10435557,stimulus_Arg_PISACowsMilk_10_page_6,875.9,468.4,1108.0
10435558,stimulus_Arg_PISACowsMilk_10_page_6,875.9,468.4,1108.0
10435559,stimulus_Arg_PISACowsMilk_10_page_6,875.8,468.5,1108.0
10435560,stimulus_Arg_PISACowsMilk_10_page_6,876.0,468.5,1108.0
10435561,stimulus_Arg_PISACowsMilk_10_page_6,876.2,468.5,1108.0
10435562,stimulus_Arg_PISACowsMilk_10_page_6,876.5,468.6,1108.0
10435563,stimulus_Arg_PISACowsMilk_10_page_6,876.4,468.8,1108.0
10435564,stimulus_Arg_PISACowsMilk_10_page_6,876.2,469.2,1110.0
10435565,stimulus_Arg_PISACowsMilk_10_page_6,876.1,469.5,1111.0
10435566,stimulus_Arg_PISACowsMilk_10_page_6,876.0,469.8,1111.0
10435567,stimulus_Arg_PISACowsMilk_10_page_6,875.9,469.8,1110.0
10435568,stimulus_Arg_PISACowsMilk_10_page_6,875.7,469.8,1109.0
10435569,stimulus_Arg_PISACowsMilk_10_page_6,875.5,469.8,1110.0
10435570,stimulus_Arg_PISACowsMilk_10_page_6,875.4,469.6,1110.0
10435571,stimulus_Arg_PISACowsMilk_10_page_6,875.2,469.5,1110.0
10435572,stimulus_Arg_PISACowsMilk_10_page_6,874.9,469.3,1110.0
10435573,stimulus_Arg_PISACowsMilk_10_page_6,874.8,469.3,1110.0
10435574,stimulus_Arg_PISACowsMilk_10_page_6,874.8,469.3,1110.0
10435575,stimulus_Arg_PISACowsMilk_10_page_6,875.0,469.2,1110.0
10435576,stimulus_Arg_PISACowsMilk_10_page_6,875.1,469.0,1108.0
10435577,stimulus_Arg_PISACowsMilk_10_page_6,875.2,468.9,1108.0
10435578,stimulus_Arg_PISACowsMilk_10_page_6,875.3,468.9,1110.0
10435579,stimulus_Arg_PISACowsMilk_10_page_6,875.5,468.5,1111.0
10435580,stimulus_Arg_PISACowsMilk_10_page_6,875.5,468.1,1111.0
10435581,stimulus_Arg_PISACowsMilk_10_page_6,875.5,467.8,1110.0
10435582,stimulus_Arg_PISACowsMilk_10_page_6,875.5,468.1,1110.0
10435583,stimulus_Arg_PISACowsMilk_10_page_6,875.6,468.4,1109.0
10435584,stimulus_Arg_PISACowsMilk_10_page_6,875.6,468.6,1109.0
10435585,stimulus_Arg_PISACowsMilk_10_page_6,875.7,468.6,1108.0
10435586,stimulus_Arg_PISACowsMilk_10_page_6,875.8,468.6,1108.0
10435587,stimulus_Arg_PISACowsMilk_10_page_6,876.0,468.6,1108.0
10435588,stimulus_Arg_PISACowsMilk_10_page_6,876.2,468.8,1109.0
10435589,stimulus_Arg_PISACowsMilk_10_page_6,876.3,469.2,1110.0
10435590,stimulus_Arg_PISACowsMilk_10_page_6,876.2,469.8,1112.0
10435591,stimulus_Arg_PISACowsMilk_10_page_6,876.1,470.0,1112.0
10435592,stimulus_Arg_PISACowsMilk_10_page_6,876.0,470.2,1112.0
10435593,stimulus_Arg_PISACowsMilk_10_page_6,875.9,470.2,1113.0
10435594,stimulus_Arg_PISACowsMilk_10_page_6,875.9,470.2,1113.0
10435595,stimulus_Arg_PISACowsMilk_10_page_6,876.0,470.3,1113.0
10435596,stimulus_Arg_PISACowsMilk_10_page_6,876.2,470.4,1112.0
10435597,stimulus_Arg_PISACowsMilk_10_page_6,876.4,470.5,1111.0
10435598,stimulus_Arg_PISACowsMilk_10_page_6,876.6,470.3,1111.0
10435599,stimulus_Arg_PISACowsMilk_10_page_6,876.8,470.1,1111.0
10435600,stimulus_Arg_PISACowsMilk_10_page_6,877.0,470.0,1111.0
10435601,stimulus_Arg_PISACowsMilk_10_page_6,876.9,470.2,1112.0
10435602,stimulus_Arg_PISACowsMilk_10_page_6,876.7,470.6,1112.0
10435603,stimulus_Arg_PISACowsMilk_10_page_6,876.5,470.8,1112.0
10435604,stimulus_Arg_PISACowsMilk_10_page_6,876.5,471.0,1112.0
10435605,stimulus_Arg_PISACowsMilk_10_page_6,876.4,470.9,1113.0
10435606,stimulus_Arg_PISACowsMilk_10_page_6,876.4,470.8,1112.0
10435607,stimulus_Arg_PISACowsMilk_10_page_6,876.6,470.5,1111.0
10435608,stimulus_Arg_PISACowsMilk_10_page_6,877.1,470.3,1110.0
10435609,stimulus_Arg_PISACowsMilk_10_page_6,877.5,470.2,1111.0
10435610,stimulus_Arg_PISACowsMilk_10_page_6,877.8,470.1,1113.0
10435611,stimulus_Arg_PISACowsMilk_10_page_6,877.8,470.1,1114.0
10435612,stimulus_Arg_PISACowsMilk_10_page_6,877.8,470.1,1115.0
10435613,stimulus_Arg_PISACowsMilk_10_page_6,877.7,470.1,1115.0
10435614,stimulus_Arg_PISACowsMilk_10_page_6,877.5,470.1,1114.0
10435615,stimulus_Arg_PISACowsMilk_10_page_6,876.8,470.2,1113.0
10435616,stimulus_Arg_PISACowsMilk_10_page_6,876.2,470.3,1113.0
10435617,stimulus_Arg_PISACowsMilk_10_page_6,876.1,470.7,1113.0
10435618,stimulus_Arg_PISACowsMilk_10_page_6,876.4,471.2,1114.0
10435619,stimulus_Arg_PISACowsMilk_10_page_6,876.7,471.2,1114.0
10435620,stimulus_Arg_PISACowsMilk_10_page_6,876.7,470.8,1114.0
10435621,stimulus_Arg_PISACowsMilk_10_page_6,877.0,470.5,1114.0
10435622,stimulus_Arg_PISACowsMilk_10_page_6,877.4,470.5,1115.0
10435623,stimulus_Arg_PISACowsMilk_10_page_6,877.7,470.5,1115.0
10435624,stimulus_Arg_PISACowsMilk_10_page_6,877.3,470.5,1116.0
10435625,stimulus_Arg_PISACowsMilk_10_page_6,877.0,470.5,1115.0
10435626,stimulus_Arg_PISACowsMilk_10_page_6,876.6,470.4,1115.0
10435627,stimulus_Arg_PISACowsMilk_10_page_6,876.7,470.1,1114.0
10435628,stimulus_Arg_PISACowsMilk_10_page_6,876.6,469.8,1114.0
10435629,stimulus_Arg_PISACowsMilk_10_page_6,876.5,469.0,1113.0
10435630,stimulus_Arg_PISACowsMilk_10_page_6,876.6,468.6,1113.0
10435631,stimulus_Arg_PISACowsMilk_10_page_6,876.9,468.5,1113.0
10435632,stimulus_Arg_PISACowsMilk_10_page_6,877.3,468.8,1113.0
10435633,stimulus_Arg_PISACowsMilk_10_page_6,877.4,469.2,1113.0
10435634,stimulus_Arg_PISACowsMilk_10_page_6,877.2,469.2,1113.0
10435635,stimulus_Arg_PISACowsMilk_10_page_6,877.2,469.2,1113.0
10435636,stimulus_Arg_PISACowsMilk_10_page_6,877.4,469.6,1113.0
10435637,stimulus_Arg_PISACowsMilk_10_page_6,877.5,470.1,1113.0
10435638,stimulus_Arg_PISACowsMilk_10_page_6,877.4,470.6,1114.0
10435639,stimulus_Arg_PISACowsMilk_10_page_6,877.4,470.8,1114.0
10435640,stimulus_Arg_PISACowsMilk_10_page_6,877.4,470.8,1114.0
10435641,stimulus_Arg_PISACowsMilk_10_page_6,877.4,470.5,1115.0
10435642,stimulus_Arg_PISACowsMilk_10_page_6,877.3,470.1,1115.0
10435643,stimulus_Arg_PISACowsMilk_10_page_6,876.8,469.9,1116.0
10435644,stimulus_Arg_PISACowsMilk_10_page_6,876.4,470.1,1116.0
10435645,stimulus_Arg_PISACowsMilk_10_page_6,875.9,470.5,1117.0
10435646,stimulus_Arg_PISACowsMilk_10_page_6,875.9,470.8,1117.0
10435647,stimulus_Arg_PISACowsMilk_10_page_6,875.9,470.9,1117.0
10435648,stimulus_Arg_PISACowsMilk_10_page_6,876.0,470.7,1118.0
10435649,stimulus_Arg_PISACowsMilk_10_page_6,876.1,470.6,1118.0
10435650,stimulus_Arg_PISACowsMilk_10_page_6,876.1,470.5,1118.0
10435651,stimulus_Arg_PISACowsMilk_10_page_6,876.1,470.5,1118.0
10435652,stimulus_Arg_PISACowsMilk_10_page_6,876.0,470.5,1118.0
10435653,stimulus_Arg_PISACowsMilk_10_page_6,875.8,470.6,1118.0
10435654,stimulus_Arg_PISACowsMilk_10_page_6,875.6,470.6,1119.0
10435655,stimulus_Arg_PISACowsMilk_10_page_6,875.4,470.4,1120.0
10435656,stimulus_Arg_PISACowsMilk_10_page_6,875.4,470.4,1119.0
10435657,stimulus_Arg_PISACowsMilk_10_page_6,875.6,470.3,1119.0
10435658,stimulus_Arg_PISACowsMilk_10_page_6,875.7,470.5,1120.0
10435659,stimulus_Arg_PISACowsMilk_10_page_6,875.5,470.5,1121.0
10435660,stimulus_Arg_PISACowsMilk_10_page_6,875.4,470.3,1122.0
10435661,stimulus_Arg_PISACowsMilk_10_page_6,875.2,469.9,1122.0
10435662,stimulus_Arg_PISACowsMilk_10_page_6,875.2,469.5,1123.0
10435663,stimulus_Arg_PISACowsMilk_10_page_6,875.1,469.5,1122.0
10435664,stimulus_Arg_PISACowsMilk_10_page_6,875.1,469.9,1122.0
10435665,stimulus_Arg_PISACowsMilk_10_page_6,875.1,470.4,1121.0
10435666,stimulus_Arg_PISACowsMilk_10_page_6,875.1,470.5,1122.0
10435667,stimulus_Arg_PISACowsMilk_10_page_6,875.1,470.7,1122.0
10435668,stimulus_Arg_PISACowsMilk_10_page_6,875.1,470.7,1122.0
10435669,stimulus_Arg_PISACowsMilk_10_page_6,875.1,470.7,1123.0
10435670,stimulus_Arg_PISACowsMilk_10_page_6,875.2,470.3,1122.0
10435671,stimulus_Arg_PISACowsMilk_10_page_6,875.3,469.9,1122.0
10435672,stimulus_Arg_PISACowsMilk_10_page_6,875.4,469.6,1121.0
10435673,stimulus_Arg_PISACowsMilk_10_page_6,875.5,469.7,1121.0
10435674,stimulus_Arg_PISACowsMilk_10_page_6,875.5,469.8,1121.0
10435675,stimulus_Arg_PISACowsMilk_10_page_6,875.5,469.9,1121.0
10435676,stimulus_Arg_PISACowsMilk_10_page_6,875.3,469.9,1122.0
10435677,stimulus_Arg_PISACowsMilk_10_page_6,875.0,469.9,1122.0
10435678,stimulus_Arg_PISACowsMilk_10_page_6,874.8,469.9,1122.0
10435679,stimulus_Arg_PISACowsMilk_10_page_6,874.7,469.9,1122.0
10435680,stimulus_Arg_PISACowsMilk_10_page_6,874.4,470.1,1122.0
10435681,stimulus_Arg_PISACowsMilk_10_page_6,874.1,470.3,1122.0
10435682,stimulus_Arg_PISACowsMilk_10_page_6,873.9,470.6,1122.0
10435683,stimulus_Arg_PISACowsMilk_10_page_6,874.1,470.6,1123.0
10435684,stimulus_Arg_PISACowsMilk_10_page_6,874.5,470.5,1122.0
10435685,stimulus_Arg_PISACowsMilk_10_page_6,874.7,470.5,1123.0
10435686,stimulus_Arg_PISACowsMilk_10_page_6,874.7,470.4,1123.0
10435687,stimulus_Arg_PISACowsMilk_10_page_6,874.8,470.4,1123.0
10435688,stimulus_Arg_PISACowsMilk_10_page_6,874.9,470.5,1122.0
10435689,stimulus_Arg_PISACowsMilk_10_page_6,874.9,470.6,1122.0
10435690,stimulus_Arg_PISACowsMilk_10_page_6,874.7,470.6,1122.0
10435691,stimulus_Arg_PISACowsMilk_10_page_6,874.5,470.6,1122.0
10435692,stimulus_Arg_PISACowsMilk_10_page_6,874.5,470.2,1122.0
10435693,stimulus_Arg_PISACowsMilk_10_page_6,874.5,469.8,1121.0
10435694,stimulus_Arg_PISACowsMilk_10_page_6,874.5,469.5,1121.0
10435695,stimulus_Arg_PISACowsMilk_10_page_6,874.6,469.8,1123.0
10435696,stimulus_Arg_PISACowsMilk_10_page_6,874.7,470.1,1125.0
10435697,stimulus_Arg_PISACowsMilk_10_page_6,874.5,470.7,1126.0
10435698,stimulus_Arg_PISACowsMilk_10_page_6,873.8,471.2,1126.0
10435699,stimulus_Arg_PISACowsMilk_10_page_6,871.8,472.2,1125.0
10435700,stimulus_Arg_PISACowsMilk_10_page_6,867.7,473.0,1125.0
10435701,stimulus_Arg_PISACowsMilk_10_page_6,862.6,472.9,1126.0
10435702,stimulus_Arg_PISACowsMilk_10_page_6,857.1,472.0,1127.0
10435703,stimulus_Arg_PISACowsMilk_10_page_6,850.9,470.7,1126.0
10435704,stimulus_Arg_PISACowsMilk_10_page_6,843.6,469.9,1126.0
10435705,stimulus_Arg_PISACowsMilk_10_page_6,836.0,469.7,1126.0
10435706,stimulus_Arg_PISACowsMilk_10_page_6,827.0,469.8,1126.0
10435707,stimulus_Arg_PISACowsMilk_10_page_6,819.2,470.1,1127.0
10435708,stimulus_Arg_PISACowsMilk_10_page_6,810.3,469.9,1128.0
10435709,stimulus_Arg_PISACowsMilk_10_page_6,802.8,469.8,1129.0
10435710,stimulus_Arg_PISACowsMilk_10_page_6,795.3,470.6,1130.0
10435711,stimulus_Arg_PISACowsMilk_10_page_6,789.1,471.5,1133.0
10435712,stimulus_Arg_PISACowsMilk_10_page_6,785.4,473.0,1136.0
10435713,stimulus_Arg_PISACowsMilk_10_page_6,782.0,473.9,1137.0
10435714,stimulus_Arg_PISACowsMilk_10_page_6,780.0,474.7,1136.0
10435715,stimulus_Arg_PISACowsMilk_10_page_6,778.5,474.9,1134.0
10435716,stimulus_Arg_PISACowsMilk_10_page_6,778.7,474.9,1134.0
10435717,stimulus_Arg_PISACowsMilk_10_page_6,779.7,474.9,1134.0
10435718,stimulus_Arg_PISACowsMilk_10_page_6,781.5,474.8,1134.0
10435719,stimulus_Arg_PISACowsMilk_10_page_6,783.6,474.7,1134.0
10435720,stimulus_Arg_PISACowsMilk_10_page_6,786.0,474.1,1135.0
10435721,stimulus_Arg_PISACowsMilk_10_page_6,788.5,473.0,1135.0
10435722,stimulus_Arg_PISACowsMilk_10_page_6,791.4,471.7,1135.0
10435723,stimulus_Arg_PISACowsMilk_10_page_6,794.6,471.0,1136.0
10435724,stimulus_Arg_PISACowsMilk_10_page_6,797.6,470.8,1137.0
10435725,stimulus_Arg_PISACowsMilk_10_page_6,799.7,470.8,1138.0
10435726,stimulus_Arg_PISACowsMilk_10_page_6,801.0,470.8,1139.0
10435727,stimulus_Arg_PISACowsMilk_10_page_6,802.2,470.9,1139.0
10435728,stimulus_Arg_PISACowsMilk_10_page_6,803.1,471.0,1139.0
10435729,stimulus_Arg_PISACowsMilk_10_page_6,803.7,470.9,1139.0
10435730,stimulus_Arg_PISACowsMilk_10_page_6,803.9,470.8,1140.0
10435731,stimulus_Arg_PISACowsMilk_10_page_6,803.4,470.7,1139.0
10435732,stimulus_Arg_PISACowsMilk_10_page_6,802.7,470.7,1139.0
10435733,stimulus_Arg_PISACowsMilk_10_page_6,801.9,470.9,1138.0
10435734,stimulus_Arg_PISACowsMilk_10_page_6,801.4,471.2,1138.0
10435735,stimulus_Arg_PISACowsMilk_10_page_6,800.8,471.5,1137.0
10435736,stimulus_Arg_PISACowsMilk_10_page_6,800.0,471.5,1136.0
10435737,stimulus_Arg_PISACowsMilk_10_page_6,798.7,471.5,1135.0
10435738,stimulus_Arg_PISACowsMilk_10_page_6,797.8,471.5,1135.0
10435739,stimulus_Arg_PISACowsMilk_10_page_6,796.6,471.4,1134.0
10435740,stimulus_Arg_PISACowsMilk_10_page_6,795.8,471.4,1132.0
10435741,stimulus_Arg_PISACowsMilk_10_page_6,795.1,471.7,1130.0
10435742,stimulus_Arg_PISACowsMilk_10_page_6,794.6,471.9,1129.0
10435743,stimulus_Arg_PISACowsMilk_10_page_6,794.4,472.2,1129.0
10435744,stimulus_Arg_PISACowsMilk_10_page_6,793.9,472.2,1129.0
10435745,stimulus_Arg_PISACowsMilk_10_page_6,793.6,472.3,1129.0
10435746,stimulus_Arg_PISACowsMilk_10_page_6,793.3,472.3,1130.0
10435747,stimulus_Arg_PISACowsMilk_10_page_6,793.3,472.3,1130.0
10435748,stimulus_Arg_PISACowsMilk_10_page_6,792.9,472.4,1131.0
10435749,stimulus_Arg_PISACowsMilk_10_page_6,792.6,472.5,1131.0
10435750,stimulus_Arg_PISACowsMilk_10_page_6,792.3,472.6,1132.0
10435751,stimulus_Arg_PISACowsMilk_10_page_6,792.2,472.5,1132.0
10435752,stimulus_Arg_PISACowsMilk_10_page_6,792.1,472.5,1132.0
10435753,stimulus_Arg_PISACowsMilk_10_page_6,791.9,472.2,1132.0
10435754,stimulus_Arg_PISACowsMilk_10_page_6,792.0,471.9,1132.0
10435755,stimulus_Arg_PISACowsMilk_10_page_6,792.0,471.6,1132.0
10435756,stimulus_Arg_PISACowsMilk_10_page_6,792.1,471.6,1132.0
10435757,stimulus_Arg_PISACowsMilk_10_page_6,792.1,471.8,1132.0
10435758,stimulus_Arg_PISACowsMilk_10_page_6,792.2,472.1,1132.0
10435759,stimulus_Arg_PISACowsMilk_10_page_6,792.5,472.2,1132.0
10435760,stimulus_Arg_PISACowsMilk_10_page_6,792.9,472.3,1132.0
10435761,stimulus_Arg_PISACowsMilk_10_page_6,793.2,472.4,1132.0
10435762,stimulus_Arg_PISACowsMilk_10_page_6,793.2,472.4,1131.0
10435763,stimulus_Arg_PISACowsMilk_10_page_6,793.3,472.4,1130.0
10435764,stimulus_Arg_PISACowsMilk_10_page_6,792.7,472.3,1130.0
10435765,stimulus_Arg_PISACowsMilk_10_page_6,792.2,472.1,1130.0
10435766,stimulus_Arg_PISACowsMilk_10_page_6,791.9,471.8,1131.0
10435767,stimulus_Arg_PISACowsMilk_10_page_6,792.1,471.9,1132.0
10435768,stimulus_Arg_PISACowsMilk_10_page_6,792.4,472.2,1134.0
10435769,stimulus_Arg_PISACowsMilk_10_page_6,792.4,472.4,1135.0
10435770,stimulus_Arg_PISACowsMilk_10_page_6,792.4,472.6,1134.0
10435771,stimulus_Arg_PISACowsMilk_10_page_6,792.3,472.7,1133.0
10435772,stimulus_Arg_PISACowsMilk_10_page_6,792.3,472.8,1133.0
10435773,stimulus_Arg_PISACowsMilk_10_page_6,792.5,473.0,1133.0
10435774,stimulus_Arg_PISACowsMilk_10_page_6,792.7,473.1,1133.0
10435775,stimulus_Arg_PISACowsMilk_10_page_6,792.9,473.2,1133.0
10435776,stimulus_Arg_PISACowsMilk_10_page_6,792.8,473.4,1133.0
10435777,stimulus_Arg_PISACowsMilk_10_page_6,792.6,473.6,1133.0
10435778,stimulus_Arg_PISACowsMilk_10_page_6,792.4,473.8,1132.0
10435779,stimulus_Arg_PISACowsMilk_10_page_6,792.5,473.9,1132.0
10435780,stimulus_Arg_PISACowsMilk_10_page_6,792.7,473.9,1133.0
10435781,stimulus_Arg_PISACowsMilk_10_page_6,793.0,474.1,1134.0
10435782,stimulus_Arg_PISACowsMilk_10_page_6,793.0,474.5,1134.0
10435783,stimulus_Arg_PISACowsMilk_10_page_6,793.1,474.8,1135.0
10435784,stimulus_Arg_PISACowsMilk_10_page_6,792.9,474.8,1136.0
10435785,stimulus_Arg_PISACowsMilk_10_page_6,792.8,474.6,1137.0
10435786,stimulus_Arg_PISACowsMilk_10_page_6,792.6,474.4,1136.0
10435787,stimulus_Arg_PISACowsMilk_10_page_6,792.6,474.3,1136.0
10435788,stimulus_Arg_PISACowsMilk_10_page_6,792.7,474.5,1135.0
10435789,stimulus_Arg_PISACowsMilk_10_page_6,792.6,474.7,1135.0
10435790,stimulus_Arg_PISACowsMilk_10_page_6,792.4,474.8,1135.0
10435791,stimulus_Arg_PISACowsMilk_10_page_6,792.2,474.8,1135.0
10435792,stimulus_Arg_PISACowsMilk_10_page_6,792.0,474.8,1136.0
10435793,stimulus_Arg_PISACowsMilk_10_page_6,792.0,474.7,1136.0
10435794,stimulus_Arg_PISACowsMilk_10_page_6,792.1,474.7,1136.0
10435795,stimulus_Arg_PISACowsMilk_10_page_6,792.3,475.1,1136.0
10435796,stimulus_Arg_PISACowsMilk_10_page_6,792.5,475.6,1136.0
10435797,stimulus_Arg_PISACowsMilk_10_page_6,792.6,476.2,1136.0
10435798,stimulus_Arg_PISACowsMilk_10_page_6,792.5,476.2,1136.0
10435799,stimulus_Arg_PISACowsMilk_10_page_6,792.5,476.3,1136.0
10435800,stimulus_Arg_PISACowsMilk_10_page_6,792.5,476.3,1136.0
10435801,stimulus_Arg_PISACowsMilk_10_page_6,792.6,476.2,1137.0
10435802,stimulus_Arg_PISACowsMilk_10_page_6,792.7,476.0,1138.0
10435803,stimulus_Arg_PISACowsMilk_10_page_6,792.9,475.8,1138.0
10435804,stimulus_Arg_PISACowsMilk_10_page_6,793.3,475.8,1139.0
10435805,stimulus_Arg_PISACowsMilk_10_page_6,793.5,476.0,1139.0
10435806,stimulus_Arg_PISACowsMilk_10_page_6,793.4,476.2,1138.0
10435807,stimulus_Arg_PISACowsMilk_10_page_6,793.2,476.5,1138.0
10435808,stimulus_Arg_PISACowsMilk_10_page_6,793.0,476.7,1137.0
10435809,stimulus_Arg_PISACowsMilk_10_page_6,793.0,477.1,1138.0
10435810,stimulus_Arg_PISACowsMilk_10_page_6,792.9,477.4,1138.0
10435811,stimulus_Arg_PISACowsMilk_10_page_6,792.8,477.8,1139.0
10435812,stimulus_Arg_PISACowsMilk_10_page_6,792.7,477.8,1139.0
10435813,stimulus_Arg_PISACowsMilk_10_page_6,792.7,477.9,1140.0
10435814,stimulus_Arg_PISACowsMilk_10_page_6,792.7,477.9,1140.0
10435815,stimulus_Arg_PISACowsMilk_10_page_6,792.9,477.7,1142.0
10435816,stimulus_Arg_PISACowsMilk_10_page_6,793.0,477.5,1143.0
10435817,stimulus_Arg_PISACowsMilk_10_page_6,792.9,477.4,1144.0
10435818,stimulus_Arg_PISACowsMilk_10_page_6,793.0,477.5,1146.0
10435819,stimulus_Arg_PISACowsMilk_10_page_6,793.0,477.5,1146.0
10435820,stimulus_Arg_PISACowsMilk_10_page_6,793.1,477.4,1146.0
10435821,stimulus_Arg_PISACowsMilk_10_page_6,793.2,477.1,1146.0
10435822,stimulus_Arg_PISACowsMilk_10_page_6,793.2,476.8,1145.0
10435823,stimulus_Arg_PISACowsMilk_10_page_6,793.1,476.6,1145.0
10435824,stimulus_Arg_PISACowsMilk_10_page_6,793.1,476.5,1145.0
10435825,stimulus_Arg_PISACowsMilk_10_page_6,793.1,476.5,1144.0
10435826,stimulus_Arg_PISACowsMilk_10_page_6,793.2,476.4,1144.0
10435827,stimulus_Arg_PISACowsMilk_10_page_6,793.3,476.2,1143.0
10435828,stimulus_Arg_PISACowsMilk_10_page_6,793.1,475.9,1144.0
10435829,stimulus_Arg_PISACowsMilk_10_page_6,792.9,475.5,1145.0
10435830,stimulus_Arg_PISACowsMilk_10_page_6,792.7,475.4,1145.0
10435831,stimulus_Arg_PISACowsMilk_10_page_6,793.0,475.3,1144.0
10435832,stimulus_Arg_PISACowsMilk_10_page_6,793.4,475.2,1144.0
10435833,stimulus_Arg_PISACowsMilk_10_page_6,793.2,474.9,1144.0
10435834,stimulus_Arg_PISACowsMilk_10_page_6,792.7,474.7,1144.0
10435835,stimulus_Arg_PISACowsMilk_10_page_6,792.4,474.5,1144.0
10435836,stimulus_Arg_PISACowsMilk_10_page_6,792.6,474.5,1144.0
10435837,stimulus_Arg_PISACowsMilk_10_page_6,792.5,474.3,1144.0
10435838,stimulus_Arg_PISACowsMilk_10_page_6,792.2,473.9,1144.0
10435839,stimulus_Arg_PISACowsMilk_10_page_6,792.0,473.6,1143.0
10435840,stimulus_Arg_PISACowsMilk_10_page_6,792.1,473.3,1143.0
10435841,stimulus_Arg_PISACowsMilk_10_page_6,792.2,473.1,1143.0
10435842,stimulus_Arg_PISACowsMilk_10_page_6,792.2,472.9,1143.0
10435843,stimulus_Arg_PISACowsMilk_10_page_6,792.2,473.0,1143.0
10435844,stimulus_Arg_PISACowsMilk_10_page_6,792.3,473.1,1143.0
10435845,stimulus_Arg_PISACowsMilk_10_page_6,792.3,472.9,1143.0
10435846,stimulus_Arg_PISACowsMilk_10_page_6,792.5,472.6,1143.0
10435847,stimulus_Arg_PISACowsMilk_10_page_6,792.8,472.6,1142.0
10435848,stimulus_Arg_PISACowsMilk_10_page_6,793.1,472.8,1144.0
10435849,stimulus_Arg_PISACowsMilk_10_page_6,793.1,473.1,1145.0
10435850,stimulus_Arg_PISACowsMilk_10_page_6,793.0,473.1,1146.0
10435851,stimulus_Arg_PISACowsMilk_10_page_6,792.9,473.1,1146.0
10435852,stimulus_Arg_PISACowsMilk_10_page_6,793.0,473.2,1146.0
10435853,stimulus_Arg_PISACowsMilk_10_page_6,793.1,473.1,1146.0
10435854,stimulus_Arg_PISACowsMilk_10_page_6,792.9,473.1,1145.0
10435855,stimulus_Arg_PISACowsMilk_10_page_6,792.7,473.3,1145.0
10435856,stimulus_Arg_PISACowsMilk_10_page_6,792.7,473.7,1145.0
10435857,stimulus_Arg_PISACowsMilk_10_page_6,792.8,474.1,1146.0
10435858,stimulus_Arg_PISACowsMilk_10_page_6,792.9,473.8,1146.0
10435859,stimulus_Arg_PISACowsMilk_10_page_6,793.0,473.6,1146.0
10435860,stimulus_Arg_PISACowsMilk_10_page_6,793.3,473.4,1146.0
10435861,stimulus_Arg_PISACowsMilk_10_page_6,793.5,473.5,1147.0
10435862,stimulus_Arg_PISACowsMilk_10_page_6,793.6,473.6,1148.0
10435863,stimulus_Arg_PISACowsMilk_10_page_6,793.8,473.7,1148.0
10435864,stimulus_Arg_PISACowsMilk_10_page_6,793.9,473.8,1147.0
10435865,stimulus_Arg_PISACowsMilk_10_page_6,793.5,473.9,1147.0
10435866,stimulus_Arg_PISACowsMilk_10_page_6,793.2,473.9,1147.0
10435867,stimulus_Arg_PISACowsMilk_10_page_6,792.9,473.7,1147.0
10435868,stimulus_Arg_PISACowsMilk_10_page_6,793.1,473.2,1148.0
10435869,stimulus_Arg_PISACowsMilk_10_page_6,793.2,472.8,1149.0
10435870,stimulus_Arg_PISACowsMilk_10_page_6,793.3,472.5,1151.0
10435871,stimulus_Arg_PISACowsMilk_10_page_6,793.3,472.5,1151.0
10435872,stimulus_Arg_PISACowsMilk_10_page_6,793.6,472.6,1151.0
10435873,stimulus_Arg_PISACowsMilk_10_page_6,793.9,472.6,1150.0
10435874,stimulus_Arg_PISACowsMilk_10_page_6,794.0,472.7,1149.0
10435875,stimulus_Arg_PISACowsMilk_10_page_6,793.8,472.6,1149.0
10435876,stimulus_Arg_PISACowsMilk_10_page_6,793.5,472.7,1149.0
10435877,stimulus_Arg_PISACowsMilk_10_page_6,793.4,472.8,1150.0
10435878,stimulus_Arg_PISACowsMilk_10_page_6,793.3,472.7,1152.0
10435879,stimulus_Arg_PISACowsMilk_10_page_6,793.3,472.5,1153.0
10435880,stimulus_Arg_PISACowsMilk_10_page_6,793.2,472.2,1154.0
10435881,stimulus_Arg_PISACowsMilk_10_page_6,793.6,472.1,1154.0
10435882,stimulus_Arg_PISACowsMilk_10_page_6,794.0,471.9,1154.0
10435883,stimulus_Arg_PISACowsMilk_10_page_6,794.0,471.8,1155.0
10435884,stimulus_Arg_PISACowsMilk_10_page_6,793.7,471.7,1155.0
10435885,stimulus_Arg_PISACowsMilk_10_page_6,793.3,471.6,1153.0
10435886,stimulus_Arg_PISACowsMilk_10_page_6,793.2,471.4,1152.0
10435887,stimulus_Arg_PISACowsMilk_10_page_6,793.2,471.2,1152.0
10435888,stimulus_Arg_PISACowsMilk_10_page_6,793.2,471.0,1153.0
10435889,stimulus_Arg_PISACowsMilk_10_page_6,793.2,470.7,1153.0
10435890,stimulus_Arg_PISACowsMilk_10_page_6,793.3,470.7,1153.0
10435891,stimulus_Arg_PISACowsMilk_10_page_6,793.3,470.8,1153.0
10435892,stimulus_Arg_PISACowsMilk_10_page_6,793.4,470.9,1153.0
10435893,stimulus_Arg_PISACowsMilk_10_page_6,793.4,471.0,1153.0
10435894,stimulus_Arg_PISACowsMilk_10_page_6,793.4,471.0,1153.0
10435895,stimulus_Arg_PISACowsMilk_10_page_6,793.5,470.9,1152.0
10435896,stimulus_Arg_PISACowsMilk_10_page_6,793.5,470.9,1151.0
10435897,stimulus_Arg_PISACowsMilk_10_page_6,793.6,471.1,1152.0
10435898,stimulus_Arg_PISACowsMilk_10_page_6,793.7,471.4,1153.0
10435899,stimulus_Arg_PISACowsMilk_10_page_6,793.8,471.6,1154.0
10435900,stimulus_Arg_PISACowsMilk_10_page_6,793.9,471.5,1154.0
10435901,stimulus_Arg_PISACowsMilk_10_page_6,793.7,471.5,1154.0
10435902,stimulus_Arg_PISACowsMilk_10_page_6,793.4,471.7,1153.0
10435903,stimulus_Arg_PISACowsMilk_10_page_6,793.3,471.8,1153.0
10435904,stimulus_Arg_PISACowsMilk_10_page_6,793.5,471.9,1153.0
10435905,stimulus_Arg_PISACowsMilk_10_page_6,793.6,471.8,1153.0
10435906,stimulus_Arg_PISACowsMilk_10_page_6,793.2,471.7,1152.0
10435907,stimulus_Arg_PISACowsMilk_10_page_6,792.9,471.5,1152.0
10435908,stimulus_Arg_PISACowsMilk_10_page_6,792.7,471.5,1152.0
10435909,stimulus_Arg_PISACowsMilk_10_page_6,792.9,471.5,1154.0
10435910,stimulus_Arg_PISACowsMilk_10_page_6,792.8,471.4,1155.0
10435911,stimulus_Arg_PISACowsMilk_10_page_6,792.5,471.4,1156.0
10435912,stimulus_Arg_PISACowsMilk_10_page_6,792.3,471.4,1156.0
10435913,stimulus_Arg_PISACowsMilk_10_page_6,792.4,471.4,1156.0
10435914,stimulus_Arg_PISACowsMilk_10_page_6,792.5,471.3,1156.0
10435915,stimulus_Arg_PISACowsMilk_10_page_6,792.5,471.2,1156.0
10435916,stimulus_Arg_PISACowsMilk_10_page_6,792.5,471.1,1156.0
10435917,stimulus_Arg_PISACowsMilk_10_page_6,792.6,471.1,1157.0
10435918,stimulus_Arg_PISACowsMilk_10_page_6,792.6,471.3,1157.0
10435919,stimulus_Arg_PISACowsMilk_10_page_6,792.6,471.6,1157.0
10435920,stimulus_Arg_PISACowsMilk_10_page_6,792.6,471.7,1157.0
10435921,stimulus_Arg_PISACowsMilk_10_page_6,792.5,471.6,1157.0
10435922,stimulus_Arg_PISACowsMilk_10_page_6,792.3,471.4,1158.0
10435923,stimulus_Arg_PISACowsMilk_10_page_6,792.2,471.3,1159.0
10435924,stimulus_Arg_PISACowsMilk_10_page_6,792.2,471.6,1159.0
10435925,stimulus_Arg_PISACowsMilk_10_page_6,792.0,472.0,1159.0
10435926,stimulus_Arg_PISACowsMilk_10_page_6,791.8,472.4,1160.0
10435927,stimulus_Arg_PISACowsMilk_10_page_6,791.5,472.3,1160.0
10435928,stimulus_Arg_PISACowsMilk_10_page_6,791.3,472.1,1161.0
10435929,stimulus_Arg_PISACowsMilk_10_page_6,791.0,472.0,1162.0
10435930,stimulus_Arg_PISACowsMilk_10_page_6,790.7,472.1,1163.0
10435931,stimulus_Arg_PISACowsMilk_10_page_6,790.7,472.2,1163.0
10435932,stimulus_Arg_PISACowsMilk_10_page_6,790.8,471.9,1162.0
10435933,stimulus_Arg_PISACowsMilk_10_page_6,790.9,471.6,1162.0
10435934,stimulus_Arg_PISACowsMilk_10_page_6,791.0,471.3,1162.0
10435935,stimulus_Arg_PISACowsMilk_10_page_6,790.9,471.6,1162.0
10435936,stimulus_Arg_PISACowsMilk_10_page_6,791.0,471.9,1162.0
10435937,stimulus_Arg_PISACowsMilk_10_page_6,791.1,472.2,1163.0
10435938,stimulus_Arg_PISACowsMilk_10_page_6,791.3,471.9,1164.0
10435939,stimulus_Arg_PISACowsMilk_10_page_6,791.5,471.6,1165.0
10435940,stimulus_Arg_PISACowsMilk_10_page_6,791.7,471.3,1165.0
10435941,stimulus_Arg_PISACowsMilk_10_page_6,791.7,471.2,1164.0
10435942,stimulus_Arg_PISACowsMilk_10_page_6,791.7,471.5,1163.0
10435943,stimulus_Arg_PISACowsMilk_10_page_6,791.7,472.2,1162.0
10435944,stimulus_Arg_PISACowsMilk_10_page_6,791.6,472.8,1164.0
10435945,stimulus_Arg_PISACowsMilk_10_page_6,791.5,473.2,1166.0
10435946,stimulus_Arg_PISACowsMilk_10_page_6,791.4,473.1,1167.0
10435947,stimulus_Arg_PISACowsMilk_10_page_6,791.6,473.3,1168.0
10435948,stimulus_Arg_PISACowsMilk_10_page_6,792.0,473.6,1169.0
10435949,stimulus_Arg_PISACowsMilk_10_page_6,792.3,473.9,1170.0
10435950,stimulus_Arg_PISACowsMilk_10_page_6,792.7,474.0,1170.0
10435951,stimulus_Arg_PISACowsMilk_10_page_6,793.1,474.1,1170.0
10435952,stimulus_Arg_PISACowsMilk_10_page_6,793.5,474.0,1170.0
10435953,stimulus_Arg_PISACowsMilk_10_page_6,793.5,474.0,1170.0
10435954,stimulus_Arg_PISACowsMilk_10_page_6,793.4,474.3,1170.0
10435955,stimulus_Arg_PISACowsMilk_10_page_6,793.4,474.4,1170.0
10435956,stimulus_Arg_PISACowsMilk_10_page_6,793.4,474.6,1171.0
10435957,stimulus_Arg_PISACowsMilk_10_page_6,793.6,474.6,1171.0
10435958,stimulus_Arg_PISACowsMilk_10_page_6,793.9,474.8,1171.0
10435959,stimulus_Arg_PISACowsMilk_10_page_6,794.1,475.1,1172.0
10435960,stimulus_Arg_PISACowsMilk_10_page_6,794.1,475.3,1172.0
10435961,stimulus_Arg_PISACowsMilk_10_page_6,793.9,475.3,1172.0
10435962,stimulus_Arg_PISACowsMilk_10_page_6,793.6,475.3,1172.0
10435963,stimulus_Arg_PISACowsMilk_10_page_6,793.4,475.4,1172.0
10435964,stimulus_Arg_PISACowsMilk_10_page_6,793.3,475.4,1172.0
10435965,stimulus_Arg_PISACowsMilk_10_page_6,793.1,475.5,1171.0
10435966,stimulus_Arg_PISACowsMilk_10_page_6,792.9,475.5,1171.0
10435967,stimulus_Arg_PISACowsMilk_10_page_6,793.1,475.6,1171.0
10435968,stimulus_Arg_PISACowsMilk_10_page_6,793.3,475.7,1171.0
10435969,stimulus_Arg_PISACowsMilk_10_page_6,793.5,475.8,1171.0
10435970,stimulus_Arg_PISACowsMilk_10_page_6,793.7,475.5,1171.0
10435971,stimulus_Arg_PISACowsMilk_10_page_6,793.8,475.2,1172.0
10435972,stimulus_Arg_PISACowsMilk_10_page_6,793.6,474.9,1172.0
10435973,stimulus_Arg_PISACowsMilk_10_page_6,793.2,474.9,1172.0
10435974,stimulus_Arg_PISACowsMilk_10_page_6,792.7,474.9,1171.0
10435975,stimulus_Arg_PISACowsMilk_10_page_6,792.6,475.1,1171.0
10435976,stimulus_Arg_PISACowsMilk_10_page_6,792.4,475.4,1170.0
10435977,stimulus_Arg_PISACowsMilk_10_page_6,792.2,475.3,1170.0
10435978,stimulus_Arg_PISACowsMilk_10_page_6,792.1,474.9,1169.0
10435979,stimulus_Arg_PISACowsMilk_10_page_6,792.8,474.6,1168.0
10435980,stimulus_Arg_PISACowsMilk_10_page_6,794.7,474.8,1167.0
10435981,stimulus_Arg_PISACowsMilk_10_page_6,798.4,475.1,1166.0
10435982,stimulus_Arg_PISACowsMilk_10_page_6,803.1,475.0,1166.0
10435983,stimulus_Arg_PISACowsMilk_10_page_6,807.4,474.6,1166.0
10435984,stimulus_Arg_PISACowsMilk_10_page_6,811.0,474.5,1164.0
10435985,stimulus_Arg_PISACowsMilk_10_page_6,815.0,474.9,1162.0
10435986,stimulus_Arg_PISACowsMilk_10_page_6,820.0,475.4,1162.0
10435987,stimulus_Arg_PISACowsMilk_10_page_6,826.0,475.6,1163.0
10435988,stimulus_Arg_PISACowsMilk_10_page_6,831.0,475.8,1165.0
10435989,stimulus_Arg_PISACowsMilk_10_page_6,835.4,475.7,1165.0
10435990,stimulus_Arg_PISACowsMilk_10_page_6,838.7,475.6,1165.0
10435991,stimulus_Arg_PISACowsMilk_10_page_6,841.6,475.2,1164.0
10435992,stimulus_Arg_PISACowsMilk_10_page_6,843.6,474.7,1163.0
10435993,stimulus_Arg_PISACowsMilk_10_page_6,844.3,474.3,1161.0
10435994,stimulus_Arg_PISACowsMilk_10_page_6,844.5,473.9,1158.0
10435995,stimulus_Arg_PISACowsMilk_10_page_6,843.6,473.5,1156.0
10435996,stimulus_Arg_PISACowsMilk_10_page_6,841.6,473.1,1154.0
10435997,stimulus_Arg_PISACowsMilk_10_page_6,838.8,473.0,1154.0
10435998,stimulus_Arg_PISACowsMilk_10_page_6,835.8,472.8,1154.0
10435999,stimulus_Arg_PISACowsMilk_10_page_6,832.9,472.5,1154.0
10436000,stimulus_Arg_PISACowsMilk_10_page_6,830.0,472.1,1154.0
10436001,stimulus_Arg_PISACowsMilk_10_page_6,827.5,472.1,1154.0
10436002,stimulus_Arg_PISACowsMilk_10_page_6,825.3,472.3,1154.0
10436003,stimulus_Arg_PISACowsMilk_10_page_6,823.7,472.8,1155.0
10436004,stimulus_Arg_PISACowsMilk_10_page_6,822.4,474.0,1155.0
10436005,stimulus_Arg_PISACowsMilk_10_page_6,821.8,474.9,1155.0
10436006,stimulus_Arg_PISACowsMilk_10_page_6,821.9,475.6,1155.0
10436007,stimulus_Arg_PISACowsMilk_10_page_6,822.5,475.7,1155.0
10436008,stimulus_Arg_PISACowsMilk_10_page_6,823.6,475.8,1155.0
10436009,stimulus_Arg_PISACowsMilk_10_page_6,824.8,476.4,1156.0
10436010,stimulus_Arg_PISACowsMilk_10_page_6,825.7,477.0,1157.0
10436011,stimulus_Arg_PISACowsMilk_10_page_6,826.3,477.6,1158.0
10436012,stimulus_Arg_PISACowsMilk_10_page_6,826.5,477.8,1158.0
10436013,stimulus_Arg_PISACowsMilk_10_page_6,827.2,478.1,1159.0
10436014,stimulus_Arg_PISACowsMilk_10_page_6,827.8,478.2,1159.0
10436015,stimulus_Arg_PISACowsMilk_10_page_6,828.2,478.2,1159.0
10436016,stimulus_Arg_PISACowsMilk_10_page_6,828.1,478.1,1158.0
10436017,stimulus_Arg_PISACowsMilk_10_page_6,828.2,477.7,1158.0
10436018,stimulus_Arg_PISACowsMilk_10_page_6,828.2,477.5,1158.0
10436019,stimulus_Arg_PISACowsMilk_10_page_6,828.3,477.3,1157.0
10436020,stimulus_Arg_PISACowsMilk_10_page_6,828.3,477.3,1156.0
10436021,stimulus_Arg_PISACowsMilk_10_page_6,828.2,477.1,1155.0
10436022,stimulus_Arg_PISACowsMilk_10_page_6,828.3,477.0,1155.0
10436023,stimulus_Arg_PISACowsMilk_10_page_6,828.4,476.8,1155.0
10436024,stimulus_Arg_PISACowsMilk_10_page_6,828.4,476.7,1155.0
10436025,stimulus_Arg_PISACowsMilk_10_page_6,828.4,476.5,1155.0
10436026,stimulus_Arg_PISACowsMilk_10_page_6,828.3,476.4,1155.0
10436027,stimulus_Arg_PISACowsMilk_10_page_6,828.1,476.1,1155.0
10436028,stimulus_Arg_PISACowsMilk_10_page_6,828.1,476.0,1154.0
10436029,stimulus_Arg_PISACowsMilk_10_page_6,828.0,475.9,1153.0
10436030,stimulus_Arg_PISACowsMilk_10_page_6,828.1,475.9,1153.0
10436031,stimulus_Arg_PISACowsMilk_10_page_6,828.1,476.1,1154.0
10436032,stimulus_Arg_PISACowsMilk_10_page_6,828.2,476.4,1155.0
10436033,stimulus_Arg_PISACowsMilk_10_page_6,828.3,477.0,1154.0
10436034,stimulus_Arg_PISACowsMilk_10_page_6,828.3,477.4,1153.0
10436035,stimulus_Arg_PISACowsMilk_10_page_6,828.3,477.9,1152.0
10436036,stimulus_Arg_PISACowsMilk_10_page_6,828.2,478.0,1151.0
10436037,stimulus_Arg_PISACowsMilk_10_page_6,828.3,478.0,1151.0
10436038,stimulus_Arg_PISACowsMilk_10_page_6,828.3,477.8,1151.0
10436039,stimulus_Arg_PISACowsMilk_10_page_6,828.4,477.6,1151.0
10436040,stimulus_Arg_PISACowsMilk_10_page_6,828.4,477.4,1152.0
10436041,stimulus_Arg_PISACowsMilk_10_page_6,828.4,477.4,1153.0
10436042,stimulus_Arg_PISACowsMilk_10_page_6,828.6,477.4,1154.0
10436043,stimulus_Arg_PISACowsMilk_10_page_6,828.7,477.5,1155.0
10436044,stimulus_Arg_PISACowsMilk_10_page_6,828.8,477.6,1155.0
10436045,stimulus_Arg_PISACowsMilk_10_page_6,828.7,477.6,1154.0
10436046,stimulus_Arg_PISACowsMilk_10_page_6,828.7,477.6,1154.0
10436047,stimulus_Arg_PISACowsMilk_10_page_6,828.6,477.9,1154.0
10436048,stimulus_Arg_PISACowsMilk_10_page_6,828.6,478.3,1154.0
10436049,stimulus_Arg_PISACowsMilk_10_page_6,828.6,478.7,1154.0
10436050,stimulus_Arg_PISACowsMilk_10_page_6,828.6,478.7,1153.0
10436051,stimulus_Arg_PISACowsMilk_10_page_6,828.6,478.7,1153.0
10436052,stimulus_Arg_PISACowsMilk_10_page_6,828.5,478.7,1153.0
10436053,stimulus_Arg_PISACowsMilk_10_page_6,828.4,478.9,1153.0
10436054,stimulus_Arg_PISACowsMilk_10_page_6,828.4,478.8,1154.0
10436055,stimulus_Arg_PISACowsMilk_10_page_6,828.4,478.7,1154.0
10436056,stimulus_Arg_PISACowsMilk_10_page_6,828.5,478.5,1154.0
10436057,stimulus_Arg_PISACowsMilk_10_page_6,828.6,478.5,1152.0
10436058,stimulus_Arg_PISACowsMilk_10_page_6,828.6,478.3,1152.0
10436059,stimulus_Arg_PISACowsMilk_10_page_6,828.5,478.2,1152.0
10436060,stimulus_Arg_PISACowsMilk_10_page_6,828.4,478.2,1152.0
10436061,stimulus_Arg_PISACowsMilk_10_page_6,828.5,478.2,1152.0
10436062,stimulus_Arg_PISACowsMilk_10_page_6,828.6,478.2,1153.0
10436063,stimulus_Arg_PISACowsMilk_10_page_6,828.8,478.1,1152.0
10436064,stimulus_Arg_PISACowsMilk_10_page_6,828.7,478.3,1151.0
10436065,stimulus_Arg_PISACowsMilk_10_page_6,828.9,478.4,1150.0
10436066,stimulus_Arg_PISACowsMilk_10_page_6,829.0,478.6,1150.0
10436067,stimulus_Arg_PISACowsMilk_10_page_6,829.2,478.5,1150.0
10436068,stimulus_Arg_PISACowsMilk_10_page_6,829.3,478.4,1150.0
10436069,stimulus_Arg_PISACowsMilk_10_page_6,829.6,478.5,1150.0
10436070,stimulus_Arg_PISACowsMilk_10_page_6,829.9,478.6,1150.0
10436071,stimulus_Arg_PISACowsMilk_10_page_6,830.0,478.5,1150.0
10436072,stimulus_Arg_PISACowsMilk_10_page_6,829.8,478.4,1149.0
10436073,stimulus_Arg_PISACowsMilk_10_page_6,829.7,478.2,1149.0
10436074,stimulus_Arg_PISACowsMilk_10_page_6,829.5,478.2,1149.0
10436075,stimulus_Arg_PISACowsMilk_10_page_6,829.7,478.3,1150.0
10436076,stimulus_Arg_PISACowsMilk_10_page_6,829.7,478.4,1150.0
10436077,stimulus_Arg_PISACowsMilk_10_page_6,829.8,478.4,1150.0
10436078,stimulus_Arg_PISACowsMilk_10_page_6,829.6,478.3,1150.0
10436079,stimulus_Arg_PISACowsMilk_10_page_6,829.4,478.4,1151.0
10436080,stimulus_Arg_PISACowsMilk_10_page_6,829.1,478.6,1151.0
10436081,stimulus_Arg_PISACowsMilk_10_page_6,829.0,478.7,1151.0
10436082,stimulus_Arg_PISACowsMilk_10_page_6,828.8,478.7,1151.0
10436083,stimulus_Arg_PISACowsMilk_10_page_6,828.7,478.7,1152.0
10436084,stimulus_Arg_PISACowsMilk_10_page_6,828.6,478.6,1152.0
10436085,stimulus_Arg_PISACowsMilk_10_page_6,828.5,478.6,1152.0
10436086,stimulus_Arg_PISACowsMilk_10_page_6,828.6,478.7,1152.0
10436087,stimulus_Arg_PISACowsMilk_10_page_6,828.6,479.0,1151.0
10436088,stimulus_Arg_PISACowsMilk_10_page_6,828.6,479.2,1150.0
10436089,stimulus_Arg_PISACowsMilk_10_page_6,828.7,479.4,1150.0
10436090,stimulus_Arg_PISACowsMilk_10_page_6,828.8,479.2,1150.0
10436091,stimulus_Arg_PISACowsMilk_10_page_6,829.0,479.0,1150.0
10436092,stimulus_Arg_PISACowsMilk_10_page_6,829.1,478.8,1152.0
10436093,stimulus_Arg_PISACowsMilk_10_page_6,829.2,478.7,1153.0
10436094,stimulus_Arg_PISACowsMilk_10_page_6,829.3,478.7,1153.0
10436095,stimulus_Arg_PISACowsMilk_10_page_6,829.3,478.7,1152.0
10436096,stimulus_Arg_PISACowsMilk_10_page_6,829.4,478.8,1152.0
10436097,stimulus_Arg_PISACowsMilk_10_page_6,829.4,479.0,1152.0
10436098,stimulus_Arg_PISACowsMilk_10_page_6,829.2,479.1,1152.0
10436099,stimulus_Arg_PISACowsMilk_10_page_6,829.1,479.1,1153.0
10436100,stimulus_Arg_PISACowsMilk_10_page_6,829.1,479.0,1153.0
10436101,stimulus_Arg_PISACowsMilk_10_page_6,829.1,478.8,1152.0
10436102,stimulus_Arg_PISACowsMilk_10_page_6,829.1,478.4,1151.0
10436103,stimulus_Arg_PISACowsMilk_10_page_6,829.1,478.1,1149.0
10436104,stimulus_Arg_PISACowsMilk_10_page_6,829.2,478.0,1149.0
10436105,stimulus_Arg_PISACowsMilk_10_page_6,829.2,478.5,1149.0
10436106,stimulus_Arg_PISACowsMilk_10_page_6,829.1,479.0,1149.0
10436107,stimulus_Arg_PISACowsMilk_10_page_6,829.1,479.3,1151.0
10436108,stimulus_Arg_PISACowsMilk_10_page_6,829.1,479.2,1152.0
10436109,stimulus_Arg_PISACowsMilk_10_page_6,829.1,479.1,1153.0
10436110,stimulus_Arg_PISACowsMilk_10_page_6,829.0,479.1,1153.0
10436111,stimulus_Arg_PISACowsMilk_10_page_6,828.9,479.1,1153.0
10436112,stimulus_Arg_PISACowsMilk_10_page_6,828.8,479.0,1152.0
10436113,stimulus_Arg_PISACowsMilk_10_page_6,828.9,478.9,1151.0
10436114,stimulus_Arg_PISACowsMilk_10_page_6,829.1,478.8,1150.0
10436115,stimulus_Arg_PISACowsMilk_10_page_6,829.2,478.7,1149.0
10436116,stimulus_Arg_PISACowsMilk_10_page_6,829.2,478.5,1149.0
10436117,stimulus_Arg_PISACowsMilk_10_page_6,829.2,478.3,1149.0
10436118,stimulus_Arg_PISACowsMilk_10_page_6,829.2,478.2,1149.0
10436119,stimulus_Arg_PISACowsMilk_10_page_6,829.2,478.0,1149.0
10436120,stimulus_Arg_PISACowsMilk_10_page_6,829.3,477.8,1150.0
10436121,stimulus_Arg_PISACowsMilk_10_page_6,829.4,477.7,1151.0
10436122,stimulus_Arg_PISACowsMilk_10_page_6,829.5,477.8,1151.0
10436123,stimulus_Arg_PISACowsMilk_10_page_6,829.4,477.8,1150.0
10436124,stimulus_Arg_PISACowsMilk_10_page_6,829.2,478.1,1150.0
10436125,stimulus_Arg_PISACowsMilk_10_page_6,829.1,478.3,1151.0
10436126,stimulus_Arg_PISACowsMilk_10_page_6,829.1,478.7,1151.0
10436127,stimulus_Arg_PISACowsMilk_10_page_6,829.3,478.9,1151.0
10436128,stimulus_Arg_PISACowsMilk_10_page_6,829.4,478.9,1152.0
10436129,stimulus_Arg_PISACowsMilk_10_page_6,829.6,478.6,1153.0
10436130,stimulus_Arg_PISACowsMilk_10_page_6,829.7,478.3,1153.0
10436131,stimulus_Arg_PISACowsMilk_10_page_6,829.7,478.4,1152.0
10436132,stimulus_Arg_PISACowsMilk_10_page_6,829.1,478.4,1152.0
10436133,stimulus_Arg_PISACowsMilk_10_page_6,828.7,477.9,1150.0
10436134,stimulus_Arg_PISACowsMilk_10_page_6,828.2,477.4,1149.0
10436135,stimulus_Arg_PISACowsMilk_10_page_6,828.3,477.0,1149.0
10436136,stimulus_Arg_PISACowsMilk_10_page_6,828.6,477.0,1149.0
10436137,stimulus_Arg_PISACowsMilk_10_page_6,828.9,477.1,1150.0
10436138,stimulus_Arg_PISACowsMilk_10_page_6,829.1,477.2,1150.0
10436139,stimulus_Arg_PISACowsMilk_10_page_6,829.2,477.2,1151.0
10436140,stimulus_Arg_PISACowsMilk_10_page_6,829.1,477.2,1151.0
10436141,stimulus_Arg_PISACowsMilk_10_page_6,829.1,477.1,1151.0
10436142,stimulus_Arg_PISACowsMilk_10_page_6,829.1,477.1,1151.0
10436143,stimulus_Arg_PISACowsMilk_10_page_6,829.1,477.2,1151.0
10436144,stimulus_Arg_PISACowsMilk_10_page_6,829.2,477.6,1150.0
10436145,stimulus_Arg_PISACowsMilk_10_page_6,829.2,478.0,1149.0
10436146,stimulus_Arg_PISACowsMilk_10_page_6,829.2,477.9,1149.0
10436147,stimulus_Arg_PISACowsMilk_10_page_6,829.0,477.5,1149.0
10436148,stimulus_Arg_PISACowsMilk_10_page_6,828.7,477.1,1149.0
10436149,stimulus_Arg_PISACowsMilk_10_page_6,828.4,477.3,1149.0
10436150,stimulus_Arg_PISACowsMilk_10_page_6,828.3,477.4,1149.0
10436151,stimulus_Arg_PISACowsMilk_10_page_6,828.3,477.4,1149.0
10436152,stimulus_Arg_PISACowsMilk_10_page_6,828.3,477.3,1149.0
10436153,stimulus_Arg_PISACowsMilk_10_page_6,828.5,477.3,1150.0
10436154,stimulus_Arg_PISACowsMilk_10_page_6,828.8,477.3,1150.0
10436155,stimulus_Arg_PISACowsMilk_10_page_6,829.0,477.4,1150.0
10436156,stimulus_Arg_PISACowsMilk_10_page_6,829.1,477.5,1150.0
10436157,stimulus_Arg_PISACowsMilk_10_page_6,829.1,477.7,1150.0
10436158,stimulus_Arg_PISACowsMilk_10_page_6,829.1,477.8,1150.0
10436159,stimulus_Arg_PISACowsMilk_10_page_6,829.1,477.9,1150.0
10436160,stimulus_Arg_PISACowsMilk_10_page_6,829.2,477.7,1150.0
10436161,stimulus_Arg_PISACowsMilk_10_page_6,829.1,477.8,1150.0
10436162,stimulus_Arg_PISACowsMilk_10_page_6,829.0,478.0,1150.0
10436163,stimulus_Arg_PISACowsMilk_10_page_6,828.9,478.2,1150.0
10436164,stimulus_Arg_PISACowsMilk_10_page_6,828.6,478.2,1151.0
10436165,stimulus_Arg_PISACowsMilk_10_page_6,828.4,478.2,1151.0
10436166,stimulus_Arg_PISACowsMilk_10_page_6,828.3,478.2,1150.0
10436167,stimulus_Arg_PISACowsMilk_10_page_6,828.2,478.2,1150.0
10436168,stimulus_Arg_PISACowsMilk_10_page_6,828.2,478.1,1150.0
10436169,stimulus_Arg_PISACowsMilk_10_page_6,828.5,478.0,1150.0
10436170,stimulus_Arg_PISACowsMilk_10_page_6,828.9,478.0,1151.0
10436171,stimulus_Arg_PISACowsMilk_10_page_6,829.4,478.0,1152.0
10436172,stimulus_Arg_PISACowsMilk_10_page_6,829.6,478.1,1151.0
10436173,stimulus_Arg_PISACowsMilk_10_page_6,829.7,478.3,1149.0
10436174,stimulus_Arg_PISACowsMilk_10_page_6,829.5,478.6,1148.0
10436175,stimulus_Arg_PISACowsMilk_10_page_6,829.4,478.8,1149.0
10436176,stimulus_Arg_PISACowsMilk_10_page_6,828.9,478.9,1149.0
10436177,stimulus_Arg_PISACowsMilk_10_page_6,828.5,478.8,1149.0
10436178,stimulus_Arg_PISACowsMilk_10_page_6,828.0,478.9,1149.0
10436179,stimulus_Arg_PISACowsMilk_10_page_6,828.0,479.0,1150.0
10436180,stimulus_Arg_PISACowsMilk_10_page_6,828.0,479.2,1150.0
10436181,stimulus_Arg_PISACowsMilk_10_page_6,828.0,479.4,1151.0
10436182,stimulus_Arg_PISACowsMilk_10_page_6,828.1,479.3,1151.0
10436183,stimulus_Arg_PISACowsMilk_10_page_6,828.1,478.8,1151.0
10436184,stimulus_Arg_PISACowsMilk_10_page_6,828.4,478.3,1150.0
10436185,stimulus_Arg_PISACowsMilk_10_page_6,828.6,478.1,1149.0
10436186,stimulus_Arg_PISACowsMilk_10_page_6,828.9,478.3,1150.0
10436187,stimulus_Arg_PISACowsMilk_10_page_6,829.2,478.5,1151.0
10436188,stimulus_Arg_PISACowsMilk_10_page_6,829.5,478.9,1152.0
10436189,stimulus_Arg_PISACowsMilk_10_page_6,829.5,479.2,1152.0
10436190,stimulus_Arg_PISACowsMilk_10_page_6,829.2,479.3,1152.0
10436191,stimulus_Arg_PISACowsMilk_10_page_6,829.0,479.3,1151.0
10436192,stimulus_Arg_PISACowsMilk_10_page_6,829.1,479.2,1151.0
10436193,stimulus_Arg_PISACowsMilk_10_page_6,829.1,479.2,1151.0
10436194,stimulus_Arg_PISACowsMilk_10_page_6,829.2,479.2,1152.0
10436195,stimulus_Arg_PISACowsMilk_10_page_6,829.1,479.3,1152.0
10436196,stimulus_Arg_PISACowsMilk_10_page_6,829.0,479.3,1152.0
10436197,stimulus_Arg_PISACowsMilk_10_page_6,828.9,479.4,1151.0
10436198,stimulus_Arg_PISACowsMilk_10_page_6,829.0,479.3,1150.0
10436199,stimulus_Arg_PISACowsMilk_10_page_6,829.1,479.2,1150.0
10436200,stimulus_Arg_PISACowsMilk_10_page_6,829.0,479.2,1150.0
10436201,stimulus_Arg_PISACowsMilk_10_page_6,828.9,479.4,1150.0
10436202,stimulus_Arg_PISACowsMilk_10_page_6,828.8,479.4,1150.0
10436203,stimulus_Arg_PISACowsMilk_10_page_6,828.8,479.1,1150.0
10436204,stimulus_Arg_PISACowsMilk_10_page_6,828.8,478.8,1150.0
10436205,stimulus_Arg_PISACowsMilk_10_page_6,828.8,478.6,1151.0
10436206,stimulus_Arg_PISACowsMilk_10_page_6,829.1,478.7,1151.0
10436207,stimulus_Arg_PISACowsMilk_10_page_6,829.3,479.1,1151.0
10436208,stimulus_Arg_PISACowsMilk_10_page_6,829.6,479.5,1151.0
10436209,stimulus_Arg_PISACowsMilk_10_page_6,829.6,479.9,1152.0
10436210,stimulus_Arg_PISACowsMilk_10_page_6,829.6,479.9,1152.0
10436211,stimulus_Arg_PISACowsMilk_10_page_6,829.5,480.2,1154.0
10436212,stimulus_Arg_PISACowsMilk_10_page_6,829.4,480.5,1155.0
10436213,stimulus_Arg_PISACowsMilk_10_page_6,829.3,480.8,1156.0
10436214,stimulus_Arg_PISACowsMilk_10_page_6,829.3,480.8,1156.0
10436215,stimulus_Arg_PISACowsMilk_10_page_6,829.4,480.8,1155.0
10436216,stimulus_Arg_PISACowsMilk_10_page_6,829.3,481.0,1154.0
10436217,stimulus_Arg_PISACowsMilk_10_page_6,829.3,481.4,1154.0
10436218,stimulus_Arg_PISACowsMilk_10_page_6,829.2,481.8,1155.0
10436219,stimulus_Arg_PISACowsMilk_10_page_6,829.2,481.9,1155.0
10436220,stimulus_Arg_PISACowsMilk_10_page_6,829.3,481.9,1156.0
10436221,stimulus_Arg_PISACowsMilk_10_page_6,829.4,481.8,1156.0
10436222,stimulus_Arg_PISACowsMilk_10_page_6,829.4,481.8,1156.0
10436223,stimulus_Arg_PISACowsMilk_10_page_6,829.7,481.7,1157.0
10436224,stimulus_Arg_PISACowsMilk_10_page_6,830.0,481.7,1158.0
10436225,stimulus_Arg_PISACowsMilk_10_page_6,830.4,482.0,1158.0
10436226,stimulus_Arg_PISACowsMilk_10_page_6,830.4,482.4,1159.0
10436227,stimulus_Arg_PISACowsMilk_10_page_6,830.4,482.8,1159.0
10436228,stimulus_Arg_PISACowsMilk_10_page_6,830.5,482.8,1158.0
10436229,stimulus_Arg_PISACowsMilk_10_page_6,830.6,483.0,1157.0
10436230,stimulus_Arg_PISACowsMilk_10_page_6,830.7,483.0,1156.0
10436231,stimulus_Arg_PISACowsMilk_10_page_6,830.8,483.0,1156.0
10436232,stimulus_Arg_PISACowsMilk_10_page_6,830.8,483.0,1156.0
10436233,stimulus_Arg_PISACowsMilk_10_page_6,830.8,482.9,1156.0
10436234,stimulus_Arg_PISACowsMilk_10_page_6,830.7,482.9,1156.0
10436235,stimulus_Arg_PISACowsMilk_10_page_6,830.7,482.8,1157.0
10436236,stimulus_Arg_PISACowsMilk_10_page_6,830.7,482.7,1157.0
10436237,stimulus_Arg_PISACowsMilk_10_page_6,830.6,482.8,1157.0
10436238,stimulus_Arg_PISACowsMilk_10_page_6,830.7,482.9,1159.0
10436239,stimulus_Arg_PISACowsMilk_10_page_6,830.9,483.1,1160.0
10436240,stimulus_Arg_PISACowsMilk_10_page_6,831.0,483.5,1161.0
10436241,stimulus_Arg_PISACowsMilk_10_page_6,831.0,483.7,1161.0
10436242,stimulus_Arg_PISACowsMilk_10_page_6,831.1,483.9,1161.0
10436243,stimulus_Arg_PISACowsMilk_10_page_6,831.1,483.9,1161.0
10436244,stimulus_Arg_PISACowsMilk_10_page_6,831.2,484.2,1160.0
10436245,stimulus_Arg_PISACowsMilk_10_page_6,831.3,484.4,1159.0
10436246,stimulus_Arg_PISACowsMilk_10_page_6,831.3,484.7,1159.0
10436247,stimulus_Arg_PISACowsMilk_10_page_6,831.3,484.7,1160.0
10436248,stimulus_Arg_PISACowsMilk_10_page_6,831.3,484.7,1161.0
10436249,stimulus_Arg_PISACowsMilk_10_page_6,831.3,484.8,1162.0
10436250,stimulus_Arg_PISACowsMilk_10_page_6,831.3,484.8,1163.0
10436251,stimulus_Arg_PISACowsMilk_10_page_6,831.2,484.9,1163.0
10436252,stimulus_Arg_PISACowsMilk_10_page_6,831.0,484.6,1163.0
10436253,stimulus_Arg_PISACowsMilk_10_page_6,830.9,484.4,1163.0
10436254,stimulus_Arg_PISACowsMilk_10_page_6,831.2,484.3,1163.0
10436255,stimulus_Arg_PISACowsMilk_10_page_6,831.7,484.4,1164.0
10436256,stimulus_Arg_PISACowsMilk_10_page_6,832.1,484.6,1164.0
10436257,stimulus_Arg_PISACowsMilk_10_page_6,832.3,484.7,1164.0
10436258,stimulus_Arg_PISACowsMilk_10_page_6,832.3,484.8,1163.0
10436259,stimulus_Arg_PISACowsMilk_10_page_6,832.2,484.8,1162.0
10436260,stimulus_Arg_PISACowsMilk_10_page_6,832.0,484.8,1161.0
10436261,stimulus_Arg_PISACowsMilk_10_page_6,831.8,484.8,1162.0
10436262,stimulus_Arg_PISACowsMilk_10_page_6,831.6,484.8,1163.0
10436263,stimulus_Arg_PISACowsMilk_10_page_6,831.7,485.1,1164.0
10436264,stimulus_Arg_PISACowsMilk_10_page_6,831.8,485.4,1164.0
10436265,stimulus_Arg_PISACowsMilk_10_page_6,831.9,485.7,1163.0
10436266,stimulus_Arg_PISACowsMilk_10_page_6,832.0,485.7,1162.0
10436267,stimulus_Arg_PISACowsMilk_10_page_6,831.9,485.7,1161.0
10436268,stimulus_Arg_PISACowsMilk_10_page_6,831.8,485.6,1160.0
10436269,stimulus_Arg_PISACowsMilk_10_page_6,831.7,485.5,1161.0
10436270,stimulus_Arg_PISACowsMilk_10_page_6,831.7,485.4,1164.0
10436271,stimulus_Arg_PISACowsMilk_10_page_6,831.6,485.4,1164.0
10436272,stimulus_Arg_PISACowsMilk_10_page_6,831.5,485.5,1163.0
10436273,stimulus_Arg_PISACowsMilk_10_page_6,831.4,485.4,1162.0
10436274,stimulus_Arg_PISACowsMilk_10_page_6,831.5,485.3,1161.0
10436275,stimulus_Arg_PISACowsMilk_10_page_6,831.6,485.2,1161.0
10436276,stimulus_Arg_PISACowsMilk_10_page_6,831.6,485.1,1160.0
10436277,stimulus_Arg_PISACowsMilk_10_page_6,831.6,485.1,1159.0
10436278,stimulus_Arg_PISACowsMilk_10_page_6,831.6,485.0,1159.0
10436279,stimulus_Arg_PISACowsMilk_10_page_6,831.4,484.8,1160.0
10436280,stimulus_Arg_PISACowsMilk_10_page_6,831.2,484.5,1162.0
10436281,stimulus_Arg_PISACowsMilk_10_page_6,831.1,484.1,1163.0
10436282,stimulus_Arg_PISACowsMilk_10_page_6,831.1,483.9,1163.0
10436283,stimulus_Arg_PISACowsMilk_10_page_6,830.9,484.0,1162.0
10436284,stimulus_Arg_PISACowsMilk_10_page_6,830.6,484.1,1161.0
10436285,stimulus_Arg_PISACowsMilk_10_page_6,830.3,484.3,1159.0
10436286,stimulus_Arg_PISACowsMilk_10_page_6,830.2,484.4,1159.0
10436287,stimulus_Arg_PISACowsMilk_10_page_6,830.4,484.1,1159.0
10436288,stimulus_Arg_PISACowsMilk_10_page_6,830.5,483.7,1159.0
10436289,stimulus_Arg_PISACowsMilk_10_page_6,830.6,483.4,1158.0
10436290,stimulus_Arg_PISACowsMilk_10_page_6,830.5,483.6,1158.0
10436291,stimulus_Arg_PISACowsMilk_10_page_6,830.5,483.4,1158.0
10436292,stimulus_Arg_PISACowsMilk_10_page_6,830.6,483.1,1158.0
10436293,stimulus_Arg_PISACowsMilk_10_page_6,830.6,483.0,1158.0
10436294,stimulus_Arg_PISACowsMilk_10_page_6,830.8,483.3,1158.0
10436295,stimulus_Arg_PISACowsMilk_10_page_6,831.0,483.6,1158.0
10436296,stimulus_Arg_PISACowsMilk_10_page_6,831.2,483.7,1158.0
10436297,stimulus_Arg_PISACowsMilk_10_page_6,831.3,483.8,1157.0
10436298,stimulus_Arg_PISACowsMilk_10_page_6,831.3,483.9,1157.0
10436299,stimulus_Arg_PISACowsMilk_10_page_6,831.3,484.0,1157.0
10436300,stimulus_Arg_PISACowsMilk_10_page_6,831.2,484.2,1158.0
10436301,stimulus_Arg_PISACowsMilk_10_page_6,830.9,484.3,1157.0
10436302,stimulus_Arg_PISACowsMilk_10_page_6,830.7,484.3,1156.0
10436303,stimulus_Arg_PISACowsMilk_10_page_6,830.6,484.1,1155.0
10436304,stimulus_Arg_PISACowsMilk_10_page_6,830.5,483.9,1155.0
10436305,stimulus_Arg_PISACowsMilk_10_page_6,830.5,483.7,1154.0
10436306,stimulus_Arg_PISACowsMilk_10_page_6,830.4,483.4,1154.0
10436307,stimulus_Arg_PISACowsMilk_10_page_6,830.6,483.0,1155.0
10436308,stimulus_Arg_PISACowsMilk_10_page_6,830.9,482.7,1155.0
10436309,stimulus_Arg_PISACowsMilk_10_page_6,831.2,482.6,1155.0
10436310,stimulus_Arg_PISACowsMilk_10_page_6,831.3,482.5,1154.0
10436311,stimulus_Arg_PISACowsMilk_10_page_6,831.4,482.4,1152.0
10436312,stimulus_Arg_PISACowsMilk_10_page_6,831.4,482.4,1151.0
10436313,stimulus_Arg_PISACowsMilk_10_page_6,831.2,482.3,1151.0
10436314,stimulus_Arg_PISACowsMilk_10_page_6,831.1,482.2,1151.0
10436315,stimulus_Arg_PISACowsMilk_10_page_6,830.9,482.0,1152.0
10436316,stimulus_Arg_PISACowsMilk_10_page_6,830.9,482.0,1152.0
10436317,stimulus_Arg_PISACowsMilk_10_page_6,830.8,482.0,1152.0
10436318,stimulus_Arg_PISACowsMilk_10_page_6,830.9,482.0,1153.0
10436319,stimulus_Arg_PISACowsMilk_10_page_6,831.2,482.1,1153.0
10436320,stimulus_Arg_PISACowsMilk_10_page_6,831.4,482.3,1153.0
10436321,stimulus_Arg_PISACowsMilk_10_page_6,831.5,482.4,1153.0
10436322,stimulus_Arg_PISACowsMilk_10_page_6,831.7,482.4,1153.0
10436323,stimulus_Arg_PISACowsMilk_10_page_6,831.9,482.5,1152.0
10436324,stimulus_Arg_PISACowsMilk_10_page_6,832.1,482.7,1152.0
10436325,stimulus_Arg_PISACowsMilk_10_page_6,832.1,483.2,1151.0
10436326,stimulus_Arg_PISACowsMilk_10_page_6,832.2,483.7,1151.0
10436327,stimulus_Arg_PISACowsMilk_10_page_6,832.1,484.0,1151.0
10436328,stimulus_Arg_PISACowsMilk_10_page_6,832.0,484.0,1152.0
10436329,stimulus_Arg_PISACowsMilk_10_page_6,831.8,483.7,1153.0
10436330,stimulus_Arg_PISACowsMilk_10_page_6,831.8,483.3,1154.0
10436331,stimulus_Arg_PISACowsMilk_10_page_6,831.8,483.0,1153.0
10436332,stimulus_Arg_PISACowsMilk_10_page_6,831.9,483.4,1153.0
10436333,stimulus_Arg_PISACowsMilk_10_page_6,832.0,483.7,1153.0
10436334,stimulus_Arg_PISACowsMilk_10_page_6,832.2,483.9,1153.0
10436335,stimulus_Arg_PISACowsMilk_10_page_6,832.3,484.0,1153.0
10436336,stimulus_Arg_PISACowsMilk_10_page_6,832.3,484.0,1152.0
10436337,stimulus_Arg_PISACowsMilk_10_page_6,832.3,484.0,1152.0
10436338,stimulus_Arg_PISACowsMilk_10_page_6,832.2,483.9,1152.0
10436339,stimulus_Arg_PISACowsMilk_10_page_6,832.4,483.8,1152.0
10436340,stimulus_Arg_PISACowsMilk_10_page_6,832.6,483.9,1152.0
10436341,stimulus_Arg_PISACowsMilk_10_page_6,832.7,483.9,1153.0
10436342,stimulus_Arg_PISACowsMilk_10_page_6,832.8,483.8,1153.0
10436343,stimulus_Arg_PISACowsMilk_10_page_6,832.8,483.6,1153.0
10436344,stimulus_Arg_PISACowsMilk_10_page_6,832.9,483.3,1153.0
10436345,stimulus_Arg_PISACowsMilk_10_page_6,832.9,483.8,1153.0
10436346,stimulus_Arg_PISACowsMilk_10_page_6,832.9,484.2,1153.0
10436347,stimulus_Arg_PISACowsMilk_10_page_6,832.8,484.6,1154.0
10436348,stimulus_Arg_PISACowsMilk_10_page_6,832.6,484.4,1154.0
10436349,stimulus_Arg_PISACowsMilk_10_page_6,832.4,484.2,1154.0
10436350,stimulus_Arg_PISACowsMilk_10_page_6,832.5,484.0,1154.0
10436351,stimulus_Arg_PISACowsMilk_10_page_6,832.7,483.9,1153.0
10436352,stimulus_Arg_PISACowsMilk_10_page_6,833.0,483.8,1153.0
10436353,stimulus_Arg_PISACowsMilk_10_page_6,833.0,483.7,1153.0
10436354,stimulus_Arg_PISACowsMilk_10_page_6,833.0,483.8,1152.0
10436355,stimulus_Arg_PISACowsMilk_10_page_6,833.0,483.8,1152.0
10436356,stimulus_Arg_PISACowsMilk_10_page_6,833.0,483.8,1152.0
10436357,stimulus_Arg_PISACowsMilk_10_page_6,832.9,483.8,1151.0
10436358,stimulus_Arg_PISACowsMilk_10_page_6,832.8,483.8,1150.0
10436359,stimulus_Arg_PISACowsMilk_10_page_6,832.8,483.8,1150.0
10436360,stimulus_Arg_PISACowsMilk_10_page_6,832.9,483.9,1151.0
10436361,stimulus_Arg_PISACowsMilk_10_page_6,832.9,484.0,1152.0
10436362,stimulus_Arg_PISACowsMilk_10_page_6,832.9,484.1,1152.0
10436363,stimulus_Arg_PISACowsMilk_10_page_6,832.9,484.2,1151.0
10436364,stimulus_Arg_PISACowsMilk_10_page_6,832.7,484.1,1150.0
10436365,stimulus_Arg_PISACowsMilk_10_page_6,832.5,483.8,1150.0
10436366,stimulus_Arg_PISACowsMilk_10_page_6,832.3,483.3,1150.0
10436367,stimulus_Arg_PISACowsMilk_10_page_6,832.3,483.2,1150.0
10436368,stimulus_Arg_PISACowsMilk_10_page_6,832.3,483.4,1149.0
10436369,stimulus_Arg_PISACowsMilk_10_page_6,832.3,483.9,1150.0
10436370,stimulus_Arg_PISACowsMilk_10_page_6,832.4,484.3,1150.0
10436371,stimulus_Arg_PISACowsMilk_10_page_6,832.4,484.4,1150.0
10436372,stimulus_Arg_PISACowsMilk_10_page_6,832.5,484.5,1150.0
10436373,stimulus_Arg_PISACowsMilk_10_page_6,832.6,484.7,1150.0
10436374,stimulus_Arg_PISACowsMilk_10_page_6,832.6,484.9,1150.0
10436375,stimulus_Arg_PISACowsMilk_10_page_6,832.7,484.7,1150.0
10436376,stimulus_Arg_PISACowsMilk_10_page_6,832.7,484.2,1150.0
10436377,stimulus_Arg_PISACowsMilk_10_page_6,832.5,483.8,1150.0
10436378,stimulus_Arg_PISACowsMilk_10_page_6,832.2,483.8,1150.0
10436379,stimulus_Arg_PISACowsMilk_10_page_6,832.0,483.8,1150.0
10436380,stimulus_Arg_PISACowsMilk_10_page_6,831.9,483.8,1150.0
10436381,stimulus_Arg_PISACowsMilk_10_page_6,831.9,483.6,1150.0
10436382,stimulus_Arg_PISACowsMilk_10_page_6,831.9,483.9,1150.0
10436383,stimulus_Arg_PISACowsMilk_10_page_6,831.7,484.2,1150.0
10436384,stimulus_Arg_PISACowsMilk_10_page_6,831.5,484.4,1150.0
10436385,stimulus_Arg_PISACowsMilk_10_page_6,831.6,484.2,1150.0
10436386,stimulus_Arg_PISACowsMilk_10_page_6,831.9,483.9,1150.0
10436387,stimulus_Arg_PISACowsMilk_10_page_6,832.2,484.0,1149.0
10436388,stimulus_Arg_PISACowsMilk_10_page_6,832.4,484.1,1149.0
10436389,stimulus_Arg_PISACowsMilk_10_page_6,832.4,484.2,1149.0
10436390,stimulus_Arg_PISACowsMilk_10_page_6,832.5,484.3,1149.0
10436391,stimulus_Arg_PISACowsMilk_10_page_6,832.3,484.2,1149.0
10436392,stimulus_Arg_PISACowsMilk_10_page_6,832.2,484.1,1149.0
10436393,stimulus_Arg_PISACowsMilk_10_page_6,832.3,483.8,1149.0
10436394,stimulus_Arg_PISACowsMilk_10_page_6,832.5,483.7,1149.0
10436395,stimulus_Arg_PISACowsMilk_10_page_6,832.7,483.7,1150.0
10436396,stimulus_Arg_PISACowsMilk_10_page_6,832.7,483.7,1149.0
10436397,stimulus_Arg_PISACowsMilk_10_page_6,832.7,483.7,1148.0
10436398,stimulus_Arg_PISACowsMilk_10_page_6,832.6,483.8,1148.0
10436399,stimulus_Arg_PISACowsMilk_10_page_6,832.5,483.9,1149.0
10436400,stimulus_Arg_PISACowsMilk_10_page_6,832.6,483.8,1149.0
10436401,stimulus_Arg_PISACowsMilk_10_page_6,832.6,483.5,1149.0
10436402,stimulus_Arg_PISACowsMilk_10_page_6,832.7,483.4,1149.0
10436403,stimulus_Arg_PISACowsMilk_10_page_6,832.7,483.7,1149.0
10436404,stimulus_Arg_PISACowsMilk_10_page_6,832.6,484.0,1149.0
10436405,stimulus_Arg_PISACowsMilk_10_page_6,832.5,484.2,1149.0
10436406,stimulus_Arg_PISACowsMilk_10_page_6,832.6,484.2,1149.0
10436407,stimulus_Arg_PISACowsMilk_10_page_6,832.7,483.9,1149.0
10436408,stimulus_Arg_PISACowsMilk_10_page_6,832.8,483.4,1150.0
10436409,stimulus_Arg_PISACowsMilk_10_page_6,832.8,483.3,1150.0
10436410,stimulus_Arg_PISACowsMilk_10_page_6,832.9,483.6,1150.0
10436411,stimulus_Arg_PISACowsMilk_10_page_6,832.9,484.1,1150.0
10436412,stimulus_Arg_PISACowsMilk_10_page_6,833.0,484.1,1150.0
10436413,stimulus_Arg_PISACowsMilk_10_page_6,833.1,484.2,1150.0
10436414,stimulus_Arg_PISACowsMilk_10_page_6,833.1,484.1,1150.0
10436415,stimulus_Arg_PISACowsMilk_10_page_6,833.2,484.2,1150.0
10436416,stimulus_Arg_PISACowsMilk_10_page_6,833.2,484.4,1149.0
10436417,stimulus_Arg_PISACowsMilk_10_page_6,833.2,484.4,1148.0
10436418,stimulus_Arg_PISACowsMilk_10_page_6,833.2,484.4,1148.0
10436419,stimulus_Arg_PISACowsMilk_10_page_6,832.9,484.6,1149.0
10436420,stimulus_Arg_PISACowsMilk_10_page_6,832.6,484.9,1150.0
10436421,stimulus_Arg_PISACowsMilk_10_page_6,832.4,484.9,1150.0
10436422,stimulus_Arg_PISACowsMilk_10_page_6,832.5,484.7,1150.0
10436423,stimulus_Arg_PISACowsMilk_10_page_6,832.7,484.5,1149.0
10436424,stimulus_Arg_PISACowsMilk_10_page_6,832.7,484.4,1149.0
10436425,stimulus_Arg_PISACowsMilk_10_page_6,832.8,484.4,1149.0
10436426,stimulus_Arg_PISACowsMilk_10_page_6,832.9,484.4,1150.0
10436427,stimulus_Arg_PISACowsMilk_10_page_6,833.0,484.5,1150.0
10436428,stimulus_Arg_PISACowsMilk_10_page_6,833.0,484.5,1150.0
10436429,stimulus_Arg_PISACowsMilk_10_page_6,832.9,484.7,1150.0
10436430,stimulus_Arg_PISACowsMilk_10_page_6,832.9,484.8,1150.0
10436431,stimulus_Arg_PISACowsMilk_10_page_6,832.9,484.8,1151.0
10436432,stimulus_Arg_PISACowsMilk_10_page_6,832.9,484.8,1151.0
10436433,stimulus_Arg_PISACowsMilk_10_page_6,832.9,484.8,1150.0
10436434,stimulus_Arg_PISACowsMilk_10_page_6,833.1,484.8,1150.0
10436435,stimulus_Arg_PISACowsMilk_10_page_6,833.2,484.7,1149.0
10436436,stimulus_Arg_PISACowsMilk_10_page_6,833.3,484.5,1149.0
10436437,stimulus_Arg_PISACowsMilk_10_page_6,833.4,484.4,1150.0
10436438,stimulus_Arg_PISACowsMilk_10_page_6,833.4,484.5,1150.0
10436439,stimulus_Arg_PISACowsMilk_10_page_6,833.4,484.6,1150.0
10436440,stimulus_Arg_PISACowsMilk_10_page_6,833.5,484.6,1150.0
10436441,stimulus_Arg_PISACowsMilk_10_page_6,833.5,484.6,1150.0
10436442,stimulus_Arg_PISACowsMilk_10_page_6,833.6,484.4,1149.0
10436443,stimulus_Arg_PISACowsMilk_10_page_6,833.6,484.0,1149.0
10436444,stimulus_Arg_PISACowsMilk_10_page_6,833.2,483.7,1148.0
10436445,stimulus_Arg_PISACowsMilk_10_page_6,832.7,483.5,1147.0
10436446,stimulus_Arg_PISACowsMilk_10_page_6,832.3,483.5,1147.0
10436447,stimulus_Arg_PISACowsMilk_10_page_6,832.3,483.6,1146.0
10436448,stimulus_Arg_PISACowsMilk_10_page_6,832.4,483.7,1146.0
10436449,stimulus_Arg_PISACowsMilk_10_page_6,832.6,483.9,1145.0
10436450,stimulus_Arg_PISACowsMilk_10_page_6,832.7,484.0,1146.0
10436451,stimulus_Arg_PISACowsMilk_10_page_6,832.8,484.0,1146.0
10436452,stimulus_Arg_PISACowsMilk_10_page_6,832.9,484.0,1147.0
10436453,stimulus_Arg_PISACowsMilk_10_page_6,832.9,484.0,1147.0
10436454,stimulus_Arg_PISACowsMilk_10_page_6,832.8,484.0,1147.0
10436455,stimulus_Arg_PISACowsMilk_10_page_6,832.5,484.1,1147.0
10436456,stimulus_Arg_PISACowsMilk_10_page_6,832.3,484.3,1147.0
10436457,stimulus_Arg_PISACowsMilk_10_page_6,832.3,484.6,1148.0
10436458,stimulus_Arg_PISACowsMilk_10_page_6,832.4,484.9,1149.0
10436459,stimulus_Arg_PISACowsMilk_10_page_6,832.5,484.9,1148.0
10436460,stimulus_Arg_PISACowsMilk_10_page_6,832.5,485.0,1148.0
10436461,stimulus_Arg_PISACowsMilk_10_page_6,832.5,485.1,1148.0
10436462,stimulus_Arg_PISACowsMilk_10_page_6,832.6,485.2,1149.0
10436463,stimulus_Arg_PISACowsMilk_10_page_6,832.8,485.3,1150.0
10436464,stimulus_Arg_PISACowsMilk_10_page_6,833.1,485.3,1149.0
10436465,stimulus_Arg_PISACowsMilk_10_page_6,833.0,485.4,1147.0
10436466,stimulus_Arg_PISACowsMilk_10_page_6,833.0,485.5,1145.0
10436467,stimulus_Arg_PISACowsMilk_10_page_6,832.8,485.4,1146.0
10436468,stimulus_Arg_PISACowsMilk_10_page_6,832.5,485.2,1148.0
10436469,stimulus_Arg_PISACowsMilk_10_page_6,832.0,484.7,1150.0
10436470,stimulus_Arg_PISACowsMilk_10_page_6,831.9,484.3,1151.0
10436471,stimulus_Arg_PISACowsMilk_10_page_6,832.0,483.8,1150.0
10436472,stimulus_Arg_PISACowsMilk_10_page_6,832.3,483.8,1150.0
10436473,stimulus_Arg_PISACowsMilk_10_page_6,832.7,484.4,1149.0
10436474,stimulus_Arg_PISACowsMilk_10_page_6,832.7,484.9,1149.0
10436475,stimulus_Arg_PISACowsMilk_10_page_6,832.5,485.2,1148.0
10436476,stimulus_Arg_PISACowsMilk_10_page_6,832.3,485.3,1148.0
10436477,stimulus_Arg_PISACowsMilk_10_page_6,832.2,485.4,1148.0
10436478,stimulus_Arg_PISACowsMilk_10_page_6,832.2,485.4,1148.0
10436479,stimulus_Arg_PISACowsMilk_10_page_6,832.2,485.3,1148.0
10436480,stimulus_Arg_PISACowsMilk_10_page_6,832.2,485.3,1147.0
10436481,stimulus_Arg_PISACowsMilk_10_page_6,832.1,485.3,1147.0
10436482,stimulus_Arg_PISACowsMilk_10_page_6,832.0,485.3,1147.0
10436483,stimulus_Arg_PISACowsMilk_10_page_6,831.8,485.2,1147.0
10436484,stimulus_Arg_PISACowsMilk_10_page_6,831.8,485.2,1147.0
10436485,stimulus_Arg_PISACowsMilk_10_page_6,831.8,485.2,1146.0
10436486,stimulus_Arg_PISACowsMilk_10_page_6,832.0,485.6,1146.0
10436487,stimulus_Arg_PISACowsMilk_10_page_6,832.2,485.9,1147.0
10436488,stimulus_Arg_PISACowsMilk_10_page_6,832.5,486.0,1149.0
10436489,stimulus_Arg_PISACowsMilk_10_page_6,832.6,485.9,1150.0
10436490,stimulus_Arg_PISACowsMilk_10_page_6,832.7,485.8,1150.0
10436491,stimulus_Arg_PISACowsMilk_10_page_6,832.8,486.0,1150.0
10436492,stimulus_Arg_PISACowsMilk_10_page_6,832.8,486.1,1150.0
10436493,stimulus_Arg_PISACowsMilk_10_page_6,832.8,486.1,1150.0
10436494,stimulus_Arg_PISACowsMilk_10_page_6,832.7,485.9,1151.0
10436495,stimulus_Arg_PISACowsMilk_10_page_6,832.5,485.5,1151.0
10436496,stimulus_Arg_PISACowsMilk_10_page_6,832.3,485.0,1151.0
10436497,stimulus_Arg_PISACowsMilk_10_page_6,832.2,484.8,1150.0
10436498,stimulus_Arg_PISACowsMilk_10_page_6,832.2,484.9,1150.0
10436499,stimulus_Arg_PISACowsMilk_10_page_6,832.4,485.1,1150.0
10436500,stimulus_Arg_PISACowsMilk_10_page_6,832.6,485.3,1150.0
10436501,stimulus_Arg_PISACowsMilk_10_page_6,832.7,484.9,1150.0
10436502,stimulus_Arg_PISACowsMilk_10_page_6,832.1,484.4,1150.0
10436503,stimulus_Arg_PISACowsMilk_10_page_6,831.3,483.9,1149.0
10436504,stimulus_Arg_PISACowsMilk_10_page_6,829.9,483.9,1148.0
10436505,stimulus_Arg_PISACowsMilk_10_page_6,828.6,484.0,1147.0
10436506,stimulus_Arg_PISACowsMilk_10_page_6,826.9,484.4,1147.0
10436507,stimulus_Arg_PISACowsMilk_10_page_6,825.0,485.1,1148.0
10436508,stimulus_Arg_PISACowsMilk_10_page_6,822.3,485.7,1148.0
10436509,stimulus_Arg_PISACowsMilk_10_page_6,818.5,485.8,1148.0
10436510,stimulus_Arg_PISACowsMilk_10_page_6,814.4,484.9,1150.0
10436511,stimulus_Arg_PISACowsMilk_10_page_6,810.5,483.9,1152.0
10436512,stimulus_Arg_PISACowsMilk_10_page_6,807.2,483.0,1155.0
10436513,stimulus_Arg_PISACowsMilk_10_page_6,804.4,482.2,1156.0
10436514,stimulus_Arg_PISACowsMilk_10_page_6,802.0,481.1,1154.0
10436515,stimulus_Arg_PISACowsMilk_10_page_6,799.7,480.1,1151.0
10436516,stimulus_Arg_PISACowsMilk_10_page_6,797.0,479.7,1147.0
10436517,stimulus_Arg_PISACowsMilk_10_page_6,795.2,479.5,1147.0
10436518,stimulus_Arg_PISACowsMilk_10_page_6,794.1,479.0,1146.0
10436519,stimulus_Arg_PISACowsMilk_10_page_6,794.0,478.5,1146.0
10436520,stimulus_Arg_PISACowsMilk_10_page_6,793.9,478.2,1146.0
10436521,stimulus_Arg_PISACowsMilk_10_page_6,794.0,478.4,1146.0
10436522,stimulus_Arg_PISACowsMilk_10_page_6,795.0,478.7,1146.0
10436523,stimulus_Arg_PISACowsMilk_10_page_6,796.3,478.7,1146.0
10436524,stimulus_Arg_PISACowsMilk_10_page_6,797.9,478.7,1146.0
10436525,stimulus_Arg_PISACowsMilk_10_page_6,799.2,478.5,1146.0
10436526,stimulus_Arg_PISACowsMilk_10_page_6,800.5,478.2,1145.0
10436527,stimulus_Arg_PISACowsMilk_10_page_6,802.0,477.8,1145.0
10436528,stimulus_Arg_PISACowsMilk_10_page_6,803.2,477.8,1145.0
10436529,stimulus_Arg_PISACowsMilk_10_page_6,804.2,477.9,1146.0
10436530,stimulus_Arg_PISACowsMilk_10_page_6,805.0,477.9,1147.0
10436531,stimulus_Arg_PISACowsMilk_10_page_6,805.5,478.0,1148.0
10436532,stimulus_Arg_PISACowsMilk_10_page_6,805.9,478.2,1147.0
10436533,stimulus_Arg_PISACowsMilk_10_page_6,806.0,478.4,1146.0
10436534,stimulus_Arg_PISACowsMilk_10_page_6,806.0,478.6,1146.0
10436535,stimulus_Arg_PISACowsMilk_10_page_6,805.8,478.6,1147.0
10436536,stimulus_Arg_PISACowsMilk_10_page_6,805.6,478.5,1148.0
10436537,stimulus_Arg_PISACowsMilk_10_page_6,805.3,478.9,1149.0
10436538,stimulus_Arg_PISACowsMilk_10_page_6,805.1,479.3,1150.0
10436539,stimulus_Arg_PISACowsMilk_10_page_6,805.0,479.7,1151.0
10436540,stimulus_Arg_PISACowsMilk_10_page_6,805.0,480.1,1151.0
10436541,stimulus_Arg_PISACowsMilk_10_page_6,805.1,480.3,1152.0
10436542,stimulus_Arg_PISACowsMilk_10_page_6,805.1,480.5,1151.0
10436543,stimulus_Arg_PISACowsMilk_10_page_6,804.9,480.5,1152.0
10436544,stimulus_Arg_PISACowsMilk_10_page_6,804.5,480.5,1152.0
10436545,stimulus_Arg_PISACowsMilk_10_page_6,804.3,480.7,1152.0
10436546,stimulus_Arg_PISACowsMilk_10_page_6,804.3,481.0,1152.0
10436547,stimulus_Arg_PISACowsMilk_10_page_6,804.4,481.1,1152.0
10436548,stimulus_Arg_PISACowsMilk_10_page_6,804.4,480.8,1152.0
10436549,stimulus_Arg_PISACowsMilk_10_page_6,804.4,480.4,1153.0
10436550,stimulus_Arg_PISACowsMilk_10_page_6,804.4,480.4,1154.0
10436551,stimulus_Arg_PISACowsMilk_10_page_6,804.4,480.6,1154.0
10436552,stimulus_Arg_PISACowsMilk_10_page_6,804.4,480.6,1154.0
10436553,stimulus_Arg_PISACowsMilk_10_page_6,804.3,480.4,1154.0
10436554,stimulus_Arg_PISACowsMilk_10_page_6,804.3,480.6,1154.0
10436555,stimulus_Arg_PISACowsMilk_10_page_6,804.3,481.0,1153.0
10436556,stimulus_Arg_PISACowsMilk_10_page_6,804.3,481.4,1151.0
10436557,stimulus_Arg_PISACowsMilk_10_page_6,804.3,481.2,1150.0
10436558,stimulus_Arg_PISACowsMilk_10_page_6,804.3,481.1,1151.0
10436559,stimulus_Arg_PISACowsMilk_10_page_6,804.3,481.1,1153.0
10436560,stimulus_Arg_PISACowsMilk_10_page_6,804.3,481.1,1154.0
10436561,stimulus_Arg_PISACowsMilk_10_page_6,804.3,481.1,1155.0
10436562,stimulus_Arg_PISACowsMilk_10_page_6,804.2,481.0,1155.0
10436563,stimulus_Arg_PISACowsMilk_10_page_6,804.1,481.0,1155.0
10436564,stimulus_Arg_PISACowsMilk_10_page_6,803.9,480.9,1155.0
10436565,stimulus_Arg_PISACowsMilk_10_page_6,803.9,480.7,1156.0
10436566,stimulus_Arg_PISACowsMilk_10_page_6,803.8,480.6,1155.0
10436567,stimulus_Arg_PISACowsMilk_10_page_6,803.8,480.5,1154.0
10436568,stimulus_Arg_PISACowsMilk_10_page_6,803.9,480.7,1153.0
10436569,stimulus_Arg_PISACowsMilk_10_page_6,804.0,480.5,1153.0
10436570,stimulus_Arg_PISACowsMilk_10_page_6,803.9,480.3,1154.0
10436571,stimulus_Arg_PISACowsMilk_10_page_6,803.7,480.0,1155.0
10436572,stimulus_Arg_PISACowsMilk_10_page_6,803.4,480.8,1155.0
10436573,stimulus_Arg_PISACowsMilk_10_page_6,803.4,481.4,1156.0
10436574,stimulus_Arg_PISACowsMilk_10_page_6,803.3,481.7,1156.0
10436575,stimulus_Arg_PISACowsMilk_10_page_6,803.4,481.3,1156.0
10436576,stimulus_Arg_PISACowsMilk_10_page_6,803.6,481.1,1157.0
10436577,stimulus_Arg_PISACowsMilk_10_page_6,804.0,481.0,1159.0
10436578,stimulus_Arg_PISACowsMilk_10_page_6,804.4,481.0,1161.0
10436579,stimulus_Arg_PISACowsMilk_10_page_6,804.5,481.0,1161.0
10436580,stimulus_Arg_PISACowsMilk_10_page_6,804.6,481.0,1161.0
10436581,stimulus_Arg_PISACowsMilk_10_page_6,804.4,481.3,1160.0
10436582,stimulus_Arg_PISACowsMilk_10_page_6,804.1,481.5,1159.0
10436583,stimulus_Arg_PISACowsMilk_10_page_6,803.9,481.8,1159.0
10436584,stimulus_Arg_PISACowsMilk_10_page_6,804.0,481.7,1158.0
10436585,stimulus_Arg_PISACowsMilk_10_page_6,804.0,481.6,1158.0
10436586,stimulus_Arg_PISACowsMilk_10_page_6,804.0,481.4,1158.0
10436587,stimulus_Arg_PISACowsMilk_10_page_6,804.0,481.5,1158.0
10436588,stimulus_Arg_PISACowsMilk_10_page_6,803.9,481.5,1159.0
10436589,stimulus_Arg_PISACowsMilk_10_page_6,803.9,481.6,1159.0
10436590,stimulus_Arg_PISACowsMilk_10_page_6,804.0,481.6,1159.0
10436591,stimulus_Arg_PISACowsMilk_10_page_6,804.2,481.0,1159.0
10436592,stimulus_Arg_PISACowsMilk_10_page_6,804.2,480.3,1159.0
10436593,stimulus_Arg_PISACowsMilk_10_page_6,804.3,479.6,1158.0
10436594,stimulus_Arg_PISACowsMilk_10_page_6,804.3,480.0,1157.0
10436595,stimulus_Arg_PISACowsMilk_10_page_6,804.2,480.5,1156.0
10436596,stimulus_Arg_PISACowsMilk_10_page_6,804.1,481.0,1156.0
10436597,stimulus_Arg_PISACowsMilk_10_page_6,804.0,481.0,1156.0
10436598,stimulus_Arg_PISACowsMilk_10_page_6,803.8,481.1,1156.0
10436599,stimulus_Arg_PISACowsMilk_10_page_6,803.7,481.1,1156.0
10436600,stimulus_Arg_PISACowsMilk_10_page_6,803.5,481.1,1156.0
10436601,stimulus_Arg_PISACowsMilk_10_page_6,803.5,481.1,1156.0
10436602,stimulus_Arg_PISACowsMilk_10_page_6,803.6,481.1,1157.0
10436603,stimulus_Arg_PISACowsMilk_10_page_6,803.9,481.2,1158.0
10436604,stimulus_Arg_PISACowsMilk_10_page_6,804.1,481.3,1157.0
10436605,stimulus_Arg_PISACowsMilk_10_page_6,804.3,481.3,1156.0
10436606,stimulus_Arg_PISACowsMilk_10_page_6,804.3,480.8,1155.0
10436607,stimulus_Arg_PISACowsMilk_10_page_6,804.3,480.2,1155.0
10436608,stimulus_Arg_PISACowsMilk_10_page_6,804.3,479.8,1155.0
10436609,stimulus_Arg_PISACowsMilk_10_page_6,804.2,479.8,1156.0
10436610,stimulus_Arg_PISACowsMilk_10_page_6,804.3,480.1,1157.0
10436611,stimulus_Arg_PISACowsMilk_10_page_6,804.3,480.4,1158.0
10436612,stimulus_Arg_PISACowsMilk_10_page_6,804.3,480.8,1158.0
10436613,stimulus_Arg_PISACowsMilk_10_page_6,804.3,480.9,1159.0
10436614,stimulus_Arg_PISACowsMilk_10_page_6,804.3,480.7,1158.0
10436615,stimulus_Arg_PISACowsMilk_10_page_6,804.2,480.5,1157.0
10436616,stimulus_Arg_PISACowsMilk_10_page_6,804.0,480.3,1156.0
10436617,stimulus_Arg_PISACowsMilk_10_page_6,803.9,480.2,1156.0
10436618,stimulus_Arg_PISACowsMilk_10_page_6,803.8,480.1,1156.0
10436619,stimulus_Arg_PISACowsMilk_10_page_6,803.8,480.0,1156.0
10436620,stimulus_Arg_PISACowsMilk_10_page_6,803.9,479.9,1156.0
10436621,stimulus_Arg_PISACowsMilk_10_page_6,803.9,479.9,1155.0
10436622,stimulus_Arg_PISACowsMilk_10_page_6,804.0,480.0,1154.0
10436623,stimulus_Arg_PISACowsMilk_10_page_6,804.0,480.1,1154.0
10436624,stimulus_Arg_PISACowsMilk_10_page_6,804.1,480.2,1156.0
10436625,stimulus_Arg_PISACowsMilk_10_page_6,804.2,480.2,1157.0
10436626,stimulus_Arg_PISACowsMilk_10_page_6,804.3,480.2,1157.0
10436627,stimulus_Arg_PISACowsMilk_10_page_6,804.3,480.2,1156.0
10436628,stimulus_Arg_PISACowsMilk_10_page_6,804.3,480.1,1155.0
10436629,stimulus_Arg_PISACowsMilk_10_page_6,804.3,480.0,1154.0
10436630,stimulus_Arg_PISACowsMilk_10_page_6,804.3,479.8,1154.0
10436631,stimulus_Arg_PISACowsMilk_10_page_6,804.4,479.6,1154.0
10436632,stimulus_Arg_PISACowsMilk_10_page_6,804.4,479.5,1154.0
10436633,stimulus_Arg_PISACowsMilk_10_page_6,804.4,479.6,1154.0
10436634,stimulus_Arg_PISACowsMilk_10_page_6,804.1,479.7,1153.0
10436635,stimulus_Arg_PISACowsMilk_10_page_6,803.9,479.8,1153.0
10436636,stimulus_Arg_PISACowsMilk_10_page_6,803.8,480.0,1153.0
10436637,stimulus_Arg_PISACowsMilk_10_page_6,803.8,480.0,1154.0
10436638,stimulus_Arg_PISACowsMilk_10_page_6,803.7,479.8,1154.0
10436639,stimulus_Arg_PISACowsMilk_10_page_6,803.7,479.5,1153.0
10436640,stimulus_Arg_PISACowsMilk_10_page_6,803.3,479.2,1153.0
10436641,stimulus_Arg_PISACowsMilk_10_page_6,802.8,478.4,1153.0
10436642,stimulus_Arg_PISACowsMilk_10_page_6,802.3,477.6,1153.0
10436643,stimulus_Arg_PISACowsMilk_10_page_6,802.4,477.3,1153.0
10436644,stimulus_Arg_PISACowsMilk_10_page_6,802.8,477.3,1152.0
10436645,stimulus_Arg_PISACowsMilk_10_page_6,803.2,477.4,1152.0
10436646,stimulus_Arg_PISACowsMilk_10_page_6,803.7,477.9,1153.0
10436647,stimulus_Arg_PISACowsMilk_10_page_6,803.9,478.3,1153.0
10436648,stimulus_Arg_PISACowsMilk_10_page_6,804.1,478.6,1153.0
10436649,stimulus_Arg_PISACowsMilk_10_page_6,804.1,478.5,1153.0
10436650,stimulus_Arg_PISACowsMilk_10_page_6,804.2,478.9,1152.0
10436651,stimulus_Arg_PISACowsMilk_10_page_6,804.2,479.4,1152.0
10436652,stimulus_Arg_PISACowsMilk_10_page_6,804.2,479.9,1152.0
10436653,stimulus_Arg_PISACowsMilk_10_page_6,804.2,480.1,1153.0
10436654,stimulus_Arg_PISACowsMilk_10_page_6,804.3,480.4,1153.0
10436655,stimulus_Arg_PISACowsMilk_10_page_6,804.3,480.6,1153.0
10436656,stimulus_Arg_PISACowsMilk_10_page_6,804.3,480.4,1153.0
10436657,stimulus_Arg_PISACowsMilk_10_page_6,804.3,480.1,1153.0
10436658,stimulus_Arg_PISACowsMilk_10_page_6,804.3,479.9,1152.0
10436659,stimulus_Arg_PISACowsMilk_10_page_6,804.4,480.0,1152.0
10436660,stimulus_Arg_PISACowsMilk_10_page_6,804.5,480.2,1151.0
10436661,stimulus_Arg_PISACowsMilk_10_page_6,804.5,480.5,1153.0
10436662,stimulus_Arg_PISACowsMilk_10_page_6,804.4,480.5,1155.0
10436663,stimulus_Arg_PISACowsMilk_10_page_6,804.3,480.6,1155.0
10436664,stimulus_Arg_PISACowsMilk_10_page_6,804.4,480.7,1153.0
10436665,stimulus_Arg_PISACowsMilk_10_page_6,804.6,480.9,1152.0
10436666,stimulus_Arg_PISACowsMilk_10_page_6,804.9,480.9,1153.0
10436667,stimulus_Arg_PISACowsMilk_10_page_6,805.1,480.8,1154.0
10436668,stimulus_Arg_PISACowsMilk_10_page_6,805.1,480.7,1155.0
10436669,stimulus_Arg_PISACowsMilk_10_page_6,805.0,480.7,1155.0
10436670,stimulus_Arg_PISACowsMilk_10_page_6,804.8,480.7,1156.0
10436671,stimulus_Arg_PISACowsMilk_10_page_6,804.6,480.8,1156.0
10436672,stimulus_Arg_PISACowsMilk_10_page_6,804.5,480.9,1156.0
10436673,stimulus_Arg_PISACowsMilk_10_page_6,804.7,481.0,1155.0
10436674,stimulus_Arg_PISACowsMilk_10_page_6,805.0,481.0,1155.0
10436675,stimulus_Arg_PISACowsMilk_10_page_6,805.2,481.0,1154.0
10436676,stimulus_Arg_PISACowsMilk_10_page_6,805.2,480.8,1154.0
10436677,stimulus_Arg_PISACowsMilk_10_page_6,805.1,480.6,1154.0
10436678,stimulus_Arg_PISACowsMilk_10_page_6,805.1,480.6,1154.0
10436679,stimulus_Arg_PISACowsMilk_10_page_6,805.2,480.9,1154.0
10436680,stimulus_Arg_PISACowsMilk_10_page_6,805.4,481.2,1154.0
10436681,stimulus_Arg_PISACowsMilk_10_page_6,805.8,481.2,1154.0
10436682,stimulus_Arg_PISACowsMilk_10_page_6,805.8,481.2,1154.0
10436683,stimulus_Arg_PISACowsMilk_10_page_6,805.7,481.2,1154.0
10436684,stimulus_Arg_PISACowsMilk_10_page_6,805.1,481.2,1154.0
10436685,stimulus_Arg_PISACowsMilk_10_page_6,804.5,481.2,1153.0
10436686,stimulus_Arg_PISACowsMilk_10_page_6,804.5,481.0,1153.0
10436687,stimulus_Arg_PISACowsMilk_10_page_6,804.9,481.0,1153.0
10436688,stimulus_Arg_PISACowsMilk_10_page_6,805.3,481.0,1154.0
10436689,stimulus_Arg_PISACowsMilk_10_page_6,805.3,481.1,1154.0
10436690,stimulus_Arg_PISACowsMilk_10_page_6,805.2,481.2,1154.0
10436691,stimulus_Arg_PISACowsMilk_10_page_6,805.2,480.9,1155.0
10436692,stimulus_Arg_PISACowsMilk_10_page_6,805.1,480.5,1154.0
10436693,stimulus_Arg_PISACowsMilk_10_page_6,805.1,480.1,1154.0
10436694,stimulus_Arg_PISACowsMilk_10_page_6,805.1,480.2,1153.0
10436695,stimulus_Arg_PISACowsMilk_10_page_6,805.1,480.5,1153.0
10436696,stimulus_Arg_PISACowsMilk_10_page_6,805.0,480.9,1153.0
10436697,stimulus_Arg_PISACowsMilk_10_page_6,805.0,481.0,1153.0
10436698,stimulus_Arg_PISACowsMilk_10_page_6,805.2,480.8,1153.0
10436699,stimulus_Arg_PISACowsMilk_10_page_6,805.6,480.8,1153.0
10436700,stimulus_Arg_PISACowsMilk_10_page_6,806.0,480.9,1153.0
10436701,stimulus_Arg_PISACowsMilk_10_page_6,806.2,480.9,1153.0
10436702,stimulus_Arg_PISACowsMilk_10_page_6,806.2,481.5,1154.0
10436703,stimulus_Arg_PISACowsMilk_10_page_6,806.2,482.0,1154.0
10436704,stimulus_Arg_PISACowsMilk_10_page_6,806.4,482.4,1155.0
10436705,stimulus_Arg_PISACowsMilk_10_page_6,806.6,482.3,1155.0
10436706,stimulus_Arg_PISACowsMilk_10_page_6,806.8,482.1,1155.0
10436707,stimulus_Arg_PISACowsMilk_10_page_6,806.7,481.8,1154.0
10436708,stimulus_Arg_PISACowsMilk_10_page_6,806.7,481.3,1154.0
10436709,stimulus_Arg_PISACowsMilk_10_page_6,806.7,480.5,1154.0
10436710,stimulus_Arg_PISACowsMilk_10_page_6,806.6,479.9,1154.0
10436711,stimulus_Arg_PISACowsMilk_10_page_6,806.5,480.0,1154.0
10436712,stimulus_Arg_PISACowsMilk_10_page_6,806.3,480.4,1154.0
10436713,stimulus_Arg_PISACowsMilk_10_page_6,805.9,480.8,1153.0
10436714,stimulus_Arg_PISACowsMilk_10_page_6,805.5,480.9,1152.0
10436715,stimulus_Arg_PISACowsMilk_10_page_6,805.5,481.1,1152.0
10436716,stimulus_Arg_PISACowsMilk_10_page_6,805.8,481.2,1151.0
10436717,stimulus_Arg_PISACowsMilk_10_page_6,805.9,481.2,1151.0
10436718,stimulus_Arg_PISACowsMilk_10_page_6,805.8,481.1,1150.0
10436719,stimulus_Arg_PISACowsMilk_10_page_6,805.6,481.0,1150.0
10436720,stimulus_Arg_PISACowsMilk_10_page_6,805.7,480.9,1150.0
10436721,stimulus_Arg_PISACowsMilk_10_page_6,805.7,480.9,1151.0
10436722,stimulus_Arg_PISACowsMilk_10_page_6,805.7,480.8,1152.0
10436723,stimulus_Arg_PISACowsMilk_10_page_6,805.8,480.6,1153.0
10436724,stimulus_Arg_PISACowsMilk_10_page_6,806.1,480.8,1153.0
10436725,stimulus_Arg_PISACowsMilk_10_page_6,806.3,481.1,1152.0
10436726,stimulus_Arg_PISACowsMilk_10_page_6,806.6,481.4,1151.0
10436727,stimulus_Arg_PISACowsMilk_10_page_6,806.7,481.3,1149.0
10436728,stimulus_Arg_PISACowsMilk_10_page_6,806.8,481.3,1149.0
10436729,stimulus_Arg_PISACowsMilk_10_page_6,806.7,481.4,1149.0
10436730,stimulus_Arg_PISACowsMilk_10_page_6,806.5,481.1,1149.0
10436731,stimulus_Arg_PISACowsMilk_10_page_6,806.3,480.9,1149.0
10436732,stimulus_Arg_PISACowsMilk_10_page_6,806.3,480.9,1149.0
10436733,stimulus_Arg_PISACowsMilk_10_page_6,806.4,481.1,1149.0
10436734,stimulus_Arg_PISACowsMilk_10_page_6,806.6,481.2,1149.0
10436735,stimulus_Arg_PISACowsMilk_10_page_6,806.7,480.9,1149.0
10436736,stimulus_Arg_PISACowsMilk_10_page_6,806.7,480.7,1149.0
10436737,stimulus_Arg_PISACowsMilk_10_page_6,806.7,480.9,1148.0
10436738,stimulus_Arg_PISACowsMilk_10_page_6,806.7,481.0,1148.0
10436739,stimulus_Arg_PISACowsMilk_10_page_6,806.6,481.3,1149.0
10436740,stimulus_Arg_PISACowsMilk_10_page_6,806.6,481.6,1149.0
10436741,stimulus_Arg_PISACowsMilk_10_page_6,806.5,481.8,1149.0
10436742,stimulus_Arg_PISACowsMilk_10_page_6,806.4,481.7,1149.0
10436743,stimulus_Arg_PISACowsMilk_10_page_6,806.3,481.6,1149.0
10436744,stimulus_Arg_PISACowsMilk_10_page_6,806.2,481.5,1149.0
10436745,stimulus_Arg_PISACowsMilk_10_page_6,806.3,481.4,1149.0
10436746,stimulus_Arg_PISACowsMilk_10_page_6,806.5,481.4,1149.0
10436747,stimulus_Arg_PISACowsMilk_10_page_6,806.6,481.4,1149.0
10436748,stimulus_Arg_PISACowsMilk_10_page_6,806.5,481.6,1149.0
10436749,stimulus_Arg_PISACowsMilk_10_page_6,806.4,482.0,1150.0
10436750,stimulus_Arg_PISACowsMilk_10_page_6,806.3,482.3,1151.0
10436751,stimulus_Arg_PISACowsMilk_10_page_6,806.2,482.4,1152.0
10436752,stimulus_Arg_PISACowsMilk_10_page_6,806.1,482.2,1152.0
10436753,stimulus_Arg_PISACowsMilk_10_page_6,806.1,482.0,1152.0
10436754,stimulus_Arg_PISACowsMilk_10_page_6,806.1,481.9,1151.0
10436755,stimulus_Arg_PISACowsMilk_10_page_6,806.1,482.0,1150.0
10436756,stimulus_Arg_PISACowsMilk_10_page_6,806.1,482.1,1149.0
10436757,stimulus_Arg_PISACowsMilk_10_page_6,806.1,482.1,1150.0
10436758,stimulus_Arg_PISACowsMilk_10_page_6,806.1,481.9,1151.0
10436759,stimulus_Arg_PISACowsMilk_10_page_6,806.1,481.7,1150.0
10436760,stimulus_Arg_PISACowsMilk_10_page_6,806.2,481.7,1149.0
10436761,stimulus_Arg_PISACowsMilk_10_page_6,806.2,481.7,1149.0
10436762,stimulus_Arg_PISACowsMilk_10_page_6,806.3,481.6,1149.0
10436763,stimulus_Arg_PISACowsMilk_10_page_6,806.2,481.4,1150.0
10436764,stimulus_Arg_PISACowsMilk_10_page_6,806.2,481.2,1150.0
10436765,stimulus_Arg_PISACowsMilk_10_page_6,806.0,481.4,1150.0
10436766,stimulus_Arg_PISACowsMilk_10_page_6,805.8,481.5,1150.0
10436767,stimulus_Arg_PISACowsMilk_10_page_6,805.6,481.5,1149.0
10436768,stimulus_Arg_PISACowsMilk_10_page_6,805.7,481.2,1149.0
10436769,stimulus_Arg_PISACowsMilk_10_page_6,805.7,480.8,1149.0
10436770,stimulus_Arg_PISACowsMilk_10_page_6,805.8,480.6,1149.0
10436771,stimulus_Arg_PISACowsMilk_10_page_6,805.9,480.4,1149.0
10436772,stimulus_Arg_PISACowsMilk_10_page_6,806.0,480.3,1149.0
10436773,stimulus_Arg_PISACowsMilk_10_page_6,806.2,480.5,1149.0
10436774,stimulus_Arg_PISACowsMilk_10_page_6,806.3,480.7,1149.0
10436775,stimulus_Arg_PISACowsMilk_10_page_6,806.4,481.0,1148.0
10436776,stimulus_Arg_PISACowsMilk_10_page_6,806.3,480.8,1147.0
10436777,stimulus_Arg_PISACowsMilk_10_page_6,806.2,480.5,1147.0
10436778,stimulus_Arg_PISACowsMilk_10_page_6,806.0,480.2,1147.0
10436779,stimulus_Arg_PISACowsMilk_10_page_6,806.2,480.2,1146.0
10436780,stimulus_Arg_PISACowsMilk_10_page_6,806.3,480.1,1146.0
10436781,stimulus_Arg_PISACowsMilk_10_page_6,806.3,480.1,1147.0
10436782,stimulus_Arg_PISACowsMilk_10_page_6,806.2,480.0,1148.0
10436783,stimulus_Arg_PISACowsMilk_10_page_6,806.0,479.9,1149.0
10436784,stimulus_Arg_PISACowsMilk_10_page_6,806.1,479.8,1151.0
10436785,stimulus_Arg_PISACowsMilk_10_page_6,806.2,480.3,1151.0
10436786,stimulus_Arg_PISACowsMilk_10_page_6,806.2,480.8,1150.0
10436787,stimulus_Arg_PISACowsMilk_10_page_6,806.3,481.4,1149.0
10436788,stimulus_Arg_PISACowsMilk_10_page_6,806.3,481.4,1149.0
10436789,stimulus_Arg_PISACowsMilk_10_page_6,806.3,481.5,1149.0
10436790,stimulus_Arg_PISACowsMilk_10_page_6,806.3,481.5,1149.0
10436791,stimulus_Arg_PISACowsMilk_10_page_6,806.3,481.4,1149.0
10436792,stimulus_Arg_PISACowsMilk_10_page_6,806.3,481.4,1150.0
10436793,stimulus_Arg_PISACowsMilk_10_page_6,806.3,481.3,1150.0
10436794,stimulus_Arg_PISACowsMilk_10_page_6,806.3,481.1,1151.0
10436795,stimulus_Arg_PISACowsMilk_10_page_6,806.3,481.0,1151.0
10436796,stimulus_Arg_PISACowsMilk_10_page_6,806.2,480.8,1150.0
10436797,stimulus_Arg_PISACowsMilk_10_page_6,806.2,480.7,1150.0
10436798,stimulus_Arg_PISACowsMilk_10_page_6,806.2,480.6,1150.0
10436799,stimulus_Arg_PISACowsMilk_10_page_6,806.3,480.5,1150.0
10436800,stimulus_Arg_PISACowsMilk_10_page_6,806.4,480.5,1150.0
10436801,stimulus_Arg_PISACowsMilk_10_page_6,806.4,480.4,1150.0
10436802,stimulus_Arg_PISACowsMilk_10_page_6,806.1,480.4,1150.0
10436803,stimulus_Arg_PISACowsMilk_10_page_6,805.8,480.5,1150.0
10436804,stimulus_Arg_PISACowsMilk_10_page_6,805.7,480.7,1151.0
10436805,stimulus_Arg_PISACowsMilk_10_page_6,805.9,481.2,1151.0
10436806,stimulus_Arg_PISACowsMilk_10_page_6,806.0,481.6,1152.0
10436807,stimulus_Arg_PISACowsMilk_10_page_6,805.9,481.8,1151.0
10436808,stimulus_Arg_PISACowsMilk_10_page_6,805.8,481.4,1152.0
10436809,stimulus_Arg_PISACowsMilk_10_page_6,805.8,481.0,1153.0
10436810,stimulus_Arg_PISACowsMilk_10_page_6,805.9,480.7,1154.0
10436811,stimulus_Arg_PISACowsMilk_10_page_6,805.8,480.7,1154.0
10436812,stimulus_Arg_PISACowsMilk_10_page_6,805.6,480.7,1154.0
10436813,stimulus_Arg_PISACowsMilk_10_page_6,805.5,480.7,1154.0
10436814,stimulus_Arg_PISACowsMilk_10_page_6,805.4,480.8,1154.0
10436815,stimulus_Arg_PISACowsMilk_10_page_6,805.4,480.9,1154.0
10436816,stimulus_Arg_PISACowsMilk_10_page_6,805.4,480.8,1154.0
10436817,stimulus_Arg_PISACowsMilk_10_page_6,805.7,480.7,1154.0
10436818,stimulus_Arg_PISACowsMilk_10_page_6,806.0,480.6,1154.0
10436819,stimulus_Arg_PISACowsMilk_10_page_6,806.4,480.4,1154.0
10436820,stimulus_Arg_PISACowsMilk_10_page_6,806.3,480.3,1154.0
10436821,stimulus_Arg_PISACowsMilk_10_page_6,806.2,480.4,1154.0
10436822,stimulus_Arg_PISACowsMilk_10_page_6,806.0,480.4,1154.0
10436823,stimulus_Arg_PISACowsMilk_10_page_6,806.1,480.3,1154.0
10436824,stimulus_Arg_PISACowsMilk_10_page_6,806.1,480.3,1154.0
10436825,stimulus_Arg_PISACowsMilk_10_page_6,806.0,480.5,1154.0
10436826,stimulus_Arg_PISACowsMilk_10_page_6,805.9,480.6,1154.0
10436827,stimulus_Arg_PISACowsMilk_10_page_6,805.9,480.6,1155.0
10436828,stimulus_Arg_PISACowsMilk_10_page_6,805.9,480.6,1155.0
10436829,stimulus_Arg_PISACowsMilk_10_page_6,806.2,480.6,1156.0
10436830,stimulus_Arg_PISACowsMilk_10_page_6,806.6,480.6,1156.0
10436831,stimulus_Arg_PISACowsMilk_10_page_6,806.9,480.8,1156.0
10436832,stimulus_Arg_PISACowsMilk_10_page_6,806.7,481.0,1156.0
10436833,stimulus_Arg_PISACowsMilk_10_page_6,806.4,481.5,1156.0
10436834,stimulus_Arg_PISACowsMilk_10_page_6,806.1,482.2,1158.0
10436835,stimulus_Arg_PISACowsMilk_10_page_6,805.9,482.8,1159.0
10436836,stimulus_Arg_PISACowsMilk_10_page_6,805.7,483.1,1159.0
10436837,stimulus_Arg_PISACowsMilk_10_page_6,805.4,483.0,1158.0
10436838,stimulus_Arg_PISACowsMilk_10_page_6,805.3,482.6,1157.0
10436839,stimulus_Arg_PISACowsMilk_10_page_6,805.6,482.2,1158.0
10436840,stimulus_Arg_PISACowsMilk_10_page_6,805.8,481.8,1159.0
10436841,stimulus_Arg_PISACowsMilk_10_page_6,806.0,481.8,1160.0
10436842,stimulus_Arg_PISACowsMilk_10_page_6,806.0,481.7,1160.0
10436843,stimulus_Arg_PISACowsMilk_10_page_6,805.9,481.7,1160.0
10436844,stimulus_Arg_PISACowsMilk_10_page_6,805.9,481.7,1160.0
10436845,stimulus_Arg_PISACowsMilk_10_page_6,805.9,481.8,1160.0
10436846,stimulus_Arg_PISACowsMilk_10_page_6,805.7,482.0,1160.0
10436847,stimulus_Arg_PISACowsMilk_10_page_6,805.5,482.1,1159.0
10436848,stimulus_Arg_PISACowsMilk_10_page_6,805.3,482.2,1160.0
10436849,stimulus_Arg_PISACowsMilk_10_page_6,805.4,482.3,1161.0
10436850,stimulus_Arg_PISACowsMilk_10_page_6,805.5,482.3,1163.0
10436851,stimulus_Arg_PISACowsMilk_10_page_6,805.6,482.2,1163.0
10436852,stimulus_Arg_PISACowsMilk_10_page_6,805.6,482.0,1164.0
10436853,stimulus_Arg_PISACowsMilk_10_page_6,805.6,481.9,1164.0
10436854,stimulus_Arg_PISACowsMilk_10_page_6,805.5,481.9,1165.0
10436855,stimulus_Arg_PISACowsMilk_10_page_6,805.4,482.1,1165.0
10436856,stimulus_Arg_PISACowsMilk_10_page_6,805.4,482.2,1164.0
10436857,stimulus_Arg_PISACowsMilk_10_page_6,805.3,482.2,1164.0
10436858,stimulus_Arg_PISACowsMilk_10_page_6,805.3,482.2,1164.0
10436859,stimulus_Arg_PISACowsMilk_10_page_6,805.3,482.1,1164.0
10436860,stimulus_Arg_PISACowsMilk_10_page_6,805.3,482.1,1164.0
10436861,stimulus_Arg_PISACowsMilk_10_page_6,805.4,482.2,1166.0
10436862,stimulus_Arg_PISACowsMilk_10_page_6,805.5,482.6,1168.0
10436863,stimulus_Arg_PISACowsMilk_10_page_6,805.5,482.9,1168.0
10436864,stimulus_Arg_PISACowsMilk_10_page_6,805.5,483.1,1166.0
10436865,stimulus_Arg_PISACowsMilk_10_page_6,805.5,482.9,1165.0
10436866,stimulus_Arg_PISACowsMilk_10_page_6,805.4,482.6,1165.0
10436867,stimulus_Arg_PISACowsMilk_10_page_6,805.3,482.3,1165.0
10436868,stimulus_Arg_PISACowsMilk_10_page_6,805.1,482.1,1166.0
10436869,stimulus_Arg_PISACowsMilk_10_page_6,805.0,482.1,1167.0
10436870,stimulus_Arg_PISACowsMilk_10_page_6,805.1,482.1,1168.0
10436871,stimulus_Arg_PISACowsMilk_10_page_6,805.1,482.0,1169.0
10436872,stimulus_Arg_PISACowsMilk_10_page_6,804.9,481.9,1169.0
10436873,stimulus_Arg_PISACowsMilk_10_page_6,804.6,481.9,1169.0
10436874,stimulus_Arg_PISACowsMilk_10_page_6,804.6,482.1,1169.0
10436875,stimulus_Arg_PISACowsMilk_10_page_6,804.9,482.3,1169.0
10436876,stimulus_Arg_PISACowsMilk_10_page_6,805.3,482.5,1170.0
10436877,stimulus_Arg_PISACowsMilk_10_page_6,805.5,482.5,1170.0
10436878,stimulus_Arg_PISACowsMilk_10_page_6,805.7,482.5,1170.0
10436879,stimulus_Arg_PISACowsMilk_10_page_6,805.7,482.6,1169.0
10436880,stimulus_Arg_PISACowsMilk_10_page_6,805.8,482.7,1169.0
10436881,stimulus_Arg_PISACowsMilk_10_page_6,805.7,482.7,1169.0
10436882,stimulus_Arg_PISACowsMilk_10_page_6,805.4,482.7,1170.0
10436883,stimulus_Arg_PISACowsMilk_10_page_6,805.0,482.6,1170.0
10436884,stimulus_Arg_PISACowsMilk_10_page_6,804.9,482.5,1170.0
10436885,stimulus_Arg_PISACowsMilk_10_page_6,805.1,482.4,1170.0
10436886,stimulus_Arg_PISACowsMilk_10_page_6,805.2,482.4,1171.0
10436887,stimulus_Arg_PISACowsMilk_10_page_6,805.1,482.4,1172.0
10436888,stimulus_Arg_PISACowsMilk_10_page_6,805.1,482.5,1172.0
10436889,stimulus_Arg_PISACowsMilk_10_page_6,805.3,482.4,1172.0
10436890,stimulus_Arg_PISACowsMilk_10_page_6,805.4,482.3,1172.0
10436891,stimulus_Arg_PISACowsMilk_10_page_6,805.3,482.4,1172.0
10436892,stimulus_Arg_PISACowsMilk_10_page_6,804.9,482.4,1172.0
10436893,stimulus_Arg_PISACowsMilk_10_page_6,804.6,482.5,1172.0
10436894,stimulus_Arg_PISACowsMilk_10_page_6,804.4,482.5,1172.0
10436895,stimulus_Arg_PISACowsMilk_10_page_6,804.6,482.5,1172.0
10436896,stimulus_Arg_PISACowsMilk_10_page_6,804.8,482.4,1173.0
10436897,stimulus_Arg_PISACowsMilk_10_page_6,804.9,482.4,1174.0
10436898,stimulus_Arg_PISACowsMilk_10_page_6,804.8,482.4,1173.0
10436899,stimulus_Arg_PISACowsMilk_10_page_6,804.7,482.4,1172.0
10436900,stimulus_Arg_PISACowsMilk_10_page_6,804.6,482.4,1172.0
10436901,stimulus_Arg_PISACowsMilk_10_page_6,804.7,482.4,1172.0
10436902,stimulus_Arg_PISACowsMilk_10_page_6,804.7,482.5,1172.0
10436903,stimulus_Arg_PISACowsMilk_10_page_6,804.6,482.4,1172.0
10436904,stimulus_Arg_PISACowsMilk_10_page_6,804.5,482.1,1172.0
10436905,stimulus_Arg_PISACowsMilk_10_page_6,804.5,481.8,1172.0
10436906,stimulus_Arg_PISACowsMilk_10_page_6,804.5,481.5,1172.0
10436907,stimulus_Arg_PISACowsMilk_10_page_6,804.7,481.2,1172.0
10436908,stimulus_Arg_PISACowsMilk_10_page_6,804.9,480.9,1172.0
10436909,stimulus_Arg_PISACowsMilk_10_page_6,805.1,480.7,1172.0
10436910,stimulus_Arg_PISACowsMilk_10_page_6,805.3,480.5,1172.0
10436911,stimulus_Arg_PISACowsMilk_10_page_6,805.5,480.8,1172.0
10436912,stimulus_Arg_PISACowsMilk_10_page_6,805.3,481.2,1172.0
10436913,stimulus_Arg_PISACowsMilk_10_page_6,804.9,481.6,1172.0
10436914,stimulus_Arg_PISACowsMilk_10_page_6,804.6,481.5,1172.0
10436915,stimulus_Arg_PISACowsMilk_10_page_6,804.5,481.4,1172.0
10436916,stimulus_Arg_PISACowsMilk_10_page_6,804.5,481.5,1172.0
10436917,stimulus_Arg_PISACowsMilk_10_page_6,804.5,481.6,1172.0
10436918,stimulus_Arg_PISACowsMilk_10_page_6,804.4,481.7,1172.0
10436919,stimulus_Arg_PISACowsMilk_10_page_6,804.4,481.5,1172.0
10436920,stimulus_Arg_PISACowsMilk_10_page_6,804.4,481.3,1172.0
10436921,stimulus_Arg_PISACowsMilk_10_page_6,804.3,481.2,1173.0
10436922,stimulus_Arg_PISACowsMilk_10_page_6,804.3,481.2,1173.0
10436923,stimulus_Arg_PISACowsMilk_10_page_6,804.3,481.1,1173.0
10436924,stimulus_Arg_PISACowsMilk_10_page_6,804.3,481.0,1173.0
10436925,stimulus_Arg_PISACowsMilk_10_page_6,804.3,481.1,1173.0
10436926,stimulus_Arg_PISACowsMilk_10_page_6,804.4,481.5,1174.0
10436927,stimulus_Arg_PISACowsMilk_10_page_6,804.4,481.9,1174.0
10436928,stimulus_Arg_PISACowsMilk_10_page_6,804.5,482.0,1174.0
10436929,stimulus_Arg_PISACowsMilk_10_page_6,804.5,482.0,1174.0
10436930,stimulus_Arg_PISACowsMilk_10_page_6,804.5,481.9,1174.0
10436931,stimulus_Arg_PISACowsMilk_10_page_6,804.4,481.8,1174.0
10436932,stimulus_Arg_PISACowsMilk_10_page_6,804.6,481.7,1175.0
10436933,stimulus_Arg_PISACowsMilk_10_page_6,804.8,481.6,1175.0
10436934,stimulus_Arg_PISACowsMilk_10_page_6,805.1,481.6,1175.0
10436935,stimulus_Arg_PISACowsMilk_10_page_6,805.3,481.7,1175.0
10436936,stimulus_Arg_PISACowsMilk_10_page_6,805.4,481.8,1176.0
10436937,stimulus_Arg_PISACowsMilk_10_page_6,805.3,481.9,1175.0
10436938,stimulus_Arg_PISACowsMilk_10_page_6,805.3,481.9,1175.0
10436939,stimulus_Arg_PISACowsMilk_10_page_6,805.3,481.8,1174.0
10436940,stimulus_Arg_PISACowsMilk_10_page_6,805.2,481.7,1174.0
10436941,stimulus_Arg_PISACowsMilk_10_page_6,805.1,481.6,1173.0
10436942,stimulus_Arg_PISACowsMilk_10_page_6,805.1,481.5,1174.0
10436943,stimulus_Arg_PISACowsMilk_10_page_6,805.1,481.4,1174.0
10436944,stimulus_Arg_PISACowsMilk_10_page_6,805.1,481.4,1174.0
10436945,stimulus_Arg_PISACowsMilk_10_page_6,805.2,481.6,1174.0
10436946,stimulus_Arg_PISACowsMilk_10_page_6,805.2,481.7,1175.0
10436947,stimulus_Arg_PISACowsMilk_10_page_6,805.2,481.8,1175.0
10436948,stimulus_Arg_PISACowsMilk_10_page_6,805.2,482.2,1176.0
10436949,stimulus_Arg_PISACowsMilk_10_page_6,805.3,482.5,1177.0
10436950,stimulus_Arg_PISACowsMilk_10_page_6,805.3,482.8,1178.0
10436951,stimulus_Arg_PISACowsMilk_10_page_6,805.4,482.8,1177.0
10436952,stimulus_Arg_PISACowsMilk_10_page_6,805.4,482.9,1177.0
10436953,stimulus_Arg_PISACowsMilk_10_page_6,805.2,482.9,1177.0
10436954,stimulus_Arg_PISACowsMilk_10_page_6,805.1,482.6,1177.0
10436955,stimulus_Arg_PISACowsMilk_10_page_6,805.2,482.2,1177.0
10436956,stimulus_Arg_PISACowsMilk_10_page_6,805.5,481.9,1177.0
10436957,stimulus_Arg_PISACowsMilk_10_page_6,805.7,481.9,1177.0
10436958,stimulus_Arg_PISACowsMilk_10_page_6,805.5,481.8,1177.0
10436959,stimulus_Arg_PISACowsMilk_10_page_6,805.4,481.7,1177.0
10436960,stimulus_Arg_PISACowsMilk_10_page_6,805.3,481.9,1178.0
10436961,stimulus_Arg_PISACowsMilk_10_page_6,805.4,482.4,1178.0
10436962,stimulus_Arg_PISACowsMilk_10_page_6,805.4,482.8,1178.0
10436963,stimulus_Arg_PISACowsMilk_10_page_6,805.5,482.7,1177.0
10436964,stimulus_Arg_PISACowsMilk_10_page_6,805.7,482.5,1177.0
10436965,stimulus_Arg_PISACowsMilk_10_page_6,805.9,482.4,1176.0
10436966,stimulus_Arg_PISACowsMilk_10_page_6,806.3,482.4,1175.0
10436967,stimulus_Arg_PISACowsMilk_10_page_6,806.5,482.3,1176.0
10436968,stimulus_Arg_PISACowsMilk_10_page_6,806.6,482.5,1176.0
10436969,stimulus_Arg_PISACowsMilk_10_page_6,806.5,482.7,1177.0
10436970,stimulus_Arg_PISACowsMilk_10_page_6,806.3,482.7,1178.0
10436971,stimulus_Arg_PISACowsMilk_10_page_6,806.5,482.2,1177.0
10436972,stimulus_Arg_PISACowsMilk_10_page_6,806.7,481.7,1176.0
10436973,stimulus_Arg_PISACowsMilk_10_page_6,806.8,481.6,1175.0
10436974,stimulus_Arg_PISACowsMilk_10_page_6,806.5,482.1,1174.0
10436975,stimulus_Arg_PISACowsMilk_10_page_6,805.9,482.7,1174.0
10436976,stimulus_Arg_PISACowsMilk_10_page_6,805.3,483.3,1173.0
10436977,stimulus_Arg_PISACowsMilk_10_page_6,804.9,483.8,1174.0
10436978,stimulus_Arg_PISACowsMilk_10_page_6,804.4,484.6,1174.0
10436979,stimulus_Arg_PISACowsMilk_10_page_6,804.0,485.0,1175.0
10436980,stimulus_Arg_PISACowsMilk_10_page_6,803.8,485.7,1175.0
10436981,stimulus_Arg_PISACowsMilk_10_page_6,803.4,486.3,1176.0
10436982,stimulus_Arg_PISACowsMilk_10_page_6,802.8,487.0,1177.0
10436983,stimulus_Arg_PISACowsMilk_10_page_6,802.0,487.4,1177.0
10436984,stimulus_Arg_PISACowsMilk_10_page_6,801.3,488.1,1177.0
10436985,stimulus_Arg_PISACowsMilk_10_page_6,800.6,488.5,1174.0
10436986,stimulus_Arg_PISACowsMilk_10_page_6,799.9,488.9,1172.0
10436987,stimulus_Arg_PISACowsMilk_10_page_6,799.2,489.4,1170.0
10436988,stimulus_Arg_PISACowsMilk_10_page_6,798.7,489.9,1169.0
10436989,stimulus_Arg_PISACowsMilk_10_page_6,798.3,490.5,1169.0
10436990,stimulus_Arg_PISACowsMilk_10_page_6,798.0,490.7,1169.0
10436991,stimulus_Arg_PISACowsMilk_10_page_6,797.6,491.1,1170.0
10436992,stimulus_Arg_PISACowsMilk_10_page_6,797.6,491.7,1171.0
10436993,stimulus_Arg_PISACowsMilk_10_page_6,797.4,492.4,1170.0
10436994,stimulus_Arg_PISACowsMilk_10_page_6,797.3,492.9,1169.0
10436995,stimulus_Arg_PISACowsMilk_10_page_6,797.0,493.5,1167.0
10436996,stimulus_Arg_PISACowsMilk_10_page_6,796.7,493.7,1166.0
10436997,stimulus_Arg_PISACowsMilk_10_page_6,796.2,493.8,1165.0
10436998,stimulus_Arg_PISACowsMilk_10_page_6,795.8,493.7,1164.0
10436999,stimulus_Arg_PISACowsMilk_10_page_6,794.5,493.4,1164.0
10437000,stimulus_Arg_PISACowsMilk_10_page_6,793.1,490.4,1163.0
10437001,stimulus_Arg_PISACowsMilk_10_page_6,790.5,487.4,1163.0
10437002,stimulus_Arg_PISACowsMilk_10_page_6,788.8,487.1,1161.0
10437003,stimulus_Arg_PISACowsMilk_10_page_6,787.4,495.3,1153.0
10437004,stimulus_Arg_PISACowsMilk_10_page_6,793.6,509.0,1143.0
10437005,stimulus_Arg_PISACowsMilk_10_page_6,799.6,529.0,1130.0
10437006,stimulus_Arg_PISACowsMilk_10_page_6,805.5,553.4,1109.0
10437007,stimulus_Arg_PISACowsMilk_10_page_6,811.5,581.5,1076.0
10437008,stimulus_Arg_PISACowsMilk_10_page_6,822.2,610.1,1041.0
10437009,stimulus_Arg_PISACowsMilk_10_page_6,833.8,639.3,1007.0
10437010,stimulus_Arg_PISACowsMilk_10_page_6,842.5,670.8,973.0
10437011,stimulus_Arg_PISACowsMilk_10_page_6,850.1,705.0,938.0
10437012,stimulus_Arg_PISACowsMilk_10_page_6,861.3,742.6,905.0
10437013,stimulus_Arg_PISACowsMilk_10_page_6,874.1,781.2,873.0
10437014,stimulus_Arg_PISACowsMilk_10_page_6,892.7,821.1,840.0
10437015,stimulus_Arg_PISACowsMilk_10_page_6,907.0,846.8,817.0
10437016,stimulus_Arg_PISACowsMilk_10_page_6,916.3,860.1,806.0
10437017,stimulus_Arg_PISACowsMilk_10_page_6,916.3,860.1,806.0
10437018,stimulus_Arg_PISACowsMilk_10_page_6,,,0.0
10437019,stimulus_Arg_PISACowsMilk_10_page_6,,,0.0
10437020,stimulus_Arg_PISACowsMilk_10_page_6,,,0.0
10437021,stimulus_Arg_PISACowsMilk_10_page_6,,,0.0
10437022,stimulus_Arg_PISACowsMilk_10_page_6,,,0.0
10437023,stimulus_Arg_PISACowsMilk_10_page_6,,,0.0
10437024,stimulus_Arg_PISACowsMilk_10_page_6,,,0.0
10437025,stimulus_Arg_PISACowsMilk_10_page_6,,,0.0
10437026,stimulus_Arg_PISACowsMilk_10_page_6,,,0.0
10437027,stimulus_Arg_PISACowsMilk_10_page_6,,,0.0
10437028,stimulus_Arg_PISACowsMilk_10_page_6,,,0.0
10437029,stimulus_Arg_PISACowsMilk_10_page_6,,,0.0
10437030,stimulus_Arg_PISACowsMilk_10_page_6,,,0.0
10437031,stimulus_Arg_PISACowsMilk_10_page_6,,,0.0
10437032,stimulus_Arg_PISACowsMilk_10_page_6,,,0.0
10437033,stimulus_Arg_PISACowsMilk_10_page_6,,,0.0
10437034,stimulus_Arg_PISACowsMilk_10_page_6,,,0.0
10437035,stimulus_Arg_PISACowsMilk_10_page_6,,,0.0
10437036,stimulus_Arg_PISACowsMilk_10_page_6,,,0.0
10437037,stimulus_Arg_PISACowsMilk_10_page_6,,,0.0
10437038,stimulus_Arg_PISACowsMilk_10_page_6,,,0.0
10437039,stimulus_Arg_PISACowsMilk_10_page_6,,,0.0
10437040,stimulus_Arg_PISACowsMilk_10_page_6,,,0.0
10437041,stimulus_Arg_PISACowsMilk_10_page_6,,,0.0
10437042,stimulus_Arg_PISACowsMilk_10_page_6,,,0.0
10437043,stimulus_Arg_PISACowsMilk_10_page_6,,,0.0
10437044,stimulus_Arg_PISACowsMilk_10_page_6,,,0.0
10437045,stimulus_Arg_PISACowsMilk_10_page_6,,,0.0
10437046,stimulus_Arg_PISACowsMilk_10_page_6,,,0.0
10437047,stimulus_Arg_PISACowsMilk_10_page_6,,,0.0
10437048,stimulus_Arg_PISACowsMilk_10_page_6,,,0.0
10437049,stimulus_Arg_PISACowsMilk_10_page_6,,,0.0
10437050,stimulus_Arg_PISACowsMilk_10_page_6,,,0.0
10437051,stimulus_Arg_PISACowsMilk_10_page_6,,,0.0
10437052,stimulus_Arg_PISACowsMilk_10_page_6,,,0.0
10437053,stimulus_Arg_PISACowsMilk_10_page_6,,,0.0
10437054,stimulus_Arg_PISACowsMilk_10_page_6,,,0.0
10437055,stimulus_Arg_PISACowsMilk_10_page_6,,,0.0
10437056,stimulus_Arg_PISACowsMilk_10_page_6,,,0.0
10437057,stimulus_Arg_PISACowsMilk_10_page_6,,,0.0
10437058,stimulus_Arg_PISACowsMilk_10_page_6,,,0.0
10437059,stimulus_Arg_PISACowsMilk_10_page_6,,,0.0
10437060,stimulus_Arg_PISACowsMilk_10_page_6,,,0.0
10437061,stimulus_Arg_PISACowsMilk_10_page_6,,,0.0
10437062,stimulus_Arg_PISACowsMilk_10_page_6,,,0.0
10437063,stimulus_Arg_PISACowsMilk_10_page_6,,,0.0
10437064,stimulus_Arg_PISACowsMilk_10_page_6,,,0.0
10437065,stimulus_Arg_PISACowsMilk_10_page_6,,,0.0
10437066,stimulus_Arg_PISACowsMilk_10_page_6,,,0.0
10437067,stimulus_Arg_PISACowsMilk_10_page_6,,,0.0
10437068,stimulus_Arg_PISACowsMilk_10_page_6,,,0.0
10437069,stimulus_Arg_PISACowsMilk_10_page_6,,,0.0
10437070,stimulus_Arg_PISACowsMilk_10_page_6,,,0.0
10437071,stimulus_Arg_PISACowsMilk_10_page_6,,,0.0
10437072,stimulus_Arg_PISACowsMilk_10_page_6,,,0.0
10437073,stimulus_Arg_PISACowsMilk_10_page_6,,,0.0
10437074,stimulus_Arg_PISACowsMilk_10_page_6,,,0.0
10437075,stimulus_Arg_PISACowsMilk_10_page_6,,,0.0
10437076,stimulus_Arg_PISACowsMilk_10_page_6,,,0.0
10437077,stimulus_Arg_PISACowsMilk_10_page_6,,,0.0
10437078,stimulus_Arg_PISACowsMilk_10_page_6,,,0.0
10437079,stimulus_Arg_PISACowsMilk_10_page_6,,,0.0
10437080,stimulus_Arg_PISACowsMilk_10_page_6,,,0.0
10437081,stimulus_Arg_PISACowsMilk_10_page_6,,,0.0
10437082,stimulus_Arg_PISACowsMilk_10_page_6,,,0.0
10437083,stimulus_Arg_PISACowsMilk_10_page_6,,,0.0
10437084,stimulus_Arg_PISACowsMilk_10_page_6,,,0.0
10437085,stimulus_Arg_PISACowsMilk_10_page_6,,,0.0
10437086,stimulus_Arg_PISACowsMilk_10_page_6,,,0.0
10437087,stimulus_Arg_PISACowsMilk_10_page_6,,,0.0
10437088,stimulus_Arg_PISACowsMilk_10_page_6,,,0.0
10437089,stimulus_Arg_PISACowsMilk_10_page_6,,,0.0
10437090,stimulus_Arg_PISACowsMilk_10_page_6,,,0.0
10437091,stimulus_Arg_PISACowsMilk_10_page_6,,,0.0
10437092,stimulus_Arg_PISACowsMilk_10_page_6,,,0.0
10437093,stimulus_Arg_PISACowsMilk_10_page_6,,,0.0
10437094,stimulus_Arg_PISACowsMilk_10_page_6,,,0.0
10437095,stimulus_Arg_PISACowsMilk_10_page_6,,,0.0
10437096,stimulus_Arg_PISACowsMilk_10_page_6,,,0.0
10437097,stimulus_Arg_PISACowsMilk_10_page_6,,,0.0
10437098,stimulus_Arg_PISACowsMilk_10_page_6,,,0.0
10437099,stimulus_Arg_PISACowsMilk_10_page_6,,,0.0
10437100,stimulus_Arg_PISACowsMilk_10_page_6,811.4,979.9,437.0
10437101,stimulus_Arg_PISACowsMilk_10_page_6,811.4,979.9,437.0
10437102,stimulus_Arg_PISACowsMilk_10_page_6,811.3,973.4,451.0
10437103,stimulus_Arg_PISACowsMilk_10_page_6,810.5,958.6,473.0
10437104,stimulus_Arg_PISACowsMilk_10_page_6,809.8,938.2,502.0
10437105,stimulus_Arg_PISACowsMilk_10_page_6,811.9,917.6,529.0
10437106,stimulus_Arg_PISACowsMilk_10_page_6,816.1,898.5,554.0
10437107,stimulus_Arg_PISACowsMilk_10_page_6,823.7,879.8,582.0
10437108,stimulus_Arg_PISACowsMilk_10_page_6,829.5,861.8,607.0
10437109,stimulus_Arg_PISACowsMilk_10_page_6,837.8,844.9,637.0
10437110,stimulus_Arg_PISACowsMilk_10_page_6,844.0,827.7,665.0
10437111,stimulus_Arg_PISACowsMilk_10_page_6,850.6,811.6,694.0
10437112,stimulus_Arg_PISACowsMilk_10_page_6,857.2,795.5,722.0
10437113,stimulus_Arg_PISACowsMilk_10_page_6,863.3,778.9,747.0
10437114,stimulus_Arg_PISACowsMilk_10_page_6,868.4,761.4,773.0
10437115,stimulus_Arg_PISACowsMilk_10_page_6,870.9,744.7,793.0
10437116,stimulus_Arg_PISACowsMilk_10_page_6,873.2,727.9,817.0
10437117,stimulus_Arg_PISACowsMilk_10_page_6,875.9,712.4,837.0
10437118,stimulus_Arg_PISACowsMilk_10_page_6,882.2,696.7,865.0
10437119,stimulus_Arg_PISACowsMilk_10_page_6,888.1,681.8,886.0
10437120,stimulus_Arg_PISACowsMilk_10_page_6,895.5,666.6,914.0
10437121,stimulus_Arg_PISACowsMilk_10_page_6,897.8,652.3,932.0
10437122,stimulus_Arg_PISACowsMilk_10_page_6,900.0,638.6,954.0
10437123,stimulus_Arg_PISACowsMilk_10_page_6,900.2,625.6,969.0
10437124,stimulus_Arg_PISACowsMilk_10_page_6,899.7,612.5,984.0
10437125,stimulus_Arg_PISACowsMilk_10_page_6,897.7,600.8,995.0
10437126,stimulus_Arg_PISACowsMilk_10_page_6,895.2,588.4,1007.0
10437127,stimulus_Arg_PISACowsMilk_10_page_6,893.4,577.5,1018.0
10437128,stimulus_Arg_PISACowsMilk_10_page_6,892.1,565.2,1029.0
10437129,stimulus_Arg_PISACowsMilk_10_page_6,891.6,555.1,1044.0
10437130,stimulus_Arg_PISACowsMilk_10_page_6,890.1,545.7,1056.0
10437131,stimulus_Arg_PISACowsMilk_10_page_6,889.4,535.4,1068.0
10437132,stimulus_Arg_PISACowsMilk_10_page_6,887.3,526.9,1075.0
10437133,stimulus_Arg_PISACowsMilk_10_page_6,886.1,517.7,1084.0
10437134,stimulus_Arg_PISACowsMilk_10_page_6,884.7,509.3,1091.0
10437135,stimulus_Arg_PISACowsMilk_10_page_6,883.8,500.5,1098.0
10437136,stimulus_Arg_PISACowsMilk_10_page_6,882.9,492.1,1104.0
10437137,stimulus_Arg_PISACowsMilk_10_page_6,881.7,485.6,1109.0
10437138,stimulus_Arg_PISACowsMilk_10_page_6,878.9,479.4,1112.0
10437139,stimulus_Arg_PISACowsMilk_10_page_6,872.9,475.4,1114.0
10437140,stimulus_Arg_PISACowsMilk_10_page_6,866.8,472.4,1117.0
10437141,stimulus_Arg_PISACowsMilk_10_page_6,861.4,468.9,1119.0
10437142,stimulus_Arg_PISACowsMilk_10_page_6,858.6,464.1,1123.0
10437143,stimulus_Arg_PISACowsMilk_10_page_6,856.4,459.4,1127.0
10437144,stimulus_Arg_PISACowsMilk_10_page_6,855.3,454.8,1130.0
10437145,stimulus_Arg_PISACowsMilk_10_page_6,854.4,450.1,1132.0
10437146,stimulus_Arg_PISACowsMilk_10_page_6,853.4,446.5,1136.0
10437147,stimulus_Arg_PISACowsMilk_10_page_6,852.7,444.5,1142.0
10437148,stimulus_Arg_PISACowsMilk_10_page_6,852.1,442.7,1146.0
10437149,stimulus_Arg_PISACowsMilk_10_page_6,851.8,439.9,1150.0
10437150,stimulus_Arg_PISACowsMilk_10_page_6,851.8,436.8,1153.0
10437151,stimulus_Arg_PISACowsMilk_10_page_6,851.9,434.6,1156.0
10437152,stimulus_Arg_PISACowsMilk_10_page_6,852.2,433.8,1159.0
10437153,stimulus_Arg_PISACowsMilk_10_page_6,852.5,433.3,1159.0
10437154,stimulus_Arg_PISACowsMilk_10_page_6,852.6,432.3,1160.0
10437155,stimulus_Arg_PISACowsMilk_10_page_6,853.0,431.4,1159.0
10437156,stimulus_Arg_PISACowsMilk_10_page_6,853.6,430.7,1158.0
10437157,stimulus_Arg_PISACowsMilk_10_page_6,854.2,430.6,1157.0
10437158,stimulus_Arg_PISACowsMilk_10_page_6,854.7,431.4,1156.0
10437159,stimulus_Arg_PISACowsMilk_10_page_6,854.9,433.2,1155.0
10437160,stimulus_Arg_PISACowsMilk_10_page_6,855.0,436.4,1154.0
10437161,stimulus_Arg_PISACowsMilk_10_page_6,855.0,439.6,1153.0
10437162,stimulus_Arg_PISACowsMilk_10_page_6,855.2,443.2,1152.0
10437163,stimulus_Arg_PISACowsMilk_10_page_6,855.7,446.1,1153.0
10437164,stimulus_Arg_PISACowsMilk_10_page_6,856.1,448.5,1153.0
10437165,stimulus_Arg_PISACowsMilk_10_page_6,856.3,449.4,1152.0
10437166,stimulus_Arg_PISACowsMilk_10_page_6,856.5,449.8,1152.0
10437167,stimulus_Arg_PISACowsMilk_10_page_6,856.7,449.9,1152.0
10437168,stimulus_Arg_PISACowsMilk_10_page_6,856.9,450.0,1152.0
10437169,stimulus_Arg_PISACowsMilk_10_page_6,856.8,450.0,1151.0
10437170,stimulus_Arg_PISACowsMilk_10_page_6,856.8,450.2,1150.0
10437171,stimulus_Arg_PISACowsMilk_10_page_6,856.8,450.3,1148.0
10437172,stimulus_Arg_PISACowsMilk_10_page_6,856.8,450.9,1147.0
10437173,stimulus_Arg_PISACowsMilk_10_page_6,856.8,451.3,1146.0
10437174,stimulus_Arg_PISACowsMilk_10_page_6,856.8,451.8,1145.0
10437175,stimulus_Arg_PISACowsMilk_10_page_6,856.6,451.9,1145.0
10437176,stimulus_Arg_PISACowsMilk_10_page_6,856.3,451.8,1145.0
10437177,stimulus_Arg_PISACowsMilk_10_page_6,856.1,451.8,1145.0
10437178,stimulus_Arg_PISACowsMilk_10_page_6,856.3,452.0,1145.0
10437179,stimulus_Arg_PISACowsMilk_10_page_6,856.4,452.2,1145.0
10437180,stimulus_Arg_PISACowsMilk_10_page_6,856.6,452.4,1145.0
10437181,stimulus_Arg_PISACowsMilk_10_page_6,856.6,452.9,1145.0
10437182,stimulus_Arg_PISACowsMilk_10_page_6,856.6,453.9,1146.0
10437183,stimulus_Arg_PISACowsMilk_10_page_6,856.5,455.4,1147.0
10437184,stimulus_Arg_PISACowsMilk_10_page_6,856.6,456.3,1147.0
10437185,stimulus_Arg_PISACowsMilk_10_page_6,856.7,456.8,1148.0
10437186,stimulus_Arg_PISACowsMilk_10_page_6,856.8,457.2,1150.0
10437187,stimulus_Arg_PISACowsMilk_10_page_6,856.8,458.0,1151.0
10437188,stimulus_Arg_PISACowsMilk_10_page_6,856.6,459.2,1153.0
10437189,stimulus_Arg_PISACowsMilk_10_page_6,856.4,459.9,1153.0
10437190,stimulus_Arg_PISACowsMilk_10_page_6,856.1,460.1,1153.0
10437191,stimulus_Arg_PISACowsMilk_10_page_6,856.0,460.1,1152.0
10437192,stimulus_Arg_PISACowsMilk_10_page_6,856.1,460.3,1152.0
10437193,stimulus_Arg_PISACowsMilk_10_page_6,856.6,460.6,1152.0
10437194,stimulus_Arg_PISACowsMilk_10_page_6,857.1,460.8,1152.0
10437195,stimulus_Arg_PISACowsMilk_10_page_6,857.6,460.7,1151.0
10437196,stimulus_Arg_PISACowsMilk_10_page_6,857.3,460.4,1151.0
10437197,stimulus_Arg_PISACowsMilk_10_page_6,856.9,460.2,1150.0
10437198,stimulus_Arg_PISACowsMilk_10_page_6,856.9,460.1,1151.0
10437199,stimulus_Arg_PISACowsMilk_10_page_6,857.2,460.2,1152.0
10437200,stimulus_Arg_PISACowsMilk_10_page_6,857.3,460.1,1153.0
10437201,stimulus_Arg_PISACowsMilk_10_page_6,857.0,460.1,1153.0
10437202,stimulus_Arg_PISACowsMilk_10_page_6,856.7,460.1,1154.0
10437203,stimulus_Arg_PISACowsMilk_10_page_6,856.8,460.3,1154.0
10437204,stimulus_Arg_PISACowsMilk_10_page_6,856.6,460.5,1156.0
10437205,stimulus_Arg_PISACowsMilk_10_page_6,856.3,460.2,1157.0
10437206,stimulus_Arg_PISACowsMilk_10_page_6,856.0,459.8,1156.0
10437207,stimulus_Arg_PISACowsMilk_10_page_6,855.9,459.5,1155.0
10437208,stimulus_Arg_PISACowsMilk_10_page_6,856.1,459.6,1153.0
10437209,stimulus_Arg_PISACowsMilk_10_page_6,856.2,459.6,1154.0
10437210,stimulus_Arg_PISACowsMilk_10_page_6,856.4,459.6,1156.0
10437211,stimulus_Arg_PISACowsMilk_10_page_6,856.5,459.7,1158.0
10437212,stimulus_Arg_PISACowsMilk_10_page_6,856.6,459.7,1158.0
10437213,stimulus_Arg_PISACowsMilk_10_page_6,856.7,459.7,1158.0
10437214,stimulus_Arg_PISACowsMilk_10_page_6,856.7,459.5,1158.0
10437215,stimulus_Arg_PISACowsMilk_10_page_6,856.8,459.2,1158.0
10437216,stimulus_Arg_PISACowsMilk_10_page_6,856.8,458.8,1158.0
10437217,stimulus_Arg_PISACowsMilk_10_page_6,856.8,458.7,1157.0
10437218,stimulus_Arg_PISACowsMilk_10_page_6,856.8,458.3,1156.0
10437219,stimulus_Arg_PISACowsMilk_10_page_6,856.6,457.9,1156.0
10437220,stimulus_Arg_PISACowsMilk_10_page_6,856.4,457.4,1156.0
10437221,stimulus_Arg_PISACowsMilk_10_page_6,856.3,457.2,1156.0
10437222,stimulus_Arg_PISACowsMilk_10_page_6,856.3,457.3,1156.0
10437223,stimulus_Arg_PISACowsMilk_10_page_6,856.3,457.6,1157.0
10437224,stimulus_Arg_PISACowsMilk_10_page_6,856.2,457.9,1157.0
10437225,stimulus_Arg_PISACowsMilk_10_page_6,856.1,458.0,1157.0
10437226,stimulus_Arg_PISACowsMilk_10_page_6,856.2,458.0,1156.0
10437227,stimulus_Arg_PISACowsMilk_10_page_6,856.4,457.9,1157.0
10437228,stimulus_Arg_PISACowsMilk_10_page_6,856.7,457.6,1157.0
10437229,stimulus_Arg_PISACowsMilk_10_page_6,856.7,457.2,1158.0
10437230,stimulus_Arg_PISACowsMilk_10_page_6,856.7,457.1,1158.0
10437231,stimulus_Arg_PISACowsMilk_10_page_6,856.7,457.3,1159.0
10437232,stimulus_Arg_PISACowsMilk_10_page_6,856.8,457.5,1160.0
10437233,stimulus_Arg_PISACowsMilk_10_page_6,856.7,457.4,1160.0
10437234,stimulus_Arg_PISACowsMilk_10_page_6,856.3,457.2,1160.0
10437235,stimulus_Arg_PISACowsMilk_10_page_6,855.8,457.0,1159.0
10437236,stimulus_Arg_PISACowsMilk_10_page_6,855.5,457.0,1159.0
10437237,stimulus_Arg_PISACowsMilk_10_page_6,855.4,457.1,1160.0
10437238,stimulus_Arg_PISACowsMilk_10_page_6,855.7,457.2,1160.0
10437239,stimulus_Arg_PISACowsMilk_10_page_6,856.0,457.3,1160.0
10437240,stimulus_Arg_PISACowsMilk_10_page_6,856.1,457.4,1160.0
10437241,stimulus_Arg_PISACowsMilk_10_page_6,855.8,457.3,1160.0
10437242,stimulus_Arg_PISACowsMilk_10_page_6,855.5,457.2,1160.0
10437243,stimulus_Arg_PISACowsMilk_10_page_6,855.7,457.0,1160.0
10437244,stimulus_Arg_PISACowsMilk_10_page_6,856.1,456.9,1160.0
10437245,stimulus_Arg_PISACowsMilk_10_page_6,856.4,457.0,1160.0
10437246,stimulus_Arg_PISACowsMilk_10_page_6,856.3,457.1,1161.0
10437247,stimulus_Arg_PISACowsMilk_10_page_6,856.2,457.2,1162.0
10437248,stimulus_Arg_PISACowsMilk_10_page_6,856.0,457.2,1162.0
10437249,stimulus_Arg_PISACowsMilk_10_page_6,855.8,457.2,1162.0
10437250,stimulus_Arg_PISACowsMilk_10_page_6,855.6,457.2,1161.0
10437251,stimulus_Arg_PISACowsMilk_10_page_6,855.6,456.9,1161.0
10437252,stimulus_Arg_PISACowsMilk_10_page_6,855.7,456.7,1161.0
10437253,stimulus_Arg_PISACowsMilk_10_page_6,855.8,456.7,1161.0
10437254,stimulus_Arg_PISACowsMilk_10_page_6,856.0,456.9,1162.0
10437255,stimulus_Arg_PISACowsMilk_10_page_6,856.2,457.0,1162.0
10437256,stimulus_Arg_PISACowsMilk_10_page_6,856.5,456.9,1163.0
10437257,stimulus_Arg_PISACowsMilk_10_page_6,856.3,456.8,1163.0
10437258,stimulus_Arg_PISACowsMilk_10_page_6,856.1,456.7,1164.0
10437259,stimulus_Arg_PISACowsMilk_10_page_6,855.8,456.6,1164.0
10437260,stimulus_Arg_PISACowsMilk_10_page_6,855.7,456.6,1164.0
10437261,stimulus_Arg_PISACowsMilk_10_page_6,855.7,456.7,1164.0
10437262,stimulus_Arg_PISACowsMilk_10_page_6,855.6,456.9,1164.0
10437263,stimulus_Arg_PISACowsMilk_10_page_6,855.5,457.1,1164.0
10437264,stimulus_Arg_PISACowsMilk_10_page_6,855.5,457.3,1163.0
10437265,stimulus_Arg_PISACowsMilk_10_page_6,855.5,457.3,1163.0
10437266,stimulus_Arg_PISACowsMilk_10_page_6,855.5,457.4,1163.0
10437267,stimulus_Arg_PISACowsMilk_10_page_6,855.8,457.0,1163.0
10437268,stimulus_Arg_PISACowsMilk_10_page_6,856.1,456.6,1163.0
10437269,stimulus_Arg_PISACowsMilk_10_page_6,856.3,456.2,1164.0
10437270,stimulus_Arg_PISACowsMilk_10_page_6,856.3,456.4,1164.0
10437271,stimulus_Arg_PISACowsMilk_10_page_6,856.3,456.6,1164.0
10437272,stimulus_Arg_PISACowsMilk_10_page_6,856.3,456.4,1164.0
10437273,stimulus_Arg_PISACowsMilk_10_page_6,856.4,456.2,1164.0
10437274,stimulus_Arg_PISACowsMilk_10_page_6,856.4,455.9,1164.0
10437275,stimulus_Arg_PISACowsMilk_10_page_6,856.4,456.0,1164.0
10437276,stimulus_Arg_PISACowsMilk_10_page_6,856.3,456.2,1163.0
10437277,stimulus_Arg_PISACowsMilk_10_page_6,856.2,456.4,1163.0
10437278,stimulus_Arg_PISACowsMilk_10_page_6,856.1,456.6,1163.0
10437279,stimulus_Arg_PISACowsMilk_10_page_6,856.0,456.6,1163.0
10437280,stimulus_Arg_PISACowsMilk_10_page_6,856.0,456.3,1163.0
10437281,stimulus_Arg_PISACowsMilk_10_page_6,856.0,455.9,1162.0
10437282,stimulus_Arg_PISACowsMilk_10_page_6,855.9,455.5,1162.0
10437283,stimulus_Arg_PISACowsMilk_10_page_6,855.8,455.5,1162.0
10437284,stimulus_Arg_PISACowsMilk_10_page_6,855.7,455.8,1161.0
10437285,stimulus_Arg_PISACowsMilk_10_page_6,855.7,456.2,1161.0
10437286,stimulus_Arg_PISACowsMilk_10_page_6,855.9,456.5,1161.0
10437287,stimulus_Arg_PISACowsMilk_10_page_6,856.1,456.6,1161.0
10437288,stimulus_Arg_PISACowsMilk_10_page_6,856.2,456.6,1162.0
10437289,stimulus_Arg_PISACowsMilk_10_page_6,856.2,456.6,1163.0
10437290,stimulus_Arg_PISACowsMilk_10_page_6,856.3,456.5,1163.0
10437291,stimulus_Arg_PISACowsMilk_10_page_6,856.4,456.4,1162.0
10437292,stimulus_Arg_PISACowsMilk_10_page_6,856.4,456.4,1162.0
10437293,stimulus_Arg_PISACowsMilk_10_page_6,856.3,456.4,1163.0
10437294,stimulus_Arg_PISACowsMilk_10_page_6,856.3,456.5,1164.0
10437295,stimulus_Arg_PISACowsMilk_10_page_6,856.4,456.7,1164.0
10437296,stimulus_Arg_PISACowsMilk_10_page_6,856.3,457.0,1163.0
10437297,stimulus_Arg_PISACowsMilk_10_page_6,856.1,457.5,1163.0
10437298,stimulus_Arg_PISACowsMilk_10_page_6,856.0,457.7,1163.0
10437299,stimulus_Arg_PISACowsMilk_10_page_6,856.2,457.8,1163.0
10437300,stimulus_Arg_PISACowsMilk_10_page_6,856.3,457.8,1163.0
10437301,stimulus_Arg_PISACowsMilk_10_page_6,856.3,458.0,1164.0
10437302,stimulus_Arg_PISACowsMilk_10_page_6,856.6,458.2,1163.0
10437303,stimulus_Arg_PISACowsMilk_10_page_6,856.8,458.5,1163.0
10437304,stimulus_Arg_PISACowsMilk_10_page_6,857.0,458.8,1163.0
10437305,stimulus_Arg_PISACowsMilk_10_page_6,856.8,459.2,1163.0
10437306,stimulus_Arg_PISACowsMilk_10_page_6,856.6,459.2,1163.0
10437307,stimulus_Arg_PISACowsMilk_10_page_6,856.4,459.0,1164.0
10437308,stimulus_Arg_PISACowsMilk_10_page_6,856.3,458.9,1165.0
10437309,stimulus_Arg_PISACowsMilk_10_page_6,856.1,459.0,1166.0
10437310,stimulus_Arg_PISACowsMilk_10_page_6,855.9,458.9,1166.0
10437311,stimulus_Arg_PISACowsMilk_10_page_6,856.0,458.8,1165.0
10437312,stimulus_Arg_PISACowsMilk_10_page_6,856.0,458.8,1164.0
10437313,stimulus_Arg_PISACowsMilk_10_page_6,856.0,459.1,1164.0
10437314,stimulus_Arg_PISACowsMilk_10_page_6,856.0,459.4,1164.0
10437315,stimulus_Arg_PISACowsMilk_10_page_6,856.1,459.5,1164.0
10437316,stimulus_Arg_PISACowsMilk_10_page_6,856.2,459.6,1164.0
10437317,stimulus_Arg_PISACowsMilk_10_page_6,856.3,459.8,1163.0
10437318,stimulus_Arg_PISACowsMilk_10_page_6,856.3,460.0,1164.0
10437319,stimulus_Arg_PISACowsMilk_10_page_6,856.4,460.1,1165.0
10437320,stimulus_Arg_PISACowsMilk_10_page_6,856.4,460.0,1166.0
10437321,stimulus_Arg_PISACowsMilk_10_page_6,856.4,459.9,1166.0
10437322,stimulus_Arg_PISACowsMilk_10_page_6,856.1,459.7,1165.0
10437323,stimulus_Arg_PISACowsMilk_10_page_6,855.9,459.8,1165.0
10437324,stimulus_Arg_PISACowsMilk_10_page_6,855.8,459.8,1164.0
10437325,stimulus_Arg_PISACowsMilk_10_page_6,856.0,460.4,1163.0
10437326,stimulus_Arg_PISACowsMilk_10_page_6,856.2,460.9,1162.0
10437327,stimulus_Arg_PISACowsMilk_10_page_6,856.1,461.4,1163.0
10437328,stimulus_Arg_PISACowsMilk_10_page_6,855.9,461.1,1165.0
10437329,stimulus_Arg_PISACowsMilk_10_page_6,855.9,460.7,1167.0
10437330,stimulus_Arg_PISACowsMilk_10_page_6,856.0,460.3,1167.0
10437331,stimulus_Arg_PISACowsMilk_10_page_6,856.1,460.7,1168.0
10437332,stimulus_Arg_PISACowsMilk_10_page_6,856.2,461.1,1168.0
10437333,stimulus_Arg_PISACowsMilk_10_page_6,856.2,461.0,1168.0
10437334,stimulus_Arg_PISACowsMilk_10_page_6,856.2,460.5,1168.0
10437335,stimulus_Arg_PISACowsMilk_10_page_6,856.2,460.1,1167.0
10437336,stimulus_Arg_PISACowsMilk_10_page_6,856.2,460.4,1167.0
10437337,stimulus_Arg_PISACowsMilk_10_page_6,856.2,460.8,1167.0
10437338,stimulus_Arg_PISACowsMilk_10_page_6,856.0,461.5,1168.0
10437339,stimulus_Arg_PISACowsMilk_10_page_6,855.9,462.0,1170.0
10437340,stimulus_Arg_PISACowsMilk_10_page_6,855.8,462.2,1171.0
10437341,stimulus_Arg_PISACowsMilk_10_page_6,855.8,461.7,1172.0
10437342,stimulus_Arg_PISACowsMilk_10_page_6,855.8,461.3,1172.0
10437343,stimulus_Arg_PISACowsMilk_10_page_6,855.7,461.2,1172.0
10437344,stimulus_Arg_PISACowsMilk_10_page_6,855.6,461.1,1172.0
10437345,stimulus_Arg_PISACowsMilk_10_page_6,855.6,461.1,1171.0
10437346,stimulus_Arg_PISACowsMilk_10_page_6,855.7,461.6,1171.0
10437347,stimulus_Arg_PISACowsMilk_10_page_6,855.7,462.1,1170.0
10437348,stimulus_Arg_PISACowsMilk_10_page_6,855.8,462.5,1170.0
10437349,stimulus_Arg_PISACowsMilk_10_page_6,855.7,462.4,1171.0
10437350,stimulus_Arg_PISACowsMilk_10_page_6,855.8,462.2,1172.0
10437351,stimulus_Arg_PISACowsMilk_10_page_6,855.9,462.2,1173.0
10437352,stimulus_Arg_PISACowsMilk_10_page_6,856.1,462.2,1173.0
10437353,stimulus_Arg_PISACowsMilk_10_page_6,856.2,462.2,1174.0
10437354,stimulus_Arg_PISACowsMilk_10_page_6,856.1,462.4,1174.0
10437355,stimulus_Arg_PISACowsMilk_10_page_6,855.9,462.5,1174.0
10437356,stimulus_Arg_PISACowsMilk_10_page_6,855.7,462.6,1173.0
10437357,stimulus_Arg_PISACowsMilk_10_page_6,855.7,462.4,1172.0
10437358,stimulus_Arg_PISACowsMilk_10_page_6,855.8,462.2,1173.0
10437359,stimulus_Arg_PISACowsMilk_10_page_6,855.8,462.2,1174.0
10437360,stimulus_Arg_PISACowsMilk_10_page_6,855.8,462.4,1176.0
10437361,stimulus_Arg_PISACowsMilk_10_page_6,855.8,462.8,1176.0
10437362,stimulus_Arg_PISACowsMilk_10_page_6,855.7,463.3,1177.0
10437363,stimulus_Arg_PISACowsMilk_10_page_6,855.6,463.7,1177.0
10437364,stimulus_Arg_PISACowsMilk_10_page_6,855.6,463.9,1177.0
10437365,stimulus_Arg_PISACowsMilk_10_page_6,855.7,463.7,1176.0
10437366,stimulus_Arg_PISACowsMilk_10_page_6,855.9,463.3,1177.0
10437367,stimulus_Arg_PISACowsMilk_10_page_6,856.0,462.9,1177.0
10437368,stimulus_Arg_PISACowsMilk_10_page_6,856.0,462.8,1178.0
10437369,stimulus_Arg_PISACowsMilk_10_page_6,855.9,462.7,1177.0
10437370,stimulus_Arg_PISACowsMilk_10_page_6,855.9,462.7,1177.0
10437371,stimulus_Arg_PISACowsMilk_10_page_6,855.9,462.8,1177.0
10437372,stimulus_Arg_PISACowsMilk_10_page_6,856.1,463.0,1177.0
10437373,stimulus_Arg_PISACowsMilk_10_page_6,856.3,463.2,1177.0
10437374,stimulus_Arg_PISACowsMilk_10_page_6,856.5,463.3,1178.0
10437375,stimulus_Arg_PISACowsMilk_10_page_6,856.6,463.3,1179.0
10437376,stimulus_Arg_PISACowsMilk_10_page_6,856.2,463.6,1179.0
10437377,stimulus_Arg_PISACowsMilk_10_page_6,855.8,463.9,1179.0
10437378,stimulus_Arg_PISACowsMilk_10_page_6,855.6,464.3,1178.0
10437379,stimulus_Arg_PISACowsMilk_10_page_6,856.0,464.4,1179.0
10437380,stimulus_Arg_PISACowsMilk_10_page_6,856.3,464.3,1179.0
10437381,stimulus_Arg_PISACowsMilk_10_page_6,856.4,463.7,1180.0
10437382,stimulus_Arg_PISACowsMilk_10_page_6,856.4,463.1,1180.0
10437383,stimulus_Arg_PISACowsMilk_10_page_6,856.5,462.7,1181.0
10437384,stimulus_Arg_PISACowsMilk_10_page_6,856.6,462.8,1182.0
10437385,stimulus_Arg_PISACowsMilk_10_page_6,856.7,463.0,1182.0
10437386,stimulus_Arg_PISACowsMilk_10_page_6,856.7,463.1,1181.0
10437387,stimulus_Arg_PISACowsMilk_10_page_6,856.6,463.2,1180.0
10437388,stimulus_Arg_PISACowsMilk_10_page_6,856.4,463.3,1180.0
10437389,stimulus_Arg_PISACowsMilk_10_page_6,856.2,463.3,1180.0
10437390,stimulus_Arg_PISACowsMilk_10_page_6,856.0,463.3,1181.0
10437391,stimulus_Arg_PISACowsMilk_10_page_6,856.0,463.2,1182.0
10437392,stimulus_Arg_PISACowsMilk_10_page_6,856.0,463.1,1182.0
10437393,stimulus_Arg_PISACowsMilk_10_page_6,855.9,463.1,1183.0
10437394,stimulus_Arg_PISACowsMilk_10_page_6,855.8,463.1,1183.0
10437395,stimulus_Arg_PISACowsMilk_10_page_6,855.7,463.0,1184.0
10437396,stimulus_Arg_PISACowsMilk_10_page_6,855.7,462.9,1184.0
10437397,stimulus_Arg_PISACowsMilk_10_page_6,855.7,462.8,1185.0
10437398,stimulus_Arg_PISACowsMilk_10_page_6,855.5,462.8,1185.0
10437399,stimulus_Arg_PISACowsMilk_10_page_6,855.4,462.6,1184.0
10437400,stimulus_Arg_PISACowsMilk_10_page_6,855.4,462.4,1185.0
10437401,stimulus_Arg_PISACowsMilk_10_page_6,855.4,462.4,1186.0
10437402,stimulus_Arg_PISACowsMilk_10_page_6,855.5,462.5,1187.0
10437403,stimulus_Arg_PISACowsMilk_10_page_6,855.5,462.4,1186.0
10437404,stimulus_Arg_PISACowsMilk_10_page_6,855.6,462.2,1185.0
10437405,stimulus_Arg_PISACowsMilk_10_page_6,855.5,462.0,1184.0
10437406,stimulus_Arg_PISACowsMilk_10_page_6,855.5,461.9,1184.0
10437407,stimulus_Arg_PISACowsMilk_10_page_6,855.4,461.9,1184.0
10437408,stimulus_Arg_PISACowsMilk_10_page_6,855.5,461.9,1185.0
10437409,stimulus_Arg_PISACowsMilk_10_page_6,855.5,462.0,1186.0
10437410,stimulus_Arg_PISACowsMilk_10_page_6,855.6,462.5,1187.0
10437411,stimulus_Arg_PISACowsMilk_10_page_6,855.6,462.9,1188.0
10437412,stimulus_Arg_PISACowsMilk_10_page_6,855.7,463.1,1188.0
10437413,stimulus_Arg_PISACowsMilk_10_page_6,855.8,462.7,1188.0
10437414,stimulus_Arg_PISACowsMilk_10_page_6,855.8,462.4,1188.0
10437415,stimulus_Arg_PISACowsMilk_10_page_6,856.0,462.1,1188.0
10437416,stimulus_Arg_PISACowsMilk_10_page_6,856.1,462.1,1189.0
10437417,stimulus_Arg_PISACowsMilk_10_page_6,856.1,462.0,1189.0
10437418,stimulus_Arg_PISACowsMilk_10_page_6,855.9,462.0,1190.0
10437419,stimulus_Arg_PISACowsMilk_10_page_6,855.6,462.0,1191.0
10437420,stimulus_Arg_PISACowsMilk_10_page_6,855.2,462.0,1192.0
10437421,stimulus_Arg_PISACowsMilk_10_page_6,855.1,461.7,1192.0
10437422,stimulus_Arg_PISACowsMilk_10_page_6,855.0,461.4,1192.0
10437423,stimulus_Arg_PISACowsMilk_10_page_6,855.6,461.1,1191.0
10437424,stimulus_Arg_PISACowsMilk_10_page_6,857.1,461.4,1191.0
10437425,stimulus_Arg_PISACowsMilk_10_page_6,860.9,462.2,1191.0
10437426,stimulus_Arg_PISACowsMilk_10_page_6,866.3,462.9,1191.0
10437427,stimulus_Arg_PISACowsMilk_10_page_6,872.2,463.7,1191.0
10437428,stimulus_Arg_PISACowsMilk_10_page_6,878.4,464.1,1192.0
10437429,stimulus_Arg_PISACowsMilk_10_page_6,884.8,464.5,1193.0
10437430,stimulus_Arg_PISACowsMilk_10_page_6,892.1,464.7,1195.0
10437431,stimulus_Arg_PISACowsMilk_10_page_6,899.1,465.0,1196.0
10437432,stimulus_Arg_PISACowsMilk_10_page_6,907.1,465.9,1197.0
10437433,stimulus_Arg_PISACowsMilk_10_page_6,914.6,466.7,1197.0
10437434,stimulus_Arg_PISACowsMilk_10_page_6,922.2,467.4,1197.0
10437435,stimulus_Arg_PISACowsMilk_10_page_6,929.4,467.8,1197.0
10437436,stimulus_Arg_PISACowsMilk_10_page_6,937.1,468.5,1196.0
10437437,stimulus_Arg_PISACowsMilk_10_page_6,945.8,469.3,1196.0
10437438,stimulus_Arg_PISACowsMilk_10_page_6,953.8,469.6,1195.0
10437439,stimulus_Arg_PISACowsMilk_10_page_6,960.5,469.9,1195.0
10437440,stimulus_Arg_PISACowsMilk_10_page_6,965.9,470.3,1193.0
10437441,stimulus_Arg_PISACowsMilk_10_page_6,971.0,470.8,1190.0
10437442,stimulus_Arg_PISACowsMilk_10_page_6,976.4,471.0,1186.0
10437443,stimulus_Arg_PISACowsMilk_10_page_6,979.8,471.0,1185.0
10437444,stimulus_Arg_PISACowsMilk_10_page_6,981.3,471.5,1183.0
10437445,stimulus_Arg_PISACowsMilk_10_page_6,981.0,472.0,1181.0
10437446,stimulus_Arg_PISACowsMilk_10_page_6,979.9,472.5,1179.0
10437447,stimulus_Arg_PISACowsMilk_10_page_6,978.1,472.3,1177.0
10437448,stimulus_Arg_PISACowsMilk_10_page_6,975.1,471.8,1175.0
10437449,stimulus_Arg_PISACowsMilk_10_page_6,971.9,470.9,1174.0
10437450,stimulus_Arg_PISACowsMilk_10_page_6,968.1,470.2,1175.0
10437451,stimulus_Arg_PISACowsMilk_10_page_6,964.6,469.8,1175.0
10437452,stimulus_Arg_PISACowsMilk_10_page_6,961.2,469.7,1176.0
10437453,stimulus_Arg_PISACowsMilk_10_page_6,958.0,469.8,1176.0
10437454,stimulus_Arg_PISACowsMilk_10_page_6,955.0,469.7,1176.0
10437455,stimulus_Arg_PISACowsMilk_10_page_6,952.4,469.7,1177.0
10437456,stimulus_Arg_PISACowsMilk_10_page_6,950.9,469.4,1178.0
10437457,stimulus_Arg_PISACowsMilk_10_page_6,949.9,469.1,1180.0
10437458,stimulus_Arg_PISACowsMilk_10_page_6,949.4,468.8,1182.0
10437459,stimulus_Arg_PISACowsMilk_10_page_6,949.5,469.0,1184.0
10437460,stimulus_Arg_PISACowsMilk_10_page_6,950.0,470.0,1187.0
10437461,stimulus_Arg_PISACowsMilk_10_page_6,951.2,471.1,1187.0
10437462,stimulus_Arg_PISACowsMilk_10_page_6,952.1,471.9,1187.0
10437463,stimulus_Arg_PISACowsMilk_10_page_6,953.1,472.1,1187.0
10437464,stimulus_Arg_PISACowsMilk_10_page_6,954.1,471.9,1188.0
10437465,stimulus_Arg_PISACowsMilk_10_page_6,955.1,471.6,1187.0
10437466,stimulus_Arg_PISACowsMilk_10_page_6,956.1,471.4,1186.0
10437467,stimulus_Arg_PISACowsMilk_10_page_6,956.5,471.5,1186.0
10437468,stimulus_Arg_PISACowsMilk_10_page_6,956.9,471.6,1186.0
10437469,stimulus_Arg_PISACowsMilk_10_page_6,957.2,471.7,1187.0
10437470,stimulus_Arg_PISACowsMilk_10_page_6,957.5,471.8,1187.0
10437471,stimulus_Arg_PISACowsMilk_10_page_6,957.6,471.7,1187.0
10437472,stimulus_Arg_PISACowsMilk_10_page_6,958.2,471.6,1186.0
10437473,stimulus_Arg_PISACowsMilk_10_page_6,958.8,471.5,1184.0
10437474,stimulus_Arg_PISACowsMilk_10_page_6,959.5,471.8,1183.0
10437475,stimulus_Arg_PISACowsMilk_10_page_6,959.9,472.1,1182.0
10437476,stimulus_Arg_PISACowsMilk_10_page_6,960.2,472.4,1182.0
10437477,stimulus_Arg_PISACowsMilk_10_page_6,960.6,472.6,1181.0
10437478,stimulus_Arg_PISACowsMilk_10_page_6,960.7,472.7,1182.0
10437479,stimulus_Arg_PISACowsMilk_10_page_6,960.8,472.3,1183.0
10437480,stimulus_Arg_PISACowsMilk_10_page_6,961.0,471.9,1184.0
10437481,stimulus_Arg_PISACowsMilk_10_page_6,961.0,471.7,1183.0
10437482,stimulus_Arg_PISACowsMilk_10_page_6,961.0,471.9,1183.0
10437483,stimulus_Arg_PISACowsMilk_10_page_6,961.0,472.1,1182.0
10437484,stimulus_Arg_PISACowsMilk_10_page_6,961.0,472.1,1182.0
10437485,stimulus_Arg_PISACowsMilk_10_page_6,961.0,472.0,1182.0
10437486,stimulus_Arg_PISACowsMilk_10_page_6,961.1,471.7,1182.0
10437487,stimulus_Arg_PISACowsMilk_10_page_6,961.1,471.5,1181.0
10437488,stimulus_Arg_PISACowsMilk_10_page_6,961.1,471.2,1181.0
10437489,stimulus_Arg_PISACowsMilk_10_page_6,961.1,471.2,1181.0
10437490,stimulus_Arg_PISACowsMilk_10_page_6,961.1,471.1,1182.0
10437491,stimulus_Arg_PISACowsMilk_10_page_6,961.1,470.9,1180.0
10437492,stimulus_Arg_PISACowsMilk_10_page_6,961.2,470.8,1178.0
10437493,stimulus_Arg_PISACowsMilk_10_page_6,961.3,470.9,1176.0
10437494,stimulus_Arg_PISACowsMilk_10_page_6,961.3,470.7,1176.0
10437495,stimulus_Arg_PISACowsMilk_10_page_6,961.0,470.5,1175.0
10437496,stimulus_Arg_PISACowsMilk_10_page_6,960.7,470.4,1176.0
10437497,stimulus_Arg_PISACowsMilk_10_page_6,960.4,470.4,1176.0
10437498,stimulus_Arg_PISACowsMilk_10_page_6,960.3,470.5,1177.0
10437499,stimulus_Arg_PISACowsMilk_10_page_6,960.3,470.5,1177.0
10437500,stimulus_Arg_PISACowsMilk_10_page_6,960.3,470.5,1177.0
10437501,stimulus_Arg_PISACowsMilk_10_page_6,960.2,470.7,1177.0
10437502,stimulus_Arg_PISACowsMilk_10_page_6,960.0,470.9,1177.0
10437503,stimulus_Arg_PISACowsMilk_10_page_6,959.8,471.0,1177.0
10437504,stimulus_Arg_PISACowsMilk_10_page_6,959.7,470.9,1176.0
10437505,stimulus_Arg_PISACowsMilk_10_page_6,959.6,470.9,1175.0
10437506,stimulus_Arg_PISACowsMilk_10_page_6,959.5,470.8,1174.0
10437507,stimulus_Arg_PISACowsMilk_10_page_6,959.6,470.7,1173.0
10437508,stimulus_Arg_PISACowsMilk_10_page_6,959.9,470.7,1174.0
10437509,stimulus_Arg_PISACowsMilk_10_page_6,960.0,470.7,1176.0
10437510,stimulus_Arg_PISACowsMilk_10_page_6,960.3,470.7,1178.0
10437511,stimulus_Arg_PISACowsMilk_10_page_6,960.4,470.7,1180.0
10437512,stimulus_Arg_PISACowsMilk_10_page_6,960.6,470.5,1180.0
10437513,stimulus_Arg_PISACowsMilk_10_page_6,960.7,470.3,1180.0
10437514,stimulus_Arg_PISACowsMilk_10_page_6,960.5,470.1,1177.0
10437515,stimulus_Arg_PISACowsMilk_10_page_6,960.4,470.0,1175.0
10437516,stimulus_Arg_PISACowsMilk_10_page_6,960.2,469.7,1173.0
10437517,stimulus_Arg_PISACowsMilk_10_page_6,960.2,469.4,1173.0
10437518,stimulus_Arg_PISACowsMilk_10_page_6,960.3,469.1,1174.0
10437519,stimulus_Arg_PISACowsMilk_10_page_6,960.2,469.1,1175.0
10437520,stimulus_Arg_PISACowsMilk_10_page_6,960.1,469.0,1177.0
10437521,stimulus_Arg_PISACowsMilk_10_page_6,959.9,469.0,1176.0
10437522,stimulus_Arg_PISACowsMilk_10_page_6,959.7,469.0,1175.0
10437523,stimulus_Arg_PISACowsMilk_10_page_6,959.5,469.0,1174.0
10437524,stimulus_Arg_PISACowsMilk_10_page_6,959.3,469.1,1172.0
10437525,stimulus_Arg_PISACowsMilk_10_page_6,959.1,469.0,1171.0
10437526,stimulus_Arg_PISACowsMilk_10_page_6,959.0,468.9,1171.0
10437527,stimulus_Arg_PISACowsMilk_10_page_6,959.0,469.1,1172.0
10437528,stimulus_Arg_PISACowsMilk_10_page_6,959.0,469.4,1172.0
10437529,stimulus_Arg_PISACowsMilk_10_page_6,959.1,469.7,1173.0
10437530,stimulus_Arg_PISACowsMilk_10_page_6,959.1,470.2,1175.0
10437531,stimulus_Arg_PISACowsMilk_10_page_6,959.0,470.6,1176.0
10437532,stimulus_Arg_PISACowsMilk_10_page_6,958.8,471.0,1177.0
10437533,stimulus_Arg_PISACowsMilk_10_page_6,958.5,471.1,1177.0
10437534,stimulus_Arg_PISACowsMilk_10_page_6,958.2,471.3,1176.0
10437535,stimulus_Arg_PISACowsMilk_10_page_6,958.1,471.4,1174.0
10437536,stimulus_Arg_PISACowsMilk_10_page_6,958.0,471.5,1173.0
10437537,stimulus_Arg_PISACowsMilk_10_page_6,958.0,471.6,1173.0
10437538,stimulus_Arg_PISACowsMilk_10_page_6,957.9,472.1,1172.0
10437539,stimulus_Arg_PISACowsMilk_10_page_6,957.9,472.6,1172.0
10437540,stimulus_Arg_PISACowsMilk_10_page_6,958.0,473.0,1173.0
10437541,stimulus_Arg_PISACowsMilk_10_page_6,958.1,472.9,1173.0
10437542,stimulus_Arg_PISACowsMilk_10_page_6,958.3,472.9,1173.0
10437543,stimulus_Arg_PISACowsMilk_10_page_6,958.4,472.7,1171.0
10437544,stimulus_Arg_PISACowsMilk_10_page_6,958.6,472.7,1170.0
10437545,stimulus_Arg_PISACowsMilk_10_page_6,958.9,472.6,1169.0
10437546,stimulus_Arg_PISACowsMilk_10_page_6,959.0,472.6,1169.0
10437547,stimulus_Arg_PISACowsMilk_10_page_6,959.0,472.6,1169.0
10437548,stimulus_Arg_PISACowsMilk_10_page_6,959.0,472.7,1169.0
10437549,stimulus_Arg_PISACowsMilk_10_page_6,959.0,473.0,1169.0
10437550,stimulus_Arg_PISACowsMilk_10_page_6,958.8,473.3,1170.0
10437551,stimulus_Arg_PISACowsMilk_10_page_6,958.5,473.5,1170.0
10437552,stimulus_Arg_PISACowsMilk_10_page_6,958.4,473.5,1170.0
10437553,stimulus_Arg_PISACowsMilk_10_page_6,958.4,473.6,1169.0
10437554,stimulus_Arg_PISACowsMilk_10_page_6,958.7,473.5,1167.0
10437555,stimulus_Arg_PISACowsMilk_10_page_6,958.8,473.5,1166.0
10437556,stimulus_Arg_PISACowsMilk_10_page_6,959.0,473.9,1166.0
10437557,stimulus_Arg_PISACowsMilk_10_page_6,958.9,474.5,1166.0
10437558,stimulus_Arg_PISACowsMilk_10_page_6,958.8,475.0,1165.0
10437559,stimulus_Arg_PISACowsMilk_10_page_6,958.9,474.8,1163.0
10437560,stimulus_Arg_PISACowsMilk_10_page_6,959.0,474.7,1164.0
10437561,stimulus_Arg_PISACowsMilk_10_page_6,959.0,474.7,1164.0
10437562,stimulus_Arg_PISACowsMilk_10_page_6,959.3,474.5,1165.0
10437563,stimulus_Arg_PISACowsMilk_10_page_6,959.5,474.3,1165.0
10437564,stimulus_Arg_PISACowsMilk_10_page_6,959.5,474.1,1164.0
10437565,stimulus_Arg_PISACowsMilk_10_page_6,959.2,474.0,1163.0
10437566,stimulus_Arg_PISACowsMilk_10_page_6,958.9,474.2,1163.0
10437567,stimulus_Arg_PISACowsMilk_10_page_6,958.8,474.4,1162.0
10437568,stimulus_Arg_PISACowsMilk_10_page_6,958.9,474.5,1163.0
10437569,stimulus_Arg_PISACowsMilk_10_page_6,959.1,474.5,1164.0
10437570,stimulus_Arg_PISACowsMilk_10_page_6,959.4,474.5,1165.0
10437571,stimulus_Arg_PISACowsMilk_10_page_6,959.5,475.1,1165.0
10437572,stimulus_Arg_PISACowsMilk_10_page_6,959.6,475.8,1165.0
10437573,stimulus_Arg_PISACowsMilk_10_page_6,959.6,476.5,1164.0
10437574,stimulus_Arg_PISACowsMilk_10_page_6,959.7,476.8,1163.0
10437575,stimulus_Arg_PISACowsMilk_10_page_6,959.8,476.9,1162.0
10437576,stimulus_Arg_PISACowsMilk_10_page_6,959.9,476.9,1161.0
10437577,stimulus_Arg_PISACowsMilk_10_page_6,960.0,476.5,1161.0
10437578,stimulus_Arg_PISACowsMilk_10_page_6,960.0,476.1,1161.0
10437579,stimulus_Arg_PISACowsMilk_10_page_6,959.9,475.7,1161.0
10437580,stimulus_Arg_PISACowsMilk_10_page_6,959.8,475.7,1162.0
10437581,stimulus_Arg_PISACowsMilk_10_page_6,959.9,475.5,1162.0
10437582,stimulus_Arg_PISACowsMilk_10_page_6,960.0,475.4,1162.0
10437583,stimulus_Arg_PISACowsMilk_10_page_6,960.1,475.7,1161.0
10437584,stimulus_Arg_PISACowsMilk_10_page_6,960.2,476.2,1160.0
10437585,stimulus_Arg_PISACowsMilk_10_page_6,960.2,476.8,1159.0
10437586,stimulus_Arg_PISACowsMilk_10_page_6,960.3,476.8,1157.0
10437587,stimulus_Arg_PISACowsMilk_10_page_6,960.2,476.7,1156.0
10437588,stimulus_Arg_PISACowsMilk_10_page_6,960.2,476.5,1155.0
10437589,stimulus_Arg_PISACowsMilk_10_page_6,960.1,476.2,1155.0
10437590,stimulus_Arg_PISACowsMilk_10_page_6,960.1,476.0,1155.0
10437591,stimulus_Arg_PISACowsMilk_10_page_6,959.9,475.9,1155.0
10437592,stimulus_Arg_PISACowsMilk_10_page_6,959.6,475.9,1154.0
10437593,stimulus_Arg_PISACowsMilk_10_page_6,959.4,476.0,1155.0
10437594,stimulus_Arg_PISACowsMilk_10_page_6,959.5,476.1,1155.0
10437595,stimulus_Arg_PISACowsMilk_10_page_6,959.6,476.2,1154.0
10437596,stimulus_Arg_PISACowsMilk_10_page_6,959.8,476.3,1152.0
10437597,stimulus_Arg_PISACowsMilk_10_page_6,960.0,476.4,1151.0
10437598,stimulus_Arg_PISACowsMilk_10_page_6,960.2,476.3,1150.0
10437599,stimulus_Arg_PISACowsMilk_10_page_6,960.2,476.4,1151.0
10437600,stimulus_Arg_PISACowsMilk_10_page_6,960.3,476.6,1153.0
10437601,stimulus_Arg_PISACowsMilk_10_page_6,960.5,476.7,1153.0
10437602,stimulus_Arg_PISACowsMilk_10_page_6,960.6,476.8,1152.0
10437603,stimulus_Arg_PISACowsMilk_10_page_6,960.6,477.0,1150.0
10437604,stimulus_Arg_PISACowsMilk_10_page_6,960.6,477.2,1149.0
10437605,stimulus_Arg_PISACowsMilk_10_page_6,960.6,477.6,1147.0
10437606,stimulus_Arg_PISACowsMilk_10_page_6,960.5,477.7,1147.0
10437607,stimulus_Arg_PISACowsMilk_10_page_6,960.3,477.7,1147.0
10437608,stimulus_Arg_PISACowsMilk_10_page_6,960.3,477.5,1148.0
10437609,stimulus_Arg_PISACowsMilk_10_page_6,960.5,477.3,1148.0
10437610,stimulus_Arg_PISACowsMilk_10_page_6,960.6,477.2,1149.0
10437611,stimulus_Arg_PISACowsMilk_10_page_6,960.5,477.0,1148.0
10437612,stimulus_Arg_PISACowsMilk_10_page_6,960.5,476.9,1146.0
10437613,stimulus_Arg_PISACowsMilk_10_page_6,960.2,476.7,1145.0
10437614,stimulus_Arg_PISACowsMilk_10_page_6,959.8,476.8,1145.0
10437615,stimulus_Arg_PISACowsMilk_10_page_6,959.5,477.2,1145.0
10437616,stimulus_Arg_PISACowsMilk_10_page_6,959.6,477.6,1145.0
10437617,stimulus_Arg_PISACowsMilk_10_page_6,959.7,477.8,1145.0
10437618,stimulus_Arg_PISACowsMilk_10_page_6,959.8,477.8,1144.0
10437619,stimulus_Arg_PISACowsMilk_10_page_6,959.8,477.5,1144.0
10437620,stimulus_Arg_PISACowsMilk_10_page_6,959.6,477.2,1144.0
10437621,stimulus_Arg_PISACowsMilk_10_page_6,959.6,476.8,1144.0
10437622,stimulus_Arg_PISACowsMilk_10_page_6,959.5,476.7,1145.0
10437623,stimulus_Arg_PISACowsMilk_10_page_6,959.6,476.5,1145.0
10437624,stimulus_Arg_PISACowsMilk_10_page_6,959.5,476.3,1146.0
10437625,stimulus_Arg_PISACowsMilk_10_page_6,959.4,476.1,1146.0
10437626,stimulus_Arg_PISACowsMilk_10_page_6,959.2,476.0,1145.0
10437627,stimulus_Arg_PISACowsMilk_10_page_6,959.1,475.9,1143.0
10437628,stimulus_Arg_PISACowsMilk_10_page_6,959.1,476.0,1141.0
10437629,stimulus_Arg_PISACowsMilk_10_page_6,958.8,476.0,1141.0
10437630,stimulus_Arg_PISACowsMilk_10_page_6,958.5,476.0,1141.0
10437631,stimulus_Arg_PISACowsMilk_10_page_6,958.3,475.7,1140.0
10437632,stimulus_Arg_PISACowsMilk_10_page_6,958.4,475.3,1140.0
10437633,stimulus_Arg_PISACowsMilk_10_page_6,958.4,475.2,1140.0
10437634,stimulus_Arg_PISACowsMilk_10_page_6,958.5,475.2,1138.0
10437635,stimulus_Arg_PISACowsMilk_10_page_6,958.5,475.3,1136.0
10437636,stimulus_Arg_PISACowsMilk_10_page_6,958.6,475.3,1134.0
10437637,stimulus_Arg_PISACowsMilk_10_page_6,958.7,475.4,1136.0
10437638,stimulus_Arg_PISACowsMilk_10_page_6,958.7,475.3,1137.0
10437639,stimulus_Arg_PISACowsMilk_10_page_6,958.6,475.1,1138.0
10437640,stimulus_Arg_PISACowsMilk_10_page_6,958.5,474.8,1137.0
10437641,stimulus_Arg_PISACowsMilk_10_page_6,958.5,474.7,1137.0
10437642,stimulus_Arg_PISACowsMilk_10_page_6,958.6,474.6,1136.0
10437643,stimulus_Arg_PISACowsMilk_10_page_6,958.6,474.7,1136.0
10437644,stimulus_Arg_PISACowsMilk_10_page_6,958.7,474.7,1135.0
10437645,stimulus_Arg_PISACowsMilk_10_page_6,958.6,474.6,1134.0
10437646,stimulus_Arg_PISACowsMilk_10_page_6,958.6,474.5,1133.0
10437647,stimulus_Arg_PISACowsMilk_10_page_6,958.6,474.5,1133.0
10437648,stimulus_Arg_PISACowsMilk_10_page_6,958.6,474.7,1133.0
10437649,stimulus_Arg_PISACowsMilk_10_page_6,958.7,474.5,1133.0
10437650,stimulus_Arg_PISACowsMilk_10_page_6,958.7,474.2,1133.0
10437651,stimulus_Arg_PISACowsMilk_10_page_6,958.8,473.8,1133.0
10437652,stimulus_Arg_PISACowsMilk_10_page_6,958.7,474.1,1133.0
10437653,stimulus_Arg_PISACowsMilk_10_page_6,958.6,474.4,1133.0
10437654,stimulus_Arg_PISACowsMilk_10_page_6,958.5,474.6,1133.0
10437655,stimulus_Arg_PISACowsMilk_10_page_6,958.4,474.6,1133.0
10437656,stimulus_Arg_PISACowsMilk_10_page_6,958.4,474.5,1133.0
10437657,stimulus_Arg_PISACowsMilk_10_page_6,958.5,474.5,1133.0
10437658,stimulus_Arg_PISACowsMilk_10_page_6,958.5,474.6,1134.0
10437659,stimulus_Arg_PISACowsMilk_10_page_6,958.5,474.6,1134.0
10437660,stimulus_Arg_PISACowsMilk_10_page_6,958.5,474.5,1133.0
10437661,stimulus_Arg_PISACowsMilk_10_page_6,958.5,474.4,1132.0
10437662,stimulus_Arg_PISACowsMilk_10_page_6,958.5,474.9,1131.0
10437663,stimulus_Arg_PISACowsMilk_10_page_6,958.7,475.4,1130.0
10437664,stimulus_Arg_PISACowsMilk_10_page_6,959.0,475.8,1131.0
10437665,stimulus_Arg_PISACowsMilk_10_page_6,959.2,475.9,1131.0
10437666,stimulus_Arg_PISACowsMilk_10_page_6,959.1,476.0,1131.0
10437667,stimulus_Arg_PISACowsMilk_10_page_6,959.1,476.0,1130.0
10437668,stimulus_Arg_PISACowsMilk_10_page_6,959.1,476.0,1130.0
10437669,stimulus_Arg_PISACowsMilk_10_page_6,959.1,475.9,1130.0
10437670,stimulus_Arg_PISACowsMilk_10_page_6,959.1,475.9,1131.0
10437671,stimulus_Arg_PISACowsMilk_10_page_6,959.1,475.9,1132.0
10437672,stimulus_Arg_PISACowsMilk_10_page_6,959.1,476.0,1132.0
10437673,stimulus_Arg_PISACowsMilk_10_page_6,959.1,476.2,1132.0
10437674,stimulus_Arg_PISACowsMilk_10_page_6,959.1,476.4,1131.0
10437675,stimulus_Arg_PISACowsMilk_10_page_6,959.5,476.7,1130.0
10437676,stimulus_Arg_PISACowsMilk_10_page_6,959.9,476.7,1129.0
10437677,stimulus_Arg_PISACowsMilk_10_page_6,960.2,476.6,1128.0
10437678,stimulus_Arg_PISACowsMilk_10_page_6,960.1,476.6,1128.0
10437679,stimulus_Arg_PISACowsMilk_10_page_6,959.9,476.6,1128.0
10437680,stimulus_Arg_PISACowsMilk_10_page_6,959.8,476.7,1128.0
10437681,stimulus_Arg_PISACowsMilk_10_page_6,959.8,476.7,1128.0
10437682,stimulus_Arg_PISACowsMilk_10_page_6,959.9,476.7,1128.0
10437683,stimulus_Arg_PISACowsMilk_10_page_6,959.9,476.6,1129.0
10437684,stimulus_Arg_PISACowsMilk_10_page_6,960.0,476.5,1129.0
10437685,stimulus_Arg_PISACowsMilk_10_page_6,960.0,476.5,1129.0
10437686,stimulus_Arg_PISACowsMilk_10_page_6,959.8,476.6,1128.0
10437687,stimulus_Arg_PISACowsMilk_10_page_6,959.5,476.6,1126.0
10437688,stimulus_Arg_PISACowsMilk_10_page_6,959.2,476.7,1125.0
10437689,stimulus_Arg_PISACowsMilk_10_page_6,959.0,476.7,1124.0
10437690,stimulus_Arg_PISACowsMilk_10_page_6,959.0,476.7,1125.0
10437691,stimulus_Arg_PISACowsMilk_10_page_6,959.1,476.7,1125.0
10437692,stimulus_Arg_PISACowsMilk_10_page_6,959.1,476.7,1125.0
10437693,stimulus_Arg_PISACowsMilk_10_page_6,959.3,476.7,1124.0
10437694,stimulus_Arg_PISACowsMilk_10_page_6,959.4,476.9,1124.0
10437695,stimulus_Arg_PISACowsMilk_10_page_6,959.5,477.0,1123.0
10437696,stimulus_Arg_PISACowsMilk_10_page_6,959.6,477.0,1123.0
10437697,stimulus_Arg_PISACowsMilk_10_page_6,959.6,476.8,1122.0
10437698,stimulus_Arg_PISACowsMilk_10_page_6,959.6,476.5,1122.0
10437699,stimulus_Arg_PISACowsMilk_10_page_6,959.6,476.2,1122.0
10437700,stimulus_Arg_PISACowsMilk_10_page_6,959.7,476.0,1122.0
10437701,stimulus_Arg_PISACowsMilk_10_page_6,959.8,476.3,1122.0
10437702,stimulus_Arg_PISACowsMilk_10_page_6,960.0,476.5,1121.0
10437703,stimulus_Arg_PISACowsMilk_10_page_6,960.2,476.5,1120.0
10437704,stimulus_Arg_PISACowsMilk_10_page_6,960.3,476.3,1119.0
10437705,stimulus_Arg_PISACowsMilk_10_page_6,960.3,475.9,1119.0
10437706,stimulus_Arg_PISACowsMilk_10_page_6,960.4,475.9,1118.0
10437707,stimulus_Arg_PISACowsMilk_10_page_6,960.5,475.8,1116.0
10437708,stimulus_Arg_PISACowsMilk_10_page_6,960.7,475.7,1116.0
10437709,stimulus_Arg_PISACowsMilk_10_page_6,960.8,475.6,1116.0
10437710,stimulus_Arg_PISACowsMilk_10_page_6,960.9,475.4,1116.0
10437711,stimulus_Arg_PISACowsMilk_10_page_6,960.9,475.6,1117.0
10437712,stimulus_Arg_PISACowsMilk_10_page_6,960.8,475.9,1117.0
10437713,stimulus_Arg_PISACowsMilk_10_page_6,960.7,476.2,1117.0
10437714,stimulus_Arg_PISACowsMilk_10_page_6,960.8,476.0,1117.0
10437715,stimulus_Arg_PISACowsMilk_10_page_6,960.9,475.8,1117.0
10437716,stimulus_Arg_PISACowsMilk_10_page_6,960.9,475.6,1117.0
10437717,stimulus_Arg_PISACowsMilk_10_page_6,960.9,475.9,1118.0
10437718,stimulus_Arg_PISACowsMilk_10_page_6,960.9,476.5,1118.0
10437719,stimulus_Arg_PISACowsMilk_10_page_6,960.9,477.1,1119.0
10437720,stimulus_Arg_PISACowsMilk_10_page_6,960.9,477.4,1118.0
10437721,stimulus_Arg_PISACowsMilk_10_page_6,961.1,477.2,1118.0
10437722,stimulus_Arg_PISACowsMilk_10_page_6,961.3,477.0,1118.0
10437723,stimulus_Arg_PISACowsMilk_10_page_6,961.1,476.9,1118.0
10437724,stimulus_Arg_PISACowsMilk_10_page_6,960.8,477.0,1118.0
10437725,stimulus_Arg_PISACowsMilk_10_page_6,960.5,477.1,1118.0
10437726,stimulus_Arg_PISACowsMilk_10_page_6,960.6,477.1,1118.0
10437727,stimulus_Arg_PISACowsMilk_10_page_6,960.5,476.8,1118.0
10437728,stimulus_Arg_PISACowsMilk_10_page_6,960.4,476.4,1117.0
10437729,stimulus_Arg_PISACowsMilk_10_page_6,960.3,476.0,1117.0
10437730,stimulus_Arg_PISACowsMilk_10_page_6,960.3,476.0,1116.0
10437731,stimulus_Arg_PISACowsMilk_10_page_6,960.3,476.2,1115.0
10437732,stimulus_Arg_PISACowsMilk_10_page_6,960.3,476.5,1115.0
10437733,stimulus_Arg_PISACowsMilk_10_page_6,960.0,476.6,1114.0
10437734,stimulus_Arg_PISACowsMilk_10_page_6,959.8,476.4,1113.0
10437735,stimulus_Arg_PISACowsMilk_10_page_6,959.5,476.4,1113.0
10437736,stimulus_Arg_PISACowsMilk_10_page_6,959.5,476.7,1112.0
10437737,stimulus_Arg_PISACowsMilk_10_page_6,959.5,476.9,1112.0
10437738,stimulus_Arg_PISACowsMilk_10_page_6,959.8,477.1,1112.0
10437739,stimulus_Arg_PISACowsMilk_10_page_6,960.2,476.9,1113.0
10437740,stimulus_Arg_PISACowsMilk_10_page_6,961.4,476.9,1112.0
10437741,stimulus_Arg_PISACowsMilk_10_page_6,963.0,476.8,1111.0
10437742,stimulus_Arg_PISACowsMilk_10_page_6,965.3,476.6,1109.0
10437743,stimulus_Arg_PISACowsMilk_10_page_6,968.3,476.3,1108.0
10437744,stimulus_Arg_PISACowsMilk_10_page_6,972.1,476.1,1107.0
10437745,stimulus_Arg_PISACowsMilk_10_page_6,977.1,476.2,1106.0
10437746,stimulus_Arg_PISACowsMilk_10_page_6,982.5,477.2,1105.0
10437747,stimulus_Arg_PISACowsMilk_10_page_6,988.5,478.4,1105.0
10437748,stimulus_Arg_PISACowsMilk_10_page_6,994.6,480.0,1106.0
10437749,stimulus_Arg_PISACowsMilk_10_page_6,1001.9,480.7,1106.0
10437750,stimulus_Arg_PISACowsMilk_10_page_6,1008.1,481.1,1107.0
10437751,stimulus_Arg_PISACowsMilk_10_page_6,1014.9,480.2,1107.0
10437752,stimulus_Arg_PISACowsMilk_10_page_6,1021.2,479.0,1107.0
10437753,stimulus_Arg_PISACowsMilk_10_page_6,1028.3,477.8,1107.0
10437754,stimulus_Arg_PISACowsMilk_10_page_6,1034.3,476.8,1105.0
10437755,stimulus_Arg_PISACowsMilk_10_page_6,1039.1,475.3,1103.0
10437756,stimulus_Arg_PISACowsMilk_10_page_6,1043.0,473.9,1098.0
10437757,stimulus_Arg_PISACowsMilk_10_page_6,1046.0,473.1,1095.0
10437758,stimulus_Arg_PISACowsMilk_10_page_6,1049.0,473.1,1093.0
10437759,stimulus_Arg_PISACowsMilk_10_page_6,1051.8,473.2,1093.0
10437760,stimulus_Arg_PISACowsMilk_10_page_6,1054.7,473.5,1094.0
10437761,stimulus_Arg_PISACowsMilk_10_page_6,1057.3,473.5,1092.0
10437762,stimulus_Arg_PISACowsMilk_10_page_6,1059.7,473.5,1090.0
10437763,stimulus_Arg_PISACowsMilk_10_page_6,1061.9,473.4,1085.0
10437764,stimulus_Arg_PISACowsMilk_10_page_6,1064.9,473.3,1083.0
10437765,stimulus_Arg_PISACowsMilk_10_page_6,1068.1,473.1,1080.0
10437766,stimulus_Arg_PISACowsMilk_10_page_6,1071.4,473.0,1080.0
10437767,stimulus_Arg_PISACowsMilk_10_page_6,1073.7,473.1,1080.0
10437768,stimulus_Arg_PISACowsMilk_10_page_6,1075.3,473.3,1080.0
10437769,stimulus_Arg_PISACowsMilk_10_page_6,1076.3,473.6,1081.0
10437770,stimulus_Arg_PISACowsMilk_10_page_6,1076.5,473.9,1082.0
10437771,stimulus_Arg_PISACowsMilk_10_page_6,1076.2,474.5,1083.0
10437772,stimulus_Arg_PISACowsMilk_10_page_6,1075.6,475.0,1083.0
10437773,stimulus_Arg_PISACowsMilk_10_page_6,1074.4,475.5,1083.0
10437774,stimulus_Arg_PISACowsMilk_10_page_6,1072.8,475.4,1083.0
10437775,stimulus_Arg_PISACowsMilk_10_page_6,1070.8,475.2,1081.0
10437776,stimulus_Arg_PISACowsMilk_10_page_6,1069.0,474.9,1079.0
10437777,stimulus_Arg_PISACowsMilk_10_page_6,1067.3,474.7,1078.0
10437778,stimulus_Arg_PISACowsMilk_10_page_6,1065.4,474.6,1078.0
10437779,stimulus_Arg_PISACowsMilk_10_page_6,1063.4,474.7,1078.0
10437780,stimulus_Arg_PISACowsMilk_10_page_6,1061.7,475.0,1078.0
10437781,stimulus_Arg_PISACowsMilk_10_page_6,1060.9,475.3,1079.0
10437782,stimulus_Arg_PISACowsMilk_10_page_6,1060.6,475.5,1079.0
10437783,stimulus_Arg_PISACowsMilk_10_page_6,1060.5,476.0,1080.0
10437784,stimulus_Arg_PISACowsMilk_10_page_6,1060.6,476.5,1080.0
10437785,stimulus_Arg_PISACowsMilk_10_page_6,1061.0,476.9,1079.0
10437786,stimulus_Arg_PISACowsMilk_10_page_6,1061.8,476.8,1081.0
10437787,stimulus_Arg_PISACowsMilk_10_page_6,1062.7,476.7,1082.0
10437788,stimulus_Arg_PISACowsMilk_10_page_6,1063.4,476.7,1084.0
10437789,stimulus_Arg_PISACowsMilk_10_page_6,1064.2,476.7,1083.0
10437790,stimulus_Arg_PISACowsMilk_10_page_6,1065.3,476.6,1083.0
10437791,stimulus_Arg_PISACowsMilk_10_page_6,1066.0,476.6,1084.0
10437792,stimulus_Arg_PISACowsMilk_10_page_6,1066.4,476.7,1084.0
10437793,stimulus_Arg_PISACowsMilk_10_page_6,1066.7,476.7,1085.0
10437794,stimulus_Arg_PISACowsMilk_10_page_6,1067.1,476.6,1085.0
10437795,stimulus_Arg_PISACowsMilk_10_page_6,1067.5,476.6,1085.0
10437796,stimulus_Arg_PISACowsMilk_10_page_6,1067.5,476.9,1086.0
10437797,stimulus_Arg_PISACowsMilk_10_page_6,1067.4,477.1,1086.0
10437798,stimulus_Arg_PISACowsMilk_10_page_6,1067.3,477.3,1086.0
10437799,stimulus_Arg_PISACowsMilk_10_page_6,1067.2,477.3,1086.0
10437800,stimulus_Arg_PISACowsMilk_10_page_6,1067.2,477.3,1085.0
10437801,stimulus_Arg_PISACowsMilk_10_page_6,1067.4,477.3,1086.0
10437802,stimulus_Arg_PISACowsMilk_10_page_6,1067.8,477.3,1085.0
10437803,stimulus_Arg_PISACowsMilk_10_page_6,1068.3,477.5,1085.0
10437804,stimulus_Arg_PISACowsMilk_10_page_6,1068.4,477.6,1085.0
10437805,stimulus_Arg_PISACowsMilk_10_page_6,1068.1,477.7,1085.0
10437806,stimulus_Arg_PISACowsMilk_10_page_6,1067.9,477.8,1083.0
10437807,stimulus_Arg_PISACowsMilk_10_page_6,1067.7,478.2,1082.0
10437808,stimulus_Arg_PISACowsMilk_10_page_6,1067.6,478.8,1082.0
10437809,stimulus_Arg_PISACowsMilk_10_page_6,1067.5,479.3,1083.0
10437810,stimulus_Arg_PISACowsMilk_10_page_6,1067.5,479.5,1084.0
10437811,stimulus_Arg_PISACowsMilk_10_page_6,1067.5,479.1,1084.0
10437812,stimulus_Arg_PISACowsMilk_10_page_6,1067.5,478.6,1084.0
10437813,stimulus_Arg_PISACowsMilk_10_page_6,1067.4,478.2,1084.0
10437814,stimulus_Arg_PISACowsMilk_10_page_6,1067.6,478.3,1083.0
10437815,stimulus_Arg_PISACowsMilk_10_page_6,1067.8,478.5,1083.0
10437816,stimulus_Arg_PISACowsMilk_10_page_6,1068.0,478.7,1082.0
10437817,stimulus_Arg_PISACowsMilk_10_page_6,1067.9,478.6,1082.0
10437818,stimulus_Arg_PISACowsMilk_10_page_6,1067.8,478.3,1082.0
10437819,stimulus_Arg_PISACowsMilk_10_page_6,1067.8,478.1,1081.0
10437820,stimulus_Arg_PISACowsMilk_10_page_6,1067.7,478.3,1081.0
10437821,stimulus_Arg_PISACowsMilk_10_page_6,1067.7,478.1,1080.0
10437822,stimulus_Arg_PISACowsMilk_10_page_6,1067.7,477.7,1080.0
10437823,stimulus_Arg_PISACowsMilk_10_page_6,1067.4,477.3,1079.0
10437824,stimulus_Arg_PISACowsMilk_10_page_6,1067.1,477.4,1078.0
10437825,stimulus_Arg_PISACowsMilk_10_page_6,1066.8,477.5,1078.0
10437826,stimulus_Arg_PISACowsMilk_10_page_6,1066.8,477.8,1078.0
10437827,stimulus_Arg_PISACowsMilk_10_page_6,1067.0,477.9,1078.0
10437828,stimulus_Arg_PISACowsMilk_10_page_6,1067.1,478.0,1079.0
10437829,stimulus_Arg_PISACowsMilk_10_page_6,1067.3,477.7,1079.0
10437830,stimulus_Arg_PISACowsMilk_10_page_6,1067.5,477.3,1079.0
10437831,stimulus_Arg_PISACowsMilk_10_page_6,1067.7,476.9,1080.0
10437832,stimulus_Arg_PISACowsMilk_10_page_6,1068.0,476.8,1080.0
10437833,stimulus_Arg_PISACowsMilk_10_page_6,1068.1,477.3,1080.0
10437834,stimulus_Arg_PISACowsMilk_10_page_6,1068.2,478.0,1080.0
10437835,stimulus_Arg_PISACowsMilk_10_page_6,1068.2,478.6,1079.0
10437836,stimulus_Arg_PISACowsMilk_10_page_6,1068.2,478.6,1078.0
10437837,stimulus_Arg_PISACowsMilk_10_page_6,1068.1,478.5,1078.0
10437838,stimulus_Arg_PISACowsMilk_10_page_6,1068.0,477.9,1077.0
10437839,stimulus_Arg_PISACowsMilk_10_page_6,1067.9,477.4,1078.0
10437840,stimulus_Arg_PISACowsMilk_10_page_6,1067.9,477.1,1078.0
10437841,stimulus_Arg_PISACowsMilk_10_page_6,1067.9,477.3,1078.0
10437842,stimulus_Arg_PISACowsMilk_10_page_6,1068.1,477.1,1078.0
10437843,stimulus_Arg_PISACowsMilk_10_page_6,1068.3,476.8,1078.0
10437844,stimulus_Arg_PISACowsMilk_10_page_6,1068.6,476.5,1077.0
10437845,stimulus_Arg_PISACowsMilk_10_page_6,1068.6,476.9,1075.0
10437846,stimulus_Arg_PISACowsMilk_10_page_6,1068.5,477.3,1074.0
10437847,stimulus_Arg_PISACowsMilk_10_page_6,1068.4,477.7,1074.0
10437848,stimulus_Arg_PISACowsMilk_10_page_6,1068.3,477.8,1074.0
10437849,stimulus_Arg_PISACowsMilk_10_page_6,1068.2,477.8,1074.0
10437850,stimulus_Arg_PISACowsMilk_10_page_6,1068.0,477.8,1074.0
10437851,stimulus_Arg_PISACowsMilk_10_page_6,1067.7,477.9,1074.0
10437852,stimulus_Arg_PISACowsMilk_10_page_6,1067.6,477.9,1074.0
10437853,stimulus_Arg_PISACowsMilk_10_page_6,1067.7,477.9,1075.0
10437854,stimulus_Arg_PISACowsMilk_10_page_6,1067.7,477.8,1075.0
10437855,stimulus_Arg_PISACowsMilk_10_page_6,1067.6,477.6,1075.0
10437856,stimulus_Arg_PISACowsMilk_10_page_6,1067.8,477.4,1075.0
10437857,stimulus_Arg_PISACowsMilk_10_page_6,1068.0,477.4,1074.0
10437858,stimulus_Arg_PISACowsMilk_10_page_6,1068.1,477.5,1074.0
10437859,stimulus_Arg_PISACowsMilk_10_page_6,1068.2,477.6,1075.0
10437860,stimulus_Arg_PISACowsMilk_10_page_6,1068.1,477.8,1075.0
10437861,stimulus_Arg_PISACowsMilk_10_page_6,1068.1,477.7,1075.0
10437862,stimulus_Arg_PISACowsMilk_10_page_6,1068.1,477.5,1075.0
10437863,stimulus_Arg_PISACowsMilk_10_page_6,1068.1,477.4,1075.0
10437864,stimulus_Arg_PISACowsMilk_10_page_6,1068.1,477.5,1075.0
10437865,stimulus_Arg_PISACowsMilk_10_page_6,1068.1,477.7,1074.0
10437866,stimulus_Arg_PISACowsMilk_10_page_6,1068.1,477.9,1073.0
10437867,stimulus_Arg_PISACowsMilk_10_page_6,1068.1,478.2,1072.0
10437868,stimulus_Arg_PISACowsMilk_10_page_6,1068.2,478.5,1073.0
10437869,stimulus_Arg_PISACowsMilk_10_page_6,1068.4,478.7,1073.0
10437870,stimulus_Arg_PISACowsMilk_10_page_6,1068.5,478.4,1074.0
10437871,stimulus_Arg_PISACowsMilk_10_page_6,1068.6,478.1,1074.0
10437872,stimulus_Arg_PISACowsMilk_10_page_6,1068.5,477.6,1074.0
10437873,stimulus_Arg_PISACowsMilk_10_page_6,1068.4,477.3,1073.0
10437874,stimulus_Arg_PISACowsMilk_10_page_6,1068.4,477.2,1073.0
10437875,stimulus_Arg_PISACowsMilk_10_page_6,1068.4,477.3,1072.0
10437876,stimulus_Arg_PISACowsMilk_10_page_6,1068.6,477.4,1072.0
10437877,stimulus_Arg_PISACowsMilk_10_page_6,1068.8,477.4,1072.0
10437878,stimulus_Arg_PISACowsMilk_10_page_6,1068.8,477.3,1071.0
10437879,stimulus_Arg_PISACowsMilk_10_page_6,1068.8,477.0,1071.0
10437880,stimulus_Arg_PISACowsMilk_10_page_6,1068.8,476.7,1071.0
10437881,stimulus_Arg_PISACowsMilk_10_page_6,1068.7,476.9,1071.0
10437882,stimulus_Arg_PISACowsMilk_10_page_6,1068.6,477.4,1071.0
10437883,stimulus_Arg_PISACowsMilk_10_page_6,1068.6,477.9,1071.0
10437884,stimulus_Arg_PISACowsMilk_10_page_6,1068.7,477.8,1071.0
10437885,stimulus_Arg_PISACowsMilk_10_page_6,1068.5,477.6,1071.0
10437886,stimulus_Arg_PISACowsMilk_10_page_6,1068.1,477.4,1071.0
10437887,stimulus_Arg_PISACowsMilk_10_page_6,1067.7,477.5,1071.0
10437888,stimulus_Arg_PISACowsMilk_10_page_6,1067.6,477.7,1071.0
10437889,stimulus_Arg_PISACowsMilk_10_page_6,1067.8,478.1,1072.0
10437890,stimulus_Arg_PISACowsMilk_10_page_6,1067.9,478.6,1073.0
10437891,stimulus_Arg_PISACowsMilk_10_page_6,1068.0,478.8,1074.0
10437892,stimulus_Arg_PISACowsMilk_10_page_6,1068.0,478.9,1073.0
10437893,stimulus_Arg_PISACowsMilk_10_page_6,1068.1,479.1,1073.0
10437894,stimulus_Arg_PISACowsMilk_10_page_6,1068.1,479.2,1072.0
10437895,stimulus_Arg_PISACowsMilk_10_page_6,1068.2,479.2,1072.0
10437896,stimulus_Arg_PISACowsMilk_10_page_6,1068.3,479.1,1072.0
10437897,stimulus_Arg_PISACowsMilk_10_page_6,1068.4,479.1,1072.0
10437898,stimulus_Arg_PISACowsMilk_10_page_6,1068.3,479.0,1071.0
10437899,stimulus_Arg_PISACowsMilk_10_page_6,1068.4,478.9,1071.0
10437900,stimulus_Arg_PISACowsMilk_10_page_6,1068.5,478.9,1072.0
10437901,stimulus_Arg_PISACowsMilk_10_page_6,1068.3,478.9,1073.0
10437902,stimulus_Arg_PISACowsMilk_10_page_6,1067.9,478.8,1073.0
10437903,stimulus_Arg_PISACowsMilk_10_page_6,1067.6,478.5,1072.0
10437904,stimulus_Arg_PISACowsMilk_10_page_6,1067.8,478.3,1072.0
10437905,stimulus_Arg_PISACowsMilk_10_page_6,1068.0,478.7,1072.0
10437906,stimulus_Arg_PISACowsMilk_10_page_6,1068.1,479.2,1071.0
10437907,stimulus_Arg_PISACowsMilk_10_page_6,1068.2,479.7,1071.0
10437908,stimulus_Arg_PISACowsMilk_10_page_6,1068.1,479.6,1071.0
10437909,stimulus_Arg_PISACowsMilk_10_page_6,1068.0,479.6,1071.0
10437910,stimulus_Arg_PISACowsMilk_10_page_6,1068.0,479.6,1071.0
10437911,stimulus_Arg_PISACowsMilk_10_page_6,1068.0,479.6,1072.0
10437912,stimulus_Arg_PISACowsMilk_10_page_6,1068.4,479.7,1073.0
10437913,stimulus_Arg_PISACowsMilk_10_page_6,1068.6,479.9,1074.0
10437914,stimulus_Arg_PISACowsMilk_10_page_6,1068.8,480.1,1074.0
10437915,stimulus_Arg_PISACowsMilk_10_page_6,1068.7,480.3,1074.0
10437916,stimulus_Arg_PISACowsMilk_10_page_6,1068.8,480.6,1075.0
10437917,stimulus_Arg_PISACowsMilk_10_page_6,1068.9,480.8,1075.0
10437918,stimulus_Arg_PISACowsMilk_10_page_6,1068.8,480.7,1075.0
10437919,stimulus_Arg_PISACowsMilk_10_page_6,1068.6,480.6,1076.0
10437920,stimulus_Arg_PISACowsMilk_10_page_6,1068.5,480.2,1077.0
10437921,stimulus_Arg_PISACowsMilk_10_page_6,1068.5,479.8,1077.0
10437922,stimulus_Arg_PISACowsMilk_10_page_6,1068.5,479.5,1078.0
10437923,stimulus_Arg_PISACowsMilk_10_page_6,1068.6,479.8,1078.0
10437924,stimulus_Arg_PISACowsMilk_10_page_6,1068.6,480.1,1077.0
10437925,stimulus_Arg_PISACowsMilk_10_page_6,1068.7,480.3,1076.0
10437926,stimulus_Arg_PISACowsMilk_10_page_6,1068.7,480.1,1076.0
10437927,stimulus_Arg_PISACowsMilk_10_page_6,1068.8,479.9,1075.0
10437928,stimulus_Arg_PISACowsMilk_10_page_6,1068.8,480.0,1075.0
10437929,stimulus_Arg_PISACowsMilk_10_page_6,1068.8,480.0,1076.0
10437930,stimulus_Arg_PISACowsMilk_10_page_6,1068.8,479.9,1076.0
10437931,stimulus_Arg_PISACowsMilk_10_page_6,1068.7,479.8,1077.0
10437932,stimulus_Arg_PISACowsMilk_10_page_6,1068.7,479.9,1077.0
10437933,stimulus_Arg_PISACowsMilk_10_page_6,1068.8,480.2,1077.0
10437934,stimulus_Arg_PISACowsMilk_10_page_6,1068.9,480.4,1077.0
10437935,stimulus_Arg_PISACowsMilk_10_page_6,1068.9,480.3,1077.0
10437936,stimulus_Arg_PISACowsMilk_10_page_6,1068.9,480.3,1077.0
10437937,stimulus_Arg_PISACowsMilk_10_page_6,1068.7,480.4,1077.0
10437938,stimulus_Arg_PISACowsMilk_10_page_6,1068.7,480.5,1077.0
10437939,stimulus_Arg_PISACowsMilk_10_page_6,1068.6,480.8,1077.0
10437940,stimulus_Arg_PISACowsMilk_10_page_6,1068.4,481.2,1077.0
10437941,stimulus_Arg_PISACowsMilk_10_page_6,1068.2,481.3,1077.0
10437942,stimulus_Arg_PISACowsMilk_10_page_6,1068.0,481.0,1077.0
10437943,stimulus_Arg_PISACowsMilk_10_page_6,1068.2,481.0,1076.0
10437944,stimulus_Arg_PISACowsMilk_10_page_6,1068.5,481.2,1077.0
10437945,stimulus_Arg_PISACowsMilk_10_page_6,1068.8,481.6,1078.0
10437946,stimulus_Arg_PISACowsMilk_10_page_6,1068.8,481.9,1079.0
10437947,stimulus_Arg_PISACowsMilk_10_page_6,1068.8,482.1,1079.0
10437948,stimulus_Arg_PISACowsMilk_10_page_6,1068.8,482.1,1079.0
10437949,stimulus_Arg_PISACowsMilk_10_page_6,1068.8,482.2,1079.0
10437950,stimulus_Arg_PISACowsMilk_10_page_6,1068.6,482.2,1078.0
10437951,stimulus_Arg_PISACowsMilk_10_page_6,1068.4,482.1,1078.0
10437952,stimulus_Arg_PISACowsMilk_10_page_6,1068.1,481.9,1078.0
10437953,stimulus_Arg_PISACowsMilk_10_page_6,1067.9,481.7,1079.0
10437954,stimulus_Arg_PISACowsMilk_10_page_6,1067.8,481.7,1079.0
10437955,stimulus_Arg_PISACowsMilk_10_page_6,1067.8,481.7,1081.0
10437956,stimulus_Arg_PISACowsMilk_10_page_6,1067.8,481.7,1082.0
10437957,stimulus_Arg_PISACowsMilk_10_page_6,1067.6,481.7,1083.0
10437958,stimulus_Arg_PISACowsMilk_10_page_6,1067.3,481.7,1083.0
10437959,stimulus_Arg_PISACowsMilk_10_page_6,1067.1,482.1,1082.0
10437960,stimulus_Arg_PISACowsMilk_10_page_6,1067.0,482.5,1082.0
10437961,stimulus_Arg_PISACowsMilk_10_page_6,1067.3,483.0,1082.0
10437962,stimulus_Arg_PISACowsMilk_10_page_6,1067.6,483.1,1081.0
10437963,stimulus_Arg_PISACowsMilk_10_page_6,1067.9,483.2,1081.0
10437964,stimulus_Arg_PISACowsMilk_10_page_6,1068.1,483.2,1081.0
10437965,stimulus_Arg_PISACowsMilk_10_page_6,1068.2,483.2,1081.0
10437966,stimulus_Arg_PISACowsMilk_10_page_6,1068.2,483.0,1081.0
10437967,stimulus_Arg_PISACowsMilk_10_page_6,1068.2,482.7,1082.0
10437968,stimulus_Arg_PISACowsMilk_10_page_6,1068.2,482.6,1082.0
10437969,stimulus_Arg_PISACowsMilk_10_page_6,1068.0,482.9,1083.0
10437970,stimulus_Arg_PISACowsMilk_10_page_6,1067.8,483.1,1083.0
10437971,stimulus_Arg_PISACowsMilk_10_page_6,1067.6,483.2,1083.0
10437972,stimulus_Arg_PISACowsMilk_10_page_6,1067.6,483.3,1083.0
10437973,stimulus_Arg_PISACowsMilk_10_page_6,1067.6,483.6,1083.0
10437974,stimulus_Arg_PISACowsMilk_10_page_6,1067.5,483.5,1084.0
10437975,stimulus_Arg_PISACowsMilk_10_page_6,1067.1,483.1,1083.0
10437976,stimulus_Arg_PISACowsMilk_10_page_6,1066.7,482.8,1083.0
10437977,stimulus_Arg_PISACowsMilk_10_page_6,1066.3,482.7,1082.0
10437978,stimulus_Arg_PISACowsMilk_10_page_6,1066.4,482.6,1082.0
10437979,stimulus_Arg_PISACowsMilk_10_page_6,1066.6,482.6,1082.0
10437980,stimulus_Arg_PISACowsMilk_10_page_6,1066.6,482.5,1082.0
10437981,stimulus_Arg_PISACowsMilk_10_page_6,1066.7,482.4,1082.0
10437982,stimulus_Arg_PISACowsMilk_10_page_6,1066.6,482.3,1082.0
10437983,stimulus_Arg_PISACowsMilk_10_page_6,1066.3,482.4,1082.0
10437984,stimulus_Arg_PISACowsMilk_10_page_6,1066.1,482.4,1082.0
10437985,stimulus_Arg_PISACowsMilk_10_page_6,1066.0,482.4,1081.0
10437986,stimulus_Arg_PISACowsMilk_10_page_6,1066.1,482.3,1081.0
10437987,stimulus_Arg_PISACowsMilk_10_page_6,1066.3,482.1,1081.0
10437988,stimulus_Arg_PISACowsMilk_10_page_6,1066.3,481.5,1080.0
10437989,stimulus_Arg_PISACowsMilk_10_page_6,1066.4,481.0,1080.0
10437990,stimulus_Arg_PISACowsMilk_10_page_6,1066.4,480.6,1080.0
10437991,stimulus_Arg_PISACowsMilk_10_page_6,1066.3,480.6,1080.0
10437992,stimulus_Arg_PISACowsMilk_10_page_6,1066.2,480.7,1080.0
10437993,stimulus_Arg_PISACowsMilk_10_page_6,1066.2,480.9,1080.0
10437994,stimulus_Arg_PISACowsMilk_10_page_6,1066.2,481.0,1080.0
10437995,stimulus_Arg_PISACowsMilk_10_page_6,1066.2,481.0,1079.0
10437996,stimulus_Arg_PISACowsMilk_10_page_6,1066.2,480.9,1079.0
10437997,stimulus_Arg_PISACowsMilk_10_page_6,1066.2,480.9,1080.0
10437998,stimulus_Arg_PISACowsMilk_10_page_6,1066.1,480.5,1080.0
10437999,stimulus_Arg_PISACowsMilk_10_page_6,1066.1,480.1,1080.0
10438000,stimulus_Arg_PISACowsMilk_10_page_6,1066.4,479.8,1079.0
10438001,stimulus_Arg_PISACowsMilk_10_page_6,1066.6,480.2,1079.0
10438002,stimulus_Arg_PISACowsMilk_10_page_6,1066.6,480.6,1078.0
10438003,stimulus_Arg_PISACowsMilk_10_page_6,1066.4,480.8,1078.0
10438004,stimulus_Arg_PISACowsMilk_10_page_6,1066.1,480.6,1078.0
10438005,stimulus_Arg_PISACowsMilk_10_page_6,1066.1,480.4,1078.0
10438006,stimulus_Arg_PISACowsMilk_10_page_6,1066.1,480.4,1077.0
10438007,stimulus_Arg_PISACowsMilk_10_page_6,1066.1,480.5,1077.0
10438008,stimulus_Arg_PISACowsMilk_10_page_6,1066.1,480.5,1077.0
10438009,stimulus_Arg_PISACowsMilk_10_page_6,1066.2,480.5,1077.0
10438010,stimulus_Arg_PISACowsMilk_10_page_6,1066.3,480.6,1077.0
10438011,stimulus_Arg_PISACowsMilk_10_page_6,1066.3,481.0,1077.0
10438012,stimulus_Arg_PISACowsMilk_10_page_6,1066.2,481.4,1077.0
10438013,stimulus_Arg_PISACowsMilk_10_page_6,1066.1,481.6,1077.0
10438014,stimulus_Arg_PISACowsMilk_10_page_6,1066.1,481.6,1077.0
10438015,stimulus_Arg_PISACowsMilk_10_page_6,1066.0,481.7,1078.0
10438016,stimulus_Arg_PISACowsMilk_10_page_6,1066.1,481.5,1078.0
10438017,stimulus_Arg_PISACowsMilk_10_page_6,1066.1,481.2,1078.0
10438018,stimulus_Arg_PISACowsMilk_10_page_6,1066.0,481.3,1078.0
10438019,stimulus_Arg_PISACowsMilk_10_page_6,1066.1,481.6,1078.0
10438020,stimulus_Arg_PISACowsMilk_10_page_6,1066.1,482.1,1079.0
10438021,stimulus_Arg_PISACowsMilk_10_page_6,1066.4,482.2,1079.0
10438022,stimulus_Arg_PISACowsMilk_10_page_6,1066.6,482.4,1080.0
10438023,stimulus_Arg_PISACowsMilk_10_page_6,1066.7,482.4,1079.0
10438024,stimulus_Arg_PISACowsMilk_10_page_6,1066.7,482.4,1079.0
10438025,stimulus_Arg_PISACowsMilk_10_page_6,1066.7,482.5,1079.0
10438026,stimulus_Arg_PISACowsMilk_10_page_6,1066.7,482.5,1079.0
10438027,stimulus_Arg_PISACowsMilk_10_page_6,1066.5,482.1,1079.0
10438028,stimulus_Arg_PISACowsMilk_10_page_6,1066.2,481.7,1078.0
10438029,stimulus_Arg_PISACowsMilk_10_page_6,1066.0,481.4,1078.0
10438030,stimulus_Arg_PISACowsMilk_10_page_6,1065.9,481.4,1078.0
10438031,stimulus_Arg_PISACowsMilk_10_page_6,1065.9,481.5,1078.0
10438032,stimulus_Arg_PISACowsMilk_10_page_6,1065.9,481.3,1078.0
10438033,stimulus_Arg_PISACowsMilk_10_page_6,1065.9,481.0,1078.0
10438034,stimulus_Arg_PISACowsMilk_10_page_6,1066.0,481.0,1078.0
10438035,stimulus_Arg_PISACowsMilk_10_page_6,1066.1,481.5,1079.0
10438036,stimulus_Arg_PISACowsMilk_10_page_6,1066.5,482.0,1080.0
10438037,stimulus_Arg_PISACowsMilk_10_page_6,1066.8,482.2,1081.0
10438038,stimulus_Arg_PISACowsMilk_10_page_6,1067.1,483.1,1082.0
10438039,stimulus_Arg_PISACowsMilk_10_page_6,1067.2,483.8,1083.0
10438040,stimulus_Arg_PISACowsMilk_10_page_6,1067.1,484.3,1083.0
10438041,stimulus_Arg_PISACowsMilk_10_page_6,1066.3,483.5,1080.0
10438042,stimulus_Arg_PISACowsMilk_10_page_6,1065.1,482.1,1077.0
10438043,stimulus_Arg_PISACowsMilk_10_page_6,1062.5,480.2,1074.0
10438044,stimulus_Arg_PISACowsMilk_10_page_6,1059.0,478.7,1074.0
10438045,stimulus_Arg_PISACowsMilk_10_page_6,1055.1,478.1,1075.0
10438046,stimulus_Arg_PISACowsMilk_10_page_6,1050.9,478.1,1075.0
10438047,stimulus_Arg_PISACowsMilk_10_page_6,1045.9,478.1,1075.0
10438048,stimulus_Arg_PISACowsMilk_10_page_6,1039.5,477.4,1075.0
10438049,stimulus_Arg_PISACowsMilk_10_page_6,1033.2,476.5,1077.0
10438050,stimulus_Arg_PISACowsMilk_10_page_6,1028.4,475.4,1079.0
10438051,stimulus_Arg_PISACowsMilk_10_page_6,1023.2,474.4,1080.0
10438052,stimulus_Arg_PISACowsMilk_10_page_6,1018.2,472.8,1081.0
10438053,stimulus_Arg_PISACowsMilk_10_page_6,1013.3,471.2,1082.0
10438054,stimulus_Arg_PISACowsMilk_10_page_6,1010.8,470.0,1083.0
10438055,stimulus_Arg_PISACowsMilk_10_page_6,1008.9,469.5,1082.0
10438056,stimulus_Arg_PISACowsMilk_10_page_6,1007.5,469.0,1084.0
10438057,stimulus_Arg_PISACowsMilk_10_page_6,1005.3,469.5,1086.0
10438058,stimulus_Arg_PISACowsMilk_10_page_6,1003.7,470.9,1088.0
10438059,stimulus_Arg_PISACowsMilk_10_page_6,1003.0,472.5,1090.0
10438060,stimulus_Arg_PISACowsMilk_10_page_6,1003.2,473.9,1092.0
10438061,stimulus_Arg_PISACowsMilk_10_page_6,1003.5,474.7,1092.0
10438062,stimulus_Arg_PISACowsMilk_10_page_6,1003.8,475.5,1091.0
10438063,stimulus_Arg_PISACowsMilk_10_page_6,1004.3,475.6,1090.0
10438064,stimulus_Arg_PISACowsMilk_10_page_6,1005.0,475.7,1090.0
10438065,stimulus_Arg_PISACowsMilk_10_page_6,1006.0,475.7,1089.0
10438066,stimulus_Arg_PISACowsMilk_10_page_6,1007.1,475.6,1089.0
10438067,stimulus_Arg_PISACowsMilk_10_page_6,1008.3,475.2,1090.0
10438068,stimulus_Arg_PISACowsMilk_10_page_6,1009.3,474.7,1090.0
10438069,stimulus_Arg_PISACowsMilk_10_page_6,1010.0,474.0,1090.0
10438070,stimulus_Arg_PISACowsMilk_10_page_6,1011.0,473.6,1089.0
10438071,stimulus_Arg_PISACowsMilk_10_page_6,1011.8,473.2,1089.0
10438072,stimulus_Arg_PISACowsMilk_10_page_6,1012.6,473.1,1089.0
10438073,stimulus_Arg_PISACowsMilk_10_page_6,1013.2,473.1,1089.0
10438074,stimulus_Arg_PISACowsMilk_10_page_6,1013.4,473.1,1089.0
10438075,stimulus_Arg_PISACowsMilk_10_page_6,1013.6,473.7,1089.0
10438076,stimulus_Arg_PISACowsMilk_10_page_6,1013.7,474.2,1088.0
10438077,stimulus_Arg_PISACowsMilk_10_page_6,1013.8,474.6,1087.0
10438078,stimulus_Arg_PISACowsMilk_10_page_6,1013.9,474.5,1086.0
10438079,stimulus_Arg_PISACowsMilk_10_page_6,1013.9,474.7,1086.0
10438080,stimulus_Arg_PISACowsMilk_10_page_6,1013.8,474.9,1086.0
10438081,stimulus_Arg_PISACowsMilk_10_page_6,1013.7,474.9,1086.0
10438082,stimulus_Arg_PISACowsMilk_10_page_6,1013.7,474.6,1085.0
10438083,stimulus_Arg_PISACowsMilk_10_page_6,1013.5,474.3,1085.0
10438084,stimulus_Arg_PISACowsMilk_10_page_6,1013.1,474.1,1084.0
10438085,stimulus_Arg_PISACowsMilk_10_page_6,1012.3,474.1,1084.0
10438086,stimulus_Arg_PISACowsMilk_10_page_6,1011.7,474.2,1084.0
10438087,stimulus_Arg_PISACowsMilk_10_page_6,1011.2,474.2,1084.0
10438088,stimulus_Arg_PISACowsMilk_10_page_6,1011.1,474.2,1085.0
10438089,stimulus_Arg_PISACowsMilk_10_page_6,1011.1,474.2,1085.0
10438090,stimulus_Arg_PISACowsMilk_10_page_6,1011.1,474.4,1085.0
10438091,stimulus_Arg_PISACowsMilk_10_page_6,1010.6,474.5,1085.0
10438092,stimulus_Arg_PISACowsMilk_10_page_6,1010.1,474.4,1085.0
10438093,stimulus_Arg_PISACowsMilk_10_page_6,1009.6,474.2,1084.0
10438094,stimulus_Arg_PISACowsMilk_10_page_6,1009.5,474.0,1084.0
10438095,stimulus_Arg_PISACowsMilk_10_page_6,1009.5,474.2,1083.0
10438096,stimulus_Arg_PISACowsMilk_10_page_6,1009.3,474.3,1083.0
10438097,stimulus_Arg_PISACowsMilk_10_page_6,1009.2,474.3,1083.0
10438098,stimulus_Arg_PISACowsMilk_10_page_6,1009.2,474.1,1083.0
10438099,stimulus_Arg_PISACowsMilk_10_page_6,1009.6,473.9,1083.0
10438100,stimulus_Arg_PISACowsMilk_10_page_6,1010.0,473.8,1084.0
10438101,stimulus_Arg_PISACowsMilk_10_page_6,1010.2,473.7,1083.0
10438102,stimulus_Arg_PISACowsMilk_10_page_6,1010.0,473.5,1083.0
10438103,stimulus_Arg_PISACowsMilk_10_page_6,1009.8,473.4,1084.0
10438104,stimulus_Arg_PISACowsMilk_10_page_6,1009.7,473.4,1084.0
10438105,stimulus_Arg_PISACowsMilk_10_page_6,1009.8,474.0,1084.0
10438106,stimulus_Arg_PISACowsMilk_10_page_6,1010.0,474.6,1083.0
10438107,stimulus_Arg_PISACowsMilk_10_page_6,1010.1,475.2,1082.0
10438108,stimulus_Arg_PISACowsMilk_10_page_6,1010.1,475.3,1082.0
10438109,stimulus_Arg_PISACowsMilk_10_page_6,1010.0,475.3,1083.0
10438110,stimulus_Arg_PISACowsMilk_10_page_6,1010.0,475.4,1083.0
10438111,stimulus_Arg_PISACowsMilk_10_page_6,1009.9,475.5,1083.0
10438112,stimulus_Arg_PISACowsMilk_10_page_6,1009.8,475.4,1083.0
10438113,stimulus_Arg_PISACowsMilk_10_page_6,1009.6,475.2,1082.0
10438114,stimulus_Arg_PISACowsMilk_10_page_6,1009.4,475.0,1081.0
10438115,stimulus_Arg_PISACowsMilk_10_page_6,1009.4,474.9,1081.0
10438116,stimulus_Arg_PISACowsMilk_10_page_6,1009.5,474.7,1081.0
10438117,stimulus_Arg_PISACowsMilk_10_page_6,1009.6,474.7,1081.0
10438118,stimulus_Arg_PISACowsMilk_10_page_6,1009.5,474.8,1081.0
10438119,stimulus_Arg_PISACowsMilk_10_page_6,1009.7,474.8,1082.0
10438120,stimulus_Arg_PISACowsMilk_10_page_6,1009.9,474.5,1082.0
10438121,stimulus_Arg_PISACowsMilk_10_page_6,1010.1,474.2,1081.0
10438122,stimulus_Arg_PISACowsMilk_10_page_6,1010.1,473.9,1080.0
10438123,stimulus_Arg_PISACowsMilk_10_page_6,1010.2,474.3,1081.0
10438124,stimulus_Arg_PISACowsMilk_10_page_6,1010.3,474.8,1082.0
10438125,stimulus_Arg_PISACowsMilk_10_page_6,1010.5,475.3,1083.0
10438126,stimulus_Arg_PISACowsMilk_10_page_6,1010.6,475.3,1082.0
10438127,stimulus_Arg_PISACowsMilk_10_page_6,1010.6,475.3,1082.0
10438128,stimulus_Arg_PISACowsMilk_10_page_6,1010.5,475.3,1082.0
10438129,stimulus_Arg_PISACowsMilk_10_page_6,1010.4,475.2,1083.0
10438130,stimulus_Arg_PISACowsMilk_10_page_6,1009.9,475.0,1084.0
10438131,stimulus_Arg_PISACowsMilk_10_page_6,1009.6,474.8,1084.0
10438132,stimulus_Arg_PISACowsMilk_10_page_6,1009.2,474.6,1084.0
10438133,stimulus_Arg_PISACowsMilk_10_page_6,1009.3,474.6,1084.0
10438134,stimulus_Arg_PISACowsMilk_10_page_6,1009.3,474.5,1084.0
10438135,stimulus_Arg_PISACowsMilk_10_page_6,1009.4,474.4,1084.0
10438136,stimulus_Arg_PISACowsMilk_10_page_6,1009.6,474.4,1083.0
10438137,stimulus_Arg_PISACowsMilk_10_page_6,1009.8,474.7,1082.0
10438138,stimulus_Arg_PISACowsMilk_10_page_6,1009.9,474.9,1083.0
10438139,stimulus_Arg_PISACowsMilk_10_page_6,1009.8,475.1,1083.0
10438140,stimulus_Arg_PISACowsMilk_10_page_6,1009.7,475.1,1084.0
10438141,stimulus_Arg_PISACowsMilk_10_page_6,1009.7,475.2,1084.0
10438142,stimulus_Arg_PISACowsMilk_10_page_6,1009.8,475.1,1084.0
10438143,stimulus_Arg_PISACowsMilk_10_page_6,1009.7,475.1,1084.0
10438144,stimulus_Arg_PISACowsMilk_10_page_6,1009.7,475.1,1084.0
10438145,stimulus_Arg_PISACowsMilk_10_page_6,1009.6,475.3,1084.0
10438146,stimulus_Arg_PISACowsMilk_10_page_6,1009.5,475.9,1083.0
10438147,stimulus_Arg_PISACowsMilk_10_page_6,1009.6,476.4,1082.0
10438148,stimulus_Arg_PISACowsMilk_10_page_6,1009.8,476.6,1082.0
10438149,stimulus_Arg_PISACowsMilk_10_page_6,1010.0,475.9,1082.0
10438150,stimulus_Arg_PISACowsMilk_10_page_6,1010.0,475.3,1081.0
10438151,stimulus_Arg_PISACowsMilk_10_page_6,1010.1,474.7,1081.0
10438152,stimulus_Arg_PISACowsMilk_10_page_6,1010.0,474.8,1081.0
10438153,stimulus_Arg_PISACowsMilk_10_page_6,1009.9,474.7,1081.0
10438154,stimulus_Arg_PISACowsMilk_10_page_6,1009.5,474.5,1081.0
10438155,stimulus_Arg_PISACowsMilk_10_page_6,1009.1,474.3,1082.0
10438156,stimulus_Arg_PISACowsMilk_10_page_6,1008.7,474.7,1082.0
10438157,stimulus_Arg_PISACowsMilk_10_page_6,1008.8,475.2,1082.0
10438158,stimulus_Arg_PISACowsMilk_10_page_6,1009.2,475.7,1082.0
10438159,stimulus_Arg_PISACowsMilk_10_page_6,1009.6,475.8,1084.0
10438160,stimulus_Arg_PISACowsMilk_10_page_6,1009.7,475.8,1085.0
10438161,stimulus_Arg_PISACowsMilk_10_page_6,1009.4,475.9,1086.0
10438162,stimulus_Arg_PISACowsMilk_10_page_6,1009.0,475.9,1085.0
10438163,stimulus_Arg_PISACowsMilk_10_page_6,1008.7,475.9,1084.0
10438164,stimulus_Arg_PISACowsMilk_10_page_6,1008.7,475.9,1084.0
10438165,stimulus_Arg_PISACowsMilk_10_page_6,1008.8,475.9,1083.0
10438166,stimulus_Arg_PISACowsMilk_10_page_6,1008.9,475.6,1083.0
10438167,stimulus_Arg_PISACowsMilk_10_page_6,1009.0,475.3,1083.0
10438168,stimulus_Arg_PISACowsMilk_10_page_6,1009.1,475.0,1083.0
10438169,stimulus_Arg_PISACowsMilk_10_page_6,1009.2,475.1,1084.0
10438170,stimulus_Arg_PISACowsMilk_10_page_6,1009.4,475.2,1083.0
10438171,stimulus_Arg_PISACowsMilk_10_page_6,1009.6,475.3,1083.0
10438172,stimulus_Arg_PISACowsMilk_10_page_6,1009.4,475.5,1083.0
10438173,stimulus_Arg_PISACowsMilk_10_page_6,1009.0,475.6,1083.0
10438174,stimulus_Arg_PISACowsMilk_10_page_6,1008.5,475.7,1084.0
10438175,stimulus_Arg_PISACowsMilk_10_page_6,1008.7,475.7,1084.0
10438176,stimulus_Arg_PISACowsMilk_10_page_6,1008.7,475.6,1084.0
10438177,stimulus_Arg_PISACowsMilk_10_page_6,1008.6,475.5,1084.0
10438178,stimulus_Arg_PISACowsMilk_10_page_6,1008.3,475.5,1083.0
10438179,stimulus_Arg_PISACowsMilk_10_page_6,1008.3,475.5,1082.0
10438180,stimulus_Arg_PISACowsMilk_10_page_6,1008.5,475.4,1081.0
10438181,stimulus_Arg_PISACowsMilk_10_page_6,1008.6,474.9,1081.0
10438182,stimulus_Arg_PISACowsMilk_10_page_6,1008.9,474.4,1081.0
10438183,stimulus_Arg_PISACowsMilk_10_page_6,1009.2,474.1,1080.0
10438184,stimulus_Arg_PISACowsMilk_10_page_6,1009.5,474.2,1080.0
10438185,stimulus_Arg_PISACowsMilk_10_page_6,1009.6,474.2,1079.0
10438186,stimulus_Arg_PISACowsMilk_10_page_6,1010.1,474.1,1079.0
10438187,stimulus_Arg_PISACowsMilk_10_page_6,1010.6,473.8,1080.0
10438188,stimulus_Arg_PISACowsMilk_10_page_6,1011.0,473.9,1079.0
10438189,stimulus_Arg_PISACowsMilk_10_page_6,1011.0,474.1,1079.0
10438190,stimulus_Arg_PISACowsMilk_10_page_6,1011.0,474.4,1078.0
10438191,stimulus_Arg_PISACowsMilk_10_page_6,1011.1,474.4,1077.0
10438192,stimulus_Arg_PISACowsMilk_10_page_6,1010.8,474.4,1076.0
10438193,stimulus_Arg_PISACowsMilk_10_page_6,1010.5,474.6,1078.0
10438194,stimulus_Arg_PISACowsMilk_10_page_6,1010.1,475.0,1079.0
10438195,stimulus_Arg_PISACowsMilk_10_page_6,1010.0,475.2,1081.0
10438196,stimulus_Arg_PISACowsMilk_10_page_6,1010.0,475.2,1080.0
10438197,stimulus_Arg_PISACowsMilk_10_page_6,1010.0,475.1,1080.0
10438198,stimulus_Arg_PISACowsMilk_10_page_6,1010.3,475.2,1081.0
10438199,stimulus_Arg_PISACowsMilk_10_page_6,1010.4,475.2,1082.0
10438200,stimulus_Arg_PISACowsMilk_10_page_6,1010.6,475.0,1084.0
10438201,stimulus_Arg_PISACowsMilk_10_page_6,1010.6,474.6,1083.0
10438202,stimulus_Arg_PISACowsMilk_10_page_6,1010.5,474.4,1083.0
10438203,stimulus_Arg_PISACowsMilk_10_page_6,1010.5,474.2,1082.0
10438204,stimulus_Arg_PISACowsMilk_10_page_6,1010.8,474.2,1082.0
10438205,stimulus_Arg_PISACowsMilk_10_page_6,1011.3,474.6,1081.0
10438206,stimulus_Arg_PISACowsMilk_10_page_6,1011.6,475.0,1082.0
10438207,stimulus_Arg_PISACowsMilk_10_page_6,1012.0,475.5,1082.0
10438208,stimulus_Arg_PISACowsMilk_10_page_6,1012.1,475.4,1083.0
10438209,stimulus_Arg_PISACowsMilk_10_page_6,1011.9,475.2,1085.0
10438210,stimulus_Arg_PISACowsMilk_10_page_6,1011.6,474.8,1085.0
10438211,stimulus_Arg_PISACowsMilk_10_page_6,1011.4,474.3,1084.0
10438212,stimulus_Arg_PISACowsMilk_10_page_6,1011.5,474.1,1084.0
10438213,stimulus_Arg_PISACowsMilk_10_page_6,1011.5,473.9,1084.0
10438214,stimulus_Arg_PISACowsMilk_10_page_6,1011.5,473.7,1084.0
10438215,stimulus_Arg_PISACowsMilk_10_page_6,1011.5,473.5,1083.0
10438216,stimulus_Arg_PISACowsMilk_10_page_6,1011.6,473.4,1083.0
10438217,stimulus_Arg_PISACowsMilk_10_page_6,1011.6,473.2,1084.0
10438218,stimulus_Arg_PISACowsMilk_10_page_6,1011.6,472.9,1084.0
10438219,stimulus_Arg_PISACowsMilk_10_page_6,1011.5,472.7,1085.0
10438220,stimulus_Arg_PISACowsMilk_10_page_6,1011.5,472.8,1086.0
10438221,stimulus_Arg_PISACowsMilk_10_page_6,1011.6,472.9,1087.0
10438222,stimulus_Arg_PISACowsMilk_10_page_6,1011.5,472.7,1087.0
10438223,stimulus_Arg_PISACowsMilk_10_page_6,1011.4,472.5,1086.0
10438224,stimulus_Arg_PISACowsMilk_10_page_6,1011.3,472.4,1086.0
10438225,stimulus_Arg_PISACowsMilk_10_page_6,1011.0,472.5,1085.0
10438226,stimulus_Arg_PISACowsMilk_10_page_6,1010.7,472.8,1085.0
10438227,stimulus_Arg_PISACowsMilk_10_page_6,1010.5,473.0,1084.0
10438228,stimulus_Arg_PISACowsMilk_10_page_6,1010.4,473.2,1085.0
10438229,stimulus_Arg_PISACowsMilk_10_page_6,1010.5,473.5,1086.0
10438230,stimulus_Arg_PISACowsMilk_10_page_6,1011.0,473.7,1087.0
10438231,stimulus_Arg_PISACowsMilk_10_page_6,1011.4,473.9,1087.0
10438232,stimulus_Arg_PISACowsMilk_10_page_6,1011.5,473.9,1087.0
10438233,stimulus_Arg_PISACowsMilk_10_page_6,1011.2,473.9,1086.0
10438234,stimulus_Arg_PISACowsMilk_10_page_6,1010.0,474.3,1086.0
10438235,stimulus_Arg_PISACowsMilk_10_page_6,1007.9,474.6,1084.0
10438236,stimulus_Arg_PISACowsMilk_10_page_6,1004.2,475.0,1084.0
10438237,stimulus_Arg_PISACowsMilk_10_page_6,999.5,475.1,1084.0
10438238,stimulus_Arg_PISACowsMilk_10_page_6,995.1,475.1,1085.0
10438239,stimulus_Arg_PISACowsMilk_10_page_6,989.8,475.1,1086.0
10438240,stimulus_Arg_PISACowsMilk_10_page_6,983.4,475.1,1086.0
10438241,stimulus_Arg_PISACowsMilk_10_page_6,975.9,474.9,1087.0
10438242,stimulus_Arg_PISACowsMilk_10_page_6,969.6,474.5,1087.0
10438243,stimulus_Arg_PISACowsMilk_10_page_6,964.9,474.2,1087.0
10438244,stimulus_Arg_PISACowsMilk_10_page_6,960.8,474.3,1086.0
10438245,stimulus_Arg_PISACowsMilk_10_page_6,956.7,474.6,1086.0
10438246,stimulus_Arg_PISACowsMilk_10_page_6,953.2,475.1,1088.0
10438247,stimulus_Arg_PISACowsMilk_10_page_6,951.1,475.7,1091.0
10438248,stimulus_Arg_PISACowsMilk_10_page_6,950.4,476.5,1094.0
10438249,stimulus_Arg_PISACowsMilk_10_page_6,951.1,477.2,1095.0
10438250,stimulus_Arg_PISACowsMilk_10_page_6,952.3,476.6,1095.0
10438251,stimulus_Arg_PISACowsMilk_10_page_6,954.0,475.8,1095.0
10438252,stimulus_Arg_PISACowsMilk_10_page_6,956.0,475.1,1094.0
10438253,stimulus_Arg_PISACowsMilk_10_page_6,958.0,475.1,1093.0
10438254,stimulus_Arg_PISACowsMilk_10_page_6,960.0,475.1,1092.0
10438255,stimulus_Arg_PISACowsMilk_10_page_6,961.2,474.9,1092.0
10438256,stimulus_Arg_PISACowsMilk_10_page_6,962.8,474.6,1092.0
10438257,stimulus_Arg_PISACowsMilk_10_page_6,963.7,474.1,1092.0
10438258,stimulus_Arg_PISACowsMilk_10_page_6,964.7,473.4,1092.0
10438259,stimulus_Arg_PISACowsMilk_10_page_6,964.7,472.7,1091.0
10438260,stimulus_Arg_PISACowsMilk_10_page_6,964.7,472.4,1092.0
10438261,stimulus_Arg_PISACowsMilk_10_page_6,964.9,472.5,1092.0
10438262,stimulus_Arg_PISACowsMilk_10_page_6,965.1,472.7,1093.0
10438263,stimulus_Arg_PISACowsMilk_10_page_6,965.2,472.9,1092.0
10438264,stimulus_Arg_PISACowsMilk_10_page_6,965.0,473.2,1091.0
10438265,stimulus_Arg_PISACowsMilk_10_page_6,964.8,473.2,1090.0
10438266,stimulus_Arg_PISACowsMilk_10_page_6,964.7,473.4,1090.0
10438267,stimulus_Arg_PISACowsMilk_10_page_6,964.5,473.6,1089.0
10438268,stimulus_Arg_PISACowsMilk_10_page_6,964.4,473.7,1089.0
10438269,stimulus_Arg_PISACowsMilk_10_page_6,964.2,473.8,1089.0
10438270,stimulus_Arg_PISACowsMilk_10_page_6,964.1,473.8,1089.0
10438271,stimulus_Arg_PISACowsMilk_10_page_6,964.0,473.8,1089.0
10438272,stimulus_Arg_PISACowsMilk_10_page_6,964.0,474.2,1089.0
10438273,stimulus_Arg_PISACowsMilk_10_page_6,964.0,474.7,1089.0
10438274,stimulus_Arg_PISACowsMilk_10_page_6,963.8,475.3,1089.0
10438275,stimulus_Arg_PISACowsMilk_10_page_6,963.6,475.4,1088.0
10438276,stimulus_Arg_PISACowsMilk_10_page_6,963.2,475.4,1088.0
10438277,stimulus_Arg_PISACowsMilk_10_page_6,963.0,475.3,1090.0
10438278,stimulus_Arg_PISACowsMilk_10_page_6,962.9,475.5,1091.0
10438279,stimulus_Arg_PISACowsMilk_10_page_6,962.8,475.8,1093.0
10438280,stimulus_Arg_PISACowsMilk_10_page_6,962.6,476.1,1093.0
10438281,stimulus_Arg_PISACowsMilk_10_page_6,962.5,476.2,1093.0
10438282,stimulus_Arg_PISACowsMilk_10_page_6,962.3,476.3,1093.0
10438283,stimulus_Arg_PISACowsMilk_10_page_6,962.4,476.2,1092.0
10438284,stimulus_Arg_PISACowsMilk_10_page_6,962.4,476.2,1091.0
10438285,stimulus_Arg_PISACowsMilk_10_page_6,962.5,476.2,1090.0
10438286,stimulus_Arg_PISACowsMilk_10_page_6,962.5,475.5,1090.0
10438287,stimulus_Arg_PISACowsMilk_10_page_6,962.6,474.8,1091.0
10438288,stimulus_Arg_PISACowsMilk_10_page_6,962.5,474.1,1091.0
10438289,stimulus_Arg_PISACowsMilk_10_page_6,962.5,474.1,1092.0
10438290,stimulus_Arg_PISACowsMilk_10_page_6,962.4,474.1,1092.0
10438291,stimulus_Arg_PISACowsMilk_10_page_6,962.4,474.0,1092.0
10438292,stimulus_Arg_PISACowsMilk_10_page_6,962.2,473.7,1091.0
10438293,stimulus_Arg_PISACowsMilk_10_page_6,962.0,473.4,1090.0
10438294,stimulus_Arg_PISACowsMilk_10_page_6,961.8,473.4,1090.0
10438295,stimulus_Arg_PISACowsMilk_10_page_6,961.7,473.5,1089.0
10438296,stimulus_Arg_PISACowsMilk_10_page_6,961.7,473.5,1089.0
10438297,stimulus_Arg_PISACowsMilk_10_page_6,961.7,473.3,1088.0
10438298,stimulus_Arg_PISACowsMilk_10_page_6,961.7,473.2,1088.0
10438299,stimulus_Arg_PISACowsMilk_10_page_6,961.8,473.3,1088.0
10438300,stimulus_Arg_PISACowsMilk_10_page_6,962.1,473.3,1089.0
10438301,stimulus_Arg_PISACowsMilk_10_page_6,962.4,473.4,1090.0
10438302,stimulus_Arg_PISACowsMilk_10_page_6,962.7,473.4,1090.0
10438303,stimulus_Arg_PISACowsMilk_10_page_6,962.6,473.5,1089.0
10438304,stimulus_Arg_PISACowsMilk_10_page_6,962.5,473.5,1089.0
10438305,stimulus_Arg_PISACowsMilk_10_page_6,962.4,473.6,1089.0
10438306,stimulus_Arg_PISACowsMilk_10_page_6,962.2,473.8,1088.0
10438307,stimulus_Arg_PISACowsMilk_10_page_6,962.1,473.9,1089.0
10438308,stimulus_Arg_PISACowsMilk_10_page_6,962.2,474.1,1090.0
10438309,stimulus_Arg_PISACowsMilk_10_page_6,962.2,474.2,1091.0
10438310,stimulus_Arg_PISACowsMilk_10_page_6,962.1,474.5,1091.0
10438311,stimulus_Arg_PISACowsMilk_10_page_6,962.0,475.0,1091.0
10438312,stimulus_Arg_PISACowsMilk_10_page_6,961.9,475.6,1091.0
10438313,stimulus_Arg_PISACowsMilk_10_page_6,961.8,475.9,1091.0
10438314,stimulus_Arg_PISACowsMilk_10_page_6,962.1,476.0,1091.0
10438315,stimulus_Arg_PISACowsMilk_10_page_6,962.3,476.0,1092.0
10438316,stimulus_Arg_PISACowsMilk_10_page_6,962.5,476.2,1092.0
10438317,stimulus_Arg_PISACowsMilk_10_page_6,962.5,476.3,1094.0
10438318,stimulus_Arg_PISACowsMilk_10_page_6,962.4,476.4,1094.0
10438319,stimulus_Arg_PISACowsMilk_10_page_6,962.4,476.8,1095.0
10438320,stimulus_Arg_PISACowsMilk_10_page_6,962.4,477.1,1095.0
10438321,stimulus_Arg_PISACowsMilk_10_page_6,962.3,477.4,1095.0
10438322,stimulus_Arg_PISACowsMilk_10_page_6,962.3,477.4,1096.0
10438323,stimulus_Arg_PISACowsMilk_10_page_6,962.4,477.3,1096.0
10438324,stimulus_Arg_PISACowsMilk_10_page_6,962.6,477.4,1095.0
10438325,stimulus_Arg_PISACowsMilk_10_page_6,962.8,477.4,1095.0
10438326,stimulus_Arg_PISACowsMilk_10_page_6,962.9,477.5,1094.0
10438327,stimulus_Arg_PISACowsMilk_10_page_6,962.9,477.7,1094.0
10438328,stimulus_Arg_PISACowsMilk_10_page_6,962.8,477.6,1094.0
10438329,stimulus_Arg_PISACowsMilk_10_page_6,962.8,477.4,1094.0
10438330,stimulus_Arg_PISACowsMilk_10_page_6,962.8,477.3,1095.0
10438331,stimulus_Arg_PISACowsMilk_10_page_6,962.5,477.3,1095.0
10438332,stimulus_Arg_PISACowsMilk_10_page_6,962.3,477.4,1095.0
10438333,stimulus_Arg_PISACowsMilk_10_page_6,962.2,477.5,1095.0
10438334,stimulus_Arg_PISACowsMilk_10_page_6,962.4,477.5,1095.0
10438335,stimulus_Arg_PISACowsMilk_10_page_6,962.6,477.6,1095.0
10438336,stimulus_Arg_PISACowsMilk_10_page_6,962.5,477.6,1095.0
10438337,stimulus_Arg_PISACowsMilk_10_page_6,962.5,477.5,1093.0
10438338,stimulus_Arg_PISACowsMilk_10_page_6,962.5,477.3,1092.0
10438339,stimulus_Arg_PISACowsMilk_10_page_6,962.5,477.2,1092.0
10438340,stimulus_Arg_PISACowsMilk_10_page_6,962.5,477.0,1094.0
10438341,stimulus_Arg_PISACowsMilk_10_page_6,962.4,476.8,1095.0
10438342,stimulus_Arg_PISACowsMilk_10_page_6,962.4,476.7,1094.0
10438343,stimulus_Arg_PISACowsMilk_10_page_6,962.4,476.8,1094.0
10438344,stimulus_Arg_PISACowsMilk_10_page_6,962.4,477.2,1093.0
10438345,stimulus_Arg_PISACowsMilk_10_page_6,962.3,477.6,1093.0
10438346,stimulus_Arg_PISACowsMilk_10_page_6,962.2,477.9,1093.0
10438347,stimulus_Arg_PISACowsMilk_10_page_6,962.2,477.9,1093.0
10438348,stimulus_Arg_PISACowsMilk_10_page_6,962.1,477.9,1093.0
10438349,stimulus_Arg_PISACowsMilk_10_page_6,962.1,477.9,1094.0
10438350,stimulus_Arg_PISACowsMilk_10_page_6,962.2,477.9,1095.0
10438351,stimulus_Arg_PISACowsMilk_10_page_6,962.3,477.8,1097.0
10438352,stimulus_Arg_PISACowsMilk_10_page_6,962.4,477.7,1096.0
10438353,stimulus_Arg_PISACowsMilk_10_page_6,962.3,477.7,1096.0
10438354,stimulus_Arg_PISACowsMilk_10_page_6,962.3,478.1,1096.0
10438355,stimulus_Arg_PISACowsMilk_10_page_6,962.2,478.4,1096.0
10438356,stimulus_Arg_PISACowsMilk_10_page_6,962.2,478.8,1096.0
10438357,stimulus_Arg_PISACowsMilk_10_page_6,962.5,478.8,1096.0
10438358,stimulus_Arg_PISACowsMilk_10_page_6,962.8,478.7,1095.0
10438359,stimulus_Arg_PISACowsMilk_10_page_6,962.8,478.5,1095.0
10438360,stimulus_Arg_PISACowsMilk_10_page_6,962.5,478.3,1095.0
10438361,stimulus_Arg_PISACowsMilk_10_page_6,962.4,478.2,1095.0
10438362,stimulus_Arg_PISACowsMilk_10_page_6,962.6,478.1,1095.0
10438363,stimulus_Arg_PISACowsMilk_10_page_6,962.7,478.1,1095.0
10438364,stimulus_Arg_PISACowsMilk_10_page_6,962.8,477.9,1095.0
10438365,stimulus_Arg_PISACowsMilk_10_page_6,963.0,477.8,1095.0
10438366,stimulus_Arg_PISACowsMilk_10_page_6,963.1,477.7,1095.0
10438367,stimulus_Arg_PISACowsMilk_10_page_6,963.2,477.7,1095.0
10438368,stimulus_Arg_PISACowsMilk_10_page_6,963.2,477.7,1095.0
10438369,stimulus_Arg_PISACowsMilk_10_page_6,963.3,477.7,1095.0
10438370,stimulus_Arg_PISACowsMilk_10_page_6,963.3,477.7,1096.0
10438371,stimulus_Arg_PISACowsMilk_10_page_6,963.3,477.5,1097.0
10438372,stimulus_Arg_PISACowsMilk_10_page_6,963.1,477.2,1097.0
10438373,stimulus_Arg_PISACowsMilk_10_page_6,962.8,476.9,1096.0
10438374,stimulus_Arg_PISACowsMilk_10_page_6,962.7,477.1,1094.0
10438375,stimulus_Arg_PISACowsMilk_10_page_6,963.0,477.4,1093.0
10438376,stimulus_Arg_PISACowsMilk_10_page_6,963.4,477.4,1093.0
10438377,stimulus_Arg_PISACowsMilk_10_page_6,963.6,477.2,1094.0
10438378,stimulus_Arg_PISACowsMilk_10_page_6,963.6,476.9,1095.0
10438379,stimulus_Arg_PISACowsMilk_10_page_6,963.8,476.6,1095.0
10438380,stimulus_Arg_PISACowsMilk_10_page_6,964.3,476.4,1095.0
10438381,stimulus_Arg_PISACowsMilk_10_page_6,964.8,476.4,1096.0
10438382,stimulus_Arg_PISACowsMilk_10_page_6,965.1,476.6,1097.0
10438383,stimulus_Arg_PISACowsMilk_10_page_6,965.1,476.9,1097.0
10438384,stimulus_Arg_PISACowsMilk_10_page_6,965.1,476.9,1097.0
10438385,stimulus_Arg_PISACowsMilk_10_page_6,965.0,476.8,1097.0
10438386,stimulus_Arg_PISACowsMilk_10_page_6,964.8,476.8,1097.0
10438387,stimulus_Arg_PISACowsMilk_10_page_6,964.6,477.1,1096.0
10438388,stimulus_Arg_PISACowsMilk_10_page_6,964.6,477.6,1096.0
10438389,stimulus_Arg_PISACowsMilk_10_page_6,964.6,477.9,1095.0
10438390,stimulus_Arg_PISACowsMilk_10_page_6,964.6,477.7,1095.0
10438391,stimulus_Arg_PISACowsMilk_10_page_6,964.6,477.7,1096.0
10438392,stimulus_Arg_PISACowsMilk_10_page_6,964.7,477.8,1097.0
10438393,stimulus_Arg_PISACowsMilk_10_page_6,964.8,477.7,1096.0
10438394,stimulus_Arg_PISACowsMilk_10_page_6,964.9,477.4,1096.0
10438395,stimulus_Arg_PISACowsMilk_10_page_6,965.1,476.8,1095.0
10438396,stimulus_Arg_PISACowsMilk_10_page_6,965.2,476.4,1094.0
10438397,stimulus_Arg_PISACowsMilk_10_page_6,965.3,476.1,1094.0
10438398,stimulus_Arg_PISACowsMilk_10_page_6,965.3,476.0,1094.0
10438399,stimulus_Arg_PISACowsMilk_10_page_6,965.3,476.3,1094.0
10438400,stimulus_Arg_PISACowsMilk_10_page_6,965.2,476.7,1094.0
10438401,stimulus_Arg_PISACowsMilk_10_page_6,965.2,477.2,1094.0
10438402,stimulus_Arg_PISACowsMilk_10_page_6,965.3,477.2,1095.0
10438403,stimulus_Arg_PISACowsMilk_10_page_6,965.3,477.2,1095.0
10438404,stimulus_Arg_PISACowsMilk_10_page_6,965.3,477.1,1094.0
10438405,stimulus_Arg_PISACowsMilk_10_page_6,965.2,477.1,1094.0
10438406,stimulus_Arg_PISACowsMilk_10_page_6,965.2,477.2,1093.0
10438407,stimulus_Arg_PISACowsMilk_10_page_6,965.0,477.4,1093.0
10438408,stimulus_Arg_PISACowsMilk_10_page_6,964.7,477.4,1094.0
10438409,stimulus_Arg_PISACowsMilk_10_page_6,964.5,477.4,1094.0
10438410,stimulus_Arg_PISACowsMilk_10_page_6,964.5,477.4,1094.0
10438411,stimulus_Arg_PISACowsMilk_10_page_6,964.6,477.4,1093.0
10438412,stimulus_Arg_PISACowsMilk_10_page_6,964.8,477.6,1093.0
10438413,stimulus_Arg_PISACowsMilk_10_page_6,965.0,477.7,1093.0
10438414,stimulus_Arg_PISACowsMilk_10_page_6,965.1,477.8,1095.0
10438415,stimulus_Arg_PISACowsMilk_10_page_6,965.2,477.9,1095.0
10438416,stimulus_Arg_PISACowsMilk_10_page_6,965.2,478.0,1094.0
10438417,stimulus_Arg_PISACowsMilk_10_page_6,965.3,477.9,1094.0
10438418,stimulus_Arg_PISACowsMilk_10_page_6,965.2,477.7,1096.0
10438419,stimulus_Arg_PISACowsMilk_10_page_6,965.3,477.6,1097.0
10438420,stimulus_Arg_PISACowsMilk_10_page_6,965.3,477.6,1097.0
10438421,stimulus_Arg_PISACowsMilk_10_page_6,965.2,477.8,1096.0
10438422,stimulus_Arg_PISACowsMilk_10_page_6,965.0,478.0,1095.0
10438423,stimulus_Arg_PISACowsMilk_10_page_6,964.9,478.1,1095.0
10438424,stimulus_Arg_PISACowsMilk_10_page_6,965.2,478.1,1094.0
10438425,stimulus_Arg_PISACowsMilk_10_page_6,965.4,478.1,1094.0
10438426,stimulus_Arg_PISACowsMilk_10_page_6,965.4,478.1,1094.0
10438427,stimulus_Arg_PISACowsMilk_10_page_6,965.1,478.0,1094.0
10438428,stimulus_Arg_PISACowsMilk_10_page_6,964.8,477.9,1095.0
10438429,stimulus_Arg_PISACowsMilk_10_page_6,964.8,477.7,1095.0
10438430,stimulus_Arg_PISACowsMilk_10_page_6,964.8,477.7,1095.0
10438431,stimulus_Arg_PISACowsMilk_10_page_6,965.0,477.8,1096.0
10438432,stimulus_Arg_PISACowsMilk_10_page_6,965.2,477.8,1096.0
10438433,stimulus_Arg_PISACowsMilk_10_page_6,965.4,477.8,1095.0
10438434,stimulus_Arg_PISACowsMilk_10_page_6,965.6,477.8,1095.0
10438435,stimulus_Arg_PISACowsMilk_10_page_6,965.7,477.8,1095.0
10438436,stimulus_Arg_PISACowsMilk_10_page_6,965.7,477.5,1095.0
10438437,stimulus_Arg_PISACowsMilk_10_page_6,965.5,477.3,1095.0
10438438,stimulus_Arg_PISACowsMilk_10_page_6,965.4,477.1,1095.0
10438439,stimulus_Arg_PISACowsMilk_10_page_6,965.3,477.1,1096.0
10438440,stimulus_Arg_PISACowsMilk_10_page_6,965.3,477.0,1097.0
10438441,stimulus_Arg_PISACowsMilk_10_page_6,965.1,477.0,1097.0
10438442,stimulus_Arg_PISACowsMilk_10_page_6,965.1,477.0,1096.0
10438443,stimulus_Arg_PISACowsMilk_10_page_6,965.1,477.1,1095.0
10438444,stimulus_Arg_PISACowsMilk_10_page_6,965.2,477.1,1094.0
10438445,stimulus_Arg_PISACowsMilk_10_page_6,965.0,477.2,1094.0
10438446,stimulus_Arg_PISACowsMilk_10_page_6,964.8,477.3,1094.0
10438447,stimulus_Arg_PISACowsMilk_10_page_6,964.6,477.3,1094.0
10438448,stimulus_Arg_PISACowsMilk_10_page_6,964.6,477.3,1094.0
10438449,stimulus_Arg_PISACowsMilk_10_page_6,964.5,477.2,1095.0
10438450,stimulus_Arg_PISACowsMilk_10_page_6,964.3,477.2,1095.0
10438451,stimulus_Arg_PISACowsMilk_10_page_6,963.9,477.1,1097.0
10438452,stimulus_Arg_PISACowsMilk_10_page_6,963.6,477.3,1098.0
10438453,stimulus_Arg_PISACowsMilk_10_page_6,963.3,477.5,1100.0
10438454,stimulus_Arg_PISACowsMilk_10_page_6,963.2,477.7,1100.0
10438455,stimulus_Arg_PISACowsMilk_10_page_6,962.8,477.8,1100.0
10438456,stimulus_Arg_PISACowsMilk_10_page_6,962.4,478.0,1099.0
10438457,stimulus_Arg_PISACowsMilk_10_page_6,962.1,478.1,1099.0
10438458,stimulus_Arg_PISACowsMilk_10_page_6,962.1,478.2,1098.0
10438459,stimulus_Arg_PISACowsMilk_10_page_6,962.5,478.1,1098.0
10438460,stimulus_Arg_PISACowsMilk_10_page_6,963.0,478.3,1099.0
10438461,stimulus_Arg_PISACowsMilk_10_page_6,963.6,478.6,1100.0
10438462,stimulus_Arg_PISACowsMilk_10_page_6,964.5,478.7,1100.0
10438463,stimulus_Arg_PISACowsMilk_10_page_6,965.5,478.4,1100.0
10438464,stimulus_Arg_PISACowsMilk_10_page_6,967.4,478.1,1099.0
10438465,stimulus_Arg_PISACowsMilk_10_page_6,969.6,478.0,1100.0
10438466,stimulus_Arg_PISACowsMilk_10_page_6,972.9,477.8,1099.0
10438467,stimulus_Arg_PISACowsMilk_10_page_6,977.4,477.8,1099.0
10438468,stimulus_Arg_PISACowsMilk_10_page_6,983.6,478.7,1099.0
10438469,stimulus_Arg_PISACowsMilk_10_page_6,991.4,480.2,1099.0
10438470,stimulus_Arg_PISACowsMilk_10_page_6,999.7,481.8,1099.0
10438471,stimulus_Arg_PISACowsMilk_10_page_6,1009.0,483.1,1099.0
10438472,stimulus_Arg_PISACowsMilk_10_page_6,1018.7,484.1,1100.0
10438473,stimulus_Arg_PISACowsMilk_10_page_6,1028.8,484.8,1100.0
10438474,stimulus_Arg_PISACowsMilk_10_page_6,1038.3,484.5,1099.0
10438475,stimulus_Arg_PISACowsMilk_10_page_6,1046.9,484.1,1098.0
10438476,stimulus_Arg_PISACowsMilk_10_page_6,1054.4,483.8,1096.0
10438477,stimulus_Arg_PISACowsMilk_10_page_6,1060.7,483.8,1096.0
10438478,stimulus_Arg_PISACowsMilk_10_page_6,1065.0,483.7,1094.0
10438479,stimulus_Arg_PISACowsMilk_10_page_6,1067.9,482.9,1092.0
10438480,stimulus_Arg_PISACowsMilk_10_page_6,1068.9,482.0,1090.0
10438481,stimulus_Arg_PISACowsMilk_10_page_6,1068.7,480.9,1088.0
10438482,stimulus_Arg_PISACowsMilk_10_page_6,1067.7,480.3,1084.0
10438483,stimulus_Arg_PISACowsMilk_10_page_6,1065.7,479.8,1081.0
10438484,stimulus_Arg_PISACowsMilk_10_page_6,1063.1,479.8,1079.0
10438485,stimulus_Arg_PISACowsMilk_10_page_6,1060.0,479.7,1079.0
10438486,stimulus_Arg_PISACowsMilk_10_page_6,1056.9,478.9,1079.0
10438487,stimulus_Arg_PISACowsMilk_10_page_6,1054.2,478.2,1079.0
10438488,stimulus_Arg_PISACowsMilk_10_page_6,1051.2,477.4,1078.0
10438489,stimulus_Arg_PISACowsMilk_10_page_6,1047.8,477.3,1078.0
10438490,stimulus_Arg_PISACowsMilk_10_page_6,1044.7,477.6,1077.0
10438491,stimulus_Arg_PISACowsMilk_10_page_6,1041.7,478.1,1077.0
10438492,stimulus_Arg_PISACowsMilk_10_page_6,1039.2,478.7,1078.0
10438493,stimulus_Arg_PISACowsMilk_10_page_6,1037.1,478.9,1080.0
10438494,stimulus_Arg_PISACowsMilk_10_page_6,1036.0,479.6,1081.0
10438495,stimulus_Arg_PISACowsMilk_10_page_6,1035.5,480.1,1083.0
10438496,stimulus_Arg_PISACowsMilk_10_page_6,1035.4,480.6,1083.0
10438497,stimulus_Arg_PISACowsMilk_10_page_6,1035.4,480.6,1083.0
10438498,stimulus_Arg_PISACowsMilk_10_page_6,1035.9,480.3,1084.0
10438499,stimulus_Arg_PISACowsMilk_10_page_6,1036.7,480.0,1084.0
10438500,stimulus_Arg_PISACowsMilk_10_page_6,1037.9,479.6,1084.0
10438501,stimulus_Arg_PISACowsMilk_10_page_6,1039.1,479.5,1084.0
10438502,stimulus_Arg_PISACowsMilk_10_page_6,1040.2,479.4,1084.0
10438503,stimulus_Arg_PISACowsMilk_10_page_6,1041.3,479.4,1084.0
10438504,stimulus_Arg_PISACowsMilk_10_page_6,1042.1,479.4,1084.0
10438505,stimulus_Arg_PISACowsMilk_10_page_6,1042.9,479.5,1083.0
10438506,stimulus_Arg_PISACowsMilk_10_page_6,1043.2,479.6,1083.0
10438507,stimulus_Arg_PISACowsMilk_10_page_6,1043.5,479.6,1083.0
10438508,stimulus_Arg_PISACowsMilk_10_page_6,1043.8,479.5,1083.0
10438509,stimulus_Arg_PISACowsMilk_10_page_6,1044.1,479.7,1083.0
10438510,stimulus_Arg_PISACowsMilk_10_page_6,1044.7,479.8,1084.0
10438511,stimulus_Arg_PISACowsMilk_10_page_6,1045.0,479.8,1085.0
10438512,stimulus_Arg_PISACowsMilk_10_page_6,1045.4,479.6,1086.0
10438513,stimulus_Arg_PISACowsMilk_10_page_6,1045.4,479.4,1085.0
10438514,stimulus_Arg_PISACowsMilk_10_page_6,1045.4,479.4,1085.0
10438515,stimulus_Arg_PISACowsMilk_10_page_6,1045.5,479.8,1085.0
10438516,stimulus_Arg_PISACowsMilk_10_page_6,1045.7,480.2,1084.0
10438517,stimulus_Arg_PISACowsMilk_10_page_6,1046.0,480.6,1085.0
10438518,stimulus_Arg_PISACowsMilk_10_page_6,1046.4,480.6,1086.0
10438519,stimulus_Arg_PISACowsMilk_10_page_6,1046.6,481.0,1088.0
10438520,stimulus_Arg_PISACowsMilk_10_page_6,1046.7,481.3,1089.0
10438521,stimulus_Arg_PISACowsMilk_10_page_6,1046.7,481.6,1090.0
10438522,stimulus_Arg_PISACowsMilk_10_page_6,1046.6,481.7,1090.0
10438523,stimulus_Arg_PISACowsMilk_10_page_6,1046.6,481.7,1090.0
10438524,stimulus_Arg_PISACowsMilk_10_page_6,1046.6,481.7,1090.0
10438525,stimulus_Arg_PISACowsMilk_10_page_6,1046.5,481.6,1090.0
10438526,stimulus_Arg_PISACowsMilk_10_page_6,1046.5,481.5,1091.0
10438527,stimulus_Arg_PISACowsMilk_10_page_6,1046.5,481.0,1090.0
10438528,stimulus_Arg_PISACowsMilk_10_page_6,1046.4,480.5,1090.0
10438529,stimulus_Arg_PISACowsMilk_10_page_6,1046.4,480.1,1089.0
10438530,stimulus_Arg_PISACowsMilk_10_page_6,1046.2,479.9,1089.0
10438531,stimulus_Arg_PISACowsMilk_10_page_6,1045.7,479.7,1089.0
10438532,stimulus_Arg_PISACowsMilk_10_page_6,1045.2,479.5,1089.0
10438533,stimulus_Arg_PISACowsMilk_10_page_6,1044.8,479.5,1089.0
10438534,stimulus_Arg_PISACowsMilk_10_page_6,1044.8,479.7,1089.0
10438535,stimulus_Arg_PISACowsMilk_10_page_6,1044.5,479.9,1088.0
10438536,stimulus_Arg_PISACowsMilk_10_page_6,1044.3,480.1,1088.0
10438537,stimulus_Arg_PISACowsMilk_10_page_6,1044.2,480.2,1088.0
10438538,stimulus_Arg_PISACowsMilk_10_page_6,1044.3,480.0,1089.0
10438539,stimulus_Arg_PISACowsMilk_10_page_6,1044.4,479.8,1089.0
10438540,stimulus_Arg_PISACowsMilk_10_page_6,1044.5,479.5,1090.0
10438541,stimulus_Arg_PISACowsMilk_10_page_6,1044.6,479.5,1090.0
10438542,stimulus_Arg_PISACowsMilk_10_page_6,1044.5,479.6,1090.0
10438543,stimulus_Arg_PISACowsMilk_10_page_6,1044.5,479.7,1090.0
10438544,stimulus_Arg_PISACowsMilk_10_page_6,1044.6,479.8,1090.0
10438545,stimulus_Arg_PISACowsMilk_10_page_6,1044.8,479.8,1089.0
10438546,stimulus_Arg_PISACowsMilk_10_page_6,1044.6,479.9,1088.0
10438547,stimulus_Arg_PISACowsMilk_10_page_6,1044.4,479.9,1088.0
10438548,stimulus_Arg_PISACowsMilk_10_page_6,1044.2,480.0,1089.0
10438549,stimulus_Arg_PISACowsMilk_10_page_6,1044.3,480.0,1090.0
10438550,stimulus_Arg_PISACowsMilk_10_page_6,1044.3,480.1,1091.0
10438551,stimulus_Arg_PISACowsMilk_10_page_6,1044.3,480.1,1091.0
10438552,stimulus_Arg_PISACowsMilk_10_page_6,1044.2,480.1,1091.0
10438553,stimulus_Arg_PISACowsMilk_10_page_6,1044.0,480.2,1091.0
10438554,stimulus_Arg_PISACowsMilk_10_page_6,1043.7,480.2,1091.0
10438555,stimulus_Arg_PISACowsMilk_10_page_6,1043.6,480.3,1091.0
10438556,stimulus_Arg_PISACowsMilk_10_page_6,1043.8,480.4,1091.0
10438557,stimulus_Arg_PISACowsMilk_10_page_6,1044.0,480.5,1092.0
10438558,stimulus_Arg_PISACowsMilk_10_page_6,1044.2,480.5,1092.0
10438559,stimulus_Arg_PISACowsMilk_10_page_6,1044.0,480.6,1092.0
10438560,stimulus_Arg_PISACowsMilk_10_page_6,1043.7,480.6,1091.0
10438561,stimulus_Arg_PISACowsMilk_10_page_6,1043.9,480.6,1090.0
10438562,stimulus_Arg_PISACowsMilk_10_page_6,1044.4,480.6,1090.0
10438563,stimulus_Arg_PISACowsMilk_10_page_6,1044.6,480.9,1090.0
10438564,stimulus_Arg_PISACowsMilk_10_page_6,1044.3,481.0,1090.0
10438565,stimulus_Arg_PISACowsMilk_10_page_6,1044.1,481.0,1089.0
10438566,stimulus_Arg_PISACowsMilk_10_page_6,1044.1,480.8,1087.0
10438567,stimulus_Arg_PISACowsMilk_10_page_6,1044.0,480.7,1086.0
10438568,stimulus_Arg_PISACowsMilk_10_page_6,1043.9,480.7,1087.0
10438569,stimulus_Arg_PISACowsMilk_10_page_6,1043.8,480.7,1088.0
10438570,stimulus_Arg_PISACowsMilk_10_page_6,1043.9,480.6,1088.0
10438571,stimulus_Arg_PISACowsMilk_10_page_6,1044.1,480.6,1088.0
10438572,stimulus_Arg_PISACowsMilk_10_page_6,1044.3,480.6,1088.0
10438573,stimulus_Arg_PISACowsMilk_10_page_6,1044.5,480.7,1088.0
10438574,stimulus_Arg_PISACowsMilk_10_page_6,1044.5,481.0,1088.0
10438575,stimulus_Arg_PISACowsMilk_10_page_6,1044.6,481.2,1087.0
10438576,stimulus_Arg_PISACowsMilk_10_page_6,1044.5,481.4,1087.0
10438577,stimulus_Arg_PISACowsMilk_10_page_6,1044.5,481.4,1086.0
10438578,stimulus_Arg_PISACowsMilk_10_page_6,1044.6,481.4,1086.0
10438579,stimulus_Arg_PISACowsMilk_10_page_6,1044.8,481.5,1087.0
10438580,stimulus_Arg_PISACowsMilk_10_page_6,1045.0,481.5,1087.0
10438581,stimulus_Arg_PISACowsMilk_10_page_6,1045.0,481.3,1088.0
10438582,stimulus_Arg_PISACowsMilk_10_page_6,1045.0,481.0,1088.0
10438583,stimulus_Arg_PISACowsMilk_10_page_6,1045.1,480.6,1088.0
10438584,stimulus_Arg_PISACowsMilk_10_page_6,1045.3,480.5,1089.0
10438585,stimulus_Arg_PISACowsMilk_10_page_6,1045.4,480.7,1089.0
10438586,stimulus_Arg_PISACowsMilk_10_page_6,1045.7,481.2,1090.0
10438587,stimulus_Arg_PISACowsMilk_10_page_6,1046.0,481.9,1090.0
10438588,stimulus_Arg_PISACowsMilk_10_page_6,1046.2,482.2,1090.0
10438589,stimulus_Arg_PISACowsMilk_10_page_6,1046.1,482.3,1090.0
10438590,stimulus_Arg_PISACowsMilk_10_page_6,1046.0,482.2,1090.0
10438591,stimulus_Arg_PISACowsMilk_10_page_6,1045.9,482.6,1090.0
10438592,stimulus_Arg_PISACowsMilk_10_page_6,1045.8,483.0,1090.0
10438593,stimulus_Arg_PISACowsMilk_10_page_6,1045.7,483.5,1090.0
10438594,stimulus_Arg_PISACowsMilk_10_page_6,1045.5,483.5,1090.0
10438595,stimulus_Arg_PISACowsMilk_10_page_6,1045.4,483.0,1088.0
10438596,stimulus_Arg_PISACowsMilk_10_page_6,1045.3,482.5,1087.0
10438597,stimulus_Arg_PISACowsMilk_10_page_6,1045.2,481.9,1087.0
10438598,stimulus_Arg_PISACowsMilk_10_page_6,1045.6,481.9,1089.0
10438599,stimulus_Arg_PISACowsMilk_10_page_6,1046.0,482.0,1092.0
10438600,stimulus_Arg_PISACowsMilk_10_page_6,1046.0,482.1,1094.0
10438601,stimulus_Arg_PISACowsMilk_10_page_6,1045.7,482.4,1095.0
10438602,stimulus_Arg_PISACowsMilk_10_page_6,1045.4,482.6,1094.0
10438603,stimulus_Arg_PISACowsMilk_10_page_6,1045.4,482.8,1092.0
10438604,stimulus_Arg_PISACowsMilk_10_page_6,1045.4,482.8,1090.0
10438605,stimulus_Arg_PISACowsMilk_10_page_6,1045.5,482.9,1089.0
10438606,stimulus_Arg_PISACowsMilk_10_page_6,1045.7,483.1,1088.0
10438607,stimulus_Arg_PISACowsMilk_10_page_6,1045.8,483.2,1088.0
10438608,stimulus_Arg_PISACowsMilk_10_page_6,1045.9,483.3,1089.0
10438609,stimulus_Arg_PISACowsMilk_10_page_6,1046.0,483.0,1090.0
10438610,stimulus_Arg_PISACowsMilk_10_page_6,1046.0,482.7,1092.0
10438611,stimulus_Arg_PISACowsMilk_10_page_6,1046.0,482.8,1093.0
10438612,stimulus_Arg_PISACowsMilk_10_page_6,1046.1,483.2,1093.0
10438613,stimulus_Arg_PISACowsMilk_10_page_6,1046.1,483.6,1093.0
10438614,stimulus_Arg_PISACowsMilk_10_page_6,1046.1,483.5,1094.0
10438615,stimulus_Arg_PISACowsMilk_10_page_6,1046.1,483.2,1096.0
10438616,stimulus_Arg_PISACowsMilk_10_page_6,1045.9,483.1,1096.0
10438617,stimulus_Arg_PISACowsMilk_10_page_6,1045.8,483.0,1095.0
10438618,stimulus_Arg_PISACowsMilk_10_page_6,1045.7,483.2,1094.0
10438619,stimulus_Arg_PISACowsMilk_10_page_6,1045.7,483.3,1094.0
10438620,stimulus_Arg_PISACowsMilk_10_page_6,1045.8,483.4,1094.0
10438621,stimulus_Arg_PISACowsMilk_10_page_6,1045.9,483.4,1094.0
10438622,stimulus_Arg_PISACowsMilk_10_page_6,1046.0,483.4,1094.0
10438623,stimulus_Arg_PISACowsMilk_10_page_6,1045.9,483.4,1094.0
10438624,stimulus_Arg_PISACowsMilk_10_page_6,1045.7,483.3,1094.0
10438625,stimulus_Arg_PISACowsMilk_10_page_6,1045.7,483.2,1094.0
10438626,stimulus_Arg_PISACowsMilk_10_page_6,1046.0,483.1,1094.0
10438627,stimulus_Arg_PISACowsMilk_10_page_6,1046.3,482.7,1093.0
10438628,stimulus_Arg_PISACowsMilk_10_page_6,1046.6,482.3,1093.0
10438629,stimulus_Arg_PISACowsMilk_10_page_6,1046.7,482.0,1093.0
10438630,stimulus_Arg_PISACowsMilk_10_page_6,1046.9,482.0,1093.0
10438631,stimulus_Arg_PISACowsMilk_10_page_6,1047.1,482.0,1093.0
10438632,stimulus_Arg_PISACowsMilk_10_page_6,1046.8,482.0,1093.0
10438633,stimulus_Arg_PISACowsMilk_10_page_6,1046.3,482.1,1093.0
10438634,stimulus_Arg_PISACowsMilk_10_page_6,1045.8,482.2,1093.0
10438635,stimulus_Arg_PISACowsMilk_10_page_6,1045.8,482.4,1093.0
10438636,stimulus_Arg_PISACowsMilk_10_page_6,1045.8,482.6,1093.0
10438637,stimulus_Arg_PISACowsMilk_10_page_6,1045.9,482.9,1094.0
10438638,stimulus_Arg_PISACowsMilk_10_page_6,1046.0,483.0,1094.0
10438639,stimulus_Arg_PISACowsMilk_10_page_6,1046.1,482.8,1094.0
10438640,stimulus_Arg_PISACowsMilk_10_page_6,1046.1,482.5,1094.0
10438641,stimulus_Arg_PISACowsMilk_10_page_6,1046.1,482.1,1094.0
10438642,stimulus_Arg_PISACowsMilk_10_page_6,1045.9,482.0,1094.0
10438643,stimulus_Arg_PISACowsMilk_10_page_6,1045.8,481.8,1094.0
10438644,stimulus_Arg_PISACowsMilk_10_page_6,1045.7,481.8,1094.0
10438645,stimulus_Arg_PISACowsMilk_10_page_6,1045.4,481.5,1094.0
10438646,stimulus_Arg_PISACowsMilk_10_page_6,1045.1,481.3,1093.0
10438647,stimulus_Arg_PISACowsMilk_10_page_6,1044.8,481.0,1093.0
10438648,stimulus_Arg_PISACowsMilk_10_page_6,1044.9,480.8,1092.0
10438649,stimulus_Arg_PISACowsMilk_10_page_6,1045.1,480.8,1092.0
10438650,stimulus_Arg_PISACowsMilk_10_page_6,1045.3,481.0,1093.0
10438651,stimulus_Arg_PISACowsMilk_10_page_6,1045.5,481.3,1095.0
10438652,stimulus_Arg_PISACowsMilk_10_page_6,1045.6,481.4,1095.0
10438653,stimulus_Arg_PISACowsMilk_10_page_6,1045.8,481.4,1094.0
10438654,stimulus_Arg_PISACowsMilk_10_page_6,1045.8,481.5,1093.0
10438655,stimulus_Arg_PISACowsMilk_10_page_6,1045.8,481.6,1093.0
10438656,stimulus_Arg_PISACowsMilk_10_page_6,1045.8,481.6,1092.0
10438657,stimulus_Arg_PISACowsMilk_10_page_6,1045.7,481.6,1093.0
10438658,stimulus_Arg_PISACowsMilk_10_page_6,1045.7,481.5,1093.0
10438659,stimulus_Arg_PISACowsMilk_10_page_6,1045.6,481.4,1093.0
10438660,stimulus_Arg_PISACowsMilk_10_page_6,1045.5,481.3,1094.0
10438661,stimulus_Arg_PISACowsMilk_10_page_6,1045.4,481.5,1094.0
10438662,stimulus_Arg_PISACowsMilk_10_page_6,1045.4,481.7,1095.0
10438663,stimulus_Arg_PISACowsMilk_10_page_6,1045.4,481.9,1096.0
10438664,stimulus_Arg_PISACowsMilk_10_page_6,1045.3,482.0,1096.0
10438665,stimulus_Arg_PISACowsMilk_10_page_6,1045.2,482.1,1097.0
10438666,stimulus_Arg_PISACowsMilk_10_page_6,1044.9,482.2,1097.0
10438667,stimulus_Arg_PISACowsMilk_10_page_6,1044.7,482.3,1097.0
10438668,stimulus_Arg_PISACowsMilk_10_page_6,1044.5,482.3,1097.0
10438669,stimulus_Arg_PISACowsMilk_10_page_6,1044.4,482.3,1096.0
10438670,stimulus_Arg_PISACowsMilk_10_page_6,1044.3,482.3,1096.0
10438671,stimulus_Arg_PISACowsMilk_10_page_6,1044.3,482.2,1096.0
10438672,stimulus_Arg_PISACowsMilk_10_page_6,1044.3,482.2,1097.0
10438673,stimulus_Arg_PISACowsMilk_10_page_6,1044.3,482.3,1097.0
10438674,stimulus_Arg_PISACowsMilk_10_page_6,1044.3,482.5,1097.0
10438675,stimulus_Arg_PISACowsMilk_10_page_6,1044.3,482.6,1098.0
10438676,stimulus_Arg_PISACowsMilk_10_page_6,1044.5,482.5,1098.0
10438677,stimulus_Arg_PISACowsMilk_10_page_6,1044.7,482.5,1098.0
10438678,stimulus_Arg_PISACowsMilk_10_page_6,1044.6,482.5,1097.0
10438679,stimulus_Arg_PISACowsMilk_10_page_6,1044.3,482.5,1097.0
10438680,stimulus_Arg_PISACowsMilk_10_page_6,1044.1,482.5,1097.0
10438681,stimulus_Arg_PISACowsMilk_10_page_6,1044.1,482.6,1097.0
10438682,stimulus_Arg_PISACowsMilk_10_page_6,1044.2,483.0,1097.0
10438683,stimulus_Arg_PISACowsMilk_10_page_6,1044.3,483.4,1097.0
10438684,stimulus_Arg_PISACowsMilk_10_page_6,1044.3,483.8,1096.0
10438685,stimulus_Arg_PISACowsMilk_10_page_6,1044.3,483.8,1097.0
10438686,stimulus_Arg_PISACowsMilk_10_page_6,1044.4,483.6,1098.0
10438687,stimulus_Arg_PISACowsMilk_10_page_6,1044.7,483.5,1098.0
10438688,stimulus_Arg_PISACowsMilk_10_page_6,1044.9,483.3,1099.0
10438689,stimulus_Arg_PISACowsMilk_10_page_6,1044.8,483.3,1099.0
10438690,stimulus_Arg_PISACowsMilk_10_page_6,1044.6,483.0,1100.0
10438691,stimulus_Arg_PISACowsMilk_10_page_6,1044.3,482.9,1099.0
10438692,stimulus_Arg_PISACowsMilk_10_page_6,1044.3,482.9,1099.0
10438693,stimulus_Arg_PISACowsMilk_10_page_6,1044.3,483.0,1098.0
10438694,stimulus_Arg_PISACowsMilk_10_page_6,1044.2,483.0,1098.0
10438695,stimulus_Arg_PISACowsMilk_10_page_6,1044.0,483.1,1098.0
10438696,stimulus_Arg_PISACowsMilk_10_page_6,1043.9,483.2,1099.0
10438697,stimulus_Arg_PISACowsMilk_10_page_6,1044.0,483.4,1099.0
10438698,stimulus_Arg_PISACowsMilk_10_page_6,1044.1,483.4,1100.0
10438699,stimulus_Arg_PISACowsMilk_10_page_6,1044.2,483.5,1100.0
10438700,stimulus_Arg_PISACowsMilk_10_page_6,1044.3,483.7,1100.0
10438701,stimulus_Arg_PISACowsMilk_10_page_6,1044.5,483.9,1099.0
10438702,stimulus_Arg_PISACowsMilk_10_page_6,1044.7,484.1,1099.0
10438703,stimulus_Arg_PISACowsMilk_10_page_6,1045.0,484.5,1099.0
10438704,stimulus_Arg_PISACowsMilk_10_page_6,1045.2,484.9,1099.0
10438705,stimulus_Arg_PISACowsMilk_10_page_6,1045.3,484.8,1099.0
10438706,stimulus_Arg_PISACowsMilk_10_page_6,1045.2,484.3,1099.0
10438707,stimulus_Arg_PISACowsMilk_10_page_6,1045.1,483.7,1099.0
10438708,stimulus_Arg_PISACowsMilk_10_page_6,1044.9,483.5,1099.0
10438709,stimulus_Arg_PISACowsMilk_10_page_6,1044.9,483.2,1100.0
10438710,stimulus_Arg_PISACowsMilk_10_page_6,1044.9,482.6,1100.0
10438711,stimulus_Arg_PISACowsMilk_10_page_6,1044.8,482.3,1099.0
10438712,stimulus_Arg_PISACowsMilk_10_page_6,1044.8,482.4,1099.0
10438713,stimulus_Arg_PISACowsMilk_10_page_6,1044.8,482.8,1099.0
10438714,stimulus_Arg_PISACowsMilk_10_page_6,1044.8,483.3,1100.0
10438715,stimulus_Arg_PISACowsMilk_10_page_6,1044.7,483.4,1100.0
10438716,stimulus_Arg_PISACowsMilk_10_page_6,1044.5,483.6,1100.0
10438717,stimulus_Arg_PISACowsMilk_10_page_6,1044.2,483.7,1100.0
10438718,stimulus_Arg_PISACowsMilk_10_page_6,1044.1,483.9,1100.0
10438719,stimulus_Arg_PISACowsMilk_10_page_6,1044.0,484.0,1100.0
10438720,stimulus_Arg_PISACowsMilk_10_page_6,1044.0,484.1,1100.0
10438721,stimulus_Arg_PISACowsMilk_10_page_6,1044.1,484.3,1101.0
10438722,stimulus_Arg_PISACowsMilk_10_page_6,1044.4,484.9,1102.0
10438723,stimulus_Arg_PISACowsMilk_10_page_6,1045.1,485.3,1103.0
10438724,stimulus_Arg_PISACowsMilk_10_page_6,1046.2,485.5,1104.0
10438725,stimulus_Arg_PISACowsMilk_10_page_6,1048.0,485.5,1104.0
10438726,stimulus_Arg_PISACowsMilk_10_page_6,1050.8,485.8,1103.0
10438727,stimulus_Arg_PISACowsMilk_10_page_6,1054.3,486.1,1103.0
10438728,stimulus_Arg_PISACowsMilk_10_page_6,1058.6,486.8,1104.0
10438729,stimulus_Arg_PISACowsMilk_10_page_6,1063.5,487.5,1105.0
10438730,stimulus_Arg_PISACowsMilk_10_page_6,1068.1,488.1,1106.0
10438731,stimulus_Arg_PISACowsMilk_10_page_6,1073.5,488.2,1107.0
10438732,stimulus_Arg_PISACowsMilk_10_page_6,1079.6,488.3,1108.0
10438733,stimulus_Arg_PISACowsMilk_10_page_6,1086.8,488.3,1108.0
10438734,stimulus_Arg_PISACowsMilk_10_page_6,1092.7,488.1,1108.0
10438735,stimulus_Arg_PISACowsMilk_10_page_6,1097.4,487.8,1106.0
10438736,stimulus_Arg_PISACowsMilk_10_page_6,1102.3,486.9,1104.0
10438737,stimulus_Arg_PISACowsMilk_10_page_6,1107.3,486.3,1102.0
10438738,stimulus_Arg_PISACowsMilk_10_page_6,1111.7,485.8,1101.0
10438739,stimulus_Arg_PISACowsMilk_10_page_6,1114.4,485.9,1101.0
10438740,stimulus_Arg_PISACowsMilk_10_page_6,1115.6,486.0,1101.0
10438741,stimulus_Arg_PISACowsMilk_10_page_6,1115.7,485.6,1101.0
10438742,stimulus_Arg_PISACowsMilk_10_page_6,1115.4,484.9,1100.0
10438743,stimulus_Arg_PISACowsMilk_10_page_6,1115.1,484.1,1098.0
10438744,stimulus_Arg_PISACowsMilk_10_page_6,1115.1,483.5,1096.0
10438745,stimulus_Arg_PISACowsMilk_10_page_6,1115.8,483.2,1094.0
10438746,stimulus_Arg_PISACowsMilk_10_page_6,1117.1,482.6,1092.0
10438747,stimulus_Arg_PISACowsMilk_10_page_6,1119.0,482.2,1090.0
10438748,stimulus_Arg_PISACowsMilk_10_page_6,1121.3,481.9,1090.0
10438749,stimulus_Arg_PISACowsMilk_10_page_6,1123.0,481.9,1091.0
10438750,stimulus_Arg_PISACowsMilk_10_page_6,1124.1,481.8,1092.0
10438751,stimulus_Arg_PISACowsMilk_10_page_6,1124.3,481.5,1092.0
10438752,stimulus_Arg_PISACowsMilk_10_page_6,1124.5,481.3,1092.0
10438753,stimulus_Arg_PISACowsMilk_10_page_6,1124.2,481.2,1092.0
10438754,stimulus_Arg_PISACowsMilk_10_page_6,1123.4,480.6,1091.0
10438755,stimulus_Arg_PISACowsMilk_10_page_6,1122.0,480.1,1090.0
10438756,stimulus_Arg_PISACowsMilk_10_page_6,1120.3,479.9,1090.0
10438757,stimulus_Arg_PISACowsMilk_10_page_6,1118.4,480.4,1090.0
10438758,stimulus_Arg_PISACowsMilk_10_page_6,1116.5,480.9,1089.0
10438759,stimulus_Arg_PISACowsMilk_10_page_6,1114.6,481.0,1089.0
10438760,stimulus_Arg_PISACowsMilk_10_page_6,1113.3,481.2,1090.0
10438761,stimulus_Arg_PISACowsMilk_10_page_6,1112.1,481.3,1091.0
10438762,stimulus_Arg_PISACowsMilk_10_page_6,1111.5,481.6,1092.0
10438763,stimulus_Arg_PISACowsMilk_10_page_6,1110.8,481.7,1094.0
10438764,stimulus_Arg_PISACowsMilk_10_page_6,1110.6,481.9,1095.0
10438765,stimulus_Arg_PISACowsMilk_10_page_6,1110.5,482.0,1096.0
10438766,stimulus_Arg_PISACowsMilk_10_page_6,1110.9,482.2,1097.0
10438767,stimulus_Arg_PISACowsMilk_10_page_6,1111.4,482.4,1099.0
10438768,stimulus_Arg_PISACowsMilk_10_page_6,1112.0,482.8,1100.0
10438769,stimulus_Arg_PISACowsMilk_10_page_6,1112.6,483.2,1101.0
10438770,stimulus_Arg_PISACowsMilk_10_page_6,1113.2,483.4,1101.0
10438771,stimulus_Arg_PISACowsMilk_10_page_6,1114.1,483.4,1101.0
10438772,stimulus_Arg_PISACowsMilk_10_page_6,1114.6,483.1,1101.0
10438773,stimulus_Arg_PISACowsMilk_10_page_6,1114.9,482.8,1101.0
10438774,stimulus_Arg_PISACowsMilk_10_page_6,1114.9,482.7,1100.0
10438775,stimulus_Arg_PISACowsMilk_10_page_6,1114.9,482.8,1100.0
10438776,stimulus_Arg_PISACowsMilk_10_page_6,1114.9,482.8,1099.0
10438777,stimulus_Arg_PISACowsMilk_10_page_6,1115.5,482.9,1098.0
10438778,stimulus_Arg_PISACowsMilk_10_page_6,1116.0,482.9,1097.0
10438779,stimulus_Arg_PISACowsMilk_10_page_6,1116.5,482.9,1095.0
10438780,stimulus_Arg_PISACowsMilk_10_page_6,1116.3,482.8,1095.0
10438781,stimulus_Arg_PISACowsMilk_10_page_6,1116.0,483.1,1095.0
10438782,stimulus_Arg_PISACowsMilk_10_page_6,1115.8,483.4,1095.0
10438783,stimulus_Arg_PISACowsMilk_10_page_6,1116.1,483.7,1096.0
10438784,stimulus_Arg_PISACowsMilk_10_page_6,1116.7,483.7,1097.0
10438785,stimulus_Arg_PISACowsMilk_10_page_6,1117.2,483.6,1097.0
10438786,stimulus_Arg_PISACowsMilk_10_page_6,1117.1,483.5,1097.0
10438787,stimulus_Arg_PISACowsMilk_10_page_6,1116.8,483.7,1097.0
10438788,stimulus_Arg_PISACowsMilk_10_page_6,1116.6,483.9,1097.0
10438789,stimulus_Arg_PISACowsMilk_10_page_6,1116.8,484.0,1097.0
10438790,stimulus_Arg_PISACowsMilk_10_page_6,1116.9,483.8,1097.0
10438791,stimulus_Arg_PISACowsMilk_10_page_6,1117.0,483.7,1097.0
10438792,stimulus_Arg_PISACowsMilk_10_page_6,1117.0,483.6,1095.0
10438793,stimulus_Arg_PISACowsMilk_10_page_6,1117.0,483.5,1094.0
10438794,stimulus_Arg_PISACowsMilk_10_page_6,1116.7,483.4,1093.0
10438795,stimulus_Arg_PISACowsMilk_10_page_6,1116.3,483.1,1093.0
10438796,stimulus_Arg_PISACowsMilk_10_page_6,1116.0,482.8,1094.0
10438797,stimulus_Arg_PISACowsMilk_10_page_6,1116.0,482.6,1094.0
10438798,stimulus_Arg_PISACowsMilk_10_page_6,1116.0,482.5,1095.0
10438799,stimulus_Arg_PISACowsMilk_10_page_6,1116.1,482.5,1095.0
10438800,stimulus_Arg_PISACowsMilk_10_page_6,1116.1,482.9,1096.0
10438801,stimulus_Arg_PISACowsMilk_10_page_6,1116.2,483.3,1097.0
10438802,stimulus_Arg_PISACowsMilk_10_page_6,1116.2,483.7,1098.0
10438803,stimulus_Arg_PISACowsMilk_10_page_6,1116.3,483.7,1098.0
10438804,stimulus_Arg_PISACowsMilk_10_page_6,1116.2,483.7,1097.0
10438805,stimulus_Arg_PISACowsMilk_10_page_6,1116.2,483.5,1096.0
10438806,stimulus_Arg_PISACowsMilk_10_page_6,1116.5,483.3,1095.0
10438807,stimulus_Arg_PISACowsMilk_10_page_6,1116.7,483.2,1095.0
10438808,stimulus_Arg_PISACowsMilk_10_page_6,1116.8,483.3,1096.0
10438809,stimulus_Arg_PISACowsMilk_10_page_6,1116.7,483.4,1097.0
10438810,stimulus_Arg_PISACowsMilk_10_page_6,1116.5,483.5,1098.0
10438811,stimulus_Arg_PISACowsMilk_10_page_6,1116.5,483.7,1098.0
10438812,stimulus_Arg_PISACowsMilk_10_page_6,1116.5,483.7,1098.0
10438813,stimulus_Arg_PISACowsMilk_10_page_6,1116.5,483.6,1098.0
10438814,stimulus_Arg_PISACowsMilk_10_page_6,1116.4,483.5,1099.0
10438815,stimulus_Arg_PISACowsMilk_10_page_6,1116.3,483.3,1098.0
10438816,stimulus_Arg_PISACowsMilk_10_page_6,1116.3,483.1,1097.0
10438817,stimulus_Arg_PISACowsMilk_10_page_6,1116.3,482.9,1096.0
10438818,stimulus_Arg_PISACowsMilk_10_page_6,1116.4,482.7,1096.0
10438819,stimulus_Arg_PISACowsMilk_10_page_6,1116.6,482.7,1097.0
10438820,stimulus_Arg_PISACowsMilk_10_page_6,1116.7,482.9,1098.0
10438821,stimulus_Arg_PISACowsMilk_10_page_6,1116.8,483.1,1099.0
10438822,stimulus_Arg_PISACowsMilk_10_page_6,1116.7,483.2,1099.0
10438823,stimulus_Arg_PISACowsMilk_10_page_6,1116.7,483.3,1098.0
10438824,stimulus_Arg_PISACowsMilk_10_page_6,1116.8,483.3,1098.0
10438825,stimulus_Arg_PISACowsMilk_10_page_6,1116.9,483.2,1097.0
10438826,stimulus_Arg_PISACowsMilk_10_page_6,1116.9,483.0,1098.0
10438827,stimulus_Arg_PISACowsMilk_10_page_6,1116.7,482.9,1099.0
10438828,stimulus_Arg_PISACowsMilk_10_page_6,1116.5,482.8,1099.0
10438829,stimulus_Arg_PISACowsMilk_10_page_6,1116.3,482.7,1099.0
10438830,stimulus_Arg_PISACowsMilk_10_page_6,1116.2,482.7,1100.0
10438831,stimulus_Arg_PISACowsMilk_10_page_6,1116.2,482.7,1101.0
10438832,stimulus_Arg_PISACowsMilk_10_page_6,1116.3,482.7,1102.0
10438833,stimulus_Arg_PISACowsMilk_10_page_6,1116.6,482.7,1102.0
10438834,stimulus_Arg_PISACowsMilk_10_page_6,1117.0,482.6,1102.0
10438835,stimulus_Arg_PISACowsMilk_10_page_6,1117.1,482.8,1102.0
10438836,stimulus_Arg_PISACowsMilk_10_page_6,1117.1,483.1,1101.0
10438837,stimulus_Arg_PISACowsMilk_10_page_6,1117.1,483.3,1100.0
10438838,stimulus_Arg_PISACowsMilk_10_page_6,1117.0,483.3,1101.0
10438839,stimulus_Arg_PISACowsMilk_10_page_6,1117.1,483.3,1101.0
10438840,stimulus_Arg_PISACowsMilk_10_page_6,1117.1,483.4,1101.0
10438841,stimulus_Arg_PISACowsMilk_10_page_6,1117.1,483.4,1101.0
10438842,stimulus_Arg_PISACowsMilk_10_page_6,1117.1,483.4,1101.0
10438843,stimulus_Arg_PISACowsMilk_10_page_6,1117.2,483.5,1102.0
10438844,stimulus_Arg_PISACowsMilk_10_page_6,1117.4,483.7,1102.0
10438845,stimulus_Arg_PISACowsMilk_10_page_6,1117.5,483.9,1102.0
10438846,stimulus_Arg_PISACowsMilk_10_page_6,1117.3,484.0,1102.0
10438847,stimulus_Arg_PISACowsMilk_10_page_6,1117.2,484.0,1102.0
10438848,stimulus_Arg_PISACowsMilk_10_page_6,1117.2,484.0,1102.0
10438849,stimulus_Arg_PISACowsMilk_10_page_6,1117.3,484.0,1102.0
10438850,stimulus_Arg_PISACowsMilk_10_page_6,1117.4,484.1,1102.0
10438851,stimulus_Arg_PISACowsMilk_10_page_6,1117.6,484.4,1102.0
10438852,stimulus_Arg_PISACowsMilk_10_page_6,1117.6,484.7,1102.0
10438853,stimulus_Arg_PISACowsMilk_10_page_6,1118.0,485.0,1102.0
10438854,stimulus_Arg_PISACowsMilk_10_page_6,1118.4,485.0,1102.0
10438855,stimulus_Arg_PISACowsMilk_10_page_6,1118.7,485.0,1102.0
10438856,stimulus_Arg_PISACowsMilk_10_page_6,1118.6,485.0,1101.0
10438857,stimulus_Arg_PISACowsMilk_10_page_6,1118.5,485.0,1099.0
10438858,stimulus_Arg_PISACowsMilk_10_page_6,1118.7,485.0,1099.0
10438859,stimulus_Arg_PISACowsMilk_10_page_6,1119.0,484.9,1100.0
10438860,stimulus_Arg_PISACowsMilk_10_page_6,1119.3,484.8,1102.0
10438861,stimulus_Arg_PISACowsMilk_10_page_6,1119.1,484.9,1102.0
10438862,stimulus_Arg_PISACowsMilk_10_page_6,1118.9,484.9,1101.0
10438863,stimulus_Arg_PISACowsMilk_10_page_6,1119.0,485.0,1101.0
10438864,stimulus_Arg_PISACowsMilk_10_page_6,1119.4,485.2,1103.0
10438865,stimulus_Arg_PISACowsMilk_10_page_6,1119.7,485.3,1106.0
10438866,stimulus_Arg_PISACowsMilk_10_page_6,1119.7,485.3,1108.0
10438867,stimulus_Arg_PISACowsMilk_10_page_6,1119.7,485.3,1108.0
10438868,stimulus_Arg_PISACowsMilk_10_page_6,1119.4,485.3,1108.0
10438869,stimulus_Arg_PISACowsMilk_10_page_6,1119.1,485.3,1108.0
10438870,stimulus_Arg_PISACowsMilk_10_page_6,1118.8,485.3,1108.0
10438871,stimulus_Arg_PISACowsMilk_10_page_6,1118.8,485.3,1109.0
10438872,stimulus_Arg_PISACowsMilk_10_page_6,1118.7,485.1,1108.0
10438873,stimulus_Arg_PISACowsMilk_10_page_6,1118.6,485.0,1107.0
10438874,stimulus_Arg_PISACowsMilk_10_page_6,1118.6,485.6,1108.0
10438875,stimulus_Arg_PISACowsMilk_10_page_6,1118.6,486.4,1109.0
10438876,stimulus_Arg_PISACowsMilk_10_page_6,1118.7,487.2,1110.0
10438877,stimulus_Arg_PISACowsMilk_10_page_6,1118.7,487.3,1111.0
10438878,stimulus_Arg_PISACowsMilk_10_page_6,1118.7,487.3,1111.0
10438879,stimulus_Arg_PISACowsMilk_10_page_6,1118.5,487.1,1111.0
10438880,stimulus_Arg_PISACowsMilk_10_page_6,1118.3,486.7,1111.0
10438881,stimulus_Arg_PISACowsMilk_10_page_6,1118.2,486.6,1112.0
10438882,stimulus_Arg_PISACowsMilk_10_page_6,1118.1,486.5,1112.0
10438883,stimulus_Arg_PISACowsMilk_10_page_6,1117.9,486.6,1113.0
10438884,stimulus_Arg_PISACowsMilk_10_page_6,1117.6,486.7,1113.0
10438885,stimulus_Arg_PISACowsMilk_10_page_6,1117.3,486.9,1113.0
10438886,stimulus_Arg_PISACowsMilk_10_page_6,1117.2,486.6,1112.0
10438887,stimulus_Arg_PISACowsMilk_10_page_6,1117.4,486.1,1112.0
10438888,stimulus_Arg_PISACowsMilk_10_page_6,1117.3,485.5,1112.0
10438889,stimulus_Arg_PISACowsMilk_10_page_6,1117.1,485.4,1112.0
10438890,stimulus_Arg_PISACowsMilk_10_page_6,1116.9,485.5,1113.0
10438891,stimulus_Arg_PISACowsMilk_10_page_6,1116.9,485.7,1112.0
10438892,stimulus_Arg_PISACowsMilk_10_page_6,1116.9,486.1,1111.0
10438893,stimulus_Arg_PISACowsMilk_10_page_6,1116.8,486.2,1110.0
10438894,stimulus_Arg_PISACowsMilk_10_page_6,1116.6,486.3,1110.0
10438895,stimulus_Arg_PISACowsMilk_10_page_6,1116.4,486.1,1109.0
10438896,stimulus_Arg_PISACowsMilk_10_page_6,1116.3,486.4,1109.0
10438897,stimulus_Arg_PISACowsMilk_10_page_6,1116.3,486.7,1108.0
10438898,stimulus_Arg_PISACowsMilk_10_page_6,1116.2,487.0,1108.0
10438899,stimulus_Arg_PISACowsMilk_10_page_6,1116.1,487.0,1108.0
10438900,stimulus_Arg_PISACowsMilk_10_page_6,1116.0,486.9,1108.0
10438901,stimulus_Arg_PISACowsMilk_10_page_6,1116.0,486.9,1109.0
10438902,stimulus_Arg_PISACowsMilk_10_page_6,1115.9,487.0,1109.0
10438903,stimulus_Arg_PISACowsMilk_10_page_6,1115.8,487.0,1109.0
10438904,stimulus_Arg_PISACowsMilk_10_page_6,1115.7,486.9,1109.0
10438905,stimulus_Arg_PISACowsMilk_10_page_6,1115.7,486.7,1109.0
10438906,stimulus_Arg_PISACowsMilk_10_page_6,1115.6,486.5,1109.0
10438907,stimulus_Arg_PISACowsMilk_10_page_6,1115.5,486.6,1110.0
10438908,stimulus_Arg_PISACowsMilk_10_page_6,1115.7,486.8,1109.0
10438909,stimulus_Arg_PISACowsMilk_10_page_6,1115.9,486.7,1108.0
10438910,stimulus_Arg_PISACowsMilk_10_page_6,1116.0,486.3,1108.0
10438911,stimulus_Arg_PISACowsMilk_10_page_6,1115.8,486.0,1108.0
10438912,stimulus_Arg_PISACowsMilk_10_page_6,1115.6,486.3,1109.0
10438913,stimulus_Arg_PISACowsMilk_10_page_6,1115.6,486.6,1110.0
10438914,stimulus_Arg_PISACowsMilk_10_page_6,1115.6,487.1,1112.0
10438915,stimulus_Arg_PISACowsMilk_10_page_6,1115.6,487.4,1112.0
10438916,stimulus_Arg_PISACowsMilk_10_page_6,1115.6,487.7,1111.0
10438917,stimulus_Arg_PISACowsMilk_10_page_6,1115.7,487.8,1110.0
10438918,stimulus_Arg_PISACowsMilk_10_page_6,1115.8,487.9,1109.0
10438919,stimulus_Arg_PISACowsMilk_10_page_6,1116.0,487.7,1109.0
10438920,stimulus_Arg_PISACowsMilk_10_page_6,1116.1,487.5,1109.0
10438921,stimulus_Arg_PISACowsMilk_10_page_6,1116.2,487.1,1110.0
10438922,stimulus_Arg_PISACowsMilk_10_page_6,1116.2,487.0,1112.0
10438923,stimulus_Arg_PISACowsMilk_10_page_6,1116.3,487.0,1113.0
10438924,stimulus_Arg_PISACowsMilk_10_page_6,1116.3,487.1,1114.0
10438925,stimulus_Arg_PISACowsMilk_10_page_6,1116.3,487.0,1115.0
10438926,stimulus_Arg_PISACowsMilk_10_page_6,1116.4,486.8,1114.0
10438927,stimulus_Arg_PISACowsMilk_10_page_6,1116.5,487.0,1113.0
10438928,stimulus_Arg_PISACowsMilk_10_page_6,1116.6,487.3,1113.0
10438929,stimulus_Arg_PISACowsMilk_10_page_6,1116.7,487.5,1112.0
10438930,stimulus_Arg_PISACowsMilk_10_page_6,1117.0,487.4,1112.0
10438931,stimulus_Arg_PISACowsMilk_10_page_6,1117.3,487.3,1113.0
10438932,stimulus_Arg_PISACowsMilk_10_page_6,1117.6,487.2,1114.0
10438933,stimulus_Arg_PISACowsMilk_10_page_6,1117.6,487.2,1115.0
10438934,stimulus_Arg_PISACowsMilk_10_page_6,1117.6,487.3,1115.0
10438935,stimulus_Arg_PISACowsMilk_10_page_6,1117.7,487.3,1114.0
10438936,stimulus_Arg_PISACowsMilk_10_page_6,1117.7,487.3,1114.0
10438937,stimulus_Arg_PISACowsMilk_10_page_6,1117.8,487.3,1114.0
10438938,stimulus_Arg_PISACowsMilk_10_page_6,1117.8,487.3,1114.0
10438939,stimulus_Arg_PISACowsMilk_10_page_6,1117.8,487.3,1114.0
10438940,stimulus_Arg_PISACowsMilk_10_page_6,1117.9,487.3,1114.0
10438941,stimulus_Arg_PISACowsMilk_10_page_6,1118.0,487.2,1115.0
10438942,stimulus_Arg_PISACowsMilk_10_page_6,1118.1,487.1,1115.0
10438943,stimulus_Arg_PISACowsMilk_10_page_6,1118.3,487.0,1114.0
10438944,stimulus_Arg_PISACowsMilk_10_page_6,1118.4,486.9,1113.0
10438945,stimulus_Arg_PISACowsMilk_10_page_6,1118.4,487.0,1113.0
10438946,stimulus_Arg_PISACowsMilk_10_page_6,1118.4,487.4,1113.0
10438947,stimulus_Arg_PISACowsMilk_10_page_6,1118.4,487.7,1113.0
10438948,stimulus_Arg_PISACowsMilk_10_page_6,1118.5,487.9,1113.0
10438949,stimulus_Arg_PISACowsMilk_10_page_6,1118.7,487.9,1114.0
10438950,stimulus_Arg_PISACowsMilk_10_page_6,1118.8,488.0,1114.0
10438951,stimulus_Arg_PISACowsMilk_10_page_6,1118.9,488.2,1114.0
10438952,stimulus_Arg_PISACowsMilk_10_page_6,1119.1,488.2,1114.0
10438953,stimulus_Arg_PISACowsMilk_10_page_6,1119.3,488.2,1113.0
10438954,stimulus_Arg_PISACowsMilk_10_page_6,1119.5,488.0,1113.0
10438955,stimulus_Arg_PISACowsMilk_10_page_6,1119.5,487.8,1112.0
10438956,stimulus_Arg_PISACowsMilk_10_page_6,1119.5,487.7,1111.0
10438957,stimulus_Arg_PISACowsMilk_10_page_6,1119.6,487.7,1111.0
10438958,stimulus_Arg_PISACowsMilk_10_page_6,1119.6,487.8,1111.0
10438959,stimulus_Arg_PISACowsMilk_10_page_6,1119.6,487.9,1111.0
10438960,stimulus_Arg_PISACowsMilk_10_page_6,1119.5,487.6,1111.0
10438961,stimulus_Arg_PISACowsMilk_10_page_6,1119.4,487.1,1111.0
10438962,stimulus_Arg_PISACowsMilk_10_page_6,1119.4,486.5,1111.0
10438963,stimulus_Arg_PISACowsMilk_10_page_6,1119.4,486.3,1111.0
10438964,stimulus_Arg_PISACowsMilk_10_page_6,1119.4,486.0,1111.0
10438965,stimulus_Arg_PISACowsMilk_10_page_6,1119.4,486.0,1110.0
10438966,stimulus_Arg_PISACowsMilk_10_page_6,1119.6,486.0,1110.0
10438967,stimulus_Arg_PISACowsMilk_10_page_6,1119.7,486.3,1110.0
10438968,stimulus_Arg_PISACowsMilk_10_page_6,1119.7,486.5,1111.0
10438969,stimulus_Arg_PISACowsMilk_10_page_6,1119.5,486.7,1111.0
10438970,stimulus_Arg_PISACowsMilk_10_page_6,1119.4,486.7,1111.0
10438971,stimulus_Arg_PISACowsMilk_10_page_6,1119.5,486.8,1112.0
10438972,stimulus_Arg_PISACowsMilk_10_page_6,1119.7,487.0,1113.0
10438973,stimulus_Arg_PISACowsMilk_10_page_6,1119.9,487.3,1113.0
10438974,stimulus_Arg_PISACowsMilk_10_page_6,1120.0,487.5,1113.0
10438975,stimulus_Arg_PISACowsMilk_10_page_6,1120.2,487.5,1113.0
10438976,stimulus_Arg_PISACowsMilk_10_page_6,1120.2,487.4,1112.0
10438977,stimulus_Arg_PISACowsMilk_10_page_6,1120.1,487.2,1110.0
10438978,stimulus_Arg_PISACowsMilk_10_page_6,1120.0,487.3,1109.0
10438979,stimulus_Arg_PISACowsMilk_10_page_6,1120.0,487.4,1109.0
10438980,stimulus_Arg_PISACowsMilk_10_page_6,1120.1,487.6,1109.0
10438981,stimulus_Arg_PISACowsMilk_10_page_6,1120.1,487.5,1109.0
10438982,stimulus_Arg_PISACowsMilk_10_page_6,1119.8,487.3,1108.0
10438983,stimulus_Arg_PISACowsMilk_10_page_6,1119.6,487.1,1108.0
10438984,stimulus_Arg_PISACowsMilk_10_page_6,1119.6,487.0,1108.0
10438985,stimulus_Arg_PISACowsMilk_10_page_6,1119.8,487.0,1107.0
10438986,stimulus_Arg_PISACowsMilk_10_page_6,1119.9,487.2,1105.0
10438987,stimulus_Arg_PISACowsMilk_10_page_6,1119.4,487.4,1104.0
10438988,stimulus_Arg_PISACowsMilk_10_page_6,1119.0,487.4,1104.0
10438989,stimulus_Arg_PISACowsMilk_10_page_6,1117.1,487.2,1104.0
10438990,stimulus_Arg_PISACowsMilk_10_page_6,1114.8,487.1,1106.0
10438991,stimulus_Arg_PISACowsMilk_10_page_6,1112.1,487.1,1107.0
10438992,stimulus_Arg_PISACowsMilk_10_page_6,1109.1,485.7,1109.0
10438993,stimulus_Arg_PISACowsMilk_10_page_6,1104.1,483.9,1108.0
10438994,stimulus_Arg_PISACowsMilk_10_page_6,1096.2,481.6,1108.0
10438995,stimulus_Arg_PISACowsMilk_10_page_6,1086.4,480.5,1109.0
10438996,stimulus_Arg_PISACowsMilk_10_page_6,1075.7,479.7,1111.0
10438997,stimulus_Arg_PISACowsMilk_10_page_6,1064.1,478.7,1114.0
10438998,stimulus_Arg_PISACowsMilk_10_page_6,1052.0,476.0,1116.0
10438999,stimulus_Arg_PISACowsMilk_10_page_6,1039.4,472.3,1118.0
10439000,stimulus_Arg_PISACowsMilk_10_page_6,1027.5,467.0,1118.0
10439001,stimulus_Arg_PISACowsMilk_10_page_6,1016.4,462.4,1118.0
10439002,stimulus_Arg_PISACowsMilk_10_page_6,1006.4,458.9,1122.0
10439003,stimulus_Arg_PISACowsMilk_10_page_6,997.5,457.6,1126.0
10439004,stimulus_Arg_PISACowsMilk_10_page_6,989.8,456.5,1130.0
10439005,stimulus_Arg_PISACowsMilk_10_page_6,983.3,454.7,1130.0
10439006,stimulus_Arg_PISACowsMilk_10_page_6,976.6,453.0,1130.0
10439007,stimulus_Arg_PISACowsMilk_10_page_6,970.7,452.2,1131.0
10439008,stimulus_Arg_PISACowsMilk_10_page_6,963.8,451.0,1132.0
10439009,stimulus_Arg_PISACowsMilk_10_page_6,958.1,449.2,1132.0
10439010,stimulus_Arg_PISACowsMilk_10_page_6,952.2,447.4,1132.0
10439011,stimulus_Arg_PISACowsMilk_10_page_6,947.0,447.3,1132.0
10439012,stimulus_Arg_PISACowsMilk_10_page_6,941.7,447.7,1132.0
10439013,stimulus_Arg_PISACowsMilk_10_page_6,937.0,447.5,1132.0
10439014,stimulus_Arg_PISACowsMilk_10_page_6,932.4,445.7,1132.0
10439015,stimulus_Arg_PISACowsMilk_10_page_6,928.1,443.3,1133.0
10439016,stimulus_Arg_PISACowsMilk_10_page_6,922.7,441.6,1133.0
10439017,stimulus_Arg_PISACowsMilk_10_page_6,917.3,439.1,1132.0
10439018,stimulus_Arg_PISACowsMilk_10_page_6,912.1,435.3,1131.0
10439019,stimulus_Arg_PISACowsMilk_10_page_6,906.9,431.2,1132.0
10439020,stimulus_Arg_PISACowsMilk_10_page_6,902.1,427.5,1133.0
10439021,stimulus_Arg_PISACowsMilk_10_page_6,894.1,423.7,1134.0
10439022,stimulus_Arg_PISACowsMilk_10_page_6,886.4,420.3,1132.0
10439023,stimulus_Arg_PISACowsMilk_10_page_6,876.4,415.2,1131.0
10439024,stimulus_Arg_PISACowsMilk_10_page_6,868.2,410.0,1131.0
10439025,stimulus_Arg_PISACowsMilk_10_page_6,859.1,404.6,1129.0
10439026,stimulus_Arg_PISACowsMilk_10_page_6,850.6,400.9,1126.0
10439027,stimulus_Arg_PISACowsMilk_10_page_6,841.6,398.3,1124.0
10439028,stimulus_Arg_PISACowsMilk_10_page_6,832.0,394.9,1123.0
10439029,stimulus_Arg_PISACowsMilk_10_page_6,823.5,392.4,1118.0
10439030,stimulus_Arg_PISACowsMilk_10_page_6,813.9,388.4,1112.0
10439031,stimulus_Arg_PISACowsMilk_10_page_6,805.1,384.4,1104.0
10439032,stimulus_Arg_PISACowsMilk_10_page_6,794.8,380.9,1096.0
10439033,stimulus_Arg_PISACowsMilk_10_page_6,785.4,383.9,1081.0
10439034,stimulus_Arg_PISACowsMilk_10_page_6,778.5,390.4,1061.0
10439035,stimulus_Arg_PISACowsMilk_10_page_6,774.0,404.0,1039.0
10439036,stimulus_Arg_PISACowsMilk_10_page_6,771.9,421.1,1012.0
10439037,stimulus_Arg_PISACowsMilk_10_page_6,770.6,443.4,977.0
10439038,stimulus_Arg_PISACowsMilk_10_page_6,769.9,467.8,940.0
10439039,stimulus_Arg_PISACowsMilk_10_page_6,767.2,493.4,901.0
10439040,stimulus_Arg_PISACowsMilk_10_page_6,760.7,521.5,859.0
10439041,stimulus_Arg_PISACowsMilk_10_page_6,749.1,550.5,805.0
10439042,stimulus_Arg_PISACowsMilk_10_page_6,739.7,582.0,754.0
10439043,stimulus_Arg_PISACowsMilk_10_page_6,733.2,614.6,704.0
10439044,stimulus_Arg_PISACowsMilk_10_page_6,735.4,651.2,656.0
10439045,stimulus_Arg_PISACowsMilk_10_page_6,738.2,676.3,622.0
10439046,stimulus_Arg_PISACowsMilk_10_page_6,694.7,699.9,539.0
10439047,stimulus_Arg_PISACowsMilk_10_page_6,647.3,709.5,473.0
10439048,stimulus_Arg_PISACowsMilk_10_page_6,599.5,719.0,406.0
10439049,stimulus_Arg_PISACowsMilk_10_page_6,599.5,719.0,406.0
10439050,stimulus_Arg_PISACowsMilk_10_page_6,,,0.0
10439051,stimulus_Arg_PISACowsMilk_10_page_6,,,0.0
10439052,stimulus_Arg_PISACowsMilk_10_page_6,,,0.0
10439053,stimulus_Arg_PISACowsMilk_10_page_6,,,0.0
10439054,stimulus_Arg_PISACowsMilk_10_page_6,,,0.0
10439055,stimulus_Arg_PISACowsMilk_10_page_6,,,0.0
10439056,stimulus_Arg_PISACowsMilk_10_page_6,,,0.0
10439057,stimulus_Arg_PISACowsMilk_10_page_6,,,0.0
10439058,stimulus_Arg_PISACowsMilk_10_page_6,,,0.0
10439059,stimulus_Arg_PISACowsMilk_10_page_6,,,0.0
10439060,stimulus_Arg_PISACowsMilk_10_page_6,,,0.0
10439061,stimulus_Arg_PISACowsMilk_10_page_6,,,0.0
10439062,stimulus_Arg_PISACowsMilk_10_page_6,,,0.0
10439063,stimulus_Arg_PISACowsMilk_10_page_6,,,0.0
10439064,stimulus_Arg_PISACowsMilk_10_page_6,,,0.0
10439065,stimulus_Arg_PISACowsMilk_10_page_6,,,0.0
10439066,stimulus_Arg_PISACowsMilk_10_page_6,,,0.0
10439067,stimulus_Arg_PISACowsMilk_10_page_6,,,0.0
10439068,stimulus_Arg_PISACowsMilk_10_page_6,,,0.0
10439069,stimulus_Arg_PISACowsMilk_10_page_6,,,0.0
10439070,stimulus_Arg_PISACowsMilk_10_page_6,,,0.0
10439071,stimulus_Arg_PISACowsMilk_10_page_6,,,0.0
10439072,stimulus_Arg_PISACowsMilk_10_page_6,,,0.0
10439073,stimulus_Arg_PISACowsMilk_10_page_6,,,0.0
10439074,stimulus_Arg_PISACowsMilk_10_page_6,,,0.0
10439075,stimulus_Arg_PISACowsMilk_10_page_6,,,0.0
10439076,stimulus_Arg_PISACowsMilk_10_page_6,,,0.0
10439077,stimulus_Arg_PISACowsMilk_10_page_6,,,0.0
10439078,stimulus_Arg_PISACowsMilk_10_page_6,,,0.0
10439079,stimulus_Arg_PISACowsMilk_10_page_6,,,0.0
10439080,stimulus_Arg_PISACowsMilk_10_page_6,,,0.0
10439081,stimulus_Arg_PISACowsMilk_10_page_6,,,0.0
10439082,stimulus_Arg_PISACowsMilk_10_page_6,,,0.0
10439083,stimulus_Arg_PISACowsMilk_10_page_6,,,0.0
10439084,stimulus_Arg_PISACowsMilk_10_page_6,,,0.0
10439085,stimulus_Arg_PISACowsMilk_10_page_6,,,0.0
10439086,stimulus_Arg_PISACowsMilk_10_page_6,,,0.0
10439087,stimulus_Arg_PISACowsMilk_10_page_6,,,0.0
10439088,stimulus_Arg_PISACowsMilk_10_page_6,,,0.0
10439089,stimulus_Arg_PISACowsMilk_10_page_6,,,0.0
10439090,stimulus_Arg_PISACowsMilk_10_page_6,,,0.0
10439091,stimulus_Arg_PISACowsMilk_10_page_6,,,0.0
10439092,stimulus_Arg_PISACowsMilk_10_page_6,,,0.0
10439093,stimulus_Arg_PISACowsMilk_10_page_6,,,0.0
10439094,stimulus_Arg_PISACowsMilk_10_page_6,,,0.0
10439095,stimulus_Arg_PISACowsMilk_10_page_6,,,0.0
10439096,stimulus_Arg_PISACowsMilk_10_page_6,,,0.0
10439097,stimulus_Arg_PISACowsMilk_10_page_6,,,0.0
10439098,stimulus_Arg_PISACowsMilk_10_page_6,,,0.0
10439099,stimulus_Arg_PISACowsMilk_10_page_6,,,0.0
10439100,stimulus_Arg_PISACowsMilk_10_page_6,,,0.0
10439101,stimulus_Arg_PISACowsMilk_10_page_6,,,0.0
10439102,stimulus_Arg_PISACowsMilk_10_page_6,,,0.0
10439103,stimulus_Arg_PISACowsMilk_10_page_6,,,0.0
10439104,stimulus_Arg_PISACowsMilk_10_page_6,,,0.0
10439105,stimulus_Arg_PISACowsMilk_10_page_6,,,0.0
10439106,stimulus_Arg_PISACowsMilk_10_page_6,,,0.0
10439107,stimulus_Arg_PISACowsMilk_10_page_6,,,0.0
10439108,stimulus_Arg_PISACowsMilk_10_page_6,,,0.0
10439109,stimulus_Arg_PISACowsMilk_10_page_6,,,0.0
10439110,stimulus_Arg_PISACowsMilk_10_page_6,,,0.0
10439111,stimulus_Arg_PISACowsMilk_10_page_6,,,0.0
10439112,stimulus_Arg_PISACowsMilk_10_page_6,,,0.0
10439113,stimulus_Arg_PISACowsMilk_10_page_6,,,0.0
10439114,stimulus_Arg_PISACowsMilk_10_page_6,,,0.0
10439115,stimulus_Arg_PISACowsMilk_10_page_6,,,0.0
10439116,stimulus_Arg_PISACowsMilk_10_page_6,,,0.0
10439117,stimulus_Arg_PISACowsMilk_10_page_6,,,0.0
10439118,stimulus_Arg_PISACowsMilk_10_page_6,,,0.0
10439119,stimulus_Arg_PISACowsMilk_10_page_6,,,0.0
10439120,stimulus_Arg_PISACowsMilk_10_page_6,,,0.0
10439121,stimulus_Arg_PISACowsMilk_10_page_6,,,0.0
10439122,stimulus_Arg_PISACowsMilk_10_page_6,,,0.0
10439123,stimulus_Arg_PISACowsMilk_10_page_6,,,0.0
10439124,stimulus_Arg_PISACowsMilk_10_page_6,,,0.0
10439125,stimulus_Arg_PISACowsMilk_10_page_6,,,0.0
10439126,stimulus_Arg_PISACowsMilk_10_page_6,,,0.0
10439127,stimulus_Arg_PISACowsMilk_10_page_6,,,0.0
10439128,stimulus_Arg_PISACowsMilk_10_page_6,,,0.0
10439129,stimulus_Arg_PISACowsMilk_10_page_6,,,0.0
10439130,stimulus_Arg_PISACowsMilk_10_page_6,,,0.0
10439131,stimulus_Arg_PISACowsMilk_10_page_6,,,0.0
10439132,stimulus_Arg_PISACowsMilk_10_page_6,,,0.0
10439133,stimulus_Arg_PISACowsMilk_10_page_6,,,0.0
10439134,stimulus_Arg_PISACowsMilk_10_page_6,,,0.0
10439135,stimulus_Arg_PISACowsMilk_10_page_6,,,0.0
10439136,stimulus_Arg_PISACowsMilk_10_page_6,,,0.0
10439137,stimulus_Arg_PISACowsMilk_10_page_6,,,0.0
10439138,stimulus_Arg_PISACowsMilk_10_page_6,,,0.0
10439139,stimulus_Arg_PISACowsMilk_10_page_6,,,0.0
10439140,stimulus_Arg_PISACowsMilk_10_page_6,,,0.0
10439141,stimulus_Arg_PISACowsMilk_10_page_6,,,0.0
10439142,stimulus_Arg_PISACowsMilk_10_page_6,,,0.0
10439143,stimulus_Arg_PISACowsMilk_10_page_6,,,0.0
10439144,stimulus_Arg_PISACowsMilk_10_page_6,,,0.0
10439145,stimulus_Arg_PISACowsMilk_10_page_6,,,0.0
10439146,stimulus_Arg_PISACowsMilk_10_page_6,,,0.0
10439147,stimulus_Arg_PISACowsMilk_10_page_6,335.6,550.8,386.0
10439148,stimulus_Arg_PISACowsMilk_10_page_6,335.6,550.8,386.0
10439149,stimulus_Arg_PISACowsMilk_10_page_6,336.0,544.3,396.0
10439150,stimulus_Arg_PISACowsMilk_10_page_6,336.1,530.9,416.0
10439151,stimulus_Arg_PISACowsMilk_10_page_6,335.1,511.0,445.0
10439152,stimulus_Arg_PISACowsMilk_10_page_6,333.2,490.8,475.0
10439153,stimulus_Arg_PISACowsMilk_10_page_6,332.3,471.7,504.0
10439154,stimulus_Arg_PISACowsMilk_10_page_6,333.1,453.8,536.0
10439155,stimulus_Arg_PISACowsMilk_10_page_6,335.9,435.7,571.0
10439156,stimulus_Arg_PISACowsMilk_10_page_6,340.6,416.1,607.0
10439157,stimulus_Arg_PISACowsMilk_10_page_6,345.9,396.0,638.0
10439158,stimulus_Arg_PISACowsMilk_10_page_6,350.0,378.5,668.0
10439159,stimulus_Arg_PISACowsMilk_10_page_6,352.9,361.7,697.0
10439160,stimulus_Arg_PISACowsMilk_10_page_6,356.0,345.4,726.0
10439161,stimulus_Arg_PISACowsMilk_10_page_6,359.0,328.9,750.0
10439162,stimulus_Arg_PISACowsMilk_10_page_6,362.9,313.9,773.0
10439163,stimulus_Arg_PISACowsMilk_10_page_6,366.6,299.8,797.0
10439164,stimulus_Arg_PISACowsMilk_10_page_6,370.5,286.2,821.0
10439165,stimulus_Arg_PISACowsMilk_10_page_6,373.7,272.5,843.0
10439166,stimulus_Arg_PISACowsMilk_10_page_6,376.3,259.5,866.0
10439167,stimulus_Arg_PISACowsMilk_10_page_6,378.9,245.1,889.0
10439168,stimulus_Arg_PISACowsMilk_10_page_6,380.9,232.2,908.0
10439169,stimulus_Arg_PISACowsMilk_10_page_6,382.9,218.8,928.0
10439170,stimulus_Arg_PISACowsMilk_10_page_6,384.6,206.3,946.0
10439171,stimulus_Arg_PISACowsMilk_10_page_6,386.3,193.9,967.0
10439172,stimulus_Arg_PISACowsMilk_10_page_6,388.1,181.3,985.0
10439173,stimulus_Arg_PISACowsMilk_10_page_6,390.0,171.0,1004.0
10439174,stimulus_Arg_PISACowsMilk_10_page_6,392.5,159.6,1019.0
10439175,stimulus_Arg_PISACowsMilk_10_page_6,394.4,150.7,1034.0
10439176,stimulus_Arg_PISACowsMilk_10_page_6,395.6,140.5,1046.0
10439177,stimulus_Arg_PISACowsMilk_10_page_6,396.0,133.2,1058.0
10439178,stimulus_Arg_PISACowsMilk_10_page_6,396.2,125.5,1068.0
10439179,stimulus_Arg_PISACowsMilk_10_page_6,396.4,119.9,1082.0
10439180,stimulus_Arg_PISACowsMilk_10_page_6,396.4,114.6,1091.0
10439181,stimulus_Arg_PISACowsMilk_10_page_6,396.5,109.4,1099.0
10439182,stimulus_Arg_PISACowsMilk_10_page_6,396.4,105.3,1104.0
10439183,stimulus_Arg_PISACowsMilk_10_page_6,396.3,102.7,1108.0
10439184,stimulus_Arg_PISACowsMilk_10_page_6,395.7,102.4,1107.0
10439185,stimulus_Arg_PISACowsMilk_10_page_6,394.5,104.2,1103.0
10439186,stimulus_Arg_PISACowsMilk_10_page_6,392.9,107.3,1096.0
10439187,stimulus_Arg_PISACowsMilk_10_page_6,391.1,112.2,1090.0
10439188,stimulus_Arg_PISACowsMilk_10_page_6,389.6,117.0,1085.0
10439189,stimulus_Arg_PISACowsMilk_10_page_6,388.5,121.7,1081.0
10439190,stimulus_Arg_PISACowsMilk_10_page_6,388.0,124.7,1079.0
10439191,stimulus_Arg_PISACowsMilk_10_page_6,387.8,126.4,1079.0
10439192,stimulus_Arg_PISACowsMilk_10_page_6,387.6,126.7,1079.0
10439193,stimulus_Arg_PISACowsMilk_10_page_6,387.3,127.0,1078.0
10439194,stimulus_Arg_PISACowsMilk_10_page_6,387.0,127.4,1077.0
10439195,stimulus_Arg_PISACowsMilk_10_page_6,387.0,127.8,1076.0
10439196,stimulus_Arg_PISACowsMilk_10_page_6,387.1,128.1,1076.0
10439197,stimulus_Arg_PISACowsMilk_10_page_6,387.2,128.5,1076.0
10439198,stimulus_Arg_PISACowsMilk_10_page_6,387.3,129.4,1075.0
10439199,stimulus_Arg_PISACowsMilk_10_page_6,387.5,130.0,1075.0
10439200,stimulus_Arg_PISACowsMilk_10_page_6,387.4,130.7,1075.0
10439201,stimulus_Arg_PISACowsMilk_10_page_6,386.7,131.3,1074.0
10439202,stimulus_Arg_PISACowsMilk_10_page_6,386.1,132.0,1073.0
10439203,stimulus_Arg_PISACowsMilk_10_page_6,385.6,132.5,1073.0
10439204,stimulus_Arg_PISACowsMilk_10_page_6,385.1,132.9,1072.0
10439205,stimulus_Arg_PISACowsMilk_10_page_6,384.7,133.1,1072.0
10439206,stimulus_Arg_PISACowsMilk_10_page_6,384.4,133.3,1072.0
10439207,stimulus_Arg_PISACowsMilk_10_page_6,384.3,133.6,1072.0
10439208,stimulus_Arg_PISACowsMilk_10_page_6,384.1,133.8,1071.0
10439209,stimulus_Arg_PISACowsMilk_10_page_6,383.7,134.3,1072.0
10439210,stimulus_Arg_PISACowsMilk_10_page_6,383.4,134.6,1073.0
10439211,stimulus_Arg_PISACowsMilk_10_page_6,383.3,134.8,1075.0
10439212,stimulus_Arg_PISACowsMilk_10_page_6,383.1,134.8,1075.0
10439213,stimulus_Arg_PISACowsMilk_10_page_6,382.7,134.7,1073.0
10439214,stimulus_Arg_PISACowsMilk_10_page_6,382.1,134.5,1072.0
10439215,stimulus_Arg_PISACowsMilk_10_page_6,381.6,134.3,1072.0
10439216,stimulus_Arg_PISACowsMilk_10_page_6,381.4,134.4,1071.0
10439217,stimulus_Arg_PISACowsMilk_10_page_6,381.6,135.0,1072.0
10439218,stimulus_Arg_PISACowsMilk_10_page_6,381.9,135.6,1073.0
10439219,stimulus_Arg_PISACowsMilk_10_page_6,382.1,136.0,1074.0
10439220,stimulus_Arg_PISACowsMilk_10_page_6,382.1,136.1,1075.0
10439221,stimulus_Arg_PISACowsMilk_10_page_6,382.3,135.8,1075.0
10439222,stimulus_Arg_PISACowsMilk_10_page_6,382.4,135.5,1076.0
10439223,stimulus_Arg_PISACowsMilk_10_page_6,382.6,135.2,1076.0
10439224,stimulus_Arg_PISACowsMilk_10_page_6,382.5,135.3,1076.0
10439225,stimulus_Arg_PISACowsMilk_10_page_6,382.5,135.5,1075.0
10439226,stimulus_Arg_PISACowsMilk_10_page_6,382.6,135.6,1075.0
10439227,stimulus_Arg_PISACowsMilk_10_page_6,382.6,135.5,1075.0
10439228,stimulus_Arg_PISACowsMilk_10_page_6,382.6,135.5,1075.0
10439229,stimulus_Arg_PISACowsMilk_10_page_6,382.5,135.2,1075.0
10439230,stimulus_Arg_PISACowsMilk_10_page_6,382.2,135.0,1075.0
10439231,stimulus_Arg_PISACowsMilk_10_page_6,381.9,134.8,1075.0
10439232,stimulus_Arg_PISACowsMilk_10_page_6,381.8,134.7,1075.0
10439233,stimulus_Arg_PISACowsMilk_10_page_6,381.5,134.6,1074.0
10439234,stimulus_Arg_PISACowsMilk_10_page_6,381.2,134.5,1073.0
10439235,stimulus_Arg_PISACowsMilk_10_page_6,380.9,134.5,1073.0
10439236,stimulus_Arg_PISACowsMilk_10_page_6,381.0,134.4,1073.0
10439237,stimulus_Arg_PISACowsMilk_10_page_6,381.1,134.2,1073.0
10439238,stimulus_Arg_PISACowsMilk_10_page_6,381.2,134.2,1073.0
10439239,stimulus_Arg_PISACowsMilk_10_page_6,381.2,134.4,1073.0
10439240,stimulus_Arg_PISACowsMilk_10_page_6,381.3,134.6,1074.0
10439241,stimulus_Arg_PISACowsMilk_10_page_6,381.5,134.8,1074.0
10439242,stimulus_Arg_PISACowsMilk_10_page_6,381.5,134.9,1073.0
10439243,stimulus_Arg_PISACowsMilk_10_page_6,381.3,134.9,1072.0
10439244,stimulus_Arg_PISACowsMilk_10_page_6,381.2,134.9,1072.0
10439245,stimulus_Arg_PISACowsMilk_10_page_6,381.1,135.0,1072.0
10439246,stimulus_Arg_PISACowsMilk_10_page_6,381.0,135.2,1071.0
10439247,stimulus_Arg_PISACowsMilk_10_page_6,381.0,135.2,1071.0
10439248,stimulus_Arg_PISACowsMilk_10_page_6,380.8,135.3,1071.0
10439249,stimulus_Arg_PISACowsMilk_10_page_6,380.5,135.4,1071.0
10439250,stimulus_Arg_PISACowsMilk_10_page_6,380.1,135.3,1071.0
10439251,stimulus_Arg_PISACowsMilk_10_page_6,380.0,135.0,1071.0
10439252,stimulus_Arg_PISACowsMilk_10_page_6,379.9,134.8,1071.0
10439253,stimulus_Arg_PISACowsMilk_10_page_6,379.8,134.9,1072.0
10439254,stimulus_Arg_PISACowsMilk_10_page_6,379.8,134.9,1072.0
10439255,stimulus_Arg_PISACowsMilk_10_page_6,379.8,134.7,1072.0
10439256,stimulus_Arg_PISACowsMilk_10_page_6,379.8,134.3,1072.0
10439257,stimulus_Arg_PISACowsMilk_10_page_6,379.7,133.9,1072.0
10439258,stimulus_Arg_PISACowsMilk_10_page_6,379.7,134.0,1072.0
10439259,stimulus_Arg_PISACowsMilk_10_page_6,379.7,134.4,1072.0
10439260,stimulus_Arg_PISACowsMilk_10_page_6,379.6,134.9,1071.0
10439261,stimulus_Arg_PISACowsMilk_10_page_6,379.5,135.5,1068.0
10439262,stimulus_Arg_PISACowsMilk_10_page_6,379.3,136.0,1066.0
10439263,stimulus_Arg_PISACowsMilk_10_page_6,379.2,136.6,1065.0
10439264,stimulus_Arg_PISACowsMilk_10_page_6,379.1,137.2,1064.0
10439265,stimulus_Arg_PISACowsMilk_10_page_6,379.2,137.9,1064.0
10439266,stimulus_Arg_PISACowsMilk_10_page_6,379.5,138.4,1064.0
10439267,stimulus_Arg_PISACowsMilk_10_page_6,379.8,138.5,1064.0
10439268,stimulus_Arg_PISACowsMilk_10_page_6,379.9,138.5,1065.0
10439269,stimulus_Arg_PISACowsMilk_10_page_6,380.0,138.5,1065.0
10439270,stimulus_Arg_PISACowsMilk_10_page_6,379.9,138.7,1066.0
10439271,stimulus_Arg_PISACowsMilk_10_page_6,379.6,138.9,1066.0
10439272,stimulus_Arg_PISACowsMilk_10_page_6,379.3,139.2,1066.0
10439273,stimulus_Arg_PISACowsMilk_10_page_6,378.9,139.4,1066.0
10439274,stimulus_Arg_PISACowsMilk_10_page_6,378.9,139.3,1065.0
10439275,stimulus_Arg_PISACowsMilk_10_page_6,378.9,139.0,1065.0
10439276,stimulus_Arg_PISACowsMilk_10_page_6,379.0,138.8,1065.0
10439277,stimulus_Arg_PISACowsMilk_10_page_6,379.1,138.9,1064.0
10439278,stimulus_Arg_PISACowsMilk_10_page_6,379.1,139.1,1064.0
10439279,stimulus_Arg_PISACowsMilk_10_page_6,379.2,139.2,1064.0
10439280,stimulus_Arg_PISACowsMilk_10_page_6,379.4,139.3,1064.0
10439281,stimulus_Arg_PISACowsMilk_10_page_6,379.7,139.1,1064.0
10439282,stimulus_Arg_PISACowsMilk_10_page_6,379.8,139.0,1064.0
10439283,stimulus_Arg_PISACowsMilk_10_page_6,379.7,139.2,1063.0
10439284,stimulus_Arg_PISACowsMilk_10_page_6,379.7,139.7,1063.0
10439285,stimulus_Arg_PISACowsMilk_10_page_6,379.7,140.3,1063.0
10439286,stimulus_Arg_PISACowsMilk_10_page_6,379.8,140.5,1063.0
10439287,stimulus_Arg_PISACowsMilk_10_page_6,379.9,140.4,1063.0
10439288,stimulus_Arg_PISACowsMilk_10_page_6,379.7,140.1,1062.0
10439289,stimulus_Arg_PISACowsMilk_10_page_6,379.5,139.8,1062.0
10439290,stimulus_Arg_PISACowsMilk_10_page_6,379.5,139.6,1063.0
10439291,stimulus_Arg_PISACowsMilk_10_page_6,379.6,139.5,1063.0
10439292,stimulus_Arg_PISACowsMilk_10_page_6,379.5,139.5,1063.0
10439293,stimulus_Arg_PISACowsMilk_10_page_6,379.4,139.4,1063.0
10439294,stimulus_Arg_PISACowsMilk_10_page_6,379.3,139.3,1062.0
10439295,stimulus_Arg_PISACowsMilk_10_page_6,379.3,138.9,1062.0
10439296,stimulus_Arg_PISACowsMilk_10_page_6,379.3,138.6,1061.0
10439297,stimulus_Arg_PISACowsMilk_10_page_6,379.3,138.4,1060.0
10439298,stimulus_Arg_PISACowsMilk_10_page_6,379.5,138.6,1059.0
10439299,stimulus_Arg_PISACowsMilk_10_page_6,379.7,138.5,1060.0
10439300,stimulus_Arg_PISACowsMilk_10_page_6,379.7,138.2,1061.0
10439301,stimulus_Arg_PISACowsMilk_10_page_6,379.6,137.7,1062.0
10439302,stimulus_Arg_PISACowsMilk_10_page_6,379.5,137.4,1062.0
10439303,stimulus_Arg_PISACowsMilk_10_page_6,379.6,137.2,1061.0
10439304,stimulus_Arg_PISACowsMilk_10_page_6,379.8,137.0,1060.0
10439305,stimulus_Arg_PISACowsMilk_10_page_6,379.9,136.8,1060.0
10439306,stimulus_Arg_PISACowsMilk_10_page_6,379.9,136.6,1060.0
10439307,stimulus_Arg_PISACowsMilk_10_page_6,379.8,136.6,1060.0
10439308,stimulus_Arg_PISACowsMilk_10_page_6,379.7,136.5,1060.0
10439309,stimulus_Arg_PISACowsMilk_10_page_6,379.6,136.4,1061.0
10439310,stimulus_Arg_PISACowsMilk_10_page_6,379.5,136.4,1061.0
10439311,stimulus_Arg_PISACowsMilk_10_page_6,379.2,136.3,1061.0
10439312,stimulus_Arg_PISACowsMilk_10_page_6,378.8,136.2,1061.0
10439313,stimulus_Arg_PISACowsMilk_10_page_6,378.9,136.1,1061.0
10439314,stimulus_Arg_PISACowsMilk_10_page_6,379.3,135.9,1061.0
10439315,stimulus_Arg_PISACowsMilk_10_page_6,379.8,135.7,1061.0
10439316,stimulus_Arg_PISACowsMilk_10_page_6,379.8,135.6,1061.0
10439317,stimulus_Arg_PISACowsMilk_10_page_6,379.8,135.6,1061.0
10439318,stimulus_Arg_PISACowsMilk_10_page_6,379.6,135.7,1061.0
10439319,stimulus_Arg_PISACowsMilk_10_page_6,379.4,135.7,1061.0
10439320,stimulus_Arg_PISACowsMilk_10_page_6,379.0,135.8,1061.0
10439321,stimulus_Arg_PISACowsMilk_10_page_6,378.9,136.0,1061.0
10439322,stimulus_Arg_PISACowsMilk_10_page_6,378.9,136.1,1061.0
10439323,stimulus_Arg_PISACowsMilk_10_page_6,379.0,136.0,1060.0
10439324,stimulus_Arg_PISACowsMilk_10_page_6,379.1,136.0,1059.0
10439325,stimulus_Arg_PISACowsMilk_10_page_6,379.1,135.9,1057.0
10439326,stimulus_Arg_PISACowsMilk_10_page_6,379.4,135.8,1057.0
10439327,stimulus_Arg_PISACowsMilk_10_page_6,379.6,135.7,1057.0
10439328,stimulus_Arg_PISACowsMilk_10_page_6,379.8,135.7,1057.0
10439329,stimulus_Arg_PISACowsMilk_10_page_6,379.7,135.7,1058.0
10439330,stimulus_Arg_PISACowsMilk_10_page_6,379.4,135.6,1059.0
10439331,stimulus_Arg_PISACowsMilk_10_page_6,379.1,135.3,1059.0
10439332,stimulus_Arg_PISACowsMilk_10_page_6,379.2,135.1,1058.0
10439333,stimulus_Arg_PISACowsMilk_10_page_6,379.6,134.8,1058.0
10439334,stimulus_Arg_PISACowsMilk_10_page_6,379.8,134.7,1057.0
10439335,stimulus_Arg_PISACowsMilk_10_page_6,379.6,134.5,1057.0
10439336,stimulus_Arg_PISACowsMilk_10_page_6,379.3,134.5,1056.0
10439337,stimulus_Arg_PISACowsMilk_10_page_6,379.1,134.6,1057.0
10439338,stimulus_Arg_PISACowsMilk_10_page_6,379.2,134.5,1057.0
10439339,stimulus_Arg_PISACowsMilk_10_page_6,379.4,134.1,1057.0
10439340,stimulus_Arg_PISACowsMilk_10_page_6,379.6,133.6,1058.0
10439341,stimulus_Arg_PISACowsMilk_10_page_6,379.6,133.1,1058.0
10439342,stimulus_Arg_PISACowsMilk_10_page_6,379.6,133.4,1058.0
10439343,stimulus_Arg_PISACowsMilk_10_page_6,379.7,133.8,1058.0
10439344,stimulus_Arg_PISACowsMilk_10_page_6,380.0,134.1,1058.0
10439345,stimulus_Arg_PISACowsMilk_10_page_6,380.6,133.6,1058.0
10439346,stimulus_Arg_PISACowsMilk_10_page_6,381.1,133.1,1057.0
10439347,stimulus_Arg_PISACowsMilk_10_page_6,381.7,132.8,1057.0
10439348,stimulus_Arg_PISACowsMilk_10_page_6,382.0,132.8,1058.0
10439349,stimulus_Arg_PISACowsMilk_10_page_6,382.0,132.8,1058.0
10439350,stimulus_Arg_PISACowsMilk_10_page_6,381.7,132.7,1058.0
10439351,stimulus_Arg_PISACowsMilk_10_page_6,381.4,132.6,1057.0
10439352,stimulus_Arg_PISACowsMilk_10_page_6,381.5,132.5,1057.0
10439353,stimulus_Arg_PISACowsMilk_10_page_6,381.7,132.4,1057.0
10439354,stimulus_Arg_PISACowsMilk_10_page_6,381.9,132.5,1057.0
10439355,stimulus_Arg_PISACowsMilk_10_page_6,382.0,132.7,1056.0
10439356,stimulus_Arg_PISACowsMilk_10_page_6,381.9,132.8,1056.0
10439357,stimulus_Arg_PISACowsMilk_10_page_6,381.7,132.8,1055.0
10439358,stimulus_Arg_PISACowsMilk_10_page_6,381.5,132.9,1055.0
10439359,stimulus_Arg_PISACowsMilk_10_page_6,381.4,132.7,1055.0
10439360,stimulus_Arg_PISACowsMilk_10_page_6,381.4,132.5,1056.0
10439361,stimulus_Arg_PISACowsMilk_10_page_6,381.4,132.3,1057.0
10439362,stimulus_Arg_PISACowsMilk_10_page_6,381.4,132.4,1058.0
10439363,stimulus_Arg_PISACowsMilk_10_page_6,381.5,132.5,1058.0
10439364,stimulus_Arg_PISACowsMilk_10_page_6,381.3,132.6,1058.0
10439365,stimulus_Arg_PISACowsMilk_10_page_6,381.1,132.6,1058.0
10439366,stimulus_Arg_PISACowsMilk_10_page_6,381.1,132.6,1058.0
10439367,stimulus_Arg_PISACowsMilk_10_page_6,381.3,132.6,1058.0
10439368,stimulus_Arg_PISACowsMilk_10_page_6,381.5,132.4,1058.0
10439369,stimulus_Arg_PISACowsMilk_10_page_6,381.6,132.2,1058.0
10439370,stimulus_Arg_PISACowsMilk_10_page_6,381.7,131.9,1057.0
10439371,stimulus_Arg_PISACowsMilk_10_page_6,381.7,131.9,1057.0
10439372,stimulus_Arg_PISACowsMilk_10_page_6,381.7,131.9,1057.0
10439373,stimulus_Arg_PISACowsMilk_10_page_6,381.6,131.9,1057.0
10439374,stimulus_Arg_PISACowsMilk_10_page_6,381.9,131.9,1057.0
10439375,stimulus_Arg_PISACowsMilk_10_page_6,382.3,131.9,1057.0
10439376,stimulus_Arg_PISACowsMilk_10_page_6,382.4,131.8,1057.0
10439377,stimulus_Arg_PISACowsMilk_10_page_6,381.9,131.6,1057.0
10439378,stimulus_Arg_PISACowsMilk_10_page_6,380.2,131.6,1055.0
10439379,stimulus_Arg_PISACowsMilk_10_page_6,377.3,131.7,1054.0
10439380,stimulus_Arg_PISACowsMilk_10_page_6,373.2,131.8,1052.0
10439381,stimulus_Arg_PISACowsMilk_10_page_6,368.6,132.1,1053.0
10439382,stimulus_Arg_PISACowsMilk_10_page_6,363.3,132.7,1053.0
10439383,stimulus_Arg_PISACowsMilk_10_page_6,356.9,134.6,1053.0
10439384,stimulus_Arg_PISACowsMilk_10_page_6,348.6,136.4,1051.0
10439385,stimulus_Arg_PISACowsMilk_10_page_6,340.1,138.4,1053.0
10439386,stimulus_Arg_PISACowsMilk_10_page_6,331.6,140.4,1056.0
10439387,stimulus_Arg_PISACowsMilk_10_page_6,324.1,142.6,1059.0
10439388,stimulus_Arg_PISACowsMilk_10_page_6,317.0,145.1,1060.0
10439389,stimulus_Arg_PISACowsMilk_10_page_6,311.0,147.3,1061.0
10439390,stimulus_Arg_PISACowsMilk_10_page_6,305.8,149.9,1060.0
10439391,stimulus_Arg_PISACowsMilk_10_page_6,301.8,153.0,1060.0
10439392,stimulus_Arg_PISACowsMilk_10_page_6,299.1,155.8,1060.0
10439393,stimulus_Arg_PISACowsMilk_10_page_6,297.9,158.1,1061.0
10439394,stimulus_Arg_PISACowsMilk_10_page_6,297.6,159.5,1062.0
10439395,stimulus_Arg_PISACowsMilk_10_page_6,298.0,160.5,1063.0
10439396,stimulus_Arg_PISACowsMilk_10_page_6,298.9,161.5,1064.0
10439397,stimulus_Arg_PISACowsMilk_10_page_6,300.6,162.3,1065.0
10439398,stimulus_Arg_PISACowsMilk_10_page_6,302.2,163.1,1066.0
10439399,stimulus_Arg_PISACowsMilk_10_page_6,304.2,163.5,1065.0
10439400,stimulus_Arg_PISACowsMilk_10_page_6,306.5,163.8,1065.0
10439401,stimulus_Arg_PISACowsMilk_10_page_6,309.0,164.1,1065.0
10439402,stimulus_Arg_PISACowsMilk_10_page_6,311.2,164.2,1065.0
10439403,stimulus_Arg_PISACowsMilk_10_page_6,312.8,164.2,1067.0
10439404,stimulus_Arg_PISACowsMilk_10_page_6,314.3,164.1,1068.0
10439405,stimulus_Arg_PISACowsMilk_10_page_6,315.6,164.0,1069.0
10439406,stimulus_Arg_PISACowsMilk_10_page_6,316.2,163.8,1069.0
10439407,stimulus_Arg_PISACowsMilk_10_page_6,317.0,163.1,1069.0
10439408,stimulus_Arg_PISACowsMilk_10_page_6,317.6,162.3,1067.0
10439409,stimulus_Arg_PISACowsMilk_10_page_6,318.2,161.2,1065.0
10439410,stimulus_Arg_PISACowsMilk_10_page_6,318.4,159.9,1063.0
10439411,stimulus_Arg_PISACowsMilk_10_page_6,318.6,158.7,1063.0
10439412,stimulus_Arg_PISACowsMilk_10_page_6,318.7,157.7,1062.0
10439413,stimulus_Arg_PISACowsMilk_10_page_6,318.7,157.3,1062.0
10439414,stimulus_Arg_PISACowsMilk_10_page_6,318.7,157.1,1061.0
10439415,stimulus_Arg_PISACowsMilk_10_page_6,318.3,157.2,1061.0
10439416,stimulus_Arg_PISACowsMilk_10_page_6,317.8,157.4,1062.0
10439417,stimulus_Arg_PISACowsMilk_10_page_6,317.4,157.6,1064.0
10439418,stimulus_Arg_PISACowsMilk_10_page_6,317.2,158.0,1064.0
10439419,stimulus_Arg_PISACowsMilk_10_page_6,317.1,158.6,1065.0
10439420,stimulus_Arg_PISACowsMilk_10_page_6,317.0,159.4,1066.0
10439421,stimulus_Arg_PISACowsMilk_10_page_6,316.9,160.0,1067.0
10439422,stimulus_Arg_PISACowsMilk_10_page_6,316.8,160.4,1067.0
10439423,stimulus_Arg_PISACowsMilk_10_page_6,316.7,160.6,1066.0
10439424,stimulus_Arg_PISACowsMilk_10_page_6,316.3,160.8,1066.0
10439425,stimulus_Arg_PISACowsMilk_10_page_6,315.9,161.0,1066.0
10439426,stimulus_Arg_PISACowsMilk_10_page_6,315.5,161.2,1066.0
10439427,stimulus_Arg_PISACowsMilk_10_page_6,315.1,161.4,1065.0
10439428,stimulus_Arg_PISACowsMilk_10_page_6,314.7,161.5,1065.0
10439429,stimulus_Arg_PISACowsMilk_10_page_6,314.5,161.5,1066.0
10439430,stimulus_Arg_PISACowsMilk_10_page_6,314.5,161.5,1066.0
10439431,stimulus_Arg_PISACowsMilk_10_page_6,314.7,161.5,1066.0
10439432,stimulus_Arg_PISACowsMilk_10_page_6,315.0,161.7,1065.0
10439433,stimulus_Arg_PISACowsMilk_10_page_6,315.2,162.0,1065.0
10439434,stimulus_Arg_PISACowsMilk_10_page_6,315.2,162.2,1064.0
10439435,stimulus_Arg_PISACowsMilk_10_page_6,315.2,162.3,1065.0
10439436,stimulus_Arg_PISACowsMilk_10_page_6,315.1,162.4,1066.0
10439437,stimulus_Arg_PISACowsMilk_10_page_6,315.0,162.5,1066.0
10439438,stimulus_Arg_PISACowsMilk_10_page_6,315.0,162.7,1067.0
10439439,stimulus_Arg_PISACowsMilk_10_page_6,315.0,162.8,1067.0
10439440,stimulus_Arg_PISACowsMilk_10_page_6,315.3,162.9,1069.0
10439441,stimulus_Arg_PISACowsMilk_10_page_6,315.8,162.9,1069.0
10439442,stimulus_Arg_PISACowsMilk_10_page_6,316.2,163.0,1070.0
10439443,stimulus_Arg_PISACowsMilk_10_page_6,316.3,163.1,1070.0
10439444,stimulus_Arg_PISACowsMilk_10_page_6,316.1,163.1,1070.0
10439445,stimulus_Arg_PISACowsMilk_10_page_6,316.0,163.1,1071.0
10439446,stimulus_Arg_PISACowsMilk_10_page_6,315.9,163.1,1071.0
10439447,stimulus_Arg_PISACowsMilk_10_page_6,315.9,163.0,1071.0
10439448,stimulus_Arg_PISACowsMilk_10_page_6,316.0,163.0,1071.0
10439449,stimulus_Arg_PISACowsMilk_10_page_6,316.0,163.0,1071.0
10439450,stimulus_Arg_PISACowsMilk_10_page_6,316.0,162.9,1072.0
10439451,stimulus_Arg_PISACowsMilk_10_page_6,315.9,162.7,1072.0
10439452,stimulus_Arg_PISACowsMilk_10_page_6,315.8,162.6,1073.0
10439453,stimulus_Arg_PISACowsMilk_10_page_6,315.8,162.6,1073.0
10439454,stimulus_Arg_PISACowsMilk_10_page_6,316.0,162.6,1073.0
10439455,stimulus_Arg_PISACowsMilk_10_page_6,316.2,162.5,1074.0
10439456,stimulus_Arg_PISACowsMilk_10_page_6,316.4,162.5,1074.0
10439457,stimulus_Arg_PISACowsMilk_10_page_6,316.8,162.5,1074.0
10439458,stimulus_Arg_PISACowsMilk_10_page_6,317.1,162.4,1074.0
10439459,stimulus_Arg_PISACowsMilk_10_page_6,317.3,162.3,1074.0
10439460,stimulus_Arg_PISACowsMilk_10_page_6,317.3,162.3,1075.0
10439461,stimulus_Arg_PISACowsMilk_10_page_6,317.1,162.6,1074.0
10439462,stimulus_Arg_PISACowsMilk_10_page_6,316.8,162.9,1074.0
10439463,stimulus_Arg_PISACowsMilk_10_page_6,316.5,163.1,1073.0
10439464,stimulus_Arg_PISACowsMilk_10_page_6,316.6,163.3,1073.0
10439465,stimulus_Arg_PISACowsMilk_10_page_6,316.7,163.5,1072.0
10439466,stimulus_Arg_PISACowsMilk_10_page_6,316.8,163.8,1073.0
10439467,stimulus_Arg_PISACowsMilk_10_page_6,317.1,163.8,1073.0
10439468,stimulus_Arg_PISACowsMilk_10_page_6,317.4,163.8,1074.0
10439469,stimulus_Arg_PISACowsMilk_10_page_6,317.8,163.9,1075.0
10439470,stimulus_Arg_PISACowsMilk_10_page_6,317.9,163.8,1076.0
10439471,stimulus_Arg_PISACowsMilk_10_page_6,318.0,163.7,1077.0
10439472,stimulus_Arg_PISACowsMilk_10_page_6,318.3,163.6,1078.0
10439473,stimulus_Arg_PISACowsMilk_10_page_6,318.6,163.7,1079.0
10439474,stimulus_Arg_PISACowsMilk_10_page_6,318.9,163.7,1079.0
10439475,stimulus_Arg_PISACowsMilk_10_page_6,318.6,163.7,1079.0
10439476,stimulus_Arg_PISACowsMilk_10_page_6,318.4,163.7,1079.0
10439477,stimulus_Arg_PISACowsMilk_10_page_6,317.8,163.8,1078.0
10439478,stimulus_Arg_PISACowsMilk_10_page_6,317.4,163.9,1077.0
10439479,stimulus_Arg_PISACowsMilk_10_page_6,316.9,164.0,1075.0
10439480,stimulus_Arg_PISACowsMilk_10_page_6,317.0,164.1,1074.0
10439481,stimulus_Arg_PISACowsMilk_10_page_6,317.3,164.2,1074.0
10439482,stimulus_Arg_PISACowsMilk_10_page_6,317.5,164.8,1073.0
10439483,stimulus_Arg_PISACowsMilk_10_page_6,317.4,166.5,1073.0
10439484,stimulus_Arg_PISACowsMilk_10_page_6,316.9,169.3,1073.0
10439485,stimulus_Arg_PISACowsMilk_10_page_6,316.4,173.9,1073.0
10439486,stimulus_Arg_PISACowsMilk_10_page_6,316.7,177.5,1074.0
10439487,stimulus_Arg_PISACowsMilk_10_page_6,317.9,183.0,1077.0
10439488,stimulus_Arg_PISACowsMilk_10_page_6,320.2,189.3,1079.0
10439489,stimulus_Arg_PISACowsMilk_10_page_6,322.4,198.7,1083.0
10439490,stimulus_Arg_PISACowsMilk_10_page_6,323.9,209.9,1086.0
10439491,stimulus_Arg_PISACowsMilk_10_page_6,325.0,221.6,1089.0
10439492,stimulus_Arg_PISACowsMilk_10_page_6,326.1,235.7,1092.0
10439493,stimulus_Arg_PISACowsMilk_10_page_6,327.3,251.6,1097.0
10439494,stimulus_Arg_PISACowsMilk_10_page_6,328.6,269.2,1102.0
10439495,stimulus_Arg_PISACowsMilk_10_page_6,330.6,286.3,1105.0
10439496,stimulus_Arg_PISACowsMilk_10_page_6,332.6,302.6,1107.0
10439497,stimulus_Arg_PISACowsMilk_10_page_6,335.9,318.6,1113.0
10439498,stimulus_Arg_PISACowsMilk_10_page_6,338.6,336.2,1119.0
10439499,stimulus_Arg_PISACowsMilk_10_page_6,341.7,354.7,1126.0
10439500,stimulus_Arg_PISACowsMilk_10_page_6,344.0,373.3,1129.0
10439501,stimulus_Arg_PISACowsMilk_10_page_6,346.4,389.7,1133.0
10439502,stimulus_Arg_PISACowsMilk_10_page_6,348.9,403.7,1136.0
10439503,stimulus_Arg_PISACowsMilk_10_page_6,350.7,416.6,1138.0
10439504,stimulus_Arg_PISACowsMilk_10_page_6,352.3,427.3,1139.0
10439505,stimulus_Arg_PISACowsMilk_10_page_6,353.0,436.5,1140.0
10439506,stimulus_Arg_PISACowsMilk_10_page_6,353.5,443.9,1140.0
10439507,stimulus_Arg_PISACowsMilk_10_page_6,353.6,451.2,1140.0
10439508,stimulus_Arg_PISACowsMilk_10_page_6,353.6,458.3,1142.0
10439509,stimulus_Arg_PISACowsMilk_10_page_6,355.1,463.3,1147.0
10439510,stimulus_Arg_PISACowsMilk_10_page_6,357.5,466.7,1151.0
10439511,stimulus_Arg_PISACowsMilk_10_page_6,360.5,469.3,1153.0
10439512,stimulus_Arg_PISACowsMilk_10_page_6,363.0,472.8,1153.0
10439513,stimulus_Arg_PISACowsMilk_10_page_6,365.4,476.3,1150.0
10439514,stimulus_Arg_PISACowsMilk_10_page_6,368.7,482.0,1148.0
10439515,stimulus_Arg_PISACowsMilk_10_page_6,371.5,487.3,1149.0
10439516,stimulus_Arg_PISACowsMilk_10_page_6,373.9,493.0,1152.0
10439517,stimulus_Arg_PISACowsMilk_10_page_6,375.1,496.7,1156.0
10439518,stimulus_Arg_PISACowsMilk_10_page_6,376.4,502.7,1156.0
10439519,stimulus_Arg_PISACowsMilk_10_page_6,377.0,508.1,1157.0
10439520,stimulus_Arg_PISACowsMilk_10_page_6,376.7,511.6,1158.0
10439521,stimulus_Arg_PISACowsMilk_10_page_6,375.0,512.0,1158.0
10439522,stimulus_Arg_PISACowsMilk_10_page_6,372.7,511.5,1157.0
10439523,stimulus_Arg_PISACowsMilk_10_page_6,370.2,509.9,1157.0
10439524,stimulus_Arg_PISACowsMilk_10_page_6,367.7,507.3,1156.0
10439525,stimulus_Arg_PISACowsMilk_10_page_6,364.9,503.2,1153.0
10439526,stimulus_Arg_PISACowsMilk_10_page_6,363.0,499.1,1151.0
10439527,stimulus_Arg_PISACowsMilk_10_page_6,361.5,494.4,1147.0
10439528,stimulus_Arg_PISACowsMilk_10_page_6,360.8,490.7,1144.0
10439529,stimulus_Arg_PISACowsMilk_10_page_6,360.5,487.1,1140.0
10439530,stimulus_Arg_PISACowsMilk_10_page_6,361.4,485.2,1137.0
10439531,stimulus_Arg_PISACowsMilk_10_page_6,363.3,484.1,1134.0
10439532,stimulus_Arg_PISACowsMilk_10_page_6,365.3,484.0,1132.0
10439533,stimulus_Arg_PISACowsMilk_10_page_6,367.1,484.1,1131.0
10439534,stimulus_Arg_PISACowsMilk_10_page_6,368.1,484.5,1130.0
10439535,stimulus_Arg_PISACowsMilk_10_page_6,368.9,485.4,1128.0
10439536,stimulus_Arg_PISACowsMilk_10_page_6,369.9,487.4,1126.0
10439537,stimulus_Arg_PISACowsMilk_10_page_6,370.8,490.8,1125.0
10439538,stimulus_Arg_PISACowsMilk_10_page_6,371.8,494.0,1125.0
10439539,stimulus_Arg_PISACowsMilk_10_page_6,372.3,498.2,1125.0
10439540,stimulus_Arg_PISACowsMilk_10_page_6,372.5,501.1,1125.0
10439541,stimulus_Arg_PISACowsMilk_10_page_6,372.6,503.7,1126.0
10439542,stimulus_Arg_PISACowsMilk_10_page_6,372.5,505.4,1127.0
10439543,stimulus_Arg_PISACowsMilk_10_page_6,372.4,506.7,1129.0
10439544,stimulus_Arg_PISACowsMilk_10_page_6,372.1,508.2,1129.0
10439545,stimulus_Arg_PISACowsMilk_10_page_6,371.8,509.4,1130.0
10439546,stimulus_Arg_PISACowsMilk_10_page_6,371.4,510.8,1131.0
10439547,stimulus_Arg_PISACowsMilk_10_page_6,371.1,511.9,1132.0
10439548,stimulus_Arg_PISACowsMilk_10_page_6,370.9,512.4,1132.0
10439549,stimulus_Arg_PISACowsMilk_10_page_6,370.8,512.7,1132.0
10439550,stimulus_Arg_PISACowsMilk_10_page_6,370.6,513.5,1132.0
10439551,stimulus_Arg_PISACowsMilk_10_page_6,370.4,514.1,1132.0
10439552,stimulus_Arg_PISACowsMilk_10_page_6,370.1,514.7,1132.0
10439553,stimulus_Arg_PISACowsMilk_10_page_6,369.9,514.6,1132.0
10439554,stimulus_Arg_PISACowsMilk_10_page_6,369.6,514.4,1132.0
10439555,stimulus_Arg_PISACowsMilk_10_page_6,369.2,514.1,1132.0
10439556,stimulus_Arg_PISACowsMilk_10_page_6,368.9,513.9,1132.0
10439557,stimulus_Arg_PISACowsMilk_10_page_6,368.5,513.5,1131.0
10439558,stimulus_Arg_PISACowsMilk_10_page_6,368.3,513.0,1130.0
10439559,stimulus_Arg_PISACowsMilk_10_page_6,368.0,512.3,1130.0
10439560,stimulus_Arg_PISACowsMilk_10_page_6,367.2,511.0,1129.0
10439561,stimulus_Arg_PISACowsMilk_10_page_6,366.5,509.7,1128.0
10439562,stimulus_Arg_PISACowsMilk_10_page_6,366.0,508.6,1126.0
10439563,stimulus_Arg_PISACowsMilk_10_page_6,366.0,508.5,1122.0
10439564,stimulus_Arg_PISACowsMilk_10_page_6,365.9,508.5,1119.0
10439565,stimulus_Arg_PISACowsMilk_10_page_6,365.9,508.8,1118.0
10439566,stimulus_Arg_PISACowsMilk_10_page_6,366.3,509.5,1118.0
10439567,stimulus_Arg_PISACowsMilk_10_page_6,366.8,510.4,1118.0
10439568,stimulus_Arg_PISACowsMilk_10_page_6,367.4,511.0,1117.0
10439569,stimulus_Arg_PISACowsMilk_10_page_6,368.1,511.2,1118.0
10439570,stimulus_Arg_PISACowsMilk_10_page_6,368.6,511.3,1120.0
10439571,stimulus_Arg_PISACowsMilk_10_page_6,368.9,511.3,1121.0
10439572,stimulus_Arg_PISACowsMilk_10_page_6,368.5,511.3,1121.0
10439573,stimulus_Arg_PISACowsMilk_10_page_6,368.0,511.4,1120.0
10439574,stimulus_Arg_PISACowsMilk_10_page_6,368.0,511.3,1120.0
10439575,stimulus_Arg_PISACowsMilk_10_page_6,368.4,511.2,1120.0
10439576,stimulus_Arg_PISACowsMilk_10_page_6,368.9,511.2,1119.0
10439577,stimulus_Arg_PISACowsMilk_10_page_6,369.1,511.6,1119.0
10439578,stimulus_Arg_PISACowsMilk_10_page_6,369.3,511.9,1120.0
10439579,stimulus_Arg_PISACowsMilk_10_page_6,369.4,512.2,1120.0
10439580,stimulus_Arg_PISACowsMilk_10_page_6,369.6,512.3,1120.0
10439581,stimulus_Arg_PISACowsMilk_10_page_6,370.0,512.3,1119.0
10439582,stimulus_Arg_PISACowsMilk_10_page_6,370.2,512.5,1119.0
10439583,stimulus_Arg_PISACowsMilk_10_page_6,370.3,512.6,1119.0
10439584,stimulus_Arg_PISACowsMilk_10_page_6,370.2,512.3,1120.0
10439585,stimulus_Arg_PISACowsMilk_10_page_6,370.3,511.9,1119.0
10439586,stimulus_Arg_PISACowsMilk_10_page_6,370.6,511.6,1117.0
10439587,stimulus_Arg_PISACowsMilk_10_page_6,370.8,511.5,1116.0
10439588,stimulus_Arg_PISACowsMilk_10_page_6,370.8,511.5,1116.0
10439589,stimulus_Arg_PISACowsMilk_10_page_6,370.7,511.4,1116.0
10439590,stimulus_Arg_PISACowsMilk_10_page_6,370.4,510.9,1117.0
10439591,stimulus_Arg_PISACowsMilk_10_page_6,370.2,510.5,1117.0
10439592,stimulus_Arg_PISACowsMilk_10_page_6,369.9,510.2,1117.0
10439593,stimulus_Arg_PISACowsMilk_10_page_6,369.8,510.2,1115.0
10439594,stimulus_Arg_PISACowsMilk_10_page_6,369.6,510.2,1114.0
10439595,stimulus_Arg_PISACowsMilk_10_page_6,369.4,510.4,1114.0
10439596,stimulus_Arg_PISACowsMilk_10_page_6,369.3,511.0,1114.0
10439597,stimulus_Arg_PISACowsMilk_10_page_6,369.1,511.6,1114.0
10439598,stimulus_Arg_PISACowsMilk_10_page_6,369.0,511.9,1113.0
10439599,stimulus_Arg_PISACowsMilk_10_page_6,368.9,511.8,1113.0
10439600,stimulus_Arg_PISACowsMilk_10_page_6,369.0,511.6,1113.0
10439601,stimulus_Arg_PISACowsMilk_10_page_6,369.1,511.4,1114.0
10439602,stimulus_Arg_PISACowsMilk_10_page_6,369.0,510.7,1114.0
10439603,stimulus_Arg_PISACowsMilk_10_page_6,368.9,510.1,1112.0
10439604,stimulus_Arg_PISACowsMilk_10_page_6,368.7,509.8,1111.0
10439605,stimulus_Arg_PISACowsMilk_10_page_6,368.7,510.0,1110.0
10439606,stimulus_Arg_PISACowsMilk_10_page_6,368.8,510.0,1110.0
10439607,stimulus_Arg_PISACowsMilk_10_page_6,368.9,509.8,1109.0
10439608,stimulus_Arg_PISACowsMilk_10_page_6,368.9,509.5,1109.0
10439609,stimulus_Arg_PISACowsMilk_10_page_6,369.1,509.2,1108.0
10439610,stimulus_Arg_PISACowsMilk_10_page_6,369.2,509.4,1108.0
10439611,stimulus_Arg_PISACowsMilk_10_page_6,369.2,509.8,1109.0
10439612,stimulus_Arg_PISACowsMilk_10_page_6,369.0,509.9,1108.0
10439613,stimulus_Arg_PISACowsMilk_10_page_6,368.9,509.6,1107.0
10439614,stimulus_Arg_PISACowsMilk_10_page_6,368.9,509.3,1105.0
10439615,stimulus_Arg_PISACowsMilk_10_page_6,368.9,509.3,1105.0
10439616,stimulus_Arg_PISACowsMilk_10_page_6,368.8,509.2,1107.0
10439617,stimulus_Arg_PISACowsMilk_10_page_6,368.7,508.9,1108.0
10439618,stimulus_Arg_PISACowsMilk_10_page_6,368.6,508.7,1110.0
10439619,stimulus_Arg_PISACowsMilk_10_page_6,368.5,508.6,1110.0
10439620,stimulus_Arg_PISACowsMilk_10_page_6,368.4,508.2,1108.0
10439621,stimulus_Arg_PISACowsMilk_10_page_6,368.4,507.7,1106.0
10439622,stimulus_Arg_PISACowsMilk_10_page_6,368.5,507.5,1104.0
10439623,stimulus_Arg_PISACowsMilk_10_page_6,368.6,507.9,1104.0
10439624,stimulus_Arg_PISACowsMilk_10_page_6,368.6,508.4,1104.0
10439625,stimulus_Arg_PISACowsMilk_10_page_6,368.5,508.7,1104.0
10439626,stimulus_Arg_PISACowsMilk_10_page_6,368.1,508.4,1104.0
10439627,stimulus_Arg_PISACowsMilk_10_page_6,367.7,508.1,1103.0
10439628,stimulus_Arg_PISACowsMilk_10_page_6,367.2,507.9,1102.0
10439629,stimulus_Arg_PISACowsMilk_10_page_6,367.1,508.0,1102.0
10439630,stimulus_Arg_PISACowsMilk_10_page_6,366.9,508.2,1102.0
10439631,stimulus_Arg_PISACowsMilk_10_page_6,367.0,507.8,1102.0
10439632,stimulus_Arg_PISACowsMilk_10_page_6,367.0,507.4,1102.0
10439633,stimulus_Arg_PISACowsMilk_10_page_6,366.9,507.4,1102.0
10439634,stimulus_Arg_PISACowsMilk_10_page_6,366.7,507.8,1102.0
10439635,stimulus_Arg_PISACowsMilk_10_page_6,366.4,508.3,1103.0
10439636,stimulus_Arg_PISACowsMilk_10_page_6,366.3,508.4,1103.0
10439637,stimulus_Arg_PISACowsMilk_10_page_6,366.3,508.4,1103.0
10439638,stimulus_Arg_PISACowsMilk_10_page_6,366.2,508.4,1103.0
10439639,stimulus_Arg_PISACowsMilk_10_page_6,366.1,508.4,1103.0
10439640,stimulus_Arg_PISACowsMilk_10_page_6,366.2,508.5,1102.0
10439641,stimulus_Arg_PISACowsMilk_10_page_6,366.1,508.5,1101.0
10439642,stimulus_Arg_PISACowsMilk_10_page_6,365.9,508.1,1101.0
10439643,stimulus_Arg_PISACowsMilk_10_page_6,365.6,507.7,1099.0
10439644,stimulus_Arg_PISACowsMilk_10_page_6,365.7,507.2,1098.0
10439645,stimulus_Arg_PISACowsMilk_10_page_6,366.0,507.1,1097.0
10439646,stimulus_Arg_PISACowsMilk_10_page_6,366.2,507.1,1097.0
10439647,stimulus_Arg_PISACowsMilk_10_page_6,366.1,507.1,1097.0
10439648,stimulus_Arg_PISACowsMilk_10_page_6,366.0,507.0,1097.0
10439649,stimulus_Arg_PISACowsMilk_10_page_6,366.0,506.9,1097.0
10439650,stimulus_Arg_PISACowsMilk_10_page_6,366.0,506.9,1097.0
10439651,stimulus_Arg_PISACowsMilk_10_page_6,365.9,506.8,1097.0
10439652,stimulus_Arg_PISACowsMilk_10_page_6,365.8,506.8,1096.0
10439653,stimulus_Arg_PISACowsMilk_10_page_6,365.8,506.8,1096.0
10439654,stimulus_Arg_PISACowsMilk_10_page_6,365.5,506.9,1095.0
10439655,stimulus_Arg_PISACowsMilk_10_page_6,365.4,507.1,1095.0
10439656,stimulus_Arg_PISACowsMilk_10_page_6,365.3,507.1,1095.0
10439657,stimulus_Arg_PISACowsMilk_10_page_6,365.4,507.0,1095.0
10439658,stimulus_Arg_PISACowsMilk_10_page_6,365.7,507.0,1095.0
10439659,stimulus_Arg_PISACowsMilk_10_page_6,366.0,507.1,1094.0
10439660,stimulus_Arg_PISACowsMilk_10_page_6,366.3,507.2,1094.0
10439661,stimulus_Arg_PISACowsMilk_10_page_6,366.5,507.3,1094.0
10439662,stimulus_Arg_PISACowsMilk_10_page_6,366.4,507.4,1094.0
10439663,stimulus_Arg_PISACowsMilk_10_page_6,366.5,507.2,1094.0
10439664,stimulus_Arg_PISACowsMilk_10_page_6,366.5,506.8,1093.0
10439665,stimulus_Arg_PISACowsMilk_10_page_6,366.3,506.4,1093.0
10439666,stimulus_Arg_PISACowsMilk_10_page_6,365.9,506.2,1092.0
10439667,stimulus_Arg_PISACowsMilk_10_page_6,365.5,505.9,1092.0
10439668,stimulus_Arg_PISACowsMilk_10_page_6,365.3,505.7,1092.0
10439669,stimulus_Arg_PISACowsMilk_10_page_6,365.4,505.5,1092.0
10439670,stimulus_Arg_PISACowsMilk_10_page_6,365.7,505.4,1092.0
10439671,stimulus_Arg_PISACowsMilk_10_page_6,366.0,505.4,1092.0
10439672,stimulus_Arg_PISACowsMilk_10_page_6,366.3,505.3,1093.0
10439673,stimulus_Arg_PISACowsMilk_10_page_6,366.6,505.6,1093.0
10439674,stimulus_Arg_PISACowsMilk_10_page_6,366.8,506.1,1093.0
10439675,stimulus_Arg_PISACowsMilk_10_page_6,366.9,506.5,1092.0
10439676,stimulus_Arg_PISACowsMilk_10_page_6,367.1,506.6,1090.0
10439677,stimulus_Arg_PISACowsMilk_10_page_6,367.3,506.6,1089.0
10439678,stimulus_Arg_PISACowsMilk_10_page_6,367.4,506.6,1089.0
10439679,stimulus_Arg_PISACowsMilk_10_page_6,367.5,506.7,1090.0
10439680,stimulus_Arg_PISACowsMilk_10_page_6,367.6,506.8,1090.0
10439681,stimulus_Arg_PISACowsMilk_10_page_6,367.6,506.6,1090.0
10439682,stimulus_Arg_PISACowsMilk_10_page_6,367.7,506.4,1090.0
10439683,stimulus_Arg_PISACowsMilk_10_page_6,367.7,506.1,1090.0
10439684,stimulus_Arg_PISACowsMilk_10_page_6,367.8,506.1,1089.0
10439685,stimulus_Arg_PISACowsMilk_10_page_6,367.9,505.8,1089.0
10439686,stimulus_Arg_PISACowsMilk_10_page_6,367.9,505.6,1088.0
10439687,stimulus_Arg_PISACowsMilk_10_page_6,367.8,505.3,1088.0
10439688,stimulus_Arg_PISACowsMilk_10_page_6,365.9,505.7,1088.0
10439689,stimulus_Arg_PISACowsMilk_10_page_6,362.6,506.8,1088.0
10439690,stimulus_Arg_PISACowsMilk_10_page_6,358.8,509.3,1088.0
10439691,stimulus_Arg_PISACowsMilk_10_page_6,353.3,512.1,1089.0
10439692,stimulus_Arg_PISACowsMilk_10_page_6,345.7,514.8,1090.0
10439693,stimulus_Arg_PISACowsMilk_10_page_6,335.9,518.5,1091.0
10439694,stimulus_Arg_PISACowsMilk_10_page_6,324.6,523.5,1091.0
10439695,stimulus_Arg_PISACowsMilk_10_page_6,312.2,530.2,1091.0
10439696,stimulus_Arg_PISACowsMilk_10_page_6,297.6,535.9,1091.0
10439697,stimulus_Arg_PISACowsMilk_10_page_6,282.8,541.9,1092.0
10439698,stimulus_Arg_PISACowsMilk_10_page_6,268.1,548.4,1094.0
10439699,stimulus_Arg_PISACowsMilk_10_page_6,253.4,555.6,1097.0
10439700,stimulus_Arg_PISACowsMilk_10_page_6,239.3,562.0,1097.0
10439701,stimulus_Arg_PISACowsMilk_10_page_6,225.4,567.4,1097.0
10439702,stimulus_Arg_PISACowsMilk_10_page_6,213.3,571.0,1099.0
10439703,stimulus_Arg_PISACowsMilk_10_page_6,202.2,574.0,1102.0
10439704,stimulus_Arg_PISACowsMilk_10_page_6,191.3,575.4,1104.0
10439705,stimulus_Arg_PISACowsMilk_10_page_6,182.9,576.2,1104.0
10439706,stimulus_Arg_PISACowsMilk_10_page_6,174.9,575.9,1104.0
10439707,stimulus_Arg_PISACowsMilk_10_page_6,168.6,575.2,1104.0
10439708,stimulus_Arg_PISACowsMilk_10_page_6,161.7,574.0,1104.0
10439709,stimulus_Arg_PISACowsMilk_10_page_6,155.9,571.9,1103.0
10439710,stimulus_Arg_PISACowsMilk_10_page_6,148.9,569.7,1102.0
10439711,stimulus_Arg_PISACowsMilk_10_page_6,142.8,567.4,1100.0
10439712,stimulus_Arg_PISACowsMilk_10_page_6,136.4,565.3,1099.0
10439713,stimulus_Arg_PISACowsMilk_10_page_6,132.4,563.6,1098.0
10439714,stimulus_Arg_PISACowsMilk_10_page_6,127.7,562.4,1097.0
10439715,stimulus_Arg_PISACowsMilk_10_page_6,124.7,561.7,1094.0
10439716,stimulus_Arg_PISACowsMilk_10_page_6,122.7,561.0,1092.0
10439717,stimulus_Arg_PISACowsMilk_10_page_6,122.8,560.4,1091.0
10439718,stimulus_Arg_PISACowsMilk_10_page_6,124.4,560.3,1091.0
10439719,stimulus_Arg_PISACowsMilk_10_page_6,126.7,560.3,1091.0
10439720,stimulus_Arg_PISACowsMilk_10_page_6,129.3,560.9,1091.0
10439721,stimulus_Arg_PISACowsMilk_10_page_6,132.1,561.4,1091.0
10439722,stimulus_Arg_PISACowsMilk_10_page_6,134.5,561.9,1091.0
10439723,stimulus_Arg_PISACowsMilk_10_page_6,136.9,561.8,1092.0
10439724,stimulus_Arg_PISACowsMilk_10_page_6,138.8,561.7,1093.0
10439725,stimulus_Arg_PISACowsMilk_10_page_6,140.5,561.3,1093.0
10439726,stimulus_Arg_PISACowsMilk_10_page_6,141.1,561.1,1092.0
10439727,stimulus_Arg_PISACowsMilk_10_page_6,141.5,560.7,1091.0
10439728,stimulus_Arg_PISACowsMilk_10_page_6,141.6,560.4,1092.0
10439729,stimulus_Arg_PISACowsMilk_10_page_6,141.4,559.8,1092.0
10439730,stimulus_Arg_PISACowsMilk_10_page_6,141.0,559.4,1093.0
10439731,stimulus_Arg_PISACowsMilk_10_page_6,140.0,559.0,1093.0
10439732,stimulus_Arg_PISACowsMilk_10_page_6,138.8,559.1,1093.0
10439733,stimulus_Arg_PISACowsMilk_10_page_6,137.3,559.3,1092.0
10439734,stimulus_Arg_PISACowsMilk_10_page_6,135.8,559.9,1091.0
10439735,stimulus_Arg_PISACowsMilk_10_page_6,133.9,560.3,1090.0
10439736,stimulus_Arg_PISACowsMilk_10_page_6,132.1,560.9,1091.0
10439737,stimulus_Arg_PISACowsMilk_10_page_6,130.3,561.2,1091.0
10439738,stimulus_Arg_PISACowsMilk_10_page_6,128.5,561.7,1091.0
10439739,stimulus_Arg_PISACowsMilk_10_page_6,127.3,562.0,1091.0
10439740,stimulus_Arg_PISACowsMilk_10_page_6,126.5,562.1,1091.0
10439741,stimulus_Arg_PISACowsMilk_10_page_6,126.0,562.3,1091.0
10439742,stimulus_Arg_PISACowsMilk_10_page_6,125.5,562.9,1091.0
10439743,stimulus_Arg_PISACowsMilk_10_page_6,125.0,563.3,1091.0
10439744,stimulus_Arg_PISACowsMilk_10_page_6,125.0,564.1,1091.0
10439745,stimulus_Arg_PISACowsMilk_10_page_6,125.3,564.4,1091.0
10439746,stimulus_Arg_PISACowsMilk_10_page_6,125.8,564.7,1091.0
10439747,stimulus_Arg_PISACowsMilk_10_page_6,126.6,564.8,1091.0
10439748,stimulus_Arg_PISACowsMilk_10_page_6,127.2,564.9,1091.0
10439749,stimulus_Arg_PISACowsMilk_10_page_6,127.5,564.9,1091.0
10439750,stimulus_Arg_PISACowsMilk_10_page_6,127.6,564.8,1091.0
10439751,stimulus_Arg_PISACowsMilk_10_page_6,127.9,564.6,1091.0
10439752,stimulus_Arg_PISACowsMilk_10_page_6,128.1,564.1,1091.0
10439753,stimulus_Arg_PISACowsMilk_10_page_6,128.3,563.6,1090.0
10439754,stimulus_Arg_PISACowsMilk_10_page_6,128.1,563.2,1090.0
10439755,stimulus_Arg_PISACowsMilk_10_page_6,127.8,563.1,1090.0
10439756,stimulus_Arg_PISACowsMilk_10_page_6,127.6,563.0,1090.0
10439757,stimulus_Arg_PISACowsMilk_10_page_6,127.5,562.8,1090.0
10439758,stimulus_Arg_PISACowsMilk_10_page_6,127.4,562.6,1091.0
10439759,stimulus_Arg_PISACowsMilk_10_page_6,127.4,562.8,1091.0
10439760,stimulus_Arg_PISACowsMilk_10_page_6,127.6,563.1,1090.0
10439761,stimulus_Arg_PISACowsMilk_10_page_6,127.8,563.4,1089.0
10439762,stimulus_Arg_PISACowsMilk_10_page_6,127.9,563.3,1088.0
10439763,stimulus_Arg_PISACowsMilk_10_page_6,128.0,563.4,1089.0
10439764,stimulus_Arg_PISACowsMilk_10_page_6,128.6,563.5,1089.0
10439765,stimulus_Arg_PISACowsMilk_10_page_6,129.1,563.7,1089.0
10439766,stimulus_Arg_PISACowsMilk_10_page_6,129.6,563.9,1088.0
10439767,stimulus_Arg_PISACowsMilk_10_page_6,129.6,563.8,1088.0
10439768,stimulus_Arg_PISACowsMilk_10_page_6,129.6,563.5,1087.0
10439769,stimulus_Arg_PISACowsMilk_10_page_6,129.5,563.0,1087.0
10439770,stimulus_Arg_PISACowsMilk_10_page_6,129.5,562.5,1088.0
10439771,stimulus_Arg_PISACowsMilk_10_page_6,129.4,562.2,1089.0
10439772,stimulus_Arg_PISACowsMilk_10_page_6,129.4,562.1,1089.0
10439773,stimulus_Arg_PISACowsMilk_10_page_6,130.0,562.1,1089.0
10439774,stimulus_Arg_PISACowsMilk_10_page_6,130.5,562.2,1089.0
10439775,stimulus_Arg_PISACowsMilk_10_page_6,131.2,562.5,1088.0
10439776,stimulus_Arg_PISACowsMilk_10_page_6,131.3,562.7,1088.0
10439777,stimulus_Arg_PISACowsMilk_10_page_6,131.4,563.1,1088.0
10439778,stimulus_Arg_PISACowsMilk_10_page_6,131.3,563.6,1088.0
10439779,stimulus_Arg_PISACowsMilk_10_page_6,131.2,564.1,1087.0
10439780,stimulus_Arg_PISACowsMilk_10_page_6,131.7,564.2,1087.0
10439781,stimulus_Arg_PISACowsMilk_10_page_6,132.1,564.2,1087.0
10439782,stimulus_Arg_PISACowsMilk_10_page_6,132.5,564.2,1087.0
10439783,stimulus_Arg_PISACowsMilk_10_page_6,132.4,563.8,1088.0
10439784,stimulus_Arg_PISACowsMilk_10_page_6,132.1,563.5,1088.0
10439785,stimulus_Arg_PISACowsMilk_10_page_6,131.8,563.3,1088.0
10439786,stimulus_Arg_PISACowsMilk_10_page_6,131.5,563.3,1088.0
10439787,stimulus_Arg_PISACowsMilk_10_page_6,131.6,563.3,1088.0
10439788,stimulus_Arg_PISACowsMilk_10_page_6,131.7,563.6,1088.0
10439789,stimulus_Arg_PISACowsMilk_10_page_6,131.7,563.8,1088.0
10439790,stimulus_Arg_PISACowsMilk_10_page_6,131.7,564.0,1087.0
10439791,stimulus_Arg_PISACowsMilk_10_page_6,131.6,563.9,1087.0
10439792,stimulus_Arg_PISACowsMilk_10_page_6,131.3,563.5,1087.0
10439793,stimulus_Arg_PISACowsMilk_10_page_6,131.0,563.0,1087.0
10439794,stimulus_Arg_PISACowsMilk_10_page_6,130.7,562.6,1088.0
10439795,stimulus_Arg_PISACowsMilk_10_page_6,130.6,562.5,1087.0
10439796,stimulus_Arg_PISACowsMilk_10_page_6,130.7,562.5,1087.0
10439797,stimulus_Arg_PISACowsMilk_10_page_6,131.0,562.6,1087.0
10439798,stimulus_Arg_PISACowsMilk_10_page_6,131.3,562.7,1087.0
10439799,stimulus_Arg_PISACowsMilk_10_page_6,131.8,562.9,1087.0
10439800,stimulus_Arg_PISACowsMilk_10_page_6,132.4,563.1,1087.0
10439801,stimulus_Arg_PISACowsMilk_10_page_6,133.0,563.2,1088.0
10439802,stimulus_Arg_PISACowsMilk_10_page_6,133.2,563.3,1088.0
10439803,stimulus_Arg_PISACowsMilk_10_page_6,133.1,563.5,1087.0
10439804,stimulus_Arg_PISACowsMilk_10_page_6,132.9,563.7,1086.0
10439805,stimulus_Arg_PISACowsMilk_10_page_6,132.5,563.8,1086.0
10439806,stimulus_Arg_PISACowsMilk_10_page_6,132.2,563.7,1086.0
10439807,stimulus_Arg_PISACowsMilk_10_page_6,131.9,563.7,1086.0
10439808,stimulus_Arg_PISACowsMilk_10_page_6,131.9,563.7,1086.0
10439809,stimulus_Arg_PISACowsMilk_10_page_6,131.9,563.8,1087.0
10439810,stimulus_Arg_PISACowsMilk_10_page_6,131.9,563.8,1087.0
10439811,stimulus_Arg_PISACowsMilk_10_page_6,132.0,563.9,1088.0
10439812,stimulus_Arg_PISACowsMilk_10_page_6,131.8,564.1,1088.0
10439813,stimulus_Arg_PISACowsMilk_10_page_6,131.6,564.3,1089.0
10439814,stimulus_Arg_PISACowsMilk_10_page_6,131.6,564.4,1089.0
10439815,stimulus_Arg_PISACowsMilk_10_page_6,131.8,564.3,1088.0
10439816,stimulus_Arg_PISACowsMilk_10_page_6,132.2,564.3,1088.0
10439817,stimulus_Arg_PISACowsMilk_10_page_6,132.5,564.2,1088.0
10439818,stimulus_Arg_PISACowsMilk_10_page_6,132.4,564.4,1088.0
10439819,stimulus_Arg_PISACowsMilk_10_page_6,132.0,564.7,1088.0
10439820,stimulus_Arg_PISACowsMilk_10_page_6,131.6,564.8,1087.0
10439821,stimulus_Arg_PISACowsMilk_10_page_6,131.7,564.8,1088.0
10439822,stimulus_Arg_PISACowsMilk_10_page_6,131.8,564.8,1090.0
10439823,stimulus_Arg_PISACowsMilk_10_page_6,131.8,565.0,1091.0
10439824,stimulus_Arg_PISACowsMilk_10_page_6,131.2,565.1,1091.0
10439825,stimulus_Arg_PISACowsMilk_10_page_6,130.7,565.1,1091.0
10439826,stimulus_Arg_PISACowsMilk_10_page_6,130.4,565.3,1090.0
10439827,stimulus_Arg_PISACowsMilk_10_page_6,130.6,565.6,1089.0
10439828,stimulus_Arg_PISACowsMilk_10_page_6,130.8,565.9,1088.0
10439829,stimulus_Arg_PISACowsMilk_10_page_6,130.9,565.7,1088.0
10439830,stimulus_Arg_PISACowsMilk_10_page_6,131.0,565.5,1089.0
10439831,stimulus_Arg_PISACowsMilk_10_page_6,131.1,565.4,1089.0
10439832,stimulus_Arg_PISACowsMilk_10_page_6,131.2,565.2,1089.0
10439833,stimulus_Arg_PISACowsMilk_10_page_6,131.2,565.0,1090.0
10439834,stimulus_Arg_PISACowsMilk_10_page_6,131.1,564.9,1091.0
10439835,stimulus_Arg_PISACowsMilk_10_page_6,131.3,565.2,1092.0
10439836,stimulus_Arg_PISACowsMilk_10_page_6,131.4,565.5,1092.0
10439837,stimulus_Arg_PISACowsMilk_10_page_6,131.6,565.8,1091.0
10439838,stimulus_Arg_PISACowsMilk_10_page_6,131.7,565.9,1090.0
10439839,stimulus_Arg_PISACowsMilk_10_page_6,131.8,565.9,1089.0
10439840,stimulus_Arg_PISACowsMilk_10_page_6,132.0,565.7,1089.0
10439841,stimulus_Arg_PISACowsMilk_10_page_6,131.9,565.6,1090.0
10439842,stimulus_Arg_PISACowsMilk_10_page_6,131.7,565.6,1091.0
10439843,stimulus_Arg_PISACowsMilk_10_page_6,131.4,565.6,1091.0
10439844,stimulus_Arg_PISACowsMilk_10_page_6,131.1,565.6,1090.0
10439845,stimulus_Arg_PISACowsMilk_10_page_6,130.9,565.6,1090.0
10439846,stimulus_Arg_PISACowsMilk_10_page_6,130.5,565.6,1090.0
10439847,stimulus_Arg_PISACowsMilk_10_page_6,130.2,565.6,1091.0
10439848,stimulus_Arg_PISACowsMilk_10_page_6,130.1,565.7,1091.0
10439849,stimulus_Arg_PISACowsMilk_10_page_6,130.3,565.7,1091.0
10439850,stimulus_Arg_PISACowsMilk_10_page_6,130.4,565.8,1091.0
10439851,stimulus_Arg_PISACowsMilk_10_page_6,130.6,565.9,1092.0
10439852,stimulus_Arg_PISACowsMilk_10_page_6,130.7,565.9,1092.0
10439853,stimulus_Arg_PISACowsMilk_10_page_6,131.0,565.9,1093.0
10439854,stimulus_Arg_PISACowsMilk_10_page_6,131.2,566.0,1093.0
10439855,stimulus_Arg_PISACowsMilk_10_page_6,131.0,566.5,1092.0
10439856,stimulus_Arg_PISACowsMilk_10_page_6,130.7,567.0,1091.0
10439857,stimulus_Arg_PISACowsMilk_10_page_6,130.7,567.4,1090.0
10439858,stimulus_Arg_PISACowsMilk_10_page_6,131.1,567.5,1090.0
10439859,stimulus_Arg_PISACowsMilk_10_page_6,131.2,567.5,1090.0
10439860,stimulus_Arg_PISACowsMilk_10_page_6,131.0,567.5,1092.0
10439861,stimulus_Arg_PISACowsMilk_10_page_6,130.7,567.5,1093.0
10439862,stimulus_Arg_PISACowsMilk_10_page_6,130.6,567.4,1093.0
10439863,stimulus_Arg_PISACowsMilk_10_page_6,130.5,567.3,1092.0
10439864,stimulus_Arg_PISACowsMilk_10_page_6,130.6,567.4,1090.0
10439865,stimulus_Arg_PISACowsMilk_10_page_6,130.7,567.5,1090.0
10439866,stimulus_Arg_PISACowsMilk_10_page_6,130.6,567.5,1089.0
10439867,stimulus_Arg_PISACowsMilk_10_page_6,130.3,567.5,1089.0
10439868,stimulus_Arg_PISACowsMilk_10_page_6,130.1,567.5,1089.0
10439869,stimulus_Arg_PISACowsMilk_10_page_6,130.1,567.6,1089.0
10439870,stimulus_Arg_PISACowsMilk_10_page_6,130.1,567.9,1090.0
10439871,stimulus_Arg_PISACowsMilk_10_page_6,130.1,568.2,1091.0
10439872,stimulus_Arg_PISACowsMilk_10_page_6,130.3,568.2,1091.0
10439873,stimulus_Arg_PISACowsMilk_10_page_6,130.5,567.6,1092.0
10439874,stimulus_Arg_PISACowsMilk_10_page_6,130.8,567.1,1092.0
10439875,stimulus_Arg_PISACowsMilk_10_page_6,130.8,566.9,1091.0
10439876,stimulus_Arg_PISACowsMilk_10_page_6,130.9,566.8,1092.0
10439877,stimulus_Arg_PISACowsMilk_10_page_6,130.9,566.8,1094.0
10439878,stimulus_Arg_PISACowsMilk_10_page_6,130.8,566.8,1095.0
10439879,stimulus_Arg_PISACowsMilk_10_page_6,130.8,566.9,1095.0
10439880,stimulus_Arg_PISACowsMilk_10_page_6,130.7,566.9,1095.0
10439881,stimulus_Arg_PISACowsMilk_10_page_6,130.9,566.6,1095.0
10439882,stimulus_Arg_PISACowsMilk_10_page_6,131.0,566.3,1095.0
10439883,stimulus_Arg_PISACowsMilk_10_page_6,131.0,566.3,1095.0
10439884,stimulus_Arg_PISACowsMilk_10_page_6,131.0,566.4,1094.0
10439885,stimulus_Arg_PISACowsMilk_10_page_6,130.8,566.6,1094.0
10439886,stimulus_Arg_PISACowsMilk_10_page_6,130.7,566.5,1094.0
10439887,stimulus_Arg_PISACowsMilk_10_page_6,130.5,566.5,1094.0
10439888,stimulus_Arg_PISACowsMilk_10_page_6,130.5,566.5,1094.0
10439889,stimulus_Arg_PISACowsMilk_10_page_6,130.6,566.6,1094.0
10439890,stimulus_Arg_PISACowsMilk_10_page_6,130.6,566.8,1094.0
10439891,stimulus_Arg_PISACowsMilk_10_page_6,130.7,566.8,1094.0
10439892,stimulus_Arg_PISACowsMilk_10_page_6,130.8,566.7,1094.0
10439893,stimulus_Arg_PISACowsMilk_10_page_6,130.9,566.5,1094.0
10439894,stimulus_Arg_PISACowsMilk_10_page_6,130.9,566.8,1094.0
10439895,stimulus_Arg_PISACowsMilk_10_page_6,130.8,567.1,1094.0
10439896,stimulus_Arg_PISACowsMilk_10_page_6,130.7,567.5,1094.0
10439897,stimulus_Arg_PISACowsMilk_10_page_6,130.5,567.8,1094.0
10439898,stimulus_Arg_PISACowsMilk_10_page_6,130.2,568.0,1095.0
10439899,stimulus_Arg_PISACowsMilk_10_page_6,130.0,568.0,1095.0
10439900,stimulus_Arg_PISACowsMilk_10_page_6,130.1,567.9,1095.0
10439901,stimulus_Arg_PISACowsMilk_10_page_6,130.4,567.7,1095.0
10439902,stimulus_Arg_PISACowsMilk_10_page_6,130.5,567.8,1094.0
10439903,stimulus_Arg_PISACowsMilk_10_page_6,130.6,567.9,1094.0
10439904,stimulus_Arg_PISACowsMilk_10_page_6,130.6,567.9,1094.0
10439905,stimulus_Arg_PISACowsMilk_10_page_6,130.6,567.9,1094.0
10439906,stimulus_Arg_PISACowsMilk_10_page_6,130.7,567.8,1095.0
10439907,stimulus_Arg_PISACowsMilk_10_page_6,130.7,567.8,1095.0
10439908,stimulus_Arg_PISACowsMilk_10_page_6,130.8,567.8,1094.0
10439909,stimulus_Arg_PISACowsMilk_10_page_6,130.9,567.8,1094.0
10439910,stimulus_Arg_PISACowsMilk_10_page_6,130.9,567.9,1093.0
10439911,stimulus_Arg_PISACowsMilk_10_page_6,130.9,567.9,1092.0
10439912,stimulus_Arg_PISACowsMilk_10_page_6,130.8,568.0,1091.0
10439913,stimulus_Arg_PISACowsMilk_10_page_6,130.8,568.4,1090.0
10439914,stimulus_Arg_PISACowsMilk_10_page_6,130.8,568.7,1091.0
10439915,stimulus_Arg_PISACowsMilk_10_page_6,130.7,569.2,1091.0
10439916,stimulus_Arg_PISACowsMilk_10_page_6,130.7,569.4,1092.0
10439917,stimulus_Arg_PISACowsMilk_10_page_6,130.5,569.6,1093.0
10439918,stimulus_Arg_PISACowsMilk_10_page_6,130.4,569.5,1094.0
10439919,stimulus_Arg_PISACowsMilk_10_page_6,130.4,569.5,1094.0
10439920,stimulus_Arg_PISACowsMilk_10_page_6,130.5,569.5,1093.0
10439921,stimulus_Arg_PISACowsMilk_10_page_6,130.5,570.0,1093.0
10439922,stimulus_Arg_PISACowsMilk_10_page_6,130.8,570.5,1093.0
10439923,stimulus_Arg_PISACowsMilk_10_page_6,130.9,571.1,1092.0
10439924,stimulus_Arg_PISACowsMilk_10_page_6,130.9,571.4,1092.0
10439925,stimulus_Arg_PISACowsMilk_10_page_6,130.6,572.2,1092.0
10439926,stimulus_Arg_PISACowsMilk_10_page_6,130.2,572.7,1092.0
10439927,stimulus_Arg_PISACowsMilk_10_page_6,129.6,573.3,1092.0
10439928,stimulus_Arg_PISACowsMilk_10_page_6,129.1,573.3,1092.0
10439929,stimulus_Arg_PISACowsMilk_10_page_6,128.9,573.3,1092.0
10439930,stimulus_Arg_PISACowsMilk_10_page_6,128.7,573.3,1092.0
10439931,stimulus_Arg_PISACowsMilk_10_page_6,128.5,573.2,1092.0
10439932,stimulus_Arg_PISACowsMilk_10_page_6,128.3,573.0,1092.0
10439933,stimulus_Arg_PISACowsMilk_10_page_6,128.2,572.9,1092.0
10439934,stimulus_Arg_PISACowsMilk_10_page_6,128.1,572.9,1091.0
10439935,stimulus_Arg_PISACowsMilk_10_page_6,128.2,573.0,1091.0
10439936,stimulus_Arg_PISACowsMilk_10_page_6,128.4,573.2,1090.0
10439937,stimulus_Arg_PISACowsMilk_10_page_6,128.5,573.1,1090.0
10439938,stimulus_Arg_PISACowsMilk_10_page_6,128.7,572.8,1090.0
10439939,stimulus_Arg_PISACowsMilk_10_page_6,128.9,572.3,1090.0
10439940,stimulus_Arg_PISACowsMilk_10_page_6,129.2,571.8,1089.0
10439941,stimulus_Arg_PISACowsMilk_10_page_6,129.4,571.4,1089.0
10439942,stimulus_Arg_PISACowsMilk_10_page_6,129.2,571.5,1089.0
10439943,stimulus_Arg_PISACowsMilk_10_page_6,129.0,571.8,1088.0
10439944,stimulus_Arg_PISACowsMilk_10_page_6,128.8,572.0,1088.0
10439945,stimulus_Arg_PISACowsMilk_10_page_6,128.7,571.8,1087.0
10439946,stimulus_Arg_PISACowsMilk_10_page_6,128.5,571.8,1087.0
10439947,stimulus_Arg_PISACowsMilk_10_page_6,128.2,571.8,1087.0
10439948,stimulus_Arg_PISACowsMilk_10_page_6,128.2,572.1,1088.0
10439949,stimulus_Arg_PISACowsMilk_10_page_6,128.3,572.3,1089.0
10439950,stimulus_Arg_PISACowsMilk_10_page_6,128.3,572.8,1088.0
10439951,stimulus_Arg_PISACowsMilk_10_page_6,128.4,573.0,1087.0
10439952,stimulus_Arg_PISACowsMilk_10_page_6,128.4,573.3,1087.0
10439953,stimulus_Arg_PISACowsMilk_10_page_6,128.4,573.4,1087.0
10439954,stimulus_Arg_PISACowsMilk_10_page_6,128.3,573.7,1087.0
10439955,stimulus_Arg_PISACowsMilk_10_page_6,128.2,574.1,1087.0
10439956,stimulus_Arg_PISACowsMilk_10_page_6,128.2,574.2,1087.0
10439957,stimulus_Arg_PISACowsMilk_10_page_6,128.0,574.2,1087.0
10439958,stimulus_Arg_PISACowsMilk_10_page_6,127.8,574.2,1088.0
10439959,stimulus_Arg_PISACowsMilk_10_page_6,127.5,574.2,1088.0
10439960,stimulus_Arg_PISACowsMilk_10_page_6,127.2,574.3,1088.0
10439961,stimulus_Arg_PISACowsMilk_10_page_6,127.0,574.4,1088.0
10439962,stimulus_Arg_PISACowsMilk_10_page_6,126.7,574.4,1088.0
10439963,stimulus_Arg_PISACowsMilk_10_page_6,126.4,574.4,1087.0
10439964,stimulus_Arg_PISACowsMilk_10_page_6,126.2,574.3,1086.0
10439965,stimulus_Arg_PISACowsMilk_10_page_6,126.1,574.3,1085.0
10439966,stimulus_Arg_PISACowsMilk_10_page_6,126.2,574.1,1085.0
10439967,stimulus_Arg_PISACowsMilk_10_page_6,126.5,573.9,1086.0
10439968,stimulus_Arg_PISACowsMilk_10_page_6,127.1,573.8,1087.0
10439969,stimulus_Arg_PISACowsMilk_10_page_6,127.6,573.9,1087.0
10439970,stimulus_Arg_PISACowsMilk_10_page_6,128.1,573.9,1087.0
10439971,stimulus_Arg_PISACowsMilk_10_page_6,128.4,573.9,1086.0
10439972,stimulus_Arg_PISACowsMilk_10_page_6,128.6,574.0,1086.0
10439973,stimulus_Arg_PISACowsMilk_10_page_6,128.5,574.2,1084.0
10439974,stimulus_Arg_PISACowsMilk_10_page_6,128.2,574.4,1083.0
10439975,stimulus_Arg_PISACowsMilk_10_page_6,127.9,574.4,1082.0
10439976,stimulus_Arg_PISACowsMilk_10_page_6,127.9,574.4,1082.0
10439977,stimulus_Arg_PISACowsMilk_10_page_6,128.1,574.4,1082.0
10439978,stimulus_Arg_PISACowsMilk_10_page_6,128.1,574.4,1082.0
10439979,stimulus_Arg_PISACowsMilk_10_page_6,128.0,574.4,1082.0
10439980,stimulus_Arg_PISACowsMilk_10_page_6,127.9,574.5,1082.0
10439981,stimulus_Arg_PISACowsMilk_10_page_6,127.9,574.5,1082.0
10439982,stimulus_Arg_PISACowsMilk_10_page_6,127.9,574.5,1082.0
10439983,stimulus_Arg_PISACowsMilk_10_page_6,128.0,574.6,1081.0
10439984,stimulus_Arg_PISACowsMilk_10_page_6,128.5,574.7,1080.0
10439985,stimulus_Arg_PISACowsMilk_10_page_6,128.9,574.8,1081.0
10439986,stimulus_Arg_PISACowsMilk_10_page_6,129.1,574.9,1082.0
10439987,stimulus_Arg_PISACowsMilk_10_page_6,129.2,574.9,1082.0
10439988,stimulus_Arg_PISACowsMilk_10_page_6,129.3,574.9,1082.0
10439989,stimulus_Arg_PISACowsMilk_10_page_6,129.3,574.8,1081.0
10439990,stimulus_Arg_PISACowsMilk_10_page_6,129.6,574.7,1082.0
10439991,stimulus_Arg_PISACowsMilk_10_page_6,129.8,574.8,1082.0
10439992,stimulus_Arg_PISACowsMilk_10_page_6,130.1,574.9,1082.0
10439993,stimulus_Arg_PISACowsMilk_10_page_6,130.1,575.1,1081.0
10439994,stimulus_Arg_PISACowsMilk_10_page_6,130.1,575.0,1081.0
10439995,stimulus_Arg_PISACowsMilk_10_page_6,130.1,575.0,1081.0
10439996,stimulus_Arg_PISACowsMilk_10_page_6,130.1,575.1,1081.0
10439997,stimulus_Arg_PISACowsMilk_10_page_6,129.9,575.1,1081.0
10439998,stimulus_Arg_PISACowsMilk_10_page_6,129.6,575.2,1081.0
10439999,stimulus_Arg_PISACowsMilk_10_page_6,129.4,575.2,1081.0
10440000,stimulus_Arg_PISACowsMilk_10_page_6,129.2,575.2,1082.0
10440001,stimulus_Arg_PISACowsMilk_10_page_6,129.0,575.1,1082.0
10440002,stimulus_Arg_PISACowsMilk_10_page_6,129.1,575.1,1083.0
10440003,stimulus_Arg_PISACowsMilk_10_page_6,129.7,575.2,1082.0
10440004,stimulus_Arg_PISACowsMilk_10_page_6,130.4,575.4,1081.0
10440005,stimulus_Arg_PISACowsMilk_10_page_6,131.3,575.6,1082.0
10440006,stimulus_Arg_PISACowsMilk_10_page_6,132.5,575.5,1084.0
10440007,stimulus_Arg_PISACowsMilk_10_page_6,134.0,575.4,1086.0
10440008,stimulus_Arg_PISACowsMilk_10_page_6,136.8,575.4,1086.0
10440009,stimulus_Arg_PISACowsMilk_10_page_6,142.3,575.9,1086.0
10440010,stimulus_Arg_PISACowsMilk_10_page_6,149.5,576.3,1086.0
10440011,stimulus_Arg_PISACowsMilk_10_page_6,156.2,576.8,1087.0
10440012,stimulus_Arg_PISACowsMilk_10_page_6,163.2,577.2,1087.0
10440013,stimulus_Arg_PISACowsMilk_10_page_6,170.2,577.8,1087.0
10440014,stimulus_Arg_PISACowsMilk_10_page_6,178.8,578.3,1086.0
10440015,stimulus_Arg_PISACowsMilk_10_page_6,187.7,578.4,1086.0
10440016,stimulus_Arg_PISACowsMilk_10_page_6,196.5,578.2,1087.0
10440017,stimulus_Arg_PISACowsMilk_10_page_6,206.2,577.6,1087.0
10440018,stimulus_Arg_PISACowsMilk_10_page_6,213.7,577.0,1087.0
10440019,stimulus_Arg_PISACowsMilk_10_page_6,220.2,576.2,1086.0
10440020,stimulus_Arg_PISACowsMilk_10_page_6,226.3,575.4,1086.0
10440021,stimulus_Arg_PISACowsMilk_10_page_6,232.5,574.5,1087.0
10440022,stimulus_Arg_PISACowsMilk_10_page_6,238.1,574.0,1087.0
10440023,stimulus_Arg_PISACowsMilk_10_page_6,241.1,573.5,1087.0
10440024,stimulus_Arg_PISACowsMilk_10_page_6,243.7,573.3,1086.0
10440025,stimulus_Arg_PISACowsMilk_10_page_6,246.3,573.1,1085.0
10440026,stimulus_Arg_PISACowsMilk_10_page_6,248.2,573.8,1085.0
10440027,stimulus_Arg_PISACowsMilk_10_page_6,248.9,574.8,1086.0
10440028,stimulus_Arg_PISACowsMilk_10_page_6,249.2,575.7,1086.0
10440029,stimulus_Arg_PISACowsMilk_10_page_6,248.8,576.0,1087.0
10440030,stimulus_Arg_PISACowsMilk_10_page_6,248.0,575.6,1087.0
10440031,stimulus_Arg_PISACowsMilk_10_page_6,246.8,575.1,1087.0
10440032,stimulus_Arg_PISACowsMilk_10_page_6,245.5,574.6,1087.0
10440033,stimulus_Arg_PISACowsMilk_10_page_6,244.2,574.4,1086.0
10440034,stimulus_Arg_PISACowsMilk_10_page_6,243.1,574.4,1085.0
10440035,stimulus_Arg_PISACowsMilk_10_page_6,241.6,574.5,1085.0
10440036,stimulus_Arg_PISACowsMilk_10_page_6,240.0,574.5,1084.0
10440037,stimulus_Arg_PISACowsMilk_10_page_6,238.4,574.6,1083.0
10440038,stimulus_Arg_PISACowsMilk_10_page_6,237.7,574.7,1081.0
10440039,stimulus_Arg_PISACowsMilk_10_page_6,237.1,575.3,1081.0
10440040,stimulus_Arg_PISACowsMilk_10_page_6,236.3,575.8,1080.0
10440041,stimulus_Arg_PISACowsMilk_10_page_6,235.6,576.1,1080.0
10440042,stimulus_Arg_PISACowsMilk_10_page_6,235.1,576.5,1079.0
10440043,stimulus_Arg_PISACowsMilk_10_page_6,235.1,577.0,1079.0
10440044,stimulus_Arg_PISACowsMilk_10_page_6,235.0,577.6,1078.0
10440045,stimulus_Arg_PISACowsMilk_10_page_6,235.5,577.8,1077.0
10440046,stimulus_Arg_PISACowsMilk_10_page_6,235.9,578.0,1076.0
10440047,stimulus_Arg_PISACowsMilk_10_page_6,236.9,578.2,1076.0
10440048,stimulus_Arg_PISACowsMilk_10_page_6,237.7,578.3,1076.0
10440049,stimulus_Arg_PISACowsMilk_10_page_6,239.1,578.5,1076.0
10440050,stimulus_Arg_PISACowsMilk_10_page_6,240.0,578.6,1076.0
10440051,stimulus_Arg_PISACowsMilk_10_page_6,240.6,578.5,1076.0
10440052,stimulus_Arg_PISACowsMilk_10_page_6,240.7,578.3,1075.0
10440053,stimulus_Arg_PISACowsMilk_10_page_6,241.4,578.7,1073.0
10440054,stimulus_Arg_PISACowsMilk_10_page_6,242.0,579.2,1072.0
10440055,stimulus_Arg_PISACowsMilk_10_page_6,242.6,579.7,1071.0
10440056,stimulus_Arg_PISACowsMilk_10_page_6,242.5,579.5,1072.0
10440057,stimulus_Arg_PISACowsMilk_10_page_6,242.5,579.1,1072.0
10440058,stimulus_Arg_PISACowsMilk_10_page_6,242.6,578.3,1073.0
10440059,stimulus_Arg_PISACowsMilk_10_page_6,242.7,577.5,1074.0
10440060,stimulus_Arg_PISACowsMilk_10_page_6,243.0,577.1,1074.0
10440061,stimulus_Arg_PISACowsMilk_10_page_6,243.4,577.2,1074.0
10440062,stimulus_Arg_PISACowsMilk_10_page_6,243.9,577.3,1074.0
10440063,stimulus_Arg_PISACowsMilk_10_page_6,244.1,577.4,1074.0
10440064,stimulus_Arg_PISACowsMilk_10_page_6,244.1,577.5,1073.0
10440065,stimulus_Arg_PISACowsMilk_10_page_6,244.2,577.5,1072.0
10440066,stimulus_Arg_PISACowsMilk_10_page_6,244.2,577.6,1071.0
10440067,stimulus_Arg_PISACowsMilk_10_page_6,244.3,577.7,1070.0
10440068,stimulus_Arg_PISACowsMilk_10_page_6,244.2,577.8,1070.0
10440069,stimulus_Arg_PISACowsMilk_10_page_6,244.1,578.0,1070.0
10440070,stimulus_Arg_PISACowsMilk_10_page_6,244.1,578.2,1070.0
10440071,stimulus_Arg_PISACowsMilk_10_page_6,244.0,578.5,1071.0
10440072,stimulus_Arg_PISACowsMilk_10_page_6,243.8,578.7,1070.0
10440073,stimulus_Arg_PISACowsMilk_10_page_6,243.6,578.7,1069.0
10440074,stimulus_Arg_PISACowsMilk_10_page_6,243.3,578.8,1069.0
10440075,stimulus_Arg_PISACowsMilk_10_page_6,243.2,578.8,1069.0
10440076,stimulus_Arg_PISACowsMilk_10_page_6,243.0,578.8,1068.0
10440077,stimulus_Arg_PISACowsMilk_10_page_6,242.8,578.7,1068.0
10440078,stimulus_Arg_PISACowsMilk_10_page_6,242.7,578.7,1067.0
10440079,stimulus_Arg_PISACowsMilk_10_page_6,242.8,578.7,1068.0
10440080,stimulus_Arg_PISACowsMilk_10_page_6,242.5,578.6,1068.0
10440081,stimulus_Arg_PISACowsMilk_10_page_6,242.1,578.3,1069.0
10440082,stimulus_Arg_PISACowsMilk_10_page_6,241.7,577.7,1069.0
10440083,stimulus_Arg_PISACowsMilk_10_page_6,241.6,577.1,1069.0
10440084,stimulus_Arg_PISACowsMilk_10_page_6,241.5,576.9,1069.0
10440085,stimulus_Arg_PISACowsMilk_10_page_6,241.4,577.0,1069.0
10440086,stimulus_Arg_PISACowsMilk_10_page_6,241.5,577.0,1068.0
10440087,stimulus_Arg_PISACowsMilk_10_page_6,241.6,577.0,1068.0
10440088,stimulus_Arg_PISACowsMilk_10_page_6,241.7,576.9,1069.0
10440089,stimulus_Arg_PISACowsMilk_10_page_6,242.0,576.8,1070.0
10440090,stimulus_Arg_PISACowsMilk_10_page_6,242.2,576.7,1071.0
10440091,stimulus_Arg_PISACowsMilk_10_page_6,242.3,576.8,1072.0
10440092,stimulus_Arg_PISACowsMilk_10_page_6,242.4,577.1,1072.0
10440093,stimulus_Arg_PISACowsMilk_10_page_6,242.5,577.3,1071.0
10440094,stimulus_Arg_PISACowsMilk_10_page_6,242.6,577.3,1071.0
10440095,stimulus_Arg_PISACowsMilk_10_page_6,242.6,577.3,1070.0
10440096,stimulus_Arg_PISACowsMilk_10_page_6,242.5,577.3,1070.0
10440097,stimulus_Arg_PISACowsMilk_10_page_6,242.5,577.3,1070.0
10440098,stimulus_Arg_PISACowsMilk_10_page_6,242.4,577.4,1071.0
10440099,stimulus_Arg_PISACowsMilk_10_page_6,242.4,577.1,1071.0
10440100,stimulus_Arg_PISACowsMilk_10_page_6,242.4,576.9,1071.0
10440101,stimulus_Arg_PISACowsMilk_10_page_6,242.4,576.8,1071.0
10440102,stimulus_Arg_PISACowsMilk_10_page_6,242.5,577.0,1071.0
10440103,stimulus_Arg_PISACowsMilk_10_page_6,242.6,577.1,1070.0
10440104,stimulus_Arg_PISACowsMilk_10_page_6,242.8,577.1,1068.0
10440105,stimulus_Arg_PISACowsMilk_10_page_6,242.8,577.5,1067.0
10440106,stimulus_Arg_PISACowsMilk_10_page_6,242.8,578.0,1068.0
10440107,stimulus_Arg_PISACowsMilk_10_page_6,242.8,578.5,1068.0
10440108,stimulus_Arg_PISACowsMilk_10_page_6,242.7,578.4,1068.0
10440109,stimulus_Arg_PISACowsMilk_10_page_6,242.6,578.6,1067.0
10440110,stimulus_Arg_PISACowsMilk_10_page_6,242.6,578.8,1066.0
10440111,stimulus_Arg_PISACowsMilk_10_page_6,242.5,578.9,1066.0
10440112,stimulus_Arg_PISACowsMilk_10_page_6,242.5,578.9,1066.0
10440113,stimulus_Arg_PISACowsMilk_10_page_6,242.6,578.6,1066.0
10440114,stimulus_Arg_PISACowsMilk_10_page_6,242.8,578.4,1065.0
10440115,stimulus_Arg_PISACowsMilk_10_page_6,242.9,578.5,1065.0
10440116,stimulus_Arg_PISACowsMilk_10_page_6,242.9,578.7,1064.0
10440117,stimulus_Arg_PISACowsMilk_10_page_6,242.7,579.1,1063.0
10440118,stimulus_Arg_PISACowsMilk_10_page_6,242.5,579.2,1063.0
10440119,stimulus_Arg_PISACowsMilk_10_page_6,242.3,579.3,1063.0
10440120,stimulus_Arg_PISACowsMilk_10_page_6,242.2,579.4,1064.0
10440121,stimulus_Arg_PISACowsMilk_10_page_6,242.1,579.4,1064.0
10440122,stimulus_Arg_PISACowsMilk_10_page_6,242.1,579.4,1064.0
10440123,stimulus_Arg_PISACowsMilk_10_page_6,242.4,579.4,1065.0
10440124,stimulus_Arg_PISACowsMilk_10_page_6,242.7,579.4,1065.0
10440125,stimulus_Arg_PISACowsMilk_10_page_6,242.9,579.4,1065.0
10440126,stimulus_Arg_PISACowsMilk_10_page_6,243.0,579.4,1065.0
10440127,stimulus_Arg_PISACowsMilk_10_page_6,243.2,579.4,1065.0
10440128,stimulus_Arg_PISACowsMilk_10_page_6,243.4,579.3,1065.0
10440129,stimulus_Arg_PISACowsMilk_10_page_6,243.4,579.3,1064.0
10440130,stimulus_Arg_PISACowsMilk_10_page_6,243.4,579.3,1062.0
10440131,stimulus_Arg_PISACowsMilk_10_page_6,243.4,579.3,1062.0
10440132,stimulus_Arg_PISACowsMilk_10_page_6,243.0,579.5,1063.0
10440133,stimulus_Arg_PISACowsMilk_10_page_6,242.6,579.9,1064.0
10440134,stimulus_Arg_PISACowsMilk_10_page_6,242.1,580.3,1064.0
10440135,stimulus_Arg_PISACowsMilk_10_page_6,241.9,580.5,1064.0
10440136,stimulus_Arg_PISACowsMilk_10_page_6,241.5,580.5,1064.0
10440137,stimulus_Arg_PISACowsMilk_10_page_6,241.2,580.4,1065.0
10440138,stimulus_Arg_PISACowsMilk_10_page_6,241.1,580.2,1066.0
10440139,stimulus_Arg_PISACowsMilk_10_page_6,241.0,580.0,1067.0
10440140,stimulus_Arg_PISACowsMilk_10_page_6,240.9,580.1,1068.0
10440141,stimulus_Arg_PISACowsMilk_10_page_6,240.8,580.4,1067.0
10440142,stimulus_Arg_PISACowsMilk_10_page_6,240.9,580.9,1067.0
10440143,stimulus_Arg_PISACowsMilk_10_page_6,241.0,581.1,1066.0
10440144,stimulus_Arg_PISACowsMilk_10_page_6,241.0,581.2,1066.0
10440145,stimulus_Arg_PISACowsMilk_10_page_6,241.1,581.1,1067.0
10440146,stimulus_Arg_PISACowsMilk_10_page_6,241.2,581.1,1067.0
10440147,stimulus_Arg_PISACowsMilk_10_page_6,241.3,581.0,1066.0
10440148,stimulus_Arg_PISACowsMilk_10_page_6,241.3,581.2,1066.0
10440149,stimulus_Arg_PISACowsMilk_10_page_6,241.2,581.2,1066.0
10440150,stimulus_Arg_PISACowsMilk_10_page_6,241.2,581.3,1067.0
10440151,stimulus_Arg_PISACowsMilk_10_page_6,241.2,581.2,1067.0
10440152,stimulus_Arg_PISACowsMilk_10_page_6,241.4,581.1,1068.0
10440153,stimulus_Arg_PISACowsMilk_10_page_6,241.5,581.1,1068.0
10440154,stimulus_Arg_PISACowsMilk_10_page_6,241.6,581.1,1068.0
10440155,stimulus_Arg_PISACowsMilk_10_page_6,241.5,581.2,1068.0
10440156,stimulus_Arg_PISACowsMilk_10_page_6,241.4,581.3,1067.0
10440157,stimulus_Arg_PISACowsMilk_10_page_6,241.3,581.4,1067.0
10440158,stimulus_Arg_PISACowsMilk_10_page_6,241.3,581.6,1067.0
10440159,stimulus_Arg_PISACowsMilk_10_page_6,241.2,581.7,1067.0
10440160,stimulus_Arg_PISACowsMilk_10_page_6,241.0,581.7,1067.0
10440161,stimulus_Arg_PISACowsMilk_10_page_6,241.2,581.5,1067.0
10440162,stimulus_Arg_PISACowsMilk_10_page_6,241.6,581.3,1067.0
10440163,stimulus_Arg_PISACowsMilk_10_page_6,242.0,581.7,1066.0
10440164,stimulus_Arg_PISACowsMilk_10_page_6,242.1,582.0,1065.0
10440165,stimulus_Arg_PISACowsMilk_10_page_6,242.1,582.3,1063.0
10440166,stimulus_Arg_PISACowsMilk_10_page_6,242.1,582.1,1062.0
10440167,stimulus_Arg_PISACowsMilk_10_page_6,242.2,582.0,1062.0
10440168,stimulus_Arg_PISACowsMilk_10_page_6,242.4,581.9,1061.0
10440169,stimulus_Arg_PISACowsMilk_10_page_6,242.6,581.8,1060.0
10440170,stimulus_Arg_PISACowsMilk_10_page_6,242.7,581.7,1059.0
10440171,stimulus_Arg_PISACowsMilk_10_page_6,242.7,581.7,1058.0
10440172,stimulus_Arg_PISACowsMilk_10_page_6,242.6,581.7,1059.0
10440173,stimulus_Arg_PISACowsMilk_10_page_6,242.6,581.7,1059.0
10440174,stimulus_Arg_PISACowsMilk_10_page_6,242.7,581.7,1059.0
10440175,stimulus_Arg_PISACowsMilk_10_page_6,242.5,581.7,1060.0
10440176,stimulus_Arg_PISACowsMilk_10_page_6,242.1,581.8,1060.0
10440177,stimulus_Arg_PISACowsMilk_10_page_6,241.6,581.8,1061.0
10440178,stimulus_Arg_PISACowsMilk_10_page_6,241.6,581.6,1061.0
10440179,stimulus_Arg_PISACowsMilk_10_page_6,241.7,581.3,1061.0
10440180,stimulus_Arg_PISACowsMilk_10_page_6,241.8,581.2,1061.0
10440181,stimulus_Arg_PISACowsMilk_10_page_6,241.6,581.1,1061.0
10440182,stimulus_Arg_PISACowsMilk_10_page_6,241.5,581.1,1061.0
10440183,stimulus_Arg_PISACowsMilk_10_page_6,241.4,581.3,1061.0
10440184,stimulus_Arg_PISACowsMilk_10_page_6,241.4,581.7,1061.0
10440185,stimulus_Arg_PISACowsMilk_10_page_6,241.4,581.9,1061.0
10440186,stimulus_Arg_PISACowsMilk_10_page_6,241.4,581.9,1061.0
10440187,stimulus_Arg_PISACowsMilk_10_page_6,241.6,581.7,1061.0
10440188,stimulus_Arg_PISACowsMilk_10_page_6,241.7,581.7,1061.0
10440189,stimulus_Arg_PISACowsMilk_10_page_6,241.8,581.8,1061.0
10440190,stimulus_Arg_PISACowsMilk_10_page_6,241.9,581.9,1061.0
10440191,stimulus_Arg_PISACowsMilk_10_page_6,242.2,582.1,1061.0
10440192,stimulus_Arg_PISACowsMilk_10_page_6,242.4,582.2,1060.0
10440193,stimulus_Arg_PISACowsMilk_10_page_6,242.5,582.4,1059.0
10440194,stimulus_Arg_PISACowsMilk_10_page_6,243.0,582.7,1058.0
10440195,stimulus_Arg_PISACowsMilk_10_page_6,243.5,582.9,1057.0
10440196,stimulus_Arg_PISACowsMilk_10_page_6,244.1,583.0,1057.0
10440197,stimulus_Arg_PISACowsMilk_10_page_6,244.3,583.0,1057.0
10440198,stimulus_Arg_PISACowsMilk_10_page_6,244.6,582.9,1057.0
10440199,stimulus_Arg_PISACowsMilk_10_page_6,244.7,582.6,1057.0
10440200,stimulus_Arg_PISACowsMilk_10_page_6,244.6,582.3,1057.0
10440201,stimulus_Arg_PISACowsMilk_10_page_6,244.5,582.2,1057.0
10440202,stimulus_Arg_PISACowsMilk_10_page_6,244.6,582.2,1057.0
10440203,stimulus_Arg_PISACowsMilk_10_page_6,244.6,582.2,1057.0
10440204,stimulus_Arg_PISACowsMilk_10_page_6,244.7,582.2,1057.0
10440205,stimulus_Arg_PISACowsMilk_10_page_6,244.7,582.3,1057.0
10440206,stimulus_Arg_PISACowsMilk_10_page_6,244.7,582.3,1057.0
10440207,stimulus_Arg_PISACowsMilk_10_page_6,244.7,582.3,1057.0
10440208,stimulus_Arg_PISACowsMilk_10_page_6,244.7,582.3,1057.0
10440209,stimulus_Arg_PISACowsMilk_10_page_6,244.9,582.3,1058.0
10440210,stimulus_Arg_PISACowsMilk_10_page_6,245.0,582.4,1058.0
10440211,stimulus_Arg_PISACowsMilk_10_page_6,245.1,582.5,1059.0
10440212,stimulus_Arg_PISACowsMilk_10_page_6,245.1,582.3,1060.0
10440213,stimulus_Arg_PISACowsMilk_10_page_6,245.0,582.1,1060.0
10440214,stimulus_Arg_PISACowsMilk_10_page_6,244.8,581.9,1059.0
10440215,stimulus_Arg_PISACowsMilk_10_page_6,244.7,581.9,1059.0
10440216,stimulus_Arg_PISACowsMilk_10_page_6,244.5,582.0,1059.0
10440217,stimulus_Arg_PISACowsMilk_10_page_6,244.3,582.1,1059.0
10440218,stimulus_Arg_PISACowsMilk_10_page_6,244.1,582.3,1059.0
10440219,stimulus_Arg_PISACowsMilk_10_page_6,244.1,582.3,1060.0
10440220,stimulus_Arg_PISACowsMilk_10_page_6,243.9,582.5,1060.0
10440221,stimulus_Arg_PISACowsMilk_10_page_6,243.6,582.7,1060.0
10440222,stimulus_Arg_PISACowsMilk_10_page_6,243.4,582.8,1060.0
10440223,stimulus_Arg_PISACowsMilk_10_page_6,243.3,583.0,1060.0
10440224,stimulus_Arg_PISACowsMilk_10_page_6,243.4,583.0,1059.0
10440225,stimulus_Arg_PISACowsMilk_10_page_6,243.6,583.2,1059.0
10440226,stimulus_Arg_PISACowsMilk_10_page_6,243.9,583.5,1058.0
10440227,stimulus_Arg_PISACowsMilk_10_page_6,244.1,583.9,1058.0
10440228,stimulus_Arg_PISACowsMilk_10_page_6,244.1,584.2,1058.0
10440229,stimulus_Arg_PISACowsMilk_10_page_6,243.8,584.2,1057.0
10440230,stimulus_Arg_PISACowsMilk_10_page_6,243.5,584.0,1057.0
10440231,stimulus_Arg_PISACowsMilk_10_page_6,243.4,583.9,1056.0
10440232,stimulus_Arg_PISACowsMilk_10_page_6,243.3,583.8,1056.0
10440233,stimulus_Arg_PISACowsMilk_10_page_6,243.2,583.8,1056.0
10440234,stimulus_Arg_PISACowsMilk_10_page_6,243.3,583.8,1056.0
10440235,stimulus_Arg_PISACowsMilk_10_page_6,243.4,583.8,1056.0
10440236,stimulus_Arg_PISACowsMilk_10_page_6,243.4,583.8,1056.0
10440237,stimulus_Arg_PISACowsMilk_10_page_6,243.2,583.7,1056.0
10440238,stimulus_Arg_PISACowsMilk_10_page_6,242.9,583.8,1056.0
10440239,stimulus_Arg_PISACowsMilk_10_page_6,242.7,584.0,1056.0
10440240,stimulus_Arg_PISACowsMilk_10_page_6,242.6,584.2,1057.0
10440241,stimulus_Arg_PISACowsMilk_10_page_6,242.6,584.0,1058.0
10440242,stimulus_Arg_PISACowsMilk_10_page_6,242.7,583.9,1059.0
10440243,stimulus_Arg_PISACowsMilk_10_page_6,242.8,583.7,1060.0
10440244,stimulus_Arg_PISACowsMilk_10_page_6,242.8,583.7,1060.0
10440245,stimulus_Arg_PISACowsMilk_10_page_6,242.8,583.6,1059.0
10440246,stimulus_Arg_PISACowsMilk_10_page_6,242.8,583.5,1058.0
10440247,stimulus_Arg_PISACowsMilk_10_page_6,242.9,583.4,1058.0
10440248,stimulus_Arg_PISACowsMilk_10_page_6,242.8,582.9,1058.0
10440249,stimulus_Arg_PISACowsMilk_10_page_6,242.6,582.5,1059.0
10440250,stimulus_Arg_PISACowsMilk_10_page_6,242.4,582.1,1059.0
10440251,stimulus_Arg_PISACowsMilk_10_page_6,242.3,582.0,1059.0
10440252,stimulus_Arg_PISACowsMilk_10_page_6,242.3,581.7,1060.0
10440253,stimulus_Arg_PISACowsMilk_10_page_6,242.3,581.5,1060.0
10440254,stimulus_Arg_PISACowsMilk_10_page_6,242.3,581.5,1059.0
10440255,stimulus_Arg_PISACowsMilk_10_page_6,242.3,581.6,1058.0
10440256,stimulus_Arg_PISACowsMilk_10_page_6,242.0,581.7,1058.0
10440257,stimulus_Arg_PISACowsMilk_10_page_6,241.8,581.5,1059.0
10440258,stimulus_Arg_PISACowsMilk_10_page_6,241.5,581.4,1059.0
10440259,stimulus_Arg_PISACowsMilk_10_page_6,241.5,581.5,1059.0
10440260,stimulus_Arg_PISACowsMilk_10_page_6,241.5,581.3,1058.0
10440261,stimulus_Arg_PISACowsMilk_10_page_6,241.8,581.1,1059.0
10440262,stimulus_Arg_PISACowsMilk_10_page_6,241.9,581.1,1060.0
10440263,stimulus_Arg_PISACowsMilk_10_page_6,242.1,581.2,1060.0
10440264,stimulus_Arg_PISACowsMilk_10_page_6,241.9,581.7,1059.0
10440265,stimulus_Arg_PISACowsMilk_10_page_6,241.6,582.2,1058.0
10440266,stimulus_Arg_PISACowsMilk_10_page_6,241.2,582.5,1058.0
10440267,stimulus_Arg_PISACowsMilk_10_page_6,240.8,582.7,1058.0
10440268,stimulus_Arg_PISACowsMilk_10_page_6,240.6,583.0,1059.0
10440269,stimulus_Arg_PISACowsMilk_10_page_6,240.6,583.2,1059.0
10440270,stimulus_Arg_PISACowsMilk_10_page_6,240.7,583.2,1060.0
10440271,stimulus_Arg_PISACowsMilk_10_page_6,241.0,583.3,1060.0
10440272,stimulus_Arg_PISACowsMilk_10_page_6,241.2,583.4,1060.0
10440273,stimulus_Arg_PISACowsMilk_10_page_6,241.1,583.4,1060.0
10440274,stimulus_Arg_PISACowsMilk_10_page_6,240.9,583.4,1059.0
10440275,stimulus_Arg_PISACowsMilk_10_page_6,240.7,583.3,1058.0
10440276,stimulus_Arg_PISACowsMilk_10_page_6,240.8,583.3,1058.0
10440277,stimulus_Arg_PISACowsMilk_10_page_6,240.8,583.3,1058.0
10440278,stimulus_Arg_PISACowsMilk_10_page_6,240.8,583.2,1058.0
10440279,stimulus_Arg_PISACowsMilk_10_page_6,240.8,582.9,1058.0
10440280,stimulus_Arg_PISACowsMilk_10_page_6,240.4,582.7,1057.0
10440281,stimulus_Arg_PISACowsMilk_10_page_6,240.1,582.6,1055.0
10440282,stimulus_Arg_PISACowsMilk_10_page_6,240.1,582.4,1054.0
10440283,stimulus_Arg_PISACowsMilk_10_page_6,240.3,582.2,1055.0
10440284,stimulus_Arg_PISACowsMilk_10_page_6,240.6,582.0,1055.0
10440285,stimulus_Arg_PISACowsMilk_10_page_6,240.8,581.9,1055.0
10440286,stimulus_Arg_PISACowsMilk_10_page_6,240.8,581.8,1055.0
10440287,stimulus_Arg_PISACowsMilk_10_page_6,240.9,581.7,1055.0
10440288,stimulus_Arg_PISACowsMilk_10_page_6,241.0,581.3,1055.0
10440289,stimulus_Arg_PISACowsMilk_10_page_6,241.0,581.0,1055.0
10440290,stimulus_Arg_PISACowsMilk_10_page_6,241.2,580.7,1055.0
10440291,stimulus_Arg_PISACowsMilk_10_page_6,241.3,580.8,1055.0
10440292,stimulus_Arg_PISACowsMilk_10_page_6,241.7,580.9,1055.0
10440293,stimulus_Arg_PISACowsMilk_10_page_6,242.0,580.9,1054.0
10440294,stimulus_Arg_PISACowsMilk_10_page_6,242.4,580.9,1054.0
10440295,stimulus_Arg_PISACowsMilk_10_page_6,242.6,580.7,1053.0
10440296,stimulus_Arg_PISACowsMilk_10_page_6,242.9,580.5,1053.0
10440297,stimulus_Arg_PISACowsMilk_10_page_6,243.1,580.4,1053.0
10440298,stimulus_Arg_PISACowsMilk_10_page_6,243.1,580.4,1053.0
10440299,stimulus_Arg_PISACowsMilk_10_page_6,243.1,580.4,1053.0
10440300,stimulus_Arg_PISACowsMilk_10_page_6,243.1,580.4,1053.0
10440301,stimulus_Arg_PISACowsMilk_10_page_6,243.2,580.4,1053.0
10440302,stimulus_Arg_PISACowsMilk_10_page_6,243.3,580.4,1053.0
10440303,stimulus_Arg_PISACowsMilk_10_page_6,243.2,580.4,1053.0
10440304,stimulus_Arg_PISACowsMilk_10_page_6,242.8,580.4,1052.0
10440305,stimulus_Arg_PISACowsMilk_10_page_6,242.4,580.5,1050.0
10440306,stimulus_Arg_PISACowsMilk_10_page_6,241.9,580.5,1049.0
10440307,stimulus_Arg_PISACowsMilk_10_page_6,241.5,580.3,1048.0
10440308,stimulus_Arg_PISACowsMilk_10_page_6,240.6,580.1,1048.0
10440309,stimulus_Arg_PISACowsMilk_10_page_6,239.5,579.8,1049.0
10440310,stimulus_Arg_PISACowsMilk_10_page_6,237.9,579.7,1051.0
10440311,stimulus_Arg_PISACowsMilk_10_page_6,236.2,579.8,1053.0
10440312,stimulus_Arg_PISACowsMilk_10_page_6,234.6,580.0,1054.0
10440313,stimulus_Arg_PISACowsMilk_10_page_6,233.2,580.2,1054.0
10440314,stimulus_Arg_PISACowsMilk_10_page_6,231.0,580.3,1052.0
10440315,stimulus_Arg_PISACowsMilk_10_page_6,227.1,580.1,1050.0
10440316,stimulus_Arg_PISACowsMilk_10_page_6,221.8,579.5,1051.0
10440317,stimulus_Arg_PISACowsMilk_10_page_6,216.8,578.7,1053.0
10440318,stimulus_Arg_PISACowsMilk_10_page_6,212.9,578.0,1054.0
10440319,stimulus_Arg_PISACowsMilk_10_page_6,210.1,577.3,1055.0
10440320,stimulus_Arg_PISACowsMilk_10_page_6,207.4,576.7,1053.0
10440321,stimulus_Arg_PISACowsMilk_10_page_6,204.8,576.2,1052.0
10440322,stimulus_Arg_PISACowsMilk_10_page_6,203.0,576.0,1050.0
10440323,stimulus_Arg_PISACowsMilk_10_page_6,202.3,575.9,1050.0
10440324,stimulus_Arg_PISACowsMilk_10_page_6,202.7,576.5,1049.0
10440325,stimulus_Arg_PISACowsMilk_10_page_6,203.9,577.1,1049.0
10440326,stimulus_Arg_PISACowsMilk_10_page_6,205.0,578.1,1049.0
10440327,stimulus_Arg_PISACowsMilk_10_page_6,207.2,578.5,1049.0
10440328,stimulus_Arg_PISACowsMilk_10_page_6,208.7,578.9,1049.0
10440329,stimulus_Arg_PISACowsMilk_10_page_6,211.0,578.9,1049.0
10440330,stimulus_Arg_PISACowsMilk_10_page_6,212.2,578.8,1048.0
10440331,stimulus_Arg_PISACowsMilk_10_page_6,213.7,578.8,1048.0
10440332,stimulus_Arg_PISACowsMilk_10_page_6,214.4,579.0,1047.0
10440333,stimulus_Arg_PISACowsMilk_10_page_6,214.9,578.6,1047.0
10440334,stimulus_Arg_PISACowsMilk_10_page_6,214.8,578.2,1047.0
10440335,stimulus_Arg_PISACowsMilk_10_page_6,214.9,577.7,1048.0
10440336,stimulus_Arg_PISACowsMilk_10_page_6,214.9,577.9,1047.0
10440337,stimulus_Arg_PISACowsMilk_10_page_6,214.8,578.2,1046.0
10440338,stimulus_Arg_PISACowsMilk_10_page_6,214.0,578.4,1045.0
10440339,stimulus_Arg_PISACowsMilk_10_page_6,213.2,578.4,1046.0
10440340,stimulus_Arg_PISACowsMilk_10_page_6,212.5,578.3,1046.0
10440341,stimulus_Arg_PISACowsMilk_10_page_6,213.0,578.4,1046.0
10440342,stimulus_Arg_PISACowsMilk_10_page_6,213.5,578.4,1045.0
10440343,stimulus_Arg_PISACowsMilk_10_page_6,213.9,578.6,1045.0
10440344,stimulus_Arg_PISACowsMilk_10_page_6,213.9,578.7,1044.0
10440345,stimulus_Arg_PISACowsMilk_10_page_6,213.9,578.9,1045.0
10440346,stimulus_Arg_PISACowsMilk_10_page_6,213.9,578.9,1045.0
10440347,stimulus_Arg_PISACowsMilk_10_page_6,214.0,578.9,1045.0
10440348,stimulus_Arg_PISACowsMilk_10_page_6,214.1,579.1,1045.0
10440349,stimulus_Arg_PISACowsMilk_10_page_6,214.1,579.3,1045.0
10440350,stimulus_Arg_PISACowsMilk_10_page_6,213.8,579.3,1044.0
10440351,stimulus_Arg_PISACowsMilk_10_page_6,213.6,579.2,1044.0
10440352,stimulus_Arg_PISACowsMilk_10_page_6,213.4,579.0,1044.0
10440353,stimulus_Arg_PISACowsMilk_10_page_6,213.3,579.1,1044.0
10440354,stimulus_Arg_PISACowsMilk_10_page_6,213.2,579.2,1043.0
10440355,stimulus_Arg_PISACowsMilk_10_page_6,213.0,579.2,1042.0
10440356,stimulus_Arg_PISACowsMilk_10_page_6,213.0,579.2,1041.0
10440357,stimulus_Arg_PISACowsMilk_10_page_6,213.1,579.2,1041.0
10440358,stimulus_Arg_PISACowsMilk_10_page_6,213.3,579.2,1041.0
10440359,stimulus_Arg_PISACowsMilk_10_page_6,213.4,578.9,1042.0
10440360,stimulus_Arg_PISACowsMilk_10_page_6,213.3,578.7,1042.0
10440361,stimulus_Arg_PISACowsMilk_10_page_6,213.2,578.3,1042.0
10440362,stimulus_Arg_PISACowsMilk_10_page_6,213.1,578.2,1043.0
10440363,stimulus_Arg_PISACowsMilk_10_page_6,213.1,578.1,1042.0
10440364,stimulus_Arg_PISACowsMilk_10_page_6,213.1,578.0,1042.0
10440365,stimulus_Arg_PISACowsMilk_10_page_6,213.1,578.0,1041.0
10440366,stimulus_Arg_PISACowsMilk_10_page_6,213.1,578.0,1040.0
10440367,stimulus_Arg_PISACowsMilk_10_page_6,213.1,578.1,1040.0
10440368,stimulus_Arg_PISACowsMilk_10_page_6,213.1,578.2,1041.0
10440369,stimulus_Arg_PISACowsMilk_10_page_6,213.1,578.2,1041.0
10440370,stimulus_Arg_PISACowsMilk_10_page_6,212.9,578.2,1042.0
10440371,stimulus_Arg_PISACowsMilk_10_page_6,212.7,578.3,1042.0
10440372,stimulus_Arg_PISACowsMilk_10_page_6,212.3,578.5,1042.0
10440373,stimulus_Arg_PISACowsMilk_10_page_6,212.0,578.9,1042.0
10440374,stimulus_Arg_PISACowsMilk_10_page_6,211.8,579.2,1042.0
10440375,stimulus_Arg_PISACowsMilk_10_page_6,211.7,579.3,1042.0
10440376,stimulus_Arg_PISACowsMilk_10_page_6,211.8,579.4,1042.0
10440377,stimulus_Arg_PISACowsMilk_10_page_6,211.9,579.4,1041.0
10440378,stimulus_Arg_PISACowsMilk_10_page_6,211.9,579.3,1041.0
10440379,stimulus_Arg_PISACowsMilk_10_page_6,211.7,579.2,1040.0
10440380,stimulus_Arg_PISACowsMilk_10_page_6,211.6,579.2,1040.0
10440381,stimulus_Arg_PISACowsMilk_10_page_6,211.6,579.2,1041.0
10440382,stimulus_Arg_PISACowsMilk_10_page_6,211.7,579.1,1041.0
10440383,stimulus_Arg_PISACowsMilk_10_page_6,211.9,579.1,1040.0
10440384,stimulus_Arg_PISACowsMilk_10_page_6,212.0,579.1,1039.0
10440385,stimulus_Arg_PISACowsMilk_10_page_6,211.9,579.2,1039.0
10440386,stimulus_Arg_PISACowsMilk_10_page_6,211.9,579.3,1039.0
10440387,stimulus_Arg_PISACowsMilk_10_page_6,211.9,579.3,1040.0
10440388,stimulus_Arg_PISACowsMilk_10_page_6,212.0,579.4,1039.0
10440389,stimulus_Arg_PISACowsMilk_10_page_6,212.3,579.5,1038.0
10440390,stimulus_Arg_PISACowsMilk_10_page_6,212.7,579.6,1039.0
10440391,stimulus_Arg_PISACowsMilk_10_page_6,212.8,579.4,1041.0
10440392,stimulus_Arg_PISACowsMilk_10_page_6,212.5,579.1,1041.0
10440393,stimulus_Arg_PISACowsMilk_10_page_6,212.3,578.9,1039.0
10440394,stimulus_Arg_PISACowsMilk_10_page_6,212.2,578.8,1038.0
10440395,stimulus_Arg_PISACowsMilk_10_page_6,212.2,578.8,1038.0
10440396,stimulus_Arg_PISACowsMilk_10_page_6,212.0,579.0,1039.0
10440397,stimulus_Arg_PISACowsMilk_10_page_6,211.7,579.3,1040.0
10440398,stimulus_Arg_PISACowsMilk_10_page_6,211.2,579.8,1041.0
10440399,stimulus_Arg_PISACowsMilk_10_page_6,210.9,580.1,1042.0
10440400,stimulus_Arg_PISACowsMilk_10_page_6,210.6,580.1,1042.0
10440401,stimulus_Arg_PISACowsMilk_10_page_6,210.9,579.8,1041.0
10440402,stimulus_Arg_PISACowsMilk_10_page_6,211.4,579.6,1041.0
10440403,stimulus_Arg_PISACowsMilk_10_page_6,211.9,579.7,1041.0
10440404,stimulus_Arg_PISACowsMilk_10_page_6,212.3,579.7,1040.0
10440405,stimulus_Arg_PISACowsMilk_10_page_6,212.2,579.7,1040.0
10440406,stimulus_Arg_PISACowsMilk_10_page_6,212.2,579.6,1040.0
10440407,stimulus_Arg_PISACowsMilk_10_page_6,212.6,579.6,1039.0
10440408,stimulus_Arg_PISACowsMilk_10_page_6,213.0,579.7,1039.0
10440409,stimulus_Arg_PISACowsMilk_10_page_6,213.3,579.8,1038.0
10440410,stimulus_Arg_PISACowsMilk_10_page_6,213.2,579.8,1039.0
10440411,stimulus_Arg_PISACowsMilk_10_page_6,213.1,579.6,1040.0
10440412,stimulus_Arg_PISACowsMilk_10_page_6,213.2,579.2,1040.0
10440413,stimulus_Arg_PISACowsMilk_10_page_6,213.1,579.2,1039.0
10440414,stimulus_Arg_PISACowsMilk_10_page_6,212.9,579.7,1038.0
10440415,stimulus_Arg_PISACowsMilk_10_page_6,212.8,580.2,1038.0
10440416,stimulus_Arg_PISACowsMilk_10_page_6,212.6,580.4,1038.0
10440417,stimulus_Arg_PISACowsMilk_10_page_6,212.7,580.5,1038.0
10440418,stimulus_Arg_PISACowsMilk_10_page_6,212.9,580.6,1038.0
10440419,stimulus_Arg_PISACowsMilk_10_page_6,213.0,580.8,1038.0
10440420,stimulus_Arg_PISACowsMilk_10_page_6,212.6,580.7,1038.0
10440421,stimulus_Arg_PISACowsMilk_10_page_6,212.2,580.5,1038.0
10440422,stimulus_Arg_PISACowsMilk_10_page_6,211.8,580.4,1038.0
10440423,stimulus_Arg_PISACowsMilk_10_page_6,211.8,580.4,1037.0
10440424,stimulus_Arg_PISACowsMilk_10_page_6,211.7,580.4,1036.0
10440425,stimulus_Arg_PISACowsMilk_10_page_6,211.7,580.7,1036.0
10440426,stimulus_Arg_PISACowsMilk_10_page_6,211.7,581.0,1036.0
10440427,stimulus_Arg_PISACowsMilk_10_page_6,211.7,581.3,1035.0
10440428,stimulus_Arg_PISACowsMilk_10_page_6,211.7,581.4,1036.0
10440429,stimulus_Arg_PISACowsMilk_10_page_6,211.7,581.4,1036.0
10440430,stimulus_Arg_PISACowsMilk_10_page_6,211.7,581.3,1036.0
10440431,stimulus_Arg_PISACowsMilk_10_page_6,211.7,581.2,1035.0
10440432,stimulus_Arg_PISACowsMilk_10_page_6,211.7,581.1,1035.0
10440433,stimulus_Arg_PISACowsMilk_10_page_6,211.6,581.1,1035.0
10440434,stimulus_Arg_PISACowsMilk_10_page_6,211.6,580.8,1035.0
10440435,stimulus_Arg_PISACowsMilk_10_page_6,211.6,580.5,1034.0
10440436,stimulus_Arg_PISACowsMilk_10_page_6,211.6,580.3,1033.0
10440437,stimulus_Arg_PISACowsMilk_10_page_6,211.6,580.3,1033.0
10440438,stimulus_Arg_PISACowsMilk_10_page_6,211.8,580.2,1032.0
10440439,stimulus_Arg_PISACowsMilk_10_page_6,212.0,579.9,1033.0
10440440,stimulus_Arg_PISACowsMilk_10_page_6,212.2,579.7,1033.0
10440441,stimulus_Arg_PISACowsMilk_10_page_6,212.5,579.7,1034.0
10440442,stimulus_Arg_PISACowsMilk_10_page_6,212.9,579.8,1035.0
10440443,stimulus_Arg_PISACowsMilk_10_page_6,213.2,579.7,1035.0
10440444,stimulus_Arg_PISACowsMilk_10_page_6,213.1,579.6,1035.0
10440445,stimulus_Arg_PISACowsMilk_10_page_6,213.1,579.6,1034.0
10440446,stimulus_Arg_PISACowsMilk_10_page_6,213.0,579.7,1033.0
10440447,stimulus_Arg_PISACowsMilk_10_page_6,213.0,579.8,1033.0
10440448,stimulus_Arg_PISACowsMilk_10_page_6,212.6,579.5,1033.0
10440449,stimulus_Arg_PISACowsMilk_10_page_6,212.3,579.0,1034.0
10440450,stimulus_Arg_PISACowsMilk_10_page_6,211.9,578.3,1034.0
10440451,stimulus_Arg_PISACowsMilk_10_page_6,212.0,578.1,1035.0
10440452,stimulus_Arg_PISACowsMilk_10_page_6,212.0,578.0,1035.0
10440453,stimulus_Arg_PISACowsMilk_10_page_6,211.9,578.1,1035.0
10440454,stimulus_Arg_PISACowsMilk_10_page_6,211.7,578.2,1034.0
10440455,stimulus_Arg_PISACowsMilk_10_page_6,211.7,578.4,1033.0
10440456,stimulus_Arg_PISACowsMilk_10_page_6,211.6,578.4,1031.0
10440457,stimulus_Arg_PISACowsMilk_10_page_6,211.5,578.1,1030.0
10440458,stimulus_Arg_PISACowsMilk_10_page_6,212.0,577.3,1030.0
10440459,stimulus_Arg_PISACowsMilk_10_page_6,213.9,576.8,1031.0
10440460,stimulus_Arg_PISACowsMilk_10_page_6,216.6,576.5,1032.0
10440461,stimulus_Arg_PISACowsMilk_10_page_6,220.4,577.1,1031.0
10440462,stimulus_Arg_PISACowsMilk_10_page_6,224.4,577.7,1031.0
10440463,stimulus_Arg_PISACowsMilk_10_page_6,230.5,577.9,1031.0
10440464,stimulus_Arg_PISACowsMilk_10_page_6,237.8,577.5,1032.0
10440465,stimulus_Arg_PISACowsMilk_10_page_6,247.6,576.6,1033.0
10440466,stimulus_Arg_PISACowsMilk_10_page_6,257.2,575.5,1033.0
10440467,stimulus_Arg_PISACowsMilk_10_page_6,269.0,574.9,1033.0
10440468,stimulus_Arg_PISACowsMilk_10_page_6,279.4,572.9,1033.0
10440469,stimulus_Arg_PISACowsMilk_10_page_6,291.6,569.7,1032.0
10440470,stimulus_Arg_PISACowsMilk_10_page_6,301.6,565.3,1033.0
10440471,stimulus_Arg_PISACowsMilk_10_page_6,312.2,562.3,1034.0
10440472,stimulus_Arg_PISACowsMilk_10_page_6,320.4,560.1,1035.0
10440473,stimulus_Arg_PISACowsMilk_10_page_6,329.7,557.3,1035.0
10440474,stimulus_Arg_PISACowsMilk_10_page_6,336.9,555.1,1035.0
10440475,stimulus_Arg_PISACowsMilk_10_page_6,345.0,552.1,1035.0
10440476,stimulus_Arg_PISACowsMilk_10_page_6,351.5,550.1,1034.0
10440477,stimulus_Arg_PISACowsMilk_10_page_6,360.7,547.9,1034.0
10440478,stimulus_Arg_PISACowsMilk_10_page_6,368.2,547.4,1035.0
10440479,stimulus_Arg_PISACowsMilk_10_page_6,378.2,547.7,1035.0
10440480,stimulus_Arg_PISACowsMilk_10_page_6,387.6,548.6,1035.0
10440481,stimulus_Arg_PISACowsMilk_10_page_6,398.2,549.8,1036.0
10440482,stimulus_Arg_PISACowsMilk_10_page_6,408.3,551.8,1038.0
10440483,stimulus_Arg_PISACowsMilk_10_page_6,418.3,553.5,1039.0
10440484,stimulus_Arg_PISACowsMilk_10_page_6,428.3,554.9,1039.0
10440485,stimulus_Arg_PISACowsMilk_10_page_6,437.0,555.8,1039.0
10440486,stimulus_Arg_PISACowsMilk_10_page_6,443.3,557.1,1038.0
10440487,stimulus_Arg_PISACowsMilk_10_page_6,448.3,558.8,1038.0
10440488,stimulus_Arg_PISACowsMilk_10_page_6,450.5,559.9,1037.0
10440489,stimulus_Arg_PISACowsMilk_10_page_6,452.7,560.6,1036.0
10440490,stimulus_Arg_PISACowsMilk_10_page_6,453.6,562.7,1037.0
10440491,stimulus_Arg_PISACowsMilk_10_page_6,454.4,565.5,1039.0
10440492,stimulus_Arg_PISACowsMilk_10_page_6,454.0,568.3,1042.0
10440493,stimulus_Arg_PISACowsMilk_10_page_6,453.0,569.6,1043.0
10440494,stimulus_Arg_PISACowsMilk_10_page_6,451.9,570.6,1044.0
10440495,stimulus_Arg_PISACowsMilk_10_page_6,450.4,571.5,1044.0
10440496,stimulus_Arg_PISACowsMilk_10_page_6,448.4,571.7,1044.0
10440497,stimulus_Arg_PISACowsMilk_10_page_6,445.9,571.6,1044.0
10440498,stimulus_Arg_PISACowsMilk_10_page_6,443.7,571.4,1044.0
10440499,stimulus_Arg_PISACowsMilk_10_page_6,442.0,571.1,1045.0
10440500,stimulus_Arg_PISACowsMilk_10_page_6,441.0,570.8,1047.0
10440501,stimulus_Arg_PISACowsMilk_10_page_6,440.4,570.5,1048.0
10440502,stimulus_Arg_PISACowsMilk_10_page_6,440.0,570.0,1050.0
10440503,stimulus_Arg_PISACowsMilk_10_page_6,439.5,569.6,1049.0
10440504,stimulus_Arg_PISACowsMilk_10_page_6,438.9,569.1,1047.0
10440505,stimulus_Arg_PISACowsMilk_10_page_6,438.5,568.8,1046.0
10440506,stimulus_Arg_PISACowsMilk_10_page_6,438.4,568.5,1045.0
10440507,stimulus_Arg_PISACowsMilk_10_page_6,438.7,568.3,1045.0
10440508,stimulus_Arg_PISACowsMilk_10_page_6,439.1,568.2,1045.0
10440509,stimulus_Arg_PISACowsMilk_10_page_6,439.9,568.3,1045.0
10440510,stimulus_Arg_PISACowsMilk_10_page_6,440.7,568.4,1045.0
10440511,stimulus_Arg_PISACowsMilk_10_page_6,441.5,568.4,1045.0
10440512,stimulus_Arg_PISACowsMilk_10_page_6,442.6,568.9,1044.0
10440513,stimulus_Arg_PISACowsMilk_10_page_6,443.8,569.5,1043.0
10440514,stimulus_Arg_PISACowsMilk_10_page_6,445.2,570.4,1042.0
10440515,stimulus_Arg_PISACowsMilk_10_page_6,446.4,570.8,1042.0
10440516,stimulus_Arg_PISACowsMilk_10_page_6,447.4,571.1,1042.0
10440517,stimulus_Arg_PISACowsMilk_10_page_6,448.2,571.0,1043.0
10440518,stimulus_Arg_PISACowsMilk_10_page_6,448.8,570.9,1043.0
10440519,stimulus_Arg_PISACowsMilk_10_page_6,449.7,571.0,1043.0
10440520,stimulus_Arg_PISACowsMilk_10_page_6,450.3,571.2,1043.0
10440521,stimulus_Arg_PISACowsMilk_10_page_6,450.9,571.6,1042.0
10440522,stimulus_Arg_PISACowsMilk_10_page_6,451.4,572.1,1041.0
10440523,stimulus_Arg_PISACowsMilk_10_page_6,451.8,572.5,1040.0
10440524,stimulus_Arg_PISACowsMilk_10_page_6,452.0,572.8,1039.0
10440525,stimulus_Arg_PISACowsMilk_10_page_6,452.1,573.0,1039.0
10440526,stimulus_Arg_PISACowsMilk_10_page_6,452.1,573.3,1038.0
10440527,stimulus_Arg_PISACowsMilk_10_page_6,452.4,573.4,1038.0
10440528,stimulus_Arg_PISACowsMilk_10_page_6,452.6,573.3,1038.0
10440529,stimulus_Arg_PISACowsMilk_10_page_6,451.8,573.1,1037.0
10440530,stimulus_Arg_PISACowsMilk_10_page_6,450.7,572.9,1035.0
10440531,stimulus_Arg_PISACowsMilk_10_page_6,449.6,572.7,1034.0
10440532,stimulus_Arg_PISACowsMilk_10_page_6,449.5,572.2,1034.0
10440533,stimulus_Arg_PISACowsMilk_10_page_6,449.2,571.8,1034.0
10440534,stimulus_Arg_PISACowsMilk_10_page_6,448.7,571.2,1033.0
10440535,stimulus_Arg_PISACowsMilk_10_page_6,448.5,570.9,1033.0
10440536,stimulus_Arg_PISACowsMilk_10_page_6,448.4,570.6,1032.0
10440537,stimulus_Arg_PISACowsMilk_10_page_6,448.4,570.8,1032.0
10440538,stimulus_Arg_PISACowsMilk_10_page_6,448.4,571.0,1032.0
10440539,stimulus_Arg_PISACowsMilk_10_page_6,448.3,571.1,1032.0
10440540,stimulus_Arg_PISACowsMilk_10_page_6,448.2,571.0,1031.0
10440541,stimulus_Arg_PISACowsMilk_10_page_6,448.1,570.9,1031.0
10440542,stimulus_Arg_PISACowsMilk_10_page_6,448.1,570.7,1031.0
10440543,stimulus_Arg_PISACowsMilk_10_page_6,448.1,570.4,1031.0
10440544,stimulus_Arg_PISACowsMilk_10_page_6,448.1,570.3,1032.0
10440545,stimulus_Arg_PISACowsMilk_10_page_6,448.0,570.2,1032.0
10440546,stimulus_Arg_PISACowsMilk_10_page_6,447.6,570.3,1033.0
10440547,stimulus_Arg_PISACowsMilk_10_page_6,447.3,570.2,1033.0
10440548,stimulus_Arg_PISACowsMilk_10_page_6,447.0,570.2,1034.0
10440549,stimulus_Arg_PISACowsMilk_10_page_6,447.0,570.2,1034.0
10440550,stimulus_Arg_PISACowsMilk_10_page_6,446.9,570.2,1035.0
10440551,stimulus_Arg_PISACowsMilk_10_page_6,447.3,570.3,1034.0
10440552,stimulus_Arg_PISACowsMilk_10_page_6,447.7,570.4,1033.0
10440553,stimulus_Arg_PISACowsMilk_10_page_6,447.9,570.5,1032.0
10440554,stimulus_Arg_PISACowsMilk_10_page_6,447.8,570.5,1032.0
10440555,stimulus_Arg_PISACowsMilk_10_page_6,447.7,570.3,1032.0
10440556,stimulus_Arg_PISACowsMilk_10_page_6,448.1,570.1,1031.0
10440557,stimulus_Arg_PISACowsMilk_10_page_6,448.4,570.0,1031.0
10440558,stimulus_Arg_PISACowsMilk_10_page_6,448.7,570.0,1031.0
10440559,stimulus_Arg_PISACowsMilk_10_page_6,448.8,569.9,1031.0
10440560,stimulus_Arg_PISACowsMilk_10_page_6,448.6,569.9,1031.0
10440561,stimulus_Arg_PISACowsMilk_10_page_6,448.3,570.0,1032.0
10440562,stimulus_Arg_PISACowsMilk_10_page_6,448.1,570.0,1032.0
10440563,stimulus_Arg_PISACowsMilk_10_page_6,448.1,570.1,1031.0
10440564,stimulus_Arg_PISACowsMilk_10_page_6,448.0,570.2,1031.0
10440565,stimulus_Arg_PISACowsMilk_10_page_6,448.0,570.5,1030.0
10440566,stimulus_Arg_PISACowsMilk_10_page_6,448.0,570.6,1030.0
10440567,stimulus_Arg_PISACowsMilk_10_page_6,448.2,570.5,1030.0
10440568,stimulus_Arg_PISACowsMilk_10_page_6,448.7,570.5,1030.0
10440569,stimulus_Arg_PISACowsMilk_10_page_6,449.1,570.6,1030.0
10440570,stimulus_Arg_PISACowsMilk_10_page_6,449.6,570.7,1030.0
10440571,stimulus_Arg_PISACowsMilk_10_page_6,449.7,570.8,1029.0
10440572,stimulus_Arg_PISACowsMilk_10_page_6,449.8,570.8,1030.0
10440573,stimulus_Arg_PISACowsMilk_10_page_6,449.8,570.8,1031.0
10440574,stimulus_Arg_PISACowsMilk_10_page_6,449.6,570.5,1031.0
10440575,stimulus_Arg_PISACowsMilk_10_page_6,449.3,570.2,1031.0
10440576,stimulus_Arg_PISACowsMilk_10_page_6,449.0,569.9,1031.0
10440577,stimulus_Arg_PISACowsMilk_10_page_6,448.8,569.5,1031.0
10440578,stimulus_Arg_PISACowsMilk_10_page_6,448.5,569.3,1030.0
10440579,stimulus_Arg_PISACowsMilk_10_page_6,448.3,569.4,1029.0
10440580,stimulus_Arg_PISACowsMilk_10_page_6,448.3,569.8,1027.0
10440581,stimulus_Arg_PISACowsMilk_10_page_6,448.2,570.3,1027.0
10440582,stimulus_Arg_PISACowsMilk_10_page_6,448.2,570.4,1028.0
10440583,stimulus_Arg_PISACowsMilk_10_page_6,448.3,570.2,1028.0
10440584,stimulus_Arg_PISACowsMilk_10_page_6,448.6,570.0,1028.0
10440585,stimulus_Arg_PISACowsMilk_10_page_6,448.9,570.0,1028.0
10440586,stimulus_Arg_PISACowsMilk_10_page_6,449.1,570.5,1028.0
10440587,stimulus_Arg_PISACowsMilk_10_page_6,449.1,571.0,1028.0
10440588,stimulus_Arg_PISACowsMilk_10_page_6,449.1,571.2,1028.0
10440589,stimulus_Arg_PISACowsMilk_10_page_6,449.1,571.5,1028.0
10440590,stimulus_Arg_PISACowsMilk_10_page_6,449.1,571.7,1029.0
10440591,stimulus_Arg_PISACowsMilk_10_page_6,449.2,571.9,1030.0
10440592,stimulus_Arg_PISACowsMilk_10_page_6,449.2,571.9,1029.0
10440593,stimulus_Arg_PISACowsMilk_10_page_6,449.3,571.5,1029.0
10440594,stimulus_Arg_PISACowsMilk_10_page_6,449.3,571.2,1028.0
10440595,stimulus_Arg_PISACowsMilk_10_page_6,449.3,571.0,1028.0
10440596,stimulus_Arg_PISACowsMilk_10_page_6,449.7,571.0,1028.0
10440597,stimulus_Arg_PISACowsMilk_10_page_6,450.1,571.1,1028.0
10440598,stimulus_Arg_PISACowsMilk_10_page_6,450.5,571.5,1028.0
10440599,stimulus_Arg_PISACowsMilk_10_page_6,450.5,571.8,1029.0
10440600,stimulus_Arg_PISACowsMilk_10_page_6,450.5,572.0,1029.0
10440601,stimulus_Arg_PISACowsMilk_10_page_6,450.5,571.9,1029.0
10440602,stimulus_Arg_PISACowsMilk_10_page_6,450.5,571.8,1030.0
10440603,stimulus_Arg_PISACowsMilk_10_page_6,450.6,571.6,1030.0
10440604,stimulus_Arg_PISACowsMilk_10_page_6,450.5,571.5,1030.0
10440605,stimulus_Arg_PISACowsMilk_10_page_6,450.4,571.6,1030.0
10440606,stimulus_Arg_PISACowsMilk_10_page_6,450.3,571.8,1029.0
10440607,stimulus_Arg_PISACowsMilk_10_page_6,450.2,572.4,1029.0
10440608,stimulus_Arg_PISACowsMilk_10_page_6,450.2,572.8,1029.0
10440609,stimulus_Arg_PISACowsMilk_10_page_6,450.2,572.8,1029.0
10440610,stimulus_Arg_PISACowsMilk_10_page_6,450.3,572.5,1029.0
10440611,stimulus_Arg_PISACowsMilk_10_page_6,450.4,572.2,1029.0
10440612,stimulus_Arg_PISACowsMilk_10_page_6,450.5,572.3,1030.0
10440613,stimulus_Arg_PISACowsMilk_10_page_6,450.6,572.3,1030.0
10440614,stimulus_Arg_PISACowsMilk_10_page_6,450.6,571.9,1030.0
10440615,stimulus_Arg_PISACowsMilk_10_page_6,450.6,571.4,1030.0
10440616,stimulus_Arg_PISACowsMilk_10_page_6,450.6,571.0,1030.0
10440617,stimulus_Arg_PISACowsMilk_10_page_6,450.7,571.0,1030.0
10440618,stimulus_Arg_PISACowsMilk_10_page_6,450.8,570.9,1031.0
10440619,stimulus_Arg_PISACowsMilk_10_page_6,450.9,570.9,1031.0
10440620,stimulus_Arg_PISACowsMilk_10_page_6,450.7,570.9,1031.0
10440621,stimulus_Arg_PISACowsMilk_10_page_6,450.4,570.9,1031.0
10440622,stimulus_Arg_PISACowsMilk_10_page_6,450.2,571.0,1031.0
10440623,stimulus_Arg_PISACowsMilk_10_page_6,450.2,571.3,1031.0
10440624,stimulus_Arg_PISACowsMilk_10_page_6,450.7,571.7,1031.0
10440625,stimulus_Arg_PISACowsMilk_10_page_6,451.1,572.3,1031.0
10440626,stimulus_Arg_PISACowsMilk_10_page_6,451.5,572.7,1031.0
10440627,stimulus_Arg_PISACowsMilk_10_page_6,451.3,572.9,1031.0
10440628,stimulus_Arg_PISACowsMilk_10_page_6,451.1,572.9,1031.0
10440629,stimulus_Arg_PISACowsMilk_10_page_6,450.7,572.9,1031.0
10440630,stimulus_Arg_PISACowsMilk_10_page_6,450.6,572.8,1031.0
10440631,stimulus_Arg_PISACowsMilk_10_page_6,450.6,572.8,1031.0
10440632,stimulus_Arg_PISACowsMilk_10_page_6,450.3,572.8,1031.0
10440633,stimulus_Arg_PISACowsMilk_10_page_6,450.1,572.7,1031.0
10440634,stimulus_Arg_PISACowsMilk_10_page_6,449.9,572.2,1031.0
10440635,stimulus_Arg_PISACowsMilk_10_page_6,450.0,571.7,1031.0
10440636,stimulus_Arg_PISACowsMilk_10_page_6,450.3,571.5,1031.0
10440637,stimulus_Arg_PISACowsMilk_10_page_6,450.4,571.6,1030.0
10440638,stimulus_Arg_PISACowsMilk_10_page_6,450.5,571.6,1029.0
10440639,stimulus_Arg_PISACowsMilk_10_page_6,450.5,571.2,1028.0
10440640,stimulus_Arg_PISACowsMilk_10_page_6,450.6,570.8,1028.0
10440641,stimulus_Arg_PISACowsMilk_10_page_6,450.5,570.6,1030.0
10440642,stimulus_Arg_PISACowsMilk_10_page_6,450.0,570.7,1031.0
10440643,stimulus_Arg_PISACowsMilk_10_page_6,449.5,570.7,1032.0
10440644,stimulus_Arg_PISACowsMilk_10_page_6,449.7,570.9,1032.0
10440645,stimulus_Arg_PISACowsMilk_10_page_6,450.0,571.1,1032.0
10440646,stimulus_Arg_PISACowsMilk_10_page_6,450.2,571.2,1032.0
10440647,stimulus_Arg_PISACowsMilk_10_page_6,450.1,571.4,1032.0
10440648,stimulus_Arg_PISACowsMilk_10_page_6,450.5,571.8,1032.0
10440649,stimulus_Arg_PISACowsMilk_10_page_6,450.9,572.1,1032.0
10440650,stimulus_Arg_PISACowsMilk_10_page_6,451.2,572.1,1033.0
10440651,stimulus_Arg_PISACowsMilk_10_page_6,451.1,572.0,1033.0
10440652,stimulus_Arg_PISACowsMilk_10_page_6,451.1,571.5,1033.0
10440653,stimulus_Arg_PISACowsMilk_10_page_6,450.8,571.0,1033.0
10440654,stimulus_Arg_PISACowsMilk_10_page_6,450.4,570.1,1033.0
10440655,stimulus_Arg_PISACowsMilk_10_page_6,450.1,569.7,1033.0
10440656,stimulus_Arg_PISACowsMilk_10_page_6,450.1,569.6,1034.0
10440657,stimulus_Arg_PISACowsMilk_10_page_6,450.1,570.0,1034.0
10440658,stimulus_Arg_PISACowsMilk_10_page_6,450.2,570.4,1035.0
10440659,stimulus_Arg_PISACowsMilk_10_page_6,450.2,570.7,1035.0
10440660,stimulus_Arg_PISACowsMilk_10_page_6,450.6,571.0,1036.0
10440661,stimulus_Arg_PISACowsMilk_10_page_6,451.0,571.4,1037.0
10440662,stimulus_Arg_PISACowsMilk_10_page_6,451.5,571.9,1039.0
10440663,stimulus_Arg_PISACowsMilk_10_page_6,451.4,572.1,1039.0
10440664,stimulus_Arg_PISACowsMilk_10_page_6,451.4,571.8,1038.0
10440665,stimulus_Arg_PISACowsMilk_10_page_6,451.4,571.4,1036.0
10440666,stimulus_Arg_PISACowsMilk_10_page_6,451.5,571.2,1035.0
10440667,stimulus_Arg_PISACowsMilk_10_page_6,451.8,571.6,1035.0
10440668,stimulus_Arg_PISACowsMilk_10_page_6,452.0,572.1,1036.0
10440669,stimulus_Arg_PISACowsMilk_10_page_6,452.1,571.8,1036.0
10440670,stimulus_Arg_PISACowsMilk_10_page_6,452.1,571.2,1036.0
10440671,stimulus_Arg_PISACowsMilk_10_page_6,452.1,570.7,1036.0
10440672,stimulus_Arg_PISACowsMilk_10_page_6,452.1,570.7,1034.0
10440673,stimulus_Arg_PISACowsMilk_10_page_6,452.2,570.9,1033.0
10440674,stimulus_Arg_PISACowsMilk_10_page_6,452.7,571.0,1032.0
10440675,stimulus_Arg_PISACowsMilk_10_page_6,453.1,571.2,1032.0
10440676,stimulus_Arg_PISACowsMilk_10_page_6,453.6,571.2,1034.0
10440677,stimulus_Arg_PISACowsMilk_10_page_6,453.8,571.0,1034.0
10440678,stimulus_Arg_PISACowsMilk_10_page_6,454.1,570.9,1034.0
10440679,stimulus_Arg_PISACowsMilk_10_page_6,454.1,570.7,1034.0
10440680,stimulus_Arg_PISACowsMilk_10_page_6,454.2,570.6,1034.0
10440681,stimulus_Arg_PISACowsMilk_10_page_6,454.2,570.4,1034.0
10440682,stimulus_Arg_PISACowsMilk_10_page_6,454.2,570.2,1034.0
10440683,stimulus_Arg_PISACowsMilk_10_page_6,453.8,570.1,1034.0
10440684,stimulus_Arg_PISACowsMilk_10_page_6,453.4,570.2,1033.0
10440685,stimulus_Arg_PISACowsMilk_10_page_6,453.1,570.3,1033.0
10440686,stimulus_Arg_PISACowsMilk_10_page_6,453.0,570.6,1034.0
10440687,stimulus_Arg_PISACowsMilk_10_page_6,453.0,570.8,1034.0
10440688,stimulus_Arg_PISACowsMilk_10_page_6,452.8,571.1,1034.0
10440689,stimulus_Arg_PISACowsMilk_10_page_6,452.9,571.2,1034.0
10440690,stimulus_Arg_PISACowsMilk_10_page_6,453.2,571.4,1035.0
10440691,stimulus_Arg_PISACowsMilk_10_page_6,453.5,571.4,1037.0
10440692,stimulus_Arg_PISACowsMilk_10_page_6,453.9,571.8,1039.0
10440693,stimulus_Arg_PISACowsMilk_10_page_6,454.1,572.1,1040.0
10440694,stimulus_Arg_PISACowsMilk_10_page_6,454.3,572.2,1040.0
10440695,stimulus_Arg_PISACowsMilk_10_page_6,454.4,572.0,1040.0
10440696,stimulus_Arg_PISACowsMilk_10_page_6,454.1,572.2,1040.0
10440697,stimulus_Arg_PISACowsMilk_10_page_6,453.8,572.5,1040.0
10440698,stimulus_Arg_PISACowsMilk_10_page_6,453.6,572.8,1040.0
10440699,stimulus_Arg_PISACowsMilk_10_page_6,453.7,572.8,1040.0
10440700,stimulus_Arg_PISACowsMilk_10_page_6,453.7,573.1,1040.0
10440701,stimulus_Arg_PISACowsMilk_10_page_6,453.7,573.5,1040.0
10440702,stimulus_Arg_PISACowsMilk_10_page_6,453.6,573.8,1040.0
10440703,stimulus_Arg_PISACowsMilk_10_page_6,453.6,573.8,1040.0
10440704,stimulus_Arg_PISACowsMilk_10_page_6,453.6,573.8,1040.0
10440705,stimulus_Arg_PISACowsMilk_10_page_6,453.7,573.6,1040.0
10440706,stimulus_Arg_PISACowsMilk_10_page_6,453.7,573.5,1040.0
10440707,stimulus_Arg_PISACowsMilk_10_page_6,454.0,573.5,1040.0
10440708,stimulus_Arg_PISACowsMilk_10_page_6,454.3,573.7,1041.0
10440709,stimulus_Arg_PISACowsMilk_10_page_6,454.5,573.7,1042.0
10440710,stimulus_Arg_PISACowsMilk_10_page_6,454.5,573.7,1042.0
10440711,stimulus_Arg_PISACowsMilk_10_page_6,454.1,573.6,1042.0
10440712,stimulus_Arg_PISACowsMilk_10_page_6,453.7,573.5,1042.0
10440713,stimulus_Arg_PISACowsMilk_10_page_6,453.4,573.5,1042.0
10440714,stimulus_Arg_PISACowsMilk_10_page_6,453.4,573.5,1042.0
10440715,stimulus_Arg_PISACowsMilk_10_page_6,453.6,573.6,1042.0
10440716,stimulus_Arg_PISACowsMilk_10_page_6,453.8,573.6,1043.0
10440717,stimulus_Arg_PISACowsMilk_10_page_6,453.9,573.5,1042.0
10440718,stimulus_Arg_PISACowsMilk_10_page_6,453.8,573.4,1042.0
10440719,stimulus_Arg_PISACowsMilk_10_page_6,453.8,573.3,1041.0
10440720,stimulus_Arg_PISACowsMilk_10_page_6,453.7,573.2,1042.0
10440721,stimulus_Arg_PISACowsMilk_10_page_6,453.6,573.1,1042.0
10440722,stimulus_Arg_PISACowsMilk_10_page_6,453.4,573.2,1042.0
10440723,stimulus_Arg_PISACowsMilk_10_page_6,453.4,573.5,1042.0
10440724,stimulus_Arg_PISACowsMilk_10_page_6,453.6,573.8,1043.0
10440725,stimulus_Arg_PISACowsMilk_10_page_6,454.0,573.8,1044.0
10440726,stimulus_Arg_PISACowsMilk_10_page_6,454.2,573.8,1044.0
10440727,stimulus_Arg_PISACowsMilk_10_page_6,454.1,573.7,1044.0
10440728,stimulus_Arg_PISACowsMilk_10_page_6,454.2,574.2,1044.0
10440729,stimulus_Arg_PISACowsMilk_10_page_6,454.3,574.6,1045.0
10440730,stimulus_Arg_PISACowsMilk_10_page_6,454.5,575.4,1046.0
10440731,stimulus_Arg_PISACowsMilk_10_page_6,454.5,575.7,1046.0
10440732,stimulus_Arg_PISACowsMilk_10_page_6,454.3,575.4,1046.0
10440733,stimulus_Arg_PISACowsMilk_10_page_6,454.3,574.9,1047.0
10440734,stimulus_Arg_PISACowsMilk_10_page_6,454.3,574.3,1048.0
10440735,stimulus_Arg_PISACowsMilk_10_page_6,454.2,574.0,1048.0
10440736,stimulus_Arg_PISACowsMilk_10_page_6,453.8,573.6,1047.0
10440737,stimulus_Arg_PISACowsMilk_10_page_6,453.4,573.4,1046.0
10440738,stimulus_Arg_PISACowsMilk_10_page_6,453.1,573.6,1046.0
10440739,stimulus_Arg_PISACowsMilk_10_page_6,453.0,573.9,1047.0
10440740,stimulus_Arg_PISACowsMilk_10_page_6,453.0,574.1,1048.0
10440741,stimulus_Arg_PISACowsMilk_10_page_6,453.2,574.3,1050.0
10440742,stimulus_Arg_PISACowsMilk_10_page_6,453.5,574.5,1051.0
10440743,stimulus_Arg_PISACowsMilk_10_page_6,453.7,574.7,1050.0
10440744,stimulus_Arg_PISACowsMilk_10_page_6,453.8,575.0,1049.0
10440745,stimulus_Arg_PISACowsMilk_10_page_6,453.8,575.1,1048.0
10440746,stimulus_Arg_PISACowsMilk_10_page_6,453.9,574.9,1048.0
10440747,stimulus_Arg_PISACowsMilk_10_page_6,453.8,574.6,1049.0
10440748,stimulus_Arg_PISACowsMilk_10_page_6,453.6,574.3,1049.0
10440749,stimulus_Arg_PISACowsMilk_10_page_6,453.4,574.3,1050.0
10440750,stimulus_Arg_PISACowsMilk_10_page_6,453.5,574.2,1050.0
10440751,stimulus_Arg_PISACowsMilk_10_page_6,453.5,574.3,1050.0
10440752,stimulus_Arg_PISACowsMilk_10_page_6,453.4,574.3,1050.0
10440753,stimulus_Arg_PISACowsMilk_10_page_6,453.5,574.3,1050.0
10440754,stimulus_Arg_PISACowsMilk_10_page_6,453.4,574.2,1050.0
10440755,stimulus_Arg_PISACowsMilk_10_page_6,453.3,574.1,1050.0
10440756,stimulus_Arg_PISACowsMilk_10_page_6,453.4,574.1,1050.0
10440757,stimulus_Arg_PISACowsMilk_10_page_6,453.6,574.1,1051.0
10440758,stimulus_Arg_PISACowsMilk_10_page_6,453.8,574.1,1052.0
10440759,stimulus_Arg_PISACowsMilk_10_page_6,453.7,574.0,1052.0
10440760,stimulus_Arg_PISACowsMilk_10_page_6,453.7,573.9,1052.0
10440761,stimulus_Arg_PISACowsMilk_10_page_6,453.7,573.9,1052.0
10440762,stimulus_Arg_PISACowsMilk_10_page_6,454.0,574.5,1052.0
10440763,stimulus_Arg_PISACowsMilk_10_page_6,454.2,575.2,1053.0
10440764,stimulus_Arg_PISACowsMilk_10_page_6,454.5,576.0,1054.0
10440765,stimulus_Arg_PISACowsMilk_10_page_6,454.9,576.3,1056.0
10440766,stimulus_Arg_PISACowsMilk_10_page_6,455.3,576.5,1056.0
10440767,stimulus_Arg_PISACowsMilk_10_page_6,455.9,576.5,1055.0
10440768,stimulus_Arg_PISACowsMilk_10_page_6,456.1,576.0,1054.0
10440769,stimulus_Arg_PISACowsMilk_10_page_6,456.1,575.4,1053.0
10440770,stimulus_Arg_PISACowsMilk_10_page_6,455.9,574.9,1053.0
10440771,stimulus_Arg_PISACowsMilk_10_page_6,455.6,574.9,1054.0
10440772,stimulus_Arg_PISACowsMilk_10_page_6,455.5,574.9,1054.0
10440773,stimulus_Arg_PISACowsMilk_10_page_6,455.4,574.9,1054.0
10440774,stimulus_Arg_PISACowsMilk_10_page_6,455.6,574.9,1054.0
10440775,stimulus_Arg_PISACowsMilk_10_page_6,455.9,574.8,1055.0
10440776,stimulus_Arg_PISACowsMilk_10_page_6,456.2,574.6,1055.0
10440777,stimulus_Arg_PISACowsMilk_10_page_6,456.4,574.8,1056.0
10440778,stimulus_Arg_PISACowsMilk_10_page_6,456.6,575.2,1056.0
10440779,stimulus_Arg_PISACowsMilk_10_page_6,456.7,575.5,1058.0
10440780,stimulus_Arg_PISACowsMilk_10_page_6,456.6,575.3,1059.0
10440781,stimulus_Arg_PISACowsMilk_10_page_6,456.6,575.1,1060.0
10440782,stimulus_Arg_PISACowsMilk_10_page_6,456.7,574.7,1060.0
10440783,stimulus_Arg_PISACowsMilk_10_page_6,456.8,574.3,1061.0
10440784,stimulus_Arg_PISACowsMilk_10_page_6,456.9,574.0,1061.0
10440785,stimulus_Arg_PISACowsMilk_10_page_6,457.0,574.0,1061.0
10440786,stimulus_Arg_PISACowsMilk_10_page_6,457.2,574.4,1062.0
10440787,stimulus_Arg_PISACowsMilk_10_page_6,457.4,574.9,1063.0
10440788,stimulus_Arg_PISACowsMilk_10_page_6,457.4,575.2,1063.0
10440789,stimulus_Arg_PISACowsMilk_10_page_6,457.4,575.2,1063.0
10440790,stimulus_Arg_PISACowsMilk_10_page_6,457.3,574.9,1063.0
10440791,stimulus_Arg_PISACowsMilk_10_page_6,457.1,574.8,1063.0
10440792,stimulus_Arg_PISACowsMilk_10_page_6,457.0,574.7,1063.0
10440793,stimulus_Arg_PISACowsMilk_10_page_6,456.9,574.7,1063.0
10440794,stimulus_Arg_PISACowsMilk_10_page_6,456.9,574.6,1064.0
10440795,stimulus_Arg_PISACowsMilk_10_page_6,456.9,574.5,1065.0
10440796,stimulus_Arg_PISACowsMilk_10_page_6,456.8,574.3,1066.0
10440797,stimulus_Arg_PISACowsMilk_10_page_6,456.7,574.2,1068.0
10440798,stimulus_Arg_PISACowsMilk_10_page_6,456.6,574.1,1069.0
10440799,stimulus_Arg_PISACowsMilk_10_page_6,456.6,573.8,1071.0
10440800,stimulus_Arg_PISACowsMilk_10_page_6,456.4,573.6,1071.0
10440801,stimulus_Arg_PISACowsMilk_10_page_6,456.2,573.6,1070.0
10440802,stimulus_Arg_PISACowsMilk_10_page_6,455.9,573.7,1069.0
10440803,stimulus_Arg_PISACowsMilk_10_page_6,455.8,573.8,1069.0
10440804,stimulus_Arg_PISACowsMilk_10_page_6,455.4,573.8,1069.0
10440805,stimulus_Arg_PISACowsMilk_10_page_6,454.8,573.7,1069.0
10440806,stimulus_Arg_PISACowsMilk_10_page_6,454.2,573.6,1068.0
10440807,stimulus_Arg_PISACowsMilk_10_page_6,454.5,574.3,1068.0
10440808,stimulus_Arg_PISACowsMilk_10_page_6,456.1,575.1,1068.0
10440809,stimulus_Arg_PISACowsMilk_10_page_6,458.5,575.9,1069.0
10440810,stimulus_Arg_PISACowsMilk_10_page_6,463.0,576.3,1071.0
10440811,stimulus_Arg_PISACowsMilk_10_page_6,467.5,577.0,1073.0
10440812,stimulus_Arg_PISACowsMilk_10_page_6,472.9,578.4,1074.0
10440813,stimulus_Arg_PISACowsMilk_10_page_6,479.0,579.6,1075.0
10440814,stimulus_Arg_PISACowsMilk_10_page_6,486.4,580.0,1077.0
10440815,stimulus_Arg_PISACowsMilk_10_page_6,494.4,579.1,1079.0
10440816,stimulus_Arg_PISACowsMilk_10_page_6,502.2,578.0,1081.0
10440817,stimulus_Arg_PISACowsMilk_10_page_6,509.9,577.1,1083.0
10440818,stimulus_Arg_PISACowsMilk_10_page_6,518.4,577.1,1088.0
10440819,stimulus_Arg_PISACowsMilk_10_page_6,525.9,577.3,1091.0
10440820,stimulus_Arg_PISACowsMilk_10_page_6,532.8,576.8,1093.0
10440821,stimulus_Arg_PISACowsMilk_10_page_6,539.7,576.2,1094.0
10440822,stimulus_Arg_PISACowsMilk_10_page_6,546.8,575.7,1095.0
10440823,stimulus_Arg_PISACowsMilk_10_page_6,555.0,576.0,1095.0
10440824,stimulus_Arg_PISACowsMilk_10_page_6,561.1,575.5,1094.0
10440825,stimulus_Arg_PISACowsMilk_10_page_6,568.1,575.0,1094.0
10440826,stimulus_Arg_PISACowsMilk_10_page_6,574.4,574.6,1095.0
10440827,stimulus_Arg_PISACowsMilk_10_page_6,582.1,575.0,1095.0
10440828,stimulus_Arg_PISACowsMilk_10_page_6,589.3,575.3,1095.0
10440829,stimulus_Arg_PISACowsMilk_10_page_6,597.6,575.6,1095.0
10440830,stimulus_Arg_PISACowsMilk_10_page_6,606.6,575.9,1095.0
10440831,stimulus_Arg_PISACowsMilk_10_page_6,615.3,576.1,1095.0
10440832,stimulus_Arg_PISACowsMilk_10_page_6,622.9,576.5,1094.0
10440833,stimulus_Arg_PISACowsMilk_10_page_6,628.5,576.8,1094.0
10440834,stimulus_Arg_PISACowsMilk_10_page_6,632.5,576.9,1092.0
10440835,stimulus_Arg_PISACowsMilk_10_page_6,634.7,575.9,1091.0
10440836,stimulus_Arg_PISACowsMilk_10_page_6,636.4,574.8,1089.0
10440837,stimulus_Arg_PISACowsMilk_10_page_6,637.3,574.4,1088.0
10440838,stimulus_Arg_PISACowsMilk_10_page_6,637.8,574.9,1088.0
10440839,stimulus_Arg_PISACowsMilk_10_page_6,636.9,575.3,1087.0
10440840,stimulus_Arg_PISACowsMilk_10_page_6,635.3,575.2,1088.0
10440841,stimulus_Arg_PISACowsMilk_10_page_6,632.9,575.0,1089.0
10440842,stimulus_Arg_PISACowsMilk_10_page_6,630.6,574.9,1092.0
10440843,stimulus_Arg_PISACowsMilk_10_page_6,628.2,575.2,1093.0
10440844,stimulus_Arg_PISACowsMilk_10_page_6,625.8,575.5,1094.0
10440845,stimulus_Arg_PISACowsMilk_10_page_6,623.0,575.8,1094.0
10440846,stimulus_Arg_PISACowsMilk_10_page_6,620.3,575.7,1093.0
10440847,stimulus_Arg_PISACowsMilk_10_page_6,618.6,576.0,1093.0
10440848,stimulus_Arg_PISACowsMilk_10_page_6,617.7,576.4,1094.0
10440849,stimulus_Arg_PISACowsMilk_10_page_6,617.6,576.9,1096.0
10440850,stimulus_Arg_PISACowsMilk_10_page_6,617.6,577.0,1097.0
10440851,stimulus_Arg_PISACowsMilk_10_page_6,617.7,577.2,1097.0
10440852,stimulus_Arg_PISACowsMilk_10_page_6,618.0,577.4,1096.0
10440853,stimulus_Arg_PISACowsMilk_10_page_6,618.7,577.6,1095.0
10440854,stimulus_Arg_PISACowsMilk_10_page_6,619.9,577.7,1095.0
10440855,stimulus_Arg_PISACowsMilk_10_page_6,621.1,577.9,1094.0
10440856,stimulus_Arg_PISACowsMilk_10_page_6,621.9,577.9,1094.0
10440857,stimulus_Arg_PISACowsMilk_10_page_6,622.7,577.9,1094.0
10440858,stimulus_Arg_PISACowsMilk_10_page_6,623.5,578.0,1095.0
10440859,stimulus_Arg_PISACowsMilk_10_page_6,624.2,578.2,1096.0
10440860,stimulus_Arg_PISACowsMilk_10_page_6,624.5,578.4,1098.0
10440861,stimulus_Arg_PISACowsMilk_10_page_6,625.1,578.4,1101.0
10440862,stimulus_Arg_PISACowsMilk_10_page_6,625.9,578.3,1103.0
10440863,stimulus_Arg_PISACowsMilk_10_page_6,626.7,578.2,1104.0
10440864,stimulus_Arg_PISACowsMilk_10_page_6,627.4,578.0,1104.0
10440865,stimulus_Arg_PISACowsMilk_10_page_6,627.9,578.0,1105.0
10440866,stimulus_Arg_PISACowsMilk_10_page_6,628.1,577.9,1106.0
10440867,stimulus_Arg_PISACowsMilk_10_page_6,628.1,577.9,1106.0
10440868,stimulus_Arg_PISACowsMilk_10_page_6,628.1,577.9,1105.0
10440869,stimulus_Arg_PISACowsMilk_10_page_6,628.1,577.9,1105.0
10440870,stimulus_Arg_PISACowsMilk_10_page_6,628.2,578.1,1105.0
10440871,stimulus_Arg_PISACowsMilk_10_page_6,628.2,578.4,1105.0
10440872,stimulus_Arg_PISACowsMilk_10_page_6,628.2,578.6,1105.0
10440873,stimulus_Arg_PISACowsMilk_10_page_6,628.2,578.6,1105.0
10440874,stimulus_Arg_PISACowsMilk_10_page_6,628.3,578.6,1104.0
10440875,stimulus_Arg_PISACowsMilk_10_page_6,628.4,578.6,1103.0
10440876,stimulus_Arg_PISACowsMilk_10_page_6,628.2,578.5,1103.0
10440877,stimulus_Arg_PISACowsMilk_10_page_6,628.0,578.3,1104.0
10440878,stimulus_Arg_PISACowsMilk_10_page_6,627.7,578.3,1106.0
10440879,stimulus_Arg_PISACowsMilk_10_page_6,627.6,578.0,1107.0
10440880,stimulus_Arg_PISACowsMilk_10_page_6,627.6,577.6,1107.0
10440881,stimulus_Arg_PISACowsMilk_10_page_6,627.6,577.2,1107.0
10440882,stimulus_Arg_PISACowsMilk_10_page_6,627.5,577.3,1106.0
10440883,stimulus_Arg_PISACowsMilk_10_page_6,627.4,577.3,1105.0
10440884,stimulus_Arg_PISACowsMilk_10_page_6,627.4,577.3,1105.0
10440885,stimulus_Arg_PISACowsMilk_10_page_6,627.4,577.3,1105.0
10440886,stimulus_Arg_PISACowsMilk_10_page_6,627.4,577.5,1106.0
10440887,stimulus_Arg_PISACowsMilk_10_page_6,627.5,577.7,1108.0
10440888,stimulus_Arg_PISACowsMilk_10_page_6,627.5,577.9,1108.0
10440889,stimulus_Arg_PISACowsMilk_10_page_6,627.6,578.0,1108.0
10440890,stimulus_Arg_PISACowsMilk_10_page_6,627.6,578.0,1107.0
10440891,stimulus_Arg_PISACowsMilk_10_page_6,627.6,578.1,1107.0
10440892,stimulus_Arg_PISACowsMilk_10_page_6,627.7,578.2,1107.0
10440893,stimulus_Arg_PISACowsMilk_10_page_6,627.9,578.2,1108.0
10440894,stimulus_Arg_PISACowsMilk_10_page_6,628.1,578.2,1109.0
10440895,stimulus_Arg_PISACowsMilk_10_page_6,628.1,577.9,1108.0
10440896,stimulus_Arg_PISACowsMilk_10_page_6,627.5,577.6,1108.0
10440897,stimulus_Arg_PISACowsMilk_10_page_6,627.0,577.2,1107.0
10440898,stimulus_Arg_PISACowsMilk_10_page_6,626.6,577.2,1107.0
10440899,stimulus_Arg_PISACowsMilk_10_page_6,626.6,577.2,1107.0
10440900,stimulus_Arg_PISACowsMilk_10_page_6,626.9,577.1,1107.0
10440901,stimulus_Arg_PISACowsMilk_10_page_6,627.1,577.0,1107.0
10440902,stimulus_Arg_PISACowsMilk_10_page_6,627.3,576.8,1108.0
10440903,stimulus_Arg_PISACowsMilk_10_page_6,627.3,576.8,1108.0
10440904,stimulus_Arg_PISACowsMilk_10_page_6,627.1,576.8,1109.0
10440905,stimulus_Arg_PISACowsMilk_10_page_6,627.0,576.8,1108.0
10440906,stimulus_Arg_PISACowsMilk_10_page_6,626.8,576.8,1108.0
10440907,stimulus_Arg_PISACowsMilk_10_page_6,626.8,576.9,1107.0
10440908,stimulus_Arg_PISACowsMilk_10_page_6,627.1,577.1,1106.0
10440909,stimulus_Arg_PISACowsMilk_10_page_6,627.4,577.1,1106.0
10440910,stimulus_Arg_PISACowsMilk_10_page_6,627.6,576.9,1106.0
10440911,stimulus_Arg_PISACowsMilk_10_page_6,627.5,576.7,1106.0
10440912,stimulus_Arg_PISACowsMilk_10_page_6,627.4,576.4,1106.0
10440913,stimulus_Arg_PISACowsMilk_10_page_6,627.4,576.2,1107.0
10440914,stimulus_Arg_PISACowsMilk_10_page_6,627.6,576.1,1107.0
10440915,stimulus_Arg_PISACowsMilk_10_page_6,627.8,576.1,1108.0
10440916,stimulus_Arg_PISACowsMilk_10_page_6,627.8,576.2,1107.0
10440917,stimulus_Arg_PISACowsMilk_10_page_6,627.8,576.3,1106.0
10440918,stimulus_Arg_PISACowsMilk_10_page_6,628.0,576.7,1105.0
10440919,stimulus_Arg_PISACowsMilk_10_page_6,628.2,577.0,1106.0
10440920,stimulus_Arg_PISACowsMilk_10_page_6,628.3,577.1,1107.0
10440921,stimulus_Arg_PISACowsMilk_10_page_6,628.4,577.0,1108.0
10440922,stimulus_Arg_PISACowsMilk_10_page_6,628.2,577.1,1107.0
10440923,stimulus_Arg_PISACowsMilk_10_page_6,628.0,577.4,1107.0
10440924,stimulus_Arg_PISACowsMilk_10_page_6,627.9,577.7,1107.0
10440925,stimulus_Arg_PISACowsMilk_10_page_6,627.9,577.8,1106.0
10440926,stimulus_Arg_PISACowsMilk_10_page_6,627.8,577.9,1105.0
10440927,stimulus_Arg_PISACowsMilk_10_page_6,627.7,578.0,1105.0
10440928,stimulus_Arg_PISACowsMilk_10_page_6,627.7,578.3,1105.0
10440929,stimulus_Arg_PISACowsMilk_10_page_6,627.7,578.6,1107.0
10440930,stimulus_Arg_PISACowsMilk_10_page_6,627.7,578.6,1108.0
10440931,stimulus_Arg_PISACowsMilk_10_page_6,627.8,578.5,1108.0
10440932,stimulus_Arg_PISACowsMilk_10_page_6,627.8,578.4,1108.0
10440933,stimulus_Arg_PISACowsMilk_10_page_6,627.5,578.4,1107.0
10440934,stimulus_Arg_PISACowsMilk_10_page_6,627.2,578.3,1107.0
10440935,stimulus_Arg_PISACowsMilk_10_page_6,626.9,578.3,1106.0
10440936,stimulus_Arg_PISACowsMilk_10_page_6,627.0,578.5,1106.0
10440937,stimulus_Arg_PISACowsMilk_10_page_6,627.3,578.9,1106.0
10440938,stimulus_Arg_PISACowsMilk_10_page_6,627.4,579.5,1107.0
10440939,stimulus_Arg_PISACowsMilk_10_page_6,627.5,580.0,1107.0
10440940,stimulus_Arg_PISACowsMilk_10_page_6,627.7,580.3,1108.0
10440941,stimulus_Arg_PISACowsMilk_10_page_6,628.0,580.2,1110.0
10440942,stimulus_Arg_PISACowsMilk_10_page_6,628.2,580.1,1111.0
10440943,stimulus_Arg_PISACowsMilk_10_page_6,628.3,580.1,1111.0
10440944,stimulus_Arg_PISACowsMilk_10_page_6,628.3,580.2,1111.0
10440945,stimulus_Arg_PISACowsMilk_10_page_6,628.4,580.2,1111.0
10440946,stimulus_Arg_PISACowsMilk_10_page_6,628.6,580.1,1111.0
10440947,stimulus_Arg_PISACowsMilk_10_page_6,628.9,580.1,1110.0
10440948,stimulus_Arg_PISACowsMilk_10_page_6,629.0,580.2,1110.0
10440949,stimulus_Arg_PISACowsMilk_10_page_6,629.0,580.3,1110.0
10440950,stimulus_Arg_PISACowsMilk_10_page_6,629.3,580.5,1111.0
10440951,stimulus_Arg_PISACowsMilk_10_page_6,629.5,580.6,1112.0
10440952,stimulus_Arg_PISACowsMilk_10_page_6,629.8,580.6,1113.0
10440953,stimulus_Arg_PISACowsMilk_10_page_6,629.8,580.4,1112.0
10440954,stimulus_Arg_PISACowsMilk_10_page_6,629.8,580.4,1112.0
10440955,stimulus_Arg_PISACowsMilk_10_page_6,629.7,580.4,1112.0
10440956,stimulus_Arg_PISACowsMilk_10_page_6,629.6,580.5,1112.0
10440957,stimulus_Arg_PISACowsMilk_10_page_6,629.5,580.6,1112.0
10440958,stimulus_Arg_PISACowsMilk_10_page_6,629.3,581.0,1112.0
10440959,stimulus_Arg_PISACowsMilk_10_page_6,629.1,581.2,1112.0
10440960,stimulus_Arg_PISACowsMilk_10_page_6,629.1,581.5,1112.0
10440961,stimulus_Arg_PISACowsMilk_10_page_6,628.9,581.4,1113.0
10440962,stimulus_Arg_PISACowsMilk_10_page_6,628.8,581.3,1113.0
10440963,stimulus_Arg_PISACowsMilk_10_page_6,628.7,581.2,1113.0
10440964,stimulus_Arg_PISACowsMilk_10_page_6,628.8,581.1,1113.0
10440965,stimulus_Arg_PISACowsMilk_10_page_6,628.9,581.1,1113.0
10440966,stimulus_Arg_PISACowsMilk_10_page_6,629.0,581.0,1113.0
10440967,stimulus_Arg_PISACowsMilk_10_page_6,629.2,580.8,1113.0
10440968,stimulus_Arg_PISACowsMilk_10_page_6,629.4,580.7,1112.0
10440969,stimulus_Arg_PISACowsMilk_10_page_6,629.5,580.7,1112.0
10440970,stimulus_Arg_PISACowsMilk_10_page_6,629.6,580.7,1112.0
10440971,stimulus_Arg_PISACowsMilk_10_page_6,629.7,580.7,1111.0
10440972,stimulus_Arg_PISACowsMilk_10_page_6,629.7,580.8,1111.0
10440973,stimulus_Arg_PISACowsMilk_10_page_6,629.7,580.8,1111.0
10440974,stimulus_Arg_PISACowsMilk_10_page_6,629.8,580.9,1111.0
10440975,stimulus_Arg_PISACowsMilk_10_page_6,629.8,580.8,1112.0
10440976,stimulus_Arg_PISACowsMilk_10_page_6,629.9,581.1,1113.0
10440977,stimulus_Arg_PISACowsMilk_10_page_6,630.0,581.4,1114.0
10440978,stimulus_Arg_PISACowsMilk_10_page_6,630.5,581.7,1114.0
10440979,stimulus_Arg_PISACowsMilk_10_page_6,631.0,581.8,1114.0
10440980,stimulus_Arg_PISACowsMilk_10_page_6,631.5,581.8,1115.0
10440981,stimulus_Arg_PISACowsMilk_10_page_6,631.5,581.8,1115.0
10440982,stimulus_Arg_PISACowsMilk_10_page_6,631.6,581.8,1115.0
10440983,stimulus_Arg_PISACowsMilk_10_page_6,631.5,581.7,1115.0
10440984,stimulus_Arg_PISACowsMilk_10_page_6,631.3,581.5,1115.0
10440985,stimulus_Arg_PISACowsMilk_10_page_6,631.2,581.1,1115.0
10440986,stimulus_Arg_PISACowsMilk_10_page_6,631.2,580.8,1115.0
10440987,stimulus_Arg_PISACowsMilk_10_page_6,631.5,580.8,1115.0
10440988,stimulus_Arg_PISACowsMilk_10_page_6,632.0,581.2,1115.0
10440989,stimulus_Arg_PISACowsMilk_10_page_6,632.5,581.5,1114.0
10440990,stimulus_Arg_PISACowsMilk_10_page_6,632.8,581.4,1114.0
10440991,stimulus_Arg_PISACowsMilk_10_page_6,632.8,581.2,1114.0
10440992,stimulus_Arg_PISACowsMilk_10_page_6,632.8,580.6,1113.0
10440993,stimulus_Arg_PISACowsMilk_10_page_6,632.6,580.1,1113.0
10440994,stimulus_Arg_PISACowsMilk_10_page_6,632.4,579.6,1113.0
10440995,stimulus_Arg_PISACowsMilk_10_page_6,632.3,579.5,1114.0
10440996,stimulus_Arg_PISACowsMilk_10_page_6,632.2,579.3,1114.0
10440997,stimulus_Arg_PISACowsMilk_10_page_6,632.2,579.2,1114.0
10440998,stimulus_Arg_PISACowsMilk_10_page_6,632.4,579.5,1114.0
10440999,stimulus_Arg_PISACowsMilk_10_page_6,632.7,579.9,1116.0
10441000,stimulus_Arg_PISACowsMilk_10_page_6,632.9,580.3,1117.0
10441001,stimulus_Arg_PISACowsMilk_10_page_6,632.9,580.2,1116.0
10441002,stimulus_Arg_PISACowsMilk_10_page_6,632.8,580.1,1115.0
10441003,stimulus_Arg_PISACowsMilk_10_page_6,632.7,579.9,1115.0
10441004,stimulus_Arg_PISACowsMilk_10_page_6,632.7,579.7,1116.0
10441005,stimulus_Arg_PISACowsMilk_10_page_6,632.6,579.8,1118.0
10441006,stimulus_Arg_PISACowsMilk_10_page_6,632.4,580.0,1118.0
10441007,stimulus_Arg_PISACowsMilk_10_page_6,632.3,580.3,1118.0
10441008,stimulus_Arg_PISACowsMilk_10_page_6,632.2,580.3,1117.0
10441009,stimulus_Arg_PISACowsMilk_10_page_6,632.2,580.2,1116.0
10441010,stimulus_Arg_PISACowsMilk_10_page_6,632.2,580.1,1116.0
10441011,stimulus_Arg_PISACowsMilk_10_page_6,632.3,580.0,1117.0
10441012,stimulus_Arg_PISACowsMilk_10_page_6,632.3,580.0,1118.0
10441013,stimulus_Arg_PISACowsMilk_10_page_6,632.3,580.0,1120.0
10441014,stimulus_Arg_PISACowsMilk_10_page_6,632.3,579.9,1120.0
10441015,stimulus_Arg_PISACowsMilk_10_page_6,632.3,579.8,1118.0
10441016,stimulus_Arg_PISACowsMilk_10_page_6,632.4,579.8,1118.0
10441017,stimulus_Arg_PISACowsMilk_10_page_6,632.4,579.8,1119.0
10441018,stimulus_Arg_PISACowsMilk_10_page_6,632.5,579.8,1120.0
10441019,stimulus_Arg_PISACowsMilk_10_page_6,632.7,579.8,1121.0
10441020,stimulus_Arg_PISACowsMilk_10_page_6,632.8,579.7,1121.0
10441021,stimulus_Arg_PISACowsMilk_10_page_6,632.8,579.5,1121.0
10441022,stimulus_Arg_PISACowsMilk_10_page_6,632.7,579.0,1121.0
10441023,stimulus_Arg_PISACowsMilk_10_page_6,632.7,578.6,1122.0
10441024,stimulus_Arg_PISACowsMilk_10_page_6,632.6,578.3,1122.0
10441025,stimulus_Arg_PISACowsMilk_10_page_6,632.7,578.2,1121.0
10441026,stimulus_Arg_PISACowsMilk_10_page_6,632.7,578.2,1120.0
10441027,stimulus_Arg_PISACowsMilk_10_page_6,632.7,578.1,1120.0
10441028,stimulus_Arg_PISACowsMilk_10_page_6,632.7,578.1,1120.0
10441029,stimulus_Arg_PISACowsMilk_10_page_6,632.1,578.0,1120.0
10441030,stimulus_Arg_PISACowsMilk_10_page_6,631.5,578.0,1120.0
10441031,stimulus_Arg_PISACowsMilk_10_page_6,631.2,578.2,1120.0
10441032,stimulus_Arg_PISACowsMilk_10_page_6,631.5,578.4,1119.0
10441033,stimulus_Arg_PISACowsMilk_10_page_6,631.7,578.6,1119.0
10441034,stimulus_Arg_PISACowsMilk_10_page_6,631.7,578.4,1119.0
10441035,stimulus_Arg_PISACowsMilk_10_page_6,631.7,578.3,1120.0
10441036,stimulus_Arg_PISACowsMilk_10_page_6,631.7,578.3,1120.0
10441037,stimulus_Arg_PISACowsMilk_10_page_6,631.6,578.1,1120.0
10441038,stimulus_Arg_PISACowsMilk_10_page_6,631.4,577.6,1120.0
10441039,stimulus_Arg_PISACowsMilk_10_page_6,631.2,577.2,1120.0
10441040,stimulus_Arg_PISACowsMilk_10_page_6,630.9,576.9,1120.0
10441041,stimulus_Arg_PISACowsMilk_10_page_6,630.7,576.9,1120.0
10441042,stimulus_Arg_PISACowsMilk_10_page_6,630.5,576.9,1120.0
10441043,stimulus_Arg_PISACowsMilk_10_page_6,630.5,576.8,1119.0
10441044,stimulus_Arg_PISACowsMilk_10_page_6,630.5,577.2,1119.0
10441045,stimulus_Arg_PISACowsMilk_10_page_6,630.5,577.7,1119.0
10441046,stimulus_Arg_PISACowsMilk_10_page_6,630.3,578.1,1118.0
10441047,stimulus_Arg_PISACowsMilk_10_page_6,630.2,578.1,1117.0
10441048,stimulus_Arg_PISACowsMilk_10_page_6,630.1,578.0,1117.0
10441049,stimulus_Arg_PISACowsMilk_10_page_6,629.8,577.9,1118.0
10441050,stimulus_Arg_PISACowsMilk_10_page_6,629.6,578.1,1119.0
10441051,stimulus_Arg_PISACowsMilk_10_page_6,629.3,578.3,1119.0
10441052,stimulus_Arg_PISACowsMilk_10_page_6,629.3,578.5,1119.0
10441053,stimulus_Arg_PISACowsMilk_10_page_6,629.4,578.5,1118.0
10441054,stimulus_Arg_PISACowsMilk_10_page_6,629.4,578.6,1117.0
10441055,stimulus_Arg_PISACowsMilk_10_page_6,629.2,578.7,1117.0
10441056,stimulus_Arg_PISACowsMilk_10_page_6,629.0,578.7,1117.0
10441057,stimulus_Arg_PISACowsMilk_10_page_6,628.8,578.6,1119.0
10441058,stimulus_Arg_PISACowsMilk_10_page_6,628.8,578.5,1120.0
10441059,stimulus_Arg_PISACowsMilk_10_page_6,628.8,578.9,1121.0
10441060,stimulus_Arg_PISACowsMilk_10_page_6,628.8,579.2,1121.0
10441061,stimulus_Arg_PISACowsMilk_10_page_6,628.5,579.5,1121.0
10441062,stimulus_Arg_PISACowsMilk_10_page_6,628.1,579.5,1121.0
10441063,stimulus_Arg_PISACowsMilk_10_page_6,627.7,579.4,1121.0
10441064,stimulus_Arg_PISACowsMilk_10_page_6,627.6,579.6,1122.0
10441065,stimulus_Arg_PISACowsMilk_10_page_6,627.4,579.8,1122.0
10441066,stimulus_Arg_PISACowsMilk_10_page_6,627.5,580.0,1122.0
10441067,stimulus_Arg_PISACowsMilk_10_page_6,627.5,579.9,1122.0
10441068,stimulus_Arg_PISACowsMilk_10_page_6,627.4,579.8,1121.0
10441069,stimulus_Arg_PISACowsMilk_10_page_6,627.3,579.7,1122.0
10441070,stimulus_Arg_PISACowsMilk_10_page_6,627.1,579.5,1123.0
10441071,stimulus_Arg_PISACowsMilk_10_page_6,626.9,579.5,1124.0
10441072,stimulus_Arg_PISACowsMilk_10_page_6,626.8,579.8,1123.0
10441073,stimulus_Arg_PISACowsMilk_10_page_6,626.8,580.1,1121.0
10441074,stimulus_Arg_PISACowsMilk_10_page_6,626.4,579.9,1120.0
10441075,stimulus_Arg_PISACowsMilk_10_page_6,626.2,579.5,1120.0
10441076,stimulus_Arg_PISACowsMilk_10_page_6,626.0,579.5,1120.0
10441077,stimulus_Arg_PISACowsMilk_10_page_6,626.0,579.8,1120.0
10441078,stimulus_Arg_PISACowsMilk_10_page_6,626.1,580.1,1120.0
10441079,stimulus_Arg_PISACowsMilk_10_page_6,626.1,580.1,1120.0
10441080,stimulus_Arg_PISACowsMilk_10_page_6,626.5,580.1,1119.0
10441081,stimulus_Arg_PISACowsMilk_10_page_6,627.0,580.2,1120.0
10441082,stimulus_Arg_PISACowsMilk_10_page_6,627.5,580.2,1120.0
10441083,stimulus_Arg_PISACowsMilk_10_page_6,627.8,580.3,1121.0
10441084,stimulus_Arg_PISACowsMilk_10_page_6,628.3,580.4,1120.0
10441085,stimulus_Arg_PISACowsMilk_10_page_6,629.0,580.8,1120.0
10441086,stimulus_Arg_PISACowsMilk_10_page_6,629.5,581.1,1119.0
10441087,stimulus_Arg_PISACowsMilk_10_page_6,629.7,581.5,1119.0
10441088,stimulus_Arg_PISACowsMilk_10_page_6,629.8,581.4,1119.0
10441089,stimulus_Arg_PISACowsMilk_10_page_6,629.9,581.3,1120.0
10441090,stimulus_Arg_PISACowsMilk_10_page_6,630.0,581.1,1120.0
10441091,stimulus_Arg_PISACowsMilk_10_page_6,630.0,581.1,1120.0
10441092,stimulus_Arg_PISACowsMilk_10_page_6,630.1,581.0,1120.0
10441093,stimulus_Arg_PISACowsMilk_10_page_6,630.1,580.9,1120.0
10441094,stimulus_Arg_PISACowsMilk_10_page_6,630.2,580.9,1120.0
10441095,stimulus_Arg_PISACowsMilk_10_page_6,630.2,581.0,1120.0
10441096,stimulus_Arg_PISACowsMilk_10_page_6,630.3,581.0,1120.0
10441097,stimulus_Arg_PISACowsMilk_10_page_6,630.3,580.9,1121.0
10441098,stimulus_Arg_PISACowsMilk_10_page_6,630.4,580.6,1121.0
10441099,stimulus_Arg_PISACowsMilk_10_page_6,630.7,580.2,1122.0
10441100,stimulus_Arg_PISACowsMilk_10_page_6,631.0,579.8,1121.0
10441101,stimulus_Arg_PISACowsMilk_10_page_6,631.2,579.5,1121.0
10441102,stimulus_Arg_PISACowsMilk_10_page_6,631.2,579.3,1121.0
10441103,stimulus_Arg_PISACowsMilk_10_page_6,631.2,579.3,1121.0
10441104,stimulus_Arg_PISACowsMilk_10_page_6,630.8,579.4,1121.0
10441105,stimulus_Arg_PISACowsMilk_10_page_6,630.4,579.5,1122.0
10441106,stimulus_Arg_PISACowsMilk_10_page_6,630.4,579.7,1122.0
10441107,stimulus_Arg_PISACowsMilk_10_page_6,630.9,579.9,1122.0
10441108,stimulus_Arg_PISACowsMilk_10_page_6,631.3,580.1,1122.0
10441109,stimulus_Arg_PISACowsMilk_10_page_6,631.6,580.3,1122.0
10441110,stimulus_Arg_PISACowsMilk_10_page_6,632.2,580.5,1123.0
10441111,stimulus_Arg_PISACowsMilk_10_page_6,632.8,580.5,1125.0
10441112,stimulus_Arg_PISACowsMilk_10_page_6,633.1,580.7,1126.0
10441113,stimulus_Arg_PISACowsMilk_10_page_6,633.1,580.8,1127.0
10441114,stimulus_Arg_PISACowsMilk_10_page_6,633.0,580.7,1126.0
10441115,stimulus_Arg_PISACowsMilk_10_page_6,632.7,580.5,1126.0
10441116,stimulus_Arg_PISACowsMilk_10_page_6,632.5,580.3,1126.0
10441117,stimulus_Arg_PISACowsMilk_10_page_6,632.5,580.3,1126.0
10441118,stimulus_Arg_PISACowsMilk_10_page_6,632.3,580.3,1127.0
10441119,stimulus_Arg_PISACowsMilk_10_page_6,632.2,580.2,1128.0
10441120,stimulus_Arg_PISACowsMilk_10_page_6,632.1,580.2,1129.0
10441121,stimulus_Arg_PISACowsMilk_10_page_6,632.2,580.4,1130.0
10441122,stimulus_Arg_PISACowsMilk_10_page_6,632.4,580.5,1129.0
10441123,stimulus_Arg_PISACowsMilk_10_page_6,632.6,580.6,1130.0
10441124,stimulus_Arg_PISACowsMilk_10_page_6,632.6,580.3,1130.0
10441125,stimulus_Arg_PISACowsMilk_10_page_6,632.1,580.0,1130.0
10441126,stimulus_Arg_PISACowsMilk_10_page_6,631.4,579.7,1129.0
10441127,stimulus_Arg_PISACowsMilk_10_page_6,630.8,579.4,1127.0
10441128,stimulus_Arg_PISACowsMilk_10_page_6,630.5,579.1,1127.0
10441129,stimulus_Arg_PISACowsMilk_10_page_6,630.7,579.0,1128.0
10441130,stimulus_Arg_PISACowsMilk_10_page_6,631.2,579.1,1130.0
10441131,stimulus_Arg_PISACowsMilk_10_page_6,632.0,579.3,1132.0
10441132,stimulus_Arg_PISACowsMilk_10_page_6,632.5,579.3,1133.0
10441133,stimulus_Arg_PISACowsMilk_10_page_6,632.8,579.3,1132.0
10441134,stimulus_Arg_PISACowsMilk_10_page_6,634.2,579.4,1131.0
10441135,stimulus_Arg_PISACowsMilk_10_page_6,638.1,580.4,1130.0
10441136,stimulus_Arg_PISACowsMilk_10_page_6,644.1,581.4,1131.0
10441137,stimulus_Arg_PISACowsMilk_10_page_6,650.9,582.3,1131.0
10441138,stimulus_Arg_PISACowsMilk_10_page_6,659.3,582.5,1133.0
10441139,stimulus_Arg_PISACowsMilk_10_page_6,668.3,582.6,1134.0
10441140,stimulus_Arg_PISACowsMilk_10_page_6,678.0,582.2,1135.0
10441141,stimulus_Arg_PISACowsMilk_10_page_6,686.8,582.0,1136.0
10441142,stimulus_Arg_PISACowsMilk_10_page_6,695.5,581.2,1138.0
10441143,stimulus_Arg_PISACowsMilk_10_page_6,705.0,580.6,1140.0
10441144,stimulus_Arg_PISACowsMilk_10_page_6,714.5,580.0,1140.0
10441145,stimulus_Arg_PISACowsMilk_10_page_6,724.0,578.7,1139.0
10441146,stimulus_Arg_PISACowsMilk_10_page_6,732.3,577.5,1137.0
10441147,stimulus_Arg_PISACowsMilk_10_page_6,739.0,576.1,1136.0
10441148,stimulus_Arg_PISACowsMilk_10_page_6,745.1,575.3,1135.0
10441149,stimulus_Arg_PISACowsMilk_10_page_6,750.1,573.7,1132.0
10441150,stimulus_Arg_PISACowsMilk_10_page_6,754.9,572.1,1130.0
10441151,stimulus_Arg_PISACowsMilk_10_page_6,757.6,571.1,1126.0
10441152,stimulus_Arg_PISACowsMilk_10_page_6,759.0,570.5,1124.0
10441153,stimulus_Arg_PISACowsMilk_10_page_6,759.4,569.9,1120.0
10441154,stimulus_Arg_PISACowsMilk_10_page_6,759.8,569.2,1116.0
10441155,stimulus_Arg_PISACowsMilk_10_page_6,760.6,569.0,1114.0
10441156,stimulus_Arg_PISACowsMilk_10_page_6,761.1,569.3,1114.0
10441157,stimulus_Arg_PISACowsMilk_10_page_6,761.9,569.5,1114.0
10441158,stimulus_Arg_PISACowsMilk_10_page_6,762.3,569.6,1114.0
10441159,stimulus_Arg_PISACowsMilk_10_page_6,762.6,569.4,1114.0
10441160,stimulus_Arg_PISACowsMilk_10_page_6,762.6,569.3,1114.0
10441161,stimulus_Arg_PISACowsMilk_10_page_6,762.7,569.2,1114.0
10441162,stimulus_Arg_PISACowsMilk_10_page_6,762.3,569.4,1114.0
10441163,stimulus_Arg_PISACowsMilk_10_page_6,761.6,569.7,1115.0
10441164,stimulus_Arg_PISACowsMilk_10_page_6,760.9,570.3,1116.0
10441165,stimulus_Arg_PISACowsMilk_10_page_6,759.9,570.7,1117.0
10441166,stimulus_Arg_PISACowsMilk_10_page_6,759.2,571.5,1118.0
10441167,stimulus_Arg_PISACowsMilk_10_page_6,758.0,571.7,1119.0
10441168,stimulus_Arg_PISACowsMilk_10_page_6,757.3,572.0,1121.0
10441169,stimulus_Arg_PISACowsMilk_10_page_6,756.1,571.9,1122.0
10441170,stimulus_Arg_PISACowsMilk_10_page_6,755.4,571.8,1122.0
10441171,stimulus_Arg_PISACowsMilk_10_page_6,754.9,571.8,1122.0
10441172,stimulus_Arg_PISACowsMilk_10_page_6,754.9,571.7,1122.0
10441173,stimulus_Arg_PISACowsMilk_10_page_6,755.1,571.9,1123.0
10441174,stimulus_Arg_PISACowsMilk_10_page_6,755.5,572.3,1124.0
10441175,stimulus_Arg_PISACowsMilk_10_page_6,755.8,572.9,1124.0
10441176,stimulus_Arg_PISACowsMilk_10_page_6,756.4,573.4,1124.0
10441177,stimulus_Arg_PISACowsMilk_10_page_6,757.0,573.8,1125.0
10441178,stimulus_Arg_PISACowsMilk_10_page_6,757.8,573.9,1125.0
10441179,stimulus_Arg_PISACowsMilk_10_page_6,758.7,574.2,1124.0
10441180,stimulus_Arg_PISACowsMilk_10_page_6,759.5,574.5,1126.0
10441181,stimulus_Arg_PISACowsMilk_10_page_6,760.0,574.6,1127.0
10441182,stimulus_Arg_PISACowsMilk_10_page_6,760.1,574.6,1128.0
10441183,stimulus_Arg_PISACowsMilk_10_page_6,760.2,574.6,1128.0
10441184,stimulus_Arg_PISACowsMilk_10_page_6,760.4,574.6,1129.0
10441185,stimulus_Arg_PISACowsMilk_10_page_6,760.7,574.5,1130.0
10441186,stimulus_Arg_PISACowsMilk_10_page_6,761.2,574.4,1131.0
10441187,stimulus_Arg_PISACowsMilk_10_page_6,761.6,574.3,1131.0
10441188,stimulus_Arg_PISACowsMilk_10_page_6,762.1,574.2,1131.0
10441189,stimulus_Arg_PISACowsMilk_10_page_6,762.6,574.1,1131.0
10441190,stimulus_Arg_PISACowsMilk_10_page_6,763.1,574.2,1131.0
10441191,stimulus_Arg_PISACowsMilk_10_page_6,763.3,574.3,1129.0
10441192,stimulus_Arg_PISACowsMilk_10_page_6,763.5,574.4,1128.0
10441193,stimulus_Arg_PISACowsMilk_10_page_6,763.5,574.4,1126.0
10441194,stimulus_Arg_PISACowsMilk_10_page_6,763.4,574.3,1128.0
10441195,stimulus_Arg_PISACowsMilk_10_page_6,763.1,574.5,1129.0
10441196,stimulus_Arg_PISACowsMilk_10_page_6,762.7,574.7,1130.0
10441197,stimulus_Arg_PISACowsMilk_10_page_6,762.2,574.4,1128.0
10441198,stimulus_Arg_PISACowsMilk_10_page_6,761.9,574.0,1127.0
10441199,stimulus_Arg_PISACowsMilk_10_page_6,761.6,573.5,1128.0
10441200,stimulus_Arg_PISACowsMilk_10_page_6,761.7,573.4,1128.0
10441201,stimulus_Arg_PISACowsMilk_10_page_6,761.6,573.4,1128.0
10441202,stimulus_Arg_PISACowsMilk_10_page_6,761.5,573.4,1128.0
10441203,stimulus_Arg_PISACowsMilk_10_page_6,761.4,573.4,1127.0
10441204,stimulus_Arg_PISACowsMilk_10_page_6,761.7,573.8,1127.0
10441205,stimulus_Arg_PISACowsMilk_10_page_6,762.0,574.1,1127.0
10441206,stimulus_Arg_PISACowsMilk_10_page_6,762.3,574.4,1127.0
10441207,stimulus_Arg_PISACowsMilk_10_page_6,762.2,574.5,1127.0
10441208,stimulus_Arg_PISACowsMilk_10_page_6,762.2,574.6,1127.0
10441209,stimulus_Arg_PISACowsMilk_10_page_6,762.5,574.7,1128.0
10441210,stimulus_Arg_PISACowsMilk_10_page_6,762.8,574.8,1129.0
10441211,stimulus_Arg_PISACowsMilk_10_page_6,763.1,575.0,1130.0
10441212,stimulus_Arg_PISACowsMilk_10_page_6,763.1,575.1,1129.0
10441213,stimulus_Arg_PISACowsMilk_10_page_6,763.2,575.2,1128.0
10441214,stimulus_Arg_PISACowsMilk_10_page_6,763.2,575.2,1127.0
10441215,stimulus_Arg_PISACowsMilk_10_page_6,763.2,575.4,1127.0
10441216,stimulus_Arg_PISACowsMilk_10_page_6,763.2,575.5,1127.0
10441217,stimulus_Arg_PISACowsMilk_10_page_6,762.9,575.6,1127.0
10441218,stimulus_Arg_PISACowsMilk_10_page_6,762.6,575.9,1127.0
10441219,stimulus_Arg_PISACowsMilk_10_page_6,762.4,576.2,1127.0
10441220,stimulus_Arg_PISACowsMilk_10_page_6,762.5,576.5,1128.0
10441221,stimulus_Arg_PISACowsMilk_10_page_6,762.6,576.4,1128.0
10441222,stimulus_Arg_PISACowsMilk_10_page_6,762.6,576.4,1129.0
10441223,stimulus_Arg_PISACowsMilk_10_page_6,762.5,576.4,1129.0
10441224,stimulus_Arg_PISACowsMilk_10_page_6,762.5,576.3,1129.0
10441225,stimulus_Arg_PISACowsMilk_10_page_6,762.5,576.2,1129.0
10441226,stimulus_Arg_PISACowsMilk_10_page_6,762.7,575.8,1129.0
10441227,stimulus_Arg_PISACowsMilk_10_page_6,762.8,575.6,1128.0
10441228,stimulus_Arg_PISACowsMilk_10_page_6,762.8,575.5,1127.0
10441229,stimulus_Arg_PISACowsMilk_10_page_6,762.8,575.5,1127.0
10441230,stimulus_Arg_PISACowsMilk_10_page_6,762.8,575.5,1127.0
10441231,stimulus_Arg_PISACowsMilk_10_page_6,762.8,575.4,1128.0
10441232,stimulus_Arg_PISACowsMilk_10_page_6,762.8,575.1,1129.0
10441233,stimulus_Arg_PISACowsMilk_10_page_6,762.7,574.9,1129.0
10441234,stimulus_Arg_PISACowsMilk_10_page_6,762.6,574.5,1128.0
10441235,stimulus_Arg_PISACowsMilk_10_page_6,762.3,574.1,1127.0
10441236,stimulus_Arg_PISACowsMilk_10_page_6,762.1,573.8,1127.0
10441237,stimulus_Arg_PISACowsMilk_10_page_6,761.9,574.0,1127.0
10441238,stimulus_Arg_PISACowsMilk_10_page_6,761.9,574.2,1127.0
10441239,stimulus_Arg_PISACowsMilk_10_page_6,761.9,574.2,1127.0
10441240,stimulus_Arg_PISACowsMilk_10_page_6,762.1,574.2,1127.0
10441241,stimulus_Arg_PISACowsMilk_10_page_6,762.4,574.4,1128.0
10441242,stimulus_Arg_PISACowsMilk_10_page_6,762.6,574.5,1129.0
10441243,stimulus_Arg_PISACowsMilk_10_page_6,762.6,574.6,1131.0
10441244,stimulus_Arg_PISACowsMilk_10_page_6,762.5,574.6,1131.0
10441245,stimulus_Arg_PISACowsMilk_10_page_6,762.6,574.6,1130.0
10441246,stimulus_Arg_PISACowsMilk_10_page_6,762.7,574.7,1129.0
10441247,stimulus_Arg_PISACowsMilk_10_page_6,762.8,574.9,1129.0
10441248,stimulus_Arg_PISACowsMilk_10_page_6,762.6,575.0,1128.0
10441249,stimulus_Arg_PISACowsMilk_10_page_6,762.3,575.4,1128.0
10441250,stimulus_Arg_PISACowsMilk_10_page_6,762.1,575.8,1128.0
10441251,stimulus_Arg_PISACowsMilk_10_page_6,762.2,576.2,1127.0
10441252,stimulus_Arg_PISACowsMilk_10_page_6,762.3,576.3,1127.0
10441253,stimulus_Arg_PISACowsMilk_10_page_6,762.6,576.3,1126.0
10441254,stimulus_Arg_PISACowsMilk_10_page_6,762.9,576.0,1126.0
10441255,stimulus_Arg_PISACowsMilk_10_page_6,763.1,575.8,1126.0
10441256,stimulus_Arg_PISACowsMilk_10_page_6,763.2,575.6,1126.0
10441257,stimulus_Arg_PISACowsMilk_10_page_6,763.2,575.8,1126.0
10441258,stimulus_Arg_PISACowsMilk_10_page_6,763.1,575.9,1125.0
10441259,stimulus_Arg_PISACowsMilk_10_page_6,763.1,575.9,1124.0
10441260,stimulus_Arg_PISACowsMilk_10_page_6,763.0,575.9,1125.0
10441261,stimulus_Arg_PISACowsMilk_10_page_6,763.1,575.9,1126.0
10441262,stimulus_Arg_PISACowsMilk_10_page_6,763.2,575.9,1127.0
10441263,stimulus_Arg_PISACowsMilk_10_page_6,763.2,575.8,1127.0
10441264,stimulus_Arg_PISACowsMilk_10_page_6,763.1,575.7,1126.0
10441265,stimulus_Arg_PISACowsMilk_10_page_6,762.6,575.5,1126.0
10441266,stimulus_Arg_PISACowsMilk_10_page_6,762.1,575.4,1126.0
10441267,stimulus_Arg_PISACowsMilk_10_page_6,761.7,575.4,1126.0
10441268,stimulus_Arg_PISACowsMilk_10_page_6,761.6,575.1,1126.0
10441269,stimulus_Arg_PISACowsMilk_10_page_6,762.1,574.8,1126.0
10441270,stimulus_Arg_PISACowsMilk_10_page_6,762.6,574.6,1128.0
10441271,stimulus_Arg_PISACowsMilk_10_page_6,763.0,574.5,1129.0
10441272,stimulus_Arg_PISACowsMilk_10_page_6,763.0,574.5,1129.0
10441273,stimulus_Arg_PISACowsMilk_10_page_6,762.7,574.4,1129.0
10441274,stimulus_Arg_PISACowsMilk_10_page_6,762.4,574.3,1127.0
10441275,stimulus_Arg_PISACowsMilk_10_page_6,762.0,574.0,1126.0
10441276,stimulus_Arg_PISACowsMilk_10_page_6,761.8,573.8,1124.0
10441277,stimulus_Arg_PISACowsMilk_10_page_6,761.7,573.5,1124.0
10441278,stimulus_Arg_PISACowsMilk_10_page_6,761.7,573.4,1125.0
10441279,stimulus_Arg_PISACowsMilk_10_page_6,761.8,573.3,1125.0
10441280,stimulus_Arg_PISACowsMilk_10_page_6,762.0,573.2,1126.0
10441281,stimulus_Arg_PISACowsMilk_10_page_6,762.1,573.2,1127.0
10441282,stimulus_Arg_PISACowsMilk_10_page_6,762.0,573.3,1127.0
10441283,stimulus_Arg_PISACowsMilk_10_page_6,761.9,573.4,1128.0
10441284,stimulus_Arg_PISACowsMilk_10_page_6,761.9,573.6,1128.0
10441285,stimulus_Arg_PISACowsMilk_10_page_6,761.9,573.6,1127.0
10441286,stimulus_Arg_PISACowsMilk_10_page_6,762.0,573.6,1126.0
10441287,stimulus_Arg_PISACowsMilk_10_page_6,762.1,573.6,1127.0
10441288,stimulus_Arg_PISACowsMilk_10_page_6,761.8,573.7,1127.0
10441289,stimulus_Arg_PISACowsMilk_10_page_6,761.5,573.8,1128.0
10441290,stimulus_Arg_PISACowsMilk_10_page_6,761.1,573.8,1127.0
10441291,stimulus_Arg_PISACowsMilk_10_page_6,761.1,573.7,1126.0
10441292,stimulus_Arg_PISACowsMilk_10_page_6,761.3,573.7,1125.0
10441293,stimulus_Arg_PISACowsMilk_10_page_6,761.4,573.8,1124.0
10441294,stimulus_Arg_PISACowsMilk_10_page_6,761.9,573.8,1124.0
10441295,stimulus_Arg_PISACowsMilk_10_page_6,762.1,573.8,1124.0
10441296,stimulus_Arg_PISACowsMilk_10_page_6,762.4,573.8,1126.0
10441297,stimulus_Arg_PISACowsMilk_10_page_6,762.4,573.8,1127.0
10441298,stimulus_Arg_PISACowsMilk_10_page_6,762.4,573.9,1127.0
10441299,stimulus_Arg_PISACowsMilk_10_page_6,762.5,573.9,1127.0
10441300,stimulus_Arg_PISACowsMilk_10_page_6,762.4,573.8,1127.0
10441301,stimulus_Arg_PISACowsMilk_10_page_6,762.3,573.7,1127.0
10441302,stimulus_Arg_PISACowsMilk_10_page_6,761.9,573.6,1127.0
10441303,stimulus_Arg_PISACowsMilk_10_page_6,761.6,573.5,1127.0
10441304,stimulus_Arg_PISACowsMilk_10_page_6,761.3,573.5,1127.0
10441305,stimulus_Arg_PISACowsMilk_10_page_6,761.3,573.5,1127.0
10441306,stimulus_Arg_PISACowsMilk_10_page_6,761.3,573.7,1127.0
10441307,stimulus_Arg_PISACowsMilk_10_page_6,761.4,573.8,1126.0
10441308,stimulus_Arg_PISACowsMilk_10_page_6,761.5,573.9,1125.0
10441309,stimulus_Arg_PISACowsMilk_10_page_6,761.6,573.9,1125.0
10441310,stimulus_Arg_PISACowsMilk_10_page_6,761.9,573.9,1125.0
10441311,stimulus_Arg_PISACowsMilk_10_page_6,762.2,573.8,1125.0
10441312,stimulus_Arg_PISACowsMilk_10_page_6,762.3,573.8,1125.0
10441313,stimulus_Arg_PISACowsMilk_10_page_6,762.2,573.6,1124.0
10441314,stimulus_Arg_PISACowsMilk_10_page_6,761.9,573.5,1124.0
10441315,stimulus_Arg_PISACowsMilk_10_page_6,761.8,573.4,1123.0
10441316,stimulus_Arg_PISACowsMilk_10_page_6,761.8,573.3,1123.0
10441317,stimulus_Arg_PISACowsMilk_10_page_6,762.0,573.3,1124.0
10441318,stimulus_Arg_PISACowsMilk_10_page_6,762.2,573.3,1125.0
10441319,stimulus_Arg_PISACowsMilk_10_page_6,762.6,573.3,1126.0
10441320,stimulus_Arg_PISACowsMilk_10_page_6,762.7,573.4,1126.0
10441321,stimulus_Arg_PISACowsMilk_10_page_6,762.9,573.6,1125.0
10441322,stimulus_Arg_PISACowsMilk_10_page_6,762.9,573.7,1125.0
10441323,stimulus_Arg_PISACowsMilk_10_page_6,763.0,573.7,1124.0
10441324,stimulus_Arg_PISACowsMilk_10_page_6,762.8,573.7,1124.0
10441325,stimulus_Arg_PISACowsMilk_10_page_6,762.4,573.7,1123.0
10441326,stimulus_Arg_PISACowsMilk_10_page_6,762.0,573.8,1122.0
10441327,stimulus_Arg_PISACowsMilk_10_page_6,761.8,573.8,1122.0
10441328,stimulus_Arg_PISACowsMilk_10_page_6,761.6,573.9,1123.0
10441329,stimulus_Arg_PISACowsMilk_10_page_6,761.5,573.9,1123.0
10441330,stimulus_Arg_PISACowsMilk_10_page_6,761.4,573.6,1123.0
10441331,stimulus_Arg_PISACowsMilk_10_page_6,761.3,573.3,1123.0
10441332,stimulus_Arg_PISACowsMilk_10_page_6,761.2,572.9,1122.0
10441333,stimulus_Arg_PISACowsMilk_10_page_6,761.2,572.8,1122.0
10441334,stimulus_Arg_PISACowsMilk_10_page_6,761.2,573.2,1121.0
10441335,stimulus_Arg_PISACowsMilk_10_page_6,761.2,573.5,1122.0
10441336,stimulus_Arg_PISACowsMilk_10_page_6,761.1,573.8,1123.0
10441337,stimulus_Arg_PISACowsMilk_10_page_6,760.9,573.7,1124.0
10441338,stimulus_Arg_PISACowsMilk_10_page_6,760.7,573.6,1123.0
10441339,stimulus_Arg_PISACowsMilk_10_page_6,760.6,573.8,1123.0
10441340,stimulus_Arg_PISACowsMilk_10_page_6,761.0,574.0,1123.0
10441341,stimulus_Arg_PISACowsMilk_10_page_6,761.3,574.0,1124.0
10441342,stimulus_Arg_PISACowsMilk_10_page_6,762.0,573.9,1124.0
10441343,stimulus_Arg_PISACowsMilk_10_page_6,762.9,573.8,1125.0
10441344,stimulus_Arg_PISACowsMilk_10_page_6,764.9,574.5,1126.0
10441345,stimulus_Arg_PISACowsMilk_10_page_6,766.9,575.5,1128.0
10441346,stimulus_Arg_PISACowsMilk_10_page_6,769.9,576.4,1129.0
10441347,stimulus_Arg_PISACowsMilk_10_page_6,773.7,576.7,1129.0
10441348,stimulus_Arg_PISACowsMilk_10_page_6,780.1,576.8,1129.0
10441349,stimulus_Arg_PISACowsMilk_10_page_6,786.9,576.5,1129.0
10441350,stimulus_Arg_PISACowsMilk_10_page_6,793.8,576.2,1127.0
10441351,stimulus_Arg_PISACowsMilk_10_page_6,801.6,576.6,1126.0
10441352,stimulus_Arg_PISACowsMilk_10_page_6,809.7,577.3,1127.0
10441353,stimulus_Arg_PISACowsMilk_10_page_6,817.5,577.6,1128.0
10441354,stimulus_Arg_PISACowsMilk_10_page_6,824.4,576.9,1130.0
10441355,stimulus_Arg_PISACowsMilk_10_page_6,831.5,575.7,1130.0
10441356,stimulus_Arg_PISACowsMilk_10_page_6,838.5,574.5,1129.0
10441357,stimulus_Arg_PISACowsMilk_10_page_6,843.9,572.4,1127.0
10441358,stimulus_Arg_PISACowsMilk_10_page_6,848.7,570.8,1121.0
10441359,stimulus_Arg_PISACowsMilk_10_page_6,853.7,569.6,1116.0
10441360,stimulus_Arg_PISACowsMilk_10_page_6,858.6,569.7,1116.0
10441361,stimulus_Arg_PISACowsMilk_10_page_6,861.8,569.3,1118.0
10441362,stimulus_Arg_PISACowsMilk_10_page_6,863.5,568.8,1119.0
10441363,stimulus_Arg_PISACowsMilk_10_page_6,863.9,568.4,1117.0
10441364,stimulus_Arg_PISACowsMilk_10_page_6,863.7,568.5,1115.0
10441365,stimulus_Arg_PISACowsMilk_10_page_6,863.0,568.5,1113.0
10441366,stimulus_Arg_PISACowsMilk_10_page_6,862.3,568.5,1111.0
10441367,stimulus_Arg_PISACowsMilk_10_page_6,860.9,567.9,1110.0
10441368,stimulus_Arg_PISACowsMilk_10_page_6,859.1,567.3,1109.0
10441369,stimulus_Arg_PISACowsMilk_10_page_6,857.0,567.0,1108.0
10441370,stimulus_Arg_PISACowsMilk_10_page_6,855.4,567.4,1109.0
10441371,stimulus_Arg_PISACowsMilk_10_page_6,854.4,568.0,1111.0
10441372,stimulus_Arg_PISACowsMilk_10_page_6,853.6,568.6,1114.0
10441373,stimulus_Arg_PISACowsMilk_10_page_6,853.1,569.2,1117.0
10441374,stimulus_Arg_PISACowsMilk_10_page_6,852.6,569.7,1118.0
10441375,stimulus_Arg_PISACowsMilk_10_page_6,852.2,570.5,1119.0
10441376,stimulus_Arg_PISACowsMilk_10_page_6,851.3,571.3,1118.0
10441377,stimulus_Arg_PISACowsMilk_10_page_6,850.5,572.6,1118.0
10441378,stimulus_Arg_PISACowsMilk_10_page_6,850.0,573.4,1118.0
10441379,stimulus_Arg_PISACowsMilk_10_page_6,849.9,574.2,1118.0
10441380,stimulus_Arg_PISACowsMilk_10_page_6,849.9,574.1,1118.0
10441381,stimulus_Arg_PISACowsMilk_10_page_6,850.3,573.7,1117.0
10441382,stimulus_Arg_PISACowsMilk_10_page_6,850.8,573.2,1117.0
10441383,stimulus_Arg_PISACowsMilk_10_page_6,851.6,572.8,1116.0
10441384,stimulus_Arg_PISACowsMilk_10_page_6,852.3,572.8,1115.0
10441385,stimulus_Arg_PISACowsMilk_10_page_6,852.9,572.7,1115.0
10441386,stimulus_Arg_PISACowsMilk_10_page_6,853.1,572.7,1114.0
10441387,stimulus_Arg_PISACowsMilk_10_page_6,853.2,572.3,1113.0
10441388,stimulus_Arg_PISACowsMilk_10_page_6,853.4,572.0,1111.0
10441389,stimulus_Arg_PISACowsMilk_10_page_6,853.9,572.1,1111.0
10441390,stimulus_Arg_PISACowsMilk_10_page_6,854.4,572.9,1112.0
10441391,stimulus_Arg_PISACowsMilk_10_page_6,854.7,573.7,1112.0
10441392,stimulus_Arg_PISACowsMilk_10_page_6,854.7,573.8,1112.0
10441393,stimulus_Arg_PISACowsMilk_10_page_6,854.7,573.7,1111.0
10441394,stimulus_Arg_PISACowsMilk_10_page_6,854.9,573.6,1110.0
10441395,stimulus_Arg_PISACowsMilk_10_page_6,855.4,573.6,1110.0
10441396,stimulus_Arg_PISACowsMilk_10_page_6,855.9,573.7,1110.0
10441397,stimulus_Arg_PISACowsMilk_10_page_6,856.2,573.7,1110.0
10441398,stimulus_Arg_PISACowsMilk_10_page_6,856.1,573.7,1110.0
10441399,stimulus_Arg_PISACowsMilk_10_page_6,856.1,573.7,1111.0
10441400,stimulus_Arg_PISACowsMilk_10_page_6,856.3,573.4,1111.0
10441401,stimulus_Arg_PISACowsMilk_10_page_6,856.5,573.2,1110.0
10441402,stimulus_Arg_PISACowsMilk_10_page_6,856.7,572.9,1110.0
10441403,stimulus_Arg_PISACowsMilk_10_page_6,856.6,572.8,1110.0
10441404,stimulus_Arg_PISACowsMilk_10_page_6,856.5,572.8,1110.0
10441405,stimulus_Arg_PISACowsMilk_10_page_6,856.7,572.8,1111.0
10441406,stimulus_Arg_PISACowsMilk_10_page_6,856.9,572.8,1111.0
10441407,stimulus_Arg_PISACowsMilk_10_page_6,857.1,572.9,1111.0
10441408,stimulus_Arg_PISACowsMilk_10_page_6,857.2,572.9,1110.0
10441409,stimulus_Arg_PISACowsMilk_10_page_6,857.0,573.0,1109.0
10441410,stimulus_Arg_PISACowsMilk_10_page_6,856.8,572.8,1108.0
10441411,stimulus_Arg_PISACowsMilk_10_page_6,856.6,572.4,1108.0
10441412,stimulus_Arg_PISACowsMilk_10_page_6,856.6,572.1,1109.0
10441413,stimulus_Arg_PISACowsMilk_10_page_6,856.5,571.8,1109.0
10441414,stimulus_Arg_PISACowsMilk_10_page_6,856.4,572.0,1110.0
10441415,stimulus_Arg_PISACowsMilk_10_page_6,856.1,572.4,1110.0
10441416,stimulus_Arg_PISACowsMilk_10_page_6,856.0,572.8,1110.0
10441417,stimulus_Arg_PISACowsMilk_10_page_6,855.9,573.0,1109.0
10441418,stimulus_Arg_PISACowsMilk_10_page_6,855.8,573.0,1108.0
10441419,stimulus_Arg_PISACowsMilk_10_page_6,855.6,573.3,1108.0
10441420,stimulus_Arg_PISACowsMilk_10_page_6,855.5,573.7,1107.0
10441421,stimulus_Arg_PISACowsMilk_10_page_6,855.6,573.9,1107.0
10441422,stimulus_Arg_PISACowsMilk_10_page_6,855.7,574.0,1106.0
10441423,stimulus_Arg_PISACowsMilk_10_page_6,855.5,574.4,1106.0
10441424,stimulus_Arg_PISACowsMilk_10_page_6,855.3,574.7,1107.0
10441425,stimulus_Arg_PISACowsMilk_10_page_6,855.2,574.7,1107.0
10441426,stimulus_Arg_PISACowsMilk_10_page_6,855.1,574.3,1108.0
10441427,stimulus_Arg_PISACowsMilk_10_page_6,855.0,574.0,1107.0
10441428,stimulus_Arg_PISACowsMilk_10_page_6,855.0,573.9,1106.0
10441429,stimulus_Arg_PISACowsMilk_10_page_6,855.1,574.3,1106.0
10441430,stimulus_Arg_PISACowsMilk_10_page_6,855.2,574.7,1106.0
10441431,stimulus_Arg_PISACowsMilk_10_page_6,855.2,574.6,1106.0
10441432,stimulus_Arg_PISACowsMilk_10_page_6,855.3,574.1,1106.0
10441433,stimulus_Arg_PISACowsMilk_10_page_6,855.3,573.6,1106.0
10441434,stimulus_Arg_PISACowsMilk_10_page_6,855.3,573.4,1107.0
10441435,stimulus_Arg_PISACowsMilk_10_page_6,855.2,573.3,1107.0
10441436,stimulus_Arg_PISACowsMilk_10_page_6,855.2,573.4,1107.0
10441437,stimulus_Arg_PISACowsMilk_10_page_6,855.2,573.5,1107.0
10441438,stimulus_Arg_PISACowsMilk_10_page_6,855.3,573.7,1107.0
10441439,stimulus_Arg_PISACowsMilk_10_page_6,855.5,573.8,1107.0
10441440,stimulus_Arg_PISACowsMilk_10_page_6,855.5,573.9,1108.0
10441441,stimulus_Arg_PISACowsMilk_10_page_6,855.5,574.1,1108.0
10441442,stimulus_Arg_PISACowsMilk_10_page_6,855.5,574.3,1108.0
10441443,stimulus_Arg_PISACowsMilk_10_page_6,855.3,574.4,1108.0
10441444,stimulus_Arg_PISACowsMilk_10_page_6,855.2,574.4,1107.0
10441445,stimulus_Arg_PISACowsMilk_10_page_6,855.1,574.6,1105.0
10441446,stimulus_Arg_PISACowsMilk_10_page_6,855.0,574.8,1104.0
10441447,stimulus_Arg_PISACowsMilk_10_page_6,855.0,574.9,1104.0
10441448,stimulus_Arg_PISACowsMilk_10_page_6,855.0,575.0,1105.0
10441449,stimulus_Arg_PISACowsMilk_10_page_6,855.0,574.9,1106.0
10441450,stimulus_Arg_PISACowsMilk_10_page_6,854.9,574.8,1107.0
10441451,stimulus_Arg_PISACowsMilk_10_page_6,854.9,574.8,1108.0
10441452,stimulus_Arg_PISACowsMilk_10_page_6,854.9,575.2,1108.0
10441453,stimulus_Arg_PISACowsMilk_10_page_6,854.8,575.7,1108.0
10441454,stimulus_Arg_PISACowsMilk_10_page_6,854.8,576.4,1107.0
10441455,stimulus_Arg_PISACowsMilk_10_page_6,854.8,576.8,1108.0
10441456,stimulus_Arg_PISACowsMilk_10_page_6,854.8,577.1,1108.0
10441457,stimulus_Arg_PISACowsMilk_10_page_6,854.7,577.4,1108.0
10441458,stimulus_Arg_PISACowsMilk_10_page_6,854.6,577.6,1108.0
10441459,stimulus_Arg_PISACowsMilk_10_page_6,854.4,577.7,1109.0
10441460,stimulus_Arg_PISACowsMilk_10_page_6,854.3,577.6,1109.0
10441461,stimulus_Arg_PISACowsMilk_10_page_6,854.3,577.7,1108.0
10441462,stimulus_Arg_PISACowsMilk_10_page_6,854.3,577.8,1108.0
10441463,stimulus_Arg_PISACowsMilk_10_page_6,854.4,578.0,1107.0
10441464,stimulus_Arg_PISACowsMilk_10_page_6,854.5,577.8,1107.0
10441465,stimulus_Arg_PISACowsMilk_10_page_6,854.3,577.6,1106.0
10441466,stimulus_Arg_PISACowsMilk_10_page_6,854.1,576.9,1106.0
10441467,stimulus_Arg_PISACowsMilk_10_page_6,853.8,576.5,1106.0
10441468,stimulus_Arg_PISACowsMilk_10_page_6,853.9,576.3,1106.0
10441469,stimulus_Arg_PISACowsMilk_10_page_6,853.9,576.4,1105.0
10441470,stimulus_Arg_PISACowsMilk_10_page_6,854.1,576.5,1105.0
10441471,stimulus_Arg_PISACowsMilk_10_page_6,854.3,576.5,1104.0
10441472,stimulus_Arg_PISACowsMilk_10_page_6,854.4,576.5,1104.0
10441473,stimulus_Arg_PISACowsMilk_10_page_6,854.4,576.4,1104.0
10441474,stimulus_Arg_PISACowsMilk_10_page_6,854.6,576.6,1105.0
10441475,stimulus_Arg_PISACowsMilk_10_page_6,855.0,576.7,1105.0
10441476,stimulus_Arg_PISACowsMilk_10_page_6,855.5,576.7,1105.0
10441477,stimulus_Arg_PISACowsMilk_10_page_6,855.7,576.6,1105.0
10441478,stimulus_Arg_PISACowsMilk_10_page_6,855.8,576.4,1105.0
10441479,stimulus_Arg_PISACowsMilk_10_page_6,855.8,576.1,1105.0
10441480,stimulus_Arg_PISACowsMilk_10_page_6,855.8,575.7,1105.0
10441481,stimulus_Arg_PISACowsMilk_10_page_6,855.7,575.4,1105.0
10441482,stimulus_Arg_PISACowsMilk_10_page_6,855.6,575.5,1105.0
10441483,stimulus_Arg_PISACowsMilk_10_page_6,855.6,575.6,1105.0
10441484,stimulus_Arg_PISACowsMilk_10_page_6,855.7,575.7,1105.0
10441485,stimulus_Arg_PISACowsMilk_10_page_6,855.8,576.1,1105.0
10441486,stimulus_Arg_PISACowsMilk_10_page_6,855.9,576.4,1105.0
10441487,stimulus_Arg_PISACowsMilk_10_page_6,855.9,576.6,1106.0
10441488,stimulus_Arg_PISACowsMilk_10_page_6,856.0,576.6,1106.0
10441489,stimulus_Arg_PISACowsMilk_10_page_6,855.9,576.6,1106.0
10441490,stimulus_Arg_PISACowsMilk_10_page_6,855.9,576.5,1107.0
10441491,stimulus_Arg_PISACowsMilk_10_page_6,856.1,576.5,1107.0
10441492,stimulus_Arg_PISACowsMilk_10_page_6,856.2,576.8,1107.0
10441493,stimulus_Arg_PISACowsMilk_10_page_6,856.3,577.1,1106.0
10441494,stimulus_Arg_PISACowsMilk_10_page_6,856.3,577.5,1106.0
10441495,stimulus_Arg_PISACowsMilk_10_page_6,856.3,577.5,1106.0
10441496,stimulus_Arg_PISACowsMilk_10_page_6,856.3,577.5,1106.0
10441497,stimulus_Arg_PISACowsMilk_10_page_6,856.3,577.6,1106.0
10441498,stimulus_Arg_PISACowsMilk_10_page_6,856.3,577.8,1106.0
10441499,stimulus_Arg_PISACowsMilk_10_page_6,856.4,578.0,1106.0
10441500,stimulus_Arg_PISACowsMilk_10_page_6,856.4,577.9,1106.0
10441501,stimulus_Arg_PISACowsMilk_10_page_6,856.4,577.9,1106.0
10441502,stimulus_Arg_PISACowsMilk_10_page_6,856.3,578.0,1106.0
10441503,stimulus_Arg_PISACowsMilk_10_page_6,856.6,578.1,1106.0
10441504,stimulus_Arg_PISACowsMilk_10_page_6,857.0,578.0,1105.0
10441505,stimulus_Arg_PISACowsMilk_10_page_6,857.1,577.9,1105.0
10441506,stimulus_Arg_PISACowsMilk_10_page_6,856.8,577.8,1104.0
10441507,stimulus_Arg_PISACowsMilk_10_page_6,856.3,577.8,1104.0
10441508,stimulus_Arg_PISACowsMilk_10_page_6,856.2,577.9,1103.0
10441509,stimulus_Arg_PISACowsMilk_10_page_6,856.2,577.9,1102.0
10441510,stimulus_Arg_PISACowsMilk_10_page_6,856.1,577.8,1102.0
10441511,stimulus_Arg_PISACowsMilk_10_page_6,856.1,577.6,1102.0
10441512,stimulus_Arg_PISACowsMilk_10_page_6,856.0,577.9,1103.0
10441513,stimulus_Arg_PISACowsMilk_10_page_6,856.0,578.3,1103.0
10441514,stimulus_Arg_PISACowsMilk_10_page_6,856.0,578.9,1104.0
10441515,stimulus_Arg_PISACowsMilk_10_page_6,856.4,579.5,1104.0
10441516,stimulus_Arg_PISACowsMilk_10_page_6,856.7,580.1,1105.0
10441517,stimulus_Arg_PISACowsMilk_10_page_6,856.9,580.3,1105.0
10441518,stimulus_Arg_PISACowsMilk_10_page_6,856.6,579.7,1106.0
10441519,stimulus_Arg_PISACowsMilk_10_page_6,856.2,579.0,1105.0
10441520,stimulus_Arg_PISACowsMilk_10_page_6,856.0,578.7,1105.0
10441521,stimulus_Arg_PISACowsMilk_10_page_6,855.7,579.1,1105.0
10441522,stimulus_Arg_PISACowsMilk_10_page_6,855.6,579.4,1105.0
10441523,stimulus_Arg_PISACowsMilk_10_page_6,855.5,579.5,1105.0
10441524,stimulus_Arg_PISACowsMilk_10_page_6,855.7,579.4,1105.0
10441525,stimulus_Arg_PISACowsMilk_10_page_6,856.2,579.3,1105.0
10441526,stimulus_Arg_PISACowsMilk_10_page_6,856.8,579.3,1105.0
10441527,stimulus_Arg_PISACowsMilk_10_page_6,857.2,579.2,1105.0
10441528,stimulus_Arg_PISACowsMilk_10_page_6,857.3,579.1,1105.0
10441529,stimulus_Arg_PISACowsMilk_10_page_6,857.2,579.1,1105.0
10441530,stimulus_Arg_PISACowsMilk_10_page_6,857.2,579.2,1105.0
10441531,stimulus_Arg_PISACowsMilk_10_page_6,857.2,579.3,1105.0
10441532,stimulus_Arg_PISACowsMilk_10_page_6,857.1,579.2,1105.0
10441533,stimulus_Arg_PISACowsMilk_10_page_6,857.0,579.9,1105.0
10441534,stimulus_Arg_PISACowsMilk_10_page_6,856.7,580.7,1105.0
10441535,stimulus_Arg_PISACowsMilk_10_page_6,856.3,581.2,1106.0
10441536,stimulus_Arg_PISACowsMilk_10_page_6,855.9,580.7,1106.0
10441537,stimulus_Arg_PISACowsMilk_10_page_6,855.7,580.2,1106.0
10441538,stimulus_Arg_PISACowsMilk_10_page_6,855.7,580.0,1106.0
10441539,stimulus_Arg_PISACowsMilk_10_page_6,855.8,580.0,1107.0
10441540,stimulus_Arg_PISACowsMilk_10_page_6,855.9,580.0,1107.0
10441541,stimulus_Arg_PISACowsMilk_10_page_6,856.2,579.9,1106.0
10441542,stimulus_Arg_PISACowsMilk_10_page_6,856.5,580.0,1105.0
10441543,stimulus_Arg_PISACowsMilk_10_page_6,856.8,580.0,1105.0
10441544,stimulus_Arg_PISACowsMilk_10_page_6,856.8,580.0,1105.0
10441545,stimulus_Arg_PISACowsMilk_10_page_6,856.6,579.9,1105.0
10441546,stimulus_Arg_PISACowsMilk_10_page_6,856.5,580.5,1105.0
10441547,stimulus_Arg_PISACowsMilk_10_page_6,856.6,581.1,1106.0
10441548,stimulus_Arg_PISACowsMilk_10_page_6,856.6,581.9,1106.0
10441549,stimulus_Arg_PISACowsMilk_10_page_6,856.6,582.0,1106.0
10441550,stimulus_Arg_PISACowsMilk_10_page_6,856.6,582.0,1106.0
10441551,stimulus_Arg_PISACowsMilk_10_page_6,856.7,581.9,1106.0
10441552,stimulus_Arg_PISACowsMilk_10_page_6,856.8,581.8,1106.0
10441553,stimulus_Arg_PISACowsMilk_10_page_6,856.8,581.8,1105.0
10441554,stimulus_Arg_PISACowsMilk_10_page_6,856.8,581.7,1105.0
10441555,stimulus_Arg_PISACowsMilk_10_page_6,856.5,581.3,1105.0
10441556,stimulus_Arg_PISACowsMilk_10_page_6,856.4,580.8,1106.0
10441557,stimulus_Arg_PISACowsMilk_10_page_6,856.2,580.3,1106.0
10441558,stimulus_Arg_PISACowsMilk_10_page_6,856.3,580.2,1106.0
10441559,stimulus_Arg_PISACowsMilk_10_page_6,856.3,580.2,1105.0
10441560,stimulus_Arg_PISACowsMilk_10_page_6,856.4,580.2,1105.0
10441561,stimulus_Arg_PISACowsMilk_10_page_6,856.5,580.4,1106.0
10441562,stimulus_Arg_PISACowsMilk_10_page_6,856.5,580.6,1108.0
10441563,stimulus_Arg_PISACowsMilk_10_page_6,856.5,580.9,1108.0
10441564,stimulus_Arg_PISACowsMilk_10_page_6,856.4,580.9,1106.0
10441565,stimulus_Arg_PISACowsMilk_10_page_6,856.3,581.0,1105.0
10441566,stimulus_Arg_PISACowsMilk_10_page_6,856.4,581.1,1106.0
10441567,stimulus_Arg_PISACowsMilk_10_page_6,856.5,581.2,1107.0
10441568,stimulus_Arg_PISACowsMilk_10_page_6,856.6,581.2,1107.0
10441569,stimulus_Arg_PISACowsMilk_10_page_6,856.6,581.2,1107.0
10441570,stimulus_Arg_PISACowsMilk_10_page_6,856.5,581.1,1108.0
10441571,stimulus_Arg_PISACowsMilk_10_page_6,856.3,581.4,1108.0
10441572,stimulus_Arg_PISACowsMilk_10_page_6,856.3,581.6,1109.0
10441573,stimulus_Arg_PISACowsMilk_10_page_6,856.4,581.7,1107.0
10441574,stimulus_Arg_PISACowsMilk_10_page_6,856.5,581.5,1106.0
10441575,stimulus_Arg_PISACowsMilk_10_page_6,856.5,581.3,1105.0
10441576,stimulus_Arg_PISACowsMilk_10_page_6,856.4,581.2,1105.0
10441577,stimulus_Arg_PISACowsMilk_10_page_6,856.4,581.1,1105.0
10441578,stimulus_Arg_PISACowsMilk_10_page_6,856.4,581.0,1106.0
10441579,stimulus_Arg_PISACowsMilk_10_page_6,856.6,581.1,1108.0
10441580,stimulus_Arg_PISACowsMilk_10_page_6,856.6,581.6,1110.0
10441581,stimulus_Arg_PISACowsMilk_10_page_6,856.5,582.0,1111.0
10441582,stimulus_Arg_PISACowsMilk_10_page_6,856.5,582.4,1111.0
10441583,stimulus_Arg_PISACowsMilk_10_page_6,856.6,582.2,1111.0
10441584,stimulus_Arg_PISACowsMilk_10_page_6,856.6,582.0,1108.0
10441585,stimulus_Arg_PISACowsMilk_10_page_6,856.7,581.7,1106.0
10441586,stimulus_Arg_PISACowsMilk_10_page_6,856.4,581.4,1104.0
10441587,stimulus_Arg_PISACowsMilk_10_page_6,856.2,581.0,1104.0
10441588,stimulus_Arg_PISACowsMilk_10_page_6,856.0,580.9,1105.0
10441589,stimulus_Arg_PISACowsMilk_10_page_6,856.2,580.8,1105.0
10441590,stimulus_Arg_PISACowsMilk_10_page_6,856.3,580.8,1105.0
10441591,stimulus_Arg_PISACowsMilk_10_page_6,856.4,580.7,1105.0
10441592,stimulus_Arg_PISACowsMilk_10_page_6,856.5,580.7,1104.0
10441593,stimulus_Arg_PISACowsMilk_10_page_6,856.5,580.7,1103.0
10441594,stimulus_Arg_PISACowsMilk_10_page_6,856.5,580.7,1103.0
10441595,stimulus_Arg_PISACowsMilk_10_page_6,856.3,580.7,1104.0
10441596,stimulus_Arg_PISACowsMilk_10_page_6,856.1,580.7,1105.0
10441597,stimulus_Arg_PISACowsMilk_10_page_6,855.9,581.0,1105.0
10441598,stimulus_Arg_PISACowsMilk_10_page_6,855.9,581.3,1105.0
10441599,stimulus_Arg_PISACowsMilk_10_page_6,856.1,581.4,1105.0
10441600,stimulus_Arg_PISACowsMilk_10_page_6,856.4,581.1,1104.0
10441601,stimulus_Arg_PISACowsMilk_10_page_6,856.4,580.9,1104.0
10441602,stimulus_Arg_PISACowsMilk_10_page_6,856.3,581.0,1103.0
10441603,stimulus_Arg_PISACowsMilk_10_page_6,856.2,581.1,1102.0
10441604,stimulus_Arg_PISACowsMilk_10_page_6,856.2,581.3,1101.0
10441605,stimulus_Arg_PISACowsMilk_10_page_6,856.3,581.4,1101.0
10441606,stimulus_Arg_PISACowsMilk_10_page_6,856.5,581.4,1101.0
10441607,stimulus_Arg_PISACowsMilk_10_page_6,856.5,581.4,1100.0
10441608,stimulus_Arg_PISACowsMilk_10_page_6,856.6,581.0,1100.0
10441609,stimulus_Arg_PISACowsMilk_10_page_6,856.7,580.7,1100.0
10441610,stimulus_Arg_PISACowsMilk_10_page_6,856.4,580.3,1100.0
10441611,stimulus_Arg_PISACowsMilk_10_page_6,856.1,580.3,1100.0
10441612,stimulus_Arg_PISACowsMilk_10_page_6,855.7,580.3,1100.0
10441613,stimulus_Arg_PISACowsMilk_10_page_6,855.7,580.6,1100.0
10441614,stimulus_Arg_PISACowsMilk_10_page_6,855.9,580.9,1100.0
10441615,stimulus_Arg_PISACowsMilk_10_page_6,856.2,580.9,1100.0
10441616,stimulus_Arg_PISACowsMilk_10_page_6,856.5,580.9,1100.0
10441617,stimulus_Arg_PISACowsMilk_10_page_6,856.5,580.9,1100.0
10441618,stimulus_Arg_PISACowsMilk_10_page_6,856.5,581.0,1100.0
10441619,stimulus_Arg_PISACowsMilk_10_page_6,856.6,581.1,1101.0
10441620,stimulus_Arg_PISACowsMilk_10_page_6,856.7,580.9,1100.0
10441621,stimulus_Arg_PISACowsMilk_10_page_6,856.5,580.7,1100.0
10441622,stimulus_Arg_PISACowsMilk_10_page_6,856.3,580.5,1099.0
10441623,stimulus_Arg_PISACowsMilk_10_page_6,856.0,580.5,1099.0
10441624,stimulus_Arg_PISACowsMilk_10_page_6,856.0,580.5,1099.0
10441625,stimulus_Arg_PISACowsMilk_10_page_6,856.0,580.3,1099.0
10441626,stimulus_Arg_PISACowsMilk_10_page_6,856.2,579.9,1100.0
10441627,stimulus_Arg_PISACowsMilk_10_page_6,856.5,579.4,1100.0
10441628,stimulus_Arg_PISACowsMilk_10_page_6,856.9,579.1,1100.0
10441629,stimulus_Arg_PISACowsMilk_10_page_6,857.2,579.2,1100.0
10441630,stimulus_Arg_PISACowsMilk_10_page_6,857.9,579.8,1100.0
10441631,stimulus_Arg_PISACowsMilk_10_page_6,859.1,580.9,1100.0
10441632,stimulus_Arg_PISACowsMilk_10_page_6,861.0,581.7,1101.0
10441633,stimulus_Arg_PISACowsMilk_10_page_6,863.4,582.3,1101.0
10441634,stimulus_Arg_PISACowsMilk_10_page_6,866.9,583.0,1102.0
10441635,stimulus_Arg_PISACowsMilk_10_page_6,870.7,583.7,1103.0
10441636,stimulus_Arg_PISACowsMilk_10_page_6,874.7,583.8,1103.0
10441637,stimulus_Arg_PISACowsMilk_10_page_6,877.8,583.3,1103.0
10441638,stimulus_Arg_PISACowsMilk_10_page_6,880.5,582.9,1103.0
10441639,stimulus_Arg_PISACowsMilk_10_page_6,882.4,582.7,1101.0
10441640,stimulus_Arg_PISACowsMilk_10_page_6,884.2,582.7,1100.0
10441641,stimulus_Arg_PISACowsMilk_10_page_6,885.4,582.7,1099.0
10441642,stimulus_Arg_PISACowsMilk_10_page_6,886.1,582.6,1099.0
10441643,stimulus_Arg_PISACowsMilk_10_page_6,886.1,582.6,1099.0
10441644,stimulus_Arg_PISACowsMilk_10_page_6,885.4,582.5,1098.0
10441645,stimulus_Arg_PISACowsMilk_10_page_6,884.3,582.5,1098.0
10441646,stimulus_Arg_PISACowsMilk_10_page_6,882.1,582.5,1097.0
10441647,stimulus_Arg_PISACowsMilk_10_page_6,880.0,582.5,1096.0
10441648,stimulus_Arg_PISACowsMilk_10_page_6,878.0,582.4,1095.0
10441649,stimulus_Arg_PISACowsMilk_10_page_6,876.5,582.3,1096.0
10441650,stimulus_Arg_PISACowsMilk_10_page_6,875.2,582.4,1099.0
10441651,stimulus_Arg_PISACowsMilk_10_page_6,874.3,582.8,1100.0
10441652,stimulus_Arg_PISACowsMilk_10_page_6,874.0,583.4,1101.0
10441653,stimulus_Arg_PISACowsMilk_10_page_6,873.9,583.7,1101.0
10441654,stimulus_Arg_PISACowsMilk_10_page_6,873.9,583.9,1101.0
10441655,stimulus_Arg_PISACowsMilk_10_page_6,873.8,583.9,1100.0
10441656,stimulus_Arg_PISACowsMilk_10_page_6,873.8,584.0,1100.0
10441657,stimulus_Arg_PISACowsMilk_10_page_6,874.2,584.1,1100.0
10441658,stimulus_Arg_PISACowsMilk_10_page_6,874.6,584.1,1100.0
10441659,stimulus_Arg_PISACowsMilk_10_page_6,874.9,583.9,1099.0
10441660,stimulus_Arg_PISACowsMilk_10_page_6,874.8,583.7,1098.0
10441661,stimulus_Arg_PISACowsMilk_10_page_6,874.7,583.5,1097.0
10441662,stimulus_Arg_PISACowsMilk_10_page_6,874.8,583.6,1097.0
10441663,stimulus_Arg_PISACowsMilk_10_page_6,875.0,583.7,1097.0
10441664,stimulus_Arg_PISACowsMilk_10_page_6,875.3,583.8,1097.0
10441665,stimulus_Arg_PISACowsMilk_10_page_6,875.6,583.9,1096.0
10441666,stimulus_Arg_PISACowsMilk_10_page_6,875.8,583.8,1096.0
10441667,stimulus_Arg_PISACowsMilk_10_page_6,875.8,583.7,1095.0
10441668,stimulus_Arg_PISACowsMilk_10_page_6,875.9,583.5,1094.0
10441669,stimulus_Arg_PISACowsMilk_10_page_6,876.0,583.6,1093.0
10441670,stimulus_Arg_PISACowsMilk_10_page_6,876.0,583.6,1093.0
10441671,stimulus_Arg_PISACowsMilk_10_page_6,876.0,583.6,1094.0
10441672,stimulus_Arg_PISACowsMilk_10_page_6,876.0,583.5,1093.0
10441673,stimulus_Arg_PISACowsMilk_10_page_6,876.1,583.4,1093.0
10441674,stimulus_Arg_PISACowsMilk_10_page_6,876.3,583.4,1092.0
10441675,stimulus_Arg_PISACowsMilk_10_page_6,876.5,583.5,1091.0
10441676,stimulus_Arg_PISACowsMilk_10_page_6,876.4,583.7,1090.0
10441677,stimulus_Arg_PISACowsMilk_10_page_6,876.4,583.3,1089.0
10441678,stimulus_Arg_PISACowsMilk_10_page_6,876.3,582.8,1088.0
10441679,stimulus_Arg_PISACowsMilk_10_page_6,876.2,582.2,1087.0
10441680,stimulus_Arg_PISACowsMilk_10_page_6,876.1,582.1,1087.0
10441681,stimulus_Arg_PISACowsMilk_10_page_6,876.1,582.1,1086.0
10441682,stimulus_Arg_PISACowsMilk_10_page_6,876.0,582.2,1085.0
10441683,stimulus_Arg_PISACowsMilk_10_page_6,876.0,582.0,1084.0
10441684,stimulus_Arg_PISACowsMilk_10_page_6,875.9,581.8,1084.0
10441685,stimulus_Arg_PISACowsMilk_10_page_6,875.8,581.6,1085.0
10441686,stimulus_Arg_PISACowsMilk_10_page_6,875.8,581.6,1085.0
10441687,stimulus_Arg_PISACowsMilk_10_page_6,875.9,581.2,1085.0
10441688,stimulus_Arg_PISACowsMilk_10_page_6,876.0,580.9,1086.0
10441689,stimulus_Arg_PISACowsMilk_10_page_6,876.0,580.9,1088.0
10441690,stimulus_Arg_PISACowsMilk_10_page_6,876.0,581.4,1089.0
10441691,stimulus_Arg_PISACowsMilk_10_page_6,876.0,581.9,1091.0
10441692,stimulus_Arg_PISACowsMilk_10_page_6,876.1,582.0,1089.0
10441693,stimulus_Arg_PISACowsMilk_10_page_6,876.3,581.7,1087.0
10441694,stimulus_Arg_PISACowsMilk_10_page_6,876.4,581.4,1085.0
10441695,stimulus_Arg_PISACowsMilk_10_page_6,876.5,581.2,1085.0
10441696,stimulus_Arg_PISACowsMilk_10_page_6,876.4,581.2,1085.0
10441697,stimulus_Arg_PISACowsMilk_10_page_6,876.4,581.2,1086.0
10441698,stimulus_Arg_PISACowsMilk_10_page_6,876.4,581.1,1085.0
10441699,stimulus_Arg_PISACowsMilk_10_page_6,876.5,581.1,1085.0
10441700,stimulus_Arg_PISACowsMilk_10_page_6,876.5,581.1,1085.0
10441701,stimulus_Arg_PISACowsMilk_10_page_6,876.5,581.2,1085.0
10441702,stimulus_Arg_PISACowsMilk_10_page_6,876.5,581.6,1085.0
10441703,stimulus_Arg_PISACowsMilk_10_page_6,876.5,581.9,1085.0
10441704,stimulus_Arg_PISACowsMilk_10_page_6,876.7,582.2,1086.0
10441705,stimulus_Arg_PISACowsMilk_10_page_6,877.0,581.9,1086.0
10441706,stimulus_Arg_PISACowsMilk_10_page_6,877.2,581.7,1087.0
10441707,stimulus_Arg_PISACowsMilk_10_page_6,877.2,581.5,1087.0
10441708,stimulus_Arg_PISACowsMilk_10_page_6,877.2,581.6,1087.0
10441709,stimulus_Arg_PISACowsMilk_10_page_6,877.1,581.7,1087.0
10441710,stimulus_Arg_PISACowsMilk_10_page_6,876.9,582.0,1087.0
10441711,stimulus_Arg_PISACowsMilk_10_page_6,876.8,582.3,1087.0
10441712,stimulus_Arg_PISACowsMilk_10_page_6,876.7,582.6,1088.0
10441713,stimulus_Arg_PISACowsMilk_10_page_6,876.9,582.7,1088.0
10441714,stimulus_Arg_PISACowsMilk_10_page_6,877.2,582.9,1088.0
10441715,stimulus_Arg_PISACowsMilk_10_page_6,877.2,582.9,1088.0
10441716,stimulus_Arg_PISACowsMilk_10_page_6,877.0,582.8,1088.0
10441717,stimulus_Arg_PISACowsMilk_10_page_6,876.8,582.6,1087.0
10441718,stimulus_Arg_PISACowsMilk_10_page_6,876.8,582.6,1087.0
10441719,stimulus_Arg_PISACowsMilk_10_page_6,876.8,582.6,1087.0
10441720,stimulus_Arg_PISACowsMilk_10_page_6,876.9,582.6,1087.0
10441721,stimulus_Arg_PISACowsMilk_10_page_6,876.9,582.6,1088.0
10441722,stimulus_Arg_PISACowsMilk_10_page_6,877.1,582.6,1088.0
10441723,stimulus_Arg_PISACowsMilk_10_page_6,877.1,582.5,1088.0
10441724,stimulus_Arg_PISACowsMilk_10_page_6,877.2,582.4,1088.0
10441725,stimulus_Arg_PISACowsMilk_10_page_6,877.2,582.2,1086.0
10441726,stimulus_Arg_PISACowsMilk_10_page_6,877.2,582.1,1085.0
10441727,stimulus_Arg_PISACowsMilk_10_page_6,877.2,582.1,1085.0
10441728,stimulus_Arg_PISACowsMilk_10_page_6,877.2,582.1,1085.0
10441729,stimulus_Arg_PISACowsMilk_10_page_6,877.2,582.1,1086.0
10441730,stimulus_Arg_PISACowsMilk_10_page_6,877.3,582.3,1087.0
10441731,stimulus_Arg_PISACowsMilk_10_page_6,877.0,582.6,1088.0
10441732,stimulus_Arg_PISACowsMilk_10_page_6,876.8,582.5,1088.0
10441733,stimulus_Arg_PISACowsMilk_10_page_6,876.6,582.2,1088.0
10441734,stimulus_Arg_PISACowsMilk_10_page_6,876.5,582.0,1088.0
10441735,stimulus_Arg_PISACowsMilk_10_page_6,876.4,582.2,1087.0
10441736,stimulus_Arg_PISACowsMilk_10_page_6,876.3,582.3,1087.0
10441737,stimulus_Arg_PISACowsMilk_10_page_6,876.3,582.3,1087.0
10441738,stimulus_Arg_PISACowsMilk_10_page_6,876.5,582.2,1087.0
10441739,stimulus_Arg_PISACowsMilk_10_page_6,876.8,582.2,1087.0
10441740,stimulus_Arg_PISACowsMilk_10_page_6,877.1,582.1,1087.0
10441741,stimulus_Arg_PISACowsMilk_10_page_6,877.3,582.1,1087.0
10441742,stimulus_Arg_PISACowsMilk_10_page_6,877.3,582.0,1087.0
10441743,stimulus_Arg_PISACowsMilk_10_page_6,877.4,581.8,1087.0
10441744,stimulus_Arg_PISACowsMilk_10_page_6,877.4,581.6,1087.0
10441745,stimulus_Arg_PISACowsMilk_10_page_6,877.1,581.3,1087.0
10441746,stimulus_Arg_PISACowsMilk_10_page_6,876.7,581.1,1087.0
10441747,stimulus_Arg_PISACowsMilk_10_page_6,876.4,580.9,1086.0
10441748,stimulus_Arg_PISACowsMilk_10_page_6,876.4,580.4,1086.0
10441749,stimulus_Arg_PISACowsMilk_10_page_6,876.5,579.7,1085.0
10441750,stimulus_Arg_PISACowsMilk_10_page_6,876.6,578.5,1086.0
10441751,stimulus_Arg_PISACowsMilk_10_page_6,876.7,577.7,1086.0
10441752,stimulus_Arg_PISACowsMilk_10_page_6,876.8,577.4,1086.0
10441753,stimulus_Arg_PISACowsMilk_10_page_6,876.7,578.1,1086.0
10441754,stimulus_Arg_PISACowsMilk_10_page_6,876.5,578.8,1085.0
10441755,stimulus_Arg_PISACowsMilk_10_page_6,876.5,579.4,1085.0
10441756,stimulus_Arg_PISACowsMilk_10_page_6,876.7,579.4,1084.0
10441757,stimulus_Arg_PISACowsMilk_10_page_6,876.8,579.1,1084.0
10441758,stimulus_Arg_PISACowsMilk_10_page_6,876.6,578.4,1084.0
10441759,stimulus_Arg_PISACowsMilk_10_page_6,876.3,577.8,1084.0
10441760,stimulus_Arg_PISACowsMilk_10_page_6,876.3,577.8,1084.0
10441761,stimulus_Arg_PISACowsMilk_10_page_6,876.5,578.1,1084.0
10441762,stimulus_Arg_PISACowsMilk_10_page_6,876.7,578.2,1084.0
10441763,stimulus_Arg_PISACowsMilk_10_page_6,876.6,578.0,1084.0
10441764,stimulus_Arg_PISACowsMilk_10_page_6,876.6,577.8,1084.0
10441765,stimulus_Arg_PISACowsMilk_10_page_6,876.9,578.0,1084.0
10441766,stimulus_Arg_PISACowsMilk_10_page_6,877.2,577.9,1085.0
10441767,stimulus_Arg_PISACowsMilk_10_page_6,877.6,577.8,1086.0
10441768,stimulus_Arg_PISACowsMilk_10_page_6,877.1,577.6,1086.0
10441769,stimulus_Arg_PISACowsMilk_10_page_6,876.6,577.6,1085.0
10441770,stimulus_Arg_PISACowsMilk_10_page_6,876.6,577.7,1084.0
10441771,stimulus_Arg_PISACowsMilk_10_page_6,876.9,577.7,1084.0
10441772,stimulus_Arg_PISACowsMilk_10_page_6,877.3,577.8,1084.0
10441773,stimulus_Arg_PISACowsMilk_10_page_6,877.3,577.8,1086.0
10441774,stimulus_Arg_PISACowsMilk_10_page_6,877.2,577.4,1087.0
10441775,stimulus_Arg_PISACowsMilk_10_page_6,877.2,577.1,1087.0
10441776,stimulus_Arg_PISACowsMilk_10_page_6,877.3,576.7,1086.0
10441777,stimulus_Arg_PISACowsMilk_10_page_6,877.3,576.7,1086.0
10441778,stimulus_Arg_PISACowsMilk_10_page_6,877.3,576.8,1085.0
10441779,stimulus_Arg_PISACowsMilk_10_page_6,877.3,576.8,1085.0
10441780,stimulus_Arg_PISACowsMilk_10_page_6,877.2,576.8,1084.0
10441781,stimulus_Arg_PISACowsMilk_10_page_6,877.1,576.6,1084.0
10441782,stimulus_Arg_PISACowsMilk_10_page_6,877.1,576.5,1083.0
10441783,stimulus_Arg_PISACowsMilk_10_page_6,877.1,576.5,1083.0
10441784,stimulus_Arg_PISACowsMilk_10_page_6,877.2,576.4,1084.0
10441785,stimulus_Arg_PISACowsMilk_10_page_6,877.2,576.4,1085.0
10441786,stimulus_Arg_PISACowsMilk_10_page_6,877.3,576.3,1086.0
10441787,stimulus_Arg_PISACowsMilk_10_page_6,877.3,576.0,1086.0
10441788,stimulus_Arg_PISACowsMilk_10_page_6,877.5,575.8,1086.0
10441789,stimulus_Arg_PISACowsMilk_10_page_6,877.7,575.7,1085.0
10441790,stimulus_Arg_PISACowsMilk_10_page_6,877.6,575.9,1086.0
10441791,stimulus_Arg_PISACowsMilk_10_page_6,877.3,576.1,1086.0
10441792,stimulus_Arg_PISACowsMilk_10_page_6,877.0,576.0,1085.0
10441793,stimulus_Arg_PISACowsMilk_10_page_6,876.9,576.1,1085.0
10441794,stimulus_Arg_PISACowsMilk_10_page_6,877.2,576.2,1085.0
10441795,stimulus_Arg_PISACowsMilk_10_page_6,877.4,576.6,1086.0
10441796,stimulus_Arg_PISACowsMilk_10_page_6,877.5,576.9,1085.0
10441797,stimulus_Arg_PISACowsMilk_10_page_6,877.4,576.8,1085.0
10441798,stimulus_Arg_PISACowsMilk_10_page_6,877.4,576.5,1085.0
10441799,stimulus_Arg_PISACowsMilk_10_page_6,877.4,576.6,1085.0
10441800,stimulus_Arg_PISACowsMilk_10_page_6,877.4,577.0,1085.0
10441801,stimulus_Arg_PISACowsMilk_10_page_6,877.3,577.3,1086.0
10441802,stimulus_Arg_PISACowsMilk_10_page_6,877.2,577.1,1085.0
10441803,stimulus_Arg_PISACowsMilk_10_page_6,877.0,576.9,1085.0
10441804,stimulus_Arg_PISACowsMilk_10_page_6,876.9,576.7,1084.0
10441805,stimulus_Arg_PISACowsMilk_10_page_6,877.2,576.5,1084.0
10441806,stimulus_Arg_PISACowsMilk_10_page_6,877.5,576.5,1083.0
10441807,stimulus_Arg_PISACowsMilk_10_page_6,877.8,576.4,1083.0
10441808,stimulus_Arg_PISACowsMilk_10_page_6,877.8,576.3,1084.0
10441809,stimulus_Arg_PISACowsMilk_10_page_6,877.6,576.2,1085.0
10441810,stimulus_Arg_PISACowsMilk_10_page_6,877.5,576.0,1086.0
10441811,stimulus_Arg_PISACowsMilk_10_page_6,877.4,575.8,1086.0
10441812,stimulus_Arg_PISACowsMilk_10_page_6,877.4,575.7,1085.0
10441813,stimulus_Arg_PISACowsMilk_10_page_6,877.3,575.9,1084.0
10441814,stimulus_Arg_PISACowsMilk_10_page_6,877.2,575.9,1084.0
10441815,stimulus_Arg_PISACowsMilk_10_page_6,877.1,575.9,1083.0
10441816,stimulus_Arg_PISACowsMilk_10_page_6,877.0,575.8,1083.0
10441817,stimulus_Arg_PISACowsMilk_10_page_6,877.1,575.7,1083.0
10441818,stimulus_Arg_PISACowsMilk_10_page_6,877.5,575.8,1083.0
10441819,stimulus_Arg_PISACowsMilk_10_page_6,877.9,575.8,1084.0
10441820,stimulus_Arg_PISACowsMilk_10_page_6,878.1,575.8,1084.0
10441821,stimulus_Arg_PISACowsMilk_10_page_6,877.9,575.6,1083.0
10441822,stimulus_Arg_PISACowsMilk_10_page_6,877.9,575.4,1083.0
10441823,stimulus_Arg_PISACowsMilk_10_page_6,878.0,575.7,1084.0
10441824,stimulus_Arg_PISACowsMilk_10_page_6,878.2,576.2,1086.0
10441825,stimulus_Arg_PISACowsMilk_10_page_6,878.3,576.6,1087.0
10441826,stimulus_Arg_PISACowsMilk_10_page_6,878.3,576.5,1087.0
10441827,stimulus_Arg_PISACowsMilk_10_page_6,878.3,576.3,1088.0
10441828,stimulus_Arg_PISACowsMilk_10_page_6,878.1,576.2,1089.0
10441829,stimulus_Arg_PISACowsMilk_10_page_6,877.9,576.3,1089.0
10441830,stimulus_Arg_PISACowsMilk_10_page_6,877.7,576.6,1089.0
10441831,stimulus_Arg_PISACowsMilk_10_page_6,877.7,576.5,1089.0
10441832,stimulus_Arg_PISACowsMilk_10_page_6,877.9,576.1,1088.0
10441833,stimulus_Arg_PISACowsMilk_10_page_6,878.1,575.7,1088.0
10441834,stimulus_Arg_PISACowsMilk_10_page_6,878.3,575.7,1088.0
10441835,stimulus_Arg_PISACowsMilk_10_page_6,878.2,575.7,1087.0
10441836,stimulus_Arg_PISACowsMilk_10_page_6,878.1,575.8,1085.0
10441837,stimulus_Arg_PISACowsMilk_10_page_6,878.2,576.0,1084.0
10441838,stimulus_Arg_PISACowsMilk_10_page_6,878.3,576.2,1084.0
10441839,stimulus_Arg_PISACowsMilk_10_page_6,878.5,576.5,1084.0
10441840,stimulus_Arg_PISACowsMilk_10_page_6,878.4,576.6,1084.0
10441841,stimulus_Arg_PISACowsMilk_10_page_6,878.1,576.7,1084.0
10441842,stimulus_Arg_PISACowsMilk_10_page_6,877.8,576.6,1084.0
10441843,stimulus_Arg_PISACowsMilk_10_page_6,877.5,576.2,1085.0
10441844,stimulus_Arg_PISACowsMilk_10_page_6,877.5,576.1,1086.0
10441845,stimulus_Arg_PISACowsMilk_10_page_6,877.5,575.9,1086.0
10441846,stimulus_Arg_PISACowsMilk_10_page_6,877.4,576.1,1087.0
10441847,stimulus_Arg_PISACowsMilk_10_page_6,877.1,576.2,1087.0
10441848,stimulus_Arg_PISACowsMilk_10_page_6,876.9,576.2,1087.0
10441849,stimulus_Arg_PISACowsMilk_10_page_6,876.8,576.4,1087.0
10441850,stimulus_Arg_PISACowsMilk_10_page_6,877.2,576.5,1087.0
10441851,stimulus_Arg_PISACowsMilk_10_page_6,877.6,576.7,1087.0
10441852,stimulus_Arg_PISACowsMilk_10_page_6,877.7,576.0,1086.0
10441853,stimulus_Arg_PISACowsMilk_10_page_6,877.4,575.5,1085.0
10441854,stimulus_Arg_PISACowsMilk_10_page_6,877.4,575.2,1082.0
10441855,stimulus_Arg_PISACowsMilk_10_page_6,877.8,575.5,1081.0
10441856,stimulus_Arg_PISACowsMilk_10_page_6,878.3,576.3,1081.0
10441857,stimulus_Arg_PISACowsMilk_10_page_6,878.4,576.7,1081.0
10441858,stimulus_Arg_PISACowsMilk_10_page_6,878.3,577.1,1082.0
10441859,stimulus_Arg_PISACowsMilk_10_page_6,878.1,577.1,1083.0
10441860,stimulus_Arg_PISACowsMilk_10_page_6,877.9,577.0,1084.0
10441861,stimulus_Arg_PISACowsMilk_10_page_6,878.1,576.8,1085.0
10441862,stimulus_Arg_PISACowsMilk_10_page_6,878.5,576.6,1086.0
10441863,stimulus_Arg_PISACowsMilk_10_page_6,879.2,576.5,1086.0
10441864,stimulus_Arg_PISACowsMilk_10_page_6,880.3,576.9,1086.0
10441865,stimulus_Arg_PISACowsMilk_10_page_6,881.4,577.6,1087.0
10441866,stimulus_Arg_PISACowsMilk_10_page_6,882.6,578.8,1087.0
10441867,stimulus_Arg_PISACowsMilk_10_page_6,884.5,579.6,1088.0
10441868,stimulus_Arg_PISACowsMilk_10_page_6,887.9,580.1,1087.0
10441869,stimulus_Arg_PISACowsMilk_10_page_6,892.9,580.0,1088.0
10441870,stimulus_Arg_PISACowsMilk_10_page_6,898.7,579.7,1088.0
10441871,stimulus_Arg_PISACowsMilk_10_page_6,904.1,579.4,1089.0
10441872,stimulus_Arg_PISACowsMilk_10_page_6,910.1,578.5,1088.0
10441873,stimulus_Arg_PISACowsMilk_10_page_6,916.8,577.9,1088.0
10441874,stimulus_Arg_PISACowsMilk_10_page_6,923.6,577.3,1090.0
10441875,stimulus_Arg_PISACowsMilk_10_page_6,930.6,577.5,1091.0
10441876,stimulus_Arg_PISACowsMilk_10_page_6,938.0,577.7,1093.0
10441877,stimulus_Arg_PISACowsMilk_10_page_6,946.7,577.0,1093.0
10441878,stimulus_Arg_PISACowsMilk_10_page_6,955.2,575.6,1092.0
10441879,stimulus_Arg_PISACowsMilk_10_page_6,962.8,574.3,1092.0
10441880,stimulus_Arg_PISACowsMilk_10_page_6,970.4,574.7,1091.0
10441881,stimulus_Arg_PISACowsMilk_10_page_6,979.4,575.5,1091.0
10441882,stimulus_Arg_PISACowsMilk_10_page_6,989.0,575.8,1091.0
10441883,stimulus_Arg_PISACowsMilk_10_page_6,999.0,575.3,1089.0
10441884,stimulus_Arg_PISACowsMilk_10_page_6,1007.2,574.3,1086.0
10441885,stimulus_Arg_PISACowsMilk_10_page_6,1014.8,573.8,1083.0
10441886,stimulus_Arg_PISACowsMilk_10_page_6,1022.4,573.4,1082.0
10441887,stimulus_Arg_PISACowsMilk_10_page_6,1029.5,573.6,1082.0
10441888,stimulus_Arg_PISACowsMilk_10_page_6,1036.9,573.2,1080.0
10441889,stimulus_Arg_PISACowsMilk_10_page_6,1042.9,571.7,1076.0
10441890,stimulus_Arg_PISACowsMilk_10_page_6,1048.4,570.1,1072.0
10441891,stimulus_Arg_PISACowsMilk_10_page_6,1052.4,569.7,1069.0
10441892,stimulus_Arg_PISACowsMilk_10_page_6,1055.4,570.2,1067.0
10441893,stimulus_Arg_PISACowsMilk_10_page_6,1059.1,570.8,1064.0
10441894,stimulus_Arg_PISACowsMilk_10_page_6,1061.9,571.2,1063.0
10441895,stimulus_Arg_PISACowsMilk_10_page_6,1063.7,571.7,1062.0
10441896,stimulus_Arg_PISACowsMilk_10_page_6,1063.7,572.1,1062.0
10441897,stimulus_Arg_PISACowsMilk_10_page_6,1063.0,571.2,1063.0
10441898,stimulus_Arg_PISACowsMilk_10_page_6,1062.3,569.7,1062.0
10441899,stimulus_Arg_PISACowsMilk_10_page_6,1060.9,568.3,1062.0
10441900,stimulus_Arg_PISACowsMilk_10_page_6,1059.5,567.8,1063.0
10441901,stimulus_Arg_PISACowsMilk_10_page_6,1057.5,567.7,1064.0
10441902,stimulus_Arg_PISACowsMilk_10_page_6,1056.0,567.7,1066.0
10441903,stimulus_Arg_PISACowsMilk_10_page_6,1054.3,567.3,1067.0
10441904,stimulus_Arg_PISACowsMilk_10_page_6,1052.7,566.5,1068.0
10441905,stimulus_Arg_PISACowsMilk_10_page_6,1050.7,565.8,1065.0
10441906,stimulus_Arg_PISACowsMilk_10_page_6,1049.0,565.6,1063.0
10441907,stimulus_Arg_PISACowsMilk_10_page_6,1047.3,566.0,1061.0
10441908,stimulus_Arg_PISACowsMilk_10_page_6,1046.1,566.4,1061.0
10441909,stimulus_Arg_PISACowsMilk_10_page_6,1045.2,566.7,1061.0
10441910,stimulus_Arg_PISACowsMilk_10_page_6,1045.0,566.9,1063.0
10441911,stimulus_Arg_PISACowsMilk_10_page_6,1045.3,567.2,1065.0
10441912,stimulus_Arg_PISACowsMilk_10_page_6,1045.5,567.4,1067.0
10441913,stimulus_Arg_PISACowsMilk_10_page_6,1045.6,567.7,1067.0
10441914,stimulus_Arg_PISACowsMilk_10_page_6,1045.9,567.9,1069.0
10441915,stimulus_Arg_PISACowsMilk_10_page_6,1046.2,568.2,1070.0
10441916,stimulus_Arg_PISACowsMilk_10_page_6,1047.0,568.2,1070.0
10441917,stimulus_Arg_PISACowsMilk_10_page_6,1047.7,568.1,1069.0
10441918,stimulus_Arg_PISACowsMilk_10_page_6,1048.8,568.0,1069.0
10441919,stimulus_Arg_PISACowsMilk_10_page_6,1049.4,568.2,1070.0
10441920,stimulus_Arg_PISACowsMilk_10_page_6,1050.0,568.6,1071.0
10441921,stimulus_Arg_PISACowsMilk_10_page_6,1050.5,568.9,1071.0
10441922,stimulus_Arg_PISACowsMilk_10_page_6,1051.1,569.6,1071.0
10441923,stimulus_Arg_PISACowsMilk_10_page_6,1051.6,570.1,1072.0
10441924,stimulus_Arg_PISACowsMilk_10_page_6,1052.0,570.6,1072.0
10441925,stimulus_Arg_PISACowsMilk_10_page_6,1052.2,570.6,1072.0
10441926,stimulus_Arg_PISACowsMilk_10_page_6,1052.8,570.6,1071.0
10441927,stimulus_Arg_PISACowsMilk_10_page_6,1053.3,570.5,1070.0
10441928,stimulus_Arg_PISACowsMilk_10_page_6,1053.8,570.2,1070.0
10441929,stimulus_Arg_PISACowsMilk_10_page_6,1054.0,570.0,1071.0
10441930,stimulus_Arg_PISACowsMilk_10_page_6,1054.1,569.8,1071.0
10441931,stimulus_Arg_PISACowsMilk_10_page_6,1054.0,569.6,1072.0
10441932,stimulus_Arg_PISACowsMilk_10_page_6,1053.9,569.2,1073.0
10441933,stimulus_Arg_PISACowsMilk_10_page_6,1053.8,568.9,1074.0
10441934,stimulus_Arg_PISACowsMilk_10_page_6,1053.9,568.9,1074.0
10441935,stimulus_Arg_PISACowsMilk_10_page_6,1053.8,568.8,1074.0
10441936,stimulus_Arg_PISACowsMilk_10_page_6,1053.7,568.6,1073.0
10441937,stimulus_Arg_PISACowsMilk_10_page_6,1053.6,568.3,1073.0
10441938,stimulus_Arg_PISACowsMilk_10_page_6,1053.5,567.8,1073.0
10441939,stimulus_Arg_PISACowsMilk_10_page_6,1053.1,566.9,1073.0
10441940,stimulus_Arg_PISACowsMilk_10_page_6,1052.6,566.1,1073.0
10441941,stimulus_Arg_PISACowsMilk_10_page_6,1052.3,565.6,1073.0
10441942,stimulus_Arg_PISACowsMilk_10_page_6,1052.2,565.6,1074.0
10441943,stimulus_Arg_PISACowsMilk_10_page_6,1052.0,565.8,1075.0
10441944,stimulus_Arg_PISACowsMilk_10_page_6,1052.5,565.9,1075.0
10441945,stimulus_Arg_PISACowsMilk_10_page_6,1053.0,566.1,1076.0
10441946,stimulus_Arg_PISACowsMilk_10_page_6,1053.5,566.3,1076.0
10441947,stimulus_Arg_PISACowsMilk_10_page_6,1053.4,566.6,1076.0
10441948,stimulus_Arg_PISACowsMilk_10_page_6,1053.4,567.0,1076.0
10441949,stimulus_Arg_PISACowsMilk_10_page_6,1053.1,567.1,1075.0
10441950,stimulus_Arg_PISACowsMilk_10_page_6,1052.9,567.0,1075.0
10441951,stimulus_Arg_PISACowsMilk_10_page_6,1052.7,566.7,1076.0
10441952,stimulus_Arg_PISACowsMilk_10_page_6,1052.8,566.4,1076.0
10441953,stimulus_Arg_PISACowsMilk_10_page_6,1052.9,566.3,1076.0
10441954,stimulus_Arg_PISACowsMilk_10_page_6,1052.9,566.3,1076.0
10441955,stimulus_Arg_PISACowsMilk_10_page_6,1052.9,566.3,1076.0
10441956,stimulus_Arg_PISACowsMilk_10_page_6,1052.5,566.5,1077.0
10441957,stimulus_Arg_PISACowsMilk_10_page_6,1052.1,566.8,1078.0
10441958,stimulus_Arg_PISACowsMilk_10_page_6,1051.7,567.1,1078.0
10441959,stimulus_Arg_PISACowsMilk_10_page_6,1051.7,567.3,1077.0
10441960,stimulus_Arg_PISACowsMilk_10_page_6,1051.7,567.7,1077.0
10441961,stimulus_Arg_PISACowsMilk_10_page_6,1051.8,567.9,1078.0
10441962,stimulus_Arg_PISACowsMilk_10_page_6,1051.7,568.1,1079.0
10441963,stimulus_Arg_PISACowsMilk_10_page_6,1051.5,568.1,1079.0
10441964,stimulus_Arg_PISACowsMilk_10_page_6,1051.4,568.1,1080.0
10441965,stimulus_Arg_PISACowsMilk_10_page_6,1051.5,568.1,1081.0
10441966,stimulus_Arg_PISACowsMilk_10_page_6,1051.8,568.3,1080.0
10441967,stimulus_Arg_PISACowsMilk_10_page_6,1052.0,568.6,1078.0
10441968,stimulus_Arg_PISACowsMilk_10_page_6,1052.1,568.8,1077.0
10441969,stimulus_Arg_PISACowsMilk_10_page_6,1052.0,568.8,1078.0
10441970,stimulus_Arg_PISACowsMilk_10_page_6,1051.9,568.8,1079.0
10441971,stimulus_Arg_PISACowsMilk_10_page_6,1051.7,568.7,1080.0
10441972,stimulus_Arg_PISACowsMilk_10_page_6,1051.4,568.6,1080.0
10441973,stimulus_Arg_PISACowsMilk_10_page_6,1051.3,568.5,1080.0
10441974,stimulus_Arg_PISACowsMilk_10_page_6,1051.5,568.5,1081.0
10441975,stimulus_Arg_PISACowsMilk_10_page_6,1051.7,568.6,1081.0
10441976,stimulus_Arg_PISACowsMilk_10_page_6,1051.7,568.8,1082.0
10441977,stimulus_Arg_PISACowsMilk_10_page_6,1051.4,569.0,1082.0
10441978,stimulus_Arg_PISACowsMilk_10_page_6,1051.2,569.1,1081.0
10441979,stimulus_Arg_PISACowsMilk_10_page_6,1051.0,569.1,1081.0
10441980,stimulus_Arg_PISACowsMilk_10_page_6,1051.0,569.1,1081.0
10441981,stimulus_Arg_PISACowsMilk_10_page_6,1050.8,569.1,1081.0
10441982,stimulus_Arg_PISACowsMilk_10_page_6,1050.7,569.3,1081.0
10441983,stimulus_Arg_PISACowsMilk_10_page_6,1050.5,569.4,1081.0
10441984,stimulus_Arg_PISACowsMilk_10_page_6,1050.4,569.4,1081.0
10441985,stimulus_Arg_PISACowsMilk_10_page_6,1050.3,569.3,1081.0
10441986,stimulus_Arg_PISACowsMilk_10_page_6,1050.6,569.1,1081.0
10441987,stimulus_Arg_PISACowsMilk_10_page_6,1050.8,569.0,1080.0
10441988,stimulus_Arg_PISACowsMilk_10_page_6,1050.5,569.1,1080.0
10441989,stimulus_Arg_PISACowsMilk_10_page_6,1050.0,569.2,1081.0
10441990,stimulus_Arg_PISACowsMilk_10_page_6,1049.7,569.2,1081.0
10441991,stimulus_Arg_PISACowsMilk_10_page_6,1049.8,569.0,1081.0
10441992,stimulus_Arg_PISACowsMilk_10_page_6,1050.1,568.9,1081.0
10441993,stimulus_Arg_PISACowsMilk_10_page_6,1050.2,568.9,1081.0
10441994,stimulus_Arg_PISACowsMilk_10_page_6,1050.2,568.9,1082.0
10441995,stimulus_Arg_PISACowsMilk_10_page_6,1050.3,568.8,1082.0
10441996,stimulus_Arg_PISACowsMilk_10_page_6,1050.5,568.6,1082.0
10441997,stimulus_Arg_PISACowsMilk_10_page_6,1050.7,568.0,1082.0
10441998,stimulus_Arg_PISACowsMilk_10_page_6,1051.0,567.3,1082.0
10441999,stimulus_Arg_PISACowsMilk_10_page_6,1051.1,565.7,1081.0
10442000,stimulus_Arg_PISACowsMilk_10_page_6,1051.1,564.4,1079.0
10442001,stimulus_Arg_PISACowsMilk_10_page_6,1051.2,563.5,1078.0
10442002,stimulus_Arg_PISACowsMilk_10_page_6,1051.5,563.5,1079.0
10442003,stimulus_Arg_PISACowsMilk_10_page_6,1051.9,563.6,1079.0
10442004,stimulus_Arg_PISACowsMilk_10_page_6,1052.2,563.7,1079.0
10442005,stimulus_Arg_PISACowsMilk_10_page_6,1052.2,563.8,1079.0
10442006,stimulus_Arg_PISACowsMilk_10_page_6,1052.3,563.9,1080.0
10442007,stimulus_Arg_PISACowsMilk_10_page_6,1052.4,564.0,1080.0
10442008,stimulus_Arg_PISACowsMilk_10_page_6,1052.4,564.4,1080.0
10442009,stimulus_Arg_PISACowsMilk_10_page_6,1052.5,564.8,1081.0
10442010,stimulus_Arg_PISACowsMilk_10_page_6,1052.6,565.0,1081.0
10442011,stimulus_Arg_PISACowsMilk_10_page_6,1052.7,564.8,1081.0
10442012,stimulus_Arg_PISACowsMilk_10_page_6,1053.1,564.8,1080.0
10442013,stimulus_Arg_PISACowsMilk_10_page_6,1053.4,564.9,1079.0
10442014,stimulus_Arg_PISACowsMilk_10_page_6,1053.5,564.9,1078.0
10442015,stimulus_Arg_PISACowsMilk_10_page_6,1053.4,564.7,1078.0
10442016,stimulus_Arg_PISACowsMilk_10_page_6,1053.2,564.5,1078.0
10442017,stimulus_Arg_PISACowsMilk_10_page_6,1053.4,564.3,1077.0
10442018,stimulus_Arg_PISACowsMilk_10_page_6,1053.6,564.2,1076.0
10442019,stimulus_Arg_PISACowsMilk_10_page_6,1053.8,564.1,1075.0
10442020,stimulus_Arg_PISACowsMilk_10_page_6,1053.9,564.4,1077.0
10442021,stimulus_Arg_PISACowsMilk_10_page_6,1053.9,565.0,1078.0
10442022,stimulus_Arg_PISACowsMilk_10_page_6,1054.0,565.8,1079.0
10442023,stimulus_Arg_PISACowsMilk_10_page_6,1054.2,566.4,1078.0
10442024,stimulus_Arg_PISACowsMilk_10_page_6,1054.5,566.6,1078.0
10442025,stimulus_Arg_PISACowsMilk_10_page_6,1054.4,566.6,1077.0
10442026,stimulus_Arg_PISACowsMilk_10_page_6,1054.2,566.6,1077.0
10442027,stimulus_Arg_PISACowsMilk_10_page_6,1053.9,566.6,1077.0
10442028,stimulus_Arg_PISACowsMilk_10_page_6,1054.0,566.9,1077.0
10442029,stimulus_Arg_PISACowsMilk_10_page_6,1053.9,567.2,1077.0
10442030,stimulus_Arg_PISACowsMilk_10_page_6,1053.8,567.5,1078.0
10442031,stimulus_Arg_PISACowsMilk_10_page_6,1053.8,567.4,1079.0
10442032,stimulus_Arg_PISACowsMilk_10_page_6,1053.8,567.1,1081.0
10442033,stimulus_Arg_PISACowsMilk_10_page_6,1053.9,566.9,1080.0
10442034,stimulus_Arg_PISACowsMilk_10_page_6,1054.0,566.9,1079.0
10442035,stimulus_Arg_PISACowsMilk_10_page_6,1054.2,566.7,1078.0
10442036,stimulus_Arg_PISACowsMilk_10_page_6,1054.3,566.6,1079.0
10442037,stimulus_Arg_PISACowsMilk_10_page_6,1054.4,566.6,1080.0
10442038,stimulus_Arg_PISACowsMilk_10_page_6,1054.3,566.8,1080.0
10442039,stimulus_Arg_PISACowsMilk_10_page_6,1053.9,567.1,1081.0
10442040,stimulus_Arg_PISACowsMilk_10_page_6,1053.6,567.2,1080.0
10442041,stimulus_Arg_PISACowsMilk_10_page_6,1053.4,567.2,1080.0
10442042,stimulus_Arg_PISACowsMilk_10_page_6,1053.6,567.0,1080.0
10442043,stimulus_Arg_PISACowsMilk_10_page_6,1053.8,566.9,1079.0
10442044,stimulus_Arg_PISACowsMilk_10_page_6,1053.8,567.1,1079.0
10442045,stimulus_Arg_PISACowsMilk_10_page_6,1053.8,567.4,1079.0
10442046,stimulus_Arg_PISACowsMilk_10_page_6,1053.6,567.8,1079.0
10442047,stimulus_Arg_PISACowsMilk_10_page_6,1053.4,567.8,1079.0
10442048,stimulus_Arg_PISACowsMilk_10_page_6,1053.3,567.7,1079.0
10442049,stimulus_Arg_PISACowsMilk_10_page_6,1053.3,567.6,1080.0
10442050,stimulus_Arg_PISACowsMilk_10_page_6,1053.3,567.7,1080.0
10442051,stimulus_Arg_PISACowsMilk_10_page_6,1053.3,567.9,1080.0
10442052,stimulus_Arg_PISACowsMilk_10_page_6,1053.4,568.2,1080.0
10442053,stimulus_Arg_PISACowsMilk_10_page_6,1053.5,568.1,1081.0
10442054,stimulus_Arg_PISACowsMilk_10_page_6,1053.7,568.0,1081.0
10442055,stimulus_Arg_PISACowsMilk_10_page_6,1053.9,567.9,1081.0
10442056,stimulus_Arg_PISACowsMilk_10_page_6,1054.0,567.8,1081.0
10442057,stimulus_Arg_PISACowsMilk_10_page_6,1054.1,567.8,1080.0
10442058,stimulus_Arg_PISACowsMilk_10_page_6,1054.2,567.6,1080.0
10442059,stimulus_Arg_PISACowsMilk_10_page_6,1054.3,567.2,1080.0
10442060,stimulus_Arg_PISACowsMilk_10_page_6,1054.3,566.9,1081.0
10442061,stimulus_Arg_PISACowsMilk_10_page_6,1054.2,566.9,1081.0
10442062,stimulus_Arg_PISACowsMilk_10_page_6,1054.1,566.8,1081.0
10442063,stimulus_Arg_PISACowsMilk_10_page_6,1054.0,566.6,1080.0
10442064,stimulus_Arg_PISACowsMilk_10_page_6,1053.7,566.4,1079.0
10442065,stimulus_Arg_PISACowsMilk_10_page_6,1053.5,566.3,1079.0
10442066,stimulus_Arg_PISACowsMilk_10_page_6,1053.5,566.5,1079.0
10442067,stimulus_Arg_PISACowsMilk_10_page_6,1053.7,566.8,1079.0
10442068,stimulus_Arg_PISACowsMilk_10_page_6,1053.9,567.1,1080.0
10442069,stimulus_Arg_PISACowsMilk_10_page_6,1053.9,567.2,1080.0
10442070,stimulus_Arg_PISACowsMilk_10_page_6,1053.9,567.2,1079.0
10442071,stimulus_Arg_PISACowsMilk_10_page_6,1053.9,566.8,1079.0
10442072,stimulus_Arg_PISACowsMilk_10_page_6,1053.9,566.3,1079.0
10442073,stimulus_Arg_PISACowsMilk_10_page_6,1053.9,565.9,1079.0
10442074,stimulus_Arg_PISACowsMilk_10_page_6,1053.9,565.7,1079.0
10442075,stimulus_Arg_PISACowsMilk_10_page_6,1053.8,565.7,1079.0
10442076,stimulus_Arg_PISACowsMilk_10_page_6,1053.8,565.8,1079.0
10442077,stimulus_Arg_PISACowsMilk_10_page_6,1053.7,565.9,1080.0
10442078,stimulus_Arg_PISACowsMilk_10_page_6,1053.7,565.9,1080.0
10442079,stimulus_Arg_PISACowsMilk_10_page_6,1053.6,565.7,1080.0
10442080,stimulus_Arg_PISACowsMilk_10_page_6,1053.5,565.5,1080.0
10442081,stimulus_Arg_PISACowsMilk_10_page_6,1053.4,565.3,1080.0
10442082,stimulus_Arg_PISACowsMilk_10_page_6,1053.3,565.3,1079.0
10442083,stimulus_Arg_PISACowsMilk_10_page_6,1053.2,565.5,1079.0
10442084,stimulus_Arg_PISACowsMilk_10_page_6,1053.3,565.7,1079.0
10442085,stimulus_Arg_PISACowsMilk_10_page_6,1053.4,566.0,1080.0
10442086,stimulus_Arg_PISACowsMilk_10_page_6,1053.4,566.0,1080.0
10442087,stimulus_Arg_PISACowsMilk_10_page_6,1053.4,566.3,1081.0
10442088,stimulus_Arg_PISACowsMilk_10_page_6,1053.6,566.7,1081.0
10442089,stimulus_Arg_PISACowsMilk_10_page_6,1053.8,567.0,1080.0
10442090,stimulus_Arg_PISACowsMilk_10_page_6,1053.7,567.0,1079.0
10442091,stimulus_Arg_PISACowsMilk_10_page_6,1053.5,566.9,1080.0
10442092,stimulus_Arg_PISACowsMilk_10_page_6,1053.4,566.7,1081.0
10442093,stimulus_Arg_PISACowsMilk_10_page_6,1053.6,566.5,1082.0
10442094,stimulus_Arg_PISACowsMilk_10_page_6,1053.8,566.3,1083.0
10442095,stimulus_Arg_PISACowsMilk_10_page_6,1053.8,566.4,1083.0
10442096,stimulus_Arg_PISACowsMilk_10_page_6,1053.7,566.5,1084.0
10442097,stimulus_Arg_PISACowsMilk_10_page_6,1053.6,566.3,1084.0
10442098,stimulus_Arg_PISACowsMilk_10_page_6,1053.3,566.1,1083.0
10442099,stimulus_Arg_PISACowsMilk_10_page_6,1053.1,566.0,1083.0
10442100,stimulus_Arg_PISACowsMilk_10_page_6,1052.9,566.3,1084.0
10442101,stimulus_Arg_PISACowsMilk_10_page_6,1052.8,566.4,1084.0
10442102,stimulus_Arg_PISACowsMilk_10_page_6,1052.7,566.3,1083.0
10442103,stimulus_Arg_PISACowsMilk_10_page_6,1052.6,566.3,1082.0
10442104,stimulus_Arg_PISACowsMilk_10_page_6,1052.6,566.2,1082.0
10442105,stimulus_Arg_PISACowsMilk_10_page_6,1052.4,566.1,1082.0
10442106,stimulus_Arg_PISACowsMilk_10_page_6,1052.2,566.1,1082.0
10442107,stimulus_Arg_PISACowsMilk_10_page_6,1052.0,566.5,1082.0
10442108,stimulus_Arg_PISACowsMilk_10_page_6,1052.1,566.9,1082.0
10442109,stimulus_Arg_PISACowsMilk_10_page_6,1052.3,567.1,1082.0
10442110,stimulus_Arg_PISACowsMilk_10_page_6,1052.5,567.1,1082.0
10442111,stimulus_Arg_PISACowsMilk_10_page_6,1052.3,567.3,1081.0
10442112,stimulus_Arg_PISACowsMilk_10_page_6,1052.1,567.4,1081.0
10442113,stimulus_Arg_PISACowsMilk_10_page_6,1051.9,567.6,1082.0
10442114,stimulus_Arg_PISACowsMilk_10_page_6,1052.2,567.6,1082.0
10442115,stimulus_Arg_PISACowsMilk_10_page_6,1052.5,567.3,1083.0
10442116,stimulus_Arg_PISACowsMilk_10_page_6,1052.3,566.9,1083.0
10442117,stimulus_Arg_PISACowsMilk_10_page_6,1051.8,566.7,1083.0
10442118,stimulus_Arg_PISACowsMilk_10_page_6,1051.6,566.7,1082.0
10442119,stimulus_Arg_PISACowsMilk_10_page_6,1051.8,566.8,1083.0
10442120,stimulus_Arg_PISACowsMilk_10_page_6,1052.0,566.9,1084.0
10442121,stimulus_Arg_PISACowsMilk_10_page_6,1051.8,566.9,1085.0
10442122,stimulus_Arg_PISACowsMilk_10_page_6,1051.6,567.0,1085.0
10442123,stimulus_Arg_PISACowsMilk_10_page_6,1051.4,567.0,1086.0
10442124,stimulus_Arg_PISACowsMilk_10_page_6,1051.6,567.0,1086.0
10442125,stimulus_Arg_PISACowsMilk_10_page_6,1051.6,567.7,1085.0
10442126,stimulus_Arg_PISACowsMilk_10_page_6,1051.6,568.3,1085.0
10442127,stimulus_Arg_PISACowsMilk_10_page_6,1051.9,568.4,1085.0
10442128,stimulus_Arg_PISACowsMilk_10_page_6,1052.2,567.9,1085.0
10442129,stimulus_Arg_PISACowsMilk_10_page_6,1052.6,567.2,1084.0
10442130,stimulus_Arg_PISACowsMilk_10_page_6,1052.6,567.0,1083.0
10442131,stimulus_Arg_PISACowsMilk_10_page_6,1052.5,566.8,1083.0
10442132,stimulus_Arg_PISACowsMilk_10_page_6,1052.4,566.8,1082.0
10442133,stimulus_Arg_PISACowsMilk_10_page_6,1052.3,566.9,1080.0
10442134,stimulus_Arg_PISACowsMilk_10_page_6,1052.3,567.0,1079.0
10442135,stimulus_Arg_PISACowsMilk_10_page_6,1052.1,567.2,1077.0
10442136,stimulus_Arg_PISACowsMilk_10_page_6,1052.1,567.3,1077.0
10442137,stimulus_Arg_PISACowsMilk_10_page_6,1052.5,567.4,1078.0
10442138,stimulus_Arg_PISACowsMilk_10_page_6,1053.0,567.5,1079.0
10442139,stimulus_Arg_PISACowsMilk_10_page_6,1053.5,567.5,1080.0
10442140,stimulus_Arg_PISACowsMilk_10_page_6,1053.5,567.5,1082.0
10442141,stimulus_Arg_PISACowsMilk_10_page_6,1053.5,567.6,1083.0
10442142,stimulus_Arg_PISACowsMilk_10_page_6,1053.6,567.9,1085.0
10442143,stimulus_Arg_PISACowsMilk_10_page_6,1053.9,568.3,1085.0
10442144,stimulus_Arg_PISACowsMilk_10_page_6,1054.2,568.4,1084.0
10442145,stimulus_Arg_PISACowsMilk_10_page_6,1054.4,568.3,1084.0
10442146,stimulus_Arg_PISACowsMilk_10_page_6,1054.4,568.1,1084.0
10442147,stimulus_Arg_PISACowsMilk_10_page_6,1054.5,568.1,1084.0
10442148,stimulus_Arg_PISACowsMilk_10_page_6,1054.6,567.8,1084.0
10442149,stimulus_Arg_PISACowsMilk_10_page_6,1054.9,567.5,1085.0
10442150,stimulus_Arg_PISACowsMilk_10_page_6,1055.2,567.4,1087.0
10442151,stimulus_Arg_PISACowsMilk_10_page_6,1055.5,567.7,1088.0
10442152,stimulus_Arg_PISACowsMilk_10_page_6,1055.7,568.0,1089.0
10442153,stimulus_Arg_PISACowsMilk_10_page_6,1055.7,568.3,1089.0
10442154,stimulus_Arg_PISACowsMilk_10_page_6,1055.4,568.6,1088.0
10442155,stimulus_Arg_PISACowsMilk_10_page_6,1055.0,568.7,1088.0
10442156,stimulus_Arg_PISACowsMilk_10_page_6,1054.8,568.7,1088.0
10442157,stimulus_Arg_PISACowsMilk_10_page_6,1054.8,568.8,1088.0
10442158,stimulus_Arg_PISACowsMilk_10_page_6,1054.8,568.4,1087.0
10442159,stimulus_Arg_PISACowsMilk_10_page_6,1054.6,568.0,1087.0
10442160,stimulus_Arg_PISACowsMilk_10_page_6,1054.4,567.7,1089.0
10442161,stimulus_Arg_PISACowsMilk_10_page_6,1054.4,567.8,1092.0
10442162,stimulus_Arg_PISACowsMilk_10_page_6,1054.5,567.8,1094.0
10442163,stimulus_Arg_PISACowsMilk_10_page_6,1054.6,567.8,1095.0
10442164,stimulus_Arg_PISACowsMilk_10_page_6,1054.4,567.9,1094.0
10442165,stimulus_Arg_PISACowsMilk_10_page_6,1054.3,568.0,1092.0
10442166,stimulus_Arg_PISACowsMilk_10_page_6,1054.3,567.4,1090.0
10442167,stimulus_Arg_PISACowsMilk_10_page_6,1054.3,566.9,1088.0
10442168,stimulus_Arg_PISACowsMilk_10_page_6,1054.4,566.4,1088.0
10442169,stimulus_Arg_PISACowsMilk_10_page_6,1054.4,566.5,1088.0
10442170,stimulus_Arg_PISACowsMilk_10_page_6,1054.3,566.7,1089.0
10442171,stimulus_Arg_PISACowsMilk_10_page_6,1054.3,566.9,1089.0
10442172,stimulus_Arg_PISACowsMilk_10_page_6,1054.2,566.8,1090.0
10442173,stimulus_Arg_PISACowsMilk_10_page_6,1054.1,566.7,1090.0
10442174,stimulus_Arg_PISACowsMilk_10_page_6,1054.0,566.4,1090.0
10442175,stimulus_Arg_PISACowsMilk_10_page_6,1053.9,566.3,1091.0
10442176,stimulus_Arg_PISACowsMilk_10_page_6,1053.9,566.3,1091.0
10442177,stimulus_Arg_PISACowsMilk_10_page_6,1053.9,566.3,1092.0
10442178,stimulus_Arg_PISACowsMilk_10_page_6,1053.9,566.4,1092.0
10442179,stimulus_Arg_PISACowsMilk_10_page_6,1053.9,566.4,1092.0
10442180,stimulus_Arg_PISACowsMilk_10_page_6,1053.9,566.5,1092.0
10442181,stimulus_Arg_PISACowsMilk_10_page_6,1053.9,566.5,1092.0
10442182,stimulus_Arg_PISACowsMilk_10_page_6,1053.9,566.5,1092.0
10442183,stimulus_Arg_PISACowsMilk_10_page_6,1053.5,566.6,1092.0
10442184,stimulus_Arg_PISACowsMilk_10_page_6,1053.2,566.7,1092.0
10442185,stimulus_Arg_PISACowsMilk_10_page_6,1052.9,566.9,1092.0
10442186,stimulus_Arg_PISACowsMilk_10_page_6,1052.9,566.9,1091.0
10442187,stimulus_Arg_PISACowsMilk_10_page_6,1052.9,566.9,1091.0
10442188,stimulus_Arg_PISACowsMilk_10_page_6,1052.8,566.8,1091.0
10442189,stimulus_Arg_PISACowsMilk_10_page_6,1052.6,566.9,1091.0
10442190,stimulus_Arg_PISACowsMilk_10_page_6,1052.6,566.9,1091.0
10442191,stimulus_Arg_PISACowsMilk_10_page_6,1052.6,567.3,1092.0
10442192,stimulus_Arg_PISACowsMilk_10_page_6,1052.8,567.7,1092.0
10442193,stimulus_Arg_PISACowsMilk_10_page_6,1053.0,567.7,1093.0
10442194,stimulus_Arg_PISACowsMilk_10_page_6,1053.2,567.3,1092.0
10442195,stimulus_Arg_PISACowsMilk_10_page_6,1053.2,567.0,1092.0
10442196,stimulus_Arg_PISACowsMilk_10_page_6,1053.2,567.2,1091.0
10442197,stimulus_Arg_PISACowsMilk_10_page_6,1053.2,567.5,1091.0
10442198,stimulus_Arg_PISACowsMilk_10_page_6,1053.2,567.6,1092.0
10442199,stimulus_Arg_PISACowsMilk_10_page_6,1053.2,567.7,1094.0
10442200,stimulus_Arg_PISACowsMilk_10_page_6,1053.3,567.5,1096.0
10442201,stimulus_Arg_PISACowsMilk_10_page_6,1053.0,567.4,1096.0
10442202,stimulus_Arg_PISACowsMilk_10_page_6,1051.3,566.9,1096.0
10442203,stimulus_Arg_PISACowsMilk_10_page_6,1048.0,566.5,1095.0
10442204,stimulus_Arg_PISACowsMilk_10_page_6,1042.9,565.8,1092.0
10442205,stimulus_Arg_PISACowsMilk_10_page_6,1035.3,565.6,1091.0
10442206,stimulus_Arg_PISACowsMilk_10_page_6,1026.5,566.4,1092.0
10442207,stimulus_Arg_PISACowsMilk_10_page_6,1014.9,567.8,1095.0
10442208,stimulus_Arg_PISACowsMilk_10_page_6,1002.9,569.3,1099.0
10442209,stimulus_Arg_PISACowsMilk_10_page_6,988.3,570.9,1101.0
10442210,stimulus_Arg_PISACowsMilk_10_page_6,973.5,572.2,1104.0
10442211,stimulus_Arg_PISACowsMilk_10_page_6,957.6,574.7,1108.0
10442212,stimulus_Arg_PISACowsMilk_10_page_6,941.3,576.1,1111.0
10442213,stimulus_Arg_PISACowsMilk_10_page_6,924.5,578.4,1116.0
10442214,stimulus_Arg_PISACowsMilk_10_page_6,907.5,580.3,1120.0
10442215,stimulus_Arg_PISACowsMilk_10_page_6,892.5,582.2,1124.0
10442216,stimulus_Arg_PISACowsMilk_10_page_6,878.2,583.6,1128.0
10442217,stimulus_Arg_PISACowsMilk_10_page_6,865.0,585.1,1133.0
10442218,stimulus_Arg_PISACowsMilk_10_page_6,851.1,586.4,1137.0
10442219,stimulus_Arg_PISACowsMilk_10_page_6,838.5,588.5,1143.0
10442220,stimulus_Arg_PISACowsMilk_10_page_6,824.7,589.7,1148.0
10442221,stimulus_Arg_PISACowsMilk_10_page_6,811.5,591.1,1151.0
10442222,stimulus_Arg_PISACowsMilk_10_page_6,796.3,591.7,1153.0
10442223,stimulus_Arg_PISACowsMilk_10_page_6,783.0,593.4,1155.0
10442224,stimulus_Arg_PISACowsMilk_10_page_6,768.7,594.8,1157.0
10442225,stimulus_Arg_PISACowsMilk_10_page_6,756.4,596.6,1159.0
10442226,stimulus_Arg_PISACowsMilk_10_page_6,741.0,597.0,1161.0
10442227,stimulus_Arg_PISACowsMilk_10_page_6,727.0,598.4,1162.0
10442228,stimulus_Arg_PISACowsMilk_10_page_6,710.6,598.9,1162.0
10442229,stimulus_Arg_PISACowsMilk_10_page_6,696.6,600.0,1162.0
10442230,stimulus_Arg_PISACowsMilk_10_page_6,681.6,600.1,1162.0
10442231,stimulus_Arg_PISACowsMilk_10_page_6,668.3,601.0,1162.0
10442232,stimulus_Arg_PISACowsMilk_10_page_6,654.7,602.0,1163.0
10442233,stimulus_Arg_PISACowsMilk_10_page_6,642.1,603.0,1164.0
10442234,stimulus_Arg_PISACowsMilk_10_page_6,628.3,603.2,1165.0
10442235,stimulus_Arg_PISACowsMilk_10_page_6,613.9,603.5,1166.0
10442236,stimulus_Arg_PISACowsMilk_10_page_6,598.0,603.7,1166.0
10442237,stimulus_Arg_PISACowsMilk_10_page_6,582.0,605.9,1166.0
10442238,stimulus_Arg_PISACowsMilk_10_page_6,566.9,607.4,1165.0
10442239,stimulus_Arg_PISACowsMilk_10_page_6,552.4,609.3,1164.0
10442240,stimulus_Arg_PISACowsMilk_10_page_6,539.4,609.4,1163.0
10442241,stimulus_Arg_PISACowsMilk_10_page_6,525.7,609.4,1162.0
10442242,stimulus_Arg_PISACowsMilk_10_page_6,511.8,610.4,1161.0
10442243,stimulus_Arg_PISACowsMilk_10_page_6,496.1,611.2,1161.0
10442244,stimulus_Arg_PISACowsMilk_10_page_6,480.5,614.3,1161.0
10442245,stimulus_Arg_PISACowsMilk_10_page_6,463.9,616.2,1161.0
10442246,stimulus_Arg_PISACowsMilk_10_page_6,448.5,619.5,1161.0
10442247,stimulus_Arg_PISACowsMilk_10_page_6,433.5,620.6,1161.0
10442248,stimulus_Arg_PISACowsMilk_10_page_6,420.0,622.3,1161.0
10442249,stimulus_Arg_PISACowsMilk_10_page_6,406.5,623.1,1160.0
10442250,stimulus_Arg_PISACowsMilk_10_page_6,392.3,624.1,1158.0
10442251,stimulus_Arg_PISACowsMilk_10_page_6,377.3,623.8,1156.0
10442252,stimulus_Arg_PISACowsMilk_10_page_6,362.0,623.0,1154.0
10442253,stimulus_Arg_PISACowsMilk_10_page_6,348.0,623.2,1154.0
10442254,stimulus_Arg_PISACowsMilk_10_page_6,333.4,623.5,1152.0
10442255,stimulus_Arg_PISACowsMilk_10_page_6,318.4,625.1,1148.0
10442256,stimulus_Arg_PISACowsMilk_10_page_6,303.2,626.3,1143.0
10442257,stimulus_Arg_PISACowsMilk_10_page_6,288.9,627.5,1139.0
10442258,stimulus_Arg_PISACowsMilk_10_page_6,274.9,628.7,1138.0
10442259,stimulus_Arg_PISACowsMilk_10_page_6,261.4,629.9,1138.0
10442260,stimulus_Arg_PISACowsMilk_10_page_6,248.0,632.3,1138.0
10442261,stimulus_Arg_PISACowsMilk_10_page_6,236.4,634.4,1138.0
10442262,stimulus_Arg_PISACowsMilk_10_page_6,226.4,635.9,1138.0
10442263,stimulus_Arg_PISACowsMilk_10_page_6,216.6,637.2,1139.0
10442264,stimulus_Arg_PISACowsMilk_10_page_6,208.2,638.1,1139.0
10442265,stimulus_Arg_PISACowsMilk_10_page_6,199.0,640.0,1139.0
10442266,stimulus_Arg_PISACowsMilk_10_page_6,193.1,641.3,1138.0
10442267,stimulus_Arg_PISACowsMilk_10_page_6,185.9,643.0,1138.0
10442268,stimulus_Arg_PISACowsMilk_10_page_6,180.2,644.1,1138.0
10442269,stimulus_Arg_PISACowsMilk_10_page_6,174.0,645.8,1138.0
10442270,stimulus_Arg_PISACowsMilk_10_page_6,170.1,647.7,1137.0
10442271,stimulus_Arg_PISACowsMilk_10_page_6,167.0,649.4,1138.0
10442272,stimulus_Arg_PISACowsMilk_10_page_6,165.5,651.3,1139.0
10442273,stimulus_Arg_PISACowsMilk_10_page_6,165.0,652.4,1141.0
10442274,stimulus_Arg_PISACowsMilk_10_page_6,165.3,654.0,1142.0
10442275,stimulus_Arg_PISACowsMilk_10_page_6,166.6,654.8,1142.0
10442276,stimulus_Arg_PISACowsMilk_10_page_6,169.1,655.6,1142.0
10442277,stimulus_Arg_PISACowsMilk_10_page_6,172.6,655.7,1143.0
10442278,stimulus_Arg_PISACowsMilk_10_page_6,176.3,655.5,1144.0
10442279,stimulus_Arg_PISACowsMilk_10_page_6,179.9,654.5,1147.0
10442280,stimulus_Arg_PISACowsMilk_10_page_6,182.8,653.5,1149.0
10442281,stimulus_Arg_PISACowsMilk_10_page_6,185.2,652.1,1151.0
10442282,stimulus_Arg_PISACowsMilk_10_page_6,186.5,650.7,1151.0
10442283,stimulus_Arg_PISACowsMilk_10_page_6,187.0,649.3,1151.0
10442284,stimulus_Arg_PISACowsMilk_10_page_6,186.3,648.0,1151.0
10442285,stimulus_Arg_PISACowsMilk_10_page_6,185.1,647.4,1151.0
10442286,stimulus_Arg_PISACowsMilk_10_page_6,183.5,646.6,1150.0
10442287,stimulus_Arg_PISACowsMilk_10_page_6,181.7,646.2,1150.0
10442288,stimulus_Arg_PISACowsMilk_10_page_6,179.3,646.4,1148.0
10442289,stimulus_Arg_PISACowsMilk_10_page_6,177.0,647.5,1147.0
10442290,stimulus_Arg_PISACowsMilk_10_page_6,174.1,648.6,1145.0
10442291,stimulus_Arg_PISACowsMilk_10_page_6,172.0,649.3,1146.0
10442292,stimulus_Arg_PISACowsMilk_10_page_6,170.1,649.8,1147.0
10442293,stimulus_Arg_PISACowsMilk_10_page_6,168.8,650.6,1148.0
10442294,stimulus_Arg_PISACowsMilk_10_page_6,167.9,651.1,1149.0
10442295,stimulus_Arg_PISACowsMilk_10_page_6,167.2,651.5,1149.0
10442296,stimulus_Arg_PISACowsMilk_10_page_6,167.3,651.5,1149.0
10442297,stimulus_Arg_PISACowsMilk_10_page_6,167.4,651.4,1148.0
10442298,stimulus_Arg_PISACowsMilk_10_page_6,168.1,651.4,1148.0
10442299,stimulus_Arg_PISACowsMilk_10_page_6,168.6,651.6,1148.0
10442300,stimulus_Arg_PISACowsMilk_10_page_6,169.1,652.0,1149.0
10442301,stimulus_Arg_PISACowsMilk_10_page_6,169.6,652.4,1149.0
10442302,stimulus_Arg_PISACowsMilk_10_page_6,170.4,652.8,1149.0
10442303,stimulus_Arg_PISACowsMilk_10_page_6,171.1,652.8,1148.0
10442304,stimulus_Arg_PISACowsMilk_10_page_6,171.4,652.8,1148.0
10442305,stimulus_Arg_PISACowsMilk_10_page_6,171.4,652.8,1148.0
10442306,stimulus_Arg_PISACowsMilk_10_page_6,171.4,652.7,1147.0
10442307,stimulus_Arg_PISACowsMilk_10_page_6,171.0,652.4,1147.0
10442308,stimulus_Arg_PISACowsMilk_10_page_6,170.7,652.0,1147.0
10442309,stimulus_Arg_PISACowsMilk_10_page_6,170.3,651.7,1147.0
10442310,stimulus_Arg_PISACowsMilk_10_page_6,170.3,651.6,1147.0
10442311,stimulus_Arg_PISACowsMilk_10_page_6,170.1,651.6,1147.0
10442312,stimulus_Arg_PISACowsMilk_10_page_6,169.9,651.7,1147.0
10442313,stimulus_Arg_PISACowsMilk_10_page_6,169.6,651.7,1146.0
10442314,stimulus_Arg_PISACowsMilk_10_page_6,169.4,652.0,1146.0
10442315,stimulus_Arg_PISACowsMilk_10_page_6,169.2,652.2,1146.0
10442316,stimulus_Arg_PISACowsMilk_10_page_6,169.0,652.4,1145.0
10442317,stimulus_Arg_PISACowsMilk_10_page_6,169.2,652.4,1146.0
10442318,stimulus_Arg_PISACowsMilk_10_page_6,169.4,652.4,1146.0
10442319,stimulus_Arg_PISACowsMilk_10_page_6,169.7,652.3,1147.0
10442320,stimulus_Arg_PISACowsMilk_10_page_6,169.7,652.3,1148.0
10442321,stimulus_Arg_PISACowsMilk_10_page_6,169.7,652.3,1148.0
10442322,stimulus_Arg_PISACowsMilk_10_page_6,169.5,652.3,1148.0
10442323,stimulus_Arg_PISACowsMilk_10_page_6,169.3,652.6,1149.0
10442324,stimulus_Arg_PISACowsMilk_10_page_6,169.1,652.9,1149.0
10442325,stimulus_Arg_PISACowsMilk_10_page_6,169.0,653.3,1150.0
10442326,stimulus_Arg_PISACowsMilk_10_page_6,168.9,653.6,1150.0
10442327,stimulus_Arg_PISACowsMilk_10_page_6,168.9,653.7,1150.0
10442328,stimulus_Arg_PISACowsMilk_10_page_6,168.9,653.9,1150.0
10442329,stimulus_Arg_PISACowsMilk_10_page_6,168.6,653.9,1150.0
10442330,stimulus_Arg_PISACowsMilk_10_page_6,168.2,654.0,1150.0
10442331,stimulus_Arg_PISACowsMilk_10_page_6,167.9,654.0,1151.0
10442332,stimulus_Arg_PISACowsMilk_10_page_6,168.0,654.0,1152.0
10442333,stimulus_Arg_PISACowsMilk_10_page_6,168.2,653.9,1153.0
10442334,stimulus_Arg_PISACowsMilk_10_page_6,168.3,653.8,1153.0
10442335,stimulus_Arg_PISACowsMilk_10_page_6,168.2,653.9,1152.0
10442336,stimulus_Arg_PISACowsMilk_10_page_6,168.0,654.1,1152.0
10442337,stimulus_Arg_PISACowsMilk_10_page_6,167.8,654.2,1152.0
10442338,stimulus_Arg_PISACowsMilk_10_page_6,167.8,654.2,1151.0
10442339,stimulus_Arg_PISACowsMilk_10_page_6,167.7,654.3,1150.0
10442340,stimulus_Arg_PISACowsMilk_10_page_6,167.7,654.6,1151.0
10442341,stimulus_Arg_PISACowsMilk_10_page_6,167.6,654.9,1153.0
10442342,stimulus_Arg_PISACowsMilk_10_page_6,167.5,655.2,1154.0
10442343,stimulus_Arg_PISACowsMilk_10_page_6,167.4,655.3,1154.0
10442344,stimulus_Arg_PISACowsMilk_10_page_6,167.4,655.5,1153.0
10442345,stimulus_Arg_PISACowsMilk_10_page_6,167.5,655.8,1152.0
10442346,stimulus_Arg_PISACowsMilk_10_page_6,167.4,656.2,1151.0
10442347,stimulus_Arg_PISACowsMilk_10_page_6,167.5,656.2,1152.0
10442348,stimulus_Arg_PISACowsMilk_10_page_6,167.4,656.0,1152.0
10442349,stimulus_Arg_PISACowsMilk_10_page_6,167.3,656.0,1154.0
10442350,stimulus_Arg_PISACowsMilk_10_page_6,167.2,656.2,1155.0
10442351,stimulus_Arg_PISACowsMilk_10_page_6,167.1,656.4,1156.0
10442352,stimulus_Arg_PISACowsMilk_10_page_6,167.3,656.4,1155.0
10442353,stimulus_Arg_PISACowsMilk_10_page_6,167.4,656.4,1154.0
10442354,stimulus_Arg_PISACowsMilk_10_page_6,167.5,656.4,1153.0
10442355,stimulus_Arg_PISACowsMilk_10_page_6,167.6,656.7,1152.0
10442356,stimulus_Arg_PISACowsMilk_10_page_6,167.8,656.9,1152.0
10442357,stimulus_Arg_PISACowsMilk_10_page_6,167.9,657.0,1152.0
10442358,stimulus_Arg_PISACowsMilk_10_page_6,167.9,656.8,1152.0
10442359,stimulus_Arg_PISACowsMilk_10_page_6,167.8,656.7,1153.0
10442360,stimulus_Arg_PISACowsMilk_10_page_6,167.9,656.8,1154.0
10442361,stimulus_Arg_PISACowsMilk_10_page_6,167.7,657.1,1154.0
10442362,stimulus_Arg_PISACowsMilk_10_page_6,167.6,657.5,1153.0
10442363,stimulus_Arg_PISACowsMilk_10_page_6,167.4,657.9,1153.0
10442364,stimulus_Arg_PISACowsMilk_10_page_6,167.2,657.9,1154.0
10442365,stimulus_Arg_PISACowsMilk_10_page_6,167.0,657.7,1154.0
10442366,stimulus_Arg_PISACowsMilk_10_page_6,166.7,657.4,1154.0
10442367,stimulus_Arg_PISACowsMilk_10_page_6,166.7,657.3,1154.0
10442368,stimulus_Arg_PISACowsMilk_10_page_6,166.6,657.3,1155.0
10442369,stimulus_Arg_PISACowsMilk_10_page_6,166.4,657.4,1156.0
10442370,stimulus_Arg_PISACowsMilk_10_page_6,166.1,657.3,1156.0
10442371,stimulus_Arg_PISACowsMilk_10_page_6,166.0,657.3,1156.0
10442372,stimulus_Arg_PISACowsMilk_10_page_6,166.1,657.2,1156.0
10442373,stimulus_Arg_PISACowsMilk_10_page_6,166.3,657.2,1156.0
10442374,stimulus_Arg_PISACowsMilk_10_page_6,166.5,657.4,1156.0
10442375,stimulus_Arg_PISACowsMilk_10_page_6,166.7,657.6,1156.0
10442376,stimulus_Arg_PISACowsMilk_10_page_6,166.8,657.8,1155.0
10442377,stimulus_Arg_PISACowsMilk_10_page_6,167.0,657.8,1155.0
10442378,stimulus_Arg_PISACowsMilk_10_page_6,167.2,657.8,1155.0
10442379,stimulus_Arg_PISACowsMilk_10_page_6,166.9,657.8,1156.0
10442380,stimulus_Arg_PISACowsMilk_10_page_6,166.6,657.6,1156.0
10442381,stimulus_Arg_PISACowsMilk_10_page_6,166.3,657.4,1157.0
10442382,stimulus_Arg_PISACowsMilk_10_page_6,166.2,657.2,1157.0
10442383,stimulus_Arg_PISACowsMilk_10_page_6,165.9,657.3,1157.0
10442384,stimulus_Arg_PISACowsMilk_10_page_6,165.6,657.4,1157.0
10442385,stimulus_Arg_PISACowsMilk_10_page_6,165.5,657.5,1155.0
10442386,stimulus_Arg_PISACowsMilk_10_page_6,165.6,657.5,1154.0
10442387,stimulus_Arg_PISACowsMilk_10_page_6,165.7,657.7,1153.0
10442388,stimulus_Arg_PISACowsMilk_10_page_6,165.7,657.9,1153.0
10442389,stimulus_Arg_PISACowsMilk_10_page_6,165.7,658.1,1153.0
10442390,stimulus_Arg_PISACowsMilk_10_page_6,165.5,658.4,1153.0
10442391,stimulus_Arg_PISACowsMilk_10_page_6,165.3,658.6,1153.0
10442392,stimulus_Arg_PISACowsMilk_10_page_6,165.3,658.8,1153.0
10442393,stimulus_Arg_PISACowsMilk_10_page_6,165.6,658.7,1154.0
10442394,stimulus_Arg_PISACowsMilk_10_page_6,165.9,658.5,1154.0
10442395,stimulus_Arg_PISACowsMilk_10_page_6,166.0,658.3,1154.0
10442396,stimulus_Arg_PISACowsMilk_10_page_6,166.0,658.2,1154.0
10442397,stimulus_Arg_PISACowsMilk_10_page_6,166.0,658.3,1154.0
10442398,stimulus_Arg_PISACowsMilk_10_page_6,166.0,658.4,1154.0
10442399,stimulus_Arg_PISACowsMilk_10_page_6,166.1,658.2,1155.0
10442400,stimulus_Arg_PISACowsMilk_10_page_6,166.2,657.9,1156.0
10442401,stimulus_Arg_PISACowsMilk_10_page_6,166.3,657.7,1157.0
10442402,stimulus_Arg_PISACowsMilk_10_page_6,166.3,658.0,1156.0
10442403,stimulus_Arg_PISACowsMilk_10_page_6,166.3,658.3,1156.0
10442404,stimulus_Arg_PISACowsMilk_10_page_6,166.3,658.6,1156.0
10442405,stimulus_Arg_PISACowsMilk_10_page_6,165.9,658.6,1156.0
10442406,stimulus_Arg_PISACowsMilk_10_page_6,165.6,658.6,1156.0
10442407,stimulus_Arg_PISACowsMilk_10_page_6,165.5,658.6,1156.0
10442408,stimulus_Arg_PISACowsMilk_10_page_6,165.7,658.7,1156.0
10442409,stimulus_Arg_PISACowsMilk_10_page_6,165.9,658.7,1156.0
10442410,stimulus_Arg_PISACowsMilk_10_page_6,165.9,658.7,1156.0
10442411,stimulus_Arg_PISACowsMilk_10_page_6,165.9,658.7,1156.0
10442412,stimulus_Arg_PISACowsMilk_10_page_6,165.9,658.7,1156.0
10442413,stimulus_Arg_PISACowsMilk_10_page_6,165.9,658.7,1157.0
10442414,stimulus_Arg_PISACowsMilk_10_page_6,165.9,658.7,1157.0
10442415,stimulus_Arg_PISACowsMilk_10_page_6,165.8,658.8,1157.0
10442416,stimulus_Arg_PISACowsMilk_10_page_6,165.8,658.8,1157.0
10442417,stimulus_Arg_PISACowsMilk_10_page_6,165.7,658.8,1156.0
10442418,stimulus_Arg_PISACowsMilk_10_page_6,165.5,658.7,1157.0
10442419,stimulus_Arg_PISACowsMilk_10_page_6,165.3,658.7,1157.0
10442420,stimulus_Arg_PISACowsMilk_10_page_6,165.2,658.7,1157.0
10442421,stimulus_Arg_PISACowsMilk_10_page_6,165.1,658.8,1156.0
10442422,stimulus_Arg_PISACowsMilk_10_page_6,165.2,658.7,1156.0
10442423,stimulus_Arg_PISACowsMilk_10_page_6,165.3,658.5,1155.0
10442424,stimulus_Arg_PISACowsMilk_10_page_6,165.3,658.3,1154.0
10442425,stimulus_Arg_PISACowsMilk_10_page_6,165.3,658.2,1153.0
10442426,stimulus_Arg_PISACowsMilk_10_page_6,165.4,658.1,1153.0
10442427,stimulus_Arg_PISACowsMilk_10_page_6,165.6,658.0,1152.0
10442428,stimulus_Arg_PISACowsMilk_10_page_6,165.8,658.0,1151.0
10442429,stimulus_Arg_PISACowsMilk_10_page_6,165.8,658.0,1151.0
10442430,stimulus_Arg_PISACowsMilk_10_page_6,165.8,658.0,1152.0
10442431,stimulus_Arg_PISACowsMilk_10_page_6,166.1,658.1,1153.0
10442432,stimulus_Arg_PISACowsMilk_10_page_6,166.4,658.1,1153.0
10442433,stimulus_Arg_PISACowsMilk_10_page_6,166.7,658.3,1153.0
10442434,stimulus_Arg_PISACowsMilk_10_page_6,166.8,658.4,1152.0
10442435,stimulus_Arg_PISACowsMilk_10_page_6,166.8,658.5,1151.0
10442436,stimulus_Arg_PISACowsMilk_10_page_6,166.6,658.5,1150.0
10442437,stimulus_Arg_PISACowsMilk_10_page_6,166.2,658.5,1150.0
10442438,stimulus_Arg_PISACowsMilk_10_page_6,165.7,658.4,1150.0
10442439,stimulus_Arg_PISACowsMilk_10_page_6,165.2,658.3,1151.0
10442440,stimulus_Arg_PISACowsMilk_10_page_6,164.9,658.5,1151.0
10442441,stimulus_Arg_PISACowsMilk_10_page_6,164.8,658.9,1151.0
10442442,stimulus_Arg_PISACowsMilk_10_page_6,164.8,658.9,1151.0
10442443,stimulus_Arg_PISACowsMilk_10_page_6,164.9,658.7,1151.0
10442444,stimulus_Arg_PISACowsMilk_10_page_6,164.9,658.2,1151.0
10442445,stimulus_Arg_PISACowsMilk_10_page_6,165.6,658.1,1151.0
10442446,stimulus_Arg_PISACowsMilk_10_page_6,166.3,657.9,1151.0
10442447,stimulus_Arg_PISACowsMilk_10_page_6,166.9,657.8,1151.0
10442448,stimulus_Arg_PISACowsMilk_10_page_6,166.9,657.6,1152.0
10442449,stimulus_Arg_PISACowsMilk_10_page_6,166.9,657.4,1152.0
10442450,stimulus_Arg_PISACowsMilk_10_page_6,167.0,657.3,1152.0
10442451,stimulus_Arg_PISACowsMilk_10_page_6,167.1,657.1,1151.0
10442452,stimulus_Arg_PISACowsMilk_10_page_6,167.3,657.0,1150.0
10442453,stimulus_Arg_PISACowsMilk_10_page_6,167.4,656.9,1149.0
10442454,stimulus_Arg_PISACowsMilk_10_page_6,167.5,656.9,1148.0
10442455,stimulus_Arg_PISACowsMilk_10_page_6,167.0,656.9,1148.0
10442456,stimulus_Arg_PISACowsMilk_10_page_6,166.2,657.0,1148.0
10442457,stimulus_Arg_PISACowsMilk_10_page_6,164.8,657.6,1149.0
10442458,stimulus_Arg_PISACowsMilk_10_page_6,163.5,658.2,1148.0
10442459,stimulus_Arg_PISACowsMilk_10_page_6,162.0,659.1,1147.0
10442460,stimulus_Arg_PISACowsMilk_10_page_6,159.2,659.6,1146.0
10442461,stimulus_Arg_PISACowsMilk_10_page_6,154.4,660.7,1145.0
10442462,stimulus_Arg_PISACowsMilk_10_page_6,149.2,662.0,1145.0
10442463,stimulus_Arg_PISACowsMilk_10_page_6,143.6,664.7,1144.0
10442464,stimulus_Arg_PISACowsMilk_10_page_6,137.2,668.3,1144.0
10442465,stimulus_Arg_PISACowsMilk_10_page_6,130.4,672.3,1143.0
10442466,stimulus_Arg_PISACowsMilk_10_page_6,123.8,675.4,1143.0
10442467,stimulus_Arg_PISACowsMilk_10_page_6,117.6,677.5,1144.0
10442468,stimulus_Arg_PISACowsMilk_10_page_6,111.2,679.0,1145.0
10442469,stimulus_Arg_PISACowsMilk_10_page_6,105.4,680.4,1148.0
10442470,stimulus_Arg_PISACowsMilk_10_page_6,101.4,681.5,1150.0
10442471,stimulus_Arg_PISACowsMilk_10_page_6,99.0,682.3,1151.0
10442472,stimulus_Arg_PISACowsMilk_10_page_6,98.0,682.7,1151.0
10442473,stimulus_Arg_PISACowsMilk_10_page_6,97.9,683.3,1149.0
10442474,stimulus_Arg_PISACowsMilk_10_page_6,98.0,683.7,1147.0
10442475,stimulus_Arg_PISACowsMilk_10_page_6,99.4,683.6,1147.0
10442476,stimulus_Arg_PISACowsMilk_10_page_6,101.1,682.9,1147.0
10442477,stimulus_Arg_PISACowsMilk_10_page_6,104.0,682.0,1147.0
10442478,stimulus_Arg_PISACowsMilk_10_page_6,106.1,681.1,1146.0
10442479,stimulus_Arg_PISACowsMilk_10_page_6,108.3,680.0,1146.0
10442480,stimulus_Arg_PISACowsMilk_10_page_6,110.1,678.7,1146.0
10442481,stimulus_Arg_PISACowsMilk_10_page_6,111.6,677.4,1147.0
10442482,stimulus_Arg_PISACowsMilk_10_page_6,112.9,676.3,1148.0
10442483,stimulus_Arg_PISACowsMilk_10_page_6,114.0,675.7,1148.0
10442484,stimulus_Arg_PISACowsMilk_10_page_6,115.2,675.4,1147.0
10442485,stimulus_Arg_PISACowsMilk_10_page_6,116.3,675.3,1146.0
10442486,stimulus_Arg_PISACowsMilk_10_page_6,116.9,675.3,1145.0
10442487,stimulus_Arg_PISACowsMilk_10_page_6,117.3,675.4,1143.0
10442488,stimulus_Arg_PISACowsMilk_10_page_6,117.5,675.7,1142.0
10442489,stimulus_Arg_PISACowsMilk_10_page_6,117.3,675.9,1141.0
10442490,stimulus_Arg_PISACowsMilk_10_page_6,117.1,676.2,1142.0
10442491,stimulus_Arg_PISACowsMilk_10_page_6,116.9,676.2,1143.0
10442492,stimulus_Arg_PISACowsMilk_10_page_6,116.9,676.3,1143.0
10442493,stimulus_Arg_PISACowsMilk_10_page_6,117.0,676.3,1144.0
10442494,stimulus_Arg_PISACowsMilk_10_page_6,117.1,676.2,1144.0
10442495,stimulus_Arg_PISACowsMilk_10_page_6,116.9,676.1,1144.0
10442496,stimulus_Arg_PISACowsMilk_10_page_6,116.7,675.9,1144.0
10442497,stimulus_Arg_PISACowsMilk_10_page_6,116.3,675.7,1144.0
10442498,stimulus_Arg_PISACowsMilk_10_page_6,116.1,675.4,1144.0
10442499,stimulus_Arg_PISACowsMilk_10_page_6,115.6,675.5,1144.0
10442500,stimulus_Arg_PISACowsMilk_10_page_6,114.9,675.8,1144.0
10442501,stimulus_Arg_PISACowsMilk_10_page_6,114.4,676.1,1143.0
10442502,stimulus_Arg_PISACowsMilk_10_page_6,113.8,676.2,1142.0
10442503,stimulus_Arg_PISACowsMilk_10_page_6,113.5,676.3,1142.0
10442504,stimulus_Arg_PISACowsMilk_10_page_6,113.1,676.5,1141.0
10442505,stimulus_Arg_PISACowsMilk_10_page_6,112.9,676.4,1141.0
10442506,stimulus_Arg_PISACowsMilk_10_page_6,112.7,676.4,1141.0
10442507,stimulus_Arg_PISACowsMilk_10_page_6,112.6,676.5,1141.0
10442508,stimulus_Arg_PISACowsMilk_10_page_6,112.5,676.7,1141.0
10442509,stimulus_Arg_PISACowsMilk_10_page_6,112.5,677.0,1141.0
10442510,stimulus_Arg_PISACowsMilk_10_page_6,112.6,677.0,1142.0
10442511,stimulus_Arg_PISACowsMilk_10_page_6,112.6,676.8,1142.0
10442512,stimulus_Arg_PISACowsMilk_10_page_6,112.6,676.5,1142.0
10442513,stimulus_Arg_PISACowsMilk_10_page_6,112.7,676.3,1143.0
10442514,stimulus_Arg_PISACowsMilk_10_page_6,112.8,676.2,1142.0
10442515,stimulus_Arg_PISACowsMilk_10_page_6,112.6,676.1,1140.0
10442516,stimulus_Arg_PISACowsMilk_10_page_6,112.5,676.0,1139.0
10442517,stimulus_Arg_PISACowsMilk_10_page_6,112.3,675.8,1139.0
10442518,stimulus_Arg_PISACowsMilk_10_page_6,112.5,675.6,1140.0
10442519,stimulus_Arg_PISACowsMilk_10_page_6,112.5,675.5,1139.0
10442520,stimulus_Arg_PISACowsMilk_10_page_6,112.4,675.6,1138.0
10442521,stimulus_Arg_PISACowsMilk_10_page_6,112.2,675.8,1137.0
10442522,stimulus_Arg_PISACowsMilk_10_page_6,112.3,676.1,1137.0
10442523,stimulus_Arg_PISACowsMilk_10_page_6,112.5,675.9,1136.0
10442524,stimulus_Arg_PISACowsMilk_10_page_6,112.7,675.7,1136.0
10442525,stimulus_Arg_PISACowsMilk_10_page_6,112.6,675.4,1135.0
10442526,stimulus_Arg_PISACowsMilk_10_page_6,112.5,675.4,1135.0
10442527,stimulus_Arg_PISACowsMilk_10_page_6,112.4,675.4,1135.0
10442528,stimulus_Arg_PISACowsMilk_10_page_6,112.4,675.4,1135.0
10442529,stimulus_Arg_PISACowsMilk_10_page_6,112.4,675.5,1136.0
10442530,stimulus_Arg_PISACowsMilk_10_page_6,112.3,675.6,1136.0
10442531,stimulus_Arg_PISACowsMilk_10_page_6,112.1,676.0,1136.0
10442532,stimulus_Arg_PISACowsMilk_10_page_6,112.2,676.3,1136.0
10442533,stimulus_Arg_PISACowsMilk_10_page_6,112.4,676.5,1136.0
10442534,stimulus_Arg_PISACowsMilk_10_page_6,112.5,676.8,1135.0
10442535,stimulus_Arg_PISACowsMilk_10_page_6,112.4,677.0,1134.0
10442536,stimulus_Arg_PISACowsMilk_10_page_6,112.2,677.2,1133.0
10442537,stimulus_Arg_PISACowsMilk_10_page_6,112.3,677.0,1134.0
10442538,stimulus_Arg_PISACowsMilk_10_page_6,112.3,676.8,1135.0
10442539,stimulus_Arg_PISACowsMilk_10_page_6,112.3,676.6,1135.0
10442540,stimulus_Arg_PISACowsMilk_10_page_6,112.4,676.3,1135.0
10442541,stimulus_Arg_PISACowsMilk_10_page_6,112.5,676.1,1135.0
10442542,stimulus_Arg_PISACowsMilk_10_page_6,112.7,676.0,1136.0
10442543,stimulus_Arg_PISACowsMilk_10_page_6,112.8,675.9,1136.0
10442544,stimulus_Arg_PISACowsMilk_10_page_6,112.6,676.1,1136.0
10442545,stimulus_Arg_PISACowsMilk_10_page_6,112.4,676.3,1135.0
10442546,stimulus_Arg_PISACowsMilk_10_page_6,112.6,676.5,1135.0
10442547,stimulus_Arg_PISACowsMilk_10_page_6,112.9,676.4,1134.0
10442548,stimulus_Arg_PISACowsMilk_10_page_6,113.1,676.4,1134.0
10442549,stimulus_Arg_PISACowsMilk_10_page_6,112.9,676.5,1133.0
10442550,stimulus_Arg_PISACowsMilk_10_page_6,112.7,676.5,1132.0
10442551,stimulus_Arg_PISACowsMilk_10_page_6,112.5,676.4,1131.0
10442552,stimulus_Arg_PISACowsMilk_10_page_6,112.3,676.2,1131.0
10442553,stimulus_Arg_PISACowsMilk_10_page_6,112.5,676.0,1131.0
10442554,stimulus_Arg_PISACowsMilk_10_page_6,112.7,675.9,1131.0
10442555,stimulus_Arg_PISACowsMilk_10_page_6,112.9,675.9,1130.0
10442556,stimulus_Arg_PISACowsMilk_10_page_6,112.9,675.9,1130.0
10442557,stimulus_Arg_PISACowsMilk_10_page_6,112.7,676.0,1130.0
10442558,stimulus_Arg_PISACowsMilk_10_page_6,112.7,676.1,1130.0
10442559,stimulus_Arg_PISACowsMilk_10_page_6,112.6,676.2,1131.0
10442560,stimulus_Arg_PISACowsMilk_10_page_6,112.5,676.3,1133.0
10442561,stimulus_Arg_PISACowsMilk_10_page_6,112.3,676.3,1133.0
10442562,stimulus_Arg_PISACowsMilk_10_page_6,112.2,676.3,1132.0
10442563,stimulus_Arg_PISACowsMilk_10_page_6,112.1,676.3,1131.0
10442564,stimulus_Arg_PISACowsMilk_10_page_6,112.0,676.4,1131.0
10442565,stimulus_Arg_PISACowsMilk_10_page_6,111.9,676.5,1130.0
10442566,stimulus_Arg_PISACowsMilk_10_page_6,111.8,676.5,1128.0
10442567,stimulus_Arg_PISACowsMilk_10_page_6,111.7,676.4,1128.0
10442568,stimulus_Arg_PISACowsMilk_10_page_6,111.5,676.3,1129.0
10442569,stimulus_Arg_PISACowsMilk_10_page_6,111.4,676.0,1130.0
10442570,stimulus_Arg_PISACowsMilk_10_page_6,111.4,675.6,1130.0
10442571,stimulus_Arg_PISACowsMilk_10_page_6,111.4,675.3,1132.0
10442572,stimulus_Arg_PISACowsMilk_10_page_6,111.5,675.2,1133.0
10442573,stimulus_Arg_PISACowsMilk_10_page_6,111.5,675.4,1133.0
10442574,stimulus_Arg_PISACowsMilk_10_page_6,111.4,675.6,1132.0
10442575,stimulus_Arg_PISACowsMilk_10_page_6,111.3,675.9,1132.0
10442576,stimulus_Arg_PISACowsMilk_10_page_6,111.4,675.9,1133.0
10442577,stimulus_Arg_PISACowsMilk_10_page_6,111.5,675.8,1133.0
10442578,stimulus_Arg_PISACowsMilk_10_page_6,111.6,675.6,1132.0
10442579,stimulus_Arg_PISACowsMilk_10_page_6,111.5,675.5,1132.0
10442580,stimulus_Arg_PISACowsMilk_10_page_6,111.4,675.5,1133.0
10442581,stimulus_Arg_PISACowsMilk_10_page_6,111.5,675.5,1134.0
10442582,stimulus_Arg_PISACowsMilk_10_page_6,111.7,675.5,1133.0
10442583,stimulus_Arg_PISACowsMilk_10_page_6,111.9,675.5,1133.0
10442584,stimulus_Arg_PISACowsMilk_10_page_6,112.1,675.6,1132.0
10442585,stimulus_Arg_PISACowsMilk_10_page_6,112.3,675.9,1132.0
10442586,stimulus_Arg_PISACowsMilk_10_page_6,112.3,676.1,1132.0
10442587,stimulus_Arg_PISACowsMilk_10_page_6,112.3,676.3,1132.0
10442588,stimulus_Arg_PISACowsMilk_10_page_6,112.3,676.3,1133.0
10442589,stimulus_Arg_PISACowsMilk_10_page_6,112.2,676.2,1133.0
10442590,stimulus_Arg_PISACowsMilk_10_page_6,112.3,676.1,1133.0
10442591,stimulus_Arg_PISACowsMilk_10_page_6,112.3,676.0,1133.0
10442592,stimulus_Arg_PISACowsMilk_10_page_6,112.4,676.0,1133.0
10442593,stimulus_Arg_PISACowsMilk_10_page_6,112.5,676.1,1134.0
10442594,stimulus_Arg_PISACowsMilk_10_page_6,112.5,676.3,1134.0
10442595,stimulus_Arg_PISACowsMilk_10_page_6,112.4,676.3,1135.0
10442596,stimulus_Arg_PISACowsMilk_10_page_6,112.4,676.2,1135.0
10442597,stimulus_Arg_PISACowsMilk_10_page_6,112.4,676.2,1134.0
10442598,stimulus_Arg_PISACowsMilk_10_page_6,112.3,676.3,1134.0
10442599,stimulus_Arg_PISACowsMilk_10_page_6,112.2,676.5,1134.0
10442600,stimulus_Arg_PISACowsMilk_10_page_6,112.5,676.6,1133.0
10442601,stimulus_Arg_PISACowsMilk_10_page_6,112.8,676.4,1133.0
10442602,stimulus_Arg_PISACowsMilk_10_page_6,113.1,676.3,1134.0
10442603,stimulus_Arg_PISACowsMilk_10_page_6,113.4,676.1,1134.0
10442604,stimulus_Arg_PISACowsMilk_10_page_6,113.7,676.1,1135.0
10442605,stimulus_Arg_PISACowsMilk_10_page_6,114.0,676.2,1134.0
10442606,stimulus_Arg_PISACowsMilk_10_page_6,113.9,676.4,1134.0
10442607,stimulus_Arg_PISACowsMilk_10_page_6,113.9,676.6,1133.0
10442608,stimulus_Arg_PISACowsMilk_10_page_6,113.8,676.6,1132.0
10442609,stimulus_Arg_PISACowsMilk_10_page_6,113.7,676.6,1131.0
10442610,stimulus_Arg_PISACowsMilk_10_page_6,113.7,676.7,1130.0
10442611,stimulus_Arg_PISACowsMilk_10_page_6,113.7,676.8,1130.0
10442612,stimulus_Arg_PISACowsMilk_10_page_6,113.7,676.9,1130.0
10442613,stimulus_Arg_PISACowsMilk_10_page_6,113.7,676.8,1131.0
10442614,stimulus_Arg_PISACowsMilk_10_page_6,113.8,676.8,1131.0
10442615,stimulus_Arg_PISACowsMilk_10_page_6,114.0,677.0,1131.0
10442616,stimulus_Arg_PISACowsMilk_10_page_6,114.1,677.2,1131.0
10442617,stimulus_Arg_PISACowsMilk_10_page_6,114.2,677.5,1131.0
10442618,stimulus_Arg_PISACowsMilk_10_page_6,114.2,677.6,1131.0
10442619,stimulus_Arg_PISACowsMilk_10_page_6,114.3,677.7,1132.0
10442620,stimulus_Arg_PISACowsMilk_10_page_6,114.4,677.8,1133.0
10442621,stimulus_Arg_PISACowsMilk_10_page_6,114.5,677.8,1134.0
10442622,stimulus_Arg_PISACowsMilk_10_page_6,114.5,677.9,1134.0
10442623,stimulus_Arg_PISACowsMilk_10_page_6,114.5,677.9,1133.0
10442624,stimulus_Arg_PISACowsMilk_10_page_6,114.6,678.1,1133.0
10442625,stimulus_Arg_PISACowsMilk_10_page_6,114.7,678.3,1132.0
10442626,stimulus_Arg_PISACowsMilk_10_page_6,114.8,678.4,1132.0
10442627,stimulus_Arg_PISACowsMilk_10_page_6,114.9,678.4,1132.0
10442628,stimulus_Arg_PISACowsMilk_10_page_6,115.0,678.1,1132.0
10442629,stimulus_Arg_PISACowsMilk_10_page_6,115.0,677.7,1132.0
10442630,stimulus_Arg_PISACowsMilk_10_page_6,114.8,677.4,1131.0
10442631,stimulus_Arg_PISACowsMilk_10_page_6,114.5,677.4,1131.0
10442632,stimulus_Arg_PISACowsMilk_10_page_6,114.6,677.5,1131.0
10442633,stimulus_Arg_PISACowsMilk_10_page_6,114.7,677.6,1131.0
10442634,stimulus_Arg_PISACowsMilk_10_page_6,115.0,677.8,1131.0
10442635,stimulus_Arg_PISACowsMilk_10_page_6,115.0,677.9,1131.0
10442636,stimulus_Arg_PISACowsMilk_10_page_6,115.0,677.8,1131.0
10442637,stimulus_Arg_PISACowsMilk_10_page_6,115.0,677.6,1131.0
10442638,stimulus_Arg_PISACowsMilk_10_page_6,114.9,677.3,1131.0
10442639,stimulus_Arg_PISACowsMilk_10_page_6,114.8,677.1,1131.0
10442640,stimulus_Arg_PISACowsMilk_10_page_6,115.0,677.1,1131.0
10442641,stimulus_Arg_PISACowsMilk_10_page_6,115.2,677.2,1132.0
10442642,stimulus_Arg_PISACowsMilk_10_page_6,115.4,677.1,1133.0
10442643,stimulus_Arg_PISACowsMilk_10_page_6,115.6,676.9,1134.0
10442644,stimulus_Arg_PISACowsMilk_10_page_6,115.6,676.7,1133.0
10442645,stimulus_Arg_PISACowsMilk_10_page_6,115.6,676.6,1134.0
10442646,stimulus_Arg_PISACowsMilk_10_page_6,115.6,676.8,1134.0
10442647,stimulus_Arg_PISACowsMilk_10_page_6,115.5,677.0,1135.0
10442648,stimulus_Arg_PISACowsMilk_10_page_6,115.5,677.2,1134.0
10442649,stimulus_Arg_PISACowsMilk_10_page_6,115.4,677.2,1134.0
10442650,stimulus_Arg_PISACowsMilk_10_page_6,115.6,677.3,1134.0
10442651,stimulus_Arg_PISACowsMilk_10_page_6,115.7,677.4,1134.0
10442652,stimulus_Arg_PISACowsMilk_10_page_6,115.8,677.3,1134.0
10442653,stimulus_Arg_PISACowsMilk_10_page_6,115.6,677.2,1134.0
10442654,stimulus_Arg_PISACowsMilk_10_page_6,115.3,677.1,1133.0
10442655,stimulus_Arg_PISACowsMilk_10_page_6,115.0,677.1,1133.0
10442656,stimulus_Arg_PISACowsMilk_10_page_6,115.0,677.2,1134.0
10442657,stimulus_Arg_PISACowsMilk_10_page_6,114.9,677.3,1134.0
10442658,stimulus_Arg_PISACowsMilk_10_page_6,114.9,677.3,1134.0
10442659,stimulus_Arg_PISACowsMilk_10_page_6,114.9,677.5,1134.0
10442660,stimulus_Arg_PISACowsMilk_10_page_6,114.6,677.7,1134.0
10442661,stimulus_Arg_PISACowsMilk_10_page_6,114.4,677.9,1134.0
10442662,stimulus_Arg_PISACowsMilk_10_page_6,114.3,677.7,1134.0
10442663,stimulus_Arg_PISACowsMilk_10_page_6,114.6,677.6,1133.0
10442664,stimulus_Arg_PISACowsMilk_10_page_6,114.9,677.6,1133.0
10442665,stimulus_Arg_PISACowsMilk_10_page_6,115.1,677.6,1132.0
10442666,stimulus_Arg_PISACowsMilk_10_page_6,115.1,677.7,1132.0
10442667,stimulus_Arg_PISACowsMilk_10_page_6,115.0,677.8,1133.0
10442668,stimulus_Arg_PISACowsMilk_10_page_6,114.9,677.9,1134.0
10442669,stimulus_Arg_PISACowsMilk_10_page_6,114.8,677.9,1134.0
10442670,stimulus_Arg_PISACowsMilk_10_page_6,114.7,677.9,1134.0
10442671,stimulus_Arg_PISACowsMilk_10_page_6,114.6,677.9,1134.0
10442672,stimulus_Arg_PISACowsMilk_10_page_6,114.2,677.9,1135.0
10442673,stimulus_Arg_PISACowsMilk_10_page_6,114.0,678.0,1135.0
10442674,stimulus_Arg_PISACowsMilk_10_page_6,113.7,678.1,1136.0
10442675,stimulus_Arg_PISACowsMilk_10_page_6,113.6,678.2,1137.0
10442676,stimulus_Arg_PISACowsMilk_10_page_6,113.6,678.2,1137.0
10442677,stimulus_Arg_PISACowsMilk_10_page_6,113.6,678.2,1136.0
10442678,stimulus_Arg_PISACowsMilk_10_page_6,113.5,678.2,1136.0
10442679,stimulus_Arg_PISACowsMilk_10_page_6,113.4,678.3,1136.0
10442680,stimulus_Arg_PISACowsMilk_10_page_6,113.4,678.5,1137.0
10442681,stimulus_Arg_PISACowsMilk_10_page_6,113.3,678.7,1138.0
10442682,stimulus_Arg_PISACowsMilk_10_page_6,113.4,678.8,1138.0
10442683,stimulus_Arg_PISACowsMilk_10_page_6,113.5,678.8,1138.0
10442684,stimulus_Arg_PISACowsMilk_10_page_6,113.6,678.8,1138.0
10442685,stimulus_Arg_PISACowsMilk_10_page_6,113.4,678.8,1138.0
10442686,stimulus_Arg_PISACowsMilk_10_page_6,113.4,678.8,1138.0
10442687,stimulus_Arg_PISACowsMilk_10_page_6,113.2,678.8,1138.0
10442688,stimulus_Arg_PISACowsMilk_10_page_6,113.2,678.8,1138.0
10442689,stimulus_Arg_PISACowsMilk_10_page_6,113.1,678.9,1138.0
10442690,stimulus_Arg_PISACowsMilk_10_page_6,112.9,679.1,1138.0
10442691,stimulus_Arg_PISACowsMilk_10_page_6,112.7,679.2,1138.0
10442692,stimulus_Arg_PISACowsMilk_10_page_6,112.4,679.2,1139.0
10442693,stimulus_Arg_PISACowsMilk_10_page_6,112.3,679.2,1139.0
10442694,stimulus_Arg_PISACowsMilk_10_page_6,112.1,679.4,1139.0
10442695,stimulus_Arg_PISACowsMilk_10_page_6,112.0,679.6,1137.0
10442696,stimulus_Arg_PISACowsMilk_10_page_6,111.8,679.5,1137.0
10442697,stimulus_Arg_PISACowsMilk_10_page_6,111.6,679.3,1137.0
10442698,stimulus_Arg_PISACowsMilk_10_page_6,111.8,679.1,1138.0
10442699,stimulus_Arg_PISACowsMilk_10_page_6,112.1,679.1,1138.0
10442700,stimulus_Arg_PISACowsMilk_10_page_6,112.4,679.2,1138.0
10442701,stimulus_Arg_PISACowsMilk_10_page_6,112.4,679.3,1138.0
10442702,stimulus_Arg_PISACowsMilk_10_page_6,112.4,679.1,1138.0
10442703,stimulus_Arg_PISACowsMilk_10_page_6,112.3,678.9,1139.0
10442704,stimulus_Arg_PISACowsMilk_10_page_6,112.2,678.6,1140.0
10442705,stimulus_Arg_PISACowsMilk_10_page_6,112.1,678.5,1140.0
10442706,stimulus_Arg_PISACowsMilk_10_page_6,112.1,678.4,1140.0
10442707,stimulus_Arg_PISACowsMilk_10_page_6,112.0,678.4,1140.0
10442708,stimulus_Arg_PISACowsMilk_10_page_6,111.9,678.3,1141.0
10442709,stimulus_Arg_PISACowsMilk_10_page_6,111.9,678.1,1141.0
10442710,stimulus_Arg_PISACowsMilk_10_page_6,111.8,677.8,1141.0
10442711,stimulus_Arg_PISACowsMilk_10_page_6,111.6,677.6,1141.0
10442712,stimulus_Arg_PISACowsMilk_10_page_6,111.6,677.5,1140.0
10442713,stimulus_Arg_PISACowsMilk_10_page_6,111.5,677.4,1139.0
10442714,stimulus_Arg_PISACowsMilk_10_page_6,111.5,677.3,1139.0
10442715,stimulus_Arg_PISACowsMilk_10_page_6,111.5,677.2,1139.0
10442716,stimulus_Arg_PISACowsMilk_10_page_6,111.6,677.0,1140.0
10442717,stimulus_Arg_PISACowsMilk_10_page_6,111.8,676.9,1141.0
10442718,stimulus_Arg_PISACowsMilk_10_page_6,112.0,676.9,1142.0
10442719,stimulus_Arg_PISACowsMilk_10_page_6,112.1,676.9,1143.0
10442720,stimulus_Arg_PISACowsMilk_10_page_6,112.1,676.9,1144.0
10442721,stimulus_Arg_PISACowsMilk_10_page_6,112.0,676.9,1144.0
10442722,stimulus_Arg_PISACowsMilk_10_page_6,111.9,677.0,1144.0
10442723,stimulus_Arg_PISACowsMilk_10_page_6,111.8,677.0,1143.0
10442724,stimulus_Arg_PISACowsMilk_10_page_6,111.9,677.0,1143.0
10442725,stimulus_Arg_PISACowsMilk_10_page_6,112.3,677.0,1143.0
10442726,stimulus_Arg_PISACowsMilk_10_page_6,112.6,677.0,1143.0
10442727,stimulus_Arg_PISACowsMilk_10_page_6,112.8,677.0,1142.0
10442728,stimulus_Arg_PISACowsMilk_10_page_6,112.8,676.9,1142.0
10442729,stimulus_Arg_PISACowsMilk_10_page_6,112.7,676.9,1142.0
10442730,stimulus_Arg_PISACowsMilk_10_page_6,112.7,676.8,1142.0
10442731,stimulus_Arg_PISACowsMilk_10_page_6,112.7,677.0,1142.0
10442732,stimulus_Arg_PISACowsMilk_10_page_6,112.1,677.2,1142.0
10442733,stimulus_Arg_PISACowsMilk_10_page_6,111.4,677.4,1143.0
10442734,stimulus_Arg_PISACowsMilk_10_page_6,110.9,677.3,1143.0
10442735,stimulus_Arg_PISACowsMilk_10_page_6,111.2,677.4,1143.0
10442736,stimulus_Arg_PISACowsMilk_10_page_6,111.5,677.5,1143.0
10442737,stimulus_Arg_PISACowsMilk_10_page_6,111.7,677.8,1143.0
10442738,stimulus_Arg_PISACowsMilk_10_page_6,111.6,678.0,1144.0
10442739,stimulus_Arg_PISACowsMilk_10_page_6,111.5,678.2,1144.0
10442740,stimulus_Arg_PISACowsMilk_10_page_6,111.4,678.3,1145.0
10442741,stimulus_Arg_PISACowsMilk_10_page_6,111.4,678.3,1145.0
10442742,stimulus_Arg_PISACowsMilk_10_page_6,111.4,678.2,1145.0
10442743,stimulus_Arg_PISACowsMilk_10_page_6,111.4,678.2,1145.0
10442744,stimulus_Arg_PISACowsMilk_10_page_6,111.2,678.1,1144.0
10442745,stimulus_Arg_PISACowsMilk_10_page_6,111.0,677.9,1144.0
10442746,stimulus_Arg_PISACowsMilk_10_page_6,111.0,677.9,1144.0
10442747,stimulus_Arg_PISACowsMilk_10_page_6,111.1,677.9,1144.0
10442748,stimulus_Arg_PISACowsMilk_10_page_6,111.1,678.0,1145.0
10442749,stimulus_Arg_PISACowsMilk_10_page_6,110.8,678.0,1145.0
10442750,stimulus_Arg_PISACowsMilk_10_page_6,110.5,678.0,1146.0
10442751,stimulus_Arg_PISACowsMilk_10_page_6,110.4,678.0,1147.0
10442752,stimulus_Arg_PISACowsMilk_10_page_6,110.7,678.0,1148.0
10442753,stimulus_Arg_PISACowsMilk_10_page_6,110.9,678.2,1148.0
10442754,stimulus_Arg_PISACowsMilk_10_page_6,111.0,678.4,1147.0
10442755,stimulus_Arg_PISACowsMilk_10_page_6,110.9,678.6,1147.0
10442756,stimulus_Arg_PISACowsMilk_10_page_6,110.8,678.7,1146.0
10442757,stimulus_Arg_PISACowsMilk_10_page_6,111.0,678.8,1147.0
10442758,stimulus_Arg_PISACowsMilk_10_page_6,111.2,678.8,1147.0
10442759,stimulus_Arg_PISACowsMilk_10_page_6,111.3,678.6,1147.0
10442760,stimulus_Arg_PISACowsMilk_10_page_6,111.1,678.5,1147.0
10442761,stimulus_Arg_PISACowsMilk_10_page_6,110.9,678.3,1147.0
10442762,stimulus_Arg_PISACowsMilk_10_page_6,110.8,678.1,1147.0
10442763,stimulus_Arg_PISACowsMilk_10_page_6,110.8,678.0,1147.0
10442764,stimulus_Arg_PISACowsMilk_10_page_6,110.8,677.9,1147.0
10442765,stimulus_Arg_PISACowsMilk_10_page_6,110.7,677.9,1147.0
10442766,stimulus_Arg_PISACowsMilk_10_page_6,110.7,677.9,1147.0
10442767,stimulus_Arg_PISACowsMilk_10_page_6,110.5,677.9,1147.0
10442768,stimulus_Arg_PISACowsMilk_10_page_6,110.2,677.9,1148.0
10442769,stimulus_Arg_PISACowsMilk_10_page_6,110.0,677.8,1149.0
10442770,stimulus_Arg_PISACowsMilk_10_page_6,110.0,677.8,1149.0
10442771,stimulus_Arg_PISACowsMilk_10_page_6,110.0,677.8,1149.0
10442772,stimulus_Arg_PISACowsMilk_10_page_6,109.9,677.9,1149.0
10442773,stimulus_Arg_PISACowsMilk_10_page_6,109.9,678.0,1149.0
10442774,stimulus_Arg_PISACowsMilk_10_page_6,110.1,678.1,1149.0
10442775,stimulus_Arg_PISACowsMilk_10_page_6,110.3,678.1,1149.0
10442776,stimulus_Arg_PISACowsMilk_10_page_6,110.6,678.2,1149.0
10442777,stimulus_Arg_PISACowsMilk_10_page_6,110.7,678.2,1149.0
10442778,stimulus_Arg_PISACowsMilk_10_page_6,111.0,678.3,1149.0
10442779,stimulus_Arg_PISACowsMilk_10_page_6,111.2,678.5,1149.0
10442780,stimulus_Arg_PISACowsMilk_10_page_6,111.4,678.5,1149.0
10442781,stimulus_Arg_PISACowsMilk_10_page_6,111.4,678.4,1148.0
10442782,stimulus_Arg_PISACowsMilk_10_page_6,111.5,678.2,1149.0
10442783,stimulus_Arg_PISACowsMilk_10_page_6,111.4,678.3,1149.0
10442784,stimulus_Arg_PISACowsMilk_10_page_6,111.4,678.4,1150.0
10442785,stimulus_Arg_PISACowsMilk_10_page_6,111.3,678.6,1150.0
10442786,stimulus_Arg_PISACowsMilk_10_page_6,111.3,678.9,1149.0
10442787,stimulus_Arg_PISACowsMilk_10_page_6,111.4,678.9,1149.0
10442788,stimulus_Arg_PISACowsMilk_10_page_6,111.6,678.6,1149.0
10442789,stimulus_Arg_PISACowsMilk_10_page_6,111.7,678.3,1148.0
10442790,stimulus_Arg_PISACowsMilk_10_page_6,111.6,678.3,1148.0
10442791,stimulus_Arg_PISACowsMilk_10_page_6,111.5,678.5,1148.0
10442792,stimulus_Arg_PISACowsMilk_10_page_6,111.3,678.8,1148.0
10442793,stimulus_Arg_PISACowsMilk_10_page_6,111.4,679.0,1148.0
10442794,stimulus_Arg_PISACowsMilk_10_page_6,111.6,679.0,1148.0
10442795,stimulus_Arg_PISACowsMilk_10_page_6,111.8,678.9,1148.0
10442796,stimulus_Arg_PISACowsMilk_10_page_6,111.7,678.7,1148.0
10442797,stimulus_Arg_PISACowsMilk_10_page_6,111.5,678.6,1148.0
10442798,stimulus_Arg_PISACowsMilk_10_page_6,111.2,678.3,1148.0
10442799,stimulus_Arg_PISACowsMilk_10_page_6,111.2,678.0,1148.0
10442800,stimulus_Arg_PISACowsMilk_10_page_6,111.3,677.8,1149.0
10442801,stimulus_Arg_PISACowsMilk_10_page_6,111.4,677.8,1149.0
10442802,stimulus_Arg_PISACowsMilk_10_page_6,111.5,677.8,1148.0
10442803,stimulus_Arg_PISACowsMilk_10_page_6,111.6,677.8,1148.0
10442804,stimulus_Arg_PISACowsMilk_10_page_6,111.7,677.6,1148.0
10442805,stimulus_Arg_PISACowsMilk_10_page_6,111.8,677.5,1149.0
10442806,stimulus_Arg_PISACowsMilk_10_page_6,111.8,677.6,1150.0
10442807,stimulus_Arg_PISACowsMilk_10_page_6,111.9,677.8,1150.0
10442808,stimulus_Arg_PISACowsMilk_10_page_6,111.8,678.0,1150.0
10442809,stimulus_Arg_PISACowsMilk_10_page_6,111.8,678.0,1149.0
10442810,stimulus_Arg_PISACowsMilk_10_page_6,111.8,678.0,1149.0
10442811,stimulus_Arg_PISACowsMilk_10_page_6,111.8,678.0,1149.0
10442812,stimulus_Arg_PISACowsMilk_10_page_6,111.6,678.0,1149.0
10442813,stimulus_Arg_PISACowsMilk_10_page_6,111.3,678.1,1149.0
10442814,stimulus_Arg_PISACowsMilk_10_page_6,111.1,678.2,1149.0
10442815,stimulus_Arg_PISACowsMilk_10_page_6,111.1,678.3,1148.0
10442816,stimulus_Arg_PISACowsMilk_10_page_6,111.1,678.3,1148.0
10442817,stimulus_Arg_PISACowsMilk_10_page_6,111.2,678.2,1149.0
10442818,stimulus_Arg_PISACowsMilk_10_page_6,111.3,678.2,1149.0
10442819,stimulus_Arg_PISACowsMilk_10_page_6,111.5,678.2,1149.0
10442820,stimulus_Arg_PISACowsMilk_10_page_6,111.6,678.2,1150.0
10442821,stimulus_Arg_PISACowsMilk_10_page_6,111.7,678.1,1151.0
10442822,stimulus_Arg_PISACowsMilk_10_page_6,111.8,678.0,1151.0
10442823,stimulus_Arg_PISACowsMilk_10_page_6,111.9,678.0,1149.0
10442824,stimulus_Arg_PISACowsMilk_10_page_6,111.8,677.9,1148.0
10442825,stimulus_Arg_PISACowsMilk_10_page_6,111.7,678.0,1148.0
10442826,stimulus_Arg_PISACowsMilk_10_page_6,111.5,678.1,1149.0
10442827,stimulus_Arg_PISACowsMilk_10_page_6,111.5,678.3,1149.0
10442828,stimulus_Arg_PISACowsMilk_10_page_6,111.4,678.5,1149.0
10442829,stimulus_Arg_PISACowsMilk_10_page_6,111.2,678.7,1148.0
10442830,stimulus_Arg_PISACowsMilk_10_page_6,111.1,678.8,1148.0
10442831,stimulus_Arg_PISACowsMilk_10_page_6,111.1,678.8,1149.0
10442832,stimulus_Arg_PISACowsMilk_10_page_6,111.2,678.6,1149.0
10442833,stimulus_Arg_PISACowsMilk_10_page_6,111.0,678.3,1149.0
10442834,stimulus_Arg_PISACowsMilk_10_page_6,110.7,677.9,1149.0
10442835,stimulus_Arg_PISACowsMilk_10_page_6,110.4,678.0,1148.0
10442836,stimulus_Arg_PISACowsMilk_10_page_6,110.4,678.3,1148.0
10442837,stimulus_Arg_PISACowsMilk_10_page_6,110.5,678.7,1148.0
10442838,stimulus_Arg_PISACowsMilk_10_page_6,110.8,678.8,1148.0
10442839,stimulus_Arg_PISACowsMilk_10_page_6,111.0,678.6,1148.0
10442840,stimulus_Arg_PISACowsMilk_10_page_6,111.6,678.4,1150.0
10442841,stimulus_Arg_PISACowsMilk_10_page_6,112.8,677.7,1151.0
10442842,stimulus_Arg_PISACowsMilk_10_page_6,114.6,677.1,1153.0
10442843,stimulus_Arg_PISACowsMilk_10_page_6,116.7,676.5,1154.0
10442844,stimulus_Arg_PISACowsMilk_10_page_6,119.0,676.5,1156.0
10442845,stimulus_Arg_PISACowsMilk_10_page_6,122.2,676.7,1155.0
10442846,stimulus_Arg_PISACowsMilk_10_page_6,126.0,676.9,1152.0
10442847,stimulus_Arg_PISACowsMilk_10_page_6,130.2,676.8,1149.0
10442848,stimulus_Arg_PISACowsMilk_10_page_6,134.4,676.4,1150.0
10442849,stimulus_Arg_PISACowsMilk_10_page_6,137.6,675.7,1151.0
10442850,stimulus_Arg_PISACowsMilk_10_page_6,140.1,675.1,1153.0
10442851,stimulus_Arg_PISACowsMilk_10_page_6,141.1,674.4,1154.0
10442852,stimulus_Arg_PISACowsMilk_10_page_6,141.6,673.7,1154.0
10442853,stimulus_Arg_PISACowsMilk_10_page_6,141.7,673.1,1152.0
10442854,stimulus_Arg_PISACowsMilk_10_page_6,141.5,672.8,1150.0
10442855,stimulus_Arg_PISACowsMilk_10_page_6,141.0,672.7,1149.0
10442856,stimulus_Arg_PISACowsMilk_10_page_6,140.0,672.7,1149.0
10442857,stimulus_Arg_PISACowsMilk_10_page_6,139.1,672.5,1149.0
10442858,stimulus_Arg_PISACowsMilk_10_page_6,138.3,672.3,1148.0
10442859,stimulus_Arg_PISACowsMilk_10_page_6,137.7,672.5,1148.0
10442860,stimulus_Arg_PISACowsMilk_10_page_6,136.9,672.9,1148.0
10442861,stimulus_Arg_PISACowsMilk_10_page_6,136.0,673.7,1150.0
10442862,stimulus_Arg_PISACowsMilk_10_page_6,135.2,674.1,1151.0
10442863,stimulus_Arg_PISACowsMilk_10_page_6,134.5,674.8,1153.0
10442864,stimulus_Arg_PISACowsMilk_10_page_6,134.0,675.3,1152.0
10442865,stimulus_Arg_PISACowsMilk_10_page_6,133.4,675.7,1153.0
10442866,stimulus_Arg_PISACowsMilk_10_page_6,133.2,675.8,1154.0
10442867,stimulus_Arg_PISACowsMilk_10_page_6,133.0,676.0,1155.0
10442868,stimulus_Arg_PISACowsMilk_10_page_6,132.9,676.1,1155.0
10442869,stimulus_Arg_PISACowsMilk_10_page_6,133.0,676.2,1154.0
10442870,stimulus_Arg_PISACowsMilk_10_page_6,133.0,676.3,1154.0
10442871,stimulus_Arg_PISACowsMilk_10_page_6,133.0,676.4,1153.0
10442872,stimulus_Arg_PISACowsMilk_10_page_6,132.9,676.5,1151.0
10442873,stimulus_Arg_PISACowsMilk_10_page_6,132.9,676.5,1151.0
10442874,stimulus_Arg_PISACowsMilk_10_page_6,132.9,676.6,1150.0
10442875,stimulus_Arg_PISACowsMilk_10_page_6,132.9,676.3,1151.0
10442876,stimulus_Arg_PISACowsMilk_10_page_6,132.9,675.8,1151.0
10442877,stimulus_Arg_PISACowsMilk_10_page_6,133.0,675.3,1151.0
10442878,stimulus_Arg_PISACowsMilk_10_page_6,133.3,675.2,1150.0
10442879,stimulus_Arg_PISACowsMilk_10_page_6,133.7,675.2,1150.0
10442880,stimulus_Arg_PISACowsMilk_10_page_6,134.0,675.3,1151.0
10442881,stimulus_Arg_PISACowsMilk_10_page_6,134.0,675.2,1151.0
10442882,stimulus_Arg_PISACowsMilk_10_page_6,134.0,675.1,1152.0
10442883,stimulus_Arg_PISACowsMilk_10_page_6,133.9,674.9,1151.0
10442884,stimulus_Arg_PISACowsMilk_10_page_6,133.8,674.9,1151.0
10442885,stimulus_Arg_PISACowsMilk_10_page_6,133.8,674.8,1151.0
10442886,stimulus_Arg_PISACowsMilk_10_page_6,133.8,674.8,1150.0
10442887,stimulus_Arg_PISACowsMilk_10_page_6,133.7,674.9,1150.0
10442888,stimulus_Arg_PISACowsMilk_10_page_6,133.6,675.1,1151.0
10442889,stimulus_Arg_PISACowsMilk_10_page_6,133.5,675.3,1152.0
10442890,stimulus_Arg_PISACowsMilk_10_page_6,133.5,675.4,1153.0
10442891,stimulus_Arg_PISACowsMilk_10_page_6,133.5,675.4,1153.0
10442892,stimulus_Arg_PISACowsMilk_10_page_6,133.5,675.3,1153.0
10442893,stimulus_Arg_PISACowsMilk_10_page_6,133.5,675.2,1152.0
10442894,stimulus_Arg_PISACowsMilk_10_page_6,133.4,675.1,1150.0
10442895,stimulus_Arg_PISACowsMilk_10_page_6,133.3,675.0,1149.0
10442896,stimulus_Arg_PISACowsMilk_10_page_6,133.2,675.0,1149.0
10442897,stimulus_Arg_PISACowsMilk_10_page_6,133.3,675.0,1149.0
10442898,stimulus_Arg_PISACowsMilk_10_page_6,133.4,674.9,1150.0
10442899,stimulus_Arg_PISACowsMilk_10_page_6,133.3,674.8,1149.0
10442900,stimulus_Arg_PISACowsMilk_10_page_6,133.2,674.8,1150.0
10442901,stimulus_Arg_PISACowsMilk_10_page_6,133.3,674.7,1150.0
10442902,stimulus_Arg_PISACowsMilk_10_page_6,133.5,674.7,1150.0
10442903,stimulus_Arg_PISACowsMilk_10_page_6,133.7,674.6,1150.0
10442904,stimulus_Arg_PISACowsMilk_10_page_6,133.6,674.5,1149.0
10442905,stimulus_Arg_PISACowsMilk_10_page_6,133.5,674.3,1151.0
10442906,stimulus_Arg_PISACowsMilk_10_page_6,133.4,674.2,1152.0
10442907,stimulus_Arg_PISACowsMilk_10_page_6,133.3,674.3,1152.0
10442908,stimulus_Arg_PISACowsMilk_10_page_6,133.3,674.5,1151.0
10442909,stimulus_Arg_PISACowsMilk_10_page_6,133.2,674.7,1149.0
10442910,stimulus_Arg_PISACowsMilk_10_page_6,133.1,674.7,1149.0
10442911,stimulus_Arg_PISACowsMilk_10_page_6,133.0,674.6,1149.0
10442912,stimulus_Arg_PISACowsMilk_10_page_6,132.9,674.6,1149.0
10442913,stimulus_Arg_PISACowsMilk_10_page_6,133.0,674.5,1149.0
10442914,stimulus_Arg_PISACowsMilk_10_page_6,133.1,674.4,1149.0
10442915,stimulus_Arg_PISACowsMilk_10_page_6,133.2,674.3,1149.0
10442916,stimulus_Arg_PISACowsMilk_10_page_6,133.2,674.3,1150.0
10442917,stimulus_Arg_PISACowsMilk_10_page_6,133.3,674.2,1150.0
10442918,stimulus_Arg_PISACowsMilk_10_page_6,133.2,674.3,1151.0
10442919,stimulus_Arg_PISACowsMilk_10_page_6,133.0,674.4,1150.0
10442920,stimulus_Arg_PISACowsMilk_10_page_6,132.9,674.6,1150.0
10442921,stimulus_Arg_PISACowsMilk_10_page_6,133.0,674.5,1149.0
10442922,stimulus_Arg_PISACowsMilk_10_page_6,133.0,674.4,1148.0
10442923,stimulus_Arg_PISACowsMilk_10_page_6,133.0,674.2,1148.0
10442924,stimulus_Arg_PISACowsMilk_10_page_6,132.7,674.3,1148.0
10442925,stimulus_Arg_PISACowsMilk_10_page_6,132.4,674.4,1148.0
10442926,stimulus_Arg_PISACowsMilk_10_page_6,132.4,674.4,1148.0
10442927,stimulus_Arg_PISACowsMilk_10_page_6,132.6,674.4,1147.0
10442928,stimulus_Arg_PISACowsMilk_10_page_6,132.8,674.4,1147.0
10442929,stimulus_Arg_PISACowsMilk_10_page_6,133.0,674.6,1147.0
10442930,stimulus_Arg_PISACowsMilk_10_page_6,133.2,674.7,1149.0
10442931,stimulus_Arg_PISACowsMilk_10_page_6,133.2,674.9,1150.0
10442932,stimulus_Arg_PISACowsMilk_10_page_6,133.2,675.0,1150.0
10442933,stimulus_Arg_PISACowsMilk_10_page_6,133.1,675.0,1149.0
10442934,stimulus_Arg_PISACowsMilk_10_page_6,133.1,674.7,1148.0
10442935,stimulus_Arg_PISACowsMilk_10_page_6,133.1,674.4,1148.0
10442936,stimulus_Arg_PISACowsMilk_10_page_6,133.1,674.1,1147.0
10442937,stimulus_Arg_PISACowsMilk_10_page_6,133.0,674.2,1146.0
10442938,stimulus_Arg_PISACowsMilk_10_page_6,133.1,674.2,1145.0
10442939,stimulus_Arg_PISACowsMilk_10_page_6,133.2,674.3,1144.0
10442940,stimulus_Arg_PISACowsMilk_10_page_6,133.2,674.3,1144.0
10442941,stimulus_Arg_PISACowsMilk_10_page_6,133.1,674.3,1144.0
10442942,stimulus_Arg_PISACowsMilk_10_page_6,133.1,674.3,1145.0
10442943,stimulus_Arg_PISACowsMilk_10_page_6,133.2,674.3,1144.0
10442944,stimulus_Arg_PISACowsMilk_10_page_6,133.4,674.3,1144.0
10442945,stimulus_Arg_PISACowsMilk_10_page_6,133.4,674.3,1143.0
10442946,stimulus_Arg_PISACowsMilk_10_page_6,133.4,674.3,1143.0
10442947,stimulus_Arg_PISACowsMilk_10_page_6,133.4,674.4,1143.0
10442948,stimulus_Arg_PISACowsMilk_10_page_6,133.2,674.5,1143.0
10442949,stimulus_Arg_PISACowsMilk_10_page_6,133.0,674.5,1143.0
10442950,stimulus_Arg_PISACowsMilk_10_page_6,132.8,674.5,1144.0
10442951,stimulus_Arg_PISACowsMilk_10_page_6,132.8,674.5,1145.0
10442952,stimulus_Arg_PISACowsMilk_10_page_6,132.9,674.4,1146.0
10442953,stimulus_Arg_PISACowsMilk_10_page_6,133.0,674.2,1147.0
10442954,stimulus_Arg_PISACowsMilk_10_page_6,133.0,674.2,1146.0
10442955,stimulus_Arg_PISACowsMilk_10_page_6,133.0,674.5,1146.0
10442956,stimulus_Arg_PISACowsMilk_10_page_6,133.0,674.8,1145.0
10442957,stimulus_Arg_PISACowsMilk_10_page_6,133.0,674.9,1145.0
10442958,stimulus_Arg_PISACowsMilk_10_page_6,133.0,675.0,1144.0
10442959,stimulus_Arg_PISACowsMilk_10_page_6,132.9,675.0,1144.0
10442960,stimulus_Arg_PISACowsMilk_10_page_6,132.8,675.0,1144.0
10442961,stimulus_Arg_PISACowsMilk_10_page_6,132.8,674.9,1144.0
10442962,stimulus_Arg_PISACowsMilk_10_page_6,133.3,674.8,1143.0
10442963,stimulus_Arg_PISACowsMilk_10_page_6,133.8,674.7,1142.0
10442964,stimulus_Arg_PISACowsMilk_10_page_6,134.2,674.2,1142.0
10442965,stimulus_Arg_PISACowsMilk_10_page_6,134.0,673.8,1142.0
10442966,stimulus_Arg_PISACowsMilk_10_page_6,133.7,673.9,1142.0
10442967,stimulus_Arg_PISACowsMilk_10_page_6,133.7,674.3,1141.0
10442968,stimulus_Arg_PISACowsMilk_10_page_6,133.6,674.7,1141.0
10442969,stimulus_Arg_PISACowsMilk_10_page_6,133.7,674.7,1141.0
10442970,stimulus_Arg_PISACowsMilk_10_page_6,133.7,674.7,1142.0
10442971,stimulus_Arg_PISACowsMilk_10_page_6,133.7,674.7,1143.0
10442972,stimulus_Arg_PISACowsMilk_10_page_6,133.7,674.8,1143.0
10442973,stimulus_Arg_PISACowsMilk_10_page_6,133.7,674.9,1143.0
10442974,stimulus_Arg_PISACowsMilk_10_page_6,133.7,675.0,1143.0
10442975,stimulus_Arg_PISACowsMilk_10_page_6,133.6,674.9,1142.0
10442976,stimulus_Arg_PISACowsMilk_10_page_6,133.6,674.8,1142.0
10442977,stimulus_Arg_PISACowsMilk_10_page_6,133.6,674.5,1141.0
10442978,stimulus_Arg_PISACowsMilk_10_page_6,133.6,674.3,1141.0
10442979,stimulus_Arg_PISACowsMilk_10_page_6,133.6,674.2,1141.0
10442980,stimulus_Arg_PISACowsMilk_10_page_6,133.5,674.2,1141.0
10442981,stimulus_Arg_PISACowsMilk_10_page_6,133.3,674.2,1142.0
10442982,stimulus_Arg_PISACowsMilk_10_page_6,132.8,674.3,1141.0
10442983,stimulus_Arg_PISACowsMilk_10_page_6,132.4,674.4,1141.0
10442984,stimulus_Arg_PISACowsMilk_10_page_6,132.4,674.5,1141.0
10442985,stimulus_Arg_PISACowsMilk_10_page_6,132.8,674.5,1141.0
10442986,stimulus_Arg_PISACowsMilk_10_page_6,133.0,674.6,1141.0
10442987,stimulus_Arg_PISACowsMilk_10_page_6,133.0,674.6,1141.0
10442988,stimulus_Arg_PISACowsMilk_10_page_6,132.9,674.5,1141.0
10442989,stimulus_Arg_PISACowsMilk_10_page_6,132.9,674.5,1140.0
10442990,stimulus_Arg_PISACowsMilk_10_page_6,132.8,674.5,1140.0
10442991,stimulus_Arg_PISACowsMilk_10_page_6,132.8,674.5,1140.0
10442992,stimulus_Arg_PISACowsMilk_10_page_6,132.7,674.6,1140.0
10442993,stimulus_Arg_PISACowsMilk_10_page_6,132.6,674.8,1140.0
10442994,stimulus_Arg_PISACowsMilk_10_page_6,132.6,675.0,1141.0
10442995,stimulus_Arg_PISACowsMilk_10_page_6,132.7,675.2,1141.0
10442996,stimulus_Arg_PISACowsMilk_10_page_6,133.3,675.6,1141.0
10442997,stimulus_Arg_PISACowsMilk_10_page_6,135.2,676.2,1141.0
10442998,stimulus_Arg_PISACowsMilk_10_page_6,138.2,676.4,1140.0
10442999,stimulus_Arg_PISACowsMilk_10_page_6,141.8,676.0,1139.0
10443000,stimulus_Arg_PISACowsMilk_10_page_6,146.2,675.6,1138.0
10443001,stimulus_Arg_PISACowsMilk_10_page_6,152.1,675.4,1138.0
10443002,stimulus_Arg_PISACowsMilk_10_page_6,158.8,674.6,1138.0
10443003,stimulus_Arg_PISACowsMilk_10_page_6,167.8,672.9,1138.0
10443004,stimulus_Arg_PISACowsMilk_10_page_6,177.0,670.8,1139.0
10443005,stimulus_Arg_PISACowsMilk_10_page_6,188.5,669.3,1139.0
10443006,stimulus_Arg_PISACowsMilk_10_page_6,199.3,668.7,1141.0
10443007,stimulus_Arg_PISACowsMilk_10_page_6,209.9,667.3,1144.0
10443008,stimulus_Arg_PISACowsMilk_10_page_6,220.2,665.8,1147.0
10443009,stimulus_Arg_PISACowsMilk_10_page_6,228.5,663.9,1149.0
10443010,stimulus_Arg_PISACowsMilk_10_page_6,237.2,663.2,1152.0
10443011,stimulus_Arg_PISACowsMilk_10_page_6,244.8,663.1,1155.0
10443012,stimulus_Arg_PISACowsMilk_10_page_6,252.0,662.7,1157.0
10443013,stimulus_Arg_PISACowsMilk_10_page_6,257.2,661.9,1157.0
10443014,stimulus_Arg_PISACowsMilk_10_page_6,260.3,660.7,1154.0
10443015,stimulus_Arg_PISACowsMilk_10_page_6,262.4,660.0,1151.0
10443016,stimulus_Arg_PISACowsMilk_10_page_6,263.5,659.6,1148.0
10443017,stimulus_Arg_PISACowsMilk_10_page_6,263.9,658.5,1147.0
10443018,stimulus_Arg_PISACowsMilk_10_page_6,264.3,657.7,1147.0
10443019,stimulus_Arg_PISACowsMilk_10_page_6,264.7,656.9,1147.0
10443020,stimulus_Arg_PISACowsMilk_10_page_6,265.7,657.9,1147.0
10443021,stimulus_Arg_PISACowsMilk_10_page_6,267.9,659.0,1148.0
10443022,stimulus_Arg_PISACowsMilk_10_page_6,270.8,660.4,1150.0
10443023,stimulus_Arg_PISACowsMilk_10_page_6,273.6,660.8,1151.0
10443024,stimulus_Arg_PISACowsMilk_10_page_6,277.7,662.2,1153.0
10443025,stimulus_Arg_PISACowsMilk_10_page_6,283.9,664.6,1155.0
10443026,stimulus_Arg_PISACowsMilk_10_page_6,292.0,667.0,1155.0
10443027,stimulus_Arg_PISACowsMilk_10_page_6,300.5,668.6,1155.0
10443028,stimulus_Arg_PISACowsMilk_10_page_6,309.5,669.2,1157.0
10443029,stimulus_Arg_PISACowsMilk_10_page_6,318.9,669.9,1160.0
10443030,stimulus_Arg_PISACowsMilk_10_page_6,327.9,670.5,1162.0
10443031,stimulus_Arg_PISACowsMilk_10_page_6,336.0,671.1,1163.0
10443032,stimulus_Arg_PISACowsMilk_10_page_6,343.7,671.5,1163.0
10443033,stimulus_Arg_PISACowsMilk_10_page_6,350.2,671.8,1165.0
10443034,stimulus_Arg_PISACowsMilk_10_page_6,353.6,671.3,1167.0
10443035,stimulus_Arg_PISACowsMilk_10_page_6,354.8,670.4,1169.0
10443036,stimulus_Arg_PISACowsMilk_10_page_6,353.7,668.7,1168.0
10443037,stimulus_Arg_PISACowsMilk_10_page_6,351.1,667.2,1165.0
10443038,stimulus_Arg_PISACowsMilk_10_page_6,347.2,666.0,1163.0
10443039,stimulus_Arg_PISACowsMilk_10_page_6,343.1,665.4,1162.0
10443040,stimulus_Arg_PISACowsMilk_10_page_6,338.3,665.0,1161.0
10443041,stimulus_Arg_PISACowsMilk_10_page_6,332.2,665.1,1161.0
10443042,stimulus_Arg_PISACowsMilk_10_page_6,326.4,665.5,1161.0
10443043,stimulus_Arg_PISACowsMilk_10_page_6,320.9,665.9,1161.0
10443044,stimulus_Arg_PISACowsMilk_10_page_6,317.2,666.4,1160.0
10443045,stimulus_Arg_PISACowsMilk_10_page_6,314.3,666.9,1159.0
10443046,stimulus_Arg_PISACowsMilk_10_page_6,313.3,667.8,1160.0
10443047,stimulus_Arg_PISACowsMilk_10_page_6,313.3,668.6,1161.0
10443048,stimulus_Arg_PISACowsMilk_10_page_6,314.6,669.6,1162.0
10443049,stimulus_Arg_PISACowsMilk_10_page_6,316.4,670.4,1163.0
10443050,stimulus_Arg_PISACowsMilk_10_page_6,319.5,671.4,1164.0
10443051,stimulus_Arg_PISACowsMilk_10_page_6,322.5,672.0,1165.0
10443052,stimulus_Arg_PISACowsMilk_10_page_6,325.4,672.6,1165.0
10443053,stimulus_Arg_PISACowsMilk_10_page_6,327.6,673.0,1165.0
10443054,stimulus_Arg_PISACowsMilk_10_page_6,329.7,673.5,1165.0
10443055,stimulus_Arg_PISACowsMilk_10_page_6,331.0,674.2,1165.0
10443056,stimulus_Arg_PISACowsMilk_10_page_6,331.9,674.7,1164.0
10443057,stimulus_Arg_PISACowsMilk_10_page_6,332.2,674.7,1164.0
10443058,stimulus_Arg_PISACowsMilk_10_page_6,332.1,674.0,1164.0
10443059,stimulus_Arg_PISACowsMilk_10_page_6,331.6,673.3,1164.0
10443060,stimulus_Arg_PISACowsMilk_10_page_6,331.1,673.0,1164.0
10443061,stimulus_Arg_PISACowsMilk_10_page_6,331.0,672.6,1164.0
10443062,stimulus_Arg_PISACowsMilk_10_page_6,331.0,672.1,1165.0
10443063,stimulus_Arg_PISACowsMilk_10_page_6,330.8,671.6,1165.0
10443064,stimulus_Arg_PISACowsMilk_10_page_6,330.5,671.6,1164.0
10443065,stimulus_Arg_PISACowsMilk_10_page_6,330.5,671.8,1164.0
10443066,stimulus_Arg_PISACowsMilk_10_page_6,330.8,672.0,1164.0
10443067,stimulus_Arg_PISACowsMilk_10_page_6,331.1,671.9,1163.0
10443068,stimulus_Arg_PISACowsMilk_10_page_6,331.0,671.7,1163.0
10443069,stimulus_Arg_PISACowsMilk_10_page_6,331.0,671.6,1163.0
10443070,stimulus_Arg_PISACowsMilk_10_page_6,330.9,671.6,1162.0
10443071,stimulus_Arg_PISACowsMilk_10_page_6,330.8,671.7,1161.0
10443072,stimulus_Arg_PISACowsMilk_10_page_6,330.8,671.8,1160.0
10443073,stimulus_Arg_PISACowsMilk_10_page_6,330.8,671.9,1159.0
10443074,stimulus_Arg_PISACowsMilk_10_page_6,330.8,671.9,1159.0
10443075,stimulus_Arg_PISACowsMilk_10_page_6,330.8,671.9,1159.0
10443076,stimulus_Arg_PISACowsMilk_10_page_6,330.8,672.0,1159.0
10443077,stimulus_Arg_PISACowsMilk_10_page_6,330.6,672.3,1159.0
10443078,stimulus_Arg_PISACowsMilk_10_page_6,330.4,672.5,1160.0
10443079,stimulus_Arg_PISACowsMilk_10_page_6,330.3,672.7,1160.0
10443080,stimulus_Arg_PISACowsMilk_10_page_6,330.6,673.0,1160.0
10443081,stimulus_Arg_PISACowsMilk_10_page_6,330.9,673.3,1161.0
10443082,stimulus_Arg_PISACowsMilk_10_page_6,331.3,673.6,1162.0
10443083,stimulus_Arg_PISACowsMilk_10_page_6,331.3,673.6,1163.0
10443084,stimulus_Arg_PISACowsMilk_10_page_6,331.9,674.0,1163.0
10443085,stimulus_Arg_PISACowsMilk_10_page_6,332.5,674.3,1164.0
10443086,stimulus_Arg_PISACowsMilk_10_page_6,333.1,674.7,1164.0
10443087,stimulus_Arg_PISACowsMilk_10_page_6,333.1,674.7,1165.0
10443088,stimulus_Arg_PISACowsMilk_10_page_6,333.1,674.8,1165.0
10443089,stimulus_Arg_PISACowsMilk_10_page_6,333.1,674.8,1165.0
10443090,stimulus_Arg_PISACowsMilk_10_page_6,333.5,674.8,1164.0
10443091,stimulus_Arg_PISACowsMilk_10_page_6,333.9,674.8,1166.0
10443092,stimulus_Arg_PISACowsMilk_10_page_6,333.8,674.5,1167.0
10443093,stimulus_Arg_PISACowsMilk_10_page_6,333.2,674.4,1168.0
10443094,stimulus_Arg_PISACowsMilk_10_page_6,332.6,674.5,1167.0
10443095,stimulus_Arg_PISACowsMilk_10_page_6,332.5,674.6,1166.0
10443096,stimulus_Arg_PISACowsMilk_10_page_6,332.4,674.7,1166.0
10443097,stimulus_Arg_PISACowsMilk_10_page_6,332.2,674.7,1166.0
10443098,stimulus_Arg_PISACowsMilk_10_page_6,332.2,674.8,1166.0
10443099,stimulus_Arg_PISACowsMilk_10_page_6,332.4,674.7,1167.0
10443100,stimulus_Arg_PISACowsMilk_10_page_6,332.6,674.6,1167.0
10443101,stimulus_Arg_PISACowsMilk_10_page_6,332.9,674.4,1168.0
10443102,stimulus_Arg_PISACowsMilk_10_page_6,332.9,674.4,1169.0
10443103,stimulus_Arg_PISACowsMilk_10_page_6,332.9,674.5,1169.0
10443104,stimulus_Arg_PISACowsMilk_10_page_6,332.7,674.4,1169.0
10443105,stimulus_Arg_PISACowsMilk_10_page_6,332.5,674.2,1168.0
10443106,stimulus_Arg_PISACowsMilk_10_page_6,332.3,674.0,1167.0
10443107,stimulus_Arg_PISACowsMilk_10_page_6,332.4,673.9,1168.0
10443108,stimulus_Arg_PISACowsMilk_10_page_6,332.6,673.9,1169.0
10443109,stimulus_Arg_PISACowsMilk_10_page_6,332.6,674.0,1170.0
10443110,stimulus_Arg_PISACowsMilk_10_page_6,332.5,674.3,1170.0
10443111,stimulus_Arg_PISACowsMilk_10_page_6,332.4,674.5,1171.0
10443112,stimulus_Arg_PISACowsMilk_10_page_6,332.2,674.3,1170.0
10443113,stimulus_Arg_PISACowsMilk_10_page_6,332.1,674.1,1170.0
10443114,stimulus_Arg_PISACowsMilk_10_page_6,332.0,673.9,1169.0
10443115,stimulus_Arg_PISACowsMilk_10_page_6,332.0,673.9,1169.0
10443116,stimulus_Arg_PISACowsMilk_10_page_6,332.0,674.0,1169.0
10443117,stimulus_Arg_PISACowsMilk_10_page_6,332.0,673.9,1168.0
10443118,stimulus_Arg_PISACowsMilk_10_page_6,332.0,673.4,1168.0
10443119,stimulus_Arg_PISACowsMilk_10_page_6,331.5,672.8,1168.0
10443120,stimulus_Arg_PISACowsMilk_10_page_6,330.8,672.1,1168.0
10443121,stimulus_Arg_PISACowsMilk_10_page_6,330.2,671.9,1168.0
10443122,stimulus_Arg_PISACowsMilk_10_page_6,330.2,671.7,1169.0
10443123,stimulus_Arg_PISACowsMilk_10_page_6,330.2,671.5,1168.0
10443124,stimulus_Arg_PISACowsMilk_10_page_6,330.1,671.4,1167.0
10443125,stimulus_Arg_PISACowsMilk_10_page_6,329.8,670.8,1167.0
10443126,stimulus_Arg_PISACowsMilk_10_page_6,329.4,670.3,1167.0
10443127,stimulus_Arg_PISACowsMilk_10_page_6,329.1,669.8,1167.0
10443128,stimulus_Arg_PISACowsMilk_10_page_6,329.1,669.8,1167.0
10443129,stimulus_Arg_PISACowsMilk_10_page_6,329.2,669.8,1167.0
10443130,stimulus_Arg_PISACowsMilk_10_page_6,329.2,670.0,1165.0
10443131,stimulus_Arg_PISACowsMilk_10_page_6,329.1,670.1,1164.0
10443132,stimulus_Arg_PISACowsMilk_10_page_6,328.9,670.2,1164.0
10443133,stimulus_Arg_PISACowsMilk_10_page_6,328.8,670.3,1164.0
10443134,stimulus_Arg_PISACowsMilk_10_page_6,328.6,670.3,1164.0
10443135,stimulus_Arg_PISACowsMilk_10_page_6,328.5,670.3,1163.0
10443136,stimulus_Arg_PISACowsMilk_10_page_6,328.4,670.3,1163.0
10443137,stimulus_Arg_PISACowsMilk_10_page_6,328.5,670.1,1162.0
10443138,stimulus_Arg_PISACowsMilk_10_page_6,328.4,669.9,1163.0
10443139,stimulus_Arg_PISACowsMilk_10_page_6,328.4,669.7,1164.0
10443140,stimulus_Arg_PISACowsMilk_10_page_6,328.4,669.6,1165.0
10443141,stimulus_Arg_PISACowsMilk_10_page_6,328.3,669.5,1165.0
10443142,stimulus_Arg_PISACowsMilk_10_page_6,328.3,669.5,1165.0
10443143,stimulus_Arg_PISACowsMilk_10_page_6,328.6,669.7,1165.0
10443144,stimulus_Arg_PISACowsMilk_10_page_6,328.8,669.9,1165.0
10443145,stimulus_Arg_PISACowsMilk_10_page_6,329.0,670.1,1165.0
10443146,stimulus_Arg_PISACowsMilk_10_page_6,329.0,670.2,1163.0
10443147,stimulus_Arg_PISACowsMilk_10_page_6,328.9,670.2,1162.0
10443148,stimulus_Arg_PISACowsMilk_10_page_6,328.8,670.1,1161.0
10443149,stimulus_Arg_PISACowsMilk_10_page_6,328.7,670.1,1162.0
10443150,stimulus_Arg_PISACowsMilk_10_page_6,328.6,670.2,1164.0
10443151,stimulus_Arg_PISACowsMilk_10_page_6,328.6,670.2,1165.0
10443152,stimulus_Arg_PISACowsMilk_10_page_6,328.5,670.3,1166.0
10443153,stimulus_Arg_PISACowsMilk_10_page_6,328.4,670.3,1166.0
10443154,stimulus_Arg_PISACowsMilk_10_page_6,328.4,670.3,1165.0
10443155,stimulus_Arg_PISACowsMilk_10_page_6,328.4,670.3,1163.0
10443156,stimulus_Arg_PISACowsMilk_10_page_6,328.4,670.2,1162.0
10443157,stimulus_Arg_PISACowsMilk_10_page_6,328.4,670.2,1161.0
10443158,stimulus_Arg_PISACowsMilk_10_page_6,328.3,670.0,1161.0
10443159,stimulus_Arg_PISACowsMilk_10_page_6,328.3,669.9,1160.0
10443160,stimulus_Arg_PISACowsMilk_10_page_6,328.3,669.8,1161.0
10443161,stimulus_Arg_PISACowsMilk_10_page_6,328.3,669.7,1162.0
10443162,stimulus_Arg_PISACowsMilk_10_page_6,328.2,669.4,1163.0
10443163,stimulus_Arg_PISACowsMilk_10_page_6,328.2,669.0,1162.0
10443164,stimulus_Arg_PISACowsMilk_10_page_6,328.2,668.8,1162.0
10443165,stimulus_Arg_PISACowsMilk_10_page_6,328.3,669.0,1162.0
10443166,stimulus_Arg_PISACowsMilk_10_page_6,328.5,669.4,1161.0
10443167,stimulus_Arg_PISACowsMilk_10_page_6,328.6,669.5,1160.0
10443168,stimulus_Arg_PISACowsMilk_10_page_6,328.5,669.7,1160.0
10443169,stimulus_Arg_PISACowsMilk_10_page_6,328.4,669.7,1162.0
10443170,stimulus_Arg_PISACowsMilk_10_page_6,328.3,669.9,1163.0
10443171,stimulus_Arg_PISACowsMilk_10_page_6,328.1,670.1,1163.0
10443172,stimulus_Arg_PISACowsMilk_10_page_6,328.0,670.0,1161.0
10443173,stimulus_Arg_PISACowsMilk_10_page_6,328.3,669.5,1160.0
10443174,stimulus_Arg_PISACowsMilk_10_page_6,328.5,669.3,1159.0
10443175,stimulus_Arg_PISACowsMilk_10_page_6,328.5,669.9,1159.0
10443176,stimulus_Arg_PISACowsMilk_10_page_6,328.2,670.4,1160.0
10443177,stimulus_Arg_PISACowsMilk_10_page_6,327.8,670.5,1160.0
10443178,stimulus_Arg_PISACowsMilk_10_page_6,327.8,670.2,1161.0
10443179,stimulus_Arg_PISACowsMilk_10_page_6,328.1,669.8,1162.0
10443180,stimulus_Arg_PISACowsMilk_10_page_6,328.5,669.5,1162.0
10443181,stimulus_Arg_PISACowsMilk_10_page_6,328.6,669.4,1162.0
10443182,stimulus_Arg_PISACowsMilk_10_page_6,328.4,669.2,1162.0
10443183,stimulus_Arg_PISACowsMilk_10_page_6,328.1,669.3,1162.0
10443184,stimulus_Arg_PISACowsMilk_10_page_6,327.8,669.3,1162.0
10443185,stimulus_Arg_PISACowsMilk_10_page_6,327.7,669.4,1161.0
10443186,stimulus_Arg_PISACowsMilk_10_page_6,327.6,669.6,1160.0
10443187,stimulus_Arg_PISACowsMilk_10_page_6,327.6,669.7,1160.0
10443188,stimulus_Arg_PISACowsMilk_10_page_6,327.7,669.6,1160.0
10443189,stimulus_Arg_PISACowsMilk_10_page_6,327.9,669.4,1160.0
10443190,stimulus_Arg_PISACowsMilk_10_page_6,328.1,669.2,1160.0
10443191,stimulus_Arg_PISACowsMilk_10_page_6,328.2,668.9,1160.0
10443192,stimulus_Arg_PISACowsMilk_10_page_6,328.3,669.1,1160.0
10443193,stimulus_Arg_PISACowsMilk_10_page_6,328.3,669.3,1161.0
10443194,stimulus_Arg_PISACowsMilk_10_page_6,328.2,669.6,1161.0
10443195,stimulus_Arg_PISACowsMilk_10_page_6,328.2,669.5,1161.0
10443196,stimulus_Arg_PISACowsMilk_10_page_6,328.3,669.4,1161.0
10443197,stimulus_Arg_PISACowsMilk_10_page_6,328.5,669.2,1160.0
10443198,stimulus_Arg_PISACowsMilk_10_page_6,328.3,669.1,1159.0
10443199,stimulus_Arg_PISACowsMilk_10_page_6,328.0,669.2,1158.0
10443200,stimulus_Arg_PISACowsMilk_10_page_6,327.8,669.5,1158.0
10443201,stimulus_Arg_PISACowsMilk_10_page_6,328.0,669.8,1158.0
10443202,stimulus_Arg_PISACowsMilk_10_page_6,328.3,669.9,1158.0
10443203,stimulus_Arg_PISACowsMilk_10_page_6,328.5,669.9,1159.0
10443204,stimulus_Arg_PISACowsMilk_10_page_6,328.5,669.8,1159.0
10443205,stimulus_Arg_PISACowsMilk_10_page_6,328.5,669.5,1158.0
10443206,stimulus_Arg_PISACowsMilk_10_page_6,328.5,669.3,1158.0
10443207,stimulus_Arg_PISACowsMilk_10_page_6,328.4,669.1,1158.0
10443208,stimulus_Arg_PISACowsMilk_10_page_6,328.4,669.0,1158.0
10443209,stimulus_Arg_PISACowsMilk_10_page_6,328.4,669.0,1158.0
10443210,stimulus_Arg_PISACowsMilk_10_page_6,328.1,669.0,1158.0
10443211,stimulus_Arg_PISACowsMilk_10_page_6,327.5,669.0,1158.0
10443212,stimulus_Arg_PISACowsMilk_10_page_6,326.5,670.0,1158.0
10443213,stimulus_Arg_PISACowsMilk_10_page_6,325.1,670.8,1158.0
10443214,stimulus_Arg_PISACowsMilk_10_page_6,322.9,671.8,1155.0
10443215,stimulus_Arg_PISACowsMilk_10_page_6,319.0,672.2,1152.0
10443216,stimulus_Arg_PISACowsMilk_10_page_6,313.1,672.5,1150.0
10443217,stimulus_Arg_PISACowsMilk_10_page_6,307.2,673.1,1151.0
10443218,stimulus_Arg_PISACowsMilk_10_page_6,300.4,673.6,1148.0
10443219,stimulus_Arg_PISACowsMilk_10_page_6,293.8,674.5,1146.0
10443220,stimulus_Arg_PISACowsMilk_10_page_6,286.7,674.8,1143.0
10443221,stimulus_Arg_PISACowsMilk_10_page_6,280.5,674.8,1144.0
10443222,stimulus_Arg_PISACowsMilk_10_page_6,276.1,674.7,1145.0
10443223,stimulus_Arg_PISACowsMilk_10_page_6,272.7,675.2,1144.0
10443224,stimulus_Arg_PISACowsMilk_10_page_6,271.1,676.5,1145.0
10443225,stimulus_Arg_PISACowsMilk_10_page_6,270.7,678.1,1145.0
10443226,stimulus_Arg_PISACowsMilk_10_page_6,271.7,679.2,1145.0
10443227,stimulus_Arg_PISACowsMilk_10_page_6,273.9,679.5,1145.0
10443228,stimulus_Arg_PISACowsMilk_10_page_6,276.4,679.5,1145.0
10443229,stimulus_Arg_PISACowsMilk_10_page_6,279.6,679.4,1146.0
10443230,stimulus_Arg_PISACowsMilk_10_page_6,282.9,679.1,1149.0
10443231,stimulus_Arg_PISACowsMilk_10_page_6,286.3,678.9,1150.0
10443232,stimulus_Arg_PISACowsMilk_10_page_6,289.3,678.5,1151.0
10443233,stimulus_Arg_PISACowsMilk_10_page_6,291.4,678.4,1152.0
10443234,stimulus_Arg_PISACowsMilk_10_page_6,292.4,678.0,1152.0
10443235,stimulus_Arg_PISACowsMilk_10_page_6,292.8,677.8,1152.0
10443236,stimulus_Arg_PISACowsMilk_10_page_6,293.1,677.7,1151.0
10443237,stimulus_Arg_PISACowsMilk_10_page_6,293.4,677.7,1151.0
10443238,stimulus_Arg_PISACowsMilk_10_page_6,293.0,677.4,1151.0
10443239,stimulus_Arg_PISACowsMilk_10_page_6,292.2,676.9,1151.0
10443240,stimulus_Arg_PISACowsMilk_10_page_6,291.2,676.4,1151.0
10443241,stimulus_Arg_PISACowsMilk_10_page_6,290.5,676.0,1151.0
10443242,stimulus_Arg_PISACowsMilk_10_page_6,289.7,675.6,1151.0
10443243,stimulus_Arg_PISACowsMilk_10_page_6,288.8,675.2,1151.0
10443244,stimulus_Arg_PISACowsMilk_10_page_6,288.2,674.8,1150.0
10443245,stimulus_Arg_PISACowsMilk_10_page_6,287.8,674.7,1149.0
10443246,stimulus_Arg_PISACowsMilk_10_page_6,287.5,674.6,1148.0
10443247,stimulus_Arg_PISACowsMilk_10_page_6,287.1,674.6,1147.0
10443248,stimulus_Arg_PISACowsMilk_10_page_6,286.8,674.6,1147.0
10443249,stimulus_Arg_PISACowsMilk_10_page_6,286.7,674.6,1147.0
10443250,stimulus_Arg_PISACowsMilk_10_page_6,286.7,674.6,1147.0
10443251,stimulus_Arg_PISACowsMilk_10_page_6,286.7,675.0,1147.0
10443252,stimulus_Arg_PISACowsMilk_10_page_6,286.6,675.4,1147.0
10443253,stimulus_Arg_PISACowsMilk_10_page_6,286.4,676.0,1147.0
10443254,stimulus_Arg_PISACowsMilk_10_page_6,286.2,676.3,1146.0
10443255,stimulus_Arg_PISACowsMilk_10_page_6,285.9,676.2,1145.0
10443256,stimulus_Arg_PISACowsMilk_10_page_6,285.5,675.7,1144.0
10443257,stimulus_Arg_PISACowsMilk_10_page_6,285.0,675.3,1143.0
10443258,stimulus_Arg_PISACowsMilk_10_page_6,284.8,675.3,1144.0
10443259,stimulus_Arg_PISACowsMilk_10_page_6,284.9,675.7,1144.0
10443260,stimulus_Arg_PISACowsMilk_10_page_6,285.0,676.2,1145.0
10443261,stimulus_Arg_PISACowsMilk_10_page_6,285.4,676.7,1145.0
10443262,stimulus_Arg_PISACowsMilk_10_page_6,285.7,676.7,1146.0
10443263,stimulus_Arg_PISACowsMilk_10_page_6,286.0,676.7,1146.0
10443264,stimulus_Arg_PISACowsMilk_10_page_6,286.3,676.6,1146.0
10443265,stimulus_Arg_PISACowsMilk_10_page_6,286.7,676.4,1146.0
10443266,stimulus_Arg_PISACowsMilk_10_page_6,287.0,676.2,1147.0
10443267,stimulus_Arg_PISACowsMilk_10_page_6,286.9,676.3,1147.0
10443268,stimulus_Arg_PISACowsMilk_10_page_6,286.9,676.5,1147.0
10443269,stimulus_Arg_PISACowsMilk_10_page_6,286.8,676.7,1147.0
10443270,stimulus_Arg_PISACowsMilk_10_page_6,286.8,676.9,1147.0
10443271,stimulus_Arg_PISACowsMilk_10_page_6,286.7,676.9,1147.0
10443272,stimulus_Arg_PISACowsMilk_10_page_6,286.7,676.9,1146.0
10443273,stimulus_Arg_PISACowsMilk_10_page_6,286.9,676.8,1146.0
10443274,stimulus_Arg_PISACowsMilk_10_page_6,287.0,676.6,1145.0
10443275,stimulus_Arg_PISACowsMilk_10_page_6,287.0,676.6,1145.0
10443276,stimulus_Arg_PISACowsMilk_10_page_6,286.8,676.6,1145.0
10443277,stimulus_Arg_PISACowsMilk_10_page_6,286.6,676.6,1145.0
10443278,stimulus_Arg_PISACowsMilk_10_page_6,286.1,676.2,1145.0
10443279,stimulus_Arg_PISACowsMilk_10_page_6,285.6,675.8,1145.0
10443280,stimulus_Arg_PISACowsMilk_10_page_6,285.1,675.5,1146.0
10443281,stimulus_Arg_PISACowsMilk_10_page_6,285.3,675.5,1146.0
10443282,stimulus_Arg_PISACowsMilk_10_page_6,285.5,675.6,1146.0
10443283,stimulus_Arg_PISACowsMilk_10_page_6,285.6,675.7,1145.0
10443284,stimulus_Arg_PISACowsMilk_10_page_6,285.5,675.7,1143.0
10443285,stimulus_Arg_PISACowsMilk_10_page_6,285.4,675.7,1143.0
10443286,stimulus_Arg_PISACowsMilk_10_page_6,285.4,675.6,1143.0
10443287,stimulus_Arg_PISACowsMilk_10_page_6,285.3,675.8,1143.0
10443288,stimulus_Arg_PISACowsMilk_10_page_6,285.3,675.9,1144.0
10443289,stimulus_Arg_PISACowsMilk_10_page_6,285.1,676.1,1145.0
10443290,stimulus_Arg_PISACowsMilk_10_page_6,285.1,676.1,1145.0
10443291,stimulus_Arg_PISACowsMilk_10_page_6,285.0,676.1,1145.0
10443292,stimulus_Arg_PISACowsMilk_10_page_6,285.0,676.1,1145.0
10443293,stimulus_Arg_PISACowsMilk_10_page_6,285.0,676.0,1145.0
10443294,stimulus_Arg_PISACowsMilk_10_page_6,284.8,675.9,1144.0
10443295,stimulus_Arg_PISACowsMilk_10_page_6,284.7,675.7,1143.0
10443296,stimulus_Arg_PISACowsMilk_10_page_6,284.6,675.5,1141.0
10443297,stimulus_Arg_PISACowsMilk_10_page_6,284.8,675.4,1141.0
10443298,stimulus_Arg_PISACowsMilk_10_page_6,285.0,675.4,1142.0
10443299,stimulus_Arg_PISACowsMilk_10_page_6,285.2,675.3,1143.0
10443300,stimulus_Arg_PISACowsMilk_10_page_6,285.3,675.2,1143.0
10443301,stimulus_Arg_PISACowsMilk_10_page_6,285.3,675.1,1143.0
10443302,stimulus_Arg_PISACowsMilk_10_page_6,285.1,675.1,1143.0
10443303,stimulus_Arg_PISACowsMilk_10_page_6,285.0,675.1,1142.0
10443304,stimulus_Arg_PISACowsMilk_10_page_6,284.9,675.1,1142.0
10443305,stimulus_Arg_PISACowsMilk_10_page_6,284.9,675.2,1142.0
10443306,stimulus_Arg_PISACowsMilk_10_page_6,285.2,675.2,1143.0
10443307,stimulus_Arg_PISACowsMilk_10_page_6,285.4,675.4,1143.0
10443308,stimulus_Arg_PISACowsMilk_10_page_6,285.7,675.5,1143.0
10443309,stimulus_Arg_PISACowsMilk_10_page_6,285.7,675.7,1144.0
10443310,stimulus_Arg_PISACowsMilk_10_page_6,285.4,675.7,1144.0
10443311,stimulus_Arg_PISACowsMilk_10_page_6,285.2,675.4,1144.0
10443312,stimulus_Arg_PISACowsMilk_10_page_6,285.0,675.1,1144.0
10443313,stimulus_Arg_PISACowsMilk_10_page_6,285.3,675.0,1144.0
10443314,stimulus_Arg_PISACowsMilk_10_page_6,285.5,675.4,1143.0
10443315,stimulus_Arg_PISACowsMilk_10_page_6,285.7,675.8,1143.0
10443316,stimulus_Arg_PISACowsMilk_10_page_6,285.7,675.8,1144.0
10443317,stimulus_Arg_PISACowsMilk_10_page_6,285.7,675.5,1145.0
10443318,stimulus_Arg_PISACowsMilk_10_page_6,285.6,675.2,1145.0
10443319,stimulus_Arg_PISACowsMilk_10_page_6,285.4,674.8,1144.0
10443320,stimulus_Arg_PISACowsMilk_10_page_6,285.0,674.9,1144.0
10443321,stimulus_Arg_PISACowsMilk_10_page_6,284.3,674.9,1143.0
10443322,stimulus_Arg_PISACowsMilk_10_page_6,283.9,674.9,1143.0
10443323,stimulus_Arg_PISACowsMilk_10_page_6,283.7,674.9,1143.0
10443324,stimulus_Arg_PISACowsMilk_10_page_6,283.9,674.9,1143.0
10443325,stimulus_Arg_PISACowsMilk_10_page_6,284.1,674.8,1143.0
10443326,stimulus_Arg_PISACowsMilk_10_page_6,284.2,674.7,1143.0
10443327,stimulus_Arg_PISACowsMilk_10_page_6,284.1,674.5,1142.0
10443328,stimulus_Arg_PISACowsMilk_10_page_6,284.3,674.5,1141.0
10443329,stimulus_Arg_PISACowsMilk_10_page_6,284.5,674.2,1140.0
10443330,stimulus_Arg_PISACowsMilk_10_page_6,284.6,673.9,1141.0
10443331,stimulus_Arg_PISACowsMilk_10_page_6,284.6,673.5,1141.0
10443332,stimulus_Arg_PISACowsMilk_10_page_6,284.4,673.5,1141.0
10443333,stimulus_Arg_PISACowsMilk_10_page_6,284.1,673.5,1141.0
10443334,stimulus_Arg_PISACowsMilk_10_page_6,283.8,673.5,1141.0
10443335,stimulus_Arg_PISACowsMilk_10_page_6,283.8,673.6,1141.0
10443336,stimulus_Arg_PISACowsMilk_10_page_6,283.8,673.7,1141.0
10443337,stimulus_Arg_PISACowsMilk_10_page_6,283.8,673.8,1141.0
10443338,stimulus_Arg_PISACowsMilk_10_page_6,283.6,673.9,1141.0
10443339,stimulus_Arg_PISACowsMilk_10_page_6,283.4,673.8,1141.0
10443340,stimulus_Arg_PISACowsMilk_10_page_6,283.5,674.0,1141.0
10443341,stimulus_Arg_PISACowsMilk_10_page_6,284.0,674.2,1143.0
10443342,stimulus_Arg_PISACowsMilk_10_page_6,284.5,674.6,1145.0
10443343,stimulus_Arg_PISACowsMilk_10_page_6,284.7,674.7,1144.0
10443344,stimulus_Arg_PISACowsMilk_10_page_6,284.8,674.8,1142.0
10443345,stimulus_Arg_PISACowsMilk_10_page_6,284.9,674.8,1140.0
10443346,stimulus_Arg_PISACowsMilk_10_page_6,285.0,674.9,1141.0
10443347,stimulus_Arg_PISACowsMilk_10_page_6,285.2,674.9,1142.0
10443348,stimulus_Arg_PISACowsMilk_10_page_6,285.2,674.9,1143.0
10443349,stimulus_Arg_PISACowsMilk_10_page_6,285.2,674.8,1143.0
10443350,stimulus_Arg_PISACowsMilk_10_page_6,285.1,674.8,1143.0
10443351,stimulus_Arg_PISACowsMilk_10_page_6,285.0,674.8,1143.0
10443352,stimulus_Arg_PISACowsMilk_10_page_6,284.8,674.8,1143.0
10443353,stimulus_Arg_PISACowsMilk_10_page_6,284.6,674.9,1142.0
10443354,stimulus_Arg_PISACowsMilk_10_page_6,284.5,675.5,1142.0
10443355,stimulus_Arg_PISACowsMilk_10_page_6,284.5,675.9,1142.0
10443356,stimulus_Arg_PISACowsMilk_10_page_6,284.4,676.1,1143.0
10443357,stimulus_Arg_PISACowsMilk_10_page_6,284.8,676.2,1143.0
10443358,stimulus_Arg_PISACowsMilk_10_page_6,285.1,676.4,1143.0
10443359,stimulus_Arg_PISACowsMilk_10_page_6,285.5,676.3,1144.0
10443360,stimulus_Arg_PISACowsMilk_10_page_6,285.4,676.1,1145.0
10443361,stimulus_Arg_PISACowsMilk_10_page_6,285.4,675.9,1144.0
10443362,stimulus_Arg_PISACowsMilk_10_page_6,285.5,675.9,1143.0
10443363,stimulus_Arg_PISACowsMilk_10_page_6,285.5,675.9,1141.0
10443364,stimulus_Arg_PISACowsMilk_10_page_6,285.4,675.9,1142.0
10443365,stimulus_Arg_PISACowsMilk_10_page_6,285.2,676.2,1142.0
10443366,stimulus_Arg_PISACowsMilk_10_page_6,285.0,676.5,1141.0
10443367,stimulus_Arg_PISACowsMilk_10_page_6,285.0,676.9,1141.0
10443368,stimulus_Arg_PISACowsMilk_10_page_6,285.1,676.8,1140.0
10443369,stimulus_Arg_PISACowsMilk_10_page_6,285.3,676.6,1140.0
10443370,stimulus_Arg_PISACowsMilk_10_page_6,285.4,676.4,1141.0
10443371,stimulus_Arg_PISACowsMilk_10_page_6,285.6,676.3,1141.0
10443372,stimulus_Arg_PISACowsMilk_10_page_6,285.6,676.3,1142.0
10443373,stimulus_Arg_PISACowsMilk_10_page_6,285.6,676.2,1142.0
10443374,stimulus_Arg_PISACowsMilk_10_page_6,285.6,676.1,1142.0
10443375,stimulus_Arg_PISACowsMilk_10_page_6,285.6,676.1,1142.0
10443376,stimulus_Arg_PISACowsMilk_10_page_6,285.5,676.1,1143.0
10443377,stimulus_Arg_PISACowsMilk_10_page_6,285.5,676.2,1142.0
10443378,stimulus_Arg_PISACowsMilk_10_page_6,285.8,676.4,1141.0
10443379,stimulus_Arg_PISACowsMilk_10_page_6,286.0,676.9,1141.0
10443380,stimulus_Arg_PISACowsMilk_10_page_6,286.0,677.4,1141.0
10443381,stimulus_Arg_PISACowsMilk_10_page_6,285.8,677.4,1142.0
10443382,stimulus_Arg_PISACowsMilk_10_page_6,285.5,677.0,1142.0
10443383,stimulus_Arg_PISACowsMilk_10_page_6,286.0,676.7,1142.0
10443384,stimulus_Arg_PISACowsMilk_10_page_6,286.6,676.8,1142.0
10443385,stimulus_Arg_PISACowsMilk_10_page_6,286.9,677.1,1142.0
10443386,stimulus_Arg_PISACowsMilk_10_page_6,286.7,677.3,1142.0
10443387,stimulus_Arg_PISACowsMilk_10_page_6,286.5,677.4,1142.0
10443388,stimulus_Arg_PISACowsMilk_10_page_6,286.5,677.4,1141.0
10443389,stimulus_Arg_PISACowsMilk_10_page_6,286.5,677.5,1140.0
10443390,stimulus_Arg_PISACowsMilk_10_page_6,286.4,677.6,1140.0
10443391,stimulus_Arg_PISACowsMilk_10_page_6,286.4,677.8,1141.0
10443392,stimulus_Arg_PISACowsMilk_10_page_6,286.4,677.8,1142.0
10443393,stimulus_Arg_PISACowsMilk_10_page_6,286.3,677.7,1142.0
10443394,stimulus_Arg_PISACowsMilk_10_page_6,286.1,677.3,1143.0
10443395,stimulus_Arg_PISACowsMilk_10_page_6,285.9,677.1,1143.0
10443396,stimulus_Arg_PISACowsMilk_10_page_6,285.6,676.9,1143.0
10443397,stimulus_Arg_PISACowsMilk_10_page_6,285.5,677.0,1143.0
10443398,stimulus_Arg_PISACowsMilk_10_page_6,285.7,676.9,1143.0
10443399,stimulus_Arg_PISACowsMilk_10_page_6,286.1,676.8,1142.0
10443400,stimulus_Arg_PISACowsMilk_10_page_6,286.4,676.6,1142.0
10443401,stimulus_Arg_PISACowsMilk_10_page_6,286.6,676.5,1142.0
10443402,stimulus_Arg_PISACowsMilk_10_page_6,286.5,676.3,1142.0
10443403,stimulus_Arg_PISACowsMilk_10_page_6,286.3,676.1,1143.0
10443404,stimulus_Arg_PISACowsMilk_10_page_6,285.6,675.9,1142.0
10443405,stimulus_Arg_PISACowsMilk_10_page_6,285.0,675.8,1142.0
10443406,stimulus_Arg_PISACowsMilk_10_page_6,284.5,675.7,1142.0
10443407,stimulus_Arg_PISACowsMilk_10_page_6,284.5,675.6,1141.0
10443408,stimulus_Arg_PISACowsMilk_10_page_6,284.4,675.7,1141.0
10443409,stimulus_Arg_PISACowsMilk_10_page_6,284.3,675.7,1140.0
10443410,stimulus_Arg_PISACowsMilk_10_page_6,284.2,675.3,1139.0
10443411,stimulus_Arg_PISACowsMilk_10_page_6,284.2,674.9,1138.0
10443412,stimulus_Arg_PISACowsMilk_10_page_6,283.4,674.3,1137.0
10443413,stimulus_Arg_PISACowsMilk_10_page_6,282.6,674.1,1136.0
10443414,stimulus_Arg_PISACowsMilk_10_page_6,281.8,673.8,1135.0
10443415,stimulus_Arg_PISACowsMilk_10_page_6,281.8,673.8,1134.0
10443416,stimulus_Arg_PISACowsMilk_10_page_6,281.9,673.8,1133.0
10443417,stimulus_Arg_PISACowsMilk_10_page_6,281.9,673.8,1132.0
10443418,stimulus_Arg_PISACowsMilk_10_page_6,281.9,673.6,1132.0
10443419,stimulus_Arg_PISACowsMilk_10_page_6,281.8,673.4,1132.0
10443420,stimulus_Arg_PISACowsMilk_10_page_6,281.6,673.3,1132.0
10443421,stimulus_Arg_PISACowsMilk_10_page_6,281.3,673.3,1132.0
10443422,stimulus_Arg_PISACowsMilk_10_page_6,281.1,673.2,1132.0
10443423,stimulus_Arg_PISACowsMilk_10_page_6,280.9,673.2,1132.0
10443424,stimulus_Arg_PISACowsMilk_10_page_6,280.6,673.3,1132.0
10443425,stimulus_Arg_PISACowsMilk_10_page_6,280.7,673.5,1132.0
10443426,stimulus_Arg_PISACowsMilk_10_page_6,281.0,673.8,1132.0
10443427,stimulus_Arg_PISACowsMilk_10_page_6,281.4,673.9,1132.0
10443428,stimulus_Arg_PISACowsMilk_10_page_6,281.4,673.6,1132.0
10443429,stimulus_Arg_PISACowsMilk_10_page_6,281.5,673.1,1132.0
10443430,stimulus_Arg_PISACowsMilk_10_page_6,281.5,672.7,1132.0
10443431,stimulus_Arg_PISACowsMilk_10_page_6,281.5,672.9,1132.0
10443432,stimulus_Arg_PISACowsMilk_10_page_6,281.4,673.1,1131.0
10443433,stimulus_Arg_PISACowsMilk_10_page_6,281.3,673.2,1131.0
10443434,stimulus_Arg_PISACowsMilk_10_page_6,281.3,673.1,1131.0
10443435,stimulus_Arg_PISACowsMilk_10_page_6,281.3,673.0,1131.0
10443436,stimulus_Arg_PISACowsMilk_10_page_6,281.3,673.1,1131.0
10443437,stimulus_Arg_PISACowsMilk_10_page_6,281.6,673.3,1131.0
10443438,stimulus_Arg_PISACowsMilk_10_page_6,282.0,673.5,1132.0
10443439,stimulus_Arg_PISACowsMilk_10_page_6,282.3,673.5,1132.0
10443440,stimulus_Arg_PISACowsMilk_10_page_6,282.2,673.6,1132.0
10443441,stimulus_Arg_PISACowsMilk_10_page_6,282.0,673.7,1132.0
10443442,stimulus_Arg_PISACowsMilk_10_page_6,281.7,673.8,1133.0
10443443,stimulus_Arg_PISACowsMilk_10_page_6,281.7,674.2,1134.0
10443444,stimulus_Arg_PISACowsMilk_10_page_6,282.0,674.6,1136.0
10443445,stimulus_Arg_PISACowsMilk_10_page_6,281.8,674.9,1136.0
10443446,stimulus_Arg_PISACowsMilk_10_page_6,281.4,674.9,1135.0
10443447,stimulus_Arg_PISACowsMilk_10_page_6,281.4,674.9,1133.0
10443448,stimulus_Arg_PISACowsMilk_10_page_6,281.9,674.9,1132.0
10443449,stimulus_Arg_PISACowsMilk_10_page_6,282.2,675.0,1132.0
10443450,stimulus_Arg_PISACowsMilk_10_page_6,282.2,675.0,1133.0
10443451,stimulus_Arg_PISACowsMilk_10_page_6,282.1,674.9,1134.0
10443452,stimulus_Arg_PISACowsMilk_10_page_6,282.0,674.9,1134.0
10443453,stimulus_Arg_PISACowsMilk_10_page_6,282.0,674.8,1134.0
10443454,stimulus_Arg_PISACowsMilk_10_page_6,282.0,674.7,1133.0
10443455,stimulus_Arg_PISACowsMilk_10_page_6,282.0,674.8,1133.0
10443456,stimulus_Arg_PISACowsMilk_10_page_6,281.8,674.9,1133.0
10443457,stimulus_Arg_PISACowsMilk_10_page_6,281.7,674.8,1133.0
10443458,stimulus_Arg_PISACowsMilk_10_page_6,281.5,674.8,1133.0
10443459,stimulus_Arg_PISACowsMilk_10_page_6,281.4,674.8,1133.0
10443460,stimulus_Arg_PISACowsMilk_10_page_6,281.3,674.9,1134.0
10443461,stimulus_Arg_PISACowsMilk_10_page_6,281.3,674.9,1134.0
10443462,stimulus_Arg_PISACowsMilk_10_page_6,281.4,674.8,1134.0
10443463,stimulus_Arg_PISACowsMilk_10_page_6,281.3,674.8,1134.0
10443464,stimulus_Arg_PISACowsMilk_10_page_6,281.2,674.5,1134.0
10443465,stimulus_Arg_PISACowsMilk_10_page_6,281.2,674.4,1134.0
10443466,stimulus_Arg_PISACowsMilk_10_page_6,281.4,674.4,1134.0
10443467,stimulus_Arg_PISACowsMilk_10_page_6,281.7,674.6,1134.0
10443468,stimulus_Arg_PISACowsMilk_10_page_6,282.2,674.8,1135.0
10443469,stimulus_Arg_PISACowsMilk_10_page_6,283.0,675.0,1135.0
10443470,stimulus_Arg_PISACowsMilk_10_page_6,283.7,675.1,1136.0
10443471,stimulus_Arg_PISACowsMilk_10_page_6,285.0,675.1,1136.0
10443472,stimulus_Arg_PISACowsMilk_10_page_6,287.1,675.2,1136.0
10443473,stimulus_Arg_PISACowsMilk_10_page_6,290.4,675.9,1136.0
10443474,stimulus_Arg_PISACowsMilk_10_page_6,293.9,676.8,1136.0
10443475,stimulus_Arg_PISACowsMilk_10_page_6,299.0,677.7,1137.0
10443476,stimulus_Arg_PISACowsMilk_10_page_6,305.9,678.1,1139.0
10443477,stimulus_Arg_PISACowsMilk_10_page_6,314.2,678.1,1141.0
10443478,stimulus_Arg_PISACowsMilk_10_page_6,323.9,678.4,1143.0
10443479,stimulus_Arg_PISACowsMilk_10_page_6,334.5,678.8,1145.0
10443480,stimulus_Arg_PISACowsMilk_10_page_6,346.1,679.7,1149.0
10443481,stimulus_Arg_PISACowsMilk_10_page_6,357.1,680.5,1151.0
10443482,stimulus_Arg_PISACowsMilk_10_page_6,369.1,681.2,1155.0
10443483,stimulus_Arg_PISACowsMilk_10_page_6,381.9,681.7,1156.0
10443484,stimulus_Arg_PISACowsMilk_10_page_6,393.3,681.9,1158.0
10443485,stimulus_Arg_PISACowsMilk_10_page_6,403.7,682.0,1159.0
10443486,stimulus_Arg_PISACowsMilk_10_page_6,413.4,681.9,1159.0
10443487,stimulus_Arg_PISACowsMilk_10_page_6,423.5,681.8,1159.0
10443488,stimulus_Arg_PISACowsMilk_10_page_6,431.8,681.2,1158.0
10443489,stimulus_Arg_PISACowsMilk_10_page_6,437.0,680.4,1158.0
10443490,stimulus_Arg_PISACowsMilk_10_page_6,439.7,679.4,1157.0
10443491,stimulus_Arg_PISACowsMilk_10_page_6,440.7,678.8,1157.0
10443492,stimulus_Arg_PISACowsMilk_10_page_6,441.6,679.0,1155.0
10443493,stimulus_Arg_PISACowsMilk_10_page_6,442.5,679.3,1154.0
10443494,stimulus_Arg_PISACowsMilk_10_page_6,442.6,679.9,1153.0
10443495,stimulus_Arg_PISACowsMilk_10_page_6,440.9,680.1,1152.0
10443496,stimulus_Arg_PISACowsMilk_10_page_6,438.4,680.2,1150.0
10443497,stimulus_Arg_PISACowsMilk_10_page_6,435.8,679.8,1147.0
10443498,stimulus_Arg_PISACowsMilk_10_page_6,434.8,679.7,1146.0
10443499,stimulus_Arg_PISACowsMilk_10_page_6,434.8,680.1,1146.0
10443500,stimulus_Arg_PISACowsMilk_10_page_6,435.1,680.5,1148.0
10443501,stimulus_Arg_PISACowsMilk_10_page_6,435.5,680.7,1150.0
10443502,stimulus_Arg_PISACowsMilk_10_page_6,435.7,680.2,1153.0
10443503,stimulus_Arg_PISACowsMilk_10_page_6,435.8,679.7,1153.0
10443504,stimulus_Arg_PISACowsMilk_10_page_6,435.8,679.4,1152.0
10443505,stimulus_Arg_PISACowsMilk_10_page_6,435.4,679.5,1151.0
10443506,stimulus_Arg_PISACowsMilk_10_page_6,434.6,679.6,1150.0
10443507,stimulus_Arg_PISACowsMilk_10_page_6,433.5,679.6,1149.0
10443508,stimulus_Arg_PISACowsMilk_10_page_6,432.4,679.6,1148.0
10443509,stimulus_Arg_PISACowsMilk_10_page_6,431.6,679.7,1147.0
10443510,stimulus_Arg_PISACowsMilk_10_page_6,430.9,679.7,1147.0
10443511,stimulus_Arg_PISACowsMilk_10_page_6,430.6,679.8,1148.0
10443512,stimulus_Arg_PISACowsMilk_10_page_6,430.3,679.7,1148.0
10443513,stimulus_Arg_PISACowsMilk_10_page_6,430.5,679.6,1148.0
10443514,stimulus_Arg_PISACowsMilk_10_page_6,430.8,679.6,1148.0
10443515,stimulus_Arg_PISACowsMilk_10_page_6,431.3,679.6,1148.0
10443516,stimulus_Arg_PISACowsMilk_10_page_6,431.8,679.6,1148.0
10443517,stimulus_Arg_PISACowsMilk_10_page_6,432.2,679.7,1147.0
10443518,stimulus_Arg_PISACowsMilk_10_page_6,433.0,679.7,1147.0
10443519,stimulus_Arg_PISACowsMilk_10_page_6,433.8,679.7,1146.0
10443520,stimulus_Arg_PISACowsMilk_10_page_6,435.0,679.9,1146.0
10443521,stimulus_Arg_PISACowsMilk_10_page_6,435.6,680.0,1145.0
10443522,stimulus_Arg_PISACowsMilk_10_page_6,436.2,680.2,1145.0
10443523,stimulus_Arg_PISACowsMilk_10_page_6,436.5,680.1,1144.0
10443524,stimulus_Arg_PISACowsMilk_10_page_6,436.8,680.0,1144.0
10443525,stimulus_Arg_PISACowsMilk_10_page_6,437.0,680.2,1144.0
10443526,stimulus_Arg_PISACowsMilk_10_page_6,437.4,680.4,1144.0
10443527,stimulus_Arg_PISACowsMilk_10_page_6,438.0,680.7,1143.0
10443528,stimulus_Arg_PISACowsMilk_10_page_6,438.7,680.9,1143.0
10443529,stimulus_Arg_PISACowsMilk_10_page_6,439.3,681.0,1143.0
10443530,stimulus_Arg_PISACowsMilk_10_page_6,439.5,681.2,1145.0
10443531,stimulus_Arg_PISACowsMilk_10_page_6,439.5,681.2,1146.0
10443532,stimulus_Arg_PISACowsMilk_10_page_6,439.5,681.3,1146.0
10443533,stimulus_Arg_PISACowsMilk_10_page_6,439.7,681.5,1145.0
10443534,stimulus_Arg_PISACowsMilk_10_page_6,440.0,681.6,1145.0
10443535,stimulus_Arg_PISACowsMilk_10_page_6,440.5,681.7,1145.0
10443536,stimulus_Arg_PISACowsMilk_10_page_6,440.8,681.5,1145.0
10443537,stimulus_Arg_PISACowsMilk_10_page_6,441.1,681.3,1144.0
10443538,stimulus_Arg_PISACowsMilk_10_page_6,441.1,681.1,1143.0
10443539,stimulus_Arg_PISACowsMilk_10_page_6,440.9,681.1,1142.0
10443540,stimulus_Arg_PISACowsMilk_10_page_6,440.7,681.2,1142.0
10443541,stimulus_Arg_PISACowsMilk_10_page_6,440.1,681.3,1141.0
10443542,stimulus_Arg_PISACowsMilk_10_page_6,439.8,681.4,1141.0
10443543,stimulus_Arg_PISACowsMilk_10_page_6,439.5,681.5,1141.0
10443544,stimulus_Arg_PISACowsMilk_10_page_6,439.6,681.6,1141.0
10443545,stimulus_Arg_PISACowsMilk_10_page_6,439.7,681.7,1141.0
10443546,stimulus_Arg_PISACowsMilk_10_page_6,439.9,681.7,1141.0
10443547,stimulus_Arg_PISACowsMilk_10_page_6,440.2,681.8,1141.0
10443548,stimulus_Arg_PISACowsMilk_10_page_6,440.4,681.9,1141.0
10443549,stimulus_Arg_PISACowsMilk_10_page_6,440.6,681.8,1141.0
10443550,stimulus_Arg_PISACowsMilk_10_page_6,440.5,681.6,1141.0
10443551,stimulus_Arg_PISACowsMilk_10_page_6,440.3,681.6,1140.0
10443552,stimulus_Arg_PISACowsMilk_10_page_6,440.0,681.8,1140.0
10443553,stimulus_Arg_PISACowsMilk_10_page_6,439.8,682.0,1140.0
10443554,stimulus_Arg_PISACowsMilk_10_page_6,439.8,682.1,1139.0
10443555,stimulus_Arg_PISACowsMilk_10_page_6,439.8,682.2,1138.0
10443556,stimulus_Arg_PISACowsMilk_10_page_6,439.9,682.1,1138.0
10443557,stimulus_Arg_PISACowsMilk_10_page_6,440.1,682.1,1139.0
10443558,stimulus_Arg_PISACowsMilk_10_page_6,440.9,681.8,1140.0
10443559,stimulus_Arg_PISACowsMilk_10_page_6,441.5,681.5,1139.0
10443560,stimulus_Arg_PISACowsMilk_10_page_6,441.7,681.2,1138.0
10443561,stimulus_Arg_PISACowsMilk_10_page_6,441.3,681.2,1139.0
10443562,stimulus_Arg_PISACowsMilk_10_page_6,440.9,681.4,1140.0
10443563,stimulus_Arg_PISACowsMilk_10_page_6,441.0,681.7,1142.0
10443564,stimulus_Arg_PISACowsMilk_10_page_6,441.3,682.0,1142.0
10443565,stimulus_Arg_PISACowsMilk_10_page_6,441.6,682.2,1142.0
10443566,stimulus_Arg_PISACowsMilk_10_page_6,442.0,682.2,1142.0
10443567,stimulus_Arg_PISACowsMilk_10_page_6,442.1,682.1,1141.0
10443568,stimulus_Arg_PISACowsMilk_10_page_6,442.3,682.0,1141.0
10443569,stimulus_Arg_PISACowsMilk_10_page_6,442.3,682.1,1140.0
10443570,stimulus_Arg_PISACowsMilk_10_page_6,442.1,682.3,1140.0
10443571,stimulus_Arg_PISACowsMilk_10_page_6,441.8,682.4,1140.0
10443572,stimulus_Arg_PISACowsMilk_10_page_6,441.5,682.1,1139.0
10443573,stimulus_Arg_PISACowsMilk_10_page_6,441.4,681.7,1139.0
10443574,stimulus_Arg_PISACowsMilk_10_page_6,441.3,681.4,1139.0
10443575,stimulus_Arg_PISACowsMilk_10_page_6,441.1,681.4,1139.0
10443576,stimulus_Arg_PISACowsMilk_10_page_6,441.1,681.4,1139.0
10443577,stimulus_Arg_PISACowsMilk_10_page_6,441.4,681.6,1138.0
10443578,stimulus_Arg_PISACowsMilk_10_page_6,441.6,681.8,1138.0
10443579,stimulus_Arg_PISACowsMilk_10_page_6,441.8,681.9,1138.0
10443580,stimulus_Arg_PISACowsMilk_10_page_6,441.7,681.9,1138.0
10443581,stimulus_Arg_PISACowsMilk_10_page_6,441.8,681.8,1138.0
10443582,stimulus_Arg_PISACowsMilk_10_page_6,441.8,681.9,1138.0
10443583,stimulus_Arg_PISACowsMilk_10_page_6,441.9,681.9,1138.0
10443584,stimulus_Arg_PISACowsMilk_10_page_6,441.9,681.9,1138.0
10443585,stimulus_Arg_PISACowsMilk_10_page_6,441.9,681.9,1138.0
10443586,stimulus_Arg_PISACowsMilk_10_page_6,441.7,682.1,1138.0
10443587,stimulus_Arg_PISACowsMilk_10_page_6,441.7,682.2,1137.0
10443588,stimulus_Arg_PISACowsMilk_10_page_6,441.7,682.4,1136.0
10443589,stimulus_Arg_PISACowsMilk_10_page_6,441.7,682.4,1135.0
10443590,stimulus_Arg_PISACowsMilk_10_page_6,441.6,682.4,1135.0
10443591,stimulus_Arg_PISACowsMilk_10_page_6,441.6,682.4,1136.0
10443592,stimulus_Arg_PISACowsMilk_10_page_6,441.5,682.4,1137.0
10443593,stimulus_Arg_PISACowsMilk_10_page_6,441.4,682.3,1137.0
10443594,stimulus_Arg_PISACowsMilk_10_page_6,441.4,682.2,1136.0
10443595,stimulus_Arg_PISACowsMilk_10_page_6,441.4,682.2,1133.0
10443596,stimulus_Arg_PISACowsMilk_10_page_6,441.5,682.3,1132.0
10443597,stimulus_Arg_PISACowsMilk_10_page_6,441.5,682.5,1131.0
10443598,stimulus_Arg_PISACowsMilk_10_page_6,441.6,682.6,1131.0
10443599,stimulus_Arg_PISACowsMilk_10_page_6,441.7,682.5,1131.0
10443600,stimulus_Arg_PISACowsMilk_10_page_6,441.8,682.2,1131.0
10443601,stimulus_Arg_PISACowsMilk_10_page_6,441.6,681.6,1130.0
10443602,stimulus_Arg_PISACowsMilk_10_page_6,441.3,681.2,1130.0
10443603,stimulus_Arg_PISACowsMilk_10_page_6,441.0,680.9,1130.0
10443604,stimulus_Arg_PISACowsMilk_10_page_6,441.0,681.0,1129.0
10443605,stimulus_Arg_PISACowsMilk_10_page_6,441.0,681.0,1129.0
10443606,stimulus_Arg_PISACowsMilk_10_page_6,441.0,681.1,1128.0
10443607,stimulus_Arg_PISACowsMilk_10_page_6,441.3,681.4,1128.0
10443608,stimulus_Arg_PISACowsMilk_10_page_6,441.7,681.8,1127.0
10443609,stimulus_Arg_PISACowsMilk_10_page_6,442.1,681.8,1127.0
10443610,stimulus_Arg_PISACowsMilk_10_page_6,442.2,681.5,1127.0
10443611,stimulus_Arg_PISACowsMilk_10_page_6,442.0,680.9,1127.0
10443612,stimulus_Arg_PISACowsMilk_10_page_6,441.7,680.5,1126.0
10443613,stimulus_Arg_PISACowsMilk_10_page_6,441.4,680.0,1125.0
10443614,stimulus_Arg_PISACowsMilk_10_page_6,441.4,679.8,1125.0
10443615,stimulus_Arg_PISACowsMilk_10_page_6,441.3,679.6,1125.0
10443616,stimulus_Arg_PISACowsMilk_10_page_6,441.1,679.5,1124.0
10443617,stimulus_Arg_PISACowsMilk_10_page_6,440.8,679.5,1124.0
10443618,stimulus_Arg_PISACowsMilk_10_page_6,440.5,679.7,1124.0
10443619,stimulus_Arg_PISACowsMilk_10_page_6,440.5,680.0,1124.0
10443620,stimulus_Arg_PISACowsMilk_10_page_6,440.5,680.2,1124.0
10443621,stimulus_Arg_PISACowsMilk_10_page_6,440.6,680.1,1123.0
10443622,stimulus_Arg_PISACowsMilk_10_page_6,440.6,680.0,1123.0
10443623,stimulus_Arg_PISACowsMilk_10_page_6,441.0,679.9,1122.0
10443624,stimulus_Arg_PISACowsMilk_10_page_6,441.4,680.0,1122.0
10443625,stimulus_Arg_PISACowsMilk_10_page_6,441.7,680.0,1121.0
10443626,stimulus_Arg_PISACowsMilk_10_page_6,441.7,680.0,1121.0
10443627,stimulus_Arg_PISACowsMilk_10_page_6,441.6,679.9,1120.0
10443628,stimulus_Arg_PISACowsMilk_10_page_6,441.6,679.9,1120.0
10443629,stimulus_Arg_PISACowsMilk_10_page_6,441.5,679.8,1119.0
10443630,stimulus_Arg_PISACowsMilk_10_page_6,441.4,679.7,1119.0
10443631,stimulus_Arg_PISACowsMilk_10_page_6,441.0,679.6,1120.0
10443632,stimulus_Arg_PISACowsMilk_10_page_6,440.6,679.6,1119.0
10443633,stimulus_Arg_PISACowsMilk_10_page_6,440.3,679.7,1118.0
10443634,stimulus_Arg_PISACowsMilk_10_page_6,440.3,680.0,1117.0
10443635,stimulus_Arg_PISACowsMilk_10_page_6,440.3,680.1,1117.0
10443636,stimulus_Arg_PISACowsMilk_10_page_6,440.4,680.2,1116.0
10443637,stimulus_Arg_PISACowsMilk_10_page_6,440.4,680.1,1115.0
10443638,stimulus_Arg_PISACowsMilk_10_page_6,440.8,680.2,1116.0
10443639,stimulus_Arg_PISACowsMilk_10_page_6,441.1,680.0,1117.0
10443640,stimulus_Arg_PISACowsMilk_10_page_6,441.5,679.9,1119.0
10443641,stimulus_Arg_PISACowsMilk_10_page_6,441.5,679.8,1119.0
10443642,stimulus_Arg_PISACowsMilk_10_page_6,441.3,679.7,1119.0
10443643,stimulus_Arg_PISACowsMilk_10_page_6,441.0,679.8,1118.0
10443644,stimulus_Arg_PISACowsMilk_10_page_6,441.2,680.0,1118.0
10443645,stimulus_Arg_PISACowsMilk_10_page_6,441.7,680.1,1117.0
10443646,stimulus_Arg_PISACowsMilk_10_page_6,442.1,680.0,1117.0
10443647,stimulus_Arg_PISACowsMilk_10_page_6,441.9,680.0,1117.0
10443648,stimulus_Arg_PISACowsMilk_10_page_6,441.7,680.2,1116.0
10443649,stimulus_Arg_PISACowsMilk_10_page_6,442.1,680.4,1116.0
10443650,stimulus_Arg_PISACowsMilk_10_page_6,442.6,680.3,1116.0
10443651,stimulus_Arg_PISACowsMilk_10_page_6,442.6,679.8,1116.0
10443652,stimulus_Arg_PISACowsMilk_10_page_6,442.1,679.2,1116.0
10443653,stimulus_Arg_PISACowsMilk_10_page_6,441.6,679.3,1116.0
10443654,stimulus_Arg_PISACowsMilk_10_page_6,441.8,679.7,1116.0
10443655,stimulus_Arg_PISACowsMilk_10_page_6,442.1,680.0,1116.0
10443656,stimulus_Arg_PISACowsMilk_10_page_6,442.5,679.9,1116.0
10443657,stimulus_Arg_PISACowsMilk_10_page_6,442.6,679.7,1115.0
10443658,stimulus_Arg_PISACowsMilk_10_page_6,442.5,679.6,1115.0
10443659,stimulus_Arg_PISACowsMilk_10_page_6,442.4,679.6,1115.0
10443660,stimulus_Arg_PISACowsMilk_10_page_6,442.3,679.8,1115.0
10443661,stimulus_Arg_PISACowsMilk_10_page_6,442.3,680.3,1115.0
10443662,stimulus_Arg_PISACowsMilk_10_page_6,442.2,680.7,1115.0
10443663,stimulus_Arg_PISACowsMilk_10_page_6,442.2,680.5,1115.0
10443664,stimulus_Arg_PISACowsMilk_10_page_6,442.3,680.3,1115.0
10443665,stimulus_Arg_PISACowsMilk_10_page_6,442.5,680.3,1114.0
10443666,stimulus_Arg_PISACowsMilk_10_page_6,442.7,680.6,1114.0
10443667,stimulus_Arg_PISACowsMilk_10_page_6,443.0,680.9,1114.0
10443668,stimulus_Arg_PISACowsMilk_10_page_6,443.1,680.7,1115.0
10443669,stimulus_Arg_PISACowsMilk_10_page_6,443.1,680.4,1116.0
10443670,stimulus_Arg_PISACowsMilk_10_page_6,443.0,680.2,1115.0
10443671,stimulus_Arg_PISACowsMilk_10_page_6,442.8,680.2,1114.0
10443672,stimulus_Arg_PISACowsMilk_10_page_6,442.6,680.3,1113.0
10443673,stimulus_Arg_PISACowsMilk_10_page_6,443.0,680.9,1113.0
10443674,stimulus_Arg_PISACowsMilk_10_page_6,443.5,681.5,1114.0
10443675,stimulus_Arg_PISACowsMilk_10_page_6,443.9,681.9,1115.0
10443676,stimulus_Arg_PISACowsMilk_10_page_6,443.7,681.4,1114.0
10443677,stimulus_Arg_PISACowsMilk_10_page_6,443.5,680.8,1115.0
10443678,stimulus_Arg_PISACowsMilk_10_page_6,443.4,680.5,1115.0
10443679,stimulus_Arg_PISACowsMilk_10_page_6,443.5,680.4,1115.0
10443680,stimulus_Arg_PISACowsMilk_10_page_6,443.5,680.4,1115.0
10443681,stimulus_Arg_PISACowsMilk_10_page_6,443.6,680.7,1115.0
10443682,stimulus_Arg_PISACowsMilk_10_page_6,443.8,681.0,1115.0
10443683,stimulus_Arg_PISACowsMilk_10_page_6,443.9,681.2,1115.0
10443684,stimulus_Arg_PISACowsMilk_10_page_6,444.0,681.1,1114.0
10443685,stimulus_Arg_PISACowsMilk_10_page_6,443.9,681.0,1113.0
10443686,stimulus_Arg_PISACowsMilk_10_page_6,443.8,681.0,1113.0
10443687,stimulus_Arg_PISACowsMilk_10_page_6,444.0,681.1,1114.0
10443688,stimulus_Arg_PISACowsMilk_10_page_6,444.5,681.1,1114.0
10443689,stimulus_Arg_PISACowsMilk_10_page_6,445.0,681.1,1115.0
10443690,stimulus_Arg_PISACowsMilk_10_page_6,445.2,681.1,1115.0
10443691,stimulus_Arg_PISACowsMilk_10_page_6,445.2,681.4,1115.0
10443692,stimulus_Arg_PISACowsMilk_10_page_6,445.1,681.9,1115.0
10443693,stimulus_Arg_PISACowsMilk_10_page_6,445.0,682.4,1115.0
10443694,stimulus_Arg_PISACowsMilk_10_page_6,445.0,682.5,1115.0
10443695,stimulus_Arg_PISACowsMilk_10_page_6,444.9,682.5,1115.0
10443696,stimulus_Arg_PISACowsMilk_10_page_6,445.0,682.4,1115.0
10443697,stimulus_Arg_PISACowsMilk_10_page_6,445.2,682.4,1115.0
10443698,stimulus_Arg_PISACowsMilk_10_page_6,445.4,682.3,1115.0
10443699,stimulus_Arg_PISACowsMilk_10_page_6,445.5,682.3,1115.0
10443700,stimulus_Arg_PISACowsMilk_10_page_6,445.6,682.3,1115.0
10443701,stimulus_Arg_PISACowsMilk_10_page_6,445.7,682.3,1115.0
10443702,stimulus_Arg_PISACowsMilk_10_page_6,445.6,682.3,1114.0
10443703,stimulus_Arg_PISACowsMilk_10_page_6,445.3,682.1,1113.0
10443704,stimulus_Arg_PISACowsMilk_10_page_6,445.0,681.7,1113.0
10443705,stimulus_Arg_PISACowsMilk_10_page_6,444.8,681.4,1113.0
10443706,stimulus_Arg_PISACowsMilk_10_page_6,444.8,681.5,1112.0
10443707,stimulus_Arg_PISACowsMilk_10_page_6,444.8,681.8,1112.0
10443708,stimulus_Arg_PISACowsMilk_10_page_6,444.9,682.3,1112.0
10443709,stimulus_Arg_PISACowsMilk_10_page_6,444.8,682.5,1113.0
10443710,stimulus_Arg_PISACowsMilk_10_page_6,444.7,682.6,1114.0
10443711,stimulus_Arg_PISACowsMilk_10_page_6,444.5,682.5,1114.0
10443712,stimulus_Arg_PISACowsMilk_10_page_6,444.5,682.4,1114.0
10443713,stimulus_Arg_PISACowsMilk_10_page_6,444.2,682.4,1113.0
10443714,stimulus_Arg_PISACowsMilk_10_page_6,444.0,682.4,1112.0
10443715,stimulus_Arg_PISACowsMilk_10_page_6,443.9,682.3,1110.0
10443716,stimulus_Arg_PISACowsMilk_10_page_6,444.0,682.2,1110.0
10443717,stimulus_Arg_PISACowsMilk_10_page_6,444.2,682.1,1111.0
10443718,stimulus_Arg_PISACowsMilk_10_page_6,444.0,681.9,1111.0
10443719,stimulus_Arg_PISACowsMilk_10_page_6,443.6,681.9,1113.0
10443720,stimulus_Arg_PISACowsMilk_10_page_6,443.4,682.1,1114.0
10443721,stimulus_Arg_PISACowsMilk_10_page_6,443.5,682.3,1115.0
10443722,stimulus_Arg_PISACowsMilk_10_page_6,443.7,682.3,1115.0
10443723,stimulus_Arg_PISACowsMilk_10_page_6,443.8,682.7,1113.0
10443724,stimulus_Arg_PISACowsMilk_10_page_6,443.8,683.1,1111.0
10443725,stimulus_Arg_PISACowsMilk_10_page_6,443.8,683.4,1110.0
10443726,stimulus_Arg_PISACowsMilk_10_page_6,444.3,683.1,1109.0
10443727,stimulus_Arg_PISACowsMilk_10_page_6,444.7,683.0,1109.0
10443728,stimulus_Arg_PISACowsMilk_10_page_6,445.1,682.9,1109.0
10443729,stimulus_Arg_PISACowsMilk_10_page_6,445.0,682.8,1111.0
10443730,stimulus_Arg_PISACowsMilk_10_page_6,445.0,682.6,1113.0
10443731,stimulus_Arg_PISACowsMilk_10_page_6,445.0,682.4,1114.0
10443732,stimulus_Arg_PISACowsMilk_10_page_6,444.7,682.2,1113.0
10443733,stimulus_Arg_PISACowsMilk_10_page_6,444.5,682.3,1112.0
10443734,stimulus_Arg_PISACowsMilk_10_page_6,444.3,682.5,1112.0
10443735,stimulus_Arg_PISACowsMilk_10_page_6,444.2,682.8,1111.0
10443736,stimulus_Arg_PISACowsMilk_10_page_6,444.2,683.0,1111.0
10443737,stimulus_Arg_PISACowsMilk_10_page_6,444.0,683.2,1111.0
10443738,stimulus_Arg_PISACowsMilk_10_page_6,443.8,683.2,1111.0
10443739,stimulus_Arg_PISACowsMilk_10_page_6,443.7,683.1,1112.0
10443740,stimulus_Arg_PISACowsMilk_10_page_6,443.7,683.1,1112.0
10443741,stimulus_Arg_PISACowsMilk_10_page_6,444.0,683.1,1112.0
10443742,stimulus_Arg_PISACowsMilk_10_page_6,445.6,683.1,1112.0
10443743,stimulus_Arg_PISACowsMilk_10_page_6,448.5,683.5,1112.0
10443744,stimulus_Arg_PISACowsMilk_10_page_6,451.8,684.0,1111.0
10443745,stimulus_Arg_PISACowsMilk_10_page_6,455.9,684.6,1111.0
10443746,stimulus_Arg_PISACowsMilk_10_page_6,461.3,684.9,1110.0
10443747,stimulus_Arg_PISACowsMilk_10_page_6,469.6,685.5,1112.0
10443748,stimulus_Arg_PISACowsMilk_10_page_6,480.7,686.3,1115.0
10443749,stimulus_Arg_PISACowsMilk_10_page_6,492.3,686.6,1118.0
10443750,stimulus_Arg_PISACowsMilk_10_page_6,504.2,686.2,1119.0
10443751,stimulus_Arg_PISACowsMilk_10_page_6,515.3,685.7,1118.0
10443752,stimulus_Arg_PISACowsMilk_10_page_6,527.1,685.0,1118.0
10443753,stimulus_Arg_PISACowsMilk_10_page_6,540.0,683.7,1117.0
10443754,stimulus_Arg_PISACowsMilk_10_page_6,550.9,681.3,1116.0
10443755,stimulus_Arg_PISACowsMilk_10_page_6,561.7,679.2,1116.0
10443756,stimulus_Arg_PISACowsMilk_10_page_6,571.2,678.0,1116.0
10443757,stimulus_Arg_PISACowsMilk_10_page_6,582.3,677.0,1116.0
10443758,stimulus_Arg_PISACowsMilk_10_page_6,590.5,676.1,1115.0
10443759,stimulus_Arg_PISACowsMilk_10_page_6,598.8,675.3,1115.0
10443760,stimulus_Arg_PISACowsMilk_10_page_6,605.4,674.8,1114.0
10443761,stimulus_Arg_PISACowsMilk_10_page_6,612.2,673.0,1112.0
10443762,stimulus_Arg_PISACowsMilk_10_page_6,617.2,670.5,1110.0
10443763,stimulus_Arg_PISACowsMilk_10_page_6,620.8,668.4,1105.0
10443764,stimulus_Arg_PISACowsMilk_10_page_6,624.1,667.6,1102.0
10443765,stimulus_Arg_PISACowsMilk_10_page_6,626.2,667.1,1099.0
10443766,stimulus_Arg_PISACowsMilk_10_page_6,627.7,666.2,1097.0
10443767,stimulus_Arg_PISACowsMilk_10_page_6,628.4,665.3,1095.0
10443768,stimulus_Arg_PISACowsMilk_10_page_6,628.6,665.1,1092.0
10443769,stimulus_Arg_PISACowsMilk_10_page_6,629.3,664.9,1091.0
10443770,stimulus_Arg_PISACowsMilk_10_page_6,630.0,664.8,1090.0
10443771,stimulus_Arg_PISACowsMilk_10_page_6,631.9,664.7,1091.0
10443772,stimulus_Arg_PISACowsMilk_10_page_6,633.8,665.5,1091.0
10443773,stimulus_Arg_PISACowsMilk_10_page_6,635.7,666.4,1092.0
10443774,stimulus_Arg_PISACowsMilk_10_page_6,636.3,667.3,1093.0
10443775,stimulus_Arg_PISACowsMilk_10_page_6,636.8,668.0,1094.0
10443776,stimulus_Arg_PISACowsMilk_10_page_6,637.3,668.9,1094.0
10443777,stimulus_Arg_PISACowsMilk_10_page_6,637.7,669.8,1095.0
10443778,stimulus_Arg_PISACowsMilk_10_page_6,637.9,670.4,1095.0
10443779,stimulus_Arg_PISACowsMilk_10_page_6,637.8,670.9,1095.0
10443780,stimulus_Arg_PISACowsMilk_10_page_6,637.6,671.3,1095.0
10443781,stimulus_Arg_PISACowsMilk_10_page_6,637.1,671.8,1095.0
10443782,stimulus_Arg_PISACowsMilk_10_page_6,636.5,672.0,1095.0
10443783,stimulus_Arg_PISACowsMilk_10_page_6,635.7,672.5,1095.0
10443784,stimulus_Arg_PISACowsMilk_10_page_6,634.7,672.8,1096.0
10443785,stimulus_Arg_PISACowsMilk_10_page_6,633.9,673.1,1097.0
10443786,stimulus_Arg_PISACowsMilk_10_page_6,633.5,673.1,1098.0
10443787,stimulus_Arg_PISACowsMilk_10_page_6,633.5,673.2,1100.0
10443788,stimulus_Arg_PISACowsMilk_10_page_6,633.7,673.2,1102.0
10443789,stimulus_Arg_PISACowsMilk_10_page_6,633.8,673.3,1104.0
10443790,stimulus_Arg_PISACowsMilk_10_page_6,634.0,673.3,1104.0
10443791,stimulus_Arg_PISACowsMilk_10_page_6,634.4,673.5,1104.0
10443792,stimulus_Arg_PISACowsMilk_10_page_6,635.4,673.6,1104.0
10443793,stimulus_Arg_PISACowsMilk_10_page_6,636.3,673.7,1103.0
10443794,stimulus_Arg_PISACowsMilk_10_page_6,637.0,673.6,1102.0
10443795,stimulus_Arg_PISACowsMilk_10_page_6,637.1,673.5,1101.0
10443796,stimulus_Arg_PISACowsMilk_10_page_6,637.8,673.4,1101.0
10443797,stimulus_Arg_PISACowsMilk_10_page_6,638.5,673.4,1102.0
10443798,stimulus_Arg_PISACowsMilk_10_page_6,639.2,673.4,1102.0
10443799,stimulus_Arg_PISACowsMilk_10_page_6,639.3,673.3,1102.0
10443800,stimulus_Arg_PISACowsMilk_10_page_6,639.6,673.3,1102.0
10443801,stimulus_Arg_PISACowsMilk_10_page_6,639.9,673.2,1102.0
10443802,stimulus_Arg_PISACowsMilk_10_page_6,640.1,673.0,1101.0
10443803,stimulus_Arg_PISACowsMilk_10_page_6,640.1,672.7,1100.0
10443804,stimulus_Arg_PISACowsMilk_10_page_6,640.1,672.6,1099.0
10443805,stimulus_Arg_PISACowsMilk_10_page_6,640.1,672.4,1098.0
10443806,stimulus_Arg_PISACowsMilk_10_page_6,640.5,672.3,1097.0
10443807,stimulus_Arg_PISACowsMilk_10_page_6,640.8,672.6,1097.0
10443808,stimulus_Arg_PISACowsMilk_10_page_6,641.0,673.0,1097.0
10443809,stimulus_Arg_PISACowsMilk_10_page_6,641.0,672.9,1097.0
10443810,stimulus_Arg_PISACowsMilk_10_page_6,641.1,672.3,1097.0
10443811,stimulus_Arg_PISACowsMilk_10_page_6,641.2,671.8,1097.0
10443812,stimulus_Arg_PISACowsMilk_10_page_6,641.4,671.9,1097.0
10443813,stimulus_Arg_PISACowsMilk_10_page_6,641.5,672.0,1097.0
10443814,stimulus_Arg_PISACowsMilk_10_page_6,641.3,672.1,1097.0
10443815,stimulus_Arg_PISACowsMilk_10_page_6,640.8,672.1,1098.0
10443816,stimulus_Arg_PISACowsMilk_10_page_6,640.4,672.1,1097.0
10443817,stimulus_Arg_PISACowsMilk_10_page_6,640.4,672.0,1096.0
10443818,stimulus_Arg_PISACowsMilk_10_page_6,640.5,672.1,1096.0
10443819,stimulus_Arg_PISACowsMilk_10_page_6,640.5,672.1,1095.0
10443820,stimulus_Arg_PISACowsMilk_10_page_6,640.6,671.7,1095.0
10443821,stimulus_Arg_PISACowsMilk_10_page_6,640.6,671.4,1094.0
10443822,stimulus_Arg_PISACowsMilk_10_page_6,640.7,671.5,1093.0
10443823,stimulus_Arg_PISACowsMilk_10_page_6,640.7,672.0,1093.0
10443824,stimulus_Arg_PISACowsMilk_10_page_6,640.7,672.5,1094.0
10443825,stimulus_Arg_PISACowsMilk_10_page_6,640.8,672.4,1094.0
10443826,stimulus_Arg_PISACowsMilk_10_page_6,641.0,672.3,1094.0
10443827,stimulus_Arg_PISACowsMilk_10_page_6,641.2,672.1,1094.0
10443828,stimulus_Arg_PISACowsMilk_10_page_6,641.2,672.2,1094.0
10443829,stimulus_Arg_PISACowsMilk_10_page_6,641.1,672.2,1094.0
10443830,stimulus_Arg_PISACowsMilk_10_page_6,641.4,672.4,1094.0
10443831,stimulus_Arg_PISACowsMilk_10_page_6,641.8,672.6,1093.0
10443832,stimulus_Arg_PISACowsMilk_10_page_6,641.8,672.8,1093.0
10443833,stimulus_Arg_PISACowsMilk_10_page_6,641.5,672.7,1093.0
10443834,stimulus_Arg_PISACowsMilk_10_page_6,641.2,672.5,1093.0
10443835,stimulus_Arg_PISACowsMilk_10_page_6,641.3,672.4,1093.0
10443836,stimulus_Arg_PISACowsMilk_10_page_6,641.4,672.3,1092.0
10443837,stimulus_Arg_PISACowsMilk_10_page_6,641.4,672.3,1092.0
10443838,stimulus_Arg_PISACowsMilk_10_page_6,641.4,672.3,1092.0
10443839,stimulus_Arg_PISACowsMilk_10_page_6,641.5,672.3,1092.0
10443840,stimulus_Arg_PISACowsMilk_10_page_6,641.9,672.3,1092.0
10443841,stimulus_Arg_PISACowsMilk_10_page_6,642.3,672.2,1092.0
10443842,stimulus_Arg_PISACowsMilk_10_page_6,642.5,672.1,1092.0
10443843,stimulus_Arg_PISACowsMilk_10_page_6,642.7,672.0,1091.0
10443844,stimulus_Arg_PISACowsMilk_10_page_6,642.8,672.0,1091.0
10443845,stimulus_Arg_PISACowsMilk_10_page_6,643.0,672.0,1091.0
10443846,stimulus_Arg_PISACowsMilk_10_page_6,642.9,671.9,1091.0
10443847,stimulus_Arg_PISACowsMilk_10_page_6,642.5,671.8,1091.0
10443848,stimulus_Arg_PISACowsMilk_10_page_6,642.2,671.7,1091.0
10443849,stimulus_Arg_PISACowsMilk_10_page_6,641.9,671.7,1091.0
10443850,stimulus_Arg_PISACowsMilk_10_page_6,642.0,671.8,1091.0
10443851,stimulus_Arg_PISACowsMilk_10_page_6,642.1,671.9,1090.0
10443852,stimulus_Arg_PISACowsMilk_10_page_6,642.1,672.0,1090.0
10443853,stimulus_Arg_PISACowsMilk_10_page_6,642.1,672.1,1090.0
10443854,stimulus_Arg_PISACowsMilk_10_page_6,642.1,672.2,1091.0
10443855,stimulus_Arg_PISACowsMilk_10_page_6,642.2,672.3,1091.0
10443856,stimulus_Arg_PISACowsMilk_10_page_6,642.6,672.3,1091.0
10443857,stimulus_Arg_PISACowsMilk_10_page_6,642.9,672.3,1091.0
10443858,stimulus_Arg_PISACowsMilk_10_page_6,643.1,672.4,1091.0
10443859,stimulus_Arg_PISACowsMilk_10_page_6,643.5,672.6,1091.0
10443860,stimulus_Arg_PISACowsMilk_10_page_6,643.9,672.7,1091.0
10443861,stimulus_Arg_PISACowsMilk_10_page_6,644.4,672.6,1091.0
10443862,stimulus_Arg_PISACowsMilk_10_page_6,644.4,672.4,1092.0
10443863,stimulus_Arg_PISACowsMilk_10_page_6,644.5,672.1,1093.0
10443864,stimulus_Arg_PISACowsMilk_10_page_6,644.4,671.9,1094.0
10443865,stimulus_Arg_PISACowsMilk_10_page_6,644.1,671.7,1094.0
10443866,stimulus_Arg_PISACowsMilk_10_page_6,643.8,672.0,1093.0
10443867,stimulus_Arg_PISACowsMilk_10_page_6,643.2,672.3,1093.0
10443868,stimulus_Arg_PISACowsMilk_10_page_6,643.0,672.7,1092.0
10443869,stimulus_Arg_PISACowsMilk_10_page_6,642.8,672.7,1091.0
10443870,stimulus_Arg_PISACowsMilk_10_page_6,642.9,672.4,1091.0
10443871,stimulus_Arg_PISACowsMilk_10_page_6,643.1,672.1,1091.0
10443872,stimulus_Arg_PISACowsMilk_10_page_6,643.2,671.9,1091.0
10443873,stimulus_Arg_PISACowsMilk_10_page_6,643.2,671.9,1091.0
10443874,stimulus_Arg_PISACowsMilk_10_page_6,643.2,671.9,1091.0
10443875,stimulus_Arg_PISACowsMilk_10_page_6,643.2,671.9,1090.0
10443876,stimulus_Arg_PISACowsMilk_10_page_6,643.2,671.9,1089.0
10443877,stimulus_Arg_PISACowsMilk_10_page_6,643.2,672.0,1089.0
10443878,stimulus_Arg_PISACowsMilk_10_page_6,643.2,672.1,1089.0
10443879,stimulus_Arg_PISACowsMilk_10_page_6,643.2,672.1,1090.0
10443880,stimulus_Arg_PISACowsMilk_10_page_6,643.1,672.1,1091.0
10443881,stimulus_Arg_PISACowsMilk_10_page_6,643.1,672.2,1091.0
10443882,stimulus_Arg_PISACowsMilk_10_page_6,642.9,672.4,1092.0
10443883,stimulus_Arg_PISACowsMilk_10_page_6,642.8,672.5,1092.0
10443884,stimulus_Arg_PISACowsMilk_10_page_6,642.7,672.4,1091.0
10443885,stimulus_Arg_PISACowsMilk_10_page_6,642.8,672.4,1091.0
10443886,stimulus_Arg_PISACowsMilk_10_page_6,642.9,672.4,1091.0
10443887,stimulus_Arg_PISACowsMilk_10_page_6,643.1,672.4,1090.0
10443888,stimulus_Arg_PISACowsMilk_10_page_6,643.3,672.4,1090.0
10443889,stimulus_Arg_PISACowsMilk_10_page_6,643.4,672.4,1090.0
10443890,stimulus_Arg_PISACowsMilk_10_page_6,643.4,672.5,1090.0
10443891,stimulus_Arg_PISACowsMilk_10_page_6,643.4,672.6,1091.0
10443892,stimulus_Arg_PISACowsMilk_10_page_6,643.4,672.7,1091.0
10443893,stimulus_Arg_PISACowsMilk_10_page_6,643.3,672.5,1092.0
10443894,stimulus_Arg_PISACowsMilk_10_page_6,643.2,672.3,1092.0
10443895,stimulus_Arg_PISACowsMilk_10_page_6,643.0,672.2,1091.0
10443896,stimulus_Arg_PISACowsMilk_10_page_6,642.9,672.3,1090.0
10443897,stimulus_Arg_PISACowsMilk_10_page_6,642.8,672.4,1090.0
10443898,stimulus_Arg_PISACowsMilk_10_page_6,642.9,672.5,1089.0
10443899,stimulus_Arg_PISACowsMilk_10_page_6,643.0,672.5,1090.0
10443900,stimulus_Arg_PISACowsMilk_10_page_6,643.1,672.5,1090.0
10443901,stimulus_Arg_PISACowsMilk_10_page_6,643.3,672.5,1090.0
10443902,stimulus_Arg_PISACowsMilk_10_page_6,643.3,672.7,1089.0
10443903,stimulus_Arg_PISACowsMilk_10_page_6,643.4,672.9,1089.0
10443904,stimulus_Arg_PISACowsMilk_10_page_6,643.5,673.0,1089.0
10443905,stimulus_Arg_PISACowsMilk_10_page_6,643.6,673.0,1089.0
10443906,stimulus_Arg_PISACowsMilk_10_page_6,643.6,672.8,1088.0
10443907,stimulus_Arg_PISACowsMilk_10_page_6,643.7,672.5,1088.0
10443908,stimulus_Arg_PISACowsMilk_10_page_6,643.7,672.2,1088.0
10443909,stimulus_Arg_PISACowsMilk_10_page_6,643.7,672.3,1088.0
10443910,stimulus_Arg_PISACowsMilk_10_page_6,643.7,672.2,1088.0
10443911,stimulus_Arg_PISACowsMilk_10_page_6,643.5,672.2,1087.0
10443912,stimulus_Arg_PISACowsMilk_10_page_6,643.3,672.4,1087.0
10443913,stimulus_Arg_PISACowsMilk_10_page_6,643.2,672.6,1087.0
10443914,stimulus_Arg_PISACowsMilk_10_page_6,643.3,672.9,1087.0
10443915,stimulus_Arg_PISACowsMilk_10_page_6,643.3,673.0,1088.0
10443916,stimulus_Arg_PISACowsMilk_10_page_6,643.3,673.0,1088.0
10443917,stimulus_Arg_PISACowsMilk_10_page_6,643.3,673.1,1088.0
10443918,stimulus_Arg_PISACowsMilk_10_page_6,643.3,673.1,1088.0
10443919,stimulus_Arg_PISACowsMilk_10_page_6,643.5,673.1,1088.0
10443920,stimulus_Arg_PISACowsMilk_10_page_6,643.6,673.2,1089.0
10443921,stimulus_Arg_PISACowsMilk_10_page_6,643.7,673.2,1089.0
10443922,stimulus_Arg_PISACowsMilk_10_page_6,643.9,673.2,1090.0
10443923,stimulus_Arg_PISACowsMilk_10_page_6,644.2,673.3,1089.0
10443924,stimulus_Arg_PISACowsMilk_10_page_6,644.5,673.2,1089.0
10443925,stimulus_Arg_PISACowsMilk_10_page_6,644.5,673.2,1088.0
10443926,stimulus_Arg_PISACowsMilk_10_page_6,644.2,673.4,1087.0
10443927,stimulus_Arg_PISACowsMilk_10_page_6,644.0,673.7,1086.0
10443928,stimulus_Arg_PISACowsMilk_10_page_6,644.0,673.7,1086.0
10443929,stimulus_Arg_PISACowsMilk_10_page_6,644.0,673.4,1085.0
10443930,stimulus_Arg_PISACowsMilk_10_page_6,643.9,672.9,1085.0
10443931,stimulus_Arg_PISACowsMilk_10_page_6,643.7,672.7,1085.0
10443932,stimulus_Arg_PISACowsMilk_10_page_6,643.6,672.8,1085.0
10443933,stimulus_Arg_PISACowsMilk_10_page_6,643.6,673.1,1085.0
10443934,stimulus_Arg_PISACowsMilk_10_page_6,643.7,673.4,1084.0
10443935,stimulus_Arg_PISACowsMilk_10_page_6,643.8,673.3,1084.0
10443936,stimulus_Arg_PISACowsMilk_10_page_6,643.8,673.3,1084.0
10443937,stimulus_Arg_PISACowsMilk_10_page_6,643.7,673.3,1084.0
10443938,stimulus_Arg_PISACowsMilk_10_page_6,643.7,673.5,1084.0
10443939,stimulus_Arg_PISACowsMilk_10_page_6,644.0,673.7,1084.0
10443940,stimulus_Arg_PISACowsMilk_10_page_6,644.3,673.9,1084.0
10443941,stimulus_Arg_PISACowsMilk_10_page_6,644.4,673.9,1084.0
10443942,stimulus_Arg_PISACowsMilk_10_page_6,644.3,673.9,1084.0
10443943,stimulus_Arg_PISACowsMilk_10_page_6,644.2,673.9,1085.0
10443944,stimulus_Arg_PISACowsMilk_10_page_6,644.1,674.0,1085.0
10443945,stimulus_Arg_PISACowsMilk_10_page_6,644.1,674.2,1084.0
10443946,stimulus_Arg_PISACowsMilk_10_page_6,644.1,674.2,1083.0
10443947,stimulus_Arg_PISACowsMilk_10_page_6,644.1,674.3,1081.0
10443948,stimulus_Arg_PISACowsMilk_10_page_6,644.2,674.3,1080.0
10443949,stimulus_Arg_PISACowsMilk_10_page_6,644.3,674.4,1081.0
10443950,stimulus_Arg_PISACowsMilk_10_page_6,644.3,674.6,1083.0
10443951,stimulus_Arg_PISACowsMilk_10_page_6,644.2,674.6,1084.0
10443952,stimulus_Arg_PISACowsMilk_10_page_6,644.1,674.5,1084.0
10443953,stimulus_Arg_PISACowsMilk_10_page_6,644.1,674.4,1084.0
10443954,stimulus_Arg_PISACowsMilk_10_page_6,644.2,674.4,1084.0
10443955,stimulus_Arg_PISACowsMilk_10_page_6,644.4,674.4,1083.0
10443956,stimulus_Arg_PISACowsMilk_10_page_6,644.7,674.5,1083.0
10443957,stimulus_Arg_PISACowsMilk_10_page_6,645.2,674.5,1084.0
10443958,stimulus_Arg_PISACowsMilk_10_page_6,645.4,674.6,1085.0
10443959,stimulus_Arg_PISACowsMilk_10_page_6,645.6,674.5,1085.0
10443960,stimulus_Arg_PISACowsMilk_10_page_6,645.5,674.4,1084.0
10443961,stimulus_Arg_PISACowsMilk_10_page_6,645.4,674.3,1083.0
10443962,stimulus_Arg_PISACowsMilk_10_page_6,645.1,674.4,1083.0
10443963,stimulus_Arg_PISACowsMilk_10_page_6,645.0,674.5,1083.0
10443964,stimulus_Arg_PISACowsMilk_10_page_6,644.8,674.6,1083.0
10443965,stimulus_Arg_PISACowsMilk_10_page_6,644.7,674.5,1083.0
10443966,stimulus_Arg_PISACowsMilk_10_page_6,644.6,674.7,1082.0
10443967,stimulus_Arg_PISACowsMilk_10_page_6,644.6,674.8,1080.0
10443968,stimulus_Arg_PISACowsMilk_10_page_6,644.8,675.0,1080.0
10443969,stimulus_Arg_PISACowsMilk_10_page_6,644.7,675.0,1081.0
10443970,stimulus_Arg_PISACowsMilk_10_page_6,644.4,674.8,1081.0
10443971,stimulus_Arg_PISACowsMilk_10_page_6,644.4,674.6,1081.0
10443972,stimulus_Arg_PISACowsMilk_10_page_6,644.7,674.4,1081.0
10443973,stimulus_Arg_PISACowsMilk_10_page_6,645.0,674.3,1081.0
10443974,stimulus_Arg_PISACowsMilk_10_page_6,644.1,674.2,1081.0
10443975,stimulus_Arg_PISACowsMilk_10_page_6,643.2,674.7,1081.0
10443976,stimulus_Arg_PISACowsMilk_10_page_6,641.3,675.3,1081.0
10443977,stimulus_Arg_PISACowsMilk_10_page_6,639.3,675.8,1082.0
10443978,stimulus_Arg_PISACowsMilk_10_page_6,637.0,675.8,1085.0
10443979,stimulus_Arg_PISACowsMilk_10_page_6,635.3,675.8,1088.0
10443980,stimulus_Arg_PISACowsMilk_10_page_6,633.3,675.3,1089.0
10443981,stimulus_Arg_PISACowsMilk_10_page_6,630.0,674.8,1088.0
10443982,stimulus_Arg_PISACowsMilk_10_page_6,624.0,674.1,1086.0
10443983,stimulus_Arg_PISACowsMilk_10_page_6,618.6,673.9,1086.0
10443984,stimulus_Arg_PISACowsMilk_10_page_6,614.0,674.1,1087.0
10443985,stimulus_Arg_PISACowsMilk_10_page_6,611.6,674.9,1088.0
10443986,stimulus_Arg_PISACowsMilk_10_page_6,608.3,675.7,1086.0
10443987,stimulus_Arg_PISACowsMilk_10_page_6,603.8,676.0,1085.0
10443988,stimulus_Arg_PISACowsMilk_10_page_6,599.3,676.3,1086.0
10443989,stimulus_Arg_PISACowsMilk_10_page_6,596.4,676.7,1089.0
10443990,stimulus_Arg_PISACowsMilk_10_page_6,595.8,677.0,1092.0
10443991,stimulus_Arg_PISACowsMilk_10_page_6,596.0,676.8,1095.0
10443992,stimulus_Arg_PISACowsMilk_10_page_6,596.4,676.9,1096.0
10443993,stimulus_Arg_PISACowsMilk_10_page_6,597.0,677.2,1097.0
10443994,stimulus_Arg_PISACowsMilk_10_page_6,597.9,677.5,1097.0
10443995,stimulus_Arg_PISACowsMilk_10_page_6,599.2,677.5,1098.0
10443996,stimulus_Arg_PISACowsMilk_10_page_6,600.3,677.5,1097.0
10443997,stimulus_Arg_PISACowsMilk_10_page_6,601.1,677.5,1095.0
10443998,stimulus_Arg_PISACowsMilk_10_page_6,601.6,677.4,1093.0
10443999,stimulus_Arg_PISACowsMilk_10_page_6,602.5,677.3,1092.0
10444000,stimulus_Arg_PISACowsMilk_10_page_6,603.5,677.1,1092.0
10444001,stimulus_Arg_PISACowsMilk_10_page_6,604.5,676.8,1091.0
10444002,stimulus_Arg_PISACowsMilk_10_page_6,604.8,676.6,1090.0
10444003,stimulus_Arg_PISACowsMilk_10_page_6,605.0,676.3,1090.0
10444004,stimulus_Arg_PISACowsMilk_10_page_6,605.5,676.2,1089.0
10444005,stimulus_Arg_PISACowsMilk_10_page_6,606.2,676.2,1088.0
10444006,stimulus_Arg_PISACowsMilk_10_page_6,607.0,676.2,1087.0
10444007,stimulus_Arg_PISACowsMilk_10_page_6,607.3,676.2,1087.0
10444008,stimulus_Arg_PISACowsMilk_10_page_6,607.4,676.2,1087.0
10444009,stimulus_Arg_PISACowsMilk_10_page_6,607.6,676.2,1087.0
10444010,stimulus_Arg_PISACowsMilk_10_page_6,608.1,676.1,1087.0
10444011,stimulus_Arg_PISACowsMilk_10_page_6,608.4,676.1,1087.0
10444012,stimulus_Arg_PISACowsMilk_10_page_6,608.6,676.0,1087.0
10444013,stimulus_Arg_PISACowsMilk_10_page_6,608.5,676.1,1088.0
10444014,stimulus_Arg_PISACowsMilk_10_page_6,608.2,676.1,1088.0
10444015,stimulus_Arg_PISACowsMilk_10_page_6,607.8,676.1,1087.0
10444016,stimulus_Arg_PISACowsMilk_10_page_6,607.4,676.1,1085.0
10444017,stimulus_Arg_PISACowsMilk_10_page_6,607.3,676.1,1084.0
10444018,stimulus_Arg_PISACowsMilk_10_page_6,607.3,676.3,1084.0
10444019,stimulus_Arg_PISACowsMilk_10_page_6,607.2,676.4,1084.0
10444020,stimulus_Arg_PISACowsMilk_10_page_6,607.2,676.4,1083.0
10444021,stimulus_Arg_PISACowsMilk_10_page_6,607.1,676.4,1083.0
10444022,stimulus_Arg_PISACowsMilk_10_page_6,606.8,676.4,1083.0
10444023,stimulus_Arg_PISACowsMilk_10_page_6,606.4,676.4,1083.0
10444024,stimulus_Arg_PISACowsMilk_10_page_6,606.2,676.3,1081.0
10444025,stimulus_Arg_PISACowsMilk_10_page_6,606.1,676.2,1080.0
10444026,stimulus_Arg_PISACowsMilk_10_page_6,606.1,676.2,1080.0
10444027,stimulus_Arg_PISACowsMilk_10_page_6,606.1,676.0,1080.0
10444028,stimulus_Arg_PISACowsMilk_10_page_6,606.2,675.5,1080.0
10444029,stimulus_Arg_PISACowsMilk_10_page_6,606.3,675.1,1080.0
10444030,stimulus_Arg_PISACowsMilk_10_page_6,606.3,674.8,1080.0
10444031,stimulus_Arg_PISACowsMilk_10_page_6,606.2,674.7,1080.0
10444032,stimulus_Arg_PISACowsMilk_10_page_6,606.1,674.6,1080.0
10444033,stimulus_Arg_PISACowsMilk_10_page_6,606.0,674.3,1080.0
10444034,stimulus_Arg_PISACowsMilk_10_page_6,606.0,674.0,1081.0
10444035,stimulus_Arg_PISACowsMilk_10_page_6,606.0,673.8,1082.0
10444036,stimulus_Arg_PISACowsMilk_10_page_6,606.0,673.8,1082.0
10444037,stimulus_Arg_PISACowsMilk_10_page_6,606.0,673.9,1082.0
10444038,stimulus_Arg_PISACowsMilk_10_page_6,606.1,673.9,1082.0
10444039,stimulus_Arg_PISACowsMilk_10_page_6,606.0,673.9,1081.0
10444040,stimulus_Arg_PISACowsMilk_10_page_6,606.0,674.1,1079.0
10444041,stimulus_Arg_PISACowsMilk_10_page_6,606.1,674.3,1078.0
10444042,stimulus_Arg_PISACowsMilk_10_page_6,606.2,674.5,1077.0
10444043,stimulus_Arg_PISACowsMilk_10_page_6,606.4,674.4,1078.0
10444044,stimulus_Arg_PISACowsMilk_10_page_6,606.4,674.3,1078.0
10444045,stimulus_Arg_PISACowsMilk_10_page_6,606.6,674.5,1079.0
10444046,stimulus_Arg_PISACowsMilk_10_page_6,606.8,674.7,1080.0
10444047,stimulus_Arg_PISACowsMilk_10_page_6,606.8,674.7,1081.0
10444048,stimulus_Arg_PISACowsMilk_10_page_6,606.7,674.6,1081.0
10444049,stimulus_Arg_PISACowsMilk_10_page_6,606.5,674.5,1081.0
10444050,stimulus_Arg_PISACowsMilk_10_page_6,606.6,674.5,1081.0
10444051,stimulus_Arg_PISACowsMilk_10_page_6,606.6,674.5,1082.0
10444052,stimulus_Arg_PISACowsMilk_10_page_6,606.6,674.7,1082.0
10444053,stimulus_Arg_PISACowsMilk_10_page_6,606.5,674.9,1083.0
10444054,stimulus_Arg_PISACowsMilk_10_page_6,606.5,675.1,1081.0
10444055,stimulus_Arg_PISACowsMilk_10_page_6,606.4,674.9,1079.0
10444056,stimulus_Arg_PISACowsMilk_10_page_6,606.4,674.8,1079.0
10444057,stimulus_Arg_PISACowsMilk_10_page_6,606.3,674.7,1080.0
10444058,stimulus_Arg_PISACowsMilk_10_page_6,606.3,674.7,1082.0
10444059,stimulus_Arg_PISACowsMilk_10_page_6,606.3,674.7,1082.0
10444060,stimulus_Arg_PISACowsMilk_10_page_6,606.2,674.7,1082.0
10444061,stimulus_Arg_PISACowsMilk_10_page_6,606.1,674.8,1083.0
10444062,stimulus_Arg_PISACowsMilk_10_page_6,606.0,675.0,1084.0
10444063,stimulus_Arg_PISACowsMilk_10_page_6,605.9,675.2,1084.0
10444064,stimulus_Arg_PISACowsMilk_10_page_6,605.8,675.2,1084.0
10444065,stimulus_Arg_PISACowsMilk_10_page_6,605.4,675.2,1084.0
10444066,stimulus_Arg_PISACowsMilk_10_page_6,605.1,675.1,1085.0
10444067,stimulus_Arg_PISACowsMilk_10_page_6,605.1,675.1,1085.0
10444068,stimulus_Arg_PISACowsMilk_10_page_6,605.4,675.1,1085.0
10444069,stimulus_Arg_PISACowsMilk_10_page_6,605.5,675.0,1086.0
10444070,stimulus_Arg_PISACowsMilk_10_page_6,605.3,675.0,1086.0
10444071,stimulus_Arg_PISACowsMilk_10_page_6,605.1,674.9,1087.0
10444072,stimulus_Arg_PISACowsMilk_10_page_6,605.0,675.0,1087.0
10444073,stimulus_Arg_PISACowsMilk_10_page_6,605.0,675.2,1087.0
10444074,stimulus_Arg_PISACowsMilk_10_page_6,605.0,675.4,1087.0
10444075,stimulus_Arg_PISACowsMilk_10_page_6,605.0,675.5,1086.0
10444076,stimulus_Arg_PISACowsMilk_10_page_6,605.0,675.3,1086.0
10444077,stimulus_Arg_PISACowsMilk_10_page_6,604.9,675.1,1085.0
10444078,stimulus_Arg_PISACowsMilk_10_page_6,604.9,674.8,1085.0
10444079,stimulus_Arg_PISACowsMilk_10_page_6,604.7,674.8,1086.0
10444080,stimulus_Arg_PISACowsMilk_10_page_6,604.5,675.1,1086.0
10444081,stimulus_Arg_PISACowsMilk_10_page_6,604.3,675.5,1087.0
10444082,stimulus_Arg_PISACowsMilk_10_page_6,604.3,676.0,1087.0
10444083,stimulus_Arg_PISACowsMilk_10_page_6,604.2,676.1,1086.0
10444084,stimulus_Arg_PISACowsMilk_10_page_6,604.2,676.1,1086.0
10444085,stimulus_Arg_PISACowsMilk_10_page_6,604.2,676.2,1086.0
10444086,stimulus_Arg_PISACowsMilk_10_page_6,604.1,676.3,1086.0
10444087,stimulus_Arg_PISACowsMilk_10_page_6,604.1,676.5,1086.0
10444088,stimulus_Arg_PISACowsMilk_10_page_6,604.0,676.5,1086.0
10444089,stimulus_Arg_PISACowsMilk_10_page_6,604.1,676.3,1086.0
10444090,stimulus_Arg_PISACowsMilk_10_page_6,604.1,676.1,1085.0
10444091,stimulus_Arg_PISACowsMilk_10_page_6,604.0,676.0,1085.0
10444092,stimulus_Arg_PISACowsMilk_10_page_6,603.8,676.2,1084.0
10444093,stimulus_Arg_PISACowsMilk_10_page_6,603.6,676.3,1084.0
10444094,stimulus_Arg_PISACowsMilk_10_page_6,603.7,676.3,1085.0
10444095,stimulus_Arg_PISACowsMilk_10_page_6,603.8,676.1,1087.0
10444096,stimulus_Arg_PISACowsMilk_10_page_6,603.8,676.4,1088.0
10444097,stimulus_Arg_PISACowsMilk_10_page_6,603.6,676.7,1088.0
10444098,stimulus_Arg_PISACowsMilk_10_page_6,603.4,676.7,1087.0
10444099,stimulus_Arg_PISACowsMilk_10_page_6,603.2,676.3,1087.0
10444100,stimulus_Arg_PISACowsMilk_10_page_6,603.2,676.1,1087.0
10444101,stimulus_Arg_PISACowsMilk_10_page_6,603.1,676.2,1088.0
10444102,stimulus_Arg_PISACowsMilk_10_page_6,603.2,676.3,1088.0
10444103,stimulus_Arg_PISACowsMilk_10_page_6,603.2,676.6,1088.0
10444104,stimulus_Arg_PISACowsMilk_10_page_6,603.3,676.9,1088.0
10444105,stimulus_Arg_PISACowsMilk_10_page_6,603.5,677.4,1087.0
10444106,stimulus_Arg_PISACowsMilk_10_page_6,603.7,677.6,1086.0
10444107,stimulus_Arg_PISACowsMilk_10_page_6,603.8,677.3,1085.0
10444108,stimulus_Arg_PISACowsMilk_10_page_6,603.8,676.8,1085.0
10444109,stimulus_Arg_PISACowsMilk_10_page_6,603.8,676.3,1086.0
10444110,stimulus_Arg_PISACowsMilk_10_page_6,603.8,676.2,1087.0
10444111,stimulus_Arg_PISACowsMilk_10_page_6,603.9,676.5,1088.0
10444112,stimulus_Arg_PISACowsMilk_10_page_6,603.9,676.8,1089.0
10444113,stimulus_Arg_PISACowsMilk_10_page_6,603.8,677.2,1088.0
10444114,stimulus_Arg_PISACowsMilk_10_page_6,603.7,677.5,1088.0
10444115,stimulus_Arg_PISACowsMilk_10_page_6,603.7,677.7,1086.0
10444116,stimulus_Arg_PISACowsMilk_10_page_6,603.7,677.8,1084.0
10444117,stimulus_Arg_PISACowsMilk_10_page_6,603.6,677.5,1082.0
10444118,stimulus_Arg_PISACowsMilk_10_page_6,603.6,677.5,1082.0
10444119,stimulus_Arg_PISACowsMilk_10_page_6,603.7,677.7,1083.0
10444120,stimulus_Arg_PISACowsMilk_10_page_6,603.7,677.6,1085.0
10444121,stimulus_Arg_PISACowsMilk_10_page_6,604.0,677.5,1087.0
10444122,stimulus_Arg_PISACowsMilk_10_page_6,604.2,677.4,1087.0
10444123,stimulus_Arg_PISACowsMilk_10_page_6,604.1,677.5,1086.0
10444124,stimulus_Arg_PISACowsMilk_10_page_6,603.8,677.5,1085.0
10444125,stimulus_Arg_PISACowsMilk_10_page_6,603.4,677.5,1084.0
10444126,stimulus_Arg_PISACowsMilk_10_page_6,603.6,677.8,1084.0
10444127,stimulus_Arg_PISACowsMilk_10_page_6,604.0,678.5,1083.0
10444128,stimulus_Arg_PISACowsMilk_10_page_6,605.6,679.9,1081.0
10444129,stimulus_Arg_PISACowsMilk_10_page_6,608.5,681.2,1080.0
10444130,stimulus_Arg_PISACowsMilk_10_page_6,611.9,681.1,1080.0
10444131,stimulus_Arg_PISACowsMilk_10_page_6,615.4,680.4,1081.0
10444132,stimulus_Arg_PISACowsMilk_10_page_6,620.0,679.6,1082.0
10444133,stimulus_Arg_PISACowsMilk_10_page_6,627.0,679.8,1082.0
10444134,stimulus_Arg_PISACowsMilk_10_page_6,636.6,680.5,1082.0
10444135,stimulus_Arg_PISACowsMilk_10_page_6,647.5,681.3,1082.0
10444136,stimulus_Arg_PISACowsMilk_10_page_6,657.6,680.5,1081.0
10444137,stimulus_Arg_PISACowsMilk_10_page_6,668.2,679.2,1080.0
10444138,stimulus_Arg_PISACowsMilk_10_page_6,678.4,678.0,1080.0
10444139,stimulus_Arg_PISACowsMilk_10_page_6,690.2,678.3,1081.0
10444140,stimulus_Arg_PISACowsMilk_10_page_6,701.9,678.2,1084.0
10444141,stimulus_Arg_PISACowsMilk_10_page_6,711.4,677.6,1086.0
10444142,stimulus_Arg_PISACowsMilk_10_page_6,719.3,675.1,1088.0
10444143,stimulus_Arg_PISACowsMilk_10_page_6,725.5,673.1,1088.0
10444144,stimulus_Arg_PISACowsMilk_10_page_6,731.6,671.5,1085.0
10444145,stimulus_Arg_PISACowsMilk_10_page_6,737.8,671.6,1081.0
10444146,stimulus_Arg_PISACowsMilk_10_page_6,743.2,671.8,1076.0
10444147,stimulus_Arg_PISACowsMilk_10_page_6,747.5,671.5,1074.0
10444148,stimulus_Arg_PISACowsMilk_10_page_6,749.6,670.4,1072.0
10444149,stimulus_Arg_PISACowsMilk_10_page_6,750.3,668.7,1069.0
10444150,stimulus_Arg_PISACowsMilk_10_page_6,750.5,667.5,1066.0
10444151,stimulus_Arg_PISACowsMilk_10_page_6,750.8,667.4,1065.0
10444152,stimulus_Arg_PISACowsMilk_10_page_6,751.1,668.5,1065.0
10444153,stimulus_Arg_PISACowsMilk_10_page_6,750.9,669.9,1065.0
10444154,stimulus_Arg_PISACowsMilk_10_page_6,750.5,671.2,1064.0
10444155,stimulus_Arg_PISACowsMilk_10_page_6,749.6,671.9,1064.0
10444156,stimulus_Arg_PISACowsMilk_10_page_6,748.4,672.6,1064.0
10444157,stimulus_Arg_PISACowsMilk_10_page_6,747.2,673.1,1065.0
10444158,stimulus_Arg_PISACowsMilk_10_page_6,746.1,673.9,1065.0
10444159,stimulus_Arg_PISACowsMilk_10_page_6,745.8,674.4,1066.0
10444160,stimulus_Arg_PISACowsMilk_10_page_6,745.0,674.7,1066.0
10444161,stimulus_Arg_PISACowsMilk_10_page_6,744.0,674.6,1066.0
10444162,stimulus_Arg_PISACowsMilk_10_page_6,742.9,674.5,1066.0
10444163,stimulus_Arg_PISACowsMilk_10_page_6,742.6,674.4,1066.0
10444164,stimulus_Arg_PISACowsMilk_10_page_6,742.6,674.5,1066.0
10444165,stimulus_Arg_PISACowsMilk_10_page_6,742.5,674.2,1066.0
10444166,stimulus_Arg_PISACowsMilk_10_page_6,742.5,674.0,1066.0
10444167,stimulus_Arg_PISACowsMilk_10_page_6,742.3,673.7,1066.0
10444168,stimulus_Arg_PISACowsMilk_10_page_6,742.2,673.6,1066.0
10444169,stimulus_Arg_PISACowsMilk_10_page_6,742.4,673.6,1066.0
10444170,stimulus_Arg_PISACowsMilk_10_page_6,742.7,673.7,1066.0
10444171,stimulus_Arg_PISACowsMilk_10_page_6,743.1,673.7,1066.0
10444172,stimulus_Arg_PISACowsMilk_10_page_6,743.5,673.6,1066.0
10444173,stimulus_Arg_PISACowsMilk_10_page_6,744.0,673.4,1067.0
10444174,stimulus_Arg_PISACowsMilk_10_page_6,744.9,673.2,1067.0
10444175,stimulus_Arg_PISACowsMilk_10_page_6,745.7,674.3,1067.0
10444176,stimulus_Arg_PISACowsMilk_10_page_6,746.6,675.4,1068.0
10444177,stimulus_Arg_PISACowsMilk_10_page_6,747.0,676.3,1069.0
10444178,stimulus_Arg_PISACowsMilk_10_page_6,747.3,676.2,1070.0
10444179,stimulus_Arg_PISACowsMilk_10_page_6,747.5,675.7,1070.0
10444180,stimulus_Arg_PISACowsMilk_10_page_6,747.6,675.4,1071.0
10444181,stimulus_Arg_PISACowsMilk_10_page_6,747.5,675.1,1071.0
10444182,stimulus_Arg_PISACowsMilk_10_page_6,747.6,675.0,1071.0
10444183,stimulus_Arg_PISACowsMilk_10_page_6,747.8,674.9,1071.0
10444184,stimulus_Arg_PISACowsMilk_10_page_6,748.1,674.8,1070.0
10444185,stimulus_Arg_PISACowsMilk_10_page_6,748.1,674.4,1069.0
10444186,stimulus_Arg_PISACowsMilk_10_page_6,748.5,674.1,1067.0
10444187,stimulus_Arg_PISACowsMilk_10_page_6,749.0,673.9,1067.0
10444188,stimulus_Arg_PISACowsMilk_10_page_6,749.5,673.9,1067.0
10444189,stimulus_Arg_PISACowsMilk_10_page_6,749.6,673.6,1068.0
10444190,stimulus_Arg_PISACowsMilk_10_page_6,749.6,673.4,1068.0
10444191,stimulus_Arg_PISACowsMilk_10_page_6,749.5,673.2,1068.0
10444192,stimulus_Arg_PISACowsMilk_10_page_6,749.6,673.1,1068.0
10444193,stimulus_Arg_PISACowsMilk_10_page_6,749.5,673.3,1068.0
10444194,stimulus_Arg_PISACowsMilk_10_page_6,749.4,673.5,1069.0
10444195,stimulus_Arg_PISACowsMilk_10_page_6,749.3,673.7,1069.0
10444196,stimulus_Arg_PISACowsMilk_10_page_6,749.2,673.8,1067.0
10444197,stimulus_Arg_PISACowsMilk_10_page_6,749.1,673.9,1066.0
10444198,stimulus_Arg_PISACowsMilk_10_page_6,749.2,673.7,1066.0
10444199,stimulus_Arg_PISACowsMilk_10_page_6,749.2,673.5,1065.0
10444200,stimulus_Arg_PISACowsMilk_10_page_6,749.0,673.2,1065.0
10444201,stimulus_Arg_PISACowsMilk_10_page_6,748.8,672.9,1064.0
10444202,stimulus_Arg_PISACowsMilk_10_page_6,748.6,672.6,1063.0
10444203,stimulus_Arg_PISACowsMilk_10_page_6,748.3,672.4,1062.0
10444204,stimulus_Arg_PISACowsMilk_10_page_6,748.0,672.4,1062.0
10444205,stimulus_Arg_PISACowsMilk_10_page_6,747.9,672.6,1062.0
10444206,stimulus_Arg_PISACowsMilk_10_page_6,747.9,672.7,1061.0
10444207,stimulus_Arg_PISACowsMilk_10_page_6,747.8,672.5,1060.0
10444208,stimulus_Arg_PISACowsMilk_10_page_6,747.5,671.8,1059.0
10444209,stimulus_Arg_PISACowsMilk_10_page_6,747.4,671.2,1059.0
10444210,stimulus_Arg_PISACowsMilk_10_page_6,747.3,671.5,1058.0
10444211,stimulus_Arg_PISACowsMilk_10_page_6,747.3,672.1,1058.0
10444212,stimulus_Arg_PISACowsMilk_10_page_6,747.3,672.7,1058.0
10444213,stimulus_Arg_PISACowsMilk_10_page_6,747.3,672.6,1058.0
10444214,stimulus_Arg_PISACowsMilk_10_page_6,747.6,672.5,1058.0
10444215,stimulus_Arg_PISACowsMilk_10_page_6,747.9,672.4,1056.0
10444216,stimulus_Arg_PISACowsMilk_10_page_6,748.2,672.4,1055.0
10444217,stimulus_Arg_PISACowsMilk_10_page_6,748.2,672.4,1054.0
10444218,stimulus_Arg_PISACowsMilk_10_page_6,748.2,672.4,1054.0
10444219,stimulus_Arg_PISACowsMilk_10_page_6,748.2,672.5,1054.0
10444220,stimulus_Arg_PISACowsMilk_10_page_6,748.1,672.4,1054.0
10444221,stimulus_Arg_PISACowsMilk_10_page_6,748.0,672.4,1056.0
10444222,stimulus_Arg_PISACowsMilk_10_page_6,748.0,672.5,1057.0
10444223,stimulus_Arg_PISACowsMilk_10_page_6,748.0,672.6,1057.0
10444224,stimulus_Arg_PISACowsMilk_10_page_6,748.0,672.8,1057.0
10444225,stimulus_Arg_PISACowsMilk_10_page_6,748.1,672.9,1056.0
10444226,stimulus_Arg_PISACowsMilk_10_page_6,748.3,672.9,1056.0
10444227,stimulus_Arg_PISACowsMilk_10_page_6,748.5,673.0,1056.0
10444228,stimulus_Arg_PISACowsMilk_10_page_6,748.5,673.0,1056.0
10444229,stimulus_Arg_PISACowsMilk_10_page_6,748.5,673.0,1057.0
10444230,stimulus_Arg_PISACowsMilk_10_page_6,748.6,672.8,1057.0
10444231,stimulus_Arg_PISACowsMilk_10_page_6,748.6,672.6,1057.0
10444232,stimulus_Arg_PISACowsMilk_10_page_6,748.5,672.4,1057.0
10444233,stimulus_Arg_PISACowsMilk_10_page_6,748.5,672.5,1056.0
10444234,stimulus_Arg_PISACowsMilk_10_page_6,748.4,672.4,1055.0
10444235,stimulus_Arg_PISACowsMilk_10_page_6,748.2,672.3,1054.0
10444236,stimulus_Arg_PISACowsMilk_10_page_6,748.2,672.3,1054.0
10444237,stimulus_Arg_PISACowsMilk_10_page_6,748.4,672.5,1055.0
10444238,stimulus_Arg_PISACowsMilk_10_page_6,748.7,672.6,1055.0
10444239,stimulus_Arg_PISACowsMilk_10_page_6,748.9,672.7,1055.0
10444240,stimulus_Arg_PISACowsMilk_10_page_6,748.9,672.8,1055.0
10444241,stimulus_Arg_PISACowsMilk_10_page_6,748.7,673.0,1056.0
10444242,stimulus_Arg_PISACowsMilk_10_page_6,748.3,673.2,1055.0
10444243,stimulus_Arg_PISACowsMilk_10_page_6,748.0,673.3,1053.0
10444244,stimulus_Arg_PISACowsMilk_10_page_6,747.9,673.4,1052.0
10444245,stimulus_Arg_PISACowsMilk_10_page_6,748.0,673.5,1053.0
10444246,stimulus_Arg_PISACowsMilk_10_page_6,748.0,673.7,1053.0
10444247,stimulus_Arg_PISACowsMilk_10_page_6,748.0,673.9,1053.0
10444248,stimulus_Arg_PISACowsMilk_10_page_6,748.1,674.0,1053.0
10444249,stimulus_Arg_PISACowsMilk_10_page_6,748.1,673.9,1054.0
10444250,stimulus_Arg_PISACowsMilk_10_page_6,748.2,673.8,1054.0
10444251,stimulus_Arg_PISACowsMilk_10_page_6,748.6,673.9,1055.0
10444252,stimulus_Arg_PISACowsMilk_10_page_6,748.9,674.1,1055.0
10444253,stimulus_Arg_PISACowsMilk_10_page_6,749.2,673.9,1054.0
10444254,stimulus_Arg_PISACowsMilk_10_page_6,749.1,673.5,1053.0
10444255,stimulus_Arg_PISACowsMilk_10_page_6,749.1,673.2,1053.0
10444256,stimulus_Arg_PISACowsMilk_10_page_6,748.8,673.1,1052.0
10444257,stimulus_Arg_PISACowsMilk_10_page_6,748.4,673.0,1051.0
10444258,stimulus_Arg_PISACowsMilk_10_page_6,748.0,672.9,1051.0
10444259,stimulus_Arg_PISACowsMilk_10_page_6,747.8,672.7,1051.0
10444260,stimulus_Arg_PISACowsMilk_10_page_6,747.8,672.7,1052.0
10444261,stimulus_Arg_PISACowsMilk_10_page_6,747.8,672.8,1052.0
10444262,stimulus_Arg_PISACowsMilk_10_page_6,747.8,672.9,1052.0
10444263,stimulus_Arg_PISACowsMilk_10_page_6,748.1,673.1,1052.0
10444264,stimulus_Arg_PISACowsMilk_10_page_6,748.4,673.3,1053.0
10444265,stimulus_Arg_PISACowsMilk_10_page_6,748.7,673.4,1053.0
10444266,stimulus_Arg_PISACowsMilk_10_page_6,748.8,673.4,1053.0
10444267,stimulus_Arg_PISACowsMilk_10_page_6,748.8,673.4,1052.0
10444268,stimulus_Arg_PISACowsMilk_10_page_6,748.7,673.5,1052.0
10444269,stimulus_Arg_PISACowsMilk_10_page_6,748.9,673.7,1051.0
10444270,stimulus_Arg_PISACowsMilk_10_page_6,748.9,673.8,1051.0
10444271,stimulus_Arg_PISACowsMilk_10_page_6,749.0,673.9,1050.0
10444272,stimulus_Arg_PISACowsMilk_10_page_6,749.0,673.8,1052.0
10444273,stimulus_Arg_PISACowsMilk_10_page_6,749.0,673.8,1053.0
10444274,stimulus_Arg_PISACowsMilk_10_page_6,749.0,673.8,1054.0
10444275,stimulus_Arg_PISACowsMilk_10_page_6,749.0,673.8,1053.0
10444276,stimulus_Arg_PISACowsMilk_10_page_6,749.0,673.7,1052.0
10444277,stimulus_Arg_PISACowsMilk_10_page_6,748.9,673.5,1050.0
10444278,stimulus_Arg_PISACowsMilk_10_page_6,748.9,673.6,1049.0
10444279,stimulus_Arg_PISACowsMilk_10_page_6,748.9,673.9,1049.0
10444280,stimulus_Arg_PISACowsMilk_10_page_6,748.8,673.9,1049.0
10444281,stimulus_Arg_PISACowsMilk_10_page_6,748.7,673.7,1050.0
10444282,stimulus_Arg_PISACowsMilk_10_page_6,748.6,673.4,1050.0
10444283,stimulus_Arg_PISACowsMilk_10_page_6,748.7,673.4,1051.0
10444284,stimulus_Arg_PISACowsMilk_10_page_6,748.8,673.4,1052.0
10444285,stimulus_Arg_PISACowsMilk_10_page_6,748.7,673.4,1052.0
10444286,stimulus_Arg_PISACowsMilk_10_page_6,748.6,673.4,1052.0
10444287,stimulus_Arg_PISACowsMilk_10_page_6,748.4,673.3,1051.0
10444288,stimulus_Arg_PISACowsMilk_10_page_6,748.4,673.2,1050.0
10444289,stimulus_Arg_PISACowsMilk_10_page_6,748.5,673.3,1050.0
10444290,stimulus_Arg_PISACowsMilk_10_page_6,748.6,673.5,1050.0
10444291,stimulus_Arg_PISACowsMilk_10_page_6,748.7,673.8,1050.0
10444292,stimulus_Arg_PISACowsMilk_10_page_6,748.8,673.9,1051.0
10444293,stimulus_Arg_PISACowsMilk_10_page_6,748.7,673.9,1051.0
10444294,stimulus_Arg_PISACowsMilk_10_page_6,748.4,674.1,1051.0
10444295,stimulus_Arg_PISACowsMilk_10_page_6,748.2,674.2,1051.0
10444296,stimulus_Arg_PISACowsMilk_10_page_6,748.2,674.4,1051.0
10444297,stimulus_Arg_PISACowsMilk_10_page_6,748.6,674.4,1051.0
10444298,stimulus_Arg_PISACowsMilk_10_page_6,749.0,674.4,1051.0
10444299,stimulus_Arg_PISACowsMilk_10_page_6,749.1,674.3,1051.0
10444300,stimulus_Arg_PISACowsMilk_10_page_6,749.2,674.2,1050.0
10444301,stimulus_Arg_PISACowsMilk_10_page_6,749.2,674.1,1051.0
10444302,stimulus_Arg_PISACowsMilk_10_page_6,749.2,674.4,1051.0
10444303,stimulus_Arg_PISACowsMilk_10_page_6,749.2,674.7,1051.0
10444304,stimulus_Arg_PISACowsMilk_10_page_6,749.1,674.8,1051.0
10444305,stimulus_Arg_PISACowsMilk_10_page_6,749.1,674.6,1049.0
10444306,stimulus_Arg_PISACowsMilk_10_page_6,749.2,674.4,1048.0
10444307,stimulus_Arg_PISACowsMilk_10_page_6,749.4,674.4,1048.0
10444308,stimulus_Arg_PISACowsMilk_10_page_6,749.6,674.5,1048.0
10444309,stimulus_Arg_PISACowsMilk_10_page_6,749.6,674.5,1048.0
10444310,stimulus_Arg_PISACowsMilk_10_page_6,749.5,674.5,1049.0
10444311,stimulus_Arg_PISACowsMilk_10_page_6,749.5,674.6,1048.0
10444312,stimulus_Arg_PISACowsMilk_10_page_6,749.5,674.6,1047.0
10444313,stimulus_Arg_PISACowsMilk_10_page_6,749.6,674.7,1046.0
10444314,stimulus_Arg_PISACowsMilk_10_page_6,749.1,674.8,1046.0
10444315,stimulus_Arg_PISACowsMilk_10_page_6,748.7,674.7,1046.0
10444316,stimulus_Arg_PISACowsMilk_10_page_6,748.4,674.6,1046.0
10444317,stimulus_Arg_PISACowsMilk_10_page_6,748.5,674.5,1047.0
10444318,stimulus_Arg_PISACowsMilk_10_page_6,748.9,674.3,1049.0
10444319,stimulus_Arg_PISACowsMilk_10_page_6,749.1,674.2,1049.0
10444320,stimulus_Arg_PISACowsMilk_10_page_6,749.3,674.3,1048.0
10444321,stimulus_Arg_PISACowsMilk_10_page_6,749.3,674.6,1048.0
10444322,stimulus_Arg_PISACowsMilk_10_page_6,749.4,674.8,1048.0
10444323,stimulus_Arg_PISACowsMilk_10_page_6,749.6,674.9,1047.0
10444324,stimulus_Arg_PISACowsMilk_10_page_6,749.7,674.9,1047.0
10444325,stimulus_Arg_PISACowsMilk_10_page_6,749.8,674.9,1046.0
10444326,stimulus_Arg_PISACowsMilk_10_page_6,749.8,674.8,1047.0
10444327,stimulus_Arg_PISACowsMilk_10_page_6,749.8,674.7,1047.0
10444328,stimulus_Arg_PISACowsMilk_10_page_6,749.8,674.6,1047.0
10444329,stimulus_Arg_PISACowsMilk_10_page_6,749.7,674.5,1047.0
10444330,stimulus_Arg_PISACowsMilk_10_page_6,749.5,674.3,1047.0
10444331,stimulus_Arg_PISACowsMilk_10_page_6,749.4,674.3,1047.0
10444332,stimulus_Arg_PISACowsMilk_10_page_6,749.4,674.3,1047.0
10444333,stimulus_Arg_PISACowsMilk_10_page_6,749.2,674.3,1047.0
10444334,stimulus_Arg_PISACowsMilk_10_page_6,749.0,674.4,1047.0
10444335,stimulus_Arg_PISACowsMilk_10_page_6,748.8,674.3,1047.0
10444336,stimulus_Arg_PISACowsMilk_10_page_6,748.6,674.3,1047.0
10444337,stimulus_Arg_PISACowsMilk_10_page_6,748.4,674.3,1047.0
10444338,stimulus_Arg_PISACowsMilk_10_page_6,748.2,674.4,1047.0
10444339,stimulus_Arg_PISACowsMilk_10_page_6,748.5,674.7,1048.0
10444340,stimulus_Arg_PISACowsMilk_10_page_6,748.9,675.0,1048.0
10444341,stimulus_Arg_PISACowsMilk_10_page_6,749.3,675.0,1048.0
10444342,stimulus_Arg_PISACowsMilk_10_page_6,749.3,674.6,1047.0
10444343,stimulus_Arg_PISACowsMilk_10_page_6,749.3,674.3,1046.0
10444344,stimulus_Arg_PISACowsMilk_10_page_6,749.3,674.4,1046.0
10444345,stimulus_Arg_PISACowsMilk_10_page_6,749.4,674.3,1046.0
10444346,stimulus_Arg_PISACowsMilk_10_page_6,749.5,674.1,1046.0
10444347,stimulus_Arg_PISACowsMilk_10_page_6,749.5,674.0,1046.0
10444348,stimulus_Arg_PISACowsMilk_10_page_6,749.5,674.0,1045.0
10444349,stimulus_Arg_PISACowsMilk_10_page_6,749.4,674.0,1044.0
10444350,stimulus_Arg_PISACowsMilk_10_page_6,749.4,674.0,1043.0
10444351,stimulus_Arg_PISACowsMilk_10_page_6,749.5,674.0,1043.0
10444352,stimulus_Arg_PISACowsMilk_10_page_6,749.5,674.1,1042.0
10444353,stimulus_Arg_PISACowsMilk_10_page_6,749.8,674.1,1043.0
10444354,stimulus_Arg_PISACowsMilk_10_page_6,750.0,674.0,1044.0
10444355,stimulus_Arg_PISACowsMilk_10_page_6,750.0,673.9,1045.0
10444356,stimulus_Arg_PISACowsMilk_10_page_6,749.8,674.3,1045.0
10444357,stimulus_Arg_PISACowsMilk_10_page_6,749.6,674.7,1045.0
10444358,stimulus_Arg_PISACowsMilk_10_page_6,749.5,675.2,1045.0
10444359,stimulus_Arg_PISACowsMilk_10_page_6,749.6,675.1,1045.0
10444360,stimulus_Arg_PISACowsMilk_10_page_6,749.7,674.9,1046.0
10444361,stimulus_Arg_PISACowsMilk_10_page_6,749.7,675.1,1047.0
10444362,stimulus_Arg_PISACowsMilk_10_page_6,749.5,675.4,1048.0
10444363,stimulus_Arg_PISACowsMilk_10_page_6,749.2,675.4,1048.0
10444364,stimulus_Arg_PISACowsMilk_10_page_6,749.1,675.0,1047.0
10444365,stimulus_Arg_PISACowsMilk_10_page_6,749.1,674.7,1046.0
10444366,stimulus_Arg_PISACowsMilk_10_page_6,748.9,674.7,1045.0
10444367,stimulus_Arg_PISACowsMilk_10_page_6,748.6,674.7,1045.0
10444368,stimulus_Arg_PISACowsMilk_10_page_6,748.4,674.8,1045.0
10444369,stimulus_Arg_PISACowsMilk_10_page_6,748.3,674.8,1045.0
10444370,stimulus_Arg_PISACowsMilk_10_page_6,748.2,675.0,1044.0
10444371,stimulus_Arg_PISACowsMilk_10_page_6,748.4,675.3,1043.0
10444372,stimulus_Arg_PISACowsMilk_10_page_6,749.3,675.9,1042.0
10444373,stimulus_Arg_PISACowsMilk_10_page_6,751.1,676.3,1044.0
10444374,stimulus_Arg_PISACowsMilk_10_page_6,752.9,676.3,1045.0
10444375,stimulus_Arg_PISACowsMilk_10_page_6,755.6,675.9,1047.0
10444376,stimulus_Arg_PISACowsMilk_10_page_6,758.3,675.6,1047.0
10444377,stimulus_Arg_PISACowsMilk_10_page_6,762.2,675.7,1047.0
10444378,stimulus_Arg_PISACowsMilk_10_page_6,767.3,675.7,1047.0
10444379,stimulus_Arg_PISACowsMilk_10_page_6,773.9,675.6,1047.0
10444380,stimulus_Arg_PISACowsMilk_10_page_6,782.8,675.6,1046.0
10444381,stimulus_Arg_PISACowsMilk_10_page_6,792.1,675.5,1044.0
10444382,stimulus_Arg_PISACowsMilk_10_page_6,801.4,675.5,1045.0
10444383,stimulus_Arg_PISACowsMilk_10_page_6,810.6,675.4,1046.0
10444384,stimulus_Arg_PISACowsMilk_10_page_6,819.4,675.3,1048.0
10444385,stimulus_Arg_PISACowsMilk_10_page_6,828.5,673.5,1047.0
10444386,stimulus_Arg_PISACowsMilk_10_page_6,836.6,671.6,1047.0
10444387,stimulus_Arg_PISACowsMilk_10_page_6,844.2,669.1,1044.0
10444388,stimulus_Arg_PISACowsMilk_10_page_6,850.9,667.2,1041.0
10444389,stimulus_Arg_PISACowsMilk_10_page_6,855.1,663.8,1038.0
10444390,stimulus_Arg_PISACowsMilk_10_page_6,858.5,660.4,1036.0
10444391,stimulus_Arg_PISACowsMilk_10_page_6,860.8,657.8,1033.0
10444392,stimulus_Arg_PISACowsMilk_10_page_6,863.9,655.9,1030.0
10444393,stimulus_Arg_PISACowsMilk_10_page_6,865.6,654.7,1029.0
10444394,stimulus_Arg_PISACowsMilk_10_page_6,867.0,654.1,1029.0
10444395,stimulus_Arg_PISACowsMilk_10_page_6,868.0,654.2,1027.0
10444396,stimulus_Arg_PISACowsMilk_10_page_6,869.1,654.1,1025.0
10444397,stimulus_Arg_PISACowsMilk_10_page_6,869.9,654.1,1021.0
10444398,stimulus_Arg_PISACowsMilk_10_page_6,871.7,654.2,1019.0
10444399,stimulus_Arg_PISACowsMilk_10_page_6,874.2,654.6,1017.0
10444400,stimulus_Arg_PISACowsMilk_10_page_6,878.3,654.8,1016.0
10444401,stimulus_Arg_PISACowsMilk_10_page_6,883.7,656.2,1019.0
10444402,stimulus_Arg_PISACowsMilk_10_page_6,889.1,657.6,1021.0
10444403,stimulus_Arg_PISACowsMilk_10_page_6,893.8,659.4,1022.0
10444404,stimulus_Arg_PISACowsMilk_10_page_6,899.1,659.9,1021.0
10444405,stimulus_Arg_PISACowsMilk_10_page_6,905.1,660.3,1019.0
10444406,stimulus_Arg_PISACowsMilk_10_page_6,910.5,660.3,1020.0
10444407,stimulus_Arg_PISACowsMilk_10_page_6,913.0,660.4,1020.0
10444408,stimulus_Arg_PISACowsMilk_10_page_6,913.8,660.4,1020.0
10444409,stimulus_Arg_PISACowsMilk_10_page_6,913.7,660.5,1020.0
10444410,stimulus_Arg_PISACowsMilk_10_page_6,912.9,660.6,1020.0
10444411,stimulus_Arg_PISACowsMilk_10_page_6,911.2,660.7,1020.0
10444412,stimulus_Arg_PISACowsMilk_10_page_6,909.3,660.9,1021.0
10444413,stimulus_Arg_PISACowsMilk_10_page_6,906.5,660.6,1020.0
10444414,stimulus_Arg_PISACowsMilk_10_page_6,903.5,660.2,1019.0
10444415,stimulus_Arg_PISACowsMilk_10_page_6,900.3,659.7,1018.0
10444416,stimulus_Arg_PISACowsMilk_10_page_6,897.0,659.5,1018.0
10444417,stimulus_Arg_PISACowsMilk_10_page_6,894.5,659.4,1017.0
10444418,stimulus_Arg_PISACowsMilk_10_page_6,892.7,659.8,1017.0
10444419,stimulus_Arg_PISACowsMilk_10_page_6,891.9,660.6,1017.0
10444420,stimulus_Arg_PISACowsMilk_10_page_6,891.4,661.4,1018.0
10444421,stimulus_Arg_PISACowsMilk_10_page_6,892.0,662.1,1019.0
10444422,stimulus_Arg_PISACowsMilk_10_page_6,892.7,662.4,1020.0
10444423,stimulus_Arg_PISACowsMilk_10_page_6,893.7,662.7,1021.0
10444424,stimulus_Arg_PISACowsMilk_10_page_6,894.6,663.0,1023.0
10444425,stimulus_Arg_PISACowsMilk_10_page_6,895.8,663.4,1023.0
10444426,stimulus_Arg_PISACowsMilk_10_page_6,897.0,663.8,1024.0
10444427,stimulus_Arg_PISACowsMilk_10_page_6,897.8,663.9,1025.0
10444428,stimulus_Arg_PISACowsMilk_10_page_6,898.5,663.9,1025.0
10444429,stimulus_Arg_PISACowsMilk_10_page_6,899.0,663.5,1026.0
10444430,stimulus_Arg_PISACowsMilk_10_page_6,899.3,663.2,1026.0
10444431,stimulus_Arg_PISACowsMilk_10_page_6,899.6,662.9,1026.0
10444432,stimulus_Arg_PISACowsMilk_10_page_6,899.6,663.0,1026.0
10444433,stimulus_Arg_PISACowsMilk_10_page_6,899.7,663.1,1026.0
10444434,stimulus_Arg_PISACowsMilk_10_page_6,900.2,663.2,1025.0
10444435,stimulus_Arg_PISACowsMilk_10_page_6,900.6,663.3,1025.0
10444436,stimulus_Arg_PISACowsMilk_10_page_6,901.0,663.2,1025.0
10444437,stimulus_Arg_PISACowsMilk_10_page_6,901.0,663.0,1025.0
10444438,stimulus_Arg_PISACowsMilk_10_page_6,901.1,662.9,1026.0
10444439,stimulus_Arg_PISACowsMilk_10_page_6,901.0,662.9,1026.0
10444440,stimulus_Arg_PISACowsMilk_10_page_6,900.9,662.9,1027.0
10444441,stimulus_Arg_PISACowsMilk_10_page_6,900.9,662.7,1027.0
10444442,stimulus_Arg_PISACowsMilk_10_page_6,900.9,662.5,1026.0
10444443,stimulus_Arg_PISACowsMilk_10_page_6,900.9,662.4,1026.0
10444444,stimulus_Arg_PISACowsMilk_10_page_6,900.9,662.3,1026.0
10444445,stimulus_Arg_PISACowsMilk_10_page_6,900.9,662.3,1025.0
10444446,stimulus_Arg_PISACowsMilk_10_page_6,900.8,662.5,1025.0
10444447,stimulus_Arg_PISACowsMilk_10_page_6,900.7,662.6,1024.0
10444448,stimulus_Arg_PISACowsMilk_10_page_6,900.7,662.5,1024.0
10444449,stimulus_Arg_PISACowsMilk_10_page_6,900.7,662.3,1024.0
10444450,stimulus_Arg_PISACowsMilk_10_page_6,900.5,662.3,1024.0
10444451,stimulus_Arg_PISACowsMilk_10_page_6,900.3,662.5,1024.0
10444452,stimulus_Arg_PISACowsMilk_10_page_6,900.3,663.0,1025.0
10444453,stimulus_Arg_PISACowsMilk_10_page_6,900.4,663.1,1026.0
10444454,stimulus_Arg_PISACowsMilk_10_page_6,900.5,663.2,1026.0
10444455,stimulus_Arg_PISACowsMilk_10_page_6,900.5,662.9,1026.0
10444456,stimulus_Arg_PISACowsMilk_10_page_6,900.6,662.6,1027.0
10444457,stimulus_Arg_PISACowsMilk_10_page_6,900.5,662.5,1026.0
10444458,stimulus_Arg_PISACowsMilk_10_page_6,900.5,662.6,1026.0
10444459,stimulus_Arg_PISACowsMilk_10_page_6,900.5,662.8,1025.0
10444460,stimulus_Arg_PISACowsMilk_10_page_6,900.5,662.6,1025.0
10444461,stimulus_Arg_PISACowsMilk_10_page_6,900.8,662.1,1024.0
10444462,stimulus_Arg_PISACowsMilk_10_page_6,901.0,661.6,1024.0
10444463,stimulus_Arg_PISACowsMilk_10_page_6,901.0,661.6,1024.0
10444464,stimulus_Arg_PISACowsMilk_10_page_6,901.0,661.6,1024.0
10444465,stimulus_Arg_PISACowsMilk_10_page_6,900.9,661.6,1024.0
10444466,stimulus_Arg_PISACowsMilk_10_page_6,901.0,661.6,1024.0
10444467,stimulus_Arg_PISACowsMilk_10_page_6,901.1,661.7,1025.0
10444468,stimulus_Arg_PISACowsMilk_10_page_6,901.3,661.9,1025.0
10444469,stimulus_Arg_PISACowsMilk_10_page_6,900.9,662.2,1025.0
10444470,stimulus_Arg_PISACowsMilk_10_page_6,900.4,662.2,1025.0
10444471,stimulus_Arg_PISACowsMilk_10_page_6,900.0,662.2,1025.0
10444472,stimulus_Arg_PISACowsMilk_10_page_6,900.3,662.2,1025.0
10444473,stimulus_Arg_PISACowsMilk_10_page_6,900.7,662.2,1026.0
10444474,stimulus_Arg_PISACowsMilk_10_page_6,901.0,662.2,1026.0
10444475,stimulus_Arg_PISACowsMilk_10_page_6,901.0,662.4,1025.0
10444476,stimulus_Arg_PISACowsMilk_10_page_6,901.1,662.6,1024.0
10444477,stimulus_Arg_PISACowsMilk_10_page_6,901.2,662.8,1024.0
10444478,stimulus_Arg_PISACowsMilk_10_page_6,901.1,663.1,1023.0
10444479,stimulus_Arg_PISACowsMilk_10_page_6,900.9,663.4,1022.0
10444480,stimulus_Arg_PISACowsMilk_10_page_6,900.7,663.8,1023.0
10444481,stimulus_Arg_PISACowsMilk_10_page_6,900.6,664.0,1024.0
10444482,stimulus_Arg_PISACowsMilk_10_page_6,900.6,664.3,1024.0
10444483,stimulus_Arg_PISACowsMilk_10_page_6,900.9,664.5,1024.0
10444484,stimulus_Arg_PISACowsMilk_10_page_6,901.3,664.6,1023.0
10444485,stimulus_Arg_PISACowsMilk_10_page_6,901.6,664.5,1023.0
10444486,stimulus_Arg_PISACowsMilk_10_page_6,901.7,664.5,1023.0
10444487,stimulus_Arg_PISACowsMilk_10_page_6,901.7,664.4,1023.0
10444488,stimulus_Arg_PISACowsMilk_10_page_6,901.7,664.3,1023.0
10444489,stimulus_Arg_PISACowsMilk_10_page_6,901.6,664.3,1023.0
10444490,stimulus_Arg_PISACowsMilk_10_page_6,901.6,664.4,1023.0
10444491,stimulus_Arg_PISACowsMilk_10_page_6,901.6,664.4,1024.0
10444492,stimulus_Arg_PISACowsMilk_10_page_6,901.6,664.3,1024.0
10444493,stimulus_Arg_PISACowsMilk_10_page_6,901.6,664.3,1024.0
10444494,stimulus_Arg_PISACowsMilk_10_page_6,901.5,664.4,1024.0
10444495,stimulus_Arg_PISACowsMilk_10_page_6,901.5,664.4,1025.0
10444496,stimulus_Arg_PISACowsMilk_10_page_6,901.5,664.4,1025.0
10444497,stimulus_Arg_PISACowsMilk_10_page_6,901.8,664.5,1026.0
10444498,stimulus_Arg_PISACowsMilk_10_page_6,902.2,664.2,1026.0
10444499,stimulus_Arg_PISACowsMilk_10_page_6,902.4,663.8,1026.0
10444500,stimulus_Arg_PISACowsMilk_10_page_6,902.4,663.6,1026.0
10444501,stimulus_Arg_PISACowsMilk_10_page_6,902.3,663.8,1025.0
10444502,stimulus_Arg_PISACowsMilk_10_page_6,902.2,663.8,1023.0
10444503,stimulus_Arg_PISACowsMilk_10_page_6,902.1,663.7,1022.0
10444504,stimulus_Arg_PISACowsMilk_10_page_6,902.0,663.6,1022.0
10444505,stimulus_Arg_PISACowsMilk_10_page_6,902.0,663.7,1022.0
10444506,stimulus_Arg_PISACowsMilk_10_page_6,902.2,663.7,1022.0
10444507,stimulus_Arg_PISACowsMilk_10_page_6,902.5,663.6,1022.0
10444508,stimulus_Arg_PISACowsMilk_10_page_6,902.7,663.5,1022.0
10444509,stimulus_Arg_PISACowsMilk_10_page_6,902.6,663.4,1023.0
10444510,stimulus_Arg_PISACowsMilk_10_page_6,902.4,663.5,1023.0
10444511,stimulus_Arg_PISACowsMilk_10_page_6,902.7,663.8,1024.0
10444512,stimulus_Arg_PISACowsMilk_10_page_6,903.0,664.0,1024.0
10444513,stimulus_Arg_PISACowsMilk_10_page_6,903.3,664.5,1024.0
10444514,stimulus_Arg_PISACowsMilk_10_page_6,903.3,665.0,1024.0
10444515,stimulus_Arg_PISACowsMilk_10_page_6,903.0,665.6,1025.0
10444516,stimulus_Arg_PISACowsMilk_10_page_6,902.7,665.7,1026.0
10444517,stimulus_Arg_PISACowsMilk_10_page_6,902.7,665.7,1026.0
10444518,stimulus_Arg_PISACowsMilk_10_page_6,903.0,665.6,1027.0
10444519,stimulus_Arg_PISACowsMilk_10_page_6,903.3,665.4,1027.0
10444520,stimulus_Arg_PISACowsMilk_10_page_6,903.3,665.4,1027.0
10444521,stimulus_Arg_PISACowsMilk_10_page_6,903.3,665.4,1027.0
10444522,stimulus_Arg_PISACowsMilk_10_page_6,903.4,665.4,1026.0
10444523,stimulus_Arg_PISACowsMilk_10_page_6,903.4,665.8,1025.0
10444524,stimulus_Arg_PISACowsMilk_10_page_6,903.4,666.1,1024.0
10444525,stimulus_Arg_PISACowsMilk_10_page_6,903.3,666.1,1024.0
10444526,stimulus_Arg_PISACowsMilk_10_page_6,903.2,665.8,1024.0
10444527,stimulus_Arg_PISACowsMilk_10_page_6,903.2,665.4,1024.0
10444528,stimulus_Arg_PISACowsMilk_10_page_6,903.2,665.4,1026.0
10444529,stimulus_Arg_PISACowsMilk_10_page_6,903.3,665.3,1027.0
10444530,stimulus_Arg_PISACowsMilk_10_page_6,903.5,665.4,1028.0
10444531,stimulus_Arg_PISACowsMilk_10_page_6,903.7,665.4,1026.0
10444532,stimulus_Arg_PISACowsMilk_10_page_6,903.8,665.3,1025.0
10444533,stimulus_Arg_PISACowsMilk_10_page_6,903.8,665.3,1025.0
10444534,stimulus_Arg_PISACowsMilk_10_page_6,903.9,665.4,1025.0
10444535,stimulus_Arg_PISACowsMilk_10_page_6,903.9,665.3,1025.0
10444536,stimulus_Arg_PISACowsMilk_10_page_6,903.5,665.3,1026.0
10444537,stimulus_Arg_PISACowsMilk_10_page_6,903.2,665.2,1026.0
10444538,stimulus_Arg_PISACowsMilk_10_page_6,903.0,665.4,1026.0
10444539,stimulus_Arg_PISACowsMilk_10_page_6,903.2,665.7,1027.0
10444540,stimulus_Arg_PISACowsMilk_10_page_6,903.5,665.9,1027.0
10444541,stimulus_Arg_PISACowsMilk_10_page_6,903.4,665.9,1028.0
10444542,stimulus_Arg_PISACowsMilk_10_page_6,903.3,666.0,1028.0
10444543,stimulus_Arg_PISACowsMilk_10_page_6,903.3,666.1,1027.0
10444544,stimulus_Arg_PISACowsMilk_10_page_6,903.3,666.0,1026.0
10444545,stimulus_Arg_PISACowsMilk_10_page_6,903.3,665.7,1026.0
10444546,stimulus_Arg_PISACowsMilk_10_page_6,903.3,665.3,1026.0
10444547,stimulus_Arg_PISACowsMilk_10_page_6,903.3,665.1,1026.0
10444548,stimulus_Arg_PISACowsMilk_10_page_6,903.3,665.2,1027.0
10444549,stimulus_Arg_PISACowsMilk_10_page_6,903.3,665.4,1028.0
10444550,stimulus_Arg_PISACowsMilk_10_page_6,903.4,665.3,1028.0
10444551,stimulus_Arg_PISACowsMilk_10_page_6,903.4,665.1,1028.0
10444552,stimulus_Arg_PISACowsMilk_10_page_6,903.5,664.9,1027.0
10444553,stimulus_Arg_PISACowsMilk_10_page_6,903.4,664.4,1026.0
10444554,stimulus_Arg_PISACowsMilk_10_page_6,903.3,663.8,1025.0
10444555,stimulus_Arg_PISACowsMilk_10_page_6,903.3,663.4,1024.0
10444556,stimulus_Arg_PISACowsMilk_10_page_6,903.3,663.5,1025.0
10444557,stimulus_Arg_PISACowsMilk_10_page_6,903.2,663.7,1025.0
10444558,stimulus_Arg_PISACowsMilk_10_page_6,902.9,663.7,1026.0
10444559,stimulus_Arg_PISACowsMilk_10_page_6,902.7,663.6,1026.0
10444560,stimulus_Arg_PISACowsMilk_10_page_6,902.6,663.2,1026.0
10444561,stimulus_Arg_PISACowsMilk_10_page_6,902.7,662.9,1026.0
10444562,stimulus_Arg_PISACowsMilk_10_page_6,902.8,662.5,1027.0
10444563,stimulus_Arg_PISACowsMilk_10_page_6,902.8,662.5,1028.0
10444564,stimulus_Arg_PISACowsMilk_10_page_6,902.7,662.8,1029.0
10444565,stimulus_Arg_PISACowsMilk_10_page_6,902.6,663.1,1028.0
10444566,stimulus_Arg_PISACowsMilk_10_page_6,902.4,663.4,1027.0
10444567,stimulus_Arg_PISACowsMilk_10_page_6,902.3,663.2,1028.0
10444568,stimulus_Arg_PISACowsMilk_10_page_6,902.3,663.0,1028.0
10444569,stimulus_Arg_PISACowsMilk_10_page_6,902.4,662.9,1028.0
10444570,stimulus_Arg_PISACowsMilk_10_page_6,902.5,662.9,1029.0
10444571,stimulus_Arg_PISACowsMilk_10_page_6,902.6,662.9,1029.0
10444572,stimulus_Arg_PISACowsMilk_10_page_6,902.7,662.9,1028.0
10444573,stimulus_Arg_PISACowsMilk_10_page_6,902.7,662.8,1026.0
10444574,stimulus_Arg_PISACowsMilk_10_page_6,902.6,663.1,1025.0
10444575,stimulus_Arg_PISACowsMilk_10_page_6,902.7,663.5,1026.0
10444576,stimulus_Arg_PISACowsMilk_10_page_6,902.9,663.9,1026.0
10444577,stimulus_Arg_PISACowsMilk_10_page_6,902.9,664.0,1027.0
10444578,stimulus_Arg_PISACowsMilk_10_page_6,902.7,664.2,1027.0
10444579,stimulus_Arg_PISACowsMilk_10_page_6,902.5,664.2,1027.0
10444580,stimulus_Arg_PISACowsMilk_10_page_6,902.5,664.2,1027.0
10444581,stimulus_Arg_PISACowsMilk_10_page_6,902.5,664.2,1028.0
10444582,stimulus_Arg_PISACowsMilk_10_page_6,902.4,664.2,1028.0
10444583,stimulus_Arg_PISACowsMilk_10_page_6,902.5,664.3,1028.0
10444584,stimulus_Arg_PISACowsMilk_10_page_6,902.6,664.2,1028.0
10444585,stimulus_Arg_PISACowsMilk_10_page_6,902.6,664.0,1028.0
10444586,stimulus_Arg_PISACowsMilk_10_page_6,902.3,664.0,1028.0
10444587,stimulus_Arg_PISACowsMilk_10_page_6,901.9,664.1,1028.0
10444588,stimulus_Arg_PISACowsMilk_10_page_6,901.7,664.3,1027.0
10444589,stimulus_Arg_PISACowsMilk_10_page_6,901.7,664.4,1027.0
10444590,stimulus_Arg_PISACowsMilk_10_page_6,901.7,664.4,1027.0
10444591,stimulus_Arg_PISACowsMilk_10_page_6,901.6,664.4,1028.0
10444592,stimulus_Arg_PISACowsMilk_10_page_6,901.6,664.3,1028.0
10444593,stimulus_Arg_PISACowsMilk_10_page_6,901.7,664.3,1029.0
10444594,stimulus_Arg_PISACowsMilk_10_page_6,901.6,664.2,1029.0
10444595,stimulus_Arg_PISACowsMilk_10_page_6,901.6,663.9,1028.0
10444596,stimulus_Arg_PISACowsMilk_10_page_6,901.5,663.6,1027.0
10444597,stimulus_Arg_PISACowsMilk_10_page_6,901.4,663.4,1026.0
10444598,stimulus_Arg_PISACowsMilk_10_page_6,901.2,663.5,1026.0
10444599,stimulus_Arg_PISACowsMilk_10_page_6,901.0,663.3,1026.0
10444600,stimulus_Arg_PISACowsMilk_10_page_6,901.0,663.0,1026.0
10444601,stimulus_Arg_PISACowsMilk_10_page_6,901.0,663.0,1026.0
10444602,stimulus_Arg_PISACowsMilk_10_page_6,900.8,663.3,1026.0
10444603,stimulus_Arg_PISACowsMilk_10_page_6,900.5,663.5,1026.0
10444604,stimulus_Arg_PISACowsMilk_10_page_6,900.2,663.6,1025.0
10444605,stimulus_Arg_PISACowsMilk_10_page_6,900.3,663.7,1026.0
10444606,stimulus_Arg_PISACowsMilk_10_page_6,900.4,663.8,1027.0
10444607,stimulus_Arg_PISACowsMilk_10_page_6,900.6,663.6,1029.0
10444608,stimulus_Arg_PISACowsMilk_10_page_6,900.9,663.4,1029.0
10444609,stimulus_Arg_PISACowsMilk_10_page_6,901.1,663.3,1029.0
10444610,stimulus_Arg_PISACowsMilk_10_page_6,901.3,663.9,1029.0
10444611,stimulus_Arg_PISACowsMilk_10_page_6,901.4,664.4,1028.0
10444612,stimulus_Arg_PISACowsMilk_10_page_6,901.5,665.1,1027.0
10444613,stimulus_Arg_PISACowsMilk_10_page_6,901.5,665.4,1026.0
10444614,stimulus_Arg_PISACowsMilk_10_page_6,901.6,665.6,1027.0
10444615,stimulus_Arg_PISACowsMilk_10_page_6,901.6,665.5,1028.0
10444616,stimulus_Arg_PISACowsMilk_10_page_6,901.3,665.4,1028.0
10444617,stimulus_Arg_PISACowsMilk_10_page_6,901.0,665.5,1029.0
10444618,stimulus_Arg_PISACowsMilk_10_page_6,900.7,665.9,1029.0
10444619,stimulus_Arg_PISACowsMilk_10_page_6,900.6,666.2,1030.0
10444620,stimulus_Arg_PISACowsMilk_10_page_6,900.6,666.3,1029.0
10444621,stimulus_Arg_PISACowsMilk_10_page_6,900.5,666.5,1029.0
10444622,stimulus_Arg_PISACowsMilk_10_page_6,900.5,666.9,1029.0
10444623,stimulus_Arg_PISACowsMilk_10_page_6,900.5,667.2,1029.0
10444624,stimulus_Arg_PISACowsMilk_10_page_6,900.4,667.4,1029.0
10444625,stimulus_Arg_PISACowsMilk_10_page_6,900.7,667.4,1029.0
10444626,stimulus_Arg_PISACowsMilk_10_page_6,901.1,667.3,1029.0
10444627,stimulus_Arg_PISACowsMilk_10_page_6,901.4,667.2,1029.0
10444628,stimulus_Arg_PISACowsMilk_10_page_6,901.5,667.1,1030.0
10444629,stimulus_Arg_PISACowsMilk_10_page_6,901.5,667.1,1030.0
10444630,stimulus_Arg_PISACowsMilk_10_page_6,901.5,667.2,1030.0
10444631,stimulus_Arg_PISACowsMilk_10_page_6,901.4,667.3,1030.0
10444632,stimulus_Arg_PISACowsMilk_10_page_6,901.4,667.5,1030.0
10444633,stimulus_Arg_PISACowsMilk_10_page_6,901.3,667.8,1031.0
10444634,stimulus_Arg_PISACowsMilk_10_page_6,901.3,667.9,1030.0
10444635,stimulus_Arg_PISACowsMilk_10_page_6,901.4,667.8,1030.0
10444636,stimulus_Arg_PISACowsMilk_10_page_6,901.6,667.8,1031.0
10444637,stimulus_Arg_PISACowsMilk_10_page_6,901.5,667.8,1030.0
10444638,stimulus_Arg_PISACowsMilk_10_page_6,901.2,667.8,1030.0
10444639,stimulus_Arg_PISACowsMilk_10_page_6,901.0,667.8,1030.0
10444640,stimulus_Arg_PISACowsMilk_10_page_6,901.2,667.6,1030.0
10444641,stimulus_Arg_PISACowsMilk_10_page_6,901.5,667.5,1031.0
10444642,stimulus_Arg_PISACowsMilk_10_page_6,901.7,667.4,1031.0
10444643,stimulus_Arg_PISACowsMilk_10_page_6,901.9,667.3,1030.0
10444644,stimulus_Arg_PISACowsMilk_10_page_6,901.9,667.3,1030.0
10444645,stimulus_Arg_PISACowsMilk_10_page_6,901.9,667.1,1030.0
10444646,stimulus_Arg_PISACowsMilk_10_page_6,902.1,666.9,1030.0
10444647,stimulus_Arg_PISACowsMilk_10_page_6,902.3,666.7,1030.0
10444648,stimulus_Arg_PISACowsMilk_10_page_6,902.3,666.6,1030.0
10444649,stimulus_Arg_PISACowsMilk_10_page_6,902.1,666.8,1030.0
10444650,stimulus_Arg_PISACowsMilk_10_page_6,902.1,667.1,1030.0
10444651,stimulus_Arg_PISACowsMilk_10_page_6,902.2,667.4,1030.0
10444652,stimulus_Arg_PISACowsMilk_10_page_6,902.3,667.4,1030.0
10444653,stimulus_Arg_PISACowsMilk_10_page_6,902.3,667.3,1030.0
10444654,stimulus_Arg_PISACowsMilk_10_page_6,902.2,667.1,1030.0
10444655,stimulus_Arg_PISACowsMilk_10_page_6,902.2,666.8,1029.0
10444656,stimulus_Arg_PISACowsMilk_10_page_6,902.0,666.7,1029.0
10444657,stimulus_Arg_PISACowsMilk_10_page_6,901.7,666.8,1028.0
10444658,stimulus_Arg_PISACowsMilk_10_page_6,901.5,667.0,1029.0
10444659,stimulus_Arg_PISACowsMilk_10_page_6,901.4,666.9,1029.0
10444660,stimulus_Arg_PISACowsMilk_10_page_6,901.4,666.5,1030.0
10444661,stimulus_Arg_PISACowsMilk_10_page_6,901.5,666.5,1029.0
10444662,stimulus_Arg_PISACowsMilk_10_page_6,901.7,667.0,1028.0
10444663,stimulus_Arg_PISACowsMilk_10_page_6,901.8,667.4,1027.0
10444664,stimulus_Arg_PISACowsMilk_10_page_6,902.0,667.3,1027.0
10444665,stimulus_Arg_PISACowsMilk_10_page_6,902.1,667.1,1027.0
10444666,stimulus_Arg_PISACowsMilk_10_page_6,902.2,666.9,1027.0
10444667,stimulus_Arg_PISACowsMilk_10_page_6,902.2,666.9,1027.0
10444668,stimulus_Arg_PISACowsMilk_10_page_6,902.2,666.8,1027.0
10444669,stimulus_Arg_PISACowsMilk_10_page_6,902.2,666.9,1028.0
10444670,stimulus_Arg_PISACowsMilk_10_page_6,902.1,666.9,1027.0
10444671,stimulus_Arg_PISACowsMilk_10_page_6,902.0,666.9,1027.0
10444672,stimulus_Arg_PISACowsMilk_10_page_6,901.9,666.9,1026.0
10444673,stimulus_Arg_PISACowsMilk_10_page_6,901.7,666.8,1025.0
10444674,stimulus_Arg_PISACowsMilk_10_page_6,901.5,667.2,1025.0
10444675,stimulus_Arg_PISACowsMilk_10_page_6,901.5,667.6,1025.0
10444676,stimulus_Arg_PISACowsMilk_10_page_6,901.7,668.0,1025.0
10444677,stimulus_Arg_PISACowsMilk_10_page_6,902.0,667.9,1025.0
10444678,stimulus_Arg_PISACowsMilk_10_page_6,902.3,667.6,1026.0
10444679,stimulus_Arg_PISACowsMilk_10_page_6,902.4,667.3,1027.0
10444680,stimulus_Arg_PISACowsMilk_10_page_6,902.4,667.1,1026.0
10444681,stimulus_Arg_PISACowsMilk_10_page_6,902.4,667.1,1026.0
10444682,stimulus_Arg_PISACowsMilk_10_page_6,902.5,667.0,1025.0
10444683,stimulus_Arg_PISACowsMilk_10_page_6,902.6,667.1,1025.0
10444684,stimulus_Arg_PISACowsMilk_10_page_6,902.6,667.2,1025.0
10444685,stimulus_Arg_PISACowsMilk_10_page_6,902.6,667.3,1025.0
10444686,stimulus_Arg_PISACowsMilk_10_page_6,902.6,667.3,1025.0
10444687,stimulus_Arg_PISACowsMilk_10_page_6,902.5,667.1,1025.0
10444688,stimulus_Arg_PISACowsMilk_10_page_6,902.4,667.1,1024.0
10444689,stimulus_Arg_PISACowsMilk_10_page_6,902.3,667.1,1024.0
10444690,stimulus_Arg_PISACowsMilk_10_page_6,902.3,667.0,1024.0
10444691,stimulus_Arg_PISACowsMilk_10_page_6,902.4,667.0,1024.0
10444692,stimulus_Arg_PISACowsMilk_10_page_6,902.5,666.9,1024.0
10444693,stimulus_Arg_PISACowsMilk_10_page_6,902.5,666.9,1024.0
10444694,stimulus_Arg_PISACowsMilk_10_page_6,902.5,666.9,1024.0
10444695,stimulus_Arg_PISACowsMilk_10_page_6,902.6,666.9,1025.0
10444696,stimulus_Arg_PISACowsMilk_10_page_6,902.6,666.9,1025.0
10444697,stimulus_Arg_PISACowsMilk_10_page_6,902.6,666.8,1025.0
10444698,stimulus_Arg_PISACowsMilk_10_page_6,902.6,666.7,1025.0
10444699,stimulus_Arg_PISACowsMilk_10_page_6,902.7,666.7,1024.0
10444700,stimulus_Arg_PISACowsMilk_10_page_6,902.8,666.8,1024.0
10444701,stimulus_Arg_PISACowsMilk_10_page_6,902.8,666.9,1023.0
10444702,stimulus_Arg_PISACowsMilk_10_page_6,902.8,667.1,1023.0
10444703,stimulus_Arg_PISACowsMilk_10_page_6,902.8,667.2,1023.0
10444704,stimulus_Arg_PISACowsMilk_10_page_6,902.7,667.4,1023.0
10444705,stimulus_Arg_PISACowsMilk_10_page_6,902.7,667.7,1023.0
10444706,stimulus_Arg_PISACowsMilk_10_page_6,902.8,667.9,1023.0
10444707,stimulus_Arg_PISACowsMilk_10_page_6,902.8,667.9,1023.0
10444708,stimulus_Arg_PISACowsMilk_10_page_6,902.8,667.6,1023.0
10444709,stimulus_Arg_PISACowsMilk_10_page_6,902.9,667.4,1023.0
10444710,stimulus_Arg_PISACowsMilk_10_page_6,902.5,667.2,1024.0
10444711,stimulus_Arg_PISACowsMilk_10_page_6,902.2,667.2,1024.0
10444712,stimulus_Arg_PISACowsMilk_10_page_6,901.8,667.2,1025.0
10444713,stimulus_Arg_PISACowsMilk_10_page_6,901.9,667.3,1025.0
10444714,stimulus_Arg_PISACowsMilk_10_page_6,902.0,667.5,1023.0
10444715,stimulus_Arg_PISACowsMilk_10_page_6,902.1,667.7,1022.0
10444716,stimulus_Arg_PISACowsMilk_10_page_6,902.1,667.8,1022.0
10444717,stimulus_Arg_PISACowsMilk_10_page_6,902.0,667.8,1022.0
10444718,stimulus_Arg_PISACowsMilk_10_page_6,901.8,667.7,1023.0
10444719,stimulus_Arg_PISACowsMilk_10_page_6,901.9,667.7,1023.0
10444720,stimulus_Arg_PISACowsMilk_10_page_6,902.2,667.7,1022.0
10444721,stimulus_Arg_PISACowsMilk_10_page_6,902.6,667.7,1022.0
10444722,stimulus_Arg_PISACowsMilk_10_page_6,902.8,667.7,1023.0
10444723,stimulus_Arg_PISACowsMilk_10_page_6,902.7,667.7,1024.0
10444724,stimulus_Arg_PISACowsMilk_10_page_6,902.3,667.6,1025.0
10444725,stimulus_Arg_PISACowsMilk_10_page_6,902.0,667.5,1023.0
10444726,stimulus_Arg_PISACowsMilk_10_page_6,901.8,667.5,1020.0
10444727,stimulus_Arg_PISACowsMilk_10_page_6,901.8,667.4,1019.0
10444728,stimulus_Arg_PISACowsMilk_10_page_6,901.7,667.2,1021.0
10444729,stimulus_Arg_PISACowsMilk_10_page_6,901.4,667.0,1021.0
10444730,stimulus_Arg_PISACowsMilk_10_page_6,901.2,666.9,1020.0
10444731,stimulus_Arg_PISACowsMilk_10_page_6,901.3,667.1,1019.0
10444732,stimulus_Arg_PISACowsMilk_10_page_6,901.5,667.4,1018.0
10444733,stimulus_Arg_PISACowsMilk_10_page_6,901.7,667.5,1020.0
10444734,stimulus_Arg_PISACowsMilk_10_page_6,901.7,667.4,1021.0
10444735,stimulus_Arg_PISACowsMilk_10_page_6,901.9,667.4,1022.0
10444736,stimulus_Arg_PISACowsMilk_10_page_6,902.0,667.6,1022.0
10444737,stimulus_Arg_PISACowsMilk_10_page_6,902.1,667.8,1021.0
10444738,stimulus_Arg_PISACowsMilk_10_page_6,902.0,667.8,1021.0
10444739,stimulus_Arg_PISACowsMilk_10_page_6,902.0,667.4,1021.0
10444740,stimulus_Arg_PISACowsMilk_10_page_6,902.1,667.0,1021.0
10444741,stimulus_Arg_PISACowsMilk_10_page_6,902.2,666.8,1020.0
10444742,stimulus_Arg_PISACowsMilk_10_page_6,902.2,667.1,1021.0
10444743,stimulus_Arg_PISACowsMilk_10_page_6,901.9,667.4,1022.0
10444744,stimulus_Arg_PISACowsMilk_10_page_6,901.5,667.6,1023.0
10444745,stimulus_Arg_PISACowsMilk_10_page_6,901.3,667.7,1021.0
10444746,stimulus_Arg_PISACowsMilk_10_page_6,901.3,667.9,1020.0
10444747,stimulus_Arg_PISACowsMilk_10_page_6,901.4,667.9,1018.0
10444748,stimulus_Arg_PISACowsMilk_10_page_6,901.4,667.5,1018.0
10444749,stimulus_Arg_PISACowsMilk_10_page_6,901.4,667.0,1019.0
10444750,stimulus_Arg_PISACowsMilk_10_page_6,901.3,666.7,1020.0
10444751,stimulus_Arg_PISACowsMilk_10_page_6,901.4,666.6,1022.0
10444752,stimulus_Arg_PISACowsMilk_10_page_6,901.5,666.7,1022.0
10444753,stimulus_Arg_PISACowsMilk_10_page_6,901.6,666.8,1020.0
10444754,stimulus_Arg_PISACowsMilk_10_page_6,901.6,667.0,1020.0
10444755,stimulus_Arg_PISACowsMilk_10_page_6,901.6,667.2,1020.0
10444756,stimulus_Arg_PISACowsMilk_10_page_6,901.6,667.3,1021.0
10444757,stimulus_Arg_PISACowsMilk_10_page_6,901.6,667.3,1021.0
10444758,stimulus_Arg_PISACowsMilk_10_page_6,901.5,667.2,1021.0
10444759,stimulus_Arg_PISACowsMilk_10_page_6,901.4,667.1,1021.0
10444760,stimulus_Arg_PISACowsMilk_10_page_6,901.2,667.1,1022.0
10444761,stimulus_Arg_PISACowsMilk_10_page_6,901.2,667.1,1022.0
10444762,stimulus_Arg_PISACowsMilk_10_page_6,901.1,667.1,1022.0
10444763,stimulus_Arg_PISACowsMilk_10_page_6,900.9,667.3,1023.0
10444764,stimulus_Arg_PISACowsMilk_10_page_6,900.7,667.6,1023.0
10444765,stimulus_Arg_PISACowsMilk_10_page_6,900.5,668.2,1023.0
10444766,stimulus_Arg_PISACowsMilk_10_page_6,900.6,668.5,1023.0
10444767,stimulus_Arg_PISACowsMilk_10_page_6,900.7,668.5,1021.0
10444768,stimulus_Arg_PISACowsMilk_10_page_6,900.9,667.9,1021.0
10444769,stimulus_Arg_PISACowsMilk_10_page_6,901.1,667.3,1021.0
10444770,stimulus_Arg_PISACowsMilk_10_page_6,901.1,667.1,1021.0
10444771,stimulus_Arg_PISACowsMilk_10_page_6,901.1,667.2,1021.0
10444772,stimulus_Arg_PISACowsMilk_10_page_6,901.1,667.4,1020.0
10444773,stimulus_Arg_PISACowsMilk_10_page_6,901.1,667.4,1020.0
10444774,stimulus_Arg_PISACowsMilk_10_page_6,901.1,667.6,1020.0
10444775,stimulus_Arg_PISACowsMilk_10_page_6,901.0,668.0,1020.0
10444776,stimulus_Arg_PISACowsMilk_10_page_6,900.8,668.3,1019.0
10444777,stimulus_Arg_PISACowsMilk_10_page_6,900.5,668.5,1017.0
10444778,stimulus_Arg_PISACowsMilk_10_page_6,900.4,668.5,1016.0
10444779,stimulus_Arg_PISACowsMilk_10_page_6,900.6,668.4,1019.0
10444780,stimulus_Arg_PISACowsMilk_10_page_6,900.9,668.8,1021.0
10444781,stimulus_Arg_PISACowsMilk_10_page_6,901.2,669.2,1022.0
10444782,stimulus_Arg_PISACowsMilk_10_page_6,901.4,669.7,1022.0
10444783,stimulus_Arg_PISACowsMilk_10_page_6,901.7,669.9,1023.0
10444784,stimulus_Arg_PISACowsMilk_10_page_6,902.0,669.5,1023.0
10444785,stimulus_Arg_PISACowsMilk_10_page_6,902.3,669.1,1023.0
10444786,stimulus_Arg_PISACowsMilk_10_page_6,902.3,668.6,1024.0
10444787,stimulus_Arg_PISACowsMilk_10_page_6,902.3,668.6,1023.0
10444788,stimulus_Arg_PISACowsMilk_10_page_6,902.1,668.8,1022.0
10444789,stimulus_Arg_PISACowsMilk_10_page_6,901.9,668.9,1021.0
10444790,stimulus_Arg_PISACowsMilk_10_page_6,901.8,668.9,1021.0
10444791,stimulus_Arg_PISACowsMilk_10_page_6,901.6,668.7,1022.0
10444792,stimulus_Arg_PISACowsMilk_10_page_6,901.5,668.6,1022.0
10444793,stimulus_Arg_PISACowsMilk_10_page_6,901.3,668.8,1022.0
10444794,stimulus_Arg_PISACowsMilk_10_page_6,901.4,669.0,1021.0
10444795,stimulus_Arg_PISACowsMilk_10_page_6,901.6,668.8,1020.0
10444796,stimulus_Arg_PISACowsMilk_10_page_6,902.0,668.5,1020.0
10444797,stimulus_Arg_PISACowsMilk_10_page_6,902.3,668.3,1021.0
10444798,stimulus_Arg_PISACowsMilk_10_page_6,902.3,668.6,1022.0
10444799,stimulus_Arg_PISACowsMilk_10_page_6,902.3,668.7,1022.0
10444800,stimulus_Arg_PISACowsMilk_10_page_6,902.2,668.6,1023.0
10444801,stimulus_Arg_PISACowsMilk_10_page_6,902.5,668.5,1023.0
10444802,stimulus_Arg_PISACowsMilk_10_page_6,902.7,668.2,1023.0
10444803,stimulus_Arg_PISACowsMilk_10_page_6,902.5,667.8,1023.0
10444804,stimulus_Arg_PISACowsMilk_10_page_6,902.1,667.4,1022.0
10444805,stimulus_Arg_PISACowsMilk_10_page_6,901.9,667.4,1022.0
10444806,stimulus_Arg_PISACowsMilk_10_page_6,902.3,667.5,1022.0
10444807,stimulus_Arg_PISACowsMilk_10_page_6,902.9,667.7,1023.0
10444808,stimulus_Arg_PISACowsMilk_10_page_6,903.2,667.9,1023.0
10444809,stimulus_Arg_PISACowsMilk_10_page_6,903.3,668.0,1023.0
10444810,stimulus_Arg_PISACowsMilk_10_page_6,903.2,668.2,1023.0
10444811,stimulus_Arg_PISACowsMilk_10_page_6,903.3,668.2,1023.0
10444812,stimulus_Arg_PISACowsMilk_10_page_6,903.3,668.0,1023.0
10444813,stimulus_Arg_PISACowsMilk_10_page_6,903.3,667.8,1024.0
10444814,stimulus_Arg_PISACowsMilk_10_page_6,903.4,667.3,1023.0
10444815,stimulus_Arg_PISACowsMilk_10_page_6,903.5,666.8,1022.0
10444816,stimulus_Arg_PISACowsMilk_10_page_6,903.6,666.4,1021.0
10444817,stimulus_Arg_PISACowsMilk_10_page_6,903.6,666.3,1021.0
10444818,stimulus_Arg_PISACowsMilk_10_page_6,903.6,666.2,1022.0
10444819,stimulus_Arg_PISACowsMilk_10_page_6,903.7,665.9,1024.0
10444820,stimulus_Arg_PISACowsMilk_10_page_6,903.6,665.5,1024.0
10444821,stimulus_Arg_PISACowsMilk_10_page_6,903.5,665.2,1025.0
10444822,stimulus_Arg_PISACowsMilk_10_page_6,903.4,665.3,1026.0
10444823,stimulus_Arg_PISACowsMilk_10_page_6,903.4,665.7,1024.0
10444824,stimulus_Arg_PISACowsMilk_10_page_6,903.2,665.5,1023.0
10444825,stimulus_Arg_PISACowsMilk_10_page_6,902.7,665.0,1021.0
10444826,stimulus_Arg_PISACowsMilk_10_page_6,902.3,664.5,1020.0
10444827,stimulus_Arg_PISACowsMilk_10_page_6,902.2,664.6,1021.0
10444828,stimulus_Arg_PISACowsMilk_10_page_6,902.4,664.6,1023.0
10444829,stimulus_Arg_PISACowsMilk_10_page_6,902.6,664.7,1024.0
10444830,stimulus_Arg_PISACowsMilk_10_page_6,902.8,664.2,1023.0
10444831,stimulus_Arg_PISACowsMilk_10_page_6,903.0,663.7,1023.0
10444832,stimulus_Arg_PISACowsMilk_10_page_6,903.0,663.5,1023.0
10444833,stimulus_Arg_PISACowsMilk_10_page_6,903.0,664.0,1024.0
10444834,stimulus_Arg_PISACowsMilk_10_page_6,903.0,664.4,1023.0
10444835,stimulus_Arg_PISACowsMilk_10_page_6,902.9,664.5,1022.0
10444836,stimulus_Arg_PISACowsMilk_10_page_6,902.7,664.3,1021.0
10444837,stimulus_Arg_PISACowsMilk_10_page_6,902.5,664.1,1022.0
10444838,stimulus_Arg_PISACowsMilk_10_page_6,902.4,664.0,1023.0
10444839,stimulus_Arg_PISACowsMilk_10_page_6,902.4,664.1,1024.0
10444840,stimulus_Arg_PISACowsMilk_10_page_6,902.3,664.1,1024.0
10444841,stimulus_Arg_PISACowsMilk_10_page_6,902.3,664.0,1024.0
10444842,stimulus_Arg_PISACowsMilk_10_page_6,902.0,664.2,1023.0
10444843,stimulus_Arg_PISACowsMilk_10_page_6,901.8,664.4,1022.0
10444844,stimulus_Arg_PISACowsMilk_10_page_6,901.7,664.6,1022.0
10444845,stimulus_Arg_PISACowsMilk_10_page_6,902.0,664.6,1022.0
10444846,stimulus_Arg_PISACowsMilk_10_page_6,902.3,664.6,1022.0
10444847,stimulus_Arg_PISACowsMilk_10_page_6,902.5,664.6,1022.0
10444848,stimulus_Arg_PISACowsMilk_10_page_6,902.4,664.6,1021.0
10444849,stimulus_Arg_PISACowsMilk_10_page_6,902.2,664.6,1021.0
10444850,stimulus_Arg_PISACowsMilk_10_page_6,902.1,664.5,1022.0
10444851,stimulus_Arg_PISACowsMilk_10_page_6,902.0,664.4,1024.0
10444852,stimulus_Arg_PISACowsMilk_10_page_6,901.7,664.4,1024.0
10444853,stimulus_Arg_PISACowsMilk_10_page_6,901.5,664.4,1023.0
10444854,stimulus_Arg_PISACowsMilk_10_page_6,901.2,664.3,1022.0
10444855,stimulus_Arg_PISACowsMilk_10_page_6,901.1,664.3,1022.0
10444856,stimulus_Arg_PISACowsMilk_10_page_6,901.0,664.3,1022.0
10444857,stimulus_Arg_PISACowsMilk_10_page_6,901.2,664.4,1022.0
10444858,stimulus_Arg_PISACowsMilk_10_page_6,901.6,664.5,1021.0
10444859,stimulus_Arg_PISACowsMilk_10_page_6,901.9,664.8,1021.0
10444860,stimulus_Arg_PISACowsMilk_10_page_6,901.9,665.0,1021.0
10444861,stimulus_Arg_PISACowsMilk_10_page_6,901.8,665.3,1021.0
10444862,stimulus_Arg_PISACowsMilk_10_page_6,901.6,665.4,1022.0
10444863,stimulus_Arg_PISACowsMilk_10_page_6,901.6,665.3,1022.0
10444864,stimulus_Arg_PISACowsMilk_10_page_6,901.6,665.0,1022.0
10444865,stimulus_Arg_PISACowsMilk_10_page_6,901.6,664.8,1022.0
10444866,stimulus_Arg_PISACowsMilk_10_page_6,901.6,664.8,1021.0
10444867,stimulus_Arg_PISACowsMilk_10_page_6,901.4,664.8,1021.0
10444868,stimulus_Arg_PISACowsMilk_10_page_6,901.3,665.0,1022.0
10444869,stimulus_Arg_PISACowsMilk_10_page_6,901.2,665.2,1023.0
10444870,stimulus_Arg_PISACowsMilk_10_page_6,901.3,665.3,1024.0
10444871,stimulus_Arg_PISACowsMilk_10_page_6,901.7,665.3,1023.0
10444872,stimulus_Arg_PISACowsMilk_10_page_6,902.0,665.3,1022.0
10444873,stimulus_Arg_PISACowsMilk_10_page_6,902.2,665.2,1021.0
10444874,stimulus_Arg_PISACowsMilk_10_page_6,902.1,665.2,1021.0
10444875,stimulus_Arg_PISACowsMilk_10_page_6,901.9,665.0,1021.0
10444876,stimulus_Arg_PISACowsMilk_10_page_6,902.0,664.9,1020.0
10444877,stimulus_Arg_PISACowsMilk_10_page_6,902.0,664.7,1019.0
10444878,stimulus_Arg_PISACowsMilk_10_page_6,902.2,664.6,1019.0
10444879,stimulus_Arg_PISACowsMilk_10_page_6,902.3,664.6,1019.0
10444880,stimulus_Arg_PISACowsMilk_10_page_6,902.2,664.8,1020.0
10444881,stimulus_Arg_PISACowsMilk_10_page_6,902.1,664.9,1020.0
10444882,stimulus_Arg_PISACowsMilk_10_page_6,901.9,664.9,1020.0
10444883,stimulus_Arg_PISACowsMilk_10_page_6,901.8,665.0,1020.0
10444884,stimulus_Arg_PISACowsMilk_10_page_6,901.6,665.1,1020.0
10444885,stimulus_Arg_PISACowsMilk_10_page_6,901.5,665.1,1020.0
10444886,stimulus_Arg_PISACowsMilk_10_page_6,901.5,665.1,1019.0
10444887,stimulus_Arg_PISACowsMilk_10_page_6,901.6,665.2,1019.0
10444888,stimulus_Arg_PISACowsMilk_10_page_6,901.6,665.2,1019.0
10444889,stimulus_Arg_PISACowsMilk_10_page_6,901.7,665.3,1019.0
10444890,stimulus_Arg_PISACowsMilk_10_page_6,901.8,665.2,1020.0
10444891,stimulus_Arg_PISACowsMilk_10_page_6,901.8,665.0,1020.0
10444892,stimulus_Arg_PISACowsMilk_10_page_6,901.8,664.9,1020.0
10444893,stimulus_Arg_PISACowsMilk_10_page_6,901.8,665.0,1020.0
10444894,stimulus_Arg_PISACowsMilk_10_page_6,901.7,665.1,1020.0
10444895,stimulus_Arg_PISACowsMilk_10_page_6,901.5,665.2,1019.0
10444896,stimulus_Arg_PISACowsMilk_10_page_6,901.4,665.2,1019.0
10444897,stimulus_Arg_PISACowsMilk_10_page_6,901.4,665.2,1019.0
10444898,stimulus_Arg_PISACowsMilk_10_page_6,901.4,665.1,1019.0
10444899,stimulus_Arg_PISACowsMilk_10_page_6,901.5,664.9,1019.0
10444900,stimulus_Arg_PISACowsMilk_10_page_6,901.6,664.8,1019.0
10444901,stimulus_Arg_PISACowsMilk_10_page_6,901.6,664.7,1019.0
10444902,stimulus_Arg_PISACowsMilk_10_page_6,901.4,664.9,1018.0
10444903,stimulus_Arg_PISACowsMilk_10_page_6,901.4,665.1,1017.0
10444904,stimulus_Arg_PISACowsMilk_10_page_6,901.6,665.3,1016.0
10444905,stimulus_Arg_PISACowsMilk_10_page_6,901.6,665.4,1016.0
10444906,stimulus_Arg_PISACowsMilk_10_page_6,901.3,665.4,1016.0
10444907,stimulus_Arg_PISACowsMilk_10_page_6,901.0,665.3,1016.0
10444908,stimulus_Arg_PISACowsMilk_10_page_6,901.1,665.3,1016.0
10444909,stimulus_Arg_PISACowsMilk_10_page_6,901.4,665.2,1017.0
10444910,stimulus_Arg_PISACowsMilk_10_page_6,901.4,665.1,1018.0
10444911,stimulus_Arg_PISACowsMilk_10_page_6,901.2,665.2,1018.0
10444912,stimulus_Arg_PISACowsMilk_10_page_6,900.9,665.4,1017.0
10444913,stimulus_Arg_PISACowsMilk_10_page_6,900.8,665.6,1017.0
10444914,stimulus_Arg_PISACowsMilk_10_page_6,900.8,665.7,1016.0
10444915,stimulus_Arg_PISACowsMilk_10_page_6,901.2,666.2,1016.0
10444916,stimulus_Arg_PISACowsMilk_10_page_6,901.7,667.0,1017.0
10444917,stimulus_Arg_PISACowsMilk_10_page_6,903.1,667.6,1017.0
10444918,stimulus_Arg_PISACowsMilk_10_page_6,905.7,667.4,1016.0
10444919,stimulus_Arg_PISACowsMilk_10_page_6,909.7,667.0,1014.0
10444920,stimulus_Arg_PISACowsMilk_10_page_6,915.2,667.1,1014.0
10444921,stimulus_Arg_PISACowsMilk_10_page_6,920.5,667.6,1014.0
10444922,stimulus_Arg_PISACowsMilk_10_page_6,925.0,667.9,1015.0
10444923,stimulus_Arg_PISACowsMilk_10_page_6,929.6,667.7,1015.0
10444924,stimulus_Arg_PISACowsMilk_10_page_6,935.8,667.9,1014.0
10444925,stimulus_Arg_PISACowsMilk_10_page_6,942.9,668.2,1014.0
10444926,stimulus_Arg_PISACowsMilk_10_page_6,949.0,668.3,1013.0
10444927,stimulus_Arg_PISACowsMilk_10_page_6,954.4,666.2,1011.0
10444928,stimulus_Arg_PISACowsMilk_10_page_6,960.1,664.1,1010.0
10444929,stimulus_Arg_PISACowsMilk_10_page_6,966.0,661.9,1009.0
10444930,stimulus_Arg_PISACowsMilk_10_page_6,970.7,661.9,1009.0
10444931,stimulus_Arg_PISACowsMilk_10_page_6,973.9,661.5,1008.0
10444932,stimulus_Arg_PISACowsMilk_10_page_6,976.3,660.2,1006.0
10444933,stimulus_Arg_PISACowsMilk_10_page_6,979.3,658.9,1004.0
10444934,stimulus_Arg_PISACowsMilk_10_page_6,982.6,658.7,1002.0
10444935,stimulus_Arg_PISACowsMilk_10_page_6,985.9,659.2,1002.0
10444936,stimulus_Arg_PISACowsMilk_10_page_6,988.9,659.5,1001.0
10444937,stimulus_Arg_PISACowsMilk_10_page_6,991.8,659.1,1001.0
10444938,stimulus_Arg_PISACowsMilk_10_page_6,994.6,657.8,999.0
10444939,stimulus_Arg_PISACowsMilk_10_page_6,996.8,656.6,997.0
10444940,stimulus_Arg_PISACowsMilk_10_page_6,999.0,656.1,996.0
10444941,stimulus_Arg_PISACowsMilk_10_page_6,1001.2,657.2,996.0
10444942,stimulus_Arg_PISACowsMilk_10_page_6,1003.0,658.3,997.0
10444943,stimulus_Arg_PISACowsMilk_10_page_6,1004.7,658.8,998.0
10444944,stimulus_Arg_PISACowsMilk_10_page_6,1006.2,658.8,997.0
10444945,stimulus_Arg_PISACowsMilk_10_page_6,1008.0,658.9,994.0
10444946,stimulus_Arg_PISACowsMilk_10_page_6,1010.0,660.3,992.0
10444947,stimulus_Arg_PISACowsMilk_10_page_6,1012.3,662.1,993.0
10444948,stimulus_Arg_PISACowsMilk_10_page_6,1016.1,663.6,994.0
10444949,stimulus_Arg_PISACowsMilk_10_page_6,1020.3,663.9,995.0
10444950,stimulus_Arg_PISACowsMilk_10_page_6,1024.9,663.4,994.0
10444951,stimulus_Arg_PISACowsMilk_10_page_6,1029.3,663.0,994.0
10444952,stimulus_Arg_PISACowsMilk_10_page_6,1033.6,662.5,994.0
10444953,stimulus_Arg_PISACowsMilk_10_page_6,1037.2,662.3,993.0
10444954,stimulus_Arg_PISACowsMilk_10_page_6,1039.8,662.2,993.0
10444955,stimulus_Arg_PISACowsMilk_10_page_6,1041.7,662.2,992.0
10444956,stimulus_Arg_PISACowsMilk_10_page_6,1043.0,662.0,990.0
10444957,stimulus_Arg_PISACowsMilk_10_page_6,1043.5,661.0,988.0
10444958,stimulus_Arg_PISACowsMilk_10_page_6,1042.9,660.0,986.0
10444959,stimulus_Arg_PISACowsMilk_10_page_6,1041.3,658.4,986.0
10444960,stimulus_Arg_PISACowsMilk_10_page_6,1039.0,657.4,987.0
10444961,stimulus_Arg_PISACowsMilk_10_page_6,1036.0,656.3,988.0
10444962,stimulus_Arg_PISACowsMilk_10_page_6,1033.5,656.2,989.0
10444963,stimulus_Arg_PISACowsMilk_10_page_6,1030.9,656.1,989.0
10444964,stimulus_Arg_PISACowsMilk_10_page_6,1029.3,656.1,989.0
10444965,stimulus_Arg_PISACowsMilk_10_page_6,1028.1,656.1,989.0
10444966,stimulus_Arg_PISACowsMilk_10_page_6,1027.2,656.2,990.0
10444967,stimulus_Arg_PISACowsMilk_10_page_6,1026.6,656.5,991.0
10444968,stimulus_Arg_PISACowsMilk_10_page_6,1026.1,657.0,991.0
10444969,stimulus_Arg_PISACowsMilk_10_page_6,1026.3,658.0,992.0
10444970,stimulus_Arg_PISACowsMilk_10_page_6,1026.5,658.8,993.0
10444971,stimulus_Arg_PISACowsMilk_10_page_6,1027.2,659.4,994.0
10444972,stimulus_Arg_PISACowsMilk_10_page_6,1027.9,659.9,993.0
10444973,stimulus_Arg_PISACowsMilk_10_page_6,1028.6,660.5,993.0
10444974,stimulus_Arg_PISACowsMilk_10_page_6,1029.2,661.2,994.0
10444975,stimulus_Arg_PISACowsMilk_10_page_6,1029.7,661.1,994.0
10444976,stimulus_Arg_PISACowsMilk_10_page_6,1030.4,660.7,993.0
10444977,stimulus_Arg_PISACowsMilk_10_page_6,1030.7,660.2,993.0
10444978,stimulus_Arg_PISACowsMilk_10_page_6,1030.7,660.2,993.0
10444979,stimulus_Arg_PISACowsMilk_10_page_6,1030.6,660.2,993.0
10444980,stimulus_Arg_PISACowsMilk_10_page_6,1030.6,660.2,993.0
10444981,stimulus_Arg_PISACowsMilk_10_page_6,1030.6,660.2,992.0
10444982,stimulus_Arg_PISACowsMilk_10_page_6,1031.0,660.2,992.0
10444983,stimulus_Arg_PISACowsMilk_10_page_6,1031.4,659.9,992.0
10444984,stimulus_Arg_PISACowsMilk_10_page_6,1031.6,659.6,992.0
10444985,stimulus_Arg_PISACowsMilk_10_page_6,1031.5,659.3,991.0
10444986,stimulus_Arg_PISACowsMilk_10_page_6,1031.3,659.2,991.0
10444987,stimulus_Arg_PISACowsMilk_10_page_6,1031.3,659.2,990.0
10444988,stimulus_Arg_PISACowsMilk_10_page_6,1031.3,659.3,990.0
10444989,stimulus_Arg_PISACowsMilk_10_page_6,1031.4,659.4,989.0
10444990,stimulus_Arg_PISACowsMilk_10_page_6,1031.4,659.4,990.0
10444991,stimulus_Arg_PISACowsMilk_10_page_6,1031.2,659.3,991.0
10444992,stimulus_Arg_PISACowsMilk_10_page_6,1031.1,659.3,992.0
10444993,stimulus_Arg_PISACowsMilk_10_page_6,1030.6,659.4,992.0
10444994,stimulus_Arg_PISACowsMilk_10_page_6,1030.1,659.6,992.0
10444995,stimulus_Arg_PISACowsMilk_10_page_6,1029.7,659.8,992.0
10444996,stimulus_Arg_PISACowsMilk_10_page_6,1029.8,660.2,991.0
10444997,stimulus_Arg_PISACowsMilk_10_page_6,1029.9,660.9,991.0
10444998,stimulus_Arg_PISACowsMilk_10_page_6,1030.0,661.5,991.0
10444999,stimulus_Arg_PISACowsMilk_10_page_6,1029.9,661.1,991.0
10445000,stimulus_Arg_PISACowsMilk_10_page_6,1029.8,660.6,991.0
10445001,stimulus_Arg_PISACowsMilk_10_page_6,1029.7,660.1,991.0
10445002,stimulus_Arg_PISACowsMilk_10_page_6,1029.7,660.1,990.0
10445003,stimulus_Arg_PISACowsMilk_10_page_6,1029.7,660.0,990.0
10445004,stimulus_Arg_PISACowsMilk_10_page_6,1029.7,659.8,990.0
10445005,stimulus_Arg_PISACowsMilk_10_page_6,1029.7,659.9,990.0
10445006,stimulus_Arg_PISACowsMilk_10_page_6,1029.7,660.2,990.0
10445007,stimulus_Arg_PISACowsMilk_10_page_6,1029.6,660.5,990.0
10445008,stimulus_Arg_PISACowsMilk_10_page_6,1029.5,660.9,990.0
10445009,stimulus_Arg_PISACowsMilk_10_page_6,1029.4,661.3,990.0
10445010,stimulus_Arg_PISACowsMilk_10_page_6,1029.6,661.3,991.0
10445011,stimulus_Arg_PISACowsMilk_10_page_6,1029.7,660.7,992.0
10445012,stimulus_Arg_PISACowsMilk_10_page_6,1029.5,660.2,992.0
10445013,stimulus_Arg_PISACowsMilk_10_page_6,1029.3,660.3,991.0
10445014,stimulus_Arg_PISACowsMilk_10_page_6,1028.9,660.6,991.0
10445015,stimulus_Arg_PISACowsMilk_10_page_6,1028.7,661.0,990.0
10445016,stimulus_Arg_PISACowsMilk_10_page_6,1028.6,661.5,989.0
10445017,stimulus_Arg_PISACowsMilk_10_page_6,1028.6,661.7,989.0
10445018,stimulus_Arg_PISACowsMilk_10_page_6,1028.6,661.8,990.0
10445019,stimulus_Arg_PISACowsMilk_10_page_6,1028.7,661.8,991.0
10445020,stimulus_Arg_PISACowsMilk_10_page_6,1028.8,661.8,990.0
10445021,stimulus_Arg_PISACowsMilk_10_page_6,1028.9,661.9,990.0
10445022,stimulus_Arg_PISACowsMilk_10_page_6,1029.0,661.9,989.0
10445023,stimulus_Arg_PISACowsMilk_10_page_6,1029.0,661.8,988.0
10445024,stimulus_Arg_PISACowsMilk_10_page_6,1029.0,661.6,987.0
10445025,stimulus_Arg_PISACowsMilk_10_page_6,1029.0,661.5,986.0
10445026,stimulus_Arg_PISACowsMilk_10_page_6,1029.1,661.4,986.0
10445027,stimulus_Arg_PISACowsMilk_10_page_6,1029.2,661.5,986.0
10445028,stimulus_Arg_PISACowsMilk_10_page_6,1029.3,661.6,986.0
10445029,stimulus_Arg_PISACowsMilk_10_page_6,1029.4,661.8,986.0
10445030,stimulus_Arg_PISACowsMilk_10_page_6,1029.4,662.0,986.0
10445031,stimulus_Arg_PISACowsMilk_10_page_6,1029.7,662.1,986.0
10445032,stimulus_Arg_PISACowsMilk_10_page_6,1029.9,662.2,986.0
10445033,stimulus_Arg_PISACowsMilk_10_page_6,1030.0,662.0,987.0
10445034,stimulus_Arg_PISACowsMilk_10_page_6,1029.8,661.7,987.0
10445035,stimulus_Arg_PISACowsMilk_10_page_6,1029.6,661.4,987.0
10445036,stimulus_Arg_PISACowsMilk_10_page_6,1029.4,661.3,986.0
10445037,stimulus_Arg_PISACowsMilk_10_page_6,1029.4,661.4,986.0
10445038,stimulus_Arg_PISACowsMilk_10_page_6,1029.3,661.6,985.0
10445039,stimulus_Arg_PISACowsMilk_10_page_6,1029.5,661.9,985.0
10445040,stimulus_Arg_PISACowsMilk_10_page_6,1029.7,661.7,985.0
10445041,stimulus_Arg_PISACowsMilk_10_page_6,1030.0,661.5,985.0
10445042,stimulus_Arg_PISACowsMilk_10_page_6,1030.0,661.2,985.0
10445043,stimulus_Arg_PISACowsMilk_10_page_6,1029.9,661.2,985.0
10445044,stimulus_Arg_PISACowsMilk_10_page_6,1029.8,661.1,984.0
10445045,stimulus_Arg_PISACowsMilk_10_page_6,1030.1,661.1,983.0
10445046,stimulus_Arg_PISACowsMilk_10_page_6,1030.6,661.1,982.0
10445047,stimulus_Arg_PISACowsMilk_10_page_6,1031.0,661.2,982.0
10445048,stimulus_Arg_PISACowsMilk_10_page_6,1031.1,661.0,981.0
10445049,stimulus_Arg_PISACowsMilk_10_page_6,1030.9,660.7,981.0
10445050,stimulus_Arg_PISACowsMilk_10_page_6,1030.7,660.5,980.0
10445051,stimulus_Arg_PISACowsMilk_10_page_6,1030.7,660.7,980.0
10445052,stimulus_Arg_PISACowsMilk_10_page_6,1030.8,661.1,981.0
10445053,stimulus_Arg_PISACowsMilk_10_page_6,1031.0,661.5,982.0
10445054,stimulus_Arg_PISACowsMilk_10_page_6,1030.9,661.6,983.0
10445055,stimulus_Arg_PISACowsMilk_10_page_6,1030.9,661.6,982.0
10445056,stimulus_Arg_PISACowsMilk_10_page_6,1030.8,661.6,982.0
10445057,stimulus_Arg_PISACowsMilk_10_page_6,1030.8,661.6,981.0
10445058,stimulus_Arg_PISACowsMilk_10_page_6,1030.8,661.5,981.0
10445059,stimulus_Arg_PISACowsMilk_10_page_6,1030.9,661.4,982.0
10445060,stimulus_Arg_PISACowsMilk_10_page_6,1031.2,661.1,983.0
10445061,stimulus_Arg_PISACowsMilk_10_page_6,1031.6,660.4,984.0
10445062,stimulus_Arg_PISACowsMilk_10_page_6,1031.8,659.8,984.0
10445063,stimulus_Arg_PISACowsMilk_10_page_6,1031.7,659.4,983.0
10445064,stimulus_Arg_PISACowsMilk_10_page_6,1031.6,659.3,982.0
10445065,stimulus_Arg_PISACowsMilk_10_page_6,1031.5,659.3,981.0
10445066,stimulus_Arg_PISACowsMilk_10_page_6,1031.7,659.4,980.0
10445067,stimulus_Arg_PISACowsMilk_10_page_6,1032.2,659.3,979.0
10445068,stimulus_Arg_PISACowsMilk_10_page_6,1032.7,659.2,979.0
10445069,stimulus_Arg_PISACowsMilk_10_page_6,1032.9,659.1,980.0
10445070,stimulus_Arg_PISACowsMilk_10_page_6,1032.8,659.0,981.0
10445071,stimulus_Arg_PISACowsMilk_10_page_6,1032.6,659.5,980.0
10445072,stimulus_Arg_PISACowsMilk_10_page_6,1032.5,660.0,979.0
10445073,stimulus_Arg_PISACowsMilk_10_page_6,1032.0,660.3,979.0
10445074,stimulus_Arg_PISACowsMilk_10_page_6,1031.6,660.1,979.0
10445075,stimulus_Arg_PISACowsMilk_10_page_6,1031.3,660.0,979.0
10445076,stimulus_Arg_PISACowsMilk_10_page_6,1031.4,660.0,979.0
10445077,stimulus_Arg_PISACowsMilk_10_page_6,1031.6,660.1,978.0
10445078,stimulus_Arg_PISACowsMilk_10_page_6,1031.7,660.1,978.0
10445079,stimulus_Arg_PISACowsMilk_10_page_6,1031.9,660.2,977.0
10445080,stimulus_Arg_PISACowsMilk_10_page_6,1032.2,660.2,980.0
10445081,stimulus_Arg_PISACowsMilk_10_page_6,1032.4,660.2,981.0
10445082,stimulus_Arg_PISACowsMilk_10_page_6,1032.5,660.2,982.0
10445083,stimulus_Arg_PISACowsMilk_10_page_6,1032.4,660.1,981.0
10445084,stimulus_Arg_PISACowsMilk_10_page_6,1032.4,659.7,980.0
10445085,stimulus_Arg_PISACowsMilk_10_page_6,1032.4,659.4,979.0
10445086,stimulus_Arg_PISACowsMilk_10_page_6,1032.4,659.1,979.0
10445087,stimulus_Arg_PISACowsMilk_10_page_6,1032.3,659.1,979.0
10445088,stimulus_Arg_PISACowsMilk_10_page_6,1032.2,659.4,980.0
10445089,stimulus_Arg_PISACowsMilk_10_page_6,1032.3,659.9,981.0
10445090,stimulus_Arg_PISACowsMilk_10_page_6,1032.6,660.5,981.0
10445091,stimulus_Arg_PISACowsMilk_10_page_6,1032.9,660.7,982.0
10445092,stimulus_Arg_PISACowsMilk_10_page_6,1033.1,660.7,982.0
10445093,stimulus_Arg_PISACowsMilk_10_page_6,1032.9,660.7,982.0
10445094,stimulus_Arg_PISACowsMilk_10_page_6,1032.6,660.7,982.0
10445095,stimulus_Arg_PISACowsMilk_10_page_6,1032.3,660.7,982.0
10445096,stimulus_Arg_PISACowsMilk_10_page_6,1032.2,660.5,982.0
10445097,stimulus_Arg_PISACowsMilk_10_page_6,1032.2,660.3,982.0
10445098,stimulus_Arg_PISACowsMilk_10_page_6,1032.5,660.0,981.0
10445099,stimulus_Arg_PISACowsMilk_10_page_6,1032.8,660.1,981.0
10445100,stimulus_Arg_PISACowsMilk_10_page_6,1033.1,660.2,981.0
10445101,stimulus_Arg_PISACowsMilk_10_page_6,1033.2,660.2,982.0
10445102,stimulus_Arg_PISACowsMilk_10_page_6,1033.2,660.0,982.0
10445103,stimulus_Arg_PISACowsMilk_10_page_6,1033.2,660.1,983.0
10445104,stimulus_Arg_PISACowsMilk_10_page_6,1033.3,660.0,982.0
10445105,stimulus_Arg_PISACowsMilk_10_page_6,1033.0,659.9,982.0
10445106,stimulus_Arg_PISACowsMilk_10_page_6,1032.8,660.1,981.0
10445107,stimulus_Arg_PISACowsMilk_10_page_6,1032.6,660.2,982.0
10445108,stimulus_Arg_PISACowsMilk_10_page_6,1032.6,660.2,982.0
10445109,stimulus_Arg_PISACowsMilk_10_page_6,1032.4,660.3,982.0
10445110,stimulus_Arg_PISACowsMilk_10_page_6,1032.3,660.5,982.0
10445111,stimulus_Arg_PISACowsMilk_10_page_6,1032.2,660.7,982.0
10445112,stimulus_Arg_PISACowsMilk_10_page_6,1032.2,660.7,982.0
10445113,stimulus_Arg_PISACowsMilk_10_page_6,1032.4,660.7,982.0
10445114,stimulus_Arg_PISACowsMilk_10_page_6,1032.5,660.7,981.0
10445115,stimulus_Arg_PISACowsMilk_10_page_6,1032.7,660.8,980.0
10445116,stimulus_Arg_PISACowsMilk_10_page_6,1032.7,660.9,979.0
10445117,stimulus_Arg_PISACowsMilk_10_page_6,1032.3,661.0,979.0
10445118,stimulus_Arg_PISACowsMilk_10_page_6,1032.0,661.0,979.0
10445119,stimulus_Arg_PISACowsMilk_10_page_6,1031.7,661.0,979.0
10445120,stimulus_Arg_PISACowsMilk_10_page_6,1031.8,661.0,979.0
10445121,stimulus_Arg_PISACowsMilk_10_page_6,1032.0,660.9,980.0
10445122,stimulus_Arg_PISACowsMilk_10_page_6,1032.1,660.8,981.0
10445123,stimulus_Arg_PISACowsMilk_10_page_6,1032.2,660.8,981.0
10445124,stimulus_Arg_PISACowsMilk_10_page_6,1032.3,660.8,980.0
10445125,stimulus_Arg_PISACowsMilk_10_page_6,1032.4,660.8,980.0
10445126,stimulus_Arg_PISACowsMilk_10_page_6,1032.5,660.8,980.0
10445127,stimulus_Arg_PISACowsMilk_10_page_6,1032.5,660.8,980.0
10445128,stimulus_Arg_PISACowsMilk_10_page_6,1032.5,661.2,981.0
10445129,stimulus_Arg_PISACowsMilk_10_page_6,1032.5,661.7,981.0
10445130,stimulus_Arg_PISACowsMilk_10_page_6,1032.4,662.1,982.0
10445131,stimulus_Arg_PISACowsMilk_10_page_6,1032.4,662.7,983.0
10445132,stimulus_Arg_PISACowsMilk_10_page_6,1032.4,663.3,983.0
10445133,stimulus_Arg_PISACowsMilk_10_page_6,1032.4,663.8,984.0
10445134,stimulus_Arg_PISACowsMilk_10_page_6,1032.4,663.8,984.0
10445135,stimulus_Arg_PISACowsMilk_10_page_6,1032.5,663.7,984.0
10445136,stimulus_Arg_PISACowsMilk_10_page_6,1032.5,663.7,984.0
10445137,stimulus_Arg_PISACowsMilk_10_page_6,1032.7,663.9,985.0
10445138,stimulus_Arg_PISACowsMilk_10_page_6,1032.9,664.2,985.0
10445139,stimulus_Arg_PISACowsMilk_10_page_6,1032.8,664.6,986.0
10445140,stimulus_Arg_PISACowsMilk_10_page_6,1032.5,664.8,987.0
10445141,stimulus_Arg_PISACowsMilk_10_page_6,1032.2,665.0,987.0
10445142,stimulus_Arg_PISACowsMilk_10_page_6,1032.2,664.9,987.0
10445143,stimulus_Arg_PISACowsMilk_10_page_6,1032.2,664.6,987.0
10445144,stimulus_Arg_PISACowsMilk_10_page_6,1032.1,664.3,987.0
10445145,stimulus_Arg_PISACowsMilk_10_page_6,1032.1,664.2,987.0
10445146,stimulus_Arg_PISACowsMilk_10_page_6,1032.1,664.2,987.0
10445147,stimulus_Arg_PISACowsMilk_10_page_6,1032.5,664.1,987.0
10445148,stimulus_Arg_PISACowsMilk_10_page_6,1032.8,664.0,987.0
10445149,stimulus_Arg_PISACowsMilk_10_page_6,1032.9,663.9,986.0
10445150,stimulus_Arg_PISACowsMilk_10_page_6,1032.9,663.8,986.0
10445151,stimulus_Arg_PISACowsMilk_10_page_6,1032.8,663.7,985.0
10445152,stimulus_Arg_PISACowsMilk_10_page_6,1032.8,663.7,984.0
10445153,stimulus_Arg_PISACowsMilk_10_page_6,1032.7,663.5,982.0
10445154,stimulus_Arg_PISACowsMilk_10_page_6,1032.6,663.3,982.0
10445155,stimulus_Arg_PISACowsMilk_10_page_6,1032.4,663.3,982.0
10445156,stimulus_Arg_PISACowsMilk_10_page_6,1032.4,663.4,982.0
10445157,stimulus_Arg_PISACowsMilk_10_page_6,1032.4,663.6,981.0
10445158,stimulus_Arg_PISACowsMilk_10_page_6,1032.4,663.7,981.0
10445159,stimulus_Arg_PISACowsMilk_10_page_6,1032.2,663.8,980.0
10445160,stimulus_Arg_PISACowsMilk_10_page_6,1032.0,664.1,980.0
10445161,stimulus_Arg_PISACowsMilk_10_page_6,1031.9,664.4,981.0
10445162,stimulus_Arg_PISACowsMilk_10_page_6,1032.5,664.5,981.0
10445163,stimulus_Arg_PISACowsMilk_10_page_6,1033.2,664.5,982.0
10445164,stimulus_Arg_PISACowsMilk_10_page_6,1033.9,664.5,981.0
10445165,stimulus_Arg_PISACowsMilk_10_page_6,1033.9,664.6,979.0
10445166,stimulus_Arg_PISACowsMilk_10_page_6,1034.0,664.7,978.0
10445167,stimulus_Arg_PISACowsMilk_10_page_6,1034.1,664.8,978.0
10445168,stimulus_Arg_PISACowsMilk_10_page_6,1034.2,664.8,978.0
10445169,stimulus_Arg_PISACowsMilk_10_page_6,1034.3,664.9,978.0
10445170,stimulus_Arg_PISACowsMilk_10_page_6,1034.6,665.0,978.0
10445171,stimulus_Arg_PISACowsMilk_10_page_6,1034.7,665.0,978.0
10445172,stimulus_Arg_PISACowsMilk_10_page_6,1034.8,665.0,978.0
10445173,stimulus_Arg_PISACowsMilk_10_page_6,1034.8,665.0,977.0
10445174,stimulus_Arg_PISACowsMilk_10_page_6,1034.7,664.9,977.0
10445175,stimulus_Arg_PISACowsMilk_10_page_6,1034.7,664.7,977.0
10445176,stimulus_Arg_PISACowsMilk_10_page_6,1034.7,664.4,977.0
10445177,stimulus_Arg_PISACowsMilk_10_page_6,1034.8,664.1,977.0
10445178,stimulus_Arg_PISACowsMilk_10_page_6,1035.1,663.9,977.0
10445179,stimulus_Arg_PISACowsMilk_10_page_6,1035.5,663.9,977.0
10445180,stimulus_Arg_PISACowsMilk_10_page_6,1035.8,664.2,978.0
10445181,stimulus_Arg_PISACowsMilk_10_page_6,1035.8,664.6,979.0
10445182,stimulus_Arg_PISACowsMilk_10_page_6,1036.1,665.1,980.0
10445183,stimulus_Arg_PISACowsMilk_10_page_6,1036.4,665.6,980.0
10445184,stimulus_Arg_PISACowsMilk_10_page_6,1036.7,666.0,979.0
10445185,stimulus_Arg_PISACowsMilk_10_page_6,1036.6,666.0,979.0
10445186,stimulus_Arg_PISACowsMilk_10_page_6,1036.6,666.0,979.0
10445187,stimulus_Arg_PISACowsMilk_10_page_6,1036.4,665.9,978.0
10445188,stimulus_Arg_PISACowsMilk_10_page_6,1036.2,666.0,979.0
10445189,stimulus_Arg_PISACowsMilk_10_page_6,1036.1,666.3,979.0
10445190,stimulus_Arg_PISACowsMilk_10_page_6,1036.3,665.9,979.0
10445191,stimulus_Arg_PISACowsMilk_10_page_6,1036.5,665.4,980.0
10445192,stimulus_Arg_PISACowsMilk_10_page_6,1036.6,664.7,980.0
10445193,stimulus_Arg_PISACowsMilk_10_page_6,1036.6,664.4,980.0
10445194,stimulus_Arg_PISACowsMilk_10_page_6,1036.5,664.1,979.0
10445195,stimulus_Arg_PISACowsMilk_10_page_6,1036.6,664.1,979.0
10445196,stimulus_Arg_PISACowsMilk_10_page_6,1036.7,664.5,979.0
10445197,stimulus_Arg_PISACowsMilk_10_page_6,1037.0,664.8,980.0
10445198,stimulus_Arg_PISACowsMilk_10_page_6,1037.2,665.0,981.0
10445199,stimulus_Arg_PISACowsMilk_10_page_6,1037.3,665.0,981.0
10445200,stimulus_Arg_PISACowsMilk_10_page_6,1037.3,664.8,981.0
10445201,stimulus_Arg_PISACowsMilk_10_page_6,1037.2,664.5,981.0
10445202,stimulus_Arg_PISACowsMilk_10_page_6,1037.3,664.6,981.0
10445203,stimulus_Arg_PISACowsMilk_10_page_6,1037.5,664.8,980.0
10445204,stimulus_Arg_PISACowsMilk_10_page_6,1037.5,665.0,978.0
10445205,stimulus_Arg_PISACowsMilk_10_page_6,1037.3,664.7,977.0
10445206,stimulus_Arg_PISACowsMilk_10_page_6,1037.2,664.5,977.0
10445207,stimulus_Arg_PISACowsMilk_10_page_6,1037.2,664.6,978.0
10445208,stimulus_Arg_PISACowsMilk_10_page_6,1037.1,664.7,978.0
10445209,stimulus_Arg_PISACowsMilk_10_page_6,1036.9,664.8,979.0
10445210,stimulus_Arg_PISACowsMilk_10_page_6,1036.9,664.8,980.0
10445211,stimulus_Arg_PISACowsMilk_10_page_6,1036.8,665.1,980.0
10445212,stimulus_Arg_PISACowsMilk_10_page_6,1036.9,665.4,979.0
10445213,stimulus_Arg_PISACowsMilk_10_page_6,1036.9,665.5,978.0
10445214,stimulus_Arg_PISACowsMilk_10_page_6,1036.9,666.2,977.0
10445215,stimulus_Arg_PISACowsMilk_10_page_6,1037.0,666.8,976.0
10445216,stimulus_Arg_PISACowsMilk_10_page_6,1036.9,666.8,975.0
10445217,stimulus_Arg_PISACowsMilk_10_page_6,1036.8,666.2,974.0
10445218,stimulus_Arg_PISACowsMilk_10_page_6,1036.9,665.5,975.0
10445219,stimulus_Arg_PISACowsMilk_10_page_6,1037.1,665.4,976.0
10445220,stimulus_Arg_PISACowsMilk_10_page_6,1036.9,665.7,977.0
10445221,stimulus_Arg_PISACowsMilk_10_page_6,1036.6,666.2,977.0
10445222,stimulus_Arg_PISACowsMilk_10_page_6,1036.6,666.8,976.0
10445223,stimulus_Arg_PISACowsMilk_10_page_6,1036.8,666.8,976.0
10445224,stimulus_Arg_PISACowsMilk_10_page_6,1036.9,666.6,976.0
10445225,stimulus_Arg_PISACowsMilk_10_page_6,1036.2,666.3,975.0
10445226,stimulus_Arg_PISACowsMilk_10_page_6,1034.5,666.2,975.0
10445227,stimulus_Arg_PISACowsMilk_10_page_6,1032.6,666.1,976.0
10445228,stimulus_Arg_PISACowsMilk_10_page_6,1030.5,666.3,976.0
10445229,stimulus_Arg_PISACowsMilk_10_page_6,1028.3,666.9,976.0
10445230,stimulus_Arg_PISACowsMilk_10_page_6,1022.7,667.4,977.0
10445231,stimulus_Arg_PISACowsMilk_10_page_6,1015.0,667.6,978.0
10445232,stimulus_Arg_PISACowsMilk_10_page_6,1004.6,667.5,978.0
10445233,stimulus_Arg_PISACowsMilk_10_page_6,992.4,668.7,978.0
10445234,stimulus_Arg_PISACowsMilk_10_page_6,976.8,670.9,979.0
10445235,stimulus_Arg_PISACowsMilk_10_page_6,960.4,674.6,980.0
10445236,stimulus_Arg_PISACowsMilk_10_page_6,942.1,679.1,982.0
10445237,stimulus_Arg_PISACowsMilk_10_page_6,924.4,684.9,983.0
10445238,stimulus_Arg_PISACowsMilk_10_page_6,904.0,690.9,987.0
10445239,stimulus_Arg_PISACowsMilk_10_page_6,885.0,696.7,993.0
10445240,stimulus_Arg_PISACowsMilk_10_page_6,863.9,701.1,1000.0
10445241,stimulus_Arg_PISACowsMilk_10_page_6,844.3,705.9,1008.0
10445242,stimulus_Arg_PISACowsMilk_10_page_6,825.0,709.5,1014.0
10445243,stimulus_Arg_PISACowsMilk_10_page_6,807.9,713.1,1019.0
10445244,stimulus_Arg_PISACowsMilk_10_page_6,790.9,715.7,1021.0
10445245,stimulus_Arg_PISACowsMilk_10_page_6,773.9,717.4,1022.0
10445246,stimulus_Arg_PISACowsMilk_10_page_6,757.6,720.0,1026.0
10445247,stimulus_Arg_PISACowsMilk_10_page_6,742.1,721.9,1029.0
10445248,stimulus_Arg_PISACowsMilk_10_page_6,727.8,724.7,1036.0
10445249,stimulus_Arg_PISACowsMilk_10_page_6,713.1,725.9,1038.0
10445250,stimulus_Arg_PISACowsMilk_10_page_6,698.3,726.7,1040.0
10445251,stimulus_Arg_PISACowsMilk_10_page_6,683.3,726.6,1040.0
10445252,stimulus_Arg_PISACowsMilk_10_page_6,667.8,726.7,1041.0
10445253,stimulus_Arg_PISACowsMilk_10_page_6,652.4,727.3,1042.0
10445254,stimulus_Arg_PISACowsMilk_10_page_6,637.6,728.3,1043.0
10445255,stimulus_Arg_PISACowsMilk_10_page_6,622.3,729.0,1044.0
10445256,stimulus_Arg_PISACowsMilk_10_page_6,606.3,730.0,1044.0
10445257,stimulus_Arg_PISACowsMilk_10_page_6,589.7,731.0,1044.0
10445258,stimulus_Arg_PISACowsMilk_10_page_6,573.4,732.6,1046.0
10445259,stimulus_Arg_PISACowsMilk_10_page_6,557.4,733.3,1048.0
10445260,stimulus_Arg_PISACowsMilk_10_page_6,541.1,733.6,1050.0
10445261,stimulus_Arg_PISACowsMilk_10_page_6,524.9,733.8,1048.0
10445262,stimulus_Arg_PISACowsMilk_10_page_6,508.7,734.3,1045.0
10445263,stimulus_Arg_PISACowsMilk_10_page_6,493.3,736.6,1042.0
10445264,stimulus_Arg_PISACowsMilk_10_page_6,479.0,738.1,1040.0
10445265,stimulus_Arg_PISACowsMilk_10_page_6,466.6,740.2,1039.0
10445266,stimulus_Arg_PISACowsMilk_10_page_6,455.5,740.7,1039.0
10445267,stimulus_Arg_PISACowsMilk_10_page_6,444.8,742.6,1040.0
10445268,stimulus_Arg_PISACowsMilk_10_page_6,432.8,743.8,1042.0
10445269,stimulus_Arg_PISACowsMilk_10_page_6,419.9,744.8,1041.0
10445270,stimulus_Arg_PISACowsMilk_10_page_6,407.8,744.4,1038.0
10445271,stimulus_Arg_PISACowsMilk_10_page_6,394.9,743.7,1035.0
10445272,stimulus_Arg_PISACowsMilk_10_page_6,381.2,744.5,1035.0
10445273,stimulus_Arg_PISACowsMilk_10_page_6,367.3,745.4,1032.0
10445274,stimulus_Arg_PISACowsMilk_10_page_6,353.4,746.8,1030.0
10445275,stimulus_Arg_PISACowsMilk_10_page_6,340.5,747.8,1029.0
10445276,stimulus_Arg_PISACowsMilk_10_page_6,328.4,748.7,1028.0
10445277,stimulus_Arg_PISACowsMilk_10_page_6,316.4,749.0,1028.0
10445278,stimulus_Arg_PISACowsMilk_10_page_6,304.5,748.2,1027.0
10445279,stimulus_Arg_PISACowsMilk_10_page_6,292.1,748.2,1026.0
10445280,stimulus_Arg_PISACowsMilk_10_page_6,282.9,748.3,1025.0
10445281,stimulus_Arg_PISACowsMilk_10_page_6,273.8,748.8,1025.0
10445282,stimulus_Arg_PISACowsMilk_10_page_6,265.9,749.6,1024.0
10445283,stimulus_Arg_PISACowsMilk_10_page_6,258.8,751.1,1025.0
10445284,stimulus_Arg_PISACowsMilk_10_page_6,254.5,753.0,1026.0
10445285,stimulus_Arg_PISACowsMilk_10_page_6,251.8,754.0,1026.0
10445286,stimulus_Arg_PISACowsMilk_10_page_6,250.2,754.4,1025.0
10445287,stimulus_Arg_PISACowsMilk_10_page_6,250.1,754.6,1024.0
10445288,stimulus_Arg_PISACowsMilk_10_page_6,251.4,754.9,1026.0
10445289,stimulus_Arg_PISACowsMilk_10_page_6,253.1,755.0,1028.0
10445290,stimulus_Arg_PISACowsMilk_10_page_6,255.0,755.0,1029.0
10445291,stimulus_Arg_PISACowsMilk_10_page_6,256.5,755.0,1030.0
10445292,stimulus_Arg_PISACowsMilk_10_page_6,258.1,754.9,1030.0
10445293,stimulus_Arg_PISACowsMilk_10_page_6,259.1,754.6,1030.0
10445294,stimulus_Arg_PISACowsMilk_10_page_6,259.7,754.1,1030.0
10445295,stimulus_Arg_PISACowsMilk_10_page_6,259.8,753.7,1030.0
10445296,stimulus_Arg_PISACowsMilk_10_page_6,259.5,753.5,1029.0
10445297,stimulus_Arg_PISACowsMilk_10_page_6,259.1,753.5,1029.0
10445298,stimulus_Arg_PISACowsMilk_10_page_6,258.0,753.4,1028.0
10445299,stimulus_Arg_PISACowsMilk_10_page_6,256.7,753.4,1028.0
10445300,stimulus_Arg_PISACowsMilk_10_page_6,254.9,753.3,1028.0
10445301,stimulus_Arg_PISACowsMilk_10_page_6,253.8,753.5,1028.0
10445302,stimulus_Arg_PISACowsMilk_10_page_6,253.0,753.6,1027.0
10445303,stimulus_Arg_PISACowsMilk_10_page_6,252.4,754.1,1026.0
10445304,stimulus_Arg_PISACowsMilk_10_page_6,251.3,754.5,1025.0
10445305,stimulus_Arg_PISACowsMilk_10_page_6,250.4,754.8,1025.0
10445306,stimulus_Arg_PISACowsMilk_10_page_6,249.6,754.8,1025.0
10445307,stimulus_Arg_PISACowsMilk_10_page_6,248.7,754.7,1025.0
10445308,stimulus_Arg_PISACowsMilk_10_page_6,247.8,754.6,1025.0
10445309,stimulus_Arg_PISACowsMilk_10_page_6,246.9,754.5,1024.0
10445310,stimulus_Arg_PISACowsMilk_10_page_6,246.5,754.5,1023.0
10445311,stimulus_Arg_PISACowsMilk_10_page_6,246.3,754.8,1022.0
10445312,stimulus_Arg_PISACowsMilk_10_page_6,246.3,755.2,1022.0
10445313,stimulus_Arg_PISACowsMilk_10_page_6,246.3,755.6,1023.0
10445314,stimulus_Arg_PISACowsMilk_10_page_6,246.2,755.7,1023.0
10445315,stimulus_Arg_PISACowsMilk_10_page_6,246.0,755.7,1023.0
10445316,stimulus_Arg_PISACowsMilk_10_page_6,245.8,755.9,1023.0
10445317,stimulus_Arg_PISACowsMilk_10_page_6,245.8,756.0,1022.0
10445318,stimulus_Arg_PISACowsMilk_10_page_6,245.8,756.2,1021.0
10445319,stimulus_Arg_PISACowsMilk_10_page_6,245.9,756.2,1022.0
10445320,stimulus_Arg_PISACowsMilk_10_page_6,246.0,756.2,1023.0
10445321,stimulus_Arg_PISACowsMilk_10_page_6,246.2,756.1,1024.0
10445322,stimulus_Arg_PISACowsMilk_10_page_6,246.3,756.1,1024.0
10445323,stimulus_Arg_PISACowsMilk_10_page_6,246.3,756.2,1023.0
10445324,stimulus_Arg_PISACowsMilk_10_page_6,246.6,756.4,1022.0
10445325,stimulus_Arg_PISACowsMilk_10_page_6,246.9,756.6,1021.0
10445326,stimulus_Arg_PISACowsMilk_10_page_6,247.2,756.7,1021.0
10445327,stimulus_Arg_PISACowsMilk_10_page_6,247.1,756.7,1021.0
10445328,stimulus_Arg_PISACowsMilk_10_page_6,247.0,756.4,1022.0
10445329,stimulus_Arg_PISACowsMilk_10_page_6,246.8,756.1,1023.0
10445330,stimulus_Arg_PISACowsMilk_10_page_6,246.6,755.9,1024.0
10445331,stimulus_Arg_PISACowsMilk_10_page_6,246.5,755.9,1025.0
10445332,stimulus_Arg_PISACowsMilk_10_page_6,246.5,755.8,1024.0
10445333,stimulus_Arg_PISACowsMilk_10_page_6,246.5,755.9,1024.0
10445334,stimulus_Arg_PISACowsMilk_10_page_6,246.6,756.0,1023.0
10445335,stimulus_Arg_PISACowsMilk_10_page_6,246.6,756.1,1022.0
10445336,stimulus_Arg_PISACowsMilk_10_page_6,246.7,756.1,1022.0
10445337,stimulus_Arg_PISACowsMilk_10_page_6,246.8,756.1,1023.0
10445338,stimulus_Arg_PISACowsMilk_10_page_6,246.8,756.2,1024.0
10445339,stimulus_Arg_PISACowsMilk_10_page_6,246.8,756.1,1024.0
10445340,stimulus_Arg_PISACowsMilk_10_page_6,246.8,755.9,1024.0
10445341,stimulus_Arg_PISACowsMilk_10_page_6,247.0,755.6,1024.0
10445342,stimulus_Arg_PISACowsMilk_10_page_6,247.2,755.4,1024.0
10445343,stimulus_Arg_PISACowsMilk_10_page_6,247.4,755.2,1025.0
10445344,stimulus_Arg_PISACowsMilk_10_page_6,247.2,755.0,1024.0
10445345,stimulus_Arg_PISACowsMilk_10_page_6,247.1,755.0,1023.0
10445346,stimulus_Arg_PISACowsMilk_10_page_6,246.6,754.9,1022.0
10445347,stimulus_Arg_PISACowsMilk_10_page_6,246.2,755.2,1022.0
10445348,stimulus_Arg_PISACowsMilk_10_page_6,246.1,755.6,1022.0
10445349,stimulus_Arg_PISACowsMilk_10_page_6,246.3,756.0,1023.0
10445350,stimulus_Arg_PISACowsMilk_10_page_6,246.5,755.8,1023.0
10445351,stimulus_Arg_PISACowsMilk_10_page_6,246.5,755.5,1024.0
10445352,stimulus_Arg_PISACowsMilk_10_page_6,246.5,755.1,1024.0
10445353,stimulus_Arg_PISACowsMilk_10_page_6,246.5,755.3,1023.0
10445354,stimulus_Arg_PISACowsMilk_10_page_6,246.4,755.4,1022.0
10445355,stimulus_Arg_PISACowsMilk_10_page_6,246.4,755.8,1021.0
10445356,stimulus_Arg_PISACowsMilk_10_page_6,246.5,756.0,1021.0
10445357,stimulus_Arg_PISACowsMilk_10_page_6,246.6,756.2,1022.0
10445358,stimulus_Arg_PISACowsMilk_10_page_6,246.7,756.2,1022.0
10445359,stimulus_Arg_PISACowsMilk_10_page_6,246.8,756.3,1023.0
10445360,stimulus_Arg_PISACowsMilk_10_page_6,246.9,756.3,1024.0
10445361,stimulus_Arg_PISACowsMilk_10_page_6,246.6,756.3,1024.0
10445362,stimulus_Arg_PISACowsMilk_10_page_6,246.4,756.1,1023.0
10445363,stimulus_Arg_PISACowsMilk_10_page_6,246.2,755.9,1023.0
10445364,stimulus_Arg_PISACowsMilk_10_page_6,246.1,755.6,1023.0
10445365,stimulus_Arg_PISACowsMilk_10_page_6,246.0,755.6,1022.0
10445366,stimulus_Arg_PISACowsMilk_10_page_6,245.8,755.7,1022.0
10445367,stimulus_Arg_PISACowsMilk_10_page_6,245.8,755.8,1022.0
10445368,stimulus_Arg_PISACowsMilk_10_page_6,245.7,755.8,1023.0
10445369,stimulus_Arg_PISACowsMilk_10_page_6,245.7,755.8,1024.0
10445370,stimulus_Arg_PISACowsMilk_10_page_6,245.8,755.8,1025.0
10445371,stimulus_Arg_PISACowsMilk_10_page_6,245.9,755.8,1025.0
10445372,stimulus_Arg_PISACowsMilk_10_page_6,246.0,755.8,1024.0
10445373,stimulus_Arg_PISACowsMilk_10_page_6,245.9,755.7,1023.0
10445374,stimulus_Arg_PISACowsMilk_10_page_6,245.6,755.6,1022.0
10445375,stimulus_Arg_PISACowsMilk_10_page_6,245.4,755.4,1021.0
10445376,stimulus_Arg_PISACowsMilk_10_page_6,245.2,755.1,1020.0
10445377,stimulus_Arg_PISACowsMilk_10_page_6,245.3,754.9,1020.0
10445378,stimulus_Arg_PISACowsMilk_10_page_6,245.4,755.0,1021.0
10445379,stimulus_Arg_PISACowsMilk_10_page_6,245.5,755.3,1021.0
10445380,stimulus_Arg_PISACowsMilk_10_page_6,245.9,755.5,1022.0
10445381,stimulus_Arg_PISACowsMilk_10_page_6,246.4,755.6,1022.0
10445382,stimulus_Arg_PISACowsMilk_10_page_6,246.9,755.9,1023.0
10445383,stimulus_Arg_PISACowsMilk_10_page_6,246.8,756.0,1023.0
10445384,stimulus_Arg_PISACowsMilk_10_page_6,246.6,756.1,1024.0
10445385,stimulus_Arg_PISACowsMilk_10_page_6,246.5,755.9,1024.0
10445386,stimulus_Arg_PISACowsMilk_10_page_6,246.1,755.7,1024.0
10445387,stimulus_Arg_PISACowsMilk_10_page_6,245.7,755.6,1023.0
10445388,stimulus_Arg_PISACowsMilk_10_page_6,245.4,755.6,1022.0
10445389,stimulus_Arg_PISACowsMilk_10_page_6,245.6,755.6,1021.0
10445390,stimulus_Arg_PISACowsMilk_10_page_6,245.7,755.7,1021.0
10445391,stimulus_Arg_PISACowsMilk_10_page_6,245.7,755.8,1021.0
10445392,stimulus_Arg_PISACowsMilk_10_page_6,245.5,755.9,1021.0
10445393,stimulus_Arg_PISACowsMilk_10_page_6,245.5,756.0,1022.0
10445394,stimulus_Arg_PISACowsMilk_10_page_6,245.6,756.0,1023.0
10445395,stimulus_Arg_PISACowsMilk_10_page_6,245.8,755.9,1024.0
10445396,stimulus_Arg_PISACowsMilk_10_page_6,246.1,755.9,1023.0
10445397,stimulus_Arg_PISACowsMilk_10_page_6,246.4,755.9,1023.0
10445398,stimulus_Arg_PISACowsMilk_10_page_6,246.7,756.0,1023.0
10445399,stimulus_Arg_PISACowsMilk_10_page_6,247.0,756.3,1023.0
10445400,stimulus_Arg_PISACowsMilk_10_page_6,246.9,756.5,1023.0
10445401,stimulus_Arg_PISACowsMilk_10_page_6,246.6,756.7,1022.0
10445402,stimulus_Arg_PISACowsMilk_10_page_6,246.4,756.6,1022.0
10445403,stimulus_Arg_PISACowsMilk_10_page_6,246.2,756.6,1022.0
10445404,stimulus_Arg_PISACowsMilk_10_page_6,246.1,756.6,1022.0
10445405,stimulus_Arg_PISACowsMilk_10_page_6,245.9,756.7,1021.0
10445406,stimulus_Arg_PISACowsMilk_10_page_6,245.5,756.6,1021.0
10445407,stimulus_Arg_PISACowsMilk_10_page_6,245.1,756.6,1020.0
10445408,stimulus_Arg_PISACowsMilk_10_page_6,244.7,756.9,1020.0
10445409,stimulus_Arg_PISACowsMilk_10_page_6,244.9,757.4,1021.0
10445410,stimulus_Arg_PISACowsMilk_10_page_6,245.1,757.8,1021.0
10445411,stimulus_Arg_PISACowsMilk_10_page_6,245.6,757.8,1022.0
10445412,stimulus_Arg_PISACowsMilk_10_page_6,245.8,757.9,1022.0
10445413,stimulus_Arg_PISACowsMilk_10_page_6,245.9,757.9,1022.0
10445414,stimulus_Arg_PISACowsMilk_10_page_6,246.0,757.5,1022.0
10445415,stimulus_Arg_PISACowsMilk_10_page_6,246.1,757.0,1021.0
10445416,stimulus_Arg_PISACowsMilk_10_page_6,246.0,756.6,1020.0
10445417,stimulus_Arg_PISACowsMilk_10_page_6,245.6,757.2,1020.0
10445418,stimulus_Arg_PISACowsMilk_10_page_6,245.3,757.8,1020.0
10445419,stimulus_Arg_PISACowsMilk_10_page_6,245.2,758.2,1021.0
10445420,stimulus_Arg_PISACowsMilk_10_page_6,245.3,757.9,1021.0
10445421,stimulus_Arg_PISACowsMilk_10_page_6,245.5,757.7,1021.0
10445422,stimulus_Arg_PISACowsMilk_10_page_6,245.7,757.5,1022.0
10445423,stimulus_Arg_PISACowsMilk_10_page_6,245.9,757.4,1022.0
10445424,stimulus_Arg_PISACowsMilk_10_page_6,246.0,757.3,1022.0
10445425,stimulus_Arg_PISACowsMilk_10_page_6,246.0,757.4,1019.0
10445426,stimulus_Arg_PISACowsMilk_10_page_6,245.9,757.7,1017.0
10445427,stimulus_Arg_PISACowsMilk_10_page_6,245.8,757.9,1017.0
10445428,stimulus_Arg_PISACowsMilk_10_page_6,245.7,758.0,1018.0
10445429,stimulus_Arg_PISACowsMilk_10_page_6,245.6,758.0,1019.0
10445430,stimulus_Arg_PISACowsMilk_10_page_6,245.6,758.0,1020.0
10445431,stimulus_Arg_PISACowsMilk_10_page_6,245.6,758.2,1021.0
10445432,stimulus_Arg_PISACowsMilk_10_page_6,245.6,758.4,1023.0
10445433,stimulus_Arg_PISACowsMilk_10_page_6,245.7,758.6,1022.0
10445434,stimulus_Arg_PISACowsMilk_10_page_6,245.8,758.7,1020.0
10445435,stimulus_Arg_PISACowsMilk_10_page_6,245.9,758.7,1018.0
10445436,stimulus_Arg_PISACowsMilk_10_page_6,245.8,758.6,1018.0
10445437,stimulus_Arg_PISACowsMilk_10_page_6,245.9,758.5,1018.0
10445438,stimulus_Arg_PISACowsMilk_10_page_6,245.9,758.5,1018.0
10445439,stimulus_Arg_PISACowsMilk_10_page_6,245.9,758.5,1019.0
10445440,stimulus_Arg_PISACowsMilk_10_page_6,245.9,758.6,1019.0
10445441,stimulus_Arg_PISACowsMilk_10_page_6,245.8,758.5,1020.0
10445442,stimulus_Arg_PISACowsMilk_10_page_6,245.6,758.4,1020.0
10445443,stimulus_Arg_PISACowsMilk_10_page_6,245.4,758.3,1019.0
10445444,stimulus_Arg_PISACowsMilk_10_page_6,245.2,758.2,1018.0
10445445,stimulus_Arg_PISACowsMilk_10_page_6,245.1,758.1,1018.0
10445446,stimulus_Arg_PISACowsMilk_10_page_6,245.1,758.1,1019.0
10445447,stimulus_Arg_PISACowsMilk_10_page_6,245.4,758.2,1020.0
10445448,stimulus_Arg_PISACowsMilk_10_page_6,245.7,758.3,1021.0
10445449,stimulus_Arg_PISACowsMilk_10_page_6,245.6,758.3,1022.0
10445450,stimulus_Arg_PISACowsMilk_10_page_6,245.3,758.3,1022.0
10445451,stimulus_Arg_PISACowsMilk_10_page_6,245.0,758.2,1021.0
10445452,stimulus_Arg_PISACowsMilk_10_page_6,245.1,758.1,1020.0
10445453,stimulus_Arg_PISACowsMilk_10_page_6,245.2,758.0,1018.0
10445454,stimulus_Arg_PISACowsMilk_10_page_6,245.0,757.9,1016.0
10445455,stimulus_Arg_PISACowsMilk_10_page_6,244.8,757.9,1016.0
10445456,stimulus_Arg_PISACowsMilk_10_page_6,244.6,757.9,1016.0
10445457,stimulus_Arg_PISACowsMilk_10_page_6,244.5,758.0,1016.0
10445458,stimulus_Arg_PISACowsMilk_10_page_6,244.7,758.0,1017.0
10445459,stimulus_Arg_PISACowsMilk_10_page_6,244.9,758.0,1017.0
10445460,stimulus_Arg_PISACowsMilk_10_page_6,245.3,758.1,1018.0
10445461,stimulus_Arg_PISACowsMilk_10_page_6,245.7,758.0,1018.0
10445462,stimulus_Arg_PISACowsMilk_10_page_6,246.0,757.8,1019.0
10445463,stimulus_Arg_PISACowsMilk_10_page_6,246.2,757.7,1019.0
10445464,stimulus_Arg_PISACowsMilk_10_page_6,246.6,757.8,1019.0
10445465,stimulus_Arg_PISACowsMilk_10_page_6,247.2,758.0,1019.0
10445466,stimulus_Arg_PISACowsMilk_10_page_6,247.7,758.2,1018.0
10445467,stimulus_Arg_PISACowsMilk_10_page_6,248.0,758.0,1016.0
10445468,stimulus_Arg_PISACowsMilk_10_page_6,247.1,757.6,1014.0
10445469,stimulus_Arg_PISACowsMilk_10_page_6,245.6,757.1,1012.0
10445470,stimulus_Arg_PISACowsMilk_10_page_6,241.9,757.1,1013.0
10445471,stimulus_Arg_PISACowsMilk_10_page_6,236.8,756.9,1015.0
10445472,stimulus_Arg_PISACowsMilk_10_page_6,231.1,757.5,1017.0
10445473,stimulus_Arg_PISACowsMilk_10_page_6,225.8,757.8,1016.0
10445474,stimulus_Arg_PISACowsMilk_10_page_6,218.7,758.0,1013.0
10445475,stimulus_Arg_PISACowsMilk_10_page_6,210.6,758.1,1010.0
10445476,stimulus_Arg_PISACowsMilk_10_page_6,202.5,759.0,1008.0
10445477,stimulus_Arg_PISACowsMilk_10_page_6,194.4,760.6,1008.0
10445478,stimulus_Arg_PISACowsMilk_10_page_6,187.0,761.9,1007.0
10445479,stimulus_Arg_PISACowsMilk_10_page_6,179.8,763.5,1006.0
10445480,stimulus_Arg_PISACowsMilk_10_page_6,173.0,765.7,1006.0
10445481,stimulus_Arg_PISACowsMilk_10_page_6,167.3,768.1,1007.0
10445482,stimulus_Arg_PISACowsMilk_10_page_6,161.5,770.2,1007.0
10445483,stimulus_Arg_PISACowsMilk_10_page_6,157.4,772.7,1009.0
10445484,stimulus_Arg_PISACowsMilk_10_page_6,152.3,774.8,1009.0
10445485,stimulus_Arg_PISACowsMilk_10_page_6,148.3,776.1,1009.0
10445486,stimulus_Arg_PISACowsMilk_10_page_6,144.5,776.4,1007.0
10445487,stimulus_Arg_PISACowsMilk_10_page_6,141.0,776.8,1005.0
10445488,stimulus_Arg_PISACowsMilk_10_page_6,136.8,777.1,1005.0
10445489,stimulus_Arg_PISACowsMilk_10_page_6,134.2,777.4,1008.0
10445490,stimulus_Arg_PISACowsMilk_10_page_6,132.5,777.7,1009.0
10445491,stimulus_Arg_PISACowsMilk_10_page_6,131.8,778.1,1008.0
10445492,stimulus_Arg_PISACowsMilk_10_page_6,131.5,777.7,1006.0
10445493,stimulus_Arg_PISACowsMilk_10_page_6,131.9,776.9,1004.0
10445494,stimulus_Arg_PISACowsMilk_10_page_6,133.0,775.6,1003.0
10445495,stimulus_Arg_PISACowsMilk_10_page_6,134.8,774.5,1002.0
10445496,stimulus_Arg_PISACowsMilk_10_page_6,137.0,772.9,1003.0
10445497,stimulus_Arg_PISACowsMilk_10_page_6,139.2,771.7,1005.0
10445498,stimulus_Arg_PISACowsMilk_10_page_6,141.1,770.8,1007.0
10445499,stimulus_Arg_PISACowsMilk_10_page_6,142.9,769.8,1007.0
10445500,stimulus_Arg_PISACowsMilk_10_page_6,144.3,768.7,1007.0
10445501,stimulus_Arg_PISACowsMilk_10_page_6,145.2,767.6,1007.0
10445502,stimulus_Arg_PISACowsMilk_10_page_6,145.6,767.4,1008.0
10445503,stimulus_Arg_PISACowsMilk_10_page_6,145.8,767.3,1008.0
10445504,stimulus_Arg_PISACowsMilk_10_page_6,145.9,767.6,1009.0
10445505,stimulus_Arg_PISACowsMilk_10_page_6,145.7,768.1,1009.0
10445506,stimulus_Arg_PISACowsMilk_10_page_6,145.3,768.7,1008.0
10445507,stimulus_Arg_PISACowsMilk_10_page_6,144.9,768.9,1008.0
10445508,stimulus_Arg_PISACowsMilk_10_page_6,144.4,769.2,1008.0
10445509,stimulus_Arg_PISACowsMilk_10_page_6,143.7,769.6,1007.0
10445510,stimulus_Arg_PISACowsMilk_10_page_6,143.1,770.0,1007.0
10445511,stimulus_Arg_PISACowsMilk_10_page_6,142.8,770.4,1008.0
10445512,stimulus_Arg_PISACowsMilk_10_page_6,142.5,770.9,1009.0
10445513,stimulus_Arg_PISACowsMilk_10_page_6,142.2,771.5,1010.0
10445514,stimulus_Arg_PISACowsMilk_10_page_6,142.0,772.1,1009.0
10445515,stimulus_Arg_PISACowsMilk_10_page_6,141.8,772.3,1008.0
10445516,stimulus_Arg_PISACowsMilk_10_page_6,141.5,772.6,1007.0
10445517,stimulus_Arg_PISACowsMilk_10_page_6,141.1,772.9,1007.0
10445518,stimulus_Arg_PISACowsMilk_10_page_6,140.8,773.3,1006.0
10445519,stimulus_Arg_PISACowsMilk_10_page_6,140.6,773.6,1006.0
10445520,stimulus_Arg_PISACowsMilk_10_page_6,140.6,773.7,1006.0
10445521,stimulus_Arg_PISACowsMilk_10_page_6,140.6,773.9,1006.0
10445522,stimulus_Arg_PISACowsMilk_10_page_6,140.5,773.9,1005.0
10445523,stimulus_Arg_PISACowsMilk_10_page_6,140.5,773.9,1006.0
10445524,stimulus_Arg_PISACowsMilk_10_page_6,140.4,773.9,1006.0
10445525,stimulus_Arg_PISACowsMilk_10_page_6,140.3,773.9,1006.0
10445526,stimulus_Arg_PISACowsMilk_10_page_6,140.3,773.8,1006.0
10445527,stimulus_Arg_PISACowsMilk_10_page_6,140.3,773.7,1006.0
10445528,stimulus_Arg_PISACowsMilk_10_page_6,140.3,773.7,1006.0
10445529,stimulus_Arg_PISACowsMilk_10_page_6,140.4,773.7,1007.0
10445530,stimulus_Arg_PISACowsMilk_10_page_6,140.4,773.6,1007.0
10445531,stimulus_Arg_PISACowsMilk_10_page_6,140.7,773.3,1007.0
10445532,stimulus_Arg_PISACowsMilk_10_page_6,140.8,772.8,1007.0
10445533,stimulus_Arg_PISACowsMilk_10_page_6,141.0,772.3,1008.0
10445534,stimulus_Arg_PISACowsMilk_10_page_6,141.1,771.9,1008.0
10445535,stimulus_Arg_PISACowsMilk_10_page_6,141.1,771.8,1009.0
10445536,stimulus_Arg_PISACowsMilk_10_page_6,141.2,771.9,1008.0
10445537,stimulus_Arg_PISACowsMilk_10_page_6,141.2,772.1,1008.0
10445538,stimulus_Arg_PISACowsMilk_10_page_6,141.2,772.1,1008.0
10445539,stimulus_Arg_PISACowsMilk_10_page_6,141.1,772.0,1008.0
10445540,stimulus_Arg_PISACowsMilk_10_page_6,140.9,771.9,1008.0
10445541,stimulus_Arg_PISACowsMilk_10_page_6,140.9,772.0,1009.0
10445542,stimulus_Arg_PISACowsMilk_10_page_6,140.9,772.1,1010.0
10445543,stimulus_Arg_PISACowsMilk_10_page_6,140.9,772.2,1010.0
10445544,stimulus_Arg_PISACowsMilk_10_page_6,140.8,772.3,1010.0
10445545,stimulus_Arg_PISACowsMilk_10_page_6,140.8,772.5,1010.0
10445546,stimulus_Arg_PISACowsMilk_10_page_6,140.8,773.0,1010.0
10445547,stimulus_Arg_PISACowsMilk_10_page_6,140.8,773.3,1010.0
10445548,stimulus_Arg_PISACowsMilk_10_page_6,140.8,773.4,1010.0
10445549,stimulus_Arg_PISACowsMilk_10_page_6,140.8,773.1,1009.0
10445550,stimulus_Arg_PISACowsMilk_10_page_6,140.7,773.0,1009.0
10445551,stimulus_Arg_PISACowsMilk_10_page_6,140.6,773.0,1008.0
10445552,stimulus_Arg_PISACowsMilk_10_page_6,140.6,773.1,1008.0
10445553,stimulus_Arg_PISACowsMilk_10_page_6,140.6,773.2,1009.0
10445554,stimulus_Arg_PISACowsMilk_10_page_6,140.6,773.1,1009.0
10445555,stimulus_Arg_PISACowsMilk_10_page_6,140.6,773.0,1008.0
10445556,stimulus_Arg_PISACowsMilk_10_page_6,140.5,772.9,1008.0
10445557,stimulus_Arg_PISACowsMilk_10_page_6,140.5,773.0,1008.0
10445558,stimulus_Arg_PISACowsMilk_10_page_6,140.5,773.0,1008.0
10445559,stimulus_Arg_PISACowsMilk_10_page_6,140.2,773.0,1009.0
10445560,stimulus_Arg_PISACowsMilk_10_page_6,139.9,773.0,1009.0
10445561,stimulus_Arg_PISACowsMilk_10_page_6,139.6,773.0,1008.0
10445562,stimulus_Arg_PISACowsMilk_10_page_6,139.6,773.3,1008.0
10445563,stimulus_Arg_PISACowsMilk_10_page_6,139.6,773.6,1008.0
10445564,stimulus_Arg_PISACowsMilk_10_page_6,139.5,773.8,1009.0
10445565,stimulus_Arg_PISACowsMilk_10_page_6,139.5,773.7,1009.0
10445566,stimulus_Arg_PISACowsMilk_10_page_6,139.8,773.7,1009.0
10445567,stimulus_Arg_PISACowsMilk_10_page_6,140.2,773.7,1009.0
10445568,stimulus_Arg_PISACowsMilk_10_page_6,140.8,773.9,1009.0
10445569,stimulus_Arg_PISACowsMilk_10_page_6,141.0,773.9,1009.0
10445570,stimulus_Arg_PISACowsMilk_10_page_6,141.2,773.9,1009.0
10445571,stimulus_Arg_PISACowsMilk_10_page_6,141.3,773.9,1008.0
10445572,stimulus_Arg_PISACowsMilk_10_page_6,141.4,773.9,1008.0
10445573,stimulus_Arg_PISACowsMilk_10_page_6,141.4,773.9,1007.0
10445574,stimulus_Arg_PISACowsMilk_10_page_6,141.5,773.9,1006.0
10445575,stimulus_Arg_PISACowsMilk_10_page_6,141.3,774.0,1006.0
10445576,stimulus_Arg_PISACowsMilk_10_page_6,141.2,774.0,1006.0
10445577,stimulus_Arg_PISACowsMilk_10_page_6,141.0,774.1,1006.0
10445578,stimulus_Arg_PISACowsMilk_10_page_6,141.0,774.1,1005.0
10445579,stimulus_Arg_PISACowsMilk_10_page_6,141.0,774.0,1005.0
10445580,stimulus_Arg_PISACowsMilk_10_page_6,141.2,773.9,1004.0
10445581,stimulus_Arg_PISACowsMilk_10_page_6,141.4,773.9,1004.0
10445582,stimulus_Arg_PISACowsMilk_10_page_6,141.5,773.8,1005.0
10445583,stimulus_Arg_PISACowsMilk_10_page_6,141.6,773.5,1006.0
10445584,stimulus_Arg_PISACowsMilk_10_page_6,141.8,773.1,1007.0
10445585,stimulus_Arg_PISACowsMilk_10_page_6,142.0,772.9,1006.0
10445586,stimulus_Arg_PISACowsMilk_10_page_6,142.0,773.0,1005.0
10445587,stimulus_Arg_PISACowsMilk_10_page_6,141.9,773.0,1004.0
10445588,stimulus_Arg_PISACowsMilk_10_page_6,141.9,772.7,1005.0
10445589,stimulus_Arg_PISACowsMilk_10_page_6,141.8,772.4,1005.0
10445590,stimulus_Arg_PISACowsMilk_10_page_6,141.5,772.1,1005.0
10445591,stimulus_Arg_PISACowsMilk_10_page_6,141.1,772.2,1005.0
10445592,stimulus_Arg_PISACowsMilk_10_page_6,140.6,772.3,1005.0
10445593,stimulus_Arg_PISACowsMilk_10_page_6,140.8,772.4,1006.0
10445594,stimulus_Arg_PISACowsMilk_10_page_6,141.1,772.4,1008.0
10445595,stimulus_Arg_PISACowsMilk_10_page_6,141.3,772.4,1009.0
10445596,stimulus_Arg_PISACowsMilk_10_page_6,141.2,772.5,1009.0
10445597,stimulus_Arg_PISACowsMilk_10_page_6,141.4,772.7,1008.0
10445598,stimulus_Arg_PISACowsMilk_10_page_6,141.6,772.8,1009.0
10445599,stimulus_Arg_PISACowsMilk_10_page_6,141.8,772.7,1011.0
10445600,stimulus_Arg_PISACowsMilk_10_page_6,141.9,772.5,1013.0
10445601,stimulus_Arg_PISACowsMilk_10_page_6,141.9,772.2,1013.0
10445602,stimulus_Arg_PISACowsMilk_10_page_6,141.9,771.9,1013.0
10445603,stimulus_Arg_PISACowsMilk_10_page_6,141.9,771.4,1013.0
10445604,stimulus_Arg_PISACowsMilk_10_page_6,141.9,771.3,1013.0
10445605,stimulus_Arg_PISACowsMilk_10_page_6,141.9,771.1,1012.0
10445606,stimulus_Arg_PISACowsMilk_10_page_6,141.9,771.3,1012.0
10445607,stimulus_Arg_PISACowsMilk_10_page_6,141.8,771.5,1012.0
10445608,stimulus_Arg_PISACowsMilk_10_page_6,141.8,771.7,1012.0
10445609,stimulus_Arg_PISACowsMilk_10_page_6,141.6,771.7,1013.0
10445610,stimulus_Arg_PISACowsMilk_10_page_6,141.5,771.7,1014.0
10445611,stimulus_Arg_PISACowsMilk_10_page_6,141.3,771.6,1014.0
10445612,stimulus_Arg_PISACowsMilk_10_page_6,141.8,771.4,1014.0
10445613,stimulus_Arg_PISACowsMilk_10_page_6,142.2,771.3,1013.0
10445614,stimulus_Arg_PISACowsMilk_10_page_6,142.7,771.3,1013.0
10445615,stimulus_Arg_PISACowsMilk_10_page_6,142.8,771.4,1014.0
10445616,stimulus_Arg_PISACowsMilk_10_page_6,143.0,771.5,1014.0
10445617,stimulus_Arg_PISACowsMilk_10_page_6,143.2,771.5,1014.0
10445618,stimulus_Arg_PISACowsMilk_10_page_6,143.2,771.5,1014.0
10445619,stimulus_Arg_PISACowsMilk_10_page_6,143.0,771.5,1013.0
10445620,stimulus_Arg_PISACowsMilk_10_page_6,142.6,771.3,1014.0
10445621,stimulus_Arg_PISACowsMilk_10_page_6,142.4,771.1,1015.0
10445622,stimulus_Arg_PISACowsMilk_10_page_6,142.1,770.9,1016.0
10445623,stimulus_Arg_PISACowsMilk_10_page_6,141.8,770.9,1016.0
10445624,stimulus_Arg_PISACowsMilk_10_page_6,141.5,771.0,1016.0
10445625,stimulus_Arg_PISACowsMilk_10_page_6,141.3,771.2,1016.0
10445626,stimulus_Arg_PISACowsMilk_10_page_6,141.3,771.5,1017.0
10445627,stimulus_Arg_PISACowsMilk_10_page_6,141.5,771.7,1017.0
10445628,stimulus_Arg_PISACowsMilk_10_page_6,141.9,771.7,1018.0
10445629,stimulus_Arg_PISACowsMilk_10_page_6,142.3,771.7,1018.0
10445630,stimulus_Arg_PISACowsMilk_10_page_6,142.6,771.9,1018.0
10445631,stimulus_Arg_PISACowsMilk_10_page_6,142.9,772.2,1019.0
10445632,stimulus_Arg_PISACowsMilk_10_page_6,143.1,772.5,1018.0
10445633,stimulus_Arg_PISACowsMilk_10_page_6,143.2,772.5,1018.0
10445634,stimulus_Arg_PISACowsMilk_10_page_6,143.2,772.5,1017.0
10445635,stimulus_Arg_PISACowsMilk_10_page_6,143.1,772.4,1017.0
10445636,stimulus_Arg_PISACowsMilk_10_page_6,143.0,772.3,1017.0
10445637,stimulus_Arg_PISACowsMilk_10_page_6,142.7,772.1,1018.0
10445638,stimulus_Arg_PISACowsMilk_10_page_6,142.6,771.9,1018.0
10445639,stimulus_Arg_PISACowsMilk_10_page_6,142.5,771.7,1018.0
10445640,stimulus_Arg_PISACowsMilk_10_page_6,142.6,771.6,1018.0
10445641,stimulus_Arg_PISACowsMilk_10_page_6,142.5,771.7,1019.0
10445642,stimulus_Arg_PISACowsMilk_10_page_6,142.5,771.8,1021.0
10445643,stimulus_Arg_PISACowsMilk_10_page_6,142.7,772.0,1023.0
10445644,stimulus_Arg_PISACowsMilk_10_page_6,143.1,772.2,1023.0
10445645,stimulus_Arg_PISACowsMilk_10_page_6,143.4,772.3,1023.0
10445646,stimulus_Arg_PISACowsMilk_10_page_6,143.3,772.5,1023.0
10445647,stimulus_Arg_PISACowsMilk_10_page_6,143.3,772.5,1021.0
10445648,stimulus_Arg_PISACowsMilk_10_page_6,143.2,772.5,1020.0
10445649,stimulus_Arg_PISACowsMilk_10_page_6,143.1,772.5,1020.0
10445650,stimulus_Arg_PISACowsMilk_10_page_6,143.0,772.5,1020.0
10445651,stimulus_Arg_PISACowsMilk_10_page_6,142.9,772.4,1021.0
10445652,stimulus_Arg_PISACowsMilk_10_page_6,143.0,772.4,1021.0
10445653,stimulus_Arg_PISACowsMilk_10_page_6,143.1,772.4,1021.0
10445654,stimulus_Arg_PISACowsMilk_10_page_6,143.3,772.5,1022.0
10445655,stimulus_Arg_PISACowsMilk_10_page_6,143.4,772.5,1022.0
10445656,stimulus_Arg_PISACowsMilk_10_page_6,143.5,772.3,1022.0
10445657,stimulus_Arg_PISACowsMilk_10_page_6,143.5,772.2,1022.0
10445658,stimulus_Arg_PISACowsMilk_10_page_6,143.2,772.2,1023.0
10445659,stimulus_Arg_PISACowsMilk_10_page_6,142.9,772.1,1023.0
10445660,stimulus_Arg_PISACowsMilk_10_page_6,142.5,772.0,1023.0
10445661,stimulus_Arg_PISACowsMilk_10_page_6,142.5,771.9,1023.0
10445662,stimulus_Arg_PISACowsMilk_10_page_6,142.5,771.9,1023.0
10445663,stimulus_Arg_PISACowsMilk_10_page_6,142.5,771.8,1023.0
10445664,stimulus_Arg_PISACowsMilk_10_page_6,142.4,772.0,1023.0
10445665,stimulus_Arg_PISACowsMilk_10_page_6,142.4,772.2,1024.0
10445666,stimulus_Arg_PISACowsMilk_10_page_6,142.3,772.3,1024.0
10445667,stimulus_Arg_PISACowsMilk_10_page_6,142.1,772.3,1023.0
10445668,stimulus_Arg_PISACowsMilk_10_page_6,142.0,772.3,1023.0
10445669,stimulus_Arg_PISACowsMilk_10_page_6,142.2,772.3,1023.0
10445670,stimulus_Arg_PISACowsMilk_10_page_6,142.5,772.2,1024.0
10445671,stimulus_Arg_PISACowsMilk_10_page_6,142.7,772.1,1024.0
10445672,stimulus_Arg_PISACowsMilk_10_page_6,142.7,771.9,1024.0
10445673,stimulus_Arg_PISACowsMilk_10_page_6,142.9,771.7,1025.0
10445674,stimulus_Arg_PISACowsMilk_10_page_6,143.2,771.8,1025.0
10445675,stimulus_Arg_PISACowsMilk_10_page_6,143.2,772.0,1026.0
10445676,stimulus_Arg_PISACowsMilk_10_page_6,142.9,772.3,1026.0
10445677,stimulus_Arg_PISACowsMilk_10_page_6,142.6,772.4,1026.0
10445678,stimulus_Arg_PISACowsMilk_10_page_6,142.6,772.4,1027.0
10445679,stimulus_Arg_PISACowsMilk_10_page_6,142.5,772.3,1027.0
10445680,stimulus_Arg_PISACowsMilk_10_page_6,142.5,772.3,1027.0
10445681,stimulus_Arg_PISACowsMilk_10_page_6,142.6,772.3,1028.0
10445682,stimulus_Arg_PISACowsMilk_10_page_6,142.7,772.5,1028.0
10445683,stimulus_Arg_PISACowsMilk_10_page_6,142.7,772.7,1027.0
10445684,stimulus_Arg_PISACowsMilk_10_page_6,142.7,772.8,1026.0
10445685,stimulus_Arg_PISACowsMilk_10_page_6,142.7,772.7,1026.0
10445686,stimulus_Arg_PISACowsMilk_10_page_6,142.9,772.5,1026.0
10445687,stimulus_Arg_PISACowsMilk_10_page_6,143.1,772.4,1027.0
10445688,stimulus_Arg_PISACowsMilk_10_page_6,143.4,772.4,1027.0
10445689,stimulus_Arg_PISACowsMilk_10_page_6,143.6,772.4,1027.0
10445690,stimulus_Arg_PISACowsMilk_10_page_6,143.5,772.3,1027.0
10445691,stimulus_Arg_PISACowsMilk_10_page_6,143.3,772.2,1027.0
10445692,stimulus_Arg_PISACowsMilk_10_page_6,143.0,772.2,1027.0
10445693,stimulus_Arg_PISACowsMilk_10_page_6,143.0,772.2,1027.0
10445694,stimulus_Arg_PISACowsMilk_10_page_6,142.7,772.5,1028.0
10445695,stimulus_Arg_PISACowsMilk_10_page_6,142.4,772.8,1028.0
10445696,stimulus_Arg_PISACowsMilk_10_page_6,142.2,772.9,1028.0
10445697,stimulus_Arg_PISACowsMilk_10_page_6,142.2,772.7,1029.0
10445698,stimulus_Arg_PISACowsMilk_10_page_6,142.3,772.5,1029.0
10445699,stimulus_Arg_PISACowsMilk_10_page_6,142.4,772.5,1028.0
10445700,stimulus_Arg_PISACowsMilk_10_page_6,142.5,772.4,1029.0
10445701,stimulus_Arg_PISACowsMilk_10_page_6,142.6,772.4,1029.0
10445702,stimulus_Arg_PISACowsMilk_10_page_6,142.7,772.6,1030.0
10445703,stimulus_Arg_PISACowsMilk_10_page_6,142.8,772.8,1030.0
10445704,stimulus_Arg_PISACowsMilk_10_page_6,142.8,773.0,1030.0
10445705,stimulus_Arg_PISACowsMilk_10_page_6,142.9,772.9,1030.0
10445706,stimulus_Arg_PISACowsMilk_10_page_6,142.9,772.9,1030.0
10445707,stimulus_Arg_PISACowsMilk_10_page_6,143.0,772.9,1030.0
10445708,stimulus_Arg_PISACowsMilk_10_page_6,143.1,773.0,1030.0
10445709,stimulus_Arg_PISACowsMilk_10_page_6,143.1,773.2,1030.0
10445710,stimulus_Arg_PISACowsMilk_10_page_6,142.9,773.4,1031.0
10445711,stimulus_Arg_PISACowsMilk_10_page_6,143.0,773.4,1031.0
10445712,stimulus_Arg_PISACowsMilk_10_page_6,143.3,773.2,1032.0
10445713,stimulus_Arg_PISACowsMilk_10_page_6,143.3,772.9,1032.0
10445714,stimulus_Arg_PISACowsMilk_10_page_6,143.0,772.9,1033.0
10445715,stimulus_Arg_PISACowsMilk_10_page_6,142.9,772.8,1033.0
10445716,stimulus_Arg_PISACowsMilk_10_page_6,143.1,772.9,1033.0
10445717,stimulus_Arg_PISACowsMilk_10_page_6,143.3,772.9,1033.0
10445718,stimulus_Arg_PISACowsMilk_10_page_6,143.2,772.9,1034.0
10445719,stimulus_Arg_PISACowsMilk_10_page_6,143.2,772.8,1034.0
10445720,stimulus_Arg_PISACowsMilk_10_page_6,143.2,772.8,1034.0
10445721,stimulus_Arg_PISACowsMilk_10_page_6,143.1,772.7,1034.0
10445722,stimulus_Arg_PISACowsMilk_10_page_6,143.1,773.0,1034.0
10445723,stimulus_Arg_PISACowsMilk_10_page_6,143.2,773.3,1033.0
10445724,stimulus_Arg_PISACowsMilk_10_page_6,143.5,773.6,1031.0
10445725,stimulus_Arg_PISACowsMilk_10_page_6,143.8,773.6,1030.0
10445726,stimulus_Arg_PISACowsMilk_10_page_6,143.8,773.6,1030.0
10445727,stimulus_Arg_PISACowsMilk_10_page_6,143.7,773.8,1029.0
10445728,stimulus_Arg_PISACowsMilk_10_page_6,143.6,774.1,1029.0
10445729,stimulus_Arg_PISACowsMilk_10_page_6,143.8,774.3,1030.0
10445730,stimulus_Arg_PISACowsMilk_10_page_6,143.9,774.5,1031.0
10445731,stimulus_Arg_PISACowsMilk_10_page_6,143.9,774.4,1032.0
10445732,stimulus_Arg_PISACowsMilk_10_page_6,143.9,774.3,1032.0
10445733,stimulus_Arg_PISACowsMilk_10_page_6,143.9,774.2,1032.0
10445734,stimulus_Arg_PISACowsMilk_10_page_6,143.6,774.2,1032.0
10445735,stimulus_Arg_PISACowsMilk_10_page_6,143.3,774.3,1032.0
10445736,stimulus_Arg_PISACowsMilk_10_page_6,143.2,774.3,1032.0
10445737,stimulus_Arg_PISACowsMilk_10_page_6,143.4,773.8,1033.0
10445738,stimulus_Arg_PISACowsMilk_10_page_6,143.7,773.4,1033.0
10445739,stimulus_Arg_PISACowsMilk_10_page_6,143.6,772.9,1033.0
10445740,stimulus_Arg_PISACowsMilk_10_page_6,143.5,773.0,1033.0
10445741,stimulus_Arg_PISACowsMilk_10_page_6,143.6,773.2,1032.0
10445742,stimulus_Arg_PISACowsMilk_10_page_6,143.8,773.8,1032.0
10445743,stimulus_Arg_PISACowsMilk_10_page_6,144.1,774.3,1032.0
10445744,stimulus_Arg_PISACowsMilk_10_page_6,144.0,774.6,1032.0
10445745,stimulus_Arg_PISACowsMilk_10_page_6,144.1,774.5,1032.0
10445746,stimulus_Arg_PISACowsMilk_10_page_6,144.2,774.3,1032.0
10445747,stimulus_Arg_PISACowsMilk_10_page_6,144.3,774.1,1032.0
10445748,stimulus_Arg_PISACowsMilk_10_page_6,144.2,774.1,1032.0
10445749,stimulus_Arg_PISACowsMilk_10_page_6,144.0,774.1,1032.0
10445750,stimulus_Arg_PISACowsMilk_10_page_6,143.8,773.8,1033.0
10445751,stimulus_Arg_PISACowsMilk_10_page_6,144.0,773.4,1033.0
10445752,stimulus_Arg_PISACowsMilk_10_page_6,144.3,773.0,1033.0
10445753,stimulus_Arg_PISACowsMilk_10_page_6,144.3,772.9,1033.0
10445754,stimulus_Arg_PISACowsMilk_10_page_6,144.1,773.0,1033.0
10445755,stimulus_Arg_PISACowsMilk_10_page_6,143.7,773.1,1033.0
10445756,stimulus_Arg_PISACowsMilk_10_page_6,143.6,773.2,1033.0
10445757,stimulus_Arg_PISACowsMilk_10_page_6,143.6,773.3,1034.0
10445758,stimulus_Arg_PISACowsMilk_10_page_6,143.8,773.3,1035.0
10445759,stimulus_Arg_PISACowsMilk_10_page_6,143.9,773.3,1035.0
10445760,stimulus_Arg_PISACowsMilk_10_page_6,143.7,773.4,1034.0
10445761,stimulus_Arg_PISACowsMilk_10_page_6,143.4,773.6,1034.0
10445762,stimulus_Arg_PISACowsMilk_10_page_6,143.1,773.8,1033.0
10445763,stimulus_Arg_PISACowsMilk_10_page_6,142.9,774.2,1033.0
10445764,stimulus_Arg_PISACowsMilk_10_page_6,142.9,774.4,1033.0
10445765,stimulus_Arg_PISACowsMilk_10_page_6,142.9,774.5,1033.0
10445766,stimulus_Arg_PISACowsMilk_10_page_6,143.1,774.4,1032.0
10445767,stimulus_Arg_PISACowsMilk_10_page_6,143.3,774.3,1032.0
10445768,stimulus_Arg_PISACowsMilk_10_page_6,143.5,774.3,1033.0
10445769,stimulus_Arg_PISACowsMilk_10_page_6,143.7,774.1,1033.0
10445770,stimulus_Arg_PISACowsMilk_10_page_6,143.9,774.0,1033.0
10445771,stimulus_Arg_PISACowsMilk_10_page_6,144.0,773.7,1033.0
10445772,stimulus_Arg_PISACowsMilk_10_page_6,144.2,773.3,1034.0
10445773,stimulus_Arg_PISACowsMilk_10_page_6,144.3,772.9,1035.0
10445774,stimulus_Arg_PISACowsMilk_10_page_6,144.1,772.8,1034.0
10445775,stimulus_Arg_PISACowsMilk_10_page_6,143.9,773.0,1033.0
10445776,stimulus_Arg_PISACowsMilk_10_page_6,143.7,773.4,1031.0
10445777,stimulus_Arg_PISACowsMilk_10_page_6,143.6,773.8,1031.0
10445778,stimulus_Arg_PISACowsMilk_10_page_6,143.8,773.8,1031.0
10445779,stimulus_Arg_PISACowsMilk_10_page_6,144.0,773.7,1030.0
10445780,stimulus_Arg_PISACowsMilk_10_page_6,144.1,773.6,1030.0
10445781,stimulus_Arg_PISACowsMilk_10_page_6,143.9,773.9,1030.0
10445782,stimulus_Arg_PISACowsMilk_10_page_6,143.7,774.1,1031.0
10445783,stimulus_Arg_PISACowsMilk_10_page_6,143.7,774.2,1031.0
10445784,stimulus_Arg_PISACowsMilk_10_page_6,143.7,774.4,1030.0
10445785,stimulus_Arg_PISACowsMilk_10_page_6,143.7,774.6,1030.0
10445786,stimulus_Arg_PISACowsMilk_10_page_6,143.6,774.7,1029.0
10445787,stimulus_Arg_PISACowsMilk_10_page_6,143.6,774.7,1029.0
10445788,stimulus_Arg_PISACowsMilk_10_page_6,143.4,774.7,1029.0
10445789,stimulus_Arg_PISACowsMilk_10_page_6,143.3,774.7,1029.0
10445790,stimulus_Arg_PISACowsMilk_10_page_6,143.3,774.5,1029.0
10445791,stimulus_Arg_PISACowsMilk_10_page_6,143.3,774.3,1029.0
10445792,stimulus_Arg_PISACowsMilk_10_page_6,143.3,774.1,1029.0
10445793,stimulus_Arg_PISACowsMilk_10_page_6,143.2,773.9,1030.0
10445794,stimulus_Arg_PISACowsMilk_10_page_6,143.0,773.8,1030.0
10445795,stimulus_Arg_PISACowsMilk_10_page_6,142.7,773.8,1029.0
10445796,stimulus_Arg_PISACowsMilk_10_page_6,142.5,774.0,1027.0
10445797,stimulus_Arg_PISACowsMilk_10_page_6,142.7,774.6,1026.0
10445798,stimulus_Arg_PISACowsMilk_10_page_6,143.7,775.1,1026.0
10445799,stimulus_Arg_PISACowsMilk_10_page_6,145.3,775.1,1027.0
10445800,stimulus_Arg_PISACowsMilk_10_page_6,147.1,774.9,1028.0
10445801,stimulus_Arg_PISACowsMilk_10_page_6,150.1,774.8,1028.0
10445802,stimulus_Arg_PISACowsMilk_10_page_6,153.9,774.5,1027.0
10445803,stimulus_Arg_PISACowsMilk_10_page_6,159.9,773.2,1026.0
10445804,stimulus_Arg_PISACowsMilk_10_page_6,167.1,771.6,1026.0
10445805,stimulus_Arg_PISACowsMilk_10_page_6,176.9,769.8,1028.0
10445806,stimulus_Arg_PISACowsMilk_10_page_6,187.3,768.5,1032.0
10445807,stimulus_Arg_PISACowsMilk_10_page_6,199.4,767.7,1036.0
10445808,stimulus_Arg_PISACowsMilk_10_page_6,210.7,768.0,1041.0
10445809,stimulus_Arg_PISACowsMilk_10_page_6,221.9,768.4,1045.0
10445810,stimulus_Arg_PISACowsMilk_10_page_6,230.6,767.6,1048.0
10445811,stimulus_Arg_PISACowsMilk_10_page_6,238.7,766.6,1050.0
10445812,stimulus_Arg_PISACowsMilk_10_page_6,246.3,766.0,1051.0
10445813,stimulus_Arg_PISACowsMilk_10_page_6,253.2,766.1,1051.0
10445814,stimulus_Arg_PISACowsMilk_10_page_6,258.6,766.4,1051.0
10445815,stimulus_Arg_PISACowsMilk_10_page_6,264.2,766.8,1051.0
10445816,stimulus_Arg_PISACowsMilk_10_page_6,270.0,767.4,1051.0
10445817,stimulus_Arg_PISACowsMilk_10_page_6,274.9,767.3,1050.0
10445818,stimulus_Arg_PISACowsMilk_10_page_6,278.5,767.1,1050.0
10445819,stimulus_Arg_PISACowsMilk_10_page_6,282.1,767.1,1050.0
10445820,stimulus_Arg_PISACowsMilk_10_page_6,287.4,767.8,1050.0
10445821,stimulus_Arg_PISACowsMilk_10_page_6,291.9,767.9,1050.0
10445822,stimulus_Arg_PISACowsMilk_10_page_6,296.9,767.9,1050.0
10445823,stimulus_Arg_PISACowsMilk_10_page_6,300.3,767.6,1049.0
10445824,stimulus_Arg_PISACowsMilk_10_page_6,302.9,767.5,1049.0
10445825,stimulus_Arg_PISACowsMilk_10_page_6,303.3,767.4,1047.0
10445826,stimulus_Arg_PISACowsMilk_10_page_6,303.8,767.5,1045.0
10445827,stimulus_Arg_PISACowsMilk_10_page_6,304.2,767.6,1046.0
10445828,stimulus_Arg_PISACowsMilk_10_page_6,303.9,767.5,1047.0
10445829,stimulus_Arg_PISACowsMilk_10_page_6,303.2,767.5,1048.0
10445830,stimulus_Arg_PISACowsMilk_10_page_6,301.4,767.6,1048.0
10445831,stimulus_Arg_PISACowsMilk_10_page_6,299.8,767.7,1048.0
10445832,stimulus_Arg_PISACowsMilk_10_page_6,297.3,767.8,1049.0
10445833,stimulus_Arg_PISACowsMilk_10_page_6,295.1,767.7,1049.0
10445834,stimulus_Arg_PISACowsMilk_10_page_6,292.4,767.6,1050.0
10445835,stimulus_Arg_PISACowsMilk_10_page_6,290.6,768.0,1050.0
10445836,stimulus_Arg_PISACowsMilk_10_page_6,289.1,768.5,1050.0
10445837,stimulus_Arg_PISACowsMilk_10_page_6,288.6,769.0,1050.0
10445838,stimulus_Arg_PISACowsMilk_10_page_6,288.1,769.1,1051.0
10445839,stimulus_Arg_PISACowsMilk_10_page_6,288.1,769.2,1051.0
10445840,stimulus_Arg_PISACowsMilk_10_page_6,288.9,769.4,1051.0
10445841,stimulus_Arg_PISACowsMilk_10_page_6,290.0,769.5,1052.0
10445842,stimulus_Arg_PISACowsMilk_10_page_6,291.1,769.6,1052.0
10445843,stimulus_Arg_PISACowsMilk_10_page_6,291.6,769.6,1052.0
10445844,stimulus_Arg_PISACowsMilk_10_page_6,291.7,769.3,1051.0
10445845,stimulus_Arg_PISACowsMilk_10_page_6,292.1,769.1,1050.0
10445846,stimulus_Arg_PISACowsMilk_10_page_6,292.4,768.8,1049.0
10445847,stimulus_Arg_PISACowsMilk_10_page_6,292.9,768.7,1048.0
10445848,stimulus_Arg_PISACowsMilk_10_page_6,293.0,768.6,1047.0
10445849,stimulus_Arg_PISACowsMilk_10_page_6,293.1,768.4,1047.0
10445850,stimulus_Arg_PISACowsMilk_10_page_6,293.4,768.5,1047.0
10445851,stimulus_Arg_PISACowsMilk_10_page_6,293.7,768.5,1047.0
10445852,stimulus_Arg_PISACowsMilk_10_page_6,294.1,768.5,1048.0
10445853,stimulus_Arg_PISACowsMilk_10_page_6,294.3,768.7,1048.0
10445854,stimulus_Arg_PISACowsMilk_10_page_6,295.0,769.3,1048.0
10445855,stimulus_Arg_PISACowsMilk_10_page_6,295.7,769.8,1049.0
10445856,stimulus_Arg_PISACowsMilk_10_page_6,296.5,770.3,1049.0
10445857,stimulus_Arg_PISACowsMilk_10_page_6,296.9,770.3,1049.0
10445858,stimulus_Arg_PISACowsMilk_10_page_6,297.3,770.1,1049.0
10445859,stimulus_Arg_PISACowsMilk_10_page_6,297.6,770.0,1049.0
10445860,stimulus_Arg_PISACowsMilk_10_page_6,298.0,770.3,1050.0
10445861,stimulus_Arg_PISACowsMilk_10_page_6,298.2,770.7,1050.0
10445862,stimulus_Arg_PISACowsMilk_10_page_6,298.1,771.1,1050.0
10445863,stimulus_Arg_PISACowsMilk_10_page_6,298.1,771.2,1049.0
10445864,stimulus_Arg_PISACowsMilk_10_page_6,298.1,771.2,1049.0
10445865,stimulus_Arg_PISACowsMilk_10_page_6,297.7,771.1,1047.0
10445866,stimulus_Arg_PISACowsMilk_10_page_6,297.3,771.0,1046.0
10445867,stimulus_Arg_PISACowsMilk_10_page_6,296.9,771.0,1045.0
10445868,stimulus_Arg_PISACowsMilk_10_page_6,296.9,771.0,1046.0
10445869,stimulus_Arg_PISACowsMilk_10_page_6,297.2,771.1,1047.0
10445870,stimulus_Arg_PISACowsMilk_10_page_6,297.5,771.3,1048.0
10445871,stimulus_Arg_PISACowsMilk_10_page_6,297.6,771.3,1048.0
10445872,stimulus_Arg_PISACowsMilk_10_page_6,297.5,771.4,1049.0
10445873,stimulus_Arg_PISACowsMilk_10_page_6,297.3,771.5,1050.0
10445874,stimulus_Arg_PISACowsMilk_10_page_6,297.4,771.7,1050.0
10445875,stimulus_Arg_PISACowsMilk_10_page_6,297.3,771.9,1050.0
10445876,stimulus_Arg_PISACowsMilk_10_page_6,297.2,772.0,1050.0
10445877,stimulus_Arg_PISACowsMilk_10_page_6,297.2,772.1,1049.0
10445878,stimulus_Arg_PISACowsMilk_10_page_6,297.0,772.0,1048.0
10445879,stimulus_Arg_PISACowsMilk_10_page_6,296.9,771.8,1049.0
10445880,stimulus_Arg_PISACowsMilk_10_page_6,296.8,771.7,1050.0
10445881,stimulus_Arg_PISACowsMilk_10_page_6,297.1,771.6,1051.0
10445882,stimulus_Arg_PISACowsMilk_10_page_6,297.3,771.6,1052.0
10445883,stimulus_Arg_PISACowsMilk_10_page_6,297.4,771.5,1052.0
10445884,stimulus_Arg_PISACowsMilk_10_page_6,297.1,771.7,1052.0
10445885,stimulus_Arg_PISACowsMilk_10_page_6,296.9,771.8,1052.0
10445886,stimulus_Arg_PISACowsMilk_10_page_6,296.7,772.1,1052.0
10445887,stimulus_Arg_PISACowsMilk_10_page_6,296.7,772.2,1051.0
10445888,stimulus_Arg_PISACowsMilk_10_page_6,296.7,772.0,1049.0
10445889,stimulus_Arg_PISACowsMilk_10_page_6,296.7,771.7,1048.0
10445890,stimulus_Arg_PISACowsMilk_10_page_6,296.7,771.5,1048.0
10445891,stimulus_Arg_PISACowsMilk_10_page_6,296.6,771.8,1049.0
10445892,stimulus_Arg_PISACowsMilk_10_page_6,296.6,772.1,1050.0
10445893,stimulus_Arg_PISACowsMilk_10_page_6,296.6,772.3,1050.0
10445894,stimulus_Arg_PISACowsMilk_10_page_6,296.7,772.2,1051.0
10445895,stimulus_Arg_PISACowsMilk_10_page_6,296.7,772.3,1050.0
10445896,stimulus_Arg_PISACowsMilk_10_page_6,296.8,772.4,1050.0
10445897,stimulus_Arg_PISACowsMilk_10_page_6,297.0,772.6,1050.0
10445898,stimulus_Arg_PISACowsMilk_10_page_6,297.1,772.6,1050.0
10445899,stimulus_Arg_PISACowsMilk_10_page_6,297.1,772.6,1050.0
10445900,stimulus_Arg_PISACowsMilk_10_page_6,297.1,772.6,1050.0
10445901,stimulus_Arg_PISACowsMilk_10_page_6,297.1,772.7,1050.0
10445902,stimulus_Arg_PISACowsMilk_10_page_6,297.1,772.4,1049.0
10445903,stimulus_Arg_PISACowsMilk_10_page_6,297.1,771.9,1048.0
10445904,stimulus_Arg_PISACowsMilk_10_page_6,297.1,771.5,1047.0
10445905,stimulus_Arg_PISACowsMilk_10_page_6,297.1,771.8,1046.0
10445906,stimulus_Arg_PISACowsMilk_10_page_6,296.9,772.1,1045.0
10445907,stimulus_Arg_PISACowsMilk_10_page_6,296.8,772.5,1045.0
10445908,stimulus_Arg_PISACowsMilk_10_page_6,296.9,772.4,1045.0
10445909,stimulus_Arg_PISACowsMilk_10_page_6,297.2,772.5,1047.0
10445910,stimulus_Arg_PISACowsMilk_10_page_6,297.4,772.5,1048.0
10445911,stimulus_Arg_PISACowsMilk_10_page_6,297.4,772.6,1049.0
10445912,stimulus_Arg_PISACowsMilk_10_page_6,297.5,772.6,1049.0
10445913,stimulus_Arg_PISACowsMilk_10_page_6,297.6,772.7,1049.0
10445914,stimulus_Arg_PISACowsMilk_10_page_6,297.9,772.5,1050.0
10445915,stimulus_Arg_PISACowsMilk_10_page_6,298.0,772.3,1049.0
10445916,stimulus_Arg_PISACowsMilk_10_page_6,298.1,772.1,1049.0
10445917,stimulus_Arg_PISACowsMilk_10_page_6,298.1,772.1,1049.0
10445918,stimulus_Arg_PISACowsMilk_10_page_6,298.0,772.1,1050.0
10445919,stimulus_Arg_PISACowsMilk_10_page_6,297.9,772.4,1051.0
10445920,stimulus_Arg_PISACowsMilk_10_page_6,297.7,772.8,1050.0
10445921,stimulus_Arg_PISACowsMilk_10_page_6,297.7,773.2,1049.0
10445922,stimulus_Arg_PISACowsMilk_10_page_6,297.4,773.2,1048.0
10445923,stimulus_Arg_PISACowsMilk_10_page_6,297.1,773.4,1048.0
10445924,stimulus_Arg_PISACowsMilk_10_page_6,297.3,773.5,1049.0
10445925,stimulus_Arg_PISACowsMilk_10_page_6,297.8,773.5,1049.0
10445926,stimulus_Arg_PISACowsMilk_10_page_6,298.2,773.4,1050.0
10445927,stimulus_Arg_PISACowsMilk_10_page_6,297.8,773.3,1050.0
10445928,stimulus_Arg_PISACowsMilk_10_page_6,297.3,773.1,1050.0
10445929,stimulus_Arg_PISACowsMilk_10_page_6,296.9,773.0,1050.0
10445930,stimulus_Arg_PISACowsMilk_10_page_6,296.6,772.8,1051.0
10445931,stimulus_Arg_PISACowsMilk_10_page_6,296.6,772.9,1051.0
10445932,stimulus_Arg_PISACowsMilk_10_page_6,296.7,773.2,1052.0
10445933,stimulus_Arg_PISACowsMilk_10_page_6,296.7,773.1,1050.0
10445934,stimulus_Arg_PISACowsMilk_10_page_6,296.4,772.8,1048.0
10445935,stimulus_Arg_PISACowsMilk_10_page_6,296.6,772.6,1046.0
10445936,stimulus_Arg_PISACowsMilk_10_page_6,296.9,772.7,1047.0
10445937,stimulus_Arg_PISACowsMilk_10_page_6,297.3,772.7,1047.0
10445938,stimulus_Arg_PISACowsMilk_10_page_6,297.4,772.6,1046.0
10445939,stimulus_Arg_PISACowsMilk_10_page_6,297.9,772.4,1046.0
10445940,stimulus_Arg_PISACowsMilk_10_page_6,298.3,772.5,1046.0
10445941,stimulus_Arg_PISACowsMilk_10_page_6,298.7,772.5,1046.0
10445942,stimulus_Arg_PISACowsMilk_10_page_6,298.7,772.6,1047.0
10445943,stimulus_Arg_PISACowsMilk_10_page_6,298.7,772.8,1048.0
10445944,stimulus_Arg_PISACowsMilk_10_page_6,298.6,772.9,1049.0
10445945,stimulus_Arg_PISACowsMilk_10_page_6,298.5,772.9,1050.0
10445946,stimulus_Arg_PISACowsMilk_10_page_6,298.5,773.0,1051.0
10445947,stimulus_Arg_PISACowsMilk_10_page_6,298.4,773.0,1051.0
10445948,stimulus_Arg_PISACowsMilk_10_page_6,298.2,773.1,1051.0
10445949,stimulus_Arg_PISACowsMilk_10_page_6,298.0,773.2,1050.0
10445950,stimulus_Arg_PISACowsMilk_10_page_6,297.9,773.4,1049.0
10445951,stimulus_Arg_PISACowsMilk_10_page_6,297.9,773.4,1048.0
10445952,stimulus_Arg_PISACowsMilk_10_page_6,297.9,773.4,1048.0
10445953,stimulus_Arg_PISACowsMilk_10_page_6,297.8,773.3,1048.0
10445954,stimulus_Arg_PISACowsMilk_10_page_6,297.8,773.0,1048.0
10445955,stimulus_Arg_PISACowsMilk_10_page_6,297.7,772.6,1048.0
10445956,stimulus_Arg_PISACowsMilk_10_page_6,297.6,772.3,1048.0
10445957,stimulus_Arg_PISACowsMilk_10_page_6,298.0,772.4,1048.0
10445958,stimulus_Arg_PISACowsMilk_10_page_6,298.3,772.6,1048.0
10445959,stimulus_Arg_PISACowsMilk_10_page_6,298.7,772.7,1048.0
10445960,stimulus_Arg_PISACowsMilk_10_page_6,298.7,772.7,1048.0
10445961,stimulus_Arg_PISACowsMilk_10_page_6,298.8,772.7,1048.0
10445962,stimulus_Arg_PISACowsMilk_10_page_6,298.9,772.7,1048.0
10445963,stimulus_Arg_PISACowsMilk_10_page_6,298.9,772.8,1048.0
10445964,stimulus_Arg_PISACowsMilk_10_page_6,298.9,772.9,1048.0
10445965,stimulus_Arg_PISACowsMilk_10_page_6,299.1,773.0,1048.0
10445966,stimulus_Arg_PISACowsMilk_10_page_6,299.3,773.0,1048.0
10445967,stimulus_Arg_PISACowsMilk_10_page_6,299.4,772.8,1048.0
10445968,stimulus_Arg_PISACowsMilk_10_page_6,299.3,772.6,1049.0
10445969,stimulus_Arg_PISACowsMilk_10_page_6,299.3,772.4,1049.0
10445970,stimulus_Arg_PISACowsMilk_10_page_6,299.3,772.0,1049.0
10445971,stimulus_Arg_PISACowsMilk_10_page_6,299.3,771.5,1049.0
10445972,stimulus_Arg_PISACowsMilk_10_page_6,299.2,771.0,1050.0
10445973,stimulus_Arg_PISACowsMilk_10_page_6,299.0,770.9,1050.0
10445974,stimulus_Arg_PISACowsMilk_10_page_6,298.8,770.8,1049.0
10445975,stimulus_Arg_PISACowsMilk_10_page_6,298.7,770.7,1047.0
10445976,stimulus_Arg_PISACowsMilk_10_page_6,298.7,770.6,1047.0
10445977,stimulus_Arg_PISACowsMilk_10_page_6,298.7,770.5,1048.0
10445978,stimulus_Arg_PISACowsMilk_10_page_6,298.8,770.4,1048.0
10445979,stimulus_Arg_PISACowsMilk_10_page_6,299.0,770.5,1048.0
10445980,stimulus_Arg_PISACowsMilk_10_page_6,299.2,770.6,1047.0
10445981,stimulus_Arg_PISACowsMilk_10_page_6,299.3,770.7,1047.0
10445982,stimulus_Arg_PISACowsMilk_10_page_6,299.1,770.8,1047.0
10445983,stimulus_Arg_PISACowsMilk_10_page_6,298.9,770.9,1047.0
10445984,stimulus_Arg_PISACowsMilk_10_page_6,298.9,771.1,1047.0
10445985,stimulus_Arg_PISACowsMilk_10_page_6,299.0,771.1,1047.0
10445986,stimulus_Arg_PISACowsMilk_10_page_6,299.1,771.3,1047.0
10445987,stimulus_Arg_PISACowsMilk_10_page_6,299.1,771.4,1047.0
10445988,stimulus_Arg_PISACowsMilk_10_page_6,299.0,771.6,1047.0
10445989,stimulus_Arg_PISACowsMilk_10_page_6,298.9,771.5,1047.0
10445990,stimulus_Arg_PISACowsMilk_10_page_6,298.9,771.3,1048.0
10445991,stimulus_Arg_PISACowsMilk_10_page_6,299.0,771.2,1048.0
10445992,stimulus_Arg_PISACowsMilk_10_page_6,299.0,771.1,1048.0
10445993,stimulus_Arg_PISACowsMilk_10_page_6,299.0,771.0,1048.0
10445994,stimulus_Arg_PISACowsMilk_10_page_6,299.1,771.0,1048.0
10445995,stimulus_Arg_PISACowsMilk_10_page_6,299.3,771.0,1048.0
10445996,stimulus_Arg_PISACowsMilk_10_page_6,299.5,771.0,1048.0
10445997,stimulus_Arg_PISACowsMilk_10_page_6,299.5,771.0,1048.0
10445998,stimulus_Arg_PISACowsMilk_10_page_6,299.6,771.0,1048.0
10445999,stimulus_Arg_PISACowsMilk_10_page_6,299.7,771.0,1048.0
10446000,stimulus_Arg_PISACowsMilk_10_page_6,299.8,771.1,1048.0
10446001,stimulus_Arg_PISACowsMilk_10_page_6,299.8,771.2,1048.0
10446002,stimulus_Arg_PISACowsMilk_10_page_6,299.7,771.3,1048.0
10446003,stimulus_Arg_PISACowsMilk_10_page_6,299.7,771.4,1048.0
10446004,stimulus_Arg_PISACowsMilk_10_page_6,299.7,771.5,1047.0
10446005,stimulus_Arg_PISACowsMilk_10_page_6,299.6,771.5,1047.0
10446006,stimulus_Arg_PISACowsMilk_10_page_6,299.6,771.5,1046.0
10446007,stimulus_Arg_PISACowsMilk_10_page_6,299.7,771.4,1045.0
10446008,stimulus_Arg_PISACowsMilk_10_page_6,300.0,771.3,1045.0
10446009,stimulus_Arg_PISACowsMilk_10_page_6,300.3,771.3,1046.0
10446010,stimulus_Arg_PISACowsMilk_10_page_6,300.5,771.4,1048.0
10446011,stimulus_Arg_PISACowsMilk_10_page_6,300.5,771.4,1049.0
10446012,stimulus_Arg_PISACowsMilk_10_page_6,300.5,771.0,1049.0
10446013,stimulus_Arg_PISACowsMilk_10_page_6,300.5,770.7,1048.0
10446014,stimulus_Arg_PISACowsMilk_10_page_6,300.4,770.4,1046.0
10446015,stimulus_Arg_PISACowsMilk_10_page_6,300.1,770.4,1045.0
10446016,stimulus_Arg_PISACowsMilk_10_page_6,299.6,770.5,1043.0
10446017,stimulus_Arg_PISACowsMilk_10_page_6,299.3,770.6,1044.0
10446018,stimulus_Arg_PISACowsMilk_10_page_6,299.2,770.6,1044.0
10446019,stimulus_Arg_PISACowsMilk_10_page_6,299.2,770.8,1045.0
10446020,stimulus_Arg_PISACowsMilk_10_page_6,299.2,771.0,1046.0
10446021,stimulus_Arg_PISACowsMilk_10_page_6,299.2,771.3,1047.0
10446022,stimulus_Arg_PISACowsMilk_10_page_6,299.2,771.3,1048.0
10446023,stimulus_Arg_PISACowsMilk_10_page_6,299.0,771.3,1048.0
10446024,stimulus_Arg_PISACowsMilk_10_page_6,298.9,771.3,1047.0
10446025,stimulus_Arg_PISACowsMilk_10_page_6,298.7,771.2,1047.0
10446026,stimulus_Arg_PISACowsMilk_10_page_6,298.9,771.2,1047.0
10446027,stimulus_Arg_PISACowsMilk_10_page_6,299.1,771.1,1047.0
10446028,stimulus_Arg_PISACowsMilk_10_page_6,299.3,771.0,1047.0
10446029,stimulus_Arg_PISACowsMilk_10_page_6,299.4,770.9,1047.0
10446030,stimulus_Arg_PISACowsMilk_10_page_6,299.4,771.1,1046.0
10446031,stimulus_Arg_PISACowsMilk_10_page_6,299.5,771.3,1046.0
10446032,stimulus_Arg_PISACowsMilk_10_page_6,299.6,771.5,1047.0
10446033,stimulus_Arg_PISACowsMilk_10_page_6,299.6,771.4,1047.0
10446034,stimulus_Arg_PISACowsMilk_10_page_6,299.3,771.2,1047.0
10446035,stimulus_Arg_PISACowsMilk_10_page_6,299.1,771.1,1046.0
10446036,stimulus_Arg_PISACowsMilk_10_page_6,299.0,771.1,1046.0
10446037,stimulus_Arg_PISACowsMilk_10_page_6,299.0,770.8,1046.0
10446038,stimulus_Arg_PISACowsMilk_10_page_6,299.2,770.5,1046.0
10446039,stimulus_Arg_PISACowsMilk_10_page_6,299.5,770.2,1046.0
10446040,stimulus_Arg_PISACowsMilk_10_page_6,299.8,770.2,1046.0
10446041,stimulus_Arg_PISACowsMilk_10_page_6,299.8,770.1,1045.0
10446042,stimulus_Arg_PISACowsMilk_10_page_6,299.8,770.1,1045.0
10446043,stimulus_Arg_PISACowsMilk_10_page_6,299.6,770.0,1046.0
10446044,stimulus_Arg_PISACowsMilk_10_page_6,299.4,770.0,1047.0
10446045,stimulus_Arg_PISACowsMilk_10_page_6,299.2,770.1,1047.0
10446046,stimulus_Arg_PISACowsMilk_10_page_6,299.2,770.2,1047.0
10446047,stimulus_Arg_PISACowsMilk_10_page_6,299.0,770.4,1047.0
10446048,stimulus_Arg_PISACowsMilk_10_page_6,298.9,770.6,1047.0
10446049,stimulus_Arg_PISACowsMilk_10_page_6,298.8,771.0,1046.0
10446050,stimulus_Arg_PISACowsMilk_10_page_6,299.1,771.3,1048.0
10446051,stimulus_Arg_PISACowsMilk_10_page_6,299.3,771.5,1050.0
10446052,stimulus_Arg_PISACowsMilk_10_page_6,299.4,771.6,1050.0
10446053,stimulus_Arg_PISACowsMilk_10_page_6,299.3,771.6,1050.0
10446054,stimulus_Arg_PISACowsMilk_10_page_6,299.3,771.7,1048.0
10446055,stimulus_Arg_PISACowsMilk_10_page_6,299.5,771.7,1047.0
10446056,stimulus_Arg_PISACowsMilk_10_page_6,299.7,771.6,1046.0
10446057,stimulus_Arg_PISACowsMilk_10_page_6,299.9,771.5,1046.0
10446058,stimulus_Arg_PISACowsMilk_10_page_6,299.7,771.7,1047.0
10446059,stimulus_Arg_PISACowsMilk_10_page_6,299.6,771.9,1048.0
10446060,stimulus_Arg_PISACowsMilk_10_page_6,299.5,772.2,1049.0
10446061,stimulus_Arg_PISACowsMilk_10_page_6,299.3,772.2,1048.0
10446062,stimulus_Arg_PISACowsMilk_10_page_6,299.1,772.3,1047.0
10446063,stimulus_Arg_PISACowsMilk_10_page_6,298.9,772.5,1046.0
10446064,stimulus_Arg_PISACowsMilk_10_page_6,299.0,772.7,1046.0
10446065,stimulus_Arg_PISACowsMilk_10_page_6,299.0,772.8,1046.0
10446066,stimulus_Arg_PISACowsMilk_10_page_6,298.7,772.8,1046.0
10446067,stimulus_Arg_PISACowsMilk_10_page_6,297.9,772.5,1046.0
10446068,stimulus_Arg_PISACowsMilk_10_page_6,297.1,772.2,1046.0
10446069,stimulus_Arg_PISACowsMilk_10_page_6,296.5,771.8,1045.0
10446070,stimulus_Arg_PISACowsMilk_10_page_6,296.5,771.9,1043.0
10446071,stimulus_Arg_PISACowsMilk_10_page_6,296.5,772.0,1042.0
10446072,stimulus_Arg_PISACowsMilk_10_page_6,297.0,772.2,1043.0
10446073,stimulus_Arg_PISACowsMilk_10_page_6,297.5,772.2,1043.0
10446074,stimulus_Arg_PISACowsMilk_10_page_6,298.0,772.2,1044.0
10446075,stimulus_Arg_PISACowsMilk_10_page_6,298.0,772.3,1045.0
10446076,stimulus_Arg_PISACowsMilk_10_page_6,298.0,772.4,1045.0
10446077,stimulus_Arg_PISACowsMilk_10_page_6,298.0,772.4,1045.0
10446078,stimulus_Arg_PISACowsMilk_10_page_6,298.3,772.5,1046.0
10446079,stimulus_Arg_PISACowsMilk_10_page_6,298.6,772.6,1046.0
10446080,stimulus_Arg_PISACowsMilk_10_page_6,299.0,772.7,1046.0
10446081,stimulus_Arg_PISACowsMilk_10_page_6,299.1,772.8,1046.0
10446082,stimulus_Arg_PISACowsMilk_10_page_6,298.9,772.8,1045.0
10446083,stimulus_Arg_PISACowsMilk_10_page_6,298.7,772.8,1045.0
10446084,stimulus_Arg_PISACowsMilk_10_page_6,298.5,772.8,1045.0
10446085,stimulus_Arg_PISACowsMilk_10_page_6,298.5,772.8,1043.0
10446086,stimulus_Arg_PISACowsMilk_10_page_6,298.6,772.7,1042.0
10446087,stimulus_Arg_PISACowsMilk_10_page_6,299.1,772.8,1042.0
10446088,stimulus_Arg_PISACowsMilk_10_page_6,299.6,772.8,1043.0
10446089,stimulus_Arg_PISACowsMilk_10_page_6,300.8,773.2,1044.0
10446090,stimulus_Arg_PISACowsMilk_10_page_6,301.8,773.6,1046.0
10446091,stimulus_Arg_PISACowsMilk_10_page_6,303.2,774.0,1046.0
10446092,stimulus_Arg_PISACowsMilk_10_page_6,304.8,773.5,1045.0
10446093,stimulus_Arg_PISACowsMilk_10_page_6,308.0,772.8,1044.0
10446094,stimulus_Arg_PISACowsMilk_10_page_6,312.2,772.0,1045.0
10446095,stimulus_Arg_PISACowsMilk_10_page_6,316.1,771.8,1045.0
10446096,stimulus_Arg_PISACowsMilk_10_page_6,320.2,771.9,1045.0
10446097,stimulus_Arg_PISACowsMilk_10_page_6,323.3,772.1,1046.0
10446098,stimulus_Arg_PISACowsMilk_10_page_6,326.5,772.3,1047.0
10446099,stimulus_Arg_PISACowsMilk_10_page_6,328.2,772.4,1048.0
10446100,stimulus_Arg_PISACowsMilk_10_page_6,329.3,772.1,1047.0
10446101,stimulus_Arg_PISACowsMilk_10_page_6,329.5,771.8,1047.0
10446102,stimulus_Arg_PISACowsMilk_10_page_6,329.3,771.4,1046.0
10446103,stimulus_Arg_PISACowsMilk_10_page_6,328.9,771.2,1045.0
10446104,stimulus_Arg_PISACowsMilk_10_page_6,327.6,771.0,1043.0
10446105,stimulus_Arg_PISACowsMilk_10_page_6,326.3,770.8,1042.0
10446106,stimulus_Arg_PISACowsMilk_10_page_6,324.6,770.7,1041.0
10446107,stimulus_Arg_PISACowsMilk_10_page_6,323.4,771.1,1041.0
10446108,stimulus_Arg_PISACowsMilk_10_page_6,322.2,771.7,1042.0
10446109,stimulus_Arg_PISACowsMilk_10_page_6,320.8,772.2,1043.0
10446110,stimulus_Arg_PISACowsMilk_10_page_6,319.7,772.7,1044.0
10446111,stimulus_Arg_PISACowsMilk_10_page_6,319.0,773.0,1044.0
10446112,stimulus_Arg_PISACowsMilk_10_page_6,318.4,773.3,1043.0
10446113,stimulus_Arg_PISACowsMilk_10_page_6,317.8,773.8,1042.0
10446114,stimulus_Arg_PISACowsMilk_10_page_6,317.5,774.3,1043.0
10446115,stimulus_Arg_PISACowsMilk_10_page_6,317.9,774.9,1044.0
10446116,stimulus_Arg_PISACowsMilk_10_page_6,318.7,775.0,1045.0
10446117,stimulus_Arg_PISACowsMilk_10_page_6,319.3,774.9,1044.0
10446118,stimulus_Arg_PISACowsMilk_10_page_6,319.8,774.8,1044.0
10446119,stimulus_Arg_PISACowsMilk_10_page_6,320.2,774.7,1044.0
10446120,stimulus_Arg_PISACowsMilk_10_page_6,320.4,774.8,1045.0
10446121,stimulus_Arg_PISACowsMilk_10_page_6,320.7,774.7,1046.0
10446122,stimulus_Arg_PISACowsMilk_10_page_6,320.9,774.6,1047.0
10446123,stimulus_Arg_PISACowsMilk_10_page_6,321.2,774.4,1048.0
10446124,stimulus_Arg_PISACowsMilk_10_page_6,321.3,774.3,1046.0
10446125,stimulus_Arg_PISACowsMilk_10_page_6,321.4,774.4,1045.0
10446126,stimulus_Arg_PISACowsMilk_10_page_6,321.5,774.4,1044.0
10446127,stimulus_Arg_PISACowsMilk_10_page_6,321.7,774.5,1044.0
10446128,stimulus_Arg_PISACowsMilk_10_page_6,321.7,774.5,1044.0
10446129,stimulus_Arg_PISACowsMilk_10_page_6,321.7,774.6,1044.0
10446130,stimulus_Arg_PISACowsMilk_10_page_6,321.5,774.7,1044.0
10446131,stimulus_Arg_PISACowsMilk_10_page_6,321.3,774.9,1044.0
10446132,stimulus_Arg_PISACowsMilk_10_page_6,321.3,775.0,1045.0
10446133,stimulus_Arg_PISACowsMilk_10_page_6,321.4,775.2,1045.0
10446134,stimulus_Arg_PISACowsMilk_10_page_6,321.5,775.3,1044.0
10446135,stimulus_Arg_PISACowsMilk_10_page_6,321.0,775.1,1044.0
10446136,stimulus_Arg_PISACowsMilk_10_page_6,320.4,774.8,1043.0
10446137,stimulus_Arg_PISACowsMilk_10_page_6,319.9,774.3,1043.0
10446138,stimulus_Arg_PISACowsMilk_10_page_6,319.8,774.1,1042.0
10446139,stimulus_Arg_PISACowsMilk_10_page_6,319.8,773.9,1042.0
10446140,stimulus_Arg_PISACowsMilk_10_page_6,320.0,774.0,1043.0
10446141,stimulus_Arg_PISACowsMilk_10_page_6,320.1,774.0,1043.0
10446142,stimulus_Arg_PISACowsMilk_10_page_6,320.5,774.0,1044.0
10446143,stimulus_Arg_PISACowsMilk_10_page_6,320.9,774.3,1044.0
10446144,stimulus_Arg_PISACowsMilk_10_page_6,321.2,774.6,1044.0
10446145,stimulus_Arg_PISACowsMilk_10_page_6,321.2,775.0,1043.0
10446146,stimulus_Arg_PISACowsMilk_10_page_6,321.2,775.0,1043.0
10446147,stimulus_Arg_PISACowsMilk_10_page_6,321.2,774.5,1042.0
10446148,stimulus_Arg_PISACowsMilk_10_page_6,321.3,774.1,1042.0
10446149,stimulus_Arg_PISACowsMilk_10_page_6,321.7,773.8,1043.0
10446150,stimulus_Arg_PISACowsMilk_10_page_6,322.1,774.0,1044.0
10446151,stimulus_Arg_PISACowsMilk_10_page_6,321.9,774.4,1044.0
10446152,stimulus_Arg_PISACowsMilk_10_page_6,321.4,774.5,1044.0
10446153,stimulus_Arg_PISACowsMilk_10_page_6,320.9,774.5,1044.0
10446154,stimulus_Arg_PISACowsMilk_10_page_6,321.0,774.4,1043.0
10446155,stimulus_Arg_PISACowsMilk_10_page_6,321.3,774.6,1043.0
10446156,stimulus_Arg_PISACowsMilk_10_page_6,321.5,774.8,1042.0
10446157,stimulus_Arg_PISACowsMilk_10_page_6,321.7,774.9,1041.0
10446158,stimulus_Arg_PISACowsMilk_10_page_6,321.7,774.9,1041.0
10446159,stimulus_Arg_PISACowsMilk_10_page_6,321.5,774.9,1041.0
10446160,stimulus_Arg_PISACowsMilk_10_page_6,321.4,774.9,1042.0
10446161,stimulus_Arg_PISACowsMilk_10_page_6,321.3,774.9,1043.0
10446162,stimulus_Arg_PISACowsMilk_10_page_6,321.3,775.0,1044.0
10446163,stimulus_Arg_PISACowsMilk_10_page_6,321.2,775.0,1043.0
10446164,stimulus_Arg_PISACowsMilk_10_page_6,321.2,775.0,1042.0
10446165,stimulus_Arg_PISACowsMilk_10_page_6,321.3,775.1,1041.0
10446166,stimulus_Arg_PISACowsMilk_10_page_6,321.5,775.1,1042.0
10446167,stimulus_Arg_PISACowsMilk_10_page_6,321.6,775.1,1042.0
10446168,stimulus_Arg_PISACowsMilk_10_page_6,321.5,775.3,1043.0
10446169,stimulus_Arg_PISACowsMilk_10_page_6,321.5,775.4,1043.0
10446170,stimulus_Arg_PISACowsMilk_10_page_6,321.5,775.5,1043.0
10446171,stimulus_Arg_PISACowsMilk_10_page_6,321.9,775.5,1043.0
10446172,stimulus_Arg_PISACowsMilk_10_page_6,322.3,775.4,1043.0
10446173,stimulus_Arg_PISACowsMilk_10_page_6,322.8,775.4,1043.0
10446174,stimulus_Arg_PISACowsMilk_10_page_6,323.0,775.3,1044.0
10446175,stimulus_Arg_PISACowsMilk_10_page_6,323.0,775.0,1044.0
10446176,stimulus_Arg_PISACowsMilk_10_page_6,322.9,774.8,1043.0
10446177,stimulus_Arg_PISACowsMilk_10_page_6,322.8,774.7,1042.0
10446178,stimulus_Arg_PISACowsMilk_10_page_6,322.5,774.4,1042.0
10446179,stimulus_Arg_PISACowsMilk_10_page_6,322.1,774.2,1043.0
10446180,stimulus_Arg_PISACowsMilk_10_page_6,321.7,774.1,1043.0
10446181,stimulus_Arg_PISACowsMilk_10_page_6,321.4,774.3,1042.0
10446182,stimulus_Arg_PISACowsMilk_10_page_6,321.2,774.5,1042.0
10446183,stimulus_Arg_PISACowsMilk_10_page_6,321.0,774.5,1042.0
10446184,stimulus_Arg_PISACowsMilk_10_page_6,320.2,774.4,1041.0
10446185,stimulus_Arg_PISACowsMilk_10_page_6,319.6,774.4,1041.0
10446186,stimulus_Arg_PISACowsMilk_10_page_6,319.3,774.5,1040.0
10446187,stimulus_Arg_PISACowsMilk_10_page_6,319.6,774.6,1040.0
10446188,stimulus_Arg_PISACowsMilk_10_page_6,319.9,774.8,1040.0
10446189,stimulus_Arg_PISACowsMilk_10_page_6,319.9,774.8,1039.0
10446190,stimulus_Arg_PISACowsMilk_10_page_6,319.9,774.9,1040.0
10446191,stimulus_Arg_PISACowsMilk_10_page_6,319.9,774.9,1040.0
10446192,stimulus_Arg_PISACowsMilk_10_page_6,319.8,774.9,1039.0
10446193,stimulus_Arg_PISACowsMilk_10_page_6,319.7,775.0,1038.0
10446194,stimulus_Arg_PISACowsMilk_10_page_6,319.6,774.8,1036.0
10446195,stimulus_Arg_PISACowsMilk_10_page_6,319.7,774.5,1036.0
10446196,stimulus_Arg_PISACowsMilk_10_page_6,319.9,774.1,1035.0
10446197,stimulus_Arg_PISACowsMilk_10_page_6,320.3,774.2,1035.0
10446198,stimulus_Arg_PISACowsMilk_10_page_6,320.5,774.3,1036.0
10446199,stimulus_Arg_PISACowsMilk_10_page_6,320.6,774.4,1036.0
10446200,stimulus_Arg_PISACowsMilk_10_page_6,320.6,774.4,1037.0
10446201,stimulus_Arg_PISACowsMilk_10_page_6,320.6,774.5,1038.0
10446202,stimulus_Arg_PISACowsMilk_10_page_6,320.6,774.6,1038.0
10446203,stimulus_Arg_PISACowsMilk_10_page_6,320.5,774.6,1036.0
10446204,stimulus_Arg_PISACowsMilk_10_page_6,320.5,774.6,1035.0
10446205,stimulus_Arg_PISACowsMilk_10_page_6,320.7,774.6,1035.0
10446206,stimulus_Arg_PISACowsMilk_10_page_6,321.0,774.5,1034.0
10446207,stimulus_Arg_PISACowsMilk_10_page_6,321.3,774.4,1033.0
10446208,stimulus_Arg_PISACowsMilk_10_page_6,321.3,774.2,1033.0
10446209,stimulus_Arg_PISACowsMilk_10_page_6,321.3,774.3,1034.0
10446210,stimulus_Arg_PISACowsMilk_10_page_6,321.0,774.3,1035.0
10446211,stimulus_Arg_PISACowsMilk_10_page_6,320.7,774.2,1034.0
10446212,stimulus_Arg_PISACowsMilk_10_page_6,320.3,774.1,1032.0
10446213,stimulus_Arg_PISACowsMilk_10_page_6,320.3,774.0,1031.0
10446214,stimulus_Arg_PISACowsMilk_10_page_6,320.3,774.2,1031.0
10446215,stimulus_Arg_PISACowsMilk_10_page_6,320.3,774.3,1031.0
10446216,stimulus_Arg_PISACowsMilk_10_page_6,320.3,774.3,1031.0
10446217,stimulus_Arg_PISACowsMilk_10_page_6,320.3,774.1,1030.0
10446218,stimulus_Arg_PISACowsMilk_10_page_6,320.2,773.9,1030.0
10446219,stimulus_Arg_PISACowsMilk_10_page_6,320.2,773.6,1029.0
10446220,stimulus_Arg_PISACowsMilk_10_page_6,320.2,773.5,1030.0
10446221,stimulus_Arg_PISACowsMilk_10_page_6,320.2,773.3,1030.0
10446222,stimulus_Arg_PISACowsMilk_10_page_6,320.2,773.7,1030.0
10446223,stimulus_Arg_PISACowsMilk_10_page_6,319.1,774.1,1031.0
10446224,stimulus_Arg_PISACowsMilk_10_page_6,317.7,774.5,1032.0
10446225,stimulus_Arg_PISACowsMilk_10_page_6,316.3,774.6,1034.0
10446226,stimulus_Arg_PISACowsMilk_10_page_6,315.5,774.6,1036.0
10446227,stimulus_Arg_PISACowsMilk_10_page_6,313.8,774.6,1038.0
10446228,stimulus_Arg_PISACowsMilk_10_page_6,311.5,774.3,1037.0
10446229,stimulus_Arg_PISACowsMilk_10_page_6,308.6,774.1,1036.0
10446230,stimulus_Arg_PISACowsMilk_10_page_6,304.0,773.9,1036.0
10446231,stimulus_Arg_PISACowsMilk_10_page_6,298.8,773.4,1036.0
10446232,stimulus_Arg_PISACowsMilk_10_page_6,292.5,772.3,1036.0
10446233,stimulus_Arg_PISACowsMilk_10_page_6,287.9,771.1,1035.0
10446234,stimulus_Arg_PISACowsMilk_10_page_6,282.1,770.1,1033.0
10446235,stimulus_Arg_PISACowsMilk_10_page_6,277.1,769.8,1033.0
10446236,stimulus_Arg_PISACowsMilk_10_page_6,271.9,769.9,1032.0
10446237,stimulus_Arg_PISACowsMilk_10_page_6,269.1,770.1,1031.0
10446238,stimulus_Arg_PISACowsMilk_10_page_6,267.0,770.3,1031.0
10446239,stimulus_Arg_PISACowsMilk_10_page_6,266.2,771.2,1031.0
10446240,stimulus_Arg_PISACowsMilk_10_page_6,265.2,772.1,1031.0
10446241,stimulus_Arg_PISACowsMilk_10_page_6,264.9,772.9,1031.0
10446242,stimulus_Arg_PISACowsMilk_10_page_6,264.7,773.0,1029.0
10446243,stimulus_Arg_PISACowsMilk_10_page_6,264.8,773.0,1028.0
10446244,stimulus_Arg_PISACowsMilk_10_page_6,265.1,773.2,1028.0
10446245,stimulus_Arg_PISACowsMilk_10_page_6,265.6,773.4,1027.0
10446246,stimulus_Arg_PISACowsMilk_10_page_6,266.4,773.6,1027.0
10446247,stimulus_Arg_PISACowsMilk_10_page_6,267.3,773.6,1027.0
10446248,stimulus_Arg_PISACowsMilk_10_page_6,268.1,773.4,1027.0
10446249,stimulus_Arg_PISACowsMilk_10_page_6,268.5,772.9,1027.0
10446250,stimulus_Arg_PISACowsMilk_10_page_6,268.8,772.4,1026.0
10446251,stimulus_Arg_PISACowsMilk_10_page_6,269.1,771.7,1026.0
10446252,stimulus_Arg_PISACowsMilk_10_page_6,269.8,771.4,1026.0
10446253,stimulus_Arg_PISACowsMilk_10_page_6,270.4,770.9,1026.0
10446254,stimulus_Arg_PISACowsMilk_10_page_6,271.3,770.7,1026.0
10446255,stimulus_Arg_PISACowsMilk_10_page_6,271.9,770.5,1026.0
10446256,stimulus_Arg_PISACowsMilk_10_page_6,272.5,770.6,1025.0
10446257,stimulus_Arg_PISACowsMilk_10_page_6,273.0,770.6,1024.0
10446258,stimulus_Arg_PISACowsMilk_10_page_6,273.3,770.7,1024.0
10446259,stimulus_Arg_PISACowsMilk_10_page_6,273.4,771.2,1025.0
10446260,stimulus_Arg_PISACowsMilk_10_page_6,273.6,771.9,1026.0
10446261,stimulus_Arg_PISACowsMilk_10_page_6,274.0,772.4,1028.0
10446262,stimulus_Arg_PISACowsMilk_10_page_6,274.3,772.5,1029.0
10446263,stimulus_Arg_PISACowsMilk_10_page_6,274.4,772.6,1029.0
10446264,stimulus_Arg_PISACowsMilk_10_page_6,274.4,772.7,1029.0
10446265,stimulus_Arg_PISACowsMilk_10_page_6,273.9,772.7,1028.0
10446266,stimulus_Arg_PISACowsMilk_10_page_6,273.3,772.7,1028.0
10446267,stimulus_Arg_PISACowsMilk_10_page_6,272.8,772.7,1029.0
10446268,stimulus_Arg_PISACowsMilk_10_page_6,272.8,772.7,1030.0
10446269,stimulus_Arg_PISACowsMilk_10_page_6,272.8,772.5,1031.0
10446270,stimulus_Arg_PISACowsMilk_10_page_6,272.7,772.4,1031.0
10446271,stimulus_Arg_PISACowsMilk_10_page_6,272.5,772.4,1030.0
10446272,stimulus_Arg_PISACowsMilk_10_page_6,272.2,772.6,1030.0
10446273,stimulus_Arg_PISACowsMilk_10_page_6,272.0,773.0,1030.0
10446274,stimulus_Arg_PISACowsMilk_10_page_6,271.8,773.3,1029.0
10446275,stimulus_Arg_PISACowsMilk_10_page_6,271.6,773.4,1028.0
10446276,stimulus_Arg_PISACowsMilk_10_page_6,271.5,773.2,1028.0
10446277,stimulus_Arg_PISACowsMilk_10_page_6,271.4,773.0,1028.0
10446278,stimulus_Arg_PISACowsMilk_10_page_6,271.5,772.9,1028.0
10446279,stimulus_Arg_PISACowsMilk_10_page_6,271.6,772.4,1029.0
10446280,stimulus_Arg_PISACowsMilk_10_page_6,271.7,771.9,1028.0
10446281,stimulus_Arg_PISACowsMilk_10_page_6,271.7,771.5,1028.0
10446282,stimulus_Arg_PISACowsMilk_10_page_6,271.6,771.6,1028.0
10446283,stimulus_Arg_PISACowsMilk_10_page_6,271.5,771.7,1028.0
10446284,stimulus_Arg_PISACowsMilk_10_page_6,271.4,771.8,1028.0
10446285,stimulus_Arg_PISACowsMilk_10_page_6,271.4,771.9,1028.0
10446286,stimulus_Arg_PISACowsMilk_10_page_6,271.3,771.8,1028.0
10446287,stimulus_Arg_PISACowsMilk_10_page_6,271.3,771.9,1028.0
10446288,stimulus_Arg_PISACowsMilk_10_page_6,271.1,771.8,1028.0
10446289,stimulus_Arg_PISACowsMilk_10_page_6,271.0,771.8,1027.0
10446290,stimulus_Arg_PISACowsMilk_10_page_6,270.9,771.7,1027.0
10446291,stimulus_Arg_PISACowsMilk_10_page_6,270.9,771.5,1026.0
10446292,stimulus_Arg_PISACowsMilk_10_page_6,271.1,771.5,1026.0
10446293,stimulus_Arg_PISACowsMilk_10_page_6,271.2,771.5,1026.0
10446294,stimulus_Arg_PISACowsMilk_10_page_6,271.2,771.2,1025.0
10446295,stimulus_Arg_PISACowsMilk_10_page_6,271.0,770.9,1025.0
10446296,stimulus_Arg_PISACowsMilk_10_page_6,270.9,770.8,1024.0
10446297,stimulus_Arg_PISACowsMilk_10_page_6,270.6,771.0,1025.0
10446298,stimulus_Arg_PISACowsMilk_10_page_6,270.2,771.2,1025.0
10446299,stimulus_Arg_PISACowsMilk_10_page_6,269.9,771.2,1025.0
10446300,stimulus_Arg_PISACowsMilk_10_page_6,269.9,771.1,1025.0
10446301,stimulus_Arg_PISACowsMilk_10_page_6,269.9,771.0,1024.0
10446302,stimulus_Arg_PISACowsMilk_10_page_6,269.9,771.1,1023.0
10446303,stimulus_Arg_PISACowsMilk_10_page_6,269.9,771.2,1023.0
10446304,stimulus_Arg_PISACowsMilk_10_page_6,269.9,771.4,1023.0
10446305,stimulus_Arg_PISACowsMilk_10_page_6,269.9,771.5,1022.0
10446306,stimulus_Arg_PISACowsMilk_10_page_6,270.0,771.7,1021.0
10446307,stimulus_Arg_PISACowsMilk_10_page_6,270.1,771.8,1020.0
10446308,stimulus_Arg_PISACowsMilk_10_page_6,270.2,771.6,1020.0
10446309,stimulus_Arg_PISACowsMilk_10_page_6,270.3,771.4,1019.0
10446310,stimulus_Arg_PISACowsMilk_10_page_6,270.3,771.5,1019.0
10446311,stimulus_Arg_PISACowsMilk_10_page_6,270.4,771.8,1019.0
10446312,stimulus_Arg_PISACowsMilk_10_page_6,270.3,771.9,1019.0
10446313,stimulus_Arg_PISACowsMilk_10_page_6,270.1,771.8,1018.0
10446314,stimulus_Arg_PISACowsMilk_10_page_6,270.0,771.6,1018.0
10446315,stimulus_Arg_PISACowsMilk_10_page_6,270.2,771.7,1018.0
10446316,stimulus_Arg_PISACowsMilk_10_page_6,270.3,771.8,1018.0
10446317,stimulus_Arg_PISACowsMilk_10_page_6,270.4,771.8,1017.0
10446318,stimulus_Arg_PISACowsMilk_10_page_6,270.0,771.4,1016.0
10446319,stimulus_Arg_PISACowsMilk_10_page_6,269.6,771.1,1015.0
10446320,stimulus_Arg_PISACowsMilk_10_page_6,269.8,770.9,1016.0
10446321,stimulus_Arg_PISACowsMilk_10_page_6,270.3,771.1,1017.0
10446322,stimulus_Arg_PISACowsMilk_10_page_6,270.5,771.5,1018.0
10446323,stimulus_Arg_PISACowsMilk_10_page_6,270.3,771.7,1019.0
10446324,stimulus_Arg_PISACowsMilk_10_page_6,270.1,772.1,1019.0
10446325,stimulus_Arg_PISACowsMilk_10_page_6,270.1,772.4,1018.0
10446326,stimulus_Arg_PISACowsMilk_10_page_6,270.1,772.5,1017.0
10446327,stimulus_Arg_PISACowsMilk_10_page_6,269.4,772.1,1016.0
10446328,stimulus_Arg_PISACowsMilk_10_page_6,268.8,771.6,1016.0
10446329,stimulus_Arg_PISACowsMilk_10_page_6,268.6,771.5,1015.0
10446330,stimulus_Arg_PISACowsMilk_10_page_6,269.1,771.5,1015.0
10446331,stimulus_Arg_PISACowsMilk_10_page_6,270.2,771.9,1015.0
10446332,stimulus_Arg_PISACowsMilk_10_page_6,270.9,772.3,1015.0
10446333,stimulus_Arg_PISACowsMilk_10_page_6,271.6,772.6,1015.0
10446334,stimulus_Arg_PISACowsMilk_10_page_6,271.7,772.7,1015.0
10446335,stimulus_Arg_PISACowsMilk_10_page_6,271.7,772.6,1014.0
10446336,stimulus_Arg_PISACowsMilk_10_page_6,271.5,772.6,1014.0
10446337,stimulus_Arg_PISACowsMilk_10_page_6,271.2,772.6,1014.0
10446338,stimulus_Arg_PISACowsMilk_10_page_6,271.1,772.9,1013.0
10446339,stimulus_Arg_PISACowsMilk_10_page_6,271.0,773.2,1012.0
10446340,stimulus_Arg_PISACowsMilk_10_page_6,271.1,773.3,1011.0
10446341,stimulus_Arg_PISACowsMilk_10_page_6,271.3,773.3,1011.0
10446342,stimulus_Arg_PISACowsMilk_10_page_6,271.7,773.4,1011.0
10446343,stimulus_Arg_PISACowsMilk_10_page_6,271.9,773.5,1011.0
10446344,stimulus_Arg_PISACowsMilk_10_page_6,272.0,773.3,1011.0
10446345,stimulus_Arg_PISACowsMilk_10_page_6,272.0,772.9,1012.0
10446346,stimulus_Arg_PISACowsMilk_10_page_6,272.0,772.6,1012.0
10446347,stimulus_Arg_PISACowsMilk_10_page_6,272.0,772.6,1012.0
10446348,stimulus_Arg_PISACowsMilk_10_page_6,272.1,772.6,1012.0
10446349,stimulus_Arg_PISACowsMilk_10_page_6,272.1,772.8,1012.0
10446350,stimulus_Arg_PISACowsMilk_10_page_6,272.1,773.0,1013.0
10446351,stimulus_Arg_PISACowsMilk_10_page_6,272.1,773.2,1013.0
10446352,stimulus_Arg_PISACowsMilk_10_page_6,272.1,773.2,1013.0
10446353,stimulus_Arg_PISACowsMilk_10_page_6,272.1,773.2,1013.0
10446354,stimulus_Arg_PISACowsMilk_10_page_6,272.2,773.1,1013.0
10446355,stimulus_Arg_PISACowsMilk_10_page_6,272.2,773.1,1013.0
10446356,stimulus_Arg_PISACowsMilk_10_page_6,271.9,773.1,1012.0
10446357,stimulus_Arg_PISACowsMilk_10_page_6,271.4,773.2,1011.0
10446358,stimulus_Arg_PISACowsMilk_10_page_6,271.0,773.0,1009.0
10446359,stimulus_Arg_PISACowsMilk_10_page_6,271.3,772.7,1008.0
10446360,stimulus_Arg_PISACowsMilk_10_page_6,271.7,772.4,1008.0
10446361,stimulus_Arg_PISACowsMilk_10_page_6,271.9,772.4,1007.0
10446362,stimulus_Arg_PISACowsMilk_10_page_6,271.9,772.2,1008.0
10446363,stimulus_Arg_PISACowsMilk_10_page_6,272.0,772.1,1009.0
10446364,stimulus_Arg_PISACowsMilk_10_page_6,272.0,772.5,1011.0
10446365,stimulus_Arg_PISACowsMilk_10_page_6,272.1,773.0,1011.0
10446366,stimulus_Arg_PISACowsMilk_10_page_6,271.9,773.5,1010.0
10446367,stimulus_Arg_PISACowsMilk_10_page_6,271.6,773.6,1009.0
10446368,stimulus_Arg_PISACowsMilk_10_page_6,271.2,773.8,1007.0
10446369,stimulus_Arg_PISACowsMilk_10_page_6,271.1,773.5,1007.0
10446370,stimulus_Arg_PISACowsMilk_10_page_6,271.6,773.3,1008.0
10446371,stimulus_Arg_PISACowsMilk_10_page_6,272.1,773.1,1009.0
10446372,stimulus_Arg_PISACowsMilk_10_page_6,272.7,773.1,1009.0
10446373,stimulus_Arg_PISACowsMilk_10_page_6,272.7,773.1,1009.0
10446374,stimulus_Arg_PISACowsMilk_10_page_6,272.7,773.2,1008.0
10446375,stimulus_Arg_PISACowsMilk_10_page_6,272.1,773.1,1008.0
10446376,stimulus_Arg_PISACowsMilk_10_page_6,271.6,773.0,1007.0
10446377,stimulus_Arg_PISACowsMilk_10_page_6,271.0,773.1,1007.0
10446378,stimulus_Arg_PISACowsMilk_10_page_6,271.1,773.3,1008.0
10446379,stimulus_Arg_PISACowsMilk_10_page_6,271.2,773.5,1008.0
10446380,stimulus_Arg_PISACowsMilk_10_page_6,271.3,773.6,1008.0
10446381,stimulus_Arg_PISACowsMilk_10_page_6,271.1,773.7,1008.0
10446382,stimulus_Arg_PISACowsMilk_10_page_6,270.6,773.8,1007.0
10446383,stimulus_Arg_PISACowsMilk_10_page_6,270.1,773.8,1006.0
10446384,stimulus_Arg_PISACowsMilk_10_page_6,270.0,773.8,1004.0
10446385,stimulus_Arg_PISACowsMilk_10_page_6,270.0,773.9,1004.0
10446386,stimulus_Arg_PISACowsMilk_10_page_6,270.1,773.9,1004.0
10446387,stimulus_Arg_PISACowsMilk_10_page_6,270.1,773.9,1005.0
10446388,stimulus_Arg_PISACowsMilk_10_page_6,270.2,774.0,1006.0
10446389,stimulus_Arg_PISACowsMilk_10_page_6,270.4,774.0,1007.0
10446390,stimulus_Arg_PISACowsMilk_10_page_6,270.5,773.9,1007.0
10446391,stimulus_Arg_PISACowsMilk_10_page_6,270.6,773.9,1006.0
10446392,stimulus_Arg_PISACowsMilk_10_page_6,270.8,773.7,1006.0
10446393,stimulus_Arg_PISACowsMilk_10_page_6,270.7,773.5,1006.0
10446394,stimulus_Arg_PISACowsMilk_10_page_6,270.5,773.4,1006.0
10446395,stimulus_Arg_PISACowsMilk_10_page_6,270.3,773.3,1006.0
10446396,stimulus_Arg_PISACowsMilk_10_page_6,270.3,773.0,1006.0
10446397,stimulus_Arg_PISACowsMilk_10_page_6,270.5,772.8,1005.0
10446398,stimulus_Arg_PISACowsMilk_10_page_6,270.8,772.7,1005.0
10446399,stimulus_Arg_PISACowsMilk_10_page_6,271.6,772.9,1004.0
10446400,stimulus_Arg_PISACowsMilk_10_page_6,273.6,773.2,1006.0
10446401,stimulus_Arg_PISACowsMilk_10_page_6,276.2,774.1,1008.0
10446402,stimulus_Arg_PISACowsMilk_10_page_6,278.8,775.1,1010.0
10446403,stimulus_Arg_PISACowsMilk_10_page_6,281.8,776.2,1010.0
10446404,stimulus_Arg_PISACowsMilk_10_page_6,285.1,776.9,1010.0
10446405,stimulus_Arg_PISACowsMilk_10_page_6,290.5,777.4,1011.0
10446406,stimulus_Arg_PISACowsMilk_10_page_6,297.1,777.2,1014.0
10446407,stimulus_Arg_PISACowsMilk_10_page_6,303.9,776.2,1017.0
10446408,stimulus_Arg_PISACowsMilk_10_page_6,309.8,775.0,1019.0
10446409,stimulus_Arg_PISACowsMilk_10_page_6,317.0,774.5,1019.0
10446410,stimulus_Arg_PISACowsMilk_10_page_6,324.9,774.7,1019.0
10446411,stimulus_Arg_PISACowsMilk_10_page_6,332.3,773.9,1019.0
10446412,stimulus_Arg_PISACowsMilk_10_page_6,338.7,773.1,1019.0
10446413,stimulus_Arg_PISACowsMilk_10_page_6,346.4,772.6,1022.0
10446414,stimulus_Arg_PISACowsMilk_10_page_6,355.3,773.0,1025.0
10446415,stimulus_Arg_PISACowsMilk_10_page_6,362.6,773.2,1027.0
10446416,stimulus_Arg_PISACowsMilk_10_page_6,368.4,772.3,1027.0
10446417,stimulus_Arg_PISACowsMilk_10_page_6,373.3,771.3,1027.0
10446418,stimulus_Arg_PISACowsMilk_10_page_6,377.5,770.4,1026.0
10446419,stimulus_Arg_PISACowsMilk_10_page_6,381.2,770.5,1026.0
10446420,stimulus_Arg_PISACowsMilk_10_page_6,385.2,771.2,1025.0
10446421,stimulus_Arg_PISACowsMilk_10_page_6,389.2,772.0,1025.0
10446422,stimulus_Arg_PISACowsMilk_10_page_6,393.2,772.8,1025.0
10446423,stimulus_Arg_PISACowsMilk_10_page_6,396.0,773.1,1025.0
10446424,stimulus_Arg_PISACowsMilk_10_page_6,398.0,773.0,1024.0
10446425,stimulus_Arg_PISACowsMilk_10_page_6,398.9,772.9,1023.0
10446426,stimulus_Arg_PISACowsMilk_10_page_6,399.6,772.7,1021.0
10446427,stimulus_Arg_PISACowsMilk_10_page_6,400.0,772.7,1020.0
10446428,stimulus_Arg_PISACowsMilk_10_page_6,400.6,772.8,1020.0
10446429,stimulus_Arg_PISACowsMilk_10_page_6,401.3,772.9,1021.0
10446430,stimulus_Arg_PISACowsMilk_10_page_6,402.1,773.2,1022.0
10446431,stimulus_Arg_PISACowsMilk_10_page_6,403.0,773.7,1024.0
10446432,stimulus_Arg_PISACowsMilk_10_page_6,403.8,774.2,1024.0
10446433,stimulus_Arg_PISACowsMilk_10_page_6,404.7,775.0,1024.0
10446434,stimulus_Arg_PISACowsMilk_10_page_6,405.3,775.9,1024.0
10446435,stimulus_Arg_PISACowsMilk_10_page_6,406.0,776.8,1024.0
10446436,stimulus_Arg_PISACowsMilk_10_page_6,407.1,777.7,1025.0
10446437,stimulus_Arg_PISACowsMilk_10_page_6,408.1,778.0,1025.0
10446438,stimulus_Arg_PISACowsMilk_10_page_6,408.5,778.3,1026.0
10446439,stimulus_Arg_PISACowsMilk_10_page_6,408.2,778.2,1026.0
10446440,stimulus_Arg_PISACowsMilk_10_page_6,408.0,777.8,1026.0
10446441,stimulus_Arg_PISACowsMilk_10_page_6,407.8,777.5,1026.0
10446442,stimulus_Arg_PISACowsMilk_10_page_6,407.8,777.3,1026.0
10446443,stimulus_Arg_PISACowsMilk_10_page_6,407.6,777.2,1026.0
10446444,stimulus_Arg_PISACowsMilk_10_page_6,406.6,777.0,1026.0
10446445,stimulus_Arg_PISACowsMilk_10_page_6,405.7,776.5,1026.0
10446446,stimulus_Arg_PISACowsMilk_10_page_6,404.7,775.9,1024.0
10446447,stimulus_Arg_PISACowsMilk_10_page_6,404.1,775.3,1023.0
10446448,stimulus_Arg_PISACowsMilk_10_page_6,403.6,775.0,1022.0
10446449,stimulus_Arg_PISACowsMilk_10_page_6,403.4,775.0,1022.0
10446450,stimulus_Arg_PISACowsMilk_10_page_6,403.3,774.7,1022.0
10446451,stimulus_Arg_PISACowsMilk_10_page_6,403.3,774.5,1023.0
10446452,stimulus_Arg_PISACowsMilk_10_page_6,403.6,774.2,1024.0
10446453,stimulus_Arg_PISACowsMilk_10_page_6,404.0,774.1,1024.0
10446454,stimulus_Arg_PISACowsMilk_10_page_6,404.6,774.4,1024.0
10446455,stimulus_Arg_PISACowsMilk_10_page_6,405.0,774.8,1024.0
10446456,stimulus_Arg_PISACowsMilk_10_page_6,405.5,775.3,1025.0
10446457,stimulus_Arg_PISACowsMilk_10_page_6,405.8,775.8,1025.0
10446458,stimulus_Arg_PISACowsMilk_10_page_6,405.9,776.2,1025.0
10446459,stimulus_Arg_PISACowsMilk_10_page_6,406.0,776.5,1024.0
10446460,stimulus_Arg_PISACowsMilk_10_page_6,406.4,776.8,1024.0
10446461,stimulus_Arg_PISACowsMilk_10_page_6,406.8,777.1,1024.0
10446462,stimulus_Arg_PISACowsMilk_10_page_6,407.2,777.2,1024.0
10446463,stimulus_Arg_PISACowsMilk_10_page_6,407.3,777.0,1024.0
10446464,stimulus_Arg_PISACowsMilk_10_page_6,407.3,776.8,1024.0
10446465,stimulus_Arg_PISACowsMilk_10_page_6,407.3,777.1,1023.0
10446466,stimulus_Arg_PISACowsMilk_10_page_6,407.4,777.3,1023.0
10446467,stimulus_Arg_PISACowsMilk_10_page_6,407.5,777.3,1023.0
10446468,stimulus_Arg_PISACowsMilk_10_page_6,407.6,777.1,1024.0
10446469,stimulus_Arg_PISACowsMilk_10_page_6,407.8,777.4,1026.0
10446470,stimulus_Arg_PISACowsMilk_10_page_6,408.0,777.8,1027.0
10446471,stimulus_Arg_PISACowsMilk_10_page_6,408.2,778.1,1028.0
10446472,stimulus_Arg_PISACowsMilk_10_page_6,408.1,778.0,1028.0
10446473,stimulus_Arg_PISACowsMilk_10_page_6,407.9,778.1,1028.0
10446474,stimulus_Arg_PISACowsMilk_10_page_6,407.9,778.3,1028.0
10446475,stimulus_Arg_PISACowsMilk_10_page_6,407.8,778.5,1027.0
10446476,stimulus_Arg_PISACowsMilk_10_page_6,407.8,778.5,1027.0
10446477,stimulus_Arg_PISACowsMilk_10_page_6,407.7,778.5,1027.0
10446478,stimulus_Arg_PISACowsMilk_10_page_6,407.6,778.4,1027.0
10446479,stimulus_Arg_PISACowsMilk_10_page_6,407.6,778.2,1027.0
10446480,stimulus_Arg_PISACowsMilk_10_page_6,407.6,778.2,1027.0
10446481,stimulus_Arg_PISACowsMilk_10_page_6,407.5,778.1,1026.0
10446482,stimulus_Arg_PISACowsMilk_10_page_6,407.5,778.2,1026.0
10446483,stimulus_Arg_PISACowsMilk_10_page_6,407.5,778.2,1026.0
10446484,stimulus_Arg_PISACowsMilk_10_page_6,407.4,778.2,1026.0
10446485,stimulus_Arg_PISACowsMilk_10_page_6,407.4,778.3,1025.0
10446486,stimulus_Arg_PISACowsMilk_10_page_6,407.4,778.4,1024.0
10446487,stimulus_Arg_PISACowsMilk_10_page_6,407.5,778.5,1024.0
10446488,stimulus_Arg_PISACowsMilk_10_page_6,407.5,778.5,1023.0
10446489,stimulus_Arg_PISACowsMilk_10_page_6,407.5,778.6,1023.0
10446490,stimulus_Arg_PISACowsMilk_10_page_6,407.5,778.5,1023.0
10446491,stimulus_Arg_PISACowsMilk_10_page_6,407.5,778.4,1024.0
10446492,stimulus_Arg_PISACowsMilk_10_page_6,407.7,778.3,1025.0
10446493,stimulus_Arg_PISACowsMilk_10_page_6,408.0,778.3,1025.0
10446494,stimulus_Arg_PISACowsMilk_10_page_6,408.2,778.3,1025.0
10446495,stimulus_Arg_PISACowsMilk_10_page_6,408.1,778.2,1024.0
10446496,stimulus_Arg_PISACowsMilk_10_page_6,407.6,778.0,1023.0
10446497,stimulus_Arg_PISACowsMilk_10_page_6,407.1,777.9,1022.0
10446498,stimulus_Arg_PISACowsMilk_10_page_6,406.7,777.9,1022.0
10446499,stimulus_Arg_PISACowsMilk_10_page_6,406.8,778.0,1023.0
10446500,stimulus_Arg_PISACowsMilk_10_page_6,406.9,778.0,1023.0
10446501,stimulus_Arg_PISACowsMilk_10_page_6,407.0,778.0,1023.0
10446502,stimulus_Arg_PISACowsMilk_10_page_6,407.1,778.0,1023.0
10446503,stimulus_Arg_PISACowsMilk_10_page_6,407.4,778.0,1023.0
10446504,stimulus_Arg_PISACowsMilk_10_page_6,407.6,778.0,1023.0
10446505,stimulus_Arg_PISACowsMilk_10_page_6,407.7,778.0,1023.0
10446506,stimulus_Arg_PISACowsMilk_10_page_6,407.6,778.2,1023.0
10446507,stimulus_Arg_PISACowsMilk_10_page_6,407.4,778.3,1023.0
10446508,stimulus_Arg_PISACowsMilk_10_page_6,407.5,778.5,1023.0
10446509,stimulus_Arg_PISACowsMilk_10_page_6,407.9,778.3,1023.0
10446510,stimulus_Arg_PISACowsMilk_10_page_6,408.2,778.1,1023.0
10446511,stimulus_Arg_PISACowsMilk_10_page_6,408.4,777.8,1022.0
10446512,stimulus_Arg_PISACowsMilk_10_page_6,408.2,777.7,1023.0
10446513,stimulus_Arg_PISACowsMilk_10_page_6,408.1,777.6,1023.0
10446514,stimulus_Arg_PISACowsMilk_10_page_6,408.4,777.6,1023.0
10446515,stimulus_Arg_PISACowsMilk_10_page_6,408.6,777.7,1023.0
10446516,stimulus_Arg_PISACowsMilk_10_page_6,408.7,777.8,1023.0
10446517,stimulus_Arg_PISACowsMilk_10_page_6,408.7,777.9,1023.0
10446518,stimulus_Arg_PISACowsMilk_10_page_6,408.7,777.8,1023.0
10446519,stimulus_Arg_PISACowsMilk_10_page_6,408.6,777.7,1023.0
10446520,stimulus_Arg_PISACowsMilk_10_page_6,408.4,777.7,1024.0
10446521,stimulus_Arg_PISACowsMilk_10_page_6,408.5,777.6,1024.0
10446522,stimulus_Arg_PISACowsMilk_10_page_6,408.7,777.8,1025.0
10446523,stimulus_Arg_PISACowsMilk_10_page_6,408.9,778.1,1025.0
10446524,stimulus_Arg_PISACowsMilk_10_page_6,408.9,778.4,1025.0
10446525,stimulus_Arg_PISACowsMilk_10_page_6,409.0,778.5,1024.0
10446526,stimulus_Arg_PISACowsMilk_10_page_6,409.0,778.5,1024.0
10446527,stimulus_Arg_PISACowsMilk_10_page_6,409.0,778.5,1023.0
10446528,stimulus_Arg_PISACowsMilk_10_page_6,409.0,778.1,1022.0
10446529,stimulus_Arg_PISACowsMilk_10_page_6,409.0,777.8,1021.0
10446530,stimulus_Arg_PISACowsMilk_10_page_6,409.0,777.4,1021.0
10446531,stimulus_Arg_PISACowsMilk_10_page_6,409.0,777.4,1022.0
10446532,stimulus_Arg_PISACowsMilk_10_page_6,408.9,777.4,1022.0
10446533,stimulus_Arg_PISACowsMilk_10_page_6,409.1,777.4,1023.0
10446534,stimulus_Arg_PISACowsMilk_10_page_6,409.5,777.5,1023.0
10446535,stimulus_Arg_PISACowsMilk_10_page_6,409.9,777.6,1023.0
10446536,stimulus_Arg_PISACowsMilk_10_page_6,409.9,777.4,1023.0
10446537,stimulus_Arg_PISACowsMilk_10_page_6,409.8,777.3,1023.0
10446538,stimulus_Arg_PISACowsMilk_10_page_6,409.7,777.2,1023.0
10446539,stimulus_Arg_PISACowsMilk_10_page_6,409.9,777.3,1023.0
10446540,stimulus_Arg_PISACowsMilk_10_page_6,410.0,777.4,1023.0
10446541,stimulus_Arg_PISACowsMilk_10_page_6,410.1,777.1,1022.0
10446542,stimulus_Arg_PISACowsMilk_10_page_6,410.1,776.9,1021.0
10446543,stimulus_Arg_PISACowsMilk_10_page_6,410.0,776.8,1020.0
10446544,stimulus_Arg_PISACowsMilk_10_page_6,409.8,776.8,1019.0
10446545,stimulus_Arg_PISACowsMilk_10_page_6,409.6,776.7,1018.0
10446546,stimulus_Arg_PISACowsMilk_10_page_6,409.5,776.7,1017.0
10446547,stimulus_Arg_PISACowsMilk_10_page_6,409.5,776.5,1017.0
10446548,stimulus_Arg_PISACowsMilk_10_page_6,409.5,776.1,1016.0
10446549,stimulus_Arg_PISACowsMilk_10_page_6,409.5,775.7,1017.0
10446550,stimulus_Arg_PISACowsMilk_10_page_6,409.8,775.5,1019.0
10446551,stimulus_Arg_PISACowsMilk_10_page_6,410.0,775.6,1021.0
10446552,stimulus_Arg_PISACowsMilk_10_page_6,410.3,775.8,1021.0
10446553,stimulus_Arg_PISACowsMilk_10_page_6,410.4,776.1,1021.0
10446554,stimulus_Arg_PISACowsMilk_10_page_6,410.6,776.2,1022.0
10446555,stimulus_Arg_PISACowsMilk_10_page_6,410.4,776.0,1022.0
10446556,stimulus_Arg_PISACowsMilk_10_page_6,410.0,775.8,1022.0
10446557,stimulus_Arg_PISACowsMilk_10_page_6,409.6,775.5,1022.0
10446558,stimulus_Arg_PISACowsMilk_10_page_6,409.6,775.7,1021.0
10446559,stimulus_Arg_PISACowsMilk_10_page_6,409.9,776.0,1020.0
10446560,stimulus_Arg_PISACowsMilk_10_page_6,410.1,776.3,1019.0
10446561,stimulus_Arg_PISACowsMilk_10_page_6,410.3,776.5,1019.0
10446562,stimulus_Arg_PISACowsMilk_10_page_6,410.2,776.4,1019.0
10446563,stimulus_Arg_PISACowsMilk_10_page_6,410.1,776.2,1018.0
10446564,stimulus_Arg_PISACowsMilk_10_page_6,410.1,775.8,1016.0
10446565,stimulus_Arg_PISACowsMilk_10_page_6,410.2,775.5,1015.0
10446566,stimulus_Arg_PISACowsMilk_10_page_6,410.1,775.2,1014.0
10446567,stimulus_Arg_PISACowsMilk_10_page_6,410.0,775.1,1014.0
10446568,stimulus_Arg_PISACowsMilk_10_page_6,409.9,775.5,1014.0
10446569,stimulus_Arg_PISACowsMilk_10_page_6,409.9,775.9,1015.0
10446570,stimulus_Arg_PISACowsMilk_10_page_6,409.8,776.1,1016.0
10446571,stimulus_Arg_PISACowsMilk_10_page_6,409.5,775.7,1016.0
10446572,stimulus_Arg_PISACowsMilk_10_page_6,409.1,775.3,1016.0
10446573,stimulus_Arg_PISACowsMilk_10_page_6,408.8,775.2,1017.0
10446574,stimulus_Arg_PISACowsMilk_10_page_6,408.8,775.2,1016.0
10446575,stimulus_Arg_PISACowsMilk_10_page_6,408.9,775.2,1016.0
10446576,stimulus_Arg_PISACowsMilk_10_page_6,408.8,775.1,1016.0
10446577,stimulus_Arg_PISACowsMilk_10_page_6,408.9,775.1,1017.0
10446578,stimulus_Arg_PISACowsMilk_10_page_6,409.1,775.1,1018.0
10446579,stimulus_Arg_PISACowsMilk_10_page_6,409.2,775.0,1018.0
10446580,stimulus_Arg_PISACowsMilk_10_page_6,409.3,775.0,1019.0
10446581,stimulus_Arg_PISACowsMilk_10_page_6,409.4,775.3,1020.0
10446582,stimulus_Arg_PISACowsMilk_10_page_6,409.5,775.7,1021.0
10446583,stimulus_Arg_PISACowsMilk_10_page_6,409.7,776.1,1022.0
10446584,stimulus_Arg_PISACowsMilk_10_page_6,409.7,776.1,1022.0
10446585,stimulus_Arg_PISACowsMilk_10_page_6,409.7,776.0,1021.0
10446586,stimulus_Arg_PISACowsMilk_10_page_6,409.9,775.9,1021.0
10446587,stimulus_Arg_PISACowsMilk_10_page_6,410.0,775.6,1022.0
10446588,stimulus_Arg_PISACowsMilk_10_page_6,410.2,775.4,1022.0
10446589,stimulus_Arg_PISACowsMilk_10_page_6,410.2,775.2,1022.0
10446590,stimulus_Arg_PISACowsMilk_10_page_6,410.0,775.3,1022.0
10446591,stimulus_Arg_PISACowsMilk_10_page_6,409.8,775.4,1022.0
10446592,stimulus_Arg_PISACowsMilk_10_page_6,409.8,775.5,1022.0
10446593,stimulus_Arg_PISACowsMilk_10_page_6,409.9,775.8,1023.0
10446594,stimulus_Arg_PISACowsMilk_10_page_6,410.0,776.1,1023.0
10446595,stimulus_Arg_PISACowsMilk_10_page_6,409.8,776.3,1023.0
10446596,stimulus_Arg_PISACowsMilk_10_page_6,409.7,776.2,1022.0
10446597,stimulus_Arg_PISACowsMilk_10_page_6,409.8,776.3,1021.0
10446598,stimulus_Arg_PISACowsMilk_10_page_6,410.0,776.6,1020.0
10446599,stimulus_Arg_PISACowsMilk_10_page_6,410.2,776.9,1021.0
10446600,stimulus_Arg_PISACowsMilk_10_page_6,410.2,777.0,1021.0
10446601,stimulus_Arg_PISACowsMilk_10_page_6,410.2,777.0,1021.0
10446602,stimulus_Arg_PISACowsMilk_10_page_6,410.2,776.8,1021.0
10446603,stimulus_Arg_PISACowsMilk_10_page_6,410.2,776.7,1021.0
10446604,stimulus_Arg_PISACowsMilk_10_page_6,410.2,776.6,1021.0
10446605,stimulus_Arg_PISACowsMilk_10_page_6,410.1,776.8,1021.0
10446606,stimulus_Arg_PISACowsMilk_10_page_6,409.8,776.8,1021.0
10446607,stimulus_Arg_PISACowsMilk_10_page_6,409.6,776.4,1020.0
10446608,stimulus_Arg_PISACowsMilk_10_page_6,409.6,776.0,1019.0
10446609,stimulus_Arg_PISACowsMilk_10_page_6,409.4,775.1,1018.0
10446610,stimulus_Arg_PISACowsMilk_10_page_6,409.3,774.6,1017.0
10446611,stimulus_Arg_PISACowsMilk_10_page_6,409.2,774.3,1018.0
10446612,stimulus_Arg_PISACowsMilk_10_page_6,409.3,774.7,1019.0
10446613,stimulus_Arg_PISACowsMilk_10_page_6,409.2,775.0,1019.0
10446614,stimulus_Arg_PISACowsMilk_10_page_6,409.0,775.2,1018.0
10446615,stimulus_Arg_PISACowsMilk_10_page_6,409.0,775.3,1018.0
10446616,stimulus_Arg_PISACowsMilk_10_page_6,409.1,775.0,1017.0
10446617,stimulus_Arg_PISACowsMilk_10_page_6,408.9,774.8,1017.0
10446618,stimulus_Arg_PISACowsMilk_10_page_6,408.6,774.1,1017.0
10446619,stimulus_Arg_PISACowsMilk_10_page_6,408.1,773.8,1017.0
10446620,stimulus_Arg_PISACowsMilk_10_page_6,407.8,773.6,1017.0
10446621,stimulus_Arg_PISACowsMilk_10_page_6,407.5,773.8,1016.0
10446622,stimulus_Arg_PISACowsMilk_10_page_6,407.3,773.9,1017.0
10446623,stimulus_Arg_PISACowsMilk_10_page_6,407.2,773.9,1017.0
10446624,stimulus_Arg_PISACowsMilk_10_page_6,407.1,773.8,1017.0
10446625,stimulus_Arg_PISACowsMilk_10_page_6,407.2,773.7,1017.0
10446626,stimulus_Arg_PISACowsMilk_10_page_6,407.4,773.8,1017.0
10446627,stimulus_Arg_PISACowsMilk_10_page_6,407.5,774.3,1017.0
10446628,stimulus_Arg_PISACowsMilk_10_page_6,407.6,775.1,1017.0
10446629,stimulus_Arg_PISACowsMilk_10_page_6,407.1,775.8,1018.0
10446630,stimulus_Arg_PISACowsMilk_10_page_6,406.8,775.6,1018.0
10446631,stimulus_Arg_PISACowsMilk_10_page_6,406.4,775.2,1017.0
10446632,stimulus_Arg_PISACowsMilk_10_page_6,406.5,774.9,1017.0
10446633,stimulus_Arg_PISACowsMilk_10_page_6,406.6,775.0,1017.0
10446634,stimulus_Arg_PISACowsMilk_10_page_6,406.7,775.1,1018.0
10446635,stimulus_Arg_PISACowsMilk_10_page_6,406.7,775.3,1018.0
10446636,stimulus_Arg_PISACowsMilk_10_page_6,406.5,775.5,1018.0
10446637,stimulus_Arg_PISACowsMilk_10_page_6,406.5,775.7,1017.0
10446638,stimulus_Arg_PISACowsMilk_10_page_6,406.6,775.8,1016.0
10446639,stimulus_Arg_PISACowsMilk_10_page_6,407.1,775.9,1015.0
10446640,stimulus_Arg_PISACowsMilk_10_page_6,407.6,776.0,1014.0
10446641,stimulus_Arg_PISACowsMilk_10_page_6,407.9,776.0,1014.0
10446642,stimulus_Arg_PISACowsMilk_10_page_6,408.2,776.1,1015.0
10446643,stimulus_Arg_PISACowsMilk_10_page_6,408.5,776.2,1015.0
10446644,stimulus_Arg_PISACowsMilk_10_page_6,408.7,776.3,1015.0
10446645,stimulus_Arg_PISACowsMilk_10_page_6,408.5,776.4,1015.0
10446646,stimulus_Arg_PISACowsMilk_10_page_6,408.1,776.5,1015.0
10446647,stimulus_Arg_PISACowsMilk_10_page_6,407.8,776.7,1016.0
10446648,stimulus_Arg_PISACowsMilk_10_page_6,407.8,777.1,1016.0
10446649,stimulus_Arg_PISACowsMilk_10_page_6,407.7,777.3,1016.0
10446650,stimulus_Arg_PISACowsMilk_10_page_6,407.7,777.4,1016.0
10446651,stimulus_Arg_PISACowsMilk_10_page_6,408.0,777.5,1016.0
10446652,stimulus_Arg_PISACowsMilk_10_page_6,408.4,777.6,1015.0
10446653,stimulus_Arg_PISACowsMilk_10_page_6,408.6,777.8,1014.0
10446654,stimulus_Arg_PISACowsMilk_10_page_6,408.3,777.9,1014.0
10446655,stimulus_Arg_PISACowsMilk_10_page_6,407.9,777.9,1014.0
10446656,stimulus_Arg_PISACowsMilk_10_page_6,407.3,777.8,1014.0
10446657,stimulus_Arg_PISACowsMilk_10_page_6,406.8,777.7,1014.0
10446658,stimulus_Arg_PISACowsMilk_10_page_6,406.4,777.6,1014.0
10446659,stimulus_Arg_PISACowsMilk_10_page_6,406.4,777.7,1014.0
10446660,stimulus_Arg_PISACowsMilk_10_page_6,406.3,777.7,1014.0
10446661,stimulus_Arg_PISACowsMilk_10_page_6,406.3,777.8,1014.0
10446662,stimulus_Arg_PISACowsMilk_10_page_6,406.3,778.0,1013.0
10446663,stimulus_Arg_PISACowsMilk_10_page_6,406.0,778.3,1012.0
10446664,stimulus_Arg_PISACowsMilk_10_page_6,405.8,778.5,1013.0
10446665,stimulus_Arg_PISACowsMilk_10_page_6,405.8,778.7,1013.0
10446666,stimulus_Arg_PISACowsMilk_10_page_6,406.2,778.9,1013.0
10446667,stimulus_Arg_PISACowsMilk_10_page_6,406.5,779.2,1013.0
10446668,stimulus_Arg_PISACowsMilk_10_page_6,406.5,779.3,1014.0
10446669,stimulus_Arg_PISACowsMilk_10_page_6,406.4,779.4,1015.0
10446670,stimulus_Arg_PISACowsMilk_10_page_6,406.4,779.4,1016.0
10446671,stimulus_Arg_PISACowsMilk_10_page_6,406.6,779.4,1017.0
10446672,stimulus_Arg_PISACowsMilk_10_page_6,406.8,779.3,1016.0
10446673,stimulus_Arg_PISACowsMilk_10_page_6,407.0,779.1,1016.0
10446674,stimulus_Arg_PISACowsMilk_10_page_6,406.9,779.1,1015.0
10446675,stimulus_Arg_PISACowsMilk_10_page_6,406.9,779.3,1015.0
10446676,stimulus_Arg_PISACowsMilk_10_page_6,406.9,779.5,1016.0
10446677,stimulus_Arg_PISACowsMilk_10_page_6,406.7,779.6,1017.0
10446678,stimulus_Arg_PISACowsMilk_10_page_6,406.5,779.8,1018.0
10446679,stimulus_Arg_PISACowsMilk_10_page_6,406.3,779.8,1017.0
10446680,stimulus_Arg_PISACowsMilk_10_page_6,406.3,779.8,1018.0
10446681,stimulus_Arg_PISACowsMilk_10_page_6,406.3,779.7,1018.0
10446682,stimulus_Arg_PISACowsMilk_10_page_6,406.7,779.7,1018.0
10446683,stimulus_Arg_PISACowsMilk_10_page_6,407.1,779.7,1018.0
10446684,stimulus_Arg_PISACowsMilk_10_page_6,407.1,779.6,1018.0
10446685,stimulus_Arg_PISACowsMilk_10_page_6,406.7,779.4,1018.0
10446686,stimulus_Arg_PISACowsMilk_10_page_6,406.3,779.4,1018.0
10446687,stimulus_Arg_PISACowsMilk_10_page_6,406.5,779.8,1017.0
10446688,stimulus_Arg_PISACowsMilk_10_page_6,406.6,780.2,1018.0
10446689,stimulus_Arg_PISACowsMilk_10_page_6,406.6,780.5,1019.0
10446690,stimulus_Arg_PISACowsMilk_10_page_6,406.5,780.5,1021.0
10446691,stimulus_Arg_PISACowsMilk_10_page_6,406.7,780.4,1021.0
10446692,stimulus_Arg_PISACowsMilk_10_page_6,407.2,780.3,1021.0
10446693,stimulus_Arg_PISACowsMilk_10_page_6,407.7,780.2,1022.0
10446694,stimulus_Arg_PISACowsMilk_10_page_6,407.8,780.0,1022.0
10446695,stimulus_Arg_PISACowsMilk_10_page_6,407.8,780.0,1022.0
10446696,stimulus_Arg_PISACowsMilk_10_page_6,407.8,780.1,1020.0
10446697,stimulus_Arg_PISACowsMilk_10_page_6,407.8,780.3,1019.0
10446698,stimulus_Arg_PISACowsMilk_10_page_6,408.0,780.4,1020.0
10446699,stimulus_Arg_PISACowsMilk_10_page_6,408.1,780.4,1020.0
10446700,stimulus_Arg_PISACowsMilk_10_page_6,408.3,780.3,1021.0
10446701,stimulus_Arg_PISACowsMilk_10_page_6,408.5,780.2,1021.0
10446702,stimulus_Arg_PISACowsMilk_10_page_6,408.6,780.2,1021.0
10446703,stimulus_Arg_PISACowsMilk_10_page_6,408.4,780.3,1021.0
10446704,stimulus_Arg_PISACowsMilk_10_page_6,408.0,780.4,1019.0
10446705,stimulus_Arg_PISACowsMilk_10_page_6,407.6,780.5,1018.0
10446706,stimulus_Arg_PISACowsMilk_10_page_6,407.9,780.4,1018.0
10446707,stimulus_Arg_PISACowsMilk_10_page_6,408.2,780.2,1020.0
10446708,stimulus_Arg_PISACowsMilk_10_page_6,408.5,780.0,1021.0
10446709,stimulus_Arg_PISACowsMilk_10_page_6,408.5,779.8,1020.0
10446710,stimulus_Arg_PISACowsMilk_10_page_6,408.3,779.7,1020.0
10446711,stimulus_Arg_PISACowsMilk_10_page_6,408.2,779.6,1020.0
10446712,stimulus_Arg_PISACowsMilk_10_page_6,407.9,779.5,1021.0
10446713,stimulus_Arg_PISACowsMilk_10_page_6,407.8,779.4,1021.0
10446714,stimulus_Arg_PISACowsMilk_10_page_6,407.7,779.3,1021.0
10446715,stimulus_Arg_PISACowsMilk_10_page_6,407.7,779.5,1021.0
10446716,stimulus_Arg_PISACowsMilk_10_page_6,407.6,779.7,1020.0
10446717,stimulus_Arg_PISACowsMilk_10_page_6,407.7,779.9,1021.0
10446718,stimulus_Arg_PISACowsMilk_10_page_6,407.8,780.0,1021.0
10446719,stimulus_Arg_PISACowsMilk_10_page_6,407.8,780.1,1021.0
10446720,stimulus_Arg_PISACowsMilk_10_page_6,407.8,780.2,1021.0
10446721,stimulus_Arg_PISACowsMilk_10_page_6,407.8,780.2,1021.0
10446722,stimulus_Arg_PISACowsMilk_10_page_6,407.7,780.2,1021.0
10446723,stimulus_Arg_PISACowsMilk_10_page_6,407.7,780.1,1020.0
10446724,stimulus_Arg_PISACowsMilk_10_page_6,407.7,780.1,1019.0
10446725,stimulus_Arg_PISACowsMilk_10_page_6,407.5,780.1,1019.0
10446726,stimulus_Arg_PISACowsMilk_10_page_6,407.3,780.1,1020.0
10446727,stimulus_Arg_PISACowsMilk_10_page_6,407.1,780.0,1020.0
10446728,stimulus_Arg_PISACowsMilk_10_page_6,407.2,780.0,1020.0
10446729,stimulus_Arg_PISACowsMilk_10_page_6,407.3,779.9,1019.0
10446730,stimulus_Arg_PISACowsMilk_10_page_6,407.3,779.8,1019.0
10446731,stimulus_Arg_PISACowsMilk_10_page_6,407.4,779.7,1020.0
10446732,stimulus_Arg_PISACowsMilk_10_page_6,407.6,779.5,1020.0
10446733,stimulus_Arg_PISACowsMilk_10_page_6,407.8,779.5,1020.0
10446734,stimulus_Arg_PISACowsMilk_10_page_6,408.0,779.6,1018.0
10446735,stimulus_Arg_PISACowsMilk_10_page_6,408.0,779.8,1017.0
10446736,stimulus_Arg_PISACowsMilk_10_page_6,407.7,779.9,1017.0
10446737,stimulus_Arg_PISACowsMilk_10_page_6,407.4,779.8,1015.0
10446738,stimulus_Arg_PISACowsMilk_10_page_6,407.0,779.8,1014.0
10446739,stimulus_Arg_PISACowsMilk_10_page_6,406.9,779.9,1012.0
10446740,stimulus_Arg_PISACowsMilk_10_page_6,406.7,780.1,1013.0
10446741,stimulus_Arg_PISACowsMilk_10_page_6,406.4,780.3,1014.0
10446742,stimulus_Arg_PISACowsMilk_10_page_6,406.5,780.4,1015.0
10446743,stimulus_Arg_PISACowsMilk_10_page_6,406.7,780.4,1015.0
10446744,stimulus_Arg_PISACowsMilk_10_page_6,406.9,780.0,1015.0
10446745,stimulus_Arg_PISACowsMilk_10_page_6,406.8,779.6,1015.0
10446746,stimulus_Arg_PISACowsMilk_10_page_6,406.7,779.2,1013.0
10446747,stimulus_Arg_PISACowsMilk_10_page_6,406.8,779.1,1012.0
10446748,stimulus_Arg_PISACowsMilk_10_page_6,406.8,778.9,1010.0
10446749,stimulus_Arg_PISACowsMilk_10_page_6,407.0,778.8,1010.0
10446750,stimulus_Arg_PISACowsMilk_10_page_6,407.1,778.7,1010.0
10446751,stimulus_Arg_PISACowsMilk_10_page_6,407.2,778.7,1010.0
10446752,stimulus_Arg_PISACowsMilk_10_page_6,407.2,778.8,1010.0
10446753,stimulus_Arg_PISACowsMilk_10_page_6,407.1,778.8,1010.0
10446754,stimulus_Arg_PISACowsMilk_10_page_6,407.0,778.6,1009.0
10446755,stimulus_Arg_PISACowsMilk_10_page_6,406.9,778.3,1010.0
10446756,stimulus_Arg_PISACowsMilk_10_page_6,406.7,777.9,1011.0
10446757,stimulus_Arg_PISACowsMilk_10_page_6,406.5,777.8,1011.0
10446758,stimulus_Arg_PISACowsMilk_10_page_6,406.3,777.9,1011.0
10446759,stimulus_Arg_PISACowsMilk_10_page_6,406.3,778.0,1011.0
10446760,stimulus_Arg_PISACowsMilk_10_page_6,406.3,778.1,1011.0
10446761,stimulus_Arg_PISACowsMilk_10_page_6,406.3,778.2,1011.0
10446762,stimulus_Arg_PISACowsMilk_10_page_6,406.8,778.3,1011.0
10446763,stimulus_Arg_PISACowsMilk_10_page_6,407.4,778.3,1011.0
10446764,stimulus_Arg_PISACowsMilk_10_page_6,407.7,778.3,1011.0
10446765,stimulus_Arg_PISACowsMilk_10_page_6,407.6,778.2,1012.0
10446766,stimulus_Arg_PISACowsMilk_10_page_6,407.6,778.2,1012.0
10446767,stimulus_Arg_PISACowsMilk_10_page_6,407.1,777.9,1012.0
10446768,stimulus_Arg_PISACowsMilk_10_page_6,406.2,777.7,1011.0
10446769,stimulus_Arg_PISACowsMilk_10_page_6,405.3,777.3,1010.0
10446770,stimulus_Arg_PISACowsMilk_10_page_6,405.3,777.2,1009.0
10446771,stimulus_Arg_PISACowsMilk_10_page_6,405.6,777.1,1009.0
10446772,stimulus_Arg_PISACowsMilk_10_page_6,405.9,777.0,1009.0
10446773,stimulus_Arg_PISACowsMilk_10_page_6,405.9,776.8,1010.0
10446774,stimulus_Arg_PISACowsMilk_10_page_6,405.9,776.5,1010.0
10446775,stimulus_Arg_PISACowsMilk_10_page_6,405.9,776.2,1010.0
10446776,stimulus_Arg_PISACowsMilk_10_page_6,405.8,776.5,1011.0
10446777,stimulus_Arg_PISACowsMilk_10_page_6,406.1,776.9,1012.0
10446778,stimulus_Arg_PISACowsMilk_10_page_6,406.5,777.7,1012.0
10446779,stimulus_Arg_PISACowsMilk_10_page_6,406.8,778.2,1012.0
10446780,stimulus_Arg_PISACowsMilk_10_page_6,406.4,779.2,1012.0
10446781,stimulus_Arg_PISACowsMilk_10_page_6,405.9,779.8,1014.0
10446782,stimulus_Arg_PISACowsMilk_10_page_6,405.5,780.7,1016.0
10446783,stimulus_Arg_PISACowsMilk_10_page_6,403.8,782.0,1019.0
10446784,stimulus_Arg_PISACowsMilk_10_page_6,399.9,783.9,1019.0
10446785,stimulus_Arg_PISACowsMilk_10_page_6,393.8,785.3,1019.0
10446786,stimulus_Arg_PISACowsMilk_10_page_6,385.3,786.3,1017.0
10446787,stimulus_Arg_PISACowsMilk_10_page_6,375.8,788.3,1016.0
10446788,stimulus_Arg_PISACowsMilk_10_page_6,364.7,792.0,1014.0
10446789,stimulus_Arg_PISACowsMilk_10_page_6,353.8,798.3,1014.0
10446790,stimulus_Arg_PISACowsMilk_10_page_6,343.9,804.4,1015.0
10446791,stimulus_Arg_PISACowsMilk_10_page_6,334.4,810.1,1017.0
10446792,stimulus_Arg_PISACowsMilk_10_page_6,324.3,814.3,1018.0
10446793,stimulus_Arg_PISACowsMilk_10_page_6,314.8,818.6,1020.0
10446794,stimulus_Arg_PISACowsMilk_10_page_6,305.8,823.3,1021.0
10446795,stimulus_Arg_PISACowsMilk_10_page_6,298.0,827.8,1022.0
10446796,stimulus_Arg_PISACowsMilk_10_page_6,289.9,831.5,1022.0
10446797,stimulus_Arg_PISACowsMilk_10_page_6,282.4,833.3,1021.0
10446798,stimulus_Arg_PISACowsMilk_10_page_6,272.8,833.2,1020.0
10446799,stimulus_Arg_PISACowsMilk_10_page_6,264.7,833.3,1019.0
10446800,stimulus_Arg_PISACowsMilk_10_page_6,254.2,834.0,1018.0
10446801,stimulus_Arg_PISACowsMilk_10_page_6,245.0,834.8,1015.0
10446802,stimulus_Arg_PISACowsMilk_10_page_6,232.4,835.3,1012.0
10446803,stimulus_Arg_PISACowsMilk_10_page_6,221.4,836.9,1009.0
10446804,stimulus_Arg_PISACowsMilk_10_page_6,210.1,839.3,1005.0
10446805,stimulus_Arg_PISACowsMilk_10_page_6,200.1,842.5,1001.0
10446806,stimulus_Arg_PISACowsMilk_10_page_6,189.4,844.6,1000.0
10446807,stimulus_Arg_PISACowsMilk_10_page_6,179.8,847.4,1000.0
10446808,stimulus_Arg_PISACowsMilk_10_page_6,169.6,849.4,999.0
10446809,stimulus_Arg_PISACowsMilk_10_page_6,161.2,853.5,999.0
10446810,stimulus_Arg_PISACowsMilk_10_page_6,152.5,856.2,997.0
10446811,stimulus_Arg_PISACowsMilk_10_page_6,145.2,858.7,994.0
10446812,stimulus_Arg_PISACowsMilk_10_page_6,138.3,858.9,991.0
10446813,stimulus_Arg_PISACowsMilk_10_page_6,133.3,860.1,991.0
10446814,stimulus_Arg_PISACowsMilk_10_page_6,129.9,861.5,991.0
10446815,stimulus_Arg_PISACowsMilk_10_page_6,128.1,863.3,991.0
10446816,stimulus_Arg_PISACowsMilk_10_page_6,127.9,864.1,990.0
10446817,stimulus_Arg_PISACowsMilk_10_page_6,127.7,864.0,989.0
10446818,stimulus_Arg_PISACowsMilk_10_page_6,127.2,863.3,988.0
10446819,stimulus_Arg_PISACowsMilk_10_page_6,126.9,862.1,988.0
10446820,stimulus_Arg_PISACowsMilk_10_page_6,126.8,861.2,988.0
10446821,stimulus_Arg_PISACowsMilk_10_page_6,126.9,860.2,989.0
10446822,stimulus_Arg_PISACowsMilk_10_page_6,127.1,859.6,990.0
10446823,stimulus_Arg_PISACowsMilk_10_page_6,127.5,859.0,991.0
10446824,stimulus_Arg_PISACowsMilk_10_page_6,127.8,858.8,991.0
10446825,stimulus_Arg_PISACowsMilk_10_page_6,127.9,858.7,991.0
10446826,stimulus_Arg_PISACowsMilk_10_page_6,128.2,858.6,991.0
10446827,stimulus_Arg_PISACowsMilk_10_page_6,128.8,857.9,990.0
10446828,stimulus_Arg_PISACowsMilk_10_page_6,129.4,857.2,990.0
10446829,stimulus_Arg_PISACowsMilk_10_page_6,130.4,857.0,989.0
10446830,stimulus_Arg_PISACowsMilk_10_page_6,131.4,857.3,988.0
10446831,stimulus_Arg_PISACowsMilk_10_page_6,132.2,857.7,988.0
10446832,stimulus_Arg_PISACowsMilk_10_page_6,132.7,857.7,988.0
10446833,stimulus_Arg_PISACowsMilk_10_page_6,132.9,857.6,988.0
10446834,stimulus_Arg_PISACowsMilk_10_page_6,133.2,857.6,987.0
10446835,stimulus_Arg_PISACowsMilk_10_page_6,132.7,857.6,988.0
10446836,stimulus_Arg_PISACowsMilk_10_page_6,132.0,857.5,988.0
10446837,stimulus_Arg_PISACowsMilk_10_page_6,131.3,857.9,988.0
10446838,stimulus_Arg_PISACowsMilk_10_page_6,130.7,858.3,988.0
10446839,stimulus_Arg_PISACowsMilk_10_page_6,129.6,859.0,989.0
10446840,stimulus_Arg_PISACowsMilk_10_page_6,128.1,859.4,990.0
10446841,stimulus_Arg_PISACowsMilk_10_page_6,126.7,859.7,990.0
10446842,stimulus_Arg_PISACowsMilk_10_page_6,125.6,859.8,990.0
10446843,stimulus_Arg_PISACowsMilk_10_page_6,124.7,860.0,991.0
10446844,stimulus_Arg_PISACowsMilk_10_page_6,124.2,860.6,992.0
10446845,stimulus_Arg_PISACowsMilk_10_page_6,124.1,861.2,990.0
10446846,stimulus_Arg_PISACowsMilk_10_page_6,124.2,861.5,988.0
10446847,stimulus_Arg_PISACowsMilk_10_page_6,124.3,861.5,986.0
10446848,stimulus_Arg_PISACowsMilk_10_page_6,124.3,861.5,986.0
10446849,stimulus_Arg_PISACowsMilk_10_page_6,124.5,861.5,987.0
10446850,stimulus_Arg_PISACowsMilk_10_page_6,124.8,861.6,987.0
10446851,stimulus_Arg_PISACowsMilk_10_page_6,125.2,861.6,987.0
10446852,stimulus_Arg_PISACowsMilk_10_page_6,125.4,861.5,987.0
10446853,stimulus_Arg_PISACowsMilk_10_page_6,125.7,861.2,987.0
10446854,stimulus_Arg_PISACowsMilk_10_page_6,126.0,860.9,987.0
10446855,stimulus_Arg_PISACowsMilk_10_page_6,126.2,860.7,987.0
10446856,stimulus_Arg_PISACowsMilk_10_page_6,126.2,860.7,988.0
10446857,stimulus_Arg_PISACowsMilk_10_page_6,126.2,860.6,988.0
10446858,stimulus_Arg_PISACowsMilk_10_page_6,126.2,860.5,989.0
10446859,stimulus_Arg_PISACowsMilk_10_page_6,126.2,860.4,989.0
10446860,stimulus_Arg_PISACowsMilk_10_page_6,126.2,860.4,989.0
10446861,stimulus_Arg_PISACowsMilk_10_page_6,126.2,860.3,988.0
10446862,stimulus_Arg_PISACowsMilk_10_page_6,126.2,860.3,988.0
10446863,stimulus_Arg_PISACowsMilk_10_page_6,126.2,860.2,988.0
10446864,stimulus_Arg_PISACowsMilk_10_page_6,126.2,860.2,988.0
10446865,stimulus_Arg_PISACowsMilk_10_page_6,126.3,860.1,988.0
10446866,stimulus_Arg_PISACowsMilk_10_page_6,126.5,859.9,987.0
10446867,stimulus_Arg_PISACowsMilk_10_page_6,126.4,859.8,987.0
10446868,stimulus_Arg_PISACowsMilk_10_page_6,126.1,859.7,986.0
10446869,stimulus_Arg_PISACowsMilk_10_page_6,125.9,859.7,987.0
10446870,stimulus_Arg_PISACowsMilk_10_page_6,126.0,859.7,987.0
10446871,stimulus_Arg_PISACowsMilk_10_page_6,126.1,859.8,988.0
10446872,stimulus_Arg_PISACowsMilk_10_page_6,126.1,860.0,988.0
10446873,stimulus_Arg_PISACowsMilk_10_page_6,126.1,860.1,988.0
10446874,stimulus_Arg_PISACowsMilk_10_page_6,126.1,860.2,987.0
10446875,stimulus_Arg_PISACowsMilk_10_page_6,126.0,860.2,987.0
10446876,stimulus_Arg_PISACowsMilk_10_page_6,126.0,860.3,987.0
10446877,stimulus_Arg_PISACowsMilk_10_page_6,125.9,860.3,988.0
10446878,stimulus_Arg_PISACowsMilk_10_page_6,125.8,860.2,987.0
10446879,stimulus_Arg_PISACowsMilk_10_page_6,125.9,860.1,987.0
10446880,stimulus_Arg_PISACowsMilk_10_page_6,126.1,860.0,988.0
10446881,stimulus_Arg_PISACowsMilk_10_page_6,126.3,859.9,987.0
10446882,stimulus_Arg_PISACowsMilk_10_page_6,126.3,859.8,987.0
10446883,stimulus_Arg_PISACowsMilk_10_page_6,126.2,859.9,987.0
10446884,stimulus_Arg_PISACowsMilk_10_page_6,126.1,860.2,988.0
10446885,stimulus_Arg_PISACowsMilk_10_page_6,126.0,860.6,988.0
10446886,stimulus_Arg_PISACowsMilk_10_page_6,125.8,861.1,988.0
10446887,stimulus_Arg_PISACowsMilk_10_page_6,125.7,861.2,988.0
10446888,stimulus_Arg_PISACowsMilk_10_page_6,125.5,861.3,987.0
10446889,stimulus_Arg_PISACowsMilk_10_page_6,125.5,861.2,987.0
10446890,stimulus_Arg_PISACowsMilk_10_page_6,125.6,861.1,988.0
10446891,stimulus_Arg_PISACowsMilk_10_page_6,125.7,861.1,988.0
10446892,stimulus_Arg_PISACowsMilk_10_page_6,125.9,861.1,989.0
10446893,stimulus_Arg_PISACowsMilk_10_page_6,126.1,861.0,989.0
10446894,stimulus_Arg_PISACowsMilk_10_page_6,126.3,860.8,989.0
10446895,stimulus_Arg_PISACowsMilk_10_page_6,126.3,860.5,989.0
10446896,stimulus_Arg_PISACowsMilk_10_page_6,126.4,860.2,989.0
10446897,stimulus_Arg_PISACowsMilk_10_page_6,126.3,860.2,988.0
10446898,stimulus_Arg_PISACowsMilk_10_page_6,126.1,860.3,986.0
10446899,stimulus_Arg_PISACowsMilk_10_page_6,126.0,860.5,985.0
10446900,stimulus_Arg_PISACowsMilk_10_page_6,125.9,860.7,985.0
10446901,stimulus_Arg_PISACowsMilk_10_page_6,125.9,861.0,985.0
10446902,stimulus_Arg_PISACowsMilk_10_page_6,126.2,861.3,986.0
10446903,stimulus_Arg_PISACowsMilk_10_page_6,126.4,861.3,987.0
10446904,stimulus_Arg_PISACowsMilk_10_page_6,126.7,861.2,988.0
10446905,stimulus_Arg_PISACowsMilk_10_page_6,126.7,861.0,987.0
10446906,stimulus_Arg_PISACowsMilk_10_page_6,126.7,861.0,988.0
10446907,stimulus_Arg_PISACowsMilk_10_page_6,126.7,861.0,988.0
10446908,stimulus_Arg_PISACowsMilk_10_page_6,126.8,861.0,988.0
10446909,stimulus_Arg_PISACowsMilk_10_page_6,126.8,861.0,988.0
10446910,stimulus_Arg_PISACowsMilk_10_page_6,126.8,860.8,988.0
10446911,stimulus_Arg_PISACowsMilk_10_page_6,126.8,860.6,988.0
10446912,stimulus_Arg_PISACowsMilk_10_page_6,126.8,860.4,988.0
10446913,stimulus_Arg_PISACowsMilk_10_page_6,126.7,860.3,988.0
10446914,stimulus_Arg_PISACowsMilk_10_page_6,126.7,860.3,987.0
10446915,stimulus_Arg_PISACowsMilk_10_page_6,126.6,860.4,987.0
10446916,stimulus_Arg_PISACowsMilk_10_page_6,126.7,860.7,987.0
10446917,stimulus_Arg_PISACowsMilk_10_page_6,126.7,860.9,987.0
10446918,stimulus_Arg_PISACowsMilk_10_page_6,126.8,860.9,987.0
10446919,stimulus_Arg_PISACowsMilk_10_page_6,126.8,860.9,987.0
10446920,stimulus_Arg_PISACowsMilk_10_page_6,126.8,860.9,986.0
10446921,stimulus_Arg_PISACowsMilk_10_page_6,126.8,861.0,986.0
10446922,stimulus_Arg_PISACowsMilk_10_page_6,126.9,861.1,987.0
10446923,stimulus_Arg_PISACowsMilk_10_page_6,126.9,861.1,988.0
10446924,stimulus_Arg_PISACowsMilk_10_page_6,126.8,861.1,989.0
10446925,stimulus_Arg_PISACowsMilk_10_page_6,126.8,861.1,988.0
10446926,stimulus_Arg_PISACowsMilk_10_page_6,126.7,861.1,988.0
10446927,stimulus_Arg_PISACowsMilk_10_page_6,126.7,861.0,988.0
10446928,stimulus_Arg_PISACowsMilk_10_page_6,126.6,861.0,988.0
10446929,stimulus_Arg_PISACowsMilk_10_page_6,126.6,860.9,988.0
10446930,stimulus_Arg_PISACowsMilk_10_page_6,126.7,861.0,988.0
10446931,stimulus_Arg_PISACowsMilk_10_page_6,126.8,861.0,988.0
10446932,stimulus_Arg_PISACowsMilk_10_page_6,126.9,861.1,987.0
10446933,stimulus_Arg_PISACowsMilk_10_page_6,126.8,861.1,987.0
10446934,stimulus_Arg_PISACowsMilk_10_page_6,126.8,861.1,986.0
10446935,stimulus_Arg_PISACowsMilk_10_page_6,127.0,861.0,986.0
10446936,stimulus_Arg_PISACowsMilk_10_page_6,127.2,861.0,986.0
10446937,stimulus_Arg_PISACowsMilk_10_page_6,127.5,860.9,986.0
10446938,stimulus_Arg_PISACowsMilk_10_page_6,127.5,860.9,986.0
10446939,stimulus_Arg_PISACowsMilk_10_page_6,127.5,860.8,987.0
10446940,stimulus_Arg_PISACowsMilk_10_page_6,127.5,860.7,987.0
10446941,stimulus_Arg_PISACowsMilk_10_page_6,127.5,860.6,987.0
10446942,stimulus_Arg_PISACowsMilk_10_page_6,127.3,860.5,988.0
10446943,stimulus_Arg_PISACowsMilk_10_page_6,127.1,860.6,989.0
10446944,stimulus_Arg_PISACowsMilk_10_page_6,127.0,860.7,989.0
10446945,stimulus_Arg_PISACowsMilk_10_page_6,127.1,860.9,989.0
10446946,stimulus_Arg_PISACowsMilk_10_page_6,127.2,860.8,989.0
10446947,stimulus_Arg_PISACowsMilk_10_page_6,127.2,860.7,989.0
10446948,stimulus_Arg_PISACowsMilk_10_page_6,127.2,860.6,988.0
10446949,stimulus_Arg_PISACowsMilk_10_page_6,127.2,860.5,988.0
10446950,stimulus_Arg_PISACowsMilk_10_page_6,127.2,860.5,987.0
10446951,stimulus_Arg_PISACowsMilk_10_page_6,127.2,860.2,987.0
10446952,stimulus_Arg_PISACowsMilk_10_page_6,127.4,859.9,987.0
10446953,stimulus_Arg_PISACowsMilk_10_page_6,127.5,859.7,988.0
10446954,stimulus_Arg_PISACowsMilk_10_page_6,127.5,859.8,988.0
10446955,stimulus_Arg_PISACowsMilk_10_page_6,127.5,859.9,988.0
10446956,stimulus_Arg_PISACowsMilk_10_page_6,127.7,859.9,988.0
10446957,stimulus_Arg_PISACowsMilk_10_page_6,127.9,860.1,987.0
10446958,stimulus_Arg_PISACowsMilk_10_page_6,128.0,860.3,986.0
10446959,stimulus_Arg_PISACowsMilk_10_page_6,127.9,860.5,987.0
10446960,stimulus_Arg_PISACowsMilk_10_page_6,127.7,860.5,988.0
10446961,stimulus_Arg_PISACowsMilk_10_page_6,127.6,860.5,990.0
10446962,stimulus_Arg_PISACowsMilk_10_page_6,127.2,860.3,990.0
10446963,stimulus_Arg_PISACowsMilk_10_page_6,126.8,860.2,989.0
10446964,stimulus_Arg_PISACowsMilk_10_page_6,126.5,860.1,988.0
10446965,stimulus_Arg_PISACowsMilk_10_page_6,126.6,860.3,987.0
10446966,stimulus_Arg_PISACowsMilk_10_page_6,126.9,860.5,987.0
10446967,stimulus_Arg_PISACowsMilk_10_page_6,127.2,860.6,987.0
10446968,stimulus_Arg_PISACowsMilk_10_page_6,127.1,860.7,988.0
10446969,stimulus_Arg_PISACowsMilk_10_page_6,126.6,860.3,988.0
10446970,stimulus_Arg_PISACowsMilk_10_page_6,126.6,859.9,988.0
10446971,stimulus_Arg_PISACowsMilk_10_page_6,126.8,859.6,987.0
10446972,stimulus_Arg_PISACowsMilk_10_page_6,127.0,859.7,987.0
10446973,stimulus_Arg_PISACowsMilk_10_page_6,126.8,859.8,987.0
10446974,stimulus_Arg_PISACowsMilk_10_page_6,127.0,859.9,988.0
10446975,stimulus_Arg_PISACowsMilk_10_page_6,127.3,860.0,988.0
10446976,stimulus_Arg_PISACowsMilk_10_page_6,127.3,860.0,987.0
10446977,stimulus_Arg_PISACowsMilk_10_page_6,126.9,859.9,987.0
10446978,stimulus_Arg_PISACowsMilk_10_page_6,126.6,859.7,987.0
10446979,stimulus_Arg_PISACowsMilk_10_page_6,126.7,859.6,987.0
10446980,stimulus_Arg_PISACowsMilk_10_page_6,126.7,859.7,987.0
10446981,stimulus_Arg_PISACowsMilk_10_page_6,127.0,859.7,987.0
10446982,stimulus_Arg_PISACowsMilk_10_page_6,127.3,859.7,987.0
10446983,stimulus_Arg_PISACowsMilk_10_page_6,127.6,859.6,986.0
10446984,stimulus_Arg_PISACowsMilk_10_page_6,127.8,859.6,986.0
10446985,stimulus_Arg_PISACowsMilk_10_page_6,127.9,859.6,985.0
10446986,stimulus_Arg_PISACowsMilk_10_page_6,128.0,859.8,984.0
10446987,stimulus_Arg_PISACowsMilk_10_page_6,128.0,860.0,983.0
10446988,stimulus_Arg_PISACowsMilk_10_page_6,128.0,860.1,984.0
10446989,stimulus_Arg_PISACowsMilk_10_page_6,128.0,859.9,985.0
10446990,stimulus_Arg_PISACowsMilk_10_page_6,127.9,859.6,986.0
10446991,stimulus_Arg_PISACowsMilk_10_page_6,127.8,859.6,986.0
10446992,stimulus_Arg_PISACowsMilk_10_page_6,127.8,859.7,986.0
10446993,stimulus_Arg_PISACowsMilk_10_page_6,127.8,859.9,986.0
10446994,stimulus_Arg_PISACowsMilk_10_page_6,127.9,859.9,986.0
10446995,stimulus_Arg_PISACowsMilk_10_page_6,127.9,859.7,986.0
10446996,stimulus_Arg_PISACowsMilk_10_page_6,127.9,859.8,985.0
10446997,stimulus_Arg_PISACowsMilk_10_page_6,127.9,860.2,985.0
10446998,stimulus_Arg_PISACowsMilk_10_page_6,128.0,860.3,984.0
10446999,stimulus_Arg_PISACowsMilk_10_page_6,128.1,860.0,985.0
10447000,stimulus_Arg_PISACowsMilk_10_page_6,128.1,859.8,985.0
10447001,stimulus_Arg_PISACowsMilk_10_page_6,128.1,859.8,986.0
10447002,stimulus_Arg_PISACowsMilk_10_page_6,128.2,860.2,986.0
10447003,stimulus_Arg_PISACowsMilk_10_page_6,128.4,860.5,985.0
10447004,stimulus_Arg_PISACowsMilk_10_page_6,128.6,860.8,985.0
10447005,stimulus_Arg_PISACowsMilk_10_page_6,128.6,860.5,984.0
10447006,stimulus_Arg_PISACowsMilk_10_page_6,128.3,860.1,985.0
10447007,stimulus_Arg_PISACowsMilk_10_page_6,128.0,859.7,986.0
10447008,stimulus_Arg_PISACowsMilk_10_page_6,127.5,859.9,986.0
10447009,stimulus_Arg_PISACowsMilk_10_page_6,127.5,860.1,985.0
10447010,stimulus_Arg_PISACowsMilk_10_page_6,127.8,860.3,984.0
10447011,stimulus_Arg_PISACowsMilk_10_page_6,128.1,860.3,984.0
10447012,stimulus_Arg_PISACowsMilk_10_page_6,128.2,860.3,984.0
10447013,stimulus_Arg_PISACowsMilk_10_page_6,128.2,860.3,984.0
10447014,stimulus_Arg_PISACowsMilk_10_page_6,128.1,860.3,984.0
10447015,stimulus_Arg_PISACowsMilk_10_page_6,128.2,860.3,984.0
10447016,stimulus_Arg_PISACowsMilk_10_page_6,128.2,860.4,984.0
10447017,stimulus_Arg_PISACowsMilk_10_page_6,128.2,860.3,983.0
10447018,stimulus_Arg_PISACowsMilk_10_page_6,128.1,860.2,982.0
10447019,stimulus_Arg_PISACowsMilk_10_page_6,127.8,859.9,984.0
10447020,stimulus_Arg_PISACowsMilk_10_page_6,127.6,859.8,986.0
10447021,stimulus_Arg_PISACowsMilk_10_page_6,127.4,859.7,988.0
10447022,stimulus_Arg_PISACowsMilk_10_page_6,127.4,859.6,988.0
10447023,stimulus_Arg_PISACowsMilk_10_page_6,127.4,859.5,988.0
10447024,stimulus_Arg_PISACowsMilk_10_page_6,127.5,859.6,987.0
10447025,stimulus_Arg_PISACowsMilk_10_page_6,127.7,860.0,986.0
10447026,stimulus_Arg_PISACowsMilk_10_page_6,127.8,860.4,985.0
10447027,stimulus_Arg_PISACowsMilk_10_page_6,128.1,860.2,986.0
10447028,stimulus_Arg_PISACowsMilk_10_page_6,128.0,859.9,987.0
10447029,stimulus_Arg_PISACowsMilk_10_page_6,128.0,859.6,988.0
10447030,stimulus_Arg_PISACowsMilk_10_page_6,128.0,859.6,988.0
10447031,stimulus_Arg_PISACowsMilk_10_page_6,127.9,859.6,988.0
10447032,stimulus_Arg_PISACowsMilk_10_page_6,128.0,859.7,988.0
10447033,stimulus_Arg_PISACowsMilk_10_page_6,128.0,859.8,987.0
10447034,stimulus_Arg_PISACowsMilk_10_page_6,127.9,859.8,986.0
10447035,stimulus_Arg_PISACowsMilk_10_page_6,127.8,859.8,986.0
10447036,stimulus_Arg_PISACowsMilk_10_page_6,127.7,859.8,985.0
10447037,stimulus_Arg_PISACowsMilk_10_page_6,127.7,859.8,985.0
10447038,stimulus_Arg_PISACowsMilk_10_page_6,127.8,859.5,985.0
10447039,stimulus_Arg_PISACowsMilk_10_page_6,127.9,859.2,986.0
10447040,stimulus_Arg_PISACowsMilk_10_page_6,127.9,859.2,988.0
10447041,stimulus_Arg_PISACowsMilk_10_page_6,127.9,859.4,988.0
10447042,stimulus_Arg_PISACowsMilk_10_page_6,128.0,859.6,988.0
10447043,stimulus_Arg_PISACowsMilk_10_page_6,128.0,859.6,987.0
10447044,stimulus_Arg_PISACowsMilk_10_page_6,128.0,859.6,986.0
10447045,stimulus_Arg_PISACowsMilk_10_page_6,128.0,860.0,986.0
10447046,stimulus_Arg_PISACowsMilk_10_page_6,127.9,860.4,987.0
10447047,stimulus_Arg_PISACowsMilk_10_page_6,127.8,860.6,987.0
10447048,stimulus_Arg_PISACowsMilk_10_page_6,127.9,860.5,986.0
10447049,stimulus_Arg_PISACowsMilk_10_page_6,128.2,860.0,987.0
10447050,stimulus_Arg_PISACowsMilk_10_page_6,128.5,859.7,988.0
10447051,stimulus_Arg_PISACowsMilk_10_page_6,128.4,859.3,988.0
10447052,stimulus_Arg_PISACowsMilk_10_page_6,128.2,859.3,989.0
10447053,stimulus_Arg_PISACowsMilk_10_page_6,128.0,859.2,988.0
10447054,stimulus_Arg_PISACowsMilk_10_page_6,128.0,859.2,988.0
10447055,stimulus_Arg_PISACowsMilk_10_page_6,128.0,859.1,988.0
10447056,stimulus_Arg_PISACowsMilk_10_page_6,128.1,859.0,988.0
10447057,stimulus_Arg_PISACowsMilk_10_page_6,128.1,859.0,988.0
10447058,stimulus_Arg_PISACowsMilk_10_page_6,128.0,859.5,988.0
10447059,stimulus_Arg_PISACowsMilk_10_page_6,128.3,860.0,988.0
10447060,stimulus_Arg_PISACowsMilk_10_page_6,128.5,860.3,988.0
10447061,stimulus_Arg_PISACowsMilk_10_page_6,128.5,860.3,988.0
10447062,stimulus_Arg_PISACowsMilk_10_page_6,128.1,860.3,988.0
10447063,stimulus_Arg_PISACowsMilk_10_page_6,128.0,860.2,988.0
10447064,stimulus_Arg_PISACowsMilk_10_page_6,128.3,860.2,988.0
10447065,stimulus_Arg_PISACowsMilk_10_page_6,128.4,860.2,988.0
10447066,stimulus_Arg_PISACowsMilk_10_page_6,128.2,860.2,989.0
10447067,stimulus_Arg_PISACowsMilk_10_page_6,128.0,860.3,989.0
10447068,stimulus_Arg_PISACowsMilk_10_page_6,127.8,860.2,989.0
10447069,stimulus_Arg_PISACowsMilk_10_page_6,127.7,860.1,990.0
10447070,stimulus_Arg_PISACowsMilk_10_page_6,127.7,860.2,990.0
10447071,stimulus_Arg_PISACowsMilk_10_page_6,127.6,860.5,991.0
10447072,stimulus_Arg_PISACowsMilk_10_page_6,127.4,860.5,991.0
10447073,stimulus_Arg_PISACowsMilk_10_page_6,127.2,860.2,991.0
10447074,stimulus_Arg_PISACowsMilk_10_page_6,127.4,859.9,991.0
10447075,stimulus_Arg_PISACowsMilk_10_page_6,127.7,859.8,991.0
10447076,stimulus_Arg_PISACowsMilk_10_page_6,128.0,859.9,990.0
10447077,stimulus_Arg_PISACowsMilk_10_page_6,128.0,859.8,989.0
10447078,stimulus_Arg_PISACowsMilk_10_page_6,128.0,859.7,989.0
10447079,stimulus_Arg_PISACowsMilk_10_page_6,128.0,859.7,990.0
10447080,stimulus_Arg_PISACowsMilk_10_page_6,128.0,859.7,992.0
10447081,stimulus_Arg_PISACowsMilk_10_page_6,127.9,859.7,993.0
10447082,stimulus_Arg_PISACowsMilk_10_page_6,127.8,859.8,994.0
10447083,stimulus_Arg_PISACowsMilk_10_page_6,127.9,859.6,993.0
10447084,stimulus_Arg_PISACowsMilk_10_page_6,128.2,859.5,993.0
10447085,stimulus_Arg_PISACowsMilk_10_page_6,128.6,859.4,994.0
10447086,stimulus_Arg_PISACowsMilk_10_page_6,128.9,859.4,995.0
10447087,stimulus_Arg_PISACowsMilk_10_page_6,129.1,859.4,995.0
10447088,stimulus_Arg_PISACowsMilk_10_page_6,129.4,859.4,995.0
10447089,stimulus_Arg_PISACowsMilk_10_page_6,129.6,859.7,995.0
10447090,stimulus_Arg_PISACowsMilk_10_page_6,129.6,859.9,995.0
10447091,stimulus_Arg_PISACowsMilk_10_page_6,129.3,859.9,995.0
10447092,stimulus_Arg_PISACowsMilk_10_page_6,129.1,859.6,995.0
10447093,stimulus_Arg_PISACowsMilk_10_page_6,128.9,859.4,994.0
10447094,stimulus_Arg_PISACowsMilk_10_page_6,129.0,859.5,993.0
10447095,stimulus_Arg_PISACowsMilk_10_page_6,129.0,859.5,992.0
10447096,stimulus_Arg_PISACowsMilk_10_page_6,129.1,859.5,993.0
10447097,stimulus_Arg_PISACowsMilk_10_page_6,129.1,859.6,993.0
10447098,stimulus_Arg_PISACowsMilk_10_page_6,129.2,859.6,994.0
10447099,stimulus_Arg_PISACowsMilk_10_page_6,129.3,859.7,994.0
10447100,stimulus_Arg_PISACowsMilk_10_page_6,129.3,859.9,995.0
10447101,stimulus_Arg_PISACowsMilk_10_page_6,129.4,860.0,995.0
10447102,stimulus_Arg_PISACowsMilk_10_page_6,129.5,860.1,995.0
10447103,stimulus_Arg_PISACowsMilk_10_page_6,129.7,860.3,995.0
10447104,stimulus_Arg_PISACowsMilk_10_page_6,130.0,860.5,994.0
10447105,stimulus_Arg_PISACowsMilk_10_page_6,130.4,860.6,994.0
10447106,stimulus_Arg_PISACowsMilk_10_page_6,130.7,860.5,994.0
10447107,stimulus_Arg_PISACowsMilk_10_page_6,130.7,860.4,994.0
10447108,stimulus_Arg_PISACowsMilk_10_page_6,130.5,860.4,994.0
10447109,stimulus_Arg_PISACowsMilk_10_page_6,130.3,860.5,994.0
10447110,stimulus_Arg_PISACowsMilk_10_page_6,130.3,860.5,994.0
10447111,stimulus_Arg_PISACowsMilk_10_page_6,130.3,860.5,994.0
10447112,stimulus_Arg_PISACowsMilk_10_page_6,130.3,860.6,994.0
10447113,stimulus_Arg_PISACowsMilk_10_page_6,130.3,860.7,995.0
10447114,stimulus_Arg_PISACowsMilk_10_page_6,130.3,861.1,995.0
10447115,stimulus_Arg_PISACowsMilk_10_page_6,130.4,861.3,995.0
10447116,stimulus_Arg_PISACowsMilk_10_page_6,130.6,861.3,995.0
10447117,stimulus_Arg_PISACowsMilk_10_page_6,130.6,861.4,995.0
10447118,stimulus_Arg_PISACowsMilk_10_page_6,131.2,861.5,996.0
10447119,stimulus_Arg_PISACowsMilk_10_page_6,131.8,861.6,996.0
10447120,stimulus_Arg_PISACowsMilk_10_page_6,132.4,861.6,997.0
10447121,stimulus_Arg_PISACowsMilk_10_page_6,132.3,861.6,998.0
10447122,stimulus_Arg_PISACowsMilk_10_page_6,132.3,861.7,998.0
10447123,stimulus_Arg_PISACowsMilk_10_page_6,132.2,861.7,999.0
10447124,stimulus_Arg_PISACowsMilk_10_page_6,131.9,861.7,999.0
10447125,stimulus_Arg_PISACowsMilk_10_page_6,131.3,861.4,998.0
10447126,stimulus_Arg_PISACowsMilk_10_page_6,130.9,861.2,996.0
10447127,stimulus_Arg_PISACowsMilk_10_page_6,130.3,860.9,995.0
10447128,stimulus_Arg_PISACowsMilk_10_page_6,130.0,860.8,994.0
10447129,stimulus_Arg_PISACowsMilk_10_page_6,129.9,860.8,995.0
10447130,stimulus_Arg_PISACowsMilk_10_page_6,130.1,860.8,996.0
10447131,stimulus_Arg_PISACowsMilk_10_page_6,130.3,861.1,997.0
10447132,stimulus_Arg_PISACowsMilk_10_page_6,130.4,861.2,996.0
10447133,stimulus_Arg_PISACowsMilk_10_page_6,130.4,861.2,995.0
10447134,stimulus_Arg_PISACowsMilk_10_page_6,130.4,861.3,994.0
10447135,stimulus_Arg_PISACowsMilk_10_page_6,130.4,861.4,994.0
10447136,stimulus_Arg_PISACowsMilk_10_page_6,130.4,861.5,994.0
10447137,stimulus_Arg_PISACowsMilk_10_page_6,130.4,861.6,995.0
10447138,stimulus_Arg_PISACowsMilk_10_page_6,130.7,861.7,997.0
10447139,stimulus_Arg_PISACowsMilk_10_page_6,131.1,861.7,997.0
10447140,stimulus_Arg_PISACowsMilk_10_page_6,131.1,861.4,997.0
10447141,stimulus_Arg_PISACowsMilk_10_page_6,130.8,861.1,997.0
10447142,stimulus_Arg_PISACowsMilk_10_page_6,130.8,861.3,997.0
10447143,stimulus_Arg_PISACowsMilk_10_page_6,131.1,861.6,997.0
10447144,stimulus_Arg_PISACowsMilk_10_page_6,131.5,861.9,997.0
10447145,stimulus_Arg_PISACowsMilk_10_page_6,131.5,861.8,996.0
10447146,stimulus_Arg_PISACowsMilk_10_page_6,131.6,861.8,996.0
10447147,stimulus_Arg_PISACowsMilk_10_page_6,131.7,861.9,997.0
10447148,stimulus_Arg_PISACowsMilk_10_page_6,131.7,862.4,997.0
10447149,stimulus_Arg_PISACowsMilk_10_page_6,131.6,862.7,998.0
10447150,stimulus_Arg_PISACowsMilk_10_page_6,131.6,862.9,999.0
10447151,stimulus_Arg_PISACowsMilk_10_page_6,131.6,862.8,999.0
10447152,stimulus_Arg_PISACowsMilk_10_page_6,131.6,862.7,999.0
10447153,stimulus_Arg_PISACowsMilk_10_page_6,131.7,862.8,999.0
10447154,stimulus_Arg_PISACowsMilk_10_page_6,131.8,862.7,999.0
10447155,stimulus_Arg_PISACowsMilk_10_page_6,132.0,862.5,999.0
10447156,stimulus_Arg_PISACowsMilk_10_page_6,131.8,862.3,1000.0
10447157,stimulus_Arg_PISACowsMilk_10_page_6,131.3,862.3,1000.0
10447158,stimulus_Arg_PISACowsMilk_10_page_6,131.3,862.5,1000.0
10447159,stimulus_Arg_PISACowsMilk_10_page_6,131.6,862.9,1000.0
10447160,stimulus_Arg_PISACowsMilk_10_page_6,131.9,863.0,1000.0
10447161,stimulus_Arg_PISACowsMilk_10_page_6,131.9,862.9,1000.0
10447162,stimulus_Arg_PISACowsMilk_10_page_6,132.0,862.6,1000.0
10447163,stimulus_Arg_PISACowsMilk_10_page_6,132.1,862.5,999.0
10447164,stimulus_Arg_PISACowsMilk_10_page_6,132.3,862.3,1000.0
10447165,stimulus_Arg_PISACowsMilk_10_page_6,132.5,862.2,1000.0
10447166,stimulus_Arg_PISACowsMilk_10_page_6,132.4,862.1,1000.0
10447167,stimulus_Arg_PISACowsMilk_10_page_6,132.3,862.2,1000.0
10447168,stimulus_Arg_PISACowsMilk_10_page_6,132.2,862.4,1000.0
10447169,stimulus_Arg_PISACowsMilk_10_page_6,132.3,862.5,999.0
10447170,stimulus_Arg_PISACowsMilk_10_page_6,132.3,862.5,999.0
10447171,stimulus_Arg_PISACowsMilk_10_page_6,131.8,862.4,999.0
10447172,stimulus_Arg_PISACowsMilk_10_page_6,131.3,862.2,999.0
10447173,stimulus_Arg_PISACowsMilk_10_page_6,130.8,862.2,999.0
10447174,stimulus_Arg_PISACowsMilk_10_page_6,131.2,862.3,999.0
10447175,stimulus_Arg_PISACowsMilk_10_page_6,131.5,862.4,999.0
10447176,stimulus_Arg_PISACowsMilk_10_page_6,132.3,862.5,999.0
10447177,stimulus_Arg_PISACowsMilk_10_page_6,132.8,862.5,999.0
10447178,stimulus_Arg_PISACowsMilk_10_page_6,133.5,862.4,999.0
10447179,stimulus_Arg_PISACowsMilk_10_page_6,133.6,862.2,1000.0
10447180,stimulus_Arg_PISACowsMilk_10_page_6,133.7,862.1,1001.0
10447181,stimulus_Arg_PISACowsMilk_10_page_6,133.8,861.9,1001.0
10447182,stimulus_Arg_PISACowsMilk_10_page_6,133.9,861.8,1001.0
10447183,stimulus_Arg_PISACowsMilk_10_page_6,134.0,861.7,1002.0
10447184,stimulus_Arg_PISACowsMilk_10_page_6,134.1,861.9,1003.0
10447185,stimulus_Arg_PISACowsMilk_10_page_6,133.9,862.2,1003.0
10447186,stimulus_Arg_PISACowsMilk_10_page_6,133.4,862.6,1003.0
10447187,stimulus_Arg_PISACowsMilk_10_page_6,132.9,862.7,1003.0
10447188,stimulus_Arg_PISACowsMilk_10_page_6,132.4,862.7,1002.0
10447189,stimulus_Arg_PISACowsMilk_10_page_6,132.2,862.7,1001.0
10447190,stimulus_Arg_PISACowsMilk_10_page_6,132.4,862.6,1001.0
10447191,stimulus_Arg_PISACowsMilk_10_page_6,132.7,862.6,1001.0
10447192,stimulus_Arg_PISACowsMilk_10_page_6,133.1,862.6,1001.0
10447193,stimulus_Arg_PISACowsMilk_10_page_6,133.2,862.6,1001.0
10447194,stimulus_Arg_PISACowsMilk_10_page_6,133.4,862.6,1002.0
10447195,stimulus_Arg_PISACowsMilk_10_page_6,133.5,862.8,1003.0
10447196,stimulus_Arg_PISACowsMilk_10_page_6,133.7,863.0,1003.0
10447197,stimulus_Arg_PISACowsMilk_10_page_6,133.8,863.2,1002.0
10447198,stimulus_Arg_PISACowsMilk_10_page_6,133.9,863.4,1003.0
10447199,stimulus_Arg_PISACowsMilk_10_page_6,133.9,863.5,1003.0
10447200,stimulus_Arg_PISACowsMilk_10_page_6,133.9,863.5,1003.0
10447201,stimulus_Arg_PISACowsMilk_10_page_6,133.8,863.5,1004.0
10447202,stimulus_Arg_PISACowsMilk_10_page_6,133.1,863.1,1005.0
10447203,stimulus_Arg_PISACowsMilk_10_page_6,132.5,862.6,1006.0
10447204,stimulus_Arg_PISACowsMilk_10_page_6,132.1,862.3,1005.0
10447205,stimulus_Arg_PISACowsMilk_10_page_6,132.5,862.4,1005.0
10447206,stimulus_Arg_PISACowsMilk_10_page_6,132.9,862.4,1005.0
10447207,stimulus_Arg_PISACowsMilk_10_page_6,133.2,862.5,1005.0
10447208,stimulus_Arg_PISACowsMilk_10_page_6,133.3,862.7,1006.0
10447209,stimulus_Arg_PISACowsMilk_10_page_6,133.4,863.0,1006.0
10447210,stimulus_Arg_PISACowsMilk_10_page_6,133.4,863.1,1006.0
10447211,stimulus_Arg_PISACowsMilk_10_page_6,133.3,862.9,1005.0
10447212,stimulus_Arg_PISACowsMilk_10_page_6,133.3,862.8,1006.0
10447213,stimulus_Arg_PISACowsMilk_10_page_6,133.5,862.8,1007.0
10447214,stimulus_Arg_PISACowsMilk_10_page_6,133.6,862.8,1007.0
10447215,stimulus_Arg_PISACowsMilk_10_page_6,133.5,862.7,1007.0
10447216,stimulus_Arg_PISACowsMilk_10_page_6,133.6,862.5,1006.0
10447217,stimulus_Arg_PISACowsMilk_10_page_6,133.7,862.3,1007.0
10447218,stimulus_Arg_PISACowsMilk_10_page_6,133.9,862.4,1009.0
10447219,stimulus_Arg_PISACowsMilk_10_page_6,134.4,862.7,1010.0
10447220,stimulus_Arg_PISACowsMilk_10_page_6,135.8,863.6,1012.0
10447221,stimulus_Arg_PISACowsMilk_10_page_6,137.4,864.5,1014.0
10447222,stimulus_Arg_PISACowsMilk_10_page_6,138.4,865.2,1014.0
10447223,stimulus_Arg_PISACowsMilk_10_page_6,141.8,865.6,1014.0
10447224,stimulus_Arg_PISACowsMilk_10_page_6,146.8,865.1,1015.0
10447225,stimulus_Arg_PISACowsMilk_10_page_6,153.6,864.8,1017.0
10447226,stimulus_Arg_PISACowsMilk_10_page_6,158.8,864.3,1019.0
10447227,stimulus_Arg_PISACowsMilk_10_page_6,165.3,864.5,1019.0
10447228,stimulus_Arg_PISACowsMilk_10_page_6,173.1,864.8,1021.0
10447229,stimulus_Arg_PISACowsMilk_10_page_6,180.6,864.9,1025.0
10447230,stimulus_Arg_PISACowsMilk_10_page_6,187.1,865.1,1029.0
10447231,stimulus_Arg_PISACowsMilk_10_page_6,193.4,865.4,1031.0
10447232,stimulus_Arg_PISACowsMilk_10_page_6,200.6,865.9,1034.0
10447233,stimulus_Arg_PISACowsMilk_10_page_6,207.2,866.0,1035.0
10447234,stimulus_Arg_PISACowsMilk_10_page_6,211.2,865.3,1036.0
10447235,stimulus_Arg_PISACowsMilk_10_page_6,213.4,864.3,1034.0
10447236,stimulus_Arg_PISACowsMilk_10_page_6,215.7,863.6,1034.0
10447237,stimulus_Arg_PISACowsMilk_10_page_6,218.7,863.8,1035.0
10447238,stimulus_Arg_PISACowsMilk_10_page_6,221.8,864.6,1036.0
10447239,stimulus_Arg_PISACowsMilk_10_page_6,224.3,865.7,1040.0
10447240,stimulus_Arg_PISACowsMilk_10_page_6,225.9,866.7,1043.0
10447241,stimulus_Arg_PISACowsMilk_10_page_6,226.1,867.2,1045.0
10447242,stimulus_Arg_PISACowsMilk_10_page_6,224.7,867.3,1044.0
10447243,stimulus_Arg_PISACowsMilk_10_page_6,223.1,867.3,1044.0
10447244,stimulus_Arg_PISACowsMilk_10_page_6,221.6,867.5,1043.0
10447245,stimulus_Arg_PISACowsMilk_10_page_6,220.8,867.7,1042.0
10447246,stimulus_Arg_PISACowsMilk_10_page_6,220.2,867.9,1040.0
10447247,stimulus_Arg_PISACowsMilk_10_page_6,220.1,867.9,1038.0
10447248,stimulus_Arg_PISACowsMilk_10_page_6,221.1,868.0,1037.0
10447249,stimulus_Arg_PISACowsMilk_10_page_6,223.2,868.2,1038.0
10447250,stimulus_Arg_PISACowsMilk_10_page_6,226.5,868.5,1038.0
10447251,stimulus_Arg_PISACowsMilk_10_page_6,230.2,869.3,1038.0
10447252,stimulus_Arg_PISACowsMilk_10_page_6,233.9,870.0,1038.0
10447253,stimulus_Arg_PISACowsMilk_10_page_6,236.6,870.7,1039.0
10447254,stimulus_Arg_PISACowsMilk_10_page_6,237.8,870.5,1040.0
10447255,stimulus_Arg_PISACowsMilk_10_page_6,238.0,870.1,1041.0
10447256,stimulus_Arg_PISACowsMilk_10_page_6,238.1,869.9,1040.0
10447257,stimulus_Arg_PISACowsMilk_10_page_6,237.9,869.9,1041.0
10447258,stimulus_Arg_PISACowsMilk_10_page_6,237.7,870.0,1042.0
10447259,stimulus_Arg_PISACowsMilk_10_page_6,236.6,870.0,1043.0
10447260,stimulus_Arg_PISACowsMilk_10_page_6,235.6,869.9,1043.0
10447261,stimulus_Arg_PISACowsMilk_10_page_6,234.3,869.9,1042.0
10447262,stimulus_Arg_PISACowsMilk_10_page_6,233.2,869.7,1041.0
10447263,stimulus_Arg_PISACowsMilk_10_page_6,232.1,869.5,1039.0
10447264,stimulus_Arg_PISACowsMilk_10_page_6,231.1,869.3,1039.0
10447265,stimulus_Arg_PISACowsMilk_10_page_6,230.6,869.3,1039.0
10447266,stimulus_Arg_PISACowsMilk_10_page_6,230.3,869.4,1039.0
10447267,stimulus_Arg_PISACowsMilk_10_page_6,230.2,869.6,1039.0
10447268,stimulus_Arg_PISACowsMilk_10_page_6,230.4,869.8,1037.0
10447269,stimulus_Arg_PISACowsMilk_10_page_6,230.6,870.0,1037.0
10447270,stimulus_Arg_PISACowsMilk_10_page_6,230.6,870.3,1038.0
10447271,stimulus_Arg_PISACowsMilk_10_page_6,230.4,870.5,1039.0
10447272,stimulus_Arg_PISACowsMilk_10_page_6,230.6,870.6,1039.0
10447273,stimulus_Arg_PISACowsMilk_10_page_6,231.1,870.6,1039.0
10447274,stimulus_Arg_PISACowsMilk_10_page_6,231.7,870.5,1039.0
10447275,stimulus_Arg_PISACowsMilk_10_page_6,232.4,870.4,1038.0
10447276,stimulus_Arg_PISACowsMilk_10_page_6,233.0,870.8,1039.0
10447277,stimulus_Arg_PISACowsMilk_10_page_6,233.8,871.3,1040.0
10447278,stimulus_Arg_PISACowsMilk_10_page_6,234.0,871.7,1042.0
10447279,stimulus_Arg_PISACowsMilk_10_page_6,234.2,871.8,1042.0
10447280,stimulus_Arg_PISACowsMilk_10_page_6,234.3,871.9,1042.0
10447281,stimulus_Arg_PISACowsMilk_10_page_6,234.5,872.0,1042.0
10447282,stimulus_Arg_PISACowsMilk_10_page_6,234.6,871.9,1042.0
10447283,stimulus_Arg_PISACowsMilk_10_page_6,234.6,871.9,1042.0
10447284,stimulus_Arg_PISACowsMilk_10_page_6,234.6,871.8,1042.0
10447285,stimulus_Arg_PISACowsMilk_10_page_6,234.6,871.8,1042.0
10447286,stimulus_Arg_PISACowsMilk_10_page_6,234.6,871.8,1042.0
10447287,stimulus_Arg_PISACowsMilk_10_page_6,234.7,871.8,1042.0
10447288,stimulus_Arg_PISACowsMilk_10_page_6,234.8,871.9,1042.0
10447289,stimulus_Arg_PISACowsMilk_10_page_6,234.4,871.8,1042.0
10447290,stimulus_Arg_PISACowsMilk_10_page_6,233.8,871.7,1042.0
10447291,stimulus_Arg_PISACowsMilk_10_page_6,233.2,871.7,1042.0
10447292,stimulus_Arg_PISACowsMilk_10_page_6,233.2,871.9,1042.0
10447293,stimulus_Arg_PISACowsMilk_10_page_6,233.3,872.1,1042.0
10447294,stimulus_Arg_PISACowsMilk_10_page_6,233.3,872.3,1042.0
10447295,stimulus_Arg_PISACowsMilk_10_page_6,233.1,872.3,1042.0
10447296,stimulus_Arg_PISACowsMilk_10_page_6,233.0,872.4,1042.0
10447297,stimulus_Arg_PISACowsMilk_10_page_6,233.0,872.3,1041.0
10447298,stimulus_Arg_PISACowsMilk_10_page_6,232.5,872.2,1041.0
10447299,stimulus_Arg_PISACowsMilk_10_page_6,232.0,872.0,1041.0
10447300,stimulus_Arg_PISACowsMilk_10_page_6,231.5,871.6,1041.0
10447301,stimulus_Arg_PISACowsMilk_10_page_6,231.5,871.2,1041.0
10447302,stimulus_Arg_PISACowsMilk_10_page_6,231.5,870.9,1040.0
10447303,stimulus_Arg_PISACowsMilk_10_page_6,231.5,870.7,1039.0
10447304,stimulus_Arg_PISACowsMilk_10_page_6,231.4,870.6,1038.0
10447305,stimulus_Arg_PISACowsMilk_10_page_6,231.4,870.5,1040.0
10447306,stimulus_Arg_PISACowsMilk_10_page_6,231.0,870.5,1042.0
10447307,stimulus_Arg_PISACowsMilk_10_page_6,230.6,870.7,1044.0
10447308,stimulus_Arg_PISACowsMilk_10_page_6,230.3,870.9,1044.0
10447309,stimulus_Arg_PISACowsMilk_10_page_6,230.5,871.1,1044.0
10447310,stimulus_Arg_PISACowsMilk_10_page_6,230.8,870.9,1044.0
10447311,stimulus_Arg_PISACowsMilk_10_page_6,231.0,870.7,1044.0
10447312,stimulus_Arg_PISACowsMilk_10_page_6,231.1,870.7,1044.0
10447313,stimulus_Arg_PISACowsMilk_10_page_6,231.0,870.8,1043.0
10447314,stimulus_Arg_PISACowsMilk_10_page_6,230.9,871.0,1043.0
10447315,stimulus_Arg_PISACowsMilk_10_page_6,231.0,871.1,1043.0
10447316,stimulus_Arg_PISACowsMilk_10_page_6,231.3,871.3,1044.0
10447317,stimulus_Arg_PISACowsMilk_10_page_6,231.6,871.4,1044.0
10447318,stimulus_Arg_PISACowsMilk_10_page_6,231.8,871.6,1045.0
10447319,stimulus_Arg_PISACowsMilk_10_page_6,231.9,871.7,1045.0
10447320,stimulus_Arg_PISACowsMilk_10_page_6,231.9,871.8,1046.0
10447321,stimulus_Arg_PISACowsMilk_10_page_6,232.0,871.9,1046.0
10447322,stimulus_Arg_PISACowsMilk_10_page_6,231.8,872.1,1046.0
10447323,stimulus_Arg_PISACowsMilk_10_page_6,231.7,872.3,1046.0
10447324,stimulus_Arg_PISACowsMilk_10_page_6,231.5,872.2,1047.0
10447325,stimulus_Arg_PISACowsMilk_10_page_6,231.7,872.1,1046.0
10447326,stimulus_Arg_PISACowsMilk_10_page_6,231.9,872.3,1046.0
10447327,stimulus_Arg_PISACowsMilk_10_page_6,232.2,872.7,1046.0
10447328,stimulus_Arg_PISACowsMilk_10_page_6,232.3,873.0,1047.0
10447329,stimulus_Arg_PISACowsMilk_10_page_6,232.4,873.0,1047.0
10447330,stimulus_Arg_PISACowsMilk_10_page_6,232.4,872.9,1048.0
10447331,stimulus_Arg_PISACowsMilk_10_page_6,232.5,872.8,1047.0
10447332,stimulus_Arg_PISACowsMilk_10_page_6,232.6,872.7,1046.0
10447333,stimulus_Arg_PISACowsMilk_10_page_6,233.2,872.7,1046.0
10447334,stimulus_Arg_PISACowsMilk_10_page_6,233.7,872.8,1046.0
10447335,stimulus_Arg_PISACowsMilk_10_page_6,234.1,873.1,1045.0
10447336,stimulus_Arg_PISACowsMilk_10_page_6,233.7,873.2,1045.0
10447337,stimulus_Arg_PISACowsMilk_10_page_6,233.4,873.1,1045.0
10447338,stimulus_Arg_PISACowsMilk_10_page_6,233.0,873.1,1045.0
10447339,stimulus_Arg_PISACowsMilk_10_page_6,233.1,873.2,1045.0
10447340,stimulus_Arg_PISACowsMilk_10_page_6,233.1,873.2,1046.0
10447341,stimulus_Arg_PISACowsMilk_10_page_6,233.1,873.3,1046.0
10447342,stimulus_Arg_PISACowsMilk_10_page_6,233.1,873.4,1047.0
10447343,stimulus_Arg_PISACowsMilk_10_page_6,233.2,873.5,1047.0
10447344,stimulus_Arg_PISACowsMilk_10_page_6,233.2,873.4,1047.0
10447345,stimulus_Arg_PISACowsMilk_10_page_6,233.1,873.4,1046.0
10447346,stimulus_Arg_PISACowsMilk_10_page_6,233.3,873.5,1045.0
10447347,stimulus_Arg_PISACowsMilk_10_page_6,233.5,873.6,1044.0
10447348,stimulus_Arg_PISACowsMilk_10_page_6,233.7,873.7,1045.0
10447349,stimulus_Arg_PISACowsMilk_10_page_6,233.6,873.7,1045.0
10447350,stimulus_Arg_PISACowsMilk_10_page_6,233.6,873.7,1046.0
10447351,stimulus_Arg_PISACowsMilk_10_page_6,233.5,873.7,1046.0
10447352,stimulus_Arg_PISACowsMilk_10_page_6,233.7,873.5,1046.0
10447353,stimulus_Arg_PISACowsMilk_10_page_6,233.8,873.2,1044.0
10447354,stimulus_Arg_PISACowsMilk_10_page_6,234.0,873.0,1043.0
10447355,stimulus_Arg_PISACowsMilk_10_page_6,234.2,873.0,1043.0
10447356,stimulus_Arg_PISACowsMilk_10_page_6,234.3,873.0,1043.0
10447357,stimulus_Arg_PISACowsMilk_10_page_6,234.3,873.0,1044.0
10447358,stimulus_Arg_PISACowsMilk_10_page_6,234.3,873.0,1044.0
10447359,stimulus_Arg_PISACowsMilk_10_page_6,234.3,873.1,1044.0
10447360,stimulus_Arg_PISACowsMilk_10_page_6,234.4,873.3,1044.0
10447361,stimulus_Arg_PISACowsMilk_10_page_6,234.1,873.4,1044.0
10447362,stimulus_Arg_PISACowsMilk_10_page_6,233.9,873.4,1043.0
10447363,stimulus_Arg_PISACowsMilk_10_page_6,233.8,873.6,1042.0
10447364,stimulus_Arg_PISACowsMilk_10_page_6,234.1,873.8,1042.0
10447365,stimulus_Arg_PISACowsMilk_10_page_6,234.3,873.9,1042.0
10447366,stimulus_Arg_PISACowsMilk_10_page_6,234.3,874.0,1042.0
10447367,stimulus_Arg_PISACowsMilk_10_page_6,234.3,874.0,1041.0
10447368,stimulus_Arg_PISACowsMilk_10_page_6,234.3,873.9,1041.0
10447369,stimulus_Arg_PISACowsMilk_10_page_6,234.2,873.8,1041.0
10447370,stimulus_Arg_PISACowsMilk_10_page_6,234.2,873.7,1041.0
10447371,stimulus_Arg_PISACowsMilk_10_page_6,234.7,873.9,1042.0
10447372,stimulus_Arg_PISACowsMilk_10_page_6,235.2,874.2,1042.0
10447373,stimulus_Arg_PISACowsMilk_10_page_6,235.5,874.4,1043.0
10447374,stimulus_Arg_PISACowsMilk_10_page_6,235.3,874.3,1044.0
10447375,stimulus_Arg_PISACowsMilk_10_page_6,235.1,874.3,1044.0
10447376,stimulus_Arg_PISACowsMilk_10_page_6,235.0,874.3,1043.0
10447377,stimulus_Arg_PISACowsMilk_10_page_6,234.6,874.2,1043.0
10447378,stimulus_Arg_PISACowsMilk_10_page_6,234.2,874.2,1042.0
10447379,stimulus_Arg_PISACowsMilk_10_page_6,234.0,874.1,1042.0
10447380,stimulus_Arg_PISACowsMilk_10_page_6,234.1,873.9,1042.0
10447381,stimulus_Arg_PISACowsMilk_10_page_6,234.2,873.8,1042.0
10447382,stimulus_Arg_PISACowsMilk_10_page_6,234.1,873.7,1043.0
10447383,stimulus_Arg_PISACowsMilk_10_page_6,234.0,873.6,1043.0
10447384,stimulus_Arg_PISACowsMilk_10_page_6,233.9,873.4,1043.0
10447385,stimulus_Arg_PISACowsMilk_10_page_6,234.1,873.4,1044.0
10447386,stimulus_Arg_PISACowsMilk_10_page_6,234.4,873.3,1043.0
10447387,stimulus_Arg_PISACowsMilk_10_page_6,234.3,873.3,1042.0
10447388,stimulus_Arg_PISACowsMilk_10_page_6,234.0,873.3,1042.0
10447389,stimulus_Arg_PISACowsMilk_10_page_6,233.6,873.3,1044.0
10447390,stimulus_Arg_PISACowsMilk_10_page_6,233.8,873.3,1045.0
10447391,stimulus_Arg_PISACowsMilk_10_page_6,233.9,873.2,1045.0
10447392,stimulus_Arg_PISACowsMilk_10_page_6,233.5,873.2,1043.0
10447393,stimulus_Arg_PISACowsMilk_10_page_6,232.9,873.2,1042.0
10447394,stimulus_Arg_PISACowsMilk_10_page_6,232.5,873.2,1043.0
10447395,stimulus_Arg_PISACowsMilk_10_page_6,232.7,873.2,1043.0
10447396,stimulus_Arg_PISACowsMilk_10_page_6,232.8,873.2,1044.0
10447397,stimulus_Arg_PISACowsMilk_10_page_6,232.8,873.3,1044.0
10447398,stimulus_Arg_PISACowsMilk_10_page_6,232.7,873.3,1043.0
10447399,stimulus_Arg_PISACowsMilk_10_page_6,232.6,873.4,1043.0
10447400,stimulus_Arg_PISACowsMilk_10_page_6,232.6,873.7,1042.0
10447401,stimulus_Arg_PISACowsMilk_10_page_6,232.6,874.0,1041.0
10447402,stimulus_Arg_PISACowsMilk_10_page_6,232.7,874.3,1041.0
10447403,stimulus_Arg_PISACowsMilk_10_page_6,232.8,873.9,1040.0
10447404,stimulus_Arg_PISACowsMilk_10_page_6,232.8,873.5,1040.0
10447405,stimulus_Arg_PISACowsMilk_10_page_6,232.8,873.2,1041.0
10447406,stimulus_Arg_PISACowsMilk_10_page_6,233.0,873.3,1041.0
10447407,stimulus_Arg_PISACowsMilk_10_page_6,233.1,873.4,1040.0
10447408,stimulus_Arg_PISACowsMilk_10_page_6,233.2,873.5,1040.0
10447409,stimulus_Arg_PISACowsMilk_10_page_6,233.2,873.5,1041.0
10447410,stimulus_Arg_PISACowsMilk_10_page_6,233.2,873.6,1041.0
10447411,stimulus_Arg_PISACowsMilk_10_page_6,233.1,873.9,1042.0
10447412,stimulus_Arg_PISACowsMilk_10_page_6,232.8,874.2,1042.0
10447413,stimulus_Arg_PISACowsMilk_10_page_6,232.5,874.4,1042.0
10447414,stimulus_Arg_PISACowsMilk_10_page_6,232.2,874.4,1042.0
10447415,stimulus_Arg_PISACowsMilk_10_page_6,232.2,874.4,1041.0
10447416,stimulus_Arg_PISACowsMilk_10_page_6,232.4,874.4,1041.0
10447417,stimulus_Arg_PISACowsMilk_10_page_6,232.7,874.4,1042.0
10447418,stimulus_Arg_PISACowsMilk_10_page_6,233.0,874.4,1042.0
10447419,stimulus_Arg_PISACowsMilk_10_page_6,233.1,874.4,1042.0
10447420,stimulus_Arg_PISACowsMilk_10_page_6,232.0,874.1,1039.0
10447421,stimulus_Arg_PISACowsMilk_10_page_6,229.6,873.6,1037.0
10447422,stimulus_Arg_PISACowsMilk_10_page_6,223.9,872.9,1035.0
10447423,stimulus_Arg_PISACowsMilk_10_page_6,216.5,872.2,1035.0
10447424,stimulus_Arg_PISACowsMilk_10_page_6,209.1,871.4,1033.0
10447425,stimulus_Arg_PISACowsMilk_10_page_6,200.7,870.2,1031.0
10447426,stimulus_Arg_PISACowsMilk_10_page_6,192.7,869.1,1030.0
10447427,stimulus_Arg_PISACowsMilk_10_page_6,181.8,867.8,1029.0
10447428,stimulus_Arg_PISACowsMilk_10_page_6,170.5,866.8,1029.0
10447429,stimulus_Arg_PISACowsMilk_10_page_6,159.8,865.9,1028.0
10447430,stimulus_Arg_PISACowsMilk_10_page_6,149.5,864.1,1027.0
10447431,stimulus_Arg_PISACowsMilk_10_page_6,141.1,862.6,1026.0
10447432,stimulus_Arg_PISACowsMilk_10_page_6,132.2,861.1,1024.0
10447433,stimulus_Arg_PISACowsMilk_10_page_6,125.7,860.6,1022.0
10447434,stimulus_Arg_PISACowsMilk_10_page_6,119.2,860.2,1020.0
10447435,stimulus_Arg_PISACowsMilk_10_page_6,114.6,859.9,1020.0
10447436,stimulus_Arg_PISACowsMilk_10_page_6,111.3,860.0,1019.0
10447437,stimulus_Arg_PISACowsMilk_10_page_6,109.7,860.3,1016.0
10447438,stimulus_Arg_PISACowsMilk_10_page_6,106.8,860.2,1012.0
10447439,stimulus_Arg_PISACowsMilk_10_page_6,103.9,860.1,1012.0
10447440,stimulus_Arg_PISACowsMilk_10_page_6,102.1,860.0,1015.0
10447441,stimulus_Arg_PISACowsMilk_10_page_6,102.1,860.1,1016.0
10447442,stimulus_Arg_PISACowsMilk_10_page_6,102.2,860.2,1013.0
10447443,stimulus_Arg_PISACowsMilk_10_page_6,102.5,860.2,1011.0
10447444,stimulus_Arg_PISACowsMilk_10_page_6,102.7,859.8,1011.0
10447445,stimulus_Arg_PISACowsMilk_10_page_6,103.5,859.3,1011.0
10447446,stimulus_Arg_PISACowsMilk_10_page_6,104.4,858.6,1011.0
10447447,stimulus_Arg_PISACowsMilk_10_page_6,105.8,858.0,1010.0
10447448,stimulus_Arg_PISACowsMilk_10_page_6,106.7,857.0,1011.0
10447449,stimulus_Arg_PISACowsMilk_10_page_6,107.5,856.3,1012.0
10447450,stimulus_Arg_PISACowsMilk_10_page_6,108.0,855.7,1013.0
10447451,stimulus_Arg_PISACowsMilk_10_page_6,108.9,855.7,1013.0
10447452,stimulus_Arg_PISACowsMilk_10_page_6,109.8,855.5,1012.0
10447453,stimulus_Arg_PISACowsMilk_10_page_6,110.5,855.0,1012.0
10447454,stimulus_Arg_PISACowsMilk_10_page_6,110.5,854.7,1012.0
10447455,stimulus_Arg_PISACowsMilk_10_page_6,110.6,855.2,1011.0
10447456,stimulus_Arg_PISACowsMilk_10_page_6,110.6,855.9,1011.0
10447457,stimulus_Arg_PISACowsMilk_10_page_6,110.8,856.0,1011.0
10447458,stimulus_Arg_PISACowsMilk_10_page_6,110.9,855.5,1011.0
10447459,stimulus_Arg_PISACowsMilk_10_page_6,110.7,855.4,1011.0
10447460,stimulus_Arg_PISACowsMilk_10_page_6,110.5,856.0,1011.0
10447461,stimulus_Arg_PISACowsMilk_10_page_6,110.3,856.6,1010.0
10447462,stimulus_Arg_PISACowsMilk_10_page_6,110.0,856.8,1009.0
10447463,stimulus_Arg_PISACowsMilk_10_page_6,109.7,857.3,1008.0
10447464,stimulus_Arg_PISACowsMilk_10_page_6,109.2,857.9,1008.0
10447465,stimulus_Arg_PISACowsMilk_10_page_6,108.7,858.6,1009.0
10447466,stimulus_Arg_PISACowsMilk_10_page_6,108.0,859.4,1011.0
10447467,stimulus_Arg_PISACowsMilk_10_page_6,107.4,860.0,1013.0
10447468,stimulus_Arg_PISACowsMilk_10_page_6,107.0,860.2,1014.0
10447469,stimulus_Arg_PISACowsMilk_10_page_6,106.7,860.1,1014.0
10447470,stimulus_Arg_PISACowsMilk_10_page_6,106.3,860.3,1014.0
10447471,stimulus_Arg_PISACowsMilk_10_page_6,106.0,860.8,1014.0
10447472,stimulus_Arg_PISACowsMilk_10_page_6,105.7,861.3,1014.0
10447473,stimulus_Arg_PISACowsMilk_10_page_6,105.7,861.5,1015.0
10447474,stimulus_Arg_PISACowsMilk_10_page_6,105.7,861.3,1015.0
10447475,stimulus_Arg_PISACowsMilk_10_page_6,105.9,861.1,1015.0
10447476,stimulus_Arg_PISACowsMilk_10_page_6,106.1,860.9,1015.0
10447477,stimulus_Arg_PISACowsMilk_10_page_6,106.3,860.7,1014.0
10447478,stimulus_Arg_PISACowsMilk_10_page_6,106.3,860.4,1013.0
10447479,stimulus_Arg_PISACowsMilk_10_page_6,106.4,860.0,1012.0
10447480,stimulus_Arg_PISACowsMilk_10_page_6,106.5,859.4,1012.0
10447481,stimulus_Arg_PISACowsMilk_10_page_6,106.5,859.0,1011.0
10447482,stimulus_Arg_PISACowsMilk_10_page_6,106.4,858.8,1011.0
10447483,stimulus_Arg_PISACowsMilk_10_page_6,106.4,858.4,1010.0
10447484,stimulus_Arg_PISACowsMilk_10_page_6,106.5,858.0,1009.0
10447485,stimulus_Arg_PISACowsMilk_10_page_6,106.7,857.6,1007.0
10447486,stimulus_Arg_PISACowsMilk_10_page_6,106.8,857.7,1007.0
10447487,stimulus_Arg_PISACowsMilk_10_page_6,107.0,857.3,1006.0
10447488,stimulus_Arg_PISACowsMilk_10_page_6,107.0,856.8,1006.0
10447489,stimulus_Arg_PISACowsMilk_10_page_6,106.9,856.4,1007.0
10447490,stimulus_Arg_PISACowsMilk_10_page_6,106.9,856.4,1007.0
10447491,stimulus_Arg_PISACowsMilk_10_page_6,106.9,856.4,1008.0
10447492,stimulus_Arg_PISACowsMilk_10_page_6,106.9,856.5,1008.0
10447493,stimulus_Arg_PISACowsMilk_10_page_6,107.0,856.6,1008.0
10447494,stimulus_Arg_PISACowsMilk_10_page_6,107.2,856.6,1009.0
10447495,stimulus_Arg_PISACowsMilk_10_page_6,107.4,856.6,1009.0
10447496,stimulus_Arg_PISACowsMilk_10_page_6,107.3,856.5,1010.0
10447497,stimulus_Arg_PISACowsMilk_10_page_6,107.2,856.4,1010.0
10447498,stimulus_Arg_PISACowsMilk_10_page_6,107.0,856.4,1010.0
10447499,stimulus_Arg_PISACowsMilk_10_page_6,106.9,856.4,1009.0
10447500,stimulus_Arg_PISACowsMilk_10_page_6,106.7,856.4,1008.0
10447501,stimulus_Arg_PISACowsMilk_10_page_6,106.7,856.4,1008.0
10447502,stimulus_Arg_PISACowsMilk_10_page_6,106.7,856.3,1008.0
10447503,stimulus_Arg_PISACowsMilk_10_page_6,106.7,856.2,1007.0
10447504,stimulus_Arg_PISACowsMilk_10_page_6,106.6,856.6,1007.0
10447505,stimulus_Arg_PISACowsMilk_10_page_6,106.4,857.4,1007.0
10447506,stimulus_Arg_PISACowsMilk_10_page_6,106.2,858.2,1008.0
10447507,stimulus_Arg_PISACowsMilk_10_page_6,105.9,858.6,1009.0
10447508,stimulus_Arg_PISACowsMilk_10_page_6,105.7,858.7,1008.0
10447509,stimulus_Arg_PISACowsMilk_10_page_6,105.6,858.7,1008.0
10447510,stimulus_Arg_PISACowsMilk_10_page_6,105.5,858.9,1008.0
10447511,stimulus_Arg_PISACowsMilk_10_page_6,105.3,859.1,1008.0
10447512,stimulus_Arg_PISACowsMilk_10_page_6,105.3,859.3,1009.0
10447513,stimulus_Arg_PISACowsMilk_10_page_6,105.4,859.2,1009.0
10447514,stimulus_Arg_PISACowsMilk_10_page_6,105.5,859.2,1010.0
10447515,stimulus_Arg_PISACowsMilk_10_page_6,105.6,858.9,1009.0
10447516,stimulus_Arg_PISACowsMilk_10_page_6,105.7,858.7,1009.0
10447517,stimulus_Arg_PISACowsMilk_10_page_6,105.7,858.5,1009.0
10447518,stimulus_Arg_PISACowsMilk_10_page_6,105.7,858.4,1009.0
10447519,stimulus_Arg_PISACowsMilk_10_page_6,105.7,858.5,1009.0
10447520,stimulus_Arg_PISACowsMilk_10_page_6,105.6,858.7,1010.0
10447521,stimulus_Arg_PISACowsMilk_10_page_6,105.5,858.9,1010.0
10447522,stimulus_Arg_PISACowsMilk_10_page_6,105.4,859.0,1010.0
10447523,stimulus_Arg_PISACowsMilk_10_page_6,105.3,859.3,1010.0
10447524,stimulus_Arg_PISACowsMilk_10_page_6,105.3,859.6,1010.0
10447525,stimulus_Arg_PISACowsMilk_10_page_6,105.3,859.9,1010.0
10447526,stimulus_Arg_PISACowsMilk_10_page_6,105.4,859.9,1009.0
10447527,stimulus_Arg_PISACowsMilk_10_page_6,105.4,859.7,1009.0
10447528,stimulus_Arg_PISACowsMilk_10_page_6,105.5,859.6,1009.0
10447529,stimulus_Arg_PISACowsMilk_10_page_6,105.7,859.4,1009.0
10447530,stimulus_Arg_PISACowsMilk_10_page_6,106.0,859.3,1009.0
10447531,stimulus_Arg_PISACowsMilk_10_page_6,106.2,859.2,1009.0
10447532,stimulus_Arg_PISACowsMilk_10_page_6,106.2,859.1,1010.0
10447533,stimulus_Arg_PISACowsMilk_10_page_6,106.3,858.8,1009.0
10447534,stimulus_Arg_PISACowsMilk_10_page_6,106.4,858.5,1009.0
10447535,stimulus_Arg_PISACowsMilk_10_page_6,106.6,858.2,1008.0
10447536,stimulus_Arg_PISACowsMilk_10_page_6,106.5,858.1,1008.0
10447537,stimulus_Arg_PISACowsMilk_10_page_6,106.1,858.5,1008.0
10447538,stimulus_Arg_PISACowsMilk_10_page_6,105.8,859.0,1009.0
10447539,stimulus_Arg_PISACowsMilk_10_page_6,106.0,859.1,1010.0
10447540,stimulus_Arg_PISACowsMilk_10_page_6,106.2,858.8,1010.0
10447541,stimulus_Arg_PISACowsMilk_10_page_6,106.4,858.7,1010.0
10447542,stimulus_Arg_PISACowsMilk_10_page_6,106.2,859.2,1009.0
10447543,stimulus_Arg_PISACowsMilk_10_page_6,106.0,859.3,1009.0
10447544,stimulus_Arg_PISACowsMilk_10_page_6,105.9,859.3,1008.0
10447545,stimulus_Arg_PISACowsMilk_10_page_6,105.9,859.3,1009.0
10447546,stimulus_Arg_PISACowsMilk_10_page_6,105.9,859.5,1009.0
10447547,stimulus_Arg_PISACowsMilk_10_page_6,106.0,859.8,1010.0
10447548,stimulus_Arg_PISACowsMilk_10_page_6,106.0,859.9,1011.0
10447549,stimulus_Arg_PISACowsMilk_10_page_6,106.0,859.9,1011.0
10447550,stimulus_Arg_PISACowsMilk_10_page_6,106.0,859.9,1011.0
10447551,stimulus_Arg_PISACowsMilk_10_page_6,105.9,859.7,1011.0
10447552,stimulus_Arg_PISACowsMilk_10_page_6,105.9,859.7,1011.0
10447553,stimulus_Arg_PISACowsMilk_10_page_6,105.9,859.7,1011.0
10447554,stimulus_Arg_PISACowsMilk_10_page_6,105.9,859.7,1011.0
10447555,stimulus_Arg_PISACowsMilk_10_page_6,106.0,859.6,1011.0
10447556,stimulus_Arg_PISACowsMilk_10_page_6,106.0,859.4,1011.0
10447557,stimulus_Arg_PISACowsMilk_10_page_6,106.0,859.4,1011.0
10447558,stimulus_Arg_PISACowsMilk_10_page_6,106.0,859.6,1012.0
10447559,stimulus_Arg_PISACowsMilk_10_page_6,106.2,859.9,1012.0
10447560,stimulus_Arg_PISACowsMilk_10_page_6,106.4,860.3,1011.0
10447561,stimulus_Arg_PISACowsMilk_10_page_6,106.6,860.4,1011.0
10447562,stimulus_Arg_PISACowsMilk_10_page_6,106.5,860.5,1012.0
10447563,stimulus_Arg_PISACowsMilk_10_page_6,106.6,860.5,1012.0
10447564,stimulus_Arg_PISACowsMilk_10_page_6,106.8,860.5,1012.0
10447565,stimulus_Arg_PISACowsMilk_10_page_6,107.0,860.5,1011.0
10447566,stimulus_Arg_PISACowsMilk_10_page_6,107.0,860.6,1010.0
10447567,stimulus_Arg_PISACowsMilk_10_page_6,107.1,860.4,1010.0
10447568,stimulus_Arg_PISACowsMilk_10_page_6,107.2,860.1,1010.0
10447569,stimulus_Arg_PISACowsMilk_10_page_6,107.3,859.7,1010.0
10447570,stimulus_Arg_PISACowsMilk_10_page_6,107.3,859.6,1010.0
10447571,stimulus_Arg_PISACowsMilk_10_page_6,107.3,859.5,1009.0
10447572,stimulus_Arg_PISACowsMilk_10_page_6,107.4,859.4,1009.0
10447573,stimulus_Arg_PISACowsMilk_10_page_6,107.5,859.4,1008.0
10447574,stimulus_Arg_PISACowsMilk_10_page_6,107.5,859.3,1009.0
10447575,stimulus_Arg_PISACowsMilk_10_page_6,107.6,859.3,1009.0
10447576,stimulus_Arg_PISACowsMilk_10_page_6,107.6,859.3,1008.0
10447577,stimulus_Arg_PISACowsMilk_10_page_6,107.7,859.4,1008.0
10447578,stimulus_Arg_PISACowsMilk_10_page_6,107.8,859.4,1009.0
10447579,stimulus_Arg_PISACowsMilk_10_page_6,107.8,859.4,1009.0
10447580,stimulus_Arg_PISACowsMilk_10_page_6,107.7,859.5,1009.0
10447581,stimulus_Arg_PISACowsMilk_10_page_6,107.5,859.5,1009.0
10447582,stimulus_Arg_PISACowsMilk_10_page_6,107.3,859.7,1009.0
10447583,stimulus_Arg_PISACowsMilk_10_page_6,107.3,859.8,1009.0
10447584,stimulus_Arg_PISACowsMilk_10_page_6,107.5,859.8,1010.0
10447585,stimulus_Arg_PISACowsMilk_10_page_6,107.7,859.8,1009.0
10447586,stimulus_Arg_PISACowsMilk_10_page_6,107.8,859.8,1008.0
10447587,stimulus_Arg_PISACowsMilk_10_page_6,107.8,859.9,1007.0
10447588,stimulus_Arg_PISACowsMilk_10_page_6,107.8,860.1,1008.0
10447589,stimulus_Arg_PISACowsMilk_10_page_6,107.8,860.2,1008.0
10447590,stimulus_Arg_PISACowsMilk_10_page_6,107.5,860.3,1008.0
10447591,stimulus_Arg_PISACowsMilk_10_page_6,107.2,860.0,1009.0
10447592,stimulus_Arg_PISACowsMilk_10_page_6,107.1,859.7,1010.0
10447593,stimulus_Arg_PISACowsMilk_10_page_6,107.4,859.6,1010.0
10447594,stimulus_Arg_PISACowsMilk_10_page_6,107.6,859.9,1009.0
10447595,stimulus_Arg_PISACowsMilk_10_page_6,107.6,860.1,1009.0
10447596,stimulus_Arg_PISACowsMilk_10_page_6,107.5,860.9,1008.0
10447597,stimulus_Arg_PISACowsMilk_10_page_6,107.5,861.4,1008.0
10447598,stimulus_Arg_PISACowsMilk_10_page_6,107.5,861.9,1007.0
10447599,stimulus_Arg_PISACowsMilk_10_page_6,107.6,861.9,1007.0
10447600,stimulus_Arg_PISACowsMilk_10_page_6,107.6,861.9,1009.0
10447601,stimulus_Arg_PISACowsMilk_10_page_6,107.8,861.8,1010.0
10447602,stimulus_Arg_PISACowsMilk_10_page_6,108.0,861.7,1011.0
10447603,stimulus_Arg_PISACowsMilk_10_page_6,108.1,861.5,1011.0
10447604,stimulus_Arg_PISACowsMilk_10_page_6,108.1,861.4,1011.0
10447605,stimulus_Arg_PISACowsMilk_10_page_6,108.1,861.3,1010.0
10447606,stimulus_Arg_PISACowsMilk_10_page_6,108.1,861.1,1010.0
10447607,stimulus_Arg_PISACowsMilk_10_page_6,108.1,861.1,1010.0
10447608,stimulus_Arg_PISACowsMilk_10_page_6,107.8,861.1,1010.0
10447609,stimulus_Arg_PISACowsMilk_10_page_6,107.5,861.0,1009.0
10447610,stimulus_Arg_PISACowsMilk_10_page_6,107.3,860.9,1009.0
10447611,stimulus_Arg_PISACowsMilk_10_page_6,107.4,860.8,1008.0
10447612,stimulus_Arg_PISACowsMilk_10_page_6,107.4,860.7,1008.0
10447613,stimulus_Arg_PISACowsMilk_10_page_6,107.6,860.9,1007.0
10447614,stimulus_Arg_PISACowsMilk_10_page_6,107.7,861.1,1008.0
10447615,stimulus_Arg_PISACowsMilk_10_page_6,107.8,861.3,1008.0
10447616,stimulus_Arg_PISACowsMilk_10_page_6,107.8,861.2,1008.0
10447617,stimulus_Arg_PISACowsMilk_10_page_6,107.8,861.1,1009.0
10447618,stimulus_Arg_PISACowsMilk_10_page_6,107.8,861.0,1009.0
10447619,stimulus_Arg_PISACowsMilk_10_page_6,107.7,861.1,1010.0
10447620,stimulus_Arg_PISACowsMilk_10_page_6,107.6,861.1,1009.0
10447621,stimulus_Arg_PISACowsMilk_10_page_6,107.4,861.0,1009.0
10447622,stimulus_Arg_PISACowsMilk_10_page_6,107.3,860.9,1009.0
10447623,stimulus_Arg_PISACowsMilk_10_page_6,107.1,860.8,1009.0
10447624,stimulus_Arg_PISACowsMilk_10_page_6,107.1,860.7,1009.0
10447625,stimulus_Arg_PISACowsMilk_10_page_6,107.2,860.5,1009.0
10447626,stimulus_Arg_PISACowsMilk_10_page_6,107.2,860.5,1009.0
10447627,stimulus_Arg_PISACowsMilk_10_page_6,107.2,860.5,1009.0
10447628,stimulus_Arg_PISACowsMilk_10_page_6,107.3,860.6,1009.0
10447629,stimulus_Arg_PISACowsMilk_10_page_6,107.2,860.6,1009.0
10447630,stimulus_Arg_PISACowsMilk_10_page_6,107.2,860.4,1009.0
10447631,stimulus_Arg_PISACowsMilk_10_page_6,107.2,860.2,1009.0
10447632,stimulus_Arg_PISACowsMilk_10_page_6,107.2,860.0,1009.0
10447633,stimulus_Arg_PISACowsMilk_10_page_6,107.2,860.0,1008.0
10447634,stimulus_Arg_PISACowsMilk_10_page_6,107.2,859.9,1007.0
10447635,stimulus_Arg_PISACowsMilk_10_page_6,107.2,859.7,1006.0
10447636,stimulus_Arg_PISACowsMilk_10_page_6,107.1,859.6,1006.0
10447637,stimulus_Arg_PISACowsMilk_10_page_6,107.1,859.6,1006.0
10447638,stimulus_Arg_PISACowsMilk_10_page_6,107.1,859.6,1007.0
10447639,stimulus_Arg_PISACowsMilk_10_page_6,107.2,859.6,1007.0
10447640,stimulus_Arg_PISACowsMilk_10_page_6,107.2,859.7,1007.0
10447641,stimulus_Arg_PISACowsMilk_10_page_6,107.3,859.7,1007.0
10447642,stimulus_Arg_PISACowsMilk_10_page_6,107.3,859.8,1007.0
10447643,stimulus_Arg_PISACowsMilk_10_page_6,107.3,860.0,1007.0
10447644,stimulus_Arg_PISACowsMilk_10_page_6,107.4,860.2,1007.0
10447645,stimulus_Arg_PISACowsMilk_10_page_6,107.4,860.2,1007.0
10447646,stimulus_Arg_PISACowsMilk_10_page_6,107.4,860.2,1007.0
10447647,stimulus_Arg_PISACowsMilk_10_page_6,107.2,860.3,1006.0
10447648,stimulus_Arg_PISACowsMilk_10_page_6,107.1,860.3,1005.0
10447649,stimulus_Arg_PISACowsMilk_10_page_6,106.9,860.3,1005.0
10447650,stimulus_Arg_PISACowsMilk_10_page_6,106.5,860.1,1006.0
10447651,stimulus_Arg_PISACowsMilk_10_page_6,106.1,860.1,1008.0
10447652,stimulus_Arg_PISACowsMilk_10_page_6,105.9,860.2,1008.0
10447653,stimulus_Arg_PISACowsMilk_10_page_6,106.1,860.2,1008.0
10447654,stimulus_Arg_PISACowsMilk_10_page_6,106.3,860.3,1007.0
10447655,stimulus_Arg_PISACowsMilk_10_page_6,106.3,860.6,1005.0
10447656,stimulus_Arg_PISACowsMilk_10_page_6,106.3,860.8,1004.0
10447657,stimulus_Arg_PISACowsMilk_10_page_6,106.4,860.8,1005.0
10447658,stimulus_Arg_PISACowsMilk_10_page_6,106.4,860.6,1005.0
10447659,stimulus_Arg_PISACowsMilk_10_page_6,106.6,860.3,1004.0
10447660,stimulus_Arg_PISACowsMilk_10_page_6,106.7,860.3,1004.0
10447661,stimulus_Arg_PISACowsMilk_10_page_6,106.8,860.4,1002.0
10447662,stimulus_Arg_PISACowsMilk_10_page_6,106.9,860.0,1000.0
10447663,stimulus_Arg_PISACowsMilk_10_page_6,107.4,859.5,998.0
10447664,stimulus_Arg_PISACowsMilk_10_page_6,109.4,858.8,998.0
10447665,stimulus_Arg_PISACowsMilk_10_page_6,112.3,858.5,997.0
10447666,stimulus_Arg_PISACowsMilk_10_page_6,115.2,858.2,996.0
10447667,stimulus_Arg_PISACowsMilk_10_page_6,118.2,857.9,996.0
10447668,stimulus_Arg_PISACowsMilk_10_page_6,122.7,856.9,995.0
10447669,stimulus_Arg_PISACowsMilk_10_page_6,130.2,856.1,997.0
10447670,stimulus_Arg_PISACowsMilk_10_page_6,138.8,855.6,999.0
10447671,stimulus_Arg_PISACowsMilk_10_page_6,149.1,856.2,1004.0
10447672,stimulus_Arg_PISACowsMilk_10_page_6,158.9,856.2,1007.0
10447673,stimulus_Arg_PISACowsMilk_10_page_6,171.0,856.1,1010.0
10447674,stimulus_Arg_PISACowsMilk_10_page_6,181.8,856.0,1012.0
10447675,stimulus_Arg_PISACowsMilk_10_page_6,193.9,856.6,1017.0
10447676,stimulus_Arg_PISACowsMilk_10_page_6,204.2,856.9,1021.0
10447677,stimulus_Arg_PISACowsMilk_10_page_6,213.7,855.9,1024.0
10447678,stimulus_Arg_PISACowsMilk_10_page_6,220.3,854.3,1021.0
10447679,stimulus_Arg_PISACowsMilk_10_page_6,226.1,852.9,1019.0
10447680,stimulus_Arg_PISACowsMilk_10_page_6,230.3,852.0,1017.0
10447681,stimulus_Arg_PISACowsMilk_10_page_6,233.4,851.5,1018.0
10447682,stimulus_Arg_PISACowsMilk_10_page_6,235.3,851.0,1018.0
10447683,stimulus_Arg_PISACowsMilk_10_page_6,237.8,851.1,1018.0
10447684,stimulus_Arg_PISACowsMilk_10_page_6,241.3,851.4,1017.0
10447685,stimulus_Arg_PISACowsMilk_10_page_6,245.0,852.3,1017.0
10447686,stimulus_Arg_PISACowsMilk_10_page_6,248.1,853.2,1015.0
10447687,stimulus_Arg_PISACowsMilk_10_page_6,252.6,855.2,1014.0
10447688,stimulus_Arg_PISACowsMilk_10_page_6,257.0,856.6,1014.0
10447689,stimulus_Arg_PISACowsMilk_10_page_6,262.1,858.2,1015.0
10447690,stimulus_Arg_PISACowsMilk_10_page_6,268.4,859.1,1017.0
10447691,stimulus_Arg_PISACowsMilk_10_page_6,276.2,860.4,1018.0
10447692,stimulus_Arg_PISACowsMilk_10_page_6,285.3,862.2,1020.0
10447693,stimulus_Arg_PISACowsMilk_10_page_6,293.8,863.7,1022.0
10447694,stimulus_Arg_PISACowsMilk_10_page_6,301.4,863.8,1025.0
10447695,stimulus_Arg_PISACowsMilk_10_page_6,306.6,863.5,1026.0
10447696,stimulus_Arg_PISACowsMilk_10_page_6,310.3,862.3,1024.0
10447697,stimulus_Arg_PISACowsMilk_10_page_6,313.3,861.0,1022.0
10447698,stimulus_Arg_PISACowsMilk_10_page_6,317.1,859.8,1021.0
10447699,stimulus_Arg_PISACowsMilk_10_page_6,319.4,859.2,1023.0
10447700,stimulus_Arg_PISACowsMilk_10_page_6,320.0,859.1,1024.0
10447701,stimulus_Arg_PISACowsMilk_10_page_6,319.4,859.0,1024.0
10447702,stimulus_Arg_PISACowsMilk_10_page_6,319.2,858.4,1025.0
10447703,stimulus_Arg_PISACowsMilk_10_page_6,320.2,857.1,1026.0
10447704,stimulus_Arg_PISACowsMilk_10_page_6,322.1,854.3,1030.0
10447705,stimulus_Arg_PISACowsMilk_10_page_6,327.1,845.3,1035.0
10447706,stimulus_Arg_PISACowsMilk_10_page_6,333.9,833.9,1047.0
10447707,stimulus_Arg_PISACowsMilk_10_page_6,340.5,824.0,1058.0
10447708,stimulus_Arg_PISACowsMilk_10_page_6,344.6,822.4,1067.0
10447709,stimulus_Arg_PISACowsMilk_10_page_6,347.0,826.4,1068.0
10447710,stimulus_Arg_PISACowsMilk_10_page_6,348.5,833.2,1064.0
10447711,stimulus_Arg_PISACowsMilk_10_page_6,349.1,841.1,1052.0
10447712,stimulus_Arg_PISACowsMilk_10_page_6,349.8,850.5,1038.0
10447713,stimulus_Arg_PISACowsMilk_10_page_6,350.3,860.6,1022.0
10447714,stimulus_Arg_PISACowsMilk_10_page_6,349.7,871.2,1009.0
10447715,stimulus_Arg_PISACowsMilk_10_page_6,347.6,881.6,993.0
10447716,stimulus_Arg_PISACowsMilk_10_page_6,344.6,892.3,978.0
10447717,stimulus_Arg_PISACowsMilk_10_page_6,342.4,904.3,961.0
10447718,stimulus_Arg_PISACowsMilk_10_page_6,340.7,916.5,946.0
10447719,stimulus_Arg_PISACowsMilk_10_page_6,340.0,927.1,930.0
10447720,stimulus_Arg_PISACowsMilk_10_page_6,339.3,937.6,916.0
10447721,stimulus_Arg_PISACowsMilk_10_page_6,338.8,947.8,900.0
10447722,stimulus_Arg_PISACowsMilk_10_page_6,338.7,959.1,886.0
10447723,stimulus_Arg_PISACowsMilk_10_page_6,338.7,970.2,872.0
10447724,stimulus_Arg_PISACowsMilk_10_page_6,338.6,981.5,857.0
10447725,stimulus_Arg_PISACowsMilk_10_page_6,337.7,993.2,839.0
10447726,stimulus_Arg_PISACowsMilk_10_page_6,335.8,1004.8,821.0
10447727,stimulus_Arg_PISACowsMilk_10_page_6,333.6,1016.5,802.0
10447728,stimulus_Arg_PISACowsMilk_10_page_6,330.9,1027.9,782.0
10447729,stimulus_Arg_PISACowsMilk_10_page_6,327.4,1038.9,765.0
10447730,stimulus_Arg_PISACowsMilk_10_page_6,323.2,1048.2,745.0
10447731,stimulus_Arg_PISACowsMilk_10_page_6,318.6,1056.6,725.0
10447732,stimulus_Arg_PISACowsMilk_10_page_6,315.8,1064.6,707.0
10447733,stimulus_Arg_PISACowsMilk_10_page_6,313.2,1072.3,690.0
10447734,stimulus_Arg_PISACowsMilk_10_page_6,311.0,1079.9,677.0
10447735,stimulus_Arg_PISACowsMilk_10_page_6,306.9,1086.8,659.0
10447736,stimulus_Arg_PISACowsMilk_10_page_6,303.0,1095.2,642.0
10447737,stimulus_Arg_PISACowsMilk_10_page_6,298.5,1102.9,629.0
10447738,stimulus_Arg_PISACowsMilk_10_page_6,292.5,1109.6,614.0
10447739,stimulus_Arg_PISACowsMilk_10_page_6,286.1,1115.0,600.0
10447740,stimulus_Arg_PISACowsMilk_10_page_6,281.4,1120.7,585.0
10447741,stimulus_Arg_PISACowsMilk_10_page_6,279.0,1126.7,572.0
10447742,stimulus_Arg_PISACowsMilk_10_page_6,277.5,1132.6,559.0
10447743,stimulus_Arg_PISACowsMilk_10_page_6,276.4,1138.5,547.0
10447744,stimulus_Arg_PISACowsMilk_10_page_6,276.8,1143.6,539.0
10447745,stimulus_Arg_PISACowsMilk_10_page_6,277.8,1147.2,531.0
10447746,stimulus_Arg_PISACowsMilk_10_page_6,279.1,1149.6,523.0
10447747,stimulus_Arg_PISACowsMilk_10_page_6,280.3,1150.9,517.0
10447748,stimulus_Arg_PISACowsMilk_10_page_6,282.4,1152.6,515.0
10447749,stimulus_Arg_PISACowsMilk_10_page_6,283.8,1153.8,516.0
10447750,stimulus_Arg_PISACowsMilk_10_page_6,287.5,1155.1,519.0
10447751,stimulus_Arg_PISACowsMilk_10_page_6,289.8,1155.4,522.0
10447752,stimulus_Arg_PISACowsMilk_10_page_6,291.0,1154.9,524.0
10447753,stimulus_Arg_PISACowsMilk_10_page_6,289.9,1153.7,525.0
10447754,stimulus_Arg_PISACowsMilk_10_page_6,287.7,1151.7,525.0
10447755,stimulus_Arg_PISACowsMilk_10_page_6,285.9,1150.0,526.0
10447756,stimulus_Arg_PISACowsMilk_10_page_6,284.1,1148.7,529.0
10447757,stimulus_Arg_PISACowsMilk_10_page_6,280.3,1146.7,532.0
10447758,stimulus_Arg_PISACowsMilk_10_page_6,274.7,1142.3,533.0
10447759,stimulus_Arg_PISACowsMilk_10_page_6,268.2,1135.6,536.0
10447760,stimulus_Arg_PISACowsMilk_10_page_6,264.6,1129.1,543.0
10447761,stimulus_Arg_PISACowsMilk_10_page_6,263.7,1122.7,554.0
10447762,stimulus_Arg_PISACowsMilk_10_page_6,263.8,1116.8,565.0
10447763,stimulus_Arg_PISACowsMilk_10_page_6,264.4,1110.3,573.0
10447764,stimulus_Arg_PISACowsMilk_10_page_6,267.5,1104.5,583.0
10447765,stimulus_Arg_PISACowsMilk_10_page_6,273.0,1099.1,596.0
10447766,stimulus_Arg_PISACowsMilk_10_page_6,278.8,1094.6,609.0
10447767,stimulus_Arg_PISACowsMilk_10_page_6,283.0,1091.0,618.0
10447768,stimulus_Arg_PISACowsMilk_10_page_6,286.9,1087.0,626.0
10447769,stimulus_Arg_PISACowsMilk_10_page_6,292.3,1083.5,635.0
10447770,stimulus_Arg_PISACowsMilk_10_page_6,297.8,1078.8,642.0
10447771,stimulus_Arg_PISACowsMilk_10_page_6,304.1,1075.2,650.0
10447772,stimulus_Arg_PISACowsMilk_10_page_6,310.1,1070.4,657.0
10447773,stimulus_Arg_PISACowsMilk_10_page_6,315.6,1066.5,663.0
10447774,stimulus_Arg_PISACowsMilk_10_page_6,317.8,1062.3,665.0
10447775,stimulus_Arg_PISACowsMilk_10_page_6,318.3,1058.5,666.0
10447776,stimulus_Arg_PISACowsMilk_10_page_6,319.7,1055.7,671.0
10447777,stimulus_Arg_PISACowsMilk_10_page_6,321.5,1053.0,676.0
10447778,stimulus_Arg_PISACowsMilk_10_page_6,323.8,1051.5,681.0
10447779,stimulus_Arg_PISACowsMilk_10_page_6,326.1,1050.0,684.0
10447780,stimulus_Arg_PISACowsMilk_10_page_6,330.4,1049.5,688.0
10447781,stimulus_Arg_PISACowsMilk_10_page_6,334.1,1049.4,691.0
10447782,stimulus_Arg_PISACowsMilk_10_page_6,337.5,1050.7,691.0
10447783,stimulus_Arg_PISACowsMilk_10_page_6,339.0,1051.7,690.0
10447784,stimulus_Arg_PISACowsMilk_10_page_6,340.4,1054.2,686.0
10447785,stimulus_Arg_PISACowsMilk_10_page_6,340.7,1056.4,680.0
10447786,stimulus_Arg_PISACowsMilk_10_page_6,341.7,1059.9,675.0
10447787,stimulus_Arg_PISACowsMilk_10_page_6,344.0,1063.1,673.0
10447788,stimulus_Arg_PISACowsMilk_10_page_6,345.8,1066.8,672.0
10447789,stimulus_Arg_PISACowsMilk_10_page_6,344.5,1071.3,667.0
10447790,stimulus_Arg_PISACowsMilk_10_page_6,341.2,1075.5,661.0
10447791,stimulus_Arg_PISACowsMilk_10_page_6,336.9,1080.5,651.0
10447792,stimulus_Arg_PISACowsMilk_10_page_6,334.8,1086.0,644.0
10447793,stimulus_Arg_PISACowsMilk_10_page_6,333.0,1091.4,634.0
10447794,stimulus_Arg_PISACowsMilk_10_page_6,329.3,1097.4,619.0
10447795,stimulus_Arg_PISACowsMilk_10_page_6,325.6,1105.1,603.0
10447796,stimulus_Arg_PISACowsMilk_10_page_6,319.4,1115.0,585.0
10447797,stimulus_Arg_PISACowsMilk_10_page_6,316.0,1127.4,567.0
10447798,stimulus_Arg_PISACowsMilk_10_page_6,310.7,1138.8,543.0
10447799,stimulus_Arg_PISACowsMilk_10_page_6,305.2,1150.6,517.0
10447800,stimulus_Arg_PISACowsMilk_10_page_6,299.6,1162.0,493.0
10447801,stimulus_Arg_PISACowsMilk_10_page_6,295.9,1174.5,466.0
10447802,stimulus_Arg_PISACowsMilk_10_page_6,295.2,1189.4,442.0
10447803,stimulus_Arg_PISACowsMilk_10_page_6,297.9,1204.6,416.0
10447804,stimulus_Arg_PISACowsMilk_10_page_6,302.9,1220.1,394.0
10447805,stimulus_Arg_PISACowsMilk_10_page_6,307.5,1235.5,373.0
10447806,stimulus_Arg_PISACowsMilk_10_page_6,308.3,1253.2,355.0
10447807,stimulus_Arg_PISACowsMilk_10_page_6,306.7,1274.8,338.0
10447808,stimulus_Arg_PISACowsMilk_10_page_6,305.6,1298.6,321.0
10447809,stimulus_Arg_PISACowsMilk_10_page_6,307.2,1325.8,301.0
10447810,stimulus_Arg_PISACowsMilk_10_page_6,309.2,1344.6,288.0
10447811,stimulus_Arg_PISACowsMilk_10_page_6,311.4,1355.3,280.0
10447812,stimulus_Arg_PISACowsMilk_10_page_6,311.4,1355.3,280.0
10447813,stimulus_Arg_PISACowsMilk_10_page_6,,,0.0
10447814,stimulus_Arg_PISACowsMilk_10_page_6,,,0.0
10447815,stimulus_Arg_PISACowsMilk_10_page_6,,,0.0
10447816,stimulus_Arg_PISACowsMilk_10_page_6,,,0.0
10447817,stimulus_Arg_PISACowsMilk_10_page_6,,,0.0
10447818,stimulus_Arg_PISACowsMilk_10_page_6,,,0.0
10447819,stimulus_Arg_PISACowsMilk_10_page_6,,,0.0
10447820,stimulus_Arg_PISACowsMilk_10_page_6,,,0.0
10447821,stimulus_Arg_PISACowsMilk_10_page_6,,,0.0
10447822,stimulus_Arg_PISACowsMilk_10_page_6,,,0.0
10447823,stimulus_Arg_PISACowsMilk_10_page_6,,,0.0
10447824,stimulus_Arg_PISACowsMilk_10_page_6,,,0.0
10447825,stimulus_Arg_PISACowsMilk_10_page_6,,,0.0
10447826,stimulus_Arg_PISACowsMilk_10_page_6,,,0.0
10447827,stimulus_Arg_PISACowsMilk_10_page_6,,,0.0
10447828,stimulus_Arg_PISACowsMilk_10_page_6,,,0.0
10447829,stimulus_Arg_PISACowsMilk_10_page_6,,,0.0
10447830,stimulus_Arg_PISACowsMilk_10_page_6,,,0.0
10447831,stimulus_Arg_PISACowsMilk_10_page_6,,,0.0
10447832,stimulus_Arg_PISACowsMilk_10_page_6,,,0.0
10447833,stimulus_Arg_PISACowsMilk_10_page_6,,,0.0
10447834,stimulus_Arg_PISACowsMilk_10_page_6,,,0.0
10447835,stimulus_Arg_PISACowsMilk_10_page_6,,,0.0
10447836,stimulus_Arg_PISACowsMilk_10_page_6,,,0.0
10447837,stimulus_Arg_PISACowsMilk_10_page_6,,,0.0
10447838,stimulus_Arg_PISACowsMilk_10_page_6,,,0.0
10447839,stimulus_Arg_PISACowsMilk_10_page_6,,,0.0
10447840,stimulus_Arg_PISACowsMilk_10_page_6,,,0.0
10447841,stimulus_Arg_PISACowsMilk_10_page_6,,,0.0
10447842,stimulus_Arg_PISACowsMilk_10_page_6,,,0.0
10447843,stimulus_Arg_PISACowsMilk_10_page_6,,,0.0
10447844,stimulus_Arg_PISACowsMilk_10_page_6,,,0.0
10447845,stimulus_Arg_PISACowsMilk_10_page_6,,,0.0
10447846,stimulus_Arg_PISACowsMilk_10_page_6,,,0.0
10447847,stimulus_Arg_PISACowsMilk_10_page_6,,,0.0
10447848,stimulus_Arg_PISACowsMilk_10_page_6,,,0.0
10447849,stimulus_Arg_PISACowsMilk_10_page_6,,,0.0
10447850,stimulus_Arg_PISACowsMilk_10_page_6,,,0.0
10447851,stimulus_Arg_PISACowsMilk_10_page_6,,,0.0
10447852,stimulus_Arg_PISACowsMilk_10_page_6,,,0.0
10447853,stimulus_Arg_PISACowsMilk_10_page_6,,,0.0
10447854,stimulus_Arg_PISACowsMilk_10_page_6,,,0.0
10447855,stimulus_Arg_PISACowsMilk_10_page_6,,,0.0
10447856,stimulus_Arg_PISACowsMilk_10_page_6,,,0.0
10447857,stimulus_Arg_PISACowsMilk_10_page_6,,,0.0
10447858,stimulus_Arg_PISACowsMilk_10_page_6,,,0.0
10447859,stimulus_Arg_PISACowsMilk_10_page_6,,,0.0
10447860,stimulus_Arg_PISACowsMilk_10_page_6,,,0.0
10447861,stimulus_Arg_PISACowsMilk_10_page_6,,,0.0
10447862,stimulus_Arg_PISACowsMilk_10_page_6,,,0.0
10447863,stimulus_Arg_PISACowsMilk_10_page_6,,,0.0
10447864,stimulus_Arg_PISACowsMilk_10_page_6,,,0.0
10447865,stimulus_Arg_PISACowsMilk_10_page_6,,,0.0
10447866,stimulus_Arg_PISACowsMilk_10_page_6,,,0.0
10447867,stimulus_Arg_PISACowsMilk_10_page_6,,,0.0
10447868,stimulus_Arg_PISACowsMilk_10_page_6,,,0.0
10447869,stimulus_Arg_PISACowsMilk_10_page_6,,,0.0
10447870,stimulus_Arg_PISACowsMilk_10_page_6,,,0.0
10447871,stimulus_Arg_PISACowsMilk_10_page_6,,,0.0
10447872,stimulus_Arg_PISACowsMilk_10_page_6,,,0.0
10447873,stimulus_Arg_PISACowsMilk_10_page_6,,,0.0
10447874,stimulus_Arg_PISACowsMilk_10_page_6,,,0.0
10447875,stimulus_Arg_PISACowsMilk_10_page_6,,,0.0
10447876,stimulus_Arg_PISACowsMilk_10_page_6,,,0.0
10447877,stimulus_Arg_PISACowsMilk_10_page_6,,,0.0
10447878,stimulus_Arg_PISACowsMilk_10_page_6,,,0.0
10447879,stimulus_Arg_PISACowsMilk_10_page_6,,,0.0
10447880,stimulus_Arg_PISACowsMilk_10_page_6,,,0.0
10447881,stimulus_Arg_PISACowsMilk_10_page_6,,,0.0
10447882,stimulus_Arg_PISACowsMilk_10_page_6,,,0.0
10447883,stimulus_Arg_PISACowsMilk_10_page_6,,,0.0
10447884,stimulus_Arg_PISACowsMilk_10_page_6,,,0.0
10447885,stimulus_Arg_PISACowsMilk_10_page_6,,,0.0
10447886,stimulus_Arg_PISACowsMilk_10_page_6,,,0.0
10447887,stimulus_Arg_PISACowsMilk_10_page_6,,,0.0
10447888,stimulus_Arg_PISACowsMilk_10_page_6,,,0.0
10447889,stimulus_Arg_PISACowsMilk_10_page_6,,,0.0
10447890,stimulus_Arg_PISACowsMilk_10_page_6,,,0.0
10447891,stimulus_Arg_PISACowsMilk_10_page_6,,,0.0
10447892,stimulus_Arg_PISACowsMilk_10_page_6,,,0.0
10447893,stimulus_Arg_PISACowsMilk_10_page_6,,,0.0
10447894,stimulus_Arg_PISACowsMilk_10_page_6,,,0.0
10447895,stimulus_Arg_PISACowsMilk_10_page_6,,,0.0
10447896,stimulus_Arg_PISACowsMilk_10_page_6,,,0.0
10447897,stimulus_Arg_PISACowsMilk_10_page_6,,,0.0
10447898,stimulus_Arg_PISACowsMilk_10_page_6,,,0.0
10447899,stimulus_Arg_PISACowsMilk_10_page_6,,,0.0
10447900,stimulus_Arg_PISACowsMilk_10_page_6,,,0.0
10447901,stimulus_Arg_PISACowsMilk_10_page_6,,,0.0
10447902,stimulus_Arg_PISACowsMilk_10_page_6,,,0.0
10447903,stimulus_Arg_PISACowsMilk_10_page_6,,,0.0
10447904,stimulus_Arg_PISACowsMilk_10_page_6,,,0.0
10447905,stimulus_Arg_PISACowsMilk_10_page_6,,,0.0
10447906,stimulus_Arg_PISACowsMilk_10_page_6,,,0.0
10447907,stimulus_Arg_PISACowsMilk_10_page_6,,,0.0
10447908,stimulus_Arg_PISACowsMilk_10_page_6,,,0.0
10447909,stimulus_Arg_PISACowsMilk_10_page_6,,,0.0
10447910,stimulus_Arg_PISACowsMilk_10_page_6,,,0.0
10447911,stimulus_Arg_PISACowsMilk_10_page_6,,,0.0
10447912,stimulus_Arg_PISACowsMilk_10_page_6,,,0.0
10447913,stimulus_Arg_PISACowsMilk_10_page_6,,,0.0
10447914,stimulus_Arg_PISACowsMilk_10_page_6,,,0.0
10447915,stimulus_Arg_PISACowsMilk_10_page_6,,,0.0
10447916,stimulus_Arg_PISACowsMilk_10_page_6,,,0.0
10447917,stimulus_Arg_PISACowsMilk_10_page_6,,,0.0
10447918,stimulus_Arg_PISACowsMilk_10_page_6,,,0.0
10447919,stimulus_Arg_PISACowsMilk_10_page_6,,,0.0
10447920,stimulus_Arg_PISACowsMilk_10_page_6,,,0.0
10447921,stimulus_Arg_PISACowsMilk_10_page_6,,,0.0
10447922,stimulus_Arg_PISACowsMilk_10_page_6,,,0.0
10447923,stimulus_Arg_PISACowsMilk_10_page_6,,,0.0
10447924,stimulus_Arg_PISACowsMilk_10_page_6,,,0.0
10447925,stimulus_Arg_PISACowsMilk_10_page_6,,,0.0
10447926,stimulus_Arg_PISACowsMilk_10_page_6,,,0.0
10447927,stimulus_Arg_PISACowsMilk_10_page_6,,,0.0
10447928,stimulus_Arg_PISACowsMilk_10_page_6,,,0.0
10447929,stimulus_Arg_PISACowsMilk_10_page_6,,,0.0
10447930,stimulus_Arg_PISACowsMilk_10_page_6,,,0.0
10447931,stimulus_Arg_PISACowsMilk_10_page_6,,,0.0
10447932,stimulus_Arg_PISACowsMilk_10_page_6,,,0.0
10447933,stimulus_Arg_PISACowsMilk_10_page_6,,,0.0
10447934,stimulus_Arg_PISACowsMilk_10_page_6,,,0.0
10447935,stimulus_Arg_PISACowsMilk_10_page_6,,,0.0
10447936,stimulus_Arg_PISACowsMilk_10_page_6,,,0.0
10447937,stimulus_Arg_PISACowsMilk_10_page_6,,,0.0
10447938,stimulus_Arg_PISACowsMilk_10_page_6,379.0,1312.8,190.0
10447939,stimulus_Arg_PISACowsMilk_10_page_6,379.0,1312.8,190.0
10447940,stimulus_Arg_PISACowsMilk_10_page_6,379.7,1308.0,197.0
10447941,stimulus_Arg_PISACowsMilk_10_page_6,380.5,1299.7,210.0
10447942,stimulus_Arg_PISACowsMilk_10_page_6,380.1,1286.9,228.0
10447943,stimulus_Arg_PISACowsMilk_10_page_6,379.2,1275.2,245.0
10447944,stimulus_Arg_PISACowsMilk_10_page_6,378.6,1260.5,265.0
10447945,stimulus_Arg_PISACowsMilk_10_page_6,378.7,1241.7,281.0
10447946,stimulus_Arg_PISACowsMilk_10_page_6,378.8,1219.3,296.0
10447947,stimulus_Arg_PISACowsMilk_10_page_6,383.3,1199.8,310.0
10447948,stimulus_Arg_PISACowsMilk_10_page_6,390.3,1186.0,328.0
10447949,stimulus_Arg_PISACowsMilk_10_page_6,400.2,1174.6,344.0
10447950,stimulus_Arg_PISACowsMilk_10_page_6,411.3,1162.8,364.0
10447951,stimulus_Arg_PISACowsMilk_10_page_6,426.3,1149.5,384.0
10447952,stimulus_Arg_PISACowsMilk_10_page_6,442.6,1138.1,407.0
10447953,stimulus_Arg_PISACowsMilk_10_page_6,457.5,1126.7,432.0
10447954,stimulus_Arg_PISACowsMilk_10_page_6,472.5,1116.7,455.0
10447955,stimulus_Arg_PISACowsMilk_10_page_6,490.3,1107.3,481.0
10447956,stimulus_Arg_PISACowsMilk_10_page_6,532.9,1101.8,524.0
10447957,stimulus_Arg_PISACowsMilk_10_page_6,574.9,1094.7,572.0
10447958,stimulus_Arg_PISACowsMilk_10_page_6,614.4,1086.2,620.0
10447959,stimulus_Arg_PISACowsMilk_10_page_6,626.7,1074.1,652.0
10447960,stimulus_Arg_PISACowsMilk_10_page_6,636.6,1062.7,682.0
10447961,stimulus_Arg_PISACowsMilk_10_page_6,645.9,1052.8,709.0
10447962,stimulus_Arg_PISACowsMilk_10_page_6,654.6,1042.3,733.0
10447963,stimulus_Arg_PISACowsMilk_10_page_6,660.5,1031.4,757.0
10447964,stimulus_Arg_PISACowsMilk_10_page_6,664.3,1018.6,787.0
10447965,stimulus_Arg_PISACowsMilk_10_page_6,668.5,1006.9,811.0
10447966,stimulus_Arg_PISACowsMilk_10_page_6,689.8,995.7,844.0
10447967,stimulus_Arg_PISACowsMilk_10_page_6,709.1,984.2,861.0
10447968,stimulus_Arg_PISACowsMilk_10_page_6,712.5,973.6,878.0
10447969,stimulus_Arg_PISACowsMilk_10_page_6,696.9,961.5,878.0
10447970,stimulus_Arg_PISACowsMilk_10_page_6,681.4,951.8,887.0
10447971,stimulus_Arg_PISACowsMilk_10_page_6,680.7,940.9,896.0
10447972,stimulus_Arg_PISACowsMilk_10_page_6,681.6,931.7,910.0
10447973,stimulus_Arg_PISACowsMilk_10_page_6,682.5,923.2,921.0
10447974,stimulus_Arg_PISACowsMilk_10_page_6,682.0,915.5,931.0
10447975,stimulus_Arg_PISACowsMilk_10_page_6,681.5,908.7,940.0
10447976,stimulus_Arg_PISACowsMilk_10_page_6,679.5,901.2,946.0
10447977,stimulus_Arg_PISACowsMilk_10_page_6,678.1,893.8,954.0
10447978,stimulus_Arg_PISACowsMilk_10_page_6,677.7,887.4,963.0
10447979,stimulus_Arg_PISACowsMilk_10_page_6,678.8,880.6,970.0
10447980,stimulus_Arg_PISACowsMilk_10_page_6,680.7,874.9,980.0
10447981,stimulus_Arg_PISACowsMilk_10_page_6,682.0,868.8,987.0
10447982,stimulus_Arg_PISACowsMilk_10_page_6,683.9,864.4,995.0
10447983,stimulus_Arg_PISACowsMilk_10_page_6,685.0,860.1,1001.0
10447984,stimulus_Arg_PISACowsMilk_10_page_6,686.0,855.8,1004.0
10447985,stimulus_Arg_PISACowsMilk_10_page_6,686.8,852.4,1008.0
10447986,stimulus_Arg_PISACowsMilk_10_page_6,687.6,849.8,1010.0
10447987,stimulus_Arg_PISACowsMilk_10_page_6,688.5,847.9,1011.0
10447988,stimulus_Arg_PISACowsMilk_10_page_6,689.3,846.0,1012.0
10447989,stimulus_Arg_PISACowsMilk_10_page_6,690.1,843.9,1013.0
10447990,stimulus_Arg_PISACowsMilk_10_page_6,690.7,842.3,1015.0
10447991,stimulus_Arg_PISACowsMilk_10_page_6,691.1,840.7,1016.0
10447992,stimulus_Arg_PISACowsMilk_10_page_6,691.6,840.8,1016.0
10447993,stimulus_Arg_PISACowsMilk_10_page_6,691.9,842.5,1016.0
10447994,stimulus_Arg_PISACowsMilk_10_page_6,692.1,844.1,1017.0
10447995,stimulus_Arg_PISACowsMilk_10_page_6,692.3,845.6,1018.0
10447996,stimulus_Arg_PISACowsMilk_10_page_6,692.8,848.0,1019.0
10447997,stimulus_Arg_PISACowsMilk_10_page_6,693.2,850.7,1018.0
10447998,stimulus_Arg_PISACowsMilk_10_page_6,693.5,853.4,1017.0
10447999,stimulus_Arg_PISACowsMilk_10_page_6,693.4,855.4,1014.0
10448000,stimulus_Arg_PISACowsMilk_10_page_6,693.1,857.7,1013.0
10448001,stimulus_Arg_PISACowsMilk_10_page_6,692.7,860.7,1011.0
10448002,stimulus_Arg_PISACowsMilk_10_page_6,692.3,864.0,1011.0
10448003,stimulus_Arg_PISACowsMilk_10_page_6,691.6,866.8,1011.0
10448004,stimulus_Arg_PISACowsMilk_10_page_6,691.1,868.5,1012.0
10448005,stimulus_Arg_PISACowsMilk_10_page_6,690.5,869.1,1012.0
10448006,stimulus_Arg_PISACowsMilk_10_page_6,690.6,869.5,1012.0
10448007,stimulus_Arg_PISACowsMilk_10_page_6,690.5,870.5,1011.0
10448008,stimulus_Arg_PISACowsMilk_10_page_6,690.7,871.5,1010.0
10448009,stimulus_Arg_PISACowsMilk_10_page_6,691.1,873.0,1009.0
10448010,stimulus_Arg_PISACowsMilk_10_page_6,691.5,874.2,1009.0
10448011,stimulus_Arg_PISACowsMilk_10_page_6,691.6,875.4,1009.0
10448012,stimulus_Arg_PISACowsMilk_10_page_6,691.6,876.3,1009.0
10448013,stimulus_Arg_PISACowsMilk_10_page_6,691.5,876.9,1009.0
10448014,stimulus_Arg_PISACowsMilk_10_page_6,691.5,877.2,1009.0
10448015,stimulus_Arg_PISACowsMilk_10_page_6,691.5,878.0,1009.0
10448016,stimulus_Arg_PISACowsMilk_10_page_6,691.1,878.8,1009.0
10448017,stimulus_Arg_PISACowsMilk_10_page_6,690.7,879.8,1008.0
10448018,stimulus_Arg_PISACowsMilk_10_page_6,690.4,880.2,1007.0
10448019,stimulus_Arg_PISACowsMilk_10_page_6,690.4,880.7,1007.0
10448020,stimulus_Arg_PISACowsMilk_10_page_6,690.2,881.1,1008.0
10448021,stimulus_Arg_PISACowsMilk_10_page_6,690.0,881.5,1009.0
10448022,stimulus_Arg_PISACowsMilk_10_page_6,690.1,881.8,1011.0
10448023,stimulus_Arg_PISACowsMilk_10_page_6,690.4,881.9,1011.0
10448024,stimulus_Arg_PISACowsMilk_10_page_6,690.6,882.2,1012.0
10448025,stimulus_Arg_PISACowsMilk_10_page_6,690.2,882.0,1012.0
10448026,stimulus_Arg_PISACowsMilk_10_page_6,689.8,881.7,1013.0
10448027,stimulus_Arg_PISACowsMilk_10_page_6,689.3,881.4,1013.0
10448028,stimulus_Arg_PISACowsMilk_10_page_6,688.8,881.0,1013.0
10448029,stimulus_Arg_PISACowsMilk_10_page_6,688.4,880.8,1014.0
10448030,stimulus_Arg_PISACowsMilk_10_page_6,688.0,880.7,1014.0
10448031,stimulus_Arg_PISACowsMilk_10_page_6,687.7,880.5,1015.0
10448032,stimulus_Arg_PISACowsMilk_10_page_6,687.2,880.4,1015.0
10448033,stimulus_Arg_PISACowsMilk_10_page_6,686.9,880.5,1016.0
10448034,stimulus_Arg_PISACowsMilk_10_page_6,686.9,880.4,1015.0
10448035,stimulus_Arg_PISACowsMilk_10_page_6,686.7,880.2,1014.0
10448036,stimulus_Arg_PISACowsMilk_10_page_6,686.4,879.8,1012.0
10448037,stimulus_Arg_PISACowsMilk_10_page_6,686.1,879.6,1011.0
10448038,stimulus_Arg_PISACowsMilk_10_page_6,685.9,879.4,1011.0
10448039,stimulus_Arg_PISACowsMilk_10_page_6,685.8,879.5,1010.0
10448040,stimulus_Arg_PISACowsMilk_10_page_6,685.7,879.4,1010.0
10448041,stimulus_Arg_PISACowsMilk_10_page_6,685.6,879.3,1010.0
10448042,stimulus_Arg_PISACowsMilk_10_page_6,685.3,879.1,1009.0
10448043,stimulus_Arg_PISACowsMilk_10_page_6,685.1,878.8,1008.0
10448044,stimulus_Arg_PISACowsMilk_10_page_6,684.9,878.6,1008.0
10448045,stimulus_Arg_PISACowsMilk_10_page_6,684.6,878.4,1008.0
10448046,stimulus_Arg_PISACowsMilk_10_page_6,684.3,878.5,1007.0
10448047,stimulus_Arg_PISACowsMilk_10_page_6,684.0,878.7,1007.0
10448048,stimulus_Arg_PISACowsMilk_10_page_6,684.2,879.1,1008.0
10448049,stimulus_Arg_PISACowsMilk_10_page_6,684.4,879.4,1008.0
10448050,stimulus_Arg_PISACowsMilk_10_page_6,684.6,879.9,1007.0
10448051,stimulus_Arg_PISACowsMilk_10_page_6,684.7,880.4,1006.0
10448052,stimulus_Arg_PISACowsMilk_10_page_6,684.7,880.9,1006.0
10448053,stimulus_Arg_PISACowsMilk_10_page_6,684.7,881.2,1006.0
10448054,stimulus_Arg_PISACowsMilk_10_page_6,684.7,881.0,1007.0
10448055,stimulus_Arg_PISACowsMilk_10_page_6,684.5,880.6,1007.0
10448056,stimulus_Arg_PISACowsMilk_10_page_6,684.2,880.3,1007.0
10448057,stimulus_Arg_PISACowsMilk_10_page_6,684.0,880.1,1008.0
10448058,stimulus_Arg_PISACowsMilk_10_page_6,683.9,880.1,1008.0
10448059,stimulus_Arg_PISACowsMilk_10_page_6,684.0,880.1,1008.0
10448060,stimulus_Arg_PISACowsMilk_10_page_6,684.1,880.4,1008.0
10448061,stimulus_Arg_PISACowsMilk_10_page_6,683.9,880.6,1008.0
10448062,stimulus_Arg_PISACowsMilk_10_page_6,683.3,880.9,1009.0
10448063,stimulus_Arg_PISACowsMilk_10_page_6,682.8,880.9,1010.0
10448064,stimulus_Arg_PISACowsMilk_10_page_6,682.5,880.7,1011.0
10448065,stimulus_Arg_PISACowsMilk_10_page_6,682.6,880.5,1011.0
10448066,stimulus_Arg_PISACowsMilk_10_page_6,682.7,880.0,1011.0
10448067,stimulus_Arg_PISACowsMilk_10_page_6,682.6,879.8,1010.0
10448068,stimulus_Arg_PISACowsMilk_10_page_6,682.5,879.5,1010.0
10448069,stimulus_Arg_PISACowsMilk_10_page_6,682.4,879.2,1011.0
10448070,stimulus_Arg_PISACowsMilk_10_page_6,682.5,878.9,1012.0
10448071,stimulus_Arg_PISACowsMilk_10_page_6,682.6,878.5,1013.0
10448072,stimulus_Arg_PISACowsMilk_10_page_6,682.6,878.6,1014.0
10448073,stimulus_Arg_PISACowsMilk_10_page_6,682.5,878.7,1015.0
10448074,stimulus_Arg_PISACowsMilk_10_page_6,682.3,878.8,1015.0
10448075,stimulus_Arg_PISACowsMilk_10_page_6,682.1,878.7,1015.0
10448076,stimulus_Arg_PISACowsMilk_10_page_6,682.4,878.5,1015.0
10448077,stimulus_Arg_PISACowsMilk_10_page_6,682.7,878.4,1015.0
10448078,stimulus_Arg_PISACowsMilk_10_page_6,682.9,878.2,1014.0
10448079,stimulus_Arg_PISACowsMilk_10_page_6,682.9,878.2,1015.0
10448080,stimulus_Arg_PISACowsMilk_10_page_6,682.8,878.2,1014.0
10448081,stimulus_Arg_PISACowsMilk_10_page_6,682.7,878.6,1014.0
10448082,stimulus_Arg_PISACowsMilk_10_page_6,682.5,879.0,1014.0
10448083,stimulus_Arg_PISACowsMilk_10_page_6,682.5,879.3,1015.0
10448084,stimulus_Arg_PISACowsMilk_10_page_6,682.2,879.1,1015.0
10448085,stimulus_Arg_PISACowsMilk_10_page_6,681.9,878.8,1017.0
10448086,stimulus_Arg_PISACowsMilk_10_page_6,681.6,878.8,1018.0
10448087,stimulus_Arg_PISACowsMilk_10_page_6,681.6,878.9,1020.0
10448088,stimulus_Arg_PISACowsMilk_10_page_6,681.6,879.1,1019.0
10448089,stimulus_Arg_PISACowsMilk_10_page_6,681.6,879.3,1019.0
10448090,stimulus_Arg_PISACowsMilk_10_page_6,681.6,879.4,1019.0
10448091,stimulus_Arg_PISACowsMilk_10_page_6,681.3,879.4,1019.0
10448092,stimulus_Arg_PISACowsMilk_10_page_6,681.0,879.5,1019.0
10448093,stimulus_Arg_PISACowsMilk_10_page_6,680.8,879.5,1019.0
10448094,stimulus_Arg_PISACowsMilk_10_page_6,680.9,879.6,1019.0
10448095,stimulus_Arg_PISACowsMilk_10_page_6,681.1,879.7,1019.0
10448096,stimulus_Arg_PISACowsMilk_10_page_6,681.4,879.9,1020.0
10448097,stimulus_Arg_PISACowsMilk_10_page_6,681.6,880.1,1021.0
10448098,stimulus_Arg_PISACowsMilk_10_page_6,681.6,880.3,1021.0
10448099,stimulus_Arg_PISACowsMilk_10_page_6,681.6,880.4,1021.0
10448100,stimulus_Arg_PISACowsMilk_10_page_6,681.5,880.5,1022.0
10448101,stimulus_Arg_PISACowsMilk_10_page_6,681.5,880.8,1022.0
10448102,stimulus_Arg_PISACowsMilk_10_page_6,681.5,881.2,1021.0
10448103,stimulus_Arg_PISACowsMilk_10_page_6,681.6,881.9,1021.0
10448104,stimulus_Arg_PISACowsMilk_10_page_6,681.7,882.1,1021.0
10448105,stimulus_Arg_PISACowsMilk_10_page_6,681.7,882.2,1022.0
10448106,stimulus_Arg_PISACowsMilk_10_page_6,681.5,882.1,1022.0
10448107,stimulus_Arg_PISACowsMilk_10_page_6,681.4,882.0,1021.0
10448108,stimulus_Arg_PISACowsMilk_10_page_6,681.4,881.8,1022.0
10448109,stimulus_Arg_PISACowsMilk_10_page_6,681.5,881.8,1022.0
10448110,stimulus_Arg_PISACowsMilk_10_page_6,681.6,881.7,1025.0
10448111,stimulus_Arg_PISACowsMilk_10_page_6,681.6,881.1,1027.0
10448112,stimulus_Arg_PISACowsMilk_10_page_6,681.2,880.4,1028.0
10448113,stimulus_Arg_PISACowsMilk_10_page_6,679.6,879.9,1027.0
10448114,stimulus_Arg_PISACowsMilk_10_page_6,676.1,879.8,1026.0
10448115,stimulus_Arg_PISACowsMilk_10_page_6,671.3,880.3,1028.0
10448116,stimulus_Arg_PISACowsMilk_10_page_6,667.2,880.8,1029.0
10448117,stimulus_Arg_PISACowsMilk_10_page_6,660.7,881.3,1031.0
10448118,stimulus_Arg_PISACowsMilk_10_page_6,653.7,881.3,1030.0
10448119,stimulus_Arg_PISACowsMilk_10_page_6,644.7,881.3,1030.0
10448120,stimulus_Arg_PISACowsMilk_10_page_6,636.8,882.3,1032.0
10448121,stimulus_Arg_PISACowsMilk_10_page_6,627.4,883.2,1035.0
10448122,stimulus_Arg_PISACowsMilk_10_page_6,614.9,883.8,1038.0
10448123,stimulus_Arg_PISACowsMilk_10_page_6,603.0,883.9,1039.0
10448124,stimulus_Arg_PISACowsMilk_10_page_6,590.8,884.1,1041.0
10448125,stimulus_Arg_PISACowsMilk_10_page_6,581.1,884.7,1044.0
10448126,stimulus_Arg_PISACowsMilk_10_page_6,571.0,885.3,1046.0
10448127,stimulus_Arg_PISACowsMilk_10_page_6,561.8,886.0,1048.0
10448128,stimulus_Arg_PISACowsMilk_10_page_6,552.8,887.1,1051.0
10448129,stimulus_Arg_PISACowsMilk_10_page_6,545.1,888.1,1054.0
10448130,stimulus_Arg_PISACowsMilk_10_page_6,537.2,889.5,1057.0
10448131,stimulus_Arg_PISACowsMilk_10_page_6,531.0,890.2,1057.0
10448132,stimulus_Arg_PISACowsMilk_10_page_6,524.7,890.7,1059.0
10448133,stimulus_Arg_PISACowsMilk_10_page_6,521.0,890.8,1060.0
10448134,stimulus_Arg_PISACowsMilk_10_page_6,517.3,890.9,1060.0
10448135,stimulus_Arg_PISACowsMilk_10_page_6,515.7,890.8,1058.0
10448136,stimulus_Arg_PISACowsMilk_10_page_6,514.4,890.6,1059.0
10448137,stimulus_Arg_PISACowsMilk_10_page_6,514.8,890.2,1060.0
10448138,stimulus_Arg_PISACowsMilk_10_page_6,515.7,889.9,1063.0
10448139,stimulus_Arg_PISACowsMilk_10_page_6,516.7,889.1,1064.0
10448140,stimulus_Arg_PISACowsMilk_10_page_6,517.1,888.4,1065.0
10448141,stimulus_Arg_PISACowsMilk_10_page_6,517.2,887.7,1066.0
10448142,stimulus_Arg_PISACowsMilk_10_page_6,518.1,887.7,1068.0
10448143,stimulus_Arg_PISACowsMilk_10_page_6,519.0,887.8,1068.0
10448144,stimulus_Arg_PISACowsMilk_10_page_6,519.9,887.9,1068.0
10448145,stimulus_Arg_PISACowsMilk_10_page_6,519.9,887.9,1067.0
10448146,stimulus_Arg_PISACowsMilk_10_page_6,520.6,888.0,1068.0
10448147,stimulus_Arg_PISACowsMilk_10_page_6,521.4,888.1,1068.0
10448148,stimulus_Arg_PISACowsMilk_10_page_6,522.3,888.3,1068.0
10448149,stimulus_Arg_PISACowsMilk_10_page_6,522.5,888.7,1069.0
10448150,stimulus_Arg_PISACowsMilk_10_page_6,522.5,889.0,1070.0
10448151,stimulus_Arg_PISACowsMilk_10_page_6,522.6,889.2,1070.0
10448152,stimulus_Arg_PISACowsMilk_10_page_6,522.7,889.3,1069.0
10448153,stimulus_Arg_PISACowsMilk_10_page_6,522.2,889.3,1068.0
10448154,stimulus_Arg_PISACowsMilk_10_page_6,521.2,889.2,1068.0
10448155,stimulus_Arg_PISACowsMilk_10_page_6,520.2,889.1,1068.0
10448156,stimulus_Arg_PISACowsMilk_10_page_6,519.1,888.9,1068.0
10448157,stimulus_Arg_PISACowsMilk_10_page_6,518.2,888.7,1068.0
10448158,stimulus_Arg_PISACowsMilk_10_page_6,517.2,888.7,1068.0
10448159,stimulus_Arg_PISACowsMilk_10_page_6,516.4,888.8,1069.0
10448160,stimulus_Arg_PISACowsMilk_10_page_6,515.1,888.9,1068.0
10448161,stimulus_Arg_PISACowsMilk_10_page_6,513.5,888.9,1067.0
10448162,stimulus_Arg_PISACowsMilk_10_page_6,512.3,888.9,1066.0
10448163,stimulus_Arg_PISACowsMilk_10_page_6,511.6,888.9,1066.0
10448164,stimulus_Arg_PISACowsMilk_10_page_6,510.9,888.9,1066.0
10448165,stimulus_Arg_PISACowsMilk_10_page_6,510.4,888.9,1066.0
10448166,stimulus_Arg_PISACowsMilk_10_page_6,510.0,889.0,1067.0
10448167,stimulus_Arg_PISACowsMilk_10_page_6,509.6,889.1,1067.0
10448168,stimulus_Arg_PISACowsMilk_10_page_6,509.2,889.0,1068.0
10448169,stimulus_Arg_PISACowsMilk_10_page_6,509.0,888.8,1069.0
10448170,stimulus_Arg_PISACowsMilk_10_page_6,509.2,888.5,1071.0
10448171,stimulus_Arg_PISACowsMilk_10_page_6,509.5,888.3,1073.0
10448172,stimulus_Arg_PISACowsMilk_10_page_6,509.6,888.1,1074.0
10448173,stimulus_Arg_PISACowsMilk_10_page_6,509.6,887.9,1074.0
10448174,stimulus_Arg_PISACowsMilk_10_page_6,509.6,887.9,1073.0
10448175,stimulus_Arg_PISACowsMilk_10_page_6,509.6,887.9,1073.0
10448176,stimulus_Arg_PISACowsMilk_10_page_6,509.3,887.8,1073.0
10448177,stimulus_Arg_PISACowsMilk_10_page_6,508.9,887.7,1073.0
10448178,stimulus_Arg_PISACowsMilk_10_page_6,508.5,887.7,1073.0
10448179,stimulus_Arg_PISACowsMilk_10_page_6,508.6,887.7,1073.0
10448180,stimulus_Arg_PISACowsMilk_10_page_6,508.7,887.7,1074.0
10448181,stimulus_Arg_PISACowsMilk_10_page_6,508.9,887.6,1075.0
10448182,stimulus_Arg_PISACowsMilk_10_page_6,508.9,887.5,1075.0
10448183,stimulus_Arg_PISACowsMilk_10_page_6,508.9,887.4,1075.0
10448184,stimulus_Arg_PISACowsMilk_10_page_6,508.6,887.4,1075.0
10448185,stimulus_Arg_PISACowsMilk_10_page_6,508.4,887.4,1075.0
10448186,stimulus_Arg_PISACowsMilk_10_page_6,508.3,887.4,1075.0
10448187,stimulus_Arg_PISACowsMilk_10_page_6,508.3,887.2,1075.0
10448188,stimulus_Arg_PISACowsMilk_10_page_6,508.3,887.1,1075.0
10448189,stimulus_Arg_PISACowsMilk_10_page_6,508.2,886.9,1076.0
10448190,stimulus_Arg_PISACowsMilk_10_page_6,508.2,886.8,1076.0
10448191,stimulus_Arg_PISACowsMilk_10_page_6,508.3,886.7,1077.0
10448192,stimulus_Arg_PISACowsMilk_10_page_6,508.5,886.8,1077.0
10448193,stimulus_Arg_PISACowsMilk_10_page_6,508.8,887.3,1077.0
10448194,stimulus_Arg_PISACowsMilk_10_page_6,509.0,887.8,1078.0
10448195,stimulus_Arg_PISACowsMilk_10_page_6,509.1,887.7,1079.0
10448196,stimulus_Arg_PISACowsMilk_10_page_6,509.1,887.3,1079.0
10448197,stimulus_Arg_PISACowsMilk_10_page_6,508.9,887.0,1079.0
10448198,stimulus_Arg_PISACowsMilk_10_page_6,508.8,887.2,1080.0
10448199,stimulus_Arg_PISACowsMilk_10_page_6,508.7,887.4,1081.0
10448200,stimulus_Arg_PISACowsMilk_10_page_6,508.7,887.6,1082.0
10448201,stimulus_Arg_PISACowsMilk_10_page_6,508.5,887.3,1082.0
10448202,stimulus_Arg_PISACowsMilk_10_page_6,508.3,887.0,1082.0
10448203,stimulus_Arg_PISACowsMilk_10_page_6,508.2,886.7,1082.0
10448204,stimulus_Arg_PISACowsMilk_10_page_6,508.2,886.7,1082.0
10448205,stimulus_Arg_PISACowsMilk_10_page_6,508.2,886.5,1083.0
10448206,stimulus_Arg_PISACowsMilk_10_page_6,508.1,886.2,1083.0
10448207,stimulus_Arg_PISACowsMilk_10_page_6,508.2,886.1,1083.0
10448208,stimulus_Arg_PISACowsMilk_10_page_6,508.2,886.3,1083.0
10448209,stimulus_Arg_PISACowsMilk_10_page_6,508.1,886.5,1083.0
10448210,stimulus_Arg_PISACowsMilk_10_page_6,507.8,886.5,1084.0
10448211,stimulus_Arg_PISACowsMilk_10_page_6,507.4,886.4,1084.0
10448212,stimulus_Arg_PISACowsMilk_10_page_6,507.2,886.3,1085.0
10448213,stimulus_Arg_PISACowsMilk_10_page_6,507.2,886.3,1085.0
10448214,stimulus_Arg_PISACowsMilk_10_page_6,507.3,886.4,1084.0
10448215,stimulus_Arg_PISACowsMilk_10_page_6,507.4,886.5,1083.0
10448216,stimulus_Arg_PISACowsMilk_10_page_6,507.6,887.0,1083.0
10448217,stimulus_Arg_PISACowsMilk_10_page_6,507.9,887.4,1084.0
10448218,stimulus_Arg_PISACowsMilk_10_page_6,507.7,887.1,1085.0
10448219,stimulus_Arg_PISACowsMilk_10_page_6,507.3,886.4,1085.0
10448220,stimulus_Arg_PISACowsMilk_10_page_6,507.2,886.2,1086.0
10448221,stimulus_Arg_PISACowsMilk_10_page_6,507.6,886.7,1086.0
10448222,stimulus_Arg_PISACowsMilk_10_page_6,507.9,887.1,1086.0
10448223,stimulus_Arg_PISACowsMilk_10_page_6,507.7,887.0,1086.0
10448224,stimulus_Arg_PISACowsMilk_10_page_6,507.5,886.7,1086.0
10448225,stimulus_Arg_PISACowsMilk_10_page_6,507.2,886.5,1087.0
10448226,stimulus_Arg_PISACowsMilk_10_page_6,507.1,886.4,1087.0
10448227,stimulus_Arg_PISACowsMilk_10_page_6,507.0,886.3,1088.0
10448228,stimulus_Arg_PISACowsMilk_10_page_6,507.0,886.4,1088.0
10448229,stimulus_Arg_PISACowsMilk_10_page_6,506.8,886.6,1088.0
10448230,stimulus_Arg_PISACowsMilk_10_page_6,506.8,886.9,1088.0
10448231,stimulus_Arg_PISACowsMilk_10_page_6,506.7,887.1,1088.0
10448232,stimulus_Arg_PISACowsMilk_10_page_6,506.8,887.2,1088.0
10448233,stimulus_Arg_PISACowsMilk_10_page_6,506.7,887.2,1088.0
10448234,stimulus_Arg_PISACowsMilk_10_page_6,506.6,887.1,1088.0
10448235,stimulus_Arg_PISACowsMilk_10_page_6,506.6,887.0,1088.0
10448236,stimulus_Arg_PISACowsMilk_10_page_6,506.5,887.0,1088.0
10448237,stimulus_Arg_PISACowsMilk_10_page_6,506.7,887.0,1088.0
10448238,stimulus_Arg_PISACowsMilk_10_page_6,506.9,887.1,1088.0
10448239,stimulus_Arg_PISACowsMilk_10_page_6,507.2,887.2,1088.0
10448240,stimulus_Arg_PISACowsMilk_10_page_6,507.1,887.2,1088.0
10448241,stimulus_Arg_PISACowsMilk_10_page_6,506.9,887.0,1089.0
10448242,stimulus_Arg_PISACowsMilk_10_page_6,506.7,887.0,1091.0
10448243,stimulus_Arg_PISACowsMilk_10_page_6,506.7,887.1,1092.0
10448244,stimulus_Arg_PISACowsMilk_10_page_6,506.7,887.2,1092.0
10448245,stimulus_Arg_PISACowsMilk_10_page_6,506.5,887.3,1091.0
10448246,stimulus_Arg_PISACowsMilk_10_page_6,506.4,887.3,1089.0
10448247,stimulus_Arg_PISACowsMilk_10_page_6,506.2,887.3,1087.0
10448248,stimulus_Arg_PISACowsMilk_10_page_6,506.2,886.9,1087.0
10448249,stimulus_Arg_PISACowsMilk_10_page_6,506.3,886.5,1088.0
10448250,stimulus_Arg_PISACowsMilk_10_page_6,506.8,886.2,1089.0
10448251,stimulus_Arg_PISACowsMilk_10_page_6,507.2,886.2,1090.0
10448252,stimulus_Arg_PISACowsMilk_10_page_6,507.5,886.2,1088.0
10448253,stimulus_Arg_PISACowsMilk_10_page_6,507.3,886.2,1088.0
10448254,stimulus_Arg_PISACowsMilk_10_page_6,507.2,886.2,1087.0
10448255,stimulus_Arg_PISACowsMilk_10_page_6,507.3,886.2,1087.0
10448256,stimulus_Arg_PISACowsMilk_10_page_6,507.4,886.3,1088.0
10448257,stimulus_Arg_PISACowsMilk_10_page_6,507.4,886.5,1089.0
10448258,stimulus_Arg_PISACowsMilk_10_page_6,507.4,886.8,1090.0
10448259,stimulus_Arg_PISACowsMilk_10_page_6,507.2,886.9,1090.0
10448260,stimulus_Arg_PISACowsMilk_10_page_6,507.0,887.0,1091.0
10448261,stimulus_Arg_PISACowsMilk_10_page_6,506.9,887.0,1092.0
10448262,stimulus_Arg_PISACowsMilk_10_page_6,507.0,887.1,1092.0
10448263,stimulus_Arg_PISACowsMilk_10_page_6,507.1,887.1,1091.0
10448264,stimulus_Arg_PISACowsMilk_10_page_6,507.1,887.2,1089.0
10448265,stimulus_Arg_PISACowsMilk_10_page_6,507.2,887.3,1086.0
10448266,stimulus_Arg_PISACowsMilk_10_page_6,507.3,887.5,1086.0
10448267,stimulus_Arg_PISACowsMilk_10_page_6,507.4,887.7,1085.0
10448268,stimulus_Arg_PISACowsMilk_10_page_6,507.5,887.9,1086.0
10448269,stimulus_Arg_PISACowsMilk_10_page_6,507.5,888.1,1088.0
10448270,stimulus_Arg_PISACowsMilk_10_page_6,507.5,888.4,1089.0
10448271,stimulus_Arg_PISACowsMilk_10_page_6,507.6,888.5,1090.0
10448272,stimulus_Arg_PISACowsMilk_10_page_6,506.9,888.2,1090.0
10448273,stimulus_Arg_PISACowsMilk_10_page_6,505.7,887.8,1091.0
10448274,stimulus_Arg_PISACowsMilk_10_page_6,504.5,887.5,1092.0
10448275,stimulus_Arg_PISACowsMilk_10_page_6,502.5,887.5,1093.0
10448276,stimulus_Arg_PISACowsMilk_10_page_6,499.3,887.4,1093.0
10448277,stimulus_Arg_PISACowsMilk_10_page_6,493.0,887.1,1094.0
10448278,stimulus_Arg_PISACowsMilk_10_page_6,487.2,887.1,1096.0
10448279,stimulus_Arg_PISACowsMilk_10_page_6,482.2,887.2,1098.0
10448280,stimulus_Arg_PISACowsMilk_10_page_6,478.3,887.3,1099.0
10448281,stimulus_Arg_PISACowsMilk_10_page_6,471.9,886.9,1099.0
10448282,stimulus_Arg_PISACowsMilk_10_page_6,465.0,886.4,1100.0
10448283,stimulus_Arg_PISACowsMilk_10_page_6,458.5,886.0,1100.0
10448284,stimulus_Arg_PISACowsMilk_10_page_6,453.0,885.2,1101.0
10448285,stimulus_Arg_PISACowsMilk_10_page_6,448.6,884.4,1101.0
10448286,stimulus_Arg_PISACowsMilk_10_page_6,445.2,883.4,1100.0
10448287,stimulus_Arg_PISACowsMilk_10_page_6,440.7,882.1,1098.0
10448288,stimulus_Arg_PISACowsMilk_10_page_6,434.4,880.8,1097.0
10448289,stimulus_Arg_PISACowsMilk_10_page_6,428.7,879.9,1099.0
10448290,stimulus_Arg_PISACowsMilk_10_page_6,425.6,879.9,1099.0
10448291,stimulus_Arg_PISACowsMilk_10_page_6,422.1,880.0,1100.0
10448292,stimulus_Arg_PISACowsMilk_10_page_6,417.2,880.0,1100.0
10448293,stimulus_Arg_PISACowsMilk_10_page_6,413.0,879.5,1100.0
10448294,stimulus_Arg_PISACowsMilk_10_page_6,411.3,878.9,1100.0
10448295,stimulus_Arg_PISACowsMilk_10_page_6,410.7,878.3,1097.0
10448296,stimulus_Arg_PISACowsMilk_10_page_6,409.5,877.6,1093.0
10448297,stimulus_Arg_PISACowsMilk_10_page_6,407.8,877.0,1090.0
10448298,stimulus_Arg_PISACowsMilk_10_page_6,406.1,876.7,1089.0
10448299,stimulus_Arg_PISACowsMilk_10_page_6,405.1,877.0,1090.0
10448300,stimulus_Arg_PISACowsMilk_10_page_6,404.8,876.7,1092.0
10448301,stimulus_Arg_PISACowsMilk_10_page_6,404.9,876.0,1094.0
10448302,stimulus_Arg_PISACowsMilk_10_page_6,405.3,875.0,1096.0
10448303,stimulus_Arg_PISACowsMilk_10_page_6,405.8,874.6,1097.0
10448304,stimulus_Arg_PISACowsMilk_10_page_6,406.4,874.1,1097.0
10448305,stimulus_Arg_PISACowsMilk_10_page_6,406.6,873.7,1097.0
10448306,stimulus_Arg_PISACowsMilk_10_page_6,406.7,873.5,1097.0
10448307,stimulus_Arg_PISACowsMilk_10_page_6,406.8,873.5,1097.0
10448308,stimulus_Arg_PISACowsMilk_10_page_6,407.0,873.6,1096.0
10448309,stimulus_Arg_PISACowsMilk_10_page_6,407.6,873.7,1095.0
10448310,stimulus_Arg_PISACowsMilk_10_page_6,408.0,873.7,1093.0
10448311,stimulus_Arg_PISACowsMilk_10_page_6,408.6,873.8,1092.0
10448312,stimulus_Arg_PISACowsMilk_10_page_6,409.2,874.4,1092.0
10448313,stimulus_Arg_PISACowsMilk_10_page_6,410.0,874.9,1091.0
10448314,stimulus_Arg_PISACowsMilk_10_page_6,410.6,875.4,1090.0
10448315,stimulus_Arg_PISACowsMilk_10_page_6,410.8,875.4,1089.0
10448316,stimulus_Arg_PISACowsMilk_10_page_6,410.6,875.4,1088.0
10448317,stimulus_Arg_PISACowsMilk_10_page_6,410.5,875.4,1088.0
10448318,stimulus_Arg_PISACowsMilk_10_page_6,410.4,875.3,1088.0
10448319,stimulus_Arg_PISACowsMilk_10_page_6,409.8,875.2,1087.0
10448320,stimulus_Arg_PISACowsMilk_10_page_6,408.5,875.0,1086.0
10448321,stimulus_Arg_PISACowsMilk_10_page_6,407.0,874.8,1085.0
10448322,stimulus_Arg_PISACowsMilk_10_page_6,406.2,874.7,1085.0
10448323,stimulus_Arg_PISACowsMilk_10_page_6,406.0,874.7,1084.0
10448324,stimulus_Arg_PISACowsMilk_10_page_6,405.9,875.1,1084.0
10448325,stimulus_Arg_PISACowsMilk_10_page_6,405.8,875.5,1084.0
10448326,stimulus_Arg_PISACowsMilk_10_page_6,405.8,875.7,1083.0
10448327,stimulus_Arg_PISACowsMilk_10_page_6,405.8,875.5,1082.0
10448328,stimulus_Arg_PISACowsMilk_10_page_6,405.8,875.3,1081.0
10448329,stimulus_Arg_PISACowsMilk_10_page_6,406.3,875.3,1080.0
10448330,stimulus_Arg_PISACowsMilk_10_page_6,406.9,875.3,1080.0
10448331,stimulus_Arg_PISACowsMilk_10_page_6,407.4,875.6,1080.0
10448332,stimulus_Arg_PISACowsMilk_10_page_6,407.3,875.8,1079.0
10448333,stimulus_Arg_PISACowsMilk_10_page_6,406.9,875.9,1079.0
10448334,stimulus_Arg_PISACowsMilk_10_page_6,406.2,875.7,1079.0
10448335,stimulus_Arg_PISACowsMilk_10_page_6,405.3,875.3,1079.0
10448336,stimulus_Arg_PISACowsMilk_10_page_6,404.8,875.0,1078.0
10448337,stimulus_Arg_PISACowsMilk_10_page_6,404.9,874.9,1078.0
10448338,stimulus_Arg_PISACowsMilk_10_page_6,405.2,875.0,1078.0
10448339,stimulus_Arg_PISACowsMilk_10_page_6,405.3,875.1,1078.0
10448340,stimulus_Arg_PISACowsMilk_10_page_6,405.0,875.0,1077.0
10448341,stimulus_Arg_PISACowsMilk_10_page_6,404.7,875.0,1076.0
10448342,stimulus_Arg_PISACowsMilk_10_page_6,404.6,875.0,1076.0
10448343,stimulus_Arg_PISACowsMilk_10_page_6,404.7,875.0,1075.0
10448344,stimulus_Arg_PISACowsMilk_10_page_6,404.8,875.0,1075.0
10448345,stimulus_Arg_PISACowsMilk_10_page_6,404.9,875.0,1074.0
10448346,stimulus_Arg_PISACowsMilk_10_page_6,405.1,874.9,1074.0
10448347,stimulus_Arg_PISACowsMilk_10_page_6,405.2,874.8,1073.0
10448348,stimulus_Arg_PISACowsMilk_10_page_6,405.3,874.8,1073.0
10448349,stimulus_Arg_PISACowsMilk_10_page_6,405.3,874.7,1074.0
10448350,stimulus_Arg_PISACowsMilk_10_page_6,405.2,874.7,1074.0
10448351,stimulus_Arg_PISACowsMilk_10_page_6,405.0,874.7,1074.0
10448352,stimulus_Arg_PISACowsMilk_10_page_6,404.8,874.6,1074.0
10448353,stimulus_Arg_PISACowsMilk_10_page_6,404.7,874.8,1073.0
10448354,stimulus_Arg_PISACowsMilk_10_page_6,404.7,874.9,1072.0
10448355,stimulus_Arg_PISACowsMilk_10_page_6,404.7,875.0,1072.0
10448356,stimulus_Arg_PISACowsMilk_10_page_6,404.9,875.0,1072.0
10448357,stimulus_Arg_PISACowsMilk_10_page_6,405.0,875.0,1072.0
10448358,stimulus_Arg_PISACowsMilk_10_page_6,405.2,875.0,1072.0
10448359,stimulus_Arg_PISACowsMilk_10_page_6,405.2,875.5,1072.0
10448360,stimulus_Arg_PISACowsMilk_10_page_6,405.3,875.7,1071.0
10448361,stimulus_Arg_PISACowsMilk_10_page_6,405.3,876.0,1071.0
10448362,stimulus_Arg_PISACowsMilk_10_page_6,405.2,875.9,1070.0
10448363,stimulus_Arg_PISACowsMilk_10_page_6,405.2,876.0,1069.0
10448364,stimulus_Arg_PISACowsMilk_10_page_6,405.2,876.0,1069.0
10448365,stimulus_Arg_PISACowsMilk_10_page_6,405.2,875.9,1069.0
10448366,stimulus_Arg_PISACowsMilk_10_page_6,405.3,875.7,1069.0
10448367,stimulus_Arg_PISACowsMilk_10_page_6,405.4,875.7,1069.0
10448368,stimulus_Arg_PISACowsMilk_10_page_6,405.5,875.8,1069.0
10448369,stimulus_Arg_PISACowsMilk_10_page_6,405.6,876.0,1068.0
10448370,stimulus_Arg_PISACowsMilk_10_page_6,405.7,875.8,1068.0
10448371,stimulus_Arg_PISACowsMilk_10_page_6,405.8,875.7,1068.0
10448372,stimulus_Arg_PISACowsMilk_10_page_6,405.7,875.6,1069.0
10448373,stimulus_Arg_PISACowsMilk_10_page_6,405.6,875.7,1069.0
10448374,stimulus_Arg_PISACowsMilk_10_page_6,405.7,875.8,1068.0
10448375,stimulus_Arg_PISACowsMilk_10_page_6,405.7,876.0,1067.0
10448376,stimulus_Arg_PISACowsMilk_10_page_6,405.6,876.2,1066.0
10448377,stimulus_Arg_PISACowsMilk_10_page_6,405.5,876.4,1066.0
10448378,stimulus_Arg_PISACowsMilk_10_page_6,405.4,876.4,1066.0
10448379,stimulus_Arg_PISACowsMilk_10_page_6,405.4,876.4,1066.0
10448380,stimulus_Arg_PISACowsMilk_10_page_6,405.5,876.2,1066.0
10448381,stimulus_Arg_PISACowsMilk_10_page_6,405.5,876.0,1065.0
10448382,stimulus_Arg_PISACowsMilk_10_page_6,405.4,875.9,1064.0
10448383,stimulus_Arg_PISACowsMilk_10_page_6,405.4,875.8,1064.0
10448384,stimulus_Arg_PISACowsMilk_10_page_6,405.3,875.8,1063.0
10448385,stimulus_Arg_PISACowsMilk_10_page_6,405.5,875.9,1063.0
10448386,stimulus_Arg_PISACowsMilk_10_page_6,405.7,876.0,1063.0
10448387,stimulus_Arg_PISACowsMilk_10_page_6,405.9,876.1,1062.0
10448388,stimulus_Arg_PISACowsMilk_10_page_6,405.9,876.1,1061.0
10448389,stimulus_Arg_PISACowsMilk_10_page_6,405.9,876.0,1060.0
10448390,stimulus_Arg_PISACowsMilk_10_page_6,405.8,875.9,1059.0
10448391,stimulus_Arg_PISACowsMilk_10_page_6,405.6,875.8,1059.0
10448392,stimulus_Arg_PISACowsMilk_10_page_6,405.9,875.8,1059.0
10448393,stimulus_Arg_PISACowsMilk_10_page_6,406.2,875.9,1060.0
10448394,stimulus_Arg_PISACowsMilk_10_page_6,406.4,876.1,1061.0
10448395,stimulus_Arg_PISACowsMilk_10_page_6,406.1,876.1,1060.0
10448396,stimulus_Arg_PISACowsMilk_10_page_6,405.9,876.1,1059.0
10448397,stimulus_Arg_PISACowsMilk_10_page_6,405.9,876.1,1059.0
10448398,stimulus_Arg_PISACowsMilk_10_page_6,406.0,876.0,1058.0
10448399,stimulus_Arg_PISACowsMilk_10_page_6,406.1,875.9,1057.0
10448400,stimulus_Arg_PISACowsMilk_10_page_6,406.1,875.9,1056.0
10448401,stimulus_Arg_PISACowsMilk_10_page_6,406.0,876.0,1055.0
10448402,stimulus_Arg_PISACowsMilk_10_page_6,406.0,876.1,1054.0
10448403,stimulus_Arg_PISACowsMilk_10_page_6,406.3,876.2,1054.0
10448404,stimulus_Arg_PISACowsMilk_10_page_6,406.5,876.5,1054.0
10448405,stimulus_Arg_PISACowsMilk_10_page_6,406.5,876.9,1053.0
10448406,stimulus_Arg_PISACowsMilk_10_page_6,406.2,877.0,1052.0
10448407,stimulus_Arg_PISACowsMilk_10_page_6,405.9,876.7,1052.0
10448408,stimulus_Arg_PISACowsMilk_10_page_6,406.0,876.6,1052.0
10448409,stimulus_Arg_PISACowsMilk_10_page_6,406.0,876.6,1052.0
10448410,stimulus_Arg_PISACowsMilk_10_page_6,406.0,876.6,1052.0
10448411,stimulus_Arg_PISACowsMilk_10_page_6,405.9,876.6,1052.0
10448412,stimulus_Arg_PISACowsMilk_10_page_6,406.0,876.7,1050.0
10448413,stimulus_Arg_PISACowsMilk_10_page_6,406.3,876.8,1048.0
10448414,stimulus_Arg_PISACowsMilk_10_page_6,406.5,876.9,1046.0
10448415,stimulus_Arg_PISACowsMilk_10_page_6,406.8,877.0,1045.0
10448416,stimulus_Arg_PISACowsMilk_10_page_6,406.6,876.9,1045.0
10448417,stimulus_Arg_PISACowsMilk_10_page_6,406.5,876.9,1046.0
10448418,stimulus_Arg_PISACowsMilk_10_page_6,406.3,876.9,1046.0
10448419,stimulus_Arg_PISACowsMilk_10_page_6,406.3,877.0,1046.0
10448420,stimulus_Arg_PISACowsMilk_10_page_6,406.5,877.0,1044.0
10448421,stimulus_Arg_PISACowsMilk_10_page_6,406.7,877.0,1043.0
10448422,stimulus_Arg_PISACowsMilk_10_page_6,406.8,877.0,1042.0
10448423,stimulus_Arg_PISACowsMilk_10_page_6,406.7,877.0,1043.0
10448424,stimulus_Arg_PISACowsMilk_10_page_6,406.7,877.1,1043.0
10448425,stimulus_Arg_PISACowsMilk_10_page_6,406.7,877.0,1042.0
10448426,stimulus_Arg_PISACowsMilk_10_page_6,406.9,876.9,1041.0
10448427,stimulus_Arg_PISACowsMilk_10_page_6,407.0,877.0,1039.0
10448428,stimulus_Arg_PISACowsMilk_10_page_6,407.1,877.2,1039.0
10448429,stimulus_Arg_PISACowsMilk_10_page_6,407.1,877.3,1040.0
10448430,stimulus_Arg_PISACowsMilk_10_page_6,407.0,877.1,1040.0
10448431,stimulus_Arg_PISACowsMilk_10_page_6,407.0,877.0,1039.0
10448432,stimulus_Arg_PISACowsMilk_10_page_6,406.9,877.0,1039.0
10448433,stimulus_Arg_PISACowsMilk_10_page_6,406.9,877.1,1038.0
10448434,stimulus_Arg_PISACowsMilk_10_page_6,406.9,877.2,1038.0
10448435,stimulus_Arg_PISACowsMilk_10_page_6,406.9,877.5,1037.0
10448436,stimulus_Arg_PISACowsMilk_10_page_6,406.9,877.8,1037.0
10448437,stimulus_Arg_PISACowsMilk_10_page_6,407.0,878.1,1037.0
10448438,stimulus_Arg_PISACowsMilk_10_page_6,407.2,878.1,1036.0
10448439,stimulus_Arg_PISACowsMilk_10_page_6,407.2,878.0,1035.0
10448440,stimulus_Arg_PISACowsMilk_10_page_6,407.0,878.1,1034.0
10448441,stimulus_Arg_PISACowsMilk_10_page_6,406.6,878.3,1033.0
10448442,stimulus_Arg_PISACowsMilk_10_page_6,406.4,878.5,1033.0
10448443,stimulus_Arg_PISACowsMilk_10_page_6,406.2,878.6,1032.0
10448444,stimulus_Arg_PISACowsMilk_10_page_6,406.2,878.8,1032.0
10448445,stimulus_Arg_PISACowsMilk_10_page_6,406.3,879.0,1032.0
10448446,stimulus_Arg_PISACowsMilk_10_page_6,406.4,879.2,1033.0
10448447,stimulus_Arg_PISACowsMilk_10_page_6,406.7,879.1,1033.0
10448448,stimulus_Arg_PISACowsMilk_10_page_6,407.0,879.1,1033.0
10448449,stimulus_Arg_PISACowsMilk_10_page_6,407.3,879.0,1033.0
10448450,stimulus_Arg_PISACowsMilk_10_page_6,407.6,878.9,1033.0
10448451,stimulus_Arg_PISACowsMilk_10_page_6,408.0,878.8,1033.0
10448452,stimulus_Arg_PISACowsMilk_10_page_6,407.9,878.8,1033.0
10448453,stimulus_Arg_PISACowsMilk_10_page_6,407.5,878.7,1033.0
10448454,stimulus_Arg_PISACowsMilk_10_page_6,407.1,878.7,1031.0
10448455,stimulus_Arg_PISACowsMilk_10_page_6,407.1,878.8,1030.0
10448456,stimulus_Arg_PISACowsMilk_10_page_6,407.2,878.8,1028.0
10448457,stimulus_Arg_PISACowsMilk_10_page_6,407.2,878.8,1028.0
10448458,stimulus_Arg_PISACowsMilk_10_page_6,407.3,878.7,1027.0
10448459,stimulus_Arg_PISACowsMilk_10_page_6,407.4,878.6,1027.0
10448460,stimulus_Arg_PISACowsMilk_10_page_6,407.6,878.5,1026.0
10448461,stimulus_Arg_PISACowsMilk_10_page_6,407.7,878.5,1026.0
10448462,stimulus_Arg_PISACowsMilk_10_page_6,407.8,878.6,1026.0
10448463,stimulus_Arg_PISACowsMilk_10_page_6,407.9,878.5,1027.0
10448464,stimulus_Arg_PISACowsMilk_10_page_6,408.0,878.5,1028.0
10448465,stimulus_Arg_PISACowsMilk_10_page_6,408.2,878.5,1028.0
10448466,stimulus_Arg_PISACowsMilk_10_page_6,408.6,878.5,1027.0
10448467,stimulus_Arg_PISACowsMilk_10_page_6,408.9,878.5,1027.0
10448468,stimulus_Arg_PISACowsMilk_10_page_6,409.0,878.5,1027.0
10448469,stimulus_Arg_PISACowsMilk_10_page_6,408.9,878.6,1027.0
10448470,stimulus_Arg_PISACowsMilk_10_page_6,408.8,878.6,1027.0
10448471,stimulus_Arg_PISACowsMilk_10_page_6,408.7,878.6,1025.0
10448472,stimulus_Arg_PISACowsMilk_10_page_6,408.6,878.5,1025.0
10448473,stimulus_Arg_PISACowsMilk_10_page_6,408.5,878.6,1023.0
10448474,stimulus_Arg_PISACowsMilk_10_page_6,408.1,878.8,1021.0
10448475,stimulus_Arg_PISACowsMilk_10_page_6,407.7,879.1,1020.0
10448476,stimulus_Arg_PISACowsMilk_10_page_6,407.2,879.6,1019.0
10448477,stimulus_Arg_PISACowsMilk_10_page_6,406.5,880.0,1019.0
10448478,stimulus_Arg_PISACowsMilk_10_page_6,405.8,880.3,1021.0
10448479,stimulus_Arg_PISACowsMilk_10_page_6,404.3,880.5,1022.0
10448480,stimulus_Arg_PISACowsMilk_10_page_6,401.8,880.6,1023.0
10448481,stimulus_Arg_PISACowsMilk_10_page_6,396.9,881.0,1022.0
10448482,stimulus_Arg_PISACowsMilk_10_page_6,390.8,881.2,1020.0
10448483,stimulus_Arg_PISACowsMilk_10_page_6,384.7,881.4,1020.0
10448484,stimulus_Arg_PISACowsMilk_10_page_6,379.3,881.8,1021.0
10448485,stimulus_Arg_PISACowsMilk_10_page_6,373.2,882.5,1023.0
10448486,stimulus_Arg_PISACowsMilk_10_page_6,366.1,882.9,1023.0
10448487,stimulus_Arg_PISACowsMilk_10_page_6,358.3,882.8,1023.0
10448488,stimulus_Arg_PISACowsMilk_10_page_6,349.8,882.2,1022.0
10448489,stimulus_Arg_PISACowsMilk_10_page_6,343.7,881.8,1020.0
10448490,stimulus_Arg_PISACowsMilk_10_page_6,338.1,881.5,1018.0
10448491,stimulus_Arg_PISACowsMilk_10_page_6,336.2,880.8,1018.0
10448492,stimulus_Arg_PISACowsMilk_10_page_6,334.6,880.1,1019.0
10448493,stimulus_Arg_PISACowsMilk_10_page_6,334.5,879.1,1019.0
10448494,stimulus_Arg_PISACowsMilk_10_page_6,333.9,878.3,1019.0
10448495,stimulus_Arg_PISACowsMilk_10_page_6,332.5,877.4,1017.0
10448496,stimulus_Arg_PISACowsMilk_10_page_6,331.4,876.8,1015.0
10448497,stimulus_Arg_PISACowsMilk_10_page_6,330.4,876.6,1015.0
10448498,stimulus_Arg_PISACowsMilk_10_page_6,329.4,875.8,1016.0
10448499,stimulus_Arg_PISACowsMilk_10_page_6,327.8,874.9,1018.0
10448500,stimulus_Arg_PISACowsMilk_10_page_6,325.9,874.1,1016.0
10448501,stimulus_Arg_PISACowsMilk_10_page_6,324.0,873.8,1015.0
10448502,stimulus_Arg_PISACowsMilk_10_page_6,321.6,873.2,1014.0
10448503,stimulus_Arg_PISACowsMilk_10_page_6,318.3,872.3,1014.0
10448504,stimulus_Arg_PISACowsMilk_10_page_6,315.5,871.7,1013.0
10448505,stimulus_Arg_PISACowsMilk_10_page_6,313.1,871.5,1012.0
10448506,stimulus_Arg_PISACowsMilk_10_page_6,312.0,871.4,1012.0
10448507,stimulus_Arg_PISACowsMilk_10_page_6,311.1,871.3,1013.0
10448508,stimulus_Arg_PISACowsMilk_10_page_6,311.2,871.3,1016.0
10448509,stimulus_Arg_PISACowsMilk_10_page_6,311.8,871.3,1017.0
10448510,stimulus_Arg_PISACowsMilk_10_page_6,312.7,871.4,1018.0
10448511,stimulus_Arg_PISACowsMilk_10_page_6,313.2,871.8,1018.0
10448512,stimulus_Arg_PISACowsMilk_10_page_6,313.4,872.2,1018.0
10448513,stimulus_Arg_PISACowsMilk_10_page_6,313.6,872.9,1017.0
10448514,stimulus_Arg_PISACowsMilk_10_page_6,313.9,873.3,1016.0
10448515,stimulus_Arg_PISACowsMilk_10_page_6,314.3,873.6,1014.0
10448516,stimulus_Arg_PISACowsMilk_10_page_6,314.4,873.4,1012.0
10448517,stimulus_Arg_PISACowsMilk_10_page_6,314.5,873.2,1010.0
10448518,stimulus_Arg_PISACowsMilk_10_page_6,314.6,873.0,1009.0
10448519,stimulus_Arg_PISACowsMilk_10_page_6,314.7,873.0,1009.0
10448520,stimulus_Arg_PISACowsMilk_10_page_6,314.7,873.1,1008.0
10448521,stimulus_Arg_PISACowsMilk_10_page_6,314.7,873.2,1008.0
10448522,stimulus_Arg_PISACowsMilk_10_page_6,314.6,873.6,1006.0
10448523,stimulus_Arg_PISACowsMilk_10_page_6,314.5,874.5,1006.0
10448524,stimulus_Arg_PISACowsMilk_10_page_6,314.9,875.4,1005.0
10448525,stimulus_Arg_PISACowsMilk_10_page_6,315.3,875.9,1005.0
10448526,stimulus_Arg_PISACowsMilk_10_page_6,315.7,876.0,1006.0
10448527,stimulus_Arg_PISACowsMilk_10_page_6,315.6,876.0,1007.0
10448528,stimulus_Arg_PISACowsMilk_10_page_6,315.5,876.0,1008.0
10448529,stimulus_Arg_PISACowsMilk_10_page_6,315.5,876.1,1007.0
10448530,stimulus_Arg_PISACowsMilk_10_page_6,315.3,876.2,1007.0
10448531,stimulus_Arg_PISACowsMilk_10_page_6,314.9,876.2,1007.0
10448532,stimulus_Arg_PISACowsMilk_10_page_6,314.5,876.0,1006.0
10448533,stimulus_Arg_PISACowsMilk_10_page_6,314.3,876.0,1004.0
10448534,stimulus_Arg_PISACowsMilk_10_page_6,314.3,876.0,1003.0
10448535,stimulus_Arg_PISACowsMilk_10_page_6,314.3,876.0,1003.0
10448536,stimulus_Arg_PISACowsMilk_10_page_6,314.3,875.9,1002.0
10448537,stimulus_Arg_PISACowsMilk_10_page_6,314.2,875.9,1001.0
10448538,stimulus_Arg_PISACowsMilk_10_page_6,314.2,876.0,1001.0
10448539,stimulus_Arg_PISACowsMilk_10_page_6,314.1,876.1,1002.0
10448540,stimulus_Arg_PISACowsMilk_10_page_6,313.9,876.2,1002.0
10448541,stimulus_Arg_PISACowsMilk_10_page_6,313.7,876.4,1002.0
10448542,stimulus_Arg_PISACowsMilk_10_page_6,313.6,876.5,1002.0
10448543,stimulus_Arg_PISACowsMilk_10_page_6,313.7,876.6,1001.0
10448544,stimulus_Arg_PISACowsMilk_10_page_6,313.8,876.5,1000.0
10448545,stimulus_Arg_PISACowsMilk_10_page_6,313.9,876.3,1000.0
10448546,stimulus_Arg_PISACowsMilk_10_page_6,314.3,876.1,1001.0
10448547,stimulus_Arg_PISACowsMilk_10_page_6,314.7,875.6,1001.0
10448548,stimulus_Arg_PISACowsMilk_10_page_6,314.8,875.2,1001.0
10448549,stimulus_Arg_PISACowsMilk_10_page_6,314.4,874.7,1001.0
10448550,stimulus_Arg_PISACowsMilk_10_page_6,314.0,874.6,1001.0
10448551,stimulus_Arg_PISACowsMilk_10_page_6,314.0,874.5,1001.0
10448552,stimulus_Arg_PISACowsMilk_10_page_6,314.1,874.7,1000.0
10448553,stimulus_Arg_PISACowsMilk_10_page_6,313.9,874.9,1000.0
10448554,stimulus_Arg_PISACowsMilk_10_page_6,313.7,875.3,1001.0
10448555,stimulus_Arg_PISACowsMilk_10_page_6,313.9,875.4,1001.0
10448556,stimulus_Arg_PISACowsMilk_10_page_6,314.4,875.6,1001.0
10448557,stimulus_Arg_PISACowsMilk_10_page_6,315.0,876.0,1001.0
10448558,stimulus_Arg_PISACowsMilk_10_page_6,315.1,876.6,1001.0
10448559,stimulus_Arg_PISACowsMilk_10_page_6,315.0,877.0,1000.0
10448560,stimulus_Arg_PISACowsMilk_10_page_6,314.9,877.1,999.0
10448561,stimulus_Arg_PISACowsMilk_10_page_6,314.8,877.1,997.0
10448562,stimulus_Arg_PISACowsMilk_10_page_6,314.9,877.2,997.0
10448563,stimulus_Arg_PISACowsMilk_10_page_6,314.7,877.4,998.0
10448564,stimulus_Arg_PISACowsMilk_10_page_6,314.4,877.5,998.0
10448565,stimulus_Arg_PISACowsMilk_10_page_6,314.2,877.5,998.0
10448566,stimulus_Arg_PISACowsMilk_10_page_6,314.4,877.5,998.0
10448567,stimulus_Arg_PISACowsMilk_10_page_6,314.7,877.4,997.0
10448568,stimulus_Arg_PISACowsMilk_10_page_6,315.0,877.4,996.0
10448569,stimulus_Arg_PISACowsMilk_10_page_6,315.1,877.4,997.0
10448570,stimulus_Arg_PISACowsMilk_10_page_6,315.1,877.4,997.0
10448571,stimulus_Arg_PISACowsMilk_10_page_6,315.0,877.5,998.0
10448572,stimulus_Arg_PISACowsMilk_10_page_6,314.8,877.4,998.0
10448573,stimulus_Arg_PISACowsMilk_10_page_6,314.7,877.3,998.0
10448574,stimulus_Arg_PISACowsMilk_10_page_6,315.0,877.2,999.0
10448575,stimulus_Arg_PISACowsMilk_10_page_6,315.3,877.2,999.0
10448576,stimulus_Arg_PISACowsMilk_10_page_6,315.6,877.2,999.0
10448577,stimulus_Arg_PISACowsMilk_10_page_6,315.4,877.2,998.0
10448578,stimulus_Arg_PISACowsMilk_10_page_6,315.1,877.0,998.0
10448579,stimulus_Arg_PISACowsMilk_10_page_6,314.6,876.9,998.0
10448580,stimulus_Arg_PISACowsMilk_10_page_6,314.3,876.9,998.0
10448581,stimulus_Arg_PISACowsMilk_10_page_6,314.0,877.2,998.0
10448582,stimulus_Arg_PISACowsMilk_10_page_6,314.1,877.5,998.0
10448583,stimulus_Arg_PISACowsMilk_10_page_6,314.3,877.8,997.0
10448584,stimulus_Arg_PISACowsMilk_10_page_6,314.7,877.9,998.0
10448585,stimulus_Arg_PISACowsMilk_10_page_6,314.9,878.0,998.0
10448586,stimulus_Arg_PISACowsMilk_10_page_6,315.1,878.0,999.0
10448587,stimulus_Arg_PISACowsMilk_10_page_6,315.5,878.2,1000.0
10448588,stimulus_Arg_PISACowsMilk_10_page_6,315.8,878.7,1000.0
10448589,stimulus_Arg_PISACowsMilk_10_page_6,316.2,879.3,1000.0
10448590,stimulus_Arg_PISACowsMilk_10_page_6,316.1,879.5,1000.0
10448591,stimulus_Arg_PISACowsMilk_10_page_6,316.0,879.3,1000.0
10448592,stimulus_Arg_PISACowsMilk_10_page_6,316.0,879.0,998.0
10448593,stimulus_Arg_PISACowsMilk_10_page_6,316.0,878.8,997.0
10448594,stimulus_Arg_PISACowsMilk_10_page_6,316.0,878.7,997.0
10448595,stimulus_Arg_PISACowsMilk_10_page_6,316.0,878.7,998.0
10448596,stimulus_Arg_PISACowsMilk_10_page_6,316.0,878.8,999.0
10448597,stimulus_Arg_PISACowsMilk_10_page_6,316.0,878.8,999.0
10448598,stimulus_Arg_PISACowsMilk_10_page_6,315.8,878.9,1000.0
10448599,stimulus_Arg_PISACowsMilk_10_page_6,315.7,879.1,1001.0
10448600,stimulus_Arg_PISACowsMilk_10_page_6,315.5,879.3,1001.0
10448601,stimulus_Arg_PISACowsMilk_10_page_6,315.6,879.4,1001.0
10448602,stimulus_Arg_PISACowsMilk_10_page_6,315.8,880.2,1002.0
10448603,stimulus_Arg_PISACowsMilk_10_page_6,316.0,880.9,1003.0
10448604,stimulus_Arg_PISACowsMilk_10_page_6,316.2,881.7,1003.0
10448605,stimulus_Arg_PISACowsMilk_10_page_6,316.3,881.8,1002.0
10448606,stimulus_Arg_PISACowsMilk_10_page_6,316.1,881.5,1002.0
10448607,stimulus_Arg_PISACowsMilk_10_page_6,315.7,881.2,1003.0
10448608,stimulus_Arg_PISACowsMilk_10_page_6,315.5,880.9,1003.0
10448609,stimulus_Arg_PISACowsMilk_10_page_6,315.3,881.1,1004.0
10448610,stimulus_Arg_PISACowsMilk_10_page_6,315.2,881.3,1004.0
10448611,stimulus_Arg_PISACowsMilk_10_page_6,315.2,881.5,1004.0
10448612,stimulus_Arg_PISACowsMilk_10_page_6,315.2,881.4,1004.0
10448613,stimulus_Arg_PISACowsMilk_10_page_6,314.8,881.1,1004.0
10448614,stimulus_Arg_PISACowsMilk_10_page_6,314.4,880.7,1004.0
10448615,stimulus_Arg_PISACowsMilk_10_page_6,313.9,880.5,1004.0
10448616,stimulus_Arg_PISACowsMilk_10_page_6,313.7,880.6,1003.0
10448617,stimulus_Arg_PISACowsMilk_10_page_6,313.4,880.7,1002.0
10448618,stimulus_Arg_PISACowsMilk_10_page_6,312.9,880.7,1001.0
10448619,stimulus_Arg_PISACowsMilk_10_page_6,312.4,880.6,1000.0
10448620,stimulus_Arg_PISACowsMilk_10_page_6,311.9,880.3,999.0
10448621,stimulus_Arg_PISACowsMilk_10_page_6,311.9,880.0,998.0
10448622,stimulus_Arg_PISACowsMilk_10_page_6,312.0,879.8,998.0
10448623,stimulus_Arg_PISACowsMilk_10_page_6,312.1,879.8,998.0
10448624,stimulus_Arg_PISACowsMilk_10_page_6,311.9,879.7,998.0
10448625,stimulus_Arg_PISACowsMilk_10_page_6,311.6,879.6,998.0
10448626,stimulus_Arg_PISACowsMilk_10_page_6,311.3,879.6,998.0
10448627,stimulus_Arg_PISACowsMilk_10_page_6,311.1,879.5,998.0
10448628,stimulus_Arg_PISACowsMilk_10_page_6,311.0,879.5,999.0
10448629,stimulus_Arg_PISACowsMilk_10_page_6,310.9,879.5,1000.0
10448630,stimulus_Arg_PISACowsMilk_10_page_6,310.8,879.5,1001.0
10448631,stimulus_Arg_PISACowsMilk_10_page_6,310.7,879.5,1000.0
10448632,stimulus_Arg_PISACowsMilk_10_page_6,310.7,879.4,999.0
10448633,stimulus_Arg_PISACowsMilk_10_page_6,310.8,879.5,998.0
10448634,stimulus_Arg_PISACowsMilk_10_page_6,311.1,879.4,998.0
10448635,stimulus_Arg_PISACowsMilk_10_page_6,311.2,879.2,997.0
10448636,stimulus_Arg_PISACowsMilk_10_page_6,311.0,879.0,997.0
10448637,stimulus_Arg_PISACowsMilk_10_page_6,310.9,878.9,997.0
10448638,stimulus_Arg_PISACowsMilk_10_page_6,310.9,878.7,997.0
10448639,stimulus_Arg_PISACowsMilk_10_page_6,310.7,878.5,997.0
10448640,stimulus_Arg_PISACowsMilk_10_page_6,310.5,878.3,997.0
10448641,stimulus_Arg_PISACowsMilk_10_page_6,310.3,878.3,997.0
10448642,stimulus_Arg_PISACowsMilk_10_page_6,310.4,878.4,996.0
10448643,stimulus_Arg_PISACowsMilk_10_page_6,310.5,878.5,996.0
10448644,stimulus_Arg_PISACowsMilk_10_page_6,310.7,878.6,997.0
10448645,stimulus_Arg_PISACowsMilk_10_page_6,310.8,878.8,998.0
10448646,stimulus_Arg_PISACowsMilk_10_page_6,310.7,878.8,998.0
10448647,stimulus_Arg_PISACowsMilk_10_page_6,310.6,878.8,998.0
10448648,stimulus_Arg_PISACowsMilk_10_page_6,310.4,878.8,997.0
10448649,stimulus_Arg_PISACowsMilk_10_page_6,310.4,878.9,997.0
10448650,stimulus_Arg_PISACowsMilk_10_page_6,310.6,878.9,997.0
10448651,stimulus_Arg_PISACowsMilk_10_page_6,310.8,878.9,997.0
10448652,stimulus_Arg_PISACowsMilk_10_page_6,311.0,879.1,997.0
10448653,stimulus_Arg_PISACowsMilk_10_page_6,311.0,879.2,996.0
10448654,stimulus_Arg_PISACowsMilk_10_page_6,310.8,879.3,996.0
10448655,stimulus_Arg_PISACowsMilk_10_page_6,310.8,879.2,997.0
10448656,stimulus_Arg_PISACowsMilk_10_page_6,310.8,879.4,997.0
10448657,stimulus_Arg_PISACowsMilk_10_page_6,310.8,879.4,998.0
10448658,stimulus_Arg_PISACowsMilk_10_page_6,310.9,879.5,998.0
10448659,stimulus_Arg_PISACowsMilk_10_page_6,311.0,879.5,999.0
10448660,stimulus_Arg_PISACowsMilk_10_page_6,311.0,879.4,999.0
10448661,stimulus_Arg_PISACowsMilk_10_page_6,311.3,879.5,998.0
10448662,stimulus_Arg_PISACowsMilk_10_page_6,311.6,879.5,997.0
10448663,stimulus_Arg_PISACowsMilk_10_page_6,311.6,879.4,996.0
10448664,stimulus_Arg_PISACowsMilk_10_page_6,311.5,879.4,995.0
10448665,stimulus_Arg_PISACowsMilk_10_page_6,311.4,879.3,995.0
10448666,stimulus_Arg_PISACowsMilk_10_page_6,311.5,879.4,996.0
10448667,stimulus_Arg_PISACowsMilk_10_page_6,311.6,879.3,997.0
10448668,stimulus_Arg_PISACowsMilk_10_page_6,311.8,879.5,997.0
10448669,stimulus_Arg_PISACowsMilk_10_page_6,312.0,879.6,998.0
10448670,stimulus_Arg_PISACowsMilk_10_page_6,312.2,879.7,998.0
10448671,stimulus_Arg_PISACowsMilk_10_page_6,312.5,879.7,997.0
10448672,stimulus_Arg_PISACowsMilk_10_page_6,312.8,879.7,997.0
10448673,stimulus_Arg_PISACowsMilk_10_page_6,312.4,879.6,998.0
10448674,stimulus_Arg_PISACowsMilk_10_page_6,312.0,879.5,999.0
10448675,stimulus_Arg_PISACowsMilk_10_page_6,311.8,879.5,998.0
10448676,stimulus_Arg_PISACowsMilk_10_page_6,312.0,879.5,998.0
10448677,stimulus_Arg_PISACowsMilk_10_page_6,312.3,879.5,998.0
10448678,stimulus_Arg_PISACowsMilk_10_page_6,312.4,879.6,998.0
10448679,stimulus_Arg_PISACowsMilk_10_page_6,312.6,879.7,998.0
10448680,stimulus_Arg_PISACowsMilk_10_page_6,312.9,879.8,998.0
10448681,stimulus_Arg_PISACowsMilk_10_page_6,313.6,879.9,998.0
10448682,stimulus_Arg_PISACowsMilk_10_page_6,314.1,880.0,999.0
10448683,stimulus_Arg_PISACowsMilk_10_page_6,314.6,880.5,999.0
10448684,stimulus_Arg_PISACowsMilk_10_page_6,314.9,881.1,999.0
10448685,stimulus_Arg_PISACowsMilk_10_page_6,315.1,881.5,999.0
10448686,stimulus_Arg_PISACowsMilk_10_page_6,315.1,881.3,999.0
10448687,stimulus_Arg_PISACowsMilk_10_page_6,315.3,881.4,999.0
10448688,stimulus_Arg_PISACowsMilk_10_page_6,315.5,881.5,1000.0
10448689,stimulus_Arg_PISACowsMilk_10_page_6,315.4,881.7,1001.0
10448690,stimulus_Arg_PISACowsMilk_10_page_6,315.1,881.7,1001.0
10448691,stimulus_Arg_PISACowsMilk_10_page_6,315.0,881.3,1000.0
10448692,stimulus_Arg_PISACowsMilk_10_page_6,314.9,881.0,999.0
10448693,stimulus_Arg_PISACowsMilk_10_page_6,314.9,880.6,999.0
10448694,stimulus_Arg_PISACowsMilk_10_page_6,315.1,880.5,999.0
10448695,stimulus_Arg_PISACowsMilk_10_page_6,315.5,880.4,999.0
10448696,stimulus_Arg_PISACowsMilk_10_page_6,315.8,880.5,999.0
10448697,stimulus_Arg_PISACowsMilk_10_page_6,316.0,880.9,999.0
10448698,stimulus_Arg_PISACowsMilk_10_page_6,316.0,881.2,999.0
10448699,stimulus_Arg_PISACowsMilk_10_page_6,316.1,881.3,999.0
10448700,stimulus_Arg_PISACowsMilk_10_page_6,316.1,881.2,999.0
10448701,stimulus_Arg_PISACowsMilk_10_page_6,316.2,881.1,999.0
10448702,stimulus_Arg_PISACowsMilk_10_page_6,316.2,881.0,999.0
10448703,stimulus_Arg_PISACowsMilk_10_page_6,316.2,880.8,999.0
10448704,stimulus_Arg_PISACowsMilk_10_page_6,316.3,880.7,999.0
10448705,stimulus_Arg_PISACowsMilk_10_page_6,316.3,880.8,999.0
10448706,stimulus_Arg_PISACowsMilk_10_page_6,316.3,880.7,999.0
10448707,stimulus_Arg_PISACowsMilk_10_page_6,316.3,880.6,1000.0
10448708,stimulus_Arg_PISACowsMilk_10_page_6,316.3,880.4,1000.0
10448709,stimulus_Arg_PISACowsMilk_10_page_6,316.2,880.3,999.0
10448710,stimulus_Arg_PISACowsMilk_10_page_6,316.2,880.3,998.0
10448711,stimulus_Arg_PISACowsMilk_10_page_6,316.1,880.4,997.0
10448712,stimulus_Arg_PISACowsMilk_10_page_6,316.0,880.4,997.0
10448713,stimulus_Arg_PISACowsMilk_10_page_6,315.9,880.5,997.0
10448714,stimulus_Arg_PISACowsMilk_10_page_6,315.9,880.4,997.0
10448715,stimulus_Arg_PISACowsMilk_10_page_6,315.9,880.4,997.0
10448716,stimulus_Arg_PISACowsMilk_10_page_6,315.9,880.2,997.0
10448717,stimulus_Arg_PISACowsMilk_10_page_6,316.0,880.1,998.0
10448718,stimulus_Arg_PISACowsMilk_10_page_6,316.0,879.9,997.0
10448719,stimulus_Arg_PISACowsMilk_10_page_6,316.1,879.9,997.0
10448720,stimulus_Arg_PISACowsMilk_10_page_6,316.1,879.6,996.0
10448721,stimulus_Arg_PISACowsMilk_10_page_6,316.2,879.5,996.0
10448722,stimulus_Arg_PISACowsMilk_10_page_6,316.2,879.4,996.0
10448723,stimulus_Arg_PISACowsMilk_10_page_6,316.2,879.5,997.0
10448724,stimulus_Arg_PISACowsMilk_10_page_6,316.4,879.5,997.0
10448725,stimulus_Arg_PISACowsMilk_10_page_6,316.9,879.6,997.0
10448726,stimulus_Arg_PISACowsMilk_10_page_6,317.4,879.6,997.0
10448727,stimulus_Arg_PISACowsMilk_10_page_6,317.5,879.6,997.0
10448728,stimulus_Arg_PISACowsMilk_10_page_6,317.4,879.5,997.0
10448729,stimulus_Arg_PISACowsMilk_10_page_6,317.2,879.3,997.0
10448730,stimulus_Arg_PISACowsMilk_10_page_6,317.2,879.1,998.0
10448731,stimulus_Arg_PISACowsMilk_10_page_6,317.4,879.1,999.0
10448732,stimulus_Arg_PISACowsMilk_10_page_6,317.6,879.1,999.0
10448733,stimulus_Arg_PISACowsMilk_10_page_6,317.7,879.2,999.0
10448734,stimulus_Arg_PISACowsMilk_10_page_6,317.7,879.3,997.0
10448735,stimulus_Arg_PISACowsMilk_10_page_6,317.8,879.3,996.0
10448736,stimulus_Arg_PISACowsMilk_10_page_6,317.9,879.4,995.0
10448737,stimulus_Arg_PISACowsMilk_10_page_6,318.1,879.6,994.0
10448738,stimulus_Arg_PISACowsMilk_10_page_6,318.2,879.7,994.0
10448739,stimulus_Arg_PISACowsMilk_10_page_6,318.2,879.7,994.0
10448740,stimulus_Arg_PISACowsMilk_10_page_6,318.1,879.7,995.0
10448741,stimulus_Arg_PISACowsMilk_10_page_6,317.8,879.6,996.0
10448742,stimulus_Arg_PISACowsMilk_10_page_6,317.5,879.5,996.0
10448743,stimulus_Arg_PISACowsMilk_10_page_6,317.3,879.4,996.0
10448744,stimulus_Arg_PISACowsMilk_10_page_6,317.2,879.4,996.0
10448745,stimulus_Arg_PISACowsMilk_10_page_6,317.1,879.5,996.0
10448746,stimulus_Arg_PISACowsMilk_10_page_6,317.5,879.6,996.0
10448747,stimulus_Arg_PISACowsMilk_10_page_6,317.9,879.8,996.0
10448748,stimulus_Arg_PISACowsMilk_10_page_6,318.3,879.9,996.0
10448749,stimulus_Arg_PISACowsMilk_10_page_6,318.2,879.9,997.0
10448750,stimulus_Arg_PISACowsMilk_10_page_6,318.0,879.9,998.0
10448751,stimulus_Arg_PISACowsMilk_10_page_6,317.9,880.0,999.0
10448752,stimulus_Arg_PISACowsMilk_10_page_6,318.0,880.2,999.0
10448753,stimulus_Arg_PISACowsMilk_10_page_6,318.0,880.3,999.0
10448754,stimulus_Arg_PISACowsMilk_10_page_6,318.0,880.5,999.0
10448755,stimulus_Arg_PISACowsMilk_10_page_6,318.0,880.6,999.0
10448756,stimulus_Arg_PISACowsMilk_10_page_6,318.0,880.5,999.0
10448757,stimulus_Arg_PISACowsMilk_10_page_6,318.1,880.0,999.0
10448758,stimulus_Arg_PISACowsMilk_10_page_6,318.2,879.5,998.0
10448759,stimulus_Arg_PISACowsMilk_10_page_6,318.3,879.1,998.0
10448760,stimulus_Arg_PISACowsMilk_10_page_6,318.2,879.1,998.0
10448761,stimulus_Arg_PISACowsMilk_10_page_6,317.9,879.2,999.0
10448762,stimulus_Arg_PISACowsMilk_10_page_6,317.6,879.2,998.0
10448763,stimulus_Arg_PISACowsMilk_10_page_6,317.3,879.2,998.0
10448764,stimulus_Arg_PISACowsMilk_10_page_6,317.2,879.1,998.0
10448765,stimulus_Arg_PISACowsMilk_10_page_6,317.2,879.0,997.0
10448766,stimulus_Arg_PISACowsMilk_10_page_6,317.2,878.9,997.0
10448767,stimulus_Arg_PISACowsMilk_10_page_6,317.1,878.9,996.0
10448768,stimulus_Arg_PISACowsMilk_10_page_6,317.0,878.9,997.0
10448769,stimulus_Arg_PISACowsMilk_10_page_6,316.9,878.9,998.0
10448770,stimulus_Arg_PISACowsMilk_10_page_6,316.9,879.0,998.0
10448771,stimulus_Arg_PISACowsMilk_10_page_6,317.0,879.1,998.0
10448772,stimulus_Arg_PISACowsMilk_10_page_6,316.5,879.0,998.0
10448773,stimulus_Arg_PISACowsMilk_10_page_6,315.9,878.8,998.0
10448774,stimulus_Arg_PISACowsMilk_10_page_6,315.3,878.8,999.0
10448775,stimulus_Arg_PISACowsMilk_10_page_6,315.2,878.9,999.0
10448776,stimulus_Arg_PISACowsMilk_10_page_6,315.0,879.0,999.0
10448777,stimulus_Arg_PISACowsMilk_10_page_6,314.8,878.4,999.0
10448778,stimulus_Arg_PISACowsMilk_10_page_6,314.5,877.8,999.0
10448779,stimulus_Arg_PISACowsMilk_10_page_6,315.7,877.6,999.0
10448780,stimulus_Arg_PISACowsMilk_10_page_6,319.3,878.7,999.0
10448781,stimulus_Arg_PISACowsMilk_10_page_6,324.9,880.0,1000.0
10448782,stimulus_Arg_PISACowsMilk_10_page_6,331.3,881.3,1002.0
10448783,stimulus_Arg_PISACowsMilk_10_page_6,337.7,881.2,1003.0
10448784,stimulus_Arg_PISACowsMilk_10_page_6,343.9,881.2,1002.0
10448785,stimulus_Arg_PISACowsMilk_10_page_6,352.8,881.3,1002.0
10448786,stimulus_Arg_PISACowsMilk_10_page_6,363.7,882.2,1003.0
10448787,stimulus_Arg_PISACowsMilk_10_page_6,376.8,882.7,1004.0
10448788,stimulus_Arg_PISACowsMilk_10_page_6,388.4,883.0,1005.0
10448789,stimulus_Arg_PISACowsMilk_10_page_6,400.0,883.2,1006.0
10448790,stimulus_Arg_PISACowsMilk_10_page_6,410.8,883.7,1008.0
10448791,stimulus_Arg_PISACowsMilk_10_page_6,422.6,884.1,1009.0
10448792,stimulus_Arg_PISACowsMilk_10_page_6,432.0,883.3,1009.0
10448793,stimulus_Arg_PISACowsMilk_10_page_6,442.1,882.5,1008.0
10448794,stimulus_Arg_PISACowsMilk_10_page_6,451.0,881.6,1008.0
10448795,stimulus_Arg_PISACowsMilk_10_page_6,460.5,881.9,1007.0
10448796,stimulus_Arg_PISACowsMilk_10_page_6,467.8,882.2,1006.0
10448797,stimulus_Arg_PISACowsMilk_10_page_6,472.7,882.3,1006.0
10448798,stimulus_Arg_PISACowsMilk_10_page_6,476.5,882.2,1004.0
10448799,stimulus_Arg_PISACowsMilk_10_page_6,480.5,882.1,1001.0
10448800,stimulus_Arg_PISACowsMilk_10_page_6,484.3,882.2,998.0
10448801,stimulus_Arg_PISACowsMilk_10_page_6,486.6,882.2,997.0
10448802,stimulus_Arg_PISACowsMilk_10_page_6,487.2,882.0,998.0
10448803,stimulus_Arg_PISACowsMilk_10_page_6,488.5,881.8,996.0
10448804,stimulus_Arg_PISACowsMilk_10_page_6,490.9,881.2,995.0
10448805,stimulus_Arg_PISACowsMilk_10_page_6,493.6,880.8,993.0
10448806,stimulus_Arg_PISACowsMilk_10_page_6,495.2,880.3,993.0
10448807,stimulus_Arg_PISACowsMilk_10_page_6,495.1,879.6,993.0
10448808,stimulus_Arg_PISACowsMilk_10_page_6,494.1,879.0,992.0
10448809,stimulus_Arg_PISACowsMilk_10_page_6,493.1,878.6,991.0
10448810,stimulus_Arg_PISACowsMilk_10_page_6,492.4,878.7,992.0
10448811,stimulus_Arg_PISACowsMilk_10_page_6,492.1,879.3,993.0
10448812,stimulus_Arg_PISACowsMilk_10_page_6,491.5,879.9,995.0
10448813,stimulus_Arg_PISACowsMilk_10_page_6,490.6,880.4,995.0
10448814,stimulus_Arg_PISACowsMilk_10_page_6,489.9,881.0,995.0
10448815,stimulus_Arg_PISACowsMilk_10_page_6,489.5,881.4,995.0
10448816,stimulus_Arg_PISACowsMilk_10_page_6,489.1,882.0,995.0
10448817,stimulus_Arg_PISACowsMilk_10_page_6,488.7,882.1,996.0
10448818,stimulus_Arg_PISACowsMilk_10_page_6,488.3,882.2,996.0
10448819,stimulus_Arg_PISACowsMilk_10_page_6,488.0,882.0,996.0
10448820,stimulus_Arg_PISACowsMilk_10_page_6,487.8,881.7,997.0
10448821,stimulus_Arg_PISACowsMilk_10_page_6,488.1,881.5,997.0
10448822,stimulus_Arg_PISACowsMilk_10_page_6,488.4,881.5,997.0
10448823,stimulus_Arg_PISACowsMilk_10_page_6,489.1,881.8,997.0
10448824,stimulus_Arg_PISACowsMilk_10_page_6,489.5,882.0,997.0
10448825,stimulus_Arg_PISACowsMilk_10_page_6,489.8,882.1,996.0
10448826,stimulus_Arg_PISACowsMilk_10_page_6,490.1,882.1,996.0
10448827,stimulus_Arg_PISACowsMilk_10_page_6,490.6,882.0,997.0
10448828,stimulus_Arg_PISACowsMilk_10_page_6,491.1,882.2,998.0
10448829,stimulus_Arg_PISACowsMilk_10_page_6,492.0,882.3,998.0
10448830,stimulus_Arg_PISACowsMilk_10_page_6,492.7,882.5,997.0
10448831,stimulus_Arg_PISACowsMilk_10_page_6,493.5,882.6,997.0
10448832,stimulus_Arg_PISACowsMilk_10_page_6,493.8,882.6,997.0
10448833,stimulus_Arg_PISACowsMilk_10_page_6,494.4,882.5,996.0
10448834,stimulus_Arg_PISACowsMilk_10_page_6,494.9,882.3,996.0
10448835,stimulus_Arg_PISACowsMilk_10_page_6,495.5,882.3,996.0
10448836,stimulus_Arg_PISACowsMilk_10_page_6,496.0,882.4,996.0
10448837,stimulus_Arg_PISACowsMilk_10_page_6,496.4,882.5,996.0
10448838,stimulus_Arg_PISACowsMilk_10_page_6,496.7,882.9,996.0
10448839,stimulus_Arg_PISACowsMilk_10_page_6,496.9,883.2,996.0
10448840,stimulus_Arg_PISACowsMilk_10_page_6,497.1,883.4,997.0
10448841,stimulus_Arg_PISACowsMilk_10_page_6,497.2,883.4,997.0
10448842,stimulus_Arg_PISACowsMilk_10_page_6,496.7,883.1,998.0
10448843,stimulus_Arg_PISACowsMilk_10_page_6,496.3,882.8,998.0
10448844,stimulus_Arg_PISACowsMilk_10_page_6,495.9,882.5,999.0
10448845,stimulus_Arg_PISACowsMilk_10_page_6,495.8,882.4,999.0
10448846,stimulus_Arg_PISACowsMilk_10_page_6,495.8,882.3,999.0
10448847,stimulus_Arg_PISACowsMilk_10_page_6,495.9,882.3,999.0
10448848,stimulus_Arg_PISACowsMilk_10_page_6,495.9,882.3,1000.0
10448849,stimulus_Arg_PISACowsMilk_10_page_6,495.8,882.2,1001.0
10448850,stimulus_Arg_PISACowsMilk_10_page_6,495.5,882.1,1001.0
10448851,stimulus_Arg_PISACowsMilk_10_page_6,494.9,881.9,1001.0
10448852,stimulus_Arg_PISACowsMilk_10_page_6,494.1,881.9,1000.0
10448853,stimulus_Arg_PISACowsMilk_10_page_6,493.5,881.9,999.0
10448854,stimulus_Arg_PISACowsMilk_10_page_6,493.2,881.9,999.0
10448855,stimulus_Arg_PISACowsMilk_10_page_6,493.1,881.9,999.0
10448856,stimulus_Arg_PISACowsMilk_10_page_6,493.2,881.9,999.0
10448857,stimulus_Arg_PISACowsMilk_10_page_6,493.2,881.8,999.0
10448858,stimulus_Arg_PISACowsMilk_10_page_6,493.3,881.8,999.0
10448859,stimulus_Arg_PISACowsMilk_10_page_6,493.4,881.8,998.0
10448860,stimulus_Arg_PISACowsMilk_10_page_6,493.5,881.7,998.0
10448861,stimulus_Arg_PISACowsMilk_10_page_6,493.6,881.7,999.0
10448862,stimulus_Arg_PISACowsMilk_10_page_6,493.7,881.5,999.0
10448863,stimulus_Arg_PISACowsMilk_10_page_6,494.2,881.4,1000.0
10448864,stimulus_Arg_PISACowsMilk_10_page_6,494.7,881.2,1002.0
10448865,stimulus_Arg_PISACowsMilk_10_page_6,494.9,881.1,1002.0
10448866,stimulus_Arg_PISACowsMilk_10_page_6,494.6,881.1,1001.0
10448867,stimulus_Arg_PISACowsMilk_10_page_6,494.3,881.2,1000.0
10448868,stimulus_Arg_PISACowsMilk_10_page_6,494.3,881.4,1000.0
10448869,stimulus_Arg_PISACowsMilk_10_page_6,494.1,882.0,1000.0
10448870,stimulus_Arg_PISACowsMilk_10_page_6,493.9,882.4,1000.0
10448871,stimulus_Arg_PISACowsMilk_10_page_6,493.8,882.6,1000.0
10448872,stimulus_Arg_PISACowsMilk_10_page_6,493.7,882.5,999.0
10448873,stimulus_Arg_PISACowsMilk_10_page_6,493.7,882.3,998.0
10448874,stimulus_Arg_PISACowsMilk_10_page_6,493.7,882.3,998.0
10448875,stimulus_Arg_PISACowsMilk_10_page_6,494.0,882.3,999.0
10448876,stimulus_Arg_PISACowsMilk_10_page_6,494.2,882.2,999.0
10448877,stimulus_Arg_PISACowsMilk_10_page_6,494.1,881.9,999.0
10448878,stimulus_Arg_PISACowsMilk_10_page_6,493.9,881.5,998.0
10448879,stimulus_Arg_PISACowsMilk_10_page_6,493.8,881.2,998.0
10448880,stimulus_Arg_PISACowsMilk_10_page_6,494.0,881.1,999.0
10448881,stimulus_Arg_PISACowsMilk_10_page_6,494.1,880.9,1000.0
10448882,stimulus_Arg_PISACowsMilk_10_page_6,494.1,880.8,999.0
10448883,stimulus_Arg_PISACowsMilk_10_page_6,494.1,881.0,999.0
10448884,stimulus_Arg_PISACowsMilk_10_page_6,494.2,881.2,999.0
10448885,stimulus_Arg_PISACowsMilk_10_page_6,494.4,881.2,999.0
10448886,stimulus_Arg_PISACowsMilk_10_page_6,494.7,881.0,999.0
10448887,stimulus_Arg_PISACowsMilk_10_page_6,494.9,880.8,999.0
10448888,stimulus_Arg_PISACowsMilk_10_page_6,495.1,880.7,999.0
10448889,stimulus_Arg_PISACowsMilk_10_page_6,495.1,880.8,999.0
10448890,stimulus_Arg_PISACowsMilk_10_page_6,494.9,880.9,999.0
10448891,stimulus_Arg_PISACowsMilk_10_page_6,494.8,881.0,999.0
10448892,stimulus_Arg_PISACowsMilk_10_page_6,494.7,881.1,999.0
10448893,stimulus_Arg_PISACowsMilk_10_page_6,494.9,881.1,999.0
10448894,stimulus_Arg_PISACowsMilk_10_page_6,495.1,881.0,1000.0
10448895,stimulus_Arg_PISACowsMilk_10_page_6,495.2,881.0,1000.0
10448896,stimulus_Arg_PISACowsMilk_10_page_6,495.0,881.0,999.0
10448897,stimulus_Arg_PISACowsMilk_10_page_6,494.8,881.2,998.0
10448898,stimulus_Arg_PISACowsMilk_10_page_6,494.6,881.4,1000.0
10448899,stimulus_Arg_PISACowsMilk_10_page_6,494.5,881.5,1001.0
10448900,stimulus_Arg_PISACowsMilk_10_page_6,494.5,881.5,1002.0
10448901,stimulus_Arg_PISACowsMilk_10_page_6,494.6,881.6,1002.0
10448902,stimulus_Arg_PISACowsMilk_10_page_6,494.6,881.7,1001.0
10448903,stimulus_Arg_PISACowsMilk_10_page_6,494.7,881.8,1001.0
10448904,stimulus_Arg_PISACowsMilk_10_page_6,494.9,881.8,1001.0
10448905,stimulus_Arg_PISACowsMilk_10_page_6,495.0,881.7,1000.0
10448906,stimulus_Arg_PISACowsMilk_10_page_6,495.0,881.8,999.0
10448907,stimulus_Arg_PISACowsMilk_10_page_6,495.1,881.9,998.0
10448908,stimulus_Arg_PISACowsMilk_10_page_6,495.1,882.0,998.0
10448909,stimulus_Arg_PISACowsMilk_10_page_6,495.0,881.6,999.0
10448910,stimulus_Arg_PISACowsMilk_10_page_6,494.9,881.2,999.0
10448911,stimulus_Arg_PISACowsMilk_10_page_6,494.9,880.6,999.0
10448912,stimulus_Arg_PISACowsMilk_10_page_6,495.0,880.3,1000.0
10448913,stimulus_Arg_PISACowsMilk_10_page_6,495.0,880.1,1001.0
10448914,stimulus_Arg_PISACowsMilk_10_page_6,494.8,880.2,1000.0
10448915,stimulus_Arg_PISACowsMilk_10_page_6,494.6,880.3,999.0
10448916,stimulus_Arg_PISACowsMilk_10_page_6,494.9,880.2,998.0
10448917,stimulus_Arg_PISACowsMilk_10_page_6,495.4,880.2,998.0
10448918,stimulus_Arg_PISACowsMilk_10_page_6,495.9,880.2,998.0
10448919,stimulus_Arg_PISACowsMilk_10_page_6,496.0,880.3,998.0
10448920,stimulus_Arg_PISACowsMilk_10_page_6,496.1,880.5,999.0
10448921,stimulus_Arg_PISACowsMilk_10_page_6,496.0,880.6,1000.0
10448922,stimulus_Arg_PISACowsMilk_10_page_6,496.0,880.7,1001.0
10448923,stimulus_Arg_PISACowsMilk_10_page_6,496.0,880.7,1000.0
10448924,stimulus_Arg_PISACowsMilk_10_page_6,495.7,880.8,1000.0
10448925,stimulus_Arg_PISACowsMilk_10_page_6,495.3,880.8,999.0
10448926,stimulus_Arg_PISACowsMilk_10_page_6,495.0,880.8,999.0
10448927,stimulus_Arg_PISACowsMilk_10_page_6,495.5,880.8,999.0
10448928,stimulus_Arg_PISACowsMilk_10_page_6,495.9,880.8,999.0
10448929,stimulus_Arg_PISACowsMilk_10_page_6,496.3,880.8,1000.0
10448930,stimulus_Arg_PISACowsMilk_10_page_6,496.1,880.8,999.0
10448931,stimulus_Arg_PISACowsMilk_10_page_6,495.9,880.8,999.0
10448932,stimulus_Arg_PISACowsMilk_10_page_6,495.6,880.8,999.0
10448933,stimulus_Arg_PISACowsMilk_10_page_6,495.6,880.9,998.0
10448934,stimulus_Arg_PISACowsMilk_10_page_6,495.6,880.9,998.0
10448935,stimulus_Arg_PISACowsMilk_10_page_6,495.6,880.9,999.0
10448936,stimulus_Arg_PISACowsMilk_10_page_6,495.6,880.9,999.0
10448937,stimulus_Arg_PISACowsMilk_10_page_6,495.8,880.8,999.0
10448938,stimulus_Arg_PISACowsMilk_10_page_6,496.1,880.6,999.0
10448939,stimulus_Arg_PISACowsMilk_10_page_6,496.7,880.3,999.0
10448940,stimulus_Arg_PISACowsMilk_10_page_6,497.0,879.9,1000.0
10448941,stimulus_Arg_PISACowsMilk_10_page_6,497.1,879.7,999.0
10448942,stimulus_Arg_PISACowsMilk_10_page_6,497.1,879.5,999.0
10448943,stimulus_Arg_PISACowsMilk_10_page_6,496.8,879.5,998.0
10448944,stimulus_Arg_PISACowsMilk_10_page_6,496.6,879.4,998.0
10448945,stimulus_Arg_PISACowsMilk_10_page_6,496.5,879.6,999.0
10448946,stimulus_Arg_PISACowsMilk_10_page_6,497.1,879.8,999.0
10448947,stimulus_Arg_PISACowsMilk_10_page_6,497.6,880.1,1000.0
10448948,stimulus_Arg_PISACowsMilk_10_page_6,497.8,880.1,1000.0
10448949,stimulus_Arg_PISACowsMilk_10_page_6,497.0,880.0,1001.0
10448950,stimulus_Arg_PISACowsMilk_10_page_6,496.3,879.8,1001.0
10448951,stimulus_Arg_PISACowsMilk_10_page_6,495.9,879.8,1000.0
10448952,stimulus_Arg_PISACowsMilk_10_page_6,496.0,880.0,998.0
10448953,stimulus_Arg_PISACowsMilk_10_page_6,496.7,880.2,996.0
10448954,stimulus_Arg_PISACowsMilk_10_page_6,497.4,880.2,996.0
10448955,stimulus_Arg_PISACowsMilk_10_page_6,498.0,880.2,997.0
10448956,stimulus_Arg_PISACowsMilk_10_page_6,497.3,880.2,998.0
10448957,stimulus_Arg_PISACowsMilk_10_page_6,496.7,880.1,996.0
10448958,stimulus_Arg_PISACowsMilk_10_page_6,496.2,880.1,995.0
10448959,stimulus_Arg_PISACowsMilk_10_page_6,496.2,880.0,995.0
10448960,stimulus_Arg_PISACowsMilk_10_page_6,496.0,879.8,995.0
10448961,stimulus_Arg_PISACowsMilk_10_page_6,495.6,879.6,996.0
10448962,stimulus_Arg_PISACowsMilk_10_page_6,495.6,879.6,997.0
10448963,stimulus_Arg_PISACowsMilk_10_page_6,495.9,879.8,997.0
10448964,stimulus_Arg_PISACowsMilk_10_page_6,496.2,880.0,998.0
10448965,stimulus_Arg_PISACowsMilk_10_page_6,496.5,880.1,998.0
10448966,stimulus_Arg_PISACowsMilk_10_page_6,496.9,880.3,998.0
10448967,stimulus_Arg_PISACowsMilk_10_page_6,497.3,880.5,998.0
10448968,stimulus_Arg_PISACowsMilk_10_page_6,497.1,880.5,998.0
10448969,stimulus_Arg_PISACowsMilk_10_page_6,496.9,880.4,997.0
10448970,stimulus_Arg_PISACowsMilk_10_page_6,496.7,880.3,997.0
10448971,stimulus_Arg_PISACowsMilk_10_page_6,496.6,880.1,997.0
10448972,stimulus_Arg_PISACowsMilk_10_page_6,496.6,880.2,997.0
10448973,stimulus_Arg_PISACowsMilk_10_page_6,496.5,880.5,997.0
10448974,stimulus_Arg_PISACowsMilk_10_page_6,496.8,881.2,997.0
10448975,stimulus_Arg_PISACowsMilk_10_page_6,497.0,881.6,997.0
10448976,stimulus_Arg_PISACowsMilk_10_page_6,497.2,882.1,997.0
10448977,stimulus_Arg_PISACowsMilk_10_page_6,497.0,882.0,996.0
10448978,stimulus_Arg_PISACowsMilk_10_page_6,496.8,881.5,995.0
10448979,stimulus_Arg_PISACowsMilk_10_page_6,496.7,881.0,995.0
10448980,stimulus_Arg_PISACowsMilk_10_page_6,496.8,880.8,995.0
10448981,stimulus_Arg_PISACowsMilk_10_page_6,497.0,881.1,997.0
10448982,stimulus_Arg_PISACowsMilk_10_page_6,497.3,881.4,998.0
10448983,stimulus_Arg_PISACowsMilk_10_page_6,497.5,881.6,997.0
10448984,stimulus_Arg_PISACowsMilk_10_page_6,497.5,882.0,996.0
10448985,stimulus_Arg_PISACowsMilk_10_page_6,497.2,882.3,996.0
10448986,stimulus_Arg_PISACowsMilk_10_page_6,497.0,882.6,995.0
10448987,stimulus_Arg_PISACowsMilk_10_page_6,496.8,882.6,994.0
10448988,stimulus_Arg_PISACowsMilk_10_page_6,496.9,882.5,994.0
10448989,stimulus_Arg_PISACowsMilk_10_page_6,496.9,882.4,994.0
10448990,stimulus_Arg_PISACowsMilk_10_page_6,496.9,882.4,994.0
10448991,stimulus_Arg_PISACowsMilk_10_page_6,496.9,882.4,994.0
10448992,stimulus_Arg_PISACowsMilk_10_page_6,497.1,882.5,994.0
10448993,stimulus_Arg_PISACowsMilk_10_page_6,497.2,882.5,994.0
10448994,stimulus_Arg_PISACowsMilk_10_page_6,497.3,882.8,994.0
10448995,stimulus_Arg_PISACowsMilk_10_page_6,497.4,883.0,995.0
10448996,stimulus_Arg_PISACowsMilk_10_page_6,497.9,883.3,995.0
10448997,stimulus_Arg_PISACowsMilk_10_page_6,498.4,883.3,995.0
10448998,stimulus_Arg_PISACowsMilk_10_page_6,498.9,883.5,996.0
10448999,stimulus_Arg_PISACowsMilk_10_page_6,498.6,883.8,997.0
10449000,stimulus_Arg_PISACowsMilk_10_page_6,498.5,884.1,997.0
10449001,stimulus_Arg_PISACowsMilk_10_page_6,498.4,884.6,998.0
10449002,stimulus_Arg_PISACowsMilk_10_page_6,498.5,884.8,999.0
10449003,stimulus_Arg_PISACowsMilk_10_page_6,498.5,885.1,1000.0
10449004,stimulus_Arg_PISACowsMilk_10_page_6,498.8,884.8,1000.0
10449005,stimulus_Arg_PISACowsMilk_10_page_6,499.1,884.5,1000.0
10449006,stimulus_Arg_PISACowsMilk_10_page_6,498.9,884.4,1000.0
10449007,stimulus_Arg_PISACowsMilk_10_page_6,498.5,884.4,999.0
10449008,stimulus_Arg_PISACowsMilk_10_page_6,498.1,884.5,999.0
10449009,stimulus_Arg_PISACowsMilk_10_page_6,498.2,884.9,1000.0
10449010,stimulus_Arg_PISACowsMilk_10_page_6,498.3,885.3,1002.0
10449011,stimulus_Arg_PISACowsMilk_10_page_6,498.5,885.6,1003.0
10449012,stimulus_Arg_PISACowsMilk_10_page_6,498.7,885.6,1003.0
10449013,stimulus_Arg_PISACowsMilk_10_page_6,498.8,885.6,1003.0
10449014,stimulus_Arg_PISACowsMilk_10_page_6,499.3,885.9,1003.0
10449015,stimulus_Arg_PISACowsMilk_10_page_6,499.6,886.2,1003.0
10449016,stimulus_Arg_PISACowsMilk_10_page_6,500.0,886.4,1003.0
10449017,stimulus_Arg_PISACowsMilk_10_page_6,499.7,886.3,1003.0
10449018,stimulus_Arg_PISACowsMilk_10_page_6,499.5,886.2,1003.0
10449019,stimulus_Arg_PISACowsMilk_10_page_6,499.3,886.1,1003.0
10449020,stimulus_Arg_PISACowsMilk_10_page_6,499.5,886.2,1003.0
10449021,stimulus_Arg_PISACowsMilk_10_page_6,499.6,886.2,1003.0
10449022,stimulus_Arg_PISACowsMilk_10_page_6,499.7,886.1,1004.0
10449023,stimulus_Arg_PISACowsMilk_10_page_6,499.7,886.0,1005.0
10449024,stimulus_Arg_PISACowsMilk_10_page_6,499.8,886.0,1004.0
10449025,stimulus_Arg_PISACowsMilk_10_page_6,499.9,886.0,1004.0
10449026,stimulus_Arg_PISACowsMilk_10_page_6,500.1,886.1,1005.0
10449027,stimulus_Arg_PISACowsMilk_10_page_6,500.2,886.3,1006.0
10449028,stimulus_Arg_PISACowsMilk_10_page_6,500.2,886.6,1007.0
10449029,stimulus_Arg_PISACowsMilk_10_page_6,500.2,886.5,1006.0
10449030,stimulus_Arg_PISACowsMilk_10_page_6,500.1,886.2,1006.0
10449031,stimulus_Arg_PISACowsMilk_10_page_6,500.1,885.9,1006.0
10449032,stimulus_Arg_PISACowsMilk_10_page_6,500.1,885.9,1006.0
10449033,stimulus_Arg_PISACowsMilk_10_page_6,500.3,885.9,1006.0
10449034,stimulus_Arg_PISACowsMilk_10_page_6,500.4,886.0,1007.0
10449035,stimulus_Arg_PISACowsMilk_10_page_6,500.7,885.9,1007.0
10449036,stimulus_Arg_PISACowsMilk_10_page_6,500.9,885.9,1008.0
10449037,stimulus_Arg_PISACowsMilk_10_page_6,500.8,885.9,1007.0
10449038,stimulus_Arg_PISACowsMilk_10_page_6,500.4,885.9,1007.0
10449039,stimulus_Arg_PISACowsMilk_10_page_6,500.0,885.8,1007.0
10449040,stimulus_Arg_PISACowsMilk_10_page_6,500.1,885.8,1008.0
10449041,stimulus_Arg_PISACowsMilk_10_page_6,499.7,885.7,1008.0
10449042,stimulus_Arg_PISACowsMilk_10_page_6,499.4,885.1,1009.0
10449043,stimulus_Arg_PISACowsMilk_10_page_6,498.8,884.5,1009.0
10449044,stimulus_Arg_PISACowsMilk_10_page_6,498.7,884.1,1008.0
10449045,stimulus_Arg_PISACowsMilk_10_page_6,498.5,884.2,1008.0
10449046,stimulus_Arg_PISACowsMilk_10_page_6,500.0,885.0,1007.0
10449047,stimulus_Arg_PISACowsMilk_10_page_6,502.7,885.8,1007.0
10449048,stimulus_Arg_PISACowsMilk_10_page_6,507.5,886.6,1008.0
10449049,stimulus_Arg_PISACowsMilk_10_page_6,512.9,886.7,1010.0
10449050,stimulus_Arg_PISACowsMilk_10_page_6,520.6,886.9,1011.0
10449051,stimulus_Arg_PISACowsMilk_10_page_6,528.6,886.2,1011.0
10449052,stimulus_Arg_PISACowsMilk_10_page_6,538.6,885.6,1012.0
10449053,stimulus_Arg_PISACowsMilk_10_page_6,548.8,884.9,1012.0
10449054,stimulus_Arg_PISACowsMilk_10_page_6,558.6,884.9,1011.0
10449055,stimulus_Arg_PISACowsMilk_10_page_6,566.4,884.6,1010.0
10449056,stimulus_Arg_PISACowsMilk_10_page_6,572.2,883.3,1009.0
10449057,stimulus_Arg_PISACowsMilk_10_page_6,577.8,882.2,1009.0
10449058,stimulus_Arg_PISACowsMilk_10_page_6,583.0,880.9,1008.0
10449059,stimulus_Arg_PISACowsMilk_10_page_6,586.8,879.9,1006.0
10449060,stimulus_Arg_PISACowsMilk_10_page_6,588.8,878.5,1004.0
10449061,stimulus_Arg_PISACowsMilk_10_page_6,589.1,877.3,1003.0
10449062,stimulus_Arg_PISACowsMilk_10_page_6,589.1,876.4,1002.0
10449063,stimulus_Arg_PISACowsMilk_10_page_6,587.8,876.1,1001.0
10449064,stimulus_Arg_PISACowsMilk_10_page_6,586.6,876.3,1000.0
10449065,stimulus_Arg_PISACowsMilk_10_page_6,584.1,876.4,1000.0
10449066,stimulus_Arg_PISACowsMilk_10_page_6,582.1,876.6,1001.0
10449067,stimulus_Arg_PISACowsMilk_10_page_6,580.1,876.7,1003.0
10449068,stimulus_Arg_PISACowsMilk_10_page_6,579.1,876.9,1003.0
10449069,stimulus_Arg_PISACowsMilk_10_page_6,578.7,877.3,1001.0
10449070,stimulus_Arg_PISACowsMilk_10_page_6,578.9,877.7,1001.0
10449071,stimulus_Arg_PISACowsMilk_10_page_6,579.8,878.0,1001.0
10449072,stimulus_Arg_PISACowsMilk_10_page_6,581.6,878.2,1003.0
10449073,stimulus_Arg_PISACowsMilk_10_page_6,582.9,878.4,1004.0
10449074,stimulus_Arg_PISACowsMilk_10_page_6,583.8,878.6,1003.0
10449075,stimulus_Arg_PISACowsMilk_10_page_6,584.1,878.7,1003.0
10449076,stimulus_Arg_PISACowsMilk_10_page_6,584.4,878.4,1003.0
10449077,stimulus_Arg_PISACowsMilk_10_page_6,584.7,878.2,1004.0
10449078,stimulus_Arg_PISACowsMilk_10_page_6,584.6,877.8,1004.0
10449079,stimulus_Arg_PISACowsMilk_10_page_6,584.3,877.7,1003.0
10449080,stimulus_Arg_PISACowsMilk_10_page_6,583.6,877.3,1003.0
10449081,stimulus_Arg_PISACowsMilk_10_page_6,583.1,877.1,1002.0
10449082,stimulus_Arg_PISACowsMilk_10_page_6,582.6,876.7,1002.0
10449083,stimulus_Arg_PISACowsMilk_10_page_6,582.1,876.4,1002.0
10449084,stimulus_Arg_PISACowsMilk_10_page_6,581.7,876.2,1002.0
10449085,stimulus_Arg_PISACowsMilk_10_page_6,581.3,876.1,1002.0
10449086,stimulus_Arg_PISACowsMilk_10_page_6,581.2,876.3,1002.0
10449087,stimulus_Arg_PISACowsMilk_10_page_6,581.1,876.5,1002.0
10449088,stimulus_Arg_PISACowsMilk_10_page_6,581.3,876.8,1002.0
10449089,stimulus_Arg_PISACowsMilk_10_page_6,581.6,876.9,1003.0
10449090,stimulus_Arg_PISACowsMilk_10_page_6,582.3,877.0,1003.0
10449091,stimulus_Arg_PISACowsMilk_10_page_6,582.8,876.9,1004.0
10449092,stimulus_Arg_PISACowsMilk_10_page_6,583.2,876.9,1004.0
10449093,stimulus_Arg_PISACowsMilk_10_page_6,583.7,877.0,1005.0
10449094,stimulus_Arg_PISACowsMilk_10_page_6,584.4,877.4,1005.0
10449095,stimulus_Arg_PISACowsMilk_10_page_6,585.4,877.8,1006.0
10449096,stimulus_Arg_PISACowsMilk_10_page_6,585.7,878.1,1006.0
10449097,stimulus_Arg_PISACowsMilk_10_page_6,586.0,878.0,1007.0
10449098,stimulus_Arg_PISACowsMilk_10_page_6,586.0,877.9,1007.0
10449099,stimulus_Arg_PISACowsMilk_10_page_6,586.0,877.8,1008.0
10449100,stimulus_Arg_PISACowsMilk_10_page_6,585.6,877.6,1007.0
10449101,stimulus_Arg_PISACowsMilk_10_page_6,585.2,877.3,1006.0
10449102,stimulus_Arg_PISACowsMilk_10_page_6,584.9,877.1,1005.0
10449103,stimulus_Arg_PISACowsMilk_10_page_6,584.9,877.1,1006.0
10449104,stimulus_Arg_PISACowsMilk_10_page_6,584.9,877.1,1006.0
10449105,stimulus_Arg_PISACowsMilk_10_page_6,585.0,877.0,1007.0
10449106,stimulus_Arg_PISACowsMilk_10_page_6,585.0,877.1,1008.0
10449107,stimulus_Arg_PISACowsMilk_10_page_6,585.0,877.1,1008.0
10449108,stimulus_Arg_PISACowsMilk_10_page_6,585.0,877.1,1008.0
10449109,stimulus_Arg_PISACowsMilk_10_page_6,585.0,877.0,1008.0
10449110,stimulus_Arg_PISACowsMilk_10_page_6,585.1,877.0,1008.0
10449111,stimulus_Arg_PISACowsMilk_10_page_6,585.1,876.9,1008.0
10449112,stimulus_Arg_PISACowsMilk_10_page_6,585.1,876.7,1009.0
10449113,stimulus_Arg_PISACowsMilk_10_page_6,585.1,876.7,1008.0
10449114,stimulus_Arg_PISACowsMilk_10_page_6,585.1,876.6,1007.0
10449115,stimulus_Arg_PISACowsMilk_10_page_6,585.2,876.8,1007.0
10449116,stimulus_Arg_PISACowsMilk_10_page_6,585.3,877.0,1008.0
10449117,stimulus_Arg_PISACowsMilk_10_page_6,585.3,877.2,1009.0
10449118,stimulus_Arg_PISACowsMilk_10_page_6,585.2,877.3,1009.0
10449119,stimulus_Arg_PISACowsMilk_10_page_6,585.1,877.4,1010.0
10449120,stimulus_Arg_PISACowsMilk_10_page_6,584.9,877.1,1010.0
10449121,stimulus_Arg_PISACowsMilk_10_page_6,584.8,876.8,1010.0
10449122,stimulus_Arg_PISACowsMilk_10_page_6,584.8,876.5,1009.0
10449123,stimulus_Arg_PISACowsMilk_10_page_6,584.8,876.6,1008.0
10449124,stimulus_Arg_PISACowsMilk_10_page_6,584.8,876.6,1007.0
10449125,stimulus_Arg_PISACowsMilk_10_page_6,584.9,876.4,1007.0
10449126,stimulus_Arg_PISACowsMilk_10_page_6,584.9,876.3,1008.0
10449127,stimulus_Arg_PISACowsMilk_10_page_6,585.1,876.3,1009.0
10449128,stimulus_Arg_PISACowsMilk_10_page_6,585.2,876.5,1010.0
10449129,stimulus_Arg_PISACowsMilk_10_page_6,585.2,876.5,1010.0
10449130,stimulus_Arg_PISACowsMilk_10_page_6,585.0,876.3,1010.0
10449131,stimulus_Arg_PISACowsMilk_10_page_6,584.9,876.2,1010.0
10449132,stimulus_Arg_PISACowsMilk_10_page_6,585.0,876.3,1011.0
10449133,stimulus_Arg_PISACowsMilk_10_page_6,585.1,876.4,1013.0
10449134,stimulus_Arg_PISACowsMilk_10_page_6,585.1,876.7,1013.0
10449135,stimulus_Arg_PISACowsMilk_10_page_6,585.1,877.0,1013.0
10449136,stimulus_Arg_PISACowsMilk_10_page_6,585.1,877.2,1012.0
10449137,stimulus_Arg_PISACowsMilk_10_page_6,585.1,877.2,1012.0
10449138,stimulus_Arg_PISACowsMilk_10_page_6,585.1,877.0,1012.0
10449139,stimulus_Arg_PISACowsMilk_10_page_6,585.1,876.9,1011.0
10449140,stimulus_Arg_PISACowsMilk_10_page_6,585.0,876.7,1012.0
10449141,stimulus_Arg_PISACowsMilk_10_page_6,584.9,876.5,1012.0
10449142,stimulus_Arg_PISACowsMilk_10_page_6,584.9,876.4,1013.0
10449143,stimulus_Arg_PISACowsMilk_10_page_6,584.9,876.4,1013.0
10449144,stimulus_Arg_PISACowsMilk_10_page_6,584.9,876.4,1013.0
10449145,stimulus_Arg_PISACowsMilk_10_page_6,585.0,876.4,1012.0
10449146,stimulus_Arg_PISACowsMilk_10_page_6,585.0,876.4,1012.0
10449147,stimulus_Arg_PISACowsMilk_10_page_6,585.3,876.4,1012.0
10449148,stimulus_Arg_PISACowsMilk_10_page_6,585.6,876.4,1012.0
10449149,stimulus_Arg_PISACowsMilk_10_page_6,585.7,876.5,1013.0
10449150,stimulus_Arg_PISACowsMilk_10_page_6,585.5,876.5,1014.0
10449151,stimulus_Arg_PISACowsMilk_10_page_6,585.3,876.6,1015.0
10449152,stimulus_Arg_PISACowsMilk_10_page_6,585.3,876.6,1015.0
10449153,stimulus_Arg_PISACowsMilk_10_page_6,585.2,876.4,1015.0
10449154,stimulus_Arg_PISACowsMilk_10_page_6,585.0,875.9,1015.0
10449155,stimulus_Arg_PISACowsMilk_10_page_6,584.9,875.4,1016.0
10449156,stimulus_Arg_PISACowsMilk_10_page_6,584.9,875.6,1016.0
10449157,stimulus_Arg_PISACowsMilk_10_page_6,584.9,876.0,1016.0
10449158,stimulus_Arg_PISACowsMilk_10_page_6,584.9,876.5,1016.0
10449159,stimulus_Arg_PISACowsMilk_10_page_6,584.8,876.5,1015.0
10449160,stimulus_Arg_PISACowsMilk_10_page_6,584.7,876.2,1015.0
10449161,stimulus_Arg_PISACowsMilk_10_page_6,584.9,875.8,1016.0
10449162,stimulus_Arg_PISACowsMilk_10_page_6,585.0,875.4,1017.0
10449163,stimulus_Arg_PISACowsMilk_10_page_6,585.1,875.3,1016.0
10449164,stimulus_Arg_PISACowsMilk_10_page_6,585.1,875.3,1015.0
10449165,stimulus_Arg_PISACowsMilk_10_page_6,585.1,875.3,1014.0
10449166,stimulus_Arg_PISACowsMilk_10_page_6,585.1,875.3,1014.0
10449167,stimulus_Arg_PISACowsMilk_10_page_6,585.3,875.3,1014.0
10449168,stimulus_Arg_PISACowsMilk_10_page_6,585.4,875.3,1014.0
10449169,stimulus_Arg_PISACowsMilk_10_page_6,585.2,875.1,1014.0
10449170,stimulus_Arg_PISACowsMilk_10_page_6,585.0,874.8,1015.0
10449171,stimulus_Arg_PISACowsMilk_10_page_6,584.7,874.5,1015.0
10449172,stimulus_Arg_PISACowsMilk_10_page_6,584.6,874.5,1016.0
10449173,stimulus_Arg_PISACowsMilk_10_page_6,584.4,874.5,1016.0
10449174,stimulus_Arg_PISACowsMilk_10_page_6,584.3,874.5,1015.0
10449175,stimulus_Arg_PISACowsMilk_10_page_6,584.4,874.5,1015.0
10449176,stimulus_Arg_PISACowsMilk_10_page_6,584.5,874.5,1015.0
10449177,stimulus_Arg_PISACowsMilk_10_page_6,584.5,874.4,1015.0
10449178,stimulus_Arg_PISACowsMilk_10_page_6,584.9,874.5,1016.0
10449179,stimulus_Arg_PISACowsMilk_10_page_6,585.2,874.6,1017.0
10449180,stimulus_Arg_PISACowsMilk_10_page_6,585.3,874.5,1017.0
10449181,stimulus_Arg_PISACowsMilk_10_page_6,585.1,874.4,1017.0
10449182,stimulus_Arg_PISACowsMilk_10_page_6,584.9,874.2,1016.0
10449183,stimulus_Arg_PISACowsMilk_10_page_6,584.9,874.3,1016.0
10449184,stimulus_Arg_PISACowsMilk_10_page_6,585.0,874.2,1015.0
10449185,stimulus_Arg_PISACowsMilk_10_page_6,585.0,874.2,1015.0
10449186,stimulus_Arg_PISACowsMilk_10_page_6,585.0,874.2,1015.0
10449187,stimulus_Arg_PISACowsMilk_10_page_6,585.0,874.0,1015.0
10449188,stimulus_Arg_PISACowsMilk_10_page_6,585.0,873.7,1015.0
10449189,stimulus_Arg_PISACowsMilk_10_page_6,584.9,873.3,1015.0
10449190,stimulus_Arg_PISACowsMilk_10_page_6,584.8,873.1,1016.0
10449191,stimulus_Arg_PISACowsMilk_10_page_6,584.7,873.0,1018.0
10449192,stimulus_Arg_PISACowsMilk_10_page_6,584.8,872.9,1019.0
10449193,stimulus_Arg_PISACowsMilk_10_page_6,584.8,872.9,1019.0
10449194,stimulus_Arg_PISACowsMilk_10_page_6,584.8,873.0,1018.0
10449195,stimulus_Arg_PISACowsMilk_10_page_6,584.9,873.1,1017.0
10449196,stimulus_Arg_PISACowsMilk_10_page_6,585.0,873.1,1017.0
10449197,stimulus_Arg_PISACowsMilk_10_page_6,585.1,873.4,1018.0
10449198,stimulus_Arg_PISACowsMilk_10_page_6,585.0,873.6,1019.0
10449199,stimulus_Arg_PISACowsMilk_10_page_6,585.1,873.7,1019.0
10449200,stimulus_Arg_PISACowsMilk_10_page_6,585.1,873.5,1019.0
10449201,stimulus_Arg_PISACowsMilk_10_page_6,585.1,873.4,1019.0
10449202,stimulus_Arg_PISACowsMilk_10_page_6,584.7,873.3,1019.0
10449203,stimulus_Arg_PISACowsMilk_10_page_6,584.3,873.3,1019.0
10449204,stimulus_Arg_PISACowsMilk_10_page_6,583.9,872.9,1019.0
10449205,stimulus_Arg_PISACowsMilk_10_page_6,583.7,872.6,1019.0
10449206,stimulus_Arg_PISACowsMilk_10_page_6,583.8,872.3,1019.0
10449207,stimulus_Arg_PISACowsMilk_10_page_6,583.8,872.6,1020.0
10449208,stimulus_Arg_PISACowsMilk_10_page_6,584.1,872.8,1020.0
10449209,stimulus_Arg_PISACowsMilk_10_page_6,584.4,873.1,1020.0
10449210,stimulus_Arg_PISACowsMilk_10_page_6,584.7,873.1,1020.0
10449211,stimulus_Arg_PISACowsMilk_10_page_6,585.0,873.1,1021.0
10449212,stimulus_Arg_PISACowsMilk_10_page_6,585.2,873.1,1021.0
10449213,stimulus_Arg_PISACowsMilk_10_page_6,585.4,873.0,1021.0
10449214,stimulus_Arg_PISACowsMilk_10_page_6,585.3,872.8,1021.0
10449215,stimulus_Arg_PISACowsMilk_10_page_6,585.3,872.5,1020.0
10449216,stimulus_Arg_PISACowsMilk_10_page_6,585.2,872.5,1020.0
10449217,stimulus_Arg_PISACowsMilk_10_page_6,585.1,872.7,1020.0
10449218,stimulus_Arg_PISACowsMilk_10_page_6,584.9,872.9,1020.0
10449219,stimulus_Arg_PISACowsMilk_10_page_6,584.9,872.9,1020.0
10449220,stimulus_Arg_PISACowsMilk_10_page_6,584.8,872.3,1020.0
10449221,stimulus_Arg_PISACowsMilk_10_page_6,584.9,871.7,1020.0
10449222,stimulus_Arg_PISACowsMilk_10_page_6,585.0,871.4,1020.0
10449223,stimulus_Arg_PISACowsMilk_10_page_6,585.0,871.8,1020.0
10449224,stimulus_Arg_PISACowsMilk_10_page_6,584.9,872.1,1020.0
10449225,stimulus_Arg_PISACowsMilk_10_page_6,584.7,872.4,1020.0
10449226,stimulus_Arg_PISACowsMilk_10_page_6,584.4,872.7,1021.0
10449227,stimulus_Arg_PISACowsMilk_10_page_6,584.4,873.0,1021.0
10449228,stimulus_Arg_PISACowsMilk_10_page_6,584.5,873.0,1021.0
10449229,stimulus_Arg_PISACowsMilk_10_page_6,584.9,873.0,1021.0
10449230,stimulus_Arg_PISACowsMilk_10_page_6,585.3,873.0,1022.0
10449231,stimulus_Arg_PISACowsMilk_10_page_6,585.5,872.9,1024.0
10449232,stimulus_Arg_PISACowsMilk_10_page_6,585.5,872.6,1025.0
10449233,stimulus_Arg_PISACowsMilk_10_page_6,585.4,872.3,1025.0
10449234,stimulus_Arg_PISACowsMilk_10_page_6,585.3,872.1,1025.0
10449235,stimulus_Arg_PISACowsMilk_10_page_6,585.3,872.1,1025.0
10449236,stimulus_Arg_PISACowsMilk_10_page_6,585.3,872.1,1025.0
10449237,stimulus_Arg_PISACowsMilk_10_page_6,585.3,872.2,1026.0
10449238,stimulus_Arg_PISACowsMilk_10_page_6,585.5,872.5,1025.0
10449239,stimulus_Arg_PISACowsMilk_10_page_6,585.7,872.6,1024.0
10449240,stimulus_Arg_PISACowsMilk_10_page_6,585.7,872.4,1024.0
10449241,stimulus_Arg_PISACowsMilk_10_page_6,585.6,872.2,1024.0
10449242,stimulus_Arg_PISACowsMilk_10_page_6,585.6,871.9,1025.0
10449243,stimulus_Arg_PISACowsMilk_10_page_6,585.6,871.9,1025.0
10449244,stimulus_Arg_PISACowsMilk_10_page_6,585.7,871.9,1025.0
10449245,stimulus_Arg_PISACowsMilk_10_page_6,585.5,871.9,1026.0
10449246,stimulus_Arg_PISACowsMilk_10_page_6,585.1,872.0,1026.0
10449247,stimulus_Arg_PISACowsMilk_10_page_6,584.8,872.2,1026.0
10449248,stimulus_Arg_PISACowsMilk_10_page_6,585.1,872.4,1026.0
10449249,stimulus_Arg_PISACowsMilk_10_page_6,585.4,872.4,1026.0
10449250,stimulus_Arg_PISACowsMilk_10_page_6,585.5,872.5,1025.0
10449251,stimulus_Arg_PISACowsMilk_10_page_6,585.3,872.5,1024.0
10449252,stimulus_Arg_PISACowsMilk_10_page_6,585.1,872.5,1024.0
10449253,stimulus_Arg_PISACowsMilk_10_page_6,585.1,872.3,1024.0
10449254,stimulus_Arg_PISACowsMilk_10_page_6,585.2,872.0,1024.0
10449255,stimulus_Arg_PISACowsMilk_10_page_6,585.2,871.8,1025.0
10449256,stimulus_Arg_PISACowsMilk_10_page_6,585.3,871.8,1025.0
10449257,stimulus_Arg_PISACowsMilk_10_page_6,585.3,871.7,1025.0
10449258,stimulus_Arg_PISACowsMilk_10_page_6,585.3,871.4,1026.0
10449259,stimulus_Arg_PISACowsMilk_10_page_6,585.2,871.0,1027.0
10449260,stimulus_Arg_PISACowsMilk_10_page_6,585.3,870.7,1028.0
10449261,stimulus_Arg_PISACowsMilk_10_page_6,585.4,870.9,1028.0
10449262,stimulus_Arg_PISACowsMilk_10_page_6,585.5,871.1,1028.0
10449263,stimulus_Arg_PISACowsMilk_10_page_6,585.5,871.3,1027.0
10449264,stimulus_Arg_PISACowsMilk_10_page_6,585.5,871.2,1027.0
10449265,stimulus_Arg_PISACowsMilk_10_page_6,585.3,871.3,1027.0
10449266,stimulus_Arg_PISACowsMilk_10_page_6,585.1,871.4,1026.0
10449267,stimulus_Arg_PISACowsMilk_10_page_6,585.0,871.5,1025.0
10449268,stimulus_Arg_PISACowsMilk_10_page_6,585.0,871.5,1024.0
10449269,stimulus_Arg_PISACowsMilk_10_page_6,585.1,871.5,1024.0
10449270,stimulus_Arg_PISACowsMilk_10_page_6,585.1,871.5,1025.0
10449271,stimulus_Arg_PISACowsMilk_10_page_6,585.0,871.6,1026.0
10449272,stimulus_Arg_PISACowsMilk_10_page_6,584.9,871.7,1026.0
10449273,stimulus_Arg_PISACowsMilk_10_page_6,584.6,871.8,1026.0
10449274,stimulus_Arg_PISACowsMilk_10_page_6,584.3,871.8,1026.0
10449275,stimulus_Arg_PISACowsMilk_10_page_6,584.1,871.8,1026.0
10449276,stimulus_Arg_PISACowsMilk_10_page_6,584.1,871.8,1026.0
10449277,stimulus_Arg_PISACowsMilk_10_page_6,584.1,871.7,1027.0
10449278,stimulus_Arg_PISACowsMilk_10_page_6,584.1,871.6,1027.0
10449279,stimulus_Arg_PISACowsMilk_10_page_6,583.9,871.5,1027.0
10449280,stimulus_Arg_PISACowsMilk_10_page_6,583.6,871.4,1027.0
10449281,stimulus_Arg_PISACowsMilk_10_page_6,583.6,871.4,1026.0
10449282,stimulus_Arg_PISACowsMilk_10_page_6,583.9,871.5,1026.0
10449283,stimulus_Arg_PISACowsMilk_10_page_6,584.1,871.5,1026.0
10449284,stimulus_Arg_PISACowsMilk_10_page_6,584.0,871.6,1027.0
10449285,stimulus_Arg_PISACowsMilk_10_page_6,583.5,871.6,1026.0
10449286,stimulus_Arg_PISACowsMilk_10_page_6,583.1,871.6,1025.0
10449287,stimulus_Arg_PISACowsMilk_10_page_6,582.6,871.6,1025.0
10449288,stimulus_Arg_PISACowsMilk_10_page_6,582.5,871.5,1025.0
10449289,stimulus_Arg_PISACowsMilk_10_page_6,582.4,871.6,1026.0
10449290,stimulus_Arg_PISACowsMilk_10_page_6,582.5,871.6,1027.0
10449291,stimulus_Arg_PISACowsMilk_10_page_6,583.3,871.9,1027.0
10449292,stimulus_Arg_PISACowsMilk_10_page_6,585.8,872.2,1028.0
10449293,stimulus_Arg_PISACowsMilk_10_page_6,589.8,872.9,1029.0
10449294,stimulus_Arg_PISACowsMilk_10_page_6,594.4,873.5,1030.0
10449295,stimulus_Arg_PISACowsMilk_10_page_6,598.8,873.4,1031.0
10449296,stimulus_Arg_PISACowsMilk_10_page_6,604.0,872.9,1030.0
10449297,stimulus_Arg_PISACowsMilk_10_page_6,610.0,872.1,1028.0
10449298,stimulus_Arg_PISACowsMilk_10_page_6,617.8,872.0,1027.0
10449299,stimulus_Arg_PISACowsMilk_10_page_6,626.9,872.0,1029.0
10449300,stimulus_Arg_PISACowsMilk_10_page_6,637.4,872.4,1030.0
10449301,stimulus_Arg_PISACowsMilk_10_page_6,648.3,872.8,1031.0
10449302,stimulus_Arg_PISACowsMilk_10_page_6,656.7,871.8,1031.0
10449303,stimulus_Arg_PISACowsMilk_10_page_6,665.2,870.9,1032.0
10449304,stimulus_Arg_PISACowsMilk_10_page_6,672.3,869.4,1030.0
10449305,stimulus_Arg_PISACowsMilk_10_page_6,680.1,869.0,1028.0
10449306,stimulus_Arg_PISACowsMilk_10_page_6,687.3,868.5,1025.0
10449307,stimulus_Arg_PISACowsMilk_10_page_6,694.5,868.4,1024.0
10449308,stimulus_Arg_PISACowsMilk_10_page_6,700.6,867.9,1024.0
10449309,stimulus_Arg_PISACowsMilk_10_page_6,703.8,866.4,1024.0
10449310,stimulus_Arg_PISACowsMilk_10_page_6,704.8,864.8,1023.0
10449311,stimulus_Arg_PISACowsMilk_10_page_6,704.9,864.3,1020.0
10449312,stimulus_Arg_PISACowsMilk_10_page_6,704.8,864.5,1016.0
10449313,stimulus_Arg_PISACowsMilk_10_page_6,704.5,865.1,1013.0
10449314,stimulus_Arg_PISACowsMilk_10_page_6,704.2,865.4,1012.0
10449315,stimulus_Arg_PISACowsMilk_10_page_6,703.1,865.5,1011.0
10449316,stimulus_Arg_PISACowsMilk_10_page_6,701.9,865.3,1011.0
10449317,stimulus_Arg_PISACowsMilk_10_page_6,700.6,865.3,1011.0
10449318,stimulus_Arg_PISACowsMilk_10_page_6,699.7,865.6,1012.0
10449319,stimulus_Arg_PISACowsMilk_10_page_6,698.9,865.9,1013.0
10449320,stimulus_Arg_PISACowsMilk_10_page_6,697.8,866.1,1014.0
10449321,stimulus_Arg_PISACowsMilk_10_page_6,697.0,866.0,1015.0
10449322,stimulus_Arg_PISACowsMilk_10_page_6,695.8,865.9,1016.0
10449323,stimulus_Arg_PISACowsMilk_10_page_6,694.8,866.6,1017.0
10449324,stimulus_Arg_PISACowsMilk_10_page_6,694.1,867.5,1018.0
10449325,stimulus_Arg_PISACowsMilk_10_page_6,694.1,868.3,1019.0
10449326,stimulus_Arg_PISACowsMilk_10_page_6,694.1,868.4,1019.0
10449327,stimulus_Arg_PISACowsMilk_10_page_6,694.1,868.4,1017.0
10449328,stimulus_Arg_PISACowsMilk_10_page_6,694.0,868.4,1015.0
10449329,stimulus_Arg_PISACowsMilk_10_page_6,694.1,868.8,1014.0
10449330,stimulus_Arg_PISACowsMilk_10_page_6,694.2,869.3,1015.0
10449331,stimulus_Arg_PISACowsMilk_10_page_6,694.3,869.8,1015.0
10449332,stimulus_Arg_PISACowsMilk_10_page_6,694.5,869.9,1016.0
10449333,stimulus_Arg_PISACowsMilk_10_page_6,694.8,869.9,1016.0
10449334,stimulus_Arg_PISACowsMilk_10_page_6,695.0,869.9,1016.0
10449335,stimulus_Arg_PISACowsMilk_10_page_6,695.1,870.0,1014.0
10449336,stimulus_Arg_PISACowsMilk_10_page_6,695.3,870.0,1013.0
10449337,stimulus_Arg_PISACowsMilk_10_page_6,695.9,869.9,1013.0
10449338,stimulus_Arg_PISACowsMilk_10_page_6,696.9,869.7,1013.0
10449339,stimulus_Arg_PISACowsMilk_10_page_6,697.8,869.7,1014.0
10449340,stimulus_Arg_PISACowsMilk_10_page_6,698.2,869.7,1015.0
10449341,stimulus_Arg_PISACowsMilk_10_page_6,698.2,869.7,1015.0
10449342,stimulus_Arg_PISACowsMilk_10_page_6,698.2,869.7,1015.0
10449343,stimulus_Arg_PISACowsMilk_10_page_6,698.4,869.0,1015.0
10449344,stimulus_Arg_PISACowsMilk_10_page_6,698.5,868.4,1016.0
10449345,stimulus_Arg_PISACowsMilk_10_page_6,699.1,868.4,1016.0
10449346,stimulus_Arg_PISACowsMilk_10_page_6,699.7,869.4,1017.0
10449347,stimulus_Arg_PISACowsMilk_10_page_6,700.3,870.4,1017.0
10449348,stimulus_Arg_PISACowsMilk_10_page_6,700.3,870.9,1018.0
10449349,stimulus_Arg_PISACowsMilk_10_page_6,700.4,871.0,1019.0
10449350,stimulus_Arg_PISACowsMilk_10_page_6,700.7,871.3,1021.0
10449351,stimulus_Arg_PISACowsMilk_10_page_6,701.3,871.6,1022.0
10449352,stimulus_Arg_PISACowsMilk_10_page_6,701.8,871.8,1023.0
10449353,stimulus_Arg_PISACowsMilk_10_page_6,702.0,871.6,1023.0
10449354,stimulus_Arg_PISACowsMilk_10_page_6,702.0,871.2,1022.0
10449355,stimulus_Arg_PISACowsMilk_10_page_6,702.0,870.7,1022.0
10449356,stimulus_Arg_PISACowsMilk_10_page_6,702.0,870.4,1022.0
10449357,stimulus_Arg_PISACowsMilk_10_page_6,701.9,870.2,1022.0
10449358,stimulus_Arg_PISACowsMilk_10_page_6,701.8,870.0,1022.0
10449359,stimulus_Arg_PISACowsMilk_10_page_6,701.7,869.8,1023.0
10449360,stimulus_Arg_PISACowsMilk_10_page_6,701.6,870.2,1023.0
10449361,stimulus_Arg_PISACowsMilk_10_page_6,701.6,870.6,1023.0
10449362,stimulus_Arg_PISACowsMilk_10_page_6,701.5,870.7,1023.0
10449363,stimulus_Arg_PISACowsMilk_10_page_6,701.4,870.4,1023.0
10449364,stimulus_Arg_PISACowsMilk_10_page_6,701.3,870.4,1022.0
10449365,stimulus_Arg_PISACowsMilk_10_page_6,701.3,870.8,1021.0
10449366,stimulus_Arg_PISACowsMilk_10_page_6,700.9,871.1,1021.0
10449367,stimulus_Arg_PISACowsMilk_10_page_6,700.5,871.2,1021.0
10449368,stimulus_Arg_PISACowsMilk_10_page_6,700.1,871.2,1021.0
10449369,stimulus_Arg_PISACowsMilk_10_page_6,700.4,871.0,1021.0
10449370,stimulus_Arg_PISACowsMilk_10_page_6,700.6,870.6,1021.0
10449371,stimulus_Arg_PISACowsMilk_10_page_6,700.7,870.1,1020.0
10449372,stimulus_Arg_PISACowsMilk_10_page_6,700.6,869.9,1020.0
10449373,stimulus_Arg_PISACowsMilk_10_page_6,700.5,869.9,1020.0
10449374,stimulus_Arg_PISACowsMilk_10_page_6,700.5,870.0,1021.0
10449375,stimulus_Arg_PISACowsMilk_10_page_6,700.7,870.1,1021.0
10449376,stimulus_Arg_PISACowsMilk_10_page_6,700.8,870.2,1021.0
10449377,stimulus_Arg_PISACowsMilk_10_page_6,700.7,870.7,1020.0
10449378,stimulus_Arg_PISACowsMilk_10_page_6,700.4,871.0,1018.0
10449379,stimulus_Arg_PISACowsMilk_10_page_6,700.4,871.3,1017.0
10449380,stimulus_Arg_PISACowsMilk_10_page_6,700.4,871.3,1017.0
10449381,stimulus_Arg_PISACowsMilk_10_page_6,700.5,871.2,1017.0
10449382,stimulus_Arg_PISACowsMilk_10_page_6,700.6,871.2,1017.0
10449383,stimulus_Arg_PISACowsMilk_10_page_6,700.8,871.0,1017.0
10449384,stimulus_Arg_PISACowsMilk_10_page_6,701.0,870.9,1018.0
10449385,stimulus_Arg_PISACowsMilk_10_page_6,701.2,870.9,1018.0
10449386,stimulus_Arg_PISACowsMilk_10_page_6,701.3,870.9,1018.0
10449387,stimulus_Arg_PISACowsMilk_10_page_6,701.4,871.0,1018.0
10449388,stimulus_Arg_PISACowsMilk_10_page_6,701.3,871.0,1018.0
10449389,stimulus_Arg_PISACowsMilk_10_page_6,701.1,871.0,1018.0
10449390,stimulus_Arg_PISACowsMilk_10_page_6,701.0,870.9,1018.0
10449391,stimulus_Arg_PISACowsMilk_10_page_6,701.0,870.9,1019.0
10449392,stimulus_Arg_PISACowsMilk_10_page_6,701.0,870.9,1021.0
10449393,stimulus_Arg_PISACowsMilk_10_page_6,700.9,871.0,1021.0
10449394,stimulus_Arg_PISACowsMilk_10_page_6,701.2,871.3,1020.0
10449395,stimulus_Arg_PISACowsMilk_10_page_6,701.6,871.6,1019.0
10449396,stimulus_Arg_PISACowsMilk_10_page_6,701.9,872.0,1019.0
10449397,stimulus_Arg_PISACowsMilk_10_page_6,701.8,872.0,1019.0
10449398,stimulus_Arg_PISACowsMilk_10_page_6,701.6,871.8,1019.0
10449399,stimulus_Arg_PISACowsMilk_10_page_6,701.3,871.3,1019.0
10449400,stimulus_Arg_PISACowsMilk_10_page_6,701.2,871.2,1019.0
10449401,stimulus_Arg_PISACowsMilk_10_page_6,701.0,871.1,1019.0
10449402,stimulus_Arg_PISACowsMilk_10_page_6,700.9,871.2,1019.0
10449403,stimulus_Arg_PISACowsMilk_10_page_6,700.8,871.0,1019.0
10449404,stimulus_Arg_PISACowsMilk_10_page_6,700.8,870.8,1019.0
10449405,stimulus_Arg_PISACowsMilk_10_page_6,700.9,870.4,1020.0
10449406,stimulus_Arg_PISACowsMilk_10_page_6,700.9,870.3,1020.0
10449407,stimulus_Arg_PISACowsMilk_10_page_6,701.3,870.1,1020.0
10449408,stimulus_Arg_PISACowsMilk_10_page_6,701.7,869.9,1021.0
10449409,stimulus_Arg_PISACowsMilk_10_page_6,702.1,870.0,1021.0
10449410,stimulus_Arg_PISACowsMilk_10_page_6,702.3,870.3,1021.0
10449411,stimulus_Arg_PISACowsMilk_10_page_6,702.3,870.6,1022.0
10449412,stimulus_Arg_PISACowsMilk_10_page_6,702.2,870.8,1023.0
10449413,stimulus_Arg_PISACowsMilk_10_page_6,702.1,870.9,1023.0
10449414,stimulus_Arg_PISACowsMilk_10_page_6,701.7,871.0,1023.0
10449415,stimulus_Arg_PISACowsMilk_10_page_6,701.4,871.0,1023.0
10449416,stimulus_Arg_PISACowsMilk_10_page_6,701.1,870.9,1023.0
10449417,stimulus_Arg_PISACowsMilk_10_page_6,701.0,870.9,1022.0
10449418,stimulus_Arg_PISACowsMilk_10_page_6,700.8,870.8,1022.0
10449419,stimulus_Arg_PISACowsMilk_10_page_6,700.9,870.4,1022.0
10449420,stimulus_Arg_PISACowsMilk_10_page_6,701.2,870.1,1023.0
10449421,stimulus_Arg_PISACowsMilk_10_page_6,701.3,869.8,1024.0
10449422,stimulus_Arg_PISACowsMilk_10_page_6,701.0,869.8,1024.0
10449423,stimulus_Arg_PISACowsMilk_10_page_6,700.8,869.8,1023.0
10449424,stimulus_Arg_PISACowsMilk_10_page_6,700.7,869.8,1022.0
10449425,stimulus_Arg_PISACowsMilk_10_page_6,700.6,869.8,1022.0
10449426,stimulus_Arg_PISACowsMilk_10_page_6,700.6,869.7,1022.0
10449427,stimulus_Arg_PISACowsMilk_10_page_6,700.8,869.8,1022.0
10449428,stimulus_Arg_PISACowsMilk_10_page_6,700.9,870.0,1022.0
10449429,stimulus_Arg_PISACowsMilk_10_page_6,701.0,870.2,1022.0
10449430,stimulus_Arg_PISACowsMilk_10_page_6,701.1,870.5,1022.0
10449431,stimulus_Arg_PISACowsMilk_10_page_6,701.1,870.6,1022.0
10449432,stimulus_Arg_PISACowsMilk_10_page_6,701.0,870.7,1022.0
10449433,stimulus_Arg_PISACowsMilk_10_page_6,700.9,870.6,1022.0
10449434,stimulus_Arg_PISACowsMilk_10_page_6,700.9,870.4,1021.0
10449435,stimulus_Arg_PISACowsMilk_10_page_6,700.9,870.0,1021.0
10449436,stimulus_Arg_PISACowsMilk_10_page_6,700.8,869.6,1021.0
10449437,stimulus_Arg_PISACowsMilk_10_page_6,700.9,869.3,1021.0
10449438,stimulus_Arg_PISACowsMilk_10_page_6,700.9,869.2,1022.0
10449439,stimulus_Arg_PISACowsMilk_10_page_6,701.0,869.1,1022.0
10449440,stimulus_Arg_PISACowsMilk_10_page_6,700.9,869.1,1023.0
10449441,stimulus_Arg_PISACowsMilk_10_page_6,700.9,869.1,1023.0
10449442,stimulus_Arg_PISACowsMilk_10_page_6,700.8,869.0,1023.0
10449443,stimulus_Arg_PISACowsMilk_10_page_6,700.8,869.1,1023.0
10449444,stimulus_Arg_PISACowsMilk_10_page_6,700.8,869.3,1024.0
10449445,stimulus_Arg_PISACowsMilk_10_page_6,700.7,869.6,1026.0
10449446,stimulus_Arg_PISACowsMilk_10_page_6,700.5,869.8,1026.0
10449447,stimulus_Arg_PISACowsMilk_10_page_6,700.2,869.5,1024.0
10449448,stimulus_Arg_PISACowsMilk_10_page_6,700.1,869.2,1024.0
10449449,stimulus_Arg_PISACowsMilk_10_page_6,700.1,868.9,1025.0
10449450,stimulus_Arg_PISACowsMilk_10_page_6,700.0,868.5,1026.0
10449451,stimulus_Arg_PISACowsMilk_10_page_6,700.0,868.1,1026.0
10449452,stimulus_Arg_PISACowsMilk_10_page_6,700.0,867.7,1027.0
10449453,stimulus_Arg_PISACowsMilk_10_page_6,700.1,867.8,1027.0
10449454,stimulus_Arg_PISACowsMilk_10_page_6,700.2,867.8,1026.0
10449455,stimulus_Arg_PISACowsMilk_10_page_6,700.5,867.9,1025.0
10449456,stimulus_Arg_PISACowsMilk_10_page_6,700.7,867.9,1025.0
10449457,stimulus_Arg_PISACowsMilk_10_page_6,700.6,868.0,1025.0
10449458,stimulus_Arg_PISACowsMilk_10_page_6,700.4,868.0,1025.0
10449459,stimulus_Arg_PISACowsMilk_10_page_6,700.2,868.1,1026.0
10449460,stimulus_Arg_PISACowsMilk_10_page_6,700.0,868.2,1026.0
10449461,stimulus_Arg_PISACowsMilk_10_page_6,699.7,867.9,1025.0
10449462,stimulus_Arg_PISACowsMilk_10_page_6,699.5,867.4,1026.0
10449463,stimulus_Arg_PISACowsMilk_10_page_6,699.4,866.9,1027.0
10449464,stimulus_Arg_PISACowsMilk_10_page_6,699.2,866.9,1026.0
10449465,stimulus_Arg_PISACowsMilk_10_page_6,699.1,866.7,1025.0
10449466,stimulus_Arg_PISACowsMilk_10_page_6,699.1,866.6,1024.0
10449467,stimulus_Arg_PISACowsMilk_10_page_6,699.1,866.5,1024.0
10449468,stimulus_Arg_PISACowsMilk_10_page_6,698.8,866.4,1025.0
10449469,stimulus_Arg_PISACowsMilk_10_page_6,698.6,866.4,1025.0
10449470,stimulus_Arg_PISACowsMilk_10_page_6,698.4,866.4,1025.0
10449471,stimulus_Arg_PISACowsMilk_10_page_6,698.4,866.5,1026.0
10449472,stimulus_Arg_PISACowsMilk_10_page_6,698.1,866.2,1026.0
10449473,stimulus_Arg_PISACowsMilk_10_page_6,697.7,866.0,1025.0
10449474,stimulus_Arg_PISACowsMilk_10_page_6,697.3,865.7,1024.0
10449475,stimulus_Arg_PISACowsMilk_10_page_6,697.1,865.7,1022.0
10449476,stimulus_Arg_PISACowsMilk_10_page_6,697.1,865.8,1022.0
10449477,stimulus_Arg_PISACowsMilk_10_page_6,697.1,865.8,1022.0
10449478,stimulus_Arg_PISACowsMilk_10_page_6,697.1,865.7,1023.0
10449479,stimulus_Arg_PISACowsMilk_10_page_6,697.2,865.7,1024.0
10449480,stimulus_Arg_PISACowsMilk_10_page_6,697.4,865.7,1025.0
10449481,stimulus_Arg_PISACowsMilk_10_page_6,697.5,865.7,1025.0
10449482,stimulus_Arg_PISACowsMilk_10_page_6,697.5,865.8,1026.0
10449483,stimulus_Arg_PISACowsMilk_10_page_6,697.6,865.7,1026.0
10449484,stimulus_Arg_PISACowsMilk_10_page_6,697.5,865.6,1026.0
10449485,stimulus_Arg_PISACowsMilk_10_page_6,697.3,865.5,1026.0
10449486,stimulus_Arg_PISACowsMilk_10_page_6,697.2,865.5,1025.0
10449487,stimulus_Arg_PISACowsMilk_10_page_6,697.2,865.5,1024.0
10449488,stimulus_Arg_PISACowsMilk_10_page_6,697.1,865.5,1023.0
10449489,stimulus_Arg_PISACowsMilk_10_page_6,696.9,865.1,1024.0
10449490,stimulus_Arg_PISACowsMilk_10_page_6,696.8,864.8,1024.0
10449491,stimulus_Arg_PISACowsMilk_10_page_6,696.8,864.4,1025.0
10449492,stimulus_Arg_PISACowsMilk_10_page_6,696.9,864.3,1025.0
10449493,stimulus_Arg_PISACowsMilk_10_page_6,696.9,864.1,1025.0
10449494,stimulus_Arg_PISACowsMilk_10_page_6,696.9,864.1,1025.0
10449495,stimulus_Arg_PISACowsMilk_10_page_6,696.9,864.1,1024.0
10449496,stimulus_Arg_PISACowsMilk_10_page_6,696.9,864.1,1025.0
10449497,stimulus_Arg_PISACowsMilk_10_page_6,696.9,864.1,1025.0
10449498,stimulus_Arg_PISACowsMilk_10_page_6,696.9,864.3,1025.0
10449499,stimulus_Arg_PISACowsMilk_10_page_6,696.9,864.4,1025.0
10449500,stimulus_Arg_PISACowsMilk_10_page_6,696.9,864.7,1025.0
10449501,stimulus_Arg_PISACowsMilk_10_page_6,696.9,864.7,1025.0
10449502,stimulus_Arg_PISACowsMilk_10_page_6,696.8,864.8,1026.0
10449503,stimulus_Arg_PISACowsMilk_10_page_6,696.8,864.9,1026.0
10449504,stimulus_Arg_PISACowsMilk_10_page_6,696.8,864.9,1026.0
10449505,stimulus_Arg_PISACowsMilk_10_page_6,696.8,865.0,1026.0
10449506,stimulus_Arg_PISACowsMilk_10_page_6,696.7,865.0,1026.0
10449507,stimulus_Arg_PISACowsMilk_10_page_6,696.6,865.1,1026.0
10449508,stimulus_Arg_PISACowsMilk_10_page_6,696.3,865.3,1026.0
10449509,stimulus_Arg_PISACowsMilk_10_page_6,696.2,865.4,1026.0
10449510,stimulus_Arg_PISACowsMilk_10_page_6,696.3,865.6,1027.0
10449511,stimulus_Arg_PISACowsMilk_10_page_6,696.6,865.7,1028.0
10449512,stimulus_Arg_PISACowsMilk_10_page_6,696.9,865.6,1030.0
10449513,stimulus_Arg_PISACowsMilk_10_page_6,696.9,865.6,1030.0
10449514,stimulus_Arg_PISACowsMilk_10_page_6,696.7,865.6,1030.0
10449515,stimulus_Arg_PISACowsMilk_10_page_6,696.4,865.5,1029.0
10449516,stimulus_Arg_PISACowsMilk_10_page_6,696.1,865.5,1028.0
10449517,stimulus_Arg_PISACowsMilk_10_page_6,696.0,865.4,1028.0
10449518,stimulus_Arg_PISACowsMilk_10_page_6,695.8,865.3,1028.0
10449519,stimulus_Arg_PISACowsMilk_10_page_6,695.7,865.2,1028.0
10449520,stimulus_Arg_PISACowsMilk_10_page_6,695.7,865.2,1028.0
10449521,stimulus_Arg_PISACowsMilk_10_page_6,695.7,865.3,1029.0
10449522,stimulus_Arg_PISACowsMilk_10_page_6,695.8,865.3,1029.0
10449523,stimulus_Arg_PISACowsMilk_10_page_6,695.8,865.6,1029.0
10449524,stimulus_Arg_PISACowsMilk_10_page_6,695.7,865.9,1028.0
10449525,stimulus_Arg_PISACowsMilk_10_page_6,695.7,866.2,1028.0
10449526,stimulus_Arg_PISACowsMilk_10_page_6,695.8,866.2,1028.0
10449527,stimulus_Arg_PISACowsMilk_10_page_6,696.0,866.1,1028.0
10449528,stimulus_Arg_PISACowsMilk_10_page_6,696.0,866.1,1029.0
10449529,stimulus_Arg_PISACowsMilk_10_page_6,695.8,866.3,1028.0
10449530,stimulus_Arg_PISACowsMilk_10_page_6,695.7,866.6,1029.0
10449531,stimulus_Arg_PISACowsMilk_10_page_6,695.7,866.9,1029.0
10449532,stimulus_Arg_PISACowsMilk_10_page_6,695.7,866.6,1029.0
10449533,stimulus_Arg_PISACowsMilk_10_page_6,695.8,866.2,1029.0
10449534,stimulus_Arg_PISACowsMilk_10_page_6,695.7,865.8,1030.0
10449535,stimulus_Arg_PISACowsMilk_10_page_6,695.7,865.7,1030.0
10449536,stimulus_Arg_PISACowsMilk_10_page_6,695.6,865.8,1030.0
10449537,stimulus_Arg_PISACowsMilk_10_page_6,695.5,865.9,1029.0
10449538,stimulus_Arg_PISACowsMilk_10_page_6,695.4,866.0,1029.0
10449539,stimulus_Arg_PISACowsMilk_10_page_6,695.2,866.0,1030.0
10449540,stimulus_Arg_PISACowsMilk_10_page_6,695.1,866.1,1030.0
10449541,stimulus_Arg_PISACowsMilk_10_page_6,695.1,866.3,1029.0
10449542,stimulus_Arg_PISACowsMilk_10_page_6,695.1,866.4,1029.0
10449543,stimulus_Arg_PISACowsMilk_10_page_6,695.0,866.3,1028.0
10449544,stimulus_Arg_PISACowsMilk_10_page_6,694.9,866.2,1028.0
10449545,stimulus_Arg_PISACowsMilk_10_page_6,694.8,866.0,1028.0
10449546,stimulus_Arg_PISACowsMilk_10_page_6,694.8,866.1,1028.0
10449547,stimulus_Arg_PISACowsMilk_10_page_6,694.8,866.4,1029.0
10449548,stimulus_Arg_PISACowsMilk_10_page_6,694.8,866.7,1030.0
10449549,stimulus_Arg_PISACowsMilk_10_page_6,694.8,866.8,1030.0
10449550,stimulus_Arg_PISACowsMilk_10_page_6,694.8,866.9,1029.0
10449551,stimulus_Arg_PISACowsMilk_10_page_6,694.9,866.9,1029.0
10449552,stimulus_Arg_PISACowsMilk_10_page_6,694.9,866.9,1029.0
10449553,stimulus_Arg_PISACowsMilk_10_page_6,694.6,866.9,1029.0
10449554,stimulus_Arg_PISACowsMilk_10_page_6,694.2,867.0,1029.0
10449555,stimulus_Arg_PISACowsMilk_10_page_6,694.0,867.0,1028.0
10449556,stimulus_Arg_PISACowsMilk_10_page_6,694.0,867.1,1027.0
10449557,stimulus_Arg_PISACowsMilk_10_page_6,694.1,867.0,1026.0
10449558,stimulus_Arg_PISACowsMilk_10_page_6,694.2,866.9,1026.0
10449559,stimulus_Arg_PISACowsMilk_10_page_6,694.2,867.1,1027.0
10449560,stimulus_Arg_PISACowsMilk_10_page_6,693.9,867.3,1028.0
10449561,stimulus_Arg_PISACowsMilk_10_page_6,693.7,867.6,1028.0
10449562,stimulus_Arg_PISACowsMilk_10_page_6,693.4,867.6,1028.0
10449563,stimulus_Arg_PISACowsMilk_10_page_6,693.7,867.5,1028.0
10449564,stimulus_Arg_PISACowsMilk_10_page_6,693.9,867.5,1028.0
10449565,stimulus_Arg_PISACowsMilk_10_page_6,694.1,867.5,1029.0
10449566,stimulus_Arg_PISACowsMilk_10_page_6,694.0,867.6,1030.0
10449567,stimulus_Arg_PISACowsMilk_10_page_6,693.9,867.7,1031.0
10449568,stimulus_Arg_PISACowsMilk_10_page_6,693.9,867.7,1032.0
10449569,stimulus_Arg_PISACowsMilk_10_page_6,693.9,867.6,1032.0
10449570,stimulus_Arg_PISACowsMilk_10_page_6,693.8,867.4,1033.0
10449571,stimulus_Arg_PISACowsMilk_10_page_6,693.8,867.3,1033.0
10449572,stimulus_Arg_PISACowsMilk_10_page_6,693.8,867.5,1033.0
10449573,stimulus_Arg_PISACowsMilk_10_page_6,693.7,867.7,1034.0
10449574,stimulus_Arg_PISACowsMilk_10_page_6,693.6,867.7,1034.0
10449575,stimulus_Arg_PISACowsMilk_10_page_6,693.5,867.6,1034.0
10449576,stimulus_Arg_PISACowsMilk_10_page_6,693.7,867.2,1034.0
10449577,stimulus_Arg_PISACowsMilk_10_page_6,693.8,866.8,1034.0
10449578,stimulus_Arg_PISACowsMilk_10_page_6,693.9,866.5,1034.0
10449579,stimulus_Arg_PISACowsMilk_10_page_6,694.1,866.4,1034.0
10449580,stimulus_Arg_PISACowsMilk_10_page_6,694.3,866.3,1034.0
10449581,stimulus_Arg_PISACowsMilk_10_page_6,694.5,866.3,1035.0
10449582,stimulus_Arg_PISACowsMilk_10_page_6,694.6,866.5,1035.0
10449583,stimulus_Arg_PISACowsMilk_10_page_6,694.7,866.7,1034.0
10449584,stimulus_Arg_PISACowsMilk_10_page_6,694.6,866.8,1034.0
10449585,stimulus_Arg_PISACowsMilk_10_page_6,694.4,867.1,1033.0
10449586,stimulus_Arg_PISACowsMilk_10_page_6,694.2,867.4,1032.0
10449587,stimulus_Arg_PISACowsMilk_10_page_6,694.5,867.7,1031.0
10449588,stimulus_Arg_PISACowsMilk_10_page_6,694.8,867.7,1031.0
10449589,stimulus_Arg_PISACowsMilk_10_page_6,695.1,867.9,1031.0
10449590,stimulus_Arg_PISACowsMilk_10_page_6,695.4,868.0,1032.0
10449591,stimulus_Arg_PISACowsMilk_10_page_6,695.8,867.8,1032.0
10449592,stimulus_Arg_PISACowsMilk_10_page_6,696.1,867.5,1032.0
10449593,stimulus_Arg_PISACowsMilk_10_page_6,696.2,867.1,1031.0
10449594,stimulus_Arg_PISACowsMilk_10_page_6,696.4,867.1,1031.0
10449595,stimulus_Arg_PISACowsMilk_10_page_6,696.6,867.2,1032.0
10449596,stimulus_Arg_PISACowsMilk_10_page_6,696.7,867.4,1033.0
10449597,stimulus_Arg_PISACowsMilk_10_page_6,696.6,867.6,1034.0
10449598,stimulus_Arg_PISACowsMilk_10_page_6,696.6,867.7,1034.0
10449599,stimulus_Arg_PISACowsMilk_10_page_6,696.6,867.8,1034.0
10449600,stimulus_Arg_PISACowsMilk_10_page_6,696.7,867.9,1035.0
10449601,stimulus_Arg_PISACowsMilk_10_page_6,696.6,867.7,1035.0
10449602,stimulus_Arg_PISACowsMilk_10_page_6,696.5,867.4,1035.0
10449603,stimulus_Arg_PISACowsMilk_10_page_6,696.2,867.2,1035.0
10449604,stimulus_Arg_PISACowsMilk_10_page_6,696.1,867.2,1035.0
10449605,stimulus_Arg_PISACowsMilk_10_page_6,696.0,867.3,1036.0
10449606,stimulus_Arg_PISACowsMilk_10_page_6,695.9,867.4,1036.0
10449607,stimulus_Arg_PISACowsMilk_10_page_6,695.7,867.1,1036.0
10449608,stimulus_Arg_PISACowsMilk_10_page_6,695.4,866.7,1035.0
10449609,stimulus_Arg_PISACowsMilk_10_page_6,695.2,866.3,1034.0
10449610,stimulus_Arg_PISACowsMilk_10_page_6,695.0,866.4,1034.0
10449611,stimulus_Arg_PISACowsMilk_10_page_6,694.8,866.4,1036.0
10449612,stimulus_Arg_PISACowsMilk_10_page_6,694.8,866.5,1037.0
10449613,stimulus_Arg_PISACowsMilk_10_page_6,694.7,866.5,1037.0
10449614,stimulus_Arg_PISACowsMilk_10_page_6,694.4,866.1,1037.0
10449615,stimulus_Arg_PISACowsMilk_10_page_6,694.1,865.9,1036.0
10449616,stimulus_Arg_PISACowsMilk_10_page_6,693.9,865.7,1036.0
10449617,stimulus_Arg_PISACowsMilk_10_page_6,693.9,865.7,1035.0
10449618,stimulus_Arg_PISACowsMilk_10_page_6,693.9,865.7,1034.0
10449619,stimulus_Arg_PISACowsMilk_10_page_6,693.8,865.7,1034.0
10449620,stimulus_Arg_PISACowsMilk_10_page_6,693.7,865.8,1033.0
10449621,stimulus_Arg_PISACowsMilk_10_page_6,693.6,865.9,1034.0
10449622,stimulus_Arg_PISACowsMilk_10_page_6,693.5,865.6,1035.0
10449623,stimulus_Arg_PISACowsMilk_10_page_6,693.5,865.2,1037.0
10449624,stimulus_Arg_PISACowsMilk_10_page_6,693.5,864.8,1038.0
10449625,stimulus_Arg_PISACowsMilk_10_page_6,693.3,864.7,1038.0
10449626,stimulus_Arg_PISACowsMilk_10_page_6,693.1,864.7,1038.0
10449627,stimulus_Arg_PISACowsMilk_10_page_6,693.1,864.7,1038.0
10449628,stimulus_Arg_PISACowsMilk_10_page_6,693.3,865.1,1038.0
10449629,stimulus_Arg_PISACowsMilk_10_page_6,694.4,865.7,1038.0
10449630,stimulus_Arg_PISACowsMilk_10_page_6,697.3,866.4,1038.0
10449631,stimulus_Arg_PISACowsMilk_10_page_6,702.3,867.1,1039.0
10449632,stimulus_Arg_PISACowsMilk_10_page_6,707.9,867.5,1039.0
10449633,stimulus_Arg_PISACowsMilk_10_page_6,714.1,867.1,1039.0
10449634,stimulus_Arg_PISACowsMilk_10_page_6,721.1,866.2,1038.0
10449635,stimulus_Arg_PISACowsMilk_10_page_6,729.4,865.5,1038.0
10449636,stimulus_Arg_PISACowsMilk_10_page_6,739.3,865.7,1038.0
10449637,stimulus_Arg_PISACowsMilk_10_page_6,749.3,865.7,1038.0
10449638,stimulus_Arg_PISACowsMilk_10_page_6,760.1,865.0,1038.0
10449639,stimulus_Arg_PISACowsMilk_10_page_6,769.4,862.8,1037.0
10449640,stimulus_Arg_PISACowsMilk_10_page_6,778.9,861.0,1035.0
10449641,stimulus_Arg_PISACowsMilk_10_page_6,787.6,859.6,1034.0
10449642,stimulus_Arg_PISACowsMilk_10_page_6,796.4,859.5,1034.0
10449643,stimulus_Arg_PISACowsMilk_10_page_6,804.5,858.9,1034.0
10449644,stimulus_Arg_PISACowsMilk_10_page_6,811.7,857.2,1032.0
10449645,stimulus_Arg_PISACowsMilk_10_page_6,816.8,855.3,1029.0
10449646,stimulus_Arg_PISACowsMilk_10_page_6,820.7,854.0,1025.0
10449647,stimulus_Arg_PISACowsMilk_10_page_6,824.0,853.8,1024.0
10449648,stimulus_Arg_PISACowsMilk_10_page_6,828.2,854.2,1025.0
10449649,stimulus_Arg_PISACowsMilk_10_page_6,830.8,854.2,1024.0
10449650,stimulus_Arg_PISACowsMilk_10_page_6,831.9,854.2,1021.0
10449651,stimulus_Arg_PISACowsMilk_10_page_6,831.1,853.5,1019.0
10449652,stimulus_Arg_PISACowsMilk_10_page_6,829.4,851.9,1018.0
10449653,stimulus_Arg_PISACowsMilk_10_page_6,826.9,849.4,1017.0
10449654,stimulus_Arg_PISACowsMilk_10_page_6,824.3,847.3,1017.0
10449655,stimulus_Arg_PISACowsMilk_10_page_6,822.6,845.9,1016.0
10449656,stimulus_Arg_PISACowsMilk_10_page_6,821.2,845.3,1015.0
10449657,stimulus_Arg_PISACowsMilk_10_page_6,819.7,845.1,1015.0
10449658,stimulus_Arg_PISACowsMilk_10_page_6,818.1,845.1,1016.0
10449659,stimulus_Arg_PISACowsMilk_10_page_6,816.8,845.8,1016.0
10449660,stimulus_Arg_PISACowsMilk_10_page_6,815.9,846.5,1017.0
10449661,stimulus_Arg_PISACowsMilk_10_page_6,814.2,847.0,1018.0
10449662,stimulus_Arg_PISACowsMilk_10_page_6,812.9,846.8,1020.0
10449663,stimulus_Arg_PISACowsMilk_10_page_6,811.9,847.0,1021.0
10449664,stimulus_Arg_PISACowsMilk_10_page_6,811.5,847.6,1022.0
10449665,stimulus_Arg_PISACowsMilk_10_page_6,811.3,848.4,1022.0
10449666,stimulus_Arg_PISACowsMilk_10_page_6,811.2,848.9,1023.0
10449667,stimulus_Arg_PISACowsMilk_10_page_6,811.7,849.1,1024.0
10449668,stimulus_Arg_PISACowsMilk_10_page_6,812.1,849.0,1024.0
10449669,stimulus_Arg_PISACowsMilk_10_page_6,812.6,849.2,1025.0
10449670,stimulus_Arg_PISACowsMilk_10_page_6,813.2,849.5,1026.0
10449671,stimulus_Arg_PISACowsMilk_10_page_6,813.8,850.1,1026.0
10449672,stimulus_Arg_PISACowsMilk_10_page_6,814.6,850.4,1027.0
10449673,stimulus_Arg_PISACowsMilk_10_page_6,815.1,850.7,1026.0
10449674,stimulus_Arg_PISACowsMilk_10_page_6,815.5,850.6,1026.0
10449675,stimulus_Arg_PISACowsMilk_10_page_6,815.6,850.4,1026.0
10449676,stimulus_Arg_PISACowsMilk_10_page_6,816.0,850.2,1026.0
10449677,stimulus_Arg_PISACowsMilk_10_page_6,816.6,850.1,1026.0
10449678,stimulus_Arg_PISACowsMilk_10_page_6,817.5,850.0,1026.0
10449679,stimulus_Arg_PISACowsMilk_10_page_6,818.0,849.9,1026.0
10449680,stimulus_Arg_PISACowsMilk_10_page_6,818.2,849.4,1026.0
10449681,stimulus_Arg_PISACowsMilk_10_page_6,818.2,848.9,1026.0
10449682,stimulus_Arg_PISACowsMilk_10_page_6,818.2,848.1,1025.0
10449683,stimulus_Arg_PISACowsMilk_10_page_6,818.2,847.9,1024.0
10449684,stimulus_Arg_PISACowsMilk_10_page_6,818.2,847.8,1023.0
10449685,stimulus_Arg_PISACowsMilk_10_page_6,818.0,847.9,1023.0
10449686,stimulus_Arg_PISACowsMilk_10_page_6,817.7,848.0,1023.0
10449687,stimulus_Arg_PISACowsMilk_10_page_6,817.3,848.1,1023.0
10449688,stimulus_Arg_PISACowsMilk_10_page_6,817.0,848.1,1023.0
10449689,stimulus_Arg_PISACowsMilk_10_page_6,816.9,848.1,1023.0
10449690,stimulus_Arg_PISACowsMilk_10_page_6,816.9,848.1,1023.0
10449691,stimulus_Arg_PISACowsMilk_10_page_6,816.8,848.1,1023.0
10449692,stimulus_Arg_PISACowsMilk_10_page_6,816.8,848.2,1023.0
10449693,stimulus_Arg_PISACowsMilk_10_page_6,816.8,848.2,1022.0
10449694,stimulus_Arg_PISACowsMilk_10_page_6,816.9,848.1,1021.0
10449695,stimulus_Arg_PISACowsMilk_10_page_6,817.0,848.0,1020.0
10449696,stimulus_Arg_PISACowsMilk_10_page_6,817.1,848.0,1020.0
10449697,stimulus_Arg_PISACowsMilk_10_page_6,817.1,848.0,1020.0
10449698,stimulus_Arg_PISACowsMilk_10_page_6,817.1,847.8,1020.0
10449699,stimulus_Arg_PISACowsMilk_10_page_6,817.1,847.7,1020.0
10449700,stimulus_Arg_PISACowsMilk_10_page_6,817.0,847.5,1020.0
10449701,stimulus_Arg_PISACowsMilk_10_page_6,816.9,847.5,1020.0
10449702,stimulus_Arg_PISACowsMilk_10_page_6,816.8,847.5,1020.0
10449703,stimulus_Arg_PISACowsMilk_10_page_6,816.7,847.7,1020.0
10449704,stimulus_Arg_PISACowsMilk_10_page_6,816.5,847.8,1020.0
10449705,stimulus_Arg_PISACowsMilk_10_page_6,816.4,847.8,1021.0
10449706,stimulus_Arg_PISACowsMilk_10_page_6,816.3,847.8,1021.0
10449707,stimulus_Arg_PISACowsMilk_10_page_6,816.2,847.9,1021.0
10449708,stimulus_Arg_PISACowsMilk_10_page_6,816.1,848.0,1022.0
10449709,stimulus_Arg_PISACowsMilk_10_page_6,816.3,848.3,1021.0
10449710,stimulus_Arg_PISACowsMilk_10_page_6,816.6,848.6,1022.0
10449711,stimulus_Arg_PISACowsMilk_10_page_6,817.0,848.6,1023.0
10449712,stimulus_Arg_PISACowsMilk_10_page_6,817.0,848.3,1023.0
10449713,stimulus_Arg_PISACowsMilk_10_page_6,817.1,847.9,1022.0
10449714,stimulus_Arg_PISACowsMilk_10_page_6,816.8,847.8,1021.0
10449715,stimulus_Arg_PISACowsMilk_10_page_6,816.5,847.9,1020.0
10449716,stimulus_Arg_PISACowsMilk_10_page_6,816.3,848.2,1021.0
10449717,stimulus_Arg_PISACowsMilk_10_page_6,816.3,848.5,1021.0
10449718,stimulus_Arg_PISACowsMilk_10_page_6,816.5,848.1,1021.0
10449719,stimulus_Arg_PISACowsMilk_10_page_6,816.8,847.6,1022.0
10449720,stimulus_Arg_PISACowsMilk_10_page_6,817.0,847.2,1022.0
10449721,stimulus_Arg_PISACowsMilk_10_page_6,817.2,847.5,1023.0
10449722,stimulus_Arg_PISACowsMilk_10_page_6,817.3,847.8,1024.0
10449723,stimulus_Arg_PISACowsMilk_10_page_6,817.3,847.9,1023.0
10449724,stimulus_Arg_PISACowsMilk_10_page_6,817.3,848.0,1022.0
10449725,stimulus_Arg_PISACowsMilk_10_page_6,817.2,848.0,1022.0
10449726,stimulus_Arg_PISACowsMilk_10_page_6,817.2,848.3,1023.0
10449727,stimulus_Arg_PISACowsMilk_10_page_6,817.2,848.6,1023.0
10449728,stimulus_Arg_PISACowsMilk_10_page_6,817.1,848.6,1023.0
10449729,stimulus_Arg_PISACowsMilk_10_page_6,817.0,848.4,1023.0
10449730,stimulus_Arg_PISACowsMilk_10_page_6,816.9,848.2,1023.0
10449731,stimulus_Arg_PISACowsMilk_10_page_6,816.9,848.2,1023.0
10449732,stimulus_Arg_PISACowsMilk_10_page_6,817.0,848.3,1023.0
10449733,stimulus_Arg_PISACowsMilk_10_page_6,817.0,848.4,1022.0
10449734,stimulus_Arg_PISACowsMilk_10_page_6,817.1,848.5,1023.0
10449735,stimulus_Arg_PISACowsMilk_10_page_6,817.3,848.6,1024.0
10449736,stimulus_Arg_PISACowsMilk_10_page_6,817.6,848.5,1025.0
10449737,stimulus_Arg_PISACowsMilk_10_page_6,817.6,848.5,1025.0
10449738,stimulus_Arg_PISACowsMilk_10_page_6,817.6,848.5,1026.0
10449739,stimulus_Arg_PISACowsMilk_10_page_6,817.6,848.5,1026.0
10449740,stimulus_Arg_PISACowsMilk_10_page_6,817.6,848.6,1026.0
10449741,stimulus_Arg_PISACowsMilk_10_page_6,817.5,848.6,1026.0
10449742,stimulus_Arg_PISACowsMilk_10_page_6,817.5,848.6,1026.0
10449743,stimulus_Arg_PISACowsMilk_10_page_6,817.5,848.6,1025.0
10449744,stimulus_Arg_PISACowsMilk_10_page_6,817.6,848.6,1024.0
10449745,stimulus_Arg_PISACowsMilk_10_page_6,817.6,848.6,1025.0
10449746,stimulus_Arg_PISACowsMilk_10_page_6,817.9,848.7,1025.0
10449747,stimulus_Arg_PISACowsMilk_10_page_6,818.1,848.7,1026.0
10449748,stimulus_Arg_PISACowsMilk_10_page_6,818.3,848.8,1026.0
10449749,stimulus_Arg_PISACowsMilk_10_page_6,818.1,848.9,1026.0
10449750,stimulus_Arg_PISACowsMilk_10_page_6,817.9,849.0,1027.0
10449751,stimulus_Arg_PISACowsMilk_10_page_6,818.1,848.9,1028.0
10449752,stimulus_Arg_PISACowsMilk_10_page_6,818.4,848.7,1028.0
10449753,stimulus_Arg_PISACowsMilk_10_page_6,818.6,848.6,1029.0
10449754,stimulus_Arg_PISACowsMilk_10_page_6,818.5,848.7,1029.0
10449755,stimulus_Arg_PISACowsMilk_10_page_6,818.4,849.0,1030.0
10449756,stimulus_Arg_PISACowsMilk_10_page_6,818.3,849.2,1031.0
10449757,stimulus_Arg_PISACowsMilk_10_page_6,818.5,849.4,1031.0
10449758,stimulus_Arg_PISACowsMilk_10_page_6,818.7,849.4,1031.0
10449759,stimulus_Arg_PISACowsMilk_10_page_6,819.2,849.3,1030.0
10449760,stimulus_Arg_PISACowsMilk_10_page_6,819.5,849.4,1031.0
10449761,stimulus_Arg_PISACowsMilk_10_page_6,819.9,849.6,1031.0
10449762,stimulus_Arg_PISACowsMilk_10_page_6,820.1,849.8,1032.0
10449763,stimulus_Arg_PISACowsMilk_10_page_6,820.2,849.9,1032.0
10449764,stimulus_Arg_PISACowsMilk_10_page_6,820.1,849.9,1032.0
10449765,stimulus_Arg_PISACowsMilk_10_page_6,820.2,850.1,1032.0
10449766,stimulus_Arg_PISACowsMilk_10_page_6,820.3,850.4,1032.0
10449767,stimulus_Arg_PISACowsMilk_10_page_6,820.5,850.7,1032.0
10449768,stimulus_Arg_PISACowsMilk_10_page_6,820.6,850.6,1032.0
10449769,stimulus_Arg_PISACowsMilk_10_page_6,820.7,850.5,1032.0
10449770,stimulus_Arg_PISACowsMilk_10_page_6,821.0,850.9,1033.0
10449771,stimulus_Arg_PISACowsMilk_10_page_6,821.2,851.5,1034.0
10449772,stimulus_Arg_PISACowsMilk_10_page_6,821.3,852.1,1035.0
10449773,stimulus_Arg_PISACowsMilk_10_page_6,821.3,852.3,1034.0
10449774,stimulus_Arg_PISACowsMilk_10_page_6,821.6,852.3,1035.0
10449775,stimulus_Arg_PISACowsMilk_10_page_6,821.9,852.3,1035.0
10449776,stimulus_Arg_PISACowsMilk_10_page_6,822.1,852.2,1036.0
10449777,stimulus_Arg_PISACowsMilk_10_page_6,822.1,852.1,1035.0
10449778,stimulus_Arg_PISACowsMilk_10_page_6,822.0,852.0,1035.0
10449779,stimulus_Arg_PISACowsMilk_10_page_6,821.8,852.2,1036.0
10449780,stimulus_Arg_PISACowsMilk_10_page_6,821.8,852.6,1037.0
10449781,stimulus_Arg_PISACowsMilk_10_page_6,821.8,853.0,1037.0
10449782,stimulus_Arg_PISACowsMilk_10_page_6,821.8,853.3,1037.0
10449783,stimulus_Arg_PISACowsMilk_10_page_6,822.0,853.3,1036.0
10449784,stimulus_Arg_PISACowsMilk_10_page_6,822.1,853.3,1035.0
10449785,stimulus_Arg_PISACowsMilk_10_page_6,822.4,853.3,1034.0
10449786,stimulus_Arg_PISACowsMilk_10_page_6,822.5,853.2,1034.0
10449787,stimulus_Arg_PISACowsMilk_10_page_6,822.7,853.1,1034.0
10449788,stimulus_Arg_PISACowsMilk_10_page_6,822.9,853.2,1035.0
10449789,stimulus_Arg_PISACowsMilk_10_page_6,823.3,853.6,1035.0
10449790,stimulus_Arg_PISACowsMilk_10_page_6,823.6,854.0,1035.0
10449791,stimulus_Arg_PISACowsMilk_10_page_6,823.5,854.3,1035.0
10449792,stimulus_Arg_PISACowsMilk_10_page_6,823.4,854.3,1034.0
10449793,stimulus_Arg_PISACowsMilk_10_page_6,823.4,854.3,1033.0
10449794,stimulus_Arg_PISACowsMilk_10_page_6,823.1,854.2,1032.0
10449795,stimulus_Arg_PISACowsMilk_10_page_6,822.9,854.1,1032.0
10449796,stimulus_Arg_PISACowsMilk_10_page_6,822.8,854.0,1032.0
10449797,stimulus_Arg_PISACowsMilk_10_page_6,822.8,854.0,1032.0
10449798,stimulus_Arg_PISACowsMilk_10_page_6,822.9,853.9,1032.0
10449799,stimulus_Arg_PISACowsMilk_10_page_6,822.9,853.8,1032.0
10449800,stimulus_Arg_PISACowsMilk_10_page_6,823.0,853.7,1032.0
10449801,stimulus_Arg_PISACowsMilk_10_page_6,822.9,853.7,1032.0
10449802,stimulus_Arg_PISACowsMilk_10_page_6,822.8,853.7,1031.0
10449803,stimulus_Arg_PISACowsMilk_10_page_6,822.7,853.7,1031.0
10449804,stimulus_Arg_PISACowsMilk_10_page_6,822.9,853.8,1031.0
10449805,stimulus_Arg_PISACowsMilk_10_page_6,823.1,853.8,1031.0
10449806,stimulus_Arg_PISACowsMilk_10_page_6,823.3,853.9,1031.0
10449807,stimulus_Arg_PISACowsMilk_10_page_6,823.3,853.9,1031.0
10449808,stimulus_Arg_PISACowsMilk_10_page_6,823.2,853.9,1031.0
10449809,stimulus_Arg_PISACowsMilk_10_page_6,823.2,853.7,1030.0
10449810,stimulus_Arg_PISACowsMilk_10_page_6,823.1,853.6,1030.0
10449811,stimulus_Arg_PISACowsMilk_10_page_6,823.1,853.5,1031.0
10449812,stimulus_Arg_PISACowsMilk_10_page_6,823.1,853.5,1032.0
10449813,stimulus_Arg_PISACowsMilk_10_page_6,823.1,853.5,1033.0
10449814,stimulus_Arg_PISACowsMilk_10_page_6,823.1,853.8,1033.0
10449815,stimulus_Arg_PISACowsMilk_10_page_6,823.3,854.2,1034.0
10449816,stimulus_Arg_PISACowsMilk_10_page_6,823.6,854.0,1033.0
10449817,stimulus_Arg_PISACowsMilk_10_page_6,823.8,853.8,1033.0
10449818,stimulus_Arg_PISACowsMilk_10_page_6,823.7,853.7,1033.0
10449819,stimulus_Arg_PISACowsMilk_10_page_6,823.6,854.0,1034.0
10449820,stimulus_Arg_PISACowsMilk_10_page_6,823.6,854.0,1034.0
10449821,stimulus_Arg_PISACowsMilk_10_page_6,823.7,854.1,1034.0
10449822,stimulus_Arg_PISACowsMilk_10_page_6,823.7,853.8,1033.0
10449823,stimulus_Arg_PISACowsMilk_10_page_6,823.8,853.6,1032.0
10449824,stimulus_Arg_PISACowsMilk_10_page_6,823.7,853.3,1033.0
10449825,stimulus_Arg_PISACowsMilk_10_page_6,823.7,853.2,1035.0
10449826,stimulus_Arg_PISACowsMilk_10_page_6,823.8,852.8,1035.0
10449827,stimulus_Arg_PISACowsMilk_10_page_6,823.9,852.5,1035.0
10449828,stimulus_Arg_PISACowsMilk_10_page_6,823.9,852.3,1034.0
10449829,stimulus_Arg_PISACowsMilk_10_page_6,824.0,852.3,1034.0
10449830,stimulus_Arg_PISACowsMilk_10_page_6,823.9,852.3,1036.0
10449831,stimulus_Arg_PISACowsMilk_10_page_6,823.8,852.4,1037.0
10449832,stimulus_Arg_PISACowsMilk_10_page_6,823.7,852.7,1039.0
10449833,stimulus_Arg_PISACowsMilk_10_page_6,823.6,852.9,1039.0
10449834,stimulus_Arg_PISACowsMilk_10_page_6,823.6,853.0,1039.0
10449835,stimulus_Arg_PISACowsMilk_10_page_6,823.7,852.8,1039.0
10449836,stimulus_Arg_PISACowsMilk_10_page_6,823.8,852.6,1039.0
10449837,stimulus_Arg_PISACowsMilk_10_page_6,823.7,852.7,1039.0
10449838,stimulus_Arg_PISACowsMilk_10_page_6,823.7,852.8,1038.0
10449839,stimulus_Arg_PISACowsMilk_10_page_6,823.9,853.3,1040.0
10449840,stimulus_Arg_PISACowsMilk_10_page_6,824.2,853.6,1041.0
10449841,stimulus_Arg_PISACowsMilk_10_page_6,824.5,853.8,1043.0
10449842,stimulus_Arg_PISACowsMilk_10_page_6,824.5,853.8,1043.0
10449843,stimulus_Arg_PISACowsMilk_10_page_6,824.5,853.8,1042.0
10449844,stimulus_Arg_PISACowsMilk_10_page_6,824.4,853.7,1042.0
10449845,stimulus_Arg_PISACowsMilk_10_page_6,824.1,854.1,1041.0
10449846,stimulus_Arg_PISACowsMilk_10_page_6,823.8,854.5,1041.0
10449847,stimulus_Arg_PISACowsMilk_10_page_6,823.9,854.6,1041.0
10449848,stimulus_Arg_PISACowsMilk_10_page_6,824.2,854.3,1042.0
10449849,stimulus_Arg_PISACowsMilk_10_page_6,824.4,853.9,1042.0
10449850,stimulus_Arg_PISACowsMilk_10_page_6,824.4,853.9,1042.0
10449851,stimulus_Arg_PISACowsMilk_10_page_6,824.4,853.9,1042.0
10449852,stimulus_Arg_PISACowsMilk_10_page_6,824.4,854.3,1041.0
10449853,stimulus_Arg_PISACowsMilk_10_page_6,824.5,854.8,1041.0
10449854,stimulus_Arg_PISACowsMilk_10_page_6,824.5,855.1,1042.0
10449855,stimulus_Arg_PISACowsMilk_10_page_6,824.5,855.2,1042.0
10449856,stimulus_Arg_PISACowsMilk_10_page_6,824.5,855.2,1043.0
10449857,stimulus_Arg_PISACowsMilk_10_page_6,824.5,855.1,1044.0
10449858,stimulus_Arg_PISACowsMilk_10_page_6,824.3,854.9,1044.0
10449859,stimulus_Arg_PISACowsMilk_10_page_6,824.1,854.8,1045.0
10449860,stimulus_Arg_PISACowsMilk_10_page_6,823.9,854.6,1045.0
10449861,stimulus_Arg_PISACowsMilk_10_page_6,824.0,854.3,1046.0
10449862,stimulus_Arg_PISACowsMilk_10_page_6,824.1,853.9,1045.0
10449863,stimulus_Arg_PISACowsMilk_10_page_6,824.1,853.6,1045.0
10449864,stimulus_Arg_PISACowsMilk_10_page_6,824.1,853.4,1044.0
10449865,stimulus_Arg_PISACowsMilk_10_page_6,824.0,853.3,1045.0
10449866,stimulus_Arg_PISACowsMilk_10_page_6,823.9,853.2,1046.0
10449867,stimulus_Arg_PISACowsMilk_10_page_6,824.0,853.6,1047.0
10449868,stimulus_Arg_PISACowsMilk_10_page_6,824.0,854.0,1046.0
10449869,stimulus_Arg_PISACowsMilk_10_page_6,824.1,853.7,1046.0
10449870,stimulus_Arg_PISACowsMilk_10_page_6,824.1,853.0,1045.0
10449871,stimulus_Arg_PISACowsMilk_10_page_6,824.1,852.3,1045.0
10449872,stimulus_Arg_PISACowsMilk_10_page_6,824.0,852.0,1046.0
10449873,stimulus_Arg_PISACowsMilk_10_page_6,823.9,851.7,1046.0
10449874,stimulus_Arg_PISACowsMilk_10_page_6,823.9,851.8,1046.0
10449875,stimulus_Arg_PISACowsMilk_10_page_6,823.9,852.1,1046.0
10449876,stimulus_Arg_PISACowsMilk_10_page_6,823.9,852.6,1046.0
10449877,stimulus_Arg_PISACowsMilk_10_page_6,823.9,852.6,1046.0
10449878,stimulus_Arg_PISACowsMilk_10_page_6,823.9,852.7,1047.0
10449879,stimulus_Arg_PISACowsMilk_10_page_6,823.8,852.8,1047.0
10449880,stimulus_Arg_PISACowsMilk_10_page_6,823.6,852.8,1047.0
10449881,stimulus_Arg_PISACowsMilk_10_page_6,823.4,852.6,1049.0
10449882,stimulus_Arg_PISACowsMilk_10_page_6,823.4,852.2,1050.0
10449883,stimulus_Arg_PISACowsMilk_10_page_6,823.3,851.8,1052.0
10449884,stimulus_Arg_PISACowsMilk_10_page_6,823.3,851.5,1051.0
10449885,stimulus_Arg_PISACowsMilk_10_page_6,823.5,851.3,1051.0
10449886,stimulus_Arg_PISACowsMilk_10_page_6,823.8,851.1,1051.0
10449887,stimulus_Arg_PISACowsMilk_10_page_6,824.0,851.2,1050.0
10449888,stimulus_Arg_PISACowsMilk_10_page_6,824.1,851.3,1049.0
10449889,stimulus_Arg_PISACowsMilk_10_page_6,824.0,851.4,1048.0
10449890,stimulus_Arg_PISACowsMilk_10_page_6,824.1,851.6,1048.0
10449891,stimulus_Arg_PISACowsMilk_10_page_6,824.1,851.9,1048.0
10449892,stimulus_Arg_PISACowsMilk_10_page_6,824.2,852.1,1048.0
10449893,stimulus_Arg_PISACowsMilk_10_page_6,823.9,851.8,1047.0
10449894,stimulus_Arg_PISACowsMilk_10_page_6,823.7,851.5,1046.0
10449895,stimulus_Arg_PISACowsMilk_10_page_6,823.5,851.2,1046.0
10449896,stimulus_Arg_PISACowsMilk_10_page_6,823.6,851.3,1047.0
10449897,stimulus_Arg_PISACowsMilk_10_page_6,823.6,851.3,1047.0
10449898,stimulus_Arg_PISACowsMilk_10_page_6,824.1,851.3,1048.0
10449899,stimulus_Arg_PISACowsMilk_10_page_6,824.7,851.2,1048.0
10449900,stimulus_Arg_PISACowsMilk_10_page_6,825.3,851.1,1049.0
10449901,stimulus_Arg_PISACowsMilk_10_page_6,825.1,851.1,1050.0
10449902,stimulus_Arg_PISACowsMilk_10_page_6,824.6,851.1,1050.0
10449903,stimulus_Arg_PISACowsMilk_10_page_6,824.2,851.1,1050.0
10449904,stimulus_Arg_PISACowsMilk_10_page_6,824.1,851.1,1050.0
10449905,stimulus_Arg_PISACowsMilk_10_page_6,824.1,851.1,1050.0
10449906,stimulus_Arg_PISACowsMilk_10_page_6,824.1,851.2,1050.0
10449907,stimulus_Arg_PISACowsMilk_10_page_6,824.2,851.3,1051.0
10449908,stimulus_Arg_PISACowsMilk_10_page_6,824.3,851.4,1052.0
10449909,stimulus_Arg_PISACowsMilk_10_page_6,824.5,851.6,1051.0
10449910,stimulus_Arg_PISACowsMilk_10_page_6,824.5,851.6,1052.0
10449911,stimulus_Arg_PISACowsMilk_10_page_6,824.6,851.5,1052.0
10449912,stimulus_Arg_PISACowsMilk_10_page_6,824.5,851.5,1052.0
10449913,stimulus_Arg_PISACowsMilk_10_page_6,824.5,851.3,1052.0
10449914,stimulus_Arg_PISACowsMilk_10_page_6,824.6,851.2,1052.0
10449915,stimulus_Arg_PISACowsMilk_10_page_6,824.7,850.6,1052.0
10449916,stimulus_Arg_PISACowsMilk_10_page_6,824.9,850.2,1053.0
10449917,stimulus_Arg_PISACowsMilk_10_page_6,824.9,849.7,1053.0
10449918,stimulus_Arg_PISACowsMilk_10_page_6,824.9,849.6,1053.0
10449919,stimulus_Arg_PISACowsMilk_10_page_6,824.8,849.8,1054.0
10449920,stimulus_Arg_PISACowsMilk_10_page_6,824.7,850.0,1054.0
10449921,stimulus_Arg_PISACowsMilk_10_page_6,824.5,850.3,1055.0
10449922,stimulus_Arg_PISACowsMilk_10_page_6,824.5,850.2,1054.0
10449923,stimulus_Arg_PISACowsMilk_10_page_6,824.4,850.1,1054.0
10449924,stimulus_Arg_PISACowsMilk_10_page_6,824.6,850.0,1054.0
10449925,stimulus_Arg_PISACowsMilk_10_page_6,824.8,850.0,1055.0
10449926,stimulus_Arg_PISACowsMilk_10_page_6,825.1,850.0,1055.0
10449927,stimulus_Arg_PISACowsMilk_10_page_6,825.2,850.3,1055.0
10449928,stimulus_Arg_PISACowsMilk_10_page_6,825.4,850.7,1055.0
10449929,stimulus_Arg_PISACowsMilk_10_page_6,825.5,850.6,1055.0
10449930,stimulus_Arg_PISACowsMilk_10_page_6,825.5,850.2,1055.0
10449931,stimulus_Arg_PISACowsMilk_10_page_6,825.7,849.7,1055.0
10449932,stimulus_Arg_PISACowsMilk_10_page_6,825.8,849.7,1056.0
10449933,stimulus_Arg_PISACowsMilk_10_page_6,825.9,849.9,1056.0
10449934,stimulus_Arg_PISACowsMilk_10_page_6,825.7,850.1,1056.0
10449935,stimulus_Arg_PISACowsMilk_10_page_6,825.6,850.4,1056.0
10449936,stimulus_Arg_PISACowsMilk_10_page_6,825.4,850.7,1056.0
10449937,stimulus_Arg_PISACowsMilk_10_page_6,825.5,850.9,1057.0
10449938,stimulus_Arg_PISACowsMilk_10_page_6,825.5,850.9,1057.0
10449939,stimulus_Arg_PISACowsMilk_10_page_6,825.6,850.9,1057.0
10449940,stimulus_Arg_PISACowsMilk_10_page_6,825.6,850.8,1059.0
10449941,stimulus_Arg_PISACowsMilk_10_page_6,825.5,850.7,1059.0
10449942,stimulus_Arg_PISACowsMilk_10_page_6,825.3,850.7,1060.0
10449943,stimulus_Arg_PISACowsMilk_10_page_6,825.1,850.6,1061.0
10449944,stimulus_Arg_PISACowsMilk_10_page_6,825.2,850.6,1061.0
10449945,stimulus_Arg_PISACowsMilk_10_page_6,825.4,850.2,1061.0
10449946,stimulus_Arg_PISACowsMilk_10_page_6,825.6,849.9,1061.0
10449947,stimulus_Arg_PISACowsMilk_10_page_6,825.5,849.5,1061.0
10449948,stimulus_Arg_PISACowsMilk_10_page_6,825.3,849.3,1061.0
10449949,stimulus_Arg_PISACowsMilk_10_page_6,825.1,849.1,1062.0
10449950,stimulus_Arg_PISACowsMilk_10_page_6,825.2,849.1,1062.0
10449951,stimulus_Arg_PISACowsMilk_10_page_6,825.4,849.5,1061.0
10449952,stimulus_Arg_PISACowsMilk_10_page_6,825.6,849.9,1061.0
10449953,stimulus_Arg_PISACowsMilk_10_page_6,825.5,849.9,1060.0
10449954,stimulus_Arg_PISACowsMilk_10_page_6,825.0,849.8,1060.0
10449955,stimulus_Arg_PISACowsMilk_10_page_6,824.6,849.6,1061.0
10449956,stimulus_Arg_PISACowsMilk_10_page_6,824.3,849.9,1061.0
10449957,stimulus_Arg_PISACowsMilk_10_page_6,824.1,850.3,1061.0
10449958,stimulus_Arg_PISACowsMilk_10_page_6,823.8,850.6,1061.0
10449959,stimulus_Arg_PISACowsMilk_10_page_6,823.5,850.7,1060.0
10449960,stimulus_Arg_PISACowsMilk_10_page_6,823.4,850.7,1060.0
10449961,stimulus_Arg_PISACowsMilk_10_page_6,823.4,850.9,1061.0
10449962,stimulus_Arg_PISACowsMilk_10_page_6,823.4,851.0,1061.0
10449963,stimulus_Arg_PISACowsMilk_10_page_6,823.4,851.1,1062.0
10449964,stimulus_Arg_PISACowsMilk_10_page_6,823.3,851.1,1062.0
10449965,stimulus_Arg_PISACowsMilk_10_page_6,823.3,850.7,1062.0
10449966,stimulus_Arg_PISACowsMilk_10_page_6,823.4,850.4,1061.0
10449967,stimulus_Arg_PISACowsMilk_10_page_6,823.4,850.1,1061.0
10449968,stimulus_Arg_PISACowsMilk_10_page_6,823.4,850.4,1061.0
10449969,stimulus_Arg_PISACowsMilk_10_page_6,823.4,850.6,1061.0
10449970,stimulus_Arg_PISACowsMilk_10_page_6,823.5,850.9,1062.0
10449971,stimulus_Arg_PISACowsMilk_10_page_6,823.5,851.0,1062.0
10449972,stimulus_Arg_PISACowsMilk_10_page_6,823.5,851.2,1062.0
10449973,stimulus_Arg_PISACowsMilk_10_page_6,823.6,851.4,1063.0
10449974,stimulus_Arg_PISACowsMilk_10_page_6,823.6,851.7,1064.0
10449975,stimulus_Arg_PISACowsMilk_10_page_6,823.6,851.8,1066.0
10449976,stimulus_Arg_PISACowsMilk_10_page_6,823.6,851.5,1067.0
10449977,stimulus_Arg_PISACowsMilk_10_page_6,823.6,851.1,1067.0
10449978,stimulus_Arg_PISACowsMilk_10_page_6,823.6,850.9,1067.0
10449979,stimulus_Arg_PISACowsMilk_10_page_6,823.6,850.5,1065.0
10449980,stimulus_Arg_PISACowsMilk_10_page_6,823.7,850.3,1063.0
10449981,stimulus_Arg_PISACowsMilk_10_page_6,823.9,850.2,1062.0
10449982,stimulus_Arg_PISACowsMilk_10_page_6,824.0,849.9,1063.0
10449983,stimulus_Arg_PISACowsMilk_10_page_6,824.0,849.5,1063.0
10449984,stimulus_Arg_PISACowsMilk_10_page_6,824.1,849.1,1063.0
10449985,stimulus_Arg_PISACowsMilk_10_page_6,824.3,849.1,1063.0
10449986,stimulus_Arg_PISACowsMilk_10_page_6,824.5,849.0,1063.0
10449987,stimulus_Arg_PISACowsMilk_10_page_6,824.6,849.1,1063.0
10449988,stimulus_Arg_PISACowsMilk_10_page_6,824.6,849.2,1064.0
10449989,stimulus_Arg_PISACowsMilk_10_page_6,824.5,849.3,1064.0
10449990,stimulus_Arg_PISACowsMilk_10_page_6,824.7,849.3,1065.0
10449991,stimulus_Arg_PISACowsMilk_10_page_6,825.0,849.2,1065.0
10449992,stimulus_Arg_PISACowsMilk_10_page_6,825.2,849.4,1064.0
10449993,stimulus_Arg_PISACowsMilk_10_page_6,825.5,849.5,1063.0
10449994,stimulus_Arg_PISACowsMilk_10_page_6,825.9,849.6,1064.0
10449995,stimulus_Arg_PISACowsMilk_10_page_6,826.2,849.6,1065.0
10449996,stimulus_Arg_PISACowsMilk_10_page_6,826.2,849.6,1065.0
10449997,stimulus_Arg_PISACowsMilk_10_page_6,826.1,849.7,1066.0
10449998,stimulus_Arg_PISACowsMilk_10_page_6,826.0,849.8,1067.0
10449999,stimulus_Arg_PISACowsMilk_10_page_6,825.9,849.8,1067.0
10450000,stimulus_Arg_PISACowsMilk_10_page_6,825.9,850.0,1068.0
10450001,stimulus_Arg_PISACowsMilk_10_page_6,825.9,850.4,1068.0
10450002,stimulus_Arg_PISACowsMilk_10_page_6,826.0,850.6,1068.0
10450003,stimulus_Arg_PISACowsMilk_10_page_6,826.1,850.6,1068.0
10450004,stimulus_Arg_PISACowsMilk_10_page_6,825.8,850.6,1068.0
10450005,stimulus_Arg_PISACowsMilk_10_page_6,825.4,850.7,1067.0
10450006,stimulus_Arg_PISACowsMilk_10_page_6,825.2,850.8,1067.0
10450007,stimulus_Arg_PISACowsMilk_10_page_6,825.6,850.7,1068.0
10450008,stimulus_Arg_PISACowsMilk_10_page_6,825.9,850.6,1070.0
10450009,stimulus_Arg_PISACowsMilk_10_page_6,825.9,850.3,1071.0
10450010,stimulus_Arg_PISACowsMilk_10_page_6,825.9,850.0,1071.0
10450011,stimulus_Arg_PISACowsMilk_10_page_6,825.7,849.9,1072.0
10450012,stimulus_Arg_PISACowsMilk_10_page_6,825.5,850.1,1072.0
10450013,stimulus_Arg_PISACowsMilk_10_page_6,825.3,850.3,1072.0
10450014,stimulus_Arg_PISACowsMilk_10_page_6,825.3,850.3,1072.0
10450015,stimulus_Arg_PISACowsMilk_10_page_6,825.5,850.3,1072.0
10450016,stimulus_Arg_PISACowsMilk_10_page_6,825.7,850.2,1072.0
10450017,stimulus_Arg_PISACowsMilk_10_page_6,825.8,850.3,1072.0
10450018,stimulus_Arg_PISACowsMilk_10_page_6,825.8,850.5,1073.0
10450019,stimulus_Arg_PISACowsMilk_10_page_6,825.7,850.7,1074.0
10450020,stimulus_Arg_PISACowsMilk_10_page_6,825.7,850.7,1075.0
10450021,stimulus_Arg_PISACowsMilk_10_page_6,826.0,850.8,1075.0
10450022,stimulus_Arg_PISACowsMilk_10_page_6,826.4,850.9,1075.0
10450023,stimulus_Arg_PISACowsMilk_10_page_6,826.3,851.1,1075.0
10450024,stimulus_Arg_PISACowsMilk_10_page_6,825.9,851.3,1074.0
10450025,stimulus_Arg_PISACowsMilk_10_page_6,825.5,851.5,1074.0
10450026,stimulus_Arg_PISACowsMilk_10_page_6,825.5,851.3,1073.0
10450027,stimulus_Arg_PISACowsMilk_10_page_6,825.5,851.2,1073.0
10450028,stimulus_Arg_PISACowsMilk_10_page_6,825.5,851.0,1074.0
10450029,stimulus_Arg_PISACowsMilk_10_page_6,825.5,851.0,1074.0
10450030,stimulus_Arg_PISACowsMilk_10_page_6,825.5,850.9,1075.0
10450031,stimulus_Arg_PISACowsMilk_10_page_6,825.5,850.9,1076.0
10450032,stimulus_Arg_PISACowsMilk_10_page_6,825.7,850.8,1077.0
10450033,stimulus_Arg_PISACowsMilk_10_page_6,826.0,850.8,1078.0
10450034,stimulus_Arg_PISACowsMilk_10_page_6,826.2,850.9,1078.0
10450035,stimulus_Arg_PISACowsMilk_10_page_6,825.9,851.1,1079.0
10450036,stimulus_Arg_PISACowsMilk_10_page_6,825.6,851.2,1079.0
10450037,stimulus_Arg_PISACowsMilk_10_page_6,825.5,851.1,1080.0
10450038,stimulus_Arg_PISACowsMilk_10_page_6,825.6,851.0,1080.0
10450039,stimulus_Arg_PISACowsMilk_10_page_6,825.6,851.1,1080.0
10450040,stimulus_Arg_PISACowsMilk_10_page_6,825.7,851.2,1080.0
10450041,stimulus_Arg_PISACowsMilk_10_page_6,825.7,851.8,1080.0
10450042,stimulus_Arg_PISACowsMilk_10_page_6,825.9,852.7,1081.0
10450043,stimulus_Arg_PISACowsMilk_10_page_6,826.1,853.3,1081.0
10450044,stimulus_Arg_PISACowsMilk_10_page_6,826.2,853.4,1082.0
10450045,stimulus_Arg_PISACowsMilk_10_page_6,826.0,853.3,1081.0
10450046,stimulus_Arg_PISACowsMilk_10_page_6,825.8,853.3,1082.0
10450047,stimulus_Arg_PISACowsMilk_10_page_6,825.7,853.4,1082.0
10450048,stimulus_Arg_PISACowsMilk_10_page_6,825.7,853.4,1082.0
10450049,stimulus_Arg_PISACowsMilk_10_page_6,825.3,853.6,1084.0
10450050,stimulus_Arg_PISACowsMilk_10_page_6,825.0,853.6,1085.0
10450051,stimulus_Arg_PISACowsMilk_10_page_6,824.7,853.6,1085.0
10450052,stimulus_Arg_PISACowsMilk_10_page_6,824.7,853.6,1085.0
10450053,stimulus_Arg_PISACowsMilk_10_page_6,824.7,853.7,1086.0
10450054,stimulus_Arg_PISACowsMilk_10_page_6,824.8,853.7,1086.0
10450055,stimulus_Arg_PISACowsMilk_10_page_6,824.8,853.7,1086.0
10450056,stimulus_Arg_PISACowsMilk_10_page_6,824.5,853.7,1087.0
10450057,stimulus_Arg_PISACowsMilk_10_page_6,824.3,853.7,1088.0
10450058,stimulus_Arg_PISACowsMilk_10_page_6,824.2,853.8,1088.0
10450059,stimulus_Arg_PISACowsMilk_10_page_6,824.1,853.9,1089.0
10450060,stimulus_Arg_PISACowsMilk_10_page_6,824.1,854.0,1089.0
10450061,stimulus_Arg_PISACowsMilk_10_page_6,824.0,854.2,1089.0
10450062,stimulus_Arg_PISACowsMilk_10_page_6,824.4,854.3,1089.0
10450063,stimulus_Arg_PISACowsMilk_10_page_6,825.5,854.4,1090.0
10450064,stimulus_Arg_PISACowsMilk_10_page_6,826.6,854.4,1091.0
10450065,stimulus_Arg_PISACowsMilk_10_page_6,827.9,854.3,1092.0
10450066,stimulus_Arg_PISACowsMilk_10_page_6,829.5,853.8,1093.0
10450067,stimulus_Arg_PISACowsMilk_10_page_6,832.7,853.5,1093.0
10450068,stimulus_Arg_PISACowsMilk_10_page_6,836.3,853.1,1092.0
10450069,stimulus_Arg_PISACowsMilk_10_page_6,841.1,853.2,1092.0
10450070,stimulus_Arg_PISACowsMilk_10_page_6,846.9,853.3,1094.0
10450071,stimulus_Arg_PISACowsMilk_10_page_6,854.2,853.4,1096.0
10450072,stimulus_Arg_PISACowsMilk_10_page_6,863.3,854.1,1097.0
10450073,stimulus_Arg_PISACowsMilk_10_page_6,873.1,854.8,1097.0
10450074,stimulus_Arg_PISACowsMilk_10_page_6,883.3,855.4,1097.0
10450075,stimulus_Arg_PISACowsMilk_10_page_6,892.7,854.2,1096.0
10450076,stimulus_Arg_PISACowsMilk_10_page_6,901.2,852.1,1094.0
10450077,stimulus_Arg_PISACowsMilk_10_page_6,909.2,849.6,1092.0
10450078,stimulus_Arg_PISACowsMilk_10_page_6,916.6,848.2,1091.0
10450079,stimulus_Arg_PISACowsMilk_10_page_6,923.8,847.6,1092.0
10450080,stimulus_Arg_PISACowsMilk_10_page_6,931.0,847.5,1093.0
10450081,stimulus_Arg_PISACowsMilk_10_page_6,937.9,847.5,1093.0
10450082,stimulus_Arg_PISACowsMilk_10_page_6,943.6,846.3,1089.0
10450083,stimulus_Arg_PISACowsMilk_10_page_6,948.2,845.1,1086.0
10450084,stimulus_Arg_PISACowsMilk_10_page_6,950.9,844.1,1083.0
10450085,stimulus_Arg_PISACowsMilk_10_page_6,954.4,844.9,1083.0
10450086,stimulus_Arg_PISACowsMilk_10_page_6,958.0,845.7,1082.0
10450087,stimulus_Arg_PISACowsMilk_10_page_6,962.9,846.5,1081.0
10450088,stimulus_Arg_PISACowsMilk_10_page_6,967.2,846.7,1078.0
10450089,stimulus_Arg_PISACowsMilk_10_page_6,970.2,845.8,1076.0
10450090,stimulus_Arg_PISACowsMilk_10_page_6,972.1,844.6,1073.0
10450091,stimulus_Arg_PISACowsMilk_10_page_6,974.6,843.6,1072.0
10450092,stimulus_Arg_PISACowsMilk_10_page_6,978.2,843.7,1071.0
10450093,stimulus_Arg_PISACowsMilk_10_page_6,981.6,844.0,1073.0
10450094,stimulus_Arg_PISACowsMilk_10_page_6,984.4,844.2,1075.0
10450095,stimulus_Arg_PISACowsMilk_10_page_6,986.5,844.3,1078.0
10450096,stimulus_Arg_PISACowsMilk_10_page_6,988.0,844.3,1078.0
10450097,stimulus_Arg_PISACowsMilk_10_page_6,988.7,843.9,1079.0
10450098,stimulus_Arg_PISACowsMilk_10_page_6,988.3,843.4,1078.0
10450099,stimulus_Arg_PISACowsMilk_10_page_6,987.9,842.9,1077.0
10450100,stimulus_Arg_PISACowsMilk_10_page_6,986.9,842.5,1077.0
10450101,stimulus_Arg_PISACowsMilk_10_page_6,986.2,842.4,1077.0
10450102,stimulus_Arg_PISACowsMilk_10_page_6,985.1,842.2,1077.0
10450103,stimulus_Arg_PISACowsMilk_10_page_6,984.0,842.1,1078.0
10450104,stimulus_Arg_PISACowsMilk_10_page_6,982.9,842.1,1079.0
10450105,stimulus_Arg_PISACowsMilk_10_page_6,981.9,842.1,1080.0
10450106,stimulus_Arg_PISACowsMilk_10_page_6,980.9,842.2,1081.0
10450107,stimulus_Arg_PISACowsMilk_10_page_6,980.2,842.4,1082.0
10450108,stimulus_Arg_PISACowsMilk_10_page_6,979.7,842.7,1083.0
10450109,stimulus_Arg_PISACowsMilk_10_page_6,979.3,842.7,1083.0
10450110,stimulus_Arg_PISACowsMilk_10_page_6,978.9,842.7,1083.0
10450111,stimulus_Arg_PISACowsMilk_10_page_6,978.6,843.0,1083.0
10450112,stimulus_Arg_PISACowsMilk_10_page_6,978.7,843.3,1086.0
10450113,stimulus_Arg_PISACowsMilk_10_page_6,978.8,843.5,1088.0
10450114,stimulus_Arg_PISACowsMilk_10_page_6,979.1,843.3,1089.0
10450115,stimulus_Arg_PISACowsMilk_10_page_6,979.2,843.3,1088.0
10450116,stimulus_Arg_PISACowsMilk_10_page_6,979.5,843.6,1088.0
10450117,stimulus_Arg_PISACowsMilk_10_page_6,979.7,844.0,1088.0
10450118,stimulus_Arg_PISACowsMilk_10_page_6,980.0,844.2,1089.0
10450119,stimulus_Arg_PISACowsMilk_10_page_6,980.0,844.4,1090.0
10450120,stimulus_Arg_PISACowsMilk_10_page_6,980.0,844.5,1091.0
10450121,stimulus_Arg_PISACowsMilk_10_page_6,980.2,844.7,1092.0
10450122,stimulus_Arg_PISACowsMilk_10_page_6,980.5,844.9,1092.0
10450123,stimulus_Arg_PISACowsMilk_10_page_6,980.8,845.2,1092.0
10450124,stimulus_Arg_PISACowsMilk_10_page_6,981.0,845.0,1092.0
10450125,stimulus_Arg_PISACowsMilk_10_page_6,981.1,844.7,1092.0
10450126,stimulus_Arg_PISACowsMilk_10_page_6,981.1,844.3,1092.0
10450127,stimulus_Arg_PISACowsMilk_10_page_6,981.2,843.9,1091.0
10450128,stimulus_Arg_PISACowsMilk_10_page_6,981.2,843.7,1091.0
10450129,stimulus_Arg_PISACowsMilk_10_page_6,981.4,843.5,1091.0
10450130,stimulus_Arg_PISACowsMilk_10_page_6,981.8,843.2,1091.0
10450131,stimulus_Arg_PISACowsMilk_10_page_6,982.2,842.9,1091.0
10450132,stimulus_Arg_PISACowsMilk_10_page_6,982.2,842.5,1089.0
10450133,stimulus_Arg_PISACowsMilk_10_page_6,982.1,842.6,1088.0
10450134,stimulus_Arg_PISACowsMilk_10_page_6,982.0,842.7,1087.0
10450135,stimulus_Arg_PISACowsMilk_10_page_6,982.0,842.6,1088.0
10450136,stimulus_Arg_PISACowsMilk_10_page_6,981.8,842.4,1089.0
10450137,stimulus_Arg_PISACowsMilk_10_page_6,981.6,842.2,1089.0
10450138,stimulus_Arg_PISACowsMilk_10_page_6,981.4,842.1,1089.0
10450139,stimulus_Arg_PISACowsMilk_10_page_6,981.5,841.9,1089.0
10450140,stimulus_Arg_PISACowsMilk_10_page_6,981.6,841.6,1089.0
10450141,stimulus_Arg_PISACowsMilk_10_page_6,981.7,841.3,1089.0
10450142,stimulus_Arg_PISACowsMilk_10_page_6,981.8,841.1,1089.0
10450143,stimulus_Arg_PISACowsMilk_10_page_6,981.6,841.0,1089.0
10450144,stimulus_Arg_PISACowsMilk_10_page_6,981.6,840.8,1089.0
10450145,stimulus_Arg_PISACowsMilk_10_page_6,981.6,840.7,1089.0
10450146,stimulus_Arg_PISACowsMilk_10_page_6,981.7,840.7,1090.0
10450147,stimulus_Arg_PISACowsMilk_10_page_6,981.7,840.5,1090.0
10450148,stimulus_Arg_PISACowsMilk_10_page_6,981.6,840.4,1091.0
10450149,stimulus_Arg_PISACowsMilk_10_page_6,981.5,840.3,1091.0
10450150,stimulus_Arg_PISACowsMilk_10_page_6,981.4,840.3,1091.0
10450151,stimulus_Arg_PISACowsMilk_10_page_6,981.3,840.3,1091.0
10450152,stimulus_Arg_PISACowsMilk_10_page_6,981.4,840.2,1091.0
10450153,stimulus_Arg_PISACowsMilk_10_page_6,981.5,840.0,1090.0
10450154,stimulus_Arg_PISACowsMilk_10_page_6,981.7,840.1,1090.0
10450155,stimulus_Arg_PISACowsMilk_10_page_6,981.7,840.5,1089.0
10450156,stimulus_Arg_PISACowsMilk_10_page_6,981.7,840.8,1089.0
10450157,stimulus_Arg_PISACowsMilk_10_page_6,981.8,840.9,1089.0
10450158,stimulus_Arg_PISACowsMilk_10_page_6,981.8,840.9,1089.0
10450159,stimulus_Arg_PISACowsMilk_10_page_6,981.9,840.6,1089.0
10450160,stimulus_Arg_PISACowsMilk_10_page_6,981.9,840.3,1090.0
10450161,stimulus_Arg_PISACowsMilk_10_page_6,982.0,840.0,1090.0
10450162,stimulus_Arg_PISACowsMilk_10_page_6,982.1,839.9,1091.0
10450163,stimulus_Arg_PISACowsMilk_10_page_6,982.2,840.0,1091.0
10450164,stimulus_Arg_PISACowsMilk_10_page_6,982.2,840.4,1091.0
10450165,stimulus_Arg_PISACowsMilk_10_page_6,982.1,840.8,1090.0
10450166,stimulus_Arg_PISACowsMilk_10_page_6,982.1,841.2,1090.0
10450167,stimulus_Arg_PISACowsMilk_10_page_6,982.1,841.4,1090.0
10450168,stimulus_Arg_PISACowsMilk_10_page_6,982.1,841.6,1091.0
10450169,stimulus_Arg_PISACowsMilk_10_page_6,982.1,841.8,1091.0
10450170,stimulus_Arg_PISACowsMilk_10_page_6,982.1,841.8,1091.0
10450171,stimulus_Arg_PISACowsMilk_10_page_6,982.1,841.7,1091.0
10450172,stimulus_Arg_PISACowsMilk_10_page_6,982.5,841.7,1092.0
10450173,stimulus_Arg_PISACowsMilk_10_page_6,982.9,841.6,1092.0
10450174,stimulus_Arg_PISACowsMilk_10_page_6,983.3,841.5,1093.0
10450175,stimulus_Arg_PISACowsMilk_10_page_6,983.3,841.5,1093.0
10450176,stimulus_Arg_PISACowsMilk_10_page_6,983.3,841.4,1093.0
10450177,stimulus_Arg_PISACowsMilk_10_page_6,983.2,841.5,1092.0
10450178,stimulus_Arg_PISACowsMilk_10_page_6,983.2,841.5,1092.0
10450179,stimulus_Arg_PISACowsMilk_10_page_6,983.2,841.4,1092.0
10450180,stimulus_Arg_PISACowsMilk_10_page_6,983.1,841.2,1092.0
10450181,stimulus_Arg_PISACowsMilk_10_page_6,983.0,840.9,1093.0
10450182,stimulus_Arg_PISACowsMilk_10_page_6,982.8,840.8,1094.0
10450183,stimulus_Arg_PISACowsMilk_10_page_6,982.6,840.7,1094.0
10450184,stimulus_Arg_PISACowsMilk_10_page_6,982.6,840.7,1094.0
10450185,stimulus_Arg_PISACowsMilk_10_page_6,982.5,840.7,1094.0
10450186,stimulus_Arg_PISACowsMilk_10_page_6,982.6,841.0,1094.0
10450187,stimulus_Arg_PISACowsMilk_10_page_6,982.8,841.3,1094.0
10450188,stimulus_Arg_PISACowsMilk_10_page_6,983.0,841.5,1095.0
10450189,stimulus_Arg_PISACowsMilk_10_page_6,982.8,841.4,1096.0
10450190,stimulus_Arg_PISACowsMilk_10_page_6,982.5,841.3,1097.0
10450191,stimulus_Arg_PISACowsMilk_10_page_6,982.5,841.1,1097.0
10450192,stimulus_Arg_PISACowsMilk_10_page_6,982.9,841.0,1097.0
10450193,stimulus_Arg_PISACowsMilk_10_page_6,983.3,840.5,1097.0
10450194,stimulus_Arg_PISACowsMilk_10_page_6,983.5,840.1,1096.0
10450195,stimulus_Arg_PISACowsMilk_10_page_6,983.5,839.7,1096.0
10450196,stimulus_Arg_PISACowsMilk_10_page_6,983.5,839.7,1096.0
10450197,stimulus_Arg_PISACowsMilk_10_page_6,983.7,839.9,1096.0
10450198,stimulus_Arg_PISACowsMilk_10_page_6,983.9,840.1,1095.0
10450199,stimulus_Arg_PISACowsMilk_10_page_6,984.1,840.2,1094.0
10450200,stimulus_Arg_PISACowsMilk_10_page_6,984.1,840.0,1094.0
10450201,stimulus_Arg_PISACowsMilk_10_page_6,984.1,839.8,1095.0
10450202,stimulus_Arg_PISACowsMilk_10_page_6,983.8,839.7,1096.0
10450203,stimulus_Arg_PISACowsMilk_10_page_6,983.4,839.5,1097.0
10450204,stimulus_Arg_PISACowsMilk_10_page_6,983.3,839.4,1097.0
10450205,stimulus_Arg_PISACowsMilk_10_page_6,983.5,839.4,1097.0
10450206,stimulus_Arg_PISACowsMilk_10_page_6,983.6,839.5,1097.0
10450207,stimulus_Arg_PISACowsMilk_10_page_6,983.5,839.8,1097.0
10450208,stimulus_Arg_PISACowsMilk_10_page_6,983.4,840.2,1096.0
10450209,stimulus_Arg_PISACowsMilk_10_page_6,983.5,840.4,1096.0
10450210,stimulus_Arg_PISACowsMilk_10_page_6,983.6,840.5,1096.0
10450211,stimulus_Arg_PISACowsMilk_10_page_6,983.8,840.1,1096.0
10450212,stimulus_Arg_PISACowsMilk_10_page_6,983.8,839.7,1096.0
10450213,stimulus_Arg_PISACowsMilk_10_page_6,983.7,839.3,1096.0
10450214,stimulus_Arg_PISACowsMilk_10_page_6,983.5,839.4,1096.0
10450215,stimulus_Arg_PISACowsMilk_10_page_6,983.2,839.5,1096.0
10450216,stimulus_Arg_PISACowsMilk_10_page_6,983.2,839.6,1096.0
10450217,stimulus_Arg_PISACowsMilk_10_page_6,983.3,839.6,1096.0
10450218,stimulus_Arg_PISACowsMilk_10_page_6,984.0,839.4,1096.0
10450219,stimulus_Arg_PISACowsMilk_10_page_6,984.5,839.3,1097.0
10450220,stimulus_Arg_PISACowsMilk_10_page_6,985.1,838.9,1098.0
10450221,stimulus_Arg_PISACowsMilk_10_page_6,985.1,838.6,1099.0
10450222,stimulus_Arg_PISACowsMilk_10_page_6,985.1,838.2,1098.0
10450223,stimulus_Arg_PISACowsMilk_10_page_6,985.1,838.0,1096.0
10450224,stimulus_Arg_PISACowsMilk_10_page_6,985.0,837.7,1095.0
10450225,stimulus_Arg_PISACowsMilk_10_page_6,984.9,837.7,1096.0
10450226,stimulus_Arg_PISACowsMilk_10_page_6,984.9,838.0,1095.0
10450227,stimulus_Arg_PISACowsMilk_10_page_6,985.0,838.3,1094.0
10450228,stimulus_Arg_PISACowsMilk_10_page_6,985.1,838.2,1093.0
10450229,stimulus_Arg_PISACowsMilk_10_page_6,985.2,838.0,1094.0
10450230,stimulus_Arg_PISACowsMilk_10_page_6,985.3,837.7,1095.0
10450231,stimulus_Arg_PISACowsMilk_10_page_6,985.3,837.3,1096.0
10450232,stimulus_Arg_PISACowsMilk_10_page_6,985.4,836.9,1097.0
10450233,stimulus_Arg_PISACowsMilk_10_page_6,985.4,836.3,1097.0
10450234,stimulus_Arg_PISACowsMilk_10_page_6,985.3,835.8,1097.0
10450235,stimulus_Arg_PISACowsMilk_10_page_6,985.3,835.6,1096.0
10450236,stimulus_Arg_PISACowsMilk_10_page_6,985.3,835.7,1095.0
10450237,stimulus_Arg_PISACowsMilk_10_page_6,985.2,835.7,1095.0
10450238,stimulus_Arg_PISACowsMilk_10_page_6,985.4,835.8,1094.0
10450239,stimulus_Arg_PISACowsMilk_10_page_6,985.6,836.0,1095.0
10450240,stimulus_Arg_PISACowsMilk_10_page_6,985.9,836.2,1095.0
10450241,stimulus_Arg_PISACowsMilk_10_page_6,985.9,836.1,1096.0
10450242,stimulus_Arg_PISACowsMilk_10_page_6,985.9,835.9,1096.0
10450243,stimulus_Arg_PISACowsMilk_10_page_6,985.7,835.6,1096.0
10450244,stimulus_Arg_PISACowsMilk_10_page_6,985.4,835.4,1095.0
10450245,stimulus_Arg_PISACowsMilk_10_page_6,985.2,835.3,1094.0
10450246,stimulus_Arg_PISACowsMilk_10_page_6,985.2,835.2,1093.0
10450247,stimulus_Arg_PISACowsMilk_10_page_6,985.4,835.2,1094.0
10450248,stimulus_Arg_PISACowsMilk_10_page_6,985.6,835.4,1095.0
10450249,stimulus_Arg_PISACowsMilk_10_page_6,985.7,835.5,1094.0
10450250,stimulus_Arg_PISACowsMilk_10_page_6,985.6,835.6,1093.0
10450251,stimulus_Arg_PISACowsMilk_10_page_6,985.5,835.6,1092.0
10450252,stimulus_Arg_PISACowsMilk_10_page_6,985.5,835.6,1093.0
10450253,stimulus_Arg_PISACowsMilk_10_page_6,985.6,835.4,1093.0
10450254,stimulus_Arg_PISACowsMilk_10_page_6,985.7,835.2,1094.0
10450255,stimulus_Arg_PISACowsMilk_10_page_6,985.8,835.8,1094.0
10450256,stimulus_Arg_PISACowsMilk_10_page_6,985.8,836.6,1094.0
10450257,stimulus_Arg_PISACowsMilk_10_page_6,985.9,837.3,1094.0
10450258,stimulus_Arg_PISACowsMilk_10_page_6,986.0,837.2,1094.0
10450259,stimulus_Arg_PISACowsMilk_10_page_6,986.1,837.1,1095.0
10450260,stimulus_Arg_PISACowsMilk_10_page_6,986.1,837.0,1096.0
10450261,stimulus_Arg_PISACowsMilk_10_page_6,986.1,837.0,1097.0
10450262,stimulus_Arg_PISACowsMilk_10_page_6,986.0,837.1,1097.0
10450263,stimulus_Arg_PISACowsMilk_10_page_6,986.0,837.1,1097.0
10450264,stimulus_Arg_PISACowsMilk_10_page_6,985.8,837.2,1097.0
10450265,stimulus_Arg_PISACowsMilk_10_page_6,985.7,837.1,1097.0
10450266,stimulus_Arg_PISACowsMilk_10_page_6,985.5,837.1,1098.0
10450267,stimulus_Arg_PISACowsMilk_10_page_6,985.5,837.1,1098.0
10450268,stimulus_Arg_PISACowsMilk_10_page_6,984.8,837.9,1100.0
10450269,stimulus_Arg_PISACowsMilk_10_page_6,984.1,839.0,1099.0
10450270,stimulus_Arg_PISACowsMilk_10_page_6,982.6,840.0,1097.0
10450271,stimulus_Arg_PISACowsMilk_10_page_6,980.5,839.3,1097.0
10450272,stimulus_Arg_PISACowsMilk_10_page_6,976.4,834.6,1099.0
10450273,stimulus_Arg_PISACowsMilk_10_page_6,970.1,827.5,1100.0
10450274,stimulus_Arg_PISACowsMilk_10_page_6,962.2,817.4,1100.0
10450275,stimulus_Arg_PISACowsMilk_10_page_6,953.3,808.4,1100.0
10450276,stimulus_Arg_PISACowsMilk_10_page_6,944.4,795.9,1102.0
10450277,stimulus_Arg_PISACowsMilk_10_page_6,934.6,783.6,1103.0
10450278,stimulus_Arg_PISACowsMilk_10_page_6,924.2,767.6,1105.0
10450279,stimulus_Arg_PISACowsMilk_10_page_6,913.0,751.6,1108.0
10450280,stimulus_Arg_PISACowsMilk_10_page_6,902.8,735.6,1111.0
10450281,stimulus_Arg_PISACowsMilk_10_page_6,892.3,719.0,1117.0
10450282,stimulus_Arg_PISACowsMilk_10_page_6,881.7,703.5,1120.0
10450283,stimulus_Arg_PISACowsMilk_10_page_6,872.8,687.9,1125.0
10450284,stimulus_Arg_PISACowsMilk_10_page_6,864.6,674.3,1128.0
10450285,stimulus_Arg_PISACowsMilk_10_page_6,858.8,661.0,1132.0
10450286,stimulus_Arg_PISACowsMilk_10_page_6,851.5,647.9,1132.0
10450287,stimulus_Arg_PISACowsMilk_10_page_6,845.1,636.1,1134.0
10450288,stimulus_Arg_PISACowsMilk_10_page_6,838.5,624.2,1137.0
10450289,stimulus_Arg_PISACowsMilk_10_page_6,830.8,611.8,1140.0
10450290,stimulus_Arg_PISACowsMilk_10_page_6,824.2,600.3,1145.0
10450291,stimulus_Arg_PISACowsMilk_10_page_6,816.1,589.7,1146.0
10450292,stimulus_Arg_PISACowsMilk_10_page_6,808.5,579.3,1146.0
10450293,stimulus_Arg_PISACowsMilk_10_page_6,800.2,569.3,1145.0
10450294,stimulus_Arg_PISACowsMilk_10_page_6,791.2,557.3,1144.0
10450295,stimulus_Arg_PISACowsMilk_10_page_6,782.9,546.5,1143.0
10450296,stimulus_Arg_PISACowsMilk_10_page_6,772.9,533.8,1143.0
10450297,stimulus_Arg_PISACowsMilk_10_page_6,763.7,521.9,1144.0
10450298,stimulus_Arg_PISACowsMilk_10_page_6,753.1,507.1,1143.0
10450299,stimulus_Arg_PISACowsMilk_10_page_6,742.9,493.6,1142.0
10450300,stimulus_Arg_PISACowsMilk_10_page_6,733.2,479.7,1140.0
10450301,stimulus_Arg_PISACowsMilk_10_page_6,724.3,466.1,1140.0
10450302,stimulus_Arg_PISACowsMilk_10_page_6,716.1,450.0,1138.0
10450303,stimulus_Arg_PISACowsMilk_10_page_6,707.5,435.0,1133.0
10450304,stimulus_Arg_PISACowsMilk_10_page_6,699.1,420.5,1129.0
10450305,stimulus_Arg_PISACowsMilk_10_page_6,689.8,405.6,1123.0
10450306,stimulus_Arg_PISACowsMilk_10_page_6,680.3,391.0,1117.0
10450307,stimulus_Arg_PISACowsMilk_10_page_6,669.9,375.0,1108.0
10450308,stimulus_Arg_PISACowsMilk_10_page_6,658.8,360.2,1100.0
10450309,stimulus_Arg_PISACowsMilk_10_page_6,648.0,346.7,1096.0
10450310,stimulus_Arg_PISACowsMilk_10_page_6,636.7,334.4,1092.0
10450311,stimulus_Arg_PISACowsMilk_10_page_6,626.0,323.6,1089.0
10450312,stimulus_Arg_PISACowsMilk_10_page_6,616.5,313.2,1088.0
10450313,stimulus_Arg_PISACowsMilk_10_page_6,608.9,303.2,1088.0
10450314,stimulus_Arg_PISACowsMilk_10_page_6,602.8,293.1,1088.0
10450315,stimulus_Arg_PISACowsMilk_10_page_6,596.6,281.1,1088.0
10450316,stimulus_Arg_PISACowsMilk_10_page_6,590.6,270.2,1087.0
10450317,stimulus_Arg_PISACowsMilk_10_page_6,584.8,258.7,1087.0
10450318,stimulus_Arg_PISACowsMilk_10_page_6,579.1,248.1,1084.0
10450319,stimulus_Arg_PISACowsMilk_10_page_6,573.2,237.5,1082.0
10450320,stimulus_Arg_PISACowsMilk_10_page_6,567.3,228.5,1078.0
10450321,stimulus_Arg_PISACowsMilk_10_page_6,561.4,221.8,1077.0
10450322,stimulus_Arg_PISACowsMilk_10_page_6,556.4,215.1,1075.0
10450323,stimulus_Arg_PISACowsMilk_10_page_6,551.4,208.9,1073.0
10450324,stimulus_Arg_PISACowsMilk_10_page_6,546.7,202.8,1070.0
10450325,stimulus_Arg_PISACowsMilk_10_page_6,540.8,197.2,1067.0
10450326,stimulus_Arg_PISACowsMilk_10_page_6,533.9,191.4,1066.0
10450327,stimulus_Arg_PISACowsMilk_10_page_6,526.8,186.0,1065.0
10450328,stimulus_Arg_PISACowsMilk_10_page_6,520.0,182.0,1065.0
10450329,stimulus_Arg_PISACowsMilk_10_page_6,514.5,178.0,1065.0
10450330,stimulus_Arg_PISACowsMilk_10_page_6,509.0,172.8,1065.0
10450331,stimulus_Arg_PISACowsMilk_10_page_6,503.9,168.1,1065.0
10450332,stimulus_Arg_PISACowsMilk_10_page_6,497.9,165.3,1065.0
10450333,stimulus_Arg_PISACowsMilk_10_page_6,492.6,163.8,1066.0
10450334,stimulus_Arg_PISACowsMilk_10_page_6,488.3,162.0,1067.0
10450335,stimulus_Arg_PISACowsMilk_10_page_6,484.7,159.9,1067.0
10450336,stimulus_Arg_PISACowsMilk_10_page_6,480.1,156.6,1066.0
10450337,stimulus_Arg_PISACowsMilk_10_page_6,475.0,153.1,1065.0
10450338,stimulus_Arg_PISACowsMilk_10_page_6,470.2,149.8,1067.0
10450339,stimulus_Arg_PISACowsMilk_10_page_6,466.7,147.7,1068.0
10450340,stimulus_Arg_PISACowsMilk_10_page_6,463.5,146.3,1070.0
10450341,stimulus_Arg_PISACowsMilk_10_page_6,460.9,145.2,1070.0
10450342,stimulus_Arg_PISACowsMilk_10_page_6,458.2,144.4,1069.0
10450343,stimulus_Arg_PISACowsMilk_10_page_6,456.6,144.3,1068.0
10450344,stimulus_Arg_PISACowsMilk_10_page_6,455.7,144.3,1068.0
10450345,stimulus_Arg_PISACowsMilk_10_page_6,456.3,144.4,1069.0
10450346,stimulus_Arg_PISACowsMilk_10_page_6,457.3,144.6,1070.0
10450347,stimulus_Arg_PISACowsMilk_10_page_6,458.9,145.2,1072.0
10450348,stimulus_Arg_PISACowsMilk_10_page_6,459.9,146.1,1074.0
10450349,stimulus_Arg_PISACowsMilk_10_page_6,460.5,146.8,1076.0
10450350,stimulus_Arg_PISACowsMilk_10_page_6,460.5,147.2,1078.0
10450351,stimulus_Arg_PISACowsMilk_10_page_6,460.5,147.5,1080.0
10450352,stimulus_Arg_PISACowsMilk_10_page_6,460.5,148.3,1081.0
10450353,stimulus_Arg_PISACowsMilk_10_page_6,460.6,149.5,1080.0
10450354,stimulus_Arg_PISACowsMilk_10_page_6,460.5,150.4,1079.0
10450355,stimulus_Arg_PISACowsMilk_10_page_6,460.5,150.9,1079.0
10450356,stimulus_Arg_PISACowsMilk_10_page_6,460.1,150.9,1079.0
10450357,stimulus_Arg_PISACowsMilk_10_page_6,459.5,150.9,1078.0
10450358,stimulus_Arg_PISACowsMilk_10_page_6,458.4,150.3,1077.0
10450359,stimulus_Arg_PISACowsMilk_10_page_6,457.3,149.7,1076.0
10450360,stimulus_Arg_PISACowsMilk_10_page_6,456.0,148.7,1077.0
10450361,stimulus_Arg_PISACowsMilk_10_page_6,454.8,147.9,1077.0
10450362,stimulus_Arg_PISACowsMilk_10_page_6,453.9,147.3,1077.0
10450363,stimulus_Arg_PISACowsMilk_10_page_6,453.3,147.0,1077.0
10450364,stimulus_Arg_PISACowsMilk_10_page_6,452.8,147.0,1076.0
10450365,stimulus_Arg_PISACowsMilk_10_page_6,452.4,147.0,1076.0
10450366,stimulus_Arg_PISACowsMilk_10_page_6,452.1,147.4,1076.0
10450367,stimulus_Arg_PISACowsMilk_10_page_6,452.2,147.7,1077.0
10450368,stimulus_Arg_PISACowsMilk_10_page_6,452.5,148.0,1077.0
10450369,stimulus_Arg_PISACowsMilk_10_page_6,452.8,148.0,1078.0
10450370,stimulus_Arg_PISACowsMilk_10_page_6,452.5,148.3,1078.0
10450371,stimulus_Arg_PISACowsMilk_10_page_6,452.0,148.6,1077.0
10450372,stimulus_Arg_PISACowsMilk_10_page_6,451.6,148.9,1077.0
10450373,stimulus_Arg_PISACowsMilk_10_page_6,451.7,149.3,1076.0
10450374,stimulus_Arg_PISACowsMilk_10_page_6,451.8,149.7,1076.0
10450375,stimulus_Arg_PISACowsMilk_10_page_6,451.9,149.9,1076.0
10450376,stimulus_Arg_PISACowsMilk_10_page_6,452.0,149.7,1075.0
10450377,stimulus_Arg_PISACowsMilk_10_page_6,452.0,150.0,1075.0
10450378,stimulus_Arg_PISACowsMilk_10_page_6,451.8,150.4,1074.0
10450379,stimulus_Arg_PISACowsMilk_10_page_6,451.6,150.8,1074.0
10450380,stimulus_Arg_PISACowsMilk_10_page_6,451.4,150.7,1074.0
10450381,stimulus_Arg_PISACowsMilk_10_page_6,451.4,150.6,1074.0
10450382,stimulus_Arg_PISACowsMilk_10_page_6,451.5,150.6,1074.0
10450383,stimulus_Arg_PISACowsMilk_10_page_6,451.9,150.8,1073.0
10450384,stimulus_Arg_PISACowsMilk_10_page_6,452.4,151.0,1072.0
10450385,stimulus_Arg_PISACowsMilk_10_page_6,452.9,151.2,1072.0
10450386,stimulus_Arg_PISACowsMilk_10_page_6,453.0,151.2,1072.0
10450387,stimulus_Arg_PISACowsMilk_10_page_6,453.3,151.3,1072.0
10450388,stimulus_Arg_PISACowsMilk_10_page_6,453.6,151.3,1073.0
10450389,stimulus_Arg_PISACowsMilk_10_page_6,453.8,151.4,1073.0
10450390,stimulus_Arg_PISACowsMilk_10_page_6,454.1,151.5,1073.0
10450391,stimulus_Arg_PISACowsMilk_10_page_6,454.7,151.4,1073.0
10450392,stimulus_Arg_PISACowsMilk_10_page_6,455.1,151.2,1073.0
10450393,stimulus_Arg_PISACowsMilk_10_page_6,455.4,151.0,1073.0
10450394,stimulus_Arg_PISACowsMilk_10_page_6,455.7,150.9,1074.0
10450395,stimulus_Arg_PISACowsMilk_10_page_6,456.0,150.7,1074.0
10450396,stimulus_Arg_PISACowsMilk_10_page_6,456.0,150.2,1075.0
10450397,stimulus_Arg_PISACowsMilk_10_page_6,455.7,149.8,1075.0
10450398,stimulus_Arg_PISACowsMilk_10_page_6,455.3,149.5,1076.0
10450399,stimulus_Arg_PISACowsMilk_10_page_6,455.1,149.4,1077.0
10450400,stimulus_Arg_PISACowsMilk_10_page_6,454.8,149.3,1079.0
10450401,stimulus_Arg_PISACowsMilk_10_page_6,454.7,149.1,1080.0
10450402,stimulus_Arg_PISACowsMilk_10_page_6,454.7,149.0,1081.0
10450403,stimulus_Arg_PISACowsMilk_10_page_6,454.4,148.9,1081.0
10450404,stimulus_Arg_PISACowsMilk_10_page_6,453.9,148.9,1080.0
10450405,stimulus_Arg_PISACowsMilk_10_page_6,453.5,148.6,1080.0
10450406,stimulus_Arg_PISACowsMilk_10_page_6,453.2,148.3,1080.0
10450407,stimulus_Arg_PISACowsMilk_10_page_6,453.0,148.1,1080.0
10450408,stimulus_Arg_PISACowsMilk_10_page_6,452.8,148.0,1080.0
10450409,stimulus_Arg_PISACowsMilk_10_page_6,452.6,148.0,1080.0
10450410,stimulus_Arg_PISACowsMilk_10_page_6,452.3,148.0,1081.0
10450411,stimulus_Arg_PISACowsMilk_10_page_6,452.1,147.9,1081.0
10450412,stimulus_Arg_PISACowsMilk_10_page_6,452.0,147.7,1082.0
10450413,stimulus_Arg_PISACowsMilk_10_page_6,451.8,147.3,1081.0
10450414,stimulus_Arg_PISACowsMilk_10_page_6,451.5,147.0,1081.0
10450415,stimulus_Arg_PISACowsMilk_10_page_6,451.1,146.9,1081.0
10450416,stimulus_Arg_PISACowsMilk_10_page_6,450.9,147.2,1080.0
10450417,stimulus_Arg_PISACowsMilk_10_page_6,450.9,147.6,1079.0
10450418,stimulus_Arg_PISACowsMilk_10_page_6,450.9,147.8,1078.0
10450419,stimulus_Arg_PISACowsMilk_10_page_6,450.9,147.7,1078.0
10450420,stimulus_Arg_PISACowsMilk_10_page_6,450.8,147.6,1077.0
10450421,stimulus_Arg_PISACowsMilk_10_page_6,450.9,147.6,1077.0
10450422,stimulus_Arg_PISACowsMilk_10_page_6,451.1,147.7,1077.0
10450423,stimulus_Arg_PISACowsMilk_10_page_6,451.4,147.7,1077.0
10450424,stimulus_Arg_PISACowsMilk_10_page_6,451.5,147.8,1078.0
10450425,stimulus_Arg_PISACowsMilk_10_page_6,451.2,147.6,1077.0
10450426,stimulus_Arg_PISACowsMilk_10_page_6,450.9,147.6,1075.0
10450427,stimulus_Arg_PISACowsMilk_10_page_6,450.7,147.5,1074.0
10450428,stimulus_Arg_PISACowsMilk_10_page_6,450.7,147.6,1075.0
10450429,stimulus_Arg_PISACowsMilk_10_page_6,450.9,147.6,1076.0
10450430,stimulus_Arg_PISACowsMilk_10_page_6,451.1,147.6,1077.0
10450431,stimulus_Arg_PISACowsMilk_10_page_6,451.3,147.6,1076.0
10450432,stimulus_Arg_PISACowsMilk_10_page_6,451.3,147.6,1076.0
10450433,stimulus_Arg_PISACowsMilk_10_page_6,451.2,147.7,1075.0
10450434,stimulus_Arg_PISACowsMilk_10_page_6,451.1,147.7,1075.0
10450435,stimulus_Arg_PISACowsMilk_10_page_6,450.8,147.8,1075.0
10450436,stimulus_Arg_PISACowsMilk_10_page_6,450.5,147.8,1074.0
10450437,stimulus_Arg_PISACowsMilk_10_page_6,450.4,147.8,1073.0
10450438,stimulus_Arg_PISACowsMilk_10_page_6,450.3,147.8,1072.0
10450439,stimulus_Arg_PISACowsMilk_10_page_6,450.3,147.8,1072.0
10450440,stimulus_Arg_PISACowsMilk_10_page_6,450.2,147.9,1072.0
10450441,stimulus_Arg_PISACowsMilk_10_page_6,450.0,148.0,1071.0
10450442,stimulus_Arg_PISACowsMilk_10_page_6,449.8,148.0,1071.0
10450443,stimulus_Arg_PISACowsMilk_10_page_6,449.8,148.0,1071.0
10450444,stimulus_Arg_PISACowsMilk_10_page_6,449.8,148.1,1071.0
10450445,stimulus_Arg_PISACowsMilk_10_page_6,450.0,148.1,1071.0
10450446,stimulus_Arg_PISACowsMilk_10_page_6,450.2,148.1,1070.0
10450447,stimulus_Arg_PISACowsMilk_10_page_6,450.2,148.1,1070.0
10450448,stimulus_Arg_PISACowsMilk_10_page_6,450.2,148.1,1071.0
10450449,stimulus_Arg_PISACowsMilk_10_page_6,450.2,148.1,1071.0
10450450,stimulus_Arg_PISACowsMilk_10_page_6,450.4,148.2,1071.0
10450451,stimulus_Arg_PISACowsMilk_10_page_6,450.6,148.3,1071.0
10450452,stimulus_Arg_PISACowsMilk_10_page_6,451.1,148.4,1069.0
10450453,stimulus_Arg_PISACowsMilk_10_page_6,451.4,148.5,1068.0
10450454,stimulus_Arg_PISACowsMilk_10_page_6,451.7,148.3,1067.0
10450455,stimulus_Arg_PISACowsMilk_10_page_6,451.6,148.1,1067.0
10450456,stimulus_Arg_PISACowsMilk_10_page_6,451.6,147.8,1067.0
10450457,stimulus_Arg_PISACowsMilk_10_page_6,451.7,147.7,1067.0
10450458,stimulus_Arg_PISACowsMilk_10_page_6,451.8,147.7,1067.0
10450459,stimulus_Arg_PISACowsMilk_10_page_6,451.9,147.7,1068.0
10450460,stimulus_Arg_PISACowsMilk_10_page_6,452.1,147.7,1068.0
10450461,stimulus_Arg_PISACowsMilk_10_page_6,452.1,147.7,1069.0
10450462,stimulus_Arg_PISACowsMilk_10_page_6,452.2,147.6,1068.0
10450463,stimulus_Arg_PISACowsMilk_10_page_6,452.3,147.5,1068.0
10450464,stimulus_Arg_PISACowsMilk_10_page_6,452.4,147.5,1068.0
10450465,stimulus_Arg_PISACowsMilk_10_page_6,452.4,147.5,1068.0
10450466,stimulus_Arg_PISACowsMilk_10_page_6,452.3,147.6,1067.0
10450467,stimulus_Arg_PISACowsMilk_10_page_6,452.3,147.7,1066.0
10450468,stimulus_Arg_PISACowsMilk_10_page_6,452.4,147.8,1066.0
10450469,stimulus_Arg_PISACowsMilk_10_page_6,452.4,147.9,1066.0
10450470,stimulus_Arg_PISACowsMilk_10_page_6,452.4,148.0,1066.0
10450471,stimulus_Arg_PISACowsMilk_10_page_6,452.4,148.2,1066.0
10450472,stimulus_Arg_PISACowsMilk_10_page_6,452.5,148.2,1066.0
10450473,stimulus_Arg_PISACowsMilk_10_page_6,452.4,148.4,1066.0
10450474,stimulus_Arg_PISACowsMilk_10_page_6,452.1,148.6,1066.0
10450475,stimulus_Arg_PISACowsMilk_10_page_6,451.9,148.5,1066.0
10450476,stimulus_Arg_PISACowsMilk_10_page_6,451.8,148.3,1066.0
10450477,stimulus_Arg_PISACowsMilk_10_page_6,451.9,148.0,1066.0
10450478,stimulus_Arg_PISACowsMilk_10_page_6,452.2,148.0,1066.0
10450479,stimulus_Arg_PISACowsMilk_10_page_6,452.3,148.0,1066.0
10450480,stimulus_Arg_PISACowsMilk_10_page_6,452.1,148.0,1066.0
10450481,stimulus_Arg_PISACowsMilk_10_page_6,451.6,148.0,1066.0
10450482,stimulus_Arg_PISACowsMilk_10_page_6,450.4,148.0,1066.0
10450483,stimulus_Arg_PISACowsMilk_10_page_6,449.1,147.1,1065.0
10450484,stimulus_Arg_PISACowsMilk_10_page_6,446.6,145.6,1065.0
10450485,stimulus_Arg_PISACowsMilk_10_page_6,442.0,143.8,1065.0
10450486,stimulus_Arg_PISACowsMilk_10_page_6,435.2,141.7,1066.0
10450487,stimulus_Arg_PISACowsMilk_10_page_6,425.8,139.4,1067.0
10450488,stimulus_Arg_PISACowsMilk_10_page_6,415.3,136.3,1068.0
10450489,stimulus_Arg_PISACowsMilk_10_page_6,402.7,133.1,1068.0
10450490,stimulus_Arg_PISACowsMilk_10_page_6,389.6,130.5,1067.0
10450491,stimulus_Arg_PISACowsMilk_10_page_6,375.9,128.5,1066.0
10450492,stimulus_Arg_PISACowsMilk_10_page_6,362.1,126.6,1065.0
10450493,stimulus_Arg_PISACowsMilk_10_page_6,347.2,123.4,1065.0
10450494,stimulus_Arg_PISACowsMilk_10_page_6,331.9,119.8,1065.0
10450495,stimulus_Arg_PISACowsMilk_10_page_6,317.7,116.4,1064.0
10450496,stimulus_Arg_PISACowsMilk_10_page_6,305.4,114.4,1064.0
10450497,stimulus_Arg_PISACowsMilk_10_page_6,295.2,113.3,1064.0
10450498,stimulus_Arg_PISACowsMilk_10_page_6,285.2,112.6,1063.0
10450499,stimulus_Arg_PISACowsMilk_10_page_6,275.7,112.5,1063.0
10450500,stimulus_Arg_PISACowsMilk_10_page_6,265.3,112.3,1063.0
10450501,stimulus_Arg_PISACowsMilk_10_page_6,256.0,112.3,1063.0
10450502,stimulus_Arg_PISACowsMilk_10_page_6,246.4,111.7,1062.0
10450503,stimulus_Arg_PISACowsMilk_10_page_6,236.2,111.1,1062.0
10450504,stimulus_Arg_PISACowsMilk_10_page_6,227.1,110.6,1062.0
10450505,stimulus_Arg_PISACowsMilk_10_page_6,216.7,109.9,1061.0
10450506,stimulus_Arg_PISACowsMilk_10_page_6,208.4,109.3,1060.0
10450507,stimulus_Arg_PISACowsMilk_10_page_6,200.0,108.3,1059.0
10450508,stimulus_Arg_PISACowsMilk_10_page_6,193.6,107.3,1057.0
10450509,stimulus_Arg_PISACowsMilk_10_page_6,187.2,106.2,1053.0
10450510,stimulus_Arg_PISACowsMilk_10_page_6,180.0,105.0,1050.0
10450511,stimulus_Arg_PISACowsMilk_10_page_6,174.0,103.2,1049.0
10450512,stimulus_Arg_PISACowsMilk_10_page_6,168.5,101.2,1048.0
10450513,stimulus_Arg_PISACowsMilk_10_page_6,162.3,99.6,1046.0
10450514,stimulus_Arg_PISACowsMilk_10_page_6,157.3,99.1,1044.0
10450515,stimulus_Arg_PISACowsMilk_10_page_6,154.0,99.2,1043.0
10450516,stimulus_Arg_PISACowsMilk_10_page_6,153.6,99.6,1043.0
10450517,stimulus_Arg_PISACowsMilk_10_page_6,153.4,99.9,1043.0
10450518,stimulus_Arg_PISACowsMilk_10_page_6,153.7,100.5,1043.0
10450519,stimulus_Arg_PISACowsMilk_10_page_6,154.8,101.4,1043.0
10450520,stimulus_Arg_PISACowsMilk_10_page_6,156.7,102.2,1043.0
10450521,stimulus_Arg_PISACowsMilk_10_page_6,159.3,102.7,1044.0
10450522,stimulus_Arg_PISACowsMilk_10_page_6,161.8,103.2,1044.0
10450523,stimulus_Arg_PISACowsMilk_10_page_6,164.7,103.8,1045.0
10450524,stimulus_Arg_PISACowsMilk_10_page_6,167.2,104.4,1045.0
10450525,stimulus_Arg_PISACowsMilk_10_page_6,169.3,104.6,1046.0
10450526,stimulus_Arg_PISACowsMilk_10_page_6,170.4,104.4,1046.0
10450527,stimulus_Arg_PISACowsMilk_10_page_6,170.8,103.6,1045.0
10450528,stimulus_Arg_PISACowsMilk_10_page_6,170.3,103.0,1043.0
10450529,stimulus_Arg_PISACowsMilk_10_page_6,169.3,101.4,1042.0
10450530,stimulus_Arg_PISACowsMilk_10_page_6,168.1,100.4,1042.0
10450531,stimulus_Arg_PISACowsMilk_10_page_6,166.8,98.5,1043.0
10450532,stimulus_Arg_PISACowsMilk_10_page_6,165.4,97.4,1043.0
10450533,stimulus_Arg_PISACowsMilk_10_page_6,163.9,96.0,1043.0
10450534,stimulus_Arg_PISACowsMilk_10_page_6,162.6,95.3,1042.0
10450535,stimulus_Arg_PISACowsMilk_10_page_6,161.2,94.6,1041.0
10450536,stimulus_Arg_PISACowsMilk_10_page_6,160.0,94.3,1039.0
10450537,stimulus_Arg_PISACowsMilk_10_page_6,158.5,94.2,1039.0
10450538,stimulus_Arg_PISACowsMilk_10_page_6,157.1,94.1,1039.0
10450539,stimulus_Arg_PISACowsMilk_10_page_6,156.1,94.4,1039.0
10450540,stimulus_Arg_PISACowsMilk_10_page_6,155.3,94.9,1040.0
10450541,stimulus_Arg_PISACowsMilk_10_page_6,154.8,95.3,1040.0
10450542,stimulus_Arg_PISACowsMilk_10_page_6,154.3,95.4,1041.0
10450543,stimulus_Arg_PISACowsMilk_10_page_6,154.3,95.4,1040.0
10450544,stimulus_Arg_PISACowsMilk_10_page_6,154.1,95.4,1038.0
10450545,stimulus_Arg_PISACowsMilk_10_page_6,153.9,95.6,1036.0
10450546,stimulus_Arg_PISACowsMilk_10_page_6,153.7,95.8,1035.0
10450547,stimulus_Arg_PISACowsMilk_10_page_6,153.8,96.0,1035.0
10450548,stimulus_Arg_PISACowsMilk_10_page_6,154.2,96.4,1035.0
10450549,stimulus_Arg_PISACowsMilk_10_page_6,154.4,96.8,1035.0
10450550,stimulus_Arg_PISACowsMilk_10_page_6,154.8,97.2,1035.0
10450551,stimulus_Arg_PISACowsMilk_10_page_6,155.2,97.4,1034.0
10450552,stimulus_Arg_PISACowsMilk_10_page_6,155.5,97.7,1034.0
10450553,stimulus_Arg_PISACowsMilk_10_page_6,155.5,97.9,1034.0
10450554,stimulus_Arg_PISACowsMilk_10_page_6,155.3,98.0,1034.0
10450555,stimulus_Arg_PISACowsMilk_10_page_6,155.2,98.0,1034.0
10450556,stimulus_Arg_PISACowsMilk_10_page_6,155.3,98.0,1033.0
10450557,stimulus_Arg_PISACowsMilk_10_page_6,155.5,98.0,1033.0
10450558,stimulus_Arg_PISACowsMilk_10_page_6,155.7,98.0,1033.0
10450559,stimulus_Arg_PISACowsMilk_10_page_6,155.8,98.1,1033.0
10450560,stimulus_Arg_PISACowsMilk_10_page_6,155.8,98.2,1032.0
10450561,stimulus_Arg_PISACowsMilk_10_page_6,155.9,98.3,1031.0
10450562,stimulus_Arg_PISACowsMilk_10_page_6,156.0,98.3,1031.0
10450563,stimulus_Arg_PISACowsMilk_10_page_6,156.0,98.3,1030.0
10450564,stimulus_Arg_PISACowsMilk_10_page_6,156.0,98.4,1030.0
10450565,stimulus_Arg_PISACowsMilk_10_page_6,156.3,98.6,1030.0
10450566,stimulus_Arg_PISACowsMilk_10_page_6,156.5,98.8,1030.0
10450567,stimulus_Arg_PISACowsMilk_10_page_6,156.9,98.8,1029.0
10450568,stimulus_Arg_PISACowsMilk_10_page_6,156.9,98.7,1029.0
10450569,stimulus_Arg_PISACowsMilk_10_page_6,156.9,98.8,1030.0
10450570,stimulus_Arg_PISACowsMilk_10_page_6,156.9,98.9,1030.0
10450571,stimulus_Arg_PISACowsMilk_10_page_6,157.0,98.8,1031.0
10450572,stimulus_Arg_PISACowsMilk_10_page_6,157.1,98.6,1031.0
10450573,stimulus_Arg_PISACowsMilk_10_page_6,157.3,98.2,1031.0
10450574,stimulus_Arg_PISACowsMilk_10_page_6,157.4,97.9,1031.0
10450575,stimulus_Arg_PISACowsMilk_10_page_6,157.6,97.7,1031.0
10450576,stimulus_Arg_PISACowsMilk_10_page_6,157.6,97.9,1030.0
10450577,stimulus_Arg_PISACowsMilk_10_page_6,157.6,98.3,1029.0
10450578,stimulus_Arg_PISACowsMilk_10_page_6,157.5,98.7,1028.0
10450579,stimulus_Arg_PISACowsMilk_10_page_6,157.4,98.7,1028.0
10450580,stimulus_Arg_PISACowsMilk_10_page_6,157.4,98.6,1027.0
10450581,stimulus_Arg_PISACowsMilk_10_page_6,157.4,98.5,1027.0
10450582,stimulus_Arg_PISACowsMilk_10_page_6,157.6,98.5,1027.0
10450583,stimulus_Arg_PISACowsMilk_10_page_6,157.7,98.8,1026.0
10450584,stimulus_Arg_PISACowsMilk_10_page_6,157.8,99.2,1026.0
10450585,stimulus_Arg_PISACowsMilk_10_page_6,157.5,99.2,1026.0
10450586,stimulus_Arg_PISACowsMilk_10_page_6,157.2,98.9,1026.0
10450587,stimulus_Arg_PISACowsMilk_10_page_6,156.8,98.5,1026.0
10450588,stimulus_Arg_PISACowsMilk_10_page_6,156.8,98.1,1026.0
10450589,stimulus_Arg_PISACowsMilk_10_page_6,157.0,97.7,1026.0
10450590,stimulus_Arg_PISACowsMilk_10_page_6,157.3,97.5,1025.0
10450591,stimulus_Arg_PISACowsMilk_10_page_6,157.5,97.4,1024.0
10450592,stimulus_Arg_PISACowsMilk_10_page_6,157.7,97.6,1024.0
10450593,stimulus_Arg_PISACowsMilk_10_page_6,157.6,97.8,1023.0
10450594,stimulus_Arg_PISACowsMilk_10_page_6,157.5,98.1,1022.0
10450595,stimulus_Arg_PISACowsMilk_10_page_6,157.4,98.1,1023.0
10450596,stimulus_Arg_PISACowsMilk_10_page_6,157.5,98.4,1024.0
10450597,stimulus_Arg_PISACowsMilk_10_page_6,157.5,98.6,1024.0
10450598,stimulus_Arg_PISACowsMilk_10_page_6,157.6,98.5,1023.0
10450599,stimulus_Arg_PISACowsMilk_10_page_6,157.7,98.2,1023.0
10450600,stimulus_Arg_PISACowsMilk_10_page_6,157.8,98.0,1023.0
10450601,stimulus_Arg_PISACowsMilk_10_page_6,157.8,97.9,1024.0
10450602,stimulus_Arg_PISACowsMilk_10_page_6,157.5,97.8,1024.0
10450603,stimulus_Arg_PISACowsMilk_10_page_6,157.3,97.7,1024.0
10450604,stimulus_Arg_PISACowsMilk_10_page_6,157.0,97.6,1023.0
10450605,stimulus_Arg_PISACowsMilk_10_page_6,157.1,97.7,1023.0
10450606,stimulus_Arg_PISACowsMilk_10_page_6,157.0,97.7,1022.0
10450607,stimulus_Arg_PISACowsMilk_10_page_6,156.8,97.7,1022.0
10450608,stimulus_Arg_PISACowsMilk_10_page_6,156.6,97.8,1021.0
10450609,stimulus_Arg_PISACowsMilk_10_page_6,156.6,98.0,1021.0
10450610,stimulus_Arg_PISACowsMilk_10_page_6,156.5,98.3,1021.0
10450611,stimulus_Arg_PISACowsMilk_10_page_6,156.5,98.5,1021.0
10450612,stimulus_Arg_PISACowsMilk_10_page_6,156.5,98.8,1021.0
10450613,stimulus_Arg_PISACowsMilk_10_page_6,156.4,99.1,1021.0
10450614,stimulus_Arg_PISACowsMilk_10_page_6,156.7,99.6,1021.0
10450615,stimulus_Arg_PISACowsMilk_10_page_6,156.9,100.1,1021.0
10450616,stimulus_Arg_PISACowsMilk_10_page_6,157.0,99.8,1021.0
10450617,stimulus_Arg_PISACowsMilk_10_page_6,156.8,99.4,1021.0
10450618,stimulus_Arg_PISACowsMilk_10_page_6,156.6,99.0,1021.0
10450619,stimulus_Arg_PISACowsMilk_10_page_6,156.4,99.1,1021.0
10450620,stimulus_Arg_PISACowsMilk_10_page_6,156.3,99.2,1020.0
10450621,stimulus_Arg_PISACowsMilk_10_page_6,156.2,99.3,1019.0
10450622,stimulus_Arg_PISACowsMilk_10_page_6,155.9,99.2,1017.0
10450623,stimulus_Arg_PISACowsMilk_10_page_6,155.6,99.1,1017.0
10450624,stimulus_Arg_PISACowsMilk_10_page_6,155.3,99.0,1017.0
10450625,stimulus_Arg_PISACowsMilk_10_page_6,155.3,99.0,1018.0
10450626,stimulus_Arg_PISACowsMilk_10_page_6,155.3,98.9,1018.0
10450627,stimulus_Arg_PISACowsMilk_10_page_6,155.4,98.9,1018.0
10450628,stimulus_Arg_PISACowsMilk_10_page_6,155.6,98.9,1017.0
10450629,stimulus_Arg_PISACowsMilk_10_page_6,155.8,98.9,1017.0
10450630,stimulus_Arg_PISACowsMilk_10_page_6,156.0,99.0,1016.0
10450631,stimulus_Arg_PISACowsMilk_10_page_6,156.1,99.2,1017.0
10450632,stimulus_Arg_PISACowsMilk_10_page_6,156.0,99.3,1017.0
10450633,stimulus_Arg_PISACowsMilk_10_page_6,155.7,99.1,1017.0
10450634,stimulus_Arg_PISACowsMilk_10_page_6,155.3,98.9,1017.0
10450635,stimulus_Arg_PISACowsMilk_10_page_6,154.9,98.9,1017.0
10450636,stimulus_Arg_PISACowsMilk_10_page_6,154.5,98.9,1017.0
10450637,stimulus_Arg_PISACowsMilk_10_page_6,154.3,99.1,1016.0
10450638,stimulus_Arg_PISACowsMilk_10_page_6,154.2,99.1,1016.0
10450639,stimulus_Arg_PISACowsMilk_10_page_6,154.1,99.1,1016.0
10450640,stimulus_Arg_PISACowsMilk_10_page_6,154.0,98.9,1015.0
10450641,stimulus_Arg_PISACowsMilk_10_page_6,153.9,98.7,1015.0
10450642,stimulus_Arg_PISACowsMilk_10_page_6,153.8,98.5,1014.0
10450643,stimulus_Arg_PISACowsMilk_10_page_6,153.7,98.5,1014.0
10450644,stimulus_Arg_PISACowsMilk_10_page_6,153.6,98.5,1013.0
10450645,stimulus_Arg_PISACowsMilk_10_page_6,153.6,98.4,1013.0
10450646,stimulus_Arg_PISACowsMilk_10_page_6,153.7,98.4,1012.0
10450647,stimulus_Arg_PISACowsMilk_10_page_6,153.9,98.3,1011.0
10450648,stimulus_Arg_PISACowsMilk_10_page_6,154.0,98.2,1012.0
10450649,stimulus_Arg_PISACowsMilk_10_page_6,154.0,98.2,1012.0
10450650,stimulus_Arg_PISACowsMilk_10_page_6,154.0,98.3,1013.0
10450651,stimulus_Arg_PISACowsMilk_10_page_6,153.9,98.0,1013.0
10450652,stimulus_Arg_PISACowsMilk_10_page_6,153.9,97.7,1013.0
10450653,stimulus_Arg_PISACowsMilk_10_page_6,153.9,97.3,1012.0
10450654,stimulus_Arg_PISACowsMilk_10_page_6,153.9,97.0,1011.0
10450655,stimulus_Arg_PISACowsMilk_10_page_6,153.9,96.8,1011.0
10450656,stimulus_Arg_PISACowsMilk_10_page_6,153.9,96.8,1010.0
10450657,stimulus_Arg_PISACowsMilk_10_page_6,153.7,97.3,1009.0
10450658,stimulus_Arg_PISACowsMilk_10_page_6,153.6,97.8,1009.0
10450659,stimulus_Arg_PISACowsMilk_10_page_6,153.9,98.2,1009.0
10450660,stimulus_Arg_PISACowsMilk_10_page_6,154.2,98.3,1008.0
10450661,stimulus_Arg_PISACowsMilk_10_page_6,154.6,98.2,1008.0
10450662,stimulus_Arg_PISACowsMilk_10_page_6,154.8,98.0,1008.0
10450663,stimulus_Arg_PISACowsMilk_10_page_6,155.0,97.9,1008.0
10450664,stimulus_Arg_PISACowsMilk_10_page_6,155.2,97.9,1008.0
10450665,stimulus_Arg_PISACowsMilk_10_page_6,155.3,97.9,1008.0
10450666,stimulus_Arg_PISACowsMilk_10_page_6,155.3,97.8,1008.0
10450667,stimulus_Arg_PISACowsMilk_10_page_6,155.3,97.7,1009.0
10450668,stimulus_Arg_PISACowsMilk_10_page_6,155.3,97.6,1009.0
10450669,stimulus_Arg_PISACowsMilk_10_page_6,155.3,97.6,1010.0
10450670,stimulus_Arg_PISACowsMilk_10_page_6,155.2,97.6,1010.0
10450671,stimulus_Arg_PISACowsMilk_10_page_6,155.2,97.5,1010.0
10450672,stimulus_Arg_PISACowsMilk_10_page_6,155.2,97.3,1010.0
10450673,stimulus_Arg_PISACowsMilk_10_page_6,155.3,97.2,1009.0
10450674,stimulus_Arg_PISACowsMilk_10_page_6,155.2,97.2,1008.0
10450675,stimulus_Arg_PISACowsMilk_10_page_6,154.9,97.3,1007.0
10450676,stimulus_Arg_PISACowsMilk_10_page_6,154.7,97.5,1006.0
10450677,stimulus_Arg_PISACowsMilk_10_page_6,154.5,97.6,1006.0
10450678,stimulus_Arg_PISACowsMilk_10_page_6,154.5,97.7,1006.0
10450679,stimulus_Arg_PISACowsMilk_10_page_6,154.5,97.8,1006.0
10450680,stimulus_Arg_PISACowsMilk_10_page_6,154.6,97.9,1007.0
10450681,stimulus_Arg_PISACowsMilk_10_page_6,154.6,97.9,1008.0
10450682,stimulus_Arg_PISACowsMilk_10_page_6,154.6,97.9,1007.0
10450683,stimulus_Arg_PISACowsMilk_10_page_6,154.6,98.0,1006.0
10450684,stimulus_Arg_PISACowsMilk_10_page_6,154.5,98.0,1004.0
10450685,stimulus_Arg_PISACowsMilk_10_page_6,154.5,98.1,1004.0
10450686,stimulus_Arg_PISACowsMilk_10_page_6,154.5,98.3,1004.0
10450687,stimulus_Arg_PISACowsMilk_10_page_6,154.7,98.4,1004.0
10450688,stimulus_Arg_PISACowsMilk_10_page_6,154.7,98.4,1004.0
10450689,stimulus_Arg_PISACowsMilk_10_page_6,154.8,98.3,1004.0
10450690,stimulus_Arg_PISACowsMilk_10_page_6,154.7,98.3,1004.0
10450691,stimulus_Arg_PISACowsMilk_10_page_6,154.5,98.3,1003.0
10450692,stimulus_Arg_PISACowsMilk_10_page_6,154.3,98.5,1003.0
10450693,stimulus_Arg_PISACowsMilk_10_page_6,154.1,98.7,1002.0
10450694,stimulus_Arg_PISACowsMilk_10_page_6,154.0,98.9,1002.0
10450695,stimulus_Arg_PISACowsMilk_10_page_6,153.7,98.9,1002.0
10450696,stimulus_Arg_PISACowsMilk_10_page_6,153.4,98.9,1002.0
10450697,stimulus_Arg_PISACowsMilk_10_page_6,153.0,98.9,1003.0
10450698,stimulus_Arg_PISACowsMilk_10_page_6,153.1,98.8,1002.0
10450699,stimulus_Arg_PISACowsMilk_10_page_6,153.1,98.8,1002.0
10450700,stimulus_Arg_PISACowsMilk_10_page_6,153.1,98.8,1002.0
10450701,stimulus_Arg_PISACowsMilk_10_page_6,153.0,98.8,1001.0
10450702,stimulus_Arg_PISACowsMilk_10_page_6,152.9,98.8,1001.0
10450703,stimulus_Arg_PISACowsMilk_10_page_6,152.9,98.8,1001.0
10450704,stimulus_Arg_PISACowsMilk_10_page_6,152.9,98.9,1001.0
10450705,stimulus_Arg_PISACowsMilk_10_page_6,152.9,98.9,1000.0
10450706,stimulus_Arg_PISACowsMilk_10_page_6,152.9,99.0,999.0
10450707,stimulus_Arg_PISACowsMilk_10_page_6,152.9,99.0,998.0
10450708,stimulus_Arg_PISACowsMilk_10_page_6,152.7,99.0,999.0
10450709,stimulus_Arg_PISACowsMilk_10_page_6,152.6,99.0,1000.0
10450710,stimulus_Arg_PISACowsMilk_10_page_6,152.6,98.9,1000.0
10450711,stimulus_Arg_PISACowsMilk_10_page_6,152.4,98.8,1001.0
10450712,stimulus_Arg_PISACowsMilk_10_page_6,152.2,98.7,1000.0
10450713,stimulus_Arg_PISACowsMilk_10_page_6,152.1,98.6,1000.0
10450714,stimulus_Arg_PISACowsMilk_10_page_6,152.1,98.3,1000.0
10450715,stimulus_Arg_PISACowsMilk_10_page_6,152.2,98.1,999.0
10450716,stimulus_Arg_PISACowsMilk_10_page_6,152.2,98.1,997.0
10450717,stimulus_Arg_PISACowsMilk_10_page_6,152.2,98.3,996.0
10450718,stimulus_Arg_PISACowsMilk_10_page_6,152.4,98.5,995.0
10450719,stimulus_Arg_PISACowsMilk_10_page_6,152.6,98.5,994.0
10450720,stimulus_Arg_PISACowsMilk_10_page_6,152.8,98.5,994.0
10450721,stimulus_Arg_PISACowsMilk_10_page_6,152.8,98.5,994.0
10450722,stimulus_Arg_PISACowsMilk_10_page_6,152.7,98.6,994.0
10450723,stimulus_Arg_PISACowsMilk_10_page_6,152.7,98.7,994.0
10450724,stimulus_Arg_PISACowsMilk_10_page_6,152.9,98.8,992.0
10450725,stimulus_Arg_PISACowsMilk_10_page_6,153.2,98.7,991.0
10450726,stimulus_Arg_PISACowsMilk_10_page_6,153.1,99.0,989.0
10450727,stimulus_Arg_PISACowsMilk_10_page_6,152.8,99.2,989.0
10450728,stimulus_Arg_PISACowsMilk_10_page_6,152.4,99.2,989.0
10450729,stimulus_Arg_PISACowsMilk_10_page_6,152.2,99.0,989.0
10450730,stimulus_Arg_PISACowsMilk_10_page_6,152.0,98.8,989.0
10450731,stimulus_Arg_PISACowsMilk_10_page_6,151.8,98.8,988.0
10450732,stimulus_Arg_PISACowsMilk_10_page_6,151.8,98.5,988.0
10450733,stimulus_Arg_PISACowsMilk_10_page_6,152.0,98.1,988.0
10450734,stimulus_Arg_PISACowsMilk_10_page_6,152.2,97.8,988.0
10450735,stimulus_Arg_PISACowsMilk_10_page_6,152.2,97.9,987.0
10450736,stimulus_Arg_PISACowsMilk_10_page_6,152.1,98.2,988.0
10450737,stimulus_Arg_PISACowsMilk_10_page_6,152.1,98.5,988.0
10450738,stimulus_Arg_PISACowsMilk_10_page_6,152.1,98.7,988.0
10450739,stimulus_Arg_PISACowsMilk_10_page_6,152.2,98.7,988.0
10450740,stimulus_Arg_PISACowsMilk_10_page_6,152.3,98.7,988.0
10450741,stimulus_Arg_PISACowsMilk_10_page_6,152.4,98.6,988.0
10450742,stimulus_Arg_PISACowsMilk_10_page_6,152.4,98.5,989.0
10450743,stimulus_Arg_PISACowsMilk_10_page_6,152.5,98.6,988.0
10450744,stimulus_Arg_PISACowsMilk_10_page_6,152.6,99.2,986.0
10450745,stimulus_Arg_PISACowsMilk_10_page_6,152.5,99.7,985.0
10450746,stimulus_Arg_PISACowsMilk_10_page_6,152.4,99.4,985.0
10450747,stimulus_Arg_PISACowsMilk_10_page_6,152.5,98.7,984.0
10450748,stimulus_Arg_PISACowsMilk_10_page_6,152.8,98.0,985.0
10450749,stimulus_Arg_PISACowsMilk_10_page_6,153.0,98.1,985.0
10450750,stimulus_Arg_PISACowsMilk_10_page_6,153.1,98.3,986.0
10450751,stimulus_Arg_PISACowsMilk_10_page_6,153.1,98.7,986.0
10450752,stimulus_Arg_PISACowsMilk_10_page_6,153.2,98.9,986.0
10450753,stimulus_Arg_PISACowsMilk_10_page_6,153.2,99.1,986.0
10450754,stimulus_Arg_PISACowsMilk_10_page_6,153.2,99.0,985.0
10450755,stimulus_Arg_PISACowsMilk_10_page_6,153.1,99.5,985.0
10450756,stimulus_Arg_PISACowsMilk_10_page_6,153.0,100.0,985.0
10450757,stimulus_Arg_PISACowsMilk_10_page_6,153.2,100.5,985.0
10450758,stimulus_Arg_PISACowsMilk_10_page_6,153.4,100.4,985.0
10450759,stimulus_Arg_PISACowsMilk_10_page_6,153.5,100.3,984.0
10450760,stimulus_Arg_PISACowsMilk_10_page_6,153.4,100.3,984.0
10450761,stimulus_Arg_PISACowsMilk_10_page_6,153.3,100.5,984.0
10450762,stimulus_Arg_PISACowsMilk_10_page_6,153.4,100.6,984.0
10450763,stimulus_Arg_PISACowsMilk_10_page_6,153.5,100.5,984.0
10450764,stimulus_Arg_PISACowsMilk_10_page_6,153.4,100.3,984.0
10450765,stimulus_Arg_PISACowsMilk_10_page_6,153.2,100.0,984.0
10450766,stimulus_Arg_PISACowsMilk_10_page_6,153.0,99.9,984.0
10450767,stimulus_Arg_PISACowsMilk_10_page_6,153.0,99.7,983.0
10450768,stimulus_Arg_PISACowsMilk_10_page_6,153.1,99.6,983.0
10450769,stimulus_Arg_PISACowsMilk_10_page_6,153.2,99.6,983.0
10450770,stimulus_Arg_PISACowsMilk_10_page_6,153.0,100.2,983.0
10450771,stimulus_Arg_PISACowsMilk_10_page_6,152.7,100.8,983.0
10450772,stimulus_Arg_PISACowsMilk_10_page_6,152.5,101.2,983.0
10450773,stimulus_Arg_PISACowsMilk_10_page_6,152.6,101.2,983.0
10450774,stimulus_Arg_PISACowsMilk_10_page_6,152.7,101.3,982.0
10450775,stimulus_Arg_PISACowsMilk_10_page_6,152.7,101.3,981.0
10450776,stimulus_Arg_PISACowsMilk_10_page_6,152.7,101.5,981.0
10450777,stimulus_Arg_PISACowsMilk_10_page_6,152.8,101.8,981.0
10450778,stimulus_Arg_PISACowsMilk_10_page_6,153.0,102.0,982.0
10450779,stimulus_Arg_PISACowsMilk_10_page_6,153.0,101.9,982.0
10450780,stimulus_Arg_PISACowsMilk_10_page_6,153.0,101.6,982.0
10450781,stimulus_Arg_PISACowsMilk_10_page_6,153.0,101.3,982.0
10450782,stimulus_Arg_PISACowsMilk_10_page_6,152.9,101.2,981.0
10450783,stimulus_Arg_PISACowsMilk_10_page_6,152.8,101.3,980.0
10450784,stimulus_Arg_PISACowsMilk_10_page_6,152.6,101.3,980.0
10450785,stimulus_Arg_PISACowsMilk_10_page_6,152.4,101.3,979.0
10450786,stimulus_Arg_PISACowsMilk_10_page_6,152.4,101.4,979.0
10450787,stimulus_Arg_PISACowsMilk_10_page_6,152.5,101.5,979.0
10450788,stimulus_Arg_PISACowsMilk_10_page_6,152.6,101.5,980.0
10450789,stimulus_Arg_PISACowsMilk_10_page_6,152.6,101.4,980.0
10450790,stimulus_Arg_PISACowsMilk_10_page_6,152.6,101.4,980.0
10450791,stimulus_Arg_PISACowsMilk_10_page_6,152.5,101.4,979.0
10450792,stimulus_Arg_PISACowsMilk_10_page_6,152.2,101.5,979.0
10450793,stimulus_Arg_PISACowsMilk_10_page_6,151.9,101.4,979.0
10450794,stimulus_Arg_PISACowsMilk_10_page_6,151.7,101.4,978.0
10450795,stimulus_Arg_PISACowsMilk_10_page_6,152.0,101.4,977.0
10450796,stimulus_Arg_PISACowsMilk_10_page_6,152.3,101.4,977.0
10450797,stimulus_Arg_PISACowsMilk_10_page_6,152.7,101.3,978.0
10450798,stimulus_Arg_PISACowsMilk_10_page_6,152.6,101.2,979.0
10450799,stimulus_Arg_PISACowsMilk_10_page_6,152.6,101.2,979.0
10450800,stimulus_Arg_PISACowsMilk_10_page_6,152.4,101.0,978.0
10450801,stimulus_Arg_PISACowsMilk_10_page_6,152.1,100.9,978.0
10450802,stimulus_Arg_PISACowsMilk_10_page_6,152.0,100.7,979.0
10450803,stimulus_Arg_PISACowsMilk_10_page_6,152.0,100.7,979.0
10450804,stimulus_Arg_PISACowsMilk_10_page_6,152.1,100.7,979.0
10450805,stimulus_Arg_PISACowsMilk_10_page_6,151.8,100.8,978.0
10450806,stimulus_Arg_PISACowsMilk_10_page_6,151.5,100.7,978.0
10450807,stimulus_Arg_PISACowsMilk_10_page_6,151.2,101.1,978.0
10450808,stimulus_Arg_PISACowsMilk_10_page_6,151.3,101.6,979.0
10450809,stimulus_Arg_PISACowsMilk_10_page_6,151.7,101.8,979.0
10450810,stimulus_Arg_PISACowsMilk_10_page_6,152.0,101.6,979.0
10450811,stimulus_Arg_PISACowsMilk_10_page_6,152.3,101.4,978.0
10450812,stimulus_Arg_PISACowsMilk_10_page_6,152.3,101.4,977.0
10450813,stimulus_Arg_PISACowsMilk_10_page_6,151.9,101.5,977.0
10450814,stimulus_Arg_PISACowsMilk_10_page_6,151.6,101.6,977.0
10450815,stimulus_Arg_PISACowsMilk_10_page_6,151.4,101.8,976.0
10450816,stimulus_Arg_PISACowsMilk_10_page_6,151.5,102.2,976.0
10450817,stimulus_Arg_PISACowsMilk_10_page_6,151.7,102.5,975.0
10450818,stimulus_Arg_PISACowsMilk_10_page_6,152.5,102.9,974.0
10450819,stimulus_Arg_PISACowsMilk_10_page_6,154.6,103.4,973.0
10450820,stimulus_Arg_PISACowsMilk_10_page_6,157.7,104.0,975.0
10450821,stimulus_Arg_PISACowsMilk_10_page_6,160.0,104.3,976.0
10450822,stimulus_Arg_PISACowsMilk_10_page_6,162.2,104.3,978.0
10450823,stimulus_Arg_PISACowsMilk_10_page_6,166.9,104.2,977.0
10450824,stimulus_Arg_PISACowsMilk_10_page_6,173.3,104.0,977.0
10450825,stimulus_Arg_PISACowsMilk_10_page_6,180.5,103.6,977.0
10450826,stimulus_Arg_PISACowsMilk_10_page_6,187.1,103.4,977.0
10450827,stimulus_Arg_PISACowsMilk_10_page_6,194.3,103.5,977.0
10450828,stimulus_Arg_PISACowsMilk_10_page_6,202.0,103.7,977.0
10450829,stimulus_Arg_PISACowsMilk_10_page_6,209.4,103.1,978.0
10450830,stimulus_Arg_PISACowsMilk_10_page_6,216.3,101.7,979.0
10450831,stimulus_Arg_PISACowsMilk_10_page_6,222.2,99.8,979.0
10450832,stimulus_Arg_PISACowsMilk_10_page_6,226.3,98.3,979.0
10450833,stimulus_Arg_PISACowsMilk_10_page_6,229.1,97.3,979.0
10450834,stimulus_Arg_PISACowsMilk_10_page_6,230.5,96.9,979.0
10450835,stimulus_Arg_PISACowsMilk_10_page_6,231.4,97.2,978.0
10450836,stimulus_Arg_PISACowsMilk_10_page_6,230.5,97.8,976.0
10450837,stimulus_Arg_PISACowsMilk_10_page_6,229.2,98.6,973.0
10450838,stimulus_Arg_PISACowsMilk_10_page_6,227.4,99.4,971.0
10450839,stimulus_Arg_PISACowsMilk_10_page_6,226.0,100.0,971.0
10450840,stimulus_Arg_PISACowsMilk_10_page_6,224.1,100.9,972.0
10450841,stimulus_Arg_PISACowsMilk_10_page_6,222.3,101.3,974.0
10450842,stimulus_Arg_PISACowsMilk_10_page_6,220.1,102.2,975.0
10450843,stimulus_Arg_PISACowsMilk_10_page_6,218.3,102.7,975.0
10450844,stimulus_Arg_PISACowsMilk_10_page_6,216.7,103.3,975.0
10450845,stimulus_Arg_PISACowsMilk_10_page_6,216.0,103.5,975.0
10450846,stimulus_Arg_PISACowsMilk_10_page_6,215.8,103.8,975.0
10450847,stimulus_Arg_PISACowsMilk_10_page_6,215.8,104.0,976.0
10450848,stimulus_Arg_PISACowsMilk_10_page_6,215.8,104.3,976.0
10450849,stimulus_Arg_PISACowsMilk_10_page_6,215.8,104.4,976.0
10450850,stimulus_Arg_PISACowsMilk_10_page_6,215.9,104.5,976.0
10450851,stimulus_Arg_PISACowsMilk_10_page_6,216.3,104.5,976.0
10450852,stimulus_Arg_PISACowsMilk_10_page_6,216.8,104.5,975.0
10450853,stimulus_Arg_PISACowsMilk_10_page_6,217.6,104.8,973.0
10450854,stimulus_Arg_PISACowsMilk_10_page_6,218.5,105.1,972.0
10450855,stimulus_Arg_PISACowsMilk_10_page_6,219.4,105.4,971.0
10450856,stimulus_Arg_PISACowsMilk_10_page_6,220.1,105.5,971.0
10450857,stimulus_Arg_PISACowsMilk_10_page_6,220.6,105.5,971.0
10450858,stimulus_Arg_PISACowsMilk_10_page_6,221.0,105.3,972.0
10450859,stimulus_Arg_PISACowsMilk_10_page_6,221.5,105.1,972.0
10450860,stimulus_Arg_PISACowsMilk_10_page_6,222.2,104.8,973.0
10450861,stimulus_Arg_PISACowsMilk_10_page_6,223.0,104.6,973.0
10450862,stimulus_Arg_PISACowsMilk_10_page_6,224.1,104.4,974.0
10450863,stimulus_Arg_PISACowsMilk_10_page_6,224.6,104.2,975.0
10450864,stimulus_Arg_PISACowsMilk_10_page_6,225.5,104.2,975.0
10450865,stimulus_Arg_PISACowsMilk_10_page_6,226.2,104.3,975.0
10450866,stimulus_Arg_PISACowsMilk_10_page_6,226.9,104.4,975.0
10450867,stimulus_Arg_PISACowsMilk_10_page_6,227.2,104.4,975.0
10450868,stimulus_Arg_PISACowsMilk_10_page_6,227.1,104.7,976.0
10450869,stimulus_Arg_PISACowsMilk_10_page_6,226.7,104.9,976.0
10450870,stimulus_Arg_PISACowsMilk_10_page_6,226.2,105.1,977.0
10450871,stimulus_Arg_PISACowsMilk_10_page_6,225.8,105.1,978.0
10450872,stimulus_Arg_PISACowsMilk_10_page_6,225.8,105.0,978.0
10450873,stimulus_Arg_PISACowsMilk_10_page_6,225.8,104.9,978.0
10450874,stimulus_Arg_PISACowsMilk_10_page_6,225.8,104.8,978.0
10450875,stimulus_Arg_PISACowsMilk_10_page_6,225.8,104.7,978.0
10450876,stimulus_Arg_PISACowsMilk_10_page_6,225.8,104.8,977.0
10450877,stimulus_Arg_PISACowsMilk_10_page_6,225.7,104.8,977.0
10450878,stimulus_Arg_PISACowsMilk_10_page_6,225.8,104.9,977.0
10450879,stimulus_Arg_PISACowsMilk_10_page_6,225.8,104.9,977.0
10450880,stimulus_Arg_PISACowsMilk_10_page_6,225.9,104.9,977.0
10450881,stimulus_Arg_PISACowsMilk_10_page_6,226.1,104.9,977.0
10450882,stimulus_Arg_PISACowsMilk_10_page_6,226.4,104.9,977.0
10450883,stimulus_Arg_PISACowsMilk_10_page_6,226.8,104.9,977.0
10450884,stimulus_Arg_PISACowsMilk_10_page_6,227.1,104.9,977.0
10450885,stimulus_Arg_PISACowsMilk_10_page_6,227.4,105.0,977.0
10450886,stimulus_Arg_PISACowsMilk_10_page_6,227.3,105.0,976.0
10450887,stimulus_Arg_PISACowsMilk_10_page_6,226.9,104.9,975.0
10450888,stimulus_Arg_PISACowsMilk_10_page_6,226.4,105.2,974.0
10450889,stimulus_Arg_PISACowsMilk_10_page_6,225.8,105.4,974.0
10450890,stimulus_Arg_PISACowsMilk_10_page_6,225.5,105.6,974.0
10450891,stimulus_Arg_PISACowsMilk_10_page_6,225.3,105.7,974.0
10450892,stimulus_Arg_PISACowsMilk_10_page_6,225.5,105.7,973.0
10450893,stimulus_Arg_PISACowsMilk_10_page_6,225.6,105.6,973.0
10450894,stimulus_Arg_PISACowsMilk_10_page_6,225.7,105.4,974.0
10450895,stimulus_Arg_PISACowsMilk_10_page_6,225.9,105.3,974.0
10450896,stimulus_Arg_PISACowsMilk_10_page_6,226.0,105.4,974.0
10450897,stimulus_Arg_PISACowsMilk_10_page_6,226.1,105.5,974.0
10450898,stimulus_Arg_PISACowsMilk_10_page_6,226.1,105.8,975.0
10450899,stimulus_Arg_PISACowsMilk_10_page_6,226.4,106.0,975.0
10450900,stimulus_Arg_PISACowsMilk_10_page_6,226.8,106.2,976.0
10450901,stimulus_Arg_PISACowsMilk_10_page_6,226.9,106.2,976.0
10450902,stimulus_Arg_PISACowsMilk_10_page_6,226.7,106.3,976.0
10450903,stimulus_Arg_PISACowsMilk_10_page_6,226.6,106.3,975.0
10450904,stimulus_Arg_PISACowsMilk_10_page_6,226.7,106.4,975.0
10450905,stimulus_Arg_PISACowsMilk_10_page_6,226.7,106.5,974.0
10450906,stimulus_Arg_PISACowsMilk_10_page_6,226.8,106.5,973.0
10450907,stimulus_Arg_PISACowsMilk_10_page_6,226.8,106.5,974.0
10450908,stimulus_Arg_PISACowsMilk_10_page_6,226.5,106.4,975.0
10450909,stimulus_Arg_PISACowsMilk_10_page_6,226.2,106.1,976.0
10450910,stimulus_Arg_PISACowsMilk_10_page_6,226.0,105.8,976.0
10450911,stimulus_Arg_PISACowsMilk_10_page_6,226.1,105.5,975.0
10450912,stimulus_Arg_PISACowsMilk_10_page_6,226.2,105.5,975.0
10450913,stimulus_Arg_PISACowsMilk_10_page_6,226.6,105.5,975.0
10450914,stimulus_Arg_PISACowsMilk_10_page_6,226.9,105.5,975.0
10450915,stimulus_Arg_PISACowsMilk_10_page_6,227.1,105.5,975.0
10450916,stimulus_Arg_PISACowsMilk_10_page_6,227.1,105.7,975.0
10450917,stimulus_Arg_PISACowsMilk_10_page_6,227.0,105.7,975.0
10450918,stimulus_Arg_PISACowsMilk_10_page_6,226.9,105.7,975.0
10450919,stimulus_Arg_PISACowsMilk_10_page_6,226.9,105.6,976.0
10450920,stimulus_Arg_PISACowsMilk_10_page_6,226.8,105.6,976.0
10450921,stimulus_Arg_PISACowsMilk_10_page_6,226.8,105.6,975.0
10450922,stimulus_Arg_PISACowsMilk_10_page_6,226.7,105.6,976.0
10450923,stimulus_Arg_PISACowsMilk_10_page_6,226.7,105.6,977.0
10450924,stimulus_Arg_PISACowsMilk_10_page_6,226.6,105.7,978.0
10450925,stimulus_Arg_PISACowsMilk_10_page_6,226.5,105.9,977.0
10450926,stimulus_Arg_PISACowsMilk_10_page_6,226.4,106.2,976.0
10450927,stimulus_Arg_PISACowsMilk_10_page_6,226.3,106.4,975.0
10450928,stimulus_Arg_PISACowsMilk_10_page_6,226.3,106.6,975.0
10450929,stimulus_Arg_PISACowsMilk_10_page_6,226.3,106.5,975.0
10450930,stimulus_Arg_PISACowsMilk_10_page_6,226.4,106.5,974.0
10450931,stimulus_Arg_PISACowsMilk_10_page_6,226.4,106.5,974.0
10450932,stimulus_Arg_PISACowsMilk_10_page_6,226.3,106.6,974.0
10450933,stimulus_Arg_PISACowsMilk_10_page_6,226.3,106.8,974.0
10450934,stimulus_Arg_PISACowsMilk_10_page_6,226.2,106.9,974.0
10450935,stimulus_Arg_PISACowsMilk_10_page_6,226.3,106.6,974.0
10450936,stimulus_Arg_PISACowsMilk_10_page_6,226.4,106.4,974.0
10450937,stimulus_Arg_PISACowsMilk_10_page_6,226.5,106.3,974.0
10450938,stimulus_Arg_PISACowsMilk_10_page_6,226.5,106.5,974.0
10450939,stimulus_Arg_PISACowsMilk_10_page_6,226.5,106.7,975.0
10450940,stimulus_Arg_PISACowsMilk_10_page_6,226.4,106.7,976.0
10450941,stimulus_Arg_PISACowsMilk_10_page_6,226.1,106.6,977.0
10450942,stimulus_Arg_PISACowsMilk_10_page_6,225.8,106.4,977.0
10450943,stimulus_Arg_PISACowsMilk_10_page_6,225.5,106.4,977.0
10450944,stimulus_Arg_PISACowsMilk_10_page_6,225.8,106.5,975.0
10450945,stimulus_Arg_PISACowsMilk_10_page_6,226.2,106.6,973.0
10450946,stimulus_Arg_PISACowsMilk_10_page_6,226.6,106.7,972.0
10450947,stimulus_Arg_PISACowsMilk_10_page_6,226.6,106.7,972.0
10450948,stimulus_Arg_PISACowsMilk_10_page_6,226.4,106.7,973.0
10450949,stimulus_Arg_PISACowsMilk_10_page_6,226.2,106.7,974.0
10450950,stimulus_Arg_PISACowsMilk_10_page_6,226.3,106.7,976.0
10450951,stimulus_Arg_PISACowsMilk_10_page_6,226.4,106.7,977.0
10450952,stimulus_Arg_PISACowsMilk_10_page_6,226.3,106.8,977.0
10450953,stimulus_Arg_PISACowsMilk_10_page_6,226.3,107.0,977.0
10450954,stimulus_Arg_PISACowsMilk_10_page_6,226.2,107.1,976.0
10450955,stimulus_Arg_PISACowsMilk_10_page_6,226.2,107.1,974.0
10450956,stimulus_Arg_PISACowsMilk_10_page_6,225.9,107.3,973.0
10450957,stimulus_Arg_PISACowsMilk_10_page_6,225.6,107.4,972.0
10450958,stimulus_Arg_PISACowsMilk_10_page_6,225.7,107.2,973.0
10450959,stimulus_Arg_PISACowsMilk_10_page_6,225.9,106.9,973.0
10450960,stimulus_Arg_PISACowsMilk_10_page_6,226.1,106.6,974.0
10450961,stimulus_Arg_PISACowsMilk_10_page_6,226.1,106.6,974.0
10450962,stimulus_Arg_PISACowsMilk_10_page_6,226.1,106.8,974.0
10450963,stimulus_Arg_PISACowsMilk_10_page_6,226.1,106.9,974.0
10450964,stimulus_Arg_PISACowsMilk_10_page_6,226.1,107.0,973.0
10450965,stimulus_Arg_PISACowsMilk_10_page_6,226.0,107.1,973.0
10450966,stimulus_Arg_PISACowsMilk_10_page_6,225.9,107.1,974.0
10450967,stimulus_Arg_PISACowsMilk_10_page_6,225.7,107.1,974.0
10450968,stimulus_Arg_PISACowsMilk_10_page_6,225.6,107.2,975.0
10450969,stimulus_Arg_PISACowsMilk_10_page_6,225.5,107.2,976.0
10450970,stimulus_Arg_PISACowsMilk_10_page_6,225.4,107.1,976.0
10450971,stimulus_Arg_PISACowsMilk_10_page_6,225.2,107.1,976.0
10450972,stimulus_Arg_PISACowsMilk_10_page_6,225.0,107.2,976.0
10450973,stimulus_Arg_PISACowsMilk_10_page_6,224.6,106.9,976.0
10450974,stimulus_Arg_PISACowsMilk_10_page_6,224.2,106.5,975.0
10450975,stimulus_Arg_PISACowsMilk_10_page_6,223.9,106.3,974.0
10450976,stimulus_Arg_PISACowsMilk_10_page_6,223.8,106.3,974.0
10450977,stimulus_Arg_PISACowsMilk_10_page_6,223.8,106.3,973.0
10450978,stimulus_Arg_PISACowsMilk_10_page_6,223.9,106.2,972.0
10450979,stimulus_Arg_PISACowsMilk_10_page_6,224.0,106.1,972.0
10450980,stimulus_Arg_PISACowsMilk_10_page_6,224.0,106.0,973.0
10450981,stimulus_Arg_PISACowsMilk_10_page_6,224.0,106.2,973.0
10450982,stimulus_Arg_PISACowsMilk_10_page_6,223.9,106.3,973.0
10450983,stimulus_Arg_PISACowsMilk_10_page_6,223.8,106.5,973.0
10450984,stimulus_Arg_PISACowsMilk_10_page_6,223.7,106.5,973.0
10450985,stimulus_Arg_PISACowsMilk_10_page_6,223.6,106.7,973.0
10450986,stimulus_Arg_PISACowsMilk_10_page_6,223.5,106.8,973.0
10450987,stimulus_Arg_PISACowsMilk_10_page_6,223.5,106.7,973.0
10450988,stimulus_Arg_PISACowsMilk_10_page_6,223.7,106.7,973.0
10450989,stimulus_Arg_PISACowsMilk_10_page_6,223.8,106.5,973.0
10450990,stimulus_Arg_PISACowsMilk_10_page_6,223.8,106.5,973.0
10450991,stimulus_Arg_PISACowsMilk_10_page_6,223.6,106.4,974.0
10450992,stimulus_Arg_PISACowsMilk_10_page_6,223.5,106.2,974.0
10450993,stimulus_Arg_PISACowsMilk_10_page_6,223.4,106.1,974.0
10450994,stimulus_Arg_PISACowsMilk_10_page_6,223.5,106.0,975.0
10450995,stimulus_Arg_PISACowsMilk_10_page_6,223.5,106.0,975.0
10450996,stimulus_Arg_PISACowsMilk_10_page_6,223.3,106.2,975.0
10450997,stimulus_Arg_PISACowsMilk_10_page_6,223.1,106.5,975.0
10450998,stimulus_Arg_PISACowsMilk_10_page_6,222.9,106.9,975.0
10450999,stimulus_Arg_PISACowsMilk_10_page_6,223.0,107.0,975.0
10451000,stimulus_Arg_PISACowsMilk_10_page_6,223.3,107.1,975.0
10451001,stimulus_Arg_PISACowsMilk_10_page_6,223.6,107.0,975.0
10451002,stimulus_Arg_PISACowsMilk_10_page_6,223.7,106.9,975.0
10451003,stimulus_Arg_PISACowsMilk_10_page_6,223.7,106.9,974.0
10451004,stimulus_Arg_PISACowsMilk_10_page_6,223.7,106.9,975.0
10451005,stimulus_Arg_PISACowsMilk_10_page_6,223.9,106.7,975.0
10451006,stimulus_Arg_PISACowsMilk_10_page_6,224.1,106.6,975.0
10451007,stimulus_Arg_PISACowsMilk_10_page_6,224.0,106.6,976.0
10451008,stimulus_Arg_PISACowsMilk_10_page_6,223.8,106.6,976.0
10451009,stimulus_Arg_PISACowsMilk_10_page_6,223.7,106.7,977.0
10451010,stimulus_Arg_PISACowsMilk_10_page_6,223.6,106.7,977.0
10451011,stimulus_Arg_PISACowsMilk_10_page_6,223.6,106.8,977.0
10451012,stimulus_Arg_PISACowsMilk_10_page_6,223.9,106.7,977.0
10451013,stimulus_Arg_PISACowsMilk_10_page_6,224.1,106.7,977.0
10451014,stimulus_Arg_PISACowsMilk_10_page_6,224.2,106.7,976.0
10451015,stimulus_Arg_PISACowsMilk_10_page_6,224.1,106.8,975.0
10451016,stimulus_Arg_PISACowsMilk_10_page_6,224.0,106.6,974.0
10451017,stimulus_Arg_PISACowsMilk_10_page_6,224.2,106.3,975.0
10451018,stimulus_Arg_PISACowsMilk_10_page_6,224.6,106.2,976.0
10451019,stimulus_Arg_PISACowsMilk_10_page_6,224.8,106.2,977.0
10451020,stimulus_Arg_PISACowsMilk_10_page_6,225.0,106.3,976.0
10451021,stimulus_Arg_PISACowsMilk_10_page_6,225.2,106.2,977.0
10451022,stimulus_Arg_PISACowsMilk_10_page_6,225.4,106.0,978.0
10451023,stimulus_Arg_PISACowsMilk_10_page_6,225.9,105.9,979.0
10451024,stimulus_Arg_PISACowsMilk_10_page_6,226.2,105.8,978.0
10451025,stimulus_Arg_PISACowsMilk_10_page_6,226.4,105.9,978.0
10451026,stimulus_Arg_PISACowsMilk_10_page_6,226.4,106.0,977.0
10451027,stimulus_Arg_PISACowsMilk_10_page_6,226.3,106.1,977.0
10451028,stimulus_Arg_PISACowsMilk_10_page_6,226.2,106.1,976.0
10451029,stimulus_Arg_PISACowsMilk_10_page_6,226.1,106.1,975.0
10451030,stimulus_Arg_PISACowsMilk_10_page_6,226.1,106.1,975.0
10451031,stimulus_Arg_PISACowsMilk_10_page_6,226.1,106.1,976.0
10451032,stimulus_Arg_PISACowsMilk_10_page_6,226.1,106.1,977.0
10451033,stimulus_Arg_PISACowsMilk_10_page_6,226.1,106.2,978.0
10451034,stimulus_Arg_PISACowsMilk_10_page_6,226.1,106.2,977.0
10451035,stimulus_Arg_PISACowsMilk_10_page_6,226.1,106.3,975.0
10451036,stimulus_Arg_PISACowsMilk_10_page_6,226.1,106.3,974.0
10451037,stimulus_Arg_PISACowsMilk_10_page_6,226.2,106.4,975.0
10451038,stimulus_Arg_PISACowsMilk_10_page_6,226.2,106.7,976.0
10451039,stimulus_Arg_PISACowsMilk_10_page_6,226.2,106.9,976.0
10451040,stimulus_Arg_PISACowsMilk_10_page_6,226.3,107.0,976.0
10451041,stimulus_Arg_PISACowsMilk_10_page_6,226.5,106.8,976.0
10451042,stimulus_Arg_PISACowsMilk_10_page_6,226.6,106.5,976.0
10451043,stimulus_Arg_PISACowsMilk_10_page_6,226.7,106.5,976.0
10451044,stimulus_Arg_PISACowsMilk_10_page_6,226.7,106.4,976.0
10451045,stimulus_Arg_PISACowsMilk_10_page_6,226.7,106.4,977.0
10451046,stimulus_Arg_PISACowsMilk_10_page_6,226.7,106.4,977.0
10451047,stimulus_Arg_PISACowsMilk_10_page_6,226.7,106.3,977.0
10451048,stimulus_Arg_PISACowsMilk_10_page_6,226.8,106.3,976.0
10451049,stimulus_Arg_PISACowsMilk_10_page_6,226.8,106.3,976.0
10451050,stimulus_Arg_PISACowsMilk_10_page_6,226.9,106.4,976.0
10451051,stimulus_Arg_PISACowsMilk_10_page_6,226.9,106.4,977.0
10451052,stimulus_Arg_PISACowsMilk_10_page_6,226.9,106.5,977.0
10451053,stimulus_Arg_PISACowsMilk_10_page_6,226.8,106.5,977.0
10451054,stimulus_Arg_PISACowsMilk_10_page_6,226.7,106.5,977.0
10451055,stimulus_Arg_PISACowsMilk_10_page_6,226.7,106.6,977.0
10451056,stimulus_Arg_PISACowsMilk_10_page_6,226.7,106.7,978.0
10451057,stimulus_Arg_PISACowsMilk_10_page_6,226.7,106.4,978.0
10451058,stimulus_Arg_PISACowsMilk_10_page_6,226.7,106.2,978.0
10451059,stimulus_Arg_PISACowsMilk_10_page_6,226.7,106.0,978.0
10451060,stimulus_Arg_PISACowsMilk_10_page_6,226.7,106.0,979.0
10451061,stimulus_Arg_PISACowsMilk_10_page_6,226.9,106.0,979.0
10451062,stimulus_Arg_PISACowsMilk_10_page_6,226.9,106.1,978.0
10451063,stimulus_Arg_PISACowsMilk_10_page_6,226.9,106.3,977.0
10451064,stimulus_Arg_PISACowsMilk_10_page_6,226.9,106.5,976.0
10451065,stimulus_Arg_PISACowsMilk_10_page_6,227.0,106.5,976.0
10451066,stimulus_Arg_PISACowsMilk_10_page_6,227.1,106.5,976.0
10451067,stimulus_Arg_PISACowsMilk_10_page_6,227.3,106.4,976.0
10451068,stimulus_Arg_PISACowsMilk_10_page_6,227.5,106.3,975.0
10451069,stimulus_Arg_PISACowsMilk_10_page_6,227.6,106.3,975.0
10451070,stimulus_Arg_PISACowsMilk_10_page_6,227.6,106.2,975.0
10451071,stimulus_Arg_PISACowsMilk_10_page_6,227.6,106.2,976.0
10451072,stimulus_Arg_PISACowsMilk_10_page_6,227.6,106.1,976.0
10451073,stimulus_Arg_PISACowsMilk_10_page_6,227.5,106.0,975.0
10451074,stimulus_Arg_PISACowsMilk_10_page_6,227.5,106.3,975.0
10451075,stimulus_Arg_PISACowsMilk_10_page_6,227.5,106.7,975.0
10451076,stimulus_Arg_PISACowsMilk_10_page_6,227.7,107.2,974.0
10451077,stimulus_Arg_PISACowsMilk_10_page_6,228.4,107.5,973.0
10451078,stimulus_Arg_PISACowsMilk_10_page_6,229.7,108.2,973.0
10451079,stimulus_Arg_PISACowsMilk_10_page_6,232.9,108.9,972.0
10451080,stimulus_Arg_PISACowsMilk_10_page_6,237.5,109.7,973.0
10451081,stimulus_Arg_PISACowsMilk_10_page_6,242.9,110.3,973.0
10451082,stimulus_Arg_PISACowsMilk_10_page_6,250.3,111.1,974.0
10451083,stimulus_Arg_PISACowsMilk_10_page_6,258.5,111.3,974.0
10451084,stimulus_Arg_PISACowsMilk_10_page_6,269.1,111.3,974.0
10451085,stimulus_Arg_PISACowsMilk_10_page_6,278.8,110.8,974.0
10451086,stimulus_Arg_PISACowsMilk_10_page_6,290.2,111.0,975.0
10451087,stimulus_Arg_PISACowsMilk_10_page_6,301.4,110.0,977.0
10451088,stimulus_Arg_PISACowsMilk_10_page_6,313.9,109.6,979.0
10451089,stimulus_Arg_PISACowsMilk_10_page_6,324.6,108.8,981.0
10451090,stimulus_Arg_PISACowsMilk_10_page_6,334.7,108.9,982.0
10451091,stimulus_Arg_PISACowsMilk_10_page_6,343.2,108.9,982.0
10451092,stimulus_Arg_PISACowsMilk_10_page_6,351.8,108.3,982.0
10451093,stimulus_Arg_PISACowsMilk_10_page_6,359.4,107.4,982.0
10451094,stimulus_Arg_PISACowsMilk_10_page_6,365.6,106.4,981.0
10451095,stimulus_Arg_PISACowsMilk_10_page_6,369.0,105.9,980.0
10451096,stimulus_Arg_PISACowsMilk_10_page_6,370.2,104.7,978.0
10451097,stimulus_Arg_PISACowsMilk_10_page_6,369.6,103.2,977.0
10451098,stimulus_Arg_PISACowsMilk_10_page_6,368.0,101.1,976.0
10451099,stimulus_Arg_PISACowsMilk_10_page_6,365.6,100.0,975.0
10451100,stimulus_Arg_PISACowsMilk_10_page_6,362.8,99.4,974.0
10451101,stimulus_Arg_PISACowsMilk_10_page_6,359.8,99.3,972.0
10451102,stimulus_Arg_PISACowsMilk_10_page_6,356.9,99.1,973.0
10451103,stimulus_Arg_PISACowsMilk_10_page_6,353.9,99.3,974.0
10451104,stimulus_Arg_PISACowsMilk_10_page_6,351.2,99.7,975.0
10451105,stimulus_Arg_PISACowsMilk_10_page_6,348.3,100.8,974.0
10451106,stimulus_Arg_PISACowsMilk_10_page_6,346.1,102.6,973.0
10451107,stimulus_Arg_PISACowsMilk_10_page_6,344.8,104.2,973.0
10451108,stimulus_Arg_PISACowsMilk_10_page_6,344.7,105.4,973.0
10451109,stimulus_Arg_PISACowsMilk_10_page_6,345.2,106.3,974.0
10451110,stimulus_Arg_PISACowsMilk_10_page_6,346.3,107.1,975.0
10451111,stimulus_Arg_PISACowsMilk_10_page_6,347.5,108.3,976.0
10451112,stimulus_Arg_PISACowsMilk_10_page_6,348.8,108.8,977.0
10451113,stimulus_Arg_PISACowsMilk_10_page_6,349.5,109.2,976.0
10451114,stimulus_Arg_PISACowsMilk_10_page_6,350.5,109.2,976.0
10451115,stimulus_Arg_PISACowsMilk_10_page_6,351.2,109.2,976.0
10451116,stimulus_Arg_PISACowsMilk_10_page_6,351.8,109.3,975.0
10451117,stimulus_Arg_PISACowsMilk_10_page_6,351.9,109.3,974.0
10451118,stimulus_Arg_PISACowsMilk_10_page_6,351.8,109.3,973.0
10451119,stimulus_Arg_PISACowsMilk_10_page_6,351.7,109.3,974.0
10451120,stimulus_Arg_PISACowsMilk_10_page_6,351.6,109.2,974.0
10451121,stimulus_Arg_PISACowsMilk_10_page_6,351.6,109.0,974.0
10451122,stimulus_Arg_PISACowsMilk_10_page_6,351.8,108.9,974.0
10451123,stimulus_Arg_PISACowsMilk_10_page_6,351.9,108.9,973.0
10451124,stimulus_Arg_PISACowsMilk_10_page_6,352.3,108.9,973.0
10451125,stimulus_Arg_PISACowsMilk_10_page_6,352.7,109.0,972.0
10451126,stimulus_Arg_PISACowsMilk_10_page_6,353.2,109.0,973.0
10451127,stimulus_Arg_PISACowsMilk_10_page_6,353.4,109.2,973.0
10451128,stimulus_Arg_PISACowsMilk_10_page_6,353.9,109.3,974.0
10451129,stimulus_Arg_PISACowsMilk_10_page_6,354.2,109.2,974.0
10451130,stimulus_Arg_PISACowsMilk_10_page_6,354.6,109.1,974.0
10451131,stimulus_Arg_PISACowsMilk_10_page_6,354.6,109.1,974.0
10451132,stimulus_Arg_PISACowsMilk_10_page_6,354.5,109.4,975.0
10451133,stimulus_Arg_PISACowsMilk_10_page_6,354.4,109.6,975.0
10451134,stimulus_Arg_PISACowsMilk_10_page_6,354.3,109.7,975.0
10451135,stimulus_Arg_PISACowsMilk_10_page_6,354.3,109.7,974.0
10451136,stimulus_Arg_PISACowsMilk_10_page_6,354.4,109.6,974.0
10451137,stimulus_Arg_PISACowsMilk_10_page_6,354.4,109.5,973.0
10451138,stimulus_Arg_PISACowsMilk_10_page_6,354.4,109.5,974.0
10451139,stimulus_Arg_PISACowsMilk_10_page_6,354.4,109.4,975.0
10451140,stimulus_Arg_PISACowsMilk_10_page_6,354.4,109.3,976.0
10451141,stimulus_Arg_PISACowsMilk_10_page_6,354.3,109.2,975.0
10451142,stimulus_Arg_PISACowsMilk_10_page_6,354.3,109.2,974.0
10451143,stimulus_Arg_PISACowsMilk_10_page_6,354.3,109.3,973.0
10451144,stimulus_Arg_PISACowsMilk_10_page_6,354.3,109.4,973.0
10451145,stimulus_Arg_PISACowsMilk_10_page_6,354.3,109.4,973.0
10451146,stimulus_Arg_PISACowsMilk_10_page_6,354.3,109.4,972.0
10451147,stimulus_Arg_PISACowsMilk_10_page_6,354.2,109.5,972.0
10451148,stimulus_Arg_PISACowsMilk_10_page_6,354.2,109.5,973.0
10451149,stimulus_Arg_PISACowsMilk_10_page_6,354.2,109.4,973.0
10451150,stimulus_Arg_PISACowsMilk_10_page_6,354.3,109.3,974.0
10451151,stimulus_Arg_PISACowsMilk_10_page_6,354.4,109.2,974.0
10451152,stimulus_Arg_PISACowsMilk_10_page_6,354.3,109.4,973.0
10451153,stimulus_Arg_PISACowsMilk_10_page_6,354.3,109.7,973.0
10451154,stimulus_Arg_PISACowsMilk_10_page_6,354.2,109.9,972.0
10451155,stimulus_Arg_PISACowsMilk_10_page_6,354.1,109.9,971.0
10451156,stimulus_Arg_PISACowsMilk_10_page_6,354.0,109.9,971.0
10451157,stimulus_Arg_PISACowsMilk_10_page_6,353.9,110.0,971.0
10451158,stimulus_Arg_PISACowsMilk_10_page_6,353.9,110.2,972.0
10451159,stimulus_Arg_PISACowsMilk_10_page_6,353.9,110.4,972.0
10451160,stimulus_Arg_PISACowsMilk_10_page_6,353.7,110.6,972.0
10451161,stimulus_Arg_PISACowsMilk_10_page_6,353.5,110.6,971.0
10451162,stimulus_Arg_PISACowsMilk_10_page_6,353.4,110.6,971.0
10451163,stimulus_Arg_PISACowsMilk_10_page_6,353.5,110.6,971.0
10451164,stimulus_Arg_PISACowsMilk_10_page_6,353.5,110.6,971.0
10451165,stimulus_Arg_PISACowsMilk_10_page_6,353.6,110.6,971.0
10451166,stimulus_Arg_PISACowsMilk_10_page_6,353.6,110.7,971.0
10451167,stimulus_Arg_PISACowsMilk_10_page_6,353.7,110.9,971.0
10451168,stimulus_Arg_PISACowsMilk_10_page_6,353.9,110.7,971.0
10451169,stimulus_Arg_PISACowsMilk_10_page_6,354.1,110.4,971.0
10451170,stimulus_Arg_PISACowsMilk_10_page_6,354.2,110.1,971.0
10451171,stimulus_Arg_PISACowsMilk_10_page_6,354.3,110.1,971.0
10451172,stimulus_Arg_PISACowsMilk_10_page_6,354.3,110.2,971.0
10451173,stimulus_Arg_PISACowsMilk_10_page_6,354.3,110.2,971.0
10451174,stimulus_Arg_PISACowsMilk_10_page_6,354.3,110.3,971.0
10451175,stimulus_Arg_PISACowsMilk_10_page_6,354.3,110.4,970.0
10451176,stimulus_Arg_PISACowsMilk_10_page_6,354.2,110.5,970.0
10451177,stimulus_Arg_PISACowsMilk_10_page_6,354.1,110.5,969.0
10451178,stimulus_Arg_PISACowsMilk_10_page_6,353.9,110.6,969.0
10451179,stimulus_Arg_PISACowsMilk_10_page_6,353.9,110.8,969.0
10451180,stimulus_Arg_PISACowsMilk_10_page_6,353.9,111.0,969.0
10451181,stimulus_Arg_PISACowsMilk_10_page_6,354.0,110.9,969.0
10451182,stimulus_Arg_PISACowsMilk_10_page_6,354.1,110.4,969.0
10451183,stimulus_Arg_PISACowsMilk_10_page_6,354.2,110.0,969.0
10451184,stimulus_Arg_PISACowsMilk_10_page_6,354.3,109.9,968.0
10451185,stimulus_Arg_PISACowsMilk_10_page_6,354.4,110.2,967.0
10451186,stimulus_Arg_PISACowsMilk_10_page_6,354.3,110.5,967.0
10451187,stimulus_Arg_PISACowsMilk_10_page_6,354.2,110.5,967.0
10451188,stimulus_Arg_PISACowsMilk_10_page_6,354.0,110.4,968.0
10451189,stimulus_Arg_PISACowsMilk_10_page_6,353.9,110.2,969.0
10451190,stimulus_Arg_PISACowsMilk_10_page_6,353.8,110.2,970.0
10451191,stimulus_Arg_PISACowsMilk_10_page_6,353.7,110.2,970.0
10451192,stimulus_Arg_PISACowsMilk_10_page_6,353.7,110.2,970.0
10451193,stimulus_Arg_PISACowsMilk_10_page_6,353.7,110.1,970.0
10451194,stimulus_Arg_PISACowsMilk_10_page_6,354.0,110.0,970.0
10451195,stimulus_Arg_PISACowsMilk_10_page_6,354.2,110.2,969.0
10451196,stimulus_Arg_PISACowsMilk_10_page_6,354.3,110.4,969.0
10451197,stimulus_Arg_PISACowsMilk_10_page_6,354.3,110.7,968.0
10451198,stimulus_Arg_PISACowsMilk_10_page_6,354.4,110.7,968.0
10451199,stimulus_Arg_PISACowsMilk_10_page_6,354.3,110.7,968.0
10451200,stimulus_Arg_PISACowsMilk_10_page_6,354.2,110.7,968.0
10451201,stimulus_Arg_PISACowsMilk_10_page_6,354.1,110.6,968.0
10451202,stimulus_Arg_PISACowsMilk_10_page_6,353.9,110.7,969.0
10451203,stimulus_Arg_PISACowsMilk_10_page_6,353.7,110.8,968.0
10451204,stimulus_Arg_PISACowsMilk_10_page_6,353.5,110.9,967.0
10451205,stimulus_Arg_PISACowsMilk_10_page_6,353.5,111.0,965.0
10451206,stimulus_Arg_PISACowsMilk_10_page_6,353.8,111.3,965.0
10451207,stimulus_Arg_PISACowsMilk_10_page_6,354.3,111.6,965.0
10451208,stimulus_Arg_PISACowsMilk_10_page_6,354.7,111.9,966.0
10451209,stimulus_Arg_PISACowsMilk_10_page_6,354.5,111.8,966.0
10451210,stimulus_Arg_PISACowsMilk_10_page_6,354.1,111.8,967.0
10451211,stimulus_Arg_PISACowsMilk_10_page_6,354.0,111.8,966.0
10451212,stimulus_Arg_PISACowsMilk_10_page_6,354.3,111.4,966.0
10451213,stimulus_Arg_PISACowsMilk_10_page_6,354.5,111.0,966.0
10451214,stimulus_Arg_PISACowsMilk_10_page_6,354.4,110.5,966.0
10451215,stimulus_Arg_PISACowsMilk_10_page_6,354.3,110.5,966.0
10451216,stimulus_Arg_PISACowsMilk_10_page_6,354.2,110.5,966.0
10451217,stimulus_Arg_PISACowsMilk_10_page_6,354.2,110.6,966.0
10451218,stimulus_Arg_PISACowsMilk_10_page_6,354.0,110.8,966.0
10451219,stimulus_Arg_PISACowsMilk_10_page_6,353.9,110.9,966.0
10451220,stimulus_Arg_PISACowsMilk_10_page_6,353.9,111.1,965.0
10451221,stimulus_Arg_PISACowsMilk_10_page_6,353.9,110.9,964.0
10451222,stimulus_Arg_PISACowsMilk_10_page_6,354.2,110.7,963.0
10451223,stimulus_Arg_PISACowsMilk_10_page_6,354.3,111.0,963.0
10451224,stimulus_Arg_PISACowsMilk_10_page_6,354.4,111.5,963.0
10451225,stimulus_Arg_PISACowsMilk_10_page_6,354.4,111.6,963.0
10451226,stimulus_Arg_PISACowsMilk_10_page_6,354.4,111.2,963.0
10451227,stimulus_Arg_PISACowsMilk_10_page_6,354.5,110.8,963.0
10451228,stimulus_Arg_PISACowsMilk_10_page_6,354.5,110.8,963.0
10451229,stimulus_Arg_PISACowsMilk_10_page_6,354.6,110.8,963.0
10451230,stimulus_Arg_PISACowsMilk_10_page_6,354.9,110.5,963.0
10451231,stimulus_Arg_PISACowsMilk_10_page_6,355.1,110.3,963.0
10451232,stimulus_Arg_PISACowsMilk_10_page_6,355.3,110.0,963.0
10451233,stimulus_Arg_PISACowsMilk_10_page_6,355.1,110.1,963.0
10451234,stimulus_Arg_PISACowsMilk_10_page_6,354.9,110.4,963.0
10451235,stimulus_Arg_PISACowsMilk_10_page_6,354.9,110.6,963.0
10451236,stimulus_Arg_PISACowsMilk_10_page_6,354.9,110.8,962.0
10451237,stimulus_Arg_PISACowsMilk_10_page_6,355.1,110.8,961.0
10451238,stimulus_Arg_PISACowsMilk_10_page_6,355.1,111.2,960.0
10451239,stimulus_Arg_PISACowsMilk_10_page_6,355.2,111.5,960.0
10451240,stimulus_Arg_PISACowsMilk_10_page_6,355.0,111.7,960.0
10451241,stimulus_Arg_PISACowsMilk_10_page_6,354.8,111.6,961.0
10451242,stimulus_Arg_PISACowsMilk_10_page_6,354.5,111.4,962.0
10451243,stimulus_Arg_PISACowsMilk_10_page_6,354.4,111.4,962.0
10451244,stimulus_Arg_PISACowsMilk_10_page_6,354.2,111.4,962.0
10451245,stimulus_Arg_PISACowsMilk_10_page_6,354.0,111.7,962.0
10451246,stimulus_Arg_PISACowsMilk_10_page_6,354.2,112.0,962.0
10451247,stimulus_Arg_PISACowsMilk_10_page_6,354.6,112.3,962.0
10451248,stimulus_Arg_PISACowsMilk_10_page_6,355.1,112.4,962.0
10451249,stimulus_Arg_PISACowsMilk_10_page_6,355.1,112.4,963.0
10451250,stimulus_Arg_PISACowsMilk_10_page_6,354.8,112.2,963.0
10451251,stimulus_Arg_PISACowsMilk_10_page_6,354.6,112.0,963.0
10451252,stimulus_Arg_PISACowsMilk_10_page_6,354.5,111.8,962.0
10451253,stimulus_Arg_PISACowsMilk_10_page_6,354.5,112.1,962.0
10451254,stimulus_Arg_PISACowsMilk_10_page_6,354.2,112.4,962.0
10451255,stimulus_Arg_PISACowsMilk_10_page_6,353.9,112.4,962.0
10451256,stimulus_Arg_PISACowsMilk_10_page_6,353.7,112.3,961.0
10451257,stimulus_Arg_PISACowsMilk_10_page_6,354.0,112.2,960.0
10451258,stimulus_Arg_PISACowsMilk_10_page_6,354.3,112.2,961.0
10451259,stimulus_Arg_PISACowsMilk_10_page_6,354.5,112.1,961.0
10451260,stimulus_Arg_PISACowsMilk_10_page_6,354.6,111.8,963.0
10451261,stimulus_Arg_PISACowsMilk_10_page_6,354.8,111.6,963.0
10451262,stimulus_Arg_PISACowsMilk_10_page_6,355.0,112.0,964.0
10451263,stimulus_Arg_PISACowsMilk_10_page_6,355.4,112.3,963.0
10451264,stimulus_Arg_PISACowsMilk_10_page_6,355.6,112.7,963.0
10451265,stimulus_Arg_PISACowsMilk_10_page_6,355.8,112.7,963.0
10451266,stimulus_Arg_PISACowsMilk_10_page_6,355.8,112.6,963.0
10451267,stimulus_Arg_PISACowsMilk_10_page_6,355.8,112.5,963.0
10451268,stimulus_Arg_PISACowsMilk_10_page_6,355.7,112.4,963.0
10451269,stimulus_Arg_PISACowsMilk_10_page_6,355.7,112.3,964.0
10451270,stimulus_Arg_PISACowsMilk_10_page_6,355.6,112.3,964.0
10451271,stimulus_Arg_PISACowsMilk_10_page_6,355.5,112.2,965.0
10451272,stimulus_Arg_PISACowsMilk_10_page_6,355.2,112.2,965.0
10451273,stimulus_Arg_PISACowsMilk_10_page_6,354.9,112.3,964.0
10451274,stimulus_Arg_PISACowsMilk_10_page_6,354.8,112.3,963.0
10451275,stimulus_Arg_PISACowsMilk_10_page_6,354.9,112.4,963.0
10451276,stimulus_Arg_PISACowsMilk_10_page_6,355.0,112.6,962.0
10451277,stimulus_Arg_PISACowsMilk_10_page_6,355.2,112.7,962.0
10451278,stimulus_Arg_PISACowsMilk_10_page_6,355.5,112.8,961.0
10451279,stimulus_Arg_PISACowsMilk_10_page_6,355.7,112.8,962.0
10451280,stimulus_Arg_PISACowsMilk_10_page_6,355.9,112.8,961.0
10451281,stimulus_Arg_PISACowsMilk_10_page_6,355.7,113.3,961.0
10451282,stimulus_Arg_PISACowsMilk_10_page_6,355.6,113.9,960.0
10451283,stimulus_Arg_PISACowsMilk_10_page_6,355.4,114.4,960.0
10451284,stimulus_Arg_PISACowsMilk_10_page_6,355.4,114.3,960.0
10451285,stimulus_Arg_PISACowsMilk_10_page_6,355.3,114.0,959.0
10451286,stimulus_Arg_PISACowsMilk_10_page_6,355.3,113.8,959.0
10451287,stimulus_Arg_PISACowsMilk_10_page_6,355.2,113.5,959.0
10451288,stimulus_Arg_PISACowsMilk_10_page_6,355.2,113.5,960.0
10451289,stimulus_Arg_PISACowsMilk_10_page_6,355.2,113.5,960.0
10451290,stimulus_Arg_PISACowsMilk_10_page_6,355.2,113.5,961.0
10451291,stimulus_Arg_PISACowsMilk_10_page_6,355.3,113.5,961.0
10451292,stimulus_Arg_PISACowsMilk_10_page_6,355.5,113.6,961.0
10451293,stimulus_Arg_PISACowsMilk_10_page_6,355.7,113.5,961.0
10451294,stimulus_Arg_PISACowsMilk_10_page_6,355.6,113.4,960.0
10451295,stimulus_Arg_PISACowsMilk_10_page_6,355.5,113.4,960.0
10451296,stimulus_Arg_PISACowsMilk_10_page_6,355.3,113.6,960.0
10451297,stimulus_Arg_PISACowsMilk_10_page_6,355.2,113.8,961.0
10451298,stimulus_Arg_PISACowsMilk_10_page_6,355.4,114.0,962.0
10451299,stimulus_Arg_PISACowsMilk_10_page_6,355.7,113.9,963.0
10451300,stimulus_Arg_PISACowsMilk_10_page_6,355.9,113.5,965.0
10451301,stimulus_Arg_PISACowsMilk_10_page_6,355.7,113.1,967.0
10451302,stimulus_Arg_PISACowsMilk_10_page_6,355.6,112.9,967.0
10451303,stimulus_Arg_PISACowsMilk_10_page_6,355.6,112.9,966.0
10451304,stimulus_Arg_PISACowsMilk_10_page_6,355.4,112.9,965.0
10451305,stimulus_Arg_PISACowsMilk_10_page_6,355.1,112.9,964.0
10451306,stimulus_Arg_PISACowsMilk_10_page_6,354.9,112.9,964.0
10451307,stimulus_Arg_PISACowsMilk_10_page_6,354.8,112.8,964.0
10451308,stimulus_Arg_PISACowsMilk_10_page_6,354.8,112.8,964.0
10451309,stimulus_Arg_PISACowsMilk_10_page_6,354.8,112.7,965.0
10451310,stimulus_Arg_PISACowsMilk_10_page_6,354.9,112.7,966.0
10451311,stimulus_Arg_PISACowsMilk_10_page_6,354.9,112.6,967.0
10451312,stimulus_Arg_PISACowsMilk_10_page_6,355.0,112.7,968.0
10451313,stimulus_Arg_PISACowsMilk_10_page_6,355.0,112.7,967.0
10451314,stimulus_Arg_PISACowsMilk_10_page_6,355.1,112.7,967.0
10451315,stimulus_Arg_PISACowsMilk_10_page_6,355.2,112.8,966.0
10451316,stimulus_Arg_PISACowsMilk_10_page_6,355.2,112.8,966.0
10451317,stimulus_Arg_PISACowsMilk_10_page_6,355.1,112.7,966.0
10451318,stimulus_Arg_PISACowsMilk_10_page_6,355.0,112.5,967.0
10451319,stimulus_Arg_PISACowsMilk_10_page_6,355.0,112.2,968.0
10451320,stimulus_Arg_PISACowsMilk_10_page_6,355.0,111.9,969.0
10451321,stimulus_Arg_PISACowsMilk_10_page_6,355.4,111.7,970.0
10451322,stimulus_Arg_PISACowsMilk_10_page_6,356.5,111.6,969.0
10451323,stimulus_Arg_PISACowsMilk_10_page_6,358.4,112.3,967.0
10451324,stimulus_Arg_PISACowsMilk_10_page_6,362.3,113.1,965.0
10451325,stimulus_Arg_PISACowsMilk_10_page_6,367.2,114.0,965.0
10451326,stimulus_Arg_PISACowsMilk_10_page_6,372.2,114.3,966.0
10451327,stimulus_Arg_PISACowsMilk_10_page_6,378.1,114.2,968.0
10451328,stimulus_Arg_PISACowsMilk_10_page_6,385.5,113.4,969.0
10451329,stimulus_Arg_PISACowsMilk_10_page_6,395.1,111.9,970.0
10451330,stimulus_Arg_PISACowsMilk_10_page_6,405.4,110.8,971.0
10451331,stimulus_Arg_PISACowsMilk_10_page_6,414.5,109.3,972.0
10451332,stimulus_Arg_PISACowsMilk_10_page_6,424.4,107.6,973.0
10451333,stimulus_Arg_PISACowsMilk_10_page_6,433.6,105.0,973.0
10451334,stimulus_Arg_PISACowsMilk_10_page_6,443.4,102.2,973.0
10451335,stimulus_Arg_PISACowsMilk_10_page_6,451.7,99.7,973.0
10451336,stimulus_Arg_PISACowsMilk_10_page_6,458.2,97.8,974.0
10451337,stimulus_Arg_PISACowsMilk_10_page_6,462.7,96.7,974.0
10451338,stimulus_Arg_PISACowsMilk_10_page_6,466.7,96.2,974.0
10451339,stimulus_Arg_PISACowsMilk_10_page_6,470.2,95.8,974.0
10451340,stimulus_Arg_PISACowsMilk_10_page_6,473.6,95.5,974.0
10451341,stimulus_Arg_PISACowsMilk_10_page_6,475.5,95.3,971.0
10451342,stimulus_Arg_PISACowsMilk_10_page_6,477.3,95.1,968.0
10451343,stimulus_Arg_PISACowsMilk_10_page_6,479.8,95.1,966.0
10451344,stimulus_Arg_PISACowsMilk_10_page_6,482.5,95.2,967.0
10451345,stimulus_Arg_PISACowsMilk_10_page_6,485.1,95.4,969.0
10451346,stimulus_Arg_PISACowsMilk_10_page_6,487.5,95.6,968.0
10451347,stimulus_Arg_PISACowsMilk_10_page_6,491.6,96.0,968.0
10451348,stimulus_Arg_PISACowsMilk_10_page_6,496.7,96.5,968.0
10451349,stimulus_Arg_PISACowsMilk_10_page_6,501.0,96.9,969.0
10451350,stimulus_Arg_PISACowsMilk_10_page_6,504.1,97.0,969.0
10451351,stimulus_Arg_PISACowsMilk_10_page_6,508.1,96.8,967.0
10451352,stimulus_Arg_PISACowsMilk_10_page_6,513.9,96.6,966.0
10451353,stimulus_Arg_PISACowsMilk_10_page_6,519.3,96.7,966.0
10451354,stimulus_Arg_PISACowsMilk_10_page_6,522.6,97.1,967.0
10451355,stimulus_Arg_PISACowsMilk_10_page_6,524.1,97.5,968.0
10451356,stimulus_Arg_PISACowsMilk_10_page_6,525.0,97.9,968.0
10451357,stimulus_Arg_PISACowsMilk_10_page_6,525.5,98.1,967.0
10451358,stimulus_Arg_PISACowsMilk_10_page_6,525.5,98.3,967.0
10451359,stimulus_Arg_PISACowsMilk_10_page_6,525.1,98.3,967.0
10451360,stimulus_Arg_PISACowsMilk_10_page_6,524.4,98.3,967.0
10451361,stimulus_Arg_PISACowsMilk_10_page_6,523.7,98.1,967.0
10451362,stimulus_Arg_PISACowsMilk_10_page_6,522.5,98.0,968.0
10451363,stimulus_Arg_PISACowsMilk_10_page_6,521.1,97.9,970.0
10451364,stimulus_Arg_PISACowsMilk_10_page_6,519.2,97.8,971.0
10451365,stimulus_Arg_PISACowsMilk_10_page_6,517.5,97.9,971.0
10451366,stimulus_Arg_PISACowsMilk_10_page_6,516.2,98.0,971.0
10451367,stimulus_Arg_PISACowsMilk_10_page_6,515.2,98.0,971.0
10451368,stimulus_Arg_PISACowsMilk_10_page_6,514.6,98.0,971.0
10451369,stimulus_Arg_PISACowsMilk_10_page_6,514.2,98.0,971.0
10451370,stimulus_Arg_PISACowsMilk_10_page_6,514.1,98.4,971.0
10451371,stimulus_Arg_PISACowsMilk_10_page_6,514.1,98.9,971.0
10451372,stimulus_Arg_PISACowsMilk_10_page_6,514.4,99.5,970.0
10451373,stimulus_Arg_PISACowsMilk_10_page_6,515.2,99.7,970.0
10451374,stimulus_Arg_PISACowsMilk_10_page_6,515.9,99.8,969.0
10451375,stimulus_Arg_PISACowsMilk_10_page_6,516.8,99.9,969.0
10451376,stimulus_Arg_PISACowsMilk_10_page_6,517.4,99.9,968.0
10451377,stimulus_Arg_PISACowsMilk_10_page_6,518.1,99.8,968.0
10451378,stimulus_Arg_PISACowsMilk_10_page_6,518.6,99.7,969.0
10451379,stimulus_Arg_PISACowsMilk_10_page_6,519.1,99.6,969.0
10451380,stimulus_Arg_PISACowsMilk_10_page_6,519.5,99.6,972.0
10451381,stimulus_Arg_PISACowsMilk_10_page_6,519.6,99.7,973.0
10451382,stimulus_Arg_PISACowsMilk_10_page_6,519.8,99.8,974.0
10451383,stimulus_Arg_PISACowsMilk_10_page_6,519.9,99.8,974.0
10451384,stimulus_Arg_PISACowsMilk_10_page_6,520.0,99.9,973.0
10451385,stimulus_Arg_PISACowsMilk_10_page_6,519.9,100.0,973.0
10451386,stimulus_Arg_PISACowsMilk_10_page_6,519.9,100.0,973.0
10451387,stimulus_Arg_PISACowsMilk_10_page_6,519.8,100.1,973.0
10451388,stimulus_Arg_PISACowsMilk_10_page_6,519.8,100.1,973.0
10451389,stimulus_Arg_PISACowsMilk_10_page_6,519.9,100.1,973.0
10451390,stimulus_Arg_PISACowsMilk_10_page_6,519.9,100.1,973.0
10451391,stimulus_Arg_PISACowsMilk_10_page_6,520.0,100.2,974.0
10451392,stimulus_Arg_PISACowsMilk_10_page_6,520.0,100.4,974.0
10451393,stimulus_Arg_PISACowsMilk_10_page_6,519.9,100.8,973.0
10451394,stimulus_Arg_PISACowsMilk_10_page_6,519.7,101.2,973.0
10451395,stimulus_Arg_PISACowsMilk_10_page_6,519.5,101.3,972.0
10451396,stimulus_Arg_PISACowsMilk_10_page_6,519.4,101.5,972.0
10451397,stimulus_Arg_PISACowsMilk_10_page_6,519.4,101.6,972.0
10451398,stimulus_Arg_PISACowsMilk_10_page_6,519.5,101.6,972.0
10451399,stimulus_Arg_PISACowsMilk_10_page_6,519.7,101.5,972.0
10451400,stimulus_Arg_PISACowsMilk_10_page_6,519.7,101.5,971.0
10451401,stimulus_Arg_PISACowsMilk_10_page_6,519.7,101.4,970.0
10451402,stimulus_Arg_PISACowsMilk_10_page_6,519.7,101.3,971.0
10451403,stimulus_Arg_PISACowsMilk_10_page_6,519.8,101.1,972.0
10451404,stimulus_Arg_PISACowsMilk_10_page_6,520.0,101.0,973.0
10451405,stimulus_Arg_PISACowsMilk_10_page_6,520.2,101.0,973.0
10451406,stimulus_Arg_PISACowsMilk_10_page_6,520.2,101.1,973.0
10451407,stimulus_Arg_PISACowsMilk_10_page_6,520.3,101.2,972.0
10451408,stimulus_Arg_PISACowsMilk_10_page_6,520.3,101.4,972.0
10451409,stimulus_Arg_PISACowsMilk_10_page_6,520.2,101.5,971.0
10451410,stimulus_Arg_PISACowsMilk_10_page_6,520.2,101.4,971.0
10451411,stimulus_Arg_PISACowsMilk_10_page_6,520.2,101.1,971.0
10451412,stimulus_Arg_PISACowsMilk_10_page_6,520.1,100.7,971.0
10451413,stimulus_Arg_PISACowsMilk_10_page_6,520.1,100.5,972.0
10451414,stimulus_Arg_PISACowsMilk_10_page_6,520.2,100.4,971.0
10451415,stimulus_Arg_PISACowsMilk_10_page_6,520.4,100.3,970.0
10451416,stimulus_Arg_PISACowsMilk_10_page_6,520.6,100.0,969.0
10451417,stimulus_Arg_PISACowsMilk_10_page_6,520.7,99.6,970.0
10451418,stimulus_Arg_PISACowsMilk_10_page_6,520.7,99.3,970.0
10451419,stimulus_Arg_PISACowsMilk_10_page_6,520.8,99.4,969.0
10451420,stimulus_Arg_PISACowsMilk_10_page_6,520.8,99.5,969.0
10451421,stimulus_Arg_PISACowsMilk_10_page_6,521.0,99.5,969.0
10451422,stimulus_Arg_PISACowsMilk_10_page_6,521.2,99.3,970.0
10451423,stimulus_Arg_PISACowsMilk_10_page_6,521.3,99.0,972.0
10451424,stimulus_Arg_PISACowsMilk_10_page_6,521.2,98.8,972.0
10451425,stimulus_Arg_PISACowsMilk_10_page_6,521.0,98.7,972.0
10451426,stimulus_Arg_PISACowsMilk_10_page_6,520.9,98.7,972.0
10451427,stimulus_Arg_PISACowsMilk_10_page_6,521.0,98.7,973.0
10451428,stimulus_Arg_PISACowsMilk_10_page_6,521.2,99.0,972.0
10451429,stimulus_Arg_PISACowsMilk_10_page_6,521.3,99.2,971.0
10451430,stimulus_Arg_PISACowsMilk_10_page_6,521.4,99.4,971.0
10451431,stimulus_Arg_PISACowsMilk_10_page_6,521.4,99.4,973.0
10451432,stimulus_Arg_PISACowsMilk_10_page_6,521.5,99.3,974.0
10451433,stimulus_Arg_PISACowsMilk_10_page_6,521.5,99.4,974.0
10451434,stimulus_Arg_PISACowsMilk_10_page_6,521.6,99.5,973.0
10451435,stimulus_Arg_PISACowsMilk_10_page_6,521.6,99.6,973.0
10451436,stimulus_Arg_PISACowsMilk_10_page_6,521.5,99.8,972.0
10451437,stimulus_Arg_PISACowsMilk_10_page_6,521.3,100.0,972.0
10451438,stimulus_Arg_PISACowsMilk_10_page_6,521.2,100.3,972.0
10451439,stimulus_Arg_PISACowsMilk_10_page_6,521.1,100.3,971.0
10451440,stimulus_Arg_PISACowsMilk_10_page_6,520.9,100.3,972.0
10451441,stimulus_Arg_PISACowsMilk_10_page_6,520.9,100.3,973.0
10451442,stimulus_Arg_PISACowsMilk_10_page_6,521.0,100.4,974.0
10451443,stimulus_Arg_PISACowsMilk_10_page_6,521.1,100.5,974.0
10451444,stimulus_Arg_PISACowsMilk_10_page_6,521.1,100.5,973.0
10451445,stimulus_Arg_PISACowsMilk_10_page_6,521.1,100.4,973.0
10451446,stimulus_Arg_PISACowsMilk_10_page_6,521.1,100.3,973.0
10451447,stimulus_Arg_PISACowsMilk_10_page_6,521.0,100.3,972.0
10451448,stimulus_Arg_PISACowsMilk_10_page_6,521.0,100.3,972.0
10451449,stimulus_Arg_PISACowsMilk_10_page_6,521.2,99.8,972.0
10451450,stimulus_Arg_PISACowsMilk_10_page_6,521.3,99.3,971.0
10451451,stimulus_Arg_PISACowsMilk_10_page_6,521.2,99.4,970.0
10451452,stimulus_Arg_PISACowsMilk_10_page_6,521.0,100.0,969.0
10451453,stimulus_Arg_PISACowsMilk_10_page_6,521.2,100.4,969.0
10451454,stimulus_Arg_PISACowsMilk_10_page_6,521.7,100.2,969.0
10451455,stimulus_Arg_PISACowsMilk_10_page_6,522.1,100.0,969.0
10451456,stimulus_Arg_PISACowsMilk_10_page_6,522.1,100.0,969.0
10451457,stimulus_Arg_PISACowsMilk_10_page_6,521.9,100.1,969.0
10451458,stimulus_Arg_PISACowsMilk_10_page_6,521.5,100.4,969.0
10451459,stimulus_Arg_PISACowsMilk_10_page_6,521.1,100.5,969.0
10451460,stimulus_Arg_PISACowsMilk_10_page_6,520.9,100.4,969.0
10451461,stimulus_Arg_PISACowsMilk_10_page_6,520.8,100.5,970.0
10451462,stimulus_Arg_PISACowsMilk_10_page_6,520.7,100.6,970.0
10451463,stimulus_Arg_PISACowsMilk_10_page_6,520.8,100.7,970.0
10451464,stimulus_Arg_PISACowsMilk_10_page_6,520.9,100.6,970.0
10451465,stimulus_Arg_PISACowsMilk_10_page_6,520.9,100.4,970.0
10451466,stimulus_Arg_PISACowsMilk_10_page_6,520.5,100.1,970.0
10451467,stimulus_Arg_PISACowsMilk_10_page_6,520.1,100.2,970.0
10451468,stimulus_Arg_PISACowsMilk_10_page_6,520.0,100.5,970.0
10451469,stimulus_Arg_PISACowsMilk_10_page_6,520.2,100.8,969.0
10451470,stimulus_Arg_PISACowsMilk_10_page_6,520.4,101.0,969.0
10451471,stimulus_Arg_PISACowsMilk_10_page_6,520.4,101.1,970.0
10451472,stimulus_Arg_PISACowsMilk_10_page_6,520.3,101.2,970.0
10451473,stimulus_Arg_PISACowsMilk_10_page_6,520.2,101.3,969.0
10451474,stimulus_Arg_PISACowsMilk_10_page_6,520.1,101.3,969.0
10451475,stimulus_Arg_PISACowsMilk_10_page_6,520.1,101.4,968.0
10451476,stimulus_Arg_PISACowsMilk_10_page_6,519.9,101.5,968.0
10451477,stimulus_Arg_PISACowsMilk_10_page_6,519.7,101.6,968.0
10451478,stimulus_Arg_PISACowsMilk_10_page_6,519.5,101.6,968.0
10451479,stimulus_Arg_PISACowsMilk_10_page_6,519.6,101.5,968.0
10451480,stimulus_Arg_PISACowsMilk_10_page_6,519.7,101.5,969.0
10451481,stimulus_Arg_PISACowsMilk_10_page_6,519.6,101.4,969.0
10451482,stimulus_Arg_PISACowsMilk_10_page_6,519.4,101.5,970.0
10451483,stimulus_Arg_PISACowsMilk_10_page_6,519.2,101.7,971.0
10451484,stimulus_Arg_PISACowsMilk_10_page_6,519.4,102.0,971.0
10451485,stimulus_Arg_PISACowsMilk_10_page_6,519.5,102.4,971.0
10451486,stimulus_Arg_PISACowsMilk_10_page_6,519.7,102.6,971.0
10451487,stimulus_Arg_PISACowsMilk_10_page_6,519.7,102.7,971.0
10451488,stimulus_Arg_PISACowsMilk_10_page_6,519.6,102.8,972.0
10451489,stimulus_Arg_PISACowsMilk_10_page_6,519.4,102.8,972.0
10451490,stimulus_Arg_PISACowsMilk_10_page_6,519.3,102.6,972.0
10451491,stimulus_Arg_PISACowsMilk_10_page_6,519.1,102.4,972.0
10451492,stimulus_Arg_PISACowsMilk_10_page_6,519.1,102.4,972.0
10451493,stimulus_Arg_PISACowsMilk_10_page_6,519.1,102.5,972.0
10451494,stimulus_Arg_PISACowsMilk_10_page_6,519.1,102.5,972.0
10451495,stimulus_Arg_PISACowsMilk_10_page_6,519.2,102.5,972.0
10451496,stimulus_Arg_PISACowsMilk_10_page_6,519.3,102.6,971.0
10451497,stimulus_Arg_PISACowsMilk_10_page_6,519.5,102.7,971.0
10451498,stimulus_Arg_PISACowsMilk_10_page_6,519.5,102.7,970.0
10451499,stimulus_Arg_PISACowsMilk_10_page_6,519.6,102.9,970.0
10451500,stimulus_Arg_PISACowsMilk_10_page_6,519.6,103.3,970.0
10451501,stimulus_Arg_PISACowsMilk_10_page_6,519.5,103.7,971.0
10451502,stimulus_Arg_PISACowsMilk_10_page_6,519.6,103.7,971.0
10451503,stimulus_Arg_PISACowsMilk_10_page_6,519.6,103.7,971.0
10451504,stimulus_Arg_PISACowsMilk_10_page_6,519.5,103.9,969.0
10451505,stimulus_Arg_PISACowsMilk_10_page_6,519.4,104.0,968.0
10451506,stimulus_Arg_PISACowsMilk_10_page_6,519.2,104.1,968.0
10451507,stimulus_Arg_PISACowsMilk_10_page_6,519.2,104.1,968.0
10451508,stimulus_Arg_PISACowsMilk_10_page_6,519.1,104.1,969.0
10451509,stimulus_Arg_PISACowsMilk_10_page_6,519.1,104.0,969.0
10451510,stimulus_Arg_PISACowsMilk_10_page_6,519.2,104.1,969.0
10451511,stimulus_Arg_PISACowsMilk_10_page_6,519.3,104.2,969.0
10451512,stimulus_Arg_PISACowsMilk_10_page_6,519.4,104.6,969.0
10451513,stimulus_Arg_PISACowsMilk_10_page_6,519.3,104.8,970.0
10451514,stimulus_Arg_PISACowsMilk_10_page_6,519.1,105.1,970.0
10451515,stimulus_Arg_PISACowsMilk_10_page_6,519.0,105.1,970.0
10451516,stimulus_Arg_PISACowsMilk_10_page_6,519.1,105.1,971.0
10451517,stimulus_Arg_PISACowsMilk_10_page_6,519.2,104.9,971.0
10451518,stimulus_Arg_PISACowsMilk_10_page_6,519.2,104.5,970.0
10451519,stimulus_Arg_PISACowsMilk_10_page_6,519.3,104.2,970.0
10451520,stimulus_Arg_PISACowsMilk_10_page_6,519.3,104.0,969.0
10451521,stimulus_Arg_PISACowsMilk_10_page_6,519.2,103.9,969.0
10451522,stimulus_Arg_PISACowsMilk_10_page_6,519.1,103.9,969.0
10451523,stimulus_Arg_PISACowsMilk_10_page_6,519.0,104.2,969.0
10451524,stimulus_Arg_PISACowsMilk_10_page_6,518.7,104.7,969.0
10451525,stimulus_Arg_PISACowsMilk_10_page_6,518.5,105.1,970.0
10451526,stimulus_Arg_PISACowsMilk_10_page_6,518.5,105.4,970.0
10451527,stimulus_Arg_PISACowsMilk_10_page_6,518.5,105.5,970.0
10451528,stimulus_Arg_PISACowsMilk_10_page_6,518.7,105.2,971.0
10451529,stimulus_Arg_PISACowsMilk_10_page_6,518.9,104.8,972.0
10451530,stimulus_Arg_PISACowsMilk_10_page_6,519.1,104.3,973.0
10451531,stimulus_Arg_PISACowsMilk_10_page_6,519.1,104.1,972.0
10451532,stimulus_Arg_PISACowsMilk_10_page_6,519.1,104.0,972.0
10451533,stimulus_Arg_PISACowsMilk_10_page_6,519.1,103.9,971.0
10451534,stimulus_Arg_PISACowsMilk_10_page_6,519.1,103.9,971.0
10451535,stimulus_Arg_PISACowsMilk_10_page_6,519.0,104.0,971.0
10451536,stimulus_Arg_PISACowsMilk_10_page_6,518.9,104.3,970.0
10451537,stimulus_Arg_PISACowsMilk_10_page_6,518.7,104.6,970.0
10451538,stimulus_Arg_PISACowsMilk_10_page_6,518.6,105.0,969.0
10451539,stimulus_Arg_PISACowsMilk_10_page_6,518.6,105.0,970.0
10451540,stimulus_Arg_PISACowsMilk_10_page_6,518.8,104.9,971.0
10451541,stimulus_Arg_PISACowsMilk_10_page_6,519.0,104.9,972.0
10451542,stimulus_Arg_PISACowsMilk_10_page_6,519.2,104.9,972.0
10451543,stimulus_Arg_PISACowsMilk_10_page_6,519.3,104.9,972.0
10451544,stimulus_Arg_PISACowsMilk_10_page_6,519.3,104.9,972.0
10451545,stimulus_Arg_PISACowsMilk_10_page_6,519.3,104.8,972.0
10451546,stimulus_Arg_PISACowsMilk_10_page_6,519.2,104.3,972.0
10451547,stimulus_Arg_PISACowsMilk_10_page_6,519.0,103.9,973.0
10451548,stimulus_Arg_PISACowsMilk_10_page_6,518.9,103.9,973.0
10451549,stimulus_Arg_PISACowsMilk_10_page_6,519.0,104.3,973.0
10451550,stimulus_Arg_PISACowsMilk_10_page_6,519.1,104.7,973.0
10451551,stimulus_Arg_PISACowsMilk_10_page_6,519.2,104.6,973.0
10451552,stimulus_Arg_PISACowsMilk_10_page_6,519.3,104.5,972.0
10451553,stimulus_Arg_PISACowsMilk_10_page_6,519.3,104.4,972.0
10451554,stimulus_Arg_PISACowsMilk_10_page_6,519.3,104.2,972.0
10451555,stimulus_Arg_PISACowsMilk_10_page_6,519.2,104.2,971.0
10451556,stimulus_Arg_PISACowsMilk_10_page_6,519.2,104.2,970.0
10451557,stimulus_Arg_PISACowsMilk_10_page_6,519.3,104.7,969.0
10451558,stimulus_Arg_PISACowsMilk_10_page_6,519.4,105.1,969.0
10451559,stimulus_Arg_PISACowsMilk_10_page_6,519.6,105.1,970.0
10451560,stimulus_Arg_PISACowsMilk_10_page_6,520.0,104.8,971.0
10451561,stimulus_Arg_PISACowsMilk_10_page_6,520.2,104.4,971.0
10451562,stimulus_Arg_PISACowsMilk_10_page_6,520.2,104.5,971.0
10451563,stimulus_Arg_PISACowsMilk_10_page_6,520.2,104.5,971.0
10451564,stimulus_Arg_PISACowsMilk_10_page_6,520.3,104.5,971.0
10451565,stimulus_Arg_PISACowsMilk_10_page_6,520.3,104.5,971.0
10451566,stimulus_Arg_PISACowsMilk_10_page_6,520.4,104.4,970.0
10451567,stimulus_Arg_PISACowsMilk_10_page_6,520.4,104.2,970.0
10451568,stimulus_Arg_PISACowsMilk_10_page_6,520.2,104.0,970.0
10451569,stimulus_Arg_PISACowsMilk_10_page_6,520.0,103.9,971.0
10451570,stimulus_Arg_PISACowsMilk_10_page_6,519.9,104.0,972.0
10451571,stimulus_Arg_PISACowsMilk_10_page_6,520.1,104.1,972.0
10451572,stimulus_Arg_PISACowsMilk_10_page_6,520.3,104.1,972.0
10451573,stimulus_Arg_PISACowsMilk_10_page_6,520.4,104.4,973.0
10451574,stimulus_Arg_PISACowsMilk_10_page_6,520.4,104.9,973.0
10451575,stimulus_Arg_PISACowsMilk_10_page_6,520.0,105.3,972.0
10451576,stimulus_Arg_PISACowsMilk_10_page_6,519.5,105.4,971.0
10451577,stimulus_Arg_PISACowsMilk_10_page_6,519.0,105.2,970.0
10451578,stimulus_Arg_PISACowsMilk_10_page_6,519.0,105.0,970.0
10451579,stimulus_Arg_PISACowsMilk_10_page_6,519.4,104.8,970.0
10451580,stimulus_Arg_PISACowsMilk_10_page_6,520.0,104.7,970.0
10451581,stimulus_Arg_PISACowsMilk_10_page_6,520.5,104.4,970.0
10451582,stimulus_Arg_PISACowsMilk_10_page_6,520.6,104.2,971.0
10451583,stimulus_Arg_PISACowsMilk_10_page_6,520.7,104.0,972.0
10451584,stimulus_Arg_PISACowsMilk_10_page_6,520.7,104.1,971.0
10451585,stimulus_Arg_PISACowsMilk_10_page_6,520.9,104.2,970.0
10451586,stimulus_Arg_PISACowsMilk_10_page_6,520.9,104.4,969.0
10451587,stimulus_Arg_PISACowsMilk_10_page_6,520.7,104.5,970.0
10451588,stimulus_Arg_PISACowsMilk_10_page_6,520.4,104.9,971.0
10451589,stimulus_Arg_PISACowsMilk_10_page_6,520.1,105.1,971.0
10451590,stimulus_Arg_PISACowsMilk_10_page_6,520.2,105.2,970.0
10451591,stimulus_Arg_PISACowsMilk_10_page_6,520.3,105.0,969.0
10451592,stimulus_Arg_PISACowsMilk_10_page_6,520.5,104.8,969.0
10451593,stimulus_Arg_PISACowsMilk_10_page_6,520.0,104.7,970.0
10451594,stimulus_Arg_PISACowsMilk_10_page_6,519.7,104.7,970.0
10451595,stimulus_Arg_PISACowsMilk_10_page_6,519.2,104.7,969.0
10451596,stimulus_Arg_PISACowsMilk_10_page_6,519.1,104.7,969.0
10451597,stimulus_Arg_PISACowsMilk_10_page_6,519.3,104.7,970.0
10451598,stimulus_Arg_PISACowsMilk_10_page_6,519.6,104.8,970.0
10451599,stimulus_Arg_PISACowsMilk_10_page_6,519.9,104.8,970.0
10451600,stimulus_Arg_PISACowsMilk_10_page_6,519.7,104.8,971.0
10451601,stimulus_Arg_PISACowsMilk_10_page_6,519.4,104.8,972.0
10451602,stimulus_Arg_PISACowsMilk_10_page_6,519.1,104.9,972.0
10451603,stimulus_Arg_PISACowsMilk_10_page_6,519.0,105.0,972.0
10451604,stimulus_Arg_PISACowsMilk_10_page_6,519.0,105.0,972.0
10451605,stimulus_Arg_PISACowsMilk_10_page_6,518.8,105.2,972.0
10451606,stimulus_Arg_PISACowsMilk_10_page_6,518.5,105.4,972.0
10451607,stimulus_Arg_PISACowsMilk_10_page_6,518.1,105.7,972.0
10451608,stimulus_Arg_PISACowsMilk_10_page_6,518.1,105.8,973.0
10451609,stimulus_Arg_PISACowsMilk_10_page_6,518.0,105.8,973.0
10451610,stimulus_Arg_PISACowsMilk_10_page_6,518.0,105.8,972.0
10451611,stimulus_Arg_PISACowsMilk_10_page_6,518.0,105.5,972.0
10451612,stimulus_Arg_PISACowsMilk_10_page_6,518.5,105.3,971.0
10451613,stimulus_Arg_PISACowsMilk_10_page_6,519.0,105.1,971.0
10451614,stimulus_Arg_PISACowsMilk_10_page_6,519.6,105.3,970.0
10451615,stimulus_Arg_PISACowsMilk_10_page_6,519.7,105.5,970.0
10451616,stimulus_Arg_PISACowsMilk_10_page_6,520.7,105.4,971.0
10451617,stimulus_Arg_PISACowsMilk_10_page_6,521.8,105.1,972.0
10451618,stimulus_Arg_PISACowsMilk_10_page_6,523.6,104.8,972.0
10451619,stimulus_Arg_PISACowsMilk_10_page_6,525.4,105.7,972.0
10451620,stimulus_Arg_PISACowsMilk_10_page_6,528.0,106.6,974.0
10451621,stimulus_Arg_PISACowsMilk_10_page_6,533.5,107.5,975.0
10451622,stimulus_Arg_PISACowsMilk_10_page_6,539.6,107.6,977.0
10451623,stimulus_Arg_PISACowsMilk_10_page_6,548.1,107.8,977.0
10451624,stimulus_Arg_PISACowsMilk_10_page_6,556.1,107.4,977.0
10451625,stimulus_Arg_PISACowsMilk_10_page_6,565.8,107.1,977.0
10451626,stimulus_Arg_PISACowsMilk_10_page_6,575.8,106.0,978.0
10451627,stimulus_Arg_PISACowsMilk_10_page_6,583.9,104.9,980.0
10451628,stimulus_Arg_PISACowsMilk_10_page_6,592.6,103.0,981.0
10451629,stimulus_Arg_PISACowsMilk_10_page_6,599.8,101.8,981.0
10451630,stimulus_Arg_PISACowsMilk_10_page_6,607.4,100.2,979.0
10451631,stimulus_Arg_PISACowsMilk_10_page_6,613.0,98.8,977.0
10451632,stimulus_Arg_PISACowsMilk_10_page_6,617.7,96.4,973.0
10451633,stimulus_Arg_PISACowsMilk_10_page_6,622.6,93.8,970.0
10451634,stimulus_Arg_PISACowsMilk_10_page_6,626.0,91.5,968.0
10451635,stimulus_Arg_PISACowsMilk_10_page_6,628.2,88.9,967.0
10451636,stimulus_Arg_PISACowsMilk_10_page_6,628.5,87.5,966.0
10451637,stimulus_Arg_PISACowsMilk_10_page_6,628.9,85.6,965.0
10451638,stimulus_Arg_PISACowsMilk_10_page_6,629.2,84.7,963.0
10451639,stimulus_Arg_PISACowsMilk_10_page_6,629.4,84.0,961.0
10451640,stimulus_Arg_PISACowsMilk_10_page_6,629.2,83.5,960.0
10451641,stimulus_Arg_PISACowsMilk_10_page_6,628.6,83.1,961.0
10451642,stimulus_Arg_PISACowsMilk_10_page_6,627.8,82.7,961.0
10451643,stimulus_Arg_PISACowsMilk_10_page_6,626.9,83.1,961.0
10451644,stimulus_Arg_PISACowsMilk_10_page_6,625.7,83.5,961.0
10451645,stimulus_Arg_PISACowsMilk_10_page_6,624.1,84.3,961.0
10451646,stimulus_Arg_PISACowsMilk_10_page_6,621.8,85.5,959.0
10451647,stimulus_Arg_PISACowsMilk_10_page_6,619.6,87.3,958.0
10451648,stimulus_Arg_PISACowsMilk_10_page_6,617.5,88.8,959.0
10451649,stimulus_Arg_PISACowsMilk_10_page_6,615.6,90.3,961.0
10451650,stimulus_Arg_PISACowsMilk_10_page_6,614.4,91.3,963.0
10451651,stimulus_Arg_PISACowsMilk_10_page_6,613.6,92.7,964.0
10451652,stimulus_Arg_PISACowsMilk_10_page_6,613.4,93.7,965.0
10451653,stimulus_Arg_PISACowsMilk_10_page_6,613.6,94.7,965.0
10451654,stimulus_Arg_PISACowsMilk_10_page_6,614.0,95.2,966.0
10451655,stimulus_Arg_PISACowsMilk_10_page_6,614.4,96.1,966.0
10451656,stimulus_Arg_PISACowsMilk_10_page_6,614.7,96.7,967.0
10451657,stimulus_Arg_PISACowsMilk_10_page_6,615.3,97.3,967.0
10451658,stimulus_Arg_PISACowsMilk_10_page_6,616.0,96.9,967.0
10451659,stimulus_Arg_PISACowsMilk_10_page_6,616.7,96.5,967.0
10451660,stimulus_Arg_PISACowsMilk_10_page_6,617.5,96.3,967.0
10451661,stimulus_Arg_PISACowsMilk_10_page_6,618.6,96.0,968.0
10451662,stimulus_Arg_PISACowsMilk_10_page_6,619.5,95.5,968.0
10451663,stimulus_Arg_PISACowsMilk_10_page_6,620.1,94.8,968.0
10451664,stimulus_Arg_PISACowsMilk_10_page_6,620.4,94.3,968.0
10451665,stimulus_Arg_PISACowsMilk_10_page_6,620.6,94.0,966.0
10451666,stimulus_Arg_PISACowsMilk_10_page_6,621.3,93.9,965.0
10451667,stimulus_Arg_PISACowsMilk_10_page_6,621.9,94.0,964.0
10451668,stimulus_Arg_PISACowsMilk_10_page_6,622.3,94.0,965.0
10451669,stimulus_Arg_PISACowsMilk_10_page_6,622.3,93.7,966.0
10451670,stimulus_Arg_PISACowsMilk_10_page_6,622.3,93.5,967.0
10451671,stimulus_Arg_PISACowsMilk_10_page_6,622.3,93.2,968.0
10451672,stimulus_Arg_PISACowsMilk_10_page_6,622.3,93.3,970.0
10451673,stimulus_Arg_PISACowsMilk_10_page_6,622.4,93.5,970.0
10451674,stimulus_Arg_PISACowsMilk_10_page_6,622.4,93.9,969.0
10451675,stimulus_Arg_PISACowsMilk_10_page_6,622.4,94.2,968.0
10451676,stimulus_Arg_PISACowsMilk_10_page_6,622.3,94.6,967.0
10451677,stimulus_Arg_PISACowsMilk_10_page_6,622.3,94.5,966.0
10451678,stimulus_Arg_PISACowsMilk_10_page_6,622.2,94.4,967.0
10451679,stimulus_Arg_PISACowsMilk_10_page_6,622.0,94.3,968.0
10451680,stimulus_Arg_PISACowsMilk_10_page_6,621.9,94.2,970.0
10451681,stimulus_Arg_PISACowsMilk_10_page_6,621.8,94.1,970.0
10451682,stimulus_Arg_PISACowsMilk_10_page_6,621.4,94.1,971.0
10451683,stimulus_Arg_PISACowsMilk_10_page_6,621.0,94.5,970.0
10451684,stimulus_Arg_PISACowsMilk_10_page_6,620.7,94.8,968.0
10451685,stimulus_Arg_PISACowsMilk_10_page_6,620.6,95.2,966.0
10451686,stimulus_Arg_PISACowsMilk_10_page_6,620.6,95.3,964.0
10451687,stimulus_Arg_PISACowsMilk_10_page_6,620.5,95.3,966.0
10451688,stimulus_Arg_PISACowsMilk_10_page_6,620.7,95.2,967.0
10451689,stimulus_Arg_PISACowsMilk_10_page_6,621.1,94.9,968.0
10451690,stimulus_Arg_PISACowsMilk_10_page_6,621.4,94.7,968.0
10451691,stimulus_Arg_PISACowsMilk_10_page_6,621.4,94.4,967.0
10451692,stimulus_Arg_PISACowsMilk_10_page_6,621.2,94.2,967.0
10451693,stimulus_Arg_PISACowsMilk_10_page_6,621.0,94.3,967.0
10451694,stimulus_Arg_PISACowsMilk_10_page_6,621.1,94.5,967.0
10451695,stimulus_Arg_PISACowsMilk_10_page_6,621.2,94.7,967.0
10451696,stimulus_Arg_PISACowsMilk_10_page_6,621.2,94.6,967.0
10451697,stimulus_Arg_PISACowsMilk_10_page_6,621.1,94.6,967.0
10451698,stimulus_Arg_PISACowsMilk_10_page_6,620.9,94.7,967.0
10451699,stimulus_Arg_PISACowsMilk_10_page_6,620.9,94.9,967.0
10451700,stimulus_Arg_PISACowsMilk_10_page_6,620.8,95.0,967.0
10451701,stimulus_Arg_PISACowsMilk_10_page_6,620.7,94.8,966.0
10451702,stimulus_Arg_PISACowsMilk_10_page_6,620.4,94.6,966.0
10451703,stimulus_Arg_PISACowsMilk_10_page_6,620.2,94.5,965.0
10451704,stimulus_Arg_PISACowsMilk_10_page_6,620.3,94.7,965.0
10451705,stimulus_Arg_PISACowsMilk_10_page_6,620.5,95.0,965.0
10451706,stimulus_Arg_PISACowsMilk_10_page_6,620.6,95.2,965.0
10451707,stimulus_Arg_PISACowsMilk_10_page_6,620.7,95.2,965.0
10451708,stimulus_Arg_PISACowsMilk_10_page_6,620.7,95.2,965.0
10451709,stimulus_Arg_PISACowsMilk_10_page_6,620.7,95.1,966.0
10451710,stimulus_Arg_PISACowsMilk_10_page_6,620.7,95.1,966.0
10451711,stimulus_Arg_PISACowsMilk_10_page_6,620.6,95.1,967.0
10451712,stimulus_Arg_PISACowsMilk_10_page_6,620.4,95.1,967.0
10451713,stimulus_Arg_PISACowsMilk_10_page_6,620.2,95.2,967.0
10451714,stimulus_Arg_PISACowsMilk_10_page_6,620.3,95.2,967.0
10451715,stimulus_Arg_PISACowsMilk_10_page_6,620.4,95.2,966.0
10451716,stimulus_Arg_PISACowsMilk_10_page_6,620.5,95.1,965.0
10451717,stimulus_Arg_PISACowsMilk_10_page_6,620.3,95.1,964.0
10451718,stimulus_Arg_PISACowsMilk_10_page_6,620.1,95.1,964.0
10451719,stimulus_Arg_PISACowsMilk_10_page_6,619.9,95.1,964.0
10451720,stimulus_Arg_PISACowsMilk_10_page_6,620.3,94.8,964.0
10451721,stimulus_Arg_PISACowsMilk_10_page_6,620.7,94.5,964.0
10451722,stimulus_Arg_PISACowsMilk_10_page_6,621.2,94.1,964.0
10451723,stimulus_Arg_PISACowsMilk_10_page_6,621.2,94.2,964.0
10451724,stimulus_Arg_PISACowsMilk_10_page_6,621.0,94.2,964.0
10451725,stimulus_Arg_PISACowsMilk_10_page_6,620.7,94.3,964.0
10451726,stimulus_Arg_PISACowsMilk_10_page_6,620.6,94.4,963.0
10451727,stimulus_Arg_PISACowsMilk_10_page_6,620.3,94.4,963.0
10451728,stimulus_Arg_PISACowsMilk_10_page_6,620.1,94.4,964.0
10451729,stimulus_Arg_PISACowsMilk_10_page_6,620.1,94.5,963.0
10451730,stimulus_Arg_PISACowsMilk_10_page_6,620.4,94.7,963.0
10451731,stimulus_Arg_PISACowsMilk_10_page_6,620.7,94.9,963.0
10451732,stimulus_Arg_PISACowsMilk_10_page_6,620.9,95.0,963.0
10451733,stimulus_Arg_PISACowsMilk_10_page_6,621.1,95.1,962.0
10451734,stimulus_Arg_PISACowsMilk_10_page_6,621.4,95.2,962.0
10451735,stimulus_Arg_PISACowsMilk_10_page_6,621.6,95.2,961.0
10451736,stimulus_Arg_PISACowsMilk_10_page_6,621.5,95.4,962.0
10451737,stimulus_Arg_PISACowsMilk_10_page_6,621.5,95.6,962.0
10451738,stimulus_Arg_PISACowsMilk_10_page_6,621.6,95.7,962.0
10451739,stimulus_Arg_PISACowsMilk_10_page_6,621.8,95.7,961.0
10451740,stimulus_Arg_PISACowsMilk_10_page_6,621.6,95.7,962.0
10451741,stimulus_Arg_PISACowsMilk_10_page_6,621.4,95.7,962.0
10451742,stimulus_Arg_PISACowsMilk_10_page_6,621.1,95.9,963.0
10451743,stimulus_Arg_PISACowsMilk_10_page_6,621.1,96.2,963.0
10451744,stimulus_Arg_PISACowsMilk_10_page_6,621.2,96.4,963.0
10451745,stimulus_Arg_PISACowsMilk_10_page_6,621.4,96.3,963.0
10451746,stimulus_Arg_PISACowsMilk_10_page_6,621.6,96.2,963.0
10451747,stimulus_Arg_PISACowsMilk_10_page_6,622.0,96.1,964.0
10451748,stimulus_Arg_PISACowsMilk_10_page_6,622.3,96.2,965.0
10451749,stimulus_Arg_PISACowsMilk_10_page_6,622.5,96.4,965.0
10451750,stimulus_Arg_PISACowsMilk_10_page_6,622.4,96.5,966.0
10451751,stimulus_Arg_PISACowsMilk_10_page_6,622.3,96.8,967.0
10451752,stimulus_Arg_PISACowsMilk_10_page_6,622.3,96.8,967.0
10451753,stimulus_Arg_PISACowsMilk_10_page_6,622.3,96.9,967.0
10451754,stimulus_Arg_PISACowsMilk_10_page_6,622.5,96.9,967.0
10451755,stimulus_Arg_PISACowsMilk_10_page_6,622.7,96.9,967.0
10451756,stimulus_Arg_PISACowsMilk_10_page_6,622.8,97.0,967.0
10451757,stimulus_Arg_PISACowsMilk_10_page_6,622.8,97.0,967.0
10451758,stimulus_Arg_PISACowsMilk_10_page_6,622.7,96.8,966.0
10451759,stimulus_Arg_PISACowsMilk_10_page_6,622.9,96.6,966.0
10451760,stimulus_Arg_PISACowsMilk_10_page_6,623.1,96.4,967.0
10451761,stimulus_Arg_PISACowsMilk_10_page_6,623.3,96.3,968.0
10451762,stimulus_Arg_PISACowsMilk_10_page_6,623.4,96.4,969.0
10451763,stimulus_Arg_PISACowsMilk_10_page_6,623.5,96.3,969.0
10451764,stimulus_Arg_PISACowsMilk_10_page_6,623.6,96.2,969.0
10451765,stimulus_Arg_PISACowsMilk_10_page_6,623.6,96.0,969.0
10451766,stimulus_Arg_PISACowsMilk_10_page_6,623.6,96.0,970.0
10451767,stimulus_Arg_PISACowsMilk_10_page_6,623.6,96.1,970.0
10451768,stimulus_Arg_PISACowsMilk_10_page_6,623.7,96.1,971.0
10451769,stimulus_Arg_PISACowsMilk_10_page_6,623.3,96.1,971.0
10451770,stimulus_Arg_PISACowsMilk_10_page_6,622.8,96.0,971.0
10451771,stimulus_Arg_PISACowsMilk_10_page_6,622.5,95.9,971.0
10451772,stimulus_Arg_PISACowsMilk_10_page_6,622.6,95.9,972.0
10451773,stimulus_Arg_PISACowsMilk_10_page_6,623.1,95.9,972.0
10451774,stimulus_Arg_PISACowsMilk_10_page_6,623.7,95.9,973.0
10451775,stimulus_Arg_PISACowsMilk_10_page_6,624.2,95.9,973.0
10451776,stimulus_Arg_PISACowsMilk_10_page_6,625.2,95.9,973.0
10451777,stimulus_Arg_PISACowsMilk_10_page_6,627.8,96.1,972.0
10451778,stimulus_Arg_PISACowsMilk_10_page_6,633.3,96.4,972.0
10451779,stimulus_Arg_PISACowsMilk_10_page_6,639.9,96.9,972.0
10451780,stimulus_Arg_PISACowsMilk_10_page_6,646.5,97.3,972.0
10451781,stimulus_Arg_PISACowsMilk_10_page_6,653.4,97.5,972.0
10451782,stimulus_Arg_PISACowsMilk_10_page_6,660.7,97.6,972.0
10451783,stimulus_Arg_PISACowsMilk_10_page_6,669.1,97.7,973.0
10451784,stimulus_Arg_PISACowsMilk_10_page_6,677.3,98.2,972.0
10451785,stimulus_Arg_PISACowsMilk_10_page_6,685.4,98.8,972.0
10451786,stimulus_Arg_PISACowsMilk_10_page_6,693.4,99.3,972.0
10451787,stimulus_Arg_PISACowsMilk_10_page_6,700.7,99.4,972.0
10451788,stimulus_Arg_PISACowsMilk_10_page_6,707.1,99.4,972.0
10451789,stimulus_Arg_PISACowsMilk_10_page_6,712.5,99.5,971.0
10451790,stimulus_Arg_PISACowsMilk_10_page_6,716.9,99.9,970.0
10451791,stimulus_Arg_PISACowsMilk_10_page_6,721.0,100.6,969.0
10451792,stimulus_Arg_PISACowsMilk_10_page_6,724.1,101.1,968.0
10451793,stimulus_Arg_PISACowsMilk_10_page_6,725.8,101.6,968.0
10451794,stimulus_Arg_PISACowsMilk_10_page_6,726.5,102.0,967.0
10451795,stimulus_Arg_PISACowsMilk_10_page_6,726.5,102.3,965.0
10451796,stimulus_Arg_PISACowsMilk_10_page_6,725.4,102.4,963.0
10451797,stimulus_Arg_PISACowsMilk_10_page_6,723.7,102.3,963.0
10451798,stimulus_Arg_PISACowsMilk_10_page_6,721.0,102.1,962.0
10451799,stimulus_Arg_PISACowsMilk_10_page_6,718.5,101.9,962.0
10451800,stimulus_Arg_PISACowsMilk_10_page_6,715.9,101.8,963.0
10451801,stimulus_Arg_PISACowsMilk_10_page_6,713.8,101.9,963.0
10451802,stimulus_Arg_PISACowsMilk_10_page_6,711.6,102.0,964.0
10451803,stimulus_Arg_PISACowsMilk_10_page_6,710.0,102.1,965.0
10451804,stimulus_Arg_PISACowsMilk_10_page_6,708.9,102.3,965.0
10451805,stimulus_Arg_PISACowsMilk_10_page_6,708.6,102.6,966.0
10451806,stimulus_Arg_PISACowsMilk_10_page_6,708.3,103.3,966.0
10451807,stimulus_Arg_PISACowsMilk_10_page_6,708.2,103.7,965.0
10451808,stimulus_Arg_PISACowsMilk_10_page_6,708.2,104.1,964.0
10451809,stimulus_Arg_PISACowsMilk_10_page_6,708.2,104.4,965.0
10451810,stimulus_Arg_PISACowsMilk_10_page_6,708.6,104.7,965.0
10451811,stimulus_Arg_PISACowsMilk_10_page_6,709.4,105.1,965.0
10451812,stimulus_Arg_PISACowsMilk_10_page_6,710.2,105.2,964.0
10451813,stimulus_Arg_PISACowsMilk_10_page_6,711.0,105.1,964.0
10451814,stimulus_Arg_PISACowsMilk_10_page_6,711.5,104.9,964.0
10451815,stimulus_Arg_PISACowsMilk_10_page_6,712.0,104.6,965.0
10451816,stimulus_Arg_PISACowsMilk_10_page_6,712.3,104.5,964.0
10451817,stimulus_Arg_PISACowsMilk_10_page_6,712.2,104.5,965.0
10451818,stimulus_Arg_PISACowsMilk_10_page_6,712.4,104.4,965.0
10451819,stimulus_Arg_PISACowsMilk_10_page_6,712.9,104.2,965.0
10451820,stimulus_Arg_PISACowsMilk_10_page_6,713.4,104.0,966.0
10451821,stimulus_Arg_PISACowsMilk_10_page_6,713.9,104.1,966.0
10451822,stimulus_Arg_PISACowsMilk_10_page_6,714.1,104.2,967.0
10451823,stimulus_Arg_PISACowsMilk_10_page_6,714.4,104.5,967.0
10451824,stimulus_Arg_PISACowsMilk_10_page_6,714.6,104.8,967.0
10451825,stimulus_Arg_PISACowsMilk_10_page_6,714.9,105.1,966.0
10451826,stimulus_Arg_PISACowsMilk_10_page_6,715.1,105.2,966.0
10451827,stimulus_Arg_PISACowsMilk_10_page_6,715.1,105.4,966.0
10451828,stimulus_Arg_PISACowsMilk_10_page_6,715.0,105.7,966.0
10451829,stimulus_Arg_PISACowsMilk_10_page_6,715.0,105.7,967.0
10451830,stimulus_Arg_PISACowsMilk_10_page_6,714.9,105.6,968.0
10451831,stimulus_Arg_PISACowsMilk_10_page_6,714.9,105.5,968.0
10451832,stimulus_Arg_PISACowsMilk_10_page_6,714.8,105.6,968.0
10451833,stimulus_Arg_PISACowsMilk_10_page_6,715.0,105.6,968.0
10451834,stimulus_Arg_PISACowsMilk_10_page_6,715.2,105.5,967.0
10451835,stimulus_Arg_PISACowsMilk_10_page_6,715.2,105.4,965.0
10451836,stimulus_Arg_PISACowsMilk_10_page_6,715.1,105.5,964.0
10451837,stimulus_Arg_PISACowsMilk_10_page_6,715.1,105.5,964.0
10451838,stimulus_Arg_PISACowsMilk_10_page_6,715.2,105.4,964.0
10451839,stimulus_Arg_PISACowsMilk_10_page_6,715.4,105.4,963.0
10451840,stimulus_Arg_PISACowsMilk_10_page_6,715.4,105.4,964.0
10451841,stimulus_Arg_PISACowsMilk_10_page_6,715.3,105.5,964.0
10451842,stimulus_Arg_PISACowsMilk_10_page_6,715.1,105.5,965.0
10451843,stimulus_Arg_PISACowsMilk_10_page_6,715.0,105.4,964.0
10451844,stimulus_Arg_PISACowsMilk_10_page_6,714.9,105.3,963.0
10451845,stimulus_Arg_PISACowsMilk_10_page_6,714.8,105.2,962.0
10451846,stimulus_Arg_PISACowsMilk_10_page_6,714.9,105.1,962.0
10451847,stimulus_Arg_PISACowsMilk_10_page_6,715.1,104.9,961.0
10451848,stimulus_Arg_PISACowsMilk_10_page_6,715.3,104.9,962.0
10451849,stimulus_Arg_PISACowsMilk_10_page_6,715.0,104.9,964.0
10451850,stimulus_Arg_PISACowsMilk_10_page_6,714.7,105.0,965.0
10451851,stimulus_Arg_PISACowsMilk_10_page_6,714.4,105.1,964.0
10451852,stimulus_Arg_PISACowsMilk_10_page_6,714.4,105.1,964.0
10451853,stimulus_Arg_PISACowsMilk_10_page_6,714.6,105.1,965.0
10451854,stimulus_Arg_PISACowsMilk_10_page_6,715.0,105.1,965.0
10451855,stimulus_Arg_PISACowsMilk_10_page_6,715.3,105.1,965.0
10451856,stimulus_Arg_PISACowsMilk_10_page_6,715.5,105.1,964.0
10451857,stimulus_Arg_PISACowsMilk_10_page_6,715.5,105.1,964.0
10451858,stimulus_Arg_PISACowsMilk_10_page_6,715.5,105.2,964.0
10451859,stimulus_Arg_PISACowsMilk_10_page_6,715.5,105.3,963.0
10451860,stimulus_Arg_PISACowsMilk_10_page_6,715.5,105.7,962.0
10451861,stimulus_Arg_PISACowsMilk_10_page_6,715.4,105.9,961.0
10451862,stimulus_Arg_PISACowsMilk_10_page_6,715.3,106.0,961.0
10451863,stimulus_Arg_PISACowsMilk_10_page_6,715.3,106.0,961.0
10451864,stimulus_Arg_PISACowsMilk_10_page_6,715.4,106.1,962.0
10451865,stimulus_Arg_PISACowsMilk_10_page_6,715.6,106.3,962.0
10451866,stimulus_Arg_PISACowsMilk_10_page_6,715.6,106.3,962.0
10451867,stimulus_Arg_PISACowsMilk_10_page_6,715.7,106.3,962.0
10451868,stimulus_Arg_PISACowsMilk_10_page_6,715.8,106.4,961.0
10451869,stimulus_Arg_PISACowsMilk_10_page_6,715.9,106.4,961.0
10451870,stimulus_Arg_PISACowsMilk_10_page_6,716.0,106.4,960.0
10451871,stimulus_Arg_PISACowsMilk_10_page_6,716.0,106.4,960.0
10451872,stimulus_Arg_PISACowsMilk_10_page_6,716.1,106.6,960.0
10451873,stimulus_Arg_PISACowsMilk_10_page_6,716.2,106.7,960.0
10451874,stimulus_Arg_PISACowsMilk_10_page_6,716.2,106.9,959.0
10451875,stimulus_Arg_PISACowsMilk_10_page_6,716.1,107.0,959.0
10451876,stimulus_Arg_PISACowsMilk_10_page_6,716.1,107.2,959.0
10451877,stimulus_Arg_PISACowsMilk_10_page_6,716.0,107.2,959.0
10451878,stimulus_Arg_PISACowsMilk_10_page_6,716.1,107.1,959.0
10451879,stimulus_Arg_PISACowsMilk_10_page_6,716.0,107.0,959.0
10451880,stimulus_Arg_PISACowsMilk_10_page_6,716.0,107.0,959.0
10451881,stimulus_Arg_PISACowsMilk_10_page_6,716.1,107.2,958.0
10451882,stimulus_Arg_PISACowsMilk_10_page_6,716.4,107.4,956.0
10451883,stimulus_Arg_PISACowsMilk_10_page_6,716.8,107.3,955.0
10451884,stimulus_Arg_PISACowsMilk_10_page_6,716.9,107.1,956.0
10451885,stimulus_Arg_PISACowsMilk_10_page_6,716.8,106.7,957.0
10451886,stimulus_Arg_PISACowsMilk_10_page_6,716.8,106.5,959.0
10451887,stimulus_Arg_PISACowsMilk_10_page_6,716.9,106.4,960.0
10451888,stimulus_Arg_PISACowsMilk_10_page_6,716.9,106.6,960.0
10451889,stimulus_Arg_PISACowsMilk_10_page_6,717.0,106.9,960.0
10451890,stimulus_Arg_PISACowsMilk_10_page_6,716.9,107.2,959.0
10451891,stimulus_Arg_PISACowsMilk_10_page_6,716.8,107.2,959.0
10451892,stimulus_Arg_PISACowsMilk_10_page_6,716.8,107.2,959.0
10451893,stimulus_Arg_PISACowsMilk_10_page_6,716.7,107.2,959.0
10451894,stimulus_Arg_PISACowsMilk_10_page_6,716.9,107.3,957.0
10451895,stimulus_Arg_PISACowsMilk_10_page_6,717.1,107.4,955.0
10451896,stimulus_Arg_PISACowsMilk_10_page_6,717.2,107.5,954.0
10451897,stimulus_Arg_PISACowsMilk_10_page_6,717.1,107.5,954.0
10451898,stimulus_Arg_PISACowsMilk_10_page_6,717.1,107.5,954.0
10451899,stimulus_Arg_PISACowsMilk_10_page_6,717.1,107.3,954.0
10451900,stimulus_Arg_PISACowsMilk_10_page_6,717.2,107.2,954.0
10451901,stimulus_Arg_PISACowsMilk_10_page_6,717.2,107.2,954.0
10451902,stimulus_Arg_PISACowsMilk_10_page_6,717.2,107.2,954.0
10451903,stimulus_Arg_PISACowsMilk_10_page_6,717.2,107.3,954.0
10451904,stimulus_Arg_PISACowsMilk_10_page_6,717.1,107.5,954.0
10451905,stimulus_Arg_PISACowsMilk_10_page_6,717.1,107.6,954.0
10451906,stimulus_Arg_PISACowsMilk_10_page_6,717.1,107.7,954.0
10451907,stimulus_Arg_PISACowsMilk_10_page_6,717.1,107.7,954.0
10451908,stimulus_Arg_PISACowsMilk_10_page_6,717.0,107.8,954.0
10451909,stimulus_Arg_PISACowsMilk_10_page_6,717.1,107.9,953.0
10451910,stimulus_Arg_PISACowsMilk_10_page_6,717.1,108.0,955.0
10451911,stimulus_Arg_PISACowsMilk_10_page_6,717.2,107.9,956.0
10451912,stimulus_Arg_PISACowsMilk_10_page_6,717.2,107.9,957.0
10451913,stimulus_Arg_PISACowsMilk_10_page_6,717.3,107.9,956.0
10451914,stimulus_Arg_PISACowsMilk_10_page_6,717.5,107.8,954.0
10451915,stimulus_Arg_PISACowsMilk_10_page_6,717.6,107.9,954.0
10451916,stimulus_Arg_PISACowsMilk_10_page_6,717.5,108.0,953.0
10451917,stimulus_Arg_PISACowsMilk_10_page_6,717.4,108.1,953.0
10451918,stimulus_Arg_PISACowsMilk_10_page_6,717.5,108.1,953.0
10451919,stimulus_Arg_PISACowsMilk_10_page_6,717.7,107.9,953.0
10451920,stimulus_Arg_PISACowsMilk_10_page_6,718.0,107.8,953.0
10451921,stimulus_Arg_PISACowsMilk_10_page_6,718.4,107.7,954.0
10451922,stimulus_Arg_PISACowsMilk_10_page_6,718.5,107.6,954.0
10451923,stimulus_Arg_PISACowsMilk_10_page_6,718.6,107.6,953.0
10451924,stimulus_Arg_PISACowsMilk_10_page_6,718.7,107.7,953.0
10451925,stimulus_Arg_PISACowsMilk_10_page_6,718.7,107.9,952.0
10451926,stimulus_Arg_PISACowsMilk_10_page_6,718.6,107.9,952.0
10451927,stimulus_Arg_PISACowsMilk_10_page_6,718.4,107.9,952.0
10451928,stimulus_Arg_PISACowsMilk_10_page_6,718.2,107.9,952.0
10451929,stimulus_Arg_PISACowsMilk_10_page_6,718.3,108.1,952.0
10451930,stimulus_Arg_PISACowsMilk_10_page_6,718.5,108.3,952.0
10451931,stimulus_Arg_PISACowsMilk_10_page_6,718.7,108.4,953.0
10451932,stimulus_Arg_PISACowsMilk_10_page_6,718.7,108.4,953.0
10451933,stimulus_Arg_PISACowsMilk_10_page_6,718.8,108.3,952.0
10451934,stimulus_Arg_PISACowsMilk_10_page_6,718.8,108.1,951.0
10451935,stimulus_Arg_PISACowsMilk_10_page_6,718.9,107.8,950.0
10451936,stimulus_Arg_PISACowsMilk_10_page_6,718.9,107.5,949.0
10451937,stimulus_Arg_PISACowsMilk_10_page_6,718.9,107.6,949.0
10451938,stimulus_Arg_PISACowsMilk_10_page_6,718.5,107.8,949.0
10451939,stimulus_Arg_PISACowsMilk_10_page_6,718.3,107.9,950.0
10451940,stimulus_Arg_PISACowsMilk_10_page_6,718.1,107.8,950.0
10451941,stimulus_Arg_PISACowsMilk_10_page_6,718.1,107.9,951.0
10451942,stimulus_Arg_PISACowsMilk_10_page_6,718.1,108.1,951.0
10451943,stimulus_Arg_PISACowsMilk_10_page_6,718.1,107.8,951.0
10451944,stimulus_Arg_PISACowsMilk_10_page_6,718.3,107.5,951.0
10451945,stimulus_Arg_PISACowsMilk_10_page_6,718.5,107.4,951.0
10451946,stimulus_Arg_PISACowsMilk_10_page_6,718.6,107.6,951.0
10451947,stimulus_Arg_PISACowsMilk_10_page_6,718.6,107.8,951.0
10451948,stimulus_Arg_PISACowsMilk_10_page_6,718.6,107.8,952.0
10451949,stimulus_Arg_PISACowsMilk_10_page_6,718.6,107.9,952.0
10451950,stimulus_Arg_PISACowsMilk_10_page_6,718.6,107.9,952.0
10451951,stimulus_Arg_PISACowsMilk_10_page_6,718.7,107.9,951.0
10451952,stimulus_Arg_PISACowsMilk_10_page_6,718.9,107.8,951.0
10451953,stimulus_Arg_PISACowsMilk_10_page_6,719.2,107.6,951.0
10451954,stimulus_Arg_PISACowsMilk_10_page_6,719.5,107.5,951.0
10451955,stimulus_Arg_PISACowsMilk_10_page_6,719.6,107.4,951.0
10451956,stimulus_Arg_PISACowsMilk_10_page_6,719.6,107.4,950.0
10451957,stimulus_Arg_PISACowsMilk_10_page_6,719.6,107.3,950.0
10451958,stimulus_Arg_PISACowsMilk_10_page_6,719.3,107.3,951.0
10451959,stimulus_Arg_PISACowsMilk_10_page_6,719.0,107.3,951.0
10451960,stimulus_Arg_PISACowsMilk_10_page_6,718.6,107.3,951.0
10451961,stimulus_Arg_PISACowsMilk_10_page_6,718.4,107.4,951.0
10451962,stimulus_Arg_PISACowsMilk_10_page_6,718.5,107.3,951.0
10451963,stimulus_Arg_PISACowsMilk_10_page_6,718.6,107.3,951.0
10451964,stimulus_Arg_PISACowsMilk_10_page_6,718.8,107.4,951.0
10451965,stimulus_Arg_PISACowsMilk_10_page_6,718.9,107.6,951.0
10451966,stimulus_Arg_PISACowsMilk_10_page_6,718.9,108.0,951.0
10451967,stimulus_Arg_PISACowsMilk_10_page_6,718.9,108.2,951.0
10451968,stimulus_Arg_PISACowsMilk_10_page_6,719.3,108.4,951.0
10451969,stimulus_Arg_PISACowsMilk_10_page_6,720.0,108.6,951.0
10451970,stimulus_Arg_PISACowsMilk_10_page_6,721.1,108.8,951.0
10451971,stimulus_Arg_PISACowsMilk_10_page_6,722.4,108.9,952.0
10451972,stimulus_Arg_PISACowsMilk_10_page_6,724.4,108.9,953.0
10451973,stimulus_Arg_PISACowsMilk_10_page_6,727.3,109.0,954.0
10451974,stimulus_Arg_PISACowsMilk_10_page_6,730.8,109.3,955.0
10451975,stimulus_Arg_PISACowsMilk_10_page_6,735.3,109.8,954.0
10451976,stimulus_Arg_PISACowsMilk_10_page_6,740.2,110.4,953.0
10451977,stimulus_Arg_PISACowsMilk_10_page_6,745.5,110.7,953.0
10451978,stimulus_Arg_PISACowsMilk_10_page_6,750.3,110.9,952.0
10451979,stimulus_Arg_PISACowsMilk_10_page_6,755.6,111.0,952.0
10451980,stimulus_Arg_PISACowsMilk_10_page_6,761.1,111.0,952.0
10451981,stimulus_Arg_PISACowsMilk_10_page_6,766.3,110.9,951.0
10451982,stimulus_Arg_PISACowsMilk_10_page_6,770.9,110.9,951.0
10451983,stimulus_Arg_PISACowsMilk_10_page_6,775.8,110.2,950.0
10451984,stimulus_Arg_PISACowsMilk_10_page_6,780.6,109.5,950.0
10451985,stimulus_Arg_PISACowsMilk_10_page_6,785.1,109.0,950.0
10451986,stimulus_Arg_PISACowsMilk_10_page_6,788.1,109.1,950.0
10451987,stimulus_Arg_PISACowsMilk_10_page_6,790.5,109.3,948.0
10451988,stimulus_Arg_PISACowsMilk_10_page_6,791.6,109.1,947.0
10451989,stimulus_Arg_PISACowsMilk_10_page_6,792.0,108.7,946.0
10451990,stimulus_Arg_PISACowsMilk_10_page_6,791.7,108.2,946.0
10451991,stimulus_Arg_PISACowsMilk_10_page_6,790.4,107.6,946.0
10451992,stimulus_Arg_PISACowsMilk_10_page_6,788.2,106.8,946.0
10451993,stimulus_Arg_PISACowsMilk_10_page_6,785.9,106.1,945.0
10451994,stimulus_Arg_PISACowsMilk_10_page_6,783.5,105.9,944.0
10451995,stimulus_Arg_PISACowsMilk_10_page_6,781.0,105.9,944.0
10451996,stimulus_Arg_PISACowsMilk_10_page_6,778.1,106.0,944.0
10451997,stimulus_Arg_PISACowsMilk_10_page_6,775.6,105.9,945.0
10451998,stimulus_Arg_PISACowsMilk_10_page_6,773.7,105.9,945.0
10451999,stimulus_Arg_PISACowsMilk_10_page_6,772.8,106.1,946.0
10452000,stimulus_Arg_PISACowsMilk_10_page_6,772.5,106.6,948.0
10452001,stimulus_Arg_PISACowsMilk_10_page_6,772.4,107.1,949.0
10452002,stimulus_Arg_PISACowsMilk_10_page_6,772.4,107.3,949.0
10452003,stimulus_Arg_PISACowsMilk_10_page_6,772.7,107.7,950.0
10452004,stimulus_Arg_PISACowsMilk_10_page_6,773.1,108.0,951.0
10452005,stimulus_Arg_PISACowsMilk_10_page_6,773.5,108.3,952.0
10452006,stimulus_Arg_PISACowsMilk_10_page_6,773.9,108.4,952.0
10452007,stimulus_Arg_PISACowsMilk_10_page_6,774.3,108.5,952.0
10452008,stimulus_Arg_PISACowsMilk_10_page_6,774.7,108.6,952.0
10452009,stimulus_Arg_PISACowsMilk_10_page_6,774.7,108.7,952.0
10452010,stimulus_Arg_PISACowsMilk_10_page_6,775.2,108.9,952.0
10452011,stimulus_Arg_PISACowsMilk_10_page_6,775.7,109.1,952.0
10452012,stimulus_Arg_PISACowsMilk_10_page_6,776.3,109.3,951.0
10452013,stimulus_Arg_PISACowsMilk_10_page_6,776.4,109.3,951.0
10452014,stimulus_Arg_PISACowsMilk_10_page_6,776.4,109.3,951.0
10452015,stimulus_Arg_PISACowsMilk_10_page_6,776.7,109.4,951.0
10452016,stimulus_Arg_PISACowsMilk_10_page_6,777.0,109.4,950.0
10452017,stimulus_Arg_PISACowsMilk_10_page_6,777.2,109.3,950.0
10452018,stimulus_Arg_PISACowsMilk_10_page_6,777.3,109.2,951.0
10452019,stimulus_Arg_PISACowsMilk_10_page_6,777.3,109.1,952.0
10452020,stimulus_Arg_PISACowsMilk_10_page_6,777.3,109.1,953.0
10452021,stimulus_Arg_PISACowsMilk_10_page_6,777.4,109.1,954.0
10452022,stimulus_Arg_PISACowsMilk_10_page_6,777.6,109.1,955.0
10452023,stimulus_Arg_PISACowsMilk_10_page_6,777.5,109.1,955.0
10452024,stimulus_Arg_PISACowsMilk_10_page_6,777.4,109.0,953.0
10452025,stimulus_Arg_PISACowsMilk_10_page_6,777.1,108.9,952.0
10452026,stimulus_Arg_PISACowsMilk_10_page_6,777.1,108.9,952.0
10452027,stimulus_Arg_PISACowsMilk_10_page_6,777.0,108.8,952.0
10452028,stimulus_Arg_PISACowsMilk_10_page_6,776.9,108.7,952.0
10452029,stimulus_Arg_PISACowsMilk_10_page_6,777.0,108.6,952.0
10452030,stimulus_Arg_PISACowsMilk_10_page_6,777.2,108.6,953.0
10452031,stimulus_Arg_PISACowsMilk_10_page_6,777.2,108.6,954.0
10452032,stimulus_Arg_PISACowsMilk_10_page_6,777.1,108.7,954.0
10452033,stimulus_Arg_PISACowsMilk_10_page_6,777.0,108.9,953.0
10452034,stimulus_Arg_PISACowsMilk_10_page_6,777.1,109.1,953.0
10452035,stimulus_Arg_PISACowsMilk_10_page_6,777.3,109.0,952.0
10452036,stimulus_Arg_PISACowsMilk_10_page_6,777.3,109.0,952.0
10452037,stimulus_Arg_PISACowsMilk_10_page_6,777.3,108.8,952.0
10452038,stimulus_Arg_PISACowsMilk_10_page_6,777.4,108.6,952.0
10452039,stimulus_Arg_PISACowsMilk_10_page_6,777.4,108.4,952.0
10452040,stimulus_Arg_PISACowsMilk_10_page_6,777.4,108.5,952.0
10452041,stimulus_Arg_PISACowsMilk_10_page_6,777.4,108.6,952.0
10452042,stimulus_Arg_PISACowsMilk_10_page_6,777.4,108.7,953.0
10452043,stimulus_Arg_PISACowsMilk_10_page_6,777.5,108.6,953.0
10452044,stimulus_Arg_PISACowsMilk_10_page_6,777.6,108.7,953.0
10452045,stimulus_Arg_PISACowsMilk_10_page_6,777.7,108.8,953.0
10452046,stimulus_Arg_PISACowsMilk_10_page_6,777.8,108.9,954.0
10452047,stimulus_Arg_PISACowsMilk_10_page_6,777.8,109.0,954.0
10452048,stimulus_Arg_PISACowsMilk_10_page_6,777.9,109.1,953.0
10452049,stimulus_Arg_PISACowsMilk_10_page_6,777.9,109.1,953.0
10452050,stimulus_Arg_PISACowsMilk_10_page_6,777.9,109.1,952.0
10452051,stimulus_Arg_PISACowsMilk_10_page_6,777.8,109.2,952.0
10452052,stimulus_Arg_PISACowsMilk_10_page_6,777.9,109.2,952.0
10452053,stimulus_Arg_PISACowsMilk_10_page_6,778.0,109.1,952.0
10452054,stimulus_Arg_PISACowsMilk_10_page_6,778.1,109.2,952.0
10452055,stimulus_Arg_PISACowsMilk_10_page_6,778.1,109.5,952.0
10452056,stimulus_Arg_PISACowsMilk_10_page_6,778.1,109.8,953.0
10452057,stimulus_Arg_PISACowsMilk_10_page_6,778.2,109.9,953.0
10452058,stimulus_Arg_PISACowsMilk_10_page_6,778.2,109.9,954.0
10452059,stimulus_Arg_PISACowsMilk_10_page_6,778.2,109.9,953.0
10452060,stimulus_Arg_PISACowsMilk_10_page_6,778.1,109.9,953.0
10452061,stimulus_Arg_PISACowsMilk_10_page_6,778.0,110.0,952.0
10452062,stimulus_Arg_PISACowsMilk_10_page_6,778.5,110.0,953.0
10452063,stimulus_Arg_PISACowsMilk_10_page_6,779.0,109.9,953.0
10452064,stimulus_Arg_PISACowsMilk_10_page_6,779.6,109.8,954.0
10452065,stimulus_Arg_PISACowsMilk_10_page_6,779.7,109.8,954.0
10452066,stimulus_Arg_PISACowsMilk_10_page_6,779.8,109.8,954.0
10452067,stimulus_Arg_PISACowsMilk_10_page_6,780.0,109.8,953.0
10452068,stimulus_Arg_PISACowsMilk_10_page_6,780.1,109.9,953.0
10452069,stimulus_Arg_PISACowsMilk_10_page_6,780.2,110.0,953.0
10452070,stimulus_Arg_PISACowsMilk_10_page_6,780.1,110.1,953.0
10452071,stimulus_Arg_PISACowsMilk_10_page_6,779.9,110.1,954.0
10452072,stimulus_Arg_PISACowsMilk_10_page_6,779.5,110.0,954.0
10452073,stimulus_Arg_PISACowsMilk_10_page_6,779.3,109.8,954.0
10452074,stimulus_Arg_PISACowsMilk_10_page_6,779.2,109.6,953.0
10452075,stimulus_Arg_PISACowsMilk_10_page_6,779.3,109.3,952.0
10452076,stimulus_Arg_PISACowsMilk_10_page_6,779.3,109.4,952.0
10452077,stimulus_Arg_PISACowsMilk_10_page_6,779.2,109.7,951.0
10452078,stimulus_Arg_PISACowsMilk_10_page_6,779.2,109.9,952.0
10452079,stimulus_Arg_PISACowsMilk_10_page_6,779.3,110.1,952.0
10452080,stimulus_Arg_PISACowsMilk_10_page_6,779.7,110.2,953.0
10452081,stimulus_Arg_PISACowsMilk_10_page_6,779.9,110.3,953.0
10452082,stimulus_Arg_PISACowsMilk_10_page_6,780.1,110.3,953.0
10452083,stimulus_Arg_PISACowsMilk_10_page_6,780.1,110.4,953.0
10452084,stimulus_Arg_PISACowsMilk_10_page_6,780.0,110.4,953.0
10452085,stimulus_Arg_PISACowsMilk_10_page_6,780.1,110.4,952.0
10452086,stimulus_Arg_PISACowsMilk_10_page_6,780.3,110.4,952.0
10452087,stimulus_Arg_PISACowsMilk_10_page_6,780.4,110.3,952.0
10452088,stimulus_Arg_PISACowsMilk_10_page_6,780.4,110.2,952.0
10452089,stimulus_Arg_PISACowsMilk_10_page_6,780.3,109.9,953.0
10452090,stimulus_Arg_PISACowsMilk_10_page_6,780.2,109.6,954.0
10452091,stimulus_Arg_PISACowsMilk_10_page_6,779.8,109.4,954.0
10452092,stimulus_Arg_PISACowsMilk_10_page_6,779.5,109.5,954.0
10452093,stimulus_Arg_PISACowsMilk_10_page_6,779.2,109.6,954.0
10452094,stimulus_Arg_PISACowsMilk_10_page_6,779.2,109.8,953.0
10452095,stimulus_Arg_PISACowsMilk_10_page_6,779.2,109.9,953.0
10452096,stimulus_Arg_PISACowsMilk_10_page_6,779.3,109.9,952.0
10452097,stimulus_Arg_PISACowsMilk_10_page_6,779.4,110.0,952.0
10452098,stimulus_Arg_PISACowsMilk_10_page_6,779.6,110.0,952.0
10452099,stimulus_Arg_PISACowsMilk_10_page_6,779.6,110.0,952.0
10452100,stimulus_Arg_PISACowsMilk_10_page_6,779.6,109.9,953.0
10452101,stimulus_Arg_PISACowsMilk_10_page_6,779.6,110.3,953.0
10452102,stimulus_Arg_PISACowsMilk_10_page_6,779.7,110.6,954.0
10452103,stimulus_Arg_PISACowsMilk_10_page_6,779.9,111.0,954.0
10452104,stimulus_Arg_PISACowsMilk_10_page_6,780.5,111.1,954.0
10452105,stimulus_Arg_PISACowsMilk_10_page_6,781.0,111.2,954.0
10452106,stimulus_Arg_PISACowsMilk_10_page_6,781.0,111.1,954.0
10452107,stimulus_Arg_PISACowsMilk_10_page_6,780.6,111.0,954.0
10452108,stimulus_Arg_PISACowsMilk_10_page_6,780.0,110.8,953.0
10452109,stimulus_Arg_PISACowsMilk_10_page_6,779.8,110.9,953.0
10452110,stimulus_Arg_PISACowsMilk_10_page_6,779.7,110.8,952.0
10452111,stimulus_Arg_PISACowsMilk_10_page_6,779.7,110.5,951.0
10452112,stimulus_Arg_PISACowsMilk_10_page_6,779.8,110.4,952.0
10452113,stimulus_Arg_PISACowsMilk_10_page_6,779.9,110.4,952.0
10452114,stimulus_Arg_PISACowsMilk_10_page_6,780.1,110.3,953.0
10452115,stimulus_Arg_PISACowsMilk_10_page_6,780.1,110.2,953.0
10452116,stimulus_Arg_PISACowsMilk_10_page_6,780.1,110.0,952.0
10452117,stimulus_Arg_PISACowsMilk_10_page_6,780.1,110.0,951.0
10452118,stimulus_Arg_PISACowsMilk_10_page_6,780.0,110.1,951.0
10452119,stimulus_Arg_PISACowsMilk_10_page_6,780.0,110.2,951.0
10452120,stimulus_Arg_PISACowsMilk_10_page_6,780.0,110.4,952.0
10452121,stimulus_Arg_PISACowsMilk_10_page_6,780.0,110.8,951.0
10452122,stimulus_Arg_PISACowsMilk_10_page_6,780.1,111.1,952.0
10452123,stimulus_Arg_PISACowsMilk_10_page_6,780.1,111.2,952.0
10452124,stimulus_Arg_PISACowsMilk_10_page_6,780.2,111.0,953.0
10452125,stimulus_Arg_PISACowsMilk_10_page_6,780.0,110.8,953.0
10452126,stimulus_Arg_PISACowsMilk_10_page_6,779.7,110.9,953.0
10452127,stimulus_Arg_PISACowsMilk_10_page_6,779.5,111.1,953.0
10452128,stimulus_Arg_PISACowsMilk_10_page_6,779.7,111.3,953.0
10452129,stimulus_Arg_PISACowsMilk_10_page_6,779.7,111.4,953.0
10452130,stimulus_Arg_PISACowsMilk_10_page_6,779.8,111.4,953.0
10452131,stimulus_Arg_PISACowsMilk_10_page_6,779.8,111.5,953.0
10452132,stimulus_Arg_PISACowsMilk_10_page_6,779.9,111.3,953.0
10452133,stimulus_Arg_PISACowsMilk_10_page_6,779.8,111.1,952.0
10452134,stimulus_Arg_PISACowsMilk_10_page_6,779.8,110.9,952.0
10452135,stimulus_Arg_PISACowsMilk_10_page_6,779.7,111.0,953.0
10452136,stimulus_Arg_PISACowsMilk_10_page_6,779.8,111.0,953.0
10452137,stimulus_Arg_PISACowsMilk_10_page_6,779.8,110.9,953.0
10452138,stimulus_Arg_PISACowsMilk_10_page_6,779.9,110.9,952.0
10452139,stimulus_Arg_PISACowsMilk_10_page_6,780.0,111.0,953.0
10452140,stimulus_Arg_PISACowsMilk_10_page_6,780.0,110.9,953.0
10452141,stimulus_Arg_PISACowsMilk_10_page_6,780.1,110.8,953.0
10452142,stimulus_Arg_PISACowsMilk_10_page_6,779.9,110.7,953.0
10452143,stimulus_Arg_PISACowsMilk_10_page_6,779.7,110.7,953.0
10452144,stimulus_Arg_PISACowsMilk_10_page_6,779.4,110.6,953.0
10452145,stimulus_Arg_PISACowsMilk_10_page_6,779.4,110.6,953.0
10452146,stimulus_Arg_PISACowsMilk_10_page_6,779.4,110.8,952.0
10452147,stimulus_Arg_PISACowsMilk_10_page_6,779.4,111.0,952.0
10452148,stimulus_Arg_PISACowsMilk_10_page_6,779.5,111.5,951.0
10452149,stimulus_Arg_PISACowsMilk_10_page_6,779.6,111.7,952.0
10452150,stimulus_Arg_PISACowsMilk_10_page_6,779.8,111.7,952.0
10452151,stimulus_Arg_PISACowsMilk_10_page_6,779.8,111.5,953.0
10452152,stimulus_Arg_PISACowsMilk_10_page_6,780.0,111.1,953.0
10452153,stimulus_Arg_PISACowsMilk_10_page_6,780.1,110.9,954.0
10452154,stimulus_Arg_PISACowsMilk_10_page_6,780.2,110.8,953.0
10452155,stimulus_Arg_PISACowsMilk_10_page_6,780.0,110.9,952.0
10452156,stimulus_Arg_PISACowsMilk_10_page_6,779.8,111.0,951.0
10452157,stimulus_Arg_PISACowsMilk_10_page_6,779.6,111.0,951.0
10452158,stimulus_Arg_PISACowsMilk_10_page_6,779.5,111.0,951.0
10452159,stimulus_Arg_PISACowsMilk_10_page_6,779.5,110.9,951.0
10452160,stimulus_Arg_PISACowsMilk_10_page_6,779.5,110.9,951.0
10452161,stimulus_Arg_PISACowsMilk_10_page_6,779.7,110.7,951.0
10452162,stimulus_Arg_PISACowsMilk_10_page_6,780.0,110.5,951.0
10452163,stimulus_Arg_PISACowsMilk_10_page_6,779.9,110.4,950.0
10452164,stimulus_Arg_PISACowsMilk_10_page_6,779.5,110.5,950.0
10452165,stimulus_Arg_PISACowsMilk_10_page_6,779.3,110.6,951.0
10452166,stimulus_Arg_PISACowsMilk_10_page_6,779.4,110.6,952.0
10452167,stimulus_Arg_PISACowsMilk_10_page_6,779.5,110.6,952.0
10452168,stimulus_Arg_PISACowsMilk_10_page_6,779.2,110.3,952.0
10452169,stimulus_Arg_PISACowsMilk_10_page_6,778.9,110.1,953.0
10452170,stimulus_Arg_PISACowsMilk_10_page_6,778.6,109.9,953.0
10452171,stimulus_Arg_PISACowsMilk_10_page_6,778.2,109.9,952.0
10452172,stimulus_Arg_PISACowsMilk_10_page_6,777.9,109.9,950.0
10452173,stimulus_Arg_PISACowsMilk_10_page_6,778.0,109.9,949.0
10452174,stimulus_Arg_PISACowsMilk_10_page_6,779.5,110.0,948.0
10452175,stimulus_Arg_PISACowsMilk_10_page_6,781.7,110.1,948.0
10452176,stimulus_Arg_PISACowsMilk_10_page_6,784.6,110.2,948.0
10452177,stimulus_Arg_PISACowsMilk_10_page_6,788.4,110.4,948.0
10452178,stimulus_Arg_PISACowsMilk_10_page_6,792.4,110.8,948.0
10452179,stimulus_Arg_PISACowsMilk_10_page_6,796.6,111.2,948.0
10452180,stimulus_Arg_PISACowsMilk_10_page_6,800.5,111.6,947.0
10452181,stimulus_Arg_PISACowsMilk_10_page_6,806.0,111.7,947.0
10452182,stimulus_Arg_PISACowsMilk_10_page_6,811.4,111.0,947.0
10452183,stimulus_Arg_PISACowsMilk_10_page_6,817.7,110.2,947.0
10452184,stimulus_Arg_PISACowsMilk_10_page_6,824.3,109.6,947.0
10452185,stimulus_Arg_PISACowsMilk_10_page_6,831.0,108.8,947.0
10452186,stimulus_Arg_PISACowsMilk_10_page_6,837.5,107.4,947.0
10452187,stimulus_Arg_PISACowsMilk_10_page_6,843.9,105.8,946.0
10452188,stimulus_Arg_PISACowsMilk_10_page_6,850.4,104.5,946.0
10452189,stimulus_Arg_PISACowsMilk_10_page_6,856.1,103.9,946.0
10452190,stimulus_Arg_PISACowsMilk_10_page_6,861.0,103.3,945.0
10452191,stimulus_Arg_PISACowsMilk_10_page_6,866.4,102.6,944.0
10452192,stimulus_Arg_PISACowsMilk_10_page_6,871.5,101.8,943.0
10452193,stimulus_Arg_PISACowsMilk_10_page_6,875.6,100.6,942.0
10452194,stimulus_Arg_PISACowsMilk_10_page_6,878.6,100.0,941.0
10452195,stimulus_Arg_PISACowsMilk_10_page_6,880.7,99.8,940.0
10452196,stimulus_Arg_PISACowsMilk_10_page_6,881.8,100.1,939.0
10452197,stimulus_Arg_PISACowsMilk_10_page_6,882.0,100.4,938.0
10452198,stimulus_Arg_PISACowsMilk_10_page_6,881.7,100.4,936.0
10452199,stimulus_Arg_PISACowsMilk_10_page_6,880.5,100.0,936.0
10452200,stimulus_Arg_PISACowsMilk_10_page_6,878.5,99.4,935.0
10452201,stimulus_Arg_PISACowsMilk_10_page_6,875.8,98.7,935.0
10452202,stimulus_Arg_PISACowsMilk_10_page_6,872.7,98.2,935.0
10452203,stimulus_Arg_PISACowsMilk_10_page_6,870.1,97.9,936.0
10452204,stimulus_Arg_PISACowsMilk_10_page_6,867.4,97.6,936.0
10452205,stimulus_Arg_PISACowsMilk_10_page_6,865.7,97.4,937.0
10452206,stimulus_Arg_PISACowsMilk_10_page_6,864.1,97.2,937.0
10452207,stimulus_Arg_PISACowsMilk_10_page_6,862.7,97.4,936.0
10452208,stimulus_Arg_PISACowsMilk_10_page_6,861.6,98.1,936.0
10452209,stimulus_Arg_PISACowsMilk_10_page_6,861.2,98.9,935.0
10452210,stimulus_Arg_PISACowsMilk_10_page_6,861.4,99.5,936.0
10452211,stimulus_Arg_PISACowsMilk_10_page_6,861.8,100.5,937.0
10452212,stimulus_Arg_PISACowsMilk_10_page_6,862.2,101.7,937.0
10452213,stimulus_Arg_PISACowsMilk_10_page_6,862.9,102.8,937.0
10452214,stimulus_Arg_PISACowsMilk_10_page_6,863.7,103.4,937.0
10452215,stimulus_Arg_PISACowsMilk_10_page_6,864.2,103.9,937.0
10452216,stimulus_Arg_PISACowsMilk_10_page_6,865.0,104.4,937.0
10452217,stimulus_Arg_PISACowsMilk_10_page_6,865.4,104.6,936.0
10452218,stimulus_Arg_PISACowsMilk_10_page_6,866.1,104.6,936.0
10452219,stimulus_Arg_PISACowsMilk_10_page_6,866.4,104.3,937.0
10452220,stimulus_Arg_PISACowsMilk_10_page_6,866.7,104.0,937.0
10452221,stimulus_Arg_PISACowsMilk_10_page_6,867.2,104.1,937.0
10452222,stimulus_Arg_PISACowsMilk_10_page_6,867.7,104.3,937.0
10452223,stimulus_Arg_PISACowsMilk_10_page_6,868.2,104.4,937.0
10452224,stimulus_Arg_PISACowsMilk_10_page_6,868.3,104.1,937.0
10452225,stimulus_Arg_PISACowsMilk_10_page_6,868.3,103.9,937.0
10452226,stimulus_Arg_PISACowsMilk_10_page_6,868.4,103.7,937.0
10452227,stimulus_Arg_PISACowsMilk_10_page_6,868.4,103.8,937.0
10452228,stimulus_Arg_PISACowsMilk_10_page_6,868.5,103.7,937.0
10452229,stimulus_Arg_PISACowsMilk_10_page_6,868.7,103.6,937.0
10452230,stimulus_Arg_PISACowsMilk_10_page_6,869.0,103.7,936.0
10452231,stimulus_Arg_PISACowsMilk_10_page_6,869.0,104.0,935.0
10452232,stimulus_Arg_PISACowsMilk_10_page_6,868.7,104.2,935.0
10452233,stimulus_Arg_PISACowsMilk_10_page_6,868.5,104.2,935.0
10452234,stimulus_Arg_PISACowsMilk_10_page_6,868.4,104.2,935.0
10452235,stimulus_Arg_PISACowsMilk_10_page_6,868.4,104.2,934.0
10452236,stimulus_Arg_PISACowsMilk_10_page_6,868.4,104.3,934.0
10452237,stimulus_Arg_PISACowsMilk_10_page_6,868.5,104.4,935.0
10452238,stimulus_Arg_PISACowsMilk_10_page_6,868.6,104.5,935.0
10452239,stimulus_Arg_PISACowsMilk_10_page_6,868.6,104.5,935.0
10452240,stimulus_Arg_PISACowsMilk_10_page_6,868.4,104.4,935.0
10452241,stimulus_Arg_PISACowsMilk_10_page_6,868.2,103.9,935.0
10452242,stimulus_Arg_PISACowsMilk_10_page_6,868.1,103.5,934.0
10452243,stimulus_Arg_PISACowsMilk_10_page_6,868.1,103.3,934.0
10452244,stimulus_Arg_PISACowsMilk_10_page_6,868.0,103.5,934.0
10452245,stimulus_Arg_PISACowsMilk_10_page_6,867.8,103.7,934.0
10452246,stimulus_Arg_PISACowsMilk_10_page_6,867.6,103.7,934.0
10452247,stimulus_Arg_PISACowsMilk_10_page_6,867.5,103.7,934.0
10452248,stimulus_Arg_PISACowsMilk_10_page_6,867.4,103.6,934.0
10452249,stimulus_Arg_PISACowsMilk_10_page_6,867.3,103.6,934.0
10452250,stimulus_Arg_PISACowsMilk_10_page_6,867.2,103.6,935.0
10452251,stimulus_Arg_PISACowsMilk_10_page_6,867.2,103.6,935.0
10452252,stimulus_Arg_PISACowsMilk_10_page_6,867.3,103.6,934.0
10452253,stimulus_Arg_PISACowsMilk_10_page_6,867.4,103.5,934.0
10452254,stimulus_Arg_PISACowsMilk_10_page_6,867.4,103.5,933.0
10452255,stimulus_Arg_PISACowsMilk_10_page_6,867.4,103.5,934.0
10452256,stimulus_Arg_PISACowsMilk_10_page_6,867.3,103.5,934.0
10452257,stimulus_Arg_PISACowsMilk_10_page_6,867.1,103.4,935.0
10452258,stimulus_Arg_PISACowsMilk_10_page_6,866.9,103.2,935.0
10452259,stimulus_Arg_PISACowsMilk_10_page_6,867.0,103.1,935.0
10452260,stimulus_Arg_PISACowsMilk_10_page_6,867.3,103.2,935.0
10452261,stimulus_Arg_PISACowsMilk_10_page_6,867.7,103.1,935.0
10452262,stimulus_Arg_PISACowsMilk_10_page_6,867.7,103.0,935.0
10452263,stimulus_Arg_PISACowsMilk_10_page_6,867.8,102.9,935.0
10452264,stimulus_Arg_PISACowsMilk_10_page_6,867.9,102.9,934.0
10452265,stimulus_Arg_PISACowsMilk_10_page_6,867.9,103.0,934.0
10452266,stimulus_Arg_PISACowsMilk_10_page_6,867.8,103.1,933.0
10452267,stimulus_Arg_PISACowsMilk_10_page_6,867.6,103.1,934.0
10452268,stimulus_Arg_PISACowsMilk_10_page_6,867.2,103.0,934.0
10452269,stimulus_Arg_PISACowsMilk_10_page_6,866.8,102.9,935.0
10452270,stimulus_Arg_PISACowsMilk_10_page_6,866.7,102.8,935.0
10452271,stimulus_Arg_PISACowsMilk_10_page_6,866.9,102.8,936.0
10452272,stimulus_Arg_PISACowsMilk_10_page_6,867.2,102.9,936.0
10452273,stimulus_Arg_PISACowsMilk_10_page_6,867.5,103.0,935.0
10452274,stimulus_Arg_PISACowsMilk_10_page_6,867.7,103.0,935.0
10452275,stimulus_Arg_PISACowsMilk_10_page_6,867.8,102.8,935.0
10452276,stimulus_Arg_PISACowsMilk_10_page_6,867.7,102.5,935.0
10452277,stimulus_Arg_PISACowsMilk_10_page_6,867.6,102.4,934.0
10452278,stimulus_Arg_PISACowsMilk_10_page_6,867.6,102.6,934.0
10452279,stimulus_Arg_PISACowsMilk_10_page_6,867.3,102.9,934.0
10452280,stimulus_Arg_PISACowsMilk_10_page_6,867.2,102.9,934.0
10452281,stimulus_Arg_PISACowsMilk_10_page_6,867.1,103.1,934.0
10452282,stimulus_Arg_PISACowsMilk_10_page_6,867.4,103.3,934.0
10452283,stimulus_Arg_PISACowsMilk_10_page_6,867.6,103.5,934.0
10452284,stimulus_Arg_PISACowsMilk_10_page_6,867.5,103.5,934.0
10452285,stimulus_Arg_PISACowsMilk_10_page_6,867.2,103.3,934.0
10452286,stimulus_Arg_PISACowsMilk_10_page_6,867.3,103.1,935.0
10452287,stimulus_Arg_PISACowsMilk_10_page_6,867.6,102.9,935.0
10452288,stimulus_Arg_PISACowsMilk_10_page_6,867.9,102.9,935.0
10452289,stimulus_Arg_PISACowsMilk_10_page_6,867.8,102.7,935.0
10452290,stimulus_Arg_PISACowsMilk_10_page_6,867.6,102.4,935.0
10452291,stimulus_Arg_PISACowsMilk_10_page_6,867.4,102.2,935.0
10452292,stimulus_Arg_PISACowsMilk_10_page_6,867.3,102.3,935.0
10452293,stimulus_Arg_PISACowsMilk_10_page_6,867.4,102.4,935.0
10452294,stimulus_Arg_PISACowsMilk_10_page_6,867.5,102.5,934.0
10452295,stimulus_Arg_PISACowsMilk_10_page_6,867.6,102.5,934.0
10452296,stimulus_Arg_PISACowsMilk_10_page_6,867.5,102.3,934.0
10452297,stimulus_Arg_PISACowsMilk_10_page_6,867.5,102.1,935.0
10452298,stimulus_Arg_PISACowsMilk_10_page_6,867.5,102.0,936.0
10452299,stimulus_Arg_PISACowsMilk_10_page_6,867.5,102.0,936.0
10452300,stimulus_Arg_PISACowsMilk_10_page_6,867.5,102.0,935.0
10452301,stimulus_Arg_PISACowsMilk_10_page_6,867.6,102.0,934.0
10452302,stimulus_Arg_PISACowsMilk_10_page_6,867.6,102.0,934.0
10452303,stimulus_Arg_PISACowsMilk_10_page_6,867.6,102.0,935.0
10452304,stimulus_Arg_PISACowsMilk_10_page_6,867.4,102.0,935.0
10452305,stimulus_Arg_PISACowsMilk_10_page_6,867.2,101.9,936.0
10452306,stimulus_Arg_PISACowsMilk_10_page_6,866.9,101.9,936.0
10452307,stimulus_Arg_PISACowsMilk_10_page_6,866.9,101.9,936.0
10452308,stimulus_Arg_PISACowsMilk_10_page_6,866.9,101.8,936.0
10452309,stimulus_Arg_PISACowsMilk_10_page_6,866.8,101.8,936.0
10452310,stimulus_Arg_PISACowsMilk_10_page_6,866.7,101.8,936.0
10452311,stimulus_Arg_PISACowsMilk_10_page_6,866.9,101.9,937.0
10452312,stimulus_Arg_PISACowsMilk_10_page_6,867.1,102.1,937.0
10452313,stimulus_Arg_PISACowsMilk_10_page_6,867.3,102.2,936.0
10452314,stimulus_Arg_PISACowsMilk_10_page_6,867.3,102.4,936.0
10452315,stimulus_Arg_PISACowsMilk_10_page_6,867.2,102.6,936.0
10452316,stimulus_Arg_PISACowsMilk_10_page_6,867.2,102.7,936.0
10452317,stimulus_Arg_PISACowsMilk_10_page_6,867.2,102.8,935.0
10452318,stimulus_Arg_PISACowsMilk_10_page_6,867.1,102.6,936.0
10452319,stimulus_Arg_PISACowsMilk_10_page_6,867.1,102.5,936.0
10452320,stimulus_Arg_PISACowsMilk_10_page_6,867.2,102.6,937.0
10452321,stimulus_Arg_PISACowsMilk_10_page_6,867.3,102.4,937.0
10452322,stimulus_Arg_PISACowsMilk_10_page_6,867.5,102.0,937.0
10452323,stimulus_Arg_PISACowsMilk_10_page_6,867.6,101.6,936.0
10452324,stimulus_Arg_PISACowsMilk_10_page_6,867.8,101.5,935.0
10452325,stimulus_Arg_PISACowsMilk_10_page_6,868.0,101.6,935.0
10452326,stimulus_Arg_PISACowsMilk_10_page_6,868.0,101.9,935.0
10452327,stimulus_Arg_PISACowsMilk_10_page_6,867.9,102.2,935.0
10452328,stimulus_Arg_PISACowsMilk_10_page_6,867.9,102.4,935.0
10452329,stimulus_Arg_PISACowsMilk_10_page_6,868.0,102.4,935.0
10452330,stimulus_Arg_PISACowsMilk_10_page_6,868.0,102.4,935.0
10452331,stimulus_Arg_PISACowsMilk_10_page_6,867.9,102.3,935.0
10452332,stimulus_Arg_PISACowsMilk_10_page_6,867.8,102.1,935.0
10452333,stimulus_Arg_PISACowsMilk_10_page_6,867.8,102.0,934.0
10452334,stimulus_Arg_PISACowsMilk_10_page_6,867.9,102.0,934.0
10452335,stimulus_Arg_PISACowsMilk_10_page_6,867.9,102.0,935.0
10452336,stimulus_Arg_PISACowsMilk_10_page_6,867.9,102.0,935.0
10452337,stimulus_Arg_PISACowsMilk_10_page_6,867.7,101.9,935.0
10452338,stimulus_Arg_PISACowsMilk_10_page_6,867.6,101.9,935.0
10452339,stimulus_Arg_PISACowsMilk_10_page_6,867.6,101.9,936.0
10452340,stimulus_Arg_PISACowsMilk_10_page_6,867.5,102.1,936.0
10452341,stimulus_Arg_PISACowsMilk_10_page_6,867.5,102.4,936.0
10452342,stimulus_Arg_PISACowsMilk_10_page_6,867.5,102.7,935.0
10452343,stimulus_Arg_PISACowsMilk_10_page_6,867.5,102.8,934.0
10452344,stimulus_Arg_PISACowsMilk_10_page_6,867.5,102.8,934.0
10452345,stimulus_Arg_PISACowsMilk_10_page_6,867.5,102.7,934.0
10452346,stimulus_Arg_PISACowsMilk_10_page_6,867.5,102.6,934.0
10452347,stimulus_Arg_PISACowsMilk_10_page_6,867.5,102.5,934.0
10452348,stimulus_Arg_PISACowsMilk_10_page_6,867.5,102.4,935.0
10452349,stimulus_Arg_PISACowsMilk_10_page_6,867.6,102.5,934.0
10452350,stimulus_Arg_PISACowsMilk_10_page_6,867.6,102.6,934.0
10452351,stimulus_Arg_PISACowsMilk_10_page_6,867.7,102.4,933.0
10452352,stimulus_Arg_PISACowsMilk_10_page_6,867.7,102.1,934.0
10452353,stimulus_Arg_PISACowsMilk_10_page_6,867.7,101.8,934.0
10452354,stimulus_Arg_PISACowsMilk_10_page_6,867.7,102.0,934.0
10452355,stimulus_Arg_PISACowsMilk_10_page_6,867.7,102.0,934.0
10452356,stimulus_Arg_PISACowsMilk_10_page_6,867.7,102.1,934.0
10452357,stimulus_Arg_PISACowsMilk_10_page_6,868.0,102.4,934.0
10452358,stimulus_Arg_PISACowsMilk_10_page_6,868.2,102.6,934.0
10452359,stimulus_Arg_PISACowsMilk_10_page_6,868.2,102.9,934.0
10452360,stimulus_Arg_PISACowsMilk_10_page_6,868.1,102.8,934.0
10452361,stimulus_Arg_PISACowsMilk_10_page_6,867.9,102.8,934.0
10452362,stimulus_Arg_PISACowsMilk_10_page_6,867.9,102.9,933.0
10452363,stimulus_Arg_PISACowsMilk_10_page_6,867.9,102.6,934.0
10452364,stimulus_Arg_PISACowsMilk_10_page_6,867.9,102.4,934.0
10452365,stimulus_Arg_PISACowsMilk_10_page_6,867.8,102.2,934.0
10452366,stimulus_Arg_PISACowsMilk_10_page_6,867.7,102.2,934.0
10452367,stimulus_Arg_PISACowsMilk_10_page_6,867.5,102.2,934.0
10452368,stimulus_Arg_PISACowsMilk_10_page_6,867.8,102.3,934.0
10452369,stimulus_Arg_PISACowsMilk_10_page_6,868.0,102.3,934.0
10452370,stimulus_Arg_PISACowsMilk_10_page_6,868.1,102.2,934.0
10452371,stimulus_Arg_PISACowsMilk_10_page_6,867.9,102.1,933.0
10452372,stimulus_Arg_PISACowsMilk_10_page_6,867.6,102.1,933.0
10452373,stimulus_Arg_PISACowsMilk_10_page_6,867.8,102.1,934.0
10452374,stimulus_Arg_PISACowsMilk_10_page_6,868.0,102.1,934.0
10452375,stimulus_Arg_PISACowsMilk_10_page_6,868.2,102.2,933.0
10452376,stimulus_Arg_PISACowsMilk_10_page_6,868.2,102.4,933.0
10452377,stimulus_Arg_PISACowsMilk_10_page_6,868.1,102.6,932.0
10452378,stimulus_Arg_PISACowsMilk_10_page_6,868.1,102.7,933.0
10452379,stimulus_Arg_PISACowsMilk_10_page_6,868.1,102.7,934.0
10452380,stimulus_Arg_PISACowsMilk_10_page_6,867.9,102.7,934.0
10452381,stimulus_Arg_PISACowsMilk_10_page_6,867.7,102.6,934.0
10452382,stimulus_Arg_PISACowsMilk_10_page_6,867.6,102.6,934.0
10452383,stimulus_Arg_PISACowsMilk_10_page_6,867.7,102.7,934.0
10452384,stimulus_Arg_PISACowsMilk_10_page_6,867.5,102.7,934.0
10452385,stimulus_Arg_PISACowsMilk_10_page_6,867.5,102.6,934.0
10452386,stimulus_Arg_PISACowsMilk_10_page_6,867.5,102.4,934.0
10452387,stimulus_Arg_PISACowsMilk_10_page_6,867.6,102.4,933.0
10452388,stimulus_Arg_PISACowsMilk_10_page_6,867.6,102.4,933.0
10452389,stimulus_Arg_PISACowsMilk_10_page_6,867.6,102.4,933.0
10452390,stimulus_Arg_PISACowsMilk_10_page_6,867.7,102.3,934.0
10452391,stimulus_Arg_PISACowsMilk_10_page_6,867.7,102.3,934.0
10452392,stimulus_Arg_PISACowsMilk_10_page_6,867.6,102.4,934.0
10452393,stimulus_Arg_PISACowsMilk_10_page_6,867.5,102.5,934.0
10452394,stimulus_Arg_PISACowsMilk_10_page_6,867.8,102.6,933.0
10452395,stimulus_Arg_PISACowsMilk_10_page_6,868.4,102.6,932.0
10452396,stimulus_Arg_PISACowsMilk_10_page_6,869.2,102.6,930.0
10452397,stimulus_Arg_PISACowsMilk_10_page_6,870.3,102.5,929.0
10452398,stimulus_Arg_PISACowsMilk_10_page_6,872.1,102.6,928.0
10452399,stimulus_Arg_PISACowsMilk_10_page_6,875.0,103.0,928.0
10452400,stimulus_Arg_PISACowsMilk_10_page_6,878.4,103.5,929.0
10452401,stimulus_Arg_PISACowsMilk_10_page_6,881.9,104.6,929.0
10452402,stimulus_Arg_PISACowsMilk_10_page_6,884.7,105.8,929.0
10452403,stimulus_Arg_PISACowsMilk_10_page_6,887.5,107.0,929.0
10452404,stimulus_Arg_PISACowsMilk_10_page_6,891.6,107.7,929.0
10452405,stimulus_Arg_PISACowsMilk_10_page_6,897.3,108.3,928.0
10452406,stimulus_Arg_PISACowsMilk_10_page_6,902.8,108.9,929.0
10452407,stimulus_Arg_PISACowsMilk_10_page_6,907.3,109.2,931.0
10452408,stimulus_Arg_PISACowsMilk_10_page_6,909.9,109.3,932.0
10452409,stimulus_Arg_PISACowsMilk_10_page_6,912.7,109.2,932.0
10452410,stimulus_Arg_PISACowsMilk_10_page_6,915.4,109.2,930.0
10452411,stimulus_Arg_PISACowsMilk_10_page_6,918.0,109.0,926.0
10452412,stimulus_Arg_PISACowsMilk_10_page_6,919.4,108.7,924.0
10452413,stimulus_Arg_PISACowsMilk_10_page_6,919.4,108.4,923.0
10452414,stimulus_Arg_PISACowsMilk_10_page_6,918.8,108.0,922.0
10452415,stimulus_Arg_PISACowsMilk_10_page_6,917.4,107.5,922.0
10452416,stimulus_Arg_PISACowsMilk_10_page_6,915.7,107.1,922.0
10452417,stimulus_Arg_PISACowsMilk_10_page_6,913.3,106.9,922.0
10452418,stimulus_Arg_PISACowsMilk_10_page_6,911.6,107.1,923.0
10452419,stimulus_Arg_PISACowsMilk_10_page_6,909.7,107.4,923.0
10452420,stimulus_Arg_PISACowsMilk_10_page_6,908.6,107.6,923.0
10452421,stimulus_Arg_PISACowsMilk_10_page_6,907.5,107.6,923.0
10452422,stimulus_Arg_PISACowsMilk_10_page_6,906.6,107.7,923.0
10452423,stimulus_Arg_PISACowsMilk_10_page_6,905.9,107.7,924.0
10452424,stimulus_Arg_PISACowsMilk_10_page_6,905.4,108.0,925.0
10452425,stimulus_Arg_PISACowsMilk_10_page_6,905.3,108.6,926.0
10452426,stimulus_Arg_PISACowsMilk_10_page_6,905.3,109.3,927.0
10452427,stimulus_Arg_PISACowsMilk_10_page_6,905.4,109.6,927.0
10452428,stimulus_Arg_PISACowsMilk_10_page_6,905.3,109.7,927.0
10452429,stimulus_Arg_PISACowsMilk_10_page_6,905.2,109.7,927.0
10452430,stimulus_Arg_PISACowsMilk_10_page_6,905.0,109.7,927.0
10452431,stimulus_Arg_PISACowsMilk_10_page_6,905.0,109.9,928.0
10452432,stimulus_Arg_PISACowsMilk_10_page_6,905.2,110.1,928.0
10452433,stimulus_Arg_PISACowsMilk_10_page_6,905.4,110.3,929.0
10452434,stimulus_Arg_PISACowsMilk_10_page_6,905.8,110.4,929.0
10452435,stimulus_Arg_PISACowsMilk_10_page_6,906.1,110.5,930.0
10452436,stimulus_Arg_PISACowsMilk_10_page_6,906.6,110.6,929.0
10452437,stimulus_Arg_PISACowsMilk_10_page_6,906.8,110.8,928.0
10452438,stimulus_Arg_PISACowsMilk_10_page_6,907.0,110.8,928.0
10452439,stimulus_Arg_PISACowsMilk_10_page_6,906.9,110.9,929.0
10452440,stimulus_Arg_PISACowsMilk_10_page_6,907.1,111.2,930.0
10452441,stimulus_Arg_PISACowsMilk_10_page_6,907.3,111.4,931.0
10452442,stimulus_Arg_PISACowsMilk_10_page_6,907.4,111.6,931.0
10452443,stimulus_Arg_PISACowsMilk_10_page_6,908.0,111.6,931.0
10452444,stimulus_Arg_PISACowsMilk_10_page_6,908.6,111.6,931.0
10452445,stimulus_Arg_PISACowsMilk_10_page_6,909.1,111.5,931.0
10452446,stimulus_Arg_PISACowsMilk_10_page_6,909.1,111.5,932.0
10452447,stimulus_Arg_PISACowsMilk_10_page_6,909.2,111.4,932.0
10452448,stimulus_Arg_PISACowsMilk_10_page_6,909.4,111.3,933.0
10452449,stimulus_Arg_PISACowsMilk_10_page_6,909.6,111.0,933.0
10452450,stimulus_Arg_PISACowsMilk_10_page_6,910.0,110.9,934.0
10452451,stimulus_Arg_PISACowsMilk_10_page_6,910.4,110.8,934.0
10452452,stimulus_Arg_PISACowsMilk_10_page_6,910.6,110.7,934.0
10452453,stimulus_Arg_PISACowsMilk_10_page_6,910.6,110.6,934.0
10452454,stimulus_Arg_PISACowsMilk_10_page_6,910.6,110.7,934.0
10452455,stimulus_Arg_PISACowsMilk_10_page_6,910.7,110.9,934.0
10452456,stimulus_Arg_PISACowsMilk_10_page_6,910.7,111.1,934.0
10452457,stimulus_Arg_PISACowsMilk_10_page_6,910.6,111.0,934.0
10452458,stimulus_Arg_PISACowsMilk_10_page_6,910.6,111.0,934.0
10452459,stimulus_Arg_PISACowsMilk_10_page_6,910.6,110.9,934.0
10452460,stimulus_Arg_PISACowsMilk_10_page_6,910.6,111.0,934.0
10452461,stimulus_Arg_PISACowsMilk_10_page_6,910.5,111.0,934.0
10452462,stimulus_Arg_PISACowsMilk_10_page_6,910.4,110.8,934.0
10452463,stimulus_Arg_PISACowsMilk_10_page_6,910.3,110.7,934.0
10452464,stimulus_Arg_PISACowsMilk_10_page_6,910.3,110.7,934.0
10452465,stimulus_Arg_PISACowsMilk_10_page_6,910.3,110.9,934.0
10452466,stimulus_Arg_PISACowsMilk_10_page_6,910.2,111.1,934.0
10452467,stimulus_Arg_PISACowsMilk_10_page_6,910.1,111.0,935.0
10452468,stimulus_Arg_PISACowsMilk_10_page_6,909.8,111.0,935.0
10452469,stimulus_Arg_PISACowsMilk_10_page_6,909.7,111.0,935.0
10452470,stimulus_Arg_PISACowsMilk_10_page_6,910.0,111.1,936.0
10452471,stimulus_Arg_PISACowsMilk_10_page_6,910.3,111.0,936.0
10452472,stimulus_Arg_PISACowsMilk_10_page_6,910.5,110.8,936.0
10452473,stimulus_Arg_PISACowsMilk_10_page_6,910.4,110.6,936.0
10452474,stimulus_Arg_PISACowsMilk_10_page_6,910.3,110.7,936.0
10452475,stimulus_Arg_PISACowsMilk_10_page_6,910.3,110.9,935.0
10452476,stimulus_Arg_PISACowsMilk_10_page_6,910.3,111.0,935.0
10452477,stimulus_Arg_PISACowsMilk_10_page_6,910.4,110.9,935.0
10452478,stimulus_Arg_PISACowsMilk_10_page_6,910.6,110.8,936.0
10452479,stimulus_Arg_PISACowsMilk_10_page_6,910.7,110.8,937.0
10452480,stimulus_Arg_PISACowsMilk_10_page_6,910.7,110.7,938.0
10452481,stimulus_Arg_PISACowsMilk_10_page_6,910.7,110.7,938.0
10452482,stimulus_Arg_PISACowsMilk_10_page_6,910.6,110.7,937.0
10452483,stimulus_Arg_PISACowsMilk_10_page_6,910.6,110.8,937.0
10452484,stimulus_Arg_PISACowsMilk_10_page_6,910.5,110.9,936.0
10452485,stimulus_Arg_PISACowsMilk_10_page_6,910.5,111.0,936.0
10452486,stimulus_Arg_PISACowsMilk_10_page_6,910.6,110.9,936.0
10452487,stimulus_Arg_PISACowsMilk_10_page_6,910.8,110.9,936.0
10452488,stimulus_Arg_PISACowsMilk_10_page_6,911.0,110.9,936.0
10452489,stimulus_Arg_PISACowsMilk_10_page_6,911.1,110.8,937.0
10452490,stimulus_Arg_PISACowsMilk_10_page_6,911.1,110.8,939.0
10452491,stimulus_Arg_PISACowsMilk_10_page_6,911.1,110.7,940.0
10452492,stimulus_Arg_PISACowsMilk_10_page_6,910.9,110.7,940.0
10452493,stimulus_Arg_PISACowsMilk_10_page_6,910.5,110.8,939.0
10452494,stimulus_Arg_PISACowsMilk_10_page_6,910.2,110.9,939.0
10452495,stimulus_Arg_PISACowsMilk_10_page_6,909.9,111.0,939.0
10452496,stimulus_Arg_PISACowsMilk_10_page_6,910.0,111.0,938.0
10452497,stimulus_Arg_PISACowsMilk_10_page_6,910.1,111.0,938.0
10452498,stimulus_Arg_PISACowsMilk_10_page_6,910.4,111.0,937.0
10452499,stimulus_Arg_PISACowsMilk_10_page_6,910.6,111.0,937.0
10452500,stimulus_Arg_PISACowsMilk_10_page_6,910.7,111.0,938.0
10452501,stimulus_Arg_PISACowsMilk_10_page_6,910.8,111.0,939.0
10452502,stimulus_Arg_PISACowsMilk_10_page_6,910.8,111.0,939.0
10452503,stimulus_Arg_PISACowsMilk_10_page_6,910.8,111.1,939.0
10452504,stimulus_Arg_PISACowsMilk_10_page_6,910.8,111.2,939.0
10452505,stimulus_Arg_PISACowsMilk_10_page_6,910.8,111.3,938.0
10452506,stimulus_Arg_PISACowsMilk_10_page_6,910.8,111.3,938.0
10452507,stimulus_Arg_PISACowsMilk_10_page_6,910.8,111.2,938.0
10452508,stimulus_Arg_PISACowsMilk_10_page_6,911.2,111.1,939.0
10452509,stimulus_Arg_PISACowsMilk_10_page_6,911.5,111.1,940.0
10452510,stimulus_Arg_PISACowsMilk_10_page_6,911.8,111.1,940.0
10452511,stimulus_Arg_PISACowsMilk_10_page_6,911.7,111.1,939.0
10452512,stimulus_Arg_PISACowsMilk_10_page_6,911.6,111.3,938.0
10452513,stimulus_Arg_PISACowsMilk_10_page_6,911.6,111.4,938.0
10452514,stimulus_Arg_PISACowsMilk_10_page_6,911.7,111.5,937.0
10452515,stimulus_Arg_PISACowsMilk_10_page_6,911.8,111.5,937.0
10452516,stimulus_Arg_PISACowsMilk_10_page_6,911.8,111.5,938.0
10452517,stimulus_Arg_PISACowsMilk_10_page_6,911.7,111.5,938.0
10452518,stimulus_Arg_PISACowsMilk_10_page_6,911.5,111.5,938.0
10452519,stimulus_Arg_PISACowsMilk_10_page_6,911.4,111.4,938.0
10452520,stimulus_Arg_PISACowsMilk_10_page_6,911.4,111.5,939.0
10452521,stimulus_Arg_PISACowsMilk_10_page_6,911.4,111.5,939.0
10452522,stimulus_Arg_PISACowsMilk_10_page_6,911.5,111.5,940.0
10452523,stimulus_Arg_PISACowsMilk_10_page_6,911.6,111.5,940.0
10452524,stimulus_Arg_PISACowsMilk_10_page_6,911.7,111.4,940.0
10452525,stimulus_Arg_PISACowsMilk_10_page_6,911.9,111.3,939.0
10452526,stimulus_Arg_PISACowsMilk_10_page_6,912.2,111.2,939.0
10452527,stimulus_Arg_PISACowsMilk_10_page_6,912.2,111.5,939.0
10452528,stimulus_Arg_PISACowsMilk_10_page_6,912.1,111.8,939.0
10452529,stimulus_Arg_PISACowsMilk_10_page_6,911.9,111.9,940.0
10452530,stimulus_Arg_PISACowsMilk_10_page_6,911.9,111.7,940.0
10452531,stimulus_Arg_PISACowsMilk_10_page_6,911.8,111.5,940.0
10452532,stimulus_Arg_PISACowsMilk_10_page_6,911.7,111.5,940.0
10452533,stimulus_Arg_PISACowsMilk_10_page_6,911.6,111.6,939.0
10452534,stimulus_Arg_PISACowsMilk_10_page_6,911.6,111.8,939.0
10452535,stimulus_Arg_PISACowsMilk_10_page_6,911.5,112.0,939.0
10452536,stimulus_Arg_PISACowsMilk_10_page_6,911.5,112.0,938.0
10452537,stimulus_Arg_PISACowsMilk_10_page_6,911.5,112.0,938.0
10452538,stimulus_Arg_PISACowsMilk_10_page_6,911.6,112.0,938.0
10452539,stimulus_Arg_PISACowsMilk_10_page_6,911.6,111.9,938.0
10452540,stimulus_Arg_PISACowsMilk_10_page_6,911.5,111.8,938.0
10452541,stimulus_Arg_PISACowsMilk_10_page_6,911.5,111.8,938.0
10452542,stimulus_Arg_PISACowsMilk_10_page_6,911.7,111.9,937.0
10452543,stimulus_Arg_PISACowsMilk_10_page_6,911.7,112.1,936.0
10452544,stimulus_Arg_PISACowsMilk_10_page_6,911.3,112.1,935.0
10452545,stimulus_Arg_PISACowsMilk_10_page_6,910.8,112.1,936.0
10452546,stimulus_Arg_PISACowsMilk_10_page_6,910.5,112.0,937.0
10452547,stimulus_Arg_PISACowsMilk_10_page_6,910.5,111.9,937.0
10452548,stimulus_Arg_PISACowsMilk_10_page_6,910.5,112.1,936.0
10452549,stimulus_Arg_PISACowsMilk_10_page_6,910.6,112.3,936.0
10452550,stimulus_Arg_PISACowsMilk_10_page_6,910.7,112.4,936.0
10452551,stimulus_Arg_PISACowsMilk_10_page_6,911.1,112.4,937.0
10452552,stimulus_Arg_PISACowsMilk_10_page_6,911.4,112.3,937.0
10452553,stimulus_Arg_PISACowsMilk_10_page_6,911.9,112.4,937.0
10452554,stimulus_Arg_PISACowsMilk_10_page_6,912.1,112.5,937.0
10452555,stimulus_Arg_PISACowsMilk_10_page_6,912.1,112.6,937.0
10452556,stimulus_Arg_PISACowsMilk_10_page_6,912.0,112.6,937.0
10452557,stimulus_Arg_PISACowsMilk_10_page_6,911.8,112.5,936.0
10452558,stimulus_Arg_PISACowsMilk_10_page_6,911.7,112.3,936.0
10452559,stimulus_Arg_PISACowsMilk_10_page_6,911.7,112.1,937.0
10452560,stimulus_Arg_PISACowsMilk_10_page_6,911.7,112.1,938.0
10452561,stimulus_Arg_PISACowsMilk_10_page_6,911.7,112.1,939.0
10452562,stimulus_Arg_PISACowsMilk_10_page_6,911.7,111.8,939.0
10452563,stimulus_Arg_PISACowsMilk_10_page_6,912.7,111.3,939.0
10452564,stimulus_Arg_PISACowsMilk_10_page_6,914.6,110.1,939.0
10452565,stimulus_Arg_PISACowsMilk_10_page_6,918.9,109.3,940.0
10452566,stimulus_Arg_PISACowsMilk_10_page_6,924.6,108.7,940.0
10452567,stimulus_Arg_PISACowsMilk_10_page_6,930.8,108.9,940.0
10452568,stimulus_Arg_PISACowsMilk_10_page_6,938.0,109.2,941.0
10452569,stimulus_Arg_PISACowsMilk_10_page_6,946.2,110.0,941.0
10452570,stimulus_Arg_PISACowsMilk_10_page_6,954.6,110.9,941.0
10452571,stimulus_Arg_PISACowsMilk_10_page_6,963.5,111.4,940.0
10452572,stimulus_Arg_PISACowsMilk_10_page_6,971.7,111.2,940.0
10452573,stimulus_Arg_PISACowsMilk_10_page_6,980.0,110.5,940.0
10452574,stimulus_Arg_PISACowsMilk_10_page_6,986.1,109.3,938.0
10452575,stimulus_Arg_PISACowsMilk_10_page_6,992.2,108.3,936.0
10452576,stimulus_Arg_PISACowsMilk_10_page_6,998.1,107.9,934.0
10452577,stimulus_Arg_PISACowsMilk_10_page_6,1002.7,107.7,934.0
10452578,stimulus_Arg_PISACowsMilk_10_page_6,1004.6,106.9,934.0
10452579,stimulus_Arg_PISACowsMilk_10_page_6,1004.6,105.8,934.0
10452580,stimulus_Arg_PISACowsMilk_10_page_6,1003.8,104.9,934.0
10452581,stimulus_Arg_PISACowsMilk_10_page_6,1002.1,104.4,932.0
10452582,stimulus_Arg_PISACowsMilk_10_page_6,999.4,104.2,930.0
10452583,stimulus_Arg_PISACowsMilk_10_page_6,996.7,104.0,928.0
10452584,stimulus_Arg_PISACowsMilk_10_page_6,994.2,103.7,928.0
10452585,stimulus_Arg_PISACowsMilk_10_page_6,992.3,103.1,928.0
10452586,stimulus_Arg_PISACowsMilk_10_page_6,990.5,102.5,928.0
10452587,stimulus_Arg_PISACowsMilk_10_page_6,989.4,102.1,929.0
10452588,stimulus_Arg_PISACowsMilk_10_page_6,988.8,102.0,929.0
10452589,stimulus_Arg_PISACowsMilk_10_page_6,989.0,101.7,929.0
10452590,stimulus_Arg_PISACowsMilk_10_page_6,989.4,101.5,930.0
10452591,stimulus_Arg_PISACowsMilk_10_page_6,990.2,101.4,931.0
10452592,stimulus_Arg_PISACowsMilk_10_page_6,990.7,101.7,931.0
10452593,stimulus_Arg_PISACowsMilk_10_page_6,991.1,102.3,931.0
10452594,stimulus_Arg_PISACowsMilk_10_page_6,991.3,102.7,930.0
10452595,stimulus_Arg_PISACowsMilk_10_page_6,991.6,103.0,929.0
10452596,stimulus_Arg_PISACowsMilk_10_page_6,992.0,103.0,928.0
10452597,stimulus_Arg_PISACowsMilk_10_page_6,991.8,103.1,929.0
10452598,stimulus_Arg_PISACowsMilk_10_page_6,991.6,103.4,930.0
10452599,stimulus_Arg_PISACowsMilk_10_page_6,991.4,103.7,931.0
10452600,stimulus_Arg_PISACowsMilk_10_page_6,991.4,103.5,932.0
10452601,stimulus_Arg_PISACowsMilk_10_page_6,991.2,103.2,933.0
10452602,stimulus_Arg_PISACowsMilk_10_page_6,990.9,103.2,933.0
10452603,stimulus_Arg_PISACowsMilk_10_page_6,990.7,103.6,934.0
10452604,stimulus_Arg_PISACowsMilk_10_page_6,990.6,104.0,933.0
10452605,stimulus_Arg_PISACowsMilk_10_page_6,990.7,104.0,933.0
10452606,stimulus_Arg_PISACowsMilk_10_page_6,990.8,104.0,933.0
10452607,stimulus_Arg_PISACowsMilk_10_page_6,991.1,103.9,933.0
10452608,stimulus_Arg_PISACowsMilk_10_page_6,991.2,103.9,933.0
10452609,stimulus_Arg_PISACowsMilk_10_page_6,991.4,103.9,933.0
10452610,stimulus_Arg_PISACowsMilk_10_page_6,991.5,104.0,933.0
10452611,stimulus_Arg_PISACowsMilk_10_page_6,991.5,103.9,933.0
10452612,stimulus_Arg_PISACowsMilk_10_page_6,991.4,103.9,933.0
10452613,stimulus_Arg_PISACowsMilk_10_page_6,991.4,103.9,933.0
10452614,stimulus_Arg_PISACowsMilk_10_page_6,991.7,104.0,932.0
10452615,stimulus_Arg_PISACowsMilk_10_page_6,992.1,104.0,932.0
10452616,stimulus_Arg_PISACowsMilk_10_page_6,992.5,104.0,933.0
10452617,stimulus_Arg_PISACowsMilk_10_page_6,992.6,104.0,933.0
10452618,stimulus_Arg_PISACowsMilk_10_page_6,992.4,104.0,933.0
10452619,stimulus_Arg_PISACowsMilk_10_page_6,992.2,104.0,934.0
10452620,stimulus_Arg_PISACowsMilk_10_page_6,992.3,103.8,934.0
10452621,stimulus_Arg_PISACowsMilk_10_page_6,992.5,103.6,935.0
10452622,stimulus_Arg_PISACowsMilk_10_page_6,992.5,103.4,934.0
10452623,stimulus_Arg_PISACowsMilk_10_page_6,992.2,103.6,934.0
10452624,stimulus_Arg_PISACowsMilk_10_page_6,991.9,103.9,933.0
10452625,stimulus_Arg_PISACowsMilk_10_page_6,991.7,104.1,932.0
10452626,stimulus_Arg_PISACowsMilk_10_page_6,991.6,104.0,931.0
10452627,stimulus_Arg_PISACowsMilk_10_page_6,991.5,104.3,932.0
10452628,stimulus_Arg_PISACowsMilk_10_page_6,991.5,104.6,933.0
10452629,stimulus_Arg_PISACowsMilk_10_page_6,991.4,104.9,933.0
10452630,stimulus_Arg_PISACowsMilk_10_page_6,991.4,104.9,933.0
10452631,stimulus_Arg_PISACowsMilk_10_page_6,991.5,104.8,932.0
10452632,stimulus_Arg_PISACowsMilk_10_page_6,991.5,104.7,932.0
10452633,stimulus_Arg_PISACowsMilk_10_page_6,991.7,104.5,931.0
10452634,stimulus_Arg_PISACowsMilk_10_page_6,991.9,104.3,931.0
10452635,stimulus_Arg_PISACowsMilk_10_page_6,992.0,104.2,931.0
10452636,stimulus_Arg_PISACowsMilk_10_page_6,992.1,104.3,930.0
10452637,stimulus_Arg_PISACowsMilk_10_page_6,992.0,104.4,929.0
10452638,stimulus_Arg_PISACowsMilk_10_page_6,992.0,104.5,929.0
10452639,stimulus_Arg_PISACowsMilk_10_page_6,992.0,104.5,929.0
10452640,stimulus_Arg_PISACowsMilk_10_page_6,992.0,104.5,929.0
10452641,stimulus_Arg_PISACowsMilk_10_page_6,992.0,104.5,930.0
10452642,stimulus_Arg_PISACowsMilk_10_page_6,991.9,104.4,930.0
10452643,stimulus_Arg_PISACowsMilk_10_page_6,991.9,104.5,929.0
10452644,stimulus_Arg_PISACowsMilk_10_page_6,991.8,104.5,929.0
10452645,stimulus_Arg_PISACowsMilk_10_page_6,991.6,104.5,928.0
10452646,stimulus_Arg_PISACowsMilk_10_page_6,991.5,104.4,928.0
10452647,stimulus_Arg_PISACowsMilk_10_page_6,991.4,104.3,928.0
10452648,stimulus_Arg_PISACowsMilk_10_page_6,991.5,104.1,928.0
10452649,stimulus_Arg_PISACowsMilk_10_page_6,991.7,104.2,929.0
10452650,stimulus_Arg_PISACowsMilk_10_page_6,991.8,104.5,929.0
10452651,stimulus_Arg_PISACowsMilk_10_page_6,991.8,104.8,930.0
10452652,stimulus_Arg_PISACowsMilk_10_page_6,991.8,105.0,930.0
10452653,stimulus_Arg_PISACowsMilk_10_page_6,991.8,105.0,930.0
10452654,stimulus_Arg_PISACowsMilk_10_page_6,992.0,104.9,931.0
10452655,stimulus_Arg_PISACowsMilk_10_page_6,992.2,104.7,931.0
10452656,stimulus_Arg_PISACowsMilk_10_page_6,992.3,104.5,931.0
10452657,stimulus_Arg_PISACowsMilk_10_page_6,992.2,104.6,930.0
10452658,stimulus_Arg_PISACowsMilk_10_page_6,992.1,104.6,929.0
10452659,stimulus_Arg_PISACowsMilk_10_page_6,992.0,104.7,929.0
10452660,stimulus_Arg_PISACowsMilk_10_page_6,992.0,104.8,930.0
10452661,stimulus_Arg_PISACowsMilk_10_page_6,992.0,104.9,930.0
10452662,stimulus_Arg_PISACowsMilk_10_page_6,991.9,105.2,930.0
10452663,stimulus_Arg_PISACowsMilk_10_page_6,991.8,105.3,930.0
10452664,stimulus_Arg_PISACowsMilk_10_page_6,991.9,105.4,929.0
10452665,stimulus_Arg_PISACowsMilk_10_page_6,992.0,105.3,930.0
10452666,stimulus_Arg_PISACowsMilk_10_page_6,992.2,105.1,929.0
10452667,stimulus_Arg_PISACowsMilk_10_page_6,992.4,105.1,927.0
10452668,stimulus_Arg_PISACowsMilk_10_page_6,992.5,105.1,927.0
10452669,stimulus_Arg_PISACowsMilk_10_page_6,992.6,105.0,928.0
10452670,stimulus_Arg_PISACowsMilk_10_page_6,992.7,105.0,929.0
10452671,stimulus_Arg_PISACowsMilk_10_page_6,992.7,104.7,929.0
10452672,stimulus_Arg_PISACowsMilk_10_page_6,992.6,104.4,929.0
10452673,stimulus_Arg_PISACowsMilk_10_page_6,992.4,104.0,929.0
10452674,stimulus_Arg_PISACowsMilk_10_page_6,992.6,104.4,928.0
10452675,stimulus_Arg_PISACowsMilk_10_page_6,992.9,104.7,928.0
10452676,stimulus_Arg_PISACowsMilk_10_page_6,993.2,105.0,927.0
10452677,stimulus_Arg_PISACowsMilk_10_page_6,993.1,105.2,927.0
10452678,stimulus_Arg_PISACowsMilk_10_page_6,993.0,105.5,927.0
10452679,stimulus_Arg_PISACowsMilk_10_page_6,992.9,105.8,928.0
10452680,stimulus_Arg_PISACowsMilk_10_page_6,993.0,105.9,928.0
10452681,stimulus_Arg_PISACowsMilk_10_page_6,993.0,106.0,928.0
10452682,stimulus_Arg_PISACowsMilk_10_page_6,993.1,105.8,927.0
10452683,stimulus_Arg_PISACowsMilk_10_page_6,992.7,105.5,927.0
10452684,stimulus_Arg_PISACowsMilk_10_page_6,992.3,105.2,927.0
10452685,stimulus_Arg_PISACowsMilk_10_page_6,992.4,105.4,927.0
10452686,stimulus_Arg_PISACowsMilk_10_page_6,992.9,105.7,927.0
10452687,stimulus_Arg_PISACowsMilk_10_page_6,993.5,105.8,927.0
10452688,stimulus_Arg_PISACowsMilk_10_page_6,993.5,105.7,928.0
10452689,stimulus_Arg_PISACowsMilk_10_page_6,993.6,105.6,928.0
10452690,stimulus_Arg_PISACowsMilk_10_page_6,993.6,105.6,929.0
10452691,stimulus_Arg_PISACowsMilk_10_page_6,993.6,105.6,929.0
10452692,stimulus_Arg_PISACowsMilk_10_page_6,993.6,105.5,928.0
10452693,stimulus_Arg_PISACowsMilk_10_page_6,993.5,105.6,927.0
10452694,stimulus_Arg_PISACowsMilk_10_page_6,993.3,105.8,926.0
10452695,stimulus_Arg_PISACowsMilk_10_page_6,993.2,106.0,926.0
10452696,stimulus_Arg_PISACowsMilk_10_page_6,993.2,106.2,926.0
10452697,stimulus_Arg_PISACowsMilk_10_page_6,993.3,106.2,926.0
10452698,stimulus_Arg_PISACowsMilk_10_page_6,993.5,106.1,926.0
10452699,stimulus_Arg_PISACowsMilk_10_page_6,993.5,106.2,926.0
10452700,stimulus_Arg_PISACowsMilk_10_page_6,993.4,106.3,926.0
10452701,stimulus_Arg_PISACowsMilk_10_page_6,993.4,106.4,926.0
10452702,stimulus_Arg_PISACowsMilk_10_page_6,993.4,106.3,926.0
10452703,stimulus_Arg_PISACowsMilk_10_page_6,993.5,106.1,926.0
10452704,stimulus_Arg_PISACowsMilk_10_page_6,993.4,105.8,925.0
10452705,stimulus_Arg_PISACowsMilk_10_page_6,993.4,105.7,925.0
10452706,stimulus_Arg_PISACowsMilk_10_page_6,993.5,105.6,926.0
10452707,stimulus_Arg_PISACowsMilk_10_page_6,993.6,105.6,926.0
10452708,stimulus_Arg_PISACowsMilk_10_page_6,993.8,105.5,926.0
10452709,stimulus_Arg_PISACowsMilk_10_page_6,994.2,105.5,926.0
10452710,stimulus_Arg_PISACowsMilk_10_page_6,994.7,105.6,926.0
10452711,stimulus_Arg_PISACowsMilk_10_page_6,995.1,105.8,927.0
10452712,stimulus_Arg_PISACowsMilk_10_page_6,995.1,106.0,927.0
10452713,stimulus_Arg_PISACowsMilk_10_page_6,995.2,106.1,928.0
10452714,stimulus_Arg_PISACowsMilk_10_page_6,995.2,106.3,930.0
10452715,stimulus_Arg_PISACowsMilk_10_page_6,995.3,106.3,931.0
10452716,stimulus_Arg_PISACowsMilk_10_page_6,995.4,106.3,930.0
10452717,stimulus_Arg_PISACowsMilk_10_page_6,995.4,106.3,930.0
10452718,stimulus_Arg_PISACowsMilk_10_page_6,995.7,106.2,930.0
10452719,stimulus_Arg_PISACowsMilk_10_page_6,996.1,106.2,929.0
10452720,stimulus_Arg_PISACowsMilk_10_page_6,996.5,106.2,929.0
10452721,stimulus_Arg_PISACowsMilk_10_page_6,996.5,106.2,930.0
10452722,stimulus_Arg_PISACowsMilk_10_page_6,996.5,106.2,930.0
10452723,stimulus_Arg_PISACowsMilk_10_page_6,996.5,106.1,930.0
10452724,stimulus_Arg_PISACowsMilk_10_page_6,996.5,106.0,929.0
10452725,stimulus_Arg_PISACowsMilk_10_page_6,996.5,105.7,928.0
10452726,stimulus_Arg_PISACowsMilk_10_page_6,996.6,105.5,928.0
10452727,stimulus_Arg_PISACowsMilk_10_page_6,996.6,105.3,928.0
10452728,stimulus_Arg_PISACowsMilk_10_page_6,996.7,105.1,929.0
10452729,stimulus_Arg_PISACowsMilk_10_page_6,996.7,105.0,929.0
10452730,stimulus_Arg_PISACowsMilk_10_page_6,996.9,104.8,929.0
10452731,stimulus_Arg_PISACowsMilk_10_page_6,997.1,104.8,929.0
10452732,stimulus_Arg_PISACowsMilk_10_page_6,997.1,104.6,930.0
10452733,stimulus_Arg_PISACowsMilk_10_page_6,996.8,104.3,930.0
10452734,stimulus_Arg_PISACowsMilk_10_page_6,996.6,104.1,930.0
10452735,stimulus_Arg_PISACowsMilk_10_page_6,996.7,104.1,929.0
10452736,stimulus_Arg_PISACowsMilk_10_page_6,996.8,104.2,929.0
10452737,stimulus_Arg_PISACowsMilk_10_page_6,996.8,104.4,928.0
10452738,stimulus_Arg_PISACowsMilk_10_page_6,996.7,104.3,928.0
10452739,stimulus_Arg_PISACowsMilk_10_page_6,996.5,104.1,928.0
10452740,stimulus_Arg_PISACowsMilk_10_page_6,996.5,103.8,928.0
10452741,stimulus_Arg_PISACowsMilk_10_page_6,996.4,103.7,928.0
10452742,stimulus_Arg_PISACowsMilk_10_page_6,996.4,103.7,928.0
10452743,stimulus_Arg_PISACowsMilk_10_page_6,996.4,103.7,927.0
10452744,stimulus_Arg_PISACowsMilk_10_page_6,996.3,103.7,926.0
10452745,stimulus_Arg_PISACowsMilk_10_page_6,996.1,103.6,926.0
10452746,stimulus_Arg_PISACowsMilk_10_page_6,996.2,103.6,926.0
10452747,stimulus_Arg_PISACowsMilk_10_page_6,996.7,103.6,927.0
10452748,stimulus_Arg_PISACowsMilk_10_page_6,997.1,103.5,927.0
10452749,stimulus_Arg_PISACowsMilk_10_page_6,997.1,103.5,927.0
10452750,stimulus_Arg_PISACowsMilk_10_page_6,997.1,103.6,926.0
10452751,stimulus_Arg_PISACowsMilk_10_page_6,997.0,103.5,926.0
10452752,stimulus_Arg_PISACowsMilk_10_page_6,997.0,103.3,926.0
10452753,stimulus_Arg_PISACowsMilk_10_page_6,996.9,103.2,926.0
10452754,stimulus_Arg_PISACowsMilk_10_page_6,996.9,103.1,926.0
10452755,stimulus_Arg_PISACowsMilk_10_page_6,996.8,103.2,926.0
10452756,stimulus_Arg_PISACowsMilk_10_page_6,996.7,103.3,925.0
10452757,stimulus_Arg_PISACowsMilk_10_page_6,996.7,103.5,925.0
10452758,stimulus_Arg_PISACowsMilk_10_page_6,996.9,103.5,925.0
10452759,stimulus_Arg_PISACowsMilk_10_page_6,997.0,103.6,926.0
10452760,stimulus_Arg_PISACowsMilk_10_page_6,997.3,103.7,926.0
10452761,stimulus_Arg_PISACowsMilk_10_page_6,997.4,103.9,926.0
10452762,stimulus_Arg_PISACowsMilk_10_page_6,997.2,103.9,926.0
10452763,stimulus_Arg_PISACowsMilk_10_page_6,996.9,103.9,926.0
10452764,stimulus_Arg_PISACowsMilk_10_page_6,996.6,103.9,925.0
10452765,stimulus_Arg_PISACowsMilk_10_page_6,996.7,104.0,925.0
10452766,stimulus_Arg_PISACowsMilk_10_page_6,996.8,104.0,925.0
10452767,stimulus_Arg_PISACowsMilk_10_page_6,996.8,104.0,925.0
10452768,stimulus_Arg_PISACowsMilk_10_page_6,996.6,104.1,925.0
10452769,stimulus_Arg_PISACowsMilk_10_page_6,996.3,104.1,925.0
10452770,stimulus_Arg_PISACowsMilk_10_page_6,996.0,104.1,926.0
10452771,stimulus_Arg_PISACowsMilk_10_page_6,996.0,104.0,926.0
10452772,stimulus_Arg_PISACowsMilk_10_page_6,996.1,103.9,927.0
10452773,stimulus_Arg_PISACowsMilk_10_page_6,996.5,103.6,928.0
10452774,stimulus_Arg_PISACowsMilk_10_page_6,997.2,103.3,927.0
10452775,stimulus_Arg_PISACowsMilk_10_page_6,998.5,103.1,927.0
10452776,stimulus_Arg_PISACowsMilk_10_page_6,1001.0,103.3,926.0
10452777,stimulus_Arg_PISACowsMilk_10_page_6,1004.6,104.2,925.0
10452778,stimulus_Arg_PISACowsMilk_10_page_6,1009.9,105.5,924.0
10452779,stimulus_Arg_PISACowsMilk_10_page_6,1016.2,106.7,924.0
10452780,stimulus_Arg_PISACowsMilk_10_page_6,1023.6,107.6,925.0
10452781,stimulus_Arg_PISACowsMilk_10_page_6,1032.8,109.1,927.0
10452782,stimulus_Arg_PISACowsMilk_10_page_6,1041.5,110.9,929.0
10452783,stimulus_Arg_PISACowsMilk_10_page_6,1052.4,112.6,929.0
10452784,stimulus_Arg_PISACowsMilk_10_page_6,1062.0,113.5,928.0
10452785,stimulus_Arg_PISACowsMilk_10_page_6,1072.3,114.0,928.0
10452786,stimulus_Arg_PISACowsMilk_10_page_6,1080.6,113.5,927.0
10452787,stimulus_Arg_PISACowsMilk_10_page_6,1088.4,112.8,928.0
10452788,stimulus_Arg_PISACowsMilk_10_page_6,1096.1,111.9,928.0
10452789,stimulus_Arg_PISACowsMilk_10_page_6,1103.4,111.4,927.0
10452790,stimulus_Arg_PISACowsMilk_10_page_6,1109.6,111.0,926.0
10452791,stimulus_Arg_PISACowsMilk_10_page_6,1115.4,110.2,923.0
10452792,stimulus_Arg_PISACowsMilk_10_page_6,1119.6,109.1,920.0
10452793,stimulus_Arg_PISACowsMilk_10_page_6,1124.1,107.6,917.0
10452794,stimulus_Arg_PISACowsMilk_10_page_6,1128.5,106.6,914.0
10452795,stimulus_Arg_PISACowsMilk_10_page_6,1132.0,105.7,912.0
10452796,stimulus_Arg_PISACowsMilk_10_page_6,1134.8,104.8,910.0
10452797,stimulus_Arg_PISACowsMilk_10_page_6,1135.8,103.8,910.0
10452798,stimulus_Arg_PISACowsMilk_10_page_6,1136.6,103.2,909.0
10452799,stimulus_Arg_PISACowsMilk_10_page_6,1136.3,102.6,909.0
10452800,stimulus_Arg_PISACowsMilk_10_page_6,1135.4,101.7,909.0
10452801,stimulus_Arg_PISACowsMilk_10_page_6,1134.0,100.9,908.0
10452802,stimulus_Arg_PISACowsMilk_10_page_6,1132.4,100.3,908.0
10452803,stimulus_Arg_PISACowsMilk_10_page_6,1131.1,100.6,907.0
10452804,stimulus_Arg_PISACowsMilk_10_page_6,1129.5,100.9,907.0
10452805,stimulus_Arg_PISACowsMilk_10_page_6,1127.2,100.9,906.0
10452806,stimulus_Arg_PISACowsMilk_10_page_6,1123.7,100.2,905.0
10452807,stimulus_Arg_PISACowsMilk_10_page_6,1119.5,99.6,904.0
10452808,stimulus_Arg_PISACowsMilk_10_page_6,1115.1,99.9,906.0
10452809,stimulus_Arg_PISACowsMilk_10_page_6,1111.5,100.5,907.0
10452810,stimulus_Arg_PISACowsMilk_10_page_6,1109.1,101.2,909.0
10452811,stimulus_Arg_PISACowsMilk_10_page_6,1107.8,101.3,909.0
10452812,stimulus_Arg_PISACowsMilk_10_page_6,1106.9,101.4,910.0
10452813,stimulus_Arg_PISACowsMilk_10_page_6,1106.5,101.5,910.0
10452814,stimulus_Arg_PISACowsMilk_10_page_6,1106.6,101.5,911.0
10452815,stimulus_Arg_PISACowsMilk_10_page_6,1107.0,101.8,912.0
10452816,stimulus_Arg_PISACowsMilk_10_page_6,1107.8,102.0,913.0
10452817,stimulus_Arg_PISACowsMilk_10_page_6,1109.3,102.5,913.0
10452818,stimulus_Arg_PISACowsMilk_10_page_6,1110.9,102.9,914.0
10452819,stimulus_Arg_PISACowsMilk_10_page_6,1113.0,103.2,915.0
10452820,stimulus_Arg_PISACowsMilk_10_page_6,1114.5,103.3,915.0
10452821,stimulus_Arg_PISACowsMilk_10_page_6,1116.3,103.4,915.0
10452822,stimulus_Arg_PISACowsMilk_10_page_6,1117.2,103.4,915.0
10452823,stimulus_Arg_PISACowsMilk_10_page_6,1118.1,103.7,915.0
10452824,stimulus_Arg_PISACowsMilk_10_page_6,1118.6,104.1,916.0
10452825,stimulus_Arg_PISACowsMilk_10_page_6,1118.9,104.4,916.0
10452826,stimulus_Arg_PISACowsMilk_10_page_6,1118.9,104.5,916.0
10452827,stimulus_Arg_PISACowsMilk_10_page_6,1118.9,104.6,916.0
10452828,stimulus_Arg_PISACowsMilk_10_page_6,1118.9,104.7,916.0
10452829,stimulus_Arg_PISACowsMilk_10_page_6,1118.9,104.7,915.0
10452830,stimulus_Arg_PISACowsMilk_10_page_6,1118.9,104.6,915.0
10452831,stimulus_Arg_PISACowsMilk_10_page_6,1118.8,104.5,915.0
10452832,stimulus_Arg_PISACowsMilk_10_page_6,1118.8,104.3,916.0
10452833,stimulus_Arg_PISACowsMilk_10_page_6,1118.7,104.2,916.0
10452834,stimulus_Arg_PISACowsMilk_10_page_6,1118.4,104.2,916.0
10452835,stimulus_Arg_PISACowsMilk_10_page_6,1118.1,104.2,916.0
10452836,stimulus_Arg_PISACowsMilk_10_page_6,1117.9,104.2,916.0
10452837,stimulus_Arg_PISACowsMilk_10_page_6,1118.0,104.1,916.0
10452838,stimulus_Arg_PISACowsMilk_10_page_6,1118.0,104.2,916.0
10452839,stimulus_Arg_PISACowsMilk_10_page_6,1118.0,104.3,915.0
10452840,stimulus_Arg_PISACowsMilk_10_page_6,1117.9,104.3,915.0
10452841,stimulus_Arg_PISACowsMilk_10_page_6,1117.6,104.1,914.0
10452842,stimulus_Arg_PISACowsMilk_10_page_6,1117.4,103.9,913.0
10452843,stimulus_Arg_PISACowsMilk_10_page_6,1117.1,103.8,913.0
10452844,stimulus_Arg_PISACowsMilk_10_page_6,1117.0,103.8,913.0
10452845,stimulus_Arg_PISACowsMilk_10_page_6,1116.8,103.6,913.0
10452846,stimulus_Arg_PISACowsMilk_10_page_6,1116.8,103.5,912.0
10452847,stimulus_Arg_PISACowsMilk_10_page_6,1116.8,103.3,912.0
10452848,stimulus_Arg_PISACowsMilk_10_page_6,1116.7,103.3,913.0
10452849,stimulus_Arg_PISACowsMilk_10_page_6,1116.7,103.4,914.0
10452850,stimulus_Arg_PISACowsMilk_10_page_6,1116.8,103.6,915.0
10452851,stimulus_Arg_PISACowsMilk_10_page_6,1116.9,103.7,915.0
10452852,stimulus_Arg_PISACowsMilk_10_page_6,1116.9,103.6,914.0
10452853,stimulus_Arg_PISACowsMilk_10_page_6,1116.7,103.3,915.0
10452854,stimulus_Arg_PISACowsMilk_10_page_6,1116.6,103.0,915.0
10452855,stimulus_Arg_PISACowsMilk_10_page_6,1116.6,102.7,914.0
10452856,stimulus_Arg_PISACowsMilk_10_page_6,1116.6,102.7,913.0
10452857,stimulus_Arg_PISACowsMilk_10_page_6,1116.6,102.7,913.0
10452858,stimulus_Arg_PISACowsMilk_10_page_6,1116.4,102.8,913.0
10452859,stimulus_Arg_PISACowsMilk_10_page_6,1116.2,102.9,913.0
10452860,stimulus_Arg_PISACowsMilk_10_page_6,1116.1,102.8,914.0
10452861,stimulus_Arg_PISACowsMilk_10_page_6,1116.2,102.6,914.0
10452862,stimulus_Arg_PISACowsMilk_10_page_6,1116.3,102.5,914.0
10452863,stimulus_Arg_PISACowsMilk_10_page_6,1116.3,102.7,914.0
10452864,stimulus_Arg_PISACowsMilk_10_page_6,1116.3,102.8,913.0
10452865,stimulus_Arg_PISACowsMilk_10_page_6,1116.4,103.0,913.0
10452866,stimulus_Arg_PISACowsMilk_10_page_6,1116.4,103.2,913.0
10452867,stimulus_Arg_PISACowsMilk_10_page_6,1116.5,103.4,913.0
10452868,stimulus_Arg_PISACowsMilk_10_page_6,1116.3,103.5,913.0
10452869,stimulus_Arg_PISACowsMilk_10_page_6,1116.1,103.3,914.0
10452870,stimulus_Arg_PISACowsMilk_10_page_6,1115.9,103.0,914.0
10452871,stimulus_Arg_PISACowsMilk_10_page_6,1115.8,102.6,915.0
10452872,stimulus_Arg_PISACowsMilk_10_page_6,1115.7,102.6,915.0
10452873,stimulus_Arg_PISACowsMilk_10_page_6,1115.7,102.6,914.0
10452874,stimulus_Arg_PISACowsMilk_10_page_6,1115.7,102.9,913.0
10452875,stimulus_Arg_PISACowsMilk_10_page_6,1115.7,103.2,912.0
10452876,stimulus_Arg_PISACowsMilk_10_page_6,1115.7,103.4,912.0
10452877,stimulus_Arg_PISACowsMilk_10_page_6,1115.8,103.2,912.0
10452878,stimulus_Arg_PISACowsMilk_10_page_6,1115.9,103.1,912.0
10452879,stimulus_Arg_PISACowsMilk_10_page_6,1115.8,103.0,913.0
10452880,stimulus_Arg_PISACowsMilk_10_page_6,1115.7,103.0,913.0
10452881,stimulus_Arg_PISACowsMilk_10_page_6,1115.7,103.0,913.0
10452882,stimulus_Arg_PISACowsMilk_10_page_6,1115.8,103.1,913.0
10452883,stimulus_Arg_PISACowsMilk_10_page_6,1116.1,103.1,914.0
10452884,stimulus_Arg_PISACowsMilk_10_page_6,1116.2,103.1,914.0
10452885,stimulus_Arg_PISACowsMilk_10_page_6,1115.8,103.1,913.0
10452886,stimulus_Arg_PISACowsMilk_10_page_6,1115.4,103.2,913.0
10452887,stimulus_Arg_PISACowsMilk_10_page_6,1115.1,103.2,912.0
10452888,stimulus_Arg_PISACowsMilk_10_page_6,1115.2,103.1,912.0
10452889,stimulus_Arg_PISACowsMilk_10_page_6,1115.3,102.9,912.0
10452890,stimulus_Arg_PISACowsMilk_10_page_6,1115.3,102.7,912.0
10452891,stimulus_Arg_PISACowsMilk_10_page_6,1115.3,102.5,912.0
10452892,stimulus_Arg_PISACowsMilk_10_page_6,1115.3,102.3,912.0
10452893,stimulus_Arg_PISACowsMilk_10_page_6,1115.4,102.4,911.0
10452894,stimulus_Arg_PISACowsMilk_10_page_6,1115.7,102.6,910.0
10452895,stimulus_Arg_PISACowsMilk_10_page_6,1116.1,102.9,908.0
10452896,stimulus_Arg_PISACowsMilk_10_page_6,1116.6,102.8,907.0
10452897,stimulus_Arg_PISACowsMilk_10_page_6,1116.6,102.7,908.0
10452898,stimulus_Arg_PISACowsMilk_10_page_6,1116.5,102.7,908.0
10452899,stimulus_Arg_PISACowsMilk_10_page_6,1116.4,102.6,908.0
10452900,stimulus_Arg_PISACowsMilk_10_page_6,1116.5,102.6,908.0
10452901,stimulus_Arg_PISACowsMilk_10_page_6,1116.7,102.6,907.0
10452902,stimulus_Arg_PISACowsMilk_10_page_6,1116.9,102.5,907.0
10452903,stimulus_Arg_PISACowsMilk_10_page_6,1116.5,102.5,907.0
10452904,stimulus_Arg_PISACowsMilk_10_page_6,1115.9,102.5,907.0
10452905,stimulus_Arg_PISACowsMilk_10_page_6,1115.4,102.6,907.0
10452906,stimulus_Arg_PISACowsMilk_10_page_6,1115.2,102.7,907.0
10452907,stimulus_Arg_PISACowsMilk_10_page_6,1115.5,102.7,906.0
10452908,stimulus_Arg_PISACowsMilk_10_page_6,1115.8,102.7,906.0
10452909,stimulus_Arg_PISACowsMilk_10_page_6,1116.2,102.6,906.0
10452910,stimulus_Arg_PISACowsMilk_10_page_6,1116.2,102.7,907.0
10452911,stimulus_Arg_PISACowsMilk_10_page_6,1116.3,102.8,907.0
10452912,stimulus_Arg_PISACowsMilk_10_page_6,1116.3,102.9,906.0
10452913,stimulus_Arg_PISACowsMilk_10_page_6,1116.4,102.9,906.0
10452914,stimulus_Arg_PISACowsMilk_10_page_6,1116.8,102.8,905.0
10452915,stimulus_Arg_PISACowsMilk_10_page_6,1117.1,102.9,905.0
10452916,stimulus_Arg_PISACowsMilk_10_page_6,1117.4,103.0,905.0
10452917,stimulus_Arg_PISACowsMilk_10_page_6,1117.4,103.0,905.0
10452918,stimulus_Arg_PISACowsMilk_10_page_6,1117.4,102.8,906.0
10452919,stimulus_Arg_PISACowsMilk_10_page_6,1117.3,102.5,906.0
10452920,stimulus_Arg_PISACowsMilk_10_page_6,1117.2,102.3,907.0
10452921,stimulus_Arg_PISACowsMilk_10_page_6,1117.6,102.3,907.0
10452922,stimulus_Arg_PISACowsMilk_10_page_6,1118.0,102.5,907.0
10452923,stimulus_Arg_PISACowsMilk_10_page_6,1118.4,102.8,907.0
10452924,stimulus_Arg_PISACowsMilk_10_page_6,1118.4,102.8,907.0
10452925,stimulus_Arg_PISACowsMilk_10_page_6,1118.3,102.8,906.0
10452926,stimulus_Arg_PISACowsMilk_10_page_6,1118.2,102.8,906.0
10452927,stimulus_Arg_PISACowsMilk_10_page_6,1117.9,102.8,906.0
10452928,stimulus_Arg_PISACowsMilk_10_page_6,1117.7,102.9,907.0
10452929,stimulus_Arg_PISACowsMilk_10_page_6,1117.6,102.8,906.0
10452930,stimulus_Arg_PISACowsMilk_10_page_6,1117.7,102.9,906.0
10452931,stimulus_Arg_PISACowsMilk_10_page_6,1117.7,102.9,906.0
10452932,stimulus_Arg_PISACowsMilk_10_page_6,1117.7,102.9,906.0
10452933,stimulus_Arg_PISACowsMilk_10_page_6,1117.6,103.1,907.0
10452934,stimulus_Arg_PISACowsMilk_10_page_6,1117.6,103.3,907.0
10452935,stimulus_Arg_PISACowsMilk_10_page_6,1117.7,103.5,907.0
10452936,stimulus_Arg_PISACowsMilk_10_page_6,1117.6,103.6,907.0
10452937,stimulus_Arg_PISACowsMilk_10_page_6,1117.5,103.5,907.0
10452938,stimulus_Arg_PISACowsMilk_10_page_6,1117.6,103.5,907.0
10452939,stimulus_Arg_PISACowsMilk_10_page_6,1117.8,103.5,908.0
10452940,stimulus_Arg_PISACowsMilk_10_page_6,1117.8,103.4,908.0
10452941,stimulus_Arg_PISACowsMilk_10_page_6,1117.7,103.4,908.0
10452942,stimulus_Arg_PISACowsMilk_10_page_6,1117.7,103.3,907.0
10452943,stimulus_Arg_PISACowsMilk_10_page_6,1117.8,103.4,907.0
10452944,stimulus_Arg_PISACowsMilk_10_page_6,1118.0,103.4,908.0
10452945,stimulus_Arg_PISACowsMilk_10_page_6,1118.0,103.4,909.0
10452946,stimulus_Arg_PISACowsMilk_10_page_6,1117.9,103.4,909.0
10452947,stimulus_Arg_PISACowsMilk_10_page_6,1117.8,103.5,909.0
10452948,stimulus_Arg_PISACowsMilk_10_page_6,1117.7,103.8,909.0
10452949,stimulus_Arg_PISACowsMilk_10_page_6,1117.5,104.0,909.0
10452950,stimulus_Arg_PISACowsMilk_10_page_6,1117.3,104.2,909.0
10452951,stimulus_Arg_PISACowsMilk_10_page_6,1117.0,104.0,909.0
10452952,stimulus_Arg_PISACowsMilk_10_page_6,1117.0,103.8,910.0
10452953,stimulus_Arg_PISACowsMilk_10_page_6,1117.0,103.9,910.0
10452954,stimulus_Arg_PISACowsMilk_10_page_6,1116.9,104.1,910.0
10452955,stimulus_Arg_PISACowsMilk_10_page_6,1116.5,104.3,910.0
10452956,stimulus_Arg_PISACowsMilk_10_page_6,1115.7,104.3,911.0
10452957,stimulus_Arg_PISACowsMilk_10_page_6,1114.9,104.7,911.0
10452958,stimulus_Arg_PISACowsMilk_10_page_6,1113.8,105.2,912.0
10452959,stimulus_Arg_PISACowsMilk_10_page_6,1112.7,105.5,913.0
10452960,stimulus_Arg_PISACowsMilk_10_page_6,1111.4,105.5,914.0
10452961,stimulus_Arg_PISACowsMilk_10_page_6,1109.4,105.3,915.0
10452962,stimulus_Arg_PISACowsMilk_10_page_6,1105.7,105.5,914.0
10452963,stimulus_Arg_PISACowsMilk_10_page_6,1100.4,105.8,914.0
10452964,stimulus_Arg_PISACowsMilk_10_page_6,1093.9,106.0,914.0
10452965,stimulus_Arg_PISACowsMilk_10_page_6,1084.8,105.9,914.0
10452966,stimulus_Arg_PISACowsMilk_10_page_6,1072.9,106.5,915.0
10452967,stimulus_Arg_PISACowsMilk_10_page_6,1058.0,107.1,916.0
10452968,stimulus_Arg_PISACowsMilk_10_page_6,1041.8,107.6,918.0
10452969,stimulus_Arg_PISACowsMilk_10_page_6,1025.5,108.4,920.0
10452970,stimulus_Arg_PISACowsMilk_10_page_6,1010.1,109.3,923.0
10452971,stimulus_Arg_PISACowsMilk_10_page_6,994.8,111.4,928.0
10452972,stimulus_Arg_PISACowsMilk_10_page_6,978.2,113.1,933.0
10452973,stimulus_Arg_PISACowsMilk_10_page_6,960.9,115.3,938.0
10452974,stimulus_Arg_PISACowsMilk_10_page_6,942.7,117.3,941.0
10452975,stimulus_Arg_PISACowsMilk_10_page_6,926.0,119.3,943.0
10452976,stimulus_Arg_PISACowsMilk_10_page_6,909.0,122.1,944.0
10452977,stimulus_Arg_PISACowsMilk_10_page_6,894.0,124.7,946.0
10452978,stimulus_Arg_PISACowsMilk_10_page_6,878.9,127.1,951.0
10452979,stimulus_Arg_PISACowsMilk_10_page_6,864.6,128.8,955.0
10452980,stimulus_Arg_PISACowsMilk_10_page_6,850.7,130.5,957.0
10452981,stimulus_Arg_PISACowsMilk_10_page_6,837.2,132.3,957.0
10452982,stimulus_Arg_PISACowsMilk_10_page_6,823.8,134.4,958.0
10452983,stimulus_Arg_PISACowsMilk_10_page_6,810.1,135.6,960.0
10452984,stimulus_Arg_PISACowsMilk_10_page_6,795.6,137.5,961.0
10452985,stimulus_Arg_PISACowsMilk_10_page_6,780.8,138.5,962.0
10452986,stimulus_Arg_PISACowsMilk_10_page_6,765.1,140.8,962.0
10452987,stimulus_Arg_PISACowsMilk_10_page_6,749.3,142.1,962.0
10452988,stimulus_Arg_PISACowsMilk_10_page_6,733.8,143.2,963.0
10452989,stimulus_Arg_PISACowsMilk_10_page_6,718.9,143.4,964.0
10452990,stimulus_Arg_PISACowsMilk_10_page_6,705.1,144.6,965.0
10452991,stimulus_Arg_PISACowsMilk_10_page_6,691.1,146.5,965.0
10452992,stimulus_Arg_PISACowsMilk_10_page_6,677.2,148.3,967.0
10452993,stimulus_Arg_PISACowsMilk_10_page_6,661.8,149.4,968.0
10452994,stimulus_Arg_PISACowsMilk_10_page_6,647.1,150.3,971.0
10452995,stimulus_Arg_PISACowsMilk_10_page_6,631.8,151.6,972.0
10452996,stimulus_Arg_PISACowsMilk_10_page_6,617.2,153.3,973.0
10452997,stimulus_Arg_PISACowsMilk_10_page_6,601.9,155.8,973.0
10452998,stimulus_Arg_PISACowsMilk_10_page_6,587.1,158.0,974.0
10452999,stimulus_Arg_PISACowsMilk_10_page_6,572.0,160.3,974.0
10453000,stimulus_Arg_PISACowsMilk_10_page_6,556.5,162.1,974.0
10453001,stimulus_Arg_PISACowsMilk_10_page_6,540.5,163.8,974.0
10453002,stimulus_Arg_PISACowsMilk_10_page_6,524.7,165.3,974.0
10453003,stimulus_Arg_PISACowsMilk_10_page_6,509.7,166.7,974.0
10453004,stimulus_Arg_PISACowsMilk_10_page_6,494.9,167.8,974.0
10453005,stimulus_Arg_PISACowsMilk_10_page_6,479.7,168.8,975.0
10453006,stimulus_Arg_PISACowsMilk_10_page_6,463.6,169.8,976.0
10453007,stimulus_Arg_PISACowsMilk_10_page_6,447.4,171.1,978.0
10453008,stimulus_Arg_PISACowsMilk_10_page_6,432.2,172.0,978.0
10453009,stimulus_Arg_PISACowsMilk_10_page_6,419.6,172.4,977.0
10453010,stimulus_Arg_PISACowsMilk_10_page_6,408.4,171.9,978.0
10453011,stimulus_Arg_PISACowsMilk_10_page_6,397.3,172.3,980.0
10453012,stimulus_Arg_PISACowsMilk_10_page_6,385.6,172.6,979.0
10453013,stimulus_Arg_PISACowsMilk_10_page_6,375.2,173.0,977.0
10453014,stimulus_Arg_PISACowsMilk_10_page_6,363.7,172.9,975.0
10453015,stimulus_Arg_PISACowsMilk_10_page_6,351.2,173.6,974.0
10453016,stimulus_Arg_PISACowsMilk_10_page_6,338.2,174.7,974.0
10453017,stimulus_Arg_PISACowsMilk_10_page_6,325.5,176.2,974.0
10453018,stimulus_Arg_PISACowsMilk_10_page_6,312.4,177.8,975.0
10453019,stimulus_Arg_PISACowsMilk_10_page_6,299.1,179.0,976.0
10453020,stimulus_Arg_PISACowsMilk_10_page_6,287.5,180.6,977.0
10453021,stimulus_Arg_PISACowsMilk_10_page_6,277.7,181.5,978.0
10453022,stimulus_Arg_PISACowsMilk_10_page_6,268.1,182.8,979.0
10453023,stimulus_Arg_PISACowsMilk_10_page_6,260.0,184.0,979.0
10453024,stimulus_Arg_PISACowsMilk_10_page_6,251.8,185.1,980.0
10453025,stimulus_Arg_PISACowsMilk_10_page_6,245.6,186.4,980.0
10453026,stimulus_Arg_PISACowsMilk_10_page_6,238.7,187.7,981.0
10453027,stimulus_Arg_PISACowsMilk_10_page_6,232.8,189.4,981.0
10453028,stimulus_Arg_PISACowsMilk_10_page_6,227.8,190.6,982.0
10453029,stimulus_Arg_PISACowsMilk_10_page_6,225.2,191.6,982.0
10453030,stimulus_Arg_PISACowsMilk_10_page_6,224.5,192.1,984.0
10453031,stimulus_Arg_PISACowsMilk_10_page_6,224.2,192.6,985.0
10453032,stimulus_Arg_PISACowsMilk_10_page_6,224.7,192.6,988.0
10453033,stimulus_Arg_PISACowsMilk_10_page_6,226.2,192.4,990.0
10453034,stimulus_Arg_PISACowsMilk_10_page_6,228.5,191.7,992.0
10453035,stimulus_Arg_PISACowsMilk_10_page_6,230.7,190.8,993.0
10453036,stimulus_Arg_PISACowsMilk_10_page_6,232.9,189.9,994.0
10453037,stimulus_Arg_PISACowsMilk_10_page_6,234.3,189.2,994.0
10453038,stimulus_Arg_PISACowsMilk_10_page_6,235.5,188.5,993.0
10453039,stimulus_Arg_PISACowsMilk_10_page_6,235.9,187.9,993.0
10453040,stimulus_Arg_PISACowsMilk_10_page_6,236.1,187.5,994.0
10453041,stimulus_Arg_PISACowsMilk_10_page_6,236.3,187.0,995.0
10453042,stimulus_Arg_PISACowsMilk_10_page_6,235.8,186.6,994.0
10453043,stimulus_Arg_PISACowsMilk_10_page_6,235.1,186.3,992.0
10453044,stimulus_Arg_PISACowsMilk_10_page_6,233.7,186.7,991.0
10453045,stimulus_Arg_PISACowsMilk_10_page_6,232.0,187.1,989.0
10453046,stimulus_Arg_PISACowsMilk_10_page_6,230.0,187.4,988.0
10453047,stimulus_Arg_PISACowsMilk_10_page_6,228.2,187.4,986.0
10453048,stimulus_Arg_PISACowsMilk_10_page_6,226.6,187.6,986.0
10453049,stimulus_Arg_PISACowsMilk_10_page_6,225.0,188.1,986.0
10453050,stimulus_Arg_PISACowsMilk_10_page_6,223.7,188.6,986.0
10453051,stimulus_Arg_PISACowsMilk_10_page_6,222.8,189.3,986.0
10453052,stimulus_Arg_PISACowsMilk_10_page_6,222.1,190.1,985.0
10453053,stimulus_Arg_PISACowsMilk_10_page_6,221.4,191.2,984.0
10453054,stimulus_Arg_PISACowsMilk_10_page_6,220.9,192.0,984.0
10453055,stimulus_Arg_PISACowsMilk_10_page_6,220.6,192.7,983.0
10453056,stimulus_Arg_PISACowsMilk_10_page_6,220.6,193.2,983.0
10453057,stimulus_Arg_PISACowsMilk_10_page_6,220.5,193.7,983.0
10453058,stimulus_Arg_PISACowsMilk_10_page_6,220.5,193.7,982.0
10453059,stimulus_Arg_PISACowsMilk_10_page_6,220.7,193.9,982.0
10453060,stimulus_Arg_PISACowsMilk_10_page_6,220.8,194.1,982.0
10453061,stimulus_Arg_PISACowsMilk_10_page_6,220.9,194.5,982.0
10453062,stimulus_Arg_PISACowsMilk_10_page_6,220.9,194.7,982.0
10453063,stimulus_Arg_PISACowsMilk_10_page_6,221.1,195.3,982.0
10453064,stimulus_Arg_PISACowsMilk_10_page_6,221.4,195.6,982.0
10453065,stimulus_Arg_PISACowsMilk_10_page_6,221.7,196.0,983.0
10453066,stimulus_Arg_PISACowsMilk_10_page_6,221.8,196.1,984.0
10453067,stimulus_Arg_PISACowsMilk_10_page_6,221.9,195.9,985.0
10453068,stimulus_Arg_PISACowsMilk_10_page_6,221.8,195.7,985.0
10453069,stimulus_Arg_PISACowsMilk_10_page_6,221.7,195.3,984.0
10453070,stimulus_Arg_PISACowsMilk_10_page_6,221.6,195.0,984.0
10453071,stimulus_Arg_PISACowsMilk_10_page_6,221.7,194.8,983.0
10453072,stimulus_Arg_PISACowsMilk_10_page_6,221.7,194.7,983.0
10453073,stimulus_Arg_PISACowsMilk_10_page_6,221.8,194.9,983.0
10453074,stimulus_Arg_PISACowsMilk_10_page_6,221.9,195.1,984.0
10453075,stimulus_Arg_PISACowsMilk_10_page_6,222.0,195.2,985.0
10453076,stimulus_Arg_PISACowsMilk_10_page_6,221.8,195.4,985.0
10453077,stimulus_Arg_PISACowsMilk_10_page_6,221.2,195.9,984.0
10453078,stimulus_Arg_PISACowsMilk_10_page_6,220.7,196.4,984.0
10453079,stimulus_Arg_PISACowsMilk_10_page_6,220.6,196.8,984.0
10453080,stimulus_Arg_PISACowsMilk_10_page_6,220.6,196.9,985.0
10453081,stimulus_Arg_PISACowsMilk_10_page_6,220.6,197.1,985.0
10453082,stimulus_Arg_PISACowsMilk_10_page_6,220.8,197.4,986.0
10453083,stimulus_Arg_PISACowsMilk_10_page_6,221.1,197.7,987.0
10453084,stimulus_Arg_PISACowsMilk_10_page_6,221.4,197.9,987.0
10453085,stimulus_Arg_PISACowsMilk_10_page_6,221.6,197.8,987.0
10453086,stimulus_Arg_PISACowsMilk_10_page_6,221.7,197.7,988.0
10453087,stimulus_Arg_PISACowsMilk_10_page_6,221.7,197.7,989.0
10453088,stimulus_Arg_PISACowsMilk_10_page_6,221.7,197.9,990.0
10453089,stimulus_Arg_PISACowsMilk_10_page_6,221.6,198.1,991.0
10453090,stimulus_Arg_PISACowsMilk_10_page_6,221.5,198.3,990.0
10453091,stimulus_Arg_PISACowsMilk_10_page_6,221.4,198.2,990.0
10453092,stimulus_Arg_PISACowsMilk_10_page_6,221.3,197.9,990.0
10453093,stimulus_Arg_PISACowsMilk_10_page_6,221.3,197.6,991.0
10453094,stimulus_Arg_PISACowsMilk_10_page_6,221.3,197.5,992.0
10453095,stimulus_Arg_PISACowsMilk_10_page_6,221.1,197.6,991.0
10453096,stimulus_Arg_PISACowsMilk_10_page_6,220.8,197.9,991.0
10453097,stimulus_Arg_PISACowsMilk_10_page_6,220.6,198.2,991.0
10453098,stimulus_Arg_PISACowsMilk_10_page_6,220.6,198.7,991.0
10453099,stimulus_Arg_PISACowsMilk_10_page_6,220.6,198.9,991.0
10453100,stimulus_Arg_PISACowsMilk_10_page_6,220.6,199.0,992.0
10453101,stimulus_Arg_PISACowsMilk_10_page_6,220.6,199.0,992.0
10453102,stimulus_Arg_PISACowsMilk_10_page_6,220.5,199.4,992.0
10453103,stimulus_Arg_PISACowsMilk_10_page_6,220.5,199.7,993.0
10453104,stimulus_Arg_PISACowsMilk_10_page_6,220.3,199.9,993.0
10453105,stimulus_Arg_PISACowsMilk_10_page_6,220.1,199.8,993.0
10453106,stimulus_Arg_PISACowsMilk_10_page_6,219.7,199.6,993.0
10453107,stimulus_Arg_PISACowsMilk_10_page_6,219.3,199.4,994.0
10453108,stimulus_Arg_PISACowsMilk_10_page_6,219.2,199.2,994.0
10453109,stimulus_Arg_PISACowsMilk_10_page_6,219.2,199.2,994.0
10453110,stimulus_Arg_PISACowsMilk_10_page_6,219.3,199.1,994.0
10453111,stimulus_Arg_PISACowsMilk_10_page_6,219.3,199.0,993.0
10453112,stimulus_Arg_PISACowsMilk_10_page_6,219.3,198.9,993.0
10453113,stimulus_Arg_PISACowsMilk_10_page_6,219.4,199.1,993.0
10453114,stimulus_Arg_PISACowsMilk_10_page_6,219.4,199.2,993.0
10453115,stimulus_Arg_PISACowsMilk_10_page_6,219.5,199.1,992.0
10453116,stimulus_Arg_PISACowsMilk_10_page_6,219.6,198.9,992.0
10453117,stimulus_Arg_PISACowsMilk_10_page_6,219.7,198.7,992.0
10453118,stimulus_Arg_PISACowsMilk_10_page_6,219.9,198.8,992.0
10453119,stimulus_Arg_PISACowsMilk_10_page_6,219.8,198.9,992.0
10453120,stimulus_Arg_PISACowsMilk_10_page_6,219.8,199.0,992.0
10453121,stimulus_Arg_PISACowsMilk_10_page_6,219.7,198.9,992.0
10453122,stimulus_Arg_PISACowsMilk_10_page_6,219.7,198.7,993.0
10453123,stimulus_Arg_PISACowsMilk_10_page_6,219.3,198.8,994.0
10453124,stimulus_Arg_PISACowsMilk_10_page_6,218.9,199.0,994.0
10453125,stimulus_Arg_PISACowsMilk_10_page_6,218.6,199.2,993.0
10453126,stimulus_Arg_PISACowsMilk_10_page_6,218.8,199.2,992.0
10453127,stimulus_Arg_PISACowsMilk_10_page_6,219.0,199.1,993.0
10453128,stimulus_Arg_PISACowsMilk_10_page_6,219.1,199.0,993.0
10453129,stimulus_Arg_PISACowsMilk_10_page_6,219.1,198.9,994.0
10453130,stimulus_Arg_PISACowsMilk_10_page_6,218.9,198.9,994.0
10453131,stimulus_Arg_PISACowsMilk_10_page_6,218.7,198.8,994.0
10453132,stimulus_Arg_PISACowsMilk_10_page_6,218.4,198.7,994.0
10453133,stimulus_Arg_PISACowsMilk_10_page_6,218.4,198.6,994.0
10453134,stimulus_Arg_PISACowsMilk_10_page_6,218.4,198.5,994.0
10453135,stimulus_Arg_PISACowsMilk_10_page_6,218.6,198.4,993.0
10453136,stimulus_Arg_PISACowsMilk_10_page_6,218.8,198.3,993.0
10453137,stimulus_Arg_PISACowsMilk_10_page_6,219.0,198.4,992.0
10453138,stimulus_Arg_PISACowsMilk_10_page_6,218.9,198.3,992.0
10453139,stimulus_Arg_PISACowsMilk_10_page_6,219.0,198.1,992.0
10453140,stimulus_Arg_PISACowsMilk_10_page_6,219.2,198.1,991.0
10453141,stimulus_Arg_PISACowsMilk_10_page_6,219.5,198.3,991.0
10453142,stimulus_Arg_PISACowsMilk_10_page_6,219.8,198.6,991.0
10453143,stimulus_Arg_PISACowsMilk_10_page_6,219.9,198.8,991.0
10453144,stimulus_Arg_PISACowsMilk_10_page_6,219.8,198.9,991.0
10453145,stimulus_Arg_PISACowsMilk_10_page_6,219.9,198.9,991.0
10453146,stimulus_Arg_PISACowsMilk_10_page_6,220.1,198.8,991.0
10453147,stimulus_Arg_PISACowsMilk_10_page_6,220.3,198.7,991.0
10453148,stimulus_Arg_PISACowsMilk_10_page_6,220.7,198.7,991.0
10453149,stimulus_Arg_PISACowsMilk_10_page_6,221.0,198.6,991.0
10453150,stimulus_Arg_PISACowsMilk_10_page_6,221.2,198.6,992.0
10453151,stimulus_Arg_PISACowsMilk_10_page_6,221.1,198.5,992.0
10453152,stimulus_Arg_PISACowsMilk_10_page_6,221.4,198.5,993.0
10453153,stimulus_Arg_PISACowsMilk_10_page_6,221.8,198.3,993.0
10453154,stimulus_Arg_PISACowsMilk_10_page_6,222.2,198.2,994.0
10453155,stimulus_Arg_PISACowsMilk_10_page_6,222.5,198.2,994.0
10453156,stimulus_Arg_PISACowsMilk_10_page_6,222.7,198.3,993.0
10453157,stimulus_Arg_PISACowsMilk_10_page_6,222.4,198.4,993.0
10453158,stimulus_Arg_PISACowsMilk_10_page_6,222.0,198.4,992.0
10453159,stimulus_Arg_PISACowsMilk_10_page_6,221.9,198.4,992.0
10453160,stimulus_Arg_PISACowsMilk_10_page_6,222.1,198.4,993.0
10453161,stimulus_Arg_PISACowsMilk_10_page_6,222.6,198.4,994.0
10453162,stimulus_Arg_PISACowsMilk_10_page_6,223.0,198.5,995.0
10453163,stimulus_Arg_PISACowsMilk_10_page_6,223.7,198.6,996.0
10453164,stimulus_Arg_PISACowsMilk_10_page_6,224.1,198.7,996.0
10453165,stimulus_Arg_PISACowsMilk_10_page_6,224.5,198.8,996.0
10453166,stimulus_Arg_PISACowsMilk_10_page_6,224.6,198.9,996.0
10453167,stimulus_Arg_PISACowsMilk_10_page_6,224.8,198.9,996.0
10453168,stimulus_Arg_PISACowsMilk_10_page_6,225.0,198.9,997.0
10453169,stimulus_Arg_PISACowsMilk_10_page_6,225.0,199.0,997.0
10453170,stimulus_Arg_PISACowsMilk_10_page_6,224.8,198.9,998.0
10453171,stimulus_Arg_PISACowsMilk_10_page_6,224.6,198.9,998.0
10453172,stimulus_Arg_PISACowsMilk_10_page_6,225.1,199.0,998.0
10453173,stimulus_Arg_PISACowsMilk_10_page_6,225.5,198.9,999.0
10453174,stimulus_Arg_PISACowsMilk_10_page_6,225.8,198.7,999.0
10453175,stimulus_Arg_PISACowsMilk_10_page_6,225.8,198.6,999.0
10453176,stimulus_Arg_PISACowsMilk_10_page_6,225.9,198.7,999.0
10453177,stimulus_Arg_PISACowsMilk_10_page_6,226.0,198.7,999.0
10453178,stimulus_Arg_PISACowsMilk_10_page_6,226.1,198.7,1000.0
10453179,stimulus_Arg_PISACowsMilk_10_page_6,226.1,198.6,1000.0
10453180,stimulus_Arg_PISACowsMilk_10_page_6,226.2,198.5,1000.0
10453181,stimulus_Arg_PISACowsMilk_10_page_6,226.2,198.4,1000.0
10453182,stimulus_Arg_PISACowsMilk_10_page_6,226.3,198.3,1000.0
10453183,stimulus_Arg_PISACowsMilk_10_page_6,226.2,198.2,1000.0
10453184,stimulus_Arg_PISACowsMilk_10_page_6,226.1,198.0,1000.0
10453185,stimulus_Arg_PISACowsMilk_10_page_6,225.4,197.9,999.0
10453186,stimulus_Arg_PISACowsMilk_10_page_6,223.8,197.4,997.0
10453187,stimulus_Arg_PISACowsMilk_10_page_6,221.1,196.7,996.0
10453188,stimulus_Arg_PISACowsMilk_10_page_6,218.0,195.5,998.0
10453189,stimulus_Arg_PISACowsMilk_10_page_6,215.3,194.6,1000.0
10453190,stimulus_Arg_PISACowsMilk_10_page_6,211.2,194.4,1002.0
10453191,stimulus_Arg_PISACowsMilk_10_page_6,204.7,194.7,1002.0
10453192,stimulus_Arg_PISACowsMilk_10_page_6,196.9,195.6,1002.0
10453193,stimulus_Arg_PISACowsMilk_10_page_6,188.4,196.4,1001.0
10453194,stimulus_Arg_PISACowsMilk_10_page_6,179.9,198.6,1000.0
10453195,stimulus_Arg_PISACowsMilk_10_page_6,170.4,200.6,999.0
10453196,stimulus_Arg_PISACowsMilk_10_page_6,160.7,203.6,998.0
10453197,stimulus_Arg_PISACowsMilk_10_page_6,152.6,206.2,998.0
10453198,stimulus_Arg_PISACowsMilk_10_page_6,144.0,208.3,999.0
10453199,stimulus_Arg_PISACowsMilk_10_page_6,137.3,209.5,1001.0
10453200,stimulus_Arg_PISACowsMilk_10_page_6,131.5,210.0,1003.0
10453201,stimulus_Arg_PISACowsMilk_10_page_6,128.0,211.2,1005.0
10453202,stimulus_Arg_PISACowsMilk_10_page_6,125.5,212.0,1003.0
10453203,stimulus_Arg_PISACowsMilk_10_page_6,123.4,212.9,1001.0
10453204,stimulus_Arg_PISACowsMilk_10_page_6,122.2,213.3,998.0
10453205,stimulus_Arg_PISACowsMilk_10_page_6,122.3,213.8,996.0
10453206,stimulus_Arg_PISACowsMilk_10_page_6,123.7,213.8,995.0
10453207,stimulus_Arg_PISACowsMilk_10_page_6,126.3,213.1,996.0
10453208,stimulus_Arg_PISACowsMilk_10_page_6,129.5,212.2,996.0
10453209,stimulus_Arg_PISACowsMilk_10_page_6,132.3,210.9,996.0
10453210,stimulus_Arg_PISACowsMilk_10_page_6,134.6,210.0,996.0
10453211,stimulus_Arg_PISACowsMilk_10_page_6,136.6,208.5,997.0
10453212,stimulus_Arg_PISACowsMilk_10_page_6,138.8,207.5,998.0
10453213,stimulus_Arg_PISACowsMilk_10_page_6,140.4,206.8,999.0
10453214,stimulus_Arg_PISACowsMilk_10_page_6,141.2,206.3,1001.0
10453215,stimulus_Arg_PISACowsMilk_10_page_6,141.5,205.9,1002.0
10453216,stimulus_Arg_PISACowsMilk_10_page_6,141.6,205.6,1001.0
10453217,stimulus_Arg_PISACowsMilk_10_page_6,141.7,205.5,1000.0
10453218,stimulus_Arg_PISACowsMilk_10_page_6,142.0,205.4,999.0
10453219,stimulus_Arg_PISACowsMilk_10_page_6,142.7,205.4,999.0
10453220,stimulus_Arg_PISACowsMilk_10_page_6,143.4,205.3,1000.0
10453221,stimulus_Arg_PISACowsMilk_10_page_6,143.9,205.3,1000.0
10453222,stimulus_Arg_PISACowsMilk_10_page_6,143.8,205.4,999.0
10453223,stimulus_Arg_PISACowsMilk_10_page_6,143.3,205.6,999.0
10453224,stimulus_Arg_PISACowsMilk_10_page_6,142.7,205.9,999.0
10453225,stimulus_Arg_PISACowsMilk_10_page_6,142.2,206.1,999.0
10453226,stimulus_Arg_PISACowsMilk_10_page_6,141.9,206.4,1000.0
10453227,stimulus_Arg_PISACowsMilk_10_page_6,141.6,206.8,1000.0
10453228,stimulus_Arg_PISACowsMilk_10_page_6,141.5,207.1,1001.0
10453229,stimulus_Arg_PISACowsMilk_10_page_6,140.9,207.2,1001.0
10453230,stimulus_Arg_PISACowsMilk_10_page_6,140.2,207.0,1001.0
10453231,stimulus_Arg_PISACowsMilk_10_page_6,139.4,206.9,1001.0
10453232,stimulus_Arg_PISACowsMilk_10_page_6,139.0,206.8,1002.0
10453233,stimulus_Arg_PISACowsMilk_10_page_6,138.2,206.8,1003.0
10453234,stimulus_Arg_PISACowsMilk_10_page_6,137.6,207.3,1002.0
10453235,stimulus_Arg_PISACowsMilk_10_page_6,136.5,207.7,1002.0
10453236,stimulus_Arg_PISACowsMilk_10_page_6,136.0,208.1,1001.0
10453237,stimulus_Arg_PISACowsMilk_10_page_6,135.5,208.1,1000.0
10453238,stimulus_Arg_PISACowsMilk_10_page_6,135.6,207.9,1000.0
10453239,stimulus_Arg_PISACowsMilk_10_page_6,135.7,207.7,1000.0
10453240,stimulus_Arg_PISACowsMilk_10_page_6,136.1,207.5,1000.0
10453241,stimulus_Arg_PISACowsMilk_10_page_6,136.7,207.6,1000.0
10453242,stimulus_Arg_PISACowsMilk_10_page_6,137.4,207.8,1000.0
10453243,stimulus_Arg_PISACowsMilk_10_page_6,137.9,207.8,1000.0
10453244,stimulus_Arg_PISACowsMilk_10_page_6,138.3,207.7,999.0
10453245,stimulus_Arg_PISACowsMilk_10_page_6,138.5,207.5,999.0
10453246,stimulus_Arg_PISACowsMilk_10_page_6,138.7,207.3,999.0
10453247,stimulus_Arg_PISACowsMilk_10_page_6,138.8,207.2,998.0
10453248,stimulus_Arg_PISACowsMilk_10_page_6,138.9,207.0,998.0
10453249,stimulus_Arg_PISACowsMilk_10_page_6,139.0,206.8,998.0
10453250,stimulus_Arg_PISACowsMilk_10_page_6,139.2,206.6,997.0
10453251,stimulus_Arg_PISACowsMilk_10_page_6,139.4,206.6,997.0
10453252,stimulus_Arg_PISACowsMilk_10_page_6,139.3,206.7,997.0
10453253,stimulus_Arg_PISACowsMilk_10_page_6,139.1,206.7,996.0
10453254,stimulus_Arg_PISACowsMilk_10_page_6,138.7,206.7,996.0
10453255,stimulus_Arg_PISACowsMilk_10_page_6,138.5,206.8,996.0
10453256,stimulus_Arg_PISACowsMilk_10_page_6,138.5,206.9,995.0
10453257,stimulus_Arg_PISACowsMilk_10_page_6,138.6,206.9,995.0
10453258,stimulus_Arg_PISACowsMilk_10_page_6,138.7,207.1,995.0
10453259,stimulus_Arg_PISACowsMilk_10_page_6,138.7,207.4,995.0
10453260,stimulus_Arg_PISACowsMilk_10_page_6,138.7,207.8,995.0
10453261,stimulus_Arg_PISACowsMilk_10_page_6,138.9,207.8,995.0
10453262,stimulus_Arg_PISACowsMilk_10_page_6,139.1,207.6,996.0
10453263,stimulus_Arg_PISACowsMilk_10_page_6,139.4,207.3,997.0
10453264,stimulus_Arg_PISACowsMilk_10_page_6,139.5,207.1,997.0
10453265,stimulus_Arg_PISACowsMilk_10_page_6,139.6,207.1,997.0
10453266,stimulus_Arg_PISACowsMilk_10_page_6,139.7,207.2,997.0
10453267,stimulus_Arg_PISACowsMilk_10_page_6,139.5,207.4,996.0
10453268,stimulus_Arg_PISACowsMilk_10_page_6,139.3,207.3,996.0
10453269,stimulus_Arg_PISACowsMilk_10_page_6,139.2,207.1,996.0
10453270,stimulus_Arg_PISACowsMilk_10_page_6,139.1,207.3,996.0
10453271,stimulus_Arg_PISACowsMilk_10_page_6,138.9,207.7,996.0
10453272,stimulus_Arg_PISACowsMilk_10_page_6,138.7,208.1,995.0
10453273,stimulus_Arg_PISACowsMilk_10_page_6,138.7,208.2,995.0
10453274,stimulus_Arg_PISACowsMilk_10_page_6,138.9,208.3,995.0
10453275,stimulus_Arg_PISACowsMilk_10_page_6,139.1,208.3,995.0
10453276,stimulus_Arg_PISACowsMilk_10_page_6,139.4,208.2,995.0
10453277,stimulus_Arg_PISACowsMilk_10_page_6,139.5,208.1,995.0
10453278,stimulus_Arg_PISACowsMilk_10_page_6,139.5,208.1,995.0
10453279,stimulus_Arg_PISACowsMilk_10_page_6,139.5,208.0,995.0
10453280,stimulus_Arg_PISACowsMilk_10_page_6,139.8,207.8,995.0
10453281,stimulus_Arg_PISACowsMilk_10_page_6,140.0,207.6,995.0
10453282,stimulus_Arg_PISACowsMilk_10_page_6,140.0,207.6,994.0
10453283,stimulus_Arg_PISACowsMilk_10_page_6,139.8,207.6,994.0
10453284,stimulus_Arg_PISACowsMilk_10_page_6,139.5,207.6,995.0
10453285,stimulus_Arg_PISACowsMilk_10_page_6,139.5,207.6,995.0
10453286,stimulus_Arg_PISACowsMilk_10_page_6,139.7,207.3,995.0
10453287,stimulus_Arg_PISACowsMilk_10_page_6,139.9,207.1,996.0
10453288,stimulus_Arg_PISACowsMilk_10_page_6,139.8,206.7,996.0
10453289,stimulus_Arg_PISACowsMilk_10_page_6,139.5,206.6,997.0
10453290,stimulus_Arg_PISACowsMilk_10_page_6,139.1,206.3,997.0
10453291,stimulus_Arg_PISACowsMilk_10_page_6,139.5,206.2,996.0
10453292,stimulus_Arg_PISACowsMilk_10_page_6,139.9,206.2,996.0
10453293,stimulus_Arg_PISACowsMilk_10_page_6,140.3,206.3,995.0
10453294,stimulus_Arg_PISACowsMilk_10_page_6,140.2,206.6,994.0
10453295,stimulus_Arg_PISACowsMilk_10_page_6,140.1,206.8,993.0
10453296,stimulus_Arg_PISACowsMilk_10_page_6,140.3,207.1,992.0
10453297,stimulus_Arg_PISACowsMilk_10_page_6,140.5,207.3,994.0
10453298,stimulus_Arg_PISACowsMilk_10_page_6,140.7,207.4,996.0
10453299,stimulus_Arg_PISACowsMilk_10_page_6,140.7,207.3,997.0
10453300,stimulus_Arg_PISACowsMilk_10_page_6,140.7,207.3,997.0
10453301,stimulus_Arg_PISACowsMilk_10_page_6,140.7,207.4,997.0
10453302,stimulus_Arg_PISACowsMilk_10_page_6,140.5,207.5,996.0
10453303,stimulus_Arg_PISACowsMilk_10_page_6,140.3,207.6,996.0
10453304,stimulus_Arg_PISACowsMilk_10_page_6,140.2,207.4,996.0
10453305,stimulus_Arg_PISACowsMilk_10_page_6,140.3,207.2,996.0
10453306,stimulus_Arg_PISACowsMilk_10_page_6,140.4,206.9,996.0
10453307,stimulus_Arg_PISACowsMilk_10_page_6,140.3,206.8,995.0
10453308,stimulus_Arg_PISACowsMilk_10_page_6,140.1,206.8,995.0
10453309,stimulus_Arg_PISACowsMilk_10_page_6,139.9,206.9,995.0
10453310,stimulus_Arg_PISACowsMilk_10_page_6,139.8,207.1,995.0
10453311,stimulus_Arg_PISACowsMilk_10_page_6,139.8,207.2,996.0
10453312,stimulus_Arg_PISACowsMilk_10_page_6,139.9,207.4,996.0
10453313,stimulus_Arg_PISACowsMilk_10_page_6,140.0,207.5,996.0
10453314,stimulus_Arg_PISACowsMilk_10_page_6,140.0,207.6,994.0
10453315,stimulus_Arg_PISACowsMilk_10_page_6,140.0,207.7,993.0
10453316,stimulus_Arg_PISACowsMilk_10_page_6,140.1,208.0,993.0
10453317,stimulus_Arg_PISACowsMilk_10_page_6,140.2,208.2,993.0
10453318,stimulus_Arg_PISACowsMilk_10_page_6,140.1,208.3,994.0
10453319,stimulus_Arg_PISACowsMilk_10_page_6,140.1,208.3,995.0
10453320,stimulus_Arg_PISACowsMilk_10_page_6,140.0,208.1,996.0
10453321,stimulus_Arg_PISACowsMilk_10_page_6,139.8,208.0,996.0
10453322,stimulus_Arg_PISACowsMilk_10_page_6,139.7,207.9,996.0
10453323,stimulus_Arg_PISACowsMilk_10_page_6,139.5,208.0,997.0
10453324,stimulus_Arg_PISACowsMilk_10_page_6,139.7,208.1,997.0
10453325,stimulus_Arg_PISACowsMilk_10_page_6,139.9,208.2,997.0
10453326,stimulus_Arg_PISACowsMilk_10_page_6,140.1,208.2,997.0
10453327,stimulus_Arg_PISACowsMilk_10_page_6,140.1,208.3,997.0
10453328,stimulus_Arg_PISACowsMilk_10_page_6,140.3,208.3,998.0
10453329,stimulus_Arg_PISACowsMilk_10_page_6,140.4,208.2,999.0
10453330,stimulus_Arg_PISACowsMilk_10_page_6,140.4,208.2,999.0
10453331,stimulus_Arg_PISACowsMilk_10_page_6,140.5,208.2,999.0
10453332,stimulus_Arg_PISACowsMilk_10_page_6,140.5,208.1,999.0
10453333,stimulus_Arg_PISACowsMilk_10_page_6,140.6,208.0,998.0
10453334,stimulus_Arg_PISACowsMilk_10_page_6,140.5,208.0,996.0
10453335,stimulus_Arg_PISACowsMilk_10_page_6,140.3,208.0,995.0
10453336,stimulus_Arg_PISACowsMilk_10_page_6,140.2,208.0,996.0
10453337,stimulus_Arg_PISACowsMilk_10_page_6,140.3,208.0,997.0
10453338,stimulus_Arg_PISACowsMilk_10_page_6,140.3,207.9,998.0
10453339,stimulus_Arg_PISACowsMilk_10_page_6,140.4,207.9,999.0
10453340,stimulus_Arg_PISACowsMilk_10_page_6,140.4,208.2,999.0
10453341,stimulus_Arg_PISACowsMilk_10_page_6,140.5,208.6,999.0
10453342,stimulus_Arg_PISACowsMilk_10_page_6,140.4,208.9,999.0
10453343,stimulus_Arg_PISACowsMilk_10_page_6,140.3,208.9,999.0
10453344,stimulus_Arg_PISACowsMilk_10_page_6,140.3,208.9,999.0
10453345,stimulus_Arg_PISACowsMilk_10_page_6,140.4,208.9,999.0
10453346,stimulus_Arg_PISACowsMilk_10_page_6,140.5,209.0,999.0
10453347,stimulus_Arg_PISACowsMilk_10_page_6,140.5,209.1,999.0
10453348,stimulus_Arg_PISACowsMilk_10_page_6,140.4,209.1,999.0
10453349,stimulus_Arg_PISACowsMilk_10_page_6,140.4,209.1,999.0
10453350,stimulus_Arg_PISACowsMilk_10_page_6,140.3,209.1,999.0
10453351,stimulus_Arg_PISACowsMilk_10_page_6,140.4,209.1,1000.0
10453352,stimulus_Arg_PISACowsMilk_10_page_6,140.6,209.2,1000.0
10453353,stimulus_Arg_PISACowsMilk_10_page_6,140.5,209.1,1000.0
10453354,stimulus_Arg_PISACowsMilk_10_page_6,140.2,209.2,999.0
10453355,stimulus_Arg_PISACowsMilk_10_page_6,140.4,209.2,999.0
10453356,stimulus_Arg_PISACowsMilk_10_page_6,140.8,209.3,999.0
10453357,stimulus_Arg_PISACowsMilk_10_page_6,141.1,209.3,1000.0
10453358,stimulus_Arg_PISACowsMilk_10_page_6,140.8,209.2,1000.0
10453359,stimulus_Arg_PISACowsMilk_10_page_6,140.6,209.1,1000.0
10453360,stimulus_Arg_PISACowsMilk_10_page_6,140.3,208.9,999.0
10453361,stimulus_Arg_PISACowsMilk_10_page_6,140.4,208.8,999.0
10453362,stimulus_Arg_PISACowsMilk_10_page_6,140.4,208.9,999.0
10453363,stimulus_Arg_PISACowsMilk_10_page_6,140.4,209.0,999.0
10453364,stimulus_Arg_PISACowsMilk_10_page_6,140.3,209.2,1000.0
10453365,stimulus_Arg_PISACowsMilk_10_page_6,140.5,209.2,1000.0
10453366,stimulus_Arg_PISACowsMilk_10_page_6,140.6,209.3,1000.0
10453367,stimulus_Arg_PISACowsMilk_10_page_6,140.7,209.3,1001.0
10453368,stimulus_Arg_PISACowsMilk_10_page_6,140.8,209.4,1002.0
10453369,stimulus_Arg_PISACowsMilk_10_page_6,141.0,209.5,1003.0
10453370,stimulus_Arg_PISACowsMilk_10_page_6,141.2,209.5,1004.0
10453371,stimulus_Arg_PISACowsMilk_10_page_6,141.2,209.5,1003.0
10453372,stimulus_Arg_PISACowsMilk_10_page_6,141.2,209.5,1002.0
10453373,stimulus_Arg_PISACowsMilk_10_page_6,141.2,209.7,1001.0
10453374,stimulus_Arg_PISACowsMilk_10_page_6,141.1,209.8,1001.0
10453375,stimulus_Arg_PISACowsMilk_10_page_6,141.1,210.0,1001.0
10453376,stimulus_Arg_PISACowsMilk_10_page_6,141.1,210.1,1001.0
10453377,stimulus_Arg_PISACowsMilk_10_page_6,141.1,210.0,1001.0
10453378,stimulus_Arg_PISACowsMilk_10_page_6,141.2,210.0,1001.0
10453379,stimulus_Arg_PISACowsMilk_10_page_6,141.0,209.9,1001.0
10453380,stimulus_Arg_PISACowsMilk_10_page_6,140.7,209.9,1001.0
10453381,stimulus_Arg_PISACowsMilk_10_page_6,140.4,209.9,1002.0
10453382,stimulus_Arg_PISACowsMilk_10_page_6,140.4,210.0,1002.0
10453383,stimulus_Arg_PISACowsMilk_10_page_6,140.4,210.1,1002.0
10453384,stimulus_Arg_PISACowsMilk_10_page_6,140.3,210.1,1002.0
10453385,stimulus_Arg_PISACowsMilk_10_page_6,140.3,210.1,1002.0
10453386,stimulus_Arg_PISACowsMilk_10_page_6,140.4,210.1,1003.0
10453387,stimulus_Arg_PISACowsMilk_10_page_6,140.5,210.1,1003.0
10453388,stimulus_Arg_PISACowsMilk_10_page_6,140.6,210.2,1003.0
10453389,stimulus_Arg_PISACowsMilk_10_page_6,140.7,210.1,1004.0
10453390,stimulus_Arg_PISACowsMilk_10_page_6,140.7,209.9,1005.0
10453391,stimulus_Arg_PISACowsMilk_10_page_6,140.7,209.8,1005.0
10453392,stimulus_Arg_PISACowsMilk_10_page_6,140.9,209.8,1006.0
10453393,stimulus_Arg_PISACowsMilk_10_page_6,141.3,209.8,1005.0
10453394,stimulus_Arg_PISACowsMilk_10_page_6,141.6,209.9,1005.0
10453395,stimulus_Arg_PISACowsMilk_10_page_6,141.7,210.0,1005.0
10453396,stimulus_Arg_PISACowsMilk_10_page_6,141.7,210.1,1004.0
10453397,stimulus_Arg_PISACowsMilk_10_page_6,141.6,210.2,1004.0
10453398,stimulus_Arg_PISACowsMilk_10_page_6,141.3,210.1,1004.0
10453399,stimulus_Arg_PISACowsMilk_10_page_6,140.9,209.9,1004.0
10453400,stimulus_Arg_PISACowsMilk_10_page_6,140.6,209.8,1004.0
10453401,stimulus_Arg_PISACowsMilk_10_page_6,140.8,209.8,1004.0
10453402,stimulus_Arg_PISACowsMilk_10_page_6,140.9,209.8,1005.0
10453403,stimulus_Arg_PISACowsMilk_10_page_6,141.1,209.9,1007.0
10453404,stimulus_Arg_PISACowsMilk_10_page_6,141.2,210.0,1007.0
10453405,stimulus_Arg_PISACowsMilk_10_page_6,141.2,210.1,1005.0
10453406,stimulus_Arg_PISACowsMilk_10_page_6,141.2,210.1,1005.0
10453407,stimulus_Arg_PISACowsMilk_10_page_6,141.2,210.1,1005.0
10453408,stimulus_Arg_PISACowsMilk_10_page_6,141.2,210.1,1006.0
10453409,stimulus_Arg_PISACowsMilk_10_page_6,141.3,210.1,1006.0
10453410,stimulus_Arg_PISACowsMilk_10_page_6,141.3,210.3,1005.0
10453411,stimulus_Arg_PISACowsMilk_10_page_6,141.3,210.4,1005.0
10453412,stimulus_Arg_PISACowsMilk_10_page_6,141.2,210.3,1006.0
10453413,stimulus_Arg_PISACowsMilk_10_page_6,141.2,209.9,1006.0
10453414,stimulus_Arg_PISACowsMilk_10_page_6,141.3,209.5,1007.0
10453415,stimulus_Arg_PISACowsMilk_10_page_6,141.2,209.5,1006.0
10453416,stimulus_Arg_PISACowsMilk_10_page_6,141.1,209.7,1006.0
10453417,stimulus_Arg_PISACowsMilk_10_page_6,140.9,210.0,1006.0
10453418,stimulus_Arg_PISACowsMilk_10_page_6,140.9,209.9,1006.0
10453419,stimulus_Arg_PISACowsMilk_10_page_6,140.9,209.8,1007.0
10453420,stimulus_Arg_PISACowsMilk_10_page_6,141.0,209.8,1007.0
10453421,stimulus_Arg_PISACowsMilk_10_page_6,141.0,209.9,1009.0
10453422,stimulus_Arg_PISACowsMilk_10_page_6,141.0,209.9,1010.0
10453423,stimulus_Arg_PISACowsMilk_10_page_6,141.1,209.8,1011.0
10453424,stimulus_Arg_PISACowsMilk_10_page_6,141.1,209.9,1010.0
10453425,stimulus_Arg_PISACowsMilk_10_page_6,140.9,210.1,1009.0
10453426,stimulus_Arg_PISACowsMilk_10_page_6,140.8,210.2,1009.0
10453427,stimulus_Arg_PISACowsMilk_10_page_6,140.8,210.2,1010.0
10453428,stimulus_Arg_PISACowsMilk_10_page_6,140.9,210.2,1012.0
10453429,stimulus_Arg_PISACowsMilk_10_page_6,141.1,210.1,1013.0
10453430,stimulus_Arg_PISACowsMilk_10_page_6,141.2,210.0,1013.0
10453431,stimulus_Arg_PISACowsMilk_10_page_6,141.1,209.9,1013.0
10453432,stimulus_Arg_PISACowsMilk_10_page_6,141.0,209.8,1014.0
10453433,stimulus_Arg_PISACowsMilk_10_page_6,141.1,209.7,1015.0
10453434,stimulus_Arg_PISACowsMilk_10_page_6,141.3,209.6,1015.0
10453435,stimulus_Arg_PISACowsMilk_10_page_6,141.4,209.7,1016.0
10453436,stimulus_Arg_PISACowsMilk_10_page_6,141.1,209.6,1016.0
10453437,stimulus_Arg_PISACowsMilk_10_page_6,140.9,209.6,1016.0
10453438,stimulus_Arg_PISACowsMilk_10_page_6,140.4,209.6,1016.0
10453439,stimulus_Arg_PISACowsMilk_10_page_6,140.1,209.6,1016.0
10453440,stimulus_Arg_PISACowsMilk_10_page_6,140.1,209.5,1017.0
10453441,stimulus_Arg_PISACowsMilk_10_page_6,140.3,209.5,1018.0
10453442,stimulus_Arg_PISACowsMilk_10_page_6,140.4,209.8,1017.0
10453443,stimulus_Arg_PISACowsMilk_10_page_6,140.3,210.0,1015.0
10453444,stimulus_Arg_PISACowsMilk_10_page_6,140.3,210.2,1013.0
10453445,stimulus_Arg_PISACowsMilk_10_page_6,140.2,210.0,1012.0
10453446,stimulus_Arg_PISACowsMilk_10_page_6,139.9,209.9,1013.0
10453447,stimulus_Arg_PISACowsMilk_10_page_6,139.7,209.9,1014.0
10453448,stimulus_Arg_PISACowsMilk_10_page_6,139.5,209.9,1015.0
10453449,stimulus_Arg_PISACowsMilk_10_page_6,139.5,210.0,1015.0
10453450,stimulus_Arg_PISACowsMilk_10_page_6,139.6,210.1,1015.0
10453451,stimulus_Arg_PISACowsMilk_10_page_6,139.7,210.1,1014.0
10453452,stimulus_Arg_PISACowsMilk_10_page_6,139.9,210.0,1014.0
10453453,stimulus_Arg_PISACowsMilk_10_page_6,140.0,210.0,1013.0
10453454,stimulus_Arg_PISACowsMilk_10_page_6,140.1,210.0,1013.0
10453455,stimulus_Arg_PISACowsMilk_10_page_6,140.2,210.0,1012.0
10453456,stimulus_Arg_PISACowsMilk_10_page_6,140.3,210.0,1012.0
10453457,stimulus_Arg_PISACowsMilk_10_page_6,140.3,209.9,1013.0
10453458,stimulus_Arg_PISACowsMilk_10_page_6,140.1,209.7,1014.0
10453459,stimulus_Arg_PISACowsMilk_10_page_6,139.7,209.5,1015.0
10453460,stimulus_Arg_PISACowsMilk_10_page_6,139.4,209.5,1016.0
10453461,stimulus_Arg_PISACowsMilk_10_page_6,139.1,209.5,1017.0
10453462,stimulus_Arg_PISACowsMilk_10_page_6,138.8,209.5,1018.0
10453463,stimulus_Arg_PISACowsMilk_10_page_6,138.4,209.5,1018.0
10453464,stimulus_Arg_PISACowsMilk_10_page_6,138.5,210.0,1018.0
10453465,stimulus_Arg_PISACowsMilk_10_page_6,139.2,210.6,1018.0
10453466,stimulus_Arg_PISACowsMilk_10_page_6,140.8,211.2,1017.0
10453467,stimulus_Arg_PISACowsMilk_10_page_6,144.2,211.3,1016.0
10453468,stimulus_Arg_PISACowsMilk_10_page_6,148.3,211.1,1016.0
10453469,stimulus_Arg_PISACowsMilk_10_page_6,153.8,210.4,1016.0
10453470,stimulus_Arg_PISACowsMilk_10_page_6,160.4,208.9,1016.0
10453471,stimulus_Arg_PISACowsMilk_10_page_6,168.9,205.6,1016.0
10453472,stimulus_Arg_PISACowsMilk_10_page_6,177.9,201.1,1017.0
10453473,stimulus_Arg_PISACowsMilk_10_page_6,188.2,196.0,1018.0
10453474,stimulus_Arg_PISACowsMilk_10_page_6,198.6,192.3,1019.0
10453475,stimulus_Arg_PISACowsMilk_10_page_6,209.8,188.3,1019.0
10453476,stimulus_Arg_PISACowsMilk_10_page_6,220.5,183.5,1020.0
10453477,stimulus_Arg_PISACowsMilk_10_page_6,230.2,178.1,1022.0
10453478,stimulus_Arg_PISACowsMilk_10_page_6,239.2,173.5,1024.0
10453479,stimulus_Arg_PISACowsMilk_10_page_6,246.6,169.8,1024.0
10453480,stimulus_Arg_PISACowsMilk_10_page_6,253.5,166.5,1022.0
10453481,stimulus_Arg_PISACowsMilk_10_page_6,260.3,163.8,1021.0
10453482,stimulus_Arg_PISACowsMilk_10_page_6,266.3,161.8,1020.0
10453483,stimulus_Arg_PISACowsMilk_10_page_6,271.9,159.9,1018.0
10453484,stimulus_Arg_PISACowsMilk_10_page_6,277.3,157.2,1016.0
10453485,stimulus_Arg_PISACowsMilk_10_page_6,282.6,153.4,1014.0
10453486,stimulus_Arg_PISACowsMilk_10_page_6,289.9,149.7,1014.0
10453487,stimulus_Arg_PISACowsMilk_10_page_6,296.8,146.9,1014.0
10453488,stimulus_Arg_PISACowsMilk_10_page_6,305.4,144.5,1014.0
10453489,stimulus_Arg_PISACowsMilk_10_page_6,314.2,141.3,1013.0
10453490,stimulus_Arg_PISACowsMilk_10_page_6,325.0,137.2,1011.0
10453491,stimulus_Arg_PISACowsMilk_10_page_6,336.2,133.7,1012.0
10453492,stimulus_Arg_PISACowsMilk_10_page_6,348.9,131.3,1012.0
10453493,stimulus_Arg_PISACowsMilk_10_page_6,361.3,128.8,1012.0
10453494,stimulus_Arg_PISACowsMilk_10_page_6,375.2,126.7,1012.0
10453495,stimulus_Arg_PISACowsMilk_10_page_6,388.5,124.2,1011.0
10453496,stimulus_Arg_PISACowsMilk_10_page_6,401.7,121.6,1010.0
10453497,stimulus_Arg_PISACowsMilk_10_page_6,414.2,117.9,1009.0
10453498,stimulus_Arg_PISACowsMilk_10_page_6,426.9,115.0,1009.0
10453499,stimulus_Arg_PISACowsMilk_10_page_6,437.7,113.8,1009.0
10453500,stimulus_Arg_PISACowsMilk_10_page_6,448.4,114.1,1009.0
10453501,stimulus_Arg_PISACowsMilk_10_page_6,457.0,113.3,1009.0
10453502,stimulus_Arg_PISACowsMilk_10_page_6,468.1,112.6,1008.0
10453503,stimulus_Arg_PISACowsMilk_10_page_6,476.8,111.7,1008.0
10453504,stimulus_Arg_PISACowsMilk_10_page_6,487.6,112.1,1008.0
10453505,stimulus_Arg_PISACowsMilk_10_page_6,495.7,112.2,1007.0
10453506,stimulus_Arg_PISACowsMilk_10_page_6,505.7,112.4,1007.0
10453507,stimulus_Arg_PISACowsMilk_10_page_6,513.4,112.3,1007.0
10453508,stimulus_Arg_PISACowsMilk_10_page_6,521.8,111.9,1007.0
10453509,stimulus_Arg_PISACowsMilk_10_page_6,528.4,111.5,1007.0
10453510,stimulus_Arg_PISACowsMilk_10_page_6,535.4,110.4,1006.0
10453511,stimulus_Arg_PISACowsMilk_10_page_6,541.4,109.6,1005.0
10453512,stimulus_Arg_PISACowsMilk_10_page_6,548.7,108.1,1004.0
10453513,stimulus_Arg_PISACowsMilk_10_page_6,554.9,107.0,1003.0
10453514,stimulus_Arg_PISACowsMilk_10_page_6,561.5,105.6,1001.0
10453515,stimulus_Arg_PISACowsMilk_10_page_6,567.6,104.2,1000.0
10453516,stimulus_Arg_PISACowsMilk_10_page_6,574.1,103.1,999.0
10453517,stimulus_Arg_PISACowsMilk_10_page_6,578.3,102.4,998.0
10453518,stimulus_Arg_PISACowsMilk_10_page_6,581.7,102.4,997.0
10453519,stimulus_Arg_PISACowsMilk_10_page_6,584.0,102.7,996.0
10453520,stimulus_Arg_PISACowsMilk_10_page_6,586.2,103.0,996.0
10453521,stimulus_Arg_PISACowsMilk_10_page_6,586.9,103.4,998.0
10453522,stimulus_Arg_PISACowsMilk_10_page_6,586.4,104.1,999.0
10453523,stimulus_Arg_PISACowsMilk_10_page_6,584.5,104.7,999.0
10453524,stimulus_Arg_PISACowsMilk_10_page_6,581.5,105.3,999.0
10453525,stimulus_Arg_PISACowsMilk_10_page_6,577.6,105.6,998.0
10453526,stimulus_Arg_PISACowsMilk_10_page_6,573.3,106.1,998.0
10453527,stimulus_Arg_PISACowsMilk_10_page_6,568.7,106.9,998.0
10453528,stimulus_Arg_PISACowsMilk_10_page_6,564.1,107.7,1000.0
10453529,stimulus_Arg_PISACowsMilk_10_page_6,560.7,108.8,1003.0
10453530,stimulus_Arg_PISACowsMilk_10_page_6,558.5,109.5,1007.0
10453531,stimulus_Arg_PISACowsMilk_10_page_6,557.9,110.3,1009.0
10453532,stimulus_Arg_PISACowsMilk_10_page_6,557.8,110.8,1011.0
10453533,stimulus_Arg_PISACowsMilk_10_page_6,558.4,111.3,1011.0
10453534,stimulus_Arg_PISACowsMilk_10_page_6,559.6,111.8,1011.0
10453535,stimulus_Arg_PISACowsMilk_10_page_6,561.3,111.7,1011.0
10453536,stimulus_Arg_PISACowsMilk_10_page_6,563.9,111.6,1010.0
10453537,stimulus_Arg_PISACowsMilk_10_page_6,566.3,111.5,1009.0
10453538,stimulus_Arg_PISACowsMilk_10_page_6,569.2,111.2,1009.0
10453539,stimulus_Arg_PISACowsMilk_10_page_6,571.3,110.5,1009.0
10453540,stimulus_Arg_PISACowsMilk_10_page_6,574.0,109.9,1009.0
10453541,stimulus_Arg_PISACowsMilk_10_page_6,575.9,109.3,1010.0
10453542,stimulus_Arg_PISACowsMilk_10_page_6,577.5,109.0,1011.0
10453543,stimulus_Arg_PISACowsMilk_10_page_6,578.3,108.7,1013.0
10453544,stimulus_Arg_PISACowsMilk_10_page_6,578.8,108.4,1014.0
10453545,stimulus_Arg_PISACowsMilk_10_page_6,579.4,108.3,1013.0
10453546,stimulus_Arg_PISACowsMilk_10_page_6,579.9,108.3,1014.0
10453547,stimulus_Arg_PISACowsMilk_10_page_6,580.2,108.3,1014.0
10453548,stimulus_Arg_PISACowsMilk_10_page_6,580.3,108.2,1015.0
10453549,stimulus_Arg_PISACowsMilk_10_page_6,580.5,108.1,1015.0
10453550,stimulus_Arg_PISACowsMilk_10_page_6,580.6,108.0,1015.0
10453551,stimulus_Arg_PISACowsMilk_10_page_6,580.5,107.9,1015.0
10453552,stimulus_Arg_PISACowsMilk_10_page_6,580.5,107.8,1016.0
10453553,stimulus_Arg_PISACowsMilk_10_page_6,580.3,107.7,1017.0
10453554,stimulus_Arg_PISACowsMilk_10_page_6,580.2,107.9,1017.0
10453555,stimulus_Arg_PISACowsMilk_10_page_6,580.0,108.1,1017.0
10453556,stimulus_Arg_PISACowsMilk_10_page_6,579.7,108.4,1015.0
10453557,stimulus_Arg_PISACowsMilk_10_page_6,579.3,108.6,1014.0
10453558,stimulus_Arg_PISACowsMilk_10_page_6,578.9,108.7,1012.0
10453559,stimulus_Arg_PISACowsMilk_10_page_6,578.7,108.7,1012.0
10453560,stimulus_Arg_PISACowsMilk_10_page_6,578.3,108.7,1013.0
10453561,stimulus_Arg_PISACowsMilk_10_page_6,577.9,108.7,1014.0
10453562,stimulus_Arg_PISACowsMilk_10_page_6,577.6,108.7,1015.0
10453563,stimulus_Arg_PISACowsMilk_10_page_6,577.7,108.6,1015.0
10453564,stimulus_Arg_PISACowsMilk_10_page_6,577.8,108.4,1014.0
10453565,stimulus_Arg_PISACowsMilk_10_page_6,577.9,107.9,1014.0
10453566,stimulus_Arg_PISACowsMilk_10_page_6,578.0,107.5,1012.0
10453567,stimulus_Arg_PISACowsMilk_10_page_6,578.0,107.5,1012.0
10453568,stimulus_Arg_PISACowsMilk_10_page_6,578.3,107.7,1011.0
10453569,stimulus_Arg_PISACowsMilk_10_page_6,578.8,108.0,1010.0
10453570,stimulus_Arg_PISACowsMilk_10_page_6,579.8,108.3,1008.0
10453571,stimulus_Arg_PISACowsMilk_10_page_6,580.8,108.9,1006.0
10453572,stimulus_Arg_PISACowsMilk_10_page_6,582.2,109.3,1005.0
10453573,stimulus_Arg_PISACowsMilk_10_page_6,584.3,109.4,1006.0
10453574,stimulus_Arg_PISACowsMilk_10_page_6,586.9,109.3,1006.0
10453575,stimulus_Arg_PISACowsMilk_10_page_6,591.3,109.6,1007.0
10453576,stimulus_Arg_PISACowsMilk_10_page_6,597.3,110.1,1007.0
10453577,stimulus_Arg_PISACowsMilk_10_page_6,606.0,110.7,1007.0
10453578,stimulus_Arg_PISACowsMilk_10_page_6,616.7,110.3,1007.0
10453579,stimulus_Arg_PISACowsMilk_10_page_6,629.3,109.9,1007.0
10453580,stimulus_Arg_PISACowsMilk_10_page_6,643.0,108.4,1007.0
10453581,stimulus_Arg_PISACowsMilk_10_page_6,658.1,105.6,1008.0
10453582,stimulus_Arg_PISACowsMilk_10_page_6,672.2,100.7,1011.0
10453583,stimulus_Arg_PISACowsMilk_10_page_6,686.5,96.9,1014.0
10453584,stimulus_Arg_PISACowsMilk_10_page_6,699.7,93.0,1016.0
10453585,stimulus_Arg_PISACowsMilk_10_page_6,713.1,90.3,1016.0
10453586,stimulus_Arg_PISACowsMilk_10_page_6,725.9,86.8,1015.0
10453587,stimulus_Arg_PISACowsMilk_10_page_6,738.1,84.4,1013.0
10453588,stimulus_Arg_PISACowsMilk_10_page_6,750.6,81.3,1011.0
10453589,stimulus_Arg_PISACowsMilk_10_page_6,762.4,79.2,1007.0
10453590,stimulus_Arg_PISACowsMilk_10_page_6,772.7,76.7,1005.0
10453591,stimulus_Arg_PISACowsMilk_10_page_6,782.9,76.0,1001.0
10453592,stimulus_Arg_PISACowsMilk_10_page_6,790.7,75.9,999.0
10453593,stimulus_Arg_PISACowsMilk_10_page_6,798.1,77.0,994.0
10453594,stimulus_Arg_PISACowsMilk_10_page_6,802.7,78.0,990.0
10453595,stimulus_Arg_PISACowsMilk_10_page_6,805.6,78.4,986.0
10453596,stimulus_Arg_PISACowsMilk_10_page_6,806.5,78.8,983.0
10453597,stimulus_Arg_PISACowsMilk_10_page_6,806.6,80.1,980.0
10453598,stimulus_Arg_PISACowsMilk_10_page_6,806.0,81.8,979.0
10453599,stimulus_Arg_PISACowsMilk_10_page_6,803.9,84.1,979.0
10453600,stimulus_Arg_PISACowsMilk_10_page_6,800.9,85.7,979.0
10453601,stimulus_Arg_PISACowsMilk_10_page_6,796.5,86.9,979.0
10453602,stimulus_Arg_PISACowsMilk_10_page_6,792.3,87.4,979.0
10453603,stimulus_Arg_PISACowsMilk_10_page_6,787.3,87.6,980.0
10453604,stimulus_Arg_PISACowsMilk_10_page_6,783.2,86.9,982.0
10453605,stimulus_Arg_PISACowsMilk_10_page_6,778.9,86.0,985.0
10453606,stimulus_Arg_PISACowsMilk_10_page_6,776.2,84.9,988.0
10453607,stimulus_Arg_PISACowsMilk_10_page_6,773.9,84.3,990.0
10453608,stimulus_Arg_PISACowsMilk_10_page_6,772.3,84.1,991.0
10453609,stimulus_Arg_PISACowsMilk_10_page_6,771.1,84.1,993.0
10453610,stimulus_Arg_PISACowsMilk_10_page_6,770.4,84.3,994.0
10453611,stimulus_Arg_PISACowsMilk_10_page_6,771.1,84.8,995.0
10453612,stimulus_Arg_PISACowsMilk_10_page_6,772.2,85.8,995.0
10453613,stimulus_Arg_PISACowsMilk_10_page_6,774.1,86.9,996.0
10453614,stimulus_Arg_PISACowsMilk_10_page_6,776.6,88.1,997.0
10453615,stimulus_Arg_PISACowsMilk_10_page_6,779.4,88.6,998.0
10453616,stimulus_Arg_PISACowsMilk_10_page_6,782.4,89.5,1000.0
10453617,stimulus_Arg_PISACowsMilk_10_page_6,784.4,89.9,1001.0
10453618,stimulus_Arg_PISACowsMilk_10_page_6,786.8,90.2,1002.0
10453619,stimulus_Arg_PISACowsMilk_10_page_6,788.3,90.0,1004.0
10453620,stimulus_Arg_PISACowsMilk_10_page_6,789.9,89.6,1005.0
10453621,stimulus_Arg_PISACowsMilk_10_page_6,790.9,89.3,1005.0
10453622,stimulus_Arg_PISACowsMilk_10_page_6,791.6,88.9,1003.0
10453623,stimulus_Arg_PISACowsMilk_10_page_6,792.5,88.8,1001.0
10453624,stimulus_Arg_PISACowsMilk_10_page_6,793.4,88.4,1000.0
10453625,stimulus_Arg_PISACowsMilk_10_page_6,794.3,87.9,999.0
10453626,stimulus_Arg_PISACowsMilk_10_page_6,794.6,87.3,999.0
10453627,stimulus_Arg_PISACowsMilk_10_page_6,794.5,87.2,998.0
10453628,stimulus_Arg_PISACowsMilk_10_page_6,794.5,87.1,997.0
10453629,stimulus_Arg_PISACowsMilk_10_page_6,794.8,86.9,997.0
10453630,stimulus_Arg_PISACowsMilk_10_page_6,795.2,86.4,997.0
10453631,stimulus_Arg_PISACowsMilk_10_page_6,795.7,86.0,997.0
10453632,stimulus_Arg_PISACowsMilk_10_page_6,795.9,85.4,997.0
10453633,stimulus_Arg_PISACowsMilk_10_page_6,796.1,85.3,996.0
10453634,stimulus_Arg_PISACowsMilk_10_page_6,796.1,85.1,996.0
10453635,stimulus_Arg_PISACowsMilk_10_page_6,796.0,85.1,996.0
10453636,stimulus_Arg_PISACowsMilk_10_page_6,795.9,85.1,996.0
10453637,stimulus_Arg_PISACowsMilk_10_page_6,795.7,85.2,995.0
10453638,stimulus_Arg_PISACowsMilk_10_page_6,795.6,85.3,995.0
10453639,stimulus_Arg_PISACowsMilk_10_page_6,795.5,85.5,994.0
10453640,stimulus_Arg_PISACowsMilk_10_page_6,795.3,85.6,994.0
10453641,stimulus_Arg_PISACowsMilk_10_page_6,795.0,85.6,993.0
10453642,stimulus_Arg_PISACowsMilk_10_page_6,794.8,85.7,993.0
10453643,stimulus_Arg_PISACowsMilk_10_page_6,794.7,85.6,993.0
10453644,stimulus_Arg_PISACowsMilk_10_page_6,794.6,85.3,993.0
10453645,stimulus_Arg_PISACowsMilk_10_page_6,794.5,85.0,993.0
10453646,stimulus_Arg_PISACowsMilk_10_page_6,794.4,84.9,993.0
10453647,stimulus_Arg_PISACowsMilk_10_page_6,794.2,85.1,992.0
10453648,stimulus_Arg_PISACowsMilk_10_page_6,794.0,85.1,992.0
10453649,stimulus_Arg_PISACowsMilk_10_page_6,794.0,85.1,992.0
10453650,stimulus_Arg_PISACowsMilk_10_page_6,793.7,85.2,992.0
10453651,stimulus_Arg_PISACowsMilk_10_page_6,793.3,85.4,992.0
10453652,stimulus_Arg_PISACowsMilk_10_page_6,792.9,85.9,991.0
10453653,stimulus_Arg_PISACowsMilk_10_page_6,792.9,86.3,990.0
10453654,stimulus_Arg_PISACowsMilk_10_page_6,792.9,86.6,989.0
10453655,stimulus_Arg_PISACowsMilk_10_page_6,792.8,86.6,989.0
10453656,stimulus_Arg_PISACowsMilk_10_page_6,792.7,86.6,990.0
10453657,stimulus_Arg_PISACowsMilk_10_page_6,792.6,86.6,990.0
10453658,stimulus_Arg_PISACowsMilk_10_page_6,792.6,86.6,989.0
10453659,stimulus_Arg_PISACowsMilk_10_page_6,792.6,86.6,989.0
10453660,stimulus_Arg_PISACowsMilk_10_page_6,792.6,86.7,989.0
10453661,stimulus_Arg_PISACowsMilk_10_page_6,792.8,86.9,989.0
10453662,stimulus_Arg_PISACowsMilk_10_page_6,793.0,87.1,989.0
10453663,stimulus_Arg_PISACowsMilk_10_page_6,793.0,87.4,989.0
10453664,stimulus_Arg_PISACowsMilk_10_page_6,792.8,87.6,989.0
10453665,stimulus_Arg_PISACowsMilk_10_page_6,792.7,87.7,990.0
10453666,stimulus_Arg_PISACowsMilk_10_page_6,792.9,87.5,990.0
10453667,stimulus_Arg_PISACowsMilk_10_page_6,793.0,87.2,990.0
10453668,stimulus_Arg_PISACowsMilk_10_page_6,793.1,87.1,989.0
10453669,stimulus_Arg_PISACowsMilk_10_page_6,793.1,86.9,989.0
10453670,stimulus_Arg_PISACowsMilk_10_page_6,793.2,86.6,989.0
10453671,stimulus_Arg_PISACowsMilk_10_page_6,793.4,86.5,989.0
10453672,stimulus_Arg_PISACowsMilk_10_page_6,793.5,86.4,990.0
10453673,stimulus_Arg_PISACowsMilk_10_page_6,793.5,86.4,990.0
10453674,stimulus_Arg_PISACowsMilk_10_page_6,793.4,86.2,990.0
10453675,stimulus_Arg_PISACowsMilk_10_page_6,793.4,86.2,990.0
10453676,stimulus_Arg_PISACowsMilk_10_page_6,793.4,86.5,990.0
10453677,stimulus_Arg_PISACowsMilk_10_page_6,793.2,86.7,990.0
10453678,stimulus_Arg_PISACowsMilk_10_page_6,793.1,86.9,990.0
10453679,stimulus_Arg_PISACowsMilk_10_page_6,793.1,86.8,990.0
10453680,stimulus_Arg_PISACowsMilk_10_page_6,793.1,86.9,990.0
10453681,stimulus_Arg_PISACowsMilk_10_page_6,793.0,87.1,990.0
10453682,stimulus_Arg_PISACowsMilk_10_page_6,793.0,87.1,990.0
10453683,stimulus_Arg_PISACowsMilk_10_page_6,792.9,86.8,989.0
10453684,stimulus_Arg_PISACowsMilk_10_page_6,793.2,86.5,989.0
10453685,stimulus_Arg_PISACowsMilk_10_page_6,793.5,86.5,989.0
10453686,stimulus_Arg_PISACowsMilk_10_page_6,793.8,86.6,989.0
10453687,stimulus_Arg_PISACowsMilk_10_page_6,793.8,86.9,989.0
10453688,stimulus_Arg_PISACowsMilk_10_page_6,793.7,87.3,989.0
10453689,stimulus_Arg_PISACowsMilk_10_page_6,793.7,87.7,990.0
10453690,stimulus_Arg_PISACowsMilk_10_page_6,793.6,87.9,991.0
10453691,stimulus_Arg_PISACowsMilk_10_page_6,793.4,88.1,991.0
10453692,stimulus_Arg_PISACowsMilk_10_page_6,793.2,88.2,992.0
10453693,stimulus_Arg_PISACowsMilk_10_page_6,793.4,88.2,992.0
10453694,stimulus_Arg_PISACowsMilk_10_page_6,793.5,88.2,992.0
10453695,stimulus_Arg_PISACowsMilk_10_page_6,793.6,88.1,992.0
10453696,stimulus_Arg_PISACowsMilk_10_page_6,793.5,88.1,992.0
10453697,stimulus_Arg_PISACowsMilk_10_page_6,793.5,88.3,991.0
10453698,stimulus_Arg_PISACowsMilk_10_page_6,793.5,88.7,990.0
10453699,stimulus_Arg_PISACowsMilk_10_page_6,793.6,88.9,990.0
10453700,stimulus_Arg_PISACowsMilk_10_page_6,793.6,89.0,991.0
10453701,stimulus_Arg_PISACowsMilk_10_page_6,793.8,89.0,992.0
10453702,stimulus_Arg_PISACowsMilk_10_page_6,793.9,89.0,992.0
10453703,stimulus_Arg_PISACowsMilk_10_page_6,793.9,89.4,991.0
10453704,stimulus_Arg_PISACowsMilk_10_page_6,793.9,89.8,990.0
10453705,stimulus_Arg_PISACowsMilk_10_page_6,793.9,89.9,990.0
10453706,stimulus_Arg_PISACowsMilk_10_page_6,794.0,89.7,990.0
10453707,stimulus_Arg_PISACowsMilk_10_page_6,794.3,89.6,990.0
10453708,stimulus_Arg_PISACowsMilk_10_page_6,794.6,89.8,990.0
10453709,stimulus_Arg_PISACowsMilk_10_page_6,794.9,89.9,990.0
10453710,stimulus_Arg_PISACowsMilk_10_page_6,794.9,89.7,991.0
10453711,stimulus_Arg_PISACowsMilk_10_page_6,795.2,89.5,991.0
10453712,stimulus_Arg_PISACowsMilk_10_page_6,795.4,89.4,991.0
10453713,stimulus_Arg_PISACowsMilk_10_page_6,795.5,89.3,990.0
10453714,stimulus_Arg_PISACowsMilk_10_page_6,795.3,89.2,990.0
10453715,stimulus_Arg_PISACowsMilk_10_page_6,795.0,89.2,990.0
10453716,stimulus_Arg_PISACowsMilk_10_page_6,794.5,89.3,991.0
10453717,stimulus_Arg_PISACowsMilk_10_page_6,794.1,89.5,991.0
10453718,stimulus_Arg_PISACowsMilk_10_page_6,793.5,89.7,992.0
10453719,stimulus_Arg_PISACowsMilk_10_page_6,793.0,90.0,992.0
10453720,stimulus_Arg_PISACowsMilk_10_page_6,793.0,90.2,991.0
10453721,stimulus_Arg_PISACowsMilk_10_page_6,793.2,90.6,991.0
10453722,stimulus_Arg_PISACowsMilk_10_page_6,793.6,90.6,990.0
10453723,stimulus_Arg_PISACowsMilk_10_page_6,793.6,90.7,991.0
10453724,stimulus_Arg_PISACowsMilk_10_page_6,793.6,90.7,992.0
10453725,stimulus_Arg_PISACowsMilk_10_page_6,793.6,90.7,993.0
10453726,stimulus_Arg_PISACowsMilk_10_page_6,793.8,90.7,993.0
10453727,stimulus_Arg_PISACowsMilk_10_page_6,794.3,90.7,993.0
10453728,stimulus_Arg_PISACowsMilk_10_page_6,794.7,90.8,993.0
10453729,stimulus_Arg_PISACowsMilk_10_page_6,795.1,90.9,993.0
10453730,stimulus_Arg_PISACowsMilk_10_page_6,795.1,90.9,992.0
10453731,stimulus_Arg_PISACowsMilk_10_page_6,795.0,91.2,993.0
10453732,stimulus_Arg_PISACowsMilk_10_page_6,794.9,91.6,994.0
10453733,stimulus_Arg_PISACowsMilk_10_page_6,795.0,92.1,995.0
10453734,stimulus_Arg_PISACowsMilk_10_page_6,795.1,92.1,996.0
10453735,stimulus_Arg_PISACowsMilk_10_page_6,795.0,92.0,996.0
10453736,stimulus_Arg_PISACowsMilk_10_page_6,794.7,91.8,996.0
10453737,stimulus_Arg_PISACowsMilk_10_page_6,794.3,91.7,995.0
10453738,stimulus_Arg_PISACowsMilk_10_page_6,794.0,91.6,994.0
10453739,stimulus_Arg_PISACowsMilk_10_page_6,793.9,91.5,993.0
10453740,stimulus_Arg_PISACowsMilk_10_page_6,794.0,91.5,993.0
10453741,stimulus_Arg_PISACowsMilk_10_page_6,794.6,91.6,993.0
10453742,stimulus_Arg_PISACowsMilk_10_page_6,795.1,91.7,994.0
10453743,stimulus_Arg_PISACowsMilk_10_page_6,795.4,92.0,994.0
10453744,stimulus_Arg_PISACowsMilk_10_page_6,795.3,92.1,995.0
10453745,stimulus_Arg_PISACowsMilk_10_page_6,795.1,92.2,994.0
10453746,stimulus_Arg_PISACowsMilk_10_page_6,794.9,92.1,994.0
10453747,stimulus_Arg_PISACowsMilk_10_page_6,795.0,92.1,994.0
10453748,stimulus_Arg_PISACowsMilk_10_page_6,795.2,92.1,995.0
10453749,stimulus_Arg_PISACowsMilk_10_page_6,795.4,92.1,996.0
10453750,stimulus_Arg_PISACowsMilk_10_page_6,795.4,92.1,997.0
10453751,stimulus_Arg_PISACowsMilk_10_page_6,795.5,92.1,998.0
10453752,stimulus_Arg_PISACowsMilk_10_page_6,795.5,92.1,999.0
10453753,stimulus_Arg_PISACowsMilk_10_page_6,795.4,92.3,999.0
10453754,stimulus_Arg_PISACowsMilk_10_page_6,795.4,92.6,997.0
10453755,stimulus_Arg_PISACowsMilk_10_page_6,795.4,93.0,996.0
10453756,stimulus_Arg_PISACowsMilk_10_page_6,795.4,93.0,997.0
10453757,stimulus_Arg_PISACowsMilk_10_page_6,795.4,93.1,997.0
10453758,stimulus_Arg_PISACowsMilk_10_page_6,795.1,93.2,997.0
10453759,stimulus_Arg_PISACowsMilk_10_page_6,794.7,93.2,999.0
10453760,stimulus_Arg_PISACowsMilk_10_page_6,794.3,93.2,1000.0
10453761,stimulus_Arg_PISACowsMilk_10_page_6,794.1,93.2,1002.0
10453762,stimulus_Arg_PISACowsMilk_10_page_6,793.9,93.4,1003.0
10453763,stimulus_Arg_PISACowsMilk_10_page_6,793.7,93.7,1003.0
10453764,stimulus_Arg_PISACowsMilk_10_page_6,793.8,94.1,1004.0
10453765,stimulus_Arg_PISACowsMilk_10_page_6,794.2,94.4,1003.0
10453766,stimulus_Arg_PISACowsMilk_10_page_6,794.7,94.4,1002.0
10453767,stimulus_Arg_PISACowsMilk_10_page_6,795.8,94.1,1001.0
10453768,stimulus_Arg_PISACowsMilk_10_page_6,798.0,94.0,1000.0
10453769,stimulus_Arg_PISACowsMilk_10_page_6,802.1,94.3,1001.0
10453770,stimulus_Arg_PISACowsMilk_10_page_6,807.8,94.7,1002.0
10453771,stimulus_Arg_PISACowsMilk_10_page_6,814.2,95.8,1003.0
10453772,stimulus_Arg_PISACowsMilk_10_page_6,821.8,97.4,1003.0
10453773,stimulus_Arg_PISACowsMilk_10_page_6,829.7,99.7,1002.0
10453774,stimulus_Arg_PISACowsMilk_10_page_6,838.8,101.9,1001.0
10453775,stimulus_Arg_PISACowsMilk_10_page_6,847.6,104.5,1002.0
10453776,stimulus_Arg_PISACowsMilk_10_page_6,855.4,106.3,1003.0
10453777,stimulus_Arg_PISACowsMilk_10_page_6,862.6,107.8,1003.0
10453778,stimulus_Arg_PISACowsMilk_10_page_6,868.4,108.2,1003.0
10453779,stimulus_Arg_PISACowsMilk_10_page_6,873.8,108.8,1004.0
10453780,stimulus_Arg_PISACowsMilk_10_page_6,876.8,109.2,1005.0
10453781,stimulus_Arg_PISACowsMilk_10_page_6,879.1,109.3,1005.0
10453782,stimulus_Arg_PISACowsMilk_10_page_6,880.2,109.2,1004.0
10453783,stimulus_Arg_PISACowsMilk_10_page_6,880.9,109.1,1002.0
10453784,stimulus_Arg_PISACowsMilk_10_page_6,880.2,109.0,1001.0
10453785,stimulus_Arg_PISACowsMilk_10_page_6,878.7,108.7,1000.0
10453786,stimulus_Arg_PISACowsMilk_10_page_6,876.7,107.9,999.0
10453787,stimulus_Arg_PISACowsMilk_10_page_6,874.8,107.2,999.0
10453788,stimulus_Arg_PISACowsMilk_10_page_6,873.4,106.3,999.0
10453789,stimulus_Arg_PISACowsMilk_10_page_6,872.1,106.1,1000.0
10453790,stimulus_Arg_PISACowsMilk_10_page_6,870.7,105.8,1000.0
10453791,stimulus_Arg_PISACowsMilk_10_page_6,869.3,105.7,1001.0
10453792,stimulus_Arg_PISACowsMilk_10_page_6,868.3,105.6,1001.0
10453793,stimulus_Arg_PISACowsMilk_10_page_6,867.8,105.5,1002.0
10453794,stimulus_Arg_PISACowsMilk_10_page_6,867.0,105.5,1002.0
10453795,stimulus_Arg_PISACowsMilk_10_page_6,866.5,105.5,1004.0
10453796,stimulus_Arg_PISACowsMilk_10_page_6,865.9,105.5,1006.0
10453797,stimulus_Arg_PISACowsMilk_10_page_6,865.5,105.4,1007.0
10453798,stimulus_Arg_PISACowsMilk_10_page_6,865.0,105.3,1007.0
10453799,stimulus_Arg_PISACowsMilk_10_page_6,864.7,105.4,1006.0
10453800,stimulus_Arg_PISACowsMilk_10_page_6,864.7,105.5,1006.0
10453801,stimulus_Arg_PISACowsMilk_10_page_6,864.7,105.7,1006.0
10453802,stimulus_Arg_PISACowsMilk_10_page_6,864.7,105.8,1006.0
10453803,stimulus_Arg_PISACowsMilk_10_page_6,864.8,106.1,1007.0
10453804,stimulus_Arg_PISACowsMilk_10_page_6,865.0,106.4,1007.0
10453805,stimulus_Arg_PISACowsMilk_10_page_6,865.3,106.6,1008.0
10453806,stimulus_Arg_PISACowsMilk_10_page_6,866.0,106.6,1008.0
10453807,stimulus_Arg_PISACowsMilk_10_page_6,866.5,106.7,1008.0
10453808,stimulus_Arg_PISACowsMilk_10_page_6,867.0,107.1,1009.0
10453809,stimulus_Arg_PISACowsMilk_10_page_6,867.4,107.7,1009.0
10453810,stimulus_Arg_PISACowsMilk_10_page_6,868.0,108.2,1010.0
10453811,stimulus_Arg_PISACowsMilk_10_page_6,868.5,108.3,1011.0
10453812,stimulus_Arg_PISACowsMilk_10_page_6,868.6,108.3,1011.0
10453813,stimulus_Arg_PISACowsMilk_10_page_6,868.8,108.4,1011.0
10453814,stimulus_Arg_PISACowsMilk_10_page_6,869.0,108.3,1011.0
10453815,stimulus_Arg_PISACowsMilk_10_page_6,869.1,108.3,1012.0
10453816,stimulus_Arg_PISACowsMilk_10_page_6,869.1,108.3,1012.0
10453817,stimulus_Arg_PISACowsMilk_10_page_6,869.0,108.3,1012.0
10453818,stimulus_Arg_PISACowsMilk_10_page_6,868.7,108.3,1013.0
10453819,stimulus_Arg_PISACowsMilk_10_page_6,868.4,108.4,1013.0
10453820,stimulus_Arg_PISACowsMilk_10_page_6,868.1,108.5,1014.0
10453821,stimulus_Arg_PISACowsMilk_10_page_6,868.1,108.5,1014.0
10453822,stimulus_Arg_PISACowsMilk_10_page_6,868.1,108.4,1013.0
10453823,stimulus_Arg_PISACowsMilk_10_page_6,868.1,108.2,1012.0
10453824,stimulus_Arg_PISACowsMilk_10_page_6,868.0,108.2,1011.0
10453825,stimulus_Arg_PISACowsMilk_10_page_6,868.0,108.2,1010.0
10453826,stimulus_Arg_PISACowsMilk_10_page_6,868.2,108.1,1010.0
10453827,stimulus_Arg_PISACowsMilk_10_page_6,868.4,108.0,1010.0
10453828,stimulus_Arg_PISACowsMilk_10_page_6,868.4,107.8,1010.0
10453829,stimulus_Arg_PISACowsMilk_10_page_6,868.3,107.9,1010.0
10453830,stimulus_Arg_PISACowsMilk_10_page_6,868.4,107.9,1010.0
10453831,stimulus_Arg_PISACowsMilk_10_page_6,868.4,107.9,1010.0
10453832,stimulus_Arg_PISACowsMilk_10_page_6,868.4,107.9,1010.0
10453833,stimulus_Arg_PISACowsMilk_10_page_6,868.4,107.9,1010.0
10453834,stimulus_Arg_PISACowsMilk_10_page_6,868.3,107.8,1010.0
10453835,stimulus_Arg_PISACowsMilk_10_page_6,868.3,107.7,1010.0
10453836,stimulus_Arg_PISACowsMilk_10_page_6,868.3,107.8,1010.0
10453837,stimulus_Arg_PISACowsMilk_10_page_6,868.5,108.1,1010.0
10453838,stimulus_Arg_PISACowsMilk_10_page_6,868.7,108.4,1010.0
10453839,stimulus_Arg_PISACowsMilk_10_page_6,869.0,108.3,1011.0
10453840,stimulus_Arg_PISACowsMilk_10_page_6,869.0,108.2,1011.0
10453841,stimulus_Arg_PISACowsMilk_10_page_6,868.7,108.3,1010.0
10453842,stimulus_Arg_PISACowsMilk_10_page_6,868.5,108.6,1010.0
10453843,stimulus_Arg_PISACowsMilk_10_page_6,868.3,108.9,1010.0
10453844,stimulus_Arg_PISACowsMilk_10_page_6,868.3,109.0,1011.0
10453845,stimulus_Arg_PISACowsMilk_10_page_6,868.0,108.9,1011.0
10453846,stimulus_Arg_PISACowsMilk_10_page_6,867.7,108.8,1011.0
10453847,stimulus_Arg_PISACowsMilk_10_page_6,867.5,108.7,1010.0
10453848,stimulus_Arg_PISACowsMilk_10_page_6,867.6,108.9,1011.0
10453849,stimulus_Arg_PISACowsMilk_10_page_6,868.1,109.1,1011.0
10453850,stimulus_Arg_PISACowsMilk_10_page_6,868.5,109.3,1013.0
10453851,stimulus_Arg_PISACowsMilk_10_page_6,868.8,109.4,1013.0
10453852,stimulus_Arg_PISACowsMilk_10_page_6,868.8,109.7,1014.0
10453853,stimulus_Arg_PISACowsMilk_10_page_6,868.9,110.1,1015.0
10453854,stimulus_Arg_PISACowsMilk_10_page_6,869.0,110.5,1017.0
10453855,stimulus_Arg_PISACowsMilk_10_page_6,869.2,110.5,1019.0
10453856,stimulus_Arg_PISACowsMilk_10_page_6,869.3,110.4,1019.0
10453857,stimulus_Arg_PISACowsMilk_10_page_6,869.3,110.4,1018.0
10453858,stimulus_Arg_PISACowsMilk_10_page_6,869.3,110.3,1018.0
10453859,stimulus_Arg_PISACowsMilk_10_page_6,869.2,110.3,1019.0
10453860,stimulus_Arg_PISACowsMilk_10_page_6,869.2,110.2,1021.0
10453861,stimulus_Arg_PISACowsMilk_10_page_6,869.2,110.1,1023.0
10453862,stimulus_Arg_PISACowsMilk_10_page_6,869.2,109.9,1024.0
10453863,stimulus_Arg_PISACowsMilk_10_page_6,869.1,109.8,1024.0
10453864,stimulus_Arg_PISACowsMilk_10_page_6,869.0,109.7,1025.0
10453865,stimulus_Arg_PISACowsMilk_10_page_6,868.8,109.6,1025.0
10453866,stimulus_Arg_PISACowsMilk_10_page_6,868.6,109.6,1026.0
10453867,stimulus_Arg_PISACowsMilk_10_page_6,868.5,109.7,1025.0
10453868,stimulus_Arg_PISACowsMilk_10_page_6,868.4,109.8,1025.0
10453869,stimulus_Arg_PISACowsMilk_10_page_6,868.3,109.9,1024.0
10453870,stimulus_Arg_PISACowsMilk_10_page_6,868.2,110.0,1024.0
10453871,stimulus_Arg_PISACowsMilk_10_page_6,868.3,110.0,1025.0
10453872,stimulus_Arg_PISACowsMilk_10_page_6,868.7,110.0,1026.0
10453873,stimulus_Arg_PISACowsMilk_10_page_6,869.1,110.0,1027.0
10453874,stimulus_Arg_PISACowsMilk_10_page_6,869.3,109.9,1028.0
10453875,stimulus_Arg_PISACowsMilk_10_page_6,869.3,109.9,1028.0
10453876,stimulus_Arg_PISACowsMilk_10_page_6,869.2,109.8,1028.0
10453877,stimulus_Arg_PISACowsMilk_10_page_6,869.2,109.8,1028.0
10453878,stimulus_Arg_PISACowsMilk_10_page_6,869.2,109.7,1028.0
10453879,stimulus_Arg_PISACowsMilk_10_page_6,869.2,110.0,1029.0
10453880,stimulus_Arg_PISACowsMilk_10_page_6,869.1,110.3,1029.0
10453881,stimulus_Arg_PISACowsMilk_10_page_6,869.1,110.4,1030.0
10453882,stimulus_Arg_PISACowsMilk_10_page_6,868.8,110.2,1031.0
10453883,stimulus_Arg_PISACowsMilk_10_page_6,868.5,110.0,1031.0
10453884,stimulus_Arg_PISACowsMilk_10_page_6,868.1,109.9,1031.0
10453885,stimulus_Arg_PISACowsMilk_10_page_6,868.4,109.9,1031.0
10453886,stimulus_Arg_PISACowsMilk_10_page_6,868.7,109.9,1030.0
10453887,stimulus_Arg_PISACowsMilk_10_page_6,868.7,110.1,1030.0
10453888,stimulus_Arg_PISACowsMilk_10_page_6,868.4,110.3,1031.0
10453889,stimulus_Arg_PISACowsMilk_10_page_6,868.3,110.5,1031.0
10453890,stimulus_Arg_PISACowsMilk_10_page_6,868.4,110.5,1032.0
10453891,stimulus_Arg_PISACowsMilk_10_page_6,868.6,110.6,1032.0
10453892,stimulus_Arg_PISACowsMilk_10_page_6,868.6,110.7,1031.0
10453893,stimulus_Arg_PISACowsMilk_10_page_6,868.6,110.8,1030.0
10453894,stimulus_Arg_PISACowsMilk_10_page_6,868.6,110.8,1030.0
10453895,stimulus_Arg_PISACowsMilk_10_page_6,868.5,110.8,1031.0
10453896,stimulus_Arg_PISACowsMilk_10_page_6,868.5,110.7,1031.0
10453897,stimulus_Arg_PISACowsMilk_10_page_6,868.5,110.7,1031.0
10453898,stimulus_Arg_PISACowsMilk_10_page_6,868.5,110.6,1032.0
10453899,stimulus_Arg_PISACowsMilk_10_page_6,868.4,110.2,1032.0
10453900,stimulus_Arg_PISACowsMilk_10_page_6,868.3,109.7,1032.0
10453901,stimulus_Arg_PISACowsMilk_10_page_6,868.1,109.3,1032.0
10453902,stimulus_Arg_PISACowsMilk_10_page_6,868.1,109.3,1033.0
10453903,stimulus_Arg_PISACowsMilk_10_page_6,868.3,109.4,1033.0
10453904,stimulus_Arg_PISACowsMilk_10_page_6,868.4,109.4,1034.0
10453905,stimulus_Arg_PISACowsMilk_10_page_6,868.5,109.4,1034.0
10453906,stimulus_Arg_PISACowsMilk_10_page_6,868.5,109.3,1034.0
10453907,stimulus_Arg_PISACowsMilk_10_page_6,868.4,109.4,1033.0
10453908,stimulus_Arg_PISACowsMilk_10_page_6,868.3,109.4,1033.0
10453909,stimulus_Arg_PISACowsMilk_10_page_6,868.3,109.6,1034.0
10453910,stimulus_Arg_PISACowsMilk_10_page_6,868.1,109.8,1034.0
10453911,stimulus_Arg_PISACowsMilk_10_page_6,867.9,109.9,1034.0
10453912,stimulus_Arg_PISACowsMilk_10_page_6,867.8,109.9,1035.0
10453913,stimulus_Arg_PISACowsMilk_10_page_6,867.8,109.9,1036.0
10453914,stimulus_Arg_PISACowsMilk_10_page_6,867.8,110.0,1036.0
10453915,stimulus_Arg_PISACowsMilk_10_page_6,867.8,110.1,1036.0
10453916,stimulus_Arg_PISACowsMilk_10_page_6,867.9,110.2,1036.0
10453917,stimulus_Arg_PISACowsMilk_10_page_6,868.3,110.2,1035.0
10453918,stimulus_Arg_PISACowsMilk_10_page_6,868.6,110.3,1036.0
10453919,stimulus_Arg_PISACowsMilk_10_page_6,868.6,110.4,1036.0
10453920,stimulus_Arg_PISACowsMilk_10_page_6,868.4,110.4,1036.0
10453921,stimulus_Arg_PISACowsMilk_10_page_6,868.3,110.1,1036.0
10453922,stimulus_Arg_PISACowsMilk_10_page_6,867.9,109.8,1036.0
10453923,stimulus_Arg_PISACowsMilk_10_page_6,867.5,109.7,1036.0
10453924,stimulus_Arg_PISACowsMilk_10_page_6,867.2,110.0,1036.0
10453925,stimulus_Arg_PISACowsMilk_10_page_6,867.2,110.3,1036.0
10453926,stimulus_Arg_PISACowsMilk_10_page_6,867.2,110.4,1036.0
10453927,stimulus_Arg_PISACowsMilk_10_page_6,867.3,110.5,1036.0
10453928,stimulus_Arg_PISACowsMilk_10_page_6,867.4,110.6,1036.0
10453929,stimulus_Arg_PISACowsMilk_10_page_6,867.6,110.6,1037.0
10453930,stimulus_Arg_PISACowsMilk_10_page_6,867.9,110.7,1037.0
10453931,stimulus_Arg_PISACowsMilk_10_page_6,868.1,110.9,1037.0
10453932,stimulus_Arg_PISACowsMilk_10_page_6,868.1,111.0,1037.0
10453933,stimulus_Arg_PISACowsMilk_10_page_6,868.0,111.1,1037.0
10453934,stimulus_Arg_PISACowsMilk_10_page_6,867.8,111.0,1037.0
10453935,stimulus_Arg_PISACowsMilk_10_page_6,867.8,110.9,1037.0
10453936,stimulus_Arg_PISACowsMilk_10_page_6,867.7,110.8,1037.0
10453937,stimulus_Arg_PISACowsMilk_10_page_6,867.6,110.8,1037.0
10453938,stimulus_Arg_PISACowsMilk_10_page_6,867.5,110.8,1038.0
10453939,stimulus_Arg_PISACowsMilk_10_page_6,867.7,110.7,1039.0
10453940,stimulus_Arg_PISACowsMilk_10_page_6,867.9,110.7,1040.0
10453941,stimulus_Arg_PISACowsMilk_10_page_6,868.0,111.0,1041.0
10453942,stimulus_Arg_PISACowsMilk_10_page_6,867.9,111.3,1041.0
10453943,stimulus_Arg_PISACowsMilk_10_page_6,867.8,111.6,1041.0
10453944,stimulus_Arg_PISACowsMilk_10_page_6,867.7,111.6,1041.0
10453945,stimulus_Arg_PISACowsMilk_10_page_6,867.7,111.5,1040.0
10453946,stimulus_Arg_PISACowsMilk_10_page_6,867.6,111.3,1041.0
10453947,stimulus_Arg_PISACowsMilk_10_page_6,867.5,111.1,1041.0
10453948,stimulus_Arg_PISACowsMilk_10_page_6,867.4,111.2,1042.0
10453949,stimulus_Arg_PISACowsMilk_10_page_6,867.5,111.2,1042.0
10453950,stimulus_Arg_PISACowsMilk_10_page_6,867.6,111.2,1042.0
10453951,stimulus_Arg_PISACowsMilk_10_page_6,867.8,111.2,1043.0
10453952,stimulus_Arg_PISACowsMilk_10_page_6,867.9,111.1,1043.0
10453953,stimulus_Arg_PISACowsMilk_10_page_6,867.9,111.0,1043.0
10453954,stimulus_Arg_PISACowsMilk_10_page_6,868.0,111.1,1043.0
10453955,stimulus_Arg_PISACowsMilk_10_page_6,868.1,111.4,1043.0
10453956,stimulus_Arg_PISACowsMilk_10_page_6,867.8,111.5,1043.0
10453957,stimulus_Arg_PISACowsMilk_10_page_6,867.5,111.4,1044.0
10453958,stimulus_Arg_PISACowsMilk_10_page_6,867.2,111.4,1044.0
10453959,stimulus_Arg_PISACowsMilk_10_page_6,867.2,111.4,1044.0
10453960,stimulus_Arg_PISACowsMilk_10_page_6,867.2,111.6,1043.0
10453961,stimulus_Arg_PISACowsMilk_10_page_6,867.2,112.0,1044.0
10453962,stimulus_Arg_PISACowsMilk_10_page_6,867.6,112.5,1044.0
10453963,stimulus_Arg_PISACowsMilk_10_page_6,868.2,113.2,1045.0
10453964,stimulus_Arg_PISACowsMilk_10_page_6,869.2,113.8,1045.0
10453965,stimulus_Arg_PISACowsMilk_10_page_6,870.5,114.3,1043.0
10453966,stimulus_Arg_PISACowsMilk_10_page_6,872.7,114.7,1042.0
10453967,stimulus_Arg_PISACowsMilk_10_page_6,876.2,116.0,1041.0
10453968,stimulus_Arg_PISACowsMilk_10_page_6,880.2,117.4,1042.0
10453969,stimulus_Arg_PISACowsMilk_10_page_6,884.5,118.7,1044.0
10453970,stimulus_Arg_PISACowsMilk_10_page_6,887.7,119.3,1046.0
10453971,stimulus_Arg_PISACowsMilk_10_page_6,890.1,119.6,1048.0
10453972,stimulus_Arg_PISACowsMilk_10_page_6,891.9,119.9,1047.0
10453973,stimulus_Arg_PISACowsMilk_10_page_6,893.9,119.7,1047.0
10453974,stimulus_Arg_PISACowsMilk_10_page_6,896.3,119.4,1046.0
10453975,stimulus_Arg_PISACowsMilk_10_page_6,898.0,119.0,1046.0
10453976,stimulus_Arg_PISACowsMilk_10_page_6,898.6,118.8,1044.0
10453977,stimulus_Arg_PISACowsMilk_10_page_6,898.1,118.5,1043.0
10453978,stimulus_Arg_PISACowsMilk_10_page_6,896.8,118.1,1042.0
10453979,stimulus_Arg_PISACowsMilk_10_page_6,895.2,117.7,1042.0
10453980,stimulus_Arg_PISACowsMilk_10_page_6,893.0,117.3,1042.0
10453981,stimulus_Arg_PISACowsMilk_10_page_6,891.1,117.1,1043.0
10453982,stimulus_Arg_PISACowsMilk_10_page_6,889.5,116.9,1044.0
10453983,stimulus_Arg_PISACowsMilk_10_page_6,887.8,116.7,1044.0
10453984,stimulus_Arg_PISACowsMilk_10_page_6,886.5,116.5,1045.0
10453985,stimulus_Arg_PISACowsMilk_10_page_6,885.4,116.6,1046.0
10453986,stimulus_Arg_PISACowsMilk_10_page_6,885.0,117.0,1048.0
10453987,stimulus_Arg_PISACowsMilk_10_page_6,884.9,117.4,1049.0
10453988,stimulus_Arg_PISACowsMilk_10_page_6,884.8,117.9,1051.0
10453989,stimulus_Arg_PISACowsMilk_10_page_6,884.8,118.6,1051.0
10453990,stimulus_Arg_PISACowsMilk_10_page_6,885.0,119.3,1051.0
10453991,stimulus_Arg_PISACowsMilk_10_page_6,885.4,119.6,1051.0
10453992,stimulus_Arg_PISACowsMilk_10_page_6,885.8,119.7,1052.0
10453993,stimulus_Arg_PISACowsMilk_10_page_6,886.2,119.9,1053.0
10453994,stimulus_Arg_PISACowsMilk_10_page_6,886.3,119.8,1054.0
10453995,stimulus_Arg_PISACowsMilk_10_page_6,886.5,119.6,1054.0
10453996,stimulus_Arg_PISACowsMilk_10_page_6,886.9,119.6,1055.0
10453997,stimulus_Arg_PISACowsMilk_10_page_6,887.3,119.7,1056.0
10453998,stimulus_Arg_PISACowsMilk_10_page_6,887.4,119.7,1056.0
10453999,stimulus_Arg_PISACowsMilk_10_page_6,887.3,119.4,1056.0
10454000,stimulus_Arg_PISACowsMilk_10_page_6,887.1,118.9,1057.0
10454001,stimulus_Arg_PISACowsMilk_10_page_6,887.1,118.6,1057.0
10454002,stimulus_Arg_PISACowsMilk_10_page_6,887.1,118.6,1056.0
10454003,stimulus_Arg_PISACowsMilk_10_page_6,887.1,118.6,1056.0
10454004,stimulus_Arg_PISACowsMilk_10_page_6,887.1,118.8,1055.0
10454005,stimulus_Arg_PISACowsMilk_10_page_6,887.0,119.2,1055.0
10454006,stimulus_Arg_PISACowsMilk_10_page_6,886.9,119.5,1054.0
10454007,stimulus_Arg_PISACowsMilk_10_page_6,886.8,119.6,1053.0
10454008,stimulus_Arg_PISACowsMilk_10_page_6,886.8,119.3,1053.0
10454009,stimulus_Arg_PISACowsMilk_10_page_6,886.7,119.1,1053.0
10454010,stimulus_Arg_PISACowsMilk_10_page_6,886.7,118.8,1054.0
10454011,stimulus_Arg_PISACowsMilk_10_page_6,886.7,118.7,1054.0
10454012,stimulus_Arg_PISACowsMilk_10_page_6,886.8,118.6,1054.0
10454013,stimulus_Arg_PISACowsMilk_10_page_6,886.8,118.6,1054.0
10454014,stimulus_Arg_PISACowsMilk_10_page_6,886.6,118.6,1053.0
10454015,stimulus_Arg_PISACowsMilk_10_page_6,886.5,118.7,1053.0
10454016,stimulus_Arg_PISACowsMilk_10_page_6,886.3,118.8,1054.0
10454017,stimulus_Arg_PISACowsMilk_10_page_6,886.4,118.8,1055.0
10454018,stimulus_Arg_PISACowsMilk_10_page_6,886.4,118.7,1056.0
10454019,stimulus_Arg_PISACowsMilk_10_page_6,886.3,118.6,1057.0
10454020,stimulus_Arg_PISACowsMilk_10_page_6,886.2,118.7,1057.0
10454021,stimulus_Arg_PISACowsMilk_10_page_6,886.1,118.7,1057.0
10454022,stimulus_Arg_PISACowsMilk_10_page_6,886.0,118.6,1057.0
10454023,stimulus_Arg_PISACowsMilk_10_page_6,885.9,118.7,1057.0
10454024,stimulus_Arg_PISACowsMilk_10_page_6,885.7,118.8,1057.0
10454025,stimulus_Arg_PISACowsMilk_10_page_6,885.6,118.9,1057.0
10454026,stimulus_Arg_PISACowsMilk_10_page_6,885.7,119.0,1057.0
10454027,stimulus_Arg_PISACowsMilk_10_page_6,885.7,119.1,1057.0
10454028,stimulus_Arg_PISACowsMilk_10_page_6,886.0,118.8,1057.0
10454029,stimulus_Arg_PISACowsMilk_10_page_6,886.2,118.4,1058.0
10454030,stimulus_Arg_PISACowsMilk_10_page_6,886.3,118.0,1058.0
10454031,stimulus_Arg_PISACowsMilk_10_page_6,886.2,118.0,1058.0
10454032,stimulus_Arg_PISACowsMilk_10_page_6,886.1,118.2,1058.0
10454033,stimulus_Arg_PISACowsMilk_10_page_6,886.1,118.3,1057.0
10454034,stimulus_Arg_PISACowsMilk_10_page_6,886.2,118.5,1057.0
10454035,stimulus_Arg_PISACowsMilk_10_page_6,886.2,118.6,1056.0
10454036,stimulus_Arg_PISACowsMilk_10_page_6,886.1,118.7,1057.0
10454037,stimulus_Arg_PISACowsMilk_10_page_6,885.9,118.7,1058.0
10454038,stimulus_Arg_PISACowsMilk_10_page_6,885.9,118.6,1058.0
10454039,stimulus_Arg_PISACowsMilk_10_page_6,886.0,118.4,1058.0
10454040,stimulus_Arg_PISACowsMilk_10_page_6,886.1,118.1,1058.0
10454041,stimulus_Arg_PISACowsMilk_10_page_6,885.9,118.0,1059.0
10454042,stimulus_Arg_PISACowsMilk_10_page_6,885.7,118.0,1060.0
10454043,stimulus_Arg_PISACowsMilk_10_page_6,885.6,118.1,1059.0
10454044,stimulus_Arg_PISACowsMilk_10_page_6,885.5,118.2,1059.0
10454045,stimulus_Arg_PISACowsMilk_10_page_6,885.9,118.3,1058.0
10454046,stimulus_Arg_PISACowsMilk_10_page_6,886.2,118.5,1058.0
10454047,stimulus_Arg_PISACowsMilk_10_page_6,886.5,118.8,1058.0
10454048,stimulus_Arg_PISACowsMilk_10_page_6,886.5,119.1,1057.0
10454049,stimulus_Arg_PISACowsMilk_10_page_6,886.3,119.3,1058.0
10454050,stimulus_Arg_PISACowsMilk_10_page_6,886.3,118.7,1059.0
10454051,stimulus_Arg_PISACowsMilk_10_page_6,886.3,118.1,1060.0
10454052,stimulus_Arg_PISACowsMilk_10_page_6,886.3,117.6,1061.0
10454053,stimulus_Arg_PISACowsMilk_10_page_6,886.0,117.9,1060.0
10454054,stimulus_Arg_PISACowsMilk_10_page_6,885.7,118.3,1060.0
10454055,stimulus_Arg_PISACowsMilk_10_page_6,885.4,118.5,1060.0
10454056,stimulus_Arg_PISACowsMilk_10_page_6,885.4,118.4,1060.0
10454057,stimulus_Arg_PISACowsMilk_10_page_6,885.4,118.4,1060.0
10454058,stimulus_Arg_PISACowsMilk_10_page_6,885.8,118.5,1060.0
10454059,stimulus_Arg_PISACowsMilk_10_page_6,886.2,118.6,1060.0
10454060,stimulus_Arg_PISACowsMilk_10_page_6,886.6,118.5,1060.0
10454061,stimulus_Arg_PISACowsMilk_10_page_6,886.7,118.3,1060.0
10454062,stimulus_Arg_PISACowsMilk_10_page_6,886.8,118.2,1060.0
10454063,stimulus_Arg_PISACowsMilk_10_page_6,886.5,118.1,1061.0
10454064,stimulus_Arg_PISACowsMilk_10_page_6,886.0,118.2,1061.0
10454065,stimulus_Arg_PISACowsMilk_10_page_6,885.6,118.4,1061.0
10454066,stimulus_Arg_PISACowsMilk_10_page_6,885.4,118.6,1060.0
10454067,stimulus_Arg_PISACowsMilk_10_page_6,885.4,118.7,1060.0
10454068,stimulus_Arg_PISACowsMilk_10_page_6,885.5,118.7,1060.0
10454069,stimulus_Arg_PISACowsMilk_10_page_6,885.7,118.9,1060.0
10454070,stimulus_Arg_PISACowsMilk_10_page_6,885.7,119.0,1060.0
10454071,stimulus_Arg_PISACowsMilk_10_page_6,885.5,119.1,1060.0
10454072,stimulus_Arg_PISACowsMilk_10_page_6,885.4,118.9,1060.0
10454073,stimulus_Arg_PISACowsMilk_10_page_6,885.3,118.6,1059.0
10454074,stimulus_Arg_PISACowsMilk_10_page_6,885.2,118.4,1059.0
10454075,stimulus_Arg_PISACowsMilk_10_page_6,885.2,118.1,1059.0
10454076,stimulus_Arg_PISACowsMilk_10_page_6,885.4,117.8,1058.0
10454077,stimulus_Arg_PISACowsMilk_10_page_6,885.6,117.9,1058.0
10454078,stimulus_Arg_PISACowsMilk_10_page_6,885.8,118.1,1057.0
10454079,stimulus_Arg_PISACowsMilk_10_page_6,885.9,117.9,1057.0
10454080,stimulus_Arg_PISACowsMilk_10_page_6,885.9,117.5,1057.0
10454081,stimulus_Arg_PISACowsMilk_10_page_6,885.9,117.2,1057.0
10454082,stimulus_Arg_PISACowsMilk_10_page_6,885.8,117.5,1057.0
10454083,stimulus_Arg_PISACowsMilk_10_page_6,885.7,117.7,1057.0
10454084,stimulus_Arg_PISACowsMilk_10_page_6,885.7,118.0,1056.0
10454085,stimulus_Arg_PISACowsMilk_10_page_6,885.5,117.9,1056.0
10454086,stimulus_Arg_PISACowsMilk_10_page_6,885.2,117.8,1056.0
10454087,stimulus_Arg_PISACowsMilk_10_page_6,885.0,118.0,1057.0
10454088,stimulus_Arg_PISACowsMilk_10_page_6,885.0,118.2,1057.0
10454089,stimulus_Arg_PISACowsMilk_10_page_6,885.1,118.3,1055.0
10454090,stimulus_Arg_PISACowsMilk_10_page_6,885.4,118.2,1054.0
10454091,stimulus_Arg_PISACowsMilk_10_page_6,885.5,118.1,1054.0
10454092,stimulus_Arg_PISACowsMilk_10_page_6,885.5,118.1,1053.0
10454093,stimulus_Arg_PISACowsMilk_10_page_6,885.3,118.2,1053.0
10454094,stimulus_Arg_PISACowsMilk_10_page_6,885.0,118.0,1053.0
10454095,stimulus_Arg_PISACowsMilk_10_page_6,884.7,117.8,1053.0
10454096,stimulus_Arg_PISACowsMilk_10_page_6,884.5,117.7,1053.0
10454097,stimulus_Arg_PISACowsMilk_10_page_6,884.4,117.8,1053.0
10454098,stimulus_Arg_PISACowsMilk_10_page_6,884.3,117.7,1053.0
10454099,stimulus_Arg_PISACowsMilk_10_page_6,884.6,117.5,1054.0
10454100,stimulus_Arg_PISACowsMilk_10_page_6,884.9,117.3,1055.0
10454101,stimulus_Arg_PISACowsMilk_10_page_6,885.2,117.2,1057.0
10454102,stimulus_Arg_PISACowsMilk_10_page_6,885.4,117.1,1057.0
10454103,stimulus_Arg_PISACowsMilk_10_page_6,885.7,117.0,1057.0
10454104,stimulus_Arg_PISACowsMilk_10_page_6,885.6,117.0,1056.0
10454105,stimulus_Arg_PISACowsMilk_10_page_6,885.3,116.6,1056.0
10454106,stimulus_Arg_PISACowsMilk_10_page_6,884.9,116.2,1053.0
10454107,stimulus_Arg_PISACowsMilk_10_page_6,884.8,116.0,1051.0
10454108,stimulus_Arg_PISACowsMilk_10_page_6,884.8,116.1,1051.0
10454109,stimulus_Arg_PISACowsMilk_10_page_6,884.8,116.2,1052.0
10454110,stimulus_Arg_PISACowsMilk_10_page_6,885.1,116.1,1054.0
10454111,stimulus_Arg_PISACowsMilk_10_page_6,885.3,116.0,1053.0
10454112,stimulus_Arg_PISACowsMilk_10_page_6,885.7,116.0,1054.0
10454113,stimulus_Arg_PISACowsMilk_10_page_6,886.0,116.2,1054.0
10454114,stimulus_Arg_PISACowsMilk_10_page_6,886.2,116.5,1055.0
10454115,stimulus_Arg_PISACowsMilk_10_page_6,886.4,116.7,1054.0
10454116,stimulus_Arg_PISACowsMilk_10_page_6,886.5,116.6,1053.0
10454117,stimulus_Arg_PISACowsMilk_10_page_6,886.6,116.5,1053.0
10454118,stimulus_Arg_PISACowsMilk_10_page_6,886.7,116.4,1054.0
10454119,stimulus_Arg_PISACowsMilk_10_page_6,886.7,116.3,1054.0
10454120,stimulus_Arg_PISACowsMilk_10_page_6,886.7,116.2,1055.0
10454121,stimulus_Arg_PISACowsMilk_10_page_6,886.8,116.1,1054.0
10454122,stimulus_Arg_PISACowsMilk_10_page_6,886.8,116.1,1054.0
10454123,stimulus_Arg_PISACowsMilk_10_page_6,886.6,115.8,1053.0
10454124,stimulus_Arg_PISACowsMilk_10_page_6,886.4,115.5,1053.0
10454125,stimulus_Arg_PISACowsMilk_10_page_6,886.2,115.6,1053.0
10454126,stimulus_Arg_PISACowsMilk_10_page_6,886.4,116.0,1053.0
10454127,stimulus_Arg_PISACowsMilk_10_page_6,886.5,116.4,1053.0
10454128,stimulus_Arg_PISACowsMilk_10_page_6,886.6,116.4,1053.0
10454129,stimulus_Arg_PISACowsMilk_10_page_6,886.6,116.3,1053.0
10454130,stimulus_Arg_PISACowsMilk_10_page_6,886.6,116.1,1053.0
10454131,stimulus_Arg_PISACowsMilk_10_page_6,886.6,116.0,1054.0
10454132,stimulus_Arg_PISACowsMilk_10_page_6,886.6,116.1,1053.0
10454133,stimulus_Arg_PISACowsMilk_10_page_6,886.9,116.2,1052.0
10454134,stimulus_Arg_PISACowsMilk_10_page_6,887.2,116.4,1050.0
10454135,stimulus_Arg_PISACowsMilk_10_page_6,887.5,116.5,1049.0
10454136,stimulus_Arg_PISACowsMilk_10_page_6,887.6,116.5,1048.0
10454137,stimulus_Arg_PISACowsMilk_10_page_6,887.7,116.4,1048.0
10454138,stimulus_Arg_PISACowsMilk_10_page_6,887.8,116.3,1048.0
10454139,stimulus_Arg_PISACowsMilk_10_page_6,887.8,116.1,1048.0
10454140,stimulus_Arg_PISACowsMilk_10_page_6,887.5,116.1,1047.0
10454141,stimulus_Arg_PISACowsMilk_10_page_6,887.3,115.9,1048.0
10454142,stimulus_Arg_PISACowsMilk_10_page_6,887.2,115.8,1049.0
10454143,stimulus_Arg_PISACowsMilk_10_page_6,887.3,115.5,1049.0
10454144,stimulus_Arg_PISACowsMilk_10_page_6,887.4,115.2,1050.0
10454145,stimulus_Arg_PISACowsMilk_10_page_6,887.4,115.0,1049.0
10454146,stimulus_Arg_PISACowsMilk_10_page_6,887.3,114.9,1049.0
10454147,stimulus_Arg_PISACowsMilk_10_page_6,887.2,114.7,1049.0
10454148,stimulus_Arg_PISACowsMilk_10_page_6,887.1,114.5,1050.0
10454149,stimulus_Arg_PISACowsMilk_10_page_6,887.1,114.2,1051.0
10454150,stimulus_Arg_PISACowsMilk_10_page_6,886.9,114.0,1051.0
10454151,stimulus_Arg_PISACowsMilk_10_page_6,886.8,113.7,1051.0
10454152,stimulus_Arg_PISACowsMilk_10_page_6,886.7,113.5,1051.0
10454153,stimulus_Arg_PISACowsMilk_10_page_6,886.7,113.3,1051.0
10454154,stimulus_Arg_PISACowsMilk_10_page_6,886.6,113.3,1051.0
10454155,stimulus_Arg_PISACowsMilk_10_page_6,886.4,113.2,1050.0
10454156,stimulus_Arg_PISACowsMilk_10_page_6,885.9,113.2,1049.0
10454157,stimulus_Arg_PISACowsMilk_10_page_6,885.5,113.4,1049.0
10454158,stimulus_Arg_PISACowsMilk_10_page_6,885.2,113.5,1050.0
10454159,stimulus_Arg_PISACowsMilk_10_page_6,885.1,113.7,1051.0
10454160,stimulus_Arg_PISACowsMilk_10_page_6,885.1,113.8,1051.0
10454161,stimulus_Arg_PISACowsMilk_10_page_6,885.2,113.8,1050.0
10454162,stimulus_Arg_PISACowsMilk_10_page_6,885.4,113.8,1050.0
10454163,stimulus_Arg_PISACowsMilk_10_page_6,885.6,113.8,1050.0
10454164,stimulus_Arg_PISACowsMilk_10_page_6,885.8,113.8,1050.0
10454165,stimulus_Arg_PISACowsMilk_10_page_6,885.9,113.8,1049.0
10454166,stimulus_Arg_PISACowsMilk_10_page_6,885.9,113.9,1048.0
10454167,stimulus_Arg_PISACowsMilk_10_page_6,885.9,114.0,1048.0
10454168,stimulus_Arg_PISACowsMilk_10_page_6,885.9,114.0,1048.0
10454169,stimulus_Arg_PISACowsMilk_10_page_6,886.0,114.0,1048.0
10454170,stimulus_Arg_PISACowsMilk_10_page_6,885.9,114.1,1048.0
10454171,stimulus_Arg_PISACowsMilk_10_page_6,885.7,114.3,1049.0
10454172,stimulus_Arg_PISACowsMilk_10_page_6,885.5,114.5,1048.0
10454173,stimulus_Arg_PISACowsMilk_10_page_6,885.4,114.8,1047.0
10454174,stimulus_Arg_PISACowsMilk_10_page_6,885.4,115.1,1046.0
10454175,stimulus_Arg_PISACowsMilk_10_page_6,885.3,115.2,1046.0
10454176,stimulus_Arg_PISACowsMilk_10_page_6,885.2,114.9,1046.0
10454177,stimulus_Arg_PISACowsMilk_10_page_6,885.1,114.7,1047.0
10454178,stimulus_Arg_PISACowsMilk_10_page_6,884.9,114.6,1047.0
10454179,stimulus_Arg_PISACowsMilk_10_page_6,884.9,114.6,1047.0
10454180,stimulus_Arg_PISACowsMilk_10_page_6,884.9,114.6,1047.0
10454181,stimulus_Arg_PISACowsMilk_10_page_6,885.0,114.6,1046.0
10454182,stimulus_Arg_PISACowsMilk_10_page_6,885.0,114.7,1046.0
10454183,stimulus_Arg_PISACowsMilk_10_page_6,885.0,114.9,1046.0
10454184,stimulus_Arg_PISACowsMilk_10_page_6,884.8,115.0,1045.0
10454185,stimulus_Arg_PISACowsMilk_10_page_6,884.9,115.0,1043.0
10454186,stimulus_Arg_PISACowsMilk_10_page_6,885.1,114.9,1042.0
10454187,stimulus_Arg_PISACowsMilk_10_page_6,885.4,114.8,1043.0
10454188,stimulus_Arg_PISACowsMilk_10_page_6,885.5,114.7,1043.0
10454189,stimulus_Arg_PISACowsMilk_10_page_6,885.2,114.7,1044.0
10454190,stimulus_Arg_PISACowsMilk_10_page_6,884.8,114.9,1043.0
10454191,stimulus_Arg_PISACowsMilk_10_page_6,884.5,115.3,1041.0
10454192,stimulus_Arg_PISACowsMilk_10_page_6,884.5,115.7,1040.0
10454193,stimulus_Arg_PISACowsMilk_10_page_6,884.7,116.2,1040.0
10454194,stimulus_Arg_PISACowsMilk_10_page_6,886.0,117.1,1039.0
10454195,stimulus_Arg_PISACowsMilk_10_page_6,888.8,118.2,1040.0
10454196,stimulus_Arg_PISACowsMilk_10_page_6,892.3,118.9,1042.0
10454197,stimulus_Arg_PISACowsMilk_10_page_6,895.9,118.9,1044.0
10454198,stimulus_Arg_PISACowsMilk_10_page_6,900.4,118.9,1045.0
10454199,stimulus_Arg_PISACowsMilk_10_page_6,907.9,119.0,1045.0
10454200,stimulus_Arg_PISACowsMilk_10_page_6,916.4,118.8,1045.0
10454201,stimulus_Arg_PISACowsMilk_10_page_6,924.7,118.1,1046.0
10454202,stimulus_Arg_PISACowsMilk_10_page_6,933.1,117.4,1047.0
10454203,stimulus_Arg_PISACowsMilk_10_page_6,941.5,117.4,1046.0
10454204,stimulus_Arg_PISACowsMilk_10_page_6,949.9,117.0,1044.0
10454205,stimulus_Arg_PISACowsMilk_10_page_6,957.5,116.6,1042.0
10454206,stimulus_Arg_PISACowsMilk_10_page_6,964.9,115.4,1041.0
10454207,stimulus_Arg_PISACowsMilk_10_page_6,971.7,113.8,1041.0
10454208,stimulus_Arg_PISACowsMilk_10_page_6,976.7,111.9,1039.0
10454209,stimulus_Arg_PISACowsMilk_10_page_6,981.5,110.2,1034.0
10454210,stimulus_Arg_PISACowsMilk_10_page_6,985.9,108.7,1030.0
10454211,stimulus_Arg_PISACowsMilk_10_page_6,988.7,106.9,1028.0
10454212,stimulus_Arg_PISACowsMilk_10_page_6,990.0,105.0,1030.0
10454213,stimulus_Arg_PISACowsMilk_10_page_6,989.8,104.0,1031.0
10454214,stimulus_Arg_PISACowsMilk_10_page_6,989.5,103.3,1030.0
10454215,stimulus_Arg_PISACowsMilk_10_page_6,988.8,103.2,1027.0
10454216,stimulus_Arg_PISACowsMilk_10_page_6,988.5,103.0,1025.0
10454217,stimulus_Arg_PISACowsMilk_10_page_6,988.1,103.3,1021.0
10454218,stimulus_Arg_PISACowsMilk_10_page_6,988.1,103.7,1020.0
10454219,stimulus_Arg_PISACowsMilk_10_page_6,987.9,104.4,1018.0
10454220,stimulus_Arg_PISACowsMilk_10_page_6,987.3,104.7,1018.0
10454221,stimulus_Arg_PISACowsMilk_10_page_6,986.1,104.8,1019.0
10454222,stimulus_Arg_PISACowsMilk_10_page_6,984.9,104.8,1020.0
10454223,stimulus_Arg_PISACowsMilk_10_page_6,983.7,105.4,1021.0
10454224,stimulus_Arg_PISACowsMilk_10_page_6,982.0,106.2,1022.0
10454225,stimulus_Arg_PISACowsMilk_10_page_6,980.2,106.9,1022.0
10454226,stimulus_Arg_PISACowsMilk_10_page_6,978.4,107.3,1023.0
10454227,stimulus_Arg_PISACowsMilk_10_page_6,977.3,107.5,1024.0
10454228,stimulus_Arg_PISACowsMilk_10_page_6,976.7,107.6,1026.0
10454229,stimulus_Arg_PISACowsMilk_10_page_6,976.5,107.7,1026.0
10454230,stimulus_Arg_PISACowsMilk_10_page_6,976.4,107.8,1027.0
10454231,stimulus_Arg_PISACowsMilk_10_page_6,976.5,107.9,1026.0
10454232,stimulus_Arg_PISACowsMilk_10_page_6,976.7,108.1,1026.0
10454233,stimulus_Arg_PISACowsMilk_10_page_6,976.9,108.4,1025.0
10454234,stimulus_Arg_PISACowsMilk_10_page_6,977.1,108.7,1026.0
10454235,stimulus_Arg_PISACowsMilk_10_page_6,977.7,108.8,1026.0
10454236,stimulus_Arg_PISACowsMilk_10_page_6,978.6,108.9,1027.0
10454237,stimulus_Arg_PISACowsMilk_10_page_6,979.4,108.8,1028.0
10454238,stimulus_Arg_PISACowsMilk_10_page_6,979.9,108.8,1029.0
10454239,stimulus_Arg_PISACowsMilk_10_page_6,980.1,108.7,1030.0
10454240,stimulus_Arg_PISACowsMilk_10_page_6,980.3,108.8,1031.0
10454241,stimulus_Arg_PISACowsMilk_10_page_6,980.4,108.8,1031.0
10454242,stimulus_Arg_PISACowsMilk_10_page_6,980.4,108.7,1031.0
10454243,stimulus_Arg_PISACowsMilk_10_page_6,980.5,108.5,1031.0
10454244,stimulus_Arg_PISACowsMilk_10_page_6,980.7,108.4,1030.0
10454245,stimulus_Arg_PISACowsMilk_10_page_6,981.0,108.4,1030.0
10454246,stimulus_Arg_PISACowsMilk_10_page_6,981.3,108.5,1029.0
10454247,stimulus_Arg_PISACowsMilk_10_page_6,981.6,108.6,1028.0
10454248,stimulus_Arg_PISACowsMilk_10_page_6,981.6,109.0,1028.0
10454249,stimulus_Arg_PISACowsMilk_10_page_6,981.6,109.3,1027.0
10454250,stimulus_Arg_PISACowsMilk_10_page_6,981.7,109.5,1026.0
10454251,stimulus_Arg_PISACowsMilk_10_page_6,981.7,109.5,1026.0
10454252,stimulus_Arg_PISACowsMilk_10_page_6,981.6,109.5,1025.0
10454253,stimulus_Arg_PISACowsMilk_10_page_6,981.6,109.7,1024.0
10454254,stimulus_Arg_PISACowsMilk_10_page_6,981.5,109.8,1024.0
10454255,stimulus_Arg_PISACowsMilk_10_page_6,981.6,109.9,1023.0
10454256,stimulus_Arg_PISACowsMilk_10_page_6,981.7,109.7,1023.0
10454257,stimulus_Arg_PISACowsMilk_10_page_6,981.8,109.5,1023.0
10454258,stimulus_Arg_PISACowsMilk_10_page_6,981.8,109.2,1023.0
10454259,stimulus_Arg_PISACowsMilk_10_page_6,981.6,109.3,1023.0
10454260,stimulus_Arg_PISACowsMilk_10_page_6,981.4,109.3,1023.0
10454261,stimulus_Arg_PISACowsMilk_10_page_6,981.3,109.4,1023.0
10454262,stimulus_Arg_PISACowsMilk_10_page_6,981.3,109.5,1023.0
10454263,stimulus_Arg_PISACowsMilk_10_page_6,981.2,109.6,1022.0
10454264,stimulus_Arg_PISACowsMilk_10_page_6,981.3,109.3,1022.0
10454265,stimulus_Arg_PISACowsMilk_10_page_6,981.3,108.9,1021.0
10454266,stimulus_Arg_PISACowsMilk_10_page_6,981.3,108.7,1021.0
10454267,stimulus_Arg_PISACowsMilk_10_page_6,981.4,108.7,1021.0
10454268,stimulus_Arg_PISACowsMilk_10_page_6,981.5,108.8,1021.0
10454269,stimulus_Arg_PISACowsMilk_10_page_6,981.5,109.0,1020.0
10454270,stimulus_Arg_PISACowsMilk_10_page_6,981.4,109.0,1020.0
10454271,stimulus_Arg_PISACowsMilk_10_page_6,981.2,108.9,1020.0
10454272,stimulus_Arg_PISACowsMilk_10_page_6,981.0,108.8,1020.0
10454273,stimulus_Arg_PISACowsMilk_10_page_6,980.9,108.8,1019.0
10454274,stimulus_Arg_PISACowsMilk_10_page_6,980.9,108.9,1018.0
10454275,stimulus_Arg_PISACowsMilk_10_page_6,981.0,109.1,1017.0
10454276,stimulus_Arg_PISACowsMilk_10_page_6,981.0,109.2,1016.0
10454277,stimulus_Arg_PISACowsMilk_10_page_6,981.1,109.3,1016.0
10454278,stimulus_Arg_PISACowsMilk_10_page_6,981.5,109.2,1016.0
10454279,stimulus_Arg_PISACowsMilk_10_page_6,981.8,109.1,1017.0
10454280,stimulus_Arg_PISACowsMilk_10_page_6,982.1,109.0,1017.0
10454281,stimulus_Arg_PISACowsMilk_10_page_6,982.1,109.0,1017.0
10454282,stimulus_Arg_PISACowsMilk_10_page_6,981.9,109.0,1016.0
10454283,stimulus_Arg_PISACowsMilk_10_page_6,981.6,108.9,1016.0
10454284,stimulus_Arg_PISACowsMilk_10_page_6,981.5,109.0,1016.0
10454285,stimulus_Arg_PISACowsMilk_10_page_6,981.8,109.1,1016.0
10454286,stimulus_Arg_PISACowsMilk_10_page_6,982.0,109.2,1016.0
10454287,stimulus_Arg_PISACowsMilk_10_page_6,981.9,109.5,1016.0
10454288,stimulus_Arg_PISACowsMilk_10_page_6,981.9,109.8,1016.0
10454289,stimulus_Arg_PISACowsMilk_10_page_6,982.0,110.0,1016.0
10454290,stimulus_Arg_PISACowsMilk_10_page_6,982.1,109.8,1015.0
10454291,stimulus_Arg_PISACowsMilk_10_page_6,982.2,109.5,1015.0
10454292,stimulus_Arg_PISACowsMilk_10_page_6,982.2,109.2,1015.0
10454293,stimulus_Arg_PISACowsMilk_10_page_6,982.4,109.1,1015.0
10454294,stimulus_Arg_PISACowsMilk_10_page_6,982.5,109.4,1015.0
10454295,stimulus_Arg_PISACowsMilk_10_page_6,982.4,109.6,1015.0
10454296,stimulus_Arg_PISACowsMilk_10_page_6,982.3,109.7,1015.0
10454297,stimulus_Arg_PISACowsMilk_10_page_6,982.2,109.7,1015.0
10454298,stimulus_Arg_PISACowsMilk_10_page_6,982.5,109.6,1015.0
10454299,stimulus_Arg_PISACowsMilk_10_page_6,982.8,109.5,1015.0
10454300,stimulus_Arg_PISACowsMilk_10_page_6,983.1,109.6,1015.0
10454301,stimulus_Arg_PISACowsMilk_10_page_6,983.2,109.6,1014.0
10454302,stimulus_Arg_PISACowsMilk_10_page_6,983.3,109.5,1014.0
10454303,stimulus_Arg_PISACowsMilk_10_page_6,983.2,109.4,1013.0
10454304,stimulus_Arg_PISACowsMilk_10_page_6,983.3,109.4,1013.0
10454305,stimulus_Arg_PISACowsMilk_10_page_6,983.3,109.3,1013.0
10454306,stimulus_Arg_PISACowsMilk_10_page_6,983.3,109.3,1012.0
10454307,stimulus_Arg_PISACowsMilk_10_page_6,983.3,109.3,1012.0
10454308,stimulus_Arg_PISACowsMilk_10_page_6,983.3,109.3,1011.0
10454309,stimulus_Arg_PISACowsMilk_10_page_6,983.2,109.2,1012.0
10454310,stimulus_Arg_PISACowsMilk_10_page_6,983.3,109.1,1013.0
10454311,stimulus_Arg_PISACowsMilk_10_page_6,983.4,109.0,1013.0
10454312,stimulus_Arg_PISACowsMilk_10_page_6,983.5,109.1,1012.0
10454313,stimulus_Arg_PISACowsMilk_10_page_6,983.5,109.3,1012.0
10454314,stimulus_Arg_PISACowsMilk_10_page_6,983.6,109.5,1012.0
10454315,stimulus_Arg_PISACowsMilk_10_page_6,983.6,109.5,1012.0
10454316,stimulus_Arg_PISACowsMilk_10_page_6,983.7,109.3,1012.0
10454317,stimulus_Arg_PISACowsMilk_10_page_6,983.7,109.1,1012.0
10454318,stimulus_Arg_PISACowsMilk_10_page_6,983.6,108.5,1012.0
10454319,stimulus_Arg_PISACowsMilk_10_page_6,983.4,108.2,1012.0
10454320,stimulus_Arg_PISACowsMilk_10_page_6,983.4,107.8,1011.0
10454321,stimulus_Arg_PISACowsMilk_10_page_6,983.3,107.9,1011.0
10454322,stimulus_Arg_PISACowsMilk_10_page_6,983.5,108.0,1011.0
10454323,stimulus_Arg_PISACowsMilk_10_page_6,983.9,108.2,1010.0
10454324,stimulus_Arg_PISACowsMilk_10_page_6,984.2,108.2,1010.0
10454325,stimulus_Arg_PISACowsMilk_10_page_6,984.4,108.4,1010.0
10454326,stimulus_Arg_PISACowsMilk_10_page_6,984.3,108.6,1010.0
10454327,stimulus_Arg_PISACowsMilk_10_page_6,984.3,108.7,1010.0
10454328,stimulus_Arg_PISACowsMilk_10_page_6,984.3,108.8,1010.0
10454329,stimulus_Arg_PISACowsMilk_10_page_6,984.3,108.8,1010.0
10454330,stimulus_Arg_PISACowsMilk_10_page_6,984.0,108.8,1010.0
10454331,stimulus_Arg_PISACowsMilk_10_page_6,983.7,108.8,1011.0
10454332,stimulus_Arg_PISACowsMilk_10_page_6,983.5,108.8,1011.0
10454333,stimulus_Arg_PISACowsMilk_10_page_6,983.6,108.5,1011.0
10454334,stimulus_Arg_PISACowsMilk_10_page_6,983.7,108.3,1010.0
10454335,stimulus_Arg_PISACowsMilk_10_page_6,984.1,108.0,1009.0
10454336,stimulus_Arg_PISACowsMilk_10_page_6,984.5,108.1,1009.0
10454337,stimulus_Arg_PISACowsMilk_10_page_6,984.8,108.1,1008.0
10454338,stimulus_Arg_PISACowsMilk_10_page_6,984.8,108.0,1009.0
10454339,stimulus_Arg_PISACowsMilk_10_page_6,984.8,107.9,1009.0
10454340,stimulus_Arg_PISACowsMilk_10_page_6,984.5,107.7,1009.0
10454341,stimulus_Arg_PISACowsMilk_10_page_6,984.2,107.5,1009.0
10454342,stimulus_Arg_PISACowsMilk_10_page_6,984.0,107.3,1009.0
10454343,stimulus_Arg_PISACowsMilk_10_page_6,984.1,107.3,1009.0
10454344,stimulus_Arg_PISACowsMilk_10_page_6,984.2,107.3,1008.0
10454345,stimulus_Arg_PISACowsMilk_10_page_6,984.5,107.4,1008.0
10454346,stimulus_Arg_PISACowsMilk_10_page_6,984.6,107.4,1008.0
10454347,stimulus_Arg_PISACowsMilk_10_page_6,984.7,107.4,1008.0
10454348,stimulus_Arg_PISACowsMilk_10_page_6,984.6,107.3,1008.0
10454349,stimulus_Arg_PISACowsMilk_10_page_6,984.8,107.4,1008.0
10454350,stimulus_Arg_PISACowsMilk_10_page_6,984.9,107.4,1008.0
10454351,stimulus_Arg_PISACowsMilk_10_page_6,984.9,107.2,1008.0
10454352,stimulus_Arg_PISACowsMilk_10_page_6,984.9,106.8,1009.0
10454353,stimulus_Arg_PISACowsMilk_10_page_6,984.9,106.3,1009.0
10454354,stimulus_Arg_PISACowsMilk_10_page_6,984.6,106.2,1009.0
10454355,stimulus_Arg_PISACowsMilk_10_page_6,984.4,106.1,1009.0
10454356,stimulus_Arg_PISACowsMilk_10_page_6,984.4,106.6,1009.0
10454357,stimulus_Arg_PISACowsMilk_10_page_6,984.6,107.2,1009.0
10454358,stimulus_Arg_PISACowsMilk_10_page_6,984.8,107.7,1008.0
10454359,stimulus_Arg_PISACowsMilk_10_page_6,984.9,107.6,1009.0
10454360,stimulus_Arg_PISACowsMilk_10_page_6,985.0,107.5,1009.0
10454361,stimulus_Arg_PISACowsMilk_10_page_6,985.1,107.3,1009.0
10454362,stimulus_Arg_PISACowsMilk_10_page_6,985.3,107.1,1009.0
10454363,stimulus_Arg_PISACowsMilk_10_page_6,985.5,107.0,1009.0
10454364,stimulus_Arg_PISACowsMilk_10_page_6,985.7,107.1,1008.0
10454365,stimulus_Arg_PISACowsMilk_10_page_6,985.6,107.1,1007.0
10454366,stimulus_Arg_PISACowsMilk_10_page_6,985.5,107.1,1007.0
10454367,stimulus_Arg_PISACowsMilk_10_page_6,985.3,107.0,1007.0
10454368,stimulus_Arg_PISACowsMilk_10_page_6,985.0,106.9,1007.0
10454369,stimulus_Arg_PISACowsMilk_10_page_6,984.9,106.9,1008.0
10454370,stimulus_Arg_PISACowsMilk_10_page_6,984.9,106.9,1008.0
10454371,stimulus_Arg_PISACowsMilk_10_page_6,984.9,106.8,1008.0
10454372,stimulus_Arg_PISACowsMilk_10_page_6,984.9,106.7,1007.0
10454373,stimulus_Arg_PISACowsMilk_10_page_6,985.1,106.7,1006.0
10454374,stimulus_Arg_PISACowsMilk_10_page_6,985.1,106.7,1006.0
10454375,stimulus_Arg_PISACowsMilk_10_page_6,985.1,106.7,1006.0
10454376,stimulus_Arg_PISACowsMilk_10_page_6,985.2,106.7,1006.0
10454377,stimulus_Arg_PISACowsMilk_10_page_6,985.4,106.7,1007.0
10454378,stimulus_Arg_PISACowsMilk_10_page_6,985.5,106.7,1007.0
10454379,stimulus_Arg_PISACowsMilk_10_page_6,985.4,106.5,1008.0
10454380,stimulus_Arg_PISACowsMilk_10_page_6,985.3,106.4,1007.0
10454381,stimulus_Arg_PISACowsMilk_10_page_6,985.1,106.2,1007.0
10454382,stimulus_Arg_PISACowsMilk_10_page_6,984.9,106.2,1007.0
10454383,stimulus_Arg_PISACowsMilk_10_page_6,984.6,106.2,1007.0
10454384,stimulus_Arg_PISACowsMilk_10_page_6,984.8,106.2,1007.0
10454385,stimulus_Arg_PISACowsMilk_10_page_6,985.1,106.2,1006.0
10454386,stimulus_Arg_PISACowsMilk_10_page_6,985.3,106.1,1006.0
10454387,stimulus_Arg_PISACowsMilk_10_page_6,985.3,106.1,1007.0
10454388,stimulus_Arg_PISACowsMilk_10_page_6,985.2,106.1,1007.0
10454389,stimulus_Arg_PISACowsMilk_10_page_6,985.1,106.0,1008.0
10454390,stimulus_Arg_PISACowsMilk_10_page_6,984.9,106.1,1009.0
10454391,stimulus_Arg_PISACowsMilk_10_page_6,984.9,106.0,1010.0
10454392,stimulus_Arg_PISACowsMilk_10_page_6,984.9,105.7,1011.0
10454393,stimulus_Arg_PISACowsMilk_10_page_6,985.2,105.5,1010.0
10454394,stimulus_Arg_PISACowsMilk_10_page_6,985.4,105.3,1010.0
10454395,stimulus_Arg_PISACowsMilk_10_page_6,985.6,105.2,1010.0
10454396,stimulus_Arg_PISACowsMilk_10_page_6,985.5,105.3,1010.0
10454397,stimulus_Arg_PISACowsMilk_10_page_6,985.5,105.4,1009.0
10454398,stimulus_Arg_PISACowsMilk_10_page_6,985.4,105.6,1009.0
10454399,stimulus_Arg_PISACowsMilk_10_page_6,985.3,105.6,1009.0
10454400,stimulus_Arg_PISACowsMilk_10_page_6,985.1,105.3,1010.0
10454401,stimulus_Arg_PISACowsMilk_10_page_6,985.0,105.1,1010.0
10454402,stimulus_Arg_PISACowsMilk_10_page_6,985.0,104.7,1010.0
10454403,stimulus_Arg_PISACowsMilk_10_page_6,985.0,104.6,1010.0
10454404,stimulus_Arg_PISACowsMilk_10_page_6,985.2,104.6,1010.0
10454405,stimulus_Arg_PISACowsMilk_10_page_6,985.4,104.8,1009.0
10454406,stimulus_Arg_PISACowsMilk_10_page_6,985.7,104.9,1007.0
10454407,stimulus_Arg_PISACowsMilk_10_page_6,986.0,104.8,1007.0
10454408,stimulus_Arg_PISACowsMilk_10_page_6,986.2,104.8,1008.0
10454409,stimulus_Arg_PISACowsMilk_10_page_6,986.4,104.7,1009.0
10454410,stimulus_Arg_PISACowsMilk_10_page_6,986.4,104.7,1009.0
10454411,stimulus_Arg_PISACowsMilk_10_page_6,986.3,104.5,1010.0
10454412,stimulus_Arg_PISACowsMilk_10_page_6,986.2,104.3,1010.0
10454413,stimulus_Arg_PISACowsMilk_10_page_6,986.1,104.3,1010.0
10454414,stimulus_Arg_PISACowsMilk_10_page_6,986.0,104.5,1008.0
10454415,stimulus_Arg_PISACowsMilk_10_page_6,985.6,104.6,1008.0
10454416,stimulus_Arg_PISACowsMilk_10_page_6,985.4,104.6,1007.0
10454417,stimulus_Arg_PISACowsMilk_10_page_6,985.3,104.4,1007.0
10454418,stimulus_Arg_PISACowsMilk_10_page_6,985.3,104.3,1007.0
10454419,stimulus_Arg_PISACowsMilk_10_page_6,985.4,104.3,1007.0
10454420,stimulus_Arg_PISACowsMilk_10_page_6,985.4,104.3,1008.0
10454421,stimulus_Arg_PISACowsMilk_10_page_6,985.5,104.3,1009.0
10454422,stimulus_Arg_PISACowsMilk_10_page_6,985.7,104.4,1010.0
10454423,stimulus_Arg_PISACowsMilk_10_page_6,985.8,104.5,1009.0
10454424,stimulus_Arg_PISACowsMilk_10_page_6,985.8,104.5,1009.0
10454425,stimulus_Arg_PISACowsMilk_10_page_6,985.8,104.3,1008.0
10454426,stimulus_Arg_PISACowsMilk_10_page_6,985.7,104.2,1008.0
10454427,stimulus_Arg_PISACowsMilk_10_page_6,985.5,104.3,1007.0
10454428,stimulus_Arg_PISACowsMilk_10_page_6,985.3,104.4,1007.0
10454429,stimulus_Arg_PISACowsMilk_10_page_6,985.2,104.6,1007.0
10454430,stimulus_Arg_PISACowsMilk_10_page_6,985.1,104.9,1008.0
10454431,stimulus_Arg_PISACowsMilk_10_page_6,984.6,105.4,1007.0
10454432,stimulus_Arg_PISACowsMilk_10_page_6,983.0,105.9,1005.0
10454433,stimulus_Arg_PISACowsMilk_10_page_6,978.8,105.9,1004.0
10454434,stimulus_Arg_PISACowsMilk_10_page_6,972.4,105.7,1005.0
10454435,stimulus_Arg_PISACowsMilk_10_page_6,965.2,105.5,1005.0
10454436,stimulus_Arg_PISACowsMilk_10_page_6,956.4,105.5,1005.0
10454437,stimulus_Arg_PISACowsMilk_10_page_6,945.2,105.9,1006.0
10454438,stimulus_Arg_PISACowsMilk_10_page_6,931.7,106.5,1007.0
10454439,stimulus_Arg_PISACowsMilk_10_page_6,917.4,107.8,1009.0
10454440,stimulus_Arg_PISACowsMilk_10_page_6,902.8,109.6,1011.0
10454441,stimulus_Arg_PISACowsMilk_10_page_6,887.6,111.2,1013.0
10454442,stimulus_Arg_PISACowsMilk_10_page_6,872.1,112.2,1015.0
10454443,stimulus_Arg_PISACowsMilk_10_page_6,857.8,113.1,1017.0
10454444,stimulus_Arg_PISACowsMilk_10_page_6,844.2,115.2,1018.0
10454445,stimulus_Arg_PISACowsMilk_10_page_6,830.8,117.8,1021.0
10454446,stimulus_Arg_PISACowsMilk_10_page_6,815.3,120.3,1027.0
10454447,stimulus_Arg_PISACowsMilk_10_page_6,799.6,121.9,1032.0
10454448,stimulus_Arg_PISACowsMilk_10_page_6,783.6,123.5,1035.0
10454449,stimulus_Arg_PISACowsMilk_10_page_6,769.3,124.4,1037.0
10454450,stimulus_Arg_PISACowsMilk_10_page_6,754.0,125.6,1040.0
10454451,stimulus_Arg_PISACowsMilk_10_page_6,739.5,126.6,1043.0
10454452,stimulus_Arg_PISACowsMilk_10_page_6,724.1,128.1,1045.0
10454453,stimulus_Arg_PISACowsMilk_10_page_6,709.4,129.6,1046.0
10454454,stimulus_Arg_PISACowsMilk_10_page_6,694.5,131.5,1046.0
10454455,stimulus_Arg_PISACowsMilk_10_page_6,680.0,134.0,1047.0
10454456,stimulus_Arg_PISACowsMilk_10_page_6,665.1,136.7,1049.0
10454457,stimulus_Arg_PISACowsMilk_10_page_6,649.8,138.5,1052.0
10454458,stimulus_Arg_PISACowsMilk_10_page_6,635.0,139.1,1055.0
10454459,stimulus_Arg_PISACowsMilk_10_page_6,620.4,138.9,1057.0
10454460,stimulus_Arg_PISACowsMilk_10_page_6,605.6,139.3,1058.0
10454461,stimulus_Arg_PISACowsMilk_10_page_6,590.7,140.8,1057.0
10454462,stimulus_Arg_PISACowsMilk_10_page_6,576.8,143.3,1056.0
10454463,stimulus_Arg_PISACowsMilk_10_page_6,563.6,145.9,1055.0
10454464,stimulus_Arg_PISACowsMilk_10_page_6,550.6,148.5,1055.0
10454465,stimulus_Arg_PISACowsMilk_10_page_6,537.3,150.7,1057.0
10454466,stimulus_Arg_PISACowsMilk_10_page_6,524.8,153.2,1060.0
10454467,stimulus_Arg_PISACowsMilk_10_page_6,512.0,154.7,1061.0
10454468,stimulus_Arg_PISACowsMilk_10_page_6,499.1,156.3,1062.0
10454469,stimulus_Arg_PISACowsMilk_10_page_6,485.4,157.9,1061.0
10454470,stimulus_Arg_PISACowsMilk_10_page_6,471.4,160.4,1061.0
10454471,stimulus_Arg_PISACowsMilk_10_page_6,456.4,164.2,1059.0
10454472,stimulus_Arg_PISACowsMilk_10_page_6,440.6,168.1,1057.0
10454473,stimulus_Arg_PISACowsMilk_10_page_6,424.6,170.8,1056.0
10454474,stimulus_Arg_PISACowsMilk_10_page_6,410.2,172.2,1057.0
10454475,stimulus_Arg_PISACowsMilk_10_page_6,396.5,172.8,1058.0
10454476,stimulus_Arg_PISACowsMilk_10_page_6,383.6,173.8,1059.0
10454477,stimulus_Arg_PISACowsMilk_10_page_6,370.7,174.4,1059.0
10454478,stimulus_Arg_PISACowsMilk_10_page_6,358.5,175.4,1059.0
10454479,stimulus_Arg_PISACowsMilk_10_page_6,346.7,176.8,1060.0
10454480,stimulus_Arg_PISACowsMilk_10_page_6,335.2,178.4,1062.0
10454481,stimulus_Arg_PISACowsMilk_10_page_6,323.1,179.5,1063.0
10454482,stimulus_Arg_PISACowsMilk_10_page_6,312.2,180.4,1063.0
10454483,stimulus_Arg_PISACowsMilk_10_page_6,299.6,181.8,1062.0
10454484,stimulus_Arg_PISACowsMilk_10_page_6,287.3,183.2,1061.0
10454485,stimulus_Arg_PISACowsMilk_10_page_6,275.2,184.8,1061.0
10454486,stimulus_Arg_PISACowsMilk_10_page_6,264.2,185.5,1060.0
10454487,stimulus_Arg_PISACowsMilk_10_page_6,254.2,187.2,1060.0
10454488,stimulus_Arg_PISACowsMilk_10_page_6,243.4,188.9,1060.0
10454489,stimulus_Arg_PISACowsMilk_10_page_6,235.3,191.2,1060.0
10454490,stimulus_Arg_PISACowsMilk_10_page_6,226.4,193.1,1059.0
10454491,stimulus_Arg_PISACowsMilk_10_page_6,219.5,195.2,1059.0
10454492,stimulus_Arg_PISACowsMilk_10_page_6,211.4,196.9,1060.0
10454493,stimulus_Arg_PISACowsMilk_10_page_6,205.2,198.3,1061.0
10454494,stimulus_Arg_PISACowsMilk_10_page_6,199.9,199.3,1061.0
10454495,stimulus_Arg_PISACowsMilk_10_page_6,196.1,200.2,1062.0
10454496,stimulus_Arg_PISACowsMilk_10_page_6,193.4,201.2,1062.0
10454497,stimulus_Arg_PISACowsMilk_10_page_6,191.1,202.3,1063.0
10454498,stimulus_Arg_PISACowsMilk_10_page_6,189.8,203.0,1064.0
10454499,stimulus_Arg_PISACowsMilk_10_page_6,189.4,203.6,1066.0
10454500,stimulus_Arg_PISACowsMilk_10_page_6,190.1,203.7,1067.0
10454501,stimulus_Arg_PISACowsMilk_10_page_6,191.0,203.7,1068.0
10454502,stimulus_Arg_PISACowsMilk_10_page_6,192.6,203.5,1069.0
10454503,stimulus_Arg_PISACowsMilk_10_page_6,193.7,203.3,1070.0
10454504,stimulus_Arg_PISACowsMilk_10_page_6,195.3,203.0,1070.0
10454505,stimulus_Arg_PISACowsMilk_10_page_6,196.9,202.7,1070.0
10454506,stimulus_Arg_PISACowsMilk_10_page_6,198.7,201.9,1069.0
10454507,stimulus_Arg_PISACowsMilk_10_page_6,200.1,201.3,1070.0
10454508,stimulus_Arg_PISACowsMilk_10_page_6,200.8,200.8,1071.0
10454509,stimulus_Arg_PISACowsMilk_10_page_6,200.9,200.7,1071.0
10454510,stimulus_Arg_PISACowsMilk_10_page_6,200.7,200.3,1072.0
10454511,stimulus_Arg_PISACowsMilk_10_page_6,200.2,200.0,1073.0
10454512,stimulus_Arg_PISACowsMilk_10_page_6,199.8,199.4,1073.0
10454513,stimulus_Arg_PISACowsMilk_10_page_6,199.0,198.9,1073.0
10454514,stimulus_Arg_PISACowsMilk_10_page_6,198.1,198.5,1073.0
10454515,stimulus_Arg_PISACowsMilk_10_page_6,196.8,198.3,1071.0
10454516,stimulus_Arg_PISACowsMilk_10_page_6,195.7,198.3,1070.0
10454517,stimulus_Arg_PISACowsMilk_10_page_6,194.7,198.3,1069.0
10454518,stimulus_Arg_PISACowsMilk_10_page_6,193.6,198.3,1069.0
10454519,stimulus_Arg_PISACowsMilk_10_page_6,192.7,198.4,1069.0
10454520,stimulus_Arg_PISACowsMilk_10_page_6,192.1,198.5,1069.0
10454521,stimulus_Arg_PISACowsMilk_10_page_6,191.8,198.7,1069.0
10454522,stimulus_Arg_PISACowsMilk_10_page_6,191.6,199.1,1068.0
10454523,stimulus_Arg_PISACowsMilk_10_page_6,191.5,199.7,1067.0
10454524,stimulus_Arg_PISACowsMilk_10_page_6,191.2,200.2,1068.0
10454525,stimulus_Arg_PISACowsMilk_10_page_6,191.0,200.8,1067.0
10454526,stimulus_Arg_PISACowsMilk_10_page_6,190.9,201.2,1065.0
10454527,stimulus_Arg_PISACowsMilk_10_page_6,191.0,201.9,1064.0
10454528,stimulus_Arg_PISACowsMilk_10_page_6,191.3,202.2,1064.0
10454529,stimulus_Arg_PISACowsMilk_10_page_6,191.5,202.5,1064.0
10454530,stimulus_Arg_PISACowsMilk_10_page_6,191.6,202.6,1065.0
10454531,stimulus_Arg_PISACowsMilk_10_page_6,191.9,202.7,1066.0
10454532,stimulus_Arg_PISACowsMilk_10_page_6,192.1,202.9,1067.0
10454533,stimulus_Arg_PISACowsMilk_10_page_6,192.3,203.0,1067.0
10454534,stimulus_Arg_PISACowsMilk_10_page_6,192.2,203.2,1067.0
10454535,stimulus_Arg_PISACowsMilk_10_page_6,192.3,203.5,1067.0
10454536,stimulus_Arg_PISACowsMilk_10_page_6,192.4,203.7,1067.0
10454537,stimulus_Arg_PISACowsMilk_10_page_6,192.4,203.7,1068.0
10454538,stimulus_Arg_PISACowsMilk_10_page_6,192.3,203.8,1068.0
10454539,stimulus_Arg_PISACowsMilk_10_page_6,192.1,203.8,1068.0
10454540,stimulus_Arg_PISACowsMilk_10_page_6,191.8,203.7,1068.0
10454541,stimulus_Arg_PISACowsMilk_10_page_6,191.7,203.6,1068.0
10454542,stimulus_Arg_PISACowsMilk_10_page_6,191.6,203.8,1068.0
10454543,stimulus_Arg_PISACowsMilk_10_page_6,191.7,204.0,1067.0
10454544,stimulus_Arg_PISACowsMilk_10_page_6,191.7,204.2,1067.0
10454545,stimulus_Arg_PISACowsMilk_10_page_6,192.1,204.2,1067.0
10454546,stimulus_Arg_PISACowsMilk_10_page_6,192.5,204.4,1067.0
10454547,stimulus_Arg_PISACowsMilk_10_page_6,192.8,204.6,1068.0
10454548,stimulus_Arg_PISACowsMilk_10_page_6,192.8,204.8,1068.0
10454549,stimulus_Arg_PISACowsMilk_10_page_6,192.8,204.8,1069.0
10454550,stimulus_Arg_PISACowsMilk_10_page_6,192.8,205.3,1069.0
10454551,stimulus_Arg_PISACowsMilk_10_page_6,192.6,205.7,1069.0
10454552,stimulus_Arg_PISACowsMilk_10_page_6,192.4,205.7,1069.0
10454553,stimulus_Arg_PISACowsMilk_10_page_6,192.4,205.4,1069.0
10454554,stimulus_Arg_PISACowsMilk_10_page_6,192.5,205.3,1069.0
10454555,stimulus_Arg_PISACowsMilk_10_page_6,192.8,205.5,1069.0
10454556,stimulus_Arg_PISACowsMilk_10_page_6,193.0,205.7,1069.0
10454557,stimulus_Arg_PISACowsMilk_10_page_6,193.2,205.8,1068.0
10454558,stimulus_Arg_PISACowsMilk_10_page_6,192.7,205.7,1068.0
10454559,stimulus_Arg_PISACowsMilk_10_page_6,192.3,205.6,1067.0
10454560,stimulus_Arg_PISACowsMilk_10_page_6,192.0,205.5,1068.0
10454561,stimulus_Arg_PISACowsMilk_10_page_6,192.0,205.8,1068.0
10454562,stimulus_Arg_PISACowsMilk_10_page_6,192.1,206.1,1069.0
10454563,stimulus_Arg_PISACowsMilk_10_page_6,192.0,206.5,1069.0
10454564,stimulus_Arg_PISACowsMilk_10_page_6,192.0,206.6,1069.0
10454565,stimulus_Arg_PISACowsMilk_10_page_6,192.1,206.6,1068.0
10454566,stimulus_Arg_PISACowsMilk_10_page_6,192.3,206.6,1068.0
10454567,stimulus_Arg_PISACowsMilk_10_page_6,192.4,206.8,1068.0
10454568,stimulus_Arg_PISACowsMilk_10_page_6,192.2,207.0,1068.0
10454569,stimulus_Arg_PISACowsMilk_10_page_6,192.0,207.2,1068.0
10454570,stimulus_Arg_PISACowsMilk_10_page_6,191.8,207.2,1069.0
10454571,stimulus_Arg_PISACowsMilk_10_page_6,191.8,207.2,1070.0
10454572,stimulus_Arg_PISACowsMilk_10_page_6,191.8,207.1,1071.0
10454573,stimulus_Arg_PISACowsMilk_10_page_6,191.8,207.0,1072.0
10454574,stimulus_Arg_PISACowsMilk_10_page_6,191.6,206.9,1072.0
10454575,stimulus_Arg_PISACowsMilk_10_page_6,191.4,206.8,1072.0
10454576,stimulus_Arg_PISACowsMilk_10_page_6,191.2,206.7,1072.0
10454577,stimulus_Arg_PISACowsMilk_10_page_6,191.4,207.0,1071.0
10454578,stimulus_Arg_PISACowsMilk_10_page_6,191.6,207.3,1072.0
10454579,stimulus_Arg_PISACowsMilk_10_page_6,191.7,207.6,1072.0
10454580,stimulus_Arg_PISACowsMilk_10_page_6,191.6,207.6,1073.0
10454581,stimulus_Arg_PISACowsMilk_10_page_6,191.6,207.7,1073.0
10454582,stimulus_Arg_PISACowsMilk_10_page_6,191.6,207.8,1074.0
10454583,stimulus_Arg_PISACowsMilk_10_page_6,191.6,207.9,1075.0
10454584,stimulus_Arg_PISACowsMilk_10_page_6,191.8,207.4,1075.0
10454585,stimulus_Arg_PISACowsMilk_10_page_6,192.0,206.9,1074.0
10454586,stimulus_Arg_PISACowsMilk_10_page_6,192.1,206.3,1074.0
10454587,stimulus_Arg_PISACowsMilk_10_page_6,192.1,206.3,1074.0
10454588,stimulus_Arg_PISACowsMilk_10_page_6,191.9,206.5,1073.0
10454589,stimulus_Arg_PISACowsMilk_10_page_6,191.6,206.9,1073.0
10454590,stimulus_Arg_PISACowsMilk_10_page_6,191.5,207.3,1073.0
10454591,stimulus_Arg_PISACowsMilk_10_page_6,191.8,207.4,1074.0
10454592,stimulus_Arg_PISACowsMilk_10_page_6,191.9,207.8,1073.0
10454593,stimulus_Arg_PISACowsMilk_10_page_6,191.6,208.1,1072.0
10454594,stimulus_Arg_PISACowsMilk_10_page_6,191.2,208.3,1072.0
10454595,stimulus_Arg_PISACowsMilk_10_page_6,191.0,208.2,1073.0
10454596,stimulus_Arg_PISACowsMilk_10_page_6,190.8,208.1,1074.0
10454597,stimulus_Arg_PISACowsMilk_10_page_6,190.7,208.0,1074.0
10454598,stimulus_Arg_PISACowsMilk_10_page_6,190.7,208.1,1074.0
10454599,stimulus_Arg_PISACowsMilk_10_page_6,190.8,208.1,1075.0
10454600,stimulus_Arg_PISACowsMilk_10_page_6,191.0,208.1,1075.0
10454601,stimulus_Arg_PISACowsMilk_10_page_6,191.1,208.1,1075.0
10454602,stimulus_Arg_PISACowsMilk_10_page_6,191.1,207.9,1075.0
10454603,stimulus_Arg_PISACowsMilk_10_page_6,191.1,207.7,1074.0
10454604,stimulus_Arg_PISACowsMilk_10_page_6,191.0,207.6,1074.0
10454605,stimulus_Arg_PISACowsMilk_10_page_6,191.0,207.5,1073.0
10454606,stimulus_Arg_PISACowsMilk_10_page_6,190.9,207.4,1073.0
10454607,stimulus_Arg_PISACowsMilk_10_page_6,191.0,207.3,1072.0
10454608,stimulus_Arg_PISACowsMilk_10_page_6,191.0,207.5,1073.0
10454609,stimulus_Arg_PISACowsMilk_10_page_6,191.0,207.7,1073.0
10454610,stimulus_Arg_PISACowsMilk_10_page_6,191.1,208.0,1073.0
10454611,stimulus_Arg_PISACowsMilk_10_page_6,191.3,208.0,1073.0
10454612,stimulus_Arg_PISACowsMilk_10_page_6,191.5,208.0,1073.0
10454613,stimulus_Arg_PISACowsMilk_10_page_6,191.4,208.3,1072.0
10454614,stimulus_Arg_PISACowsMilk_10_page_6,191.2,208.6,1072.0
10454615,stimulus_Arg_PISACowsMilk_10_page_6,191.1,208.7,1073.0
10454616,stimulus_Arg_PISACowsMilk_10_page_6,191.0,208.5,1073.0
10454617,stimulus_Arg_PISACowsMilk_10_page_6,191.1,208.2,1074.0
10454618,stimulus_Arg_PISACowsMilk_10_page_6,191.1,208.3,1074.0
10454619,stimulus_Arg_PISACowsMilk_10_page_6,191.1,208.3,1074.0
10454620,stimulus_Arg_PISACowsMilk_10_page_6,191.1,208.3,1074.0
10454621,stimulus_Arg_PISACowsMilk_10_page_6,191.2,208.4,1074.0
10454622,stimulus_Arg_PISACowsMilk_10_page_6,191.3,208.3,1074.0
10454623,stimulus_Arg_PISACowsMilk_10_page_6,191.4,208.2,1074.0
10454624,stimulus_Arg_PISACowsMilk_10_page_6,191.4,208.2,1074.0
10454625,stimulus_Arg_PISACowsMilk_10_page_6,191.3,208.2,1074.0
10454626,stimulus_Arg_PISACowsMilk_10_page_6,191.3,208.0,1074.0
10454627,stimulus_Arg_PISACowsMilk_10_page_6,191.3,207.7,1074.0
10454628,stimulus_Arg_PISACowsMilk_10_page_6,191.3,207.4,1073.0
10454629,stimulus_Arg_PISACowsMilk_10_page_6,191.3,207.2,1073.0
10454630,stimulus_Arg_PISACowsMilk_10_page_6,191.3,207.1,1073.0
10454631,stimulus_Arg_PISACowsMilk_10_page_6,191.2,207.1,1074.0
10454632,stimulus_Arg_PISACowsMilk_10_page_6,191.2,207.1,1074.0
10454633,stimulus_Arg_PISACowsMilk_10_page_6,191.2,207.1,1074.0
10454634,stimulus_Arg_PISACowsMilk_10_page_6,191.3,207.1,1074.0
10454635,stimulus_Arg_PISACowsMilk_10_page_6,191.5,207.1,1073.0
10454636,stimulus_Arg_PISACowsMilk_10_page_6,191.6,207.0,1074.0
10454637,stimulus_Arg_PISACowsMilk_10_page_6,191.7,207.0,1074.0
10454638,stimulus_Arg_PISACowsMilk_10_page_6,191.7,207.0,1074.0
10454639,stimulus_Arg_PISACowsMilk_10_page_6,191.7,207.0,1075.0
10454640,stimulus_Arg_PISACowsMilk_10_page_6,191.6,207.1,1074.0
10454641,stimulus_Arg_PISACowsMilk_10_page_6,191.6,207.3,1074.0
10454642,stimulus_Arg_PISACowsMilk_10_page_6,191.6,207.3,1073.0
10454643,stimulus_Arg_PISACowsMilk_10_page_6,191.6,207.2,1073.0
10454644,stimulus_Arg_PISACowsMilk_10_page_6,191.6,207.0,1073.0
10454645,stimulus_Arg_PISACowsMilk_10_page_6,191.3,206.9,1073.0
10454646,stimulus_Arg_PISACowsMilk_10_page_6,191.0,206.9,1072.0
10454647,stimulus_Arg_PISACowsMilk_10_page_6,190.8,206.9,1072.0
10454648,stimulus_Arg_PISACowsMilk_10_page_6,190.8,206.9,1072.0
10454649,stimulus_Arg_PISACowsMilk_10_page_6,190.8,206.7,1073.0
10454650,stimulus_Arg_PISACowsMilk_10_page_6,191.1,206.6,1073.0
10454651,stimulus_Arg_PISACowsMilk_10_page_6,191.4,206.6,1074.0
10454652,stimulus_Arg_PISACowsMilk_10_page_6,191.7,206.7,1074.0
10454653,stimulus_Arg_PISACowsMilk_10_page_6,191.6,206.9,1072.0
10454654,stimulus_Arg_PISACowsMilk_10_page_6,191.4,207.0,1071.0
10454655,stimulus_Arg_PISACowsMilk_10_page_6,191.1,207.0,1069.0
10454656,stimulus_Arg_PISACowsMilk_10_page_6,190.8,206.9,1069.0
10454657,stimulus_Arg_PISACowsMilk_10_page_6,190.7,206.9,1070.0
10454658,stimulus_Arg_PISACowsMilk_10_page_6,191.0,206.6,1070.0
10454659,stimulus_Arg_PISACowsMilk_10_page_6,191.4,206.2,1071.0
10454660,stimulus_Arg_PISACowsMilk_10_page_6,191.7,205.9,1071.0
10454661,stimulus_Arg_PISACowsMilk_10_page_6,191.9,205.9,1072.0
10454662,stimulus_Arg_PISACowsMilk_10_page_6,192.2,205.8,1071.0
10454663,stimulus_Arg_PISACowsMilk_10_page_6,192.6,205.8,1071.0
10454664,stimulus_Arg_PISACowsMilk_10_page_6,192.9,205.9,1070.0
10454665,stimulus_Arg_PISACowsMilk_10_page_6,192.9,206.0,1071.0
10454666,stimulus_Arg_PISACowsMilk_10_page_6,192.8,206.0,1071.0
10454667,stimulus_Arg_PISACowsMilk_10_page_6,192.2,206.0,1072.0
10454668,stimulus_Arg_PISACowsMilk_10_page_6,191.7,205.9,1072.0
10454669,stimulus_Arg_PISACowsMilk_10_page_6,191.3,205.8,1072.0
10454670,stimulus_Arg_PISACowsMilk_10_page_6,191.2,205.8,1072.0
10454671,stimulus_Arg_PISACowsMilk_10_page_6,191.2,205.9,1072.0
10454672,stimulus_Arg_PISACowsMilk_10_page_6,191.1,206.0,1072.0
10454673,stimulus_Arg_PISACowsMilk_10_page_6,191.0,206.1,1072.0
10454674,stimulus_Arg_PISACowsMilk_10_page_6,191.2,206.1,1072.0
10454675,stimulus_Arg_PISACowsMilk_10_page_6,191.6,206.1,1072.0
10454676,stimulus_Arg_PISACowsMilk_10_page_6,192.0,206.0,1072.0
10454677,stimulus_Arg_PISACowsMilk_10_page_6,192.4,205.9,1072.0
10454678,stimulus_Arg_PISACowsMilk_10_page_6,192.5,205.9,1072.0
10454679,stimulus_Arg_PISACowsMilk_10_page_6,192.5,206.0,1073.0
10454680,stimulus_Arg_PISACowsMilk_10_page_6,192.4,205.9,1074.0
10454681,stimulus_Arg_PISACowsMilk_10_page_6,192.3,205.6,1074.0
10454682,stimulus_Arg_PISACowsMilk_10_page_6,191.9,205.0,1075.0
10454683,stimulus_Arg_PISACowsMilk_10_page_6,189.8,204.4,1074.0
10454684,stimulus_Arg_PISACowsMilk_10_page_6,186.0,203.7,1073.0
10454685,stimulus_Arg_PISACowsMilk_10_page_6,180.5,203.4,1073.0
10454686,stimulus_Arg_PISACowsMilk_10_page_6,175.6,203.2,1072.0
10454687,stimulus_Arg_PISACowsMilk_10_page_6,170.3,202.9,1072.0
10454688,stimulus_Arg_PISACowsMilk_10_page_6,164.3,202.4,1073.0
10454689,stimulus_Arg_PISACowsMilk_10_page_6,158.0,201.9,1073.0
10454690,stimulus_Arg_PISACowsMilk_10_page_6,152.0,201.4,1073.0
10454691,stimulus_Arg_PISACowsMilk_10_page_6,145.9,201.0,1074.0
10454692,stimulus_Arg_PISACowsMilk_10_page_6,139.7,200.5,1074.0
10454693,stimulus_Arg_PISACowsMilk_10_page_6,134.5,200.1,1074.0
10454694,stimulus_Arg_PISACowsMilk_10_page_6,130.8,199.8,1074.0
10454695,stimulus_Arg_PISACowsMilk_10_page_6,127.9,199.1,1073.0
10454696,stimulus_Arg_PISACowsMilk_10_page_6,125.1,198.4,1073.0
10454697,stimulus_Arg_PISACowsMilk_10_page_6,122.8,197.7,1071.0
10454698,stimulus_Arg_PISACowsMilk_10_page_6,121.4,197.5,1071.0
10454699,stimulus_Arg_PISACowsMilk_10_page_6,120.8,197.3,1071.0
10454700,stimulus_Arg_PISACowsMilk_10_page_6,121.0,197.0,1072.0
10454701,stimulus_Arg_PISACowsMilk_10_page_6,121.8,196.5,1073.0
10454702,stimulus_Arg_PISACowsMilk_10_page_6,123.5,196.4,1073.0
10454703,stimulus_Arg_PISACowsMilk_10_page_6,125.3,196.4,1073.0
10454704,stimulus_Arg_PISACowsMilk_10_page_6,127.3,196.4,1073.0
10454705,stimulus_Arg_PISACowsMilk_10_page_6,129.2,196.4,1073.0
10454706,stimulus_Arg_PISACowsMilk_10_page_6,131.2,196.5,1072.0
10454707,stimulus_Arg_PISACowsMilk_10_page_6,133.0,196.7,1071.0
10454708,stimulus_Arg_PISACowsMilk_10_page_6,134.7,196.9,1072.0
10454709,stimulus_Arg_PISACowsMilk_10_page_6,135.9,197.0,1073.0
10454710,stimulus_Arg_PISACowsMilk_10_page_6,137.1,196.6,1074.0
10454711,stimulus_Arg_PISACowsMilk_10_page_6,138.2,196.1,1074.0
10454712,stimulus_Arg_PISACowsMilk_10_page_6,139.3,195.7,1074.0
10454713,stimulus_Arg_PISACowsMilk_10_page_6,139.9,195.7,1074.0
10454714,stimulus_Arg_PISACowsMilk_10_page_6,140.0,195.7,1073.0
10454715,stimulus_Arg_PISACowsMilk_10_page_6,139.7,195.7,1072.0
10454716,stimulus_Arg_PISACowsMilk_10_page_6,139.5,195.8,1071.0
10454717,stimulus_Arg_PISACowsMilk_10_page_6,139.0,195.8,1071.0
10454718,stimulus_Arg_PISACowsMilk_10_page_6,138.2,196.2,1070.0
10454719,stimulus_Arg_PISACowsMilk_10_page_6,137.4,196.6,1069.0
10454720,stimulus_Arg_PISACowsMilk_10_page_6,137.1,197.1,1069.0
10454721,stimulus_Arg_PISACowsMilk_10_page_6,137.1,197.3,1071.0
10454722,stimulus_Arg_PISACowsMilk_10_page_6,137.0,197.4,1072.0
10454723,stimulus_Arg_PISACowsMilk_10_page_6,136.8,197.3,1073.0
10454724,stimulus_Arg_PISACowsMilk_10_page_6,136.5,197.2,1073.0
10454725,stimulus_Arg_PISACowsMilk_10_page_6,136.1,197.2,1071.0
10454726,stimulus_Arg_PISACowsMilk_10_page_6,136.1,197.1,1069.0
10454727,stimulus_Arg_PISACowsMilk_10_page_6,136.1,197.2,1068.0
10454728,stimulus_Arg_PISACowsMilk_10_page_6,135.8,197.3,1068.0
10454729,stimulus_Arg_PISACowsMilk_10_page_6,135.6,197.5,1068.0
10454730,stimulus_Arg_PISACowsMilk_10_page_6,135.3,197.5,1069.0
10454731,stimulus_Arg_PISACowsMilk_10_page_6,135.2,197.5,1071.0
10454732,stimulus_Arg_PISACowsMilk_10_page_6,135.1,197.5,1072.0
10454733,stimulus_Arg_PISACowsMilk_10_page_6,135.1,197.5,1072.0
10454734,stimulus_Arg_PISACowsMilk_10_page_6,135.2,197.4,1073.0
10454735,stimulus_Arg_PISACowsMilk_10_page_6,135.4,197.4,1073.0
10454736,stimulus_Arg_PISACowsMilk_10_page_6,135.6,197.1,1074.0
10454737,stimulus_Arg_PISACowsMilk_10_page_6,135.6,196.9,1074.0
10454738,stimulus_Arg_PISACowsMilk_10_page_6,135.7,196.6,1073.0
10454739,stimulus_Arg_PISACowsMilk_10_page_6,135.6,196.6,1073.0
10454740,stimulus_Arg_PISACowsMilk_10_page_6,135.4,196.5,1072.0
10454741,stimulus_Arg_PISACowsMilk_10_page_6,135.3,196.4,1072.0
10454742,stimulus_Arg_PISACowsMilk_10_page_6,135.4,196.6,1073.0
10454743,stimulus_Arg_PISACowsMilk_10_page_6,135.4,196.8,1073.0
10454744,stimulus_Arg_PISACowsMilk_10_page_6,135.5,197.1,1073.0
10454745,stimulus_Arg_PISACowsMilk_10_page_6,135.5,197.1,1074.0
10454746,stimulus_Arg_PISACowsMilk_10_page_6,135.7,197.2,1074.0
10454747,stimulus_Arg_PISACowsMilk_10_page_6,136.0,197.3,1075.0
10454748,stimulus_Arg_PISACowsMilk_10_page_6,136.1,197.4,1075.0
10454749,stimulus_Arg_PISACowsMilk_10_page_6,135.9,197.4,1075.0
10454750,stimulus_Arg_PISACowsMilk_10_page_6,135.9,197.3,1075.0
10454751,stimulus_Arg_PISACowsMilk_10_page_6,135.9,197.3,1075.0
10454752,stimulus_Arg_PISACowsMilk_10_page_6,135.9,197.6,1074.0
10454753,stimulus_Arg_PISACowsMilk_10_page_6,135.7,197.9,1073.0
10454754,stimulus_Arg_PISACowsMilk_10_page_6,135.6,198.1,1072.0
10454755,stimulus_Arg_PISACowsMilk_10_page_6,135.7,198.3,1072.0
10454756,stimulus_Arg_PISACowsMilk_10_page_6,135.8,198.4,1072.0
10454757,stimulus_Arg_PISACowsMilk_10_page_6,135.8,198.4,1072.0
10454758,stimulus_Arg_PISACowsMilk_10_page_6,135.5,198.3,1072.0
10454759,stimulus_Arg_PISACowsMilk_10_page_6,135.3,198.2,1072.0
10454760,stimulus_Arg_PISACowsMilk_10_page_6,135.2,198.3,1072.0
10454761,stimulus_Arg_PISACowsMilk_10_page_6,135.1,198.3,1071.0
10454762,stimulus_Arg_PISACowsMilk_10_page_6,135.2,198.4,1070.0
10454763,stimulus_Arg_PISACowsMilk_10_page_6,135.2,198.4,1069.0
10454764,stimulus_Arg_PISACowsMilk_10_page_6,135.2,198.6,1069.0
10454765,stimulus_Arg_PISACowsMilk_10_page_6,135.1,198.8,1070.0
10454766,stimulus_Arg_PISACowsMilk_10_page_6,135.0,199.0,1070.0
10454767,stimulus_Arg_PISACowsMilk_10_page_6,134.9,199.0,1070.0
10454768,stimulus_Arg_PISACowsMilk_10_page_6,134.8,199.0,1070.0
10454769,stimulus_Arg_PISACowsMilk_10_page_6,134.7,199.0,1071.0
10454770,stimulus_Arg_PISACowsMilk_10_page_6,134.7,198.9,1072.0
10454771,stimulus_Arg_PISACowsMilk_10_page_6,134.6,198.7,1072.0
10454772,stimulus_Arg_PISACowsMilk_10_page_6,134.4,198.8,1072.0
10454773,stimulus_Arg_PISACowsMilk_10_page_6,134.2,199.1,1071.0
10454774,stimulus_Arg_PISACowsMilk_10_page_6,134.1,199.3,1071.0
10454775,stimulus_Arg_PISACowsMilk_10_page_6,134.0,199.1,1071.0
10454776,stimulus_Arg_PISACowsMilk_10_page_6,134.0,198.8,1071.0
10454777,stimulus_Arg_PISACowsMilk_10_page_6,133.9,198.7,1071.0
10454778,stimulus_Arg_PISACowsMilk_10_page_6,133.9,198.8,1071.0
10454779,stimulus_Arg_PISACowsMilk_10_page_6,133.8,199.0,1071.0
10454780,stimulus_Arg_PISACowsMilk_10_page_6,133.8,199.0,1071.0
10454781,stimulus_Arg_PISACowsMilk_10_page_6,133.7,199.3,1071.0
10454782,stimulus_Arg_PISACowsMilk_10_page_6,133.6,199.6,1071.0
10454783,stimulus_Arg_PISACowsMilk_10_page_6,133.6,199.7,1071.0
10454784,stimulus_Arg_PISACowsMilk_10_page_6,133.6,199.5,1071.0
10454785,stimulus_Arg_PISACowsMilk_10_page_6,133.6,199.5,1070.0
10454786,stimulus_Arg_PISACowsMilk_10_page_6,133.5,199.6,1070.0
10454787,stimulus_Arg_PISACowsMilk_10_page_6,133.4,199.8,1069.0
10454788,stimulus_Arg_PISACowsMilk_10_page_6,133.3,199.7,1069.0
10454789,stimulus_Arg_PISACowsMilk_10_page_6,133.5,199.7,1070.0
10454790,stimulus_Arg_PISACowsMilk_10_page_6,133.7,199.7,1070.0
10454791,stimulus_Arg_PISACowsMilk_10_page_6,133.8,199.8,1070.0
10454792,stimulus_Arg_PISACowsMilk_10_page_6,133.7,199.8,1069.0
10454793,stimulus_Arg_PISACowsMilk_10_page_6,133.6,199.8,1069.0
10454794,stimulus_Arg_PISACowsMilk_10_page_6,133.4,199.7,1069.0
10454795,stimulus_Arg_PISACowsMilk_10_page_6,133.4,199.7,1069.0
10454796,stimulus_Arg_PISACowsMilk_10_page_6,133.4,199.7,1069.0
10454797,stimulus_Arg_PISACowsMilk_10_page_6,133.5,199.8,1070.0
10454798,stimulus_Arg_PISACowsMilk_10_page_6,133.4,199.9,1070.0
10454799,stimulus_Arg_PISACowsMilk_10_page_6,133.4,199.9,1070.0
10454800,stimulus_Arg_PISACowsMilk_10_page_6,133.3,199.8,1070.0
10454801,stimulus_Arg_PISACowsMilk_10_page_6,133.2,199.8,1070.0
10454802,stimulus_Arg_PISACowsMilk_10_page_6,133.2,199.7,1070.0
10454803,stimulus_Arg_PISACowsMilk_10_page_6,133.2,199.7,1070.0
10454804,stimulus_Arg_PISACowsMilk_10_page_6,133.3,199.7,1070.0
10454805,stimulus_Arg_PISACowsMilk_10_page_6,133.4,199.7,1070.0
10454806,stimulus_Arg_PISACowsMilk_10_page_6,133.5,199.7,1070.0
10454807,stimulus_Arg_PISACowsMilk_10_page_6,133.5,199.8,1071.0
10454808,stimulus_Arg_PISACowsMilk_10_page_6,133.4,200.0,1071.0
10454809,stimulus_Arg_PISACowsMilk_10_page_6,133.3,200.1,1071.0
10454810,stimulus_Arg_PISACowsMilk_10_page_6,133.1,200.2,1072.0
10454811,stimulus_Arg_PISACowsMilk_10_page_6,132.8,200.2,1073.0
10454812,stimulus_Arg_PISACowsMilk_10_page_6,132.7,200.3,1073.0
10454813,stimulus_Arg_PISACowsMilk_10_page_6,132.6,200.4,1071.0
10454814,stimulus_Arg_PISACowsMilk_10_page_6,132.6,200.5,1070.0
10454815,stimulus_Arg_PISACowsMilk_10_page_6,132.6,200.8,1069.0
10454816,stimulus_Arg_PISACowsMilk_10_page_6,132.6,200.9,1069.0
10454817,stimulus_Arg_PISACowsMilk_10_page_6,132.6,201.0,1069.0
10454818,stimulus_Arg_PISACowsMilk_10_page_6,132.7,200.9,1070.0
10454819,stimulus_Arg_PISACowsMilk_10_page_6,132.6,200.8,1071.0
10454820,stimulus_Arg_PISACowsMilk_10_page_6,132.5,200.8,1072.0
10454821,stimulus_Arg_PISACowsMilk_10_page_6,132.3,200.8,1072.0
10454822,stimulus_Arg_PISACowsMilk_10_page_6,132.1,201.0,1072.0
10454823,stimulus_Arg_PISACowsMilk_10_page_6,132.6,201.3,1071.0
10454824,stimulus_Arg_PISACowsMilk_10_page_6,134.6,201.9,1070.0
10454825,stimulus_Arg_PISACowsMilk_10_page_6,138.4,202.2,1068.0
10454826,stimulus_Arg_PISACowsMilk_10_page_6,143.0,202.4,1069.0
10454827,stimulus_Arg_PISACowsMilk_10_page_6,148.3,202.4,1070.0
10454828,stimulus_Arg_PISACowsMilk_10_page_6,156.0,202.4,1073.0
10454829,stimulus_Arg_PISACowsMilk_10_page_6,165.3,201.9,1075.0
10454830,stimulus_Arg_PISACowsMilk_10_page_6,176.6,201.8,1078.0
10454831,stimulus_Arg_PISACowsMilk_10_page_6,188.2,201.3,1081.0
10454832,stimulus_Arg_PISACowsMilk_10_page_6,201.9,201.2,1083.0
10454833,stimulus_Arg_PISACowsMilk_10_page_6,215.4,200.4,1084.0
10454834,stimulus_Arg_PISACowsMilk_10_page_6,229.9,199.0,1085.0
10454835,stimulus_Arg_PISACowsMilk_10_page_6,244.8,197.3,1086.0
10454836,stimulus_Arg_PISACowsMilk_10_page_6,261.8,195.9,1087.0
10454837,stimulus_Arg_PISACowsMilk_10_page_6,278.0,194.8,1088.0
10454838,stimulus_Arg_PISACowsMilk_10_page_6,294.8,194.1,1090.0
10454839,stimulus_Arg_PISACowsMilk_10_page_6,311.2,193.0,1093.0
10454840,stimulus_Arg_PISACowsMilk_10_page_6,328.4,192.3,1095.0
10454841,stimulus_Arg_PISACowsMilk_10_page_6,346.3,191.7,1095.0
10454842,stimulus_Arg_PISACowsMilk_10_page_6,363.3,191.1,1095.0
10454843,stimulus_Arg_PISACowsMilk_10_page_6,381.1,190.8,1092.0
10454844,stimulus_Arg_PISACowsMilk_10_page_6,396.4,189.5,1089.0
10454845,stimulus_Arg_PISACowsMilk_10_page_6,411.0,188.7,1085.0
10454846,stimulus_Arg_PISACowsMilk_10_page_6,422.6,188.3,1085.0
10454847,stimulus_Arg_PISACowsMilk_10_page_6,432.5,187.9,1084.0
10454848,stimulus_Arg_PISACowsMilk_10_page_6,440.9,187.4,1082.0
10454849,stimulus_Arg_PISACowsMilk_10_page_6,448.6,186.6,1081.0
10454850,stimulus_Arg_PISACowsMilk_10_page_6,454.5,186.2,1079.0
10454851,stimulus_Arg_PISACowsMilk_10_page_6,460.4,185.9,1078.0
10454852,stimulus_Arg_PISACowsMilk_10_page_6,464.6,185.5,1077.0
10454853,stimulus_Arg_PISACowsMilk_10_page_6,469.2,185.5,1077.0
10454854,stimulus_Arg_PISACowsMilk_10_page_6,472.3,185.2,1077.0
10454855,stimulus_Arg_PISACowsMilk_10_page_6,476.7,185.3,1077.0
10454856,stimulus_Arg_PISACowsMilk_10_page_6,480.5,185.4,1076.0
10454857,stimulus_Arg_PISACowsMilk_10_page_6,484.0,184.9,1076.0
10454858,stimulus_Arg_PISACowsMilk_10_page_6,486.6,184.0,1076.0
10454859,stimulus_Arg_PISACowsMilk_10_page_6,488.5,182.6,1076.0
10454860,stimulus_Arg_PISACowsMilk_10_page_6,489.4,181.8,1077.0
10454861,stimulus_Arg_PISACowsMilk_10_page_6,489.5,181.4,1078.0
10454862,stimulus_Arg_PISACowsMilk_10_page_6,489.1,181.7,1079.0
10454863,stimulus_Arg_PISACowsMilk_10_page_6,488.1,182.1,1079.0
10454864,stimulus_Arg_PISACowsMilk_10_page_6,486.2,182.7,1079.0
10454865,stimulus_Arg_PISACowsMilk_10_page_6,483.7,183.5,1079.0
10454866,stimulus_Arg_PISACowsMilk_10_page_6,480.4,184.2,1079.0
10454867,stimulus_Arg_PISACowsMilk_10_page_6,477.0,185.2,1080.0
10454868,stimulus_Arg_PISACowsMilk_10_page_6,474.3,186.1,1082.0
10454869,stimulus_Arg_PISACowsMilk_10_page_6,472.1,187.2,1083.0
10454870,stimulus_Arg_PISACowsMilk_10_page_6,470.8,188.1,1084.0
10454871,stimulus_Arg_PISACowsMilk_10_page_6,470.1,188.8,1085.0
10454872,stimulus_Arg_PISACowsMilk_10_page_6,470.5,189.4,1086.0
10454873,stimulus_Arg_PISACowsMilk_10_page_6,471.5,189.8,1086.0
10454874,stimulus_Arg_PISACowsMilk_10_page_6,473.5,190.2,1086.0
10454875,stimulus_Arg_PISACowsMilk_10_page_6,476.1,190.6,1085.0
10454876,stimulus_Arg_PISACowsMilk_10_page_6,478.2,191.4,1084.0
10454877,stimulus_Arg_PISACowsMilk_10_page_6,479.9,191.9,1083.0
10454878,stimulus_Arg_PISACowsMilk_10_page_6,481.4,192.2,1082.0
10454879,stimulus_Arg_PISACowsMilk_10_page_6,483.2,191.9,1082.0
10454880,stimulus_Arg_PISACowsMilk_10_page_6,484.4,191.5,1083.0
10454881,stimulus_Arg_PISACowsMilk_10_page_6,485.2,191.0,1084.0
10454882,stimulus_Arg_PISACowsMilk_10_page_6,485.9,190.8,1085.0
10454883,stimulus_Arg_PISACowsMilk_10_page_6,486.6,190.2,1086.0
10454884,stimulus_Arg_PISACowsMilk_10_page_6,487.3,189.7,1086.0
10454885,stimulus_Arg_PISACowsMilk_10_page_6,487.8,189.2,1085.0
10454886,stimulus_Arg_PISACowsMilk_10_page_6,488.5,189.0,1085.0
10454887,stimulus_Arg_PISACowsMilk_10_page_6,488.8,189.1,1085.0
10454888,stimulus_Arg_PISACowsMilk_10_page_6,489.1,189.1,1085.0
10454889,stimulus_Arg_PISACowsMilk_10_page_6,489.1,188.9,1085.0
10454890,stimulus_Arg_PISACowsMilk_10_page_6,489.4,188.8,1085.0
10454891,stimulus_Arg_PISACowsMilk_10_page_6,489.7,188.5,1084.0
10454892,stimulus_Arg_PISACowsMilk_10_page_6,490.0,188.3,1084.0
10454893,stimulus_Arg_PISACowsMilk_10_page_6,489.9,188.0,1082.0
10454894,stimulus_Arg_PISACowsMilk_10_page_6,489.8,187.9,1081.0
10454895,stimulus_Arg_PISACowsMilk_10_page_6,489.7,188.0,1080.0
10454896,stimulus_Arg_PISACowsMilk_10_page_6,489.4,188.1,1080.0
10454897,stimulus_Arg_PISACowsMilk_10_page_6,488.8,188.1,1082.0
10454898,stimulus_Arg_PISACowsMilk_10_page_6,487.8,188.0,1083.0
10454899,stimulus_Arg_PISACowsMilk_10_page_6,486.7,188.0,1082.0
10454900,stimulus_Arg_PISACowsMilk_10_page_6,485.7,187.9,1080.0
10454901,stimulus_Arg_PISACowsMilk_10_page_6,485.1,187.8,1079.0
10454902,stimulus_Arg_PISACowsMilk_10_page_6,484.9,187.8,1079.0
10454903,stimulus_Arg_PISACowsMilk_10_page_6,484.8,188.0,1079.0
10454904,stimulus_Arg_PISACowsMilk_10_page_6,484.9,188.1,1078.0
10454905,stimulus_Arg_PISACowsMilk_10_page_6,484.9,188.2,1078.0
10454906,stimulus_Arg_PISACowsMilk_10_page_6,485.0,188.4,1079.0
10454907,stimulus_Arg_PISACowsMilk_10_page_6,484.8,188.6,1079.0
10454908,stimulus_Arg_PISACowsMilk_10_page_6,484.5,188.8,1080.0
10454909,stimulus_Arg_PISACowsMilk_10_page_6,484.3,188.9,1080.0
10454910,stimulus_Arg_PISACowsMilk_10_page_6,484.1,189.0,1080.0
10454911,stimulus_Arg_PISACowsMilk_10_page_6,483.9,189.0,1080.0
10454912,stimulus_Arg_PISACowsMilk_10_page_6,483.7,189.0,1081.0
10454913,stimulus_Arg_PISACowsMilk_10_page_6,483.5,188.9,1081.0
10454914,stimulus_Arg_PISACowsMilk_10_page_6,483.5,188.8,1081.0
10454915,stimulus_Arg_PISACowsMilk_10_page_6,483.5,188.7,1081.0
10454916,stimulus_Arg_PISACowsMilk_10_page_6,483.5,188.6,1081.0
10454917,stimulus_Arg_PISACowsMilk_10_page_6,483.6,188.4,1081.0
10454918,stimulus_Arg_PISACowsMilk_10_page_6,484.1,188.2,1081.0
10454919,stimulus_Arg_PISACowsMilk_10_page_6,484.6,187.9,1081.0
10454920,stimulus_Arg_PISACowsMilk_10_page_6,485.2,187.8,1081.0
10454921,stimulus_Arg_PISACowsMilk_10_page_6,485.1,187.9,1081.0
10454922,stimulus_Arg_PISACowsMilk_10_page_6,485.1,188.1,1081.0
10454923,stimulus_Arg_PISACowsMilk_10_page_6,485.3,188.3,1081.0
10454924,stimulus_Arg_PISACowsMilk_10_page_6,485.5,188.2,1081.0
10454925,stimulus_Arg_PISACowsMilk_10_page_6,485.3,188.3,1081.0
10454926,stimulus_Arg_PISACowsMilk_10_page_6,484.9,188.4,1081.0
10454927,stimulus_Arg_PISACowsMilk_10_page_6,484.4,188.2,1081.0
10454928,stimulus_Arg_PISACowsMilk_10_page_6,484.2,188.0,1081.0
10454929,stimulus_Arg_PISACowsMilk_10_page_6,484.1,187.8,1082.0
10454930,stimulus_Arg_PISACowsMilk_10_page_6,484.1,187.7,1082.0
10454931,stimulus_Arg_PISACowsMilk_10_page_6,484.1,187.8,1083.0
10454932,stimulus_Arg_PISACowsMilk_10_page_6,484.2,187.8,1083.0
10454933,stimulus_Arg_PISACowsMilk_10_page_6,484.3,187.7,1083.0
10454934,stimulus_Arg_PISACowsMilk_10_page_6,484.1,187.8,1083.0
10454935,stimulus_Arg_PISACowsMilk_10_page_6,483.9,188.0,1083.0
10454936,stimulus_Arg_PISACowsMilk_10_page_6,483.7,188.1,1083.0
10454937,stimulus_Arg_PISACowsMilk_10_page_6,483.7,188.1,1083.0
10454938,stimulus_Arg_PISACowsMilk_10_page_6,483.8,188.0,1084.0
10454939,stimulus_Arg_PISACowsMilk_10_page_6,483.9,187.9,1085.0
10454940,stimulus_Arg_PISACowsMilk_10_page_6,484.1,187.9,1085.0
10454941,stimulus_Arg_PISACowsMilk_10_page_6,484.3,187.9,1085.0
10454942,stimulus_Arg_PISACowsMilk_10_page_6,483.9,187.9,1085.0
10454943,stimulus_Arg_PISACowsMilk_10_page_6,483.4,187.9,1085.0
10454944,stimulus_Arg_PISACowsMilk_10_page_6,482.9,188.0,1085.0
10454945,stimulus_Arg_PISACowsMilk_10_page_6,483.0,188.3,1085.0
10454946,stimulus_Arg_PISACowsMilk_10_page_6,483.1,188.5,1084.0
10454947,stimulus_Arg_PISACowsMilk_10_page_6,483.1,188.8,1083.0
10454948,stimulus_Arg_PISACowsMilk_10_page_6,483.0,189.1,1083.0
10454949,stimulus_Arg_PISACowsMilk_10_page_6,482.9,189.3,1083.0
10454950,stimulus_Arg_PISACowsMilk_10_page_6,482.9,189.3,1083.0
10454951,stimulus_Arg_PISACowsMilk_10_page_6,482.9,189.3,1084.0
10454952,stimulus_Arg_PISACowsMilk_10_page_6,482.9,189.2,1084.0
10454953,stimulus_Arg_PISACowsMilk_10_page_6,482.8,189.3,1084.0
10454954,stimulus_Arg_PISACowsMilk_10_page_6,482.8,189.4,1084.0
10454955,stimulus_Arg_PISACowsMilk_10_page_6,482.9,189.3,1084.0
10454956,stimulus_Arg_PISACowsMilk_10_page_6,483.0,189.2,1083.0
10454957,stimulus_Arg_PISACowsMilk_10_page_6,483.0,189.3,1083.0
10454958,stimulus_Arg_PISACowsMilk_10_page_6,482.9,189.6,1083.0
10454959,stimulus_Arg_PISACowsMilk_10_page_6,483.0,189.8,1084.0
10454960,stimulus_Arg_PISACowsMilk_10_page_6,483.2,189.8,1084.0
10454961,stimulus_Arg_PISACowsMilk_10_page_6,483.3,189.8,1083.0
10454962,stimulus_Arg_PISACowsMilk_10_page_6,483.2,189.7,1083.0
10454963,stimulus_Arg_PISACowsMilk_10_page_6,483.2,189.5,1084.0
10454964,stimulus_Arg_PISACowsMilk_10_page_6,483.3,189.2,1084.0
10454965,stimulus_Arg_PISACowsMilk_10_page_6,483.4,189.1,1084.0
10454966,stimulus_Arg_PISACowsMilk_10_page_6,483.5,189.0,1082.0
10454967,stimulus_Arg_PISACowsMilk_10_page_6,483.5,189.2,1080.0
10454968,stimulus_Arg_PISACowsMilk_10_page_6,483.5,189.3,1080.0
10454969,stimulus_Arg_PISACowsMilk_10_page_6,483.5,189.4,1080.0
10454970,stimulus_Arg_PISACowsMilk_10_page_6,483.5,189.3,1081.0
10454971,stimulus_Arg_PISACowsMilk_10_page_6,483.4,189.2,1082.0
10454972,stimulus_Arg_PISACowsMilk_10_page_6,483.2,189.2,1082.0
10454973,stimulus_Arg_PISACowsMilk_10_page_6,483.0,189.2,1082.0
10454974,stimulus_Arg_PISACowsMilk_10_page_6,482.8,189.0,1082.0
10454975,stimulus_Arg_PISACowsMilk_10_page_6,482.8,188.9,1083.0
10454976,stimulus_Arg_PISACowsMilk_10_page_6,482.7,188.8,1083.0
10454977,stimulus_Arg_PISACowsMilk_10_page_6,482.7,188.8,1083.0
10454978,stimulus_Arg_PISACowsMilk_10_page_6,482.6,188.8,1083.0
10454979,stimulus_Arg_PISACowsMilk_10_page_6,482.5,188.9,1083.0
10454980,stimulus_Arg_PISACowsMilk_10_page_6,482.7,188.8,1084.0
10454981,stimulus_Arg_PISACowsMilk_10_page_6,483.0,188.7,1084.0
10454982,stimulus_Arg_PISACowsMilk_10_page_6,483.2,188.8,1084.0
10454983,stimulus_Arg_PISACowsMilk_10_page_6,483.3,189.0,1084.0
10454984,stimulus_Arg_PISACowsMilk_10_page_6,483.4,189.3,1083.0
10454985,stimulus_Arg_PISACowsMilk_10_page_6,483.6,189.4,1081.0
10454986,stimulus_Arg_PISACowsMilk_10_page_6,483.8,189.3,1081.0
10454987,stimulus_Arg_PISACowsMilk_10_page_6,483.7,189.2,1083.0
10454988,stimulus_Arg_PISACowsMilk_10_page_6,483.7,189.2,1084.0
10454989,stimulus_Arg_PISACowsMilk_10_page_6,483.5,189.2,1084.0
10454990,stimulus_Arg_PISACowsMilk_10_page_6,483.4,189.2,1084.0
10454991,stimulus_Arg_PISACowsMilk_10_page_6,483.2,189.2,1084.0
10454992,stimulus_Arg_PISACowsMilk_10_page_6,483.0,189.3,1084.0
10454993,stimulus_Arg_PISACowsMilk_10_page_6,482.8,189.5,1083.0
10454994,stimulus_Arg_PISACowsMilk_10_page_6,482.7,189.6,1083.0
10454995,stimulus_Arg_PISACowsMilk_10_page_6,482.9,189.7,1083.0
10454996,stimulus_Arg_PISACowsMilk_10_page_6,483.0,189.8,1083.0
10454997,stimulus_Arg_PISACowsMilk_10_page_6,483.4,190.0,1083.0
10454998,stimulus_Arg_PISACowsMilk_10_page_6,483.6,190.2,1083.0
10454999,stimulus_Arg_PISACowsMilk_10_page_6,483.8,190.1,1082.0
10455000,stimulus_Arg_PISACowsMilk_10_page_6,483.7,190.0,1082.0
10455001,stimulus_Arg_PISACowsMilk_10_page_6,483.7,189.9,1083.0
10455002,stimulus_Arg_PISACowsMilk_10_page_6,483.5,189.7,1083.0
10455003,stimulus_Arg_PISACowsMilk_10_page_6,483.3,189.6,1084.0
10455004,stimulus_Arg_PISACowsMilk_10_page_6,483.2,189.6,1084.0
10455005,stimulus_Arg_PISACowsMilk_10_page_6,483.1,189.7,1085.0
10455006,stimulus_Arg_PISACowsMilk_10_page_6,483.2,189.9,1085.0
10455007,stimulus_Arg_PISACowsMilk_10_page_6,483.3,190.2,1084.0
10455008,stimulus_Arg_PISACowsMilk_10_page_6,483.2,190.5,1084.0
10455009,stimulus_Arg_PISACowsMilk_10_page_6,483.0,190.4,1083.0
10455010,stimulus_Arg_PISACowsMilk_10_page_6,483.0,190.1,1083.0
10455011,stimulus_Arg_PISACowsMilk_10_page_6,483.0,189.9,1083.0
10455012,stimulus_Arg_PISACowsMilk_10_page_6,483.0,190.0,1083.0
10455013,stimulus_Arg_PISACowsMilk_10_page_6,483.2,190.2,1084.0
10455014,stimulus_Arg_PISACowsMilk_10_page_6,483.4,190.2,1084.0
10455015,stimulus_Arg_PISACowsMilk_10_page_6,483.4,190.0,1084.0
10455016,stimulus_Arg_PISACowsMilk_10_page_6,483.4,189.8,1084.0
10455017,stimulus_Arg_PISACowsMilk_10_page_6,483.3,189.7,1084.0
10455018,stimulus_Arg_PISACowsMilk_10_page_6,483.3,189.6,1085.0
10455019,stimulus_Arg_PISACowsMilk_10_page_6,483.3,189.7,1085.0
10455020,stimulus_Arg_PISACowsMilk_10_page_6,483.2,189.7,1085.0
10455021,stimulus_Arg_PISACowsMilk_10_page_6,483.1,189.6,1085.0
10455022,stimulus_Arg_PISACowsMilk_10_page_6,483.1,189.7,1086.0
10455023,stimulus_Arg_PISACowsMilk_10_page_6,483.2,189.7,1086.0
10455024,stimulus_Arg_PISACowsMilk_10_page_6,483.3,189.8,1086.0
10455025,stimulus_Arg_PISACowsMilk_10_page_6,483.1,189.9,1086.0
10455026,stimulus_Arg_PISACowsMilk_10_page_6,482.9,190.1,1086.0
10455027,stimulus_Arg_PISACowsMilk_10_page_6,482.8,190.2,1086.0
10455028,stimulus_Arg_PISACowsMilk_10_page_6,483.2,190.3,1086.0
10455029,stimulus_Arg_PISACowsMilk_10_page_6,483.7,190.2,1086.0
10455030,stimulus_Arg_PISACowsMilk_10_page_6,484.0,189.9,1086.0
10455031,stimulus_Arg_PISACowsMilk_10_page_6,484.0,189.5,1086.0
10455032,stimulus_Arg_PISACowsMilk_10_page_6,483.8,189.3,1086.0
10455033,stimulus_Arg_PISACowsMilk_10_page_6,483.6,189.2,1085.0
10455034,stimulus_Arg_PISACowsMilk_10_page_6,483.5,189.2,1085.0
10455035,stimulus_Arg_PISACowsMilk_10_page_6,483.4,189.4,1085.0
10455036,stimulus_Arg_PISACowsMilk_10_page_6,483.4,189.7,1085.0
10455037,stimulus_Arg_PISACowsMilk_10_page_6,483.4,189.9,1085.0
10455038,stimulus_Arg_PISACowsMilk_10_page_6,483.4,189.9,1085.0
10455039,stimulus_Arg_PISACowsMilk_10_page_6,483.4,190.0,1086.0
10455040,stimulus_Arg_PISACowsMilk_10_page_6,483.4,190.1,1088.0
10455041,stimulus_Arg_PISACowsMilk_10_page_6,483.3,190.2,1089.0
10455042,stimulus_Arg_PISACowsMilk_10_page_6,483.1,190.2,1089.0
10455043,stimulus_Arg_PISACowsMilk_10_page_6,482.9,190.2,1089.0
10455044,stimulus_Arg_PISACowsMilk_10_page_6,483.0,190.4,1089.0
10455045,stimulus_Arg_PISACowsMilk_10_page_6,483.3,190.6,1089.0
10455046,stimulus_Arg_PISACowsMilk_10_page_6,483.5,190.7,1089.0
10455047,stimulus_Arg_PISACowsMilk_10_page_6,483.4,190.7,1089.0
10455048,stimulus_Arg_PISACowsMilk_10_page_6,483.4,190.7,1089.0
10455049,stimulus_Arg_PISACowsMilk_10_page_6,483.3,190.7,1089.0
10455050,stimulus_Arg_PISACowsMilk_10_page_6,483.3,190.7,1089.0
10455051,stimulus_Arg_PISACowsMilk_10_page_6,483.3,190.6,1090.0
10455052,stimulus_Arg_PISACowsMilk_10_page_6,483.4,190.6,1091.0
10455053,stimulus_Arg_PISACowsMilk_10_page_6,483.4,190.5,1092.0
10455054,stimulus_Arg_PISACowsMilk_10_page_6,483.3,190.6,1092.0
10455055,stimulus_Arg_PISACowsMilk_10_page_6,483.2,190.6,1092.0
10455056,stimulus_Arg_PISACowsMilk_10_page_6,483.0,190.5,1091.0
10455057,stimulus_Arg_PISACowsMilk_10_page_6,482.9,190.4,1091.0
10455058,stimulus_Arg_PISACowsMilk_10_page_6,482.7,190.3,1091.0
10455059,stimulus_Arg_PISACowsMilk_10_page_6,483.0,190.5,1091.0
10455060,stimulus_Arg_PISACowsMilk_10_page_6,483.5,190.9,1092.0
10455061,stimulus_Arg_PISACowsMilk_10_page_6,484.3,191.4,1093.0
10455062,stimulus_Arg_PISACowsMilk_10_page_6,484.7,191.9,1093.0
10455063,stimulus_Arg_PISACowsMilk_10_page_6,485.0,192.5,1091.0
10455064,stimulus_Arg_PISACowsMilk_10_page_6,484.3,192.9,1089.0
10455065,stimulus_Arg_PISACowsMilk_10_page_6,482.0,192.4,1087.0
10455066,stimulus_Arg_PISACowsMilk_10_page_6,478.3,191.6,1087.0
10455067,stimulus_Arg_PISACowsMilk_10_page_6,474.0,190.6,1087.0
10455068,stimulus_Arg_PISACowsMilk_10_page_6,468.3,190.6,1086.0
10455069,stimulus_Arg_PISACowsMilk_10_page_6,460.9,190.8,1088.0
10455070,stimulus_Arg_PISACowsMilk_10_page_6,453.3,191.3,1091.0
10455071,stimulus_Arg_PISACowsMilk_10_page_6,444.8,191.7,1093.0
10455072,stimulus_Arg_PISACowsMilk_10_page_6,436.9,192.1,1094.0
10455073,stimulus_Arg_PISACowsMilk_10_page_6,427.0,192.8,1094.0
10455074,stimulus_Arg_PISACowsMilk_10_page_6,418.1,194.1,1095.0
10455075,stimulus_Arg_PISACowsMilk_10_page_6,409.4,195.4,1095.0
10455076,stimulus_Arg_PISACowsMilk_10_page_6,402.1,196.9,1095.0
10455077,stimulus_Arg_PISACowsMilk_10_page_6,396.5,197.9,1095.0
10455078,stimulus_Arg_PISACowsMilk_10_page_6,392.3,199.0,1095.0
10455079,stimulus_Arg_PISACowsMilk_10_page_6,389.1,199.1,1095.0
10455080,stimulus_Arg_PISACowsMilk_10_page_6,386.1,199.2,1095.0
10455081,stimulus_Arg_PISACowsMilk_10_page_6,383.4,200.1,1096.0
10455082,stimulus_Arg_PISACowsMilk_10_page_6,381.8,201.3,1096.0
10455083,stimulus_Arg_PISACowsMilk_10_page_6,381.8,202.3,1096.0
10455084,stimulus_Arg_PISACowsMilk_10_page_6,382.5,202.5,1095.0
10455085,stimulus_Arg_PISACowsMilk_10_page_6,383.2,202.4,1094.0
10455086,stimulus_Arg_PISACowsMilk_10_page_6,383.3,201.7,1095.0
10455087,stimulus_Arg_PISACowsMilk_10_page_6,383.8,200.5,1096.0
10455088,stimulus_Arg_PISACowsMilk_10_page_6,384.6,199.2,1097.0
10455089,stimulus_Arg_PISACowsMilk_10_page_6,385.4,198.2,1097.0
10455090,stimulus_Arg_PISACowsMilk_10_page_6,385.7,197.6,1097.0
10455091,stimulus_Arg_PISACowsMilk_10_page_6,385.7,197.0,1098.0
10455092,stimulus_Arg_PISACowsMilk_10_page_6,385.6,196.6,1098.0
10455093,stimulus_Arg_PISACowsMilk_10_page_6,385.8,196.2,1099.0
10455094,stimulus_Arg_PISACowsMilk_10_page_6,386.1,195.8,1099.0
10455095,stimulus_Arg_PISACowsMilk_10_page_6,386.9,195.5,1100.0
10455096,stimulus_Arg_PISACowsMilk_10_page_6,387.8,195.3,1100.0
10455097,stimulus_Arg_PISACowsMilk_10_page_6,389.3,195.4,1100.0
10455098,stimulus_Arg_PISACowsMilk_10_page_6,390.5,195.5,1100.0
10455099,stimulus_Arg_PISACowsMilk_10_page_6,391.2,195.6,1100.0
10455100,stimulus_Arg_PISACowsMilk_10_page_6,391.4,196.0,1099.0
10455101,stimulus_Arg_PISACowsMilk_10_page_6,391.4,196.5,1097.0
10455102,stimulus_Arg_PISACowsMilk_10_page_6,391.3,197.0,1096.0
10455103,stimulus_Arg_PISACowsMilk_10_page_6,391.2,197.7,1095.0
10455104,stimulus_Arg_PISACowsMilk_10_page_6,391.0,198.3,1094.0
10455105,stimulus_Arg_PISACowsMilk_10_page_6,390.6,198.9,1094.0
10455106,stimulus_Arg_PISACowsMilk_10_page_6,390.3,199.0,1093.0
10455107,stimulus_Arg_PISACowsMilk_10_page_6,389.5,199.1,1094.0
10455108,stimulus_Arg_PISACowsMilk_10_page_6,388.9,199.2,1095.0
10455109,stimulus_Arg_PISACowsMilk_10_page_6,388.4,199.1,1095.0
10455110,stimulus_Arg_PISACowsMilk_10_page_6,388.1,198.7,1095.0
10455111,stimulus_Arg_PISACowsMilk_10_page_6,387.7,198.3,1095.0
10455112,stimulus_Arg_PISACowsMilk_10_page_6,387.3,198.2,1095.0
10455113,stimulus_Arg_PISACowsMilk_10_page_6,387.1,198.5,1094.0
10455114,stimulus_Arg_PISACowsMilk_10_page_6,386.7,198.8,1093.0
10455115,stimulus_Arg_PISACowsMilk_10_page_6,386.3,199.3,1092.0
10455116,stimulus_Arg_PISACowsMilk_10_page_6,386.2,199.5,1093.0
10455117,stimulus_Arg_PISACowsMilk_10_page_6,386.4,199.8,1093.0
10455118,stimulus_Arg_PISACowsMilk_10_page_6,386.7,199.9,1093.0
10455119,stimulus_Arg_PISACowsMilk_10_page_6,386.7,200.0,1094.0
10455120,stimulus_Arg_PISACowsMilk_10_page_6,386.7,200.1,1094.0
10455121,stimulus_Arg_PISACowsMilk_10_page_6,386.7,200.3,1095.0
10455122,stimulus_Arg_PISACowsMilk_10_page_6,386.5,200.2,1095.0
10455123,stimulus_Arg_PISACowsMilk_10_page_6,386.4,200.0,1095.0
10455124,stimulus_Arg_PISACowsMilk_10_page_6,386.2,199.8,1095.0
10455125,stimulus_Arg_PISACowsMilk_10_page_6,386.0,199.6,1095.0
10455126,stimulus_Arg_PISACowsMilk_10_page_6,385.7,199.6,1095.0
10455127,stimulus_Arg_PISACowsMilk_10_page_6,385.4,199.4,1095.0
10455128,stimulus_Arg_PISACowsMilk_10_page_6,385.4,199.2,1095.0
10455129,stimulus_Arg_PISACowsMilk_10_page_6,385.4,199.1,1095.0
10455130,stimulus_Arg_PISACowsMilk_10_page_6,385.4,199.0,1095.0
10455131,stimulus_Arg_PISACowsMilk_10_page_6,385.4,199.0,1095.0
10455132,stimulus_Arg_PISACowsMilk_10_page_6,385.3,199.0,1096.0
10455133,stimulus_Arg_PISACowsMilk_10_page_6,385.1,199.0,1095.0
10455134,stimulus_Arg_PISACowsMilk_10_page_6,385.1,199.1,1095.0
10455135,stimulus_Arg_PISACowsMilk_10_page_6,385.2,199.3,1094.0
10455136,stimulus_Arg_PISACowsMilk_10_page_6,385.6,199.5,1094.0
10455137,stimulus_Arg_PISACowsMilk_10_page_6,385.9,199.5,1095.0
10455138,stimulus_Arg_PISACowsMilk_10_page_6,386.1,199.6,1096.0
10455139,stimulus_Arg_PISACowsMilk_10_page_6,386.1,199.7,1097.0
10455140,stimulus_Arg_PISACowsMilk_10_page_6,386.0,199.9,1097.0
10455141,stimulus_Arg_PISACowsMilk_10_page_6,385.9,200.1,1096.0
10455142,stimulus_Arg_PISACowsMilk_10_page_6,385.7,200.0,1096.0
10455143,stimulus_Arg_PISACowsMilk_10_page_6,385.6,199.9,1096.0
10455144,stimulus_Arg_PISACowsMilk_10_page_6,385.5,199.8,1097.0
10455145,stimulus_Arg_PISACowsMilk_10_page_6,385.5,199.9,1098.0
10455146,stimulus_Arg_PISACowsMilk_10_page_6,385.9,200.0,1098.0
10455147,stimulus_Arg_PISACowsMilk_10_page_6,386.2,200.1,1098.0
10455148,stimulus_Arg_PISACowsMilk_10_page_6,386.6,200.4,1097.0
10455149,stimulus_Arg_PISACowsMilk_10_page_6,386.4,200.6,1097.0
10455150,stimulus_Arg_PISACowsMilk_10_page_6,386.3,200.7,1097.0
10455151,stimulus_Arg_PISACowsMilk_10_page_6,386.2,200.7,1097.0
10455152,stimulus_Arg_PISACowsMilk_10_page_6,386.3,200.6,1097.0
10455153,stimulus_Arg_PISACowsMilk_10_page_6,386.1,200.6,1096.0
10455154,stimulus_Arg_PISACowsMilk_10_page_6,385.8,200.5,1096.0
10455155,stimulus_Arg_PISACowsMilk_10_page_6,385.6,200.4,1096.0
10455156,stimulus_Arg_PISACowsMilk_10_page_6,385.7,200.3,1097.0
10455157,stimulus_Arg_PISACowsMilk_10_page_6,385.8,200.3,1097.0
10455158,stimulus_Arg_PISACowsMilk_10_page_6,385.8,200.3,1098.0
10455159,stimulus_Arg_PISACowsMilk_10_page_6,385.9,200.3,1098.0
10455160,stimulus_Arg_PISACowsMilk_10_page_6,385.7,200.1,1098.0
10455161,stimulus_Arg_PISACowsMilk_10_page_6,385.5,199.9,1099.0
10455162,stimulus_Arg_PISACowsMilk_10_page_6,385.4,199.8,1099.0
10455163,stimulus_Arg_PISACowsMilk_10_page_6,385.5,200.0,1099.0
10455164,stimulus_Arg_PISACowsMilk_10_page_6,385.5,200.3,1099.0
10455165,stimulus_Arg_PISACowsMilk_10_page_6,385.3,200.5,1099.0
10455166,stimulus_Arg_PISACowsMilk_10_page_6,385.2,200.5,1099.0
10455167,stimulus_Arg_PISACowsMilk_10_page_6,385.1,200.3,1098.0
10455168,stimulus_Arg_PISACowsMilk_10_page_6,385.1,200.2,1098.0
10455169,stimulus_Arg_PISACowsMilk_10_page_6,385.1,200.1,1098.0
10455170,stimulus_Arg_PISACowsMilk_10_page_6,385.1,200.3,1098.0
10455171,stimulus_Arg_PISACowsMilk_10_page_6,385.1,200.4,1099.0
10455172,stimulus_Arg_PISACowsMilk_10_page_6,385.1,200.5,1098.0
10455173,stimulus_Arg_PISACowsMilk_10_page_6,384.8,200.5,1098.0
10455174,stimulus_Arg_PISACowsMilk_10_page_6,384.6,200.6,1097.0
10455175,stimulus_Arg_PISACowsMilk_10_page_6,384.3,200.6,1097.0
10455176,stimulus_Arg_PISACowsMilk_10_page_6,384.1,200.7,1097.0
10455177,stimulus_Arg_PISACowsMilk_10_page_6,384.0,200.7,1096.0
10455178,stimulus_Arg_PISACowsMilk_10_page_6,383.8,200.4,1097.0
10455179,stimulus_Arg_PISACowsMilk_10_page_6,383.8,199.8,1099.0
10455180,stimulus_Arg_PISACowsMilk_10_page_6,383.8,199.2,1100.0
10455181,stimulus_Arg_PISACowsMilk_10_page_6,383.7,198.9,1100.0
10455182,stimulus_Arg_PISACowsMilk_10_page_6,383.5,199.1,1100.0
10455183,stimulus_Arg_PISACowsMilk_10_page_6,383.2,199.3,1100.0
10455184,stimulus_Arg_PISACowsMilk_10_page_6,383.0,199.3,1100.0
10455185,stimulus_Arg_PISACowsMilk_10_page_6,382.9,199.2,1099.0
10455186,stimulus_Arg_PISACowsMilk_10_page_6,382.8,199.1,1098.0
10455187,stimulus_Arg_PISACowsMilk_10_page_6,382.8,199.0,1097.0
10455188,stimulus_Arg_PISACowsMilk_10_page_6,382.7,198.9,1097.0
10455189,stimulus_Arg_PISACowsMilk_10_page_6,382.7,198.9,1098.0
10455190,stimulus_Arg_PISACowsMilk_10_page_6,382.7,198.8,1098.0
10455191,stimulus_Arg_PISACowsMilk_10_page_6,382.7,198.6,1098.0
10455192,stimulus_Arg_PISACowsMilk_10_page_6,382.7,198.5,1098.0
10455193,stimulus_Arg_PISACowsMilk_10_page_6,382.4,198.4,1098.0
10455194,stimulus_Arg_PISACowsMilk_10_page_6,382.0,198.4,1097.0
10455195,stimulus_Arg_PISACowsMilk_10_page_6,381.6,198.4,1096.0
10455196,stimulus_Arg_PISACowsMilk_10_page_6,381.3,198.5,1096.0
10455197,stimulus_Arg_PISACowsMilk_10_page_6,381.3,198.7,1096.0
10455198,stimulus_Arg_PISACowsMilk_10_page_6,381.5,198.9,1096.0
10455199,stimulus_Arg_PISACowsMilk_10_page_6,381.8,198.9,1096.0
10455200,stimulus_Arg_PISACowsMilk_10_page_6,381.5,198.6,1096.0
10455201,stimulus_Arg_PISACowsMilk_10_page_6,381.2,198.5,1096.0
10455202,stimulus_Arg_PISACowsMilk_10_page_6,380.8,198.5,1097.0
10455203,stimulus_Arg_PISACowsMilk_10_page_6,380.8,198.6,1097.0
10455204,stimulus_Arg_PISACowsMilk_10_page_6,381.0,198.5,1096.0
10455205,stimulus_Arg_PISACowsMilk_10_page_6,381.5,198.5,1096.0
10455206,stimulus_Arg_PISACowsMilk_10_page_6,382.1,198.1,1096.0
10455207,stimulus_Arg_PISACowsMilk_10_page_6,382.4,197.8,1096.0
10455208,stimulus_Arg_PISACowsMilk_10_page_6,382.7,197.4,1096.0
10455209,stimulus_Arg_PISACowsMilk_10_page_6,382.9,197.6,1096.0
10455210,stimulus_Arg_PISACowsMilk_10_page_6,383.2,197.8,1096.0
10455211,stimulus_Arg_PISACowsMilk_10_page_6,383.4,198.0,1096.0
10455212,stimulus_Arg_PISACowsMilk_10_page_6,383.5,197.9,1095.0
10455213,stimulus_Arg_PISACowsMilk_10_page_6,383.3,197.9,1095.0
10455214,stimulus_Arg_PISACowsMilk_10_page_6,383.1,197.8,1095.0
10455215,stimulus_Arg_PISACowsMilk_10_page_6,382.8,197.7,1095.0
10455216,stimulus_Arg_PISACowsMilk_10_page_6,382.8,197.7,1094.0
10455217,stimulus_Arg_PISACowsMilk_10_page_6,382.8,197.7,1094.0
10455218,stimulus_Arg_PISACowsMilk_10_page_6,382.8,197.8,1092.0
10455219,stimulus_Arg_PISACowsMilk_10_page_6,382.8,198.1,1091.0
10455220,stimulus_Arg_PISACowsMilk_10_page_6,382.9,198.4,1092.0
10455221,stimulus_Arg_PISACowsMilk_10_page_6,383.2,198.5,1093.0
10455222,stimulus_Arg_PISACowsMilk_10_page_6,383.5,198.1,1094.0
10455223,stimulus_Arg_PISACowsMilk_10_page_6,383.8,197.8,1094.0
10455224,stimulus_Arg_PISACowsMilk_10_page_6,384.0,198.0,1092.0
10455225,stimulus_Arg_PISACowsMilk_10_page_6,384.2,198.4,1090.0
10455226,stimulus_Arg_PISACowsMilk_10_page_6,384.5,198.8,1089.0
10455227,stimulus_Arg_PISACowsMilk_10_page_6,384.6,198.6,1089.0
10455228,stimulus_Arg_PISACowsMilk_10_page_6,384.6,198.4,1089.0
10455229,stimulus_Arg_PISACowsMilk_10_page_6,384.6,198.3,1090.0
10455230,stimulus_Arg_PISACowsMilk_10_page_6,384.5,198.3,1090.0
10455231,stimulus_Arg_PISACowsMilk_10_page_6,384.7,198.4,1090.0
10455232,stimulus_Arg_PISACowsMilk_10_page_6,385.0,198.3,1090.0
10455233,stimulus_Arg_PISACowsMilk_10_page_6,385.2,198.2,1090.0
10455234,stimulus_Arg_PISACowsMilk_10_page_6,385.1,198.1,1089.0
10455235,stimulus_Arg_PISACowsMilk_10_page_6,385.0,198.0,1089.0
10455236,stimulus_Arg_PISACowsMilk_10_page_6,385.0,198.3,1089.0
10455237,stimulus_Arg_PISACowsMilk_10_page_6,384.8,198.6,1089.0
10455238,stimulus_Arg_PISACowsMilk_10_page_6,385.0,199.1,1089.0
10455239,stimulus_Arg_PISACowsMilk_10_page_6,385.3,199.2,1088.0
10455240,stimulus_Arg_PISACowsMilk_10_page_6,385.6,199.1,1087.0
10455241,stimulus_Arg_PISACowsMilk_10_page_6,385.6,198.7,1088.0
10455242,stimulus_Arg_PISACowsMilk_10_page_6,385.5,198.4,1089.0
10455243,stimulus_Arg_PISACowsMilk_10_page_6,385.5,198.5,1090.0
10455244,stimulus_Arg_PISACowsMilk_10_page_6,385.6,198.7,1089.0
10455245,stimulus_Arg_PISACowsMilk_10_page_6,385.4,198.7,1088.0
10455246,stimulus_Arg_PISACowsMilk_10_page_6,385.1,198.7,1088.0
10455247,stimulus_Arg_PISACowsMilk_10_page_6,384.8,198.6,1088.0
10455248,stimulus_Arg_PISACowsMilk_10_page_6,384.8,198.5,1089.0
10455249,stimulus_Arg_PISACowsMilk_10_page_6,384.7,198.4,1091.0
10455250,stimulus_Arg_PISACowsMilk_10_page_6,384.6,198.3,1092.0
10455251,stimulus_Arg_PISACowsMilk_10_page_6,384.6,198.2,1093.0
10455252,stimulus_Arg_PISACowsMilk_10_page_6,384.7,198.2,1093.0
10455253,stimulus_Arg_PISACowsMilk_10_page_6,385.0,198.2,1093.0
10455254,stimulus_Arg_PISACowsMilk_10_page_6,385.4,198.3,1092.0
10455255,stimulus_Arg_PISACowsMilk_10_page_6,385.7,198.3,1092.0
10455256,stimulus_Arg_PISACowsMilk_10_page_6,385.8,198.3,1093.0
10455257,stimulus_Arg_PISACowsMilk_10_page_6,385.8,198.3,1093.0
10455258,stimulus_Arg_PISACowsMilk_10_page_6,385.8,198.3,1092.0
10455259,stimulus_Arg_PISACowsMilk_10_page_6,385.8,198.3,1091.0
10455260,stimulus_Arg_PISACowsMilk_10_page_6,385.8,198.3,1090.0
10455261,stimulus_Arg_PISACowsMilk_10_page_6,385.8,198.2,1090.0
10455262,stimulus_Arg_PISACowsMilk_10_page_6,385.7,198.1,1090.0
10455263,stimulus_Arg_PISACowsMilk_10_page_6,385.5,198.1,1090.0
10455264,stimulus_Arg_PISACowsMilk_10_page_6,385.1,198.1,1089.0
10455265,stimulus_Arg_PISACowsMilk_10_page_6,384.9,198.1,1088.0
10455266,stimulus_Arg_PISACowsMilk_10_page_6,384.6,198.0,1088.0
10455267,stimulus_Arg_PISACowsMilk_10_page_6,384.6,198.1,1088.0
10455268,stimulus_Arg_PISACowsMilk_10_page_6,384.6,198.2,1088.0
10455269,stimulus_Arg_PISACowsMilk_10_page_6,384.6,198.3,1088.0
10455270,stimulus_Arg_PISACowsMilk_10_page_6,384.6,198.3,1088.0
10455271,stimulus_Arg_PISACowsMilk_10_page_6,384.7,198.3,1088.0
10455272,stimulus_Arg_PISACowsMilk_10_page_6,384.1,198.3,1088.0
10455273,stimulus_Arg_PISACowsMilk_10_page_6,383.4,198.2,1088.0
10455274,stimulus_Arg_PISACowsMilk_10_page_6,382.6,198.2,1088.0
10455275,stimulus_Arg_PISACowsMilk_10_page_6,382.1,198.2,1088.0
10455276,stimulus_Arg_PISACowsMilk_10_page_6,381.6,198.6,1089.0
10455277,stimulus_Arg_PISACowsMilk_10_page_6,381.1,198.9,1090.0
10455278,stimulus_Arg_PISACowsMilk_10_page_6,380.1,199.2,1090.0
10455279,stimulus_Arg_PISACowsMilk_10_page_6,376.8,198.9,1091.0
10455280,stimulus_Arg_PISACowsMilk_10_page_6,372.0,198.1,1091.0
10455281,stimulus_Arg_PISACowsMilk_10_page_6,365.1,197.4,1091.0
10455282,stimulus_Arg_PISACowsMilk_10_page_6,357.5,197.0,1091.0
10455283,stimulus_Arg_PISACowsMilk_10_page_6,349.3,196.9,1091.0
10455284,stimulus_Arg_PISACowsMilk_10_page_6,340.8,197.0,1091.0
10455285,stimulus_Arg_PISACowsMilk_10_page_6,332.3,197.5,1091.0
10455286,stimulus_Arg_PISACowsMilk_10_page_6,322.5,197.8,1090.0
10455287,stimulus_Arg_PISACowsMilk_10_page_6,312.2,198.6,1090.0
10455288,stimulus_Arg_PISACowsMilk_10_page_6,303.2,198.9,1090.0
10455289,stimulus_Arg_PISACowsMilk_10_page_6,295.8,199.4,1091.0
10455290,stimulus_Arg_PISACowsMilk_10_page_6,290.4,199.0,1092.0
10455291,stimulus_Arg_PISACowsMilk_10_page_6,285.8,198.4,1093.0
10455292,stimulus_Arg_PISACowsMilk_10_page_6,281.8,197.8,1091.0
10455293,stimulus_Arg_PISACowsMilk_10_page_6,278.5,197.9,1090.0
10455294,stimulus_Arg_PISACowsMilk_10_page_6,275.8,198.4,1088.0
10455295,stimulus_Arg_PISACowsMilk_10_page_6,274.1,198.9,1088.0
10455296,stimulus_Arg_PISACowsMilk_10_page_6,273.3,198.6,1088.0
10455297,stimulus_Arg_PISACowsMilk_10_page_6,272.9,198.1,1088.0
10455298,stimulus_Arg_PISACowsMilk_10_page_6,272.5,196.9,1088.0
10455299,stimulus_Arg_PISACowsMilk_10_page_6,272.0,196.1,1088.0
10455300,stimulus_Arg_PISACowsMilk_10_page_6,271.5,195.3,1088.0
10455301,stimulus_Arg_PISACowsMilk_10_page_6,271.0,195.1,1088.0
10455302,stimulus_Arg_PISACowsMilk_10_page_6,270.9,195.2,1088.0
10455303,stimulus_Arg_PISACowsMilk_10_page_6,270.8,195.6,1087.0
10455304,stimulus_Arg_PISACowsMilk_10_page_6,270.9,196.3,1085.0
10455305,stimulus_Arg_PISACowsMilk_10_page_6,271.0,197.0,1083.0
10455306,stimulus_Arg_PISACowsMilk_10_page_6,271.2,197.5,1082.0
10455307,stimulus_Arg_PISACowsMilk_10_page_6,271.3,197.7,1082.0
10455308,stimulus_Arg_PISACowsMilk_10_page_6,271.7,197.7,1083.0
10455309,stimulus_Arg_PISACowsMilk_10_page_6,272.4,197.7,1085.0
10455310,stimulus_Arg_PISACowsMilk_10_page_6,273.5,197.6,1088.0
10455311,stimulus_Arg_PISACowsMilk_10_page_6,274.3,197.7,1089.0
10455312,stimulus_Arg_PISACowsMilk_10_page_6,275.5,197.7,1088.0
10455313,stimulus_Arg_PISACowsMilk_10_page_6,276.3,197.6,1088.0
10455314,stimulus_Arg_PISACowsMilk_10_page_6,277.2,197.3,1087.0
10455315,stimulus_Arg_PISACowsMilk_10_page_6,277.4,196.7,1087.0
10455316,stimulus_Arg_PISACowsMilk_10_page_6,277.6,196.2,1087.0
10455317,stimulus_Arg_PISACowsMilk_10_page_6,277.6,195.9,1086.0
10455318,stimulus_Arg_PISACowsMilk_10_page_6,277.4,195.8,1084.0
10455319,stimulus_Arg_PISACowsMilk_10_page_6,277.4,195.6,1081.0
10455320,stimulus_Arg_PISACowsMilk_10_page_6,277.4,195.5,1081.0
10455321,stimulus_Arg_PISACowsMilk_10_page_6,277.1,195.4,1082.0
10455322,stimulus_Arg_PISACowsMilk_10_page_6,276.6,195.4,1083.0
10455323,stimulus_Arg_PISACowsMilk_10_page_6,276.1,195.3,1082.0
10455324,stimulus_Arg_PISACowsMilk_10_page_6,275.6,195.3,1081.0
10455325,stimulus_Arg_PISACowsMilk_10_page_6,275.1,195.4,1080.0
10455326,stimulus_Arg_PISACowsMilk_10_page_6,274.8,195.5,1080.0
10455327,stimulus_Arg_PISACowsMilk_10_page_6,274.7,195.6,1080.0
10455328,stimulus_Arg_PISACowsMilk_10_page_6,274.6,195.6,1080.0
10455329,stimulus_Arg_PISACowsMilk_10_page_6,274.3,195.7,1080.0
10455330,stimulus_Arg_PISACowsMilk_10_page_6,274.0,195.7,1080.0
10455331,stimulus_Arg_PISACowsMilk_10_page_6,273.5,195.6,1081.0
10455332,stimulus_Arg_PISACowsMilk_10_page_6,273.2,195.5,1081.0
10455333,stimulus_Arg_PISACowsMilk_10_page_6,272.8,195.5,1081.0
10455334,stimulus_Arg_PISACowsMilk_10_page_6,272.8,195.5,1081.0
10455335,stimulus_Arg_PISACowsMilk_10_page_6,272.9,195.8,1081.0
10455336,stimulus_Arg_PISACowsMilk_10_page_6,273.2,196.3,1081.0
10455337,stimulus_Arg_PISACowsMilk_10_page_6,273.6,196.7,1080.0
10455338,stimulus_Arg_PISACowsMilk_10_page_6,273.8,196.8,1080.0
10455339,stimulus_Arg_PISACowsMilk_10_page_6,273.8,196.7,1080.0
10455340,stimulus_Arg_PISACowsMilk_10_page_6,273.7,196.7,1079.0
10455341,stimulus_Arg_PISACowsMilk_10_page_6,273.7,196.8,1079.0
10455342,stimulus_Arg_PISACowsMilk_10_page_6,273.7,196.9,1079.0
10455343,stimulus_Arg_PISACowsMilk_10_page_6,273.8,196.8,1079.0
10455344,stimulus_Arg_PISACowsMilk_10_page_6,273.8,196.8,1079.0
10455345,stimulus_Arg_PISACowsMilk_10_page_6,273.8,196.7,1079.0
10455346,stimulus_Arg_PISACowsMilk_10_page_6,273.7,196.6,1079.0
10455347,stimulus_Arg_PISACowsMilk_10_page_6,273.7,196.6,1078.0
10455348,stimulus_Arg_PISACowsMilk_10_page_6,273.7,196.7,1078.0
10455349,stimulus_Arg_PISACowsMilk_10_page_6,273.7,196.8,1077.0
10455350,stimulus_Arg_PISACowsMilk_10_page_6,273.7,196.9,1077.0
10455351,stimulus_Arg_PISACowsMilk_10_page_6,273.8,196.9,1077.0
10455352,stimulus_Arg_PISACowsMilk_10_page_6,273.9,196.9,1077.0
10455353,stimulus_Arg_PISACowsMilk_10_page_6,273.9,196.9,1077.0
10455354,stimulus_Arg_PISACowsMilk_10_page_6,274.1,196.9,1077.0
10455355,stimulus_Arg_PISACowsMilk_10_page_6,274.2,196.9,1077.0
10455356,stimulus_Arg_PISACowsMilk_10_page_6,274.3,197.0,1076.0
10455357,stimulus_Arg_PISACowsMilk_10_page_6,274.2,197.1,1076.0
10455358,stimulus_Arg_PISACowsMilk_10_page_6,274.1,197.2,1076.0
10455359,stimulus_Arg_PISACowsMilk_10_page_6,273.8,197.1,1076.0
10455360,stimulus_Arg_PISACowsMilk_10_page_6,273.7,196.9,1077.0
10455361,stimulus_Arg_PISACowsMilk_10_page_6,273.6,196.9,1076.0
10455362,stimulus_Arg_PISACowsMilk_10_page_6,273.6,197.1,1075.0
10455363,stimulus_Arg_PISACowsMilk_10_page_6,273.6,197.6,1075.0
10455364,stimulus_Arg_PISACowsMilk_10_page_6,273.6,197.8,1074.0
10455365,stimulus_Arg_PISACowsMilk_10_page_6,273.6,198.0,1074.0
10455366,stimulus_Arg_PISACowsMilk_10_page_6,273.6,198.0,1074.0
10455367,stimulus_Arg_PISACowsMilk_10_page_6,273.6,197.9,1074.0
10455368,stimulus_Arg_PISACowsMilk_10_page_6,273.5,197.7,1075.0
10455369,stimulus_Arg_PISACowsMilk_10_page_6,273.5,197.4,1075.0
10455370,stimulus_Arg_PISACowsMilk_10_page_6,273.4,197.3,1075.0
10455371,stimulus_Arg_PISACowsMilk_10_page_6,273.3,197.5,1075.0
10455372,stimulus_Arg_PISACowsMilk_10_page_6,273.3,197.9,1076.0
10455373,stimulus_Arg_PISACowsMilk_10_page_6,273.4,198.1,1076.0
10455374,stimulus_Arg_PISACowsMilk_10_page_6,273.5,198.0,1076.0
10455375,stimulus_Arg_PISACowsMilk_10_page_6,273.5,197.8,1075.0
10455376,stimulus_Arg_PISACowsMilk_10_page_6,273.5,197.7,1074.0
10455377,stimulus_Arg_PISACowsMilk_10_page_6,273.5,197.6,1074.0
10455378,stimulus_Arg_PISACowsMilk_10_page_6,273.5,197.6,1075.0
10455379,stimulus_Arg_PISACowsMilk_10_page_6,273.3,197.6,1076.0
10455380,stimulus_Arg_PISACowsMilk_10_page_6,273.1,197.5,1077.0
10455381,stimulus_Arg_PISACowsMilk_10_page_6,272.9,197.6,1078.0
10455382,stimulus_Arg_PISACowsMilk_10_page_6,272.8,197.8,1077.0
10455383,stimulus_Arg_PISACowsMilk_10_page_6,272.8,198.0,1076.0
10455384,stimulus_Arg_PISACowsMilk_10_page_6,273.2,198.2,1076.0
10455385,stimulus_Arg_PISACowsMilk_10_page_6,273.5,198.3,1076.0
10455386,stimulus_Arg_PISACowsMilk_10_page_6,273.9,198.4,1077.0
10455387,stimulus_Arg_PISACowsMilk_10_page_6,273.9,198.4,1077.0
10455388,stimulus_Arg_PISACowsMilk_10_page_6,273.9,198.4,1077.0
10455389,stimulus_Arg_PISACowsMilk_10_page_6,273.8,198.4,1077.0
10455390,stimulus_Arg_PISACowsMilk_10_page_6,273.7,198.4,1077.0
10455391,stimulus_Arg_PISACowsMilk_10_page_6,273.6,198.4,1077.0
10455392,stimulus_Arg_PISACowsMilk_10_page_6,273.6,198.3,1078.0
10455393,stimulus_Arg_PISACowsMilk_10_page_6,273.6,198.2,1078.0
10455394,stimulus_Arg_PISACowsMilk_10_page_6,273.5,198.1,1079.0
10455395,stimulus_Arg_PISACowsMilk_10_page_6,273.5,198.1,1079.0
10455396,stimulus_Arg_PISACowsMilk_10_page_6,273.4,198.1,1078.0
10455397,stimulus_Arg_PISACowsMilk_10_page_6,273.5,198.0,1077.0
10455398,stimulus_Arg_PISACowsMilk_10_page_6,273.5,198.0,1076.0
10455399,stimulus_Arg_PISACowsMilk_10_page_6,273.3,198.0,1076.0
10455400,stimulus_Arg_PISACowsMilk_10_page_6,273.1,198.1,1076.0
10455401,stimulus_Arg_PISACowsMilk_10_page_6,273.0,198.1,1075.0
10455402,stimulus_Arg_PISACowsMilk_10_page_6,273.0,198.1,1075.0
10455403,stimulus_Arg_PISACowsMilk_10_page_6,273.0,198.1,1075.0
10455404,stimulus_Arg_PISACowsMilk_10_page_6,273.3,198.1,1074.0
10455405,stimulus_Arg_PISACowsMilk_10_page_6,273.5,198.0,1073.0
10455406,stimulus_Arg_PISACowsMilk_10_page_6,273.8,198.0,1073.0
10455407,stimulus_Arg_PISACowsMilk_10_page_6,273.6,198.2,1073.0
10455408,stimulus_Arg_PISACowsMilk_10_page_6,273.4,198.5,1072.0
10455409,stimulus_Arg_PISACowsMilk_10_page_6,273.7,198.8,1072.0
10455410,stimulus_Arg_PISACowsMilk_10_page_6,274.0,198.8,1072.0
10455411,stimulus_Arg_PISACowsMilk_10_page_6,274.4,198.8,1073.0
10455412,stimulus_Arg_PISACowsMilk_10_page_6,274.3,198.9,1074.0
10455413,stimulus_Arg_PISACowsMilk_10_page_6,274.2,199.1,1074.0
10455414,stimulus_Arg_PISACowsMilk_10_page_6,274.1,199.2,1072.0
10455415,stimulus_Arg_PISACowsMilk_10_page_6,273.9,199.2,1071.0
10455416,stimulus_Arg_PISACowsMilk_10_page_6,273.8,199.3,1071.0
10455417,stimulus_Arg_PISACowsMilk_10_page_6,273.8,199.4,1070.0
10455418,stimulus_Arg_PISACowsMilk_10_page_6,273.9,199.4,1069.0
10455419,stimulus_Arg_PISACowsMilk_10_page_6,274.0,199.4,1069.0
10455420,stimulus_Arg_PISACowsMilk_10_page_6,274.3,199.4,1069.0
10455421,stimulus_Arg_PISACowsMilk_10_page_6,274.5,199.5,1068.0
10455422,stimulus_Arg_PISACowsMilk_10_page_6,274.6,199.6,1068.0
10455423,stimulus_Arg_PISACowsMilk_10_page_6,274.7,199.8,1069.0
10455424,stimulus_Arg_PISACowsMilk_10_page_6,274.7,199.9,1068.0
10455425,stimulus_Arg_PISACowsMilk_10_page_6,274.7,200.0,1068.0
10455426,stimulus_Arg_PISACowsMilk_10_page_6,274.7,200.0,1067.0
10455427,stimulus_Arg_PISACowsMilk_10_page_6,274.7,200.3,1066.0
10455428,stimulus_Arg_PISACowsMilk_10_page_6,274.6,200.6,1065.0
10455429,stimulus_Arg_PISACowsMilk_10_page_6,274.6,200.7,1065.0
10455430,stimulus_Arg_PISACowsMilk_10_page_6,274.7,200.5,1066.0
10455431,stimulus_Arg_PISACowsMilk_10_page_6,274.7,200.2,1066.0
10455432,stimulus_Arg_PISACowsMilk_10_page_6,274.6,200.6,1067.0
10455433,stimulus_Arg_PISACowsMilk_10_page_6,274.4,201.1,1066.0
10455434,stimulus_Arg_PISACowsMilk_10_page_6,274.2,201.3,1066.0
10455435,stimulus_Arg_PISACowsMilk_10_page_6,274.1,201.0,1066.0
10455436,stimulus_Arg_PISACowsMilk_10_page_6,274.1,200.8,1066.0
10455437,stimulus_Arg_PISACowsMilk_10_page_6,274.2,200.8,1066.0
10455438,stimulus_Arg_PISACowsMilk_10_page_6,274.4,200.9,1066.0
10455439,stimulus_Arg_PISACowsMilk_10_page_6,274.6,201.0,1066.0
10455440,stimulus_Arg_PISACowsMilk_10_page_6,274.6,201.4,1066.0
10455441,stimulus_Arg_PISACowsMilk_10_page_6,274.6,201.7,1066.0
10455442,stimulus_Arg_PISACowsMilk_10_page_6,274.3,202.0,1066.0
10455443,stimulus_Arg_PISACowsMilk_10_page_6,274.1,202.0,1066.0
10455444,stimulus_Arg_PISACowsMilk_10_page_6,273.9,201.5,1066.0
10455445,stimulus_Arg_PISACowsMilk_10_page_6,274.1,201.0,1066.0
10455446,stimulus_Arg_PISACowsMilk_10_page_6,274.4,200.6,1066.0
10455447,stimulus_Arg_PISACowsMilk_10_page_6,274.7,200.6,1067.0
10455448,stimulus_Arg_PISACowsMilk_10_page_6,274.8,200.6,1066.0
10455449,stimulus_Arg_PISACowsMilk_10_page_6,274.8,200.8,1066.0
10455450,stimulus_Arg_PISACowsMilk_10_page_6,275.1,201.0,1066.0
10455451,stimulus_Arg_PISACowsMilk_10_page_6,275.4,201.2,1066.0
10455452,stimulus_Arg_PISACowsMilk_10_page_6,275.7,201.3,1067.0
10455453,stimulus_Arg_PISACowsMilk_10_page_6,275.7,201.2,1067.0
10455454,stimulus_Arg_PISACowsMilk_10_page_6,275.3,201.1,1067.0
10455455,stimulus_Arg_PISACowsMilk_10_page_6,275.0,200.8,1066.0
10455456,stimulus_Arg_PISACowsMilk_10_page_6,274.7,200.6,1066.0
10455457,stimulus_Arg_PISACowsMilk_10_page_6,274.7,200.4,1066.0
10455458,stimulus_Arg_PISACowsMilk_10_page_6,274.6,200.5,1066.0
10455459,stimulus_Arg_PISACowsMilk_10_page_6,274.2,200.6,1065.0
10455460,stimulus_Arg_PISACowsMilk_10_page_6,274.0,200.6,1066.0
10455461,stimulus_Arg_PISACowsMilk_10_page_6,273.9,200.8,1066.0
10455462,stimulus_Arg_PISACowsMilk_10_page_6,274.1,201.0,1066.0
10455463,stimulus_Arg_PISACowsMilk_10_page_6,274.4,201.2,1066.0
10455464,stimulus_Arg_PISACowsMilk_10_page_6,274.4,201.4,1066.0
10455465,stimulus_Arg_PISACowsMilk_10_page_6,274.4,201.6,1066.0
10455466,stimulus_Arg_PISACowsMilk_10_page_6,274.4,201.8,1066.0
10455467,stimulus_Arg_PISACowsMilk_10_page_6,274.5,201.8,1066.0
10455468,stimulus_Arg_PISACowsMilk_10_page_6,274.6,201.8,1066.0
10455469,stimulus_Arg_PISACowsMilk_10_page_6,274.6,201.8,1066.0
10455470,stimulus_Arg_PISACowsMilk_10_page_6,274.7,201.6,1066.0
10455471,stimulus_Arg_PISACowsMilk_10_page_6,274.7,201.3,1066.0
10455472,stimulus_Arg_PISACowsMilk_10_page_6,274.6,201.2,1065.0
10455473,stimulus_Arg_PISACowsMilk_10_page_6,274.4,201.3,1065.0
10455474,stimulus_Arg_PISACowsMilk_10_page_6,274.1,201.3,1064.0
10455475,stimulus_Arg_PISACowsMilk_10_page_6,273.8,201.2,1064.0
10455476,stimulus_Arg_PISACowsMilk_10_page_6,273.6,201.4,1064.0
10455477,stimulus_Arg_PISACowsMilk_10_page_6,273.7,201.6,1064.0
10455478,stimulus_Arg_PISACowsMilk_10_page_6,274.0,201.5,1064.0
10455479,stimulus_Arg_PISACowsMilk_10_page_6,275.3,201.3,1065.0
10455480,stimulus_Arg_PISACowsMilk_10_page_6,278.0,201.5,1065.0
10455481,stimulus_Arg_PISACowsMilk_10_page_6,282.9,202.4,1067.0
10455482,stimulus_Arg_PISACowsMilk_10_page_6,289.2,203.4,1070.0
10455483,stimulus_Arg_PISACowsMilk_10_page_6,298.3,203.4,1072.0
10455484,stimulus_Arg_PISACowsMilk_10_page_6,309.0,203.4,1073.0
10455485,stimulus_Arg_PISACowsMilk_10_page_6,322.1,203.6,1073.0
10455486,stimulus_Arg_PISACowsMilk_10_page_6,335.5,204.5,1073.0
10455487,stimulus_Arg_PISACowsMilk_10_page_6,350.4,204.3,1075.0
10455488,stimulus_Arg_PISACowsMilk_10_page_6,366.1,204.1,1077.0
10455489,stimulus_Arg_PISACowsMilk_10_page_6,383.1,202.8,1081.0
10455490,stimulus_Arg_PISACowsMilk_10_page_6,399.5,201.9,1084.0
10455491,stimulus_Arg_PISACowsMilk_10_page_6,416.1,200.3,1086.0
10455492,stimulus_Arg_PISACowsMilk_10_page_6,432.3,198.3,1087.0
10455493,stimulus_Arg_PISACowsMilk_10_page_6,449.7,196.0,1088.0
10455494,stimulus_Arg_PISACowsMilk_10_page_6,467.4,193.9,1088.0
10455495,stimulus_Arg_PISACowsMilk_10_page_6,484.0,192.2,1088.0
10455496,stimulus_Arg_PISACowsMilk_10_page_6,499.1,190.6,1087.0
10455497,stimulus_Arg_PISACowsMilk_10_page_6,511.5,188.5,1087.0
10455498,stimulus_Arg_PISACowsMilk_10_page_6,524.7,186.8,1086.0
10455499,stimulus_Arg_PISACowsMilk_10_page_6,537.9,185.1,1084.0
10455500,stimulus_Arg_PISACowsMilk_10_page_6,551.8,183.4,1080.0
10455501,stimulus_Arg_PISACowsMilk_10_page_6,563.8,182.1,1075.0
10455502,stimulus_Arg_PISACowsMilk_10_page_6,576.0,181.6,1072.0
10455503,stimulus_Arg_PISACowsMilk_10_page_6,587.8,181.7,1070.0
10455504,stimulus_Arg_PISACowsMilk_10_page_6,599.5,181.9,1067.0
10455505,stimulus_Arg_PISACowsMilk_10_page_6,610.7,181.5,1063.0
10455506,stimulus_Arg_PISACowsMilk_10_page_6,621.3,181.3,1061.0
10455507,stimulus_Arg_PISACowsMilk_10_page_6,632.2,181.1,1058.0
10455508,stimulus_Arg_PISACowsMilk_10_page_6,643.1,181.1,1056.0
10455509,stimulus_Arg_PISACowsMilk_10_page_6,653.5,181.0,1056.0
10455510,stimulus_Arg_PISACowsMilk_10_page_6,663.9,180.8,1057.0
10455511,stimulus_Arg_PISACowsMilk_10_page_6,672.4,180.6,1057.0
10455512,stimulus_Arg_PISACowsMilk_10_page_6,679.5,180.5,1055.0
10455513,stimulus_Arg_PISACowsMilk_10_page_6,684.9,180.5,1053.0
10455514,stimulus_Arg_PISACowsMilk_10_page_6,688.9,180.8,1052.0
10455515,stimulus_Arg_PISACowsMilk_10_page_6,691.9,181.1,1051.0
10455516,stimulus_Arg_PISACowsMilk_10_page_6,693.9,181.8,1050.0
10455517,stimulus_Arg_PISACowsMilk_10_page_6,695.4,182.5,1050.0
10455518,stimulus_Arg_PISACowsMilk_10_page_6,696.1,183.5,1052.0
10455519,stimulus_Arg_PISACowsMilk_10_page_6,696.3,183.9,1053.0
10455520,stimulus_Arg_PISACowsMilk_10_page_6,696.1,184.8,1055.0
10455521,stimulus_Arg_PISACowsMilk_10_page_6,695.9,185.5,1055.0
10455522,stimulus_Arg_PISACowsMilk_10_page_6,695.3,186.8,1056.0
10455523,stimulus_Arg_PISACowsMilk_10_page_6,694.8,187.6,1056.0
10455524,stimulus_Arg_PISACowsMilk_10_page_6,693.9,188.5,1055.0
10455525,stimulus_Arg_PISACowsMilk_10_page_6,693.1,188.8,1055.0
10455526,stimulus_Arg_PISACowsMilk_10_page_6,692.1,189.1,1056.0
10455527,stimulus_Arg_PISACowsMilk_10_page_6,691.2,189.3,1057.0
10455528,stimulus_Arg_PISACowsMilk_10_page_6,690.4,189.5,1059.0
10455529,stimulus_Arg_PISACowsMilk_10_page_6,689.5,189.6,1059.0
10455530,stimulus_Arg_PISACowsMilk_10_page_6,688.8,189.5,1059.0
10455531,stimulus_Arg_PISACowsMilk_10_page_6,688.4,189.5,1060.0
10455532,stimulus_Arg_PISACowsMilk_10_page_6,688.5,189.3,1060.0
10455533,stimulus_Arg_PISACowsMilk_10_page_6,688.7,189.0,1061.0
10455534,stimulus_Arg_PISACowsMilk_10_page_6,689.4,188.6,1061.0
10455535,stimulus_Arg_PISACowsMilk_10_page_6,690.3,188.4,1061.0
10455536,stimulus_Arg_PISACowsMilk_10_page_6,691.1,188.2,1060.0
10455537,stimulus_Arg_PISACowsMilk_10_page_6,691.8,188.1,1060.0
10455538,stimulus_Arg_PISACowsMilk_10_page_6,692.8,188.0,1060.0
10455539,stimulus_Arg_PISACowsMilk_10_page_6,694.2,187.8,1060.0
10455540,stimulus_Arg_PISACowsMilk_10_page_6,695.2,187.6,1060.0
10455541,stimulus_Arg_PISACowsMilk_10_page_6,696.1,187.4,1060.0
10455542,stimulus_Arg_PISACowsMilk_10_page_6,696.6,187.1,1060.0
10455543,stimulus_Arg_PISACowsMilk_10_page_6,697.2,187.0,1059.0
10455544,stimulus_Arg_PISACowsMilk_10_page_6,697.4,187.1,1058.0
10455545,stimulus_Arg_PISACowsMilk_10_page_6,698.1,187.2,1057.0
10455546,stimulus_Arg_PISACowsMilk_10_page_6,698.6,187.2,1057.0
10455547,stimulus_Arg_PISACowsMilk_10_page_6,699.0,187.3,1058.0
10455548,stimulus_Arg_PISACowsMilk_10_page_6,699.0,187.2,1058.0
10455549,stimulus_Arg_PISACowsMilk_10_page_6,698.9,187.3,1057.0
10455550,stimulus_Arg_PISACowsMilk_10_page_6,698.9,187.5,1056.0
10455551,stimulus_Arg_PISACowsMilk_10_page_6,699.1,187.7,1056.0
10455552,stimulus_Arg_PISACowsMilk_10_page_6,699.3,187.8,1055.0
10455553,stimulus_Arg_PISACowsMilk_10_page_6,699.3,188.1,1055.0
10455554,stimulus_Arg_PISACowsMilk_10_page_6,699.3,188.3,1054.0
10455555,stimulus_Arg_PISACowsMilk_10_page_6,699.3,188.5,1054.0
10455556,stimulus_Arg_PISACowsMilk_10_page_6,699.0,188.5,1054.0
10455557,stimulus_Arg_PISACowsMilk_10_page_6,698.6,188.9,1054.0
10455558,stimulus_Arg_PISACowsMilk_10_page_6,698.2,189.4,1054.0
10455559,stimulus_Arg_PISACowsMilk_10_page_6,697.9,189.8,1054.0
10455560,stimulus_Arg_PISACowsMilk_10_page_6,697.7,189.8,1053.0
10455561,stimulus_Arg_PISACowsMilk_10_page_6,697.4,189.9,1053.0
10455562,stimulus_Arg_PISACowsMilk_10_page_6,697.1,190.0,1053.0
10455563,stimulus_Arg_PISACowsMilk_10_page_6,697.0,190.1,1052.0
10455564,stimulus_Arg_PISACowsMilk_10_page_6,696.9,190.1,1052.0
10455565,stimulus_Arg_PISACowsMilk_10_page_6,696.8,190.0,1052.0
10455566,stimulus_Arg_PISACowsMilk_10_page_6,696.7,189.9,1052.0
10455567,stimulus_Arg_PISACowsMilk_10_page_6,696.6,189.8,1053.0
10455568,stimulus_Arg_PISACowsMilk_10_page_6,696.4,189.8,1053.0
10455569,stimulus_Arg_PISACowsMilk_10_page_6,696.4,189.9,1054.0
10455570,stimulus_Arg_PISACowsMilk_10_page_6,696.4,189.8,1054.0
10455571,stimulus_Arg_PISACowsMilk_10_page_6,696.5,190.1,1054.0
10455572,stimulus_Arg_PISACowsMilk_10_page_6,696.6,190.4,1053.0
10455573,stimulus_Arg_PISACowsMilk_10_page_6,696.6,190.6,1053.0
10455574,stimulus_Arg_PISACowsMilk_10_page_6,696.7,190.7,1052.0
10455575,stimulus_Arg_PISACowsMilk_10_page_6,696.9,190.8,1051.0
10455576,stimulus_Arg_PISACowsMilk_10_page_6,696.8,190.9,1051.0
10455577,stimulus_Arg_PISACowsMilk_10_page_6,696.6,190.8,1052.0
10455578,stimulus_Arg_PISACowsMilk_10_page_6,696.2,190.9,1052.0
10455579,stimulus_Arg_PISACowsMilk_10_page_6,696.2,190.9,1052.0
10455580,stimulus_Arg_PISACowsMilk_10_page_6,696.2,190.8,1051.0
10455581,stimulus_Arg_PISACowsMilk_10_page_6,696.3,190.6,1050.0
10455582,stimulus_Arg_PISACowsMilk_10_page_6,696.3,190.3,1049.0
10455583,stimulus_Arg_PISACowsMilk_10_page_6,696.4,190.2,1049.0
10455584,stimulus_Arg_PISACowsMilk_10_page_6,696.6,190.1,1049.0
10455585,stimulus_Arg_PISACowsMilk_10_page_6,696.9,190.1,1048.0
10455586,stimulus_Arg_PISACowsMilk_10_page_6,697.0,190.1,1047.0
10455587,stimulus_Arg_PISACowsMilk_10_page_6,697.3,190.3,1046.0
10455588,stimulus_Arg_PISACowsMilk_10_page_6,697.6,190.6,1046.0
10455589,stimulus_Arg_PISACowsMilk_10_page_6,698.2,190.8,1046.0
10455590,stimulus_Arg_PISACowsMilk_10_page_6,698.6,191.0,1047.0
10455591,stimulus_Arg_PISACowsMilk_10_page_6,698.8,191.1,1047.0
10455592,stimulus_Arg_PISACowsMilk_10_page_6,698.5,191.1,1047.0
10455593,stimulus_Arg_PISACowsMilk_10_page_6,698.2,191.1,1047.0
10455594,stimulus_Arg_PISACowsMilk_10_page_6,698.2,191.2,1046.0
10455595,stimulus_Arg_PISACowsMilk_10_page_6,698.6,191.3,1046.0
10455596,stimulus_Arg_PISACowsMilk_10_page_6,699.1,191.1,1046.0
10455597,stimulus_Arg_PISACowsMilk_10_page_6,699.2,190.9,1045.0
10455598,stimulus_Arg_PISACowsMilk_10_page_6,699.0,190.6,1045.0
10455599,stimulus_Arg_PISACowsMilk_10_page_6,698.7,190.9,1045.0
10455600,stimulus_Arg_PISACowsMilk_10_page_6,698.6,191.1,1046.0
10455601,stimulus_Arg_PISACowsMilk_10_page_6,698.6,191.4,1046.0
10455602,stimulus_Arg_PISACowsMilk_10_page_6,698.8,191.5,1047.0
10455603,stimulus_Arg_PISACowsMilk_10_page_6,699.1,191.3,1048.0
10455604,stimulus_Arg_PISACowsMilk_10_page_6,699.5,191.1,1048.0
10455605,stimulus_Arg_PISACowsMilk_10_page_6,699.8,190.8,1048.0
10455606,stimulus_Arg_PISACowsMilk_10_page_6,700.1,190.6,1048.0
10455607,stimulus_Arg_PISACowsMilk_10_page_6,700.0,190.5,1049.0
10455608,stimulus_Arg_PISACowsMilk_10_page_6,699.8,190.4,1050.0
10455609,stimulus_Arg_PISACowsMilk_10_page_6,699.5,190.3,1050.0
10455610,stimulus_Arg_PISACowsMilk_10_page_6,699.3,190.2,1050.0
10455611,stimulus_Arg_PISACowsMilk_10_page_6,699.2,190.1,1051.0
10455612,stimulus_Arg_PISACowsMilk_10_page_6,698.9,190.1,1051.0
10455613,stimulus_Arg_PISACowsMilk_10_page_6,698.6,190.1,1051.0
10455614,stimulus_Arg_PISACowsMilk_10_page_6,698.6,190.1,1050.0
10455615,stimulus_Arg_PISACowsMilk_10_page_6,698.9,190.2,1049.0
10455616,stimulus_Arg_PISACowsMilk_10_page_6,699.3,190.3,1049.0
10455617,stimulus_Arg_PISACowsMilk_10_page_6,699.3,190.1,1049.0
10455618,stimulus_Arg_PISACowsMilk_10_page_6,699.2,189.9,1050.0
10455619,stimulus_Arg_PISACowsMilk_10_page_6,699.1,189.8,1050.0
10455620,stimulus_Arg_PISACowsMilk_10_page_6,699.1,189.9,1050.0
10455621,stimulus_Arg_PISACowsMilk_10_page_6,699.1,190.0,1050.0
10455622,stimulus_Arg_PISACowsMilk_10_page_6,698.8,190.1,1050.0
10455623,stimulus_Arg_PISACowsMilk_10_page_6,698.5,190.0,1049.0
10455624,stimulus_Arg_PISACowsMilk_10_page_6,698.2,189.9,1049.0
10455625,stimulus_Arg_PISACowsMilk_10_page_6,698.2,189.8,1048.0
10455626,stimulus_Arg_PISACowsMilk_10_page_6,698.3,189.8,1049.0
10455627,stimulus_Arg_PISACowsMilk_10_page_6,698.3,189.8,1050.0
10455628,stimulus_Arg_PISACowsMilk_10_page_6,698.3,189.8,1051.0
10455629,stimulus_Arg_PISACowsMilk_10_page_6,698.4,189.8,1052.0
10455630,stimulus_Arg_PISACowsMilk_10_page_6,698.4,189.8,1052.0
10455631,stimulus_Arg_PISACowsMilk_10_page_6,698.7,189.6,1053.0
10455632,stimulus_Arg_PISACowsMilk_10_page_6,698.9,189.5,1053.0
10455633,stimulus_Arg_PISACowsMilk_10_page_6,699.1,189.5,1053.0
10455634,stimulus_Arg_PISACowsMilk_10_page_6,698.7,189.7,1053.0
10455635,stimulus_Arg_PISACowsMilk_10_page_6,698.4,190.0,1053.0
10455636,stimulus_Arg_PISACowsMilk_10_page_6,698.0,190.2,1053.0
10455637,stimulus_Arg_PISACowsMilk_10_page_6,698.0,190.2,1053.0
10455638,stimulus_Arg_PISACowsMilk_10_page_6,698.0,190.2,1053.0
10455639,stimulus_Arg_PISACowsMilk_10_page_6,698.0,190.2,1053.0
10455640,stimulus_Arg_PISACowsMilk_10_page_6,698.0,190.2,1053.0
10455641,stimulus_Arg_PISACowsMilk_10_page_6,698.0,190.2,1054.0
10455642,stimulus_Arg_PISACowsMilk_10_page_6,697.9,190.3,1053.0
10455643,stimulus_Arg_PISACowsMilk_10_page_6,697.9,190.3,1052.0
10455644,stimulus_Arg_PISACowsMilk_10_page_6,697.9,190.2,1051.0
10455645,stimulus_Arg_PISACowsMilk_10_page_6,697.9,190.3,1051.0
10455646,stimulus_Arg_PISACowsMilk_10_page_6,698.2,190.4,1051.0
10455647,stimulus_Arg_PISACowsMilk_10_page_6,698.4,190.7,1052.0
10455648,stimulus_Arg_PISACowsMilk_10_page_6,698.7,190.8,1052.0
10455649,stimulus_Arg_PISACowsMilk_10_page_6,698.7,190.9,1053.0
10455650,stimulus_Arg_PISACowsMilk_10_page_6,698.6,190.9,1052.0
10455651,stimulus_Arg_PISACowsMilk_10_page_6,698.2,190.9,1052.0
10455652,stimulus_Arg_PISACowsMilk_10_page_6,697.8,190.9,1052.0
10455653,stimulus_Arg_PISACowsMilk_10_page_6,697.7,190.9,1052.0
10455654,stimulus_Arg_PISACowsMilk_10_page_6,697.8,190.9,1052.0
10455655,stimulus_Arg_PISACowsMilk_10_page_6,697.9,191.0,1052.0
10455656,stimulus_Arg_PISACowsMilk_10_page_6,697.9,191.0,1052.0
10455657,stimulus_Arg_PISACowsMilk_10_page_6,697.9,190.9,1051.0
10455658,stimulus_Arg_PISACowsMilk_10_page_6,697.9,190.9,1051.0
10455659,stimulus_Arg_PISACowsMilk_10_page_6,698.0,190.9,1052.0
10455660,stimulus_Arg_PISACowsMilk_10_page_6,698.1,190.9,1052.0
10455661,stimulus_Arg_PISACowsMilk_10_page_6,698.2,190.9,1053.0
10455662,stimulus_Arg_PISACowsMilk_10_page_6,698.1,191.0,1053.0
10455663,stimulus_Arg_PISACowsMilk_10_page_6,698.0,191.2,1052.0
10455664,stimulus_Arg_PISACowsMilk_10_page_6,698.0,191.4,1051.0
10455665,stimulus_Arg_PISACowsMilk_10_page_6,698.0,191.5,1050.0
10455666,stimulus_Arg_PISACowsMilk_10_page_6,698.1,191.5,1051.0
10455667,stimulus_Arg_PISACowsMilk_10_page_6,698.3,191.6,1051.0
10455668,stimulus_Arg_PISACowsMilk_10_page_6,698.3,191.7,1051.0
10455669,stimulus_Arg_PISACowsMilk_10_page_6,698.4,191.7,1051.0
10455670,stimulus_Arg_PISACowsMilk_10_page_6,698.4,191.6,1052.0
10455671,stimulus_Arg_PISACowsMilk_10_page_6,698.4,191.2,1053.0
10455672,stimulus_Arg_PISACowsMilk_10_page_6,698.3,190.9,1053.0
10455673,stimulus_Arg_PISACowsMilk_10_page_6,698.3,190.6,1053.0
10455674,stimulus_Arg_PISACowsMilk_10_page_6,698.2,190.7,1052.0
10455675,stimulus_Arg_PISACowsMilk_10_page_6,698.3,190.7,1051.0
10455676,stimulus_Arg_PISACowsMilk_10_page_6,698.4,190.7,1051.0
10455677,stimulus_Arg_PISACowsMilk_10_page_6,698.5,190.8,1051.0
10455678,stimulus_Arg_PISACowsMilk_10_page_6,698.5,190.8,1050.0
10455679,stimulus_Arg_PISACowsMilk_10_page_6,698.5,190.9,1049.0
10455680,stimulus_Arg_PISACowsMilk_10_page_6,698.6,191.1,1048.0
10455681,stimulus_Arg_PISACowsMilk_10_page_6,698.6,191.5,1049.0
10455682,stimulus_Arg_PISACowsMilk_10_page_6,698.7,192.0,1049.0
10455683,stimulus_Arg_PISACowsMilk_10_page_6,698.8,192.4,1050.0
10455684,stimulus_Arg_PISACowsMilk_10_page_6,698.9,192.6,1050.0
10455685,stimulus_Arg_PISACowsMilk_10_page_6,699.0,192.7,1050.0
10455686,stimulus_Arg_PISACowsMilk_10_page_6,699.0,192.6,1050.0
10455687,stimulus_Arg_PISACowsMilk_10_page_6,699.0,192.4,1051.0
10455688,stimulus_Arg_PISACowsMilk_10_page_6,698.9,192.1,1052.0
10455689,stimulus_Arg_PISACowsMilk_10_page_6,698.8,191.7,1053.0
10455690,stimulus_Arg_PISACowsMilk_10_page_6,698.7,191.4,1052.0
10455691,stimulus_Arg_PISACowsMilk_10_page_6,699.0,191.1,1052.0
10455692,stimulus_Arg_PISACowsMilk_10_page_6,699.2,191.2,1051.0
10455693,stimulus_Arg_PISACowsMilk_10_page_6,699.5,191.2,1052.0
10455694,stimulus_Arg_PISACowsMilk_10_page_6,699.5,191.2,1052.0
10455695,stimulus_Arg_PISACowsMilk_10_page_6,699.4,191.3,1052.0
10455696,stimulus_Arg_PISACowsMilk_10_page_6,699.3,191.4,1052.0
10455697,stimulus_Arg_PISACowsMilk_10_page_6,699.3,191.4,1052.0
10455698,stimulus_Arg_PISACowsMilk_10_page_6,699.3,191.5,1052.0
10455699,stimulus_Arg_PISACowsMilk_10_page_6,699.4,191.6,1052.0
10455700,stimulus_Arg_PISACowsMilk_10_page_6,699.4,191.7,1052.0
10455701,stimulus_Arg_PISACowsMilk_10_page_6,699.3,191.9,1052.0
10455702,stimulus_Arg_PISACowsMilk_10_page_6,699.1,192.1,1052.0
10455703,stimulus_Arg_PISACowsMilk_10_page_6,699.0,192.1,1052.0
10455704,stimulus_Arg_PISACowsMilk_10_page_6,699.0,191.8,1052.0
10455705,stimulus_Arg_PISACowsMilk_10_page_6,699.0,191.7,1052.0
10455706,stimulus_Arg_PISACowsMilk_10_page_6,699.5,191.8,1051.0
10455707,stimulus_Arg_PISACowsMilk_10_page_6,700.7,192.0,1050.0
10455708,stimulus_Arg_PISACowsMilk_10_page_6,702.8,192.5,1050.0
10455709,stimulus_Arg_PISACowsMilk_10_page_6,705.8,193.2,1051.0
10455710,stimulus_Arg_PISACowsMilk_10_page_6,709.6,194.1,1053.0
10455711,stimulus_Arg_PISACowsMilk_10_page_6,713.3,194.8,1054.0
10455712,stimulus_Arg_PISACowsMilk_10_page_6,717.9,195.4,1055.0
10455713,stimulus_Arg_PISACowsMilk_10_page_6,724.2,195.9,1056.0
10455714,stimulus_Arg_PISACowsMilk_10_page_6,731.9,196.7,1056.0
10455715,stimulus_Arg_PISACowsMilk_10_page_6,741.5,197.6,1055.0
10455716,stimulus_Arg_PISACowsMilk_10_page_6,750.2,198.4,1055.0
10455717,stimulus_Arg_PISACowsMilk_10_page_6,758.6,199.0,1054.0
10455718,stimulus_Arg_PISACowsMilk_10_page_6,765.2,199.6,1053.0
10455719,stimulus_Arg_PISACowsMilk_10_page_6,771.7,199.1,1054.0
10455720,stimulus_Arg_PISACowsMilk_10_page_6,777.5,197.9,1054.0
10455721,stimulus_Arg_PISACowsMilk_10_page_6,781.3,196.4,1054.0
10455722,stimulus_Arg_PISACowsMilk_10_page_6,783.5,195.8,1053.0
10455723,stimulus_Arg_PISACowsMilk_10_page_6,784.8,195.4,1050.0
10455724,stimulus_Arg_PISACowsMilk_10_page_6,785.5,195.1,1048.0
10455725,stimulus_Arg_PISACowsMilk_10_page_6,785.6,194.4,1047.0
10455726,stimulus_Arg_PISACowsMilk_10_page_6,785.1,193.8,1047.0
10455727,stimulus_Arg_PISACowsMilk_10_page_6,783.4,192.8,1046.0
10455728,stimulus_Arg_PISACowsMilk_10_page_6,781.1,192.3,1045.0
10455729,stimulus_Arg_PISACowsMilk_10_page_6,778.2,191.9,1044.0
10455730,stimulus_Arg_PISACowsMilk_10_page_6,775.6,192.0,1045.0
10455731,stimulus_Arg_PISACowsMilk_10_page_6,773.1,192.6,1047.0
10455732,stimulus_Arg_PISACowsMilk_10_page_6,770.8,193.2,1047.0
10455733,stimulus_Arg_PISACowsMilk_10_page_6,769.0,194.0,1047.0
10455734,stimulus_Arg_PISACowsMilk_10_page_6,767.6,194.4,1048.0
10455735,stimulus_Arg_PISACowsMilk_10_page_6,766.7,195.2,1049.0
10455736,stimulus_Arg_PISACowsMilk_10_page_6,766.1,195.8,1051.0
10455737,stimulus_Arg_PISACowsMilk_10_page_6,765.8,196.9,1051.0
10455738,stimulus_Arg_PISACowsMilk_10_page_6,766.1,197.3,1050.0
10455739,stimulus_Arg_PISACowsMilk_10_page_6,766.2,198.1,1051.0
10455740,stimulus_Arg_PISACowsMilk_10_page_6,766.7,198.6,1051.0
10455741,stimulus_Arg_PISACowsMilk_10_page_6,767.1,199.2,1052.0
10455742,stimulus_Arg_PISACowsMilk_10_page_6,768.1,199.2,1052.0
10455743,stimulus_Arg_PISACowsMilk_10_page_6,769.0,199.1,1052.0
10455744,stimulus_Arg_PISACowsMilk_10_page_6,769.7,199.0,1052.0
10455745,stimulus_Arg_PISACowsMilk_10_page_6,769.8,198.8,1052.0
10455746,stimulus_Arg_PISACowsMilk_10_page_6,770.1,198.6,1052.0
10455747,stimulus_Arg_PISACowsMilk_10_page_6,770.4,198.0,1053.0
10455748,stimulus_Arg_PISACowsMilk_10_page_6,770.9,197.6,1053.0
10455749,stimulus_Arg_PISACowsMilk_10_page_6,771.1,197.2,1054.0
10455750,stimulus_Arg_PISACowsMilk_10_page_6,771.3,197.3,1054.0
10455751,stimulus_Arg_PISACowsMilk_10_page_6,771.6,197.3,1055.0
10455752,stimulus_Arg_PISACowsMilk_10_page_6,771.9,197.2,1056.0
10455753,stimulus_Arg_PISACowsMilk_10_page_6,772.1,197.1,1056.0
10455754,stimulus_Arg_PISACowsMilk_10_page_6,772.1,196.9,1056.0
10455755,stimulus_Arg_PISACowsMilk_10_page_6,772.2,196.7,1055.0
10455756,stimulus_Arg_PISACowsMilk_10_page_6,772.4,197.1,1055.0
10455757,stimulus_Arg_PISACowsMilk_10_page_6,772.6,197.6,1056.0
10455758,stimulus_Arg_PISACowsMilk_10_page_6,772.7,198.2,1056.0
10455759,stimulus_Arg_PISACowsMilk_10_page_6,772.7,198.4,1056.0
10455760,stimulus_Arg_PISACowsMilk_10_page_6,772.7,198.6,1056.0
10455761,stimulus_Arg_PISACowsMilk_10_page_6,772.6,198.6,1056.0
10455762,stimulus_Arg_PISACowsMilk_10_page_6,772.7,198.7,1056.0
10455763,stimulus_Arg_PISACowsMilk_10_page_6,772.9,198.7,1056.0
10455764,stimulus_Arg_PISACowsMilk_10_page_6,773.2,198.8,1057.0
10455765,stimulus_Arg_PISACowsMilk_10_page_6,773.4,198.9,1057.0
10455766,stimulus_Arg_PISACowsMilk_10_page_6,773.5,199.0,1057.0
10455767,stimulus_Arg_PISACowsMilk_10_page_6,773.5,198.8,1057.0
10455768,stimulus_Arg_PISACowsMilk_10_page_6,773.5,198.7,1057.0
10455769,stimulus_Arg_PISACowsMilk_10_page_6,773.5,198.7,1056.0
10455770,stimulus_Arg_PISACowsMilk_10_page_6,773.4,198.8,1056.0
10455771,stimulus_Arg_PISACowsMilk_10_page_6,773.3,199.0,1057.0
10455772,stimulus_Arg_PISACowsMilk_10_page_6,773.2,199.0,1058.0
10455773,stimulus_Arg_PISACowsMilk_10_page_6,773.1,199.0,1058.0
10455774,stimulus_Arg_PISACowsMilk_10_page_6,773.0,199.1,1058.0
10455775,stimulus_Arg_PISACowsMilk_10_page_6,773.2,199.1,1058.0
10455776,stimulus_Arg_PISACowsMilk_10_page_6,773.4,199.2,1058.0
10455777,stimulus_Arg_PISACowsMilk_10_page_6,773.6,199.2,1058.0
10455778,stimulus_Arg_PISACowsMilk_10_page_6,773.6,199.1,1058.0
10455779,stimulus_Arg_PISACowsMilk_10_page_6,773.5,199.1,1059.0
10455780,stimulus_Arg_PISACowsMilk_10_page_6,773.4,199.2,1059.0
10455781,stimulus_Arg_PISACowsMilk_10_page_6,773.4,199.3,1059.0
10455782,stimulus_Arg_PISACowsMilk_10_page_6,773.3,199.8,1058.0
10455783,stimulus_Arg_PISACowsMilk_10_page_6,773.3,200.0,1057.0
10455784,stimulus_Arg_PISACowsMilk_10_page_6,773.3,200.2,1057.0
10455785,stimulus_Arg_PISACowsMilk_10_page_6,773.6,200.2,1058.0
10455786,stimulus_Arg_PISACowsMilk_10_page_6,773.9,200.2,1059.0
10455787,stimulus_Arg_PISACowsMilk_10_page_6,774.3,200.1,1059.0
10455788,stimulus_Arg_PISACowsMilk_10_page_6,774.4,200.0,1059.0
10455789,stimulus_Arg_PISACowsMilk_10_page_6,774.5,199.9,1059.0
10455790,stimulus_Arg_PISACowsMilk_10_page_6,774.5,199.9,1060.0
10455791,stimulus_Arg_PISACowsMilk_10_page_6,774.2,199.8,1061.0
10455792,stimulus_Arg_PISACowsMilk_10_page_6,773.9,199.7,1061.0
10455793,stimulus_Arg_PISACowsMilk_10_page_6,773.6,199.6,1061.0
10455794,stimulus_Arg_PISACowsMilk_10_page_6,773.6,199.6,1061.0
10455795,stimulus_Arg_PISACowsMilk_10_page_6,773.5,199.4,1061.0
10455796,stimulus_Arg_PISACowsMilk_10_page_6,773.5,199.3,1061.0
10455797,stimulus_Arg_PISACowsMilk_10_page_6,773.5,199.4,1061.0
10455798,stimulus_Arg_PISACowsMilk_10_page_6,773.6,199.5,1063.0
10455799,stimulus_Arg_PISACowsMilk_10_page_6,773.7,199.8,1064.0
10455800,stimulus_Arg_PISACowsMilk_10_page_6,774.1,200.2,1065.0
10455801,stimulus_Arg_PISACowsMilk_10_page_6,774.3,200.7,1065.0
10455802,stimulus_Arg_PISACowsMilk_10_page_6,774.6,200.8,1064.0
10455803,stimulus_Arg_PISACowsMilk_10_page_6,775.1,200.8,1064.0
10455804,stimulus_Arg_PISACowsMilk_10_page_6,775.6,200.9,1064.0
10455805,stimulus_Arg_PISACowsMilk_10_page_6,775.3,201.2,1064.0
10455806,stimulus_Arg_PISACowsMilk_10_page_6,774.7,201.4,1063.0
10455807,stimulus_Arg_PISACowsMilk_10_page_6,774.1,201.5,1063.0
10455808,stimulus_Arg_PISACowsMilk_10_page_6,774.2,201.3,1062.0
10455809,stimulus_Arg_PISACowsMilk_10_page_6,774.2,201.0,1062.0
10455810,stimulus_Arg_PISACowsMilk_10_page_6,774.3,200.5,1062.0
10455811,stimulus_Arg_PISACowsMilk_10_page_6,774.2,200.2,1063.0
10455812,stimulus_Arg_PISACowsMilk_10_page_6,774.2,199.9,1064.0
10455813,stimulus_Arg_PISACowsMilk_10_page_6,774.2,199.7,1065.0
10455814,stimulus_Arg_PISACowsMilk_10_page_6,774.3,199.9,1064.0
10455815,stimulus_Arg_PISACowsMilk_10_page_6,774.4,200.2,1062.0
10455816,stimulus_Arg_PISACowsMilk_10_page_6,774.4,200.3,1061.0
10455817,stimulus_Arg_PISACowsMilk_10_page_6,774.5,200.2,1062.0
10455818,stimulus_Arg_PISACowsMilk_10_page_6,774.6,200.0,1062.0
10455819,stimulus_Arg_PISACowsMilk_10_page_6,774.8,200.1,1061.0
10455820,stimulus_Arg_PISACowsMilk_10_page_6,774.8,200.0,1061.0
10455821,stimulus_Arg_PISACowsMilk_10_page_6,774.9,199.8,1060.0
10455822,stimulus_Arg_PISACowsMilk_10_page_6,774.7,199.7,1060.0
10455823,stimulus_Arg_PISACowsMilk_10_page_6,774.4,199.8,1060.0
10455824,stimulus_Arg_PISACowsMilk_10_page_6,774.1,199.9,1060.0
10455825,stimulus_Arg_PISACowsMilk_10_page_6,773.9,200.0,1060.0
10455826,stimulus_Arg_PISACowsMilk_10_page_6,773.5,200.0,1060.0
10455827,stimulus_Arg_PISACowsMilk_10_page_6,773.3,200.1,1059.0
10455828,stimulus_Arg_PISACowsMilk_10_page_6,773.6,200.1,1060.0
10455829,stimulus_Arg_PISACowsMilk_10_page_6,774.0,200.1,1060.0
10455830,stimulus_Arg_PISACowsMilk_10_page_6,774.2,200.1,1061.0
10455831,stimulus_Arg_PISACowsMilk_10_page_6,773.9,200.2,1062.0
10455832,stimulus_Arg_PISACowsMilk_10_page_6,774.0,200.2,1062.0
10455833,stimulus_Arg_PISACowsMilk_10_page_6,774.2,200.2,1061.0
10455834,stimulus_Arg_PISACowsMilk_10_page_6,774.5,200.2,1061.0
10455835,stimulus_Arg_PISACowsMilk_10_page_6,774.4,200.2,1060.0
10455836,stimulus_Arg_PISACowsMilk_10_page_6,774.5,200.6,1060.0
10455837,stimulus_Arg_PISACowsMilk_10_page_6,774.7,200.9,1060.0
10455838,stimulus_Arg_PISACowsMilk_10_page_6,774.9,201.3,1060.0
10455839,stimulus_Arg_PISACowsMilk_10_page_6,774.9,201.3,1061.0
10455840,stimulus_Arg_PISACowsMilk_10_page_6,774.8,201.4,1062.0
10455841,stimulus_Arg_PISACowsMilk_10_page_6,775.1,201.5,1063.0
10455842,stimulus_Arg_PISACowsMilk_10_page_6,775.4,201.5,1063.0
10455843,stimulus_Arg_PISACowsMilk_10_page_6,775.7,201.5,1064.0
10455844,stimulus_Arg_PISACowsMilk_10_page_6,775.8,201.5,1064.0
10455845,stimulus_Arg_PISACowsMilk_10_page_6,775.9,201.5,1064.0
10455846,stimulus_Arg_PISACowsMilk_10_page_6,775.7,201.4,1063.0
10455847,stimulus_Arg_PISACowsMilk_10_page_6,775.5,201.3,1063.0
10455848,stimulus_Arg_PISACowsMilk_10_page_6,775.4,201.1,1063.0
10455849,stimulus_Arg_PISACowsMilk_10_page_6,775.5,201.0,1064.0
10455850,stimulus_Arg_PISACowsMilk_10_page_6,775.5,201.1,1065.0
10455851,stimulus_Arg_PISACowsMilk_10_page_6,775.5,201.4,1065.0
10455852,stimulus_Arg_PISACowsMilk_10_page_6,775.5,201.8,1065.0
10455853,stimulus_Arg_PISACowsMilk_10_page_6,775.6,202.0,1065.0
10455854,stimulus_Arg_PISACowsMilk_10_page_6,775.9,202.2,1066.0
10455855,stimulus_Arg_PISACowsMilk_10_page_6,776.3,202.4,1067.0
10455856,stimulus_Arg_PISACowsMilk_10_page_6,776.6,202.7,1067.0
10455857,stimulus_Arg_PISACowsMilk_10_page_6,776.7,202.8,1066.0
10455858,stimulus_Arg_PISACowsMilk_10_page_6,776.6,202.8,1066.0
10455859,stimulus_Arg_PISACowsMilk_10_page_6,776.5,202.5,1067.0
10455860,stimulus_Arg_PISACowsMilk_10_page_6,776.3,202.1,1067.0
10455861,stimulus_Arg_PISACowsMilk_10_page_6,776.3,201.9,1068.0
10455862,stimulus_Arg_PISACowsMilk_10_page_6,776.1,201.7,1068.0
10455863,stimulus_Arg_PISACowsMilk_10_page_6,776.0,202.0,1069.0
10455864,stimulus_Arg_PISACowsMilk_10_page_6,776.1,202.2,1068.0
10455865,stimulus_Arg_PISACowsMilk_10_page_6,776.2,202.4,1068.0
10455866,stimulus_Arg_PISACowsMilk_10_page_6,776.4,202.4,1067.0
10455867,stimulus_Arg_PISACowsMilk_10_page_6,776.4,202.4,1067.0
10455868,stimulus_Arg_PISACowsMilk_10_page_6,776.4,202.5,1068.0
10455869,stimulus_Arg_PISACowsMilk_10_page_6,776.2,202.5,1068.0
10455870,stimulus_Arg_PISACowsMilk_10_page_6,776.1,202.4,1069.0
10455871,stimulus_Arg_PISACowsMilk_10_page_6,776.0,202.4,1069.0
10455872,stimulus_Arg_PISACowsMilk_10_page_6,776.2,202.5,1069.0
10455873,stimulus_Arg_PISACowsMilk_10_page_6,776.7,202.8,1069.0
10455874,stimulus_Arg_PISACowsMilk_10_page_6,777.1,202.8,1068.0
10455875,stimulus_Arg_PISACowsMilk_10_page_6,779.0,202.2,1068.0
10455876,stimulus_Arg_PISACowsMilk_10_page_6,782.6,201.7,1068.0
10455877,stimulus_Arg_PISACowsMilk_10_page_6,788.3,201.5,1068.0
10455878,stimulus_Arg_PISACowsMilk_10_page_6,794.3,202.4,1068.0
10455879,stimulus_Arg_PISACowsMilk_10_page_6,801.6,203.4,1069.0
10455880,stimulus_Arg_PISACowsMilk_10_page_6,809.3,204.3,1071.0
10455881,stimulus_Arg_PISACowsMilk_10_page_6,818.4,204.6,1073.0
10455882,stimulus_Arg_PISACowsMilk_10_page_6,827.4,204.7,1073.0
10455883,stimulus_Arg_PISACowsMilk_10_page_6,836.8,204.8,1073.0
10455884,stimulus_Arg_PISACowsMilk_10_page_6,845.9,204.0,1073.0
10455885,stimulus_Arg_PISACowsMilk_10_page_6,854.7,202.8,1073.0
10455886,stimulus_Arg_PISACowsMilk_10_page_6,862.4,201.6,1070.0
10455887,stimulus_Arg_PISACowsMilk_10_page_6,869.0,200.4,1068.0
10455888,stimulus_Arg_PISACowsMilk_10_page_6,874.4,199.7,1066.0
10455889,stimulus_Arg_PISACowsMilk_10_page_6,878.8,199.0,1066.0
10455890,stimulus_Arg_PISACowsMilk_10_page_6,883.4,199.0,1065.0
10455891,stimulus_Arg_PISACowsMilk_10_page_6,887.6,198.7,1064.0
10455892,stimulus_Arg_PISACowsMilk_10_page_6,890.9,198.2,1062.0
10455893,stimulus_Arg_PISACowsMilk_10_page_6,892.3,197.5,1061.0
10455894,stimulus_Arg_PISACowsMilk_10_page_6,892.9,197.0,1058.0
10455895,stimulus_Arg_PISACowsMilk_10_page_6,893.1,196.7,1056.0
10455896,stimulus_Arg_PISACowsMilk_10_page_6,893.3,196.8,1054.0
10455897,stimulus_Arg_PISACowsMilk_10_page_6,893.3,197.3,1053.0
10455898,stimulus_Arg_PISACowsMilk_10_page_6,893.3,197.6,1053.0
10455899,stimulus_Arg_PISACowsMilk_10_page_6,893.1,198.0,1053.0
10455900,stimulus_Arg_PISACowsMilk_10_page_6,892.7,197.9,1053.0
10455901,stimulus_Arg_PISACowsMilk_10_page_6,892.0,198.0,1053.0
10455902,stimulus_Arg_PISACowsMilk_10_page_6,891.2,198.0,1053.0
10455903,stimulus_Arg_PISACowsMilk_10_page_6,890.3,198.0,1054.0
10455904,stimulus_Arg_PISACowsMilk_10_page_6,888.9,198.2,1055.0
10455905,stimulus_Arg_PISACowsMilk_10_page_6,887.4,198.4,1056.0
10455906,stimulus_Arg_PISACowsMilk_10_page_6,885.8,198.7,1056.0
10455907,stimulus_Arg_PISACowsMilk_10_page_6,884.7,198.7,1057.0
10455908,stimulus_Arg_PISACowsMilk_10_page_6,883.9,198.8,1057.0
10455909,stimulus_Arg_PISACowsMilk_10_page_6,883.5,199.2,1058.0
10455910,stimulus_Arg_PISACowsMilk_10_page_6,883.1,199.6,1058.0
10455911,stimulus_Arg_PISACowsMilk_10_page_6,882.7,200.1,1059.0
10455912,stimulus_Arg_PISACowsMilk_10_page_6,882.7,200.2,1059.0
10455913,stimulus_Arg_PISACowsMilk_10_page_6,882.9,200.2,1060.0
10455914,stimulus_Arg_PISACowsMilk_10_page_6,883.2,200.1,1060.0
10455915,stimulus_Arg_PISACowsMilk_10_page_6,883.3,200.2,1061.0
10455916,stimulus_Arg_PISACowsMilk_10_page_6,883.4,200.7,1061.0
10455917,stimulus_Arg_PISACowsMilk_10_page_6,883.9,201.2,1061.0
10455918,stimulus_Arg_PISACowsMilk_10_page_6,884.9,201.6,1061.0
10455919,stimulus_Arg_PISACowsMilk_10_page_6,885.8,201.4,1061.0
10455920,stimulus_Arg_PISACowsMilk_10_page_6,886.6,201.2,1061.0
10455921,stimulus_Arg_PISACowsMilk_10_page_6,886.8,201.2,1061.0
10455922,stimulus_Arg_PISACowsMilk_10_page_6,887.0,201.3,1061.0
10455923,stimulus_Arg_PISACowsMilk_10_page_6,887.1,201.7,1062.0
10455924,stimulus_Arg_PISACowsMilk_10_page_6,887.5,202.1,1062.0
10455925,stimulus_Arg_PISACowsMilk_10_page_6,888.1,202.5,1061.0
10455926,stimulus_Arg_PISACowsMilk_10_page_6,888.8,202.4,1060.0
10455927,stimulus_Arg_PISACowsMilk_10_page_6,889.0,202.4,1059.0
10455928,stimulus_Arg_PISACowsMilk_10_page_6,889.1,202.5,1059.0
10455929,stimulus_Arg_PISACowsMilk_10_page_6,889.1,202.6,1059.0
10455930,stimulus_Arg_PISACowsMilk_10_page_6,889.1,202.8,1059.0
10455931,stimulus_Arg_PISACowsMilk_10_page_6,889.3,202.9,1059.0
10455932,stimulus_Arg_PISACowsMilk_10_page_6,889.4,202.8,1059.0
10455933,stimulus_Arg_PISACowsMilk_10_page_6,889.6,202.6,1059.0
10455934,stimulus_Arg_PISACowsMilk_10_page_6,889.5,202.5,1059.0
10455935,stimulus_Arg_PISACowsMilk_10_page_6,889.0,202.5,1059.0
10455936,stimulus_Arg_PISACowsMilk_10_page_6,888.6,202.4,1059.0
10455937,stimulus_Arg_PISACowsMilk_10_page_6,888.2,202.3,1059.0
10455938,stimulus_Arg_PISACowsMilk_10_page_6,888.3,202.3,1058.0
10455939,stimulus_Arg_PISACowsMilk_10_page_6,888.4,202.1,1057.0
10455940,stimulus_Arg_PISACowsMilk_10_page_6,888.5,202.0,1058.0
10455941,stimulus_Arg_PISACowsMilk_10_page_6,888.5,202.0,1058.0
10455942,stimulus_Arg_PISACowsMilk_10_page_6,888.5,202.2,1059.0
10455943,stimulus_Arg_PISACowsMilk_10_page_6,888.5,202.4,1058.0
10455944,stimulus_Arg_PISACowsMilk_10_page_6,888.6,202.5,1057.0
10455945,stimulus_Arg_PISACowsMilk_10_page_6,888.7,202.6,1057.0
10455946,stimulus_Arg_PISACowsMilk_10_page_6,888.8,202.7,1057.0
10455947,stimulus_Arg_PISACowsMilk_10_page_6,888.9,202.7,1057.0
10455948,stimulus_Arg_PISACowsMilk_10_page_6,889.1,202.8,1058.0
10455949,stimulus_Arg_PISACowsMilk_10_page_6,889.4,202.8,1058.0
10455950,stimulus_Arg_PISACowsMilk_10_page_6,889.4,202.8,1058.0
10455951,stimulus_Arg_PISACowsMilk_10_page_6,889.3,202.4,1058.0
10455952,stimulus_Arg_PISACowsMilk_10_page_6,889.1,202.1,1057.0
10455953,stimulus_Arg_PISACowsMilk_10_page_6,889.1,201.7,1057.0
10455954,stimulus_Arg_PISACowsMilk_10_page_6,889.0,201.7,1057.0
10455955,stimulus_Arg_PISACowsMilk_10_page_6,888.8,202.1,1057.0
10455956,stimulus_Arg_PISACowsMilk_10_page_6,888.8,202.5,1056.0
10455957,stimulus_Arg_PISACowsMilk_10_page_6,888.6,202.8,1056.0
10455958,stimulus_Arg_PISACowsMilk_10_page_6,888.5,202.8,1057.0
10455959,stimulus_Arg_PISACowsMilk_10_page_6,888.4,202.8,1058.0
10455960,stimulus_Arg_PISACowsMilk_10_page_6,888.4,202.8,1058.0
10455961,stimulus_Arg_PISACowsMilk_10_page_6,888.4,203.0,1058.0
10455962,stimulus_Arg_PISACowsMilk_10_page_6,888.7,203.2,1058.0
10455963,stimulus_Arg_PISACowsMilk_10_page_6,888.9,203.3,1058.0
10455964,stimulus_Arg_PISACowsMilk_10_page_6,889.3,203.1,1058.0
10455965,stimulus_Arg_PISACowsMilk_10_page_6,889.3,202.9,1058.0
10455966,stimulus_Arg_PISACowsMilk_10_page_6,889.4,202.8,1058.0
10455967,stimulus_Arg_PISACowsMilk_10_page_6,889.4,202.9,1058.0
10455968,stimulus_Arg_PISACowsMilk_10_page_6,889.3,203.0,1059.0
10455969,stimulus_Arg_PISACowsMilk_10_page_6,889.2,203.0,1059.0
10455970,stimulus_Arg_PISACowsMilk_10_page_6,889.2,203.0,1059.0
10455971,stimulus_Arg_PISACowsMilk_10_page_6,889.3,202.9,1058.0
10455972,stimulus_Arg_PISACowsMilk_10_page_6,889.5,202.7,1057.0
10455973,stimulus_Arg_PISACowsMilk_10_page_6,889.8,202.6,1057.0
10455974,stimulus_Arg_PISACowsMilk_10_page_6,890.1,202.6,1056.0
10455975,stimulus_Arg_PISACowsMilk_10_page_6,890.4,202.7,1056.0
10455976,stimulus_Arg_PISACowsMilk_10_page_6,890.7,202.8,1055.0
10455977,stimulus_Arg_PISACowsMilk_10_page_6,890.6,202.7,1055.0
10455978,stimulus_Arg_PISACowsMilk_10_page_6,890.5,202.6,1055.0
10455979,stimulus_Arg_PISACowsMilk_10_page_6,890.4,202.5,1055.0
10455980,stimulus_Arg_PISACowsMilk_10_page_6,890.3,202.5,1054.0
10455981,stimulus_Arg_PISACowsMilk_10_page_6,890.3,202.4,1054.0
10455982,stimulus_Arg_PISACowsMilk_10_page_6,890.2,202.4,1054.0
10455983,stimulus_Arg_PISACowsMilk_10_page_6,890.1,202.4,1054.0
10455984,stimulus_Arg_PISACowsMilk_10_page_6,890.0,202.3,1054.0
10455985,stimulus_Arg_PISACowsMilk_10_page_6,890.0,202.2,1053.0
10455986,stimulus_Arg_PISACowsMilk_10_page_6,890.1,202.0,1052.0
10455987,stimulus_Arg_PISACowsMilk_10_page_6,890.2,201.7,1052.0
10455988,stimulus_Arg_PISACowsMilk_10_page_6,890.4,201.9,1051.0
10455989,stimulus_Arg_PISACowsMilk_10_page_6,890.5,202.2,1051.0
10455990,stimulus_Arg_PISACowsMilk_10_page_6,890.6,202.6,1053.0
10455991,stimulus_Arg_PISACowsMilk_10_page_6,890.7,202.6,1054.0
10455992,stimulus_Arg_PISACowsMilk_10_page_6,890.4,202.3,1056.0
10455993,stimulus_Arg_PISACowsMilk_10_page_6,890.1,202.0,1057.0
10455994,stimulus_Arg_PISACowsMilk_10_page_6,890.0,202.0,1056.0
10455995,stimulus_Arg_PISACowsMilk_10_page_6,890.2,202.4,1055.0
10455996,stimulus_Arg_PISACowsMilk_10_page_6,890.2,202.7,1054.0
10455997,stimulus_Arg_PISACowsMilk_10_page_6,890.0,202.7,1054.0
10455998,stimulus_Arg_PISACowsMilk_10_page_6,889.7,202.6,1055.0
10455999,stimulus_Arg_PISACowsMilk_10_page_6,889.9,202.5,1056.0
10456000,stimulus_Arg_PISACowsMilk_10_page_6,890.2,202.3,1056.0
10456001,stimulus_Arg_PISACowsMilk_10_page_6,890.5,202.3,1056.0
10456002,stimulus_Arg_PISACowsMilk_10_page_6,890.5,202.2,1056.0
10456003,stimulus_Arg_PISACowsMilk_10_page_6,890.6,202.1,1056.0
10456004,stimulus_Arg_PISACowsMilk_10_page_6,890.7,202.1,1056.0
10456005,stimulus_Arg_PISACowsMilk_10_page_6,890.7,202.1,1056.0
10456006,stimulus_Arg_PISACowsMilk_10_page_6,890.8,202.1,1056.0
10456007,stimulus_Arg_PISACowsMilk_10_page_6,890.7,202.1,1056.0
10456008,stimulus_Arg_PISACowsMilk_10_page_6,890.6,202.0,1056.0
10456009,stimulus_Arg_PISACowsMilk_10_page_6,890.7,201.8,1056.0
10456010,stimulus_Arg_PISACowsMilk_10_page_6,890.8,201.4,1057.0
10456011,stimulus_Arg_PISACowsMilk_10_page_6,890.7,201.0,1059.0
10456012,stimulus_Arg_PISACowsMilk_10_page_6,890.5,200.9,1060.0
10456013,stimulus_Arg_PISACowsMilk_10_page_6,890.5,201.0,1059.0
10456014,stimulus_Arg_PISACowsMilk_10_page_6,890.8,201.0,1058.0
10456015,stimulus_Arg_PISACowsMilk_10_page_6,891.3,200.9,1057.0
10456016,stimulus_Arg_PISACowsMilk_10_page_6,891.5,200.9,1057.0
10456017,stimulus_Arg_PISACowsMilk_10_page_6,891.8,201.0,1057.0
10456018,stimulus_Arg_PISACowsMilk_10_page_6,891.8,201.5,1057.0
10456019,stimulus_Arg_PISACowsMilk_10_page_6,891.8,201.8,1057.0
10456020,stimulus_Arg_PISACowsMilk_10_page_6,891.9,202.0,1056.0
10456021,stimulus_Arg_PISACowsMilk_10_page_6,891.9,202.0,1056.0
10456022,stimulus_Arg_PISACowsMilk_10_page_6,891.9,202.1,1056.0
10456023,stimulus_Arg_PISACowsMilk_10_page_6,891.8,202.1,1056.0
10456024,stimulus_Arg_PISACowsMilk_10_page_6,891.7,202.0,1056.0
10456025,stimulus_Arg_PISACowsMilk_10_page_6,891.6,201.8,1056.0
10456026,stimulus_Arg_PISACowsMilk_10_page_6,891.6,201.7,1057.0
10456027,stimulus_Arg_PISACowsMilk_10_page_6,891.6,201.7,1057.0
10456028,stimulus_Arg_PISACowsMilk_10_page_6,891.6,201.6,1058.0
10456029,stimulus_Arg_PISACowsMilk_10_page_6,891.8,201.6,1057.0
10456030,stimulus_Arg_PISACowsMilk_10_page_6,891.9,201.5,1056.0
10456031,stimulus_Arg_PISACowsMilk_10_page_6,892.1,201.4,1056.0
10456032,stimulus_Arg_PISACowsMilk_10_page_6,892.2,201.6,1056.0
10456033,stimulus_Arg_PISACowsMilk_10_page_6,892.2,201.9,1055.0
10456034,stimulus_Arg_PISACowsMilk_10_page_6,892.2,202.3,1054.0
10456035,stimulus_Arg_PISACowsMilk_10_page_6,892.2,202.5,1053.0
10456036,stimulus_Arg_PISACowsMilk_10_page_6,892.2,202.3,1052.0
10456037,stimulus_Arg_PISACowsMilk_10_page_6,892.1,202.0,1052.0
10456038,stimulus_Arg_PISACowsMilk_10_page_6,892.1,201.6,1053.0
10456039,stimulus_Arg_PISACowsMilk_10_page_6,892.1,201.5,1054.0
10456040,stimulus_Arg_PISACowsMilk_10_page_6,892.0,201.6,1054.0
10456041,stimulus_Arg_PISACowsMilk_10_page_6,892.0,201.8,1053.0
10456042,stimulus_Arg_PISACowsMilk_10_page_6,892.1,202.0,1052.0
10456043,stimulus_Arg_PISACowsMilk_10_page_6,892.2,202.0,1052.0
10456044,stimulus_Arg_PISACowsMilk_10_page_6,892.3,201.9,1053.0
10456045,stimulus_Arg_PISACowsMilk_10_page_6,892.2,201.9,1054.0
10456046,stimulus_Arg_PISACowsMilk_10_page_6,891.9,201.7,1053.0
10456047,stimulus_Arg_PISACowsMilk_10_page_6,891.8,201.6,1052.0
10456048,stimulus_Arg_PISACowsMilk_10_page_6,891.6,201.4,1050.0
10456049,stimulus_Arg_PISACowsMilk_10_page_6,891.6,201.4,1050.0
10456050,stimulus_Arg_PISACowsMilk_10_page_6,891.6,201.3,1050.0
10456051,stimulus_Arg_PISACowsMilk_10_page_6,891.6,201.1,1050.0
10456052,stimulus_Arg_PISACowsMilk_10_page_6,891.6,201.0,1050.0
10456053,stimulus_Arg_PISACowsMilk_10_page_6,891.7,201.2,1049.0
10456054,stimulus_Arg_PISACowsMilk_10_page_6,891.8,201.7,1048.0
10456055,stimulus_Arg_PISACowsMilk_10_page_6,891.9,201.6,1047.0
10456056,stimulus_Arg_PISACowsMilk_10_page_6,891.9,201.2,1047.0
10456057,stimulus_Arg_PISACowsMilk_10_page_6,891.9,200.7,1047.0
10456058,stimulus_Arg_PISACowsMilk_10_page_6,892.0,200.8,1047.0
10456059,stimulus_Arg_PISACowsMilk_10_page_6,892.0,200.9,1047.0
10456060,stimulus_Arg_PISACowsMilk_10_page_6,892.0,201.0,1047.0
10456061,stimulus_Arg_PISACowsMilk_10_page_6,892.2,201.1,1047.0
10456062,stimulus_Arg_PISACowsMilk_10_page_6,892.5,201.0,1047.0
10456063,stimulus_Arg_PISACowsMilk_10_page_6,892.9,201.0,1047.0
10456064,stimulus_Arg_PISACowsMilk_10_page_6,892.9,201.1,1046.0
10456065,stimulus_Arg_PISACowsMilk_10_page_6,893.1,201.3,1044.0
10456066,stimulus_Arg_PISACowsMilk_10_page_6,893.2,201.4,1043.0
10456067,stimulus_Arg_PISACowsMilk_10_page_6,893.3,201.4,1042.0
10456068,stimulus_Arg_PISACowsMilk_10_page_6,893.3,201.4,1041.0
10456069,stimulus_Arg_PISACowsMilk_10_page_6,893.2,201.4,1042.0
10456070,stimulus_Arg_PISACowsMilk_10_page_6,893.2,201.5,1042.0
10456071,stimulus_Arg_PISACowsMilk_10_page_6,893.2,201.6,1043.0
10456072,stimulus_Arg_PISACowsMilk_10_page_6,893.0,201.6,1042.0
10456073,stimulus_Arg_PISACowsMilk_10_page_6,892.8,201.6,1040.0
10456074,stimulus_Arg_PISACowsMilk_10_page_6,892.6,201.6,1038.0
10456075,stimulus_Arg_PISACowsMilk_10_page_6,892.7,201.7,1037.0
10456076,stimulus_Arg_PISACowsMilk_10_page_6,892.7,201.7,1038.0
10456077,stimulus_Arg_PISACowsMilk_10_page_6,892.7,201.7,1039.0
10456078,stimulus_Arg_PISACowsMilk_10_page_6,892.7,201.7,1039.0
10456079,stimulus_Arg_PISACowsMilk_10_page_6,892.9,201.7,1040.0
10456080,stimulus_Arg_PISACowsMilk_10_page_6,893.0,201.5,1041.0
10456081,stimulus_Arg_PISACowsMilk_10_page_6,893.1,201.4,1041.0
10456082,stimulus_Arg_PISACowsMilk_10_page_6,893.2,201.4,1041.0
10456083,stimulus_Arg_PISACowsMilk_10_page_6,893.2,201.5,1039.0
10456084,stimulus_Arg_PISACowsMilk_10_page_6,893.1,201.6,1037.0
10456085,stimulus_Arg_PISACowsMilk_10_page_6,893.1,201.5,1037.0
10456086,stimulus_Arg_PISACowsMilk_10_page_6,893.1,201.7,1037.0
10456087,stimulus_Arg_PISACowsMilk_10_page_6,893.1,201.9,1037.0
10456088,stimulus_Arg_PISACowsMilk_10_page_6,893.2,202.1,1037.0
10456089,stimulus_Arg_PISACowsMilk_10_page_6,893.2,202.1,1038.0
10456090,stimulus_Arg_PISACowsMilk_10_page_6,893.2,201.9,1038.0
10456091,stimulus_Arg_PISACowsMilk_10_page_6,893.2,201.9,1038.0
10456092,stimulus_Arg_PISACowsMilk_10_page_6,893.3,201.9,1040.0
10456093,stimulus_Arg_PISACowsMilk_10_page_6,893.5,202.0,1042.0
10456094,stimulus_Arg_PISACowsMilk_10_page_6,893.9,202.5,1044.0
10456095,stimulus_Arg_PISACowsMilk_10_page_6,894.7,203.2,1043.0
10456096,stimulus_Arg_PISACowsMilk_10_page_6,896.7,204.1,1043.0
10456097,stimulus_Arg_PISACowsMilk_10_page_6,900.3,204.6,1042.0
10456098,stimulus_Arg_PISACowsMilk_10_page_6,905.5,205.0,1043.0
10456099,stimulus_Arg_PISACowsMilk_10_page_6,911.5,205.2,1043.0
10456100,stimulus_Arg_PISACowsMilk_10_page_6,917.2,205.2,1044.0
10456101,stimulus_Arg_PISACowsMilk_10_page_6,924.1,205.3,1045.0
10456102,stimulus_Arg_PISACowsMilk_10_page_6,930.9,205.3,1046.0
10456103,stimulus_Arg_PISACowsMilk_10_page_6,938.5,205.4,1047.0
10456104,stimulus_Arg_PISACowsMilk_10_page_6,944.8,205.5,1046.0
10456105,stimulus_Arg_PISACowsMilk_10_page_6,951.6,205.4,1045.0
10456106,stimulus_Arg_PISACowsMilk_10_page_6,957.5,205.2,1043.0
10456107,stimulus_Arg_PISACowsMilk_10_page_6,963.2,204.8,1042.0
10456108,stimulus_Arg_PISACowsMilk_10_page_6,967.6,204.3,1041.0
10456109,stimulus_Arg_PISACowsMilk_10_page_6,972.2,203.9,1040.0
10456110,stimulus_Arg_PISACowsMilk_10_page_6,975.3,203.4,1039.0
10456111,stimulus_Arg_PISACowsMilk_10_page_6,976.9,203.2,1036.0
10456112,stimulus_Arg_PISACowsMilk_10_page_6,977.2,202.9,1033.0
10456113,stimulus_Arg_PISACowsMilk_10_page_6,976.6,202.7,1030.0
10456114,stimulus_Arg_PISACowsMilk_10_page_6,975.5,202.6,1029.0
10456115,stimulus_Arg_PISACowsMilk_10_page_6,973.7,202.7,1028.0
10456116,stimulus_Arg_PISACowsMilk_10_page_6,971.1,202.8,1029.0
10456117,stimulus_Arg_PISACowsMilk_10_page_6,968.2,202.8,1030.0
10456118,stimulus_Arg_PISACowsMilk_10_page_6,965.4,202.7,1031.0
10456119,stimulus_Arg_PISACowsMilk_10_page_6,963.7,202.7,1033.0
10456120,stimulus_Arg_PISACowsMilk_10_page_6,962.2,202.8,1034.0
10456121,stimulus_Arg_PISACowsMilk_10_page_6,961.2,202.8,1034.0
10456122,stimulus_Arg_PISACowsMilk_10_page_6,960.2,202.7,1035.0
10456123,stimulus_Arg_PISACowsMilk_10_page_6,959.7,202.9,1035.0
10456124,stimulus_Arg_PISACowsMilk_10_page_6,959.5,203.3,1036.0
10456125,stimulus_Arg_PISACowsMilk_10_page_6,959.8,203.7,1035.0
10456126,stimulus_Arg_PISACowsMilk_10_page_6,960.3,203.6,1035.0
10456127,stimulus_Arg_PISACowsMilk_10_page_6,961.0,203.5,1035.0
10456128,stimulus_Arg_PISACowsMilk_10_page_6,961.8,203.4,1035.0
10456129,stimulus_Arg_PISACowsMilk_10_page_6,962.7,203.5,1036.0
10456130,stimulus_Arg_PISACowsMilk_10_page_6,963.5,203.9,1037.0
10456131,stimulus_Arg_PISACowsMilk_10_page_6,964.3,204.4,1038.0
10456132,stimulus_Arg_PISACowsMilk_10_page_6,964.7,204.5,1037.0
10456133,stimulus_Arg_PISACowsMilk_10_page_6,965.1,204.2,1037.0
10456134,stimulus_Arg_PISACowsMilk_10_page_6,965.3,203.9,1036.0
10456135,stimulus_Arg_PISACowsMilk_10_page_6,965.4,203.8,1036.0
10456136,stimulus_Arg_PISACowsMilk_10_page_6,965.3,203.8,1035.0
10456137,stimulus_Arg_PISACowsMilk_10_page_6,965.3,203.9,1034.0
10456138,stimulus_Arg_PISACowsMilk_10_page_6,965.2,204.3,1033.0
10456139,stimulus_Arg_PISACowsMilk_10_page_6,965.2,204.6,1033.0
10456140,stimulus_Arg_PISACowsMilk_10_page_6,965.4,204.9,1033.0
10456141,stimulus_Arg_PISACowsMilk_10_page_6,965.6,204.8,1034.0
10456142,stimulus_Arg_PISACowsMilk_10_page_6,965.5,204.7,1034.0
10456143,stimulus_Arg_PISACowsMilk_10_page_6,965.2,204.7,1035.0
10456144,stimulus_Arg_PISACowsMilk_10_page_6,965.2,204.8,1035.0
10456145,stimulus_Arg_PISACowsMilk_10_page_6,965.4,204.9,1035.0
10456146,stimulus_Arg_PISACowsMilk_10_page_6,965.8,204.9,1035.0
10456147,stimulus_Arg_PISACowsMilk_10_page_6,966.0,205.0,1034.0
10456148,stimulus_Arg_PISACowsMilk_10_page_6,966.3,205.0,1034.0
10456149,stimulus_Arg_PISACowsMilk_10_page_6,966.4,204.9,1033.0
10456150,stimulus_Arg_PISACowsMilk_10_page_6,966.5,204.9,1032.0
10456151,stimulus_Arg_PISACowsMilk_10_page_6,966.5,204.9,1033.0
10456152,stimulus_Arg_PISACowsMilk_10_page_6,966.5,204.8,1033.0
10456153,stimulus_Arg_PISACowsMilk_10_page_6,966.5,204.9,1034.0
10456154,stimulus_Arg_PISACowsMilk_10_page_6,966.7,204.8,1033.0
10456155,stimulus_Arg_PISACowsMilk_10_page_6,966.8,204.8,1033.0
10456156,stimulus_Arg_PISACowsMilk_10_page_6,966.8,204.7,1034.0
10456157,stimulus_Arg_PISACowsMilk_10_page_6,966.4,204.6,1034.0
10456158,stimulus_Arg_PISACowsMilk_10_page_6,966.1,204.5,1033.0
10456159,stimulus_Arg_PISACowsMilk_10_page_6,965.9,204.5,1033.0
10456160,stimulus_Arg_PISACowsMilk_10_page_6,966.0,204.5,1033.0
10456161,stimulus_Arg_PISACowsMilk_10_page_6,966.1,204.3,1033.0
10456162,stimulus_Arg_PISACowsMilk_10_page_6,966.3,204.1,1033.0
10456163,stimulus_Arg_PISACowsMilk_10_page_6,966.4,204.0,1034.0
10456164,stimulus_Arg_PISACowsMilk_10_page_6,966.3,204.0,1034.0
10456165,stimulus_Arg_PISACowsMilk_10_page_6,966.1,204.0,1033.0
10456166,stimulus_Arg_PISACowsMilk_10_page_6,966.0,204.1,1033.0
10456167,stimulus_Arg_PISACowsMilk_10_page_6,966.0,204.3,1033.0
10456168,stimulus_Arg_PISACowsMilk_10_page_6,966.1,204.6,1033.0
10456169,stimulus_Arg_PISACowsMilk_10_page_6,966.3,204.8,1033.0
10456170,stimulus_Arg_PISACowsMilk_10_page_6,966.3,205.0,1033.0
10456171,stimulus_Arg_PISACowsMilk_10_page_6,966.4,205.1,1033.0
10456172,stimulus_Arg_PISACowsMilk_10_page_6,966.5,205.2,1033.0
10456173,stimulus_Arg_PISACowsMilk_10_page_6,966.5,205.3,1033.0
10456174,stimulus_Arg_PISACowsMilk_10_page_6,966.5,205.4,1033.0
10456175,stimulus_Arg_PISACowsMilk_10_page_6,966.5,205.3,1033.0
10456176,stimulus_Arg_PISACowsMilk_10_page_6,966.4,205.1,1034.0
10456177,stimulus_Arg_PISACowsMilk_10_page_6,966.3,205.0,1034.0
10456178,stimulus_Arg_PISACowsMilk_10_page_6,966.1,204.9,1034.0
10456179,stimulus_Arg_PISACowsMilk_10_page_6,966.1,204.7,1034.0
10456180,stimulus_Arg_PISACowsMilk_10_page_6,966.0,204.6,1034.0
10456181,stimulus_Arg_PISACowsMilk_10_page_6,965.8,204.7,1034.0
10456182,stimulus_Arg_PISACowsMilk_10_page_6,965.6,204.9,1034.0
10456183,stimulus_Arg_PISACowsMilk_10_page_6,965.8,205.0,1035.0
10456184,stimulus_Arg_PISACowsMilk_10_page_6,966.0,204.9,1035.0
10456185,stimulus_Arg_PISACowsMilk_10_page_6,966.1,204.8,1035.0
10456186,stimulus_Arg_PISACowsMilk_10_page_6,965.9,204.8,1035.0
10456187,stimulus_Arg_PISACowsMilk_10_page_6,965.8,205.1,1035.0
10456188,stimulus_Arg_PISACowsMilk_10_page_6,965.9,205.3,1034.0
10456189,stimulus_Arg_PISACowsMilk_10_page_6,965.7,205.4,1033.0
10456190,stimulus_Arg_PISACowsMilk_10_page_6,965.3,205.5,1033.0
10456191,stimulus_Arg_PISACowsMilk_10_page_6,965.0,205.7,1034.0
10456192,stimulus_Arg_PISACowsMilk_10_page_6,964.9,205.8,1034.0
10456193,stimulus_Arg_PISACowsMilk_10_page_6,964.9,205.7,1034.0
10456194,stimulus_Arg_PISACowsMilk_10_page_6,965.0,205.6,1033.0
10456195,stimulus_Arg_PISACowsMilk_10_page_6,965.2,205.5,1033.0
10456196,stimulus_Arg_PISACowsMilk_10_page_6,965.2,205.5,1033.0
10456197,stimulus_Arg_PISACowsMilk_10_page_6,965.3,205.5,1033.0
10456198,stimulus_Arg_PISACowsMilk_10_page_6,965.5,205.5,1034.0
10456199,stimulus_Arg_PISACowsMilk_10_page_6,965.8,205.3,1034.0
10456200,stimulus_Arg_PISACowsMilk_10_page_6,965.9,205.1,1034.0
10456201,stimulus_Arg_PISACowsMilk_10_page_6,966.0,205.0,1033.0
10456202,stimulus_Arg_PISACowsMilk_10_page_6,966.2,205.1,1033.0
10456203,stimulus_Arg_PISACowsMilk_10_page_6,966.4,205.1,1034.0
10456204,stimulus_Arg_PISACowsMilk_10_page_6,966.5,204.9,1034.0
10456205,stimulus_Arg_PISACowsMilk_10_page_6,966.4,204.8,1033.0
10456206,stimulus_Arg_PISACowsMilk_10_page_6,966.4,204.6,1033.0
10456207,stimulus_Arg_PISACowsMilk_10_page_6,966.4,204.4,1032.0
10456208,stimulus_Arg_PISACowsMilk_10_page_6,966.3,204.3,1033.0
10456209,stimulus_Arg_PISACowsMilk_10_page_6,966.4,204.2,1034.0
10456210,stimulus_Arg_PISACowsMilk_10_page_6,966.5,204.2,1034.0
10456211,stimulus_Arg_PISACowsMilk_10_page_6,966.6,204.3,1035.0
10456212,stimulus_Arg_PISACowsMilk_10_page_6,966.6,204.4,1035.0
10456213,stimulus_Arg_PISACowsMilk_10_page_6,966.5,204.6,1034.0
10456214,stimulus_Arg_PISACowsMilk_10_page_6,966.5,204.7,1034.0
10456215,stimulus_Arg_PISACowsMilk_10_page_6,966.5,204.9,1033.0
10456216,stimulus_Arg_PISACowsMilk_10_page_6,966.4,204.9,1033.0
10456217,stimulus_Arg_PISACowsMilk_10_page_6,966.4,204.8,1034.0
10456218,stimulus_Arg_PISACowsMilk_10_page_6,966.4,204.8,1034.0
10456219,stimulus_Arg_PISACowsMilk_10_page_6,966.4,204.7,1034.0
10456220,stimulus_Arg_PISACowsMilk_10_page_6,966.4,204.6,1035.0
10456221,stimulus_Arg_PISACowsMilk_10_page_6,966.4,204.6,1035.0
10456222,stimulus_Arg_PISACowsMilk_10_page_6,966.3,204.5,1035.0
10456223,stimulus_Arg_PISACowsMilk_10_page_6,966.4,204.4,1034.0
10456224,stimulus_Arg_PISACowsMilk_10_page_6,966.5,204.6,1034.0
10456225,stimulus_Arg_PISACowsMilk_10_page_6,966.6,204.8,1034.0
10456226,stimulus_Arg_PISACowsMilk_10_page_6,966.6,204.9,1034.0
10456227,stimulus_Arg_PISACowsMilk_10_page_6,966.7,204.9,1034.0
10456228,stimulus_Arg_PISACowsMilk_10_page_6,966.9,204.9,1035.0
10456229,stimulus_Arg_PISACowsMilk_10_page_6,967.1,205.2,1035.0
10456230,stimulus_Arg_PISACowsMilk_10_page_6,967.2,205.5,1036.0
10456231,stimulus_Arg_PISACowsMilk_10_page_6,967.1,205.6,1036.0
10456232,stimulus_Arg_PISACowsMilk_10_page_6,967.1,205.4,1037.0
10456233,stimulus_Arg_PISACowsMilk_10_page_6,967.1,205.0,1036.0
10456234,stimulus_Arg_PISACowsMilk_10_page_6,967.0,204.8,1036.0
10456235,stimulus_Arg_PISACowsMilk_10_page_6,966.8,204.5,1035.0
10456236,stimulus_Arg_PISACowsMilk_10_page_6,966.4,204.3,1035.0
10456237,stimulus_Arg_PISACowsMilk_10_page_6,966.1,204.1,1036.0
10456238,stimulus_Arg_PISACowsMilk_10_page_6,965.9,203.9,1037.0
10456239,stimulus_Arg_PISACowsMilk_10_page_6,965.7,203.9,1038.0
10456240,stimulus_Arg_PISACowsMilk_10_page_6,965.6,203.9,1038.0
10456241,stimulus_Arg_PISACowsMilk_10_page_6,965.4,204.0,1038.0
10456242,stimulus_Arg_PISACowsMilk_10_page_6,965.4,204.0,1037.0
10456243,stimulus_Arg_PISACowsMilk_10_page_6,965.5,204.0,1037.0
10456244,stimulus_Arg_PISACowsMilk_10_page_6,965.6,204.1,1036.0
10456245,stimulus_Arg_PISACowsMilk_10_page_6,965.6,204.2,1036.0
10456246,stimulus_Arg_PISACowsMilk_10_page_6,965.6,204.2,1036.0
10456247,stimulus_Arg_PISACowsMilk_10_page_6,965.5,204.2,1036.0
10456248,stimulus_Arg_PISACowsMilk_10_page_6,965.0,204.2,1035.0
10456249,stimulus_Arg_PISACowsMilk_10_page_6,964.7,204.1,1036.0
10456250,stimulus_Arg_PISACowsMilk_10_page_6,964.4,204.0,1037.0
10456251,stimulus_Arg_PISACowsMilk_10_page_6,964.4,204.0,1039.0
10456252,stimulus_Arg_PISACowsMilk_10_page_6,964.4,203.9,1039.0
10456253,stimulus_Arg_PISACowsMilk_10_page_6,964.6,203.9,1037.0
10456254,stimulus_Arg_PISACowsMilk_10_page_6,964.8,203.9,1036.0
10456255,stimulus_Arg_PISACowsMilk_10_page_6,964.6,203.8,1035.0
10456256,stimulus_Arg_PISACowsMilk_10_page_6,964.3,203.6,1036.0
10456257,stimulus_Arg_PISACowsMilk_10_page_6,963.9,203.4,1036.0
10456258,stimulus_Arg_PISACowsMilk_10_page_6,963.9,203.3,1035.0
10456259,stimulus_Arg_PISACowsMilk_10_page_6,964.2,203.3,1036.0
10456260,stimulus_Arg_PISACowsMilk_10_page_6,964.5,203.5,1037.0
10456261,stimulus_Arg_PISACowsMilk_10_page_6,964.9,203.7,1038.0
10456262,stimulus_Arg_PISACowsMilk_10_page_6,964.9,203.9,1037.0
10456263,stimulus_Arg_PISACowsMilk_10_page_6,964.9,204.1,1037.0
10456264,stimulus_Arg_PISACowsMilk_10_page_6,964.8,204.3,1037.0
10456265,stimulus_Arg_PISACowsMilk_10_page_6,964.4,204.4,1036.0
10456266,stimulus_Arg_PISACowsMilk_10_page_6,964.1,204.1,1036.0
10456267,stimulus_Arg_PISACowsMilk_10_page_6,963.9,203.9,1036.0
10456268,stimulus_Arg_PISACowsMilk_10_page_6,964.0,204.0,1036.0
10456269,stimulus_Arg_PISACowsMilk_10_page_6,964.2,204.0,1036.0
10456270,stimulus_Arg_PISACowsMilk_10_page_6,964.5,204.1,1036.0
10456271,stimulus_Arg_PISACowsMilk_10_page_6,965.0,204.1,1035.0
10456272,stimulus_Arg_PISACowsMilk_10_page_6,965.1,204.2,1035.0
10456273,stimulus_Arg_PISACowsMilk_10_page_6,965.0,204.1,1035.0
10456274,stimulus_Arg_PISACowsMilk_10_page_6,964.5,203.9,1035.0
10456275,stimulus_Arg_PISACowsMilk_10_page_6,964.0,203.8,1035.0
10456276,stimulus_Arg_PISACowsMilk_10_page_6,963.6,203.8,1035.0
10456277,stimulus_Arg_PISACowsMilk_10_page_6,963.4,204.0,1035.0
10456278,stimulus_Arg_PISACowsMilk_10_page_6,963.6,204.1,1035.0
10456279,stimulus_Arg_PISACowsMilk_10_page_6,964.0,204.1,1035.0
10456280,stimulus_Arg_PISACowsMilk_10_page_6,964.4,203.9,1035.0
10456281,stimulus_Arg_PISACowsMilk_10_page_6,964.4,203.8,1035.0
10456282,stimulus_Arg_PISACowsMilk_10_page_6,964.4,203.7,1035.0
10456283,stimulus_Arg_PISACowsMilk_10_page_6,964.3,203.7,1035.0
10456284,stimulus_Arg_PISACowsMilk_10_page_6,964.2,203.7,1035.0
10456285,stimulus_Arg_PISACowsMilk_10_page_6,964.1,203.7,1035.0
10456286,stimulus_Arg_PISACowsMilk_10_page_6,964.1,203.7,1035.0
10456287,stimulus_Arg_PISACowsMilk_10_page_6,964.2,203.6,1035.0
10456288,stimulus_Arg_PISACowsMilk_10_page_6,964.4,203.6,1034.0
10456289,stimulus_Arg_PISACowsMilk_10_page_6,964.4,203.7,1034.0
10456290,stimulus_Arg_PISACowsMilk_10_page_6,964.4,203.9,1034.0
10456291,stimulus_Arg_PISACowsMilk_10_page_6,964.4,204.1,1033.0
10456292,stimulus_Arg_PISACowsMilk_10_page_6,964.3,204.1,1033.0
10456293,stimulus_Arg_PISACowsMilk_10_page_6,964.2,204.1,1033.0
10456294,stimulus_Arg_PISACowsMilk_10_page_6,964.0,204.0,1034.0
10456295,stimulus_Arg_PISACowsMilk_10_page_6,963.9,204.0,1034.0
10456296,stimulus_Arg_PISACowsMilk_10_page_6,963.8,203.9,1033.0
10456297,stimulus_Arg_PISACowsMilk_10_page_6,963.8,203.8,1033.0
10456298,stimulus_Arg_PISACowsMilk_10_page_6,963.8,204.1,1032.0
10456299,stimulus_Arg_PISACowsMilk_10_page_6,964.1,204.4,1032.0
10456300,stimulus_Arg_PISACowsMilk_10_page_6,964.5,204.8,1033.0
10456301,stimulus_Arg_PISACowsMilk_10_page_6,964.9,204.9,1034.0
10456302,stimulus_Arg_PISACowsMilk_10_page_6,964.8,205.0,1035.0
10456303,stimulus_Arg_PISACowsMilk_10_page_6,964.4,204.8,1035.0
10456304,stimulus_Arg_PISACowsMilk_10_page_6,964.1,204.5,1035.0
10456305,stimulus_Arg_PISACowsMilk_10_page_6,964.1,204.4,1035.0
10456306,stimulus_Arg_PISACowsMilk_10_page_6,964.2,204.6,1035.0
10456307,stimulus_Arg_PISACowsMilk_10_page_6,964.3,204.7,1034.0
10456308,stimulus_Arg_PISACowsMilk_10_page_6,964.3,204.7,1033.0
10456309,stimulus_Arg_PISACowsMilk_10_page_6,964.2,204.7,1033.0
10456310,stimulus_Arg_PISACowsMilk_10_page_6,964.1,204.7,1033.0
10456311,stimulus_Arg_PISACowsMilk_10_page_6,964.1,204.7,1034.0
10456312,stimulus_Arg_PISACowsMilk_10_page_6,964.0,204.6,1034.0
10456313,stimulus_Arg_PISACowsMilk_10_page_6,963.8,204.5,1033.0
10456314,stimulus_Arg_PISACowsMilk_10_page_6,963.5,204.6,1033.0
10456315,stimulus_Arg_PISACowsMilk_10_page_6,963.5,204.8,1032.0
10456316,stimulus_Arg_PISACowsMilk_10_page_6,963.6,204.9,1032.0
10456317,stimulus_Arg_PISACowsMilk_10_page_6,963.7,205.0,1031.0
10456318,stimulus_Arg_PISACowsMilk_10_page_6,963.5,205.0,1031.0
10456319,stimulus_Arg_PISACowsMilk_10_page_6,963.5,205.0,1031.0
10456320,stimulus_Arg_PISACowsMilk_10_page_6,963.6,204.9,1031.0
10456321,stimulus_Arg_PISACowsMilk_10_page_6,964.0,204.8,1031.0
10456322,stimulus_Arg_PISACowsMilk_10_page_6,964.3,204.7,1031.0
10456323,stimulus_Arg_PISACowsMilk_10_page_6,964.6,204.8,1031.0
10456324,stimulus_Arg_PISACowsMilk_10_page_6,964.3,204.9,1031.0
10456325,stimulus_Arg_PISACowsMilk_10_page_6,964.1,204.9,1030.0
10456326,stimulus_Arg_PISACowsMilk_10_page_6,963.9,205.0,1030.0
10456327,stimulus_Arg_PISACowsMilk_10_page_6,963.9,205.1,1029.0
10456328,stimulus_Arg_PISACowsMilk_10_page_6,963.8,205.1,1029.0
10456329,stimulus_Arg_PISACowsMilk_10_page_6,963.7,205.1,1029.0
10456330,stimulus_Arg_PISACowsMilk_10_page_6,963.5,205.1,1030.0
10456331,stimulus_Arg_PISACowsMilk_10_page_6,963.5,205.2,1030.0
10456332,stimulus_Arg_PISACowsMilk_10_page_6,963.7,205.2,1031.0
10456333,stimulus_Arg_PISACowsMilk_10_page_6,963.9,205.2,1031.0
10456334,stimulus_Arg_PISACowsMilk_10_page_6,964.0,205.3,1030.0
10456335,stimulus_Arg_PISACowsMilk_10_page_6,963.8,205.4,1029.0
10456336,stimulus_Arg_PISACowsMilk_10_page_6,963.7,205.6,1028.0
10456337,stimulus_Arg_PISACowsMilk_10_page_6,963.8,205.8,1028.0
10456338,stimulus_Arg_PISACowsMilk_10_page_6,963.9,205.8,1028.0
10456339,stimulus_Arg_PISACowsMilk_10_page_6,964.0,205.8,1028.0
10456340,stimulus_Arg_PISACowsMilk_10_page_6,963.8,205.7,1028.0
10456341,stimulus_Arg_PISACowsMilk_10_page_6,963.6,205.7,1027.0
10456342,stimulus_Arg_PISACowsMilk_10_page_6,963.3,205.7,1027.0
10456343,stimulus_Arg_PISACowsMilk_10_page_6,963.2,205.7,1027.0
10456344,stimulus_Arg_PISACowsMilk_10_page_6,963.5,205.7,1027.0
10456345,stimulus_Arg_PISACowsMilk_10_page_6,963.8,205.9,1027.0
10456346,stimulus_Arg_PISACowsMilk_10_page_6,964.4,206.1,1027.0
10456347,stimulus_Arg_PISACowsMilk_10_page_6,964.6,206.3,1027.0
10456348,stimulus_Arg_PISACowsMilk_10_page_6,964.7,206.1,1027.0
10456349,stimulus_Arg_PISACowsMilk_10_page_6,964.4,205.8,1027.0
10456350,stimulus_Arg_PISACowsMilk_10_page_6,964.2,205.6,1027.0
10456351,stimulus_Arg_PISACowsMilk_10_page_6,964.2,205.5,1027.0
10456352,stimulus_Arg_PISACowsMilk_10_page_6,964.0,205.4,1027.0
10456353,stimulus_Arg_PISACowsMilk_10_page_6,963.9,205.3,1027.0
10456354,stimulus_Arg_PISACowsMilk_10_page_6,963.7,205.3,1027.0
10456355,stimulus_Arg_PISACowsMilk_10_page_6,963.7,205.4,1027.0
10456356,stimulus_Arg_PISACowsMilk_10_page_6,963.6,205.3,1027.0
10456357,stimulus_Arg_PISACowsMilk_10_page_6,963.7,205.4,1027.0
10456358,stimulus_Arg_PISACowsMilk_10_page_6,963.9,205.5,1027.0
10456359,stimulus_Arg_PISACowsMilk_10_page_6,964.3,205.5,1026.0
10456360,stimulus_Arg_PISACowsMilk_10_page_6,964.5,205.4,1026.0
10456361,stimulus_Arg_PISACowsMilk_10_page_6,964.7,205.2,1025.0
10456362,stimulus_Arg_PISACowsMilk_10_page_6,964.6,205.1,1025.0
10456363,stimulus_Arg_PISACowsMilk_10_page_6,964.5,205.0,1025.0
10456364,stimulus_Arg_PISACowsMilk_10_page_6,964.5,205.0,1025.0
10456365,stimulus_Arg_PISACowsMilk_10_page_6,964.3,205.0,1025.0
10456366,stimulus_Arg_PISACowsMilk_10_page_6,964.0,205.0,1025.0
10456367,stimulus_Arg_PISACowsMilk_10_page_6,963.9,204.9,1025.0
10456368,stimulus_Arg_PISACowsMilk_10_page_6,964.1,205.1,1025.0
10456369,stimulus_Arg_PISACowsMilk_10_page_6,964.2,205.3,1026.0
10456370,stimulus_Arg_PISACowsMilk_10_page_6,964.3,205.4,1026.0
10456371,stimulus_Arg_PISACowsMilk_10_page_6,964.2,205.4,1027.0
10456372,stimulus_Arg_PISACowsMilk_10_page_6,964.2,205.5,1027.0
10456373,stimulus_Arg_PISACowsMilk_10_page_6,964.1,205.6,1026.0
10456374,stimulus_Arg_PISACowsMilk_10_page_6,964.2,205.7,1025.0
10456375,stimulus_Arg_PISACowsMilk_10_page_6,964.4,205.7,1024.0
10456376,stimulus_Arg_PISACowsMilk_10_page_6,964.5,205.7,1022.0
10456377,stimulus_Arg_PISACowsMilk_10_page_6,964.6,205.3,1022.0
10456378,stimulus_Arg_PISACowsMilk_10_page_6,964.7,205.0,1022.0
10456379,stimulus_Arg_PISACowsMilk_10_page_6,965.1,204.8,1022.0
10456380,stimulus_Arg_PISACowsMilk_10_page_6,965.4,204.8,1021.0
10456381,stimulus_Arg_PISACowsMilk_10_page_6,965.6,204.7,1021.0
10456382,stimulus_Arg_PISACowsMilk_10_page_6,965.4,204.6,1022.0
10456383,stimulus_Arg_PISACowsMilk_10_page_6,965.2,204.7,1022.0
10456384,stimulus_Arg_PISACowsMilk_10_page_6,965.0,205.0,1022.0
10456385,stimulus_Arg_PISACowsMilk_10_page_6,965.0,205.2,1022.0
10456386,stimulus_Arg_PISACowsMilk_10_page_6,965.0,205.2,1021.0
10456387,stimulus_Arg_PISACowsMilk_10_page_6,965.0,205.2,1021.0
10456388,stimulus_Arg_PISACowsMilk_10_page_6,965.1,205.1,1021.0
10456389,stimulus_Arg_PISACowsMilk_10_page_6,965.2,204.9,1022.0
10456390,stimulus_Arg_PISACowsMilk_10_page_6,965.4,204.6,1022.0
10456391,stimulus_Arg_PISACowsMilk_10_page_6,965.6,204.8,1022.0
10456392,stimulus_Arg_PISACowsMilk_10_page_6,965.9,205.1,1022.0
10456393,stimulus_Arg_PISACowsMilk_10_page_6,966.1,205.3,1022.0
10456394,stimulus_Arg_PISACowsMilk_10_page_6,966.1,205.0,1021.0
10456395,stimulus_Arg_PISACowsMilk_10_page_6,966.1,204.8,1021.0
10456396,stimulus_Arg_PISACowsMilk_10_page_6,966.3,204.8,1021.0
10456397,stimulus_Arg_PISACowsMilk_10_page_6,966.5,204.9,1022.0
10456398,stimulus_Arg_PISACowsMilk_10_page_6,966.5,204.8,1022.0
10456399,stimulus_Arg_PISACowsMilk_10_page_6,966.3,204.6,1022.0
10456400,stimulus_Arg_PISACowsMilk_10_page_6,966.1,204.4,1023.0
10456401,stimulus_Arg_PISACowsMilk_10_page_6,965.8,204.5,1023.0
10456402,stimulus_Arg_PISACowsMilk_10_page_6,965.4,204.5,1022.0
10456403,stimulus_Arg_PISACowsMilk_10_page_6,965.1,204.5,1020.0
10456404,stimulus_Arg_PISACowsMilk_10_page_6,964.9,204.8,1017.0
10456405,stimulus_Arg_PISACowsMilk_10_page_6,965.4,205.4,1017.0
10456406,stimulus_Arg_PISACowsMilk_10_page_6,967.2,205.9,1017.0
10456407,stimulus_Arg_PISACowsMilk_10_page_6,970.7,206.2,1016.0
10456408,stimulus_Arg_PISACowsMilk_10_page_6,975.5,206.3,1017.0
10456409,stimulus_Arg_PISACowsMilk_10_page_6,980.9,206.4,1019.0
10456410,stimulus_Arg_PISACowsMilk_10_page_6,986.8,206.5,1020.0
10456411,stimulus_Arg_PISACowsMilk_10_page_6,993.9,206.6,1021.0
10456412,stimulus_Arg_PISACowsMilk_10_page_6,1002.4,206.7,1020.0
10456413,stimulus_Arg_PISACowsMilk_10_page_6,1012.4,206.9,1020.0
10456414,stimulus_Arg_PISACowsMilk_10_page_6,1021.5,207.1,1019.0
10456415,stimulus_Arg_PISACowsMilk_10_page_6,1031.8,207.4,1018.0
10456416,stimulus_Arg_PISACowsMilk_10_page_6,1040.8,208.1,1017.0
10456417,stimulus_Arg_PISACowsMilk_10_page_6,1050.2,208.9,1017.0
10456418,stimulus_Arg_PISACowsMilk_10_page_6,1058.6,209.5,1016.0
10456419,stimulus_Arg_PISACowsMilk_10_page_6,1067.5,209.7,1015.0
10456420,stimulus_Arg_PISACowsMilk_10_page_6,1077.2,209.7,1014.0
10456421,stimulus_Arg_PISACowsMilk_10_page_6,1085.8,209.7,1012.0
10456422,stimulus_Arg_PISACowsMilk_10_page_6,1094.8,209.8,1010.0
10456423,stimulus_Arg_PISACowsMilk_10_page_6,1102.7,209.8,1009.0
10456424,stimulus_Arg_PISACowsMilk_10_page_6,1111.1,209.9,1006.0
10456425,stimulus_Arg_PISACowsMilk_10_page_6,1119.0,209.9,1001.0
10456426,stimulus_Arg_PISACowsMilk_10_page_6,1126.3,209.5,996.0
10456427,stimulus_Arg_PISACowsMilk_10_page_6,1133.3,209.2,993.0
10456428,stimulus_Arg_PISACowsMilk_10_page_6,1138.3,209.0,992.0
10456429,stimulus_Arg_PISACowsMilk_10_page_6,1141.9,209.1,991.0
10456430,stimulus_Arg_PISACowsMilk_10_page_6,1143.6,209.3,989.0
10456431,stimulus_Arg_PISACowsMilk_10_page_6,1144.5,208.9,986.0
10456432,stimulus_Arg_PISACowsMilk_10_page_6,1144.1,208.1,983.0
10456433,stimulus_Arg_PISACowsMilk_10_page_6,1142.9,207.0,981.0
10456434,stimulus_Arg_PISACowsMilk_10_page_6,1140.5,206.3,980.0
10456435,stimulus_Arg_PISACowsMilk_10_page_6,1137.3,205.9,979.0
10456436,stimulus_Arg_PISACowsMilk_10_page_6,1133.4,205.5,979.0
10456437,stimulus_Arg_PISACowsMilk_10_page_6,1129.9,205.0,979.0
10456438,stimulus_Arg_PISACowsMilk_10_page_6,1126.8,204.6,979.0
10456439,stimulus_Arg_PISACowsMilk_10_page_6,1123.8,205.0,979.0
10456440,stimulus_Arg_PISACowsMilk_10_page_6,1120.1,205.4,981.0
10456441,stimulus_Arg_PISACowsMilk_10_page_6,1116.7,205.8,983.0
10456442,stimulus_Arg_PISACowsMilk_10_page_6,1114.1,205.9,985.0
10456443,stimulus_Arg_PISACowsMilk_10_page_6,1112.3,206.3,985.0
10456444,stimulus_Arg_PISACowsMilk_10_page_6,1111.0,206.7,985.0
10456445,stimulus_Arg_PISACowsMilk_10_page_6,1110.0,207.7,985.0
10456446,stimulus_Arg_PISACowsMilk_10_page_6,1110.0,208.2,986.0
10456447,stimulus_Arg_PISACowsMilk_10_page_6,1110.1,208.7,988.0
10456448,stimulus_Arg_PISACowsMilk_10_page_6,1111.0,208.5,989.0
10456449,stimulus_Arg_PISACowsMilk_10_page_6,1112.0,208.3,989.0
10456450,stimulus_Arg_PISACowsMilk_10_page_6,1113.1,208.3,990.0
10456451,stimulus_Arg_PISACowsMilk_10_page_6,1113.8,208.3,991.0
10456452,stimulus_Arg_PISACowsMilk_10_page_6,1114.6,208.4,991.0
10456453,stimulus_Arg_PISACowsMilk_10_page_6,1115.2,208.5,992.0
10456454,stimulus_Arg_PISACowsMilk_10_page_6,1115.9,208.7,992.0
10456455,stimulus_Arg_PISACowsMilk_10_page_6,1116.3,209.0,991.0
10456456,stimulus_Arg_PISACowsMilk_10_page_6,1117.0,209.2,991.0
10456457,stimulus_Arg_PISACowsMilk_10_page_6,1117.7,209.5,991.0
10456458,stimulus_Arg_PISACowsMilk_10_page_6,1118.5,209.6,991.0
10456459,stimulus_Arg_PISACowsMilk_10_page_6,1119.1,209.5,991.0
10456460,stimulus_Arg_PISACowsMilk_10_page_6,1120.1,209.3,991.0
10456461,stimulus_Arg_PISACowsMilk_10_page_6,1120.9,209.3,991.0
10456462,stimulus_Arg_PISACowsMilk_10_page_6,1121.6,209.5,991.0
10456463,stimulus_Arg_PISACowsMilk_10_page_6,1121.8,209.9,989.0
10456464,stimulus_Arg_PISACowsMilk_10_page_6,1122.1,210.3,988.0
10456465,stimulus_Arg_PISACowsMilk_10_page_6,1122.4,210.6,986.0
10456466,stimulus_Arg_PISACowsMilk_10_page_6,1122.5,210.7,986.0
10456467,stimulus_Arg_PISACowsMilk_10_page_6,1122.5,210.6,985.0
10456468,stimulus_Arg_PISACowsMilk_10_page_6,1122.6,210.3,986.0
10456469,stimulus_Arg_PISACowsMilk_10_page_6,1122.8,209.9,987.0
10456470,stimulus_Arg_PISACowsMilk_10_page_6,1122.8,209.6,987.0
10456471,stimulus_Arg_PISACowsMilk_10_page_6,1122.6,209.5,988.0
10456472,stimulus_Arg_PISACowsMilk_10_page_6,1122.3,209.6,988.0
10456473,stimulus_Arg_PISACowsMilk_10_page_6,1122.0,209.7,989.0
10456474,stimulus_Arg_PISACowsMilk_10_page_6,1121.3,209.8,989.0
10456475,stimulus_Arg_PISACowsMilk_10_page_6,1120.8,209.9,989.0
10456476,stimulus_Arg_PISACowsMilk_10_page_6,1120.5,209.7,988.0
10456477,stimulus_Arg_PISACowsMilk_10_page_6,1120.7,209.5,987.0
10456478,stimulus_Arg_PISACowsMilk_10_page_6,1120.7,209.0,987.0
10456479,stimulus_Arg_PISACowsMilk_10_page_6,1120.6,208.8,986.0
10456480,stimulus_Arg_PISACowsMilk_10_page_6,1120.4,208.5,987.0
10456481,stimulus_Arg_PISACowsMilk_10_page_6,1120.2,208.5,987.0
10456482,stimulus_Arg_PISACowsMilk_10_page_6,1120.0,208.6,988.0
10456483,stimulus_Arg_PISACowsMilk_10_page_6,1119.8,208.6,988.0
10456484,stimulus_Arg_PISACowsMilk_10_page_6,1119.7,208.7,988.0
10456485,stimulus_Arg_PISACowsMilk_10_page_6,1119.7,208.7,987.0
10456486,stimulus_Arg_PISACowsMilk_10_page_6,1119.7,208.7,985.0
10456487,stimulus_Arg_PISACowsMilk_10_page_6,1119.6,208.8,984.0
10456488,stimulus_Arg_PISACowsMilk_10_page_6,1119.5,209.0,984.0
10456489,stimulus_Arg_PISACowsMilk_10_page_6,1119.4,209.0,985.0
10456490,stimulus_Arg_PISACowsMilk_10_page_6,1119.2,208.9,985.0
10456491,stimulus_Arg_PISACowsMilk_10_page_6,1119.2,208.7,985.0
10456492,stimulus_Arg_PISACowsMilk_10_page_6,1119.4,208.5,984.0
10456493,stimulus_Arg_PISACowsMilk_10_page_6,1119.6,208.2,984.0
10456494,stimulus_Arg_PISACowsMilk_10_page_6,1119.6,208.1,984.0
10456495,stimulus_Arg_PISACowsMilk_10_page_6,1119.3,207.9,983.0
10456496,stimulus_Arg_PISACowsMilk_10_page_6,1119.1,208.0,983.0
10456497,stimulus_Arg_PISACowsMilk_10_page_6,1119.3,208.0,983.0
10456498,stimulus_Arg_PISACowsMilk_10_page_6,1119.4,207.8,984.0
10456499,stimulus_Arg_PISACowsMilk_10_page_6,1119.7,207.6,984.0
10456500,stimulus_Arg_PISACowsMilk_10_page_6,1119.8,207.4,985.0
10456501,stimulus_Arg_PISACowsMilk_10_page_6,1119.9,207.4,986.0
10456502,stimulus_Arg_PISACowsMilk_10_page_6,1120.1,207.5,987.0
10456503,stimulus_Arg_PISACowsMilk_10_page_6,1120.1,207.5,986.0
10456504,stimulus_Arg_PISACowsMilk_10_page_6,1120.0,207.5,986.0
10456505,stimulus_Arg_PISACowsMilk_10_page_6,1119.9,207.5,985.0
10456506,stimulus_Arg_PISACowsMilk_10_page_6,1119.9,207.3,985.0
10456507,stimulus_Arg_PISACowsMilk_10_page_6,1119.7,207.2,985.0
10456508,stimulus_Arg_PISACowsMilk_10_page_6,1119.6,206.9,986.0
10456509,stimulus_Arg_PISACowsMilk_10_page_6,1119.5,206.7,987.0
10456510,stimulus_Arg_PISACowsMilk_10_page_6,1119.5,206.7,988.0
10456511,stimulus_Arg_PISACowsMilk_10_page_6,1119.5,206.8,989.0
10456512,stimulus_Arg_PISACowsMilk_10_page_6,1119.2,206.9,988.0
10456513,stimulus_Arg_PISACowsMilk_10_page_6,1119.0,206.9,987.0
10456514,stimulus_Arg_PISACowsMilk_10_page_6,1118.8,206.8,986.0
10456515,stimulus_Arg_PISACowsMilk_10_page_6,1119.1,206.5,986.0
10456516,stimulus_Arg_PISACowsMilk_10_page_6,1119.3,206.2,986.0
10456517,stimulus_Arg_PISACowsMilk_10_page_6,1119.6,206.1,986.0
10456518,stimulus_Arg_PISACowsMilk_10_page_6,1119.5,205.8,986.0
10456519,stimulus_Arg_PISACowsMilk_10_page_6,1119.3,205.6,986.0
10456520,stimulus_Arg_PISACowsMilk_10_page_6,1119.1,205.5,987.0
10456521,stimulus_Arg_PISACowsMilk_10_page_6,1119.0,205.6,987.0
10456522,stimulus_Arg_PISACowsMilk_10_page_6,1118.9,205.8,986.0
10456523,stimulus_Arg_PISACowsMilk_10_page_6,1118.9,206.0,986.0
10456524,stimulus_Arg_PISACowsMilk_10_page_6,1118.7,206.2,986.0
10456525,stimulus_Arg_PISACowsMilk_10_page_6,1118.6,206.3,986.0
10456526,stimulus_Arg_PISACowsMilk_10_page_6,1118.5,206.2,985.0
10456527,stimulus_Arg_PISACowsMilk_10_page_6,1118.6,206.1,984.0
10456528,stimulus_Arg_PISACowsMilk_10_page_6,1118.8,206.1,984.0
10456529,stimulus_Arg_PISACowsMilk_10_page_6,1119.1,206.1,986.0
10456530,stimulus_Arg_PISACowsMilk_10_page_6,1119.3,206.2,988.0
10456531,stimulus_Arg_PISACowsMilk_10_page_6,1119.5,206.2,988.0
10456532,stimulus_Arg_PISACowsMilk_10_page_6,1119.5,206.4,988.0
10456533,stimulus_Arg_PISACowsMilk_10_page_6,1119.4,206.4,987.0
10456534,stimulus_Arg_PISACowsMilk_10_page_6,1119.3,206.5,987.0
10456535,stimulus_Arg_PISACowsMilk_10_page_6,1119.1,206.4,986.0
10456536,stimulus_Arg_PISACowsMilk_10_page_6,1119.2,206.4,986.0
10456537,stimulus_Arg_PISACowsMilk_10_page_6,1119.2,206.3,986.0
10456538,stimulus_Arg_PISACowsMilk_10_page_6,1119.2,206.4,986.0
10456539,stimulus_Arg_PISACowsMilk_10_page_6,1119.3,206.5,987.0
10456540,stimulus_Arg_PISACowsMilk_10_page_6,1119.4,206.5,987.0
10456541,stimulus_Arg_PISACowsMilk_10_page_6,1119.5,206.3,988.0
10456542,stimulus_Arg_PISACowsMilk_10_page_6,1119.6,206.2,988.0
10456543,stimulus_Arg_PISACowsMilk_10_page_6,1119.7,206.1,986.0
10456544,stimulus_Arg_PISACowsMilk_10_page_6,1119.9,206.1,985.0
10456545,stimulus_Arg_PISACowsMilk_10_page_6,1119.9,206.1,985.0
10456546,stimulus_Arg_PISACowsMilk_10_page_6,1119.5,206.2,986.0
10456547,stimulus_Arg_PISACowsMilk_10_page_6,1119.1,206.3,985.0
10456548,stimulus_Arg_PISACowsMilk_10_page_6,1118.7,206.3,984.0
10456549,stimulus_Arg_PISACowsMilk_10_page_6,1118.9,206.3,983.0
10456550,stimulus_Arg_PISACowsMilk_10_page_6,1119.1,206.3,984.0
10456551,stimulus_Arg_PISACowsMilk_10_page_6,1119.2,206.3,985.0
10456552,stimulus_Arg_PISACowsMilk_10_page_6,1119.2,206.3,985.0
10456553,stimulus_Arg_PISACowsMilk_10_page_6,1119.2,206.3,985.0
10456554,stimulus_Arg_PISACowsMilk_10_page_6,1119.2,206.2,985.0
10456555,stimulus_Arg_PISACowsMilk_10_page_6,1119.1,206.1,984.0
10456556,stimulus_Arg_PISACowsMilk_10_page_6,1119.0,206.0,983.0
10456557,stimulus_Arg_PISACowsMilk_10_page_6,1118.9,206.0,982.0
10456558,stimulus_Arg_PISACowsMilk_10_page_6,1119.0,206.0,981.0
10456559,stimulus_Arg_PISACowsMilk_10_page_6,1119.3,206.0,982.0
10456560,stimulus_Arg_PISACowsMilk_10_page_6,1119.7,206.1,984.0
10456561,stimulus_Arg_PISACowsMilk_10_page_6,1119.8,206.3,985.0
10456562,stimulus_Arg_PISACowsMilk_10_page_6,1119.5,206.5,985.0
10456563,stimulus_Arg_PISACowsMilk_10_page_6,1119.3,206.6,984.0
10456564,stimulus_Arg_PISACowsMilk_10_page_6,1118.9,206.7,984.0
10456565,stimulus_Arg_PISACowsMilk_10_page_6,1118.8,206.8,983.0
10456566,stimulus_Arg_PISACowsMilk_10_page_6,1118.7,206.8,982.0
10456567,stimulus_Arg_PISACowsMilk_10_page_6,1118.7,206.7,981.0
10456568,stimulus_Arg_PISACowsMilk_10_page_6,1118.7,206.8,981.0
10456569,stimulus_Arg_PISACowsMilk_10_page_6,1118.7,207.0,982.0
10456570,stimulus_Arg_PISACowsMilk_10_page_6,1118.7,207.2,983.0
10456571,stimulus_Arg_PISACowsMilk_10_page_6,1118.9,207.3,983.0
10456572,stimulus_Arg_PISACowsMilk_10_page_6,1119.0,207.2,982.0
10456573,stimulus_Arg_PISACowsMilk_10_page_6,1119.1,207.2,981.0
10456574,stimulus_Arg_PISACowsMilk_10_page_6,1119.2,207.2,981.0
10456575,stimulus_Arg_PISACowsMilk_10_page_6,1119.2,207.2,981.0
10456576,stimulus_Arg_PISACowsMilk_10_page_6,1119.3,207.0,981.0
10456577,stimulus_Arg_PISACowsMilk_10_page_6,1119.3,206.8,982.0
10456578,stimulus_Arg_PISACowsMilk_10_page_6,1119.1,206.6,982.0
10456579,stimulus_Arg_PISACowsMilk_10_page_6,1118.9,206.7,983.0
10456580,stimulus_Arg_PISACowsMilk_10_page_6,1118.6,206.7,983.0
10456581,stimulus_Arg_PISACowsMilk_10_page_6,1118.6,206.7,984.0
10456582,stimulus_Arg_PISACowsMilk_10_page_6,1118.9,206.6,984.0
10456583,stimulus_Arg_PISACowsMilk_10_page_6,1119.3,206.6,984.0
10456584,stimulus_Arg_PISACowsMilk_10_page_6,1119.7,206.5,983.0
10456585,stimulus_Arg_PISACowsMilk_10_page_6,1119.7,206.7,983.0
10456586,stimulus_Arg_PISACowsMilk_10_page_6,1119.8,206.8,983.0
10456587,stimulus_Arg_PISACowsMilk_10_page_6,1119.8,206.8,983.0
10456588,stimulus_Arg_PISACowsMilk_10_page_6,1119.8,206.8,983.0
10456589,stimulus_Arg_PISACowsMilk_10_page_6,1119.8,206.7,983.0
10456590,stimulus_Arg_PISACowsMilk_10_page_6,1119.8,206.8,984.0
10456591,stimulus_Arg_PISACowsMilk_10_page_6,1119.7,206.7,985.0
10456592,stimulus_Arg_PISACowsMilk_10_page_6,1119.5,206.7,985.0
10456593,stimulus_Arg_PISACowsMilk_10_page_6,1119.4,206.6,985.0
10456594,stimulus_Arg_PISACowsMilk_10_page_6,1119.2,206.6,985.0
10456595,stimulus_Arg_PISACowsMilk_10_page_6,1119.2,206.6,983.0
10456596,stimulus_Arg_PISACowsMilk_10_page_6,1119.2,206.6,981.0
10456597,stimulus_Arg_PISACowsMilk_10_page_6,1119.1,206.7,980.0
10456598,stimulus_Arg_PISACowsMilk_10_page_6,1119.2,206.7,981.0
10456599,stimulus_Arg_PISACowsMilk_10_page_6,1119.4,206.9,981.0
10456600,stimulus_Arg_PISACowsMilk_10_page_6,1119.5,207.0,982.0
10456601,stimulus_Arg_PISACowsMilk_10_page_6,1119.5,207.1,982.0
10456602,stimulus_Arg_PISACowsMilk_10_page_6,1119.5,207.1,982.0
10456603,stimulus_Arg_PISACowsMilk_10_page_6,1119.4,207.0,983.0
10456604,stimulus_Arg_PISACowsMilk_10_page_6,1119.3,206.9,983.0
10456605,stimulus_Arg_PISACowsMilk_10_page_6,1119.4,206.7,983.0
10456606,stimulus_Arg_PISACowsMilk_10_page_6,1119.5,206.8,983.0
10456607,stimulus_Arg_PISACowsMilk_10_page_6,1119.5,206.8,983.0
10456608,stimulus_Arg_PISACowsMilk_10_page_6,1119.5,206.7,984.0
10456609,stimulus_Arg_PISACowsMilk_10_page_6,1119.6,206.6,984.0
10456610,stimulus_Arg_PISACowsMilk_10_page_6,1119.8,206.3,984.0
10456611,stimulus_Arg_PISACowsMilk_10_page_6,1119.9,206.3,984.0
10456612,stimulus_Arg_PISACowsMilk_10_page_6,1120.1,206.3,983.0
10456613,stimulus_Arg_PISACowsMilk_10_page_6,1120.1,206.3,983.0
10456614,stimulus_Arg_PISACowsMilk_10_page_6,1120.0,206.4,982.0
10456615,stimulus_Arg_PISACowsMilk_10_page_6,1120.1,206.3,982.0
10456616,stimulus_Arg_PISACowsMilk_10_page_6,1120.1,206.3,982.0
10456617,stimulus_Arg_PISACowsMilk_10_page_6,1120.1,206.3,983.0
10456618,stimulus_Arg_PISACowsMilk_10_page_6,1120.1,206.3,983.0
10456619,stimulus_Arg_PISACowsMilk_10_page_6,1120.1,206.3,983.0
10456620,stimulus_Arg_PISACowsMilk_10_page_6,1119.7,206.2,983.0
10456621,stimulus_Arg_PISACowsMilk_10_page_6,1118.9,206.3,983.0
10456622,stimulus_Arg_PISACowsMilk_10_page_6,1117.3,206.6,981.0
10456623,stimulus_Arg_PISACowsMilk_10_page_6,1114.6,206.8,979.0
10456624,stimulus_Arg_PISACowsMilk_10_page_6,1110.3,207.0,977.0
10456625,stimulus_Arg_PISACowsMilk_10_page_6,1105.0,206.6,978.0
10456626,stimulus_Arg_PISACowsMilk_10_page_6,1097.1,206.2,980.0
10456627,stimulus_Arg_PISACowsMilk_10_page_6,1088.0,205.9,982.0
10456628,stimulus_Arg_PISACowsMilk_10_page_6,1076.6,205.9,983.0
10456629,stimulus_Arg_PISACowsMilk_10_page_6,1064.7,207.1,983.0
10456630,stimulus_Arg_PISACowsMilk_10_page_6,1051.2,208.6,985.0
10456631,stimulus_Arg_PISACowsMilk_10_page_6,1035.5,211.0,988.0
10456632,stimulus_Arg_PISACowsMilk_10_page_6,1017.4,213.0,991.0
10456633,stimulus_Arg_PISACowsMilk_10_page_6,999.0,215.4,991.0
10456634,stimulus_Arg_PISACowsMilk_10_page_6,981.0,218.3,992.0
10456635,stimulus_Arg_PISACowsMilk_10_page_6,964.9,221.0,997.0
10456636,stimulus_Arg_PISACowsMilk_10_page_6,948.5,224.5,1002.0
10456637,stimulus_Arg_PISACowsMilk_10_page_6,932.8,226.5,1009.0
10456638,stimulus_Arg_PISACowsMilk_10_page_6,917.2,229.1,1013.0
10456639,stimulus_Arg_PISACowsMilk_10_page_6,902.2,230.0,1018.0
10456640,stimulus_Arg_PISACowsMilk_10_page_6,887.2,231.1,1021.0
10456641,stimulus_Arg_PISACowsMilk_10_page_6,871.9,231.1,1023.0
10456642,stimulus_Arg_PISACowsMilk_10_page_6,857.6,231.7,1024.0
10456643,stimulus_Arg_PISACowsMilk_10_page_6,844.2,231.8,1027.0
10456644,stimulus_Arg_PISACowsMilk_10_page_6,831.2,232.0,1030.0
10456645,stimulus_Arg_PISACowsMilk_10_page_6,817.3,231.5,1034.0
10456646,stimulus_Arg_PISACowsMilk_10_page_6,802.7,230.6,1036.0
10456647,stimulus_Arg_PISACowsMilk_10_page_6,788.0,229.6,1037.0
10456648,stimulus_Arg_PISACowsMilk_10_page_6,774.0,228.2,1039.0
10456649,stimulus_Arg_PISACowsMilk_10_page_6,759.3,227.1,1040.0
10456650,stimulus_Arg_PISACowsMilk_10_page_6,744.8,226.0,1041.0
10456651,stimulus_Arg_PISACowsMilk_10_page_6,728.9,225.2,1042.0
10456652,stimulus_Arg_PISACowsMilk_10_page_6,713.8,224.5,1043.0
10456653,stimulus_Arg_PISACowsMilk_10_page_6,698.0,223.6,1044.0
10456654,stimulus_Arg_PISACowsMilk_10_page_6,682.0,223.4,1043.0
10456655,stimulus_Arg_PISACowsMilk_10_page_6,665.9,224.0,1040.0
10456656,stimulus_Arg_PISACowsMilk_10_page_6,649.7,225.7,1037.0
10456657,stimulus_Arg_PISACowsMilk_10_page_6,635.3,228.4,1035.0
10456658,stimulus_Arg_PISACowsMilk_10_page_6,620.8,230.6,1034.0
10456659,stimulus_Arg_PISACowsMilk_10_page_6,607.8,233.4,1035.0
10456660,stimulus_Arg_PISACowsMilk_10_page_6,593.6,234.6,1035.0
10456661,stimulus_Arg_PISACowsMilk_10_page_6,579.7,236.7,1036.0
10456662,stimulus_Arg_PISACowsMilk_10_page_6,563.9,237.3,1037.0
10456663,stimulus_Arg_PISACowsMilk_10_page_6,548.7,237.8,1038.0
10456664,stimulus_Arg_PISACowsMilk_10_page_6,533.0,237.5,1040.0
10456665,stimulus_Arg_PISACowsMilk_10_page_6,518.3,238.3,1041.0
10456666,stimulus_Arg_PISACowsMilk_10_page_6,502.8,239.0,1042.0
10456667,stimulus_Arg_PISACowsMilk_10_page_6,488.2,239.6,1042.0
10456668,stimulus_Arg_PISACowsMilk_10_page_6,474.2,239.3,1042.0
10456669,stimulus_Arg_PISACowsMilk_10_page_6,460.9,239.3,1043.0
10456670,stimulus_Arg_PISACowsMilk_10_page_6,447.2,239.2,1044.0
10456671,stimulus_Arg_PISACowsMilk_10_page_6,431.9,239.7,1042.0
10456672,stimulus_Arg_PISACowsMilk_10_page_6,416.8,241.7,1040.0
10456673,stimulus_Arg_PISACowsMilk_10_page_6,402.0,244.3,1040.0
10456674,stimulus_Arg_PISACowsMilk_10_page_6,388.3,246.9,1043.0
10456675,stimulus_Arg_PISACowsMilk_10_page_6,374.3,248.8,1046.0
10456676,stimulus_Arg_PISACowsMilk_10_page_6,360.2,250.0,1047.0
10456677,stimulus_Arg_PISACowsMilk_10_page_6,346.8,251.4,1047.0
10456678,stimulus_Arg_PISACowsMilk_10_page_6,335.3,252.2,1047.0
10456679,stimulus_Arg_PISACowsMilk_10_page_6,324.1,253.0,1048.0
10456680,stimulus_Arg_PISACowsMilk_10_page_6,314.7,253.6,1048.0
10456681,stimulus_Arg_PISACowsMilk_10_page_6,305.5,255.3,1048.0
10456682,stimulus_Arg_PISACowsMilk_10_page_6,298.7,257.2,1048.0
10456683,stimulus_Arg_PISACowsMilk_10_page_6,289.6,259.4,1048.0
10456684,stimulus_Arg_PISACowsMilk_10_page_6,282.1,260.2,1048.0
10456685,stimulus_Arg_PISACowsMilk_10_page_6,275.8,261.7,1049.0
10456686,stimulus_Arg_PISACowsMilk_10_page_6,271.9,263.2,1051.0
10456687,stimulus_Arg_PISACowsMilk_10_page_6,268.5,264.7,1052.0
10456688,stimulus_Arg_PISACowsMilk_10_page_6,265.1,265.4,1053.0
10456689,stimulus_Arg_PISACowsMilk_10_page_6,262.8,265.3,1053.0
10456690,stimulus_Arg_PISACowsMilk_10_page_6,261.0,265.2,1054.0
10456691,stimulus_Arg_PISACowsMilk_10_page_6,259.5,264.8,1055.0
10456692,stimulus_Arg_PISACowsMilk_10_page_6,258.7,264.5,1056.0
10456693,stimulus_Arg_PISACowsMilk_10_page_6,258.3,264.1,1057.0
10456694,stimulus_Arg_PISACowsMilk_10_page_6,258.0,264.2,1058.0
10456695,stimulus_Arg_PISACowsMilk_10_page_6,257.9,264.1,1058.0
10456696,stimulus_Arg_PISACowsMilk_10_page_6,258.4,263.4,1058.0
10456697,stimulus_Arg_PISACowsMilk_10_page_6,259.3,262.5,1057.0
10456698,stimulus_Arg_PISACowsMilk_10_page_6,260.9,261.7,1057.0
10456699,stimulus_Arg_PISACowsMilk_10_page_6,262.3,261.4,1058.0
10456700,stimulus_Arg_PISACowsMilk_10_page_6,263.3,261.2,1058.0
10456701,stimulus_Arg_PISACowsMilk_10_page_6,263.5,261.0,1057.0
10456702,stimulus_Arg_PISACowsMilk_10_page_6,263.5,260.8,1057.0
10456703,stimulus_Arg_PISACowsMilk_10_page_6,263.0,261.3,1056.0
10456704,stimulus_Arg_PISACowsMilk_10_page_6,262.0,261.8,1054.0
10456705,stimulus_Arg_PISACowsMilk_10_page_6,260.5,262.3,1053.0
10456706,stimulus_Arg_PISACowsMilk_10_page_6,259.3,262.5,1053.0
10456707,stimulus_Arg_PISACowsMilk_10_page_6,258.1,262.9,1053.0
10456708,stimulus_Arg_PISACowsMilk_10_page_6,257.1,263.8,1053.0
10456709,stimulus_Arg_PISACowsMilk_10_page_6,256.1,264.8,1053.0
10456710,stimulus_Arg_PISACowsMilk_10_page_6,255.0,265.5,1054.0
10456711,stimulus_Arg_PISACowsMilk_10_page_6,254.2,265.7,1054.0
10456712,stimulus_Arg_PISACowsMilk_10_page_6,253.5,265.6,1055.0
10456713,stimulus_Arg_PISACowsMilk_10_page_6,253.1,265.6,1056.0
10456714,stimulus_Arg_PISACowsMilk_10_page_6,252.8,266.1,1056.0
10456715,stimulus_Arg_PISACowsMilk_10_page_6,252.7,266.8,1055.0
10456716,stimulus_Arg_PISACowsMilk_10_page_6,252.5,267.5,1055.0
10456717,stimulus_Arg_PISACowsMilk_10_page_6,252.5,267.6,1055.0
10456718,stimulus_Arg_PISACowsMilk_10_page_6,252.4,267.6,1056.0
10456719,stimulus_Arg_PISACowsMilk_10_page_6,252.3,267.6,1056.0
10456720,stimulus_Arg_PISACowsMilk_10_page_6,252.3,267.5,1056.0
10456721,stimulus_Arg_PISACowsMilk_10_page_6,252.3,267.3,1056.0
10456722,stimulus_Arg_PISACowsMilk_10_page_6,252.5,267.1,1056.0
10456723,stimulus_Arg_PISACowsMilk_10_page_6,252.7,267.2,1057.0
10456724,stimulus_Arg_PISACowsMilk_10_page_6,253.1,267.2,1057.0
10456725,stimulus_Arg_PISACowsMilk_10_page_6,253.4,267.3,1057.0
10456726,stimulus_Arg_PISACowsMilk_10_page_6,253.8,267.3,1057.0
10456727,stimulus_Arg_PISACowsMilk_10_page_6,253.7,267.2,1057.0
10456728,stimulus_Arg_PISACowsMilk_10_page_6,253.4,267.2,1056.0
10456729,stimulus_Arg_PISACowsMilk_10_page_6,253.1,267.2,1056.0
10456730,stimulus_Arg_PISACowsMilk_10_page_6,253.0,267.3,1056.0
10456731,stimulus_Arg_PISACowsMilk_10_page_6,253.0,267.1,1055.0
10456732,stimulus_Arg_PISACowsMilk_10_page_6,253.0,266.9,1055.0
10456733,stimulus_Arg_PISACowsMilk_10_page_6,252.7,266.8,1055.0
10456734,stimulus_Arg_PISACowsMilk_10_page_6,252.4,266.8,1055.0
10456735,stimulus_Arg_PISACowsMilk_10_page_6,251.9,266.8,1055.0
10456736,stimulus_Arg_PISACowsMilk_10_page_6,251.6,266.5,1055.0
10456737,stimulus_Arg_PISACowsMilk_10_page_6,251.1,266.1,1056.0
10456738,stimulus_Arg_PISACowsMilk_10_page_6,250.7,265.8,1057.0
10456739,stimulus_Arg_PISACowsMilk_10_page_6,250.4,266.0,1058.0
10456740,stimulus_Arg_PISACowsMilk_10_page_6,250.4,266.2,1059.0
10456741,stimulus_Arg_PISACowsMilk_10_page_6,250.4,266.3,1060.0
10456742,stimulus_Arg_PISACowsMilk_10_page_6,250.5,266.1,1060.0
10456743,stimulus_Arg_PISACowsMilk_10_page_6,250.6,265.9,1059.0
10456744,stimulus_Arg_PISACowsMilk_10_page_6,250.7,265.9,1057.0
10456745,stimulus_Arg_PISACowsMilk_10_page_6,251.0,265.9,1054.0
10456746,stimulus_Arg_PISACowsMilk_10_page_6,251.3,265.8,1054.0
10456747,stimulus_Arg_PISACowsMilk_10_page_6,251.7,265.8,1054.0
10456748,stimulus_Arg_PISACowsMilk_10_page_6,252.2,265.8,1055.0
10456749,stimulus_Arg_PISACowsMilk_10_page_6,252.7,265.9,1055.0
10456750,stimulus_Arg_PISACowsMilk_10_page_6,253.1,266.0,1056.0
10456751,stimulus_Arg_PISACowsMilk_10_page_6,253.2,266.0,1056.0
10456752,stimulus_Arg_PISACowsMilk_10_page_6,253.4,266.0,1056.0
10456753,stimulus_Arg_PISACowsMilk_10_page_6,253.5,266.0,1056.0
10456754,stimulus_Arg_PISACowsMilk_10_page_6,253.6,266.1,1056.0
10456755,stimulus_Arg_PISACowsMilk_10_page_6,253.5,266.7,1056.0
10456756,stimulus_Arg_PISACowsMilk_10_page_6,253.6,267.2,1057.0
10456757,stimulus_Arg_PISACowsMilk_10_page_6,253.8,267.6,1058.0
10456758,stimulus_Arg_PISACowsMilk_10_page_6,254.0,267.6,1059.0
10456759,stimulus_Arg_PISACowsMilk_10_page_6,254.2,267.7,1060.0
10456760,stimulus_Arg_PISACowsMilk_10_page_6,254.4,267.8,1061.0
10456761,stimulus_Arg_PISACowsMilk_10_page_6,254.5,267.9,1062.0
10456762,stimulus_Arg_PISACowsMilk_10_page_6,254.5,267.8,1062.0
10456763,stimulus_Arg_PISACowsMilk_10_page_6,254.4,267.7,1062.0
10456764,stimulus_Arg_PISACowsMilk_10_page_6,254.3,267.7,1062.0
10456765,stimulus_Arg_PISACowsMilk_10_page_6,254.3,268.0,1062.0
10456766,stimulus_Arg_PISACowsMilk_10_page_6,254.3,268.4,1062.0
10456767,stimulus_Arg_PISACowsMilk_10_page_6,254.4,268.7,1063.0
10456768,stimulus_Arg_PISACowsMilk_10_page_6,254.5,268.6,1063.0
10456769,stimulus_Arg_PISACowsMilk_10_page_6,254.1,268.2,1064.0
10456770,stimulus_Arg_PISACowsMilk_10_page_6,253.7,268.0,1064.0
10456771,stimulus_Arg_PISACowsMilk_10_page_6,253.0,268.0,1064.0
10456772,stimulus_Arg_PISACowsMilk_10_page_6,252.8,268.1,1063.0
10456773,stimulus_Arg_PISACowsMilk_10_page_6,252.6,268.2,1063.0
10456774,stimulus_Arg_PISACowsMilk_10_page_6,252.6,268.3,1063.0
10456775,stimulus_Arg_PISACowsMilk_10_page_6,252.6,268.3,1063.0
10456776,stimulus_Arg_PISACowsMilk_10_page_6,252.5,268.3,1064.0
10456777,stimulus_Arg_PISACowsMilk_10_page_6,252.4,268.2,1065.0
10456778,stimulus_Arg_PISACowsMilk_10_page_6,252.4,268.2,1065.0
10456779,stimulus_Arg_PISACowsMilk_10_page_6,252.4,268.4,1066.0
10456780,stimulus_Arg_PISACowsMilk_10_page_6,252.4,268.5,1066.0
10456781,stimulus_Arg_PISACowsMilk_10_page_6,252.2,268.6,1067.0
10456782,stimulus_Arg_PISACowsMilk_10_page_6,252.1,268.6,1067.0
10456783,stimulus_Arg_PISACowsMilk_10_page_6,252.0,268.6,1067.0
10456784,stimulus_Arg_PISACowsMilk_10_page_6,252.0,268.9,1067.0
10456785,stimulus_Arg_PISACowsMilk_10_page_6,252.2,269.2,1067.0
10456786,stimulus_Arg_PISACowsMilk_10_page_6,252.5,269.4,1067.0
10456787,stimulus_Arg_PISACowsMilk_10_page_6,252.7,269.3,1067.0
10456788,stimulus_Arg_PISACowsMilk_10_page_6,252.9,269.3,1067.0
10456789,stimulus_Arg_PISACowsMilk_10_page_6,253.0,269.2,1068.0
10456790,stimulus_Arg_PISACowsMilk_10_page_6,253.1,269.3,1068.0
10456791,stimulus_Arg_PISACowsMilk_10_page_6,253.0,269.3,1068.0
10456792,stimulus_Arg_PISACowsMilk_10_page_6,253.0,269.4,1068.0
10456793,stimulus_Arg_PISACowsMilk_10_page_6,252.9,269.5,1068.0
10456794,stimulus_Arg_PISACowsMilk_10_page_6,252.9,269.7,1068.0
10456795,stimulus_Arg_PISACowsMilk_10_page_6,252.8,269.9,1068.0
10456796,stimulus_Arg_PISACowsMilk_10_page_6,252.9,270.2,1068.0
10456797,stimulus_Arg_PISACowsMilk_10_page_6,253.0,270.4,1067.0
10456798,stimulus_Arg_PISACowsMilk_10_page_6,253.1,270.9,1067.0
10456799,stimulus_Arg_PISACowsMilk_10_page_6,253.2,271.3,1068.0
10456800,stimulus_Arg_PISACowsMilk_10_page_6,253.3,271.6,1068.0
10456801,stimulus_Arg_PISACowsMilk_10_page_6,253.3,271.3,1069.0
10456802,stimulus_Arg_PISACowsMilk_10_page_6,253.1,270.9,1069.0
10456803,stimulus_Arg_PISACowsMilk_10_page_6,253.0,270.5,1069.0
10456804,stimulus_Arg_PISACowsMilk_10_page_6,252.8,270.4,1069.0
10456805,stimulus_Arg_PISACowsMilk_10_page_6,252.7,270.3,1069.0
10456806,stimulus_Arg_PISACowsMilk_10_page_6,252.6,270.1,1068.0
10456807,stimulus_Arg_PISACowsMilk_10_page_6,252.5,270.1,1068.0
10456808,stimulus_Arg_PISACowsMilk_10_page_6,252.5,270.1,1067.0
10456809,stimulus_Arg_PISACowsMilk_10_page_6,252.5,270.1,1067.0
10456810,stimulus_Arg_PISACowsMilk_10_page_6,252.4,270.1,1068.0
10456811,stimulus_Arg_PISACowsMilk_10_page_6,252.2,270.0,1068.0
10456812,stimulus_Arg_PISACowsMilk_10_page_6,252.0,269.9,1069.0
10456813,stimulus_Arg_PISACowsMilk_10_page_6,252.1,270.0,1069.0
10456814,stimulus_Arg_PISACowsMilk_10_page_6,252.1,270.2,1069.0
10456815,stimulus_Arg_PISACowsMilk_10_page_6,251.8,270.3,1068.0
10456816,stimulus_Arg_PISACowsMilk_10_page_6,251.3,270.3,1067.0
10456817,stimulus_Arg_PISACowsMilk_10_page_6,250.7,270.2,1067.0
10456818,stimulus_Arg_PISACowsMilk_10_page_6,250.5,270.1,1068.0
10456819,stimulus_Arg_PISACowsMilk_10_page_6,251.1,269.7,1068.0
10456820,stimulus_Arg_PISACowsMilk_10_page_6,251.7,269.2,1069.0
10456821,stimulus_Arg_PISACowsMilk_10_page_6,252.2,268.6,1068.0
10456822,stimulus_Arg_PISACowsMilk_10_page_6,252.0,268.5,1068.0
10456823,stimulus_Arg_PISACowsMilk_10_page_6,251.6,268.3,1069.0
10456824,stimulus_Arg_PISACowsMilk_10_page_6,251.3,268.2,1070.0
10456825,stimulus_Arg_PISACowsMilk_10_page_6,251.0,268.1,1071.0
10456826,stimulus_Arg_PISACowsMilk_10_page_6,250.2,267.9,1073.0
10456827,stimulus_Arg_PISACowsMilk_10_page_6,248.7,268.2,1074.0
10456828,stimulus_Arg_PISACowsMilk_10_page_6,245.7,268.6,1075.0
10456829,stimulus_Arg_PISACowsMilk_10_page_6,240.8,268.9,1076.0
10456830,stimulus_Arg_PISACowsMilk_10_page_6,234.3,268.8,1076.0
10456831,stimulus_Arg_PISACowsMilk_10_page_6,226.1,269.6,1077.0
10456832,stimulus_Arg_PISACowsMilk_10_page_6,216.7,270.3,1077.0
10456833,stimulus_Arg_PISACowsMilk_10_page_6,205.6,272.5,1077.0
10456834,stimulus_Arg_PISACowsMilk_10_page_6,193.9,274.9,1077.0
10456835,stimulus_Arg_PISACowsMilk_10_page_6,182.2,279.5,1076.0
10456836,stimulus_Arg_PISACowsMilk_10_page_6,170.9,283.7,1077.0
10456837,stimulus_Arg_PISACowsMilk_10_page_6,159.0,287.4,1079.0
10456838,stimulus_Arg_PISACowsMilk_10_page_6,149.1,289.8,1081.0
10456839,stimulus_Arg_PISACowsMilk_10_page_6,140.0,292.3,1082.0
10456840,stimulus_Arg_PISACowsMilk_10_page_6,134.1,294.3,1083.0
10456841,stimulus_Arg_PISACowsMilk_10_page_6,128.2,295.4,1084.0
10456842,stimulus_Arg_PISACowsMilk_10_page_6,124.0,295.2,1084.0
10456843,stimulus_Arg_PISACowsMilk_10_page_6,120.8,295.6,1084.0
10456844,stimulus_Arg_PISACowsMilk_10_page_6,119.2,296.1,1083.0
10456845,stimulus_Arg_PISACowsMilk_10_page_6,118.8,296.2,1083.0
10456846,stimulus_Arg_PISACowsMilk_10_page_6,119.7,295.1,1082.0
10456847,stimulus_Arg_PISACowsMilk_10_page_6,121.5,293.7,1081.0
10456848,stimulus_Arg_PISACowsMilk_10_page_6,124.1,292.7,1081.0
10456849,stimulus_Arg_PISACowsMilk_10_page_6,126.2,292.0,1080.0
10456850,stimulus_Arg_PISACowsMilk_10_page_6,127.6,291.5,1081.0
10456851,stimulus_Arg_PISACowsMilk_10_page_6,128.7,290.8,1081.0
10456852,stimulus_Arg_PISACowsMilk_10_page_6,130.2,290.0,1082.0
10456853,stimulus_Arg_PISACowsMilk_10_page_6,131.5,289.0,1083.0
10456854,stimulus_Arg_PISACowsMilk_10_page_6,132.9,288.1,1083.0
10456855,stimulus_Arg_PISACowsMilk_10_page_6,134.3,287.8,1083.0
10456856,stimulus_Arg_PISACowsMilk_10_page_6,135.8,287.7,1084.0
10456857,stimulus_Arg_PISACowsMilk_10_page_6,137.3,287.7,1084.0
10456858,stimulus_Arg_PISACowsMilk_10_page_6,138.3,287.5,1085.0
10456859,stimulus_Arg_PISACowsMilk_10_page_6,139.1,287.3,1085.0
10456860,stimulus_Arg_PISACowsMilk_10_page_6,139.3,287.1,1084.0
10456861,stimulus_Arg_PISACowsMilk_10_page_6,139.8,286.9,1083.0
10456862,stimulus_Arg_PISACowsMilk_10_page_6,140.3,286.7,1081.0
10456863,stimulus_Arg_PISACowsMilk_10_page_6,140.8,286.7,1080.0
10456864,stimulus_Arg_PISACowsMilk_10_page_6,140.4,286.9,1079.0
10456865,stimulus_Arg_PISACowsMilk_10_page_6,140.1,287.2,1078.0
10456866,stimulus_Arg_PISACowsMilk_10_page_6,139.7,287.5,1078.0
10456867,stimulus_Arg_PISACowsMilk_10_page_6,139.3,287.6,1077.0
10456868,stimulus_Arg_PISACowsMilk_10_page_6,138.0,287.8,1077.0
10456869,stimulus_Arg_PISACowsMilk_10_page_6,136.3,288.0,1077.0
10456870,stimulus_Arg_PISACowsMilk_10_page_6,134.2,288.0,1078.0
10456871,stimulus_Arg_PISACowsMilk_10_page_6,132.7,288.3,1079.0
10456872,stimulus_Arg_PISACowsMilk_10_page_6,131.1,288.5,1080.0
10456873,stimulus_Arg_PISACowsMilk_10_page_6,130.1,288.9,1081.0
10456874,stimulus_Arg_PISACowsMilk_10_page_6,129.4,289.1,1081.0
10456875,stimulus_Arg_PISACowsMilk_10_page_6,129.1,289.5,1081.0
10456876,stimulus_Arg_PISACowsMilk_10_page_6,128.9,289.9,1081.0
10456877,stimulus_Arg_PISACowsMilk_10_page_6,128.7,290.3,1080.0
10456878,stimulus_Arg_PISACowsMilk_10_page_6,128.7,290.6,1080.0
10456879,stimulus_Arg_PISACowsMilk_10_page_6,128.7,290.9,1080.0
10456880,stimulus_Arg_PISACowsMilk_10_page_6,128.8,291.1,1080.0
10456881,stimulus_Arg_PISACowsMilk_10_page_6,129.2,291.1,1081.0
10456882,stimulus_Arg_PISACowsMilk_10_page_6,129.9,291.2,1081.0
10456883,stimulus_Arg_PISACowsMilk_10_page_6,130.5,291.3,1081.0
10456884,stimulus_Arg_PISACowsMilk_10_page_6,130.8,290.9,1081.0
10456885,stimulus_Arg_PISACowsMilk_10_page_6,130.9,290.5,1081.0
10456886,stimulus_Arg_PISACowsMilk_10_page_6,130.9,290.1,1081.0
10456887,stimulus_Arg_PISACowsMilk_10_page_6,130.9,290.2,1081.0
10456888,stimulus_Arg_PISACowsMilk_10_page_6,130.9,290.4,1081.0
10456889,stimulus_Arg_PISACowsMilk_10_page_6,131.0,290.5,1081.0
10456890,stimulus_Arg_PISACowsMilk_10_page_6,131.1,290.6,1081.0
10456891,stimulus_Arg_PISACowsMilk_10_page_6,131.3,290.6,1081.0
10456892,stimulus_Arg_PISACowsMilk_10_page_6,131.2,290.7,1081.0
10456893,stimulus_Arg_PISACowsMilk_10_page_6,130.9,290.9,1081.0
10456894,stimulus_Arg_PISACowsMilk_10_page_6,130.8,291.0,1080.0
10456895,stimulus_Arg_PISACowsMilk_10_page_6,130.8,290.9,1080.0
10456896,stimulus_Arg_PISACowsMilk_10_page_6,130.7,290.8,1080.0
10456897,stimulus_Arg_PISACowsMilk_10_page_6,130.5,290.8,1080.0
10456898,stimulus_Arg_PISACowsMilk_10_page_6,130.3,290.7,1080.0
10456899,stimulus_Arg_PISACowsMilk_10_page_6,130.2,290.5,1081.0
10456900,stimulus_Arg_PISACowsMilk_10_page_6,130.3,290.3,1081.0
10456901,stimulus_Arg_PISACowsMilk_10_page_6,130.4,290.2,1081.0
10456902,stimulus_Arg_PISACowsMilk_10_page_6,130.4,290.1,1081.0
10456903,stimulus_Arg_PISACowsMilk_10_page_6,130.4,290.1,1080.0
10456904,stimulus_Arg_PISACowsMilk_10_page_6,130.5,290.1,1078.0
10456905,stimulus_Arg_PISACowsMilk_10_page_6,130.6,290.0,1078.0
10456906,stimulus_Arg_PISACowsMilk_10_page_6,130.8,290.0,1078.0
10456907,stimulus_Arg_PISACowsMilk_10_page_6,130.8,289.9,1079.0
10456908,stimulus_Arg_PISACowsMilk_10_page_6,130.7,289.7,1079.0
10456909,stimulus_Arg_PISACowsMilk_10_page_6,130.6,289.5,1079.0
10456910,stimulus_Arg_PISACowsMilk_10_page_6,130.6,289.4,1079.0
10456911,stimulus_Arg_PISACowsMilk_10_page_6,130.6,289.3,1079.0
10456912,stimulus_Arg_PISACowsMilk_10_page_6,130.5,289.3,1079.0
10456913,stimulus_Arg_PISACowsMilk_10_page_6,130.5,289.4,1080.0
10456914,stimulus_Arg_PISACowsMilk_10_page_6,130.4,289.5,1079.0
10456915,stimulus_Arg_PISACowsMilk_10_page_6,130.6,289.5,1078.0
10456916,stimulus_Arg_PISACowsMilk_10_page_6,130.8,289.4,1077.0
10456917,stimulus_Arg_PISACowsMilk_10_page_6,130.9,289.3,1076.0
10456918,stimulus_Arg_PISACowsMilk_10_page_6,130.9,289.5,1075.0
10456919,stimulus_Arg_PISACowsMilk_10_page_6,130.8,289.7,1075.0
10456920,stimulus_Arg_PISACowsMilk_10_page_6,130.8,289.7,1075.0
10456921,stimulus_Arg_PISACowsMilk_10_page_6,130.8,289.3,1076.0
10456922,stimulus_Arg_PISACowsMilk_10_page_6,130.8,288.9,1076.0
10456923,stimulus_Arg_PISACowsMilk_10_page_6,130.8,288.9,1076.0
10456924,stimulus_Arg_PISACowsMilk_10_page_6,130.7,289.0,1075.0
10456925,stimulus_Arg_PISACowsMilk_10_page_6,130.9,288.9,1074.0
10456926,stimulus_Arg_PISACowsMilk_10_page_6,131.2,288.8,1072.0
10456927,stimulus_Arg_PISACowsMilk_10_page_6,131.5,288.7,1072.0
10456928,stimulus_Arg_PISACowsMilk_10_page_6,131.6,288.6,1071.0
10456929,stimulus_Arg_PISACowsMilk_10_page_6,131.7,288.3,1072.0
10456930,stimulus_Arg_PISACowsMilk_10_page_6,131.8,288.0,1073.0
10456931,stimulus_Arg_PISACowsMilk_10_page_6,131.9,287.8,1074.0
10456932,stimulus_Arg_PISACowsMilk_10_page_6,131.9,287.8,1075.0
10456933,stimulus_Arg_PISACowsMilk_10_page_6,131.8,288.0,1075.0
10456934,stimulus_Arg_PISACowsMilk_10_page_6,131.8,288.2,1075.0
10456935,stimulus_Arg_PISACowsMilk_10_page_6,131.7,288.3,1075.0
10456936,stimulus_Arg_PISACowsMilk_10_page_6,131.7,288.4,1075.0
10456937,stimulus_Arg_PISACowsMilk_10_page_6,131.5,288.5,1075.0
10456938,stimulus_Arg_PISACowsMilk_10_page_6,131.3,288.5,1075.0
10456939,stimulus_Arg_PISACowsMilk_10_page_6,131.1,288.7,1075.0
10456940,stimulus_Arg_PISACowsMilk_10_page_6,131.0,288.8,1075.0
10456941,stimulus_Arg_PISACowsMilk_10_page_6,131.1,288.8,1076.0
10456942,stimulus_Arg_PISACowsMilk_10_page_6,131.5,288.4,1076.0
10456943,stimulus_Arg_PISACowsMilk_10_page_6,131.9,288.0,1076.0
10456944,stimulus_Arg_PISACowsMilk_10_page_6,132.1,287.8,1076.0
10456945,stimulus_Arg_PISACowsMilk_10_page_6,132.2,287.8,1075.0
10456946,stimulus_Arg_PISACowsMilk_10_page_6,132.3,288.2,1074.0
10456947,stimulus_Arg_PISACowsMilk_10_page_6,132.3,288.5,1073.0
10456948,stimulus_Arg_PISACowsMilk_10_page_6,132.3,288.8,1074.0
10456949,stimulus_Arg_PISACowsMilk_10_page_6,132.3,288.8,1073.0
10456950,stimulus_Arg_PISACowsMilk_10_page_6,132.0,288.9,1071.0
10456951,stimulus_Arg_PISACowsMilk_10_page_6,131.8,288.8,1070.0
10456952,stimulus_Arg_PISACowsMilk_10_page_6,131.6,288.6,1071.0
10456953,stimulus_Arg_PISACowsMilk_10_page_6,131.5,288.4,1071.0
10456954,stimulus_Arg_PISACowsMilk_10_page_6,131.9,288.4,1071.0
10456955,stimulus_Arg_PISACowsMilk_10_page_6,132.4,288.6,1070.0
10456956,stimulus_Arg_PISACowsMilk_10_page_6,132.8,288.7,1070.0
10456957,stimulus_Arg_PISACowsMilk_10_page_6,132.9,288.6,1071.0
10456958,stimulus_Arg_PISACowsMilk_10_page_6,133.1,288.4,1071.0
10456959,stimulus_Arg_PISACowsMilk_10_page_6,133.3,288.2,1071.0
10456960,stimulus_Arg_PISACowsMilk_10_page_6,133.3,288.2,1072.0
10456961,stimulus_Arg_PISACowsMilk_10_page_6,133.1,288.3,1073.0
10456962,stimulus_Arg_PISACowsMilk_10_page_6,133.0,288.5,1074.0
10456963,stimulus_Arg_PISACowsMilk_10_page_6,133.0,288.8,1074.0
10456964,stimulus_Arg_PISACowsMilk_10_page_6,133.0,288.8,1073.0
10456965,stimulus_Arg_PISACowsMilk_10_page_6,133.2,288.8,1073.0
10456966,stimulus_Arg_PISACowsMilk_10_page_6,133.4,288.7,1072.0
10456967,stimulus_Arg_PISACowsMilk_10_page_6,133.7,288.6,1072.0
10456968,stimulus_Arg_PISACowsMilk_10_page_6,133.8,288.5,1072.0
10456969,stimulus_Arg_PISACowsMilk_10_page_6,133.6,288.5,1071.0
10456970,stimulus_Arg_PISACowsMilk_10_page_6,133.3,288.5,1071.0
10456971,stimulus_Arg_PISACowsMilk_10_page_6,133.1,288.4,1071.0
10456972,stimulus_Arg_PISACowsMilk_10_page_6,133.1,288.3,1071.0
10456973,stimulus_Arg_PISACowsMilk_10_page_6,133.0,288.1,1071.0
10456974,stimulus_Arg_PISACowsMilk_10_page_6,132.9,288.0,1072.0
10456975,stimulus_Arg_PISACowsMilk_10_page_6,132.9,287.9,1072.0
10456976,stimulus_Arg_PISACowsMilk_10_page_6,133.1,287.9,1071.0
10456977,stimulus_Arg_PISACowsMilk_10_page_6,133.2,288.0,1071.0
10456978,stimulus_Arg_PISACowsMilk_10_page_6,132.9,288.3,1071.0
10456979,stimulus_Arg_PISACowsMilk_10_page_6,132.6,288.7,1070.0
10456980,stimulus_Arg_PISACowsMilk_10_page_6,132.2,288.9,1071.0
10456981,stimulus_Arg_PISACowsMilk_10_page_6,132.2,288.9,1071.0
10456982,stimulus_Arg_PISACowsMilk_10_page_6,132.3,289.1,1072.0
10456983,stimulus_Arg_PISACowsMilk_10_page_6,132.3,289.2,1071.0
10456984,stimulus_Arg_PISACowsMilk_10_page_6,132.3,289.4,1070.0
10456985,stimulus_Arg_PISACowsMilk_10_page_6,132.4,289.4,1070.0
10456986,stimulus_Arg_PISACowsMilk_10_page_6,132.7,289.4,1070.0
10456987,stimulus_Arg_PISACowsMilk_10_page_6,132.9,289.3,1070.0
10456988,stimulus_Arg_PISACowsMilk_10_page_6,133.2,289.3,1071.0
10456989,stimulus_Arg_PISACowsMilk_10_page_6,133.2,289.2,1071.0
10456990,stimulus_Arg_PISACowsMilk_10_page_6,133.2,289.0,1072.0
10456991,stimulus_Arg_PISACowsMilk_10_page_6,133.0,288.9,1072.0
10456992,stimulus_Arg_PISACowsMilk_10_page_6,132.8,289.0,1072.0
10456993,stimulus_Arg_PISACowsMilk_10_page_6,132.6,288.9,1071.0
10456994,stimulus_Arg_PISACowsMilk_10_page_6,132.7,288.8,1071.0
10456995,stimulus_Arg_PISACowsMilk_10_page_6,132.7,288.7,1070.0
10456996,stimulus_Arg_PISACowsMilk_10_page_6,132.4,288.7,1070.0
10456997,stimulus_Arg_PISACowsMilk_10_page_6,132.1,288.6,1071.0
10456998,stimulus_Arg_PISACowsMilk_10_page_6,131.8,288.6,1071.0
10456999,stimulus_Arg_PISACowsMilk_10_page_6,131.7,288.7,1071.0
10457000,stimulus_Arg_PISACowsMilk_10_page_6,131.8,288.7,1071.0
10457001,stimulus_Arg_PISACowsMilk_10_page_6,131.8,288.8,1071.0
10457002,stimulus_Arg_PISACowsMilk_10_page_6,131.7,288.8,1071.0
10457003,stimulus_Arg_PISACowsMilk_10_page_6,131.7,288.8,1071.0
10457004,stimulus_Arg_PISACowsMilk_10_page_6,132.1,289.0,1071.0
10457005,stimulus_Arg_PISACowsMilk_10_page_6,132.7,289.1,1071.0
10457006,stimulus_Arg_PISACowsMilk_10_page_6,133.3,289.1,1071.0
10457007,stimulus_Arg_PISACowsMilk_10_page_6,133.6,289.1,1071.0
10457008,stimulus_Arg_PISACowsMilk_10_page_6,133.7,289.0,1072.0
10457009,stimulus_Arg_PISACowsMilk_10_page_6,133.8,288.9,1072.0
10457010,stimulus_Arg_PISACowsMilk_10_page_6,133.7,289.1,1072.0
10457011,stimulus_Arg_PISACowsMilk_10_page_6,133.5,289.3,1071.0
10457012,stimulus_Arg_PISACowsMilk_10_page_6,133.2,289.3,1072.0
10457013,stimulus_Arg_PISACowsMilk_10_page_6,132.8,289.1,1074.0
10457014,stimulus_Arg_PISACowsMilk_10_page_6,132.5,289.0,1075.0
10457015,stimulus_Arg_PISACowsMilk_10_page_6,132.2,289.1,1075.0
10457016,stimulus_Arg_PISACowsMilk_10_page_6,132.2,289.2,1075.0
10457017,stimulus_Arg_PISACowsMilk_10_page_6,132.6,289.3,1074.0
10457018,stimulus_Arg_PISACowsMilk_10_page_6,133.1,289.3,1072.0
10457019,stimulus_Arg_PISACowsMilk_10_page_6,133.4,289.2,1072.0
10457020,stimulus_Arg_PISACowsMilk_10_page_6,133.4,289.1,1073.0
10457021,stimulus_Arg_PISACowsMilk_10_page_6,133.3,289.0,1074.0
10457022,stimulus_Arg_PISACowsMilk_10_page_6,133.3,289.0,1073.0
10457023,stimulus_Arg_PISACowsMilk_10_page_6,133.2,289.0,1073.0
10457024,stimulus_Arg_PISACowsMilk_10_page_6,133.2,289.0,1072.0
10457025,stimulus_Arg_PISACowsMilk_10_page_6,133.2,289.0,1071.0
10457026,stimulus_Arg_PISACowsMilk_10_page_6,133.2,289.2,1071.0
10457027,stimulus_Arg_PISACowsMilk_10_page_6,133.2,289.4,1071.0
10457028,stimulus_Arg_PISACowsMilk_10_page_6,133.2,289.4,1072.0
10457029,stimulus_Arg_PISACowsMilk_10_page_6,133.3,289.4,1073.0
10457030,stimulus_Arg_PISACowsMilk_10_page_6,133.2,289.3,1074.0
10457031,stimulus_Arg_PISACowsMilk_10_page_6,133.0,289.2,1074.0
10457032,stimulus_Arg_PISACowsMilk_10_page_6,133.0,289.2,1074.0
10457033,stimulus_Arg_PISACowsMilk_10_page_6,133.1,289.2,1074.0
10457034,stimulus_Arg_PISACowsMilk_10_page_6,133.3,289.3,1074.0
10457035,stimulus_Arg_PISACowsMilk_10_page_6,133.4,289.4,1074.0
10457036,stimulus_Arg_PISACowsMilk_10_page_6,133.4,289.5,1073.0
10457037,stimulus_Arg_PISACowsMilk_10_page_6,133.4,289.6,1073.0
10457038,stimulus_Arg_PISACowsMilk_10_page_6,133.3,289.6,1073.0
10457039,stimulus_Arg_PISACowsMilk_10_page_6,133.2,289.4,1075.0
10457040,stimulus_Arg_PISACowsMilk_10_page_6,133.2,289.3,1077.0
10457041,stimulus_Arg_PISACowsMilk_10_page_6,133.0,289.2,1078.0
10457042,stimulus_Arg_PISACowsMilk_10_page_6,132.8,289.3,1077.0
10457043,stimulus_Arg_PISACowsMilk_10_page_6,132.6,289.4,1076.0
10457044,stimulus_Arg_PISACowsMilk_10_page_6,132.5,289.5,1075.0
10457045,stimulus_Arg_PISACowsMilk_10_page_6,132.8,289.7,1074.0
10457046,stimulus_Arg_PISACowsMilk_10_page_6,133.1,289.9,1073.0
10457047,stimulus_Arg_PISACowsMilk_10_page_6,133.0,290.1,1074.0
10457048,stimulus_Arg_PISACowsMilk_10_page_6,132.7,290.2,1074.0
10457049,stimulus_Arg_PISACowsMilk_10_page_6,132.4,290.3,1075.0
10457050,stimulus_Arg_PISACowsMilk_10_page_6,132.3,290.4,1075.0
10457051,stimulus_Arg_PISACowsMilk_10_page_6,132.3,290.6,1075.0
10457052,stimulus_Arg_PISACowsMilk_10_page_6,132.3,290.8,1074.0
10457053,stimulus_Arg_PISACowsMilk_10_page_6,132.4,290.8,1074.0
10457054,stimulus_Arg_PISACowsMilk_10_page_6,132.5,290.6,1073.0
10457055,stimulus_Arg_PISACowsMilk_10_page_6,132.6,290.5,1073.0
10457056,stimulus_Arg_PISACowsMilk_10_page_6,132.6,290.4,1073.0
10457057,stimulus_Arg_PISACowsMilk_10_page_6,132.5,290.3,1074.0
10457058,stimulus_Arg_PISACowsMilk_10_page_6,132.4,290.2,1075.0
10457059,stimulus_Arg_PISACowsMilk_10_page_6,132.6,290.0,1075.0
10457060,stimulus_Arg_PISACowsMilk_10_page_6,132.8,290.0,1076.0
10457061,stimulus_Arg_PISACowsMilk_10_page_6,133.0,290.1,1076.0
10457062,stimulus_Arg_PISACowsMilk_10_page_6,133.0,290.1,1077.0
10457063,stimulus_Arg_PISACowsMilk_10_page_6,132.8,290.1,1077.0
10457064,stimulus_Arg_PISACowsMilk_10_page_6,132.7,290.1,1076.0
10457065,stimulus_Arg_PISACowsMilk_10_page_6,132.4,290.0,1075.0
10457066,stimulus_Arg_PISACowsMilk_10_page_6,132.1,289.9,1074.0
10457067,stimulus_Arg_PISACowsMilk_10_page_6,131.8,290.1,1073.0
10457068,stimulus_Arg_PISACowsMilk_10_page_6,131.9,290.4,1074.0
10457069,stimulus_Arg_PISACowsMilk_10_page_6,131.9,290.6,1074.0
10457070,stimulus_Arg_PISACowsMilk_10_page_6,131.9,290.5,1075.0
10457071,stimulus_Arg_PISACowsMilk_10_page_6,131.6,290.5,1075.0
10457072,stimulus_Arg_PISACowsMilk_10_page_6,131.4,290.6,1075.0
10457073,stimulus_Arg_PISACowsMilk_10_page_6,131.1,290.7,1076.0
10457074,stimulus_Arg_PISACowsMilk_10_page_6,130.9,290.6,1076.0
10457075,stimulus_Arg_PISACowsMilk_10_page_6,131.0,290.6,1075.0
10457076,stimulus_Arg_PISACowsMilk_10_page_6,131.2,290.6,1074.0
10457077,stimulus_Arg_PISACowsMilk_10_page_6,131.4,290.6,1073.0
10457078,stimulus_Arg_PISACowsMilk_10_page_6,131.1,290.9,1073.0
10457079,stimulus_Arg_PISACowsMilk_10_page_6,130.8,291.1,1074.0
10457080,stimulus_Arg_PISACowsMilk_10_page_6,130.4,291.3,1075.0
10457081,stimulus_Arg_PISACowsMilk_10_page_6,130.1,291.2,1075.0
10457082,stimulus_Arg_PISACowsMilk_10_page_6,129.7,291.1,1075.0
10457083,stimulus_Arg_PISACowsMilk_10_page_6,129.4,291.2,1075.0
10457084,stimulus_Arg_PISACowsMilk_10_page_6,129.4,291.4,1075.0
10457085,stimulus_Arg_PISACowsMilk_10_page_6,129.5,291.6,1075.0
10457086,stimulus_Arg_PISACowsMilk_10_page_6,129.6,291.7,1075.0
10457087,stimulus_Arg_PISACowsMilk_10_page_6,129.6,291.6,1075.0
10457088,stimulus_Arg_PISACowsMilk_10_page_6,129.8,291.6,1074.0
10457089,stimulus_Arg_PISACowsMilk_10_page_6,130.1,291.4,1074.0
10457090,stimulus_Arg_PISACowsMilk_10_page_6,130.5,291.2,1074.0
10457091,stimulus_Arg_PISACowsMilk_10_page_6,130.8,290.9,1074.0
10457092,stimulus_Arg_PISACowsMilk_10_page_6,130.8,290.8,1074.0
10457093,stimulus_Arg_PISACowsMilk_10_page_6,130.8,290.8,1075.0
10457094,stimulus_Arg_PISACowsMilk_10_page_6,130.8,290.8,1075.0
10457095,stimulus_Arg_PISACowsMilk_10_page_6,130.6,290.9,1075.0
10457096,stimulus_Arg_PISACowsMilk_10_page_6,130.4,291.0,1075.0
10457097,stimulus_Arg_PISACowsMilk_10_page_6,130.3,291.2,1075.0
10457098,stimulus_Arg_PISACowsMilk_10_page_6,130.2,291.3,1075.0
10457099,stimulus_Arg_PISACowsMilk_10_page_6,130.2,291.3,1076.0
10457100,stimulus_Arg_PISACowsMilk_10_page_6,130.1,291.2,1076.0
10457101,stimulus_Arg_PISACowsMilk_10_page_6,130.0,291.1,1077.0
10457102,stimulus_Arg_PISACowsMilk_10_page_6,129.9,291.0,1077.0
10457103,stimulus_Arg_PISACowsMilk_10_page_6,129.8,290.9,1078.0
10457104,stimulus_Arg_PISACowsMilk_10_page_6,129.8,290.9,1078.0
10457105,stimulus_Arg_PISACowsMilk_10_page_6,129.8,290.8,1078.0
10457106,stimulus_Arg_PISACowsMilk_10_page_6,129.6,290.7,1079.0
10457107,stimulus_Arg_PISACowsMilk_10_page_6,129.4,291.1,1080.0
10457108,stimulus_Arg_PISACowsMilk_10_page_6,129.1,291.5,1080.0
10457109,stimulus_Arg_PISACowsMilk_10_page_6,129.0,292.0,1080.0
10457110,stimulus_Arg_PISACowsMilk_10_page_6,128.9,292.2,1080.0
10457111,stimulus_Arg_PISACowsMilk_10_page_6,128.7,292.3,1080.0
10457112,stimulus_Arg_PISACowsMilk_10_page_6,128.6,292.4,1080.0
10457113,stimulus_Arg_PISACowsMilk_10_page_6,128.5,292.0,1081.0
10457114,stimulus_Arg_PISACowsMilk_10_page_6,128.4,291.6,1081.0
10457115,stimulus_Arg_PISACowsMilk_10_page_6,128.5,291.3,1082.0
10457116,stimulus_Arg_PISACowsMilk_10_page_6,128.6,291.3,1082.0
10457117,stimulus_Arg_PISACowsMilk_10_page_6,128.8,291.2,1081.0
10457118,stimulus_Arg_PISACowsMilk_10_page_6,128.8,291.1,1080.0
10457119,stimulus_Arg_PISACowsMilk_10_page_6,128.8,290.9,1080.0
10457120,stimulus_Arg_PISACowsMilk_10_page_6,128.8,290.9,1080.0
10457121,stimulus_Arg_PISACowsMilk_10_page_6,128.8,290.9,1080.0
10457122,stimulus_Arg_PISACowsMilk_10_page_6,128.9,290.9,1079.0
10457123,stimulus_Arg_PISACowsMilk_10_page_6,129.1,290.7,1079.0
10457124,stimulus_Arg_PISACowsMilk_10_page_6,129.6,290.6,1079.0
10457125,stimulus_Arg_PISACowsMilk_10_page_6,129.9,290.7,1079.0
10457126,stimulus_Arg_PISACowsMilk_10_page_6,130.2,290.9,1078.0
10457127,stimulus_Arg_PISACowsMilk_10_page_6,130.1,291.1,1078.0
10457128,stimulus_Arg_PISACowsMilk_10_page_6,130.0,291.1,1078.0
10457129,stimulus_Arg_PISACowsMilk_10_page_6,129.8,291.1,1078.0
10457130,stimulus_Arg_PISACowsMilk_10_page_6,129.6,291.4,1078.0
10457131,stimulus_Arg_PISACowsMilk_10_page_6,129.4,291.6,1079.0
10457132,stimulus_Arg_PISACowsMilk_10_page_6,129.3,291.9,1079.0
10457133,stimulus_Arg_PISACowsMilk_10_page_6,129.4,291.9,1080.0
10457134,stimulus_Arg_PISACowsMilk_10_page_6,129.4,291.9,1080.0
10457135,stimulus_Arg_PISACowsMilk_10_page_6,129.6,291.9,1079.0
10457136,stimulus_Arg_PISACowsMilk_10_page_6,129.9,291.8,1078.0
10457137,stimulus_Arg_PISACowsMilk_10_page_6,130.1,291.8,1076.0
10457138,stimulus_Arg_PISACowsMilk_10_page_6,130.3,291.9,1075.0
10457139,stimulus_Arg_PISACowsMilk_10_page_6,130.4,291.8,1075.0
10457140,stimulus_Arg_PISACowsMilk_10_page_6,130.4,291.7,1076.0
10457141,stimulus_Arg_PISACowsMilk_10_page_6,130.2,291.5,1077.0
10457142,stimulus_Arg_PISACowsMilk_10_page_6,130.1,291.5,1077.0
10457143,stimulus_Arg_PISACowsMilk_10_page_6,130.2,291.5,1076.0
10457144,stimulus_Arg_PISACowsMilk_10_page_6,130.2,291.6,1074.0
10457145,stimulus_Arg_PISACowsMilk_10_page_6,129.8,291.6,1074.0
10457146,stimulus_Arg_PISACowsMilk_10_page_6,129.4,291.6,1074.0
10457147,stimulus_Arg_PISACowsMilk_10_page_6,128.9,291.5,1073.0
10457148,stimulus_Arg_PISACowsMilk_10_page_6,128.9,291.5,1073.0
10457149,stimulus_Arg_PISACowsMilk_10_page_6,128.9,291.7,1073.0
10457150,stimulus_Arg_PISACowsMilk_10_page_6,129.1,291.9,1073.0
10457151,stimulus_Arg_PISACowsMilk_10_page_6,129.3,292.0,1072.0
10457152,stimulus_Arg_PISACowsMilk_10_page_6,129.5,292.1,1071.0
10457153,stimulus_Arg_PISACowsMilk_10_page_6,129.5,292.1,1070.0
10457154,stimulus_Arg_PISACowsMilk_10_page_6,129.9,292.2,1070.0
10457155,stimulus_Arg_PISACowsMilk_10_page_6,130.2,292.2,1070.0
10457156,stimulus_Arg_PISACowsMilk_10_page_6,130.3,292.2,1071.0
10457157,stimulus_Arg_PISACowsMilk_10_page_6,130.2,292.1,1071.0
10457158,stimulus_Arg_PISACowsMilk_10_page_6,130.2,292.4,1071.0
10457159,stimulus_Arg_PISACowsMilk_10_page_6,130.5,293.0,1072.0
10457160,stimulus_Arg_PISACowsMilk_10_page_6,130.7,293.6,1074.0
10457161,stimulus_Arg_PISACowsMilk_10_page_6,130.5,293.9,1075.0
10457162,stimulus_Arg_PISACowsMilk_10_page_6,130.3,294.0,1074.0
10457163,stimulus_Arg_PISACowsMilk_10_page_6,130.0,294.1,1073.0
10457164,stimulus_Arg_PISACowsMilk_10_page_6,130.0,294.2,1072.0
10457165,stimulus_Arg_PISACowsMilk_10_page_6,130.1,294.2,1072.0
10457166,stimulus_Arg_PISACowsMilk_10_page_6,130.0,294.6,1073.0
10457167,stimulus_Arg_PISACowsMilk_10_page_6,129.9,294.9,1073.0
10457168,stimulus_Arg_PISACowsMilk_10_page_6,130.4,295.3,1074.0
10457169,stimulus_Arg_PISACowsMilk_10_page_6,131.3,295.0,1073.0
10457170,stimulus_Arg_PISACowsMilk_10_page_6,132.7,294.9,1074.0
10457171,stimulus_Arg_PISACowsMilk_10_page_6,134.1,295.0,1076.0
10457172,stimulus_Arg_PISACowsMilk_10_page_6,135.5,295.2,1076.0
10457173,stimulus_Arg_PISACowsMilk_10_page_6,138.0,295.1,1074.0
10457174,stimulus_Arg_PISACowsMilk_10_page_6,142.1,294.7,1073.0
10457175,stimulus_Arg_PISACowsMilk_10_page_6,148.2,294.3,1074.0
10457176,stimulus_Arg_PISACowsMilk_10_page_6,154.1,293.8,1075.0
10457177,stimulus_Arg_PISACowsMilk_10_page_6,160.9,293.6,1076.0
10457178,stimulus_Arg_PISACowsMilk_10_page_6,168.5,292.8,1077.0
10457179,stimulus_Arg_PISACowsMilk_10_page_6,176.2,291.7,1080.0
10457180,stimulus_Arg_PISACowsMilk_10_page_6,182.9,289.8,1082.0
10457181,stimulus_Arg_PISACowsMilk_10_page_6,188.9,288.4,1085.0
10457182,stimulus_Arg_PISACowsMilk_10_page_6,194.4,287.6,1085.0
10457183,stimulus_Arg_PISACowsMilk_10_page_6,199.4,287.5,1085.0
10457184,stimulus_Arg_PISACowsMilk_10_page_6,203.2,287.3,1085.0
10457185,stimulus_Arg_PISACowsMilk_10_page_6,206.6,287.0,1085.0
10457186,stimulus_Arg_PISACowsMilk_10_page_6,210.1,286.5,1085.0
10457187,stimulus_Arg_PISACowsMilk_10_page_6,212.3,286.1,1085.0
10457188,stimulus_Arg_PISACowsMilk_10_page_6,213.7,286.0,1085.0
10457189,stimulus_Arg_PISACowsMilk_10_page_6,213.4,286.0,1085.0
10457190,stimulus_Arg_PISACowsMilk_10_page_6,213.2,286.0,1085.0
10457191,stimulus_Arg_PISACowsMilk_10_page_6,212.7,285.8,1083.0
10457192,stimulus_Arg_PISACowsMilk_10_page_6,211.9,285.6,1082.0
10457193,stimulus_Arg_PISACowsMilk_10_page_6,210.6,285.4,1081.0
10457194,stimulus_Arg_PISACowsMilk_10_page_6,208.8,285.2,1081.0
10457195,stimulus_Arg_PISACowsMilk_10_page_6,207.2,285.0,1082.0
10457196,stimulus_Arg_PISACowsMilk_10_page_6,205.8,284.9,1084.0
10457197,stimulus_Arg_PISACowsMilk_10_page_6,204.7,285.2,1084.0
10457198,stimulus_Arg_PISACowsMilk_10_page_6,203.5,285.8,1083.0
10457199,stimulus_Arg_PISACowsMilk_10_page_6,202.4,286.4,1082.0
10457200,stimulus_Arg_PISACowsMilk_10_page_6,201.5,287.0,1080.0
10457201,stimulus_Arg_PISACowsMilk_10_page_6,200.6,287.3,1079.0
10457202,stimulus_Arg_PISACowsMilk_10_page_6,199.7,288.0,1078.0
10457203,stimulus_Arg_PISACowsMilk_10_page_6,198.8,288.3,1077.0
10457204,stimulus_Arg_PISACowsMilk_10_page_6,197.9,288.8,1077.0
10457205,stimulus_Arg_PISACowsMilk_10_page_6,197.2,289.0,1077.0
10457206,stimulus_Arg_PISACowsMilk_10_page_6,197.0,289.4,1077.0
10457207,stimulus_Arg_PISACowsMilk_10_page_6,197.6,289.6,1076.0
10457208,stimulus_Arg_PISACowsMilk_10_page_6,198.3,289.7,1076.0
10457209,stimulus_Arg_PISACowsMilk_10_page_6,198.4,289.8,1075.0
10457210,stimulus_Arg_PISACowsMilk_10_page_6,199.1,289.8,1075.0
10457211,stimulus_Arg_PISACowsMilk_10_page_6,200.0,289.9,1075.0
10457212,stimulus_Arg_PISACowsMilk_10_page_6,201.2,290.0,1075.0
10457213,stimulus_Arg_PISACowsMilk_10_page_6,202.0,289.9,1075.0
10457214,stimulus_Arg_PISACowsMilk_10_page_6,202.7,289.8,1074.0
10457215,stimulus_Arg_PISACowsMilk_10_page_6,203.2,289.6,1075.0
10457216,stimulus_Arg_PISACowsMilk_10_page_6,203.6,289.3,1075.0
10457217,stimulus_Arg_PISACowsMilk_10_page_6,203.8,289.0,1076.0
10457218,stimulus_Arg_PISACowsMilk_10_page_6,203.8,288.6,1076.0
10457219,stimulus_Arg_PISACowsMilk_10_page_6,203.4,288.3,1077.0
10457220,stimulus_Arg_PISACowsMilk_10_page_6,203.0,288.1,1077.0
10457221,stimulus_Arg_PISACowsMilk_10_page_6,203.2,288.0,1076.0
10457222,stimulus_Arg_PISACowsMilk_10_page_6,203.6,288.3,1076.0
10457223,stimulus_Arg_PISACowsMilk_10_page_6,204.2,288.7,1075.0
10457224,stimulus_Arg_PISACowsMilk_10_page_6,204.2,288.7,1076.0
10457225,stimulus_Arg_PISACowsMilk_10_page_6,204.3,288.6,1076.0
10457226,stimulus_Arg_PISACowsMilk_10_page_6,204.4,288.4,1076.0
10457227,stimulus_Arg_PISACowsMilk_10_page_6,204.4,288.5,1076.0
10457228,stimulus_Arg_PISACowsMilk_10_page_6,204.4,288.6,1076.0
10457229,stimulus_Arg_PISACowsMilk_10_page_6,204.4,288.6,1076.0
10457230,stimulus_Arg_PISACowsMilk_10_page_6,204.2,288.4,1077.0
10457231,stimulus_Arg_PISACowsMilk_10_page_6,204.1,288.3,1078.0
10457232,stimulus_Arg_PISACowsMilk_10_page_6,204.0,288.3,1079.0
10457233,stimulus_Arg_PISACowsMilk_10_page_6,204.2,288.3,1079.0
10457234,stimulus_Arg_PISACowsMilk_10_page_6,204.3,288.3,1078.0
10457235,stimulus_Arg_PISACowsMilk_10_page_6,204.5,288.2,1076.0
10457236,stimulus_Arg_PISACowsMilk_10_page_6,204.5,288.1,1074.0
10457237,stimulus_Arg_PISACowsMilk_10_page_6,204.5,288.1,1074.0
10457238,stimulus_Arg_PISACowsMilk_10_page_6,204.4,288.1,1074.0
10457239,stimulus_Arg_PISACowsMilk_10_page_6,204.4,288.1,1075.0
10457240,stimulus_Arg_PISACowsMilk_10_page_6,204.4,288.4,1074.0
10457241,stimulus_Arg_PISACowsMilk_10_page_6,204.5,288.6,1074.0
10457242,stimulus_Arg_PISACowsMilk_10_page_6,204.4,288.7,1074.0
10457243,stimulus_Arg_PISACowsMilk_10_page_6,204.2,288.5,1074.0
10457244,stimulus_Arg_PISACowsMilk_10_page_6,204.2,288.4,1074.0
10457245,stimulus_Arg_PISACowsMilk_10_page_6,204.2,288.6,1074.0
10457246,stimulus_Arg_PISACowsMilk_10_page_6,204.3,289.0,1074.0
10457247,stimulus_Arg_PISACowsMilk_10_page_6,204.2,289.2,1074.0
10457248,stimulus_Arg_PISACowsMilk_10_page_6,204.2,289.4,1074.0
10457249,stimulus_Arg_PISACowsMilk_10_page_6,204.1,289.4,1074.0
10457250,stimulus_Arg_PISACowsMilk_10_page_6,204.0,289.3,1074.0
10457251,stimulus_Arg_PISACowsMilk_10_page_6,204.0,289.3,1074.0
10457252,stimulus_Arg_PISACowsMilk_10_page_6,204.0,289.4,1074.0
10457253,stimulus_Arg_PISACowsMilk_10_page_6,203.8,289.5,1073.0
10457254,stimulus_Arg_PISACowsMilk_10_page_6,203.7,289.4,1074.0
10457255,stimulus_Arg_PISACowsMilk_10_page_6,203.6,289.3,1074.0
10457256,stimulus_Arg_PISACowsMilk_10_page_6,203.7,289.1,1074.0
10457257,stimulus_Arg_PISACowsMilk_10_page_6,203.8,289.0,1073.0
10457258,stimulus_Arg_PISACowsMilk_10_page_6,203.9,288.9,1072.0
10457259,stimulus_Arg_PISACowsMilk_10_page_6,204.1,288.7,1072.0
10457260,stimulus_Arg_PISACowsMilk_10_page_6,204.3,288.5,1073.0
10457261,stimulus_Arg_PISACowsMilk_10_page_6,204.4,288.6,1073.0
10457262,stimulus_Arg_PISACowsMilk_10_page_6,204.6,288.9,1072.0
10457263,stimulus_Arg_PISACowsMilk_10_page_6,204.7,289.2,1071.0
10457264,stimulus_Arg_PISACowsMilk_10_page_6,204.9,289.4,1070.0
10457265,stimulus_Arg_PISACowsMilk_10_page_6,204.7,289.5,1069.0
10457266,stimulus_Arg_PISACowsMilk_10_page_6,204.4,289.6,1069.0
10457267,stimulus_Arg_PISACowsMilk_10_page_6,204.2,289.8,1069.0
10457268,stimulus_Arg_PISACowsMilk_10_page_6,204.1,289.9,1068.0
10457269,stimulus_Arg_PISACowsMilk_10_page_6,204.2,290.0,1068.0
10457270,stimulus_Arg_PISACowsMilk_10_page_6,204.3,289.8,1069.0
10457271,stimulus_Arg_PISACowsMilk_10_page_6,204.3,289.6,1070.0
10457272,stimulus_Arg_PISACowsMilk_10_page_6,204.3,289.3,1071.0
10457273,stimulus_Arg_PISACowsMilk_10_page_6,204.2,289.1,1072.0
10457274,stimulus_Arg_PISACowsMilk_10_page_6,204.1,289.1,1072.0
10457275,stimulus_Arg_PISACowsMilk_10_page_6,204.1,289.0,1071.0
10457276,stimulus_Arg_PISACowsMilk_10_page_6,204.1,289.2,1070.0
10457277,stimulus_Arg_PISACowsMilk_10_page_6,204.1,289.3,1070.0
10457278,stimulus_Arg_PISACowsMilk_10_page_6,204.1,289.4,1070.0
10457279,stimulus_Arg_PISACowsMilk_10_page_6,204.1,289.3,1070.0
10457280,stimulus_Arg_PISACowsMilk_10_page_6,204.1,289.3,1070.0
10457281,stimulus_Arg_PISACowsMilk_10_page_6,204.2,289.3,1070.0
10457282,stimulus_Arg_PISACowsMilk_10_page_6,204.1,289.8,1069.0
10457283,stimulus_Arg_PISACowsMilk_10_page_6,204.0,290.2,1069.0
10457284,stimulus_Arg_PISACowsMilk_10_page_6,204.0,290.6,1067.0
10457285,stimulus_Arg_PISACowsMilk_10_page_6,204.2,290.6,1066.0
10457286,stimulus_Arg_PISACowsMilk_10_page_6,204.5,290.7,1065.0
10457287,stimulus_Arg_PISACowsMilk_10_page_6,204.6,290.7,1067.0
10457288,stimulus_Arg_PISACowsMilk_10_page_6,204.4,290.8,1069.0
10457289,stimulus_Arg_PISACowsMilk_10_page_6,204.2,290.5,1070.0
10457290,stimulus_Arg_PISACowsMilk_10_page_6,204.3,290.0,1070.0
10457291,stimulus_Arg_PISACowsMilk_10_page_6,204.3,289.6,1069.0
10457292,stimulus_Arg_PISACowsMilk_10_page_6,204.3,289.5,1068.0
10457293,stimulus_Arg_PISACowsMilk_10_page_6,204.3,289.6,1068.0
10457294,stimulus_Arg_PISACowsMilk_10_page_6,204.3,289.7,1067.0
10457295,stimulus_Arg_PISACowsMilk_10_page_6,204.2,290.0,1067.0
10457296,stimulus_Arg_PISACowsMilk_10_page_6,204.2,290.3,1066.0
10457297,stimulus_Arg_PISACowsMilk_10_page_6,204.2,290.4,1066.0
10457298,stimulus_Arg_PISACowsMilk_10_page_6,204.2,290.3,1065.0
10457299,stimulus_Arg_PISACowsMilk_10_page_6,204.1,290.2,1064.0
10457300,stimulus_Arg_PISACowsMilk_10_page_6,204.0,290.0,1064.0
10457301,stimulus_Arg_PISACowsMilk_10_page_6,203.8,290.0,1064.0
10457302,stimulus_Arg_PISACowsMilk_10_page_6,203.6,290.0,1064.0
10457303,stimulus_Arg_PISACowsMilk_10_page_6,203.5,290.0,1064.0
10457304,stimulus_Arg_PISACowsMilk_10_page_6,203.4,289.9,1064.0
10457305,stimulus_Arg_PISACowsMilk_10_page_6,203.4,290.0,1064.0
10457306,stimulus_Arg_PISACowsMilk_10_page_6,203.4,289.9,1065.0
10457307,stimulus_Arg_PISACowsMilk_10_page_6,203.7,289.9,1065.0
10457308,stimulus_Arg_PISACowsMilk_10_page_6,204.1,289.9,1066.0
10457309,stimulus_Arg_PISACowsMilk_10_page_6,204.4,290.0,1067.0
10457310,stimulus_Arg_PISACowsMilk_10_page_6,204.4,290.0,1067.0
10457311,stimulus_Arg_PISACowsMilk_10_page_6,204.3,290.1,1067.0
10457312,stimulus_Arg_PISACowsMilk_10_page_6,204.2,290.1,1067.0
10457313,stimulus_Arg_PISACowsMilk_10_page_6,204.3,290.2,1065.0
10457314,stimulus_Arg_PISACowsMilk_10_page_6,204.4,290.5,1064.0
10457315,stimulus_Arg_PISACowsMilk_10_page_6,204.5,290.7,1063.0
10457316,stimulus_Arg_PISACowsMilk_10_page_6,204.4,290.8,1062.0
10457317,stimulus_Arg_PISACowsMilk_10_page_6,204.4,290.8,1062.0
10457318,stimulus_Arg_PISACowsMilk_10_page_6,204.3,290.8,1062.0
10457319,stimulus_Arg_PISACowsMilk_10_page_6,204.4,290.8,1061.0
10457320,stimulus_Arg_PISACowsMilk_10_page_6,204.4,290.8,1061.0
10457321,stimulus_Arg_PISACowsMilk_10_page_6,204.2,290.8,1061.0
10457322,stimulus_Arg_PISACowsMilk_10_page_6,204.1,290.9,1062.0
10457323,stimulus_Arg_PISACowsMilk_10_page_6,204.2,290.9,1062.0
10457324,stimulus_Arg_PISACowsMilk_10_page_6,204.5,291.0,1061.0
10457325,stimulus_Arg_PISACowsMilk_10_page_6,204.8,291.1,1060.0
10457326,stimulus_Arg_PISACowsMilk_10_page_6,204.8,291.2,1059.0
10457327,stimulus_Arg_PISACowsMilk_10_page_6,204.5,291.2,1059.0
10457328,stimulus_Arg_PISACowsMilk_10_page_6,204.1,291.2,1059.0
10457329,stimulus_Arg_PISACowsMilk_10_page_6,203.9,291.2,1060.0
10457330,stimulus_Arg_PISACowsMilk_10_page_6,203.8,291.2,1060.0
10457331,stimulus_Arg_PISACowsMilk_10_page_6,203.9,291.0,1060.0
10457332,stimulus_Arg_PISACowsMilk_10_page_6,204.2,290.9,1061.0
10457333,stimulus_Arg_PISACowsMilk_10_page_6,204.5,290.7,1061.0
10457334,stimulus_Arg_PISACowsMilk_10_page_6,204.7,290.8,1062.0
10457335,stimulus_Arg_PISACowsMilk_10_page_6,204.7,290.9,1062.0
10457336,stimulus_Arg_PISACowsMilk_10_page_6,204.5,291.2,1061.0
10457337,stimulus_Arg_PISACowsMilk_10_page_6,204.3,291.5,1060.0
10457338,stimulus_Arg_PISACowsMilk_10_page_6,204.2,291.6,1060.0
10457339,stimulus_Arg_PISACowsMilk_10_page_6,204.2,291.5,1061.0
10457340,stimulus_Arg_PISACowsMilk_10_page_6,204.1,291.5,1061.0
10457341,stimulus_Arg_PISACowsMilk_10_page_6,204.0,291.7,1061.0
10457342,stimulus_Arg_PISACowsMilk_10_page_6,203.9,291.5,1061.0
10457343,stimulus_Arg_PISACowsMilk_10_page_6,203.8,291.2,1060.0
10457344,stimulus_Arg_PISACowsMilk_10_page_6,203.9,290.9,1060.0
10457345,stimulus_Arg_PISACowsMilk_10_page_6,204.0,291.1,1060.0
10457346,stimulus_Arg_PISACowsMilk_10_page_6,204.1,291.3,1061.0
10457347,stimulus_Arg_PISACowsMilk_10_page_6,204.2,291.2,1061.0
10457348,stimulus_Arg_PISACowsMilk_10_page_6,204.2,290.9,1061.0
10457349,stimulus_Arg_PISACowsMilk_10_page_6,204.1,291.0,1059.0
10457350,stimulus_Arg_PISACowsMilk_10_page_6,204.0,291.3,1058.0
10457351,stimulus_Arg_PISACowsMilk_10_page_6,204.0,291.6,1057.0
10457352,stimulus_Arg_PISACowsMilk_10_page_6,204.1,291.7,1058.0
10457353,stimulus_Arg_PISACowsMilk_10_page_6,204.3,291.8,1058.0
10457354,stimulus_Arg_PISACowsMilk_10_page_6,204.5,291.9,1058.0
10457355,stimulus_Arg_PISACowsMilk_10_page_6,204.5,291.7,1058.0
10457356,stimulus_Arg_PISACowsMilk_10_page_6,204.3,291.4,1057.0
10457357,stimulus_Arg_PISACowsMilk_10_page_6,204.1,291.1,1057.0
10457358,stimulus_Arg_PISACowsMilk_10_page_6,203.9,291.1,1058.0
10457359,stimulus_Arg_PISACowsMilk_10_page_6,203.8,291.2,1057.0
10457360,stimulus_Arg_PISACowsMilk_10_page_6,203.7,291.4,1056.0
10457361,stimulus_Arg_PISACowsMilk_10_page_6,203.8,291.6,1055.0
10457362,stimulus_Arg_PISACowsMilk_10_page_6,203.9,291.8,1056.0
10457363,stimulus_Arg_PISACowsMilk_10_page_6,204.0,291.8,1056.0
10457364,stimulus_Arg_PISACowsMilk_10_page_6,204.0,291.8,1057.0
10457365,stimulus_Arg_PISACowsMilk_10_page_6,204.2,292.1,1058.0
10457366,stimulus_Arg_PISACowsMilk_10_page_6,204.7,292.5,1059.0
10457367,stimulus_Arg_PISACowsMilk_10_page_6,205.5,292.4,1059.0
10457368,stimulus_Arg_PISACowsMilk_10_page_6,207.5,292.1,1058.0
10457369,stimulus_Arg_PISACowsMilk_10_page_6,211.6,292.1,1057.0
10457370,stimulus_Arg_PISACowsMilk_10_page_6,217.5,292.6,1057.0
10457371,stimulus_Arg_PISACowsMilk_10_page_6,224.1,293.1,1059.0
10457372,stimulus_Arg_PISACowsMilk_10_page_6,231.6,292.6,1062.0
10457373,stimulus_Arg_PISACowsMilk_10_page_6,240.0,291.7,1064.0
10457374,stimulus_Arg_PISACowsMilk_10_page_6,250.2,290.4,1067.0
10457375,stimulus_Arg_PISACowsMilk_10_page_6,260.0,289.6,1067.0
10457376,stimulus_Arg_PISACowsMilk_10_page_6,271.6,289.2,1067.0
10457377,stimulus_Arg_PISACowsMilk_10_page_6,282.0,287.7,1067.0
10457378,stimulus_Arg_PISACowsMilk_10_page_6,294.2,286.3,1067.0
10457379,stimulus_Arg_PISACowsMilk_10_page_6,303.6,283.9,1067.0
10457380,stimulus_Arg_PISACowsMilk_10_page_6,312.2,282.7,1068.0
10457381,stimulus_Arg_PISACowsMilk_10_page_6,318.2,281.6,1068.0
10457382,stimulus_Arg_PISACowsMilk_10_page_6,324.0,281.3,1067.0
10457383,stimulus_Arg_PISACowsMilk_10_page_6,328.9,280.6,1066.0
10457384,stimulus_Arg_PISACowsMilk_10_page_6,332.0,279.8,1064.0
10457385,stimulus_Arg_PISACowsMilk_10_page_6,333.3,279.0,1062.0
10457386,stimulus_Arg_PISACowsMilk_10_page_6,334.1,278.8,1060.0
10457387,stimulus_Arg_PISACowsMilk_10_page_6,334.6,279.5,1060.0
10457388,stimulus_Arg_PISACowsMilk_10_page_6,335.7,280.2,1060.0
10457389,stimulus_Arg_PISACowsMilk_10_page_6,337.6,280.9,1059.0
10457390,stimulus_Arg_PISACowsMilk_10_page_6,341.3,281.2,1060.0
10457391,stimulus_Arg_PISACowsMilk_10_page_6,345.0,281.5,1061.0
10457392,stimulus_Arg_PISACowsMilk_10_page_6,348.4,282.2,1062.0
10457393,stimulus_Arg_PISACowsMilk_10_page_6,350.4,282.7,1062.0
10457394,stimulus_Arg_PISACowsMilk_10_page_6,353.0,283.2,1060.0
10457395,stimulus_Arg_PISACowsMilk_10_page_6,355.9,283.4,1057.0
10457396,stimulus_Arg_PISACowsMilk_10_page_6,359.5,283.3,1056.0
10457397,stimulus_Arg_PISACowsMilk_10_page_6,362.4,283.0,1058.0
10457398,stimulus_Arg_PISACowsMilk_10_page_6,364.5,282.7,1061.0
10457399,stimulus_Arg_PISACowsMilk_10_page_6,365.2,282.7,1063.0
10457400,stimulus_Arg_PISACowsMilk_10_page_6,365.4,282.6,1063.0
10457401,stimulus_Arg_PISACowsMilk_10_page_6,365.2,282.5,1063.0
10457402,stimulus_Arg_PISACowsMilk_10_page_6,364.2,282.5,1062.0
10457403,stimulus_Arg_PISACowsMilk_10_page_6,362.8,282.4,1060.0
10457404,stimulus_Arg_PISACowsMilk_10_page_6,360.2,282.4,1058.0
10457405,stimulus_Arg_PISACowsMilk_10_page_6,357.6,282.3,1056.0
10457406,stimulus_Arg_PISACowsMilk_10_page_6,354.8,282.3,1055.0
10457407,stimulus_Arg_PISACowsMilk_10_page_6,352.5,282.7,1055.0
10457408,stimulus_Arg_PISACowsMilk_10_page_6,350.6,283.0,1056.0
10457409,stimulus_Arg_PISACowsMilk_10_page_6,349.6,283.3,1056.0
10457410,stimulus_Arg_PISACowsMilk_10_page_6,349.7,283.2,1057.0
10457411,stimulus_Arg_PISACowsMilk_10_page_6,350.2,283.3,1057.0
10457412,stimulus_Arg_PISACowsMilk_10_page_6,350.9,283.5,1056.0
10457413,stimulus_Arg_PISACowsMilk_10_page_6,351.3,284.0,1055.0
10457414,stimulus_Arg_PISACowsMilk_10_page_6,352.5,284.5,1054.0
10457415,stimulus_Arg_PISACowsMilk_10_page_6,353.7,284.8,1053.0
10457416,stimulus_Arg_PISACowsMilk_10_page_6,355.2,284.9,1054.0
10457417,stimulus_Arg_PISACowsMilk_10_page_6,356.2,284.9,1054.0
10457418,stimulus_Arg_PISACowsMilk_10_page_6,357.8,285.0,1055.0
10457419,stimulus_Arg_PISACowsMilk_10_page_6,359.3,285.1,1056.0
10457420,stimulus_Arg_PISACowsMilk_10_page_6,360.7,285.3,1057.0
10457421,stimulus_Arg_PISACowsMilk_10_page_6,362.0,285.4,1057.0
10457422,stimulus_Arg_PISACowsMilk_10_page_6,362.8,285.1,1058.0
10457423,stimulus_Arg_PISACowsMilk_10_page_6,363.7,284.9,1059.0
10457424,stimulus_Arg_PISACowsMilk_10_page_6,364.1,284.8,1060.0
10457425,stimulus_Arg_PISACowsMilk_10_page_6,364.5,285.1,1060.0
10457426,stimulus_Arg_PISACowsMilk_10_page_6,364.5,285.4,1059.0
10457427,stimulus_Arg_PISACowsMilk_10_page_6,364.4,285.7,1058.0
10457428,stimulus_Arg_PISACowsMilk_10_page_6,364.4,285.7,1058.0
10457429,stimulus_Arg_PISACowsMilk_10_page_6,364.4,285.7,1059.0
10457430,stimulus_Arg_PISACowsMilk_10_page_6,364.4,285.7,1060.0
10457431,stimulus_Arg_PISACowsMilk_10_page_6,364.1,285.7,1061.0
10457432,stimulus_Arg_PISACowsMilk_10_page_6,363.9,285.7,1062.0
10457433,stimulus_Arg_PISACowsMilk_10_page_6,363.6,285.6,1061.0
10457434,stimulus_Arg_PISACowsMilk_10_page_6,363.6,285.6,1060.0
10457435,stimulus_Arg_PISACowsMilk_10_page_6,363.6,285.6,1059.0
10457436,stimulus_Arg_PISACowsMilk_10_page_6,363.6,285.5,1059.0
10457437,stimulus_Arg_PISACowsMilk_10_page_6,363.4,285.3,1059.0
10457438,stimulus_Arg_PISACowsMilk_10_page_6,363.1,285.2,1058.0
10457439,stimulus_Arg_PISACowsMilk_10_page_6,362.7,285.1,1058.0
10457440,stimulus_Arg_PISACowsMilk_10_page_6,362.5,285.1,1059.0
10457441,stimulus_Arg_PISACowsMilk_10_page_6,362.3,285.0,1059.0
10457442,stimulus_Arg_PISACowsMilk_10_page_6,362.2,285.0,1059.0
10457443,stimulus_Arg_PISACowsMilk_10_page_6,362.2,285.0,1059.0
10457444,stimulus_Arg_PISACowsMilk_10_page_6,362.3,285.0,1059.0
10457445,stimulus_Arg_PISACowsMilk_10_page_6,362.4,284.8,1059.0
10457446,stimulus_Arg_PISACowsMilk_10_page_6,362.4,284.6,1058.0
10457447,stimulus_Arg_PISACowsMilk_10_page_6,362.3,284.4,1058.0
10457448,stimulus_Arg_PISACowsMilk_10_page_6,362.3,284.4,1059.0
10457449,stimulus_Arg_PISACowsMilk_10_page_6,362.2,284.3,1060.0
10457450,stimulus_Arg_PISACowsMilk_10_page_6,362.1,284.0,1061.0
10457451,stimulus_Arg_PISACowsMilk_10_page_6,362.0,283.6,1061.0
10457452,stimulus_Arg_PISACowsMilk_10_page_6,362.0,283.5,1061.0
10457453,stimulus_Arg_PISACowsMilk_10_page_6,361.8,283.7,1060.0
10457454,stimulus_Arg_PISACowsMilk_10_page_6,361.5,283.9,1060.0
10457455,stimulus_Arg_PISACowsMilk_10_page_6,361.3,283.9,1059.0
10457456,stimulus_Arg_PISACowsMilk_10_page_6,361.2,283.9,1059.0
10457457,stimulus_Arg_PISACowsMilk_10_page_6,361.1,283.9,1059.0
10457458,stimulus_Arg_PISACowsMilk_10_page_6,361.1,283.8,1059.0
10457459,stimulus_Arg_PISACowsMilk_10_page_6,361.1,283.7,1058.0
10457460,stimulus_Arg_PISACowsMilk_10_page_6,360.8,283.5,1058.0
10457461,stimulus_Arg_PISACowsMilk_10_page_6,360.7,283.3,1057.0
10457462,stimulus_Arg_PISACowsMilk_10_page_6,360.4,283.2,1057.0
10457463,stimulus_Arg_PISACowsMilk_10_page_6,360.3,283.2,1057.0
10457464,stimulus_Arg_PISACowsMilk_10_page_6,360.1,283.3,1057.0
10457465,stimulus_Arg_PISACowsMilk_10_page_6,360.0,283.3,1056.0
10457466,stimulus_Arg_PISACowsMilk_10_page_6,359.9,283.1,1056.0
10457467,stimulus_Arg_PISACowsMilk_10_page_6,360.0,282.9,1055.0
10457468,stimulus_Arg_PISACowsMilk_10_page_6,360.2,282.8,1055.0
10457469,stimulus_Arg_PISACowsMilk_10_page_6,360.3,282.9,1055.0
10457470,stimulus_Arg_PISACowsMilk_10_page_6,360.7,283.1,1056.0
10457471,stimulus_Arg_PISACowsMilk_10_page_6,360.9,283.3,1056.0
10457472,stimulus_Arg_PISACowsMilk_10_page_6,361.0,283.4,1056.0
10457473,stimulus_Arg_PISACowsMilk_10_page_6,361.1,283.3,1057.0
10457474,stimulus_Arg_PISACowsMilk_10_page_6,361.2,283.1,1057.0
10457475,stimulus_Arg_PISACowsMilk_10_page_6,361.3,282.7,1057.0
10457476,stimulus_Arg_PISACowsMilk_10_page_6,361.2,282.5,1056.0
10457477,stimulus_Arg_PISACowsMilk_10_page_6,360.9,282.4,1056.0
10457478,stimulus_Arg_PISACowsMilk_10_page_6,360.6,282.4,1056.0
10457479,stimulus_Arg_PISACowsMilk_10_page_6,360.5,282.3,1056.0
10457480,stimulus_Arg_PISACowsMilk_10_page_6,360.5,282.2,1056.0
10457481,stimulus_Arg_PISACowsMilk_10_page_6,360.5,282.1,1056.0
10457482,stimulus_Arg_PISACowsMilk_10_page_6,360.6,282.1,1056.0
10457483,stimulus_Arg_PISACowsMilk_10_page_6,360.7,282.1,1056.0
10457484,stimulus_Arg_PISACowsMilk_10_page_6,360.9,282.2,1056.0
10457485,stimulus_Arg_PISACowsMilk_10_page_6,361.0,282.2,1056.0
10457486,stimulus_Arg_PISACowsMilk_10_page_6,361.1,282.2,1055.0
10457487,stimulus_Arg_PISACowsMilk_10_page_6,361.1,282.1,1055.0
10457488,stimulus_Arg_PISACowsMilk_10_page_6,361.1,282.2,1055.0
10457489,stimulus_Arg_PISACowsMilk_10_page_6,361.1,282.3,1056.0
10457490,stimulus_Arg_PISACowsMilk_10_page_6,361.2,282.4,1057.0
10457491,stimulus_Arg_PISACowsMilk_10_page_6,361.2,282.3,1056.0
10457492,stimulus_Arg_PISACowsMilk_10_page_6,361.4,282.3,1056.0
10457493,stimulus_Arg_PISACowsMilk_10_page_6,361.6,282.3,1055.0
10457494,stimulus_Arg_PISACowsMilk_10_page_6,361.7,282.4,1055.0
10457495,stimulus_Arg_PISACowsMilk_10_page_6,361.7,282.3,1055.0
10457496,stimulus_Arg_PISACowsMilk_10_page_6,361.7,282.3,1056.0
10457497,stimulus_Arg_PISACowsMilk_10_page_6,361.6,282.4,1056.0
10457498,stimulus_Arg_PISACowsMilk_10_page_6,361.5,282.5,1056.0
10457499,stimulus_Arg_PISACowsMilk_10_page_6,361.6,282.5,1056.0
10457500,stimulus_Arg_PISACowsMilk_10_page_6,361.7,282.7,1055.0
10457501,stimulus_Arg_PISACowsMilk_10_page_6,361.9,282.9,1055.0
10457502,stimulus_Arg_PISACowsMilk_10_page_6,361.8,282.8,1055.0
10457503,stimulus_Arg_PISACowsMilk_10_page_6,362.1,282.6,1056.0
10457504,stimulus_Arg_PISACowsMilk_10_page_6,362.4,282.2,1056.0
10457505,stimulus_Arg_PISACowsMilk_10_page_6,362.7,282.0,1056.0
10457506,stimulus_Arg_PISACowsMilk_10_page_6,362.8,281.8,1057.0
10457507,stimulus_Arg_PISACowsMilk_10_page_6,362.8,281.9,1056.0
10457508,stimulus_Arg_PISACowsMilk_10_page_6,362.7,282.1,1055.0
10457509,stimulus_Arg_PISACowsMilk_10_page_6,362.6,282.1,1055.0
10457510,stimulus_Arg_PISACowsMilk_10_page_6,362.5,282.1,1056.0
10457511,stimulus_Arg_PISACowsMilk_10_page_6,362.4,282.1,1056.0
10457512,stimulus_Arg_PISACowsMilk_10_page_6,362.3,282.2,1056.0
10457513,stimulus_Arg_PISACowsMilk_10_page_6,362.3,282.2,1056.0
10457514,stimulus_Arg_PISACowsMilk_10_page_6,362.3,282.2,1056.0
10457515,stimulus_Arg_PISACowsMilk_10_page_6,362.3,282.0,1055.0
10457516,stimulus_Arg_PISACowsMilk_10_page_6,362.3,281.8,1055.0
10457517,stimulus_Arg_PISACowsMilk_10_page_6,362.4,281.8,1055.0
10457518,stimulus_Arg_PISACowsMilk_10_page_6,362.5,282.2,1056.0
10457519,stimulus_Arg_PISACowsMilk_10_page_6,362.6,282.6,1056.0
10457520,stimulus_Arg_PISACowsMilk_10_page_6,362.6,282.8,1055.0
10457521,stimulus_Arg_PISACowsMilk_10_page_6,362.6,283.0,1055.0
10457522,stimulus_Arg_PISACowsMilk_10_page_6,362.5,283.2,1055.0
10457523,stimulus_Arg_PISACowsMilk_10_page_6,362.4,283.3,1055.0
10457524,stimulus_Arg_PISACowsMilk_10_page_6,362.3,283.1,1055.0
10457525,stimulus_Arg_PISACowsMilk_10_page_6,362.1,282.9,1055.0
10457526,stimulus_Arg_PISACowsMilk_10_page_6,362.0,282.9,1055.0
10457527,stimulus_Arg_PISACowsMilk_10_page_6,361.8,282.8,1055.0
10457528,stimulus_Arg_PISACowsMilk_10_page_6,361.9,282.8,1055.0
10457529,stimulus_Arg_PISACowsMilk_10_page_6,362.0,282.7,1055.0
10457530,stimulus_Arg_PISACowsMilk_10_page_6,362.1,282.8,1056.0
10457531,stimulus_Arg_PISACowsMilk_10_page_6,362.2,282.9,1056.0
10457532,stimulus_Arg_PISACowsMilk_10_page_6,362.2,283.1,1057.0
10457533,stimulus_Arg_PISACowsMilk_10_page_6,362.2,283.3,1057.0
10457534,stimulus_Arg_PISACowsMilk_10_page_6,362.1,283.6,1056.0
10457535,stimulus_Arg_PISACowsMilk_10_page_6,362.1,283.5,1056.0
10457536,stimulus_Arg_PISACowsMilk_10_page_6,362.0,283.4,1056.0
10457537,stimulus_Arg_PISACowsMilk_10_page_6,362.1,283.3,1056.0
10457538,stimulus_Arg_PISACowsMilk_10_page_6,362.4,283.4,1056.0
10457539,stimulus_Arg_PISACowsMilk_10_page_6,362.6,283.4,1055.0
10457540,stimulus_Arg_PISACowsMilk_10_page_6,362.6,283.4,1055.0
10457541,stimulus_Arg_PISACowsMilk_10_page_6,362.5,283.4,1055.0
10457542,stimulus_Arg_PISACowsMilk_10_page_6,362.5,283.4,1056.0
10457543,stimulus_Arg_PISACowsMilk_10_page_6,362.6,283.6,1057.0
10457544,stimulus_Arg_PISACowsMilk_10_page_6,362.6,283.8,1057.0
10457545,stimulus_Arg_PISACowsMilk_10_page_6,362.4,284.0,1056.0
10457546,stimulus_Arg_PISACowsMilk_10_page_6,362.2,283.9,1055.0
10457547,stimulus_Arg_PISACowsMilk_10_page_6,362.1,283.7,1054.0
10457548,stimulus_Arg_PISACowsMilk_10_page_6,362.0,283.5,1054.0
10457549,stimulus_Arg_PISACowsMilk_10_page_6,362.0,283.4,1053.0
10457550,stimulus_Arg_PISACowsMilk_10_page_6,362.0,283.5,1055.0
10457551,stimulus_Arg_PISACowsMilk_10_page_6,362.2,283.5,1057.0
10457552,stimulus_Arg_PISACowsMilk_10_page_6,362.5,283.7,1058.0
10457553,stimulus_Arg_PISACowsMilk_10_page_6,362.8,283.8,1058.0
10457554,stimulus_Arg_PISACowsMilk_10_page_6,362.9,283.9,1057.0
10457555,stimulus_Arg_PISACowsMilk_10_page_6,363.0,283.9,1056.0
10457556,stimulus_Arg_PISACowsMilk_10_page_6,363.0,284.1,1056.0
10457557,stimulus_Arg_PISACowsMilk_10_page_6,362.9,284.3,1055.0
10457558,stimulus_Arg_PISACowsMilk_10_page_6,362.5,284.3,1055.0
10457559,stimulus_Arg_PISACowsMilk_10_page_6,362.1,284.2,1055.0
10457560,stimulus_Arg_PISACowsMilk_10_page_6,361.8,284.2,1056.0
10457561,stimulus_Arg_PISACowsMilk_10_page_6,362.0,284.1,1057.0
10457562,stimulus_Arg_PISACowsMilk_10_page_6,362.2,284.0,1058.0
10457563,stimulus_Arg_PISACowsMilk_10_page_6,362.3,284.0,1058.0
10457564,stimulus_Arg_PISACowsMilk_10_page_6,362.2,284.0,1058.0
10457565,stimulus_Arg_PISACowsMilk_10_page_6,362.2,284.1,1058.0
10457566,stimulus_Arg_PISACowsMilk_10_page_6,362.4,284.2,1057.0
10457567,stimulus_Arg_PISACowsMilk_10_page_6,362.7,284.1,1057.0
10457568,stimulus_Arg_PISACowsMilk_10_page_6,363.0,284.0,1057.0
10457569,stimulus_Arg_PISACowsMilk_10_page_6,363.0,283.8,1057.0
10457570,stimulus_Arg_PISACowsMilk_10_page_6,362.9,283.8,1058.0
10457571,stimulus_Arg_PISACowsMilk_10_page_6,362.9,283.8,1059.0
10457572,stimulus_Arg_PISACowsMilk_10_page_6,362.9,283.7,1061.0
10457573,stimulus_Arg_PISACowsMilk_10_page_6,362.9,283.6,1062.0
10457574,stimulus_Arg_PISACowsMilk_10_page_6,362.9,283.6,1061.0
10457575,stimulus_Arg_PISACowsMilk_10_page_6,362.9,283.5,1061.0
10457576,stimulus_Arg_PISACowsMilk_10_page_6,362.8,283.7,1061.0
10457577,stimulus_Arg_PISACowsMilk_10_page_6,362.6,284.0,1061.0
10457578,stimulus_Arg_PISACowsMilk_10_page_6,362.4,283.9,1061.0
10457579,stimulus_Arg_PISACowsMilk_10_page_6,362.2,283.5,1061.0
10457580,stimulus_Arg_PISACowsMilk_10_page_6,362.1,283.1,1062.0
10457581,stimulus_Arg_PISACowsMilk_10_page_6,362.1,283.1,1062.0
10457582,stimulus_Arg_PISACowsMilk_10_page_6,362.3,283.4,1061.0
10457583,stimulus_Arg_PISACowsMilk_10_page_6,362.6,283.6,1061.0
10457584,stimulus_Arg_PISACowsMilk_10_page_6,362.6,283.9,1061.0
10457585,stimulus_Arg_PISACowsMilk_10_page_6,362.9,284.1,1061.0
10457586,stimulus_Arg_PISACowsMilk_10_page_6,363.0,284.1,1061.0
10457587,stimulus_Arg_PISACowsMilk_10_page_6,362.8,284.2,1061.0
10457588,stimulus_Arg_PISACowsMilk_10_page_6,362.6,284.2,1062.0
10457589,stimulus_Arg_PISACowsMilk_10_page_6,362.2,284.5,1063.0
10457590,stimulus_Arg_PISACowsMilk_10_page_6,362.2,284.8,1063.0
10457591,stimulus_Arg_PISACowsMilk_10_page_6,362.4,285.1,1062.0
10457592,stimulus_Arg_PISACowsMilk_10_page_6,362.6,284.9,1061.0
10457593,stimulus_Arg_PISACowsMilk_10_page_6,362.9,284.6,1060.0
10457594,stimulus_Arg_PISACowsMilk_10_page_6,362.8,284.2,1060.0
10457595,stimulus_Arg_PISACowsMilk_10_page_6,362.7,284.0,1062.0
10457596,stimulus_Arg_PISACowsMilk_10_page_6,362.7,284.2,1063.0
10457597,stimulus_Arg_PISACowsMilk_10_page_6,362.5,284.5,1063.0
10457598,stimulus_Arg_PISACowsMilk_10_page_6,362.2,284.7,1063.0
10457599,stimulus_Arg_PISACowsMilk_10_page_6,362.1,284.7,1063.0
10457600,stimulus_Arg_PISACowsMilk_10_page_6,362.2,284.7,1063.0
10457601,stimulus_Arg_PISACowsMilk_10_page_6,362.4,284.7,1062.0
10457602,stimulus_Arg_PISACowsMilk_10_page_6,362.6,284.7,1062.0
10457603,stimulus_Arg_PISACowsMilk_10_page_6,362.8,285.1,1062.0
10457604,stimulus_Arg_PISACowsMilk_10_page_6,362.9,285.5,1061.0
10457605,stimulus_Arg_PISACowsMilk_10_page_6,362.7,285.8,1061.0
10457606,stimulus_Arg_PISACowsMilk_10_page_6,362.4,285.8,1061.0
10457607,stimulus_Arg_PISACowsMilk_10_page_6,362.4,285.8,1062.0
10457608,stimulus_Arg_PISACowsMilk_10_page_6,362.8,285.8,1063.0
10457609,stimulus_Arg_PISACowsMilk_10_page_6,363.1,286.0,1064.0
10457610,stimulus_Arg_PISACowsMilk_10_page_6,363.6,286.2,1064.0
10457611,stimulus_Arg_PISACowsMilk_10_page_6,364.4,286.3,1063.0
10457612,stimulus_Arg_PISACowsMilk_10_page_6,366.0,286.0,1062.0
10457613,stimulus_Arg_PISACowsMilk_10_page_6,368.2,285.7,1062.0
10457614,stimulus_Arg_PISACowsMilk_10_page_6,371.0,285.5,1062.0
10457615,stimulus_Arg_PISACowsMilk_10_page_6,373.8,285.8,1062.0
10457616,stimulus_Arg_PISACowsMilk_10_page_6,377.6,286.2,1063.0
10457617,stimulus_Arg_PISACowsMilk_10_page_6,383.3,286.7,1064.0
10457618,stimulus_Arg_PISACowsMilk_10_page_6,390.3,287.3,1065.0
10457619,stimulus_Arg_PISACowsMilk_10_page_6,397.8,287.9,1066.0
10457620,stimulus_Arg_PISACowsMilk_10_page_6,405.9,288.5,1066.0
10457621,stimulus_Arg_PISACowsMilk_10_page_6,413.9,289.0,1066.0
10457622,stimulus_Arg_PISACowsMilk_10_page_6,421.6,289.3,1066.0
10457623,stimulus_Arg_PISACowsMilk_10_page_6,428.0,289.6,1066.0
10457624,stimulus_Arg_PISACowsMilk_10_page_6,434.0,289.5,1067.0
10457625,stimulus_Arg_PISACowsMilk_10_page_6,439.1,288.9,1068.0
10457626,stimulus_Arg_PISACowsMilk_10_page_6,442.7,288.1,1068.0
10457627,stimulus_Arg_PISACowsMilk_10_page_6,444.9,287.1,1068.0
10457628,stimulus_Arg_PISACowsMilk_10_page_6,446.1,286.0,1067.0
10457629,stimulus_Arg_PISACowsMilk_10_page_6,446.8,284.6,1064.0
10457630,stimulus_Arg_PISACowsMilk_10_page_6,446.6,283.7,1062.0
10457631,stimulus_Arg_PISACowsMilk_10_page_6,445.2,283.3,1060.0
10457632,stimulus_Arg_PISACowsMilk_10_page_6,443.4,282.9,1060.0
10457633,stimulus_Arg_PISACowsMilk_10_page_6,441.6,282.7,1059.0
10457634,stimulus_Arg_PISACowsMilk_10_page_6,440.3,282.5,1059.0
10457635,stimulus_Arg_PISACowsMilk_10_page_6,439.0,282.5,1059.0
10457636,stimulus_Arg_PISACowsMilk_10_page_6,437.4,282.5,1059.0
10457637,stimulus_Arg_PISACowsMilk_10_page_6,436.2,282.6,1058.0
10457638,stimulus_Arg_PISACowsMilk_10_page_6,435.1,282.7,1059.0
10457639,stimulus_Arg_PISACowsMilk_10_page_6,434.3,283.2,1060.0
10457640,stimulus_Arg_PISACowsMilk_10_page_6,433.2,283.5,1062.0
10457641,stimulus_Arg_PISACowsMilk_10_page_6,432.3,284.1,1062.0
10457642,stimulus_Arg_PISACowsMilk_10_page_6,432.0,284.4,1061.0
10457643,stimulus_Arg_PISACowsMilk_10_page_6,431.9,284.7,1061.0
10457644,stimulus_Arg_PISACowsMilk_10_page_6,431.8,285.1,1061.0
10457645,stimulus_Arg_PISACowsMilk_10_page_6,431.7,285.6,1062.0
10457646,stimulus_Arg_PISACowsMilk_10_page_6,431.6,286.2,1062.0
10457647,stimulus_Arg_PISACowsMilk_10_page_6,431.5,286.7,1062.0
10457648,stimulus_Arg_PISACowsMilk_10_page_6,431.4,287.5,1062.0
10457649,stimulus_Arg_PISACowsMilk_10_page_6,431.3,288.1,1063.0
10457650,stimulus_Arg_PISACowsMilk_10_page_6,431.6,288.5,1064.0
10457651,stimulus_Arg_PISACowsMilk_10_page_6,432.0,288.6,1065.0
10457652,stimulus_Arg_PISACowsMilk_10_page_6,432.4,288.7,1066.0
10457653,stimulus_Arg_PISACowsMilk_10_page_6,432.8,288.7,1066.0
10457654,stimulus_Arg_PISACowsMilk_10_page_6,433.1,288.8,1066.0
10457655,stimulus_Arg_PISACowsMilk_10_page_6,433.3,288.5,1065.0
10457656,stimulus_Arg_PISACowsMilk_10_page_6,433.7,288.3,1065.0
10457657,stimulus_Arg_PISACowsMilk_10_page_6,434.2,288.1,1065.0
10457658,stimulus_Arg_PISACowsMilk_10_page_6,434.7,288.4,1064.0
10457659,stimulus_Arg_PISACowsMilk_10_page_6,434.8,288.6,1065.0
10457660,stimulus_Arg_PISACowsMilk_10_page_6,435.2,288.5,1066.0
10457661,stimulus_Arg_PISACowsMilk_10_page_6,435.6,288.1,1066.0
10457662,stimulus_Arg_PISACowsMilk_10_page_6,436.2,287.8,1065.0
10457663,stimulus_Arg_PISACowsMilk_10_page_6,436.5,287.7,1065.0
10457664,stimulus_Arg_PISACowsMilk_10_page_6,436.8,287.8,1064.0
10457665,stimulus_Arg_PISACowsMilk_10_page_6,436.8,287.9,1064.0
10457666,stimulus_Arg_PISACowsMilk_10_page_6,436.8,287.9,1064.0
10457667,stimulus_Arg_PISACowsMilk_10_page_6,436.9,287.9,1065.0
10457668,stimulus_Arg_PISACowsMilk_10_page_6,437.1,287.7,1065.0
10457669,stimulus_Arg_PISACowsMilk_10_page_6,437.4,287.6,1065.0
10457670,stimulus_Arg_PISACowsMilk_10_page_6,438.0,287.5,1064.0
10457671,stimulus_Arg_PISACowsMilk_10_page_6,438.2,287.6,1065.0
10457672,stimulus_Arg_PISACowsMilk_10_page_6,438.1,287.6,1065.0
10457673,stimulus_Arg_PISACowsMilk_10_page_6,437.8,287.6,1066.0
10457674,stimulus_Arg_PISACowsMilk_10_page_6,437.5,287.6,1066.0
10457675,stimulus_Arg_PISACowsMilk_10_page_6,437.7,287.8,1066.0
10457676,stimulus_Arg_PISACowsMilk_10_page_6,438.0,288.0,1067.0
10457677,stimulus_Arg_PISACowsMilk_10_page_6,438.2,287.9,1067.0
10457678,stimulus_Arg_PISACowsMilk_10_page_6,438.4,287.7,1068.0
10457679,stimulus_Arg_PISACowsMilk_10_page_6,438.5,287.5,1068.0
10457680,stimulus_Arg_PISACowsMilk_10_page_6,438.6,287.6,1067.0
10457681,stimulus_Arg_PISACowsMilk_10_page_6,438.5,287.6,1067.0
10457682,stimulus_Arg_PISACowsMilk_10_page_6,438.4,287.5,1067.0
10457683,stimulus_Arg_PISACowsMilk_10_page_6,438.4,287.4,1068.0
10457684,stimulus_Arg_PISACowsMilk_10_page_6,438.4,287.4,1068.0
10457685,stimulus_Arg_PISACowsMilk_10_page_6,438.5,287.5,1067.0
10457686,stimulus_Arg_PISACowsMilk_10_page_6,438.5,287.5,1066.0
10457687,stimulus_Arg_PISACowsMilk_10_page_6,438.7,287.6,1065.0
10457688,stimulus_Arg_PISACowsMilk_10_page_6,438.9,287.7,1065.0
10457689,stimulus_Arg_PISACowsMilk_10_page_6,438.8,287.6,1066.0
10457690,stimulus_Arg_PISACowsMilk_10_page_6,438.5,287.4,1066.0
10457691,stimulus_Arg_PISACowsMilk_10_page_6,438.3,287.2,1066.0
10457692,stimulus_Arg_PISACowsMilk_10_page_6,438.4,287.1,1067.0
10457693,stimulus_Arg_PISACowsMilk_10_page_6,438.5,287.0,1068.0
10457694,stimulus_Arg_PISACowsMilk_10_page_6,438.4,287.0,1068.0
10457695,stimulus_Arg_PISACowsMilk_10_page_6,438.3,287.1,1067.0
10457696,stimulus_Arg_PISACowsMilk_10_page_6,438.2,287.1,1067.0
10457697,stimulus_Arg_PISACowsMilk_10_page_6,438.1,287.1,1068.0
10457698,stimulus_Arg_PISACowsMilk_10_page_6,438.1,287.1,1069.0
10457699,stimulus_Arg_PISACowsMilk_10_page_6,438.0,287.2,1069.0
10457700,stimulus_Arg_PISACowsMilk_10_page_6,438.0,286.9,1069.0
10457701,stimulus_Arg_PISACowsMilk_10_page_6,438.0,286.5,1069.0
10457702,stimulus_Arg_PISACowsMilk_10_page_6,437.9,286.7,1069.0
10457703,stimulus_Arg_PISACowsMilk_10_page_6,437.9,287.3,1069.0
10457704,stimulus_Arg_PISACowsMilk_10_page_6,438.0,287.9,1069.0
10457705,stimulus_Arg_PISACowsMilk_10_page_6,437.9,288.1,1069.0
10457706,stimulus_Arg_PISACowsMilk_10_page_6,437.7,288.2,1069.0
10457707,stimulus_Arg_PISACowsMilk_10_page_6,437.4,288.2,1068.0
10457708,stimulus_Arg_PISACowsMilk_10_page_6,437.4,288.1,1068.0
10457709,stimulus_Arg_PISACowsMilk_10_page_6,437.4,287.9,1068.0
10457710,stimulus_Arg_PISACowsMilk_10_page_6,437.5,287.5,1067.0
10457711,stimulus_Arg_PISACowsMilk_10_page_6,437.7,287.3,1067.0
10457712,stimulus_Arg_PISACowsMilk_10_page_6,438.0,287.2,1067.0
10457713,stimulus_Arg_PISACowsMilk_10_page_6,438.4,287.2,1066.0
10457714,stimulus_Arg_PISACowsMilk_10_page_6,438.5,287.2,1066.0
10457715,stimulus_Arg_PISACowsMilk_10_page_6,438.1,287.4,1066.0
10457716,stimulus_Arg_PISACowsMilk_10_page_6,437.7,287.7,1066.0
10457717,stimulus_Arg_PISACowsMilk_10_page_6,437.3,287.9,1066.0
10457718,stimulus_Arg_PISACowsMilk_10_page_6,437.5,287.8,1066.0
10457719,stimulus_Arg_PISACowsMilk_10_page_6,437.7,287.6,1066.0
10457720,stimulus_Arg_PISACowsMilk_10_page_6,437.9,287.4,1067.0
10457721,stimulus_Arg_PISACowsMilk_10_page_6,437.8,287.4,1067.0
10457722,stimulus_Arg_PISACowsMilk_10_page_6,437.9,287.2,1067.0
10457723,stimulus_Arg_PISACowsMilk_10_page_6,438.0,287.0,1067.0
10457724,stimulus_Arg_PISACowsMilk_10_page_6,438.0,286.8,1066.0
10457725,stimulus_Arg_PISACowsMilk_10_page_6,437.9,286.8,1066.0
10457726,stimulus_Arg_PISACowsMilk_10_page_6,437.9,286.8,1065.0
10457727,stimulus_Arg_PISACowsMilk_10_page_6,437.9,286.9,1066.0
10457728,stimulus_Arg_PISACowsMilk_10_page_6,437.9,287.0,1067.0
10457729,stimulus_Arg_PISACowsMilk_10_page_6,437.7,287.4,1068.0
10457730,stimulus_Arg_PISACowsMilk_10_page_6,437.5,287.8,1068.0
10457731,stimulus_Arg_PISACowsMilk_10_page_6,437.5,287.8,1068.0
10457732,stimulus_Arg_PISACowsMilk_10_page_6,437.6,287.5,1067.0
10457733,stimulus_Arg_PISACowsMilk_10_page_6,437.6,287.3,1067.0
10457734,stimulus_Arg_PISACowsMilk_10_page_6,437.6,287.3,1067.0
10457735,stimulus_Arg_PISACowsMilk_10_page_6,437.8,287.3,1067.0
10457736,stimulus_Arg_PISACowsMilk_10_page_6,438.1,287.2,1067.0
10457737,stimulus_Arg_PISACowsMilk_10_page_6,438.3,287.3,1066.0
10457738,stimulus_Arg_PISACowsMilk_10_page_6,438.4,287.5,1066.0
10457739,stimulus_Arg_PISACowsMilk_10_page_6,438.5,287.6,1066.0
10457740,stimulus_Arg_PISACowsMilk_10_page_6,438.6,287.7,1066.0
10457741,stimulus_Arg_PISACowsMilk_10_page_6,438.6,287.7,1066.0
10457742,stimulus_Arg_PISACowsMilk_10_page_6,438.6,287.7,1065.0
10457743,stimulus_Arg_PISACowsMilk_10_page_6,438.6,287.7,1065.0
10457744,stimulus_Arg_PISACowsMilk_10_page_6,438.6,287.7,1064.0
10457745,stimulus_Arg_PISACowsMilk_10_page_6,438.5,287.7,1065.0
10457746,stimulus_Arg_PISACowsMilk_10_page_6,438.4,287.8,1065.0
10457747,stimulus_Arg_PISACowsMilk_10_page_6,438.4,287.7,1065.0
10457748,stimulus_Arg_PISACowsMilk_10_page_6,438.4,287.8,1064.0
10457749,stimulus_Arg_PISACowsMilk_10_page_6,438.4,287.8,1064.0
10457750,stimulus_Arg_PISACowsMilk_10_page_6,438.4,287.8,1064.0
10457751,stimulus_Arg_PISACowsMilk_10_page_6,438.4,287.6,1063.0
10457752,stimulus_Arg_PISACowsMilk_10_page_6,438.0,287.5,1062.0
10457753,stimulus_Arg_PISACowsMilk_10_page_6,437.6,287.5,1062.0
10457754,stimulus_Arg_PISACowsMilk_10_page_6,437.4,287.5,1062.0
10457755,stimulus_Arg_PISACowsMilk_10_page_6,437.5,287.6,1062.0
10457756,stimulus_Arg_PISACowsMilk_10_page_6,437.7,287.7,1061.0
10457757,stimulus_Arg_PISACowsMilk_10_page_6,437.8,287.9,1061.0
10457758,stimulus_Arg_PISACowsMilk_10_page_6,437.9,287.9,1062.0
10457759,stimulus_Arg_PISACowsMilk_10_page_6,438.0,287.9,1063.0
10457760,stimulus_Arg_PISACowsMilk_10_page_6,438.0,287.9,1063.0
10457761,stimulus_Arg_PISACowsMilk_10_page_6,438.0,287.8,1062.0
10457762,stimulus_Arg_PISACowsMilk_10_page_6,438.1,287.7,1061.0
10457763,stimulus_Arg_PISACowsMilk_10_page_6,438.1,287.6,1060.0
10457764,stimulus_Arg_PISACowsMilk_10_page_6,438.1,287.6,1060.0
10457765,stimulus_Arg_PISACowsMilk_10_page_6,438.2,287.6,1061.0
10457766,stimulus_Arg_PISACowsMilk_10_page_6,438.2,287.6,1062.0
10457767,stimulus_Arg_PISACowsMilk_10_page_6,438.2,287.6,1063.0
10457768,stimulus_Arg_PISACowsMilk_10_page_6,438.1,287.5,1064.0
10457769,stimulus_Arg_PISACowsMilk_10_page_6,438.0,287.6,1064.0
10457770,stimulus_Arg_PISACowsMilk_10_page_6,438.2,287.6,1064.0
10457771,stimulus_Arg_PISACowsMilk_10_page_6,438.4,287.6,1064.0
10457772,stimulus_Arg_PISACowsMilk_10_page_6,438.5,287.6,1064.0
10457773,stimulus_Arg_PISACowsMilk_10_page_6,438.4,287.7,1063.0
10457774,stimulus_Arg_PISACowsMilk_10_page_6,438.3,287.8,1062.0
10457775,stimulus_Arg_PISACowsMilk_10_page_6,438.4,288.0,1062.0
10457776,stimulus_Arg_PISACowsMilk_10_page_6,438.5,288.1,1062.0
10457777,stimulus_Arg_PISACowsMilk_10_page_6,438.6,288.1,1062.0
10457778,stimulus_Arg_PISACowsMilk_10_page_6,438.8,288.0,1061.0
10457779,stimulus_Arg_PISACowsMilk_10_page_6,438.9,287.9,1061.0
10457780,stimulus_Arg_PISACowsMilk_10_page_6,438.8,287.7,1061.0
10457781,stimulus_Arg_PISACowsMilk_10_page_6,438.4,287.5,1061.0
10457782,stimulus_Arg_PISACowsMilk_10_page_6,438.0,287.3,1061.0
10457783,stimulus_Arg_PISACowsMilk_10_page_6,438.3,287.2,1062.0
10457784,stimulus_Arg_PISACowsMilk_10_page_6,438.7,287.3,1062.0
10457785,stimulus_Arg_PISACowsMilk_10_page_6,439.1,287.4,1061.0
10457786,stimulus_Arg_PISACowsMilk_10_page_6,439.1,287.5,1060.0
10457787,stimulus_Arg_PISACowsMilk_10_page_6,439.1,287.4,1058.0
10457788,stimulus_Arg_PISACowsMilk_10_page_6,439.0,287.3,1058.0
10457789,stimulus_Arg_PISACowsMilk_10_page_6,438.7,287.5,1057.0
10457790,stimulus_Arg_PISACowsMilk_10_page_6,438.3,287.8,1058.0
10457791,stimulus_Arg_PISACowsMilk_10_page_6,438.1,287.8,1060.0
10457792,stimulus_Arg_PISACowsMilk_10_page_6,438.2,287.6,1062.0
10457793,stimulus_Arg_PISACowsMilk_10_page_6,438.3,287.4,1062.0
10457794,stimulus_Arg_PISACowsMilk_10_page_6,438.4,287.4,1062.0
10457795,stimulus_Arg_PISACowsMilk_10_page_6,438.5,287.5,1062.0
10457796,stimulus_Arg_PISACowsMilk_10_page_6,438.6,287.5,1062.0
10457797,stimulus_Arg_PISACowsMilk_10_page_6,438.6,287.5,1061.0
10457798,stimulus_Arg_PISACowsMilk_10_page_6,438.8,287.6,1061.0
10457799,stimulus_Arg_PISACowsMilk_10_page_6,439.0,287.7,1061.0
10457800,stimulus_Arg_PISACowsMilk_10_page_6,439.2,287.6,1061.0
10457801,stimulus_Arg_PISACowsMilk_10_page_6,439.2,287.3,1061.0
10457802,stimulus_Arg_PISACowsMilk_10_page_6,439.2,287.1,1061.0
10457803,stimulus_Arg_PISACowsMilk_10_page_6,439.2,287.1,1062.0
10457804,stimulus_Arg_PISACowsMilk_10_page_6,439.3,287.2,1062.0
10457805,stimulus_Arg_PISACowsMilk_10_page_6,439.5,287.3,1063.0
10457806,stimulus_Arg_PISACowsMilk_10_page_6,439.6,287.3,1063.0
10457807,stimulus_Arg_PISACowsMilk_10_page_6,439.8,287.3,1062.0
10457808,stimulus_Arg_PISACowsMilk_10_page_6,439.8,287.4,1063.0
10457809,stimulus_Arg_PISACowsMilk_10_page_6,439.9,287.4,1063.0
10457810,stimulus_Arg_PISACowsMilk_10_page_6,440.0,287.3,1064.0
10457811,stimulus_Arg_PISACowsMilk_10_page_6,439.9,287.3,1064.0
10457812,stimulus_Arg_PISACowsMilk_10_page_6,439.9,287.3,1064.0
10457813,stimulus_Arg_PISACowsMilk_10_page_6,439.6,287.3,1064.0
10457814,stimulus_Arg_PISACowsMilk_10_page_6,439.5,287.1,1064.0
10457815,stimulus_Arg_PISACowsMilk_10_page_6,439.3,286.8,1063.0
10457816,stimulus_Arg_PISACowsMilk_10_page_6,439.5,286.9,1063.0
10457817,stimulus_Arg_PISACowsMilk_10_page_6,439.6,287.2,1063.0
10457818,stimulus_Arg_PISACowsMilk_10_page_6,440.0,287.4,1063.0
10457819,stimulus_Arg_PISACowsMilk_10_page_6,440.3,287.4,1062.0
10457820,stimulus_Arg_PISACowsMilk_10_page_6,440.5,287.4,1061.0
10457821,stimulus_Arg_PISACowsMilk_10_page_6,440.5,287.4,1061.0
10457822,stimulus_Arg_PISACowsMilk_10_page_6,440.4,287.9,1061.0
10457823,stimulus_Arg_PISACowsMilk_10_page_6,440.4,288.3,1061.0
10457824,stimulus_Arg_PISACowsMilk_10_page_6,440.4,288.5,1061.0
10457825,stimulus_Arg_PISACowsMilk_10_page_6,440.4,287.8,1061.0
10457826,stimulus_Arg_PISACowsMilk_10_page_6,440.4,287.2,1061.0
10457827,stimulus_Arg_PISACowsMilk_10_page_6,440.3,286.9,1062.0
10457828,stimulus_Arg_PISACowsMilk_10_page_6,440.3,286.8,1062.0
10457829,stimulus_Arg_PISACowsMilk_10_page_6,440.1,286.9,1062.0
10457830,stimulus_Arg_PISACowsMilk_10_page_6,439.9,287.0,1062.0
10457831,stimulus_Arg_PISACowsMilk_10_page_6,439.6,287.1,1061.0
10457832,stimulus_Arg_PISACowsMilk_10_page_6,439.6,287.2,1061.0
10457833,stimulus_Arg_PISACowsMilk_10_page_6,439.8,287.3,1061.0
10457834,stimulus_Arg_PISACowsMilk_10_page_6,440.1,287.4,1061.0
10457835,stimulus_Arg_PISACowsMilk_10_page_6,440.4,287.6,1060.0
10457836,stimulus_Arg_PISACowsMilk_10_page_6,440.4,287.7,1060.0
10457837,stimulus_Arg_PISACowsMilk_10_page_6,440.5,287.8,1059.0
10457838,stimulus_Arg_PISACowsMilk_10_page_6,440.4,287.8,1058.0
10457839,stimulus_Arg_PISACowsMilk_10_page_6,440.4,287.7,1057.0
10457840,stimulus_Arg_PISACowsMilk_10_page_6,440.5,287.5,1058.0
10457841,stimulus_Arg_PISACowsMilk_10_page_6,440.6,287.3,1059.0
10457842,stimulus_Arg_PISACowsMilk_10_page_6,440.7,287.3,1060.0
10457843,stimulus_Arg_PISACowsMilk_10_page_6,440.5,287.4,1060.0
10457844,stimulus_Arg_PISACowsMilk_10_page_6,440.3,287.5,1060.0
10457845,stimulus_Arg_PISACowsMilk_10_page_6,439.9,287.7,1059.0
10457846,stimulus_Arg_PISACowsMilk_10_page_6,439.8,287.7,1058.0
10457847,stimulus_Arg_PISACowsMilk_10_page_6,439.7,287.7,1057.0
10457848,stimulus_Arg_PISACowsMilk_10_page_6,439.7,287.8,1058.0
10457849,stimulus_Arg_PISACowsMilk_10_page_6,439.7,287.9,1058.0
10457850,stimulus_Arg_PISACowsMilk_10_page_6,439.7,287.9,1058.0
10457851,stimulus_Arg_PISACowsMilk_10_page_6,439.7,288.0,1059.0
10457852,stimulus_Arg_PISACowsMilk_10_page_6,439.7,288.0,1059.0
10457853,stimulus_Arg_PISACowsMilk_10_page_6,439.7,288.1,1059.0
10457854,stimulus_Arg_PISACowsMilk_10_page_6,439.7,288.1,1059.0
10457855,stimulus_Arg_PISACowsMilk_10_page_6,439.9,288.1,1059.0
10457856,stimulus_Arg_PISACowsMilk_10_page_6,440.1,288.1,1058.0
10457857,stimulus_Arg_PISACowsMilk_10_page_6,440.1,288.1,1058.0
10457858,stimulus_Arg_PISACowsMilk_10_page_6,439.9,288.2,1058.0
10457859,stimulus_Arg_PISACowsMilk_10_page_6,439.6,288.2,1058.0
10457860,stimulus_Arg_PISACowsMilk_10_page_6,439.6,288.2,1058.0
10457861,stimulus_Arg_PISACowsMilk_10_page_6,439.7,288.3,1059.0
10457862,stimulus_Arg_PISACowsMilk_10_page_6,439.7,288.1,1059.0
10457863,stimulus_Arg_PISACowsMilk_10_page_6,439.5,288.0,1060.0
10457864,stimulus_Arg_PISACowsMilk_10_page_6,439.4,287.9,1060.0
10457865,stimulus_Arg_PISACowsMilk_10_page_6,439.4,287.9,1061.0
10457866,stimulus_Arg_PISACowsMilk_10_page_6,439.5,288.1,1061.0
10457867,stimulus_Arg_PISACowsMilk_10_page_6,439.5,288.3,1061.0
10457868,stimulus_Arg_PISACowsMilk_10_page_6,439.5,288.4,1061.0
10457869,stimulus_Arg_PISACowsMilk_10_page_6,439.4,288.4,1061.0
10457870,stimulus_Arg_PISACowsMilk_10_page_6,439.2,288.5,1061.0
10457871,stimulus_Arg_PISACowsMilk_10_page_6,439.1,288.6,1061.0
10457872,stimulus_Arg_PISACowsMilk_10_page_6,439.0,288.6,1062.0
10457873,stimulus_Arg_PISACowsMilk_10_page_6,439.3,288.7,1061.0
10457874,stimulus_Arg_PISACowsMilk_10_page_6,439.5,288.8,1061.0
10457875,stimulus_Arg_PISACowsMilk_10_page_6,439.8,288.9,1060.0
10457876,stimulus_Arg_PISACowsMilk_10_page_6,439.8,288.9,1060.0
10457877,stimulus_Arg_PISACowsMilk_10_page_6,439.7,288.9,1059.0
10457878,stimulus_Arg_PISACowsMilk_10_page_6,439.6,288.6,1060.0
10457879,stimulus_Arg_PISACowsMilk_10_page_6,439.5,288.4,1061.0
10457880,stimulus_Arg_PISACowsMilk_10_page_6,439.4,288.1,1062.0
10457881,stimulus_Arg_PISACowsMilk_10_page_6,439.4,288.2,1062.0
10457882,stimulus_Arg_PISACowsMilk_10_page_6,439.5,288.4,1062.0
10457883,stimulus_Arg_PISACowsMilk_10_page_6,439.6,288.7,1061.0
10457884,stimulus_Arg_PISACowsMilk_10_page_6,439.7,288.9,1060.0
10457885,stimulus_Arg_PISACowsMilk_10_page_6,439.6,289.0,1059.0
10457886,stimulus_Arg_PISACowsMilk_10_page_6,439.4,289.5,1059.0
10457887,stimulus_Arg_PISACowsMilk_10_page_6,439.1,290.0,1059.0
10457888,stimulus_Arg_PISACowsMilk_10_page_6,438.9,290.3,1059.0
10457889,stimulus_Arg_PISACowsMilk_10_page_6,438.9,290.0,1059.0
10457890,stimulus_Arg_PISACowsMilk_10_page_6,439.0,289.6,1059.0
10457891,stimulus_Arg_PISACowsMilk_10_page_6,439.1,289.4,1059.0
10457892,stimulus_Arg_PISACowsMilk_10_page_6,439.2,289.4,1059.0
10457893,stimulus_Arg_PISACowsMilk_10_page_6,439.2,289.6,1059.0
10457894,stimulus_Arg_PISACowsMilk_10_page_6,439.2,289.8,1059.0
10457895,stimulus_Arg_PISACowsMilk_10_page_6,439.2,289.6,1058.0
10457896,stimulus_Arg_PISACowsMilk_10_page_6,439.3,289.3,1058.0
10457897,stimulus_Arg_PISACowsMilk_10_page_6,439.3,289.2,1058.0
10457898,stimulus_Arg_PISACowsMilk_10_page_6,439.3,289.6,1058.0
10457899,stimulus_Arg_PISACowsMilk_10_page_6,439.3,290.0,1058.0
10457900,stimulus_Arg_PISACowsMilk_10_page_6,439.1,290.2,1058.0
10457901,stimulus_Arg_PISACowsMilk_10_page_6,438.9,290.2,1058.0
10457902,stimulus_Arg_PISACowsMilk_10_page_6,438.8,290.3,1059.0
10457903,stimulus_Arg_PISACowsMilk_10_page_6,438.9,290.3,1059.0
10457904,stimulus_Arg_PISACowsMilk_10_page_6,439.1,290.6,1060.0
10457905,stimulus_Arg_PISACowsMilk_10_page_6,439.5,291.2,1057.0
10457906,stimulus_Arg_PISACowsMilk_10_page_6,441.4,291.9,1054.0
10457907,stimulus_Arg_PISACowsMilk_10_page_6,445.5,292.2,1052.0
10457908,stimulus_Arg_PISACowsMilk_10_page_6,450.3,292.3,1053.0
10457909,stimulus_Arg_PISACowsMilk_10_page_6,455.2,292.4,1054.0
10457910,stimulus_Arg_PISACowsMilk_10_page_6,462.5,292.2,1055.0
10457911,stimulus_Arg_PISACowsMilk_10_page_6,470.8,292.1,1056.0
10457912,stimulus_Arg_PISACowsMilk_10_page_6,481.5,291.1,1057.0
10457913,stimulus_Arg_PISACowsMilk_10_page_6,490.5,290.4,1058.0
10457914,stimulus_Arg_PISACowsMilk_10_page_6,501.7,288.5,1058.0
10457915,stimulus_Arg_PISACowsMilk_10_page_6,512.6,286.7,1059.0
10457916,stimulus_Arg_PISACowsMilk_10_page_6,524.7,284.3,1060.0
10457917,stimulus_Arg_PISACowsMilk_10_page_6,535.8,282.1,1061.0
10457918,stimulus_Arg_PISACowsMilk_10_page_6,547.2,280.0,1060.0
10457919,stimulus_Arg_PISACowsMilk_10_page_6,558.3,278.2,1060.0
10457920,stimulus_Arg_PISACowsMilk_10_page_6,569.5,277.0,1060.0
10457921,stimulus_Arg_PISACowsMilk_10_page_6,579.7,275.6,1060.0
10457922,stimulus_Arg_PISACowsMilk_10_page_6,590.2,274.3,1060.0
10457923,stimulus_Arg_PISACowsMilk_10_page_6,600.8,273.4,1060.0
10457924,stimulus_Arg_PISACowsMilk_10_page_6,612.2,272.9,1059.0
10457925,stimulus_Arg_PISACowsMilk_10_page_6,622.7,272.8,1057.0
10457926,stimulus_Arg_PISACowsMilk_10_page_6,632.9,272.3,1056.0
10457927,stimulus_Arg_PISACowsMilk_10_page_6,642.3,271.9,1055.0
10457928,stimulus_Arg_PISACowsMilk_10_page_6,651.5,271.5,1052.0
10457929,stimulus_Arg_PISACowsMilk_10_page_6,660.4,271.3,1049.0
10457930,stimulus_Arg_PISACowsMilk_10_page_6,667.9,271.7,1046.0
10457931,stimulus_Arg_PISACowsMilk_10_page_6,674.1,272.2,1044.0
10457932,stimulus_Arg_PISACowsMilk_10_page_6,678.7,272.8,1041.0
10457933,stimulus_Arg_PISACowsMilk_10_page_6,682.4,273.1,1039.0
10457934,stimulus_Arg_PISACowsMilk_10_page_6,685.1,273.5,1037.0
10457935,stimulus_Arg_PISACowsMilk_10_page_6,687.3,274.3,1036.0
10457936,stimulus_Arg_PISACowsMilk_10_page_6,688.9,275.0,1034.0
10457937,stimulus_Arg_PISACowsMilk_10_page_6,690.2,275.1,1035.0
10457938,stimulus_Arg_PISACowsMilk_10_page_6,691.3,274.7,1035.0
10457939,stimulus_Arg_PISACowsMilk_10_page_6,692.5,274.3,1036.0
10457940,stimulus_Arg_PISACowsMilk_10_page_6,694.2,274.3,1036.0
10457941,stimulus_Arg_PISACowsMilk_10_page_6,696.1,274.6,1036.0
10457942,stimulus_Arg_PISACowsMilk_10_page_6,697.5,274.9,1036.0
10457943,stimulus_Arg_PISACowsMilk_10_page_6,698.4,275.0,1035.0
10457944,stimulus_Arg_PISACowsMilk_10_page_6,698.6,275.0,1035.0
10457945,stimulus_Arg_PISACowsMilk_10_page_6,697.9,274.9,1036.0
10457946,stimulus_Arg_PISACowsMilk_10_page_6,696.8,274.7,1037.0
10457947,stimulus_Arg_PISACowsMilk_10_page_6,694.9,274.5,1037.0
10457948,stimulus_Arg_PISACowsMilk_10_page_6,693.3,274.3,1038.0
10457949,stimulus_Arg_PISACowsMilk_10_page_6,691.4,274.3,1038.0
10457950,stimulus_Arg_PISACowsMilk_10_page_6,689.9,274.2,1038.0
10457951,stimulus_Arg_PISACowsMilk_10_page_6,688.5,274.1,1039.0
10457952,stimulus_Arg_PISACowsMilk_10_page_6,687.3,274.3,1040.0
10457953,stimulus_Arg_PISACowsMilk_10_page_6,686.4,274.5,1042.0
10457954,stimulus_Arg_PISACowsMilk_10_page_6,686.1,274.7,1043.0
10457955,stimulus_Arg_PISACowsMilk_10_page_6,686.2,274.8,1044.0
10457956,stimulus_Arg_PISACowsMilk_10_page_6,686.5,274.9,1044.0
10457957,stimulus_Arg_PISACowsMilk_10_page_6,687.1,275.0,1044.0
10457958,stimulus_Arg_PISACowsMilk_10_page_6,688.4,275.0,1044.0
10457959,stimulus_Arg_PISACowsMilk_10_page_6,689.5,275.0,1044.0
10457960,stimulus_Arg_PISACowsMilk_10_page_6,690.5,275.2,1045.0
10457961,stimulus_Arg_PISACowsMilk_10_page_6,691.2,275.5,1045.0
10457962,stimulus_Arg_PISACowsMilk_10_page_6,691.8,275.7,1045.0
10457963,stimulus_Arg_PISACowsMilk_10_page_6,692.2,275.9,1045.0
10457964,stimulus_Arg_PISACowsMilk_10_page_6,692.2,276.1,1045.0
10457965,stimulus_Arg_PISACowsMilk_10_page_6,692.2,276.5,1045.0
10457966,stimulus_Arg_PISACowsMilk_10_page_6,692.2,276.7,1045.0
10457967,stimulus_Arg_PISACowsMilk_10_page_6,692.3,276.9,1045.0
10457968,stimulus_Arg_PISACowsMilk_10_page_6,692.7,276.9,1044.0
10457969,stimulus_Arg_PISACowsMilk_10_page_6,693.1,276.9,1043.0
10457970,stimulus_Arg_PISACowsMilk_10_page_6,693.6,276.7,1042.0
10457971,stimulus_Arg_PISACowsMilk_10_page_6,694.0,276.4,1042.0
10457972,stimulus_Arg_PISACowsMilk_10_page_6,694.3,276.2,1042.0
10457973,stimulus_Arg_PISACowsMilk_10_page_6,694.7,276.2,1041.0
10457974,stimulus_Arg_PISACowsMilk_10_page_6,694.8,276.3,1041.0
10457975,stimulus_Arg_PISACowsMilk_10_page_6,694.9,276.3,1040.0
10457976,stimulus_Arg_PISACowsMilk_10_page_6,694.6,276.3,1040.0
10457977,stimulus_Arg_PISACowsMilk_10_page_6,694.4,276.3,1039.0
10457978,stimulus_Arg_PISACowsMilk_10_page_6,694.2,276.1,1039.0
10457979,stimulus_Arg_PISACowsMilk_10_page_6,694.0,276.0,1039.0
10457980,stimulus_Arg_PISACowsMilk_10_page_6,693.6,276.1,1040.0
10457981,stimulus_Arg_PISACowsMilk_10_page_6,693.1,276.3,1040.0
10457982,stimulus_Arg_PISACowsMilk_10_page_6,692.9,276.6,1040.0
10457983,stimulus_Arg_PISACowsMilk_10_page_6,692.8,276.7,1039.0
10457984,stimulus_Arg_PISACowsMilk_10_page_6,692.8,276.7,1038.0
10457985,stimulus_Arg_PISACowsMilk_10_page_6,692.8,276.7,1037.0
10457986,stimulus_Arg_PISACowsMilk_10_page_6,692.8,276.7,1037.0
10457987,stimulus_Arg_PISACowsMilk_10_page_6,692.8,276.7,1037.0
10457988,stimulus_Arg_PISACowsMilk_10_page_6,692.8,276.8,1038.0
10457989,stimulus_Arg_PISACowsMilk_10_page_6,692.9,277.0,1037.0
10457990,stimulus_Arg_PISACowsMilk_10_page_6,693.1,277.1,1037.0
10457991,stimulus_Arg_PISACowsMilk_10_page_6,693.1,277.1,1037.0
10457992,stimulus_Arg_PISACowsMilk_10_page_6,693.1,276.9,1037.0
10457993,stimulus_Arg_PISACowsMilk_10_page_6,693.1,276.7,1037.0
10457994,stimulus_Arg_PISACowsMilk_10_page_6,693.3,276.7,1038.0
10457995,stimulus_Arg_PISACowsMilk_10_page_6,693.4,276.8,1038.0
10457996,stimulus_Arg_PISACowsMilk_10_page_6,693.1,276.9,1039.0
10457997,stimulus_Arg_PISACowsMilk_10_page_6,692.9,276.8,1039.0
10457998,stimulus_Arg_PISACowsMilk_10_page_6,692.8,276.6,1039.0
10457999,stimulus_Arg_PISACowsMilk_10_page_6,692.9,276.6,1039.0
10458000,stimulus_Arg_PISACowsMilk_10_page_6,693.0,276.7,1038.0
10458001,stimulus_Arg_PISACowsMilk_10_page_6,693.0,276.9,1038.0
10458002,stimulus_Arg_PISACowsMilk_10_page_6,692.9,277.2,1038.0
10458003,stimulus_Arg_PISACowsMilk_10_page_6,693.0,277.3,1038.0
10458004,stimulus_Arg_PISACowsMilk_10_page_6,693.0,277.4,1037.0
10458005,stimulus_Arg_PISACowsMilk_10_page_6,693.1,277.4,1037.0
10458006,stimulus_Arg_PISACowsMilk_10_page_6,693.1,277.4,1036.0
10458007,stimulus_Arg_PISACowsMilk_10_page_6,693.1,277.3,1037.0
10458008,stimulus_Arg_PISACowsMilk_10_page_6,693.2,277.3,1037.0
10458009,stimulus_Arg_PISACowsMilk_10_page_6,693.2,277.6,1037.0
10458010,stimulus_Arg_PISACowsMilk_10_page_6,693.3,277.9,1037.0
10458011,stimulus_Arg_PISACowsMilk_10_page_6,693.3,278.1,1036.0
10458012,stimulus_Arg_PISACowsMilk_10_page_6,693.5,278.1,1036.0
10458013,stimulus_Arg_PISACowsMilk_10_page_6,693.9,278.1,1036.0
10458014,stimulus_Arg_PISACowsMilk_10_page_6,694.2,278.1,1036.0
10458015,stimulus_Arg_PISACowsMilk_10_page_6,694.3,278.4,1036.0
10458016,stimulus_Arg_PISACowsMilk_10_page_6,694.3,278.7,1036.0
10458017,stimulus_Arg_PISACowsMilk_10_page_6,694.3,279.1,1036.0
10458018,stimulus_Arg_PISACowsMilk_10_page_6,694.4,279.2,1036.0
10458019,stimulus_Arg_PISACowsMilk_10_page_6,694.4,279.2,1036.0
10458020,stimulus_Arg_PISACowsMilk_10_page_6,694.2,279.4,1036.0
10458021,stimulus_Arg_PISACowsMilk_10_page_6,694.1,279.6,1036.0
10458022,stimulus_Arg_PISACowsMilk_10_page_6,694.1,279.7,1036.0
10458023,stimulus_Arg_PISACowsMilk_10_page_6,694.2,279.6,1037.0
10458024,stimulus_Arg_PISACowsMilk_10_page_6,694.4,279.7,1037.0
10458025,stimulus_Arg_PISACowsMilk_10_page_6,694.5,279.8,1036.0
10458026,stimulus_Arg_PISACowsMilk_10_page_6,695.0,279.8,1036.0
10458027,stimulus_Arg_PISACowsMilk_10_page_6,695.5,279.9,1035.0
10458028,stimulus_Arg_PISACowsMilk_10_page_6,695.8,279.9,1036.0
10458029,stimulus_Arg_PISACowsMilk_10_page_6,695.5,280.0,1036.0
10458030,stimulus_Arg_PISACowsMilk_10_page_6,695.1,280.4,1036.0
10458031,stimulus_Arg_PISACowsMilk_10_page_6,694.8,280.7,1036.0
10458032,stimulus_Arg_PISACowsMilk_10_page_6,694.9,281.1,1036.0
10458033,stimulus_Arg_PISACowsMilk_10_page_6,695.3,281.4,1035.0
10458034,stimulus_Arg_PISACowsMilk_10_page_6,695.7,281.8,1035.0
10458035,stimulus_Arg_PISACowsMilk_10_page_6,695.9,282.1,1036.0
10458036,stimulus_Arg_PISACowsMilk_10_page_6,695.9,282.4,1036.0
10458037,stimulus_Arg_PISACowsMilk_10_page_6,695.9,282.8,1036.0
10458038,stimulus_Arg_PISACowsMilk_10_page_6,695.9,283.1,1035.0
10458039,stimulus_Arg_PISACowsMilk_10_page_6,695.8,283.0,1035.0
10458040,stimulus_Arg_PISACowsMilk_10_page_6,695.8,283.0,1035.0
10458041,stimulus_Arg_PISACowsMilk_10_page_6,695.6,283.1,1034.0
10458042,stimulus_Arg_PISACowsMilk_10_page_6,695.6,283.2,1033.0
10458043,stimulus_Arg_PISACowsMilk_10_page_6,695.6,283.3,1032.0
10458044,stimulus_Arg_PISACowsMilk_10_page_6,695.6,283.5,1031.0
10458045,stimulus_Arg_PISACowsMilk_10_page_6,695.7,283.7,1031.0
10458046,stimulus_Arg_PISACowsMilk_10_page_6,695.8,283.9,1031.0
10458047,stimulus_Arg_PISACowsMilk_10_page_6,696.2,284.0,1031.0
10458048,stimulus_Arg_PISACowsMilk_10_page_6,696.7,284.0,1031.0
10458049,stimulus_Arg_PISACowsMilk_10_page_6,697.2,284.0,1031.0
10458050,stimulus_Arg_PISACowsMilk_10_page_6,697.4,283.8,1031.0
10458051,stimulus_Arg_PISACowsMilk_10_page_6,697.5,283.2,1031.0
10458052,stimulus_Arg_PISACowsMilk_10_page_6,697.6,282.6,1030.0
10458053,stimulus_Arg_PISACowsMilk_10_page_6,697.8,282.1,1029.0
10458054,stimulus_Arg_PISACowsMilk_10_page_6,698.0,281.8,1027.0
10458055,stimulus_Arg_PISACowsMilk_10_page_6,698.2,281.4,1027.0
10458056,stimulus_Arg_PISACowsMilk_10_page_6,698.5,280.9,1026.0
10458057,stimulus_Arg_PISACowsMilk_10_page_6,698.7,280.8,1026.0
10458058,stimulus_Arg_PISACowsMilk_10_page_6,698.9,281.1,1025.0
10458059,stimulus_Arg_PISACowsMilk_10_page_6,698.9,281.5,1025.0
10458060,stimulus_Arg_PISACowsMilk_10_page_6,698.9,282.2,1024.0
10458061,stimulus_Arg_PISACowsMilk_10_page_6,698.8,283.1,1024.0
10458062,stimulus_Arg_PISACowsMilk_10_page_6,698.7,283.9,1024.0
10458063,stimulus_Arg_PISACowsMilk_10_page_6,698.5,284.6,1023.0
10458064,stimulus_Arg_PISACowsMilk_10_page_6,698.2,284.8,1023.0
10458065,stimulus_Arg_PISACowsMilk_10_page_6,698.0,285.4,1023.0
10458066,stimulus_Arg_PISACowsMilk_10_page_6,697.9,285.7,1023.0
10458067,stimulus_Arg_PISACowsMilk_10_page_6,698.1,286.0,1023.0
10458068,stimulus_Arg_PISACowsMilk_10_page_6,698.3,285.9,1023.0
10458069,stimulus_Arg_PISACowsMilk_10_page_6,698.2,285.6,1024.0
10458070,stimulus_Arg_PISACowsMilk_10_page_6,697.8,285.4,1025.0
10458071,stimulus_Arg_PISACowsMilk_10_page_6,697.5,285.1,1026.0
10458072,stimulus_Arg_PISACowsMilk_10_page_6,697.3,285.5,1027.0
10458073,stimulus_Arg_PISACowsMilk_10_page_6,697.1,286.1,1026.0
10458074,stimulus_Arg_PISACowsMilk_10_page_6,696.6,287.0,1024.0
10458075,stimulus_Arg_PISACowsMilk_10_page_6,696.2,287.9,1021.0
10458076,stimulus_Arg_PISACowsMilk_10_page_6,695.7,289.2,1020.0
10458077,stimulus_Arg_PISACowsMilk_10_page_6,695.5,290.8,1020.0
10458078,stimulus_Arg_PISACowsMilk_10_page_6,695.5,292.2,1021.0
10458079,stimulus_Arg_PISACowsMilk_10_page_6,696.0,293.2,1022.0
10458080,stimulus_Arg_PISACowsMilk_10_page_6,696.5,294.0,1023.0
10458081,stimulus_Arg_PISACowsMilk_10_page_6,696.7,295.2,1023.0
10458082,stimulus_Arg_PISACowsMilk_10_page_6,696.6,296.5,1022.0
10458083,stimulus_Arg_PISACowsMilk_10_page_6,696.0,297.4,1021.0
10458084,stimulus_Arg_PISACowsMilk_10_page_6,695.2,296.4,1021.0
10458085,stimulus_Arg_PISACowsMilk_10_page_6,693.6,291.7,1022.0
10458086,stimulus_Arg_PISACowsMilk_10_page_6,691.0,287.0,1022.0
10458087,stimulus_Arg_PISACowsMilk_10_page_6,687.2,287.5,1018.0
10458088,stimulus_Arg_PISACowsMilk_10_page_6,682.1,296.5,1008.0
10458089,stimulus_Arg_PISACowsMilk_10_page_6,676.1,311.6,986.0
10458090,stimulus_Arg_PISACowsMilk_10_page_6,669.9,330.5,959.0
10458091,stimulus_Arg_PISACowsMilk_10_page_6,664.0,352.1,926.0
10458092,stimulus_Arg_PISACowsMilk_10_page_6,659.8,375.7,892.0
10458093,stimulus_Arg_PISACowsMilk_10_page_6,656.5,400.3,856.0
10458094,stimulus_Arg_PISACowsMilk_10_page_6,654.4,425.1,819.0
10458095,stimulus_Arg_PISACowsMilk_10_page_6,652.8,449.7,780.0
10458096,stimulus_Arg_PISACowsMilk_10_page_6,651.5,472.8,743.0
10458097,stimulus_Arg_PISACowsMilk_10_page_6,650.4,496.6,706.0
10458098,stimulus_Arg_PISACowsMilk_10_page_6,649.3,521.1,670.0
10458099,stimulus_Arg_PISACowsMilk_10_page_6,649.5,546.9,633.0
10458100,stimulus_Arg_PISACowsMilk_10_page_6,655.5,572.3,596.0
10458101,stimulus_Arg_PISACowsMilk_10_page_6,661.5,597.1,557.0
10458102,stimulus_Arg_PISACowsMilk_10_page_6,649.0,624.3,513.0
10458103,stimulus_Arg_PISACowsMilk_10_page_6,629.8,653.2,470.0
10458104,stimulus_Arg_PISACowsMilk_10_page_6,607.8,683.1,426.0
10458105,stimulus_Arg_PISACowsMilk_10_page_6,599.0,711.1,387.0
10458106,stimulus_Arg_PISACowsMilk_10_page_6,591.3,729.3,360.0
10458107,stimulus_Arg_PISACowsMilk_10_page_6,586.9,738.2,347.0
10458108,stimulus_Arg_PISACowsMilk_10_page_6,586.9,738.2,347.0
10458109,stimulus_Arg_PISACowsMilk_10_page_6,,,0.0
10458110,stimulus_Arg_PISACowsMilk_10_page_6,,,0.0
10458111,stimulus_Arg_PISACowsMilk_10_page_6,,,0.0
10458112,stimulus_Arg_PISACowsMilk_10_page_6,,,0.0
10458113,stimulus_Arg_PISACowsMilk_10_page_6,,,0.0
10458114,stimulus_Arg_PISACowsMilk_10_page_6,,,0.0
10458115,stimulus_Arg_PISACowsMilk_10_page_6,,,0.0
10458116,stimulus_Arg_PISACowsMilk_10_page_6,,,0.0
10458117,stimulus_Arg_PISACowsMilk_10_page_6,,,0.0
10458118,stimulus_Arg_PISACowsMilk_10_page_6,,,0.0
10458119,stimulus_Arg_PISACowsMilk_10_page_6,,,0.0
10458120,stimulus_Arg_PISACowsMilk_10_page_6,,,0.0
10458121,stimulus_Arg_PISACowsMilk_10_page_6,,,0.0
10458122,stimulus_Arg_PISACowsMilk_10_page_6,,,0.0
10458123,stimulus_Arg_PISACowsMilk_10_page_6,,,0.0
10458124,stimulus_Arg_PISACowsMilk_10_page_6,,,0.0
10458125,stimulus_Arg_PISACowsMilk_10_page_6,,,0.0
10458126,stimulus_Arg_PISACowsMilk_10_page_6,,,0.0
10458127,stimulus_Arg_PISACowsMilk_10_page_6,,,0.0
10458128,stimulus_Arg_PISACowsMilk_10_page_6,,,0.0
10458129,stimulus_Arg_PISACowsMilk_10_page_6,,,0.0
10458130,stimulus_Arg_PISACowsMilk_10_page_6,,,0.0
10458131,stimulus_Arg_PISACowsMilk_10_page_6,,,0.0
10458132,stimulus_Arg_PISACowsMilk_10_page_6,,,0.0
10458133,stimulus_Arg_PISACowsMilk_10_page_6,,,0.0
10458134,stimulus_Arg_PISACowsMilk_10_page_6,,,0.0
10458135,stimulus_Arg_PISACowsMilk_10_page_6,,,0.0
10458136,stimulus_Arg_PISACowsMilk_10_page_6,,,0.0
10458137,stimulus_Arg_PISACowsMilk_10_page_6,,,0.0
10458138,stimulus_Arg_PISACowsMilk_10_page_6,,,0.0
10458139,stimulus_Arg_PISACowsMilk_10_page_6,,,0.0
10458140,stimulus_Arg_PISACowsMilk_10_page_6,,,0.0
10458141,stimulus_Arg_PISACowsMilk_10_page_6,,,0.0
10458142,stimulus_Arg_PISACowsMilk_10_page_6,,,0.0
10458143,stimulus_Arg_PISACowsMilk_10_page_6,,,0.0
10458144,stimulus_Arg_PISACowsMilk_10_page_6,,,0.0
10458145,stimulus_Arg_PISACowsMilk_10_page_6,,,0.0
10458146,stimulus_Arg_PISACowsMilk_10_page_6,,,0.0
10458147,stimulus_Arg_PISACowsMilk_10_page_6,,,0.0
10458148,stimulus_Arg_PISACowsMilk_10_page_6,,,0.0
10458149,stimulus_Arg_PISACowsMilk_10_page_6,,,0.0
10458150,stimulus_Arg_PISACowsMilk_10_page_6,,,0.0
10458151,stimulus_Arg_PISACowsMilk_10_page_6,,,0.0
10458152,stimulus_Arg_PISACowsMilk_10_page_6,,,0.0
10458153,stimulus_Arg_PISACowsMilk_10_page_6,,,0.0
10458154,stimulus_Arg_PISACowsMilk_10_page_6,,,0.0
10458155,stimulus_Arg_PISACowsMilk_10_page_6,,,0.0
10458156,stimulus_Arg_PISACowsMilk_10_page_6,,,0.0
10458157,stimulus_Arg_PISACowsMilk_10_page_6,,,0.0
10458158,stimulus_Arg_PISACowsMilk_10_page_6,,,0.0
10458159,stimulus_Arg_PISACowsMilk_10_page_6,,,0.0
10458160,stimulus_Arg_PISACowsMilk_10_page_6,,,0.0
10458161,stimulus_Arg_PISACowsMilk_10_page_6,,,0.0
10458162,stimulus_Arg_PISACowsMilk_10_page_6,,,0.0
10458163,stimulus_Arg_PISACowsMilk_10_page_6,,,0.0
10458164,stimulus_Arg_PISACowsMilk_10_page_6,,,0.0
10458165,stimulus_Arg_PISACowsMilk_10_page_6,,,0.0
10458166,stimulus_Arg_PISACowsMilk_10_page_6,,,0.0
10458167,stimulus_Arg_PISACowsMilk_10_page_6,,,0.0
10458168,stimulus_Arg_PISACowsMilk_10_page_6,,,0.0
10458169,stimulus_Arg_PISACowsMilk_10_page_6,,,0.0
10458170,stimulus_Arg_PISACowsMilk_10_page_6,,,0.0
10458171,stimulus_Arg_PISACowsMilk_10_page_6,,,0.0
10458172,stimulus_Arg_PISACowsMilk_10_page_6,,,0.0
10458173,stimulus_Arg_PISACowsMilk_10_page_6,,,0.0
10458174,stimulus_Arg_PISACowsMilk_10_page_6,,,0.0
10458175,stimulus_Arg_PISACowsMilk_10_page_6,,,0.0
10458176,stimulus_Arg_PISACowsMilk_10_page_6,,,0.0
10458177,stimulus_Arg_PISACowsMilk_10_page_6,,,0.0
10458178,stimulus_Arg_PISACowsMilk_10_page_6,,,0.0
10458179,stimulus_Arg_PISACowsMilk_10_page_6,,,0.0
10458180,stimulus_Arg_PISACowsMilk_10_page_6,,,0.0
10458181,stimulus_Arg_PISACowsMilk_10_page_6,,,0.0
10458182,stimulus_Arg_PISACowsMilk_10_page_6,,,0.0
10458183,stimulus_Arg_PISACowsMilk_10_page_6,,,0.0
10458184,stimulus_Arg_PISACowsMilk_10_page_6,,,0.0
10458185,stimulus_Arg_PISACowsMilk_10_page_6,,,0.0
10458186,stimulus_Arg_PISACowsMilk_10_page_6,,,0.0
10458187,stimulus_Arg_PISACowsMilk_10_page_6,,,0.0
10458188,stimulus_Arg_PISACowsMilk_10_page_6,,,0.0
10458189,stimulus_Arg_PISACowsMilk_10_page_6,,,0.0
10458190,stimulus_Arg_PISACowsMilk_10_page_6,,,0.0
10458191,stimulus_Arg_PISACowsMilk_10_page_6,,,0.0
10458192,stimulus_Arg_PISACowsMilk_10_page_6,,,0.0
10458193,stimulus_Arg_PISACowsMilk_10_page_6,,,0.0
10458194,stimulus_Arg_PISACowsMilk_10_page_6,,,0.0
10458195,stimulus_Arg_PISACowsMilk_10_page_6,,,0.0
10458196,stimulus_Arg_PISACowsMilk_10_page_6,513.9,738.3,333.0
10458197,stimulus_Arg_PISACowsMilk_10_page_6,513.9,738.3,333.0
10458198,stimulus_Arg_PISACowsMilk_10_page_6,514.8,735.1,341.0
10458199,stimulus_Arg_PISACowsMilk_10_page_6,518.2,727.8,355.0
10458200,stimulus_Arg_PISACowsMilk_10_page_6,521.9,716.7,377.0
10458201,stimulus_Arg_PISACowsMilk_10_page_6,525.9,703.7,396.0
10458202,stimulus_Arg_PISACowsMilk_10_page_6,527.5,691.9,414.0
10458203,stimulus_Arg_PISACowsMilk_10_page_6,529.0,678.2,431.0
10458204,stimulus_Arg_PISACowsMilk_10_page_6,529.7,666.5,448.0
10458205,stimulus_Arg_PISACowsMilk_10_page_6,530.5,653.1,463.0
10458206,stimulus_Arg_PISACowsMilk_10_page_6,530.9,641.0,480.0
10458207,stimulus_Arg_PISACowsMilk_10_page_6,531.4,627.9,499.0
10458208,stimulus_Arg_PISACowsMilk_10_page_6,530.8,615.0,519.0
10458209,stimulus_Arg_PISACowsMilk_10_page_6,530.5,603.0,537.0
10458210,stimulus_Arg_PISACowsMilk_10_page_6,530.3,590.5,554.0
10458211,stimulus_Arg_PISACowsMilk_10_page_6,530.8,579.8,570.0
10458212,stimulus_Arg_PISACowsMilk_10_page_6,531.5,568.2,589.0
10458213,stimulus_Arg_PISACowsMilk_10_page_6,533.1,556.6,608.0
10458214,stimulus_Arg_PISACowsMilk_10_page_6,535.4,544.1,631.0
10458215,stimulus_Arg_PISACowsMilk_10_page_6,538.1,530.8,654.0
10458216,stimulus_Arg_PISACowsMilk_10_page_6,541.1,518.3,678.0
10458217,stimulus_Arg_PISACowsMilk_10_page_6,544.6,504.8,700.0
10458218,stimulus_Arg_PISACowsMilk_10_page_6,548.3,493.0,720.0
10458219,stimulus_Arg_PISACowsMilk_10_page_6,551.3,480.6,740.0
10458220,stimulus_Arg_PISACowsMilk_10_page_6,553.7,469.9,759.0
10458221,stimulus_Arg_PISACowsMilk_10_page_6,555.5,458.2,780.0
10458222,stimulus_Arg_PISACowsMilk_10_page_6,556.9,448.4,797.0
10458223,stimulus_Arg_PISACowsMilk_10_page_6,559.5,436.5,813.0
10458224,stimulus_Arg_PISACowsMilk_10_page_6,562.1,427.5,826.0
10458225,stimulus_Arg_PISACowsMilk_10_page_6,564.8,416.3,841.0
10458226,stimulus_Arg_PISACowsMilk_10_page_6,567.2,407.5,855.0
10458227,stimulus_Arg_PISACowsMilk_10_page_6,569.3,398.2,869.0
10458228,stimulus_Arg_PISACowsMilk_10_page_6,571.3,389.4,884.0
10458229,stimulus_Arg_PISACowsMilk_10_page_6,572.7,381.2,899.0
10458230,stimulus_Arg_PISACowsMilk_10_page_6,574.6,371.9,912.0
10458231,stimulus_Arg_PISACowsMilk_10_page_6,576.3,364.0,925.0
10458232,stimulus_Arg_PISACowsMilk_10_page_6,577.5,356.1,937.0
10458233,stimulus_Arg_PISACowsMilk_10_page_6,578.7,348.7,949.0
10458234,stimulus_Arg_PISACowsMilk_10_page_6,580.3,341.6,962.0
10458235,stimulus_Arg_PISACowsMilk_10_page_6,582.0,334.5,974.0
10458236,stimulus_Arg_PISACowsMilk_10_page_6,583.2,328.0,984.0
10458237,stimulus_Arg_PISACowsMilk_10_page_6,584.1,321.1,993.0
10458238,stimulus_Arg_PISACowsMilk_10_page_6,585.0,314.5,1002.0
10458239,stimulus_Arg_PISACowsMilk_10_page_6,585.8,307.8,1012.0
10458240,stimulus_Arg_PISACowsMilk_10_page_6,586.6,301.7,1021.0
10458241,stimulus_Arg_PISACowsMilk_10_page_6,587.5,296.3,1029.0
10458242,stimulus_Arg_PISACowsMilk_10_page_6,588.5,290.5,1037.0
10458243,stimulus_Arg_PISACowsMilk_10_page_6,589.8,285.5,1044.0
10458244,stimulus_Arg_PISACowsMilk_10_page_6,590.9,281.1,1049.0
10458245,stimulus_Arg_PISACowsMilk_10_page_6,591.9,277.8,1055.0
10458246,stimulus_Arg_PISACowsMilk_10_page_6,592.6,274.1,1058.0
10458247,stimulus_Arg_PISACowsMilk_10_page_6,593.2,270.8,1064.0
10458248,stimulus_Arg_PISACowsMilk_10_page_6,593.5,269.0,1066.0
10458249,stimulus_Arg_PISACowsMilk_10_page_6,593.5,268.9,1069.0
10458250,stimulus_Arg_PISACowsMilk_10_page_6,593.2,268.9,1068.0
10458251,stimulus_Arg_PISACowsMilk_10_page_6,592.7,269.4,1067.0
10458252,stimulus_Arg_PISACowsMilk_10_page_6,591.7,271.3,1063.0
10458253,stimulus_Arg_PISACowsMilk_10_page_6,590.8,274.5,1057.0
10458254,stimulus_Arg_PISACowsMilk_10_page_6,589.9,278.5,1051.0
10458255,stimulus_Arg_PISACowsMilk_10_page_6,589.5,282.2,1047.0
10458256,stimulus_Arg_PISACowsMilk_10_page_6,589.1,285.3,1046.0
10458257,stimulus_Arg_PISACowsMilk_10_page_6,588.5,287.2,1045.0
10458258,stimulus_Arg_PISACowsMilk_10_page_6,587.8,288.2,1044.0
10458259,stimulus_Arg_PISACowsMilk_10_page_6,586.9,288.8,1043.0
10458260,stimulus_Arg_PISACowsMilk_10_page_6,586.3,289.1,1042.0
10458261,stimulus_Arg_PISACowsMilk_10_page_6,585.8,289.4,1041.0
10458262,stimulus_Arg_PISACowsMilk_10_page_6,585.4,289.7,1041.0
10458263,stimulus_Arg_PISACowsMilk_10_page_6,585.1,290.0,1041.0
10458264,stimulus_Arg_PISACowsMilk_10_page_6,584.7,290.5,1041.0
10458265,stimulus_Arg_PISACowsMilk_10_page_6,584.4,290.8,1041.0
10458266,stimulus_Arg_PISACowsMilk_10_page_6,584.2,291.1,1042.0
10458267,stimulus_Arg_PISACowsMilk_10_page_6,584.1,291.5,1043.0
10458268,stimulus_Arg_PISACowsMilk_10_page_6,584.1,291.9,1043.0
10458269,stimulus_Arg_PISACowsMilk_10_page_6,584.2,291.8,1043.0
10458270,stimulus_Arg_PISACowsMilk_10_page_6,584.3,291.3,1044.0
10458271,stimulus_Arg_PISACowsMilk_10_page_6,584.4,290.8,1044.0
10458272,stimulus_Arg_PISACowsMilk_10_page_6,584.4,290.9,1045.0
10458273,stimulus_Arg_PISACowsMilk_10_page_6,584.4,290.9,1045.0
10458274,stimulus_Arg_PISACowsMilk_10_page_6,584.5,291.0,1044.0
10458275,stimulus_Arg_PISACowsMilk_10_page_6,584.3,291.0,1044.0
10458276,stimulus_Arg_PISACowsMilk_10_page_6,584.1,291.0,1044.0
10458277,stimulus_Arg_PISACowsMilk_10_page_6,583.8,291.0,1043.0
10458278,stimulus_Arg_PISACowsMilk_10_page_6,583.7,291.0,1043.0
10458279,stimulus_Arg_PISACowsMilk_10_page_6,583.6,290.9,1043.0
10458280,stimulus_Arg_PISACowsMilk_10_page_6,583.4,291.2,1043.0
10458281,stimulus_Arg_PISACowsMilk_10_page_6,583.3,291.5,1043.0
10458282,stimulus_Arg_PISACowsMilk_10_page_6,583.2,291.9,1044.0
10458283,stimulus_Arg_PISACowsMilk_10_page_6,583.3,291.9,1044.0
10458284,stimulus_Arg_PISACowsMilk_10_page_6,583.4,292.2,1044.0
10458285,stimulus_Arg_PISACowsMilk_10_page_6,583.5,292.6,1044.0
10458286,stimulus_Arg_PISACowsMilk_10_page_6,584.0,293.1,1044.0
10458287,stimulus_Arg_PISACowsMilk_10_page_6,584.4,293.6,1044.0
10458288,stimulus_Arg_PISACowsMilk_10_page_6,584.6,293.9,1044.0
10458289,stimulus_Arg_PISACowsMilk_10_page_6,584.5,294.0,1044.0
10458290,stimulus_Arg_PISACowsMilk_10_page_6,584.3,293.8,1044.0
10458291,stimulus_Arg_PISACowsMilk_10_page_6,584.3,293.9,1045.0
10458292,stimulus_Arg_PISACowsMilk_10_page_6,584.3,294.2,1045.0
10458293,stimulus_Arg_PISACowsMilk_10_page_6,584.3,294.5,1045.0
10458294,stimulus_Arg_PISACowsMilk_10_page_6,584.3,294.5,1045.0
10458295,stimulus_Arg_PISACowsMilk_10_page_6,584.4,294.5,1045.0
10458296,stimulus_Arg_PISACowsMilk_10_page_6,584.6,294.5,1046.0
10458297,stimulus_Arg_PISACowsMilk_10_page_6,584.8,294.5,1046.0
10458298,stimulus_Arg_PISACowsMilk_10_page_6,584.8,294.5,1047.0
10458299,stimulus_Arg_PISACowsMilk_10_page_6,584.8,294.4,1047.0
10458300,stimulus_Arg_PISACowsMilk_10_page_6,584.7,294.6,1047.0
10458301,stimulus_Arg_PISACowsMilk_10_page_6,584.6,294.7,1047.0
10458302,stimulus_Arg_PISACowsMilk_10_page_6,584.6,294.9,1047.0
10458303,stimulus_Arg_PISACowsMilk_10_page_6,584.7,294.9,1047.0
10458304,stimulus_Arg_PISACowsMilk_10_page_6,585.0,295.0,1048.0
10458305,stimulus_Arg_PISACowsMilk_10_page_6,585.2,295.1,1048.0
10458306,stimulus_Arg_PISACowsMilk_10_page_6,585.3,295.1,1049.0
10458307,stimulus_Arg_PISACowsMilk_10_page_6,585.1,294.9,1049.0
10458308,stimulus_Arg_PISACowsMilk_10_page_6,585.0,294.8,1049.0
10458309,stimulus_Arg_PISACowsMilk_10_page_6,585.0,294.6,1049.0
10458310,stimulus_Arg_PISACowsMilk_10_page_6,585.0,294.6,1049.0
10458311,stimulus_Arg_PISACowsMilk_10_page_6,585.0,294.5,1049.0
10458312,stimulus_Arg_PISACowsMilk_10_page_6,584.9,294.5,1049.0
10458313,stimulus_Arg_PISACowsMilk_10_page_6,584.8,294.5,1049.0
10458314,stimulus_Arg_PISACowsMilk_10_page_6,584.7,294.5,1049.0
10458315,stimulus_Arg_PISACowsMilk_10_page_6,584.7,294.5,1049.0
10458316,stimulus_Arg_PISACowsMilk_10_page_6,584.8,294.6,1049.0
10458317,stimulus_Arg_PISACowsMilk_10_page_6,584.9,294.7,1049.0
10458318,stimulus_Arg_PISACowsMilk_10_page_6,585.0,294.7,1049.0
10458319,stimulus_Arg_PISACowsMilk_10_page_6,585.1,294.7,1049.0
10458320,stimulus_Arg_PISACowsMilk_10_page_6,584.9,294.7,1050.0
10458321,stimulus_Arg_PISACowsMilk_10_page_6,584.7,294.8,1049.0
10458322,stimulus_Arg_PISACowsMilk_10_page_6,584.7,294.8,1049.0
10458323,stimulus_Arg_PISACowsMilk_10_page_6,584.9,294.8,1048.0
10458324,stimulus_Arg_PISACowsMilk_10_page_6,585.1,294.8,1049.0
10458325,stimulus_Arg_PISACowsMilk_10_page_6,585.0,294.7,1050.0
10458326,stimulus_Arg_PISACowsMilk_10_page_6,584.8,294.7,1051.0
10458327,stimulus_Arg_PISACowsMilk_10_page_6,584.9,294.7,1051.0
10458328,stimulus_Arg_PISACowsMilk_10_page_6,585.0,294.9,1051.0
10458329,stimulus_Arg_PISACowsMilk_10_page_6,585.2,295.1,1051.0
10458330,stimulus_Arg_PISACowsMilk_10_page_6,584.9,295.3,1052.0
10458331,stimulus_Arg_PISACowsMilk_10_page_6,584.7,295.3,1053.0
10458332,stimulus_Arg_PISACowsMilk_10_page_6,584.6,295.3,1054.0
10458333,stimulus_Arg_PISACowsMilk_10_page_6,584.7,295.2,1053.0
10458334,stimulus_Arg_PISACowsMilk_10_page_6,584.9,295.2,1052.0
10458335,stimulus_Arg_PISACowsMilk_10_page_6,584.8,295.3,1051.0
10458336,stimulus_Arg_PISACowsMilk_10_page_6,584.6,295.5,1051.0
10458337,stimulus_Arg_PISACowsMilk_10_page_6,584.4,295.6,1052.0
10458338,stimulus_Arg_PISACowsMilk_10_page_6,584.4,295.6,1054.0
10458339,stimulus_Arg_PISACowsMilk_10_page_6,584.4,295.4,1055.0
10458340,stimulus_Arg_PISACowsMilk_10_page_6,584.4,295.2,1057.0
10458341,stimulus_Arg_PISACowsMilk_10_page_6,584.4,295.0,1057.0
10458342,stimulus_Arg_PISACowsMilk_10_page_6,584.5,295.0,1057.0
10458343,stimulus_Arg_PISACowsMilk_10_page_6,584.7,295.2,1057.0
10458344,stimulus_Arg_PISACowsMilk_10_page_6,584.9,295.4,1056.0
10458345,stimulus_Arg_PISACowsMilk_10_page_6,584.8,295.4,1056.0
10458346,stimulus_Arg_PISACowsMilk_10_page_6,584.5,295.2,1056.0
10458347,stimulus_Arg_PISACowsMilk_10_page_6,584.2,295.0,1056.0
10458348,stimulus_Arg_PISACowsMilk_10_page_6,584.0,295.2,1056.0
10458349,stimulus_Arg_PISACowsMilk_10_page_6,584.2,295.4,1056.0
10458350,stimulus_Arg_PISACowsMilk_10_page_6,584.5,295.7,1056.0
10458351,stimulus_Arg_PISACowsMilk_10_page_6,584.8,295.5,1056.0
10458352,stimulus_Arg_PISACowsMilk_10_page_6,584.8,295.3,1057.0
10458353,stimulus_Arg_PISACowsMilk_10_page_6,584.8,295.0,1058.0
10458354,stimulus_Arg_PISACowsMilk_10_page_6,584.8,295.1,1058.0
10458355,stimulus_Arg_PISACowsMilk_10_page_6,584.8,295.2,1057.0
10458356,stimulus_Arg_PISACowsMilk_10_page_6,584.8,295.3,1057.0
10458357,stimulus_Arg_PISACowsMilk_10_page_6,584.8,295.4,1057.0
10458358,stimulus_Arg_PISACowsMilk_10_page_6,584.8,295.7,1058.0
10458359,stimulus_Arg_PISACowsMilk_10_page_6,584.8,296.0,1058.0
10458360,stimulus_Arg_PISACowsMilk_10_page_6,584.8,296.2,1058.0
10458361,stimulus_Arg_PISACowsMilk_10_page_6,585.0,296.0,1058.0
10458362,stimulus_Arg_PISACowsMilk_10_page_6,585.1,295.9,1058.0
10458363,stimulus_Arg_PISACowsMilk_10_page_6,585.2,295.8,1058.0
10458364,stimulus_Arg_PISACowsMilk_10_page_6,585.5,295.8,1057.0
10458365,stimulus_Arg_PISACowsMilk_10_page_6,585.8,295.7,1058.0
10458366,stimulus_Arg_PISACowsMilk_10_page_6,585.9,295.7,1058.0
10458367,stimulus_Arg_PISACowsMilk_10_page_6,585.4,295.7,1059.0
10458368,stimulus_Arg_PISACowsMilk_10_page_6,584.9,295.6,1059.0
10458369,stimulus_Arg_PISACowsMilk_10_page_6,584.7,295.5,1059.0
10458370,stimulus_Arg_PISACowsMilk_10_page_6,584.7,295.4,1058.0
10458371,stimulus_Arg_PISACowsMilk_10_page_6,584.5,295.2,1058.0
10458372,stimulus_Arg_PISACowsMilk_10_page_6,584.2,295.1,1058.0
10458373,stimulus_Arg_PISACowsMilk_10_page_6,584.1,295.0,1058.0
10458374,stimulus_Arg_PISACowsMilk_10_page_6,584.5,294.9,1058.0
10458375,stimulus_Arg_PISACowsMilk_10_page_6,584.9,294.8,1058.0
10458376,stimulus_Arg_PISACowsMilk_10_page_6,585.4,294.9,1057.0
10458377,stimulus_Arg_PISACowsMilk_10_page_6,585.4,295.1,1057.0
10458378,stimulus_Arg_PISACowsMilk_10_page_6,585.5,295.2,1057.0
10458379,stimulus_Arg_PISACowsMilk_10_page_6,585.4,295.3,1057.0
10458380,stimulus_Arg_PISACowsMilk_10_page_6,585.3,295.5,1057.0
10458381,stimulus_Arg_PISACowsMilk_10_page_6,585.0,295.2,1057.0
10458382,stimulus_Arg_PISACowsMilk_10_page_6,584.7,294.8,1058.0
10458383,stimulus_Arg_PISACowsMilk_10_page_6,584.8,294.4,1059.0
10458384,stimulus_Arg_PISACowsMilk_10_page_6,585.2,294.4,1059.0
10458385,stimulus_Arg_PISACowsMilk_10_page_6,585.7,294.4,1059.0
10458386,stimulus_Arg_PISACowsMilk_10_page_6,585.8,294.2,1059.0
10458387,stimulus_Arg_PISACowsMilk_10_page_6,585.9,294.0,1059.0
10458388,stimulus_Arg_PISACowsMilk_10_page_6,586.0,293.7,1059.0
10458389,stimulus_Arg_PISACowsMilk_10_page_6,585.8,293.8,1060.0
10458390,stimulus_Arg_PISACowsMilk_10_page_6,585.7,293.9,1061.0
10458391,stimulus_Arg_PISACowsMilk_10_page_6,585.5,294.0,1062.0
10458392,stimulus_Arg_PISACowsMilk_10_page_6,585.5,294.0,1062.0
10458393,stimulus_Arg_PISACowsMilk_10_page_6,585.5,294.0,1062.0
10458394,stimulus_Arg_PISACowsMilk_10_page_6,585.5,294.0,1062.0
10458395,stimulus_Arg_PISACowsMilk_10_page_6,585.3,294.0,1061.0
10458396,stimulus_Arg_PISACowsMilk_10_page_6,585.0,293.9,1060.0
10458397,stimulus_Arg_PISACowsMilk_10_page_6,584.6,293.8,1060.0
10458398,stimulus_Arg_PISACowsMilk_10_page_6,584.5,293.8,1062.0
10458399,stimulus_Arg_PISACowsMilk_10_page_6,584.5,293.7,1063.0
10458400,stimulus_Arg_PISACowsMilk_10_page_6,584.9,293.3,1063.0
10458401,stimulus_Arg_PISACowsMilk_10_page_6,585.2,292.9,1063.0
10458402,stimulus_Arg_PISACowsMilk_10_page_6,585.6,292.6,1063.0
10458403,stimulus_Arg_PISACowsMilk_10_page_6,585.6,292.7,1062.0
10458404,stimulus_Arg_PISACowsMilk_10_page_6,585.6,292.8,1062.0
10458405,stimulus_Arg_PISACowsMilk_10_page_6,585.7,292.8,1062.0
10458406,stimulus_Arg_PISACowsMilk_10_page_6,585.6,292.9,1062.0
10458407,stimulus_Arg_PISACowsMilk_10_page_6,585.6,292.9,1062.0
10458408,stimulus_Arg_PISACowsMilk_10_page_6,585.4,292.9,1063.0
10458409,stimulus_Arg_PISACowsMilk_10_page_6,585.2,292.9,1063.0
10458410,stimulus_Arg_PISACowsMilk_10_page_6,585.1,293.0,1064.0
10458411,stimulus_Arg_PISACowsMilk_10_page_6,585.0,293.2,1065.0
10458412,stimulus_Arg_PISACowsMilk_10_page_6,585.0,293.3,1065.0
10458413,stimulus_Arg_PISACowsMilk_10_page_6,584.9,293.2,1065.0
10458414,stimulus_Arg_PISACowsMilk_10_page_6,584.7,293.5,1064.0
10458415,stimulus_Arg_PISACowsMilk_10_page_6,584.7,293.8,1064.0
10458416,stimulus_Arg_PISACowsMilk_10_page_6,584.8,293.8,1063.0
10458417,stimulus_Arg_PISACowsMilk_10_page_6,585.0,293.6,1064.0
10458418,stimulus_Arg_PISACowsMilk_10_page_6,585.0,293.2,1064.0
10458419,stimulus_Arg_PISACowsMilk_10_page_6,585.2,293.1,1065.0
10458420,stimulus_Arg_PISACowsMilk_10_page_6,585.5,292.8,1066.0
10458421,stimulus_Arg_PISACowsMilk_10_page_6,585.8,292.3,1067.0
10458422,stimulus_Arg_PISACowsMilk_10_page_6,585.7,291.9,1068.0
10458423,stimulus_Arg_PISACowsMilk_10_page_6,585.5,291.8,1068.0
10458424,stimulus_Arg_PISACowsMilk_10_page_6,585.1,291.9,1067.0
10458425,stimulus_Arg_PISACowsMilk_10_page_6,584.9,292.2,1066.0
10458426,stimulus_Arg_PISACowsMilk_10_page_6,584.8,292.3,1066.0
10458427,stimulus_Arg_PISACowsMilk_10_page_6,584.8,292.7,1067.0
10458428,stimulus_Arg_PISACowsMilk_10_page_6,584.7,292.9,1069.0
10458429,stimulus_Arg_PISACowsMilk_10_page_6,584.8,293.2,1071.0
10458430,stimulus_Arg_PISACowsMilk_10_page_6,585.2,293.3,1072.0
10458431,stimulus_Arg_PISACowsMilk_10_page_6,585.6,293.4,1072.0
10458432,stimulus_Arg_PISACowsMilk_10_page_6,585.5,293.2,1071.0
10458433,stimulus_Arg_PISACowsMilk_10_page_6,585.2,292.9,1071.0
10458434,stimulus_Arg_PISACowsMilk_10_page_6,584.8,292.7,1071.0
10458435,stimulus_Arg_PISACowsMilk_10_page_6,584.9,292.6,1071.0
10458436,stimulus_Arg_PISACowsMilk_10_page_6,585.0,292.6,1072.0
10458437,stimulus_Arg_PISACowsMilk_10_page_6,585.2,292.6,1072.0
10458438,stimulus_Arg_PISACowsMilk_10_page_6,585.3,292.7,1073.0
10458439,stimulus_Arg_PISACowsMilk_10_page_6,585.4,292.7,1073.0
10458440,stimulus_Arg_PISACowsMilk_10_page_6,585.3,292.5,1073.0
10458441,stimulus_Arg_PISACowsMilk_10_page_6,585.2,292.4,1074.0
10458442,stimulus_Arg_PISACowsMilk_10_page_6,585.1,292.2,1074.0
10458443,stimulus_Arg_PISACowsMilk_10_page_6,585.0,292.3,1074.0
10458444,stimulus_Arg_PISACowsMilk_10_page_6,585.0,292.7,1074.0
10458445,stimulus_Arg_PISACowsMilk_10_page_6,584.9,293.2,1073.0
10458446,stimulus_Arg_PISACowsMilk_10_page_6,584.8,293.8,1073.0
10458447,stimulus_Arg_PISACowsMilk_10_page_6,584.6,293.8,1072.0
10458448,stimulus_Arg_PISACowsMilk_10_page_6,584.8,293.5,1072.0
10458449,stimulus_Arg_PISACowsMilk_10_page_6,585.0,293.2,1072.0
10458450,stimulus_Arg_PISACowsMilk_10_page_6,585.2,293.1,1073.0
10458451,stimulus_Arg_PISACowsMilk_10_page_6,585.2,293.0,1075.0
10458452,stimulus_Arg_PISACowsMilk_10_page_6,585.3,292.7,1076.0
10458453,stimulus_Arg_PISACowsMilk_10_page_6,585.3,292.5,1076.0
10458454,stimulus_Arg_PISACowsMilk_10_page_6,585.3,292.2,1076.0
10458455,stimulus_Arg_PISACowsMilk_10_page_6,585.2,292.2,1075.0
10458456,stimulus_Arg_PISACowsMilk_10_page_6,585.1,292.2,1074.0
10458457,stimulus_Arg_PISACowsMilk_10_page_6,585.1,292.5,1074.0
10458458,stimulus_Arg_PISACowsMilk_10_page_6,585.2,292.8,1075.0
10458459,stimulus_Arg_PISACowsMilk_10_page_6,585.3,293.1,1077.0
10458460,stimulus_Arg_PISACowsMilk_10_page_6,585.5,293.2,1078.0
10458461,stimulus_Arg_PISACowsMilk_10_page_6,585.7,293.3,1080.0
10458462,stimulus_Arg_PISACowsMilk_10_page_6,585.9,293.3,1080.0
10458463,stimulus_Arg_PISACowsMilk_10_page_6,585.8,293.3,1079.0
10458464,stimulus_Arg_PISACowsMilk_10_page_6,585.8,293.3,1079.0
10458465,stimulus_Arg_PISACowsMilk_10_page_6,585.6,293.6,1079.0
10458466,stimulus_Arg_PISACowsMilk_10_page_6,585.5,293.6,1079.0
10458467,stimulus_Arg_PISACowsMilk_10_page_6,585.4,293.6,1080.0
10458468,stimulus_Arg_PISACowsMilk_10_page_6,585.4,293.3,1080.0
10458469,stimulus_Arg_PISACowsMilk_10_page_6,585.6,293.1,1081.0
10458470,stimulus_Arg_PISACowsMilk_10_page_6,585.7,293.0,1080.0
10458471,stimulus_Arg_PISACowsMilk_10_page_6,585.8,292.9,1080.0
10458472,stimulus_Arg_PISACowsMilk_10_page_6,585.7,293.0,1080.0
10458473,stimulus_Arg_PISACowsMilk_10_page_6,585.6,293.1,1081.0
10458474,stimulus_Arg_PISACowsMilk_10_page_6,585.6,293.1,1082.0
10458475,stimulus_Arg_PISACowsMilk_10_page_6,585.8,293.3,1083.0
10458476,stimulus_Arg_PISACowsMilk_10_page_6,586.0,293.5,1082.0
10458477,stimulus_Arg_PISACowsMilk_10_page_6,586.2,293.8,1083.0
10458478,stimulus_Arg_PISACowsMilk_10_page_6,586.2,294.0,1083.0
10458479,stimulus_Arg_PISACowsMilk_10_page_6,586.2,294.1,1083.0
10458480,stimulus_Arg_PISACowsMilk_10_page_6,586.4,294.0,1083.0
10458481,stimulus_Arg_PISACowsMilk_10_page_6,586.5,293.8,1083.0
10458482,stimulus_Arg_PISACowsMilk_10_page_6,586.6,293.8,1083.0
10458483,stimulus_Arg_PISACowsMilk_10_page_6,586.5,293.9,1082.0
10458484,stimulus_Arg_PISACowsMilk_10_page_6,586.4,294.0,1084.0
10458485,stimulus_Arg_PISACowsMilk_10_page_6,586.3,294.1,1085.0
10458486,stimulus_Arg_PISACowsMilk_10_page_6,586.3,294.0,1087.0
10458487,stimulus_Arg_PISACowsMilk_10_page_6,586.3,294.0,1086.0
10458488,stimulus_Arg_PISACowsMilk_10_page_6,586.3,294.1,1086.0
10458489,stimulus_Arg_PISACowsMilk_10_page_6,586.4,294.3,1086.0
10458490,stimulus_Arg_PISACowsMilk_10_page_6,586.6,294.5,1086.0
10458491,stimulus_Arg_PISACowsMilk_10_page_6,586.7,294.5,1086.0
10458492,stimulus_Arg_PISACowsMilk_10_page_6,586.7,294.6,1086.0
10458493,stimulus_Arg_PISACowsMilk_10_page_6,586.6,294.5,1086.0
10458494,stimulus_Arg_PISACowsMilk_10_page_6,586.6,294.6,1087.0
10458495,stimulus_Arg_PISACowsMilk_10_page_6,586.5,294.7,1087.0
10458496,stimulus_Arg_PISACowsMilk_10_page_6,586.3,294.9,1088.0
10458497,stimulus_Arg_PISACowsMilk_10_page_6,586.1,294.9,1089.0
10458498,stimulus_Arg_PISACowsMilk_10_page_6,586.2,295.0,1090.0
10458499,stimulus_Arg_PISACowsMilk_10_page_6,586.3,295.1,1091.0
10458500,stimulus_Arg_PISACowsMilk_10_page_6,586.6,295.2,1091.0
10458501,stimulus_Arg_PISACowsMilk_10_page_6,586.8,295.0,1091.0
10458502,stimulus_Arg_PISACowsMilk_10_page_6,587.1,294.8,1092.0
10458503,stimulus_Arg_PISACowsMilk_10_page_6,587.2,294.6,1093.0
10458504,stimulus_Arg_PISACowsMilk_10_page_6,587.4,294.5,1094.0
10458505,stimulus_Arg_PISACowsMilk_10_page_6,587.6,294.5,1094.0
10458506,stimulus_Arg_PISACowsMilk_10_page_6,587.7,294.6,1094.0
10458507,stimulus_Arg_PISACowsMilk_10_page_6,587.6,294.7,1095.0
10458508,stimulus_Arg_PISACowsMilk_10_page_6,587.4,294.7,1095.0
10458509,stimulus_Arg_PISACowsMilk_10_page_6,587.4,294.9,1095.0
10458510,stimulus_Arg_PISACowsMilk_10_page_6,587.6,295.0,1095.0
10458511,stimulus_Arg_PISACowsMilk_10_page_6,587.7,295.2,1095.0
10458512,stimulus_Arg_PISACowsMilk_10_page_6,587.7,295.0,1095.0
10458513,stimulus_Arg_PISACowsMilk_10_page_6,587.7,294.7,1096.0
10458514,stimulus_Arg_PISACowsMilk_10_page_6,587.7,294.7,1096.0
10458515,stimulus_Arg_PISACowsMilk_10_page_6,587.6,294.9,1096.0
10458516,stimulus_Arg_PISACowsMilk_10_page_6,587.6,295.1,1096.0
10458517,stimulus_Arg_PISACowsMilk_10_page_6,587.6,294.9,1096.0
10458518,stimulus_Arg_PISACowsMilk_10_page_6,587.6,294.7,1098.0
10458519,stimulus_Arg_PISACowsMilk_10_page_6,587.9,294.5,1100.0
10458520,stimulus_Arg_PISACowsMilk_10_page_6,588.4,294.5,1102.0
10458521,stimulus_Arg_PISACowsMilk_10_page_6,588.9,294.4,1103.0
10458522,stimulus_Arg_PISACowsMilk_10_page_6,589.8,294.3,1103.0
10458523,stimulus_Arg_PISACowsMilk_10_page_6,591.0,294.8,1102.0
10458524,stimulus_Arg_PISACowsMilk_10_page_6,592.9,295.4,1100.0
10458525,stimulus_Arg_PISACowsMilk_10_page_6,595.4,296.1,1097.0
10458526,stimulus_Arg_PISACowsMilk_10_page_6,598.7,296.2,1096.0
10458527,stimulus_Arg_PISACowsMilk_10_page_6,602.8,296.2,1098.0
10458528,stimulus_Arg_PISACowsMilk_10_page_6,606.2,296.1,1100.0
10458529,stimulus_Arg_PISACowsMilk_10_page_6,608.6,295.9,1102.0
10458530,stimulus_Arg_PISACowsMilk_10_page_6,610.2,295.8,1103.0
10458531,stimulus_Arg_PISACowsMilk_10_page_6,611.8,295.7,1103.0
10458532,stimulus_Arg_PISACowsMilk_10_page_6,613.6,295.7,1102.0
10458533,stimulus_Arg_PISACowsMilk_10_page_6,615.9,295.7,1100.0
10458534,stimulus_Arg_PISACowsMilk_10_page_6,618.5,295.5,1098.0
10458535,stimulus_Arg_PISACowsMilk_10_page_6,621.0,295.2,1098.0
10458536,stimulus_Arg_PISACowsMilk_10_page_6,622.8,294.6,1099.0
10458537,stimulus_Arg_PISACowsMilk_10_page_6,624.0,294.2,1099.0
10458538,stimulus_Arg_PISACowsMilk_10_page_6,624.8,293.9,1099.0
10458539,stimulus_Arg_PISACowsMilk_10_page_6,625.0,293.8,1097.0
10458540,stimulus_Arg_PISACowsMilk_10_page_6,624.9,293.9,1097.0
10458541,stimulus_Arg_PISACowsMilk_10_page_6,624.4,294.0,1098.0
10458542,stimulus_Arg_PISACowsMilk_10_page_6,623.5,294.1,1099.0
10458543,stimulus_Arg_PISACowsMilk_10_page_6,622.1,294.3,1098.0
10458544,stimulus_Arg_PISACowsMilk_10_page_6,620.5,294.8,1098.0
10458545,stimulus_Arg_PISACowsMilk_10_page_6,618.7,295.2,1097.0
10458546,stimulus_Arg_PISACowsMilk_10_page_6,617.0,295.2,1097.0
10458547,stimulus_Arg_PISACowsMilk_10_page_6,615.3,294.9,1098.0
10458548,stimulus_Arg_PISACowsMilk_10_page_6,614.1,294.7,1099.0
10458549,stimulus_Arg_PISACowsMilk_10_page_6,613.1,294.7,1101.0
10458550,stimulus_Arg_PISACowsMilk_10_page_6,612.6,294.8,1103.0
10458551,stimulus_Arg_PISACowsMilk_10_page_6,612.1,295.1,1105.0
10458552,stimulus_Arg_PISACowsMilk_10_page_6,612.1,295.5,1105.0
10458553,stimulus_Arg_PISACowsMilk_10_page_6,612.1,295.9,1105.0
10458554,stimulus_Arg_PISACowsMilk_10_page_6,612.4,296.3,1104.0
10458555,stimulus_Arg_PISACowsMilk_10_page_6,612.6,296.5,1105.0
10458556,stimulus_Arg_PISACowsMilk_10_page_6,613.0,296.7,1105.0
10458557,stimulus_Arg_PISACowsMilk_10_page_6,613.5,296.9,1105.0
10458558,stimulus_Arg_PISACowsMilk_10_page_6,613.9,297.0,1104.0
10458559,stimulus_Arg_PISACowsMilk_10_page_6,614.3,297.0,1103.0
10458560,stimulus_Arg_PISACowsMilk_10_page_6,614.3,296.9,1104.0
10458561,stimulus_Arg_PISACowsMilk_10_page_6,614.5,296.8,1105.0
10458562,stimulus_Arg_PISACowsMilk_10_page_6,614.7,296.7,1106.0
10458563,stimulus_Arg_PISACowsMilk_10_page_6,615.0,296.7,1106.0
10458564,stimulus_Arg_PISACowsMilk_10_page_6,615.2,296.8,1107.0
10458565,stimulus_Arg_PISACowsMilk_10_page_6,615.5,296.9,1107.0
10458566,stimulus_Arg_PISACowsMilk_10_page_6,615.8,297.1,1106.0
10458567,stimulus_Arg_PISACowsMilk_10_page_6,616.1,297.2,1105.0
10458568,stimulus_Arg_PISACowsMilk_10_page_6,616.3,297.4,1105.0
10458569,stimulus_Arg_PISACowsMilk_10_page_6,616.4,297.6,1105.0
10458570,stimulus_Arg_PISACowsMilk_10_page_6,616.9,297.8,1105.0
10458571,stimulus_Arg_PISACowsMilk_10_page_6,617.3,297.9,1106.0
10458572,stimulus_Arg_PISACowsMilk_10_page_6,617.7,297.8,1106.0
10458573,stimulus_Arg_PISACowsMilk_10_page_6,617.9,297.7,1107.0
10458574,stimulus_Arg_PISACowsMilk_10_page_6,618.0,297.5,1105.0
10458575,stimulus_Arg_PISACowsMilk_10_page_6,618.2,297.5,1104.0
10458576,stimulus_Arg_PISACowsMilk_10_page_6,618.6,297.4,1103.0
10458577,stimulus_Arg_PISACowsMilk_10_page_6,619.0,297.3,1103.0
10458578,stimulus_Arg_PISACowsMilk_10_page_6,619.1,297.3,1103.0
10458579,stimulus_Arg_PISACowsMilk_10_page_6,619.1,297.1,1104.0
10458580,stimulus_Arg_PISACowsMilk_10_page_6,619.3,296.8,1104.0
10458581,stimulus_Arg_PISACowsMilk_10_page_6,619.6,296.2,1104.0
10458582,stimulus_Arg_PISACowsMilk_10_page_6,619.8,295.9,1103.0
10458583,stimulus_Arg_PISACowsMilk_10_page_6,619.8,295.9,1102.0
10458584,stimulus_Arg_PISACowsMilk_10_page_6,619.6,296.2,1101.0
10458585,stimulus_Arg_PISACowsMilk_10_page_6,619.2,296.4,1100.0
10458586,stimulus_Arg_PISACowsMilk_10_page_6,618.5,296.5,1099.0
10458587,stimulus_Arg_PISACowsMilk_10_page_6,617.7,296.6,1099.0
10458588,stimulus_Arg_PISACowsMilk_10_page_6,617.1,296.7,1098.0
10458589,stimulus_Arg_PISACowsMilk_10_page_6,616.9,296.9,1098.0
10458590,stimulus_Arg_PISACowsMilk_10_page_6,616.9,296.9,1098.0
10458591,stimulus_Arg_PISACowsMilk_10_page_6,616.7,296.7,1098.0
10458592,stimulus_Arg_PISACowsMilk_10_page_6,616.6,296.5,1098.0
10458593,stimulus_Arg_PISACowsMilk_10_page_6,616.6,296.5,1098.0
10458594,stimulus_Arg_PISACowsMilk_10_page_6,616.7,296.6,1098.0
10458595,stimulus_Arg_PISACowsMilk_10_page_6,617.0,296.8,1098.0
10458596,stimulus_Arg_PISACowsMilk_10_page_6,617.4,297.1,1099.0
10458597,stimulus_Arg_PISACowsMilk_10_page_6,617.8,297.4,1099.0
10458598,stimulus_Arg_PISACowsMilk_10_page_6,617.9,297.7,1100.0
10458599,stimulus_Arg_PISACowsMilk_10_page_6,617.8,298.0,1100.0
10458600,stimulus_Arg_PISACowsMilk_10_page_6,617.8,298.3,1100.0
10458601,stimulus_Arg_PISACowsMilk_10_page_6,618.0,298.4,1100.0
10458602,stimulus_Arg_PISACowsMilk_10_page_6,618.1,298.5,1099.0
10458603,stimulus_Arg_PISACowsMilk_10_page_6,618.4,298.5,1098.0
10458604,stimulus_Arg_PISACowsMilk_10_page_6,618.4,298.5,1097.0
10458605,stimulus_Arg_PISACowsMilk_10_page_6,618.5,298.5,1097.0
10458606,stimulus_Arg_PISACowsMilk_10_page_6,618.4,298.4,1097.0
10458607,stimulus_Arg_PISACowsMilk_10_page_6,618.3,298.3,1097.0
10458608,stimulus_Arg_PISACowsMilk_10_page_6,618.3,298.1,1096.0
10458609,stimulus_Arg_PISACowsMilk_10_page_6,618.2,297.8,1095.0
10458610,stimulus_Arg_PISACowsMilk_10_page_6,618.4,297.4,1094.0
10458611,stimulus_Arg_PISACowsMilk_10_page_6,618.5,297.1,1094.0
10458612,stimulus_Arg_PISACowsMilk_10_page_6,618.6,297.1,1093.0
10458613,stimulus_Arg_PISACowsMilk_10_page_6,618.6,297.1,1092.0
10458614,stimulus_Arg_PISACowsMilk_10_page_6,618.6,297.1,1091.0
10458615,stimulus_Arg_PISACowsMilk_10_page_6,618.7,296.9,1090.0
10458616,stimulus_Arg_PISACowsMilk_10_page_6,618.8,296.7,1090.0
10458617,stimulus_Arg_PISACowsMilk_10_page_6,619.0,296.5,1090.0
10458618,stimulus_Arg_PISACowsMilk_10_page_6,619.0,296.5,1090.0
10458619,stimulus_Arg_PISACowsMilk_10_page_6,619.0,296.7,1091.0
10458620,stimulus_Arg_PISACowsMilk_10_page_6,618.8,296.8,1091.0
10458621,stimulus_Arg_PISACowsMilk_10_page_6,618.6,296.8,1091.0
10458622,stimulus_Arg_PISACowsMilk_10_page_6,618.4,296.9,1091.0
10458623,stimulus_Arg_PISACowsMilk_10_page_6,618.3,297.1,1091.0
10458624,stimulus_Arg_PISACowsMilk_10_page_6,618.3,297.4,1090.0
10458625,stimulus_Arg_PISACowsMilk_10_page_6,618.2,297.6,1090.0
10458626,stimulus_Arg_PISACowsMilk_10_page_6,618.2,297.9,1089.0
10458627,stimulus_Arg_PISACowsMilk_10_page_6,618.2,298.3,1088.0
10458628,stimulus_Arg_PISACowsMilk_10_page_6,618.1,298.9,1087.0
10458629,stimulus_Arg_PISACowsMilk_10_page_6,618.1,299.1,1087.0
10458630,stimulus_Arg_PISACowsMilk_10_page_6,618.0,299.3,1086.0
10458631,stimulus_Arg_PISACowsMilk_10_page_6,618.0,299.3,1086.0
10458632,stimulus_Arg_PISACowsMilk_10_page_6,618.4,299.3,1086.0
10458633,stimulus_Arg_PISACowsMilk_10_page_6,618.7,299.6,1086.0
10458634,stimulus_Arg_PISACowsMilk_10_page_6,618.9,299.8,1086.0
10458635,stimulus_Arg_PISACowsMilk_10_page_6,618.7,300.0,1085.0
10458636,stimulus_Arg_PISACowsMilk_10_page_6,618.6,300.0,1085.0
10458637,stimulus_Arg_PISACowsMilk_10_page_6,618.6,300.1,1085.0
10458638,stimulus_Arg_PISACowsMilk_10_page_6,618.5,299.9,1085.0
10458639,stimulus_Arg_PISACowsMilk_10_page_6,618.6,299.5,1084.0
10458640,stimulus_Arg_PISACowsMilk_10_page_6,618.6,299.1,1084.0
10458641,stimulus_Arg_PISACowsMilk_10_page_6,618.5,298.9,1083.0
10458642,stimulus_Arg_PISACowsMilk_10_page_6,618.7,299.0,1082.0
10458643,stimulus_Arg_PISACowsMilk_10_page_6,618.8,299.1,1081.0
10458644,stimulus_Arg_PISACowsMilk_10_page_6,619.0,299.1,1081.0
10458645,stimulus_Arg_PISACowsMilk_10_page_6,619.1,299.1,1081.0
10458646,stimulus_Arg_PISACowsMilk_10_page_6,619.0,299.1,1080.0
10458647,stimulus_Arg_PISACowsMilk_10_page_6,618.8,299.3,1079.0
10458648,stimulus_Arg_PISACowsMilk_10_page_6,618.6,299.5,1078.0
10458649,stimulus_Arg_PISACowsMilk_10_page_6,618.8,299.7,1078.0
10458650,stimulus_Arg_PISACowsMilk_10_page_6,620.0,299.6,1079.0
10458651,stimulus_Arg_PISACowsMilk_10_page_6,621.7,298.9,1079.0
10458652,stimulus_Arg_PISACowsMilk_10_page_6,625.2,298.4,1078.0
10458653,stimulus_Arg_PISACowsMilk_10_page_6,629.8,297.9,1078.0
10458654,stimulus_Arg_PISACowsMilk_10_page_6,635.8,298.0,1077.0
10458655,stimulus_Arg_PISACowsMilk_10_page_6,643.7,298.1,1077.0
10458656,stimulus_Arg_PISACowsMilk_10_page_6,652.2,297.7,1078.0
10458657,stimulus_Arg_PISACowsMilk_10_page_6,662.6,297.1,1078.0
10458658,stimulus_Arg_PISACowsMilk_10_page_6,672.6,296.4,1078.0
10458659,stimulus_Arg_PISACowsMilk_10_page_6,684.1,295.1,1078.0
10458660,stimulus_Arg_PISACowsMilk_10_page_6,695.5,294.3,1078.0
10458661,stimulus_Arg_PISACowsMilk_10_page_6,706.8,292.8,1078.0
10458662,stimulus_Arg_PISACowsMilk_10_page_6,717.3,292.2,1077.0
10458663,stimulus_Arg_PISACowsMilk_10_page_6,727.4,290.2,1076.0
10458664,stimulus_Arg_PISACowsMilk_10_page_6,737.3,288.9,1073.0
10458665,stimulus_Arg_PISACowsMilk_10_page_6,746.2,287.7,1070.0
10458666,stimulus_Arg_PISACowsMilk_10_page_6,753.9,286.7,1066.0
10458667,stimulus_Arg_PISACowsMilk_10_page_6,759.8,285.9,1064.0
10458668,stimulus_Arg_PISACowsMilk_10_page_6,764.4,284.3,1061.0
10458669,stimulus_Arg_PISACowsMilk_10_page_6,767.8,283.2,1057.0
10458670,stimulus_Arg_PISACowsMilk_10_page_6,769.6,281.7,1054.0
10458671,stimulus_Arg_PISACowsMilk_10_page_6,770.3,280.9,1051.0
10458672,stimulus_Arg_PISACowsMilk_10_page_6,769.2,280.4,1048.0
10458673,stimulus_Arg_PISACowsMilk_10_page_6,767.5,280.1,1045.0
10458674,stimulus_Arg_PISACowsMilk_10_page_6,765.1,279.9,1044.0
10458675,stimulus_Arg_PISACowsMilk_10_page_6,763.7,279.9,1044.0
10458676,stimulus_Arg_PISACowsMilk_10_page_6,762.4,279.9,1043.0
10458677,stimulus_Arg_PISACowsMilk_10_page_6,761.6,280.1,1042.0
10458678,stimulus_Arg_PISACowsMilk_10_page_6,760.8,280.6,1042.0
10458679,stimulus_Arg_PISACowsMilk_10_page_6,760.1,281.1,1042.0
10458680,stimulus_Arg_PISACowsMilk_10_page_6,759.5,281.8,1043.0
10458681,stimulus_Arg_PISACowsMilk_10_page_6,758.8,282.5,1043.0
10458682,stimulus_Arg_PISACowsMilk_10_page_6,758.2,283.1,1043.0
10458683,stimulus_Arg_PISACowsMilk_10_page_6,757.4,283.8,1043.0
10458684,stimulus_Arg_PISACowsMilk_10_page_6,756.6,284.2,1043.0
10458685,stimulus_Arg_PISACowsMilk_10_page_6,756.1,284.9,1042.0
10458686,stimulus_Arg_PISACowsMilk_10_page_6,755.8,285.2,1042.0
10458687,stimulus_Arg_PISACowsMilk_10_page_6,755.5,285.6,1042.0
10458688,stimulus_Arg_PISACowsMilk_10_page_6,755.2,285.6,1043.0
10458689,stimulus_Arg_PISACowsMilk_10_page_6,754.9,285.7,1045.0
10458690,stimulus_Arg_PISACowsMilk_10_page_6,754.8,285.8,1046.0
10458691,stimulus_Arg_PISACowsMilk_10_page_6,754.7,286.0,1046.0
10458692,stimulus_Arg_PISACowsMilk_10_page_6,755.0,286.1,1045.0
10458693,stimulus_Arg_PISACowsMilk_10_page_6,755.4,286.2,1045.0
10458694,stimulus_Arg_PISACowsMilk_10_page_6,756.3,286.2,1045.0
10458695,stimulus_Arg_PISACowsMilk_10_page_6,756.9,286.1,1045.0
10458696,stimulus_Arg_PISACowsMilk_10_page_6,757.8,286.0,1044.0
10458697,stimulus_Arg_PISACowsMilk_10_page_6,758.1,285.9,1044.0
10458698,stimulus_Arg_PISACowsMilk_10_page_6,759.0,286.0,1043.0
10458699,stimulus_Arg_PISACowsMilk_10_page_6,759.5,286.2,1043.0
10458700,stimulus_Arg_PISACowsMilk_10_page_6,760.5,286.3,1043.0
10458701,stimulus_Arg_PISACowsMilk_10_page_6,761.0,286.4,1043.0
10458702,stimulus_Arg_PISACowsMilk_10_page_6,761.6,286.4,1042.0
10458703,stimulus_Arg_PISACowsMilk_10_page_6,761.7,286.7,1040.0
10458704,stimulus_Arg_PISACowsMilk_10_page_6,761.6,286.9,1039.0
10458705,stimulus_Arg_PISACowsMilk_10_page_6,762.0,287.1,1038.0
10458706,stimulus_Arg_PISACowsMilk_10_page_6,762.5,286.9,1037.0
10458707,stimulus_Arg_PISACowsMilk_10_page_6,763.0,286.7,1037.0
10458708,stimulus_Arg_PISACowsMilk_10_page_6,763.1,286.4,1037.0
10458709,stimulus_Arg_PISACowsMilk_10_page_6,763.1,286.3,1037.0
10458710,stimulus_Arg_PISACowsMilk_10_page_6,763.2,286.3,1037.0
10458711,stimulus_Arg_PISACowsMilk_10_page_6,763.4,286.0,1038.0
10458712,stimulus_Arg_PISACowsMilk_10_page_6,763.7,285.8,1039.0
10458713,stimulus_Arg_PISACowsMilk_10_page_6,763.9,285.5,1039.0
10458714,stimulus_Arg_PISACowsMilk_10_page_6,763.9,285.5,1039.0
10458715,stimulus_Arg_PISACowsMilk_10_page_6,763.7,285.5,1038.0
10458716,stimulus_Arg_PISACowsMilk_10_page_6,763.4,285.5,1038.0
10458717,stimulus_Arg_PISACowsMilk_10_page_6,763.2,285.5,1037.0
10458718,stimulus_Arg_PISACowsMilk_10_page_6,763.1,285.7,1036.0
10458719,stimulus_Arg_PISACowsMilk_10_page_6,763.0,285.8,1035.0
10458720,stimulus_Arg_PISACowsMilk_10_page_6,762.8,285.7,1035.0
10458721,stimulus_Arg_PISACowsMilk_10_page_6,762.4,285.5,1035.0
10458722,stimulus_Arg_PISACowsMilk_10_page_6,761.9,285.5,1034.0
10458723,stimulus_Arg_PISACowsMilk_10_page_6,761.6,285.6,1033.0
10458724,stimulus_Arg_PISACowsMilk_10_page_6,761.6,285.7,1032.0
10458725,stimulus_Arg_PISACowsMilk_10_page_6,761.6,286.0,1031.0
10458726,stimulus_Arg_PISACowsMilk_10_page_6,761.6,286.4,1029.0
10458727,stimulus_Arg_PISACowsMilk_10_page_6,761.8,286.8,1028.0
10458728,stimulus_Arg_PISACowsMilk_10_page_6,761.9,286.8,1027.0
10458729,stimulus_Arg_PISACowsMilk_10_page_6,762.0,286.7,1027.0
10458730,stimulus_Arg_PISACowsMilk_10_page_6,762.0,286.5,1026.0
10458731,stimulus_Arg_PISACowsMilk_10_page_6,762.1,285.9,1025.0
10458732,stimulus_Arg_PISACowsMilk_10_page_6,762.2,285.4,1023.0
10458733,stimulus_Arg_PISACowsMilk_10_page_6,762.3,284.9,1023.0
10458734,stimulus_Arg_PISACowsMilk_10_page_6,762.2,285.2,1021.0
10458735,stimulus_Arg_PISACowsMilk_10_page_6,762.1,285.4,1021.0
10458736,stimulus_Arg_PISACowsMilk_10_page_6,762.0,285.7,1020.0
10458737,stimulus_Arg_PISACowsMilk_10_page_6,762.0,285.7,1019.0
10458738,stimulus_Arg_PISACowsMilk_10_page_6,762.0,285.7,1018.0
10458739,stimulus_Arg_PISACowsMilk_10_page_6,761.9,285.7,1018.0
10458740,stimulus_Arg_PISACowsMilk_10_page_6,761.9,285.8,1017.0
10458741,stimulus_Arg_PISACowsMilk_10_page_6,761.8,285.8,1017.0
10458742,stimulus_Arg_PISACowsMilk_10_page_6,761.9,285.8,1017.0
10458743,stimulus_Arg_PISACowsMilk_10_page_6,761.9,285.9,1016.0
10458744,stimulus_Arg_PISACowsMilk_10_page_6,761.9,285.7,1016.0
10458745,stimulus_Arg_PISACowsMilk_10_page_6,761.8,285.3,1015.0
10458746,stimulus_Arg_PISACowsMilk_10_page_6,761.6,285.0,1015.0
10458747,stimulus_Arg_PISACowsMilk_10_page_6,761.4,284.7,1015.0
10458748,stimulus_Arg_PISACowsMilk_10_page_6,761.3,284.4,1015.0
10458749,stimulus_Arg_PISACowsMilk_10_page_6,761.5,284.1,1015.0
10458750,stimulus_Arg_PISACowsMilk_10_page_6,761.6,284.0,1015.0
10458751,stimulus_Arg_PISACowsMilk_10_page_6,761.6,283.9,1015.0
10458752,stimulus_Arg_PISACowsMilk_10_page_6,761.6,283.9,1015.0
10458753,stimulus_Arg_PISACowsMilk_10_page_6,761.6,284.2,1013.0
10458754,stimulus_Arg_PISACowsMilk_10_page_6,761.6,284.4,1012.0
10458755,stimulus_Arg_PISACowsMilk_10_page_6,761.6,284.7,1012.0
10458756,stimulus_Arg_PISACowsMilk_10_page_6,761.8,284.7,1013.0
10458757,stimulus_Arg_PISACowsMilk_10_page_6,762.1,284.5,1014.0
10458758,stimulus_Arg_PISACowsMilk_10_page_6,762.3,284.3,1014.0
10458759,stimulus_Arg_PISACowsMilk_10_page_6,762.1,284.1,1014.0
10458760,stimulus_Arg_PISACowsMilk_10_page_6,761.9,284.1,1014.0
10458761,stimulus_Arg_PISACowsMilk_10_page_6,761.6,284.0,1013.0
10458762,stimulus_Arg_PISACowsMilk_10_page_6,761.5,284.0,1013.0
10458763,stimulus_Arg_PISACowsMilk_10_page_6,761.4,283.9,1012.0
10458764,stimulus_Arg_PISACowsMilk_10_page_6,761.4,283.9,1012.0
10458765,stimulus_Arg_PISACowsMilk_10_page_6,761.5,283.9,1012.0
10458766,stimulus_Arg_PISACowsMilk_10_page_6,761.6,284.0,1012.0
10458767,stimulus_Arg_PISACowsMilk_10_page_6,761.4,283.7,1011.0
10458768,stimulus_Arg_PISACowsMilk_10_page_6,761.1,283.4,1011.0
10458769,stimulus_Arg_PISACowsMilk_10_page_6,760.9,283.3,1011.0
10458770,stimulus_Arg_PISACowsMilk_10_page_6,761.0,283.4,1010.0
10458771,stimulus_Arg_PISACowsMilk_10_page_6,761.0,283.6,1010.0
10458772,stimulus_Arg_PISACowsMilk_10_page_6,761.0,283.7,1009.0
10458773,stimulus_Arg_PISACowsMilk_10_page_6,761.0,284.0,1009.0
10458774,stimulus_Arg_PISACowsMilk_10_page_6,760.9,284.2,1009.0
10458775,stimulus_Arg_PISACowsMilk_10_page_6,760.9,284.2,1009.0
10458776,stimulus_Arg_PISACowsMilk_10_page_6,760.9,284.2,1009.0
10458777,stimulus_Arg_PISACowsMilk_10_page_6,760.7,284.1,1008.0
10458778,stimulus_Arg_PISACowsMilk_10_page_6,760.6,284.0,1008.0
10458779,stimulus_Arg_PISACowsMilk_10_page_6,760.3,284.2,1008.0
10458780,stimulus_Arg_PISACowsMilk_10_page_6,760.2,284.5,1007.0
10458781,stimulus_Arg_PISACowsMilk_10_page_6,760.1,284.6,1007.0
10458782,stimulus_Arg_PISACowsMilk_10_page_6,760.1,284.3,1006.0
10458783,stimulus_Arg_PISACowsMilk_10_page_6,760.1,284.3,1005.0
10458784,stimulus_Arg_PISACowsMilk_10_page_6,760.1,284.5,1003.0
10458785,stimulus_Arg_PISACowsMilk_10_page_6,760.4,284.6,1002.0
10458786,stimulus_Arg_PISACowsMilk_10_page_6,760.7,284.5,1002.0
10458787,stimulus_Arg_PISACowsMilk_10_page_6,760.9,284.5,1002.0
10458788,stimulus_Arg_PISACowsMilk_10_page_6,760.9,284.5,1001.0
10458789,stimulus_Arg_PISACowsMilk_10_page_6,760.8,284.4,1001.0
10458790,stimulus_Arg_PISACowsMilk_10_page_6,760.8,284.2,1000.0
10458791,stimulus_Arg_PISACowsMilk_10_page_6,760.8,284.1,1000.0
10458792,stimulus_Arg_PISACowsMilk_10_page_6,760.8,284.0,1000.0
10458793,stimulus_Arg_PISACowsMilk_10_page_6,760.9,284.0,1000.0
10458794,stimulus_Arg_PISACowsMilk_10_page_6,760.9,284.0,1000.0
10458795,stimulus_Arg_PISACowsMilk_10_page_6,760.9,284.0,1000.0
10458796,stimulus_Arg_PISACowsMilk_10_page_6,760.9,284.0,1000.0
10458797,stimulus_Arg_PISACowsMilk_10_page_6,760.8,284.0,999.0
10458798,stimulus_Arg_PISACowsMilk_10_page_6,760.8,284.0,998.0
10458799,stimulus_Arg_PISACowsMilk_10_page_6,760.7,284.0,997.0
10458800,stimulus_Arg_PISACowsMilk_10_page_6,760.8,284.0,997.0
10458801,stimulus_Arg_PISACowsMilk_10_page_6,760.9,284.3,997.0
10458802,stimulus_Arg_PISACowsMilk_10_page_6,760.9,284.5,997.0
10458803,stimulus_Arg_PISACowsMilk_10_page_6,760.9,284.8,998.0
10458804,stimulus_Arg_PISACowsMilk_10_page_6,760.9,284.8,998.0
10458805,stimulus_Arg_PISACowsMilk_10_page_6,760.9,284.7,998.0
10458806,stimulus_Arg_PISACowsMilk_10_page_6,760.9,284.5,998.0
10458807,stimulus_Arg_PISACowsMilk_10_page_6,761.0,284.3,999.0
10458808,stimulus_Arg_PISACowsMilk_10_page_6,761.3,284.3,997.0
10458809,stimulus_Arg_PISACowsMilk_10_page_6,761.6,284.5,996.0
10458810,stimulus_Arg_PISACowsMilk_10_page_6,761.8,284.6,994.0
10458811,stimulus_Arg_PISACowsMilk_10_page_6,761.8,284.6,994.0
10458812,stimulus_Arg_PISACowsMilk_10_page_6,761.7,284.5,993.0
10458813,stimulus_Arg_PISACowsMilk_10_page_6,761.6,284.3,993.0
10458814,stimulus_Arg_PISACowsMilk_10_page_6,761.5,284.1,993.0
10458815,stimulus_Arg_PISACowsMilk_10_page_6,761.4,283.8,992.0
10458816,stimulus_Arg_PISACowsMilk_10_page_6,761.2,283.8,992.0
10458817,stimulus_Arg_PISACowsMilk_10_page_6,761.5,283.9,992.0
10458818,stimulus_Arg_PISACowsMilk_10_page_6,761.9,284.0,993.0
10458819,stimulus_Arg_PISACowsMilk_10_page_6,762.3,284.1,994.0
10458820,stimulus_Arg_PISACowsMilk_10_page_6,762.7,284.0,994.0
10458821,stimulus_Arg_PISACowsMilk_10_page_6,762.8,284.1,994.0
10458822,stimulus_Arg_PISACowsMilk_10_page_6,762.9,284.1,994.0
10458823,stimulus_Arg_PISACowsMilk_10_page_6,762.9,284.2,994.0
10458824,stimulus_Arg_PISACowsMilk_10_page_6,763.1,284.2,994.0
10458825,stimulus_Arg_PISACowsMilk_10_page_6,763.3,284.2,992.0
10458826,stimulus_Arg_PISACowsMilk_10_page_6,763.5,284.1,990.0
10458827,stimulus_Arg_PISACowsMilk_10_page_6,763.3,284.1,989.0
10458828,stimulus_Arg_PISACowsMilk_10_page_6,763.1,284.1,990.0
10458829,stimulus_Arg_PISACowsMilk_10_page_6,762.9,284.1,990.0
10458830,stimulus_Arg_PISACowsMilk_10_page_6,763.0,284.1,990.0
10458831,stimulus_Arg_PISACowsMilk_10_page_6,763.1,284.1,989.0
10458832,stimulus_Arg_PISACowsMilk_10_page_6,763.2,284.1,989.0
10458833,stimulus_Arg_PISACowsMilk_10_page_6,763.4,284.1,989.0
10458834,stimulus_Arg_PISACowsMilk_10_page_6,763.3,284.2,989.0
10458835,stimulus_Arg_PISACowsMilk_10_page_6,763.3,284.1,990.0
10458836,stimulus_Arg_PISACowsMilk_10_page_6,763.3,284.0,990.0
10458837,stimulus_Arg_PISACowsMilk_10_page_6,763.2,284.0,989.0
10458838,stimulus_Arg_PISACowsMilk_10_page_6,763.2,284.1,988.0
10458839,stimulus_Arg_PISACowsMilk_10_page_6,763.2,284.2,988.0
10458840,stimulus_Arg_PISACowsMilk_10_page_6,763.2,284.1,988.0
10458841,stimulus_Arg_PISACowsMilk_10_page_6,763.7,283.9,988.0
10458842,stimulus_Arg_PISACowsMilk_10_page_6,764.1,283.8,988.0
10458843,stimulus_Arg_PISACowsMilk_10_page_6,764.6,283.9,988.0
10458844,stimulus_Arg_PISACowsMilk_10_page_6,764.6,284.0,988.0
10458845,stimulus_Arg_PISACowsMilk_10_page_6,764.4,284.0,988.0
10458846,stimulus_Arg_PISACowsMilk_10_page_6,764.1,284.3,987.0
10458847,stimulus_Arg_PISACowsMilk_10_page_6,763.8,284.6,986.0
10458848,stimulus_Arg_PISACowsMilk_10_page_6,763.8,284.8,986.0
10458849,stimulus_Arg_PISACowsMilk_10_page_6,763.8,284.8,985.0
10458850,stimulus_Arg_PISACowsMilk_10_page_6,763.8,284.8,986.0
10458851,stimulus_Arg_PISACowsMilk_10_page_6,763.7,284.7,986.0
10458852,stimulus_Arg_PISACowsMilk_10_page_6,763.6,284.7,985.0
10458853,stimulus_Arg_PISACowsMilk_10_page_6,763.6,284.7,984.0
10458854,stimulus_Arg_PISACowsMilk_10_page_6,763.7,284.7,983.0
10458855,stimulus_Arg_PISACowsMilk_10_page_6,763.7,284.5,983.0
10458856,stimulus_Arg_PISACowsMilk_10_page_6,763.8,284.3,983.0
10458857,stimulus_Arg_PISACowsMilk_10_page_6,763.9,284.2,983.0
10458858,stimulus_Arg_PISACowsMilk_10_page_6,763.8,284.2,983.0
10458859,stimulus_Arg_PISACowsMilk_10_page_6,763.6,284.3,983.0
10458860,stimulus_Arg_PISACowsMilk_10_page_6,763.5,284.4,983.0
10458861,stimulus_Arg_PISACowsMilk_10_page_6,763.8,284.7,983.0
10458862,stimulus_Arg_PISACowsMilk_10_page_6,764.1,284.9,984.0
10458863,stimulus_Arg_PISACowsMilk_10_page_6,764.0,285.0,984.0
10458864,stimulus_Arg_PISACowsMilk_10_page_6,763.6,284.8,984.0
10458865,stimulus_Arg_PISACowsMilk_10_page_6,763.3,284.6,983.0
10458866,stimulus_Arg_PISACowsMilk_10_page_6,763.4,284.5,982.0
10458867,stimulus_Arg_PISACowsMilk_10_page_6,763.4,284.5,981.0
10458868,stimulus_Arg_PISACowsMilk_10_page_6,763.4,284.6,981.0
10458869,stimulus_Arg_PISACowsMilk_10_page_6,763.2,284.9,981.0
10458870,stimulus_Arg_PISACowsMilk_10_page_6,762.9,285.2,982.0
10458871,stimulus_Arg_PISACowsMilk_10_page_6,762.7,285.3,982.0
10458872,stimulus_Arg_PISACowsMilk_10_page_6,762.7,285.5,982.0
10458873,stimulus_Arg_PISACowsMilk_10_page_6,763.0,285.1,981.0
10458874,stimulus_Arg_PISACowsMilk_10_page_6,763.6,284.6,980.0
10458875,stimulus_Arg_PISACowsMilk_10_page_6,763.9,284.3,980.0
10458876,stimulus_Arg_PISACowsMilk_10_page_6,764.3,284.6,980.0
10458877,stimulus_Arg_PISACowsMilk_10_page_6,764.3,284.6,980.0
10458878,stimulus_Arg_PISACowsMilk_10_page_6,764.4,284.4,979.0
10458879,stimulus_Arg_PISACowsMilk_10_page_6,764.4,284.0,979.0
10458880,stimulus_Arg_PISACowsMilk_10_page_6,764.3,283.9,979.0
10458881,stimulus_Arg_PISACowsMilk_10_page_6,764.2,284.0,980.0
10458882,stimulus_Arg_PISACowsMilk_10_page_6,764.2,284.2,980.0
10458883,stimulus_Arg_PISACowsMilk_10_page_6,764.1,284.4,980.0
10458884,stimulus_Arg_PISACowsMilk_10_page_6,764.3,284.6,979.0
10458885,stimulus_Arg_PISACowsMilk_10_page_6,764.4,284.8,978.0
10458886,stimulus_Arg_PISACowsMilk_10_page_6,764.1,284.9,978.0
10458887,stimulus_Arg_PISACowsMilk_10_page_6,763.7,284.9,978.0
10458888,stimulus_Arg_PISACowsMilk_10_page_6,763.2,284.8,978.0
10458889,stimulus_Arg_PISACowsMilk_10_page_6,763.0,284.7,978.0
10458890,stimulus_Arg_PISACowsMilk_10_page_6,763.1,284.6,978.0
10458891,stimulus_Arg_PISACowsMilk_10_page_6,763.3,284.6,978.0
10458892,stimulus_Arg_PISACowsMilk_10_page_6,763.5,284.6,978.0
10458893,stimulus_Arg_PISACowsMilk_10_page_6,763.6,284.7,979.0
10458894,stimulus_Arg_PISACowsMilk_10_page_6,763.7,284.7,979.0
10458895,stimulus_Arg_PISACowsMilk_10_page_6,763.8,284.9,979.0
10458896,stimulus_Arg_PISACowsMilk_10_page_6,764.0,285.1,978.0
10458897,stimulus_Arg_PISACowsMilk_10_page_6,764.3,285.2,977.0
10458898,stimulus_Arg_PISACowsMilk_10_page_6,764.5,285.3,977.0
10458899,stimulus_Arg_PISACowsMilk_10_page_6,764.5,285.3,979.0
10458900,stimulus_Arg_PISACowsMilk_10_page_6,764.2,285.0,980.0
10458901,stimulus_Arg_PISACowsMilk_10_page_6,763.7,284.6,980.0
10458902,stimulus_Arg_PISACowsMilk_10_page_6,763.3,284.6,980.0
10458903,stimulus_Arg_PISACowsMilk_10_page_6,763.1,285.0,980.0
10458904,stimulus_Arg_PISACowsMilk_10_page_6,763.2,285.3,979.0
10458905,stimulus_Arg_PISACowsMilk_10_page_6,763.2,285.4,979.0
10458906,stimulus_Arg_PISACowsMilk_10_page_6,763.3,285.3,978.0
10458907,stimulus_Arg_PISACowsMilk_10_page_6,763.4,285.4,977.0
10458908,stimulus_Arg_PISACowsMilk_10_page_6,763.5,285.4,976.0
10458909,stimulus_Arg_PISACowsMilk_10_page_6,763.7,285.5,976.0
10458910,stimulus_Arg_PISACowsMilk_10_page_6,763.9,285.5,977.0
10458911,stimulus_Arg_PISACowsMilk_10_page_6,764.0,285.5,977.0
10458912,stimulus_Arg_PISACowsMilk_10_page_6,764.1,285.4,977.0
10458913,stimulus_Arg_PISACowsMilk_10_page_6,764.2,285.5,978.0
10458914,stimulus_Arg_PISACowsMilk_10_page_6,764.2,285.5,978.0
10458915,stimulus_Arg_PISACowsMilk_10_page_6,764.2,285.5,977.0
10458916,stimulus_Arg_PISACowsMilk_10_page_6,764.1,285.6,977.0
10458917,stimulus_Arg_PISACowsMilk_10_page_6,764.0,285.6,978.0
10458918,stimulus_Arg_PISACowsMilk_10_page_6,763.8,285.7,978.0
10458919,stimulus_Arg_PISACowsMilk_10_page_6,763.7,285.8,978.0
10458920,stimulus_Arg_PISACowsMilk_10_page_6,763.6,286.0,978.0
10458921,stimulus_Arg_PISACowsMilk_10_page_6,763.6,286.3,978.0
10458922,stimulus_Arg_PISACowsMilk_10_page_6,763.4,286.3,978.0
10458923,stimulus_Arg_PISACowsMilk_10_page_6,763.2,286.6,979.0
10458924,stimulus_Arg_PISACowsMilk_10_page_6,763.0,286.8,978.0
10458925,stimulus_Arg_PISACowsMilk_10_page_6,762.9,287.0,978.0
10458926,stimulus_Arg_PISACowsMilk_10_page_6,762.8,287.0,977.0
10458927,stimulus_Arg_PISACowsMilk_10_page_6,762.8,286.9,977.0
10458928,stimulus_Arg_PISACowsMilk_10_page_6,762.7,287.0,978.0
10458929,stimulus_Arg_PISACowsMilk_10_page_6,762.7,287.1,978.0
10458930,stimulus_Arg_PISACowsMilk_10_page_6,762.5,287.2,979.0
10458931,stimulus_Arg_PISACowsMilk_10_page_6,762.3,287.2,980.0
10458932,stimulus_Arg_PISACowsMilk_10_page_6,762.1,287.2,980.0
10458933,stimulus_Arg_PISACowsMilk_10_page_6,762.1,287.3,980.0
10458934,stimulus_Arg_PISACowsMilk_10_page_6,762.0,287.2,979.0
10458935,stimulus_Arg_PISACowsMilk_10_page_6,762.0,287.4,979.0
10458936,stimulus_Arg_PISACowsMilk_10_page_6,762.0,287.5,979.0
10458937,stimulus_Arg_PISACowsMilk_10_page_6,762.0,287.7,978.0
10458938,stimulus_Arg_PISACowsMilk_10_page_6,762.0,287.8,978.0
10458939,stimulus_Arg_PISACowsMilk_10_page_6,762.1,288.1,978.0
10458940,stimulus_Arg_PISACowsMilk_10_page_6,762.3,288.3,978.0
10458941,stimulus_Arg_PISACowsMilk_10_page_6,762.5,288.5,978.0
10458942,stimulus_Arg_PISACowsMilk_10_page_6,762.6,288.5,978.0
10458943,stimulus_Arg_PISACowsMilk_10_page_6,762.3,288.6,977.0
10458944,stimulus_Arg_PISACowsMilk_10_page_6,761.9,288.9,977.0
10458945,stimulus_Arg_PISACowsMilk_10_page_6,761.6,289.1,977.0
10458946,stimulus_Arg_PISACowsMilk_10_page_6,761.5,289.1,977.0
10458947,stimulus_Arg_PISACowsMilk_10_page_6,761.4,288.9,978.0
10458948,stimulus_Arg_PISACowsMilk_10_page_6,761.3,288.7,978.0
10458949,stimulus_Arg_PISACowsMilk_10_page_6,761.3,288.7,978.0
10458950,stimulus_Arg_PISACowsMilk_10_page_6,761.4,288.8,978.0
10458951,stimulus_Arg_PISACowsMilk_10_page_6,761.5,288.9,978.0
10458952,stimulus_Arg_PISACowsMilk_10_page_6,761.3,289.1,977.0
10458953,stimulus_Arg_PISACowsMilk_10_page_6,761.0,289.3,976.0
10458954,stimulus_Arg_PISACowsMilk_10_page_6,760.8,289.3,975.0
10458955,stimulus_Arg_PISACowsMilk_10_page_6,760.9,289.2,975.0
10458956,stimulus_Arg_PISACowsMilk_10_page_6,760.8,289.2,976.0
10458957,stimulus_Arg_PISACowsMilk_10_page_6,760.7,289.1,977.0
10458958,stimulus_Arg_PISACowsMilk_10_page_6,760.6,289.0,977.0
10458959,stimulus_Arg_PISACowsMilk_10_page_6,760.4,289.0,977.0
10458960,stimulus_Arg_PISACowsMilk_10_page_6,760.4,289.2,977.0
10458961,stimulus_Arg_PISACowsMilk_10_page_6,760.3,289.4,977.0
10458962,stimulus_Arg_PISACowsMilk_10_page_6,760.2,289.5,977.0
10458963,stimulus_Arg_PISACowsMilk_10_page_6,760.1,289.6,977.0
10458964,stimulus_Arg_PISACowsMilk_10_page_6,760.0,289.6,978.0
10458965,stimulus_Arg_PISACowsMilk_10_page_6,759.7,289.5,979.0
10458966,stimulus_Arg_PISACowsMilk_10_page_6,759.5,289.5,980.0
10458967,stimulus_Arg_PISACowsMilk_10_page_6,759.2,289.6,979.0
10458968,stimulus_Arg_PISACowsMilk_10_page_6,759.0,289.6,979.0
10458969,stimulus_Arg_PISACowsMilk_10_page_6,758.9,289.6,979.0
10458970,stimulus_Arg_PISACowsMilk_10_page_6,758.9,289.5,979.0
10458971,stimulus_Arg_PISACowsMilk_10_page_6,758.9,289.4,979.0
10458972,stimulus_Arg_PISACowsMilk_10_page_6,758.9,289.6,978.0
10458973,stimulus_Arg_PISACowsMilk_10_page_6,759.5,289.8,976.0
10458974,stimulus_Arg_PISACowsMilk_10_page_6,760.9,290.1,974.0
10458975,stimulus_Arg_PISACowsMilk_10_page_6,763.4,290.3,973.0
10458976,stimulus_Arg_PISACowsMilk_10_page_6,766.5,290.4,974.0
10458977,stimulus_Arg_PISACowsMilk_10_page_6,769.7,290.3,976.0
10458978,stimulus_Arg_PISACowsMilk_10_page_6,772.7,290.2,979.0
10458979,stimulus_Arg_PISACowsMilk_10_page_6,776.3,290.1,981.0
10458980,stimulus_Arg_PISACowsMilk_10_page_6,781.2,290.3,981.0
10458981,stimulus_Arg_PISACowsMilk_10_page_6,787.4,290.5,981.0
10458982,stimulus_Arg_PISACowsMilk_10_page_6,794.6,291.3,981.0
10458983,stimulus_Arg_PISACowsMilk_10_page_6,802.7,292.0,981.0
10458984,stimulus_Arg_PISACowsMilk_10_page_6,810.7,292.4,980.0
10458985,stimulus_Arg_PISACowsMilk_10_page_6,818.8,292.2,980.0
10458986,stimulus_Arg_PISACowsMilk_10_page_6,826.4,291.8,980.0
10458987,stimulus_Arg_PISACowsMilk_10_page_6,833.4,291.0,980.0
10458988,stimulus_Arg_PISACowsMilk_10_page_6,838.4,289.7,979.0
10458989,stimulus_Arg_PISACowsMilk_10_page_6,842.4,288.5,978.0
10458990,stimulus_Arg_PISACowsMilk_10_page_6,845.6,287.8,976.0
10458991,stimulus_Arg_PISACowsMilk_10_page_6,849.1,287.3,975.0
10458992,stimulus_Arg_PISACowsMilk_10_page_6,851.8,286.9,973.0
10458993,stimulus_Arg_PISACowsMilk_10_page_6,853.9,286.4,971.0
10458994,stimulus_Arg_PISACowsMilk_10_page_6,855.0,285.5,968.0
10458995,stimulus_Arg_PISACowsMilk_10_page_6,855.4,284.7,968.0
10458996,stimulus_Arg_PISACowsMilk_10_page_6,855.4,284.2,967.0
10458997,stimulus_Arg_PISACowsMilk_10_page_6,855.3,284.2,967.0
10458998,stimulus_Arg_PISACowsMilk_10_page_6,855.9,284.5,966.0
10458999,stimulus_Arg_PISACowsMilk_10_page_6,857.7,284.9,965.0
10459000,stimulus_Arg_PISACowsMilk_10_page_6,861.0,285.3,964.0
10459001,stimulus_Arg_PISACowsMilk_10_page_6,864.7,285.5,964.0
10459002,stimulus_Arg_PISACowsMilk_10_page_6,867.6,285.5,964.0
10459003,stimulus_Arg_PISACowsMilk_10_page_6,869.9,285.7,964.0
10459004,stimulus_Arg_PISACowsMilk_10_page_6,871.4,285.8,965.0
10459005,stimulus_Arg_PISACowsMilk_10_page_6,872.4,285.9,965.0
10459006,stimulus_Arg_PISACowsMilk_10_page_6,872.6,285.9,966.0
10459007,stimulus_Arg_PISACowsMilk_10_page_6,872.7,286.0,966.0
10459008,stimulus_Arg_PISACowsMilk_10_page_6,872.3,286.2,966.0
10459009,stimulus_Arg_PISACowsMilk_10_page_6,871.2,286.4,966.0
10459010,stimulus_Arg_PISACowsMilk_10_page_6,869.8,286.5,966.0
10459011,stimulus_Arg_PISACowsMilk_10_page_6,868.1,286.6,966.0
10459012,stimulus_Arg_PISACowsMilk_10_page_6,866.0,286.8,966.0
10459013,stimulus_Arg_PISACowsMilk_10_page_6,863.8,287.4,966.0
10459014,stimulus_Arg_PISACowsMilk_10_page_6,861.9,287.9,965.0
10459015,stimulus_Arg_PISACowsMilk_10_page_6,861.0,288.6,965.0
10459016,stimulus_Arg_PISACowsMilk_10_page_6,860.6,289.0,966.0
10459017,stimulus_Arg_PISACowsMilk_10_page_6,860.5,289.5,967.0
10459018,stimulus_Arg_PISACowsMilk_10_page_6,860.4,290.0,969.0
10459019,stimulus_Arg_PISACowsMilk_10_page_6,860.4,290.3,971.0
10459020,stimulus_Arg_PISACowsMilk_10_page_6,861.0,290.6,971.0
10459021,stimulus_Arg_PISACowsMilk_10_page_6,861.7,290.6,970.0
10459022,stimulus_Arg_PISACowsMilk_10_page_6,862.7,290.4,969.0
10459023,stimulus_Arg_PISACowsMilk_10_page_6,863.3,290.3,970.0
10459024,stimulus_Arg_PISACowsMilk_10_page_6,863.9,290.2,970.0
10459025,stimulus_Arg_PISACowsMilk_10_page_6,864.3,290.3,971.0
10459026,stimulus_Arg_PISACowsMilk_10_page_6,864.8,290.4,971.0
10459027,stimulus_Arg_PISACowsMilk_10_page_6,865.4,290.4,971.0
10459028,stimulus_Arg_PISACowsMilk_10_page_6,865.8,290.2,971.0
10459029,stimulus_Arg_PISACowsMilk_10_page_6,865.9,289.8,971.0
10459030,stimulus_Arg_PISACowsMilk_10_page_6,865.9,289.3,971.0
10459031,stimulus_Arg_PISACowsMilk_10_page_6,865.8,288.9,972.0
10459032,stimulus_Arg_PISACowsMilk_10_page_6,865.8,288.5,971.0
10459033,stimulus_Arg_PISACowsMilk_10_page_6,865.8,288.3,971.0
10459034,stimulus_Arg_PISACowsMilk_10_page_6,865.8,288.3,970.0
10459035,stimulus_Arg_PISACowsMilk_10_page_6,865.8,288.3,970.0
10459036,stimulus_Arg_PISACowsMilk_10_page_6,865.8,288.3,970.0
10459037,stimulus_Arg_PISACowsMilk_10_page_6,865.8,288.3,970.0
10459038,stimulus_Arg_PISACowsMilk_10_page_6,865.9,288.4,969.0
10459039,stimulus_Arg_PISACowsMilk_10_page_6,865.9,288.4,969.0
10459040,stimulus_Arg_PISACowsMilk_10_page_6,866.0,288.5,968.0
10459041,stimulus_Arg_PISACowsMilk_10_page_6,866.0,288.6,968.0
10459042,stimulus_Arg_PISACowsMilk_10_page_6,866.0,288.6,968.0
10459043,stimulus_Arg_PISACowsMilk_10_page_6,866.0,288.4,968.0
10459044,stimulus_Arg_PISACowsMilk_10_page_6,866.0,287.8,968.0
10459045,stimulus_Arg_PISACowsMilk_10_page_6,865.7,287.3,968.0
10459046,stimulus_Arg_PISACowsMilk_10_page_6,865.4,286.9,967.0
10459047,stimulus_Arg_PISACowsMilk_10_page_6,865.1,286.8,968.0
10459048,stimulus_Arg_PISACowsMilk_10_page_6,865.3,286.8,969.0
10459049,stimulus_Arg_PISACowsMilk_10_page_6,865.5,286.6,970.0
10459050,stimulus_Arg_PISACowsMilk_10_page_6,865.7,286.5,971.0
10459051,stimulus_Arg_PISACowsMilk_10_page_6,865.8,286.1,971.0
10459052,stimulus_Arg_PISACowsMilk_10_page_6,865.8,285.8,971.0
10459053,stimulus_Arg_PISACowsMilk_10_page_6,865.8,285.6,971.0
10459054,stimulus_Arg_PISACowsMilk_10_page_6,865.8,285.6,971.0
10459055,stimulus_Arg_PISACowsMilk_10_page_6,865.7,285.5,971.0
10459056,stimulus_Arg_PISACowsMilk_10_page_6,865.7,285.5,972.0
10459057,stimulus_Arg_PISACowsMilk_10_page_6,865.5,285.5,972.0
10459058,stimulus_Arg_PISACowsMilk_10_page_6,865.5,285.4,972.0
10459059,stimulus_Arg_PISACowsMilk_10_page_6,865.4,285.3,973.0
10459060,stimulus_Arg_PISACowsMilk_10_page_6,865.5,285.6,973.0
10459061,stimulus_Arg_PISACowsMilk_10_page_6,865.6,286.0,972.0
10459062,stimulus_Arg_PISACowsMilk_10_page_6,865.7,286.4,971.0
10459063,stimulus_Arg_PISACowsMilk_10_page_6,865.7,286.5,971.0
10459064,stimulus_Arg_PISACowsMilk_10_page_6,865.9,286.7,971.0
10459065,stimulus_Arg_PISACowsMilk_10_page_6,866.2,287.0,970.0
10459066,stimulus_Arg_PISACowsMilk_10_page_6,866.4,287.3,969.0
10459067,stimulus_Arg_PISACowsMilk_10_page_6,866.4,287.6,969.0
10459068,stimulus_Arg_PISACowsMilk_10_page_6,866.2,287.8,970.0
10459069,stimulus_Arg_PISACowsMilk_10_page_6,866.0,287.6,971.0
10459070,stimulus_Arg_PISACowsMilk_10_page_6,865.8,287.4,973.0
10459071,stimulus_Arg_PISACowsMilk_10_page_6,865.7,287.4,972.0
10459072,stimulus_Arg_PISACowsMilk_10_page_6,865.8,287.7,972.0
10459073,stimulus_Arg_PISACowsMilk_10_page_6,865.9,288.0,971.0
10459074,stimulus_Arg_PISACowsMilk_10_page_6,865.9,288.1,972.0
10459075,stimulus_Arg_PISACowsMilk_10_page_6,865.9,288.3,972.0
10459076,stimulus_Arg_PISACowsMilk_10_page_6,866.1,288.4,971.0
10459077,stimulus_Arg_PISACowsMilk_10_page_6,866.4,288.5,971.0
10459078,stimulus_Arg_PISACowsMilk_10_page_6,866.7,288.7,971.0
10459079,stimulus_Arg_PISACowsMilk_10_page_6,867.0,289.0,971.0
10459080,stimulus_Arg_PISACowsMilk_10_page_6,867.3,289.2,970.0
10459081,stimulus_Arg_PISACowsMilk_10_page_6,867.6,289.2,970.0
10459082,stimulus_Arg_PISACowsMilk_10_page_6,867.5,289.2,971.0
10459083,stimulus_Arg_PISACowsMilk_10_page_6,867.5,289.2,971.0
10459084,stimulus_Arg_PISACowsMilk_10_page_6,867.5,289.3,972.0
10459085,stimulus_Arg_PISACowsMilk_10_page_6,867.6,289.6,972.0
10459086,stimulus_Arg_PISACowsMilk_10_page_6,867.6,289.9,972.0
10459087,stimulus_Arg_PISACowsMilk_10_page_6,867.7,290.2,971.0
10459088,stimulus_Arg_PISACowsMilk_10_page_6,867.6,290.2,971.0
10459089,stimulus_Arg_PISACowsMilk_10_page_6,867.5,290.1,971.0
10459090,stimulus_Arg_PISACowsMilk_10_page_6,867.5,289.9,971.0
10459091,stimulus_Arg_PISACowsMilk_10_page_6,867.6,290.2,971.0
10459092,stimulus_Arg_PISACowsMilk_10_page_6,867.6,290.7,971.0
10459093,stimulus_Arg_PISACowsMilk_10_page_6,867.7,291.2,971.0
10459094,stimulus_Arg_PISACowsMilk_10_page_6,867.7,291.4,971.0
10459095,stimulus_Arg_PISACowsMilk_10_page_6,867.7,291.6,971.0
10459096,stimulus_Arg_PISACowsMilk_10_page_6,867.6,291.6,971.0
10459097,stimulus_Arg_PISACowsMilk_10_page_6,867.5,291.6,970.0
10459098,stimulus_Arg_PISACowsMilk_10_page_6,867.4,291.6,969.0
10459099,stimulus_Arg_PISACowsMilk_10_page_6,867.4,291.4,969.0
10459100,stimulus_Arg_PISACowsMilk_10_page_6,867.5,291.2,970.0
10459101,stimulus_Arg_PISACowsMilk_10_page_6,867.5,290.9,970.0
10459102,stimulus_Arg_PISACowsMilk_10_page_6,867.6,290.9,970.0
10459103,stimulus_Arg_PISACowsMilk_10_page_6,867.7,290.8,971.0
10459104,stimulus_Arg_PISACowsMilk_10_page_6,867.7,290.8,971.0
10459105,stimulus_Arg_PISACowsMilk_10_page_6,867.7,290.7,971.0
10459106,stimulus_Arg_PISACowsMilk_10_page_6,867.7,290.6,971.0
10459107,stimulus_Arg_PISACowsMilk_10_page_6,867.9,290.8,971.0
10459108,stimulus_Arg_PISACowsMilk_10_page_6,867.9,291.0,970.0
10459109,stimulus_Arg_PISACowsMilk_10_page_6,867.9,291.3,969.0
10459110,stimulus_Arg_PISACowsMilk_10_page_6,867.8,291.6,969.0
10459111,stimulus_Arg_PISACowsMilk_10_page_6,867.6,291.8,970.0
10459112,stimulus_Arg_PISACowsMilk_10_page_6,867.5,291.9,971.0
10459113,stimulus_Arg_PISACowsMilk_10_page_6,867.4,292.0,971.0
10459114,stimulus_Arg_PISACowsMilk_10_page_6,867.2,292.1,971.0
10459115,stimulus_Arg_PISACowsMilk_10_page_6,867.0,292.3,971.0
10459116,stimulus_Arg_PISACowsMilk_10_page_6,866.8,292.5,971.0
10459117,stimulus_Arg_PISACowsMilk_10_page_6,866.7,292.7,971.0
10459118,stimulus_Arg_PISACowsMilk_10_page_6,866.6,293.0,970.0
10459119,stimulus_Arg_PISACowsMilk_10_page_6,866.6,293.3,968.0
10459120,stimulus_Arg_PISACowsMilk_10_page_6,866.5,293.6,967.0
10459121,stimulus_Arg_PISACowsMilk_10_page_6,866.4,293.6,967.0
10459122,stimulus_Arg_PISACowsMilk_10_page_6,866.4,293.5,968.0
10459123,stimulus_Arg_PISACowsMilk_10_page_6,866.3,293.5,968.0
10459124,stimulus_Arg_PISACowsMilk_10_page_6,866.4,293.5,968.0
10459125,stimulus_Arg_PISACowsMilk_10_page_6,866.4,293.5,968.0
10459126,stimulus_Arg_PISACowsMilk_10_page_6,866.5,293.3,968.0
10459127,stimulus_Arg_PISACowsMilk_10_page_6,866.4,293.2,968.0
10459128,stimulus_Arg_PISACowsMilk_10_page_6,866.2,293.3,968.0
10459129,stimulus_Arg_PISACowsMilk_10_page_6,866.0,293.4,967.0
10459130,stimulus_Arg_PISACowsMilk_10_page_6,866.1,293.6,967.0
10459131,stimulus_Arg_PISACowsMilk_10_page_6,866.3,293.7,967.0
10459132,stimulus_Arg_PISACowsMilk_10_page_6,866.4,293.9,967.0
10459133,stimulus_Arg_PISACowsMilk_10_page_6,866.3,294.0,967.0
10459134,stimulus_Arg_PISACowsMilk_10_page_6,866.2,294.0,968.0
10459135,stimulus_Arg_PISACowsMilk_10_page_6,866.0,294.1,970.0
10459136,stimulus_Arg_PISACowsMilk_10_page_6,865.9,294.3,971.0
10459137,stimulus_Arg_PISACowsMilk_10_page_6,865.8,294.4,972.0
10459138,stimulus_Arg_PISACowsMilk_10_page_6,866.0,294.0,971.0
10459139,stimulus_Arg_PISACowsMilk_10_page_6,866.1,293.6,971.0
10459140,stimulus_Arg_PISACowsMilk_10_page_6,866.0,293.4,971.0
10459141,stimulus_Arg_PISACowsMilk_10_page_6,866.0,293.6,971.0
10459142,stimulus_Arg_PISACowsMilk_10_page_6,866.1,293.8,970.0
10459143,stimulus_Arg_PISACowsMilk_10_page_6,866.1,293.8,969.0
10459144,stimulus_Arg_PISACowsMilk_10_page_6,866.3,293.8,967.0
10459145,stimulus_Arg_PISACowsMilk_10_page_6,866.5,293.9,966.0
10459146,stimulus_Arg_PISACowsMilk_10_page_6,866.7,293.9,966.0
10459147,stimulus_Arg_PISACowsMilk_10_page_6,866.9,294.0,967.0
10459148,stimulus_Arg_PISACowsMilk_10_page_6,867.1,294.0,968.0
10459149,stimulus_Arg_PISACowsMilk_10_page_6,867.3,293.7,968.0
10459150,stimulus_Arg_PISACowsMilk_10_page_6,867.2,293.4,969.0
10459151,stimulus_Arg_PISACowsMilk_10_page_6,867.1,293.2,969.0
10459152,stimulus_Arg_PISACowsMilk_10_page_6,867.0,293.4,970.0
10459153,stimulus_Arg_PISACowsMilk_10_page_6,866.9,293.6,970.0
10459154,stimulus_Arg_PISACowsMilk_10_page_6,867.2,293.6,970.0
10459155,stimulus_Arg_PISACowsMilk_10_page_6,867.5,293.5,970.0
10459156,stimulus_Arg_PISACowsMilk_10_page_6,867.6,293.3,969.0
10459157,stimulus_Arg_PISACowsMilk_10_page_6,867.4,293.1,969.0
10459158,stimulus_Arg_PISACowsMilk_10_page_6,867.3,293.1,969.0
10459159,stimulus_Arg_PISACowsMilk_10_page_6,867.3,293.2,969.0
10459160,stimulus_Arg_PISACowsMilk_10_page_6,867.4,293.3,969.0
10459161,stimulus_Arg_PISACowsMilk_10_page_6,867.4,293.4,969.0
10459162,stimulus_Arg_PISACowsMilk_10_page_6,867.4,293.4,969.0
10459163,stimulus_Arg_PISACowsMilk_10_page_6,867.4,293.4,970.0
10459164,stimulus_Arg_PISACowsMilk_10_page_6,867.1,293.4,970.0
10459165,stimulus_Arg_PISACowsMilk_10_page_6,866.9,293.3,970.0
10459166,stimulus_Arg_PISACowsMilk_10_page_6,866.8,293.2,970.0
10459167,stimulus_Arg_PISACowsMilk_10_page_6,867.0,293.2,970.0
10459168,stimulus_Arg_PISACowsMilk_10_page_6,867.2,292.7,970.0
10459169,stimulus_Arg_PISACowsMilk_10_page_6,867.3,292.2,971.0
10459170,stimulus_Arg_PISACowsMilk_10_page_6,867.3,292.0,971.0
10459171,stimulus_Arg_PISACowsMilk_10_page_6,867.4,292.4,971.0
10459172,stimulus_Arg_PISACowsMilk_10_page_6,867.4,292.9,970.0
10459173,stimulus_Arg_PISACowsMilk_10_page_6,867.4,292.9,970.0
10459174,stimulus_Arg_PISACowsMilk_10_page_6,867.4,293.0,970.0
10459175,stimulus_Arg_PISACowsMilk_10_page_6,867.4,293.1,969.0
10459176,stimulus_Arg_PISACowsMilk_10_page_6,867.6,293.1,969.0
10459177,stimulus_Arg_PISACowsMilk_10_page_6,867.9,293.1,968.0
10459178,stimulus_Arg_PISACowsMilk_10_page_6,868.0,293.1,968.0
10459179,stimulus_Arg_PISACowsMilk_10_page_6,867.7,293.3,969.0
10459180,stimulus_Arg_PISACowsMilk_10_page_6,867.4,293.5,970.0
10459181,stimulus_Arg_PISACowsMilk_10_page_6,867.3,293.8,972.0
10459182,stimulus_Arg_PISACowsMilk_10_page_6,867.3,294.1,972.0
10459183,stimulus_Arg_PISACowsMilk_10_page_6,868.0,294.8,973.0
10459184,stimulus_Arg_PISACowsMilk_10_page_6,869.6,295.7,973.0
10459185,stimulus_Arg_PISACowsMilk_10_page_6,872.7,296.9,973.0
10459186,stimulus_Arg_PISACowsMilk_10_page_6,877.1,297.7,973.0
10459187,stimulus_Arg_PISACowsMilk_10_page_6,881.9,298.2,973.0
10459188,stimulus_Arg_PISACowsMilk_10_page_6,887.0,298.4,974.0
10459189,stimulus_Arg_PISACowsMilk_10_page_6,893.7,298.8,974.0
10459190,stimulus_Arg_PISACowsMilk_10_page_6,901.8,299.1,976.0
10459191,stimulus_Arg_PISACowsMilk_10_page_6,911.2,299.5,977.0
10459192,stimulus_Arg_PISACowsMilk_10_page_6,920.6,300.1,977.0
10459193,stimulus_Arg_PISACowsMilk_10_page_6,929.3,300.5,978.0
10459194,stimulus_Arg_PISACowsMilk_10_page_6,937.6,300.7,978.0
10459195,stimulus_Arg_PISACowsMilk_10_page_6,945.5,300.6,978.0
10459196,stimulus_Arg_PISACowsMilk_10_page_6,952.3,300.6,976.0
10459197,stimulus_Arg_PISACowsMilk_10_page_6,959.5,300.9,976.0
10459198,stimulus_Arg_PISACowsMilk_10_page_6,965.6,301.0,977.0
10459199,stimulus_Arg_PISACowsMilk_10_page_6,971.2,300.9,976.0
10459200,stimulus_Arg_PISACowsMilk_10_page_6,975.0,300.4,973.0
10459201,stimulus_Arg_PISACowsMilk_10_page_6,978.5,300.1,969.0
10459202,stimulus_Arg_PISACowsMilk_10_page_6,982.9,299.8,966.0
10459203,stimulus_Arg_PISACowsMilk_10_page_6,986.0,299.8,964.0
10459204,stimulus_Arg_PISACowsMilk_10_page_6,987.4,299.7,965.0
10459205,stimulus_Arg_PISACowsMilk_10_page_6,986.6,299.6,964.0
10459206,stimulus_Arg_PISACowsMilk_10_page_6,985.6,299.4,962.0
10459207,stimulus_Arg_PISACowsMilk_10_page_6,983.1,299.2,959.0
10459208,stimulus_Arg_PISACowsMilk_10_page_6,980.8,299.1,958.0
10459209,stimulus_Arg_PISACowsMilk_10_page_6,977.7,299.0,958.0
10459210,stimulus_Arg_PISACowsMilk_10_page_6,975.0,298.4,957.0
10459211,stimulus_Arg_PISACowsMilk_10_page_6,971.9,297.9,958.0
10459212,stimulus_Arg_PISACowsMilk_10_page_6,968.4,297.3,958.0
10459213,stimulus_Arg_PISACowsMilk_10_page_6,964.8,296.9,959.0
10459214,stimulus_Arg_PISACowsMilk_10_page_6,961.7,296.6,961.0
10459215,stimulus_Arg_PISACowsMilk_10_page_6,959.3,296.6,962.0
10459216,stimulus_Arg_PISACowsMilk_10_page_6,957.9,296.8,963.0
10459217,stimulus_Arg_PISACowsMilk_10_page_6,956.8,297.1,964.0
10459218,stimulus_Arg_PISACowsMilk_10_page_6,956.3,297.6,966.0
10459219,stimulus_Arg_PISACowsMilk_10_page_6,956.2,298.1,968.0
10459220,stimulus_Arg_PISACowsMilk_10_page_6,956.2,298.6,969.0
10459221,stimulus_Arg_PISACowsMilk_10_page_6,956.9,298.9,969.0
10459222,stimulus_Arg_PISACowsMilk_10_page_6,958.1,299.5,969.0
10459223,stimulus_Arg_PISACowsMilk_10_page_6,959.8,300.2,970.0
10459224,stimulus_Arg_PISACowsMilk_10_page_6,961.5,300.5,970.0
10459225,stimulus_Arg_PISACowsMilk_10_page_6,963.0,300.4,969.0
10459226,stimulus_Arg_PISACowsMilk_10_page_6,964.3,300.4,969.0
10459227,stimulus_Arg_PISACowsMilk_10_page_6,965.0,300.6,969.0
10459228,stimulus_Arg_PISACowsMilk_10_page_6,966.1,300.7,969.0
10459229,stimulus_Arg_PISACowsMilk_10_page_6,966.8,300.8,968.0
10459230,stimulus_Arg_PISACowsMilk_10_page_6,967.8,300.8,968.0
10459231,stimulus_Arg_PISACowsMilk_10_page_6,968.3,300.8,967.0
10459232,stimulus_Arg_PISACowsMilk_10_page_6,968.5,300.8,967.0
10459233,stimulus_Arg_PISACowsMilk_10_page_6,968.5,300.7,966.0
10459234,stimulus_Arg_PISACowsMilk_10_page_6,968.4,300.5,967.0
10459235,stimulus_Arg_PISACowsMilk_10_page_6,968.3,300.5,967.0
10459236,stimulus_Arg_PISACowsMilk_10_page_6,968.7,300.5,967.0
10459237,stimulus_Arg_PISACowsMilk_10_page_6,969.1,300.6,967.0
10459238,stimulus_Arg_PISACowsMilk_10_page_6,969.6,300.6,967.0
10459239,stimulus_Arg_PISACowsMilk_10_page_6,969.7,300.6,966.0
10459240,stimulus_Arg_PISACowsMilk_10_page_6,969.7,300.6,966.0
10459241,stimulus_Arg_PISACowsMilk_10_page_6,969.6,300.6,967.0
10459242,stimulus_Arg_PISACowsMilk_10_page_6,969.8,300.7,967.0
10459243,stimulus_Arg_PISACowsMilk_10_page_6,970.2,300.9,966.0
10459244,stimulus_Arg_PISACowsMilk_10_page_6,970.2,300.9,965.0
10459245,stimulus_Arg_PISACowsMilk_10_page_6,970.0,300.9,965.0
10459246,stimulus_Arg_PISACowsMilk_10_page_6,969.9,301.3,966.0
10459247,stimulus_Arg_PISACowsMilk_10_page_6,970.0,301.7,967.0
10459248,stimulus_Arg_PISACowsMilk_10_page_6,969.9,302.2,967.0
10459249,stimulus_Arg_PISACowsMilk_10_page_6,969.7,302.1,967.0
10459250,stimulus_Arg_PISACowsMilk_10_page_6,969.4,302.0,966.0
10459251,stimulus_Arg_PISACowsMilk_10_page_6,969.4,302.0,965.0
10459252,stimulus_Arg_PISACowsMilk_10_page_6,969.4,301.7,964.0
10459253,stimulus_Arg_PISACowsMilk_10_page_6,969.4,301.5,964.0
10459254,stimulus_Arg_PISACowsMilk_10_page_6,969.4,301.3,964.0
10459255,stimulus_Arg_PISACowsMilk_10_page_6,969.4,301.4,964.0
10459256,stimulus_Arg_PISACowsMilk_10_page_6,969.2,301.5,964.0
10459257,stimulus_Arg_PISACowsMilk_10_page_6,969.0,301.5,964.0
10459258,stimulus_Arg_PISACowsMilk_10_page_6,968.7,301.7,965.0
10459259,stimulus_Arg_PISACowsMilk_10_page_6,968.7,301.9,965.0
10459260,stimulus_Arg_PISACowsMilk_10_page_6,968.7,302.1,966.0
10459261,stimulus_Arg_PISACowsMilk_10_page_6,968.6,302.1,965.0
10459262,stimulus_Arg_PISACowsMilk_10_page_6,968.5,302.4,966.0
10459263,stimulus_Arg_PISACowsMilk_10_page_6,968.3,302.6,966.0
10459264,stimulus_Arg_PISACowsMilk_10_page_6,968.3,303.0,967.0
10459265,stimulus_Arg_PISACowsMilk_10_page_6,968.3,303.1,967.0
10459266,stimulus_Arg_PISACowsMilk_10_page_6,968.5,303.3,967.0
10459267,stimulus_Arg_PISACowsMilk_10_page_6,968.7,303.3,966.0
10459268,stimulus_Arg_PISACowsMilk_10_page_6,969.0,303.4,966.0
10459269,stimulus_Arg_PISACowsMilk_10_page_6,969.2,303.6,967.0
10459270,stimulus_Arg_PISACowsMilk_10_page_6,969.2,303.9,967.0
10459271,stimulus_Arg_PISACowsMilk_10_page_6,969.2,304.2,967.0
10459272,stimulus_Arg_PISACowsMilk_10_page_6,969.3,304.3,966.0
10459273,stimulus_Arg_PISACowsMilk_10_page_6,969.4,304.2,966.0
10459274,stimulus_Arg_PISACowsMilk_10_page_6,969.7,304.2,966.0
10459275,stimulus_Arg_PISACowsMilk_10_page_6,969.8,304.1,966.0
10459276,stimulus_Arg_PISACowsMilk_10_page_6,970.0,304.2,966.0
10459277,stimulus_Arg_PISACowsMilk_10_page_6,970.1,304.3,966.0
10459278,stimulus_Arg_PISACowsMilk_10_page_6,970.0,304.4,966.0
10459279,stimulus_Arg_PISACowsMilk_10_page_6,970.1,304.9,966.0
10459280,stimulus_Arg_PISACowsMilk_10_page_6,970.1,305.4,967.0
10459281,stimulus_Arg_PISACowsMilk_10_page_6,970.2,305.8,968.0
10459282,stimulus_Arg_PISACowsMilk_10_page_6,970.1,305.9,969.0
10459283,stimulus_Arg_PISACowsMilk_10_page_6,970.0,306.0,969.0
10459284,stimulus_Arg_PISACowsMilk_10_page_6,969.9,305.4,970.0
10459285,stimulus_Arg_PISACowsMilk_10_page_6,969.8,304.8,971.0
10459286,stimulus_Arg_PISACowsMilk_10_page_6,969.8,304.4,971.0
10459287,stimulus_Arg_PISACowsMilk_10_page_6,969.7,304.7,971.0
10459288,stimulus_Arg_PISACowsMilk_10_page_6,969.7,305.0,971.0
10459289,stimulus_Arg_PISACowsMilk_10_page_6,969.7,305.0,970.0
10459290,stimulus_Arg_PISACowsMilk_10_page_6,969.7,305.4,970.0
10459291,stimulus_Arg_PISACowsMilk_10_page_6,969.6,306.0,971.0
10459292,stimulus_Arg_PISACowsMilk_10_page_6,969.6,306.7,971.0
10459293,stimulus_Arg_PISACowsMilk_10_page_6,969.7,307.0,971.0
10459294,stimulus_Arg_PISACowsMilk_10_page_6,969.7,307.0,971.0
10459295,stimulus_Arg_PISACowsMilk_10_page_6,969.6,306.6,971.0
10459296,stimulus_Arg_PISACowsMilk_10_page_6,969.6,305.9,971.0
10459297,stimulus_Arg_PISACowsMilk_10_page_6,969.4,305.0,970.0
10459298,stimulus_Arg_PISACowsMilk_10_page_6,969.4,304.3,970.0
10459299,stimulus_Arg_PISACowsMilk_10_page_6,969.3,303.9,969.0
10459300,stimulus_Arg_PISACowsMilk_10_page_6,969.3,303.2,969.0
10459301,stimulus_Arg_PISACowsMilk_10_page_6,969.2,302.6,968.0
10459302,stimulus_Arg_PISACowsMilk_10_page_6,969.2,302.0,967.0
10459303,stimulus_Arg_PISACowsMilk_10_page_6,969.2,301.9,966.0
10459304,stimulus_Arg_PISACowsMilk_10_page_6,968.9,301.7,966.0
10459305,stimulus_Arg_PISACowsMilk_10_page_6,968.7,301.6,966.0
10459306,stimulus_Arg_PISACowsMilk_10_page_6,968.5,301.6,966.0
10459307,stimulus_Arg_PISACowsMilk_10_page_6,968.5,301.6,966.0
10459308,stimulus_Arg_PISACowsMilk_10_page_6,968.2,301.1,966.0
10459309,stimulus_Arg_PISACowsMilk_10_page_6,968.0,300.6,966.0
10459310,stimulus_Arg_PISACowsMilk_10_page_6,968.0,300.0,966.0
10459311,stimulus_Arg_PISACowsMilk_10_page_6,968.3,299.8,967.0
10459312,stimulus_Arg_PISACowsMilk_10_page_6,968.5,299.6,967.0
10459313,stimulus_Arg_PISACowsMilk_10_page_6,968.7,299.6,968.0
10459314,stimulus_Arg_PISACowsMilk_10_page_6,968.8,299.7,968.0
10459315,stimulus_Arg_PISACowsMilk_10_page_6,968.9,299.6,969.0
10459316,stimulus_Arg_PISACowsMilk_10_page_6,969.0,299.5,970.0
10459317,stimulus_Arg_PISACowsMilk_10_page_6,969.0,299.4,970.0
10459318,stimulus_Arg_PISACowsMilk_10_page_6,968.6,299.4,971.0
10459319,stimulus_Arg_PISACowsMilk_10_page_6,968.0,299.3,971.0
10459320,stimulus_Arg_PISACowsMilk_10_page_6,967.5,299.2,971.0
10459321,stimulus_Arg_PISACowsMilk_10_page_6,967.6,299.3,973.0
10459322,stimulus_Arg_PISACowsMilk_10_page_6,967.7,299.4,974.0
10459323,stimulus_Arg_PISACowsMilk_10_page_6,967.9,299.7,976.0
10459324,stimulus_Arg_PISACowsMilk_10_page_6,967.9,299.9,975.0
10459325,stimulus_Arg_PISACowsMilk_10_page_6,968.0,299.7,974.0
10459326,stimulus_Arg_PISACowsMilk_10_page_6,968.3,299.4,974.0
10459327,stimulus_Arg_PISACowsMilk_10_page_6,968.6,299.1,974.0
10459328,stimulus_Arg_PISACowsMilk_10_page_6,968.9,299.3,974.0
10459329,stimulus_Arg_PISACowsMilk_10_page_6,968.8,299.4,975.0
10459330,stimulus_Arg_PISACowsMilk_10_page_6,968.5,299.3,975.0
10459331,stimulus_Arg_PISACowsMilk_10_page_6,968.4,299.2,975.0
10459332,stimulus_Arg_PISACowsMilk_10_page_6,968.2,299.5,976.0
10459333,stimulus_Arg_PISACowsMilk_10_page_6,968.0,299.8,975.0
10459334,stimulus_Arg_PISACowsMilk_10_page_6,967.9,300.2,975.0
10459335,stimulus_Arg_PISACowsMilk_10_page_6,967.5,300.2,975.0
10459336,stimulus_Arg_PISACowsMilk_10_page_6,967.3,299.9,975.0
10459337,stimulus_Arg_PISACowsMilk_10_page_6,967.1,299.6,975.0
10459338,stimulus_Arg_PISACowsMilk_10_page_6,967.1,299.6,976.0
10459339,stimulus_Arg_PISACowsMilk_10_page_6,967.1,299.9,977.0
10459340,stimulus_Arg_PISACowsMilk_10_page_6,967.2,300.1,978.0
10459341,stimulus_Arg_PISACowsMilk_10_page_6,967.3,300.1,979.0
10459342,stimulus_Arg_PISACowsMilk_10_page_6,967.2,300.2,979.0
10459343,stimulus_Arg_PISACowsMilk_10_page_6,967.0,300.5,979.0
10459344,stimulus_Arg_PISACowsMilk_10_page_6,966.9,300.7,979.0
10459345,stimulus_Arg_PISACowsMilk_10_page_6,966.5,300.8,979.0
10459346,stimulus_Arg_PISACowsMilk_10_page_6,965.8,300.6,979.0
10459347,stimulus_Arg_PISACowsMilk_10_page_6,965.2,300.5,979.0
10459348,stimulus_Arg_PISACowsMilk_10_page_6,964.9,300.3,978.0
10459349,stimulus_Arg_PISACowsMilk_10_page_6,964.8,300.2,977.0
10459350,stimulus_Arg_PISACowsMilk_10_page_6,964.8,300.2,976.0
10459351,stimulus_Arg_PISACowsMilk_10_page_6,964.8,300.5,975.0
10459352,stimulus_Arg_PISACowsMilk_10_page_6,965.1,300.9,975.0
10459353,stimulus_Arg_PISACowsMilk_10_page_6,965.8,301.7,975.0
10459354,stimulus_Arg_PISACowsMilk_10_page_6,966.5,302.6,975.0
10459355,stimulus_Arg_PISACowsMilk_10_page_6,967.2,303.7,975.0
10459356,stimulus_Arg_PISACowsMilk_10_page_6,967.3,304.2,975.0
10459357,stimulus_Arg_PISACowsMilk_10_page_6,967.4,304.4,976.0
10459358,stimulus_Arg_PISACowsMilk_10_page_6,967.3,304.1,979.0
10459359,stimulus_Arg_PISACowsMilk_10_page_6,967.2,303.1,981.0
10459360,stimulus_Arg_PISACowsMilk_10_page_6,967.1,302.4,982.0
10459361,stimulus_Arg_PISACowsMilk_10_page_6,966.9,301.6,983.0
10459362,stimulus_Arg_PISACowsMilk_10_page_6,966.4,301.3,983.0
10459363,stimulus_Arg_PISACowsMilk_10_page_6,966.0,301.0,983.0
10459364,stimulus_Arg_PISACowsMilk_10_page_6,965.6,300.9,983.0
10459365,stimulus_Arg_PISACowsMilk_10_page_6,965.7,300.5,982.0
10459366,stimulus_Arg_PISACowsMilk_10_page_6,965.6,300.1,981.0
10459367,stimulus_Arg_PISACowsMilk_10_page_6,965.5,299.7,981.0
10459368,stimulus_Arg_PISACowsMilk_10_page_6,965.2,299.7,982.0
10459369,stimulus_Arg_PISACowsMilk_10_page_6,965.1,299.7,983.0
10459370,stimulus_Arg_PISACowsMilk_10_page_6,964.3,299.7,983.0
10459371,stimulus_Arg_PISACowsMilk_10_page_6,963.6,299.7,983.0
10459372,stimulus_Arg_PISACowsMilk_10_page_6,963.2,300.2,982.0
10459373,stimulus_Arg_PISACowsMilk_10_page_6,963.7,300.8,980.0
10459374,stimulus_Arg_PISACowsMilk_10_page_6,964.3,301.7,978.0
10459375,stimulus_Arg_PISACowsMilk_10_page_6,965.1,303.4,978.0
10459376,stimulus_Arg_PISACowsMilk_10_page_6,965.6,305.0,981.0
10459377,stimulus_Arg_PISACowsMilk_10_page_6,966.0,305.7,984.0
10459378,stimulus_Arg_PISACowsMilk_10_page_6,965.8,304.3,985.0
10459379,stimulus_Arg_PISACowsMilk_10_page_6,965.5,303.0,984.0
10459380,stimulus_Arg_PISACowsMilk_10_page_6,965.1,302.2,983.0
10459381,stimulus_Arg_PISACowsMilk_10_page_6,964.9,301.7,983.0
10459382,stimulus_Arg_PISACowsMilk_10_page_6,964.7,301.0,983.0
10459383,stimulus_Arg_PISACowsMilk_10_page_6,964.5,300.3,983.0
10459384,stimulus_Arg_PISACowsMilk_10_page_6,964.3,300.1,984.0
10459385,stimulus_Arg_PISACowsMilk_10_page_6,964.1,300.1,986.0
10459386,stimulus_Arg_PISACowsMilk_10_page_6,963.5,300.2,987.0
10459387,stimulus_Arg_PISACowsMilk_10_page_6,963.0,300.2,986.0
10459388,stimulus_Arg_PISACowsMilk_10_page_6,963.1,300.3,985.0
10459389,stimulus_Arg_PISACowsMilk_10_page_6,963.6,300.5,984.0
10459390,stimulus_Arg_PISACowsMilk_10_page_6,964.7,301.6,983.0
10459391,stimulus_Arg_PISACowsMilk_10_page_6,965.9,302.6,985.0
10459392,stimulus_Arg_PISACowsMilk_10_page_6,966.8,303.5,987.0
10459393,stimulus_Arg_PISACowsMilk_10_page_6,966.7,303.4,988.0
10459394,stimulus_Arg_PISACowsMilk_10_page_6,965.6,303.1,988.0
10459395,stimulus_Arg_PISACowsMilk_10_page_6,964.0,302.6,988.0
10459396,stimulus_Arg_PISACowsMilk_10_page_6,962.5,302.0,987.0
10459397,stimulus_Arg_PISACowsMilk_10_page_6,961.8,300.9,986.0
10459398,stimulus_Arg_PISACowsMilk_10_page_6,961.6,300.1,985.0
10459399,stimulus_Arg_PISACowsMilk_10_page_6,962.0,299.5,983.0
10459400,stimulus_Arg_PISACowsMilk_10_page_6,962.3,299.2,983.0
10459401,stimulus_Arg_PISACowsMilk_10_page_6,962.6,298.8,983.0
10459402,stimulus_Arg_PISACowsMilk_10_page_6,962.6,298.4,983.0
10459403,stimulus_Arg_PISACowsMilk_10_page_6,962.6,298.4,984.0
10459404,stimulus_Arg_PISACowsMilk_10_page_6,962.5,298.6,985.0
10459405,stimulus_Arg_PISACowsMilk_10_page_6,962.4,298.9,986.0
10459406,stimulus_Arg_PISACowsMilk_10_page_6,962.2,299.1,987.0
10459407,stimulus_Arg_PISACowsMilk_10_page_6,962.2,299.3,987.0
10459408,stimulus_Arg_PISACowsMilk_10_page_6,962.2,299.4,986.0
10459409,stimulus_Arg_PISACowsMilk_10_page_6,961.9,299.5,988.0
10459410,stimulus_Arg_PISACowsMilk_10_page_6,961.4,299.5,990.0
10459411,stimulus_Arg_PISACowsMilk_10_page_6,961.0,299.3,992.0
10459412,stimulus_Arg_PISACowsMilk_10_page_6,961.2,299.1,991.0
10459413,stimulus_Arg_PISACowsMilk_10_page_6,961.4,299.0,988.0
10459414,stimulus_Arg_PISACowsMilk_10_page_6,961.5,299.4,987.0
10459415,stimulus_Arg_PISACowsMilk_10_page_6,961.7,300.3,985.0
10459416,stimulus_Arg_PISACowsMilk_10_page_6,962.1,301.2,986.0
10459417,stimulus_Arg_PISACowsMilk_10_page_6,963.0,301.5,987.0
10459418,stimulus_Arg_PISACowsMilk_10_page_6,963.7,301.4,989.0
10459419,stimulus_Arg_PISACowsMilk_10_page_6,963.9,301.3,990.0
10459420,stimulus_Arg_PISACowsMilk_10_page_6,962.8,301.0,991.0
10459421,stimulus_Arg_PISACowsMilk_10_page_6,961.8,300.3,991.0
10459422,stimulus_Arg_PISACowsMilk_10_page_6,960.8,299.2,990.0
10459423,stimulus_Arg_PISACowsMilk_10_page_6,960.6,298.6,989.0
10459424,stimulus_Arg_PISACowsMilk_10_page_6,960.3,298.9,988.0
10459425,stimulus_Arg_PISACowsMilk_10_page_6,960.9,299.9,988.0
10459426,stimulus_Arg_PISACowsMilk_10_page_6,961.5,300.8,989.0
10459427,stimulus_Arg_PISACowsMilk_10_page_6,962.0,301.0,988.0
10459428,stimulus_Arg_PISACowsMilk_10_page_6,961.9,300.8,990.0
10459429,stimulus_Arg_PISACowsMilk_10_page_6,961.7,300.3,992.0
10459430,stimulus_Arg_PISACowsMilk_10_page_6,961.9,299.7,994.0
10459431,stimulus_Arg_PISACowsMilk_10_page_6,962.1,299.0,993.0
10459432,stimulus_Arg_PISACowsMilk_10_page_6,962.3,298.6,993.0
10459433,stimulus_Arg_PISACowsMilk_10_page_6,962.6,298.1,992.0
10459434,stimulus_Arg_PISACowsMilk_10_page_6,962.9,297.8,991.0
10459435,stimulus_Arg_PISACowsMilk_10_page_6,963.2,297.6,990.0
10459436,stimulus_Arg_PISACowsMilk_10_page_6,963.1,297.8,990.0
10459437,stimulus_Arg_PISACowsMilk_10_page_6,962.9,298.0,991.0
10459438,stimulus_Arg_PISACowsMilk_10_page_6,962.6,297.9,992.0
10459439,stimulus_Arg_PISACowsMilk_10_page_6,962.3,297.6,993.0
10459440,stimulus_Arg_PISACowsMilk_10_page_6,962.0,297.3,993.0
10459441,stimulus_Arg_PISACowsMilk_10_page_6,961.8,297.2,994.0
10459442,stimulus_Arg_PISACowsMilk_10_page_6,961.7,297.1,994.0
10459443,stimulus_Arg_PISACowsMilk_10_page_6,961.4,297.1,994.0
10459444,stimulus_Arg_PISACowsMilk_10_page_6,961.1,298.0,994.0
10459445,stimulus_Arg_PISACowsMilk_10_page_6,960.9,298.9,995.0
10459446,stimulus_Arg_PISACowsMilk_10_page_6,961.4,299.7,993.0
10459447,stimulus_Arg_PISACowsMilk_10_page_6,962.0,300.1,991.0
10459448,stimulus_Arg_PISACowsMilk_10_page_6,962.6,300.5,989.0
10459449,stimulus_Arg_PISACowsMilk_10_page_6,962.8,301.0,990.0
10459450,stimulus_Arg_PISACowsMilk_10_page_6,963.1,301.1,992.0
10459451,stimulus_Arg_PISACowsMilk_10_page_6,963.4,301.3,995.0
10459452,stimulus_Arg_PISACowsMilk_10_page_6,963.6,301.4,997.0
10459453,stimulus_Arg_PISACowsMilk_10_page_6,963.7,301.3,997.0
10459454,stimulus_Arg_PISACowsMilk_10_page_6,963.7,301.2,997.0
10459455,stimulus_Arg_PISACowsMilk_10_page_6,963.2,300.9,996.0
10459456,stimulus_Arg_PISACowsMilk_10_page_6,962.6,300.7,996.0
10459457,stimulus_Arg_PISACowsMilk_10_page_6,962.0,300.6,996.0
10459458,stimulus_Arg_PISACowsMilk_10_page_6,962.0,300.7,996.0
10459459,stimulus_Arg_PISACowsMilk_10_page_6,962.0,300.7,996.0
10459460,stimulus_Arg_PISACowsMilk_10_page_6,961.9,300.7,996.0
10459461,stimulus_Arg_PISACowsMilk_10_page_6,961.9,300.3,995.0
10459462,stimulus_Arg_PISACowsMilk_10_page_6,961.8,299.7,995.0
10459463,stimulus_Arg_PISACowsMilk_10_page_6,961.8,299.1,995.0
10459464,stimulus_Arg_PISACowsMilk_10_page_6,961.8,298.8,995.0
10459465,stimulus_Arg_PISACowsMilk_10_page_6,961.8,298.8,995.0
10459466,stimulus_Arg_PISACowsMilk_10_page_6,961.9,298.7,996.0
10459467,stimulus_Arg_PISACowsMilk_10_page_6,962.1,298.6,997.0
10459468,stimulus_Arg_PISACowsMilk_10_page_6,962.3,298.2,998.0
10459469,stimulus_Arg_PISACowsMilk_10_page_6,962.1,297.9,998.0
10459470,stimulus_Arg_PISACowsMilk_10_page_6,962.0,297.7,998.0
10459471,stimulus_Arg_PISACowsMilk_10_page_6,962.0,297.6,999.0
10459472,stimulus_Arg_PISACowsMilk_10_page_6,962.0,297.9,1000.0
10459473,stimulus_Arg_PISACowsMilk_10_page_6,961.8,298.3,1000.0
10459474,stimulus_Arg_PISACowsMilk_10_page_6,961.5,299.2,1000.0
10459475,stimulus_Arg_PISACowsMilk_10_page_6,961.4,299.8,1000.0
10459476,stimulus_Arg_PISACowsMilk_10_page_6,961.3,300.7,999.0
10459477,stimulus_Arg_PISACowsMilk_10_page_6,961.4,301.0,999.0
10459478,stimulus_Arg_PISACowsMilk_10_page_6,961.4,302.1,1000.0
10459479,stimulus_Arg_PISACowsMilk_10_page_6,961.5,302.9,1000.0
10459480,stimulus_Arg_PISACowsMilk_10_page_6,961.6,303.9,1000.0
10459481,stimulus_Arg_PISACowsMilk_10_page_6,961.8,304.3,1000.0
10459482,stimulus_Arg_PISACowsMilk_10_page_6,962.1,304.6,1002.0
10459483,stimulus_Arg_PISACowsMilk_10_page_6,962.3,304.7,1003.0
10459484,stimulus_Arg_PISACowsMilk_10_page_6,962.4,304.7,1004.0
10459485,stimulus_Arg_PISACowsMilk_10_page_6,962.4,304.4,1004.0
10459486,stimulus_Arg_PISACowsMilk_10_page_6,962.5,304.2,1003.0
10459487,stimulus_Arg_PISACowsMilk_10_page_6,962.5,303.9,1003.0
10459488,stimulus_Arg_PISACowsMilk_10_page_6,962.5,303.1,1002.0
10459489,stimulus_Arg_PISACowsMilk_10_page_6,962.6,302.0,1001.0
10459490,stimulus_Arg_PISACowsMilk_10_page_6,962.6,301.1,1000.0
10459491,stimulus_Arg_PISACowsMilk_10_page_6,962.6,300.9,999.0
10459492,stimulus_Arg_PISACowsMilk_10_page_6,962.6,301.0,999.0
10459493,stimulus_Arg_PISACowsMilk_10_page_6,962.3,301.1,1000.0
10459494,stimulus_Arg_PISACowsMilk_10_page_6,962.0,301.2,1001.0
10459495,stimulus_Arg_PISACowsMilk_10_page_6,961.8,300.9,1002.0
10459496,stimulus_Arg_PISACowsMilk_10_page_6,961.8,300.7,1003.0
10459497,stimulus_Arg_PISACowsMilk_10_page_6,962.0,300.5,1003.0
10459498,stimulus_Arg_PISACowsMilk_10_page_6,962.2,301.2,1003.0
10459499,stimulus_Arg_PISACowsMilk_10_page_6,962.4,301.8,1003.0
10459500,stimulus_Arg_PISACowsMilk_10_page_6,962.4,302.4,1004.0
10459501,stimulus_Arg_PISACowsMilk_10_page_6,962.3,302.4,1004.0
10459502,stimulus_Arg_PISACowsMilk_10_page_6,962.2,302.8,1005.0
10459503,stimulus_Arg_PISACowsMilk_10_page_6,961.9,303.1,1005.0
10459504,stimulus_Arg_PISACowsMilk_10_page_6,961.7,303.2,1005.0
10459505,stimulus_Arg_PISACowsMilk_10_page_6,961.5,302.9,1005.0
10459506,stimulus_Arg_PISACowsMilk_10_page_6,961.6,302.6,1006.0
10459507,stimulus_Arg_PISACowsMilk_10_page_6,961.3,302.6,1006.0
10459508,stimulus_Arg_PISACowsMilk_10_page_6,960.9,302.5,1006.0
10459509,stimulus_Arg_PISACowsMilk_10_page_6,960.7,302.4,1007.0
10459510,stimulus_Arg_PISACowsMilk_10_page_6,960.9,302.2,1008.0
10459511,stimulus_Arg_PISACowsMilk_10_page_6,961.3,302.2,1009.0
10459512,stimulus_Arg_PISACowsMilk_10_page_6,961.6,302.3,1010.0
10459513,stimulus_Arg_PISACowsMilk_10_page_6,962.0,302.4,1010.0
10459514,stimulus_Arg_PISACowsMilk_10_page_6,962.3,302.6,1011.0
10459515,stimulus_Arg_PISACowsMilk_10_page_6,962.5,303.0,1010.0
10459516,stimulus_Arg_PISACowsMilk_10_page_6,962.4,303.3,1009.0
10459517,stimulus_Arg_PISACowsMilk_10_page_6,962.3,303.6,1008.0
10459518,stimulus_Arg_PISACowsMilk_10_page_6,962.2,303.7,1009.0
10459519,stimulus_Arg_PISACowsMilk_10_page_6,962.2,303.7,1010.0
10459520,stimulus_Arg_PISACowsMilk_10_page_6,962.2,303.7,1011.0
10459521,stimulus_Arg_PISACowsMilk_10_page_6,962.3,303.2,1011.0
10459522,stimulus_Arg_PISACowsMilk_10_page_6,962.5,302.6,1011.0
10459523,stimulus_Arg_PISACowsMilk_10_page_6,962.7,301.8,1011.0
10459524,stimulus_Arg_PISACowsMilk_10_page_6,962.8,301.7,1011.0
10459525,stimulus_Arg_PISACowsMilk_10_page_6,962.8,301.7,1011.0
10459526,stimulus_Arg_PISACowsMilk_10_page_6,962.7,301.9,1011.0
10459527,stimulus_Arg_PISACowsMilk_10_page_6,962.5,302.1,1011.0
10459528,stimulus_Arg_PISACowsMilk_10_page_6,962.3,302.2,1010.0
10459529,stimulus_Arg_PISACowsMilk_10_page_6,962.2,302.0,1010.0
10459530,stimulus_Arg_PISACowsMilk_10_page_6,961.9,301.8,1009.0
10459531,stimulus_Arg_PISACowsMilk_10_page_6,961.7,301.1,1009.0
10459532,stimulus_Arg_PISACowsMilk_10_page_6,961.6,300.6,1008.0
10459533,stimulus_Arg_PISACowsMilk_10_page_6,961.5,300.1,1007.0
10459534,stimulus_Arg_PISACowsMilk_10_page_6,961.3,300.1,1005.0
10459535,stimulus_Arg_PISACowsMilk_10_page_6,961.1,300.2,1005.0
10459536,stimulus_Arg_PISACowsMilk_10_page_6,961.1,300.2,1005.0
10459537,stimulus_Arg_PISACowsMilk_10_page_6,961.3,300.2,1005.0
10459538,stimulus_Arg_PISACowsMilk_10_page_6,961.5,300.0,1005.0
10459539,stimulus_Arg_PISACowsMilk_10_page_6,961.9,299.9,1005.0
10459540,stimulus_Arg_PISACowsMilk_10_page_6,962.0,300.0,1005.0
10459541,stimulus_Arg_PISACowsMilk_10_page_6,962.2,300.5,1005.0
10459542,stimulus_Arg_PISACowsMilk_10_page_6,962.1,301.0,1005.0
10459543,stimulus_Arg_PISACowsMilk_10_page_6,962.1,301.4,1005.0
10459544,stimulus_Arg_PISACowsMilk_10_page_6,962.1,301.3,1006.0
10459545,stimulus_Arg_PISACowsMilk_10_page_6,962.2,301.6,1006.0
10459546,stimulus_Arg_PISACowsMilk_10_page_6,962.3,302.0,1007.0
10459547,stimulus_Arg_PISACowsMilk_10_page_6,962.3,302.4,1008.0
10459548,stimulus_Arg_PISACowsMilk_10_page_6,962.3,302.9,1009.0
10459549,stimulus_Arg_PISACowsMilk_10_page_6,962.3,303.4,1010.0
10459550,stimulus_Arg_PISACowsMilk_10_page_6,962.2,303.6,1010.0
10459551,stimulus_Arg_PISACowsMilk_10_page_6,962.2,303.2,1011.0
10459552,stimulus_Arg_PISACowsMilk_10_page_6,962.0,302.8,1012.0
10459553,stimulus_Arg_PISACowsMilk_10_page_6,961.7,302.8,1012.0
10459554,stimulus_Arg_PISACowsMilk_10_page_6,961.4,302.7,1013.0
10459555,stimulus_Arg_PISACowsMilk_10_page_6,961.1,302.6,1013.0
10459556,stimulus_Arg_PISACowsMilk_10_page_6,960.8,303.3,1013.0
10459557,stimulus_Arg_PISACowsMilk_10_page_6,960.3,304.1,1012.0
10459558,stimulus_Arg_PISACowsMilk_10_page_6,960.0,304.9,1012.0
10459559,stimulus_Arg_PISACowsMilk_10_page_6,959.9,304.8,1013.0
10459560,stimulus_Arg_PISACowsMilk_10_page_6,960.0,304.7,1015.0
10459561,stimulus_Arg_PISACowsMilk_10_page_6,960.1,304.6,1016.0
10459562,stimulus_Arg_PISACowsMilk_10_page_6,960.2,304.5,1016.0
10459563,stimulus_Arg_PISACowsMilk_10_page_6,960.0,304.5,1016.0
10459564,stimulus_Arg_PISACowsMilk_10_page_6,959.8,304.4,1017.0
10459565,stimulus_Arg_PISACowsMilk_10_page_6,959.8,304.4,1019.0
10459566,stimulus_Arg_PISACowsMilk_10_page_6,960.0,304.4,1020.0
10459567,stimulus_Arg_PISACowsMilk_10_page_6,960.1,304.0,1020.0
10459568,stimulus_Arg_PISACowsMilk_10_page_6,960.3,303.5,1019.0
10459569,stimulus_Arg_PISACowsMilk_10_page_6,960.4,302.9,1019.0
10459570,stimulus_Arg_PISACowsMilk_10_page_6,960.4,302.6,1019.0
10459571,stimulus_Arg_PISACowsMilk_10_page_6,960.2,302.5,1019.0
10459572,stimulus_Arg_PISACowsMilk_10_page_6,960.1,302.5,1019.0
10459573,stimulus_Arg_PISACowsMilk_10_page_6,960.0,302.6,1019.0
10459574,stimulus_Arg_PISACowsMilk_10_page_6,959.9,302.7,1019.0
10459575,stimulus_Arg_PISACowsMilk_10_page_6,959.8,303.3,1018.0
10459576,stimulus_Arg_PISACowsMilk_10_page_6,959.7,304.0,1017.0
10459577,stimulus_Arg_PISACowsMilk_10_page_6,959.7,304.4,1017.0
10459578,stimulus_Arg_PISACowsMilk_10_page_6,959.6,304.2,1017.0
10459579,stimulus_Arg_PISACowsMilk_10_page_6,959.6,304.1,1018.0
10459580,stimulus_Arg_PISACowsMilk_10_page_6,959.6,304.1,1018.0
10459581,stimulus_Arg_PISACowsMilk_10_page_6,959.4,304.2,1018.0
10459582,stimulus_Arg_PISACowsMilk_10_page_6,959.3,304.4,1017.0
10459583,stimulus_Arg_PISACowsMilk_10_page_6,959.1,304.8,1017.0
10459584,stimulus_Arg_PISACowsMilk_10_page_6,959.1,305.1,1018.0
10459585,stimulus_Arg_PISACowsMilk_10_page_6,959.1,305.0,1018.0
10459586,stimulus_Arg_PISACowsMilk_10_page_6,959.1,304.6,1018.0
10459587,stimulus_Arg_PISACowsMilk_10_page_6,959.1,304.2,1018.0
10459588,stimulus_Arg_PISACowsMilk_10_page_6,959.1,304.0,1018.0
10459589,stimulus_Arg_PISACowsMilk_10_page_6,959.0,303.9,1018.0
10459590,stimulus_Arg_PISACowsMilk_10_page_6,958.9,303.9,1018.0
10459591,stimulus_Arg_PISACowsMilk_10_page_6,958.9,304.0,1018.0
10459592,stimulus_Arg_PISACowsMilk_10_page_6,959.0,304.1,1018.0
10459593,stimulus_Arg_PISACowsMilk_10_page_6,959.1,304.2,1018.0
10459594,stimulus_Arg_PISACowsMilk_10_page_6,959.1,304.1,1018.0
10459595,stimulus_Arg_PISACowsMilk_10_page_6,959.1,304.1,1018.0
10459596,stimulus_Arg_PISACowsMilk_10_page_6,959.1,304.2,1018.0
10459597,stimulus_Arg_PISACowsMilk_10_page_6,959.0,304.2,1018.0
10459598,stimulus_Arg_PISACowsMilk_10_page_6,959.3,304.3,1018.0
10459599,stimulus_Arg_PISACowsMilk_10_page_6,959.5,304.4,1018.0
10459600,stimulus_Arg_PISACowsMilk_10_page_6,959.6,304.5,1019.0
10459601,stimulus_Arg_PISACowsMilk_10_page_6,959.4,304.5,1019.0
10459602,stimulus_Arg_PISACowsMilk_10_page_6,959.4,304.4,1020.0
10459603,stimulus_Arg_PISACowsMilk_10_page_6,959.6,304.3,1020.0
10459604,stimulus_Arg_PISACowsMilk_10_page_6,959.5,304.1,1020.0
10459605,stimulus_Arg_PISACowsMilk_10_page_6,959.2,304.2,1020.0
10459606,stimulus_Arg_PISACowsMilk_10_page_6,959.2,304.2,1019.0
10459607,stimulus_Arg_PISACowsMilk_10_page_6,959.4,304.3,1019.0
10459608,stimulus_Arg_PISACowsMilk_10_page_6,959.7,304.7,1020.0
10459609,stimulus_Arg_PISACowsMilk_10_page_6,959.6,305.1,1021.0
10459610,stimulus_Arg_PISACowsMilk_10_page_6,959.5,305.6,1022.0
10459611,stimulus_Arg_PISACowsMilk_10_page_6,959.3,306.0,1022.0
10459612,stimulus_Arg_PISACowsMilk_10_page_6,959.2,306.4,1022.0
10459613,stimulus_Arg_PISACowsMilk_10_page_6,959.0,306.9,1021.0
10459614,stimulus_Arg_PISACowsMilk_10_page_6,959.0,307.1,1020.0
10459615,stimulus_Arg_PISACowsMilk_10_page_6,959.0,307.2,1020.0
10459616,stimulus_Arg_PISACowsMilk_10_page_6,959.0,307.2,1020.0
10459617,stimulus_Arg_PISACowsMilk_10_page_6,959.0,307.3,1020.0
10459618,stimulus_Arg_PISACowsMilk_10_page_6,959.0,307.4,1020.0
10459619,stimulus_Arg_PISACowsMilk_10_page_6,959.0,307.7,1020.0
10459620,stimulus_Arg_PISACowsMilk_10_page_6,959.1,307.9,1020.0
10459621,stimulus_Arg_PISACowsMilk_10_page_6,959.2,308.1,1020.0
10459622,stimulus_Arg_PISACowsMilk_10_page_6,959.3,308.1,1019.0
10459623,stimulus_Arg_PISACowsMilk_10_page_6,959.2,308.1,1017.0
10459624,stimulus_Arg_PISACowsMilk_10_page_6,958.9,308.1,1016.0
10459625,stimulus_Arg_PISACowsMilk_10_page_6,958.7,307.4,1016.0
10459626,stimulus_Arg_PISACowsMilk_10_page_6,958.4,306.7,1016.0
10459627,stimulus_Arg_PISACowsMilk_10_page_6,958.4,306.1,1016.0
10459628,stimulus_Arg_PISACowsMilk_10_page_6,958.5,306.2,1016.0
10459629,stimulus_Arg_PISACowsMilk_10_page_6,958.8,305.6,1016.0
10459630,stimulus_Arg_PISACowsMilk_10_page_6,958.8,304.8,1016.0
10459631,stimulus_Arg_PISACowsMilk_10_page_6,958.5,304.4,1016.0
10459632,stimulus_Arg_PISACowsMilk_10_page_6,958.2,304.6,1016.0
10459633,stimulus_Arg_PISACowsMilk_10_page_6,958.2,304.7,1017.0
10459634,stimulus_Arg_PISACowsMilk_10_page_6,958.4,304.6,1017.0
10459635,stimulus_Arg_PISACowsMilk_10_page_6,958.6,304.6,1017.0
10459636,stimulus_Arg_PISACowsMilk_10_page_6,958.8,304.6,1017.0
10459637,stimulus_Arg_PISACowsMilk_10_page_6,959.1,304.2,1017.0
10459638,stimulus_Arg_PISACowsMilk_10_page_6,959.3,303.8,1017.0
10459639,stimulus_Arg_PISACowsMilk_10_page_6,959.5,303.5,1018.0
10459640,stimulus_Arg_PISACowsMilk_10_page_6,959.6,303.6,1019.0
10459641,stimulus_Arg_PISACowsMilk_10_page_6,959.5,303.6,1021.0
10459642,stimulus_Arg_PISACowsMilk_10_page_6,959.5,303.7,1022.0
10459643,stimulus_Arg_PISACowsMilk_10_page_6,959.6,303.9,1022.0
10459644,stimulus_Arg_PISACowsMilk_10_page_6,959.7,304.2,1022.0
10459645,stimulus_Arg_PISACowsMilk_10_page_6,959.8,304.5,1024.0
10459646,stimulus_Arg_PISACowsMilk_10_page_6,959.9,305.2,1027.0
10459647,stimulus_Arg_PISACowsMilk_10_page_6,960.1,306.0,1029.0
10459648,stimulus_Arg_PISACowsMilk_10_page_6,960.1,306.7,1030.0
10459649,stimulus_Arg_PISACowsMilk_10_page_6,960.4,306.9,1030.0
10459650,stimulus_Arg_PISACowsMilk_10_page_6,960.8,307.3,1030.0
10459651,stimulus_Arg_PISACowsMilk_10_page_6,961.2,307.7,1030.0
10459652,stimulus_Arg_PISACowsMilk_10_page_6,961.3,308.1,1028.0
10459653,stimulus_Arg_PISACowsMilk_10_page_6,961.4,307.9,1027.0
10459654,stimulus_Arg_PISACowsMilk_10_page_6,961.5,307.6,1025.0
10459655,stimulus_Arg_PISACowsMilk_10_page_6,961.3,307.5,1025.0
10459656,stimulus_Arg_PISACowsMilk_10_page_6,961.1,307.1,1025.0
10459657,stimulus_Arg_PISACowsMilk_10_page_6,960.9,306.7,1026.0
10459658,stimulus_Arg_PISACowsMilk_10_page_6,960.9,306.4,1027.0
10459659,stimulus_Arg_PISACowsMilk_10_page_6,960.8,306.4,1028.0
10459660,stimulus_Arg_PISACowsMilk_10_page_6,960.8,306.5,1029.0
10459661,stimulus_Arg_PISACowsMilk_10_page_6,960.4,306.5,1029.0
10459662,stimulus_Arg_PISACowsMilk_10_page_6,960.1,306.6,1029.0
10459663,stimulus_Arg_PISACowsMilk_10_page_6,959.7,306.6,1028.0
10459664,stimulus_Arg_PISACowsMilk_10_page_6,959.7,306.7,1028.0
10459665,stimulus_Arg_PISACowsMilk_10_page_6,959.8,307.1,1027.0
10459666,stimulus_Arg_PISACowsMilk_10_page_6,960.0,307.4,1027.0
10459667,stimulus_Arg_PISACowsMilk_10_page_6,960.3,307.7,1028.0
10459668,stimulus_Arg_PISACowsMilk_10_page_6,960.5,307.7,1028.0
10459669,stimulus_Arg_PISACowsMilk_10_page_6,960.8,307.8,1027.0
10459670,stimulus_Arg_PISACowsMilk_10_page_6,960.9,308.1,1026.0
10459671,stimulus_Arg_PISACowsMilk_10_page_6,961.0,308.8,1025.0
10459672,stimulus_Arg_PISACowsMilk_10_page_6,961.0,309.4,1024.0
10459673,stimulus_Arg_PISACowsMilk_10_page_6,960.8,309.9,1023.0
10459674,stimulus_Arg_PISACowsMilk_10_page_6,960.5,309.9,1023.0
10459675,stimulus_Arg_PISACowsMilk_10_page_6,960.2,309.9,1023.0
10459676,stimulus_Arg_PISACowsMilk_10_page_6,960.1,309.8,1023.0
10459677,stimulus_Arg_PISACowsMilk_10_page_6,960.2,309.8,1024.0
10459678,stimulus_Arg_PISACowsMilk_10_page_6,960.0,309.7,1023.0
10459679,stimulus_Arg_PISACowsMilk_10_page_6,959.3,309.7,1022.0
10459680,stimulus_Arg_PISACowsMilk_10_page_6,958.6,309.4,1019.0
10459681,stimulus_Arg_PISACowsMilk_10_page_6,958.2,309.1,1019.0
10459682,stimulus_Arg_PISACowsMilk_10_page_6,958.2,309.0,1018.0
10459683,stimulus_Arg_PISACowsMilk_10_page_6,958.1,309.1,1020.0
10459684,stimulus_Arg_PISACowsMilk_10_page_6,957.9,308.9,1021.0
10459685,stimulus_Arg_PISACowsMilk_10_page_6,957.8,308.4,1022.0
10459686,stimulus_Arg_PISACowsMilk_10_page_6,957.7,307.7,1022.0
10459687,stimulus_Arg_PISACowsMilk_10_page_6,957.7,307.6,1022.0
10459688,stimulus_Arg_PISACowsMilk_10_page_6,957.9,307.5,1023.0
10459689,stimulus_Arg_PISACowsMilk_10_page_6,958.0,307.6,1023.0
10459690,stimulus_Arg_PISACowsMilk_10_page_6,958.6,307.8,1023.0
10459691,stimulus_Arg_PISACowsMilk_10_page_6,959.0,308.2,1023.0
10459692,stimulus_Arg_PISACowsMilk_10_page_6,959.4,308.7,1025.0
10459693,stimulus_Arg_PISACowsMilk_10_page_6,959.5,309.1,1027.0
10459694,stimulus_Arg_PISACowsMilk_10_page_6,959.7,309.3,1028.0
10459695,stimulus_Arg_PISACowsMilk_10_page_6,959.7,309.6,1028.0
10459696,stimulus_Arg_PISACowsMilk_10_page_6,959.8,309.9,1027.0
10459697,stimulus_Arg_PISACowsMilk_10_page_6,960.1,310.3,1029.0
10459698,stimulus_Arg_PISACowsMilk_10_page_6,960.5,310.2,1030.0
10459699,stimulus_Arg_PISACowsMilk_10_page_6,960.9,309.9,1031.0
10459700,stimulus_Arg_PISACowsMilk_10_page_6,961.0,309.6,1030.0
10459701,stimulus_Arg_PISACowsMilk_10_page_6,960.7,309.2,1029.0
10459702,stimulus_Arg_PISACowsMilk_10_page_6,960.4,308.7,1028.0
10459703,stimulus_Arg_PISACowsMilk_10_page_6,960.0,308.1,1028.0
10459704,stimulus_Arg_PISACowsMilk_10_page_6,959.6,307.8,1028.0
10459705,stimulus_Arg_PISACowsMilk_10_page_6,959.3,307.5,1027.0
10459706,stimulus_Arg_PISACowsMilk_10_page_6,958.9,307.3,1026.0
10459707,stimulus_Arg_PISACowsMilk_10_page_6,958.9,307.1,1026.0
10459708,stimulus_Arg_PISACowsMilk_10_page_6,958.9,307.4,1025.0
10459709,stimulus_Arg_PISACowsMilk_10_page_6,958.9,307.9,1027.0
10459710,stimulus_Arg_PISACowsMilk_10_page_6,958.8,309.0,1028.0
10459711,stimulus_Arg_PISACowsMilk_10_page_6,958.8,309.6,1030.0
10459712,stimulus_Arg_PISACowsMilk_10_page_6,958.7,310.1,1031.0
10459713,stimulus_Arg_PISACowsMilk_10_page_6,958.5,310.4,1031.0
10459714,stimulus_Arg_PISACowsMilk_10_page_6,958.3,310.6,1032.0
10459715,stimulus_Arg_PISACowsMilk_10_page_6,958.2,311.2,1032.0
10459716,stimulus_Arg_PISACowsMilk_10_page_6,958.4,311.5,1032.0
10459717,stimulus_Arg_PISACowsMilk_10_page_6,958.6,311.9,1033.0
10459718,stimulus_Arg_PISACowsMilk_10_page_6,959.0,311.9,1034.0
10459719,stimulus_Arg_PISACowsMilk_10_page_6,959.3,312.1,1034.0
10459720,stimulus_Arg_PISACowsMilk_10_page_6,959.6,312.3,1035.0
10459721,stimulus_Arg_PISACowsMilk_10_page_6,959.5,311.9,1035.0
10459722,stimulus_Arg_PISACowsMilk_10_page_6,959.3,311.5,1035.0
10459723,stimulus_Arg_PISACowsMilk_10_page_6,959.0,311.1,1033.0
10459724,stimulus_Arg_PISACowsMilk_10_page_6,958.8,311.0,1031.0
10459725,stimulus_Arg_PISACowsMilk_10_page_6,958.8,310.9,1029.0
10459726,stimulus_Arg_PISACowsMilk_10_page_6,959.0,310.4,1028.0
10459727,stimulus_Arg_PISACowsMilk_10_page_6,959.3,309.7,1027.0
10459728,stimulus_Arg_PISACowsMilk_10_page_6,959.3,309.1,1026.0
10459729,stimulus_Arg_PISACowsMilk_10_page_6,958.9,308.9,1026.0
10459730,stimulus_Arg_PISACowsMilk_10_page_6,958.5,308.9,1026.0
10459731,stimulus_Arg_PISACowsMilk_10_page_6,957.9,308.4,1025.0
10459732,stimulus_Arg_PISACowsMilk_10_page_6,957.8,308.0,1025.0
10459733,stimulus_Arg_PISACowsMilk_10_page_6,957.7,307.7,1024.0
10459734,stimulus_Arg_PISACowsMilk_10_page_6,957.2,307.8,1023.0
10459735,stimulus_Arg_PISACowsMilk_10_page_6,956.7,307.9,1023.0
10459736,stimulus_Arg_PISACowsMilk_10_page_6,956.2,308.4,1024.0
10459737,stimulus_Arg_PISACowsMilk_10_page_6,956.0,309.1,1026.0
10459738,stimulus_Arg_PISACowsMilk_10_page_6,956.0,309.8,1029.0
10459739,stimulus_Arg_PISACowsMilk_10_page_6,956.1,310.2,1030.0
10459740,stimulus_Arg_PISACowsMilk_10_page_6,956.3,310.5,1030.0
10459741,stimulus_Arg_PISACowsMilk_10_page_6,956.7,310.7,1031.0
10459742,stimulus_Arg_PISACowsMilk_10_page_6,957.2,310.8,1033.0
10459743,stimulus_Arg_PISACowsMilk_10_page_6,957.7,310.9,1034.0
10459744,stimulus_Arg_PISACowsMilk_10_page_6,958.1,310.9,1034.0
10459745,stimulus_Arg_PISACowsMilk_10_page_6,958.3,310.9,1033.0
10459746,stimulus_Arg_PISACowsMilk_10_page_6,958.5,310.7,1031.0
10459747,stimulus_Arg_PISACowsMilk_10_page_6,958.7,310.6,1029.0
10459748,stimulus_Arg_PISACowsMilk_10_page_6,958.6,310.8,1029.0
10459749,stimulus_Arg_PISACowsMilk_10_page_6,958.5,311.2,1029.0
10459750,stimulus_Arg_PISACowsMilk_10_page_6,958.4,311.5,1030.0
10459751,stimulus_Arg_PISACowsMilk_10_page_6,958.2,311.3,1030.0
10459752,stimulus_Arg_PISACowsMilk_10_page_6,957.9,311.0,1029.0
10459753,stimulus_Arg_PISACowsMilk_10_page_6,957.6,310.6,1028.0
10459754,stimulus_Arg_PISACowsMilk_10_page_6,957.5,310.4,1026.0
10459755,stimulus_Arg_PISACowsMilk_10_page_6,957.6,310.3,1024.0
10459756,stimulus_Arg_PISACowsMilk_10_page_6,958.2,310.3,1024.0
10459757,stimulus_Arg_PISACowsMilk_10_page_6,959.0,310.9,1027.0
10459758,stimulus_Arg_PISACowsMilk_10_page_6,960.7,311.7,1029.0
10459759,stimulus_Arg_PISACowsMilk_10_page_6,962.0,312.4,1029.0
10459760,stimulus_Arg_PISACowsMilk_10_page_6,965.6,313.7,1027.0
10459761,stimulus_Arg_PISACowsMilk_10_page_6,970.6,314.9,1026.0
10459762,stimulus_Arg_PISACowsMilk_10_page_6,978.7,316.1,1029.0
10459763,stimulus_Arg_PISACowsMilk_10_page_6,986.8,317.7,1033.0
10459764,stimulus_Arg_PISACowsMilk_10_page_6,997.3,319.4,1034.0
10459765,stimulus_Arg_PISACowsMilk_10_page_6,1007.9,322.5,1036.0
10459766,stimulus_Arg_PISACowsMilk_10_page_6,1020.0,325.2,1038.0
10459767,stimulus_Arg_PISACowsMilk_10_page_6,1031.0,327.7,1040.0
10459768,stimulus_Arg_PISACowsMilk_10_page_6,1041.8,329.5,1041.0
10459769,stimulus_Arg_PISACowsMilk_10_page_6,1052.7,330.4,1042.0
10459770,stimulus_Arg_PISACowsMilk_10_page_6,1062.6,330.3,1041.0
10459771,stimulus_Arg_PISACowsMilk_10_page_6,1072.5,329.5,1040.0
10459772,stimulus_Arg_PISACowsMilk_10_page_6,1080.2,328.6,1039.0
10459773,stimulus_Arg_PISACowsMilk_10_page_6,1090.3,328.8,1037.0
10459774,stimulus_Arg_PISACowsMilk_10_page_6,1098.7,328.8,1036.0
10459775,stimulus_Arg_PISACowsMilk_10_page_6,1108.5,328.9,1031.0
10459776,stimulus_Arg_PISACowsMilk_10_page_6,1115.8,329.0,1026.0
10459777,stimulus_Arg_PISACowsMilk_10_page_6,1124.3,329.7,1021.0
10459778,stimulus_Arg_PISACowsMilk_10_page_6,1131.7,330.7,1021.0
10459779,stimulus_Arg_PISACowsMilk_10_page_6,1138.9,331.6,1020.0
10459780,stimulus_Arg_PISACowsMilk_10_page_6,1145.5,331.9,1016.0
10459781,stimulus_Arg_PISACowsMilk_10_page_6,1151.1,330.9,1012.0
10459782,stimulus_Arg_PISACowsMilk_10_page_6,1154.8,329.1,1009.0
10459783,stimulus_Arg_PISACowsMilk_10_page_6,1156.5,326.8,1007.0
10459784,stimulus_Arg_PISACowsMilk_10_page_6,1156.8,324.9,1002.0
10459785,stimulus_Arg_PISACowsMilk_10_page_6,1156.9,323.3,999.0
10459786,stimulus_Arg_PISACowsMilk_10_page_6,1155.6,321.7,996.0
10459787,stimulus_Arg_PISACowsMilk_10_page_6,1153.6,320.4,996.0
10459788,stimulus_Arg_PISACowsMilk_10_page_6,1150.6,319.6,996.0
10459789,stimulus_Arg_PISACowsMilk_10_page_6,1147.9,319.3,995.0
10459790,stimulus_Arg_PISACowsMilk_10_page_6,1144.5,319.3,994.0
10459791,stimulus_Arg_PISACowsMilk_10_page_6,1141.1,319.2,993.0
10459792,stimulus_Arg_PISACowsMilk_10_page_6,1137.6,318.7,992.0
10459793,stimulus_Arg_PISACowsMilk_10_page_6,1134.5,318.3,993.0
10459794,stimulus_Arg_PISACowsMilk_10_page_6,1131.2,317.9,995.0
10459795,stimulus_Arg_PISACowsMilk_10_page_6,1127.9,318.1,997.0
10459796,stimulus_Arg_PISACowsMilk_10_page_6,1124.6,318.9,1000.0
10459797,stimulus_Arg_PISACowsMilk_10_page_6,1121.7,319.6,1004.0
10459798,stimulus_Arg_PISACowsMilk_10_page_6,1119.5,320.5,1007.0
10459799,stimulus_Arg_PISACowsMilk_10_page_6,1118.3,320.9,1010.0
10459800,stimulus_Arg_PISACowsMilk_10_page_6,1118.1,321.7,1013.0
10459801,stimulus_Arg_PISACowsMilk_10_page_6,1118.5,322.3,1015.0
10459802,stimulus_Arg_PISACowsMilk_10_page_6,1119.1,322.8,1016.0
10459803,stimulus_Arg_PISACowsMilk_10_page_6,1120.1,322.9,1016.0
10459804,stimulus_Arg_PISACowsMilk_10_page_6,1121.2,323.1,1015.0
10459805,stimulus_Arg_PISACowsMilk_10_page_6,1122.3,323.3,1015.0
10459806,stimulus_Arg_PISACowsMilk_10_page_6,1123.3,323.8,1014.0
10459807,stimulus_Arg_PISACowsMilk_10_page_6,1124.9,324.2,1013.0
10459808,stimulus_Arg_PISACowsMilk_10_page_6,1126.9,324.8,1012.0
10459809,stimulus_Arg_PISACowsMilk_10_page_6,1129.5,325.4,1012.0
10459810,stimulus_Arg_PISACowsMilk_10_page_6,1131.1,326.0,1013.0
10459811,stimulus_Arg_PISACowsMilk_10_page_6,1132.1,326.9,1014.0
10459812,stimulus_Arg_PISACowsMilk_10_page_6,1132.7,327.5,1016.0
10459813,stimulus_Arg_PISACowsMilk_10_page_6,1133.2,327.6,1017.0
10459814,stimulus_Arg_PISACowsMilk_10_page_6,1133.8,327.2,1016.0
10459815,stimulus_Arg_PISACowsMilk_10_page_6,1134.1,326.7,1015.0
10459816,stimulus_Arg_PISACowsMilk_10_page_6,1134.6,325.9,1013.0
10459817,stimulus_Arg_PISACowsMilk_10_page_6,1135.0,325.3,1012.0
10459818,stimulus_Arg_PISACowsMilk_10_page_6,1135.0,325.3,1013.0
10459819,stimulus_Arg_PISACowsMilk_10_page_6,1134.6,325.8,1016.0
10459820,stimulus_Arg_PISACowsMilk_10_page_6,1134.1,326.2,1018.0
10459821,stimulus_Arg_PISACowsMilk_10_page_6,1133.6,325.7,1018.0
10459822,stimulus_Arg_PISACowsMilk_10_page_6,1133.3,325.3,1017.0
10459823,stimulus_Arg_PISACowsMilk_10_page_6,1132.9,324.7,1015.0
10459824,stimulus_Arg_PISACowsMilk_10_page_6,1132.7,324.6,1014.0
10459825,stimulus_Arg_PISACowsMilk_10_page_6,1132.6,324.4,1012.0
10459826,stimulus_Arg_PISACowsMilk_10_page_6,1132.4,324.4,1012.0
10459827,stimulus_Arg_PISACowsMilk_10_page_6,1132.0,324.4,1012.0
10459828,stimulus_Arg_PISACowsMilk_10_page_6,1131.3,324.6,1012.0
10459829,stimulus_Arg_PISACowsMilk_10_page_6,1130.8,323.7,1012.0
10459830,stimulus_Arg_PISACowsMilk_10_page_6,1130.6,322.6,1011.0
10459831,stimulus_Arg_PISACowsMilk_10_page_6,1130.7,320.7,1010.0
10459832,stimulus_Arg_PISACowsMilk_10_page_6,1130.3,319.4,1007.0
10459833,stimulus_Arg_PISACowsMilk_10_page_6,1129.8,318.3,1004.0
10459834,stimulus_Arg_PISACowsMilk_10_page_6,1129.5,318.0,1002.0
10459835,stimulus_Arg_PISACowsMilk_10_page_6,1130.0,318.1,1000.0
10459836,stimulus_Arg_PISACowsMilk_10_page_6,1130.5,318.8,999.0
10459837,stimulus_Arg_PISACowsMilk_10_page_6,1131.3,320.1,1000.0
10459838,stimulus_Arg_PISACowsMilk_10_page_6,1131.9,321.9,1001.0
10459839,stimulus_Arg_PISACowsMilk_10_page_6,1132.5,323.5,1004.0
10459840,stimulus_Arg_PISACowsMilk_10_page_6,1133.0,325.2,1007.0
10459841,stimulus_Arg_PISACowsMilk_10_page_6,1133.4,326.5,1010.0
10459842,stimulus_Arg_PISACowsMilk_10_page_6,1133.8,327.6,1011.0
10459843,stimulus_Arg_PISACowsMilk_10_page_6,1133.2,328.1,1012.0
10459844,stimulus_Arg_PISACowsMilk_10_page_6,1131.9,327.7,1012.0
10459845,stimulus_Arg_PISACowsMilk_10_page_6,1130.3,327.1,1012.0
10459846,stimulus_Arg_PISACowsMilk_10_page_6,1128.7,326.4,1012.0
10459847,stimulus_Arg_PISACowsMilk_10_page_6,1127.7,325.6,1012.0
10459848,stimulus_Arg_PISACowsMilk_10_page_6,1127.2,324.8,1010.0
10459849,stimulus_Arg_PISACowsMilk_10_page_6,1127.2,324.1,1007.0
10459850,stimulus_Arg_PISACowsMilk_10_page_6,1127.7,323.8,1004.0
10459851,stimulus_Arg_PISACowsMilk_10_page_6,1128.9,323.4,1003.0
10459852,stimulus_Arg_PISACowsMilk_10_page_6,1130.3,323.3,1002.0
10459853,stimulus_Arg_PISACowsMilk_10_page_6,1131.9,323.4,1000.0
10459854,stimulus_Arg_PISACowsMilk_10_page_6,1132.9,323.7,999.0
10459855,stimulus_Arg_PISACowsMilk_10_page_6,1133.8,323.9,1000.0
10459856,stimulus_Arg_PISACowsMilk_10_page_6,1134.0,323.9,1002.0
10459857,stimulus_Arg_PISACowsMilk_10_page_6,1133.9,323.2,1004.0
10459858,stimulus_Arg_PISACowsMilk_10_page_6,1133.1,322.6,1004.0
10459859,stimulus_Arg_PISACowsMilk_10_page_6,1132.1,322.1,1006.0
10459860,stimulus_Arg_PISACowsMilk_10_page_6,1131.0,321.8,1007.0
10459861,stimulus_Arg_PISACowsMilk_10_page_6,1130.2,321.3,1009.0
10459862,stimulus_Arg_PISACowsMilk_10_page_6,1129.2,320.9,1009.0
10459863,stimulus_Arg_PISACowsMilk_10_page_6,1128.1,320.8,1008.0
10459864,stimulus_Arg_PISACowsMilk_10_page_6,1127.3,320.6,1007.0
10459865,stimulus_Arg_PISACowsMilk_10_page_6,1127.0,320.5,1006.0
10459866,stimulus_Arg_PISACowsMilk_10_page_6,1127.3,320.8,1005.0
10459867,stimulus_Arg_PISACowsMilk_10_page_6,1127.8,321.2,1004.0
10459868,stimulus_Arg_PISACowsMilk_10_page_6,1129.0,321.6,1004.0
10459869,stimulus_Arg_PISACowsMilk_10_page_6,1130.4,321.7,1003.0
10459870,stimulus_Arg_PISACowsMilk_10_page_6,1131.7,321.8,1003.0
10459871,stimulus_Arg_PISACowsMilk_10_page_6,1132.3,321.9,1003.0
10459872,stimulus_Arg_PISACowsMilk_10_page_6,1132.4,321.8,1003.0
10459873,stimulus_Arg_PISACowsMilk_10_page_6,1132.4,321.7,1004.0
10459874,stimulus_Arg_PISACowsMilk_10_page_6,1132.3,321.5,1004.0
10459875,stimulus_Arg_PISACowsMilk_10_page_6,1132.0,321.3,1004.0
10459876,stimulus_Arg_PISACowsMilk_10_page_6,1131.6,321.0,1004.0
10459877,stimulus_Arg_PISACowsMilk_10_page_6,1131.2,320.4,1005.0
10459878,stimulus_Arg_PISACowsMilk_10_page_6,1130.6,319.7,1006.0
10459879,stimulus_Arg_PISACowsMilk_10_page_6,1129.8,319.3,1006.0
10459880,stimulus_Arg_PISACowsMilk_10_page_6,1129.0,319.3,1007.0
10459881,stimulus_Arg_PISACowsMilk_10_page_6,1128.6,319.5,1007.0
10459882,stimulus_Arg_PISACowsMilk_10_page_6,1128.5,319.8,1006.0
10459883,stimulus_Arg_PISACowsMilk_10_page_6,1128.6,320.1,1004.0
10459884,stimulus_Arg_PISACowsMilk_10_page_6,1128.9,320.2,1003.0
10459885,stimulus_Arg_PISACowsMilk_10_page_6,1129.5,320.7,1002.0
10459886,stimulus_Arg_PISACowsMilk_10_page_6,1130.4,321.2,1002.0
10459887,stimulus_Arg_PISACowsMilk_10_page_6,1131.6,321.5,1002.0
10459888,stimulus_Arg_PISACowsMilk_10_page_6,1132.4,321.3,1002.0
10459889,stimulus_Arg_PISACowsMilk_10_page_6,1132.8,321.1,1003.0
10459890,stimulus_Arg_PISACowsMilk_10_page_6,1132.9,320.9,1002.0
10459891,stimulus_Arg_PISACowsMilk_10_page_6,1133.0,320.7,1002.0
10459892,stimulus_Arg_PISACowsMilk_10_page_6,1133.0,320.3,1001.0
10459893,stimulus_Arg_PISACowsMilk_10_page_6,1133.2,319.6,1000.0
10459894,stimulus_Arg_PISACowsMilk_10_page_6,1133.2,318.9,1001.0
10459895,stimulus_Arg_PISACowsMilk_10_page_6,1133.2,318.5,1002.0
10459896,stimulus_Arg_PISACowsMilk_10_page_6,1133.2,318.5,1003.0
10459897,stimulus_Arg_PISACowsMilk_10_page_6,1133.0,318.6,1004.0
10459898,stimulus_Arg_PISACowsMilk_10_page_6,1132.8,318.7,1005.0
10459899,stimulus_Arg_PISACowsMilk_10_page_6,1132.0,318.8,1006.0
10459900,stimulus_Arg_PISACowsMilk_10_page_6,1131.3,318.6,1007.0
10459901,stimulus_Arg_PISACowsMilk_10_page_6,1130.4,318.4,1007.0
10459902,stimulus_Arg_PISACowsMilk_10_page_6,1129.9,317.9,1007.0
10459903,stimulus_Arg_PISACowsMilk_10_page_6,1129.5,317.7,1006.0
10459904,stimulus_Arg_PISACowsMilk_10_page_6,1129.0,317.4,1005.0
10459905,stimulus_Arg_PISACowsMilk_10_page_6,1128.6,317.9,1004.0
10459906,stimulus_Arg_PISACowsMilk_10_page_6,1128.6,318.6,1004.0
10459907,stimulus_Arg_PISACowsMilk_10_page_6,1128.6,319.3,1004.0
10459908,stimulus_Arg_PISACowsMilk_10_page_6,1128.5,319.8,1005.0
10459909,stimulus_Arg_PISACowsMilk_10_page_6,1128.3,320.2,1005.0
10459910,stimulus_Arg_PISACowsMilk_10_page_6,1128.3,320.1,1004.0
10459911,stimulus_Arg_PISACowsMilk_10_page_6,1128.3,319.8,1003.0
10459912,stimulus_Arg_PISACowsMilk_10_page_6,1128.5,319.5,1002.0
10459913,stimulus_Arg_PISACowsMilk_10_page_6,1128.7,319.6,1002.0
10459914,stimulus_Arg_PISACowsMilk_10_page_6,1128.8,319.5,1001.0
10459915,stimulus_Arg_PISACowsMilk_10_page_6,1129.2,319.4,1000.0
10459916,stimulus_Arg_PISACowsMilk_10_page_6,1129.5,319.3,997.0
10459917,stimulus_Arg_PISACowsMilk_10_page_6,1130.2,319.2,995.0
10459918,stimulus_Arg_PISACowsMilk_10_page_6,1130.5,319.7,996.0
10459919,stimulus_Arg_PISACowsMilk_10_page_6,1130.9,320.2,997.0
10459920,stimulus_Arg_PISACowsMilk_10_page_6,1131.0,320.2,997.0
10459921,stimulus_Arg_PISACowsMilk_10_page_6,1131.0,319.6,995.0
10459922,stimulus_Arg_PISACowsMilk_10_page_6,1131.0,319.0,994.0
10459923,stimulus_Arg_PISACowsMilk_10_page_6,1131.0,319.0,994.0
10459924,stimulus_Arg_PISACowsMilk_10_page_6,1131.2,318.8,994.0
10459925,stimulus_Arg_PISACowsMilk_10_page_6,1131.5,318.5,994.0
10459926,stimulus_Arg_PISACowsMilk_10_page_6,1131.7,318.3,994.0
10459927,stimulus_Arg_PISACowsMilk_10_page_6,1131.7,318.4,994.0
10459928,stimulus_Arg_PISACowsMilk_10_page_6,1131.5,318.5,995.0
10459929,stimulus_Arg_PISACowsMilk_10_page_6,1131.3,318.6,995.0
10459930,stimulus_Arg_PISACowsMilk_10_page_6,1131.1,318.6,995.0
10459931,stimulus_Arg_PISACowsMilk_10_page_6,1131.1,318.5,996.0
10459932,stimulus_Arg_PISACowsMilk_10_page_6,1131.1,318.2,997.0
10459933,stimulus_Arg_PISACowsMilk_10_page_6,1130.7,318.1,998.0
10459934,stimulus_Arg_PISACowsMilk_10_page_6,1130.3,317.9,997.0
10459935,stimulus_Arg_PISACowsMilk_10_page_6,1129.9,317.9,997.0
10459936,stimulus_Arg_PISACowsMilk_10_page_6,1129.9,317.9,997.0
10459937,stimulus_Arg_PISACowsMilk_10_page_6,1129.8,317.9,998.0
10459938,stimulus_Arg_PISACowsMilk_10_page_6,1129.8,317.9,998.0
10459939,stimulus_Arg_PISACowsMilk_10_page_6,1130.1,317.9,998.0
10459940,stimulus_Arg_PISACowsMilk_10_page_6,1130.4,318.0,998.0
10459941,stimulus_Arg_PISACowsMilk_10_page_6,1130.4,318.7,999.0
10459942,stimulus_Arg_PISACowsMilk_10_page_6,1130.1,319.7,1000.0
10459943,stimulus_Arg_PISACowsMilk_10_page_6,1129.9,320.6,1001.0
10459944,stimulus_Arg_PISACowsMilk_10_page_6,1130.1,321.0,1001.0
10459945,stimulus_Arg_PISACowsMilk_10_page_6,1130.5,321.2,1001.0
10459946,stimulus_Arg_PISACowsMilk_10_page_6,1130.8,321.3,1001.0
10459947,stimulus_Arg_PISACowsMilk_10_page_6,1131.2,321.6,1001.0
10459948,stimulus_Arg_PISACowsMilk_10_page_6,1131.4,321.9,1002.0
10459949,stimulus_Arg_PISACowsMilk_10_page_6,1131.7,322.1,1004.0
10459950,stimulus_Arg_PISACowsMilk_10_page_6,1132.2,322.3,1006.0
10459951,stimulus_Arg_PISACowsMilk_10_page_6,1132.6,322.6,1005.0
10459952,stimulus_Arg_PISACowsMilk_10_page_6,1133.0,322.4,1004.0
10459953,stimulus_Arg_PISACowsMilk_10_page_6,1132.9,321.5,1002.0
10459954,stimulus_Arg_PISACowsMilk_10_page_6,1132.8,320.3,1001.0
10459955,stimulus_Arg_PISACowsMilk_10_page_6,1132.8,319.5,1001.0
10459956,stimulus_Arg_PISACowsMilk_10_page_6,1132.7,319.3,1002.0
10459957,stimulus_Arg_PISACowsMilk_10_page_6,1132.5,319.3,1003.0
10459958,stimulus_Arg_PISACowsMilk_10_page_6,1132.3,319.3,1005.0
10459959,stimulus_Arg_PISACowsMilk_10_page_6,1132.0,319.3,1006.0
10459960,stimulus_Arg_PISACowsMilk_10_page_6,1132.0,319.2,1007.0
10459961,stimulus_Arg_PISACowsMilk_10_page_6,1132.0,318.9,1008.0
10459962,stimulus_Arg_PISACowsMilk_10_page_6,1132.0,318.6,1008.0
10459963,stimulus_Arg_PISACowsMilk_10_page_6,1132.0,318.5,1009.0
10459964,stimulus_Arg_PISACowsMilk_10_page_6,1132.0,318.5,1009.0
10459965,stimulus_Arg_PISACowsMilk_10_page_6,1132.3,318.4,1009.0
10459966,stimulus_Arg_PISACowsMilk_10_page_6,1132.6,318.1,1009.0
10459967,stimulus_Arg_PISACowsMilk_10_page_6,1133.0,317.9,1007.0
10459968,stimulus_Arg_PISACowsMilk_10_page_6,1133.0,317.7,1006.0
10459969,stimulus_Arg_PISACowsMilk_10_page_6,1133.0,317.7,1006.0
10459970,stimulus_Arg_PISACowsMilk_10_page_6,1133.0,317.7,1006.0
10459971,stimulus_Arg_PISACowsMilk_10_page_6,1133.0,317.5,1005.0
10459972,stimulus_Arg_PISACowsMilk_10_page_6,1133.0,317.4,1003.0
10459973,stimulus_Arg_PISACowsMilk_10_page_6,1133.0,317.8,1001.0
10459974,stimulus_Arg_PISACowsMilk_10_page_6,1133.4,318.4,1002.0
10459975,stimulus_Arg_PISACowsMilk_10_page_6,1133.7,319.0,1003.0
10459976,stimulus_Arg_PISACowsMilk_10_page_6,1134.0,319.1,1004.0
10459977,stimulus_Arg_PISACowsMilk_10_page_6,1133.8,319.5,1004.0
10459978,stimulus_Arg_PISACowsMilk_10_page_6,1133.7,320.0,1004.0
10459979,stimulus_Arg_PISACowsMilk_10_page_6,1133.6,320.4,1005.0
10459980,stimulus_Arg_PISACowsMilk_10_page_6,1133.7,320.4,1005.0
10459981,stimulus_Arg_PISACowsMilk_10_page_6,1133.7,320.3,1005.0
10459982,stimulus_Arg_PISACowsMilk_10_page_6,1133.1,319.8,1005.0
10459983,stimulus_Arg_PISACowsMilk_10_page_6,1132.5,319.3,1005.0
10459984,stimulus_Arg_PISACowsMilk_10_page_6,1131.7,318.8,1005.0
10459985,stimulus_Arg_PISACowsMilk_10_page_6,1131.5,318.8,1005.0
10459986,stimulus_Arg_PISACowsMilk_10_page_6,1131.4,318.7,1005.0
10459987,stimulus_Arg_PISACowsMilk_10_page_6,1131.4,318.4,1006.0
10459988,stimulus_Arg_PISACowsMilk_10_page_6,1131.5,318.2,1008.0
10459989,stimulus_Arg_PISACowsMilk_10_page_6,1131.5,318.1,1008.0
10459990,stimulus_Arg_PISACowsMilk_10_page_6,1131.5,318.1,1008.0
10459991,stimulus_Arg_PISACowsMilk_10_page_6,1131.4,318.0,1008.0
10459992,stimulus_Arg_PISACowsMilk_10_page_6,1131.7,318.0,1008.0
10459993,stimulus_Arg_PISACowsMilk_10_page_6,1132.2,318.2,1008.0
10459994,stimulus_Arg_PISACowsMilk_10_page_6,1132.7,318.5,1008.0
10459995,stimulus_Arg_PISACowsMilk_10_page_6,1133.2,318.8,1008.0
10459996,stimulus_Arg_PISACowsMilk_10_page_6,1133.4,318.8,1008.0
10459997,stimulus_Arg_PISACowsMilk_10_page_6,1134.0,318.9,1009.0
10459998,stimulus_Arg_PISACowsMilk_10_page_6,1134.8,318.9,1010.0
10459999,stimulus_Arg_PISACowsMilk_10_page_6,1135.6,319.0,1011.0
10460000,stimulus_Arg_PISACowsMilk_10_page_6,1135.9,319.0,1011.0
10460001,stimulus_Arg_PISACowsMilk_10_page_6,1136.3,319.4,1011.0
10460002,stimulus_Arg_PISACowsMilk_10_page_6,1136.8,319.9,1011.0
10460003,stimulus_Arg_PISACowsMilk_10_page_6,1137.2,320.6,1010.0
10460004,stimulus_Arg_PISACowsMilk_10_page_6,1137.3,320.9,1009.0
10460005,stimulus_Arg_PISACowsMilk_10_page_6,1137.3,321.3,1007.0
10460006,stimulus_Arg_PISACowsMilk_10_page_6,1137.0,321.4,1004.0
10460007,stimulus_Arg_PISACowsMilk_10_page_6,1135.7,320.8,1003.0
10460008,stimulus_Arg_PISACowsMilk_10_page_6,1133.5,320.0,1001.0
10460009,stimulus_Arg_PISACowsMilk_10_page_6,1131.1,319.2,1001.0
10460010,stimulus_Arg_PISACowsMilk_10_page_6,1128.9,319.0,1003.0
10460011,stimulus_Arg_PISACowsMilk_10_page_6,1126.6,318.8,1005.0
10460012,stimulus_Arg_PISACowsMilk_10_page_6,1124.5,318.1,1008.0
10460013,stimulus_Arg_PISACowsMilk_10_page_6,1121.4,317.3,1010.0
10460014,stimulus_Arg_PISACowsMilk_10_page_6,1117.8,316.5,1013.0
10460015,stimulus_Arg_PISACowsMilk_10_page_6,1112.7,314.9,1012.0
10460016,stimulus_Arg_PISACowsMilk_10_page_6,1107.7,313.3,1012.0
10460017,stimulus_Arg_PISACowsMilk_10_page_6,1103.5,312.0,1013.0
10460018,stimulus_Arg_PISACowsMilk_10_page_6,1099.7,311.7,1014.0
10460019,stimulus_Arg_PISACowsMilk_10_page_6,1096.8,311.6,1015.0
10460020,stimulus_Arg_PISACowsMilk_10_page_6,1093.9,311.3,1016.0
10460021,stimulus_Arg_PISACowsMilk_10_page_6,1092.0,311.0,1017.0
10460022,stimulus_Arg_PISACowsMilk_10_page_6,1090.4,310.9,1018.0
10460023,stimulus_Arg_PISACowsMilk_10_page_6,1089.7,311.0,1018.0
10460024,stimulus_Arg_PISACowsMilk_10_page_6,1089.8,311.1,1017.0
10460025,stimulus_Arg_PISACowsMilk_10_page_6,1090.3,311.5,1018.0
10460026,stimulus_Arg_PISACowsMilk_10_page_6,1091.5,312.6,1019.0
10460027,stimulus_Arg_PISACowsMilk_10_page_6,1092.8,313.7,1019.0
10460028,stimulus_Arg_PISACowsMilk_10_page_6,1094.3,314.8,1020.0
10460029,stimulus_Arg_PISACowsMilk_10_page_6,1095.8,315.2,1020.0
10460030,stimulus_Arg_PISACowsMilk_10_page_6,1097.1,315.6,1020.0
10460031,stimulus_Arg_PISACowsMilk_10_page_6,1098.3,315.8,1020.0
10460032,stimulus_Arg_PISACowsMilk_10_page_6,1099.4,315.9,1019.0
10460033,stimulus_Arg_PISACowsMilk_10_page_6,1100.3,315.8,1018.0
10460034,stimulus_Arg_PISACowsMilk_10_page_6,1101.4,315.7,1017.0
10460035,stimulus_Arg_PISACowsMilk_10_page_6,1102.0,315.7,1017.0
10460036,stimulus_Arg_PISACowsMilk_10_page_6,1102.5,315.5,1017.0
10460037,stimulus_Arg_PISACowsMilk_10_page_6,1102.7,315.2,1016.0
10460038,stimulus_Arg_PISACowsMilk_10_page_6,1103.1,315.2,1016.0
10460039,stimulus_Arg_PISACowsMilk_10_page_6,1103.2,315.3,1016.0
10460040,stimulus_Arg_PISACowsMilk_10_page_6,1103.2,315.4,1017.0
10460041,stimulus_Arg_PISACowsMilk_10_page_6,1103.3,315.3,1017.0
10460042,stimulus_Arg_PISACowsMilk_10_page_6,1103.5,315.2,1018.0
10460043,stimulus_Arg_PISACowsMilk_10_page_6,1103.4,315.3,1018.0
10460044,stimulus_Arg_PISACowsMilk_10_page_6,1103.2,315.5,1017.0
10460045,stimulus_Arg_PISACowsMilk_10_page_6,1102.7,315.7,1017.0
10460046,stimulus_Arg_PISACowsMilk_10_page_6,1102.4,315.7,1017.0
10460047,stimulus_Arg_PISACowsMilk_10_page_6,1102.1,315.6,1017.0
10460048,stimulus_Arg_PISACowsMilk_10_page_6,1101.9,315.6,1017.0
10460049,stimulus_Arg_PISACowsMilk_10_page_6,1101.8,315.6,1018.0
10460050,stimulus_Arg_PISACowsMilk_10_page_6,1101.9,315.5,1018.0
10460051,stimulus_Arg_PISACowsMilk_10_page_6,1101.9,315.3,1018.0
10460052,stimulus_Arg_PISACowsMilk_10_page_6,1101.9,315.1,1018.0
10460053,stimulus_Arg_PISACowsMilk_10_page_6,1101.7,314.9,1018.0
10460054,stimulus_Arg_PISACowsMilk_10_page_6,1101.6,314.9,1018.0
10460055,stimulus_Arg_PISACowsMilk_10_page_6,1101.6,314.5,1018.0
10460056,stimulus_Arg_PISACowsMilk_10_page_6,1101.3,314.0,1018.0
10460057,stimulus_Arg_PISACowsMilk_10_page_6,1101.0,313.5,1018.0
10460058,stimulus_Arg_PISACowsMilk_10_page_6,1100.6,313.3,1018.0
10460059,stimulus_Arg_PISACowsMilk_10_page_6,1100.6,313.3,1018.0
10460060,stimulus_Arg_PISACowsMilk_10_page_6,1100.6,313.3,1019.0
10460061,stimulus_Arg_PISACowsMilk_10_page_6,1100.3,313.3,1021.0
10460062,stimulus_Arg_PISACowsMilk_10_page_6,1100.0,313.3,1022.0
10460063,stimulus_Arg_PISACowsMilk_10_page_6,1099.5,313.4,1022.0
10460064,stimulus_Arg_PISACowsMilk_10_page_6,1099.3,313.5,1022.0
10460065,stimulus_Arg_PISACowsMilk_10_page_6,1099.1,313.6,1022.0
10460066,stimulus_Arg_PISACowsMilk_10_page_6,1099.0,313.6,1022.0
10460067,stimulus_Arg_PISACowsMilk_10_page_6,1098.8,313.7,1022.0
10460068,stimulus_Arg_PISACowsMilk_10_page_6,1098.4,313.8,1022.0
10460069,stimulus_Arg_PISACowsMilk_10_page_6,1098.3,313.9,1022.0
10460070,stimulus_Arg_PISACowsMilk_10_page_6,1098.2,314.0,1023.0
10460071,stimulus_Arg_PISACowsMilk_10_page_6,1098.3,314.3,1023.0
10460072,stimulus_Arg_PISACowsMilk_10_page_6,1098.4,314.7,1024.0
10460073,stimulus_Arg_PISACowsMilk_10_page_6,1098.3,314.9,1024.0
10460074,stimulus_Arg_PISACowsMilk_10_page_6,1098.3,315.0,1024.0
10460075,stimulus_Arg_PISACowsMilk_10_page_6,1098.1,315.1,1024.0
10460076,stimulus_Arg_PISACowsMilk_10_page_6,1098.0,315.2,1025.0
10460077,stimulus_Arg_PISACowsMilk_10_page_6,1098.0,315.3,1026.0
10460078,stimulus_Arg_PISACowsMilk_10_page_6,1098.0,315.4,1026.0
10460079,stimulus_Arg_PISACowsMilk_10_page_6,1098.0,315.4,1026.0
10460080,stimulus_Arg_PISACowsMilk_10_page_6,1097.9,315.7,1028.0
10460081,stimulus_Arg_PISACowsMilk_10_page_6,1097.8,316.7,1030.0
10460082,stimulus_Arg_PISACowsMilk_10_page_6,1097.7,317.6,1032.0
10460083,stimulus_Arg_PISACowsMilk_10_page_6,1097.8,318.1,1032.0
10460084,stimulus_Arg_PISACowsMilk_10_page_6,1098.1,318.1,1030.0
10460085,stimulus_Arg_PISACowsMilk_10_page_6,1098.3,318.5,1030.0
10460086,stimulus_Arg_PISACowsMilk_10_page_6,1098.4,318.8,1031.0
10460087,stimulus_Arg_PISACowsMilk_10_page_6,1098.6,319.1,1032.0
10460088,stimulus_Arg_PISACowsMilk_10_page_6,1098.7,319.0,1032.0
10460089,stimulus_Arg_PISACowsMilk_10_page_6,1098.8,318.9,1031.0
10460090,stimulus_Arg_PISACowsMilk_10_page_6,1098.8,318.9,1031.0
10460091,stimulus_Arg_PISACowsMilk_10_page_6,1098.8,318.6,1032.0
10460092,stimulus_Arg_PISACowsMilk_10_page_6,1099.0,318.4,1032.0
10460093,stimulus_Arg_PISACowsMilk_10_page_6,1099.2,318.1,1033.0
10460094,stimulus_Arg_PISACowsMilk_10_page_6,1099.2,318.3,1033.0
10460095,stimulus_Arg_PISACowsMilk_10_page_6,1098.9,318.4,1034.0
10460096,stimulus_Arg_PISACowsMilk_10_page_6,1098.6,318.5,1036.0
10460097,stimulus_Arg_PISACowsMilk_10_page_6,1098.7,318.3,1037.0
10460098,stimulus_Arg_PISACowsMilk_10_page_6,1099.0,318.1,1037.0
10460099,stimulus_Arg_PISACowsMilk_10_page_6,1099.4,318.1,1037.0
10460100,stimulus_Arg_PISACowsMilk_10_page_6,1099.6,318.3,1037.0
10460101,stimulus_Arg_PISACowsMilk_10_page_6,1099.6,318.3,1037.0
10460102,stimulus_Arg_PISACowsMilk_10_page_6,1099.5,318.1,1037.0
10460103,stimulus_Arg_PISACowsMilk_10_page_6,1099.4,318.1,1037.0
10460104,stimulus_Arg_PISACowsMilk_10_page_6,1099.3,318.2,1039.0
10460105,stimulus_Arg_PISACowsMilk_10_page_6,1099.3,318.3,1040.0
10460106,stimulus_Arg_PISACowsMilk_10_page_6,1099.3,318.3,1041.0
10460107,stimulus_Arg_PISACowsMilk_10_page_6,1099.2,318.1,1042.0
10460108,stimulus_Arg_PISACowsMilk_10_page_6,1099.1,317.9,1042.0
10460109,stimulus_Arg_PISACowsMilk_10_page_6,1099.0,317.8,1042.0
10460110,stimulus_Arg_PISACowsMilk_10_page_6,1098.9,317.9,1042.0
10460111,stimulus_Arg_PISACowsMilk_10_page_6,1098.8,317.7,1042.0
10460112,stimulus_Arg_PISACowsMilk_10_page_6,1098.8,317.6,1042.0
10460113,stimulus_Arg_PISACowsMilk_10_page_6,1098.8,317.3,1043.0
10460114,stimulus_Arg_PISACowsMilk_10_page_6,1098.8,317.2,1043.0
10460115,stimulus_Arg_PISACowsMilk_10_page_6,1098.9,316.7,1042.0
10460116,stimulus_Arg_PISACowsMilk_10_page_6,1098.9,316.3,1042.0
10460117,stimulus_Arg_PISACowsMilk_10_page_6,1098.8,316.1,1041.0
10460118,stimulus_Arg_PISACowsMilk_10_page_6,1098.7,316.0,1041.0
10460119,stimulus_Arg_PISACowsMilk_10_page_6,1098.6,315.9,1042.0
10460120,stimulus_Arg_PISACowsMilk_10_page_6,1098.4,315.8,1043.0
10460121,stimulus_Arg_PISACowsMilk_10_page_6,1098.2,315.4,1044.0
10460122,stimulus_Arg_PISACowsMilk_10_page_6,1098.2,315.0,1044.0
10460123,stimulus_Arg_PISACowsMilk_10_page_6,1098.2,314.5,1043.0
10460124,stimulus_Arg_PISACowsMilk_10_page_6,1098.0,314.0,1042.0
10460125,stimulus_Arg_PISACowsMilk_10_page_6,1097.7,313.4,1042.0
10460126,stimulus_Arg_PISACowsMilk_10_page_6,1097.5,313.0,1042.0
10460127,stimulus_Arg_PISACowsMilk_10_page_6,1097.4,313.2,1042.0
10460128,stimulus_Arg_PISACowsMilk_10_page_6,1097.4,313.5,1042.0
10460129,stimulus_Arg_PISACowsMilk_10_page_6,1097.3,313.8,1042.0
10460130,stimulus_Arg_PISACowsMilk_10_page_6,1097.3,313.9,1042.0
10460131,stimulus_Arg_PISACowsMilk_10_page_6,1097.3,314.0,1042.0
10460132,stimulus_Arg_PISACowsMilk_10_page_6,1097.1,314.3,1042.0
10460133,stimulus_Arg_PISACowsMilk_10_page_6,1097.0,314.6,1042.0
10460134,stimulus_Arg_PISACowsMilk_10_page_6,1097.0,315.2,1043.0
10460135,stimulus_Arg_PISACowsMilk_10_page_6,1097.1,315.6,1044.0
10460136,stimulus_Arg_PISACowsMilk_10_page_6,1097.2,315.9,1046.0
10460137,stimulus_Arg_PISACowsMilk_10_page_6,1097.2,316.2,1046.0
10460138,stimulus_Arg_PISACowsMilk_10_page_6,1097.4,316.6,1047.0
10460139,stimulus_Arg_PISACowsMilk_10_page_6,1097.8,317.0,1048.0
10460140,stimulus_Arg_PISACowsMilk_10_page_6,1098.1,316.9,1048.0
10460141,stimulus_Arg_PISACowsMilk_10_page_6,1098.3,316.8,1048.0
10460142,stimulus_Arg_PISACowsMilk_10_page_6,1098.2,316.7,1048.0
10460143,stimulus_Arg_PISACowsMilk_10_page_6,1098.2,316.5,1047.0
10460144,stimulus_Arg_PISACowsMilk_10_page_6,1098.1,316.2,1048.0
10460145,stimulus_Arg_PISACowsMilk_10_page_6,1098.0,316.1,1048.0
10460146,stimulus_Arg_PISACowsMilk_10_page_6,1097.8,316.2,1048.0
10460147,stimulus_Arg_PISACowsMilk_10_page_6,1097.7,316.5,1048.0
10460148,stimulus_Arg_PISACowsMilk_10_page_6,1097.7,316.7,1048.0
10460149,stimulus_Arg_PISACowsMilk_10_page_6,1097.6,316.8,1050.0
10460150,stimulus_Arg_PISACowsMilk_10_page_6,1097.5,316.9,1051.0
10460151,stimulus_Arg_PISACowsMilk_10_page_6,1097.6,317.0,1053.0
10460152,stimulus_Arg_PISACowsMilk_10_page_6,1097.8,317.2,1052.0
10460153,stimulus_Arg_PISACowsMilk_10_page_6,1097.7,317.2,1051.0
10460154,stimulus_Arg_PISACowsMilk_10_page_6,1097.4,317.2,1050.0
10460155,stimulus_Arg_PISACowsMilk_10_page_6,1097.2,317.2,1051.0
10460156,stimulus_Arg_PISACowsMilk_10_page_6,1097.4,317.2,1053.0
10460157,stimulus_Arg_PISACowsMilk_10_page_6,1097.5,317.1,1055.0
10460158,stimulus_Arg_PISACowsMilk_10_page_6,1097.6,317.0,1055.0
10460159,stimulus_Arg_PISACowsMilk_10_page_6,1097.6,316.9,1055.0
10460160,stimulus_Arg_PISACowsMilk_10_page_6,1097.6,316.9,1054.0
10460161,stimulus_Arg_PISACowsMilk_10_page_6,1097.5,316.8,1054.0
10460162,stimulus_Arg_PISACowsMilk_10_page_6,1097.3,316.7,1055.0
10460163,stimulus_Arg_PISACowsMilk_10_page_6,1097.2,316.6,1057.0
10460164,stimulus_Arg_PISACowsMilk_10_page_6,1097.1,316.8,1058.0
10460165,stimulus_Arg_PISACowsMilk_10_page_6,1097.2,317.0,1058.0
10460166,stimulus_Arg_PISACowsMilk_10_page_6,1097.4,317.2,1057.0
10460167,stimulus_Arg_PISACowsMilk_10_page_6,1097.8,317.2,1057.0
10460168,stimulus_Arg_PISACowsMilk_10_page_6,1098.2,317.2,1058.0
10460169,stimulus_Arg_PISACowsMilk_10_page_6,1098.3,316.8,1058.0
10460170,stimulus_Arg_PISACowsMilk_10_page_6,1098.2,316.5,1059.0
10460171,stimulus_Arg_PISACowsMilk_10_page_6,1098.0,316.1,1059.0
10460172,stimulus_Arg_PISACowsMilk_10_page_6,1097.9,316.1,1060.0
10460173,stimulus_Arg_PISACowsMilk_10_page_6,1097.7,316.1,1060.0
10460174,stimulus_Arg_PISACowsMilk_10_page_6,1097.7,316.0,1060.0
10460175,stimulus_Arg_PISACowsMilk_10_page_6,1097.6,316.0,1059.0
10460176,stimulus_Arg_PISACowsMilk_10_page_6,1097.6,316.0,1058.0
10460177,stimulus_Arg_PISACowsMilk_10_page_6,1097.6,316.2,1059.0
10460178,stimulus_Arg_PISACowsMilk_10_page_6,1097.7,316.3,1059.0
10460179,stimulus_Arg_PISACowsMilk_10_page_6,1097.8,316.5,1060.0
10460180,stimulus_Arg_PISACowsMilk_10_page_6,1097.8,316.5,1060.0
10460181,stimulus_Arg_PISACowsMilk_10_page_6,1097.8,316.6,1060.0
10460182,stimulus_Arg_PISACowsMilk_10_page_6,1097.9,316.7,1060.0
10460183,stimulus_Arg_PISACowsMilk_10_page_6,1098.0,316.8,1060.0
10460184,stimulus_Arg_PISACowsMilk_10_page_6,1097.9,316.8,1060.0
10460185,stimulus_Arg_PISACowsMilk_10_page_6,1097.8,316.9,1061.0
10460186,stimulus_Arg_PISACowsMilk_10_page_6,1097.6,317.2,1061.0
10460187,stimulus_Arg_PISACowsMilk_10_page_6,1097.7,317.5,1062.0
10460188,stimulus_Arg_PISACowsMilk_10_page_6,1097.7,317.6,1062.0
10460189,stimulus_Arg_PISACowsMilk_10_page_6,1097.6,317.4,1062.0
10460190,stimulus_Arg_PISACowsMilk_10_page_6,1097.5,317.3,1062.0
10460191,stimulus_Arg_PISACowsMilk_10_page_6,1097.4,317.1,1062.0
10460192,stimulus_Arg_PISACowsMilk_10_page_6,1097.2,317.1,1062.0
10460193,stimulus_Arg_PISACowsMilk_10_page_6,1097.1,317.1,1060.0
10460194,stimulus_Arg_PISACowsMilk_10_page_6,1097.1,317.1,1059.0
10460195,stimulus_Arg_PISACowsMilk_10_page_6,1097.2,317.1,1059.0
10460196,stimulus_Arg_PISACowsMilk_10_page_6,1097.2,317.2,1059.0
10460197,stimulus_Arg_PISACowsMilk_10_page_6,1097.2,317.3,1059.0
10460198,stimulus_Arg_PISACowsMilk_10_page_6,1097.0,317.3,1059.0
10460199,stimulus_Arg_PISACowsMilk_10_page_6,1097.0,317.3,1059.0
10460200,stimulus_Arg_PISACowsMilk_10_page_6,1097.0,317.2,1059.0
10460201,stimulus_Arg_PISACowsMilk_10_page_6,1097.0,317.2,1060.0
10460202,stimulus_Arg_PISACowsMilk_10_page_6,1097.0,317.1,1061.0
10460203,stimulus_Arg_PISACowsMilk_10_page_6,1097.0,316.8,1061.0
10460204,stimulus_Arg_PISACowsMilk_10_page_6,1097.1,316.3,1060.0
10460205,stimulus_Arg_PISACowsMilk_10_page_6,1097.3,315.9,1060.0
10460206,stimulus_Arg_PISACowsMilk_10_page_6,1097.5,316.1,1060.0
10460207,stimulus_Arg_PISACowsMilk_10_page_6,1097.7,316.4,1060.0
10460208,stimulus_Arg_PISACowsMilk_10_page_6,1097.7,316.8,1059.0
10460209,stimulus_Arg_PISACowsMilk_10_page_6,1097.7,317.0,1059.0
10460210,stimulus_Arg_PISACowsMilk_10_page_6,1097.8,317.2,1059.0
10460211,stimulus_Arg_PISACowsMilk_10_page_6,1098.0,317.4,1059.0
10460212,stimulus_Arg_PISACowsMilk_10_page_6,1098.1,317.5,1059.0
10460213,stimulus_Arg_PISACowsMilk_10_page_6,1097.9,317.5,1060.0
10460214,stimulus_Arg_PISACowsMilk_10_page_6,1097.6,317.6,1061.0
10460215,stimulus_Arg_PISACowsMilk_10_page_6,1097.4,317.6,1062.0
10460216,stimulus_Arg_PISACowsMilk_10_page_6,1097.5,317.6,1062.0
10460217,stimulus_Arg_PISACowsMilk_10_page_6,1097.6,317.6,1063.0
10460218,stimulus_Arg_PISACowsMilk_10_page_6,1097.8,317.7,1063.0
10460219,stimulus_Arg_PISACowsMilk_10_page_6,1097.9,317.7,1064.0
10460220,stimulus_Arg_PISACowsMilk_10_page_6,1097.8,317.7,1064.0
10460221,stimulus_Arg_PISACowsMilk_10_page_6,1097.6,317.6,1065.0
10460222,stimulus_Arg_PISACowsMilk_10_page_6,1098.0,317.8,1065.0
10460223,stimulus_Arg_PISACowsMilk_10_page_6,1098.4,318.2,1065.0
10460224,stimulus_Arg_PISACowsMilk_10_page_6,1098.8,318.6,1065.0
10460225,stimulus_Arg_PISACowsMilk_10_page_6,1098.8,318.7,1064.0
10460226,stimulus_Arg_PISACowsMilk_10_page_6,1098.6,318.8,1064.0
10460227,stimulus_Arg_PISACowsMilk_10_page_6,1098.2,318.9,1064.0
10460228,stimulus_Arg_PISACowsMilk_10_page_6,1097.9,318.5,1063.0
10460229,stimulus_Arg_PISACowsMilk_10_page_6,1097.8,318.0,1063.0
10460230,stimulus_Arg_PISACowsMilk_10_page_6,1097.8,318.2,1063.0
10460231,stimulus_Arg_PISACowsMilk_10_page_6,1097.7,318.8,1063.0
10460232,stimulus_Arg_PISACowsMilk_10_page_6,1097.7,319.4,1064.0
10460233,stimulus_Arg_PISACowsMilk_10_page_6,1097.9,319.5,1065.0
10460234,stimulus_Arg_PISACowsMilk_10_page_6,1098.0,319.6,1065.0
10460235,stimulus_Arg_PISACowsMilk_10_page_6,1098.4,319.7,1065.0
10460236,stimulus_Arg_PISACowsMilk_10_page_6,1098.5,319.7,1065.0
10460237,stimulus_Arg_PISACowsMilk_10_page_6,1098.6,319.7,1065.0
10460238,stimulus_Arg_PISACowsMilk_10_page_6,1098.6,319.6,1064.0
10460239,stimulus_Arg_PISACowsMilk_10_page_6,1098.6,319.4,1065.0
10460240,stimulus_Arg_PISACowsMilk_10_page_6,1098.8,319.4,1065.0
10460241,stimulus_Arg_PISACowsMilk_10_page_6,1099.0,319.7,1067.0
10460242,stimulus_Arg_PISACowsMilk_10_page_6,1099.2,320.0,1067.0
10460243,stimulus_Arg_PISACowsMilk_10_page_6,1099.2,320.6,1068.0
10460244,stimulus_Arg_PISACowsMilk_10_page_6,1098.4,320.9,1067.0
10460245,stimulus_Arg_PISACowsMilk_10_page_6,1096.9,321.1,1067.0
10460246,stimulus_Arg_PISACowsMilk_10_page_6,1093.8,320.6,1067.0
10460247,stimulus_Arg_PISACowsMilk_10_page_6,1089.6,319.6,1067.0
10460248,stimulus_Arg_PISACowsMilk_10_page_6,1083.1,318.6,1066.0
10460249,stimulus_Arg_PISACowsMilk_10_page_6,1074.9,317.9,1067.0
10460250,stimulus_Arg_PISACowsMilk_10_page_6,1064.2,318.0,1069.0
10460251,stimulus_Arg_PISACowsMilk_10_page_6,1052.0,318.0,1071.0
10460252,stimulus_Arg_PISACowsMilk_10_page_6,1037.8,317.9,1072.0
10460253,stimulus_Arg_PISACowsMilk_10_page_6,1021.6,317.7,1072.0
10460254,stimulus_Arg_PISACowsMilk_10_page_6,1005.8,317.9,1073.0
10460255,stimulus_Arg_PISACowsMilk_10_page_6,989.2,318.3,1077.0
10460256,stimulus_Arg_PISACowsMilk_10_page_6,972.6,319.1,1080.0
10460257,stimulus_Arg_PISACowsMilk_10_page_6,955.5,319.3,1085.0
10460258,stimulus_Arg_PISACowsMilk_10_page_6,940.1,319.5,1088.0
10460259,stimulus_Arg_PISACowsMilk_10_page_6,926.4,320.1,1093.0
10460260,stimulus_Arg_PISACowsMilk_10_page_6,913.4,320.8,1098.0
10460261,stimulus_Arg_PISACowsMilk_10_page_6,901.1,321.5,1103.0
10460262,stimulus_Arg_PISACowsMilk_10_page_6,888.6,321.1,1107.0
10460263,stimulus_Arg_PISACowsMilk_10_page_6,875.2,320.7,1110.0
10460264,stimulus_Arg_PISACowsMilk_10_page_6,860.7,320.0,1113.0
10460265,stimulus_Arg_PISACowsMilk_10_page_6,845.1,319.5,1113.0
10460266,stimulus_Arg_PISACowsMilk_10_page_6,830.6,318.9,1112.0
10460267,stimulus_Arg_PISACowsMilk_10_page_6,815.5,318.5,1111.0
10460268,stimulus_Arg_PISACowsMilk_10_page_6,801.5,318.0,1110.0
10460269,stimulus_Arg_PISACowsMilk_10_page_6,785.9,317.4,1110.0
10460270,stimulus_Arg_PISACowsMilk_10_page_6,771.6,316.8,1111.0
10460271,stimulus_Arg_PISACowsMilk_10_page_6,756.0,316.1,1110.0
10460272,stimulus_Arg_PISACowsMilk_10_page_6,741.7,315.5,1111.0
10460273,stimulus_Arg_PISACowsMilk_10_page_6,727.0,314.8,1111.0
10460274,stimulus_Arg_PISACowsMilk_10_page_6,713.3,314.3,1111.0
10460275,stimulus_Arg_PISACowsMilk_10_page_6,700.2,314.1,1111.0
10460276,stimulus_Arg_PISACowsMilk_10_page_6,686.3,314.0,1112.0
10460277,stimulus_Arg_PISACowsMilk_10_page_6,672.9,314.5,1112.0
10460278,stimulus_Arg_PISACowsMilk_10_page_6,658.7,315.8,1112.0
10460279,stimulus_Arg_PISACowsMilk_10_page_6,646.1,318.1,1112.0
10460280,stimulus_Arg_PISACowsMilk_10_page_6,633.0,319.9,1113.0
10460281,stimulus_Arg_PISACowsMilk_10_page_6,619.5,322.1,1113.0
10460282,stimulus_Arg_PISACowsMilk_10_page_6,605.5,324.0,1114.0
10460283,stimulus_Arg_PISACowsMilk_10_page_6,589.9,326.8,1116.0
10460284,stimulus_Arg_PISACowsMilk_10_page_6,574.4,328.2,1116.0
10460285,stimulus_Arg_PISACowsMilk_10_page_6,556.9,330.3,1114.0
10460286,stimulus_Arg_PISACowsMilk_10_page_6,540.8,331.7,1112.0
10460287,stimulus_Arg_PISACowsMilk_10_page_6,524.0,333.7,1112.0
10460288,stimulus_Arg_PISACowsMilk_10_page_6,509.1,334.4,1112.0
10460289,stimulus_Arg_PISACowsMilk_10_page_6,494.7,335.7,1112.0
10460290,stimulus_Arg_PISACowsMilk_10_page_6,481.0,336.1,1113.0
10460291,stimulus_Arg_PISACowsMilk_10_page_6,466.8,337.9,1114.0
10460292,stimulus_Arg_PISACowsMilk_10_page_6,452.0,339.9,1115.0
10460293,stimulus_Arg_PISACowsMilk_10_page_6,437.9,342.6,1115.0
10460294,stimulus_Arg_PISACowsMilk_10_page_6,425.7,343.7,1114.0
10460295,stimulus_Arg_PISACowsMilk_10_page_6,414.3,344.9,1115.0
10460296,stimulus_Arg_PISACowsMilk_10_page_6,402.6,345.8,1115.0
10460297,stimulus_Arg_PISACowsMilk_10_page_6,389.3,347.4,1115.0
10460298,stimulus_Arg_PISACowsMilk_10_page_6,377.4,348.1,1115.0
10460299,stimulus_Arg_PISACowsMilk_10_page_6,366.0,348.9,1117.0
10460300,stimulus_Arg_PISACowsMilk_10_page_6,355.0,349.2,1119.0
10460301,stimulus_Arg_PISACowsMilk_10_page_6,344.0,349.9,1121.0
10460302,stimulus_Arg_PISACowsMilk_10_page_6,333.3,349.9,1121.0
10460303,stimulus_Arg_PISACowsMilk_10_page_6,323.5,350.3,1121.0
10460304,stimulus_Arg_PISACowsMilk_10_page_6,313.4,350.3,1120.0
10460305,stimulus_Arg_PISACowsMilk_10_page_6,303.1,351.2,1119.0
10460306,stimulus_Arg_PISACowsMilk_10_page_6,294.4,351.9,1117.0
10460307,stimulus_Arg_PISACowsMilk_10_page_6,284.2,353.3,1116.0
10460308,stimulus_Arg_PISACowsMilk_10_page_6,275.6,354.4,1116.0
10460309,stimulus_Arg_PISACowsMilk_10_page_6,264.9,355.1,1116.0
10460310,stimulus_Arg_PISACowsMilk_10_page_6,257.0,355.9,1116.0
10460311,stimulus_Arg_PISACowsMilk_10_page_6,248.3,357.2,1115.0
10460312,stimulus_Arg_PISACowsMilk_10_page_6,240.9,358.6,1113.0
10460313,stimulus_Arg_PISACowsMilk_10_page_6,234.2,359.6,1112.0
10460314,stimulus_Arg_PISACowsMilk_10_page_6,228.1,360.0,1112.0
10460315,stimulus_Arg_PISACowsMilk_10_page_6,223.2,361.1,1115.0
10460316,stimulus_Arg_PISACowsMilk_10_page_6,219.4,362.9,1118.0
10460317,stimulus_Arg_PISACowsMilk_10_page_6,218.2,364.4,1121.0
10460318,stimulus_Arg_PISACowsMilk_10_page_6,218.4,365.3,1121.0
10460319,stimulus_Arg_PISACowsMilk_10_page_6,219.4,365.5,1122.0
10460320,stimulus_Arg_PISACowsMilk_10_page_6,220.7,365.5,1123.0
10460321,stimulus_Arg_PISACowsMilk_10_page_6,222.7,365.4,1122.0
10460322,stimulus_Arg_PISACowsMilk_10_page_6,225.0,364.7,1121.0
10460323,stimulus_Arg_PISACowsMilk_10_page_6,227.9,363.9,1120.0
10460324,stimulus_Arg_PISACowsMilk_10_page_6,231.1,362.9,1119.0
10460325,stimulus_Arg_PISACowsMilk_10_page_6,234.5,361.6,1119.0
10460326,stimulus_Arg_PISACowsMilk_10_page_6,237.0,360.1,1119.0
10460327,stimulus_Arg_PISACowsMilk_10_page_6,238.5,358.7,1120.0
10460328,stimulus_Arg_PISACowsMilk_10_page_6,238.5,357.9,1121.0
10460329,stimulus_Arg_PISACowsMilk_10_page_6,238.1,357.3,1120.0
10460330,stimulus_Arg_PISACowsMilk_10_page_6,237.0,356.8,1120.0
10460331,stimulus_Arg_PISACowsMilk_10_page_6,235.6,356.6,1119.0
10460332,stimulus_Arg_PISACowsMilk_10_page_6,233.9,356.6,1118.0
10460333,stimulus_Arg_PISACowsMilk_10_page_6,232.3,356.9,1116.0
10460334,stimulus_Arg_PISACowsMilk_10_page_6,230.8,357.3,1114.0
10460335,stimulus_Arg_PISACowsMilk_10_page_6,228.8,357.7,1114.0
10460336,stimulus_Arg_PISACowsMilk_10_page_6,227.0,358.3,1113.0
10460337,stimulus_Arg_PISACowsMilk_10_page_6,225.3,359.0,1111.0
10460338,stimulus_Arg_PISACowsMilk_10_page_6,224.3,359.7,1110.0
10460339,stimulus_Arg_PISACowsMilk_10_page_6,223.9,360.0,1110.0
10460340,stimulus_Arg_PISACowsMilk_10_page_6,223.6,360.6,1111.0
10460341,stimulus_Arg_PISACowsMilk_10_page_6,223.4,361.3,1111.0
10460342,stimulus_Arg_PISACowsMilk_10_page_6,223.2,362.1,1109.0
10460343,stimulus_Arg_PISACowsMilk_10_page_6,223.1,362.3,1108.0
10460344,stimulus_Arg_PISACowsMilk_10_page_6,223.0,362.7,1109.0
10460345,stimulus_Arg_PISACowsMilk_10_page_6,222.9,363.2,1109.0
10460346,stimulus_Arg_PISACowsMilk_10_page_6,222.7,363.7,1108.0
10460347,stimulus_Arg_PISACowsMilk_10_page_6,222.7,363.8,1108.0
10460348,stimulus_Arg_PISACowsMilk_10_page_6,222.7,364.0,1108.0
10460349,stimulus_Arg_PISACowsMilk_10_page_6,222.7,364.1,1108.0
10460350,stimulus_Arg_PISACowsMilk_10_page_6,222.7,364.3,1108.0
10460351,stimulus_Arg_PISACowsMilk_10_page_6,223.0,364.7,1107.0
10460352,stimulus_Arg_PISACowsMilk_10_page_6,223.2,365.1,1107.0
10460353,stimulus_Arg_PISACowsMilk_10_page_6,223.2,365.3,1106.0
10460354,stimulus_Arg_PISACowsMilk_10_page_6,223.2,365.3,1106.0
10460355,stimulus_Arg_PISACowsMilk_10_page_6,223.2,365.3,1106.0
10460356,stimulus_Arg_PISACowsMilk_10_page_6,223.1,365.2,1107.0
10460357,stimulus_Arg_PISACowsMilk_10_page_6,222.8,365.1,1107.0
10460358,stimulus_Arg_PISACowsMilk_10_page_6,222.7,365.0,1107.0
10460359,stimulus_Arg_PISACowsMilk_10_page_6,223.1,364.6,1106.0
10460360,stimulus_Arg_PISACowsMilk_10_page_6,223.4,364.4,1106.0
10460361,stimulus_Arg_PISACowsMilk_10_page_6,223.7,364.1,1106.0
10460362,stimulus_Arg_PISACowsMilk_10_page_6,224.0,364.2,1106.0
10460363,stimulus_Arg_PISACowsMilk_10_page_6,224.1,364.3,1105.0
10460364,stimulus_Arg_PISACowsMilk_10_page_6,224.3,364.4,1105.0
10460365,stimulus_Arg_PISACowsMilk_10_page_6,224.2,364.7,1105.0
10460366,stimulus_Arg_PISACowsMilk_10_page_6,224.1,365.0,1104.0
10460367,stimulus_Arg_PISACowsMilk_10_page_6,223.8,365.7,1104.0
10460368,stimulus_Arg_PISACowsMilk_10_page_6,223.5,366.0,1105.0
10460369,stimulus_Arg_PISACowsMilk_10_page_6,223.1,366.6,1106.0
10460370,stimulus_Arg_PISACowsMilk_10_page_6,223.1,366.8,1108.0
10460371,stimulus_Arg_PISACowsMilk_10_page_6,222.9,367.0,1110.0
10460372,stimulus_Arg_PISACowsMilk_10_page_6,222.8,366.9,1108.0
10460373,stimulus_Arg_PISACowsMilk_10_page_6,222.9,366.4,1107.0
10460374,stimulus_Arg_PISACowsMilk_10_page_6,223.1,366.2,1106.0
10460375,stimulus_Arg_PISACowsMilk_10_page_6,223.3,365.9,1106.0
10460376,stimulus_Arg_PISACowsMilk_10_page_6,223.2,365.9,1107.0
10460377,stimulus_Arg_PISACowsMilk_10_page_6,223.1,365.7,1107.0
10460378,stimulus_Arg_PISACowsMilk_10_page_6,223.1,365.5,1108.0
10460379,stimulus_Arg_PISACowsMilk_10_page_6,223.1,365.4,1108.0
10460380,stimulus_Arg_PISACowsMilk_10_page_6,223.3,365.3,1107.0
10460381,stimulus_Arg_PISACowsMilk_10_page_6,223.5,365.4,1107.0
10460382,stimulus_Arg_PISACowsMilk_10_page_6,223.5,365.3,1108.0
10460383,stimulus_Arg_PISACowsMilk_10_page_6,223.4,365.3,1108.0
10460384,stimulus_Arg_PISACowsMilk_10_page_6,223.1,365.3,1106.0
10460385,stimulus_Arg_PISACowsMilk_10_page_6,222.9,365.4,1105.0
10460386,stimulus_Arg_PISACowsMilk_10_page_6,222.7,365.7,1105.0
10460387,stimulus_Arg_PISACowsMilk_10_page_6,222.6,365.9,1106.0
10460388,stimulus_Arg_PISACowsMilk_10_page_6,222.4,366.1,1107.0
10460389,stimulus_Arg_PISACowsMilk_10_page_6,222.3,366.2,1108.0
10460390,stimulus_Arg_PISACowsMilk_10_page_6,222.1,366.1,1109.0
10460391,stimulus_Arg_PISACowsMilk_10_page_6,221.9,365.8,1108.0
10460392,stimulus_Arg_PISACowsMilk_10_page_6,221.8,365.6,1106.0
10460393,stimulus_Arg_PISACowsMilk_10_page_6,221.8,365.5,1105.0
10460394,stimulus_Arg_PISACowsMilk_10_page_6,222.1,365.5,1105.0
10460395,stimulus_Arg_PISACowsMilk_10_page_6,222.4,365.5,1105.0
10460396,stimulus_Arg_PISACowsMilk_10_page_6,222.4,365.3,1106.0
10460397,stimulus_Arg_PISACowsMilk_10_page_6,222.2,365.2,1106.0
10460398,stimulus_Arg_PISACowsMilk_10_page_6,222.1,365.0,1105.0
10460399,stimulus_Arg_PISACowsMilk_10_page_6,222.1,364.9,1105.0
10460400,stimulus_Arg_PISACowsMilk_10_page_6,222.1,364.9,1105.0
10460401,stimulus_Arg_PISACowsMilk_10_page_6,222.1,365.1,1105.0
10460402,stimulus_Arg_PISACowsMilk_10_page_6,222.1,365.2,1105.0
10460403,stimulus_Arg_PISACowsMilk_10_page_6,221.9,365.3,1105.0
10460404,stimulus_Arg_PISACowsMilk_10_page_6,221.6,365.3,1105.0
10460405,stimulus_Arg_PISACowsMilk_10_page_6,221.2,365.3,1105.0
10460406,stimulus_Arg_PISACowsMilk_10_page_6,221.0,365.3,1105.0
10460407,stimulus_Arg_PISACowsMilk_10_page_6,220.9,365.3,1104.0
10460408,stimulus_Arg_PISACowsMilk_10_page_6,220.9,365.2,1104.0
10460409,stimulus_Arg_PISACowsMilk_10_page_6,220.8,365.2,1105.0
10460410,stimulus_Arg_PISACowsMilk_10_page_6,220.9,365.3,1105.0
10460411,stimulus_Arg_PISACowsMilk_10_page_6,220.6,365.2,1105.0
10460412,stimulus_Arg_PISACowsMilk_10_page_6,220.3,365.2,1105.0
10460413,stimulus_Arg_PISACowsMilk_10_page_6,220.0,365.1,1104.0
10460414,stimulus_Arg_PISACowsMilk_10_page_6,219.6,365.0,1103.0
10460415,stimulus_Arg_PISACowsMilk_10_page_6,219.3,365.0,1102.0
10460416,stimulus_Arg_PISACowsMilk_10_page_6,219.0,365.1,1101.0
10460417,stimulus_Arg_PISACowsMilk_10_page_6,219.0,364.9,1101.0
10460418,stimulus_Arg_PISACowsMilk_10_page_6,219.0,364.7,1101.0
10460419,stimulus_Arg_PISACowsMilk_10_page_6,219.1,364.5,1101.0
10460420,stimulus_Arg_PISACowsMilk_10_page_6,219.1,364.6,1100.0
10460421,stimulus_Arg_PISACowsMilk_10_page_6,219.2,364.9,1100.0
10460422,stimulus_Arg_PISACowsMilk_10_page_6,219.4,365.2,1100.0
10460423,stimulus_Arg_PISACowsMilk_10_page_6,219.5,365.3,1099.0
10460424,stimulus_Arg_PISACowsMilk_10_page_6,219.6,365.2,1098.0
10460425,stimulus_Arg_PISACowsMilk_10_page_6,219.6,365.1,1098.0
10460426,stimulus_Arg_PISACowsMilk_10_page_6,219.6,365.0,1097.0
10460427,stimulus_Arg_PISACowsMilk_10_page_6,219.7,365.0,1098.0
10460428,stimulus_Arg_PISACowsMilk_10_page_6,219.5,365.0,1098.0
10460429,stimulus_Arg_PISACowsMilk_10_page_6,219.3,364.9,1098.0
10460430,stimulus_Arg_PISACowsMilk_10_page_6,219.0,364.7,1098.0
10460431,stimulus_Arg_PISACowsMilk_10_page_6,218.5,365.0,1099.0
10460432,stimulus_Arg_PISACowsMilk_10_page_6,218.0,365.5,1099.0
10460433,stimulus_Arg_PISACowsMilk_10_page_6,217.7,365.9,1099.0
10460434,stimulus_Arg_PISACowsMilk_10_page_6,217.6,366.0,1098.0
10460435,stimulus_Arg_PISACowsMilk_10_page_6,217.8,366.1,1097.0
10460436,stimulus_Arg_PISACowsMilk_10_page_6,217.9,366.0,1096.0
10460437,stimulus_Arg_PISACowsMilk_10_page_6,218.1,365.9,1096.0
10460438,stimulus_Arg_PISACowsMilk_10_page_6,218.3,365.6,1096.0
10460439,stimulus_Arg_PISACowsMilk_10_page_6,218.5,365.5,1096.0
10460440,stimulus_Arg_PISACowsMilk_10_page_6,218.7,365.4,1097.0
10460441,stimulus_Arg_PISACowsMilk_10_page_6,219.0,365.5,1097.0
10460442,stimulus_Arg_PISACowsMilk_10_page_6,219.2,365.6,1098.0
10460443,stimulus_Arg_PISACowsMilk_10_page_6,219.6,365.9,1099.0
10460444,stimulus_Arg_PISACowsMilk_10_page_6,219.7,366.1,1099.0
10460445,stimulus_Arg_PISACowsMilk_10_page_6,219.8,366.4,1098.0
10460446,stimulus_Arg_PISACowsMilk_10_page_6,219.8,366.0,1098.0
10460447,stimulus_Arg_PISACowsMilk_10_page_6,219.9,365.6,1096.0
10460448,stimulus_Arg_PISACowsMilk_10_page_6,219.9,365.2,1096.0
10460449,stimulus_Arg_PISACowsMilk_10_page_6,219.3,365.1,1095.0
10460450,stimulus_Arg_PISACowsMilk_10_page_6,217.8,365.6,1095.0
10460451,stimulus_Arg_PISACowsMilk_10_page_6,215.0,366.5,1095.0
10460452,stimulus_Arg_PISACowsMilk_10_page_6,211.3,367.3,1096.0
10460453,stimulus_Arg_PISACowsMilk_10_page_6,206.1,368.1,1096.0
10460454,stimulus_Arg_PISACowsMilk_10_page_6,200.2,368.7,1096.0
10460455,stimulus_Arg_PISACowsMilk_10_page_6,192.9,370.6,1095.0
10460456,stimulus_Arg_PISACowsMilk_10_page_6,184.5,373.1,1095.0
10460457,stimulus_Arg_PISACowsMilk_10_page_6,175.4,376.3,1095.0
10460458,stimulus_Arg_PISACowsMilk_10_page_6,166.4,379.8,1095.0
10460459,stimulus_Arg_PISACowsMilk_10_page_6,158.5,383.2,1096.0
10460460,stimulus_Arg_PISACowsMilk_10_page_6,150.0,386.5,1097.0
10460461,stimulus_Arg_PISACowsMilk_10_page_6,142.5,389.4,1097.0
10460462,stimulus_Arg_PISACowsMilk_10_page_6,135.5,392.3,1098.0
10460463,stimulus_Arg_PISACowsMilk_10_page_6,130.0,394.4,1098.0
10460464,stimulus_Arg_PISACowsMilk_10_page_6,125.4,395.3,1099.0
10460465,stimulus_Arg_PISACowsMilk_10_page_6,121.2,395.2,1100.0
10460466,stimulus_Arg_PISACowsMilk_10_page_6,118.2,394.9,1101.0
10460467,stimulus_Arg_PISACowsMilk_10_page_6,116.3,394.7,1102.0
10460468,stimulus_Arg_PISACowsMilk_10_page_6,116.2,394.4,1103.0
10460469,stimulus_Arg_PISACowsMilk_10_page_6,117.0,394.0,1102.0
10460470,stimulus_Arg_PISACowsMilk_10_page_6,118.3,392.9,1102.0
10460471,stimulus_Arg_PISACowsMilk_10_page_6,120.0,391.4,1101.0
10460472,stimulus_Arg_PISACowsMilk_10_page_6,121.4,389.9,1100.0
10460473,stimulus_Arg_PISACowsMilk_10_page_6,122.9,388.4,1100.0
10460474,stimulus_Arg_PISACowsMilk_10_page_6,123.8,387.5,1098.0
10460475,stimulus_Arg_PISACowsMilk_10_page_6,124.5,386.7,1096.0
10460476,stimulus_Arg_PISACowsMilk_10_page_6,124.6,385.9,1095.0
10460477,stimulus_Arg_PISACowsMilk_10_page_6,124.7,385.3,1095.0
10460478,stimulus_Arg_PISACowsMilk_10_page_6,124.6,384.9,1096.0
10460479,stimulus_Arg_PISACowsMilk_10_page_6,124.4,385.0,1097.0
10460480,stimulus_Arg_PISACowsMilk_10_page_6,124.0,384.9,1098.0
10460481,stimulus_Arg_PISACowsMilk_10_page_6,123.9,384.8,1099.0
10460482,stimulus_Arg_PISACowsMilk_10_page_6,124.0,384.7,1099.0
10460483,stimulus_Arg_PISACowsMilk_10_page_6,124.4,384.8,1098.0
10460484,stimulus_Arg_PISACowsMilk_10_page_6,125.1,384.9,1097.0
10460485,stimulus_Arg_PISACowsMilk_10_page_6,125.5,384.7,1096.0
10460486,stimulus_Arg_PISACowsMilk_10_page_6,126.1,384.5,1096.0
10460487,stimulus_Arg_PISACowsMilk_10_page_6,126.6,384.2,1095.0
10460488,stimulus_Arg_PISACowsMilk_10_page_6,127.0,384.2,1094.0
10460489,stimulus_Arg_PISACowsMilk_10_page_6,127.2,384.2,1093.0
10460490,stimulus_Arg_PISACowsMilk_10_page_6,127.2,384.3,1093.0
10460491,stimulus_Arg_PISACowsMilk_10_page_6,127.2,384.6,1093.0
10460492,stimulus_Arg_PISACowsMilk_10_page_6,126.8,385.4,1093.0
10460493,stimulus_Arg_PISACowsMilk_10_page_6,126.2,386.0,1092.0
10460494,stimulus_Arg_PISACowsMilk_10_page_6,125.2,386.4,1092.0
10460495,stimulus_Arg_PISACowsMilk_10_page_6,124.3,386.5,1092.0
10460496,stimulus_Arg_PISACowsMilk_10_page_6,123.4,386.6,1093.0
10460497,stimulus_Arg_PISACowsMilk_10_page_6,122.6,386.7,1093.0
10460498,stimulus_Arg_PISACowsMilk_10_page_6,122.0,386.7,1093.0
10460499,stimulus_Arg_PISACowsMilk_10_page_6,121.6,386.7,1092.0
10460500,stimulus_Arg_PISACowsMilk_10_page_6,121.4,386.9,1092.0
10460501,stimulus_Arg_PISACowsMilk_10_page_6,121.3,387.2,1093.0
10460502,stimulus_Arg_PISACowsMilk_10_page_6,121.2,387.4,1094.0
10460503,stimulus_Arg_PISACowsMilk_10_page_6,121.6,387.4,1094.0
10460504,stimulus_Arg_PISACowsMilk_10_page_6,122.2,387.5,1093.0
10460505,stimulus_Arg_PISACowsMilk_10_page_6,122.7,387.5,1094.0
10460506,stimulus_Arg_PISACowsMilk_10_page_6,123.0,387.4,1094.0
10460507,stimulus_Arg_PISACowsMilk_10_page_6,123.1,387.4,1094.0
10460508,stimulus_Arg_PISACowsMilk_10_page_6,123.2,387.3,1094.0
10460509,stimulus_Arg_PISACowsMilk_10_page_6,123.5,387.2,1094.0
10460510,stimulus_Arg_PISACowsMilk_10_page_6,123.9,387.1,1093.0
10460511,stimulus_Arg_PISACowsMilk_10_page_6,124.1,387.1,1094.0
10460512,stimulus_Arg_PISACowsMilk_10_page_6,124.1,387.1,1094.0
10460513,stimulus_Arg_PISACowsMilk_10_page_6,124.1,387.1,1095.0
10460514,stimulus_Arg_PISACowsMilk_10_page_6,124.0,387.1,1094.0
10460515,stimulus_Arg_PISACowsMilk_10_page_6,124.0,387.1,1094.0
10460516,stimulus_Arg_PISACowsMilk_10_page_6,124.0,387.1,1094.0
10460517,stimulus_Arg_PISACowsMilk_10_page_6,123.7,387.1,1094.0
10460518,stimulus_Arg_PISACowsMilk_10_page_6,123.5,387.0,1094.0
10460519,stimulus_Arg_PISACowsMilk_10_page_6,123.2,387.0,1094.0
10460520,stimulus_Arg_PISACowsMilk_10_page_6,123.0,387.1,1095.0
10460521,stimulus_Arg_PISACowsMilk_10_page_6,122.8,387.2,1095.0
10460522,stimulus_Arg_PISACowsMilk_10_page_6,122.7,387.3,1094.0
10460523,stimulus_Arg_PISACowsMilk_10_page_6,122.7,387.3,1094.0
10460524,stimulus_Arg_PISACowsMilk_10_page_6,122.6,387.2,1094.0
10460525,stimulus_Arg_PISACowsMilk_10_page_6,122.6,387.2,1094.0
10460526,stimulus_Arg_PISACowsMilk_10_page_6,122.8,387.1,1093.0
10460527,stimulus_Arg_PISACowsMilk_10_page_6,123.2,387.2,1092.0
10460528,stimulus_Arg_PISACowsMilk_10_page_6,123.5,387.4,1091.0
10460529,stimulus_Arg_PISACowsMilk_10_page_6,123.5,387.6,1092.0
10460530,stimulus_Arg_PISACowsMilk_10_page_6,123.5,387.7,1092.0
10460531,stimulus_Arg_PISACowsMilk_10_page_6,123.5,387.8,1094.0
10460532,stimulus_Arg_PISACowsMilk_10_page_6,123.5,388.0,1094.0
10460533,stimulus_Arg_PISACowsMilk_10_page_6,123.6,388.3,1094.0
10460534,stimulus_Arg_PISACowsMilk_10_page_6,123.6,388.4,1094.0
10460535,stimulus_Arg_PISACowsMilk_10_page_6,123.5,388.4,1093.0
10460536,stimulus_Arg_PISACowsMilk_10_page_6,123.3,388.3,1092.0
10460537,stimulus_Arg_PISACowsMilk_10_page_6,123.1,388.2,1092.0
10460538,stimulus_Arg_PISACowsMilk_10_page_6,123.0,388.2,1093.0
10460539,stimulus_Arg_PISACowsMilk_10_page_6,123.2,388.1,1093.0
10460540,stimulus_Arg_PISACowsMilk_10_page_6,123.3,388.1,1093.0
10460541,stimulus_Arg_PISACowsMilk_10_page_6,123.3,388.2,1093.0
10460542,stimulus_Arg_PISACowsMilk_10_page_6,123.3,388.3,1092.0
10460543,stimulus_Arg_PISACowsMilk_10_page_6,123.3,388.3,1092.0
10460544,stimulus_Arg_PISACowsMilk_10_page_6,123.1,388.4,1092.0
10460545,stimulus_Arg_PISACowsMilk_10_page_6,122.8,388.3,1092.0
10460546,stimulus_Arg_PISACowsMilk_10_page_6,122.6,388.4,1092.0
10460547,stimulus_Arg_PISACowsMilk_10_page_6,122.5,388.4,1093.0
10460548,stimulus_Arg_PISACowsMilk_10_page_6,122.5,388.3,1093.0
10460549,stimulus_Arg_PISACowsMilk_10_page_6,122.7,387.8,1093.0
10460550,stimulus_Arg_PISACowsMilk_10_page_6,123.0,387.3,1093.0
10460551,stimulus_Arg_PISACowsMilk_10_page_6,123.2,387.1,1093.0
10460552,stimulus_Arg_PISACowsMilk_10_page_6,123.4,387.2,1093.0
10460553,stimulus_Arg_PISACowsMilk_10_page_6,123.5,387.3,1093.0
10460554,stimulus_Arg_PISACowsMilk_10_page_6,123.4,387.3,1094.0
10460555,stimulus_Arg_PISACowsMilk_10_page_6,123.2,387.3,1093.0
10460556,stimulus_Arg_PISACowsMilk_10_page_6,122.9,387.3,1092.0
10460557,stimulus_Arg_PISACowsMilk_10_page_6,123.0,387.1,1092.0
10460558,stimulus_Arg_PISACowsMilk_10_page_6,123.3,386.9,1092.0
10460559,stimulus_Arg_PISACowsMilk_10_page_6,123.5,386.3,1094.0
10460560,stimulus_Arg_PISACowsMilk_10_page_6,123.5,385.9,1095.0
10460561,stimulus_Arg_PISACowsMilk_10_page_6,123.5,385.6,1096.0
10460562,stimulus_Arg_PISACowsMilk_10_page_6,123.6,385.5,1096.0
10460563,stimulus_Arg_PISACowsMilk_10_page_6,123.7,385.5,1096.0
10460564,stimulus_Arg_PISACowsMilk_10_page_6,123.6,385.7,1095.0
10460565,stimulus_Arg_PISACowsMilk_10_page_6,123.7,385.9,1095.0
10460566,stimulus_Arg_PISACowsMilk_10_page_6,123.8,386.1,1094.0
10460567,stimulus_Arg_PISACowsMilk_10_page_6,124.0,386.1,1094.0
10460568,stimulus_Arg_PISACowsMilk_10_page_6,124.0,386.0,1094.0
10460569,stimulus_Arg_PISACowsMilk_10_page_6,124.0,385.8,1095.0
10460570,stimulus_Arg_PISACowsMilk_10_page_6,123.7,385.6,1095.0
10460571,stimulus_Arg_PISACowsMilk_10_page_6,123.3,385.4,1095.0
10460572,stimulus_Arg_PISACowsMilk_10_page_6,123.0,385.1,1096.0
10460573,stimulus_Arg_PISACowsMilk_10_page_6,123.0,384.7,1096.0
10460574,stimulus_Arg_PISACowsMilk_10_page_6,123.0,384.4,1097.0
10460575,stimulus_Arg_PISACowsMilk_10_page_6,122.9,384.1,1097.0
10460576,stimulus_Arg_PISACowsMilk_10_page_6,122.6,383.9,1098.0
10460577,stimulus_Arg_PISACowsMilk_10_page_6,122.4,383.8,1098.0
10460578,stimulus_Arg_PISACowsMilk_10_page_6,122.1,384.0,1098.0
10460579,stimulus_Arg_PISACowsMilk_10_page_6,121.7,384.2,1099.0
10460580,stimulus_Arg_PISACowsMilk_10_page_6,121.4,384.5,1099.0
10460581,stimulus_Arg_PISACowsMilk_10_page_6,121.1,384.6,1099.0
10460582,stimulus_Arg_PISACowsMilk_10_page_6,120.9,384.8,1099.0
10460583,stimulus_Arg_PISACowsMilk_10_page_6,120.6,385.2,1099.0
10460584,stimulus_Arg_PISACowsMilk_10_page_6,120.5,385.5,1098.0
10460585,stimulus_Arg_PISACowsMilk_10_page_6,120.4,385.8,1098.0
10460586,stimulus_Arg_PISACowsMilk_10_page_6,120.4,385.8,1098.0
10460587,stimulus_Arg_PISACowsMilk_10_page_6,120.2,385.9,1098.0
10460588,stimulus_Arg_PISACowsMilk_10_page_6,120.0,386.0,1098.0
10460589,stimulus_Arg_PISACowsMilk_10_page_6,119.9,386.1,1098.0
10460590,stimulus_Arg_PISACowsMilk_10_page_6,120.0,386.1,1098.0
10460591,stimulus_Arg_PISACowsMilk_10_page_6,120.0,386.1,1098.0
10460592,stimulus_Arg_PISACowsMilk_10_page_6,120.1,386.0,1098.0
10460593,stimulus_Arg_PISACowsMilk_10_page_6,120.2,386.3,1098.0
10460594,stimulus_Arg_PISACowsMilk_10_page_6,120.2,386.7,1097.0
10460595,stimulus_Arg_PISACowsMilk_10_page_6,120.1,387.1,1097.0
10460596,stimulus_Arg_PISACowsMilk_10_page_6,120.1,387.1,1096.0
10460597,stimulus_Arg_PISACowsMilk_10_page_6,120.2,387.1,1096.0
10460598,stimulus_Arg_PISACowsMilk_10_page_6,120.4,387.0,1097.0
10460599,stimulus_Arg_PISACowsMilk_10_page_6,120.8,387.1,1097.0
10460600,stimulus_Arg_PISACowsMilk_10_page_6,120.9,387.1,1097.0
10460601,stimulus_Arg_PISACowsMilk_10_page_6,121.0,387.0,1098.0
10460602,stimulus_Arg_PISACowsMilk_10_page_6,121.2,386.9,1098.0
10460603,stimulus_Arg_PISACowsMilk_10_page_6,121.4,386.7,1098.0
10460604,stimulus_Arg_PISACowsMilk_10_page_6,121.5,386.9,1098.0
10460605,stimulus_Arg_PISACowsMilk_10_page_6,121.5,387.1,1097.0
10460606,stimulus_Arg_PISACowsMilk_10_page_6,121.7,387.3,1096.0
10460607,stimulus_Arg_PISACowsMilk_10_page_6,121.9,387.2,1096.0
10460608,stimulus_Arg_PISACowsMilk_10_page_6,122.0,387.1,1097.0
10460609,stimulus_Arg_PISACowsMilk_10_page_6,121.9,387.1,1098.0
10460610,stimulus_Arg_PISACowsMilk_10_page_6,121.7,387.1,1099.0
10460611,stimulus_Arg_PISACowsMilk_10_page_6,121.6,387.2,1100.0
10460612,stimulus_Arg_PISACowsMilk_10_page_6,121.6,387.3,1099.0
10460613,stimulus_Arg_PISACowsMilk_10_page_6,121.7,387.4,1098.0
10460614,stimulus_Arg_PISACowsMilk_10_page_6,121.3,387.5,1097.0
10460615,stimulus_Arg_PISACowsMilk_10_page_6,121.0,387.5,1096.0
10460616,stimulus_Arg_PISACowsMilk_10_page_6,120.6,387.2,1096.0
10460617,stimulus_Arg_PISACowsMilk_10_page_6,120.6,386.9,1097.0
10460618,stimulus_Arg_PISACowsMilk_10_page_6,120.8,386.8,1098.0
10460619,stimulus_Arg_PISACowsMilk_10_page_6,121.0,387.1,1099.0
10460620,stimulus_Arg_PISACowsMilk_10_page_6,121.2,387.3,1099.0
10460621,stimulus_Arg_PISACowsMilk_10_page_6,121.3,387.3,1098.0
10460622,stimulus_Arg_PISACowsMilk_10_page_6,121.3,387.3,1097.0
10460623,stimulus_Arg_PISACowsMilk_10_page_6,121.2,387.1,1097.0
10460624,stimulus_Arg_PISACowsMilk_10_page_6,121.1,387.0,1098.0
10460625,stimulus_Arg_PISACowsMilk_10_page_6,120.7,386.9,1099.0
10460626,stimulus_Arg_PISACowsMilk_10_page_6,120.3,386.9,1099.0
10460627,stimulus_Arg_PISACowsMilk_10_page_6,120.4,387.0,1099.0
10460628,stimulus_Arg_PISACowsMilk_10_page_6,120.8,387.0,1099.0
10460629,stimulus_Arg_PISACowsMilk_10_page_6,121.1,387.1,1100.0
10460630,stimulus_Arg_PISACowsMilk_10_page_6,121.1,387.1,1100.0
10460631,stimulus_Arg_PISACowsMilk_10_page_6,121.0,387.1,1100.0
10460632,stimulus_Arg_PISACowsMilk_10_page_6,120.9,386.9,1100.0
10460633,stimulus_Arg_PISACowsMilk_10_page_6,120.7,386.7,1101.0
10460634,stimulus_Arg_PISACowsMilk_10_page_6,120.7,386.6,1102.0
10460635,stimulus_Arg_PISACowsMilk_10_page_6,120.6,386.7,1102.0
10460636,stimulus_Arg_PISACowsMilk_10_page_6,120.5,386.8,1102.0
10460637,stimulus_Arg_PISACowsMilk_10_page_6,120.4,386.8,1102.0
10460638,stimulus_Arg_PISACowsMilk_10_page_6,120.3,386.7,1101.0
10460639,stimulus_Arg_PISACowsMilk_10_page_6,120.3,386.6,1101.0
10460640,stimulus_Arg_PISACowsMilk_10_page_6,120.3,386.3,1101.0
10460641,stimulus_Arg_PISACowsMilk_10_page_6,120.6,386.0,1102.0
10460642,stimulus_Arg_PISACowsMilk_10_page_6,120.8,385.7,1103.0
10460643,stimulus_Arg_PISACowsMilk_10_page_6,120.9,385.8,1104.0
10460644,stimulus_Arg_PISACowsMilk_10_page_6,120.8,385.8,1104.0
10460645,stimulus_Arg_PISACowsMilk_10_page_6,120.7,385.8,1104.0
10460646,stimulus_Arg_PISACowsMilk_10_page_6,120.8,385.7,1104.0
10460647,stimulus_Arg_PISACowsMilk_10_page_6,120.8,385.6,1104.0
10460648,stimulus_Arg_PISACowsMilk_10_page_6,120.8,385.7,1104.0
10460649,stimulus_Arg_PISACowsMilk_10_page_6,121.1,385.8,1103.0
10460650,stimulus_Arg_PISACowsMilk_10_page_6,121.4,386.0,1103.0
10460651,stimulus_Arg_PISACowsMilk_10_page_6,121.8,386.0,1104.0
10460652,stimulus_Arg_PISACowsMilk_10_page_6,121.9,385.9,1104.0
10460653,stimulus_Arg_PISACowsMilk_10_page_6,121.8,385.8,1104.0
10460654,stimulus_Arg_PISACowsMilk_10_page_6,122.1,385.9,1104.0
10460655,stimulus_Arg_PISACowsMilk_10_page_6,122.3,386.1,1103.0
10460656,stimulus_Arg_PISACowsMilk_10_page_6,122.6,386.2,1102.0
10460657,stimulus_Arg_PISACowsMilk_10_page_6,122.6,386.1,1101.0
10460658,stimulus_Arg_PISACowsMilk_10_page_6,122.9,386.0,1102.0
10460659,stimulus_Arg_PISACowsMilk_10_page_6,123.2,385.7,1102.0
10460660,stimulus_Arg_PISACowsMilk_10_page_6,123.5,385.6,1103.0
10460661,stimulus_Arg_PISACowsMilk_10_page_6,123.5,385.7,1102.0
10460662,stimulus_Arg_PISACowsMilk_10_page_6,123.5,386.1,1101.0
10460663,stimulus_Arg_PISACowsMilk_10_page_6,123.6,386.5,1101.0
10460664,stimulus_Arg_PISACowsMilk_10_page_6,123.7,386.3,1101.0
10460665,stimulus_Arg_PISACowsMilk_10_page_6,123.9,386.0,1101.0
10460666,stimulus_Arg_PISACowsMilk_10_page_6,124.0,385.8,1101.0
10460667,stimulus_Arg_PISACowsMilk_10_page_6,124.1,385.6,1102.0
10460668,stimulus_Arg_PISACowsMilk_10_page_6,124.3,385.5,1102.0
10460669,stimulus_Arg_PISACowsMilk_10_page_6,124.5,385.3,1103.0
10460670,stimulus_Arg_PISACowsMilk_10_page_6,124.8,385.3,1103.0
10460671,stimulus_Arg_PISACowsMilk_10_page_6,125.0,385.3,1102.0
10460672,stimulus_Arg_PISACowsMilk_10_page_6,125.0,385.2,1102.0
10460673,stimulus_Arg_PISACowsMilk_10_page_6,125.0,385.4,1102.0
10460674,stimulus_Arg_PISACowsMilk_10_page_6,125.1,385.5,1102.0
10460675,stimulus_Arg_PISACowsMilk_10_page_6,125.3,385.7,1102.0
10460676,stimulus_Arg_PISACowsMilk_10_page_6,125.5,385.8,1102.0
10460677,stimulus_Arg_PISACowsMilk_10_page_6,125.6,385.8,1102.0
10460678,stimulus_Arg_PISACowsMilk_10_page_6,125.5,385.8,1102.0
10460679,stimulus_Arg_PISACowsMilk_10_page_6,125.3,385.7,1103.0
10460680,stimulus_Arg_PISACowsMilk_10_page_6,125.0,385.5,1103.0
10460681,stimulus_Arg_PISACowsMilk_10_page_6,124.7,385.3,1103.0
10460682,stimulus_Arg_PISACowsMilk_10_page_6,124.5,385.2,1102.0
10460683,stimulus_Arg_PISACowsMilk_10_page_6,124.5,385.2,1102.0
10460684,stimulus_Arg_PISACowsMilk_10_page_6,124.5,385.2,1102.0
10460685,stimulus_Arg_PISACowsMilk_10_page_6,124.5,385.2,1103.0
10460686,stimulus_Arg_PISACowsMilk_10_page_6,124.4,385.2,1103.0
10460687,stimulus_Arg_PISACowsMilk_10_page_6,124.2,385.5,1102.0
10460688,stimulus_Arg_PISACowsMilk_10_page_6,123.9,385.8,1102.0
10460689,stimulus_Arg_PISACowsMilk_10_page_6,123.6,386.0,1102.0
10460690,stimulus_Arg_PISACowsMilk_10_page_6,123.4,386.3,1101.0
10460691,stimulus_Arg_PISACowsMilk_10_page_6,123.4,386.6,1100.0
10460692,stimulus_Arg_PISACowsMilk_10_page_6,123.4,386.9,1099.0
10460693,stimulus_Arg_PISACowsMilk_10_page_6,123.2,386.9,1100.0
10460694,stimulus_Arg_PISACowsMilk_10_page_6,122.9,387.0,1101.0
10460695,stimulus_Arg_PISACowsMilk_10_page_6,122.7,387.0,1102.0
10460696,stimulus_Arg_PISACowsMilk_10_page_6,122.8,387.0,1101.0
10460697,stimulus_Arg_PISACowsMilk_10_page_6,123.0,387.1,1102.0
10460698,stimulus_Arg_PISACowsMilk_10_page_6,123.1,387.1,1102.0
10460699,stimulus_Arg_PISACowsMilk_10_page_6,123.3,387.1,1102.0
10460700,stimulus_Arg_PISACowsMilk_10_page_6,123.3,387.0,1103.0
10460701,stimulus_Arg_PISACowsMilk_10_page_6,123.1,387.0,1105.0
10460702,stimulus_Arg_PISACowsMilk_10_page_6,123.0,386.7,1107.0
10460703,stimulus_Arg_PISACowsMilk_10_page_6,122.8,386.4,1108.0
10460704,stimulus_Arg_PISACowsMilk_10_page_6,123.0,386.1,1108.0
10460705,stimulus_Arg_PISACowsMilk_10_page_6,123.0,386.1,1105.0
10460706,stimulus_Arg_PISACowsMilk_10_page_6,123.0,386.0,1103.0
10460707,stimulus_Arg_PISACowsMilk_10_page_6,123.1,386.0,1101.0
10460708,stimulus_Arg_PISACowsMilk_10_page_6,123.3,385.9,1101.0
10460709,stimulus_Arg_PISACowsMilk_10_page_6,123.4,386.0,1101.0
10460710,stimulus_Arg_PISACowsMilk_10_page_6,123.4,386.0,1101.0
10460711,stimulus_Arg_PISACowsMilk_10_page_6,123.4,385.9,1100.0
10460712,stimulus_Arg_PISACowsMilk_10_page_6,123.4,385.8,1100.0
10460713,stimulus_Arg_PISACowsMilk_10_page_6,123.5,385.8,1100.0
10460714,stimulus_Arg_PISACowsMilk_10_page_6,123.5,385.9,1099.0
10460715,stimulus_Arg_PISACowsMilk_10_page_6,123.6,386.0,1099.0
10460716,stimulus_Arg_PISACowsMilk_10_page_6,123.4,385.9,1099.0
10460717,stimulus_Arg_PISACowsMilk_10_page_6,123.1,385.7,1099.0
10460718,stimulus_Arg_PISACowsMilk_10_page_6,122.7,385.5,1099.0
10460719,stimulus_Arg_PISACowsMilk_10_page_6,122.5,385.3,1098.0
10460720,stimulus_Arg_PISACowsMilk_10_page_6,122.5,385.1,1097.0
10460721,stimulus_Arg_PISACowsMilk_10_page_6,122.4,385.0,1097.0
10460722,stimulus_Arg_PISACowsMilk_10_page_6,122.2,385.0,1097.0
10460723,stimulus_Arg_PISACowsMilk_10_page_6,122.1,385.0,1097.0
10460724,stimulus_Arg_PISACowsMilk_10_page_6,122.1,385.3,1097.0
10460725,stimulus_Arg_PISACowsMilk_10_page_6,122.0,385.6,1097.0
10460726,stimulus_Arg_PISACowsMilk_10_page_6,121.9,386.7,1097.0
10460727,stimulus_Arg_PISACowsMilk_10_page_6,121.8,387.6,1098.0
10460728,stimulus_Arg_PISACowsMilk_10_page_6,121.6,388.7,1098.0
10460729,stimulus_Arg_PISACowsMilk_10_page_6,121.4,389.5,1100.0
10460730,stimulus_Arg_PISACowsMilk_10_page_6,121.2,390.1,1101.0
10460731,stimulus_Arg_PISACowsMilk_10_page_6,120.9,391.2,1102.0
10460732,stimulus_Arg_PISACowsMilk_10_page_6,120.8,391.9,1101.0
10460733,stimulus_Arg_PISACowsMilk_10_page_6,120.7,393.6,1100.0
10460734,stimulus_Arg_PISACowsMilk_10_page_6,120.8,394.6,1098.0
10460735,stimulus_Arg_PISACowsMilk_10_page_6,120.7,395.6,1098.0
10460736,stimulus_Arg_PISACowsMilk_10_page_6,120.7,396.4,1099.0
10460737,stimulus_Arg_PISACowsMilk_10_page_6,120.7,397.1,1100.0
10460738,stimulus_Arg_PISACowsMilk_10_page_6,120.7,397.8,1101.0
10460739,stimulus_Arg_PISACowsMilk_10_page_6,120.6,398.1,1101.0
10460740,stimulus_Arg_PISACowsMilk_10_page_6,120.4,398.5,1101.0
10460741,stimulus_Arg_PISACowsMilk_10_page_6,120.1,398.8,1101.0
10460742,stimulus_Arg_PISACowsMilk_10_page_6,119.8,399.4,1101.0
10460743,stimulus_Arg_PISACowsMilk_10_page_6,119.8,399.9,1102.0
10460744,stimulus_Arg_PISACowsMilk_10_page_6,120.4,400.5,1102.0
10460745,stimulus_Arg_PISACowsMilk_10_page_6,121.0,401.0,1102.0
10460746,stimulus_Arg_PISACowsMilk_10_page_6,122.0,401.3,1103.0
10460747,stimulus_Arg_PISACowsMilk_10_page_6,125.3,395.7,1110.0
10460748,stimulus_Arg_PISACowsMilk_10_page_6,130.2,390.1,1116.0
10460749,stimulus_Arg_PISACowsMilk_10_page_6,134.5,387.0,1122.0
10460750,stimulus_Arg_PISACowsMilk_10_page_6,136.6,395.8,1114.0
10460751,stimulus_Arg_PISACowsMilk_10_page_6,136.1,412.9,1093.0
10460752,stimulus_Arg_PISACowsMilk_10_page_6,134.7,437.4,1058.0
10460753,stimulus_Arg_PISACowsMilk_10_page_6,131.8,465.0,1016.0
10460754,stimulus_Arg_PISACowsMilk_10_page_6,128.8,495.3,969.0
10460755,stimulus_Arg_PISACowsMilk_10_page_6,124.7,527.2,922.0
10460756,stimulus_Arg_PISACowsMilk_10_page_6,119.2,560.6,872.0
10460757,stimulus_Arg_PISACowsMilk_10_page_6,113.0,594.3,821.0
10460758,stimulus_Arg_PISACowsMilk_10_page_6,106.1,628.9,768.0
10460759,stimulus_Arg_PISACowsMilk_10_page_6,99.5,664.1,715.0
10460760,stimulus_Arg_PISACowsMilk_10_page_6,93.7,699.3,663.0
10460761,stimulus_Arg_PISACowsMilk_10_page_6,87.8,734.3,608.0
10460762,stimulus_Arg_PISACowsMilk_10_page_6,82.4,770.1,552.0
10460763,stimulus_Arg_PISACowsMilk_10_page_6,77.5,806.4,497.0
10460764,stimulus_Arg_PISACowsMilk_10_page_6,74.8,843.8,442.0
10460765,stimulus_Arg_PISACowsMilk_10_page_6,73.2,869.2,404.0
10460766,stimulus_Arg_PISACowsMilk_10_page_6,72.6,882.6,385.0
10460767,stimulus_Arg_PISACowsMilk_10_page_6,72.6,882.6,385.0
10460768,stimulus_Arg_PISACowsMilk_10_page_6,,,0.0
10460769,stimulus_Arg_PISACowsMilk_10_page_6,,,0.0
10460770,stimulus_Arg_PISACowsMilk_10_page_6,,,0.0
10460771,stimulus_Arg_PISACowsMilk_10_page_6,,,0.0
10460772,stimulus_Arg_PISACowsMilk_10_page_6,,,0.0
10460773,stimulus_Arg_PISACowsMilk_10_page_6,,,0.0
10460774,stimulus_Arg_PISACowsMilk_10_page_6,,,0.0
10460775,stimulus_Arg_PISACowsMilk_10_page_6,,,0.0
10460776,stimulus_Arg_PISACowsMilk_10_page_6,,,0.0
10460777,stimulus_Arg_PISACowsMilk_10_page_6,,,0.0
10460778,stimulus_Arg_PISACowsMilk_10_page_6,,,0.0
10460779,stimulus_Arg_PISACowsMilk_10_page_6,,,0.0
10460780,stimulus_Arg_PISACowsMilk_10_page_6,,,0.0
10460781,stimulus_Arg_PISACowsMilk_10_page_6,,,0.0
10460782,stimulus_Arg_PISACowsMilk_10_page_6,,,0.0
10460783,stimulus_Arg_PISACowsMilk_10_page_6,,,0.0
10460784,stimulus_Arg_PISACowsMilk_10_page_6,,,0.0
10460785,stimulus_Arg_PISACowsMilk_10_page_6,,,0.0
10460786,stimulus_Arg_PISACowsMilk_10_page_6,,,0.0
10460787,stimulus_Arg_PISACowsMilk_10_page_6,,,0.0
10460788,stimulus_Arg_PISACowsMilk_10_page_6,,,0.0
10460789,stimulus_Arg_PISACowsMilk_10_page_6,,,0.0
10460790,stimulus_Arg_PISACowsMilk_10_page_6,,,0.0
10460791,stimulus_Arg_PISACowsMilk_10_page_6,,,0.0
10460792,stimulus_Arg_PISACowsMilk_10_page_6,,,0.0
10460793,stimulus_Arg_PISACowsMilk_10_page_6,,,0.0
10460794,stimulus_Arg_PISACowsMilk_10_page_6,,,0.0
10460795,stimulus_Arg_PISACowsMilk_10_page_6,,,0.0
10460796,stimulus_Arg_PISACowsMilk_10_page_6,,,0.0
10460797,stimulus_Arg_PISACowsMilk_10_page_6,,,0.0
10460798,stimulus_Arg_PISACowsMilk_10_page_6,,,0.0
10460799,stimulus_Arg_PISACowsMilk_10_page_6,,,0.0
10460800,stimulus_Arg_PISACowsMilk_10_page_6,,,0.0
10460801,stimulus_Arg_PISACowsMilk_10_page_6,,,0.0
10460802,stimulus_Arg_PISACowsMilk_10_page_6,,,0.0
10460803,stimulus_Arg_PISACowsMilk_10_page_6,,,0.0
10460804,stimulus_Arg_PISACowsMilk_10_page_6,,,0.0
10460805,stimulus_Arg_PISACowsMilk_10_page_6,,,0.0
10460806,stimulus_Arg_PISACowsMilk_10_page_6,,,0.0
10460807,stimulus_Arg_PISACowsMilk_10_page_6,,,0.0
10460808,stimulus_Arg_PISACowsMilk_10_page_6,,,0.0
10460809,stimulus_Arg_PISACowsMilk_10_page_6,,,0.0
10460810,stimulus_Arg_PISACowsMilk_10_page_6,,,0.0
10460811,stimulus_Arg_PISACowsMilk_10_page_6,,,0.0
10460812,stimulus_Arg_PISACowsMilk_10_page_6,,,0.0
10460813,stimulus_Arg_PISACowsMilk_10_page_6,,,0.0
10460814,stimulus_Arg_PISACowsMilk_10_page_6,,,0.0
10460815,stimulus_Arg_PISACowsMilk_10_page_6,,,0.0
10460816,stimulus_Arg_PISACowsMilk_10_page_6,,,0.0
10460817,stimulus_Arg_PISACowsMilk_10_page_6,,,0.0
10460818,stimulus_Arg_PISACowsMilk_10_page_6,,,0.0
10460819,stimulus_Arg_PISACowsMilk_10_page_6,,,0.0
10460820,stimulus_Arg_PISACowsMilk_10_page_6,,,0.0
10460821,stimulus_Arg_PISACowsMilk_10_page_6,,,0.0
10460822,stimulus_Arg_PISACowsMilk_10_page_6,,,0.0
10460823,stimulus_Arg_PISACowsMilk_10_page_6,,,0.0
10460824,stimulus_Arg_PISACowsMilk_10_page_6,,,0.0
10460825,stimulus_Arg_PISACowsMilk_10_page_6,,,0.0
10460826,stimulus_Arg_PISACowsMilk_10_page_6,,,0.0
10460827,stimulus_Arg_PISACowsMilk_10_page_6,,,0.0
10460828,stimulus_Arg_PISACowsMilk_10_page_6,,,0.0
10460829,stimulus_Arg_PISACowsMilk_10_page_6,,,0.0
10460830,stimulus_Arg_PISACowsMilk_10_page_6,,,0.0
10460831,stimulus_Arg_PISACowsMilk_10_page_6,,,0.0
10460832,stimulus_Arg_PISACowsMilk_10_page_6,,,0.0
10460833,stimulus_Arg_PISACowsMilk_10_page_6,,,0.0
10460834,stimulus_Arg_PISACowsMilk_10_page_6,,,0.0
10460835,stimulus_Arg_PISACowsMilk_10_page_6,,,0.0
10460836,stimulus_Arg_PISACowsMilk_10_page_6,,,0.0
10460837,stimulus_Arg_PISACowsMilk_10_page_6,,,0.0
10460838,stimulus_Arg_PISACowsMilk_10_page_6,,,0.0
10460839,stimulus_Arg_PISACowsMilk_10_page_6,,,0.0
10460840,stimulus_Arg_PISACowsMilk_10_page_6,,,0.0
10460841,stimulus_Arg_PISACowsMilk_10_page_6,,,0.0
10460842,stimulus_Arg_PISACowsMilk_10_page_6,,,0.0
10460843,stimulus_Arg_PISACowsMilk_10_page_6,,,0.0
10460844,stimulus_Arg_PISACowsMilk_10_page_6,,,0.0
10460845,stimulus_Arg_PISACowsMilk_10_page_6,,,0.0
10460846,stimulus_Arg_PISACowsMilk_10_page_6,,,0.0
10460847,stimulus_Arg_PISACowsMilk_10_page_6,,,0.0
10460848,stimulus_Arg_PISACowsMilk_10_page_6,,,0.0
10460849,stimulus_Arg_PISACowsMilk_10_page_6,,,0.0
10460850,stimulus_Arg_PISACowsMilk_10_page_6,,,0.0
10460851,stimulus_Arg_PISACowsMilk_10_page_6,,,0.0
10460852,stimulus_Arg_PISACowsMilk_10_page_6,,,0.0
10460853,stimulus_Arg_PISACowsMilk_10_page_6,,,0.0
10460854,stimulus_Arg_PISACowsMilk_10_page_6,,,0.0
10460855,stimulus_Arg_PISACowsMilk_10_page_6,,,0.0
10460856,stimulus_Arg_PISACowsMilk_10_page_6,,,0.0
10460857,stimulus_Arg_PISACowsMilk_10_page_6,,,0.0
10460858,stimulus_Arg_PISACowsMilk_10_page_6,,,0.0
10460859,stimulus_Arg_PISACowsMilk_10_page_6,,,0.0
10460860,stimulus_Arg_PISACowsMilk_10_page_6,,,0.0
10460861,stimulus_Arg_PISACowsMilk_10_page_6,,,0.0
10460862,stimulus_Arg_PISACowsMilk_10_page_6,,,0.0
10460863,stimulus_Arg_PISACowsMilk_10_page_6,,,0.0
10460864,stimulus_Arg_PISACowsMilk_10_page_6,,,0.0
10460865,stimulus_Arg_PISACowsMilk_10_page_6,42.1,828.9,395.0
10460866,stimulus_Arg_PISACowsMilk_10_page_6,42.1,828.9,395.0
10460867,stimulus_Arg_PISACowsMilk_10_page_6,47.1,822.8,403.0
10460868,stimulus_Arg_PISACowsMilk_10_page_6,53.6,810.2,417.0
10460869,stimulus_Arg_PISACowsMilk_10_page_6,62.3,792.9,439.0
10460870,stimulus_Arg_PISACowsMilk_10_page_6,71.1,775.8,462.0
10460871,stimulus_Arg_PISACowsMilk_10_page_6,79.2,759.7,485.0
10460872,stimulus_Arg_PISACowsMilk_10_page_6,87.6,744.3,509.0
10460873,stimulus_Arg_PISACowsMilk_10_page_6,93.4,728.4,529.0
10460874,stimulus_Arg_PISACowsMilk_10_page_6,101.9,714.0,551.0
10460875,stimulus_Arg_PISACowsMilk_10_page_6,110.9,697.0,575.0
10460876,stimulus_Arg_PISACowsMilk_10_page_6,117.7,683.4,597.0
10460877,stimulus_Arg_PISACowsMilk_10_page_6,122.0,668.1,620.0
10460878,stimulus_Arg_PISACowsMilk_10_page_6,125.2,656.2,638.0
10460879,stimulus_Arg_PISACowsMilk_10_page_6,129.1,642.4,661.0
10460880,stimulus_Arg_PISACowsMilk_10_page_6,132.9,629.9,680.0
10460881,stimulus_Arg_PISACowsMilk_10_page_6,137.1,616.2,704.0
10460882,stimulus_Arg_PISACowsMilk_10_page_6,140.7,604.6,722.0
10460883,stimulus_Arg_PISACowsMilk_10_page_6,147.1,593.3,743.0
10460884,stimulus_Arg_PISACowsMilk_10_page_6,152.2,582.3,762.0
10460885,stimulus_Arg_PISACowsMilk_10_page_6,158.1,571.1,783.0
10460886,stimulus_Arg_PISACowsMilk_10_page_6,162.7,558.7,803.0
10460887,stimulus_Arg_PISACowsMilk_10_page_6,169.2,547.5,820.0
10460888,stimulus_Arg_PISACowsMilk_10_page_6,176.5,535.1,840.0
10460889,stimulus_Arg_PISACowsMilk_10_page_6,184.8,524.5,858.0
10460890,stimulus_Arg_PISACowsMilk_10_page_6,191.9,512.7,881.0
10460891,stimulus_Arg_PISACowsMilk_10_page_6,198.9,501.9,901.0
10460892,stimulus_Arg_PISACowsMilk_10_page_6,203.3,490.6,919.0
10460893,stimulus_Arg_PISACowsMilk_10_page_6,207.7,479.9,935.0
10460894,stimulus_Arg_PISACowsMilk_10_page_6,210.0,469.1,949.0
10460895,stimulus_Arg_PISACowsMilk_10_page_6,212.1,457.8,965.0
10460896,stimulus_Arg_PISACowsMilk_10_page_6,213.3,448.0,979.0
10460897,stimulus_Arg_PISACowsMilk_10_page_6,215.1,437.2,993.0
10460898,stimulus_Arg_PISACowsMilk_10_page_6,216.9,428.0,1008.0
10460899,stimulus_Arg_PISACowsMilk_10_page_6,218.8,418.4,1021.0
10460900,stimulus_Arg_PISACowsMilk_10_page_6,220.4,409.4,1038.0
10460901,stimulus_Arg_PISACowsMilk_10_page_6,221.8,401.9,1049.0
10460902,stimulus_Arg_PISACowsMilk_10_page_6,223.5,394.2,1060.0
10460903,stimulus_Arg_PISACowsMilk_10_page_6,224.8,387.6,1069.0
10460904,stimulus_Arg_PISACowsMilk_10_page_6,226.0,381.6,1078.0
10460905,stimulus_Arg_PISACowsMilk_10_page_6,226.6,375.8,1086.0
10460906,stimulus_Arg_PISACowsMilk_10_page_6,226.6,371.1,1093.0
10460907,stimulus_Arg_PISACowsMilk_10_page_6,226.7,366.1,1101.0
10460908,stimulus_Arg_PISACowsMilk_10_page_6,226.7,361.1,1109.0
10460909,stimulus_Arg_PISACowsMilk_10_page_6,226.8,357.5,1115.0
10460910,stimulus_Arg_PISACowsMilk_10_page_6,226.9,354.0,1121.0
10460911,stimulus_Arg_PISACowsMilk_10_page_6,226.8,351.1,1126.0
10460912,stimulus_Arg_PISACowsMilk_10_page_6,226.5,348.2,1126.0
10460913,stimulus_Arg_PISACowsMilk_10_page_6,225.8,345.7,1127.0
10460914,stimulus_Arg_PISACowsMilk_10_page_6,225.0,345.5,1128.0
10460915,stimulus_Arg_PISACowsMilk_10_page_6,224.3,345.6,1128.0
10460916,stimulus_Arg_PISACowsMilk_10_page_6,223.6,346.7,1127.0
10460917,stimulus_Arg_PISACowsMilk_10_page_6,222.4,349.2,1124.0
10460918,stimulus_Arg_PISACowsMilk_10_page_6,221.1,354.0,1120.0
10460919,stimulus_Arg_PISACowsMilk_10_page_6,219.8,359.8,1115.0
10460920,stimulus_Arg_PISACowsMilk_10_page_6,218.8,365.1,1111.0
10460921,stimulus_Arg_PISACowsMilk_10_page_6,218.2,368.5,1109.0
10460922,stimulus_Arg_PISACowsMilk_10_page_6,217.8,369.9,1109.0
10460923,stimulus_Arg_PISACowsMilk_10_page_6,217.6,370.5,1109.0
10460924,stimulus_Arg_PISACowsMilk_10_page_6,217.3,370.8,1107.0
10460925,stimulus_Arg_PISACowsMilk_10_page_6,217.2,371.0,1105.0
10460926,stimulus_Arg_PISACowsMilk_10_page_6,217.0,371.0,1102.0
10460927,stimulus_Arg_PISACowsMilk_10_page_6,217.3,371.5,1101.0
10460928,stimulus_Arg_PISACowsMilk_10_page_6,217.6,372.0,1102.0
10460929,stimulus_Arg_PISACowsMilk_10_page_6,218.4,372.5,1102.0
10460930,stimulus_Arg_PISACowsMilk_10_page_6,218.8,372.7,1102.0
10460931,stimulus_Arg_PISACowsMilk_10_page_6,218.8,372.8,1103.0
10460932,stimulus_Arg_PISACowsMilk_10_page_6,218.3,373.0,1104.0
10460933,stimulus_Arg_PISACowsMilk_10_page_6,217.7,373.1,1104.0
10460934,stimulus_Arg_PISACowsMilk_10_page_6,217.5,373.5,1105.0
10460935,stimulus_Arg_PISACowsMilk_10_page_6,217.3,373.9,1104.0
10460936,stimulus_Arg_PISACowsMilk_10_page_6,217.0,374.5,1102.0
10460937,stimulus_Arg_PISACowsMilk_10_page_6,216.6,374.8,1101.0
10460938,stimulus_Arg_PISACowsMilk_10_page_6,216.4,375.3,1101.0
10460939,stimulus_Arg_PISACowsMilk_10_page_6,216.2,375.7,1101.0
10460940,stimulus_Arg_PISACowsMilk_10_page_6,216.0,376.4,1102.0
10460941,stimulus_Arg_PISACowsMilk_10_page_6,216.0,376.8,1103.0
10460942,stimulus_Arg_PISACowsMilk_10_page_6,215.9,377.2,1103.0
10460943,stimulus_Arg_PISACowsMilk_10_page_6,216.0,376.9,1102.0
10460944,stimulus_Arg_PISACowsMilk_10_page_6,216.1,376.7,1101.0
10460945,stimulus_Arg_PISACowsMilk_10_page_6,216.4,376.5,1100.0
10460946,stimulus_Arg_PISACowsMilk_10_page_6,216.9,376.6,1099.0
10460947,stimulus_Arg_PISACowsMilk_10_page_6,217.5,376.7,1098.0
10460948,stimulus_Arg_PISACowsMilk_10_page_6,218.1,376.8,1098.0
10460949,stimulus_Arg_PISACowsMilk_10_page_6,218.5,376.8,1098.0
10460950,stimulus_Arg_PISACowsMilk_10_page_6,218.5,376.8,1097.0
10460951,stimulus_Arg_PISACowsMilk_10_page_6,218.5,376.8,1098.0
10460952,stimulus_Arg_PISACowsMilk_10_page_6,219.0,376.7,1099.0
10460953,stimulus_Arg_PISACowsMilk_10_page_6,219.5,376.7,1100.0
10460954,stimulus_Arg_PISACowsMilk_10_page_6,220.0,376.6,1100.0
10460955,stimulus_Arg_PISACowsMilk_10_page_6,219.7,376.5,1100.0
10460956,stimulus_Arg_PISACowsMilk_10_page_6,219.4,376.3,1100.0
10460957,stimulus_Arg_PISACowsMilk_10_page_6,219.2,376.1,1100.0
10460958,stimulus_Arg_PISACowsMilk_10_page_6,219.1,376.0,1100.0
10460959,stimulus_Arg_PISACowsMilk_10_page_6,219.0,375.8,1100.0
10460960,stimulus_Arg_PISACowsMilk_10_page_6,219.0,375.7,1100.0
10460961,stimulus_Arg_PISACowsMilk_10_page_6,219.0,375.5,1100.0
10460962,stimulus_Arg_PISACowsMilk_10_page_6,219.1,375.4,1101.0
10460963,stimulus_Arg_PISACowsMilk_10_page_6,219.1,375.4,1101.0
10460964,stimulus_Arg_PISACowsMilk_10_page_6,219.1,375.4,1102.0
10460965,stimulus_Arg_PISACowsMilk_10_page_6,219.0,375.3,1102.0
10460966,stimulus_Arg_PISACowsMilk_10_page_6,218.9,375.4,1102.0
10460967,stimulus_Arg_PISACowsMilk_10_page_6,218.8,375.5,1102.0
10460968,stimulus_Arg_PISACowsMilk_10_page_6,218.6,375.6,1103.0
10460969,stimulus_Arg_PISACowsMilk_10_page_6,218.4,375.7,1103.0
10460970,stimulus_Arg_PISACowsMilk_10_page_6,218.3,375.7,1103.0
10460971,stimulus_Arg_PISACowsMilk_10_page_6,218.5,375.8,1103.0
10460972,stimulus_Arg_PISACowsMilk_10_page_6,218.7,375.9,1103.0
10460973,stimulus_Arg_PISACowsMilk_10_page_6,218.7,376.4,1103.0
10460974,stimulus_Arg_PISACowsMilk_10_page_6,218.4,376.9,1103.0
10460975,stimulus_Arg_PISACowsMilk_10_page_6,218.3,377.2,1104.0
10460976,stimulus_Arg_PISACowsMilk_10_page_6,218.3,377.0,1104.0
10460977,stimulus_Arg_PISACowsMilk_10_page_6,218.4,376.8,1104.0
10460978,stimulus_Arg_PISACowsMilk_10_page_6,218.5,376.6,1104.0
10460979,stimulus_Arg_PISACowsMilk_10_page_6,218.5,376.5,1105.0
10460980,stimulus_Arg_PISACowsMilk_10_page_6,218.5,376.3,1105.0
10460981,stimulus_Arg_PISACowsMilk_10_page_6,218.6,376.2,1105.0
10460982,stimulus_Arg_PISACowsMilk_10_page_6,218.7,376.0,1105.0
10460983,stimulus_Arg_PISACowsMilk_10_page_6,218.8,376.1,1105.0
10460984,stimulus_Arg_PISACowsMilk_10_page_6,218.8,376.1,1105.0
10460985,stimulus_Arg_PISACowsMilk_10_page_6,219.1,376.1,1105.0
10460986,stimulus_Arg_PISACowsMilk_10_page_6,219.4,376.4,1105.0
10460987,stimulus_Arg_PISACowsMilk_10_page_6,219.5,376.7,1104.0
10460988,stimulus_Arg_PISACowsMilk_10_page_6,219.2,377.1,1102.0
10460989,stimulus_Arg_PISACowsMilk_10_page_6,218.9,377.2,1101.0
10460990,stimulus_Arg_PISACowsMilk_10_page_6,218.9,377.5,1099.0
10460991,stimulus_Arg_PISACowsMilk_10_page_6,219.1,377.8,1098.0
10460992,stimulus_Arg_PISACowsMilk_10_page_6,219.3,378.0,1097.0
10460993,stimulus_Arg_PISACowsMilk_10_page_6,219.7,378.0,1097.0
10460994,stimulus_Arg_PISACowsMilk_10_page_6,220.0,377.9,1097.0
10460995,stimulus_Arg_PISACowsMilk_10_page_6,220.3,377.8,1097.0
10460996,stimulus_Arg_PISACowsMilk_10_page_6,220.1,377.7,1097.0
10460997,stimulus_Arg_PISACowsMilk_10_page_6,219.7,378.0,1096.0
10460998,stimulus_Arg_PISACowsMilk_10_page_6,219.4,378.2,1096.0
10460999,stimulus_Arg_PISACowsMilk_10_page_6,219.7,378.5,1096.0
10461000,stimulus_Arg_PISACowsMilk_10_page_6,220.1,378.6,1096.0
10461001,stimulus_Arg_PISACowsMilk_10_page_6,220.3,378.9,1096.0
10461002,stimulus_Arg_PISACowsMilk_10_page_6,220.2,379.2,1096.0
10461003,stimulus_Arg_PISACowsMilk_10_page_6,219.9,379.3,1096.0
10461004,stimulus_Arg_PISACowsMilk_10_page_6,219.7,379.1,1096.0
10461005,stimulus_Arg_PISACowsMilk_10_page_6,219.9,378.9,1096.0
10461006,stimulus_Arg_PISACowsMilk_10_page_6,220.2,378.9,1096.0
10461007,stimulus_Arg_PISACowsMilk_10_page_6,220.4,378.7,1096.0
10461008,stimulus_Arg_PISACowsMilk_10_page_6,220.4,378.4,1096.0
10461009,stimulus_Arg_PISACowsMilk_10_page_6,220.3,378.2,1097.0
10461010,stimulus_Arg_PISACowsMilk_10_page_6,220.2,378.2,1098.0
10461011,stimulus_Arg_PISACowsMilk_10_page_6,220.1,378.4,1099.0
10461012,stimulus_Arg_PISACowsMilk_10_page_6,220.0,378.6,1100.0
10461013,stimulus_Arg_PISACowsMilk_10_page_6,220.0,378.7,1100.0
10461014,stimulus_Arg_PISACowsMilk_10_page_6,220.2,378.7,1100.0
10461015,stimulus_Arg_PISACowsMilk_10_page_6,220.4,378.7,1101.0
10461016,stimulus_Arg_PISACowsMilk_10_page_6,220.4,378.9,1101.0
10461017,stimulus_Arg_PISACowsMilk_10_page_6,220.4,379.1,1101.0
10461018,stimulus_Arg_PISACowsMilk_10_page_6,220.3,379.2,1100.0
10461019,stimulus_Arg_PISACowsMilk_10_page_6,220.3,379.0,1101.0
10461020,stimulus_Arg_PISACowsMilk_10_page_6,220.3,378.8,1101.0
10461021,stimulus_Arg_PISACowsMilk_10_page_6,220.3,378.7,1101.0
10461022,stimulus_Arg_PISACowsMilk_10_page_6,220.4,378.8,1101.0
10461023,stimulus_Arg_PISACowsMilk_10_page_6,220.4,378.8,1101.0
10461024,stimulus_Arg_PISACowsMilk_10_page_6,220.5,378.7,1100.0
10461025,stimulus_Arg_PISACowsMilk_10_page_6,220.6,378.5,1100.0
10461026,stimulus_Arg_PISACowsMilk_10_page_6,220.6,378.3,1100.0
10461027,stimulus_Arg_PISACowsMilk_10_page_6,220.4,378.2,1100.0
10461028,stimulus_Arg_PISACowsMilk_10_page_6,220.3,378.1,1100.0
10461029,stimulus_Arg_PISACowsMilk_10_page_6,220.1,378.1,1101.0
10461030,stimulus_Arg_PISACowsMilk_10_page_6,220.1,378.1,1101.0
10461031,stimulus_Arg_PISACowsMilk_10_page_6,220.0,378.1,1101.0
10461032,stimulus_Arg_PISACowsMilk_10_page_6,220.0,378.1,1100.0
10461033,stimulus_Arg_PISACowsMilk_10_page_6,220.0,378.1,1099.0
10461034,stimulus_Arg_PISACowsMilk_10_page_6,220.0,378.0,1099.0
10461035,stimulus_Arg_PISACowsMilk_10_page_6,220.0,378.0,1099.0
10461036,stimulus_Arg_PISACowsMilk_10_page_6,220.1,377.9,1099.0
10461037,stimulus_Arg_PISACowsMilk_10_page_6,220.1,377.8,1100.0
10461038,stimulus_Arg_PISACowsMilk_10_page_6,220.3,377.8,1100.0
10461039,stimulus_Arg_PISACowsMilk_10_page_6,220.5,377.8,1100.0
10461040,stimulus_Arg_PISACowsMilk_10_page_6,220.8,377.7,1100.0
10461041,stimulus_Arg_PISACowsMilk_10_page_6,221.0,377.6,1100.0
10461042,stimulus_Arg_PISACowsMilk_10_page_6,220.8,377.4,1099.0
10461043,stimulus_Arg_PISACowsMilk_10_page_6,220.6,377.2,1099.0
10461044,stimulus_Arg_PISACowsMilk_10_page_6,220.4,377.1,1098.0
10461045,stimulus_Arg_PISACowsMilk_10_page_6,220.4,377.2,1098.0
10461046,stimulus_Arg_PISACowsMilk_10_page_6,220.5,377.3,1098.0
10461047,stimulus_Arg_PISACowsMilk_10_page_6,220.7,377.3,1098.0
10461048,stimulus_Arg_PISACowsMilk_10_page_6,220.9,377.2,1099.0
10461049,stimulus_Arg_PISACowsMilk_10_page_6,220.9,377.0,1099.0
10461050,stimulus_Arg_PISACowsMilk_10_page_6,220.9,376.9,1099.0
10461051,stimulus_Arg_PISACowsMilk_10_page_6,220.8,376.8,1099.0
10461052,stimulus_Arg_PISACowsMilk_10_page_6,220.7,376.6,1099.0
10461053,stimulus_Arg_PISACowsMilk_10_page_6,220.6,376.5,1098.0
10461054,stimulus_Arg_PISACowsMilk_10_page_6,220.5,376.5,1097.0
10461055,stimulus_Arg_PISACowsMilk_10_page_6,220.5,376.5,1096.0
10461056,stimulus_Arg_PISACowsMilk_10_page_6,220.5,376.5,1097.0
10461057,stimulus_Arg_PISACowsMilk_10_page_6,220.6,376.5,1097.0
10461058,stimulus_Arg_PISACowsMilk_10_page_6,220.6,376.5,1097.0
10461059,stimulus_Arg_PISACowsMilk_10_page_6,220.6,376.5,1097.0
10461060,stimulus_Arg_PISACowsMilk_10_page_6,220.8,376.4,1097.0
10461061,stimulus_Arg_PISACowsMilk_10_page_6,221.0,376.3,1098.0
10461062,stimulus_Arg_PISACowsMilk_10_page_6,221.2,376.6,1098.0
10461063,stimulus_Arg_PISACowsMilk_10_page_6,221.3,377.0,1099.0
10461064,stimulus_Arg_PISACowsMilk_10_page_6,221.3,377.4,1100.0
10461065,stimulus_Arg_PISACowsMilk_10_page_6,220.7,377.5,1100.0
10461066,stimulus_Arg_PISACowsMilk_10_page_6,219.7,378.0,1100.0
10461067,stimulus_Arg_PISACowsMilk_10_page_6,217.3,379.1,1099.0
10461068,stimulus_Arg_PISACowsMilk_10_page_6,214.8,380.1,1099.0
10461069,stimulus_Arg_PISACowsMilk_10_page_6,211.4,381.3,1099.0
10461070,stimulus_Arg_PISACowsMilk_10_page_6,208.5,382.2,1099.0
10461071,stimulus_Arg_PISACowsMilk_10_page_6,203.9,383.5,1099.0
10461072,stimulus_Arg_PISACowsMilk_10_page_6,199.5,384.7,1100.0
10461073,stimulus_Arg_PISACowsMilk_10_page_6,194.5,386.7,1100.0
10461074,stimulus_Arg_PISACowsMilk_10_page_6,190.7,388.5,1100.0
10461075,stimulus_Arg_PISACowsMilk_10_page_6,187.2,390.5,1100.0
10461076,stimulus_Arg_PISACowsMilk_10_page_6,184.5,391.9,1101.0
10461077,stimulus_Arg_PISACowsMilk_10_page_6,183.0,393.3,1101.0
10461078,stimulus_Arg_PISACowsMilk_10_page_6,182.4,394.3,1100.0
10461079,stimulus_Arg_PISACowsMilk_10_page_6,182.6,394.8,1099.0
10461080,stimulus_Arg_PISACowsMilk_10_page_6,183.4,395.1,1100.0
10461081,stimulus_Arg_PISACowsMilk_10_page_6,184.6,395.2,1100.0
10461082,stimulus_Arg_PISACowsMilk_10_page_6,186.3,395.2,1100.0
10461083,stimulus_Arg_PISACowsMilk_10_page_6,188.0,395.1,1100.0
10461084,stimulus_Arg_PISACowsMilk_10_page_6,189.9,394.7,1101.0
10461085,stimulus_Arg_PISACowsMilk_10_page_6,191.3,394.3,1102.0
10461086,stimulus_Arg_PISACowsMilk_10_page_6,192.7,393.7,1102.0
10461087,stimulus_Arg_PISACowsMilk_10_page_6,193.9,393.5,1102.0
10461088,stimulus_Arg_PISACowsMilk_10_page_6,194.8,393.1,1102.0
10461089,stimulus_Arg_PISACowsMilk_10_page_6,195.5,392.6,1103.0
10461090,stimulus_Arg_PISACowsMilk_10_page_6,195.8,391.9,1103.0
10461091,stimulus_Arg_PISACowsMilk_10_page_6,196.1,391.2,1103.0
10461092,stimulus_Arg_PISACowsMilk_10_page_6,196.0,390.7,1103.0
10461093,stimulus_Arg_PISACowsMilk_10_page_6,195.9,390.6,1103.0
10461094,stimulus_Arg_PISACowsMilk_10_page_6,195.7,390.3,1102.0
10461095,stimulus_Arg_PISACowsMilk_10_page_6,195.7,390.1,1102.0
10461096,stimulus_Arg_PISACowsMilk_10_page_6,195.4,389.8,1102.0
10461097,stimulus_Arg_PISACowsMilk_10_page_6,195.1,389.7,1101.0
10461098,stimulus_Arg_PISACowsMilk_10_page_6,194.9,390.0,1100.0
10461099,stimulus_Arg_PISACowsMilk_10_page_6,195.0,390.3,1100.0
10461100,stimulus_Arg_PISACowsMilk_10_page_6,195.1,390.6,1100.0
10461101,stimulus_Arg_PISACowsMilk_10_page_6,195.2,390.5,1100.0
10461102,stimulus_Arg_PISACowsMilk_10_page_6,195.4,390.4,1100.0
10461103,stimulus_Arg_PISACowsMilk_10_page_6,195.4,390.4,1100.0
10461104,stimulus_Arg_PISACowsMilk_10_page_6,195.4,390.4,1100.0
10461105,stimulus_Arg_PISACowsMilk_10_page_6,195.2,390.5,1101.0
10461106,stimulus_Arg_PISACowsMilk_10_page_6,195.0,390.5,1100.0
10461107,stimulus_Arg_PISACowsMilk_10_page_6,194.8,390.5,1099.0
10461108,stimulus_Arg_PISACowsMilk_10_page_6,194.9,390.5,1099.0
10461109,stimulus_Arg_PISACowsMilk_10_page_6,194.9,390.5,1099.0
10461110,stimulus_Arg_PISACowsMilk_10_page_6,194.9,390.5,1100.0
10461111,stimulus_Arg_PISACowsMilk_10_page_6,194.9,390.6,1100.0
10461112,stimulus_Arg_PISACowsMilk_10_page_6,195.0,390.8,1100.0
10461113,stimulus_Arg_PISACowsMilk_10_page_6,195.0,390.8,1101.0
10461114,stimulus_Arg_PISACowsMilk_10_page_6,195.0,390.6,1101.0
10461115,stimulus_Arg_PISACowsMilk_10_page_6,194.9,390.4,1102.0
10461116,stimulus_Arg_PISACowsMilk_10_page_6,194.9,390.4,1103.0
10461117,stimulus_Arg_PISACowsMilk_10_page_6,194.9,390.5,1103.0
10461118,stimulus_Arg_PISACowsMilk_10_page_6,194.9,390.6,1103.0
10461119,stimulus_Arg_PISACowsMilk_10_page_6,194.9,390.8,1104.0
10461120,stimulus_Arg_PISACowsMilk_10_page_6,195.0,390.9,1105.0
10461121,stimulus_Arg_PISACowsMilk_10_page_6,195.0,390.8,1106.0
10461122,stimulus_Arg_PISACowsMilk_10_page_6,195.3,390.5,1107.0
10461123,stimulus_Arg_PISACowsMilk_10_page_6,195.5,390.2,1108.0
10461124,stimulus_Arg_PISACowsMilk_10_page_6,195.6,390.2,1108.0
10461125,stimulus_Arg_PISACowsMilk_10_page_6,195.4,390.4,1108.0
10461126,stimulus_Arg_PISACowsMilk_10_page_6,195.4,390.5,1108.0
10461127,stimulus_Arg_PISACowsMilk_10_page_6,195.6,390.4,1108.0
10461128,stimulus_Arg_PISACowsMilk_10_page_6,195.9,390.3,1108.0
10461129,stimulus_Arg_PISACowsMilk_10_page_6,195.8,390.3,1108.0
10461130,stimulus_Arg_PISACowsMilk_10_page_6,195.6,390.4,1108.0
10461131,stimulus_Arg_PISACowsMilk_10_page_6,195.3,390.5,1108.0
10461132,stimulus_Arg_PISACowsMilk_10_page_6,195.2,390.6,1107.0
10461133,stimulus_Arg_PISACowsMilk_10_page_6,195.2,390.6,1108.0
10461134,stimulus_Arg_PISACowsMilk_10_page_6,195.2,390.7,1108.0
10461135,stimulus_Arg_PISACowsMilk_10_page_6,195.1,390.6,1108.0
10461136,stimulus_Arg_PISACowsMilk_10_page_6,195.3,390.6,1107.0
10461137,stimulus_Arg_PISACowsMilk_10_page_6,195.5,390.5,1108.0
10461138,stimulus_Arg_PISACowsMilk_10_page_6,195.8,390.6,1108.0
10461139,stimulus_Arg_PISACowsMilk_10_page_6,195.9,390.6,1109.0
10461140,stimulus_Arg_PISACowsMilk_10_page_6,196.0,390.6,1109.0
10461141,stimulus_Arg_PISACowsMilk_10_page_6,196.0,390.6,1109.0
10461142,stimulus_Arg_PISACowsMilk_10_page_6,196.0,390.5,1109.0
10461143,stimulus_Arg_PISACowsMilk_10_page_6,196.1,390.4,1110.0
10461144,stimulus_Arg_PISACowsMilk_10_page_6,196.1,390.5,1110.0
10461145,stimulus_Arg_PISACowsMilk_10_page_6,196.0,390.6,1109.0
10461146,stimulus_Arg_PISACowsMilk_10_page_6,196.2,390.7,1109.0
10461147,stimulus_Arg_PISACowsMilk_10_page_6,196.5,390.9,1109.0
10461148,stimulus_Arg_PISACowsMilk_10_page_6,196.6,391.1,1110.0
10461149,stimulus_Arg_PISACowsMilk_10_page_6,196.3,391.3,1111.0
10461150,stimulus_Arg_PISACowsMilk_10_page_6,196.0,391.1,1112.0
10461151,stimulus_Arg_PISACowsMilk_10_page_6,195.7,390.8,1111.0
10461152,stimulus_Arg_PISACowsMilk_10_page_6,195.5,390.5,1111.0
10461153,stimulus_Arg_PISACowsMilk_10_page_6,195.6,390.5,1111.0
10461154,stimulus_Arg_PISACowsMilk_10_page_6,195.7,390.6,1111.0
10461155,stimulus_Arg_PISACowsMilk_10_page_6,195.8,390.8,1111.0
10461156,stimulus_Arg_PISACowsMilk_10_page_6,195.8,391.1,1111.0
10461157,stimulus_Arg_PISACowsMilk_10_page_6,196.0,391.3,1112.0
10461158,stimulus_Arg_PISACowsMilk_10_page_6,196.3,391.4,1112.0
10461159,stimulus_Arg_PISACowsMilk_10_page_6,196.6,391.5,1112.0
10461160,stimulus_Arg_PISACowsMilk_10_page_6,196.6,391.5,1112.0
10461161,stimulus_Arg_PISACowsMilk_10_page_6,196.6,391.5,1112.0
10461162,stimulus_Arg_PISACowsMilk_10_page_6,196.6,391.3,1113.0
10461163,stimulus_Arg_PISACowsMilk_10_page_6,196.5,391.2,1114.0
10461164,stimulus_Arg_PISACowsMilk_10_page_6,196.4,391.1,1115.0
10461165,stimulus_Arg_PISACowsMilk_10_page_6,196.5,391.1,1116.0
10461166,stimulus_Arg_PISACowsMilk_10_page_6,196.5,390.9,1117.0
10461167,stimulus_Arg_PISACowsMilk_10_page_6,196.6,390.4,1118.0
10461168,stimulus_Arg_PISACowsMilk_10_page_6,196.7,389.9,1118.0
10461169,stimulus_Arg_PISACowsMilk_10_page_6,196.9,389.6,1118.0
10461170,stimulus_Arg_PISACowsMilk_10_page_6,197.0,389.7,1119.0
10461171,stimulus_Arg_PISACowsMilk_10_page_6,197.0,389.9,1119.0
10461172,stimulus_Arg_PISACowsMilk_10_page_6,197.1,390.0,1120.0
10461173,stimulus_Arg_PISACowsMilk_10_page_6,197.2,390.2,1120.0
10461174,stimulus_Arg_PISACowsMilk_10_page_6,197.1,390.3,1120.0
10461175,stimulus_Arg_PISACowsMilk_10_page_6,197.0,390.5,1120.0
10461176,stimulus_Arg_PISACowsMilk_10_page_6,196.6,390.8,1120.0
10461177,stimulus_Arg_PISACowsMilk_10_page_6,196.2,391.0,1120.0
10461178,stimulus_Arg_PISACowsMilk_10_page_6,195.9,391.1,1121.0
10461179,stimulus_Arg_PISACowsMilk_10_page_6,195.8,391.1,1123.0
10461180,stimulus_Arg_PISACowsMilk_10_page_6,195.8,391.2,1124.0
10461181,stimulus_Arg_PISACowsMilk_10_page_6,195.7,391.8,1124.0
10461182,stimulus_Arg_PISACowsMilk_10_page_6,195.6,392.3,1124.0
10461183,stimulus_Arg_PISACowsMilk_10_page_6,195.6,392.8,1124.0
10461184,stimulus_Arg_PISACowsMilk_10_page_6,195.6,392.9,1125.0
10461185,stimulus_Arg_PISACowsMilk_10_page_6,195.7,392.9,1126.0
10461186,stimulus_Arg_PISACowsMilk_10_page_6,195.8,393.0,1126.0
10461187,stimulus_Arg_PISACowsMilk_10_page_6,196.0,393.0,1126.0
10461188,stimulus_Arg_PISACowsMilk_10_page_6,196.2,393.1,1125.0
10461189,stimulus_Arg_PISACowsMilk_10_page_6,196.3,393.1,1125.0
10461190,stimulus_Arg_PISACowsMilk_10_page_6,196.3,393.1,1125.0
10461191,stimulus_Arg_PISACowsMilk_10_page_6,196.3,393.1,1126.0
10461192,stimulus_Arg_PISACowsMilk_10_page_6,196.3,393.2,1126.0
10461193,stimulus_Arg_PISACowsMilk_10_page_6,196.4,393.2,1127.0
10461194,stimulus_Arg_PISACowsMilk_10_page_6,196.4,393.2,1127.0
10461195,stimulus_Arg_PISACowsMilk_10_page_6,196.4,393.1,1128.0
10461196,stimulus_Arg_PISACowsMilk_10_page_6,196.0,393.0,1128.0
10461197,stimulus_Arg_PISACowsMilk_10_page_6,195.6,393.0,1128.0
10461198,stimulus_Arg_PISACowsMilk_10_page_6,195.7,393.2,1128.0
10461199,stimulus_Arg_PISACowsMilk_10_page_6,196.1,393.4,1128.0
10461200,stimulus_Arg_PISACowsMilk_10_page_6,196.5,393.7,1129.0
10461201,stimulus_Arg_PISACowsMilk_10_page_6,196.5,394.1,1129.0
10461202,stimulus_Arg_PISACowsMilk_10_page_6,196.6,394.6,1129.0
10461203,stimulus_Arg_PISACowsMilk_10_page_6,196.6,394.8,1129.0
10461204,stimulus_Arg_PISACowsMilk_10_page_6,196.6,394.6,1129.0
10461205,stimulus_Arg_PISACowsMilk_10_page_6,196.6,394.4,1129.0
10461206,stimulus_Arg_PISACowsMilk_10_page_6,196.5,394.5,1129.0
10461207,stimulus_Arg_PISACowsMilk_10_page_6,196.2,394.5,1129.0
10461208,stimulus_Arg_PISACowsMilk_10_page_6,195.8,394.6,1130.0
10461209,stimulus_Arg_PISACowsMilk_10_page_6,195.5,394.6,1131.0
10461210,stimulus_Arg_PISACowsMilk_10_page_6,195.5,394.6,1133.0
10461211,stimulus_Arg_PISACowsMilk_10_page_6,195.5,394.6,1134.0
10461212,stimulus_Arg_PISACowsMilk_10_page_6,195.7,394.7,1134.0
10461213,stimulus_Arg_PISACowsMilk_10_page_6,195.9,394.8,1135.0
10461214,stimulus_Arg_PISACowsMilk_10_page_6,196.2,394.8,1135.0
10461215,stimulus_Arg_PISACowsMilk_10_page_6,196.3,394.9,1136.0
10461216,stimulus_Arg_PISACowsMilk_10_page_6,196.4,395.2,1136.0
10461217,stimulus_Arg_PISACowsMilk_10_page_6,196.6,395.4,1137.0
10461218,stimulus_Arg_PISACowsMilk_10_page_6,196.6,395.4,1137.0
10461219,stimulus_Arg_PISACowsMilk_10_page_6,196.7,395.2,1137.0
10461220,stimulus_Arg_PISACowsMilk_10_page_6,196.8,395.1,1137.0
10461221,stimulus_Arg_PISACowsMilk_10_page_6,196.8,395.4,1137.0
10461222,stimulus_Arg_PISACowsMilk_10_page_6,196.8,395.7,1137.0
10461223,stimulus_Arg_PISACowsMilk_10_page_6,196.8,395.9,1137.0
10461224,stimulus_Arg_PISACowsMilk_10_page_6,196.8,396.0,1138.0
10461225,stimulus_Arg_PISACowsMilk_10_page_6,196.8,395.8,1138.0
10461226,stimulus_Arg_PISACowsMilk_10_page_6,196.7,395.5,1138.0
10461227,stimulus_Arg_PISACowsMilk_10_page_6,196.7,395.3,1138.0
10461228,stimulus_Arg_PISACowsMilk_10_page_6,196.7,395.4,1138.0
10461229,stimulus_Arg_PISACowsMilk_10_page_6,196.4,395.4,1138.0
10461230,stimulus_Arg_PISACowsMilk_10_page_6,196.2,395.4,1138.0
10461231,stimulus_Arg_PISACowsMilk_10_page_6,196.1,395.2,1137.0
10461232,stimulus_Arg_PISACowsMilk_10_page_6,198.1,395.2,1137.0
10461233,stimulus_Arg_PISACowsMilk_10_page_6,201.9,395.5,1137.0
10461234,stimulus_Arg_PISACowsMilk_10_page_6,206.5,396.4,1139.0
10461235,stimulus_Arg_PISACowsMilk_10_page_6,212.2,397.5,1142.0
10461236,stimulus_Arg_PISACowsMilk_10_page_6,219.6,398.8,1144.0
10461237,stimulus_Arg_PISACowsMilk_10_page_6,229.9,399.2,1144.0
10461238,stimulus_Arg_PISACowsMilk_10_page_6,241.5,398.9,1144.0
10461239,stimulus_Arg_PISACowsMilk_10_page_6,255.1,398.8,1143.0
10461240,stimulus_Arg_PISACowsMilk_10_page_6,269.5,397.1,1147.0
10461241,stimulus_Arg_PISACowsMilk_10_page_6,286.2,395.4,1151.0
10461242,stimulus_Arg_PISACowsMilk_10_page_6,302.0,392.6,1155.0
10461243,stimulus_Arg_PISACowsMilk_10_page_6,317.8,390.9,1157.0
10461244,stimulus_Arg_PISACowsMilk_10_page_6,332.4,389.7,1159.0
10461245,stimulus_Arg_PISACowsMilk_10_page_6,345.9,388.3,1162.0
10461246,stimulus_Arg_PISACowsMilk_10_page_6,358.6,387.6,1163.0
10461247,stimulus_Arg_PISACowsMilk_10_page_6,368.8,385.7,1164.0
10461248,stimulus_Arg_PISACowsMilk_10_page_6,379.2,384.9,1163.0
10461249,stimulus_Arg_PISACowsMilk_10_page_6,387.0,383.2,1162.0
10461250,stimulus_Arg_PISACowsMilk_10_page_6,395.1,382.7,1161.0
10461251,stimulus_Arg_PISACowsMilk_10_page_6,400.7,382.1,1158.0
10461252,stimulus_Arg_PISACowsMilk_10_page_6,406.6,381.9,1155.0
10461253,stimulus_Arg_PISACowsMilk_10_page_6,410.8,381.8,1153.0
10461254,stimulus_Arg_PISACowsMilk_10_page_6,415.2,381.8,1150.0
10461255,stimulus_Arg_PISACowsMilk_10_page_6,419.2,382.2,1148.0
10461256,stimulus_Arg_PISACowsMilk_10_page_6,423.6,382.3,1147.0
10461257,stimulus_Arg_PISACowsMilk_10_page_6,427.8,381.9,1146.0
10461258,stimulus_Arg_PISACowsMilk_10_page_6,431.7,380.7,1145.0
10461259,stimulus_Arg_PISACowsMilk_10_page_6,435.2,379.4,1144.0
10461260,stimulus_Arg_PISACowsMilk_10_page_6,437.7,378.5,1143.0
10461261,stimulus_Arg_PISACowsMilk_10_page_6,439.0,378.2,1143.0
10461262,stimulus_Arg_PISACowsMilk_10_page_6,439.2,378.2,1144.0
10461263,stimulus_Arg_PISACowsMilk_10_page_6,439.2,378.4,1145.0
10461264,stimulus_Arg_PISACowsMilk_10_page_6,438.9,378.8,1146.0
10461265,stimulus_Arg_PISACowsMilk_10_page_6,437.9,379.3,1147.0
10461266,stimulus_Arg_PISACowsMilk_10_page_6,436.8,379.6,1149.0
10461267,stimulus_Arg_PISACowsMilk_10_page_6,435.8,380.0,1150.0
10461268,stimulus_Arg_PISACowsMilk_10_page_6,434.9,380.6,1151.0
10461269,stimulus_Arg_PISACowsMilk_10_page_6,433.5,381.5,1151.0
10461270,stimulus_Arg_PISACowsMilk_10_page_6,431.6,382.5,1151.0
10461271,stimulus_Arg_PISACowsMilk_10_page_6,429.5,383.3,1151.0
10461272,stimulus_Arg_PISACowsMilk_10_page_6,427.5,383.7,1151.0
10461273,stimulus_Arg_PISACowsMilk_10_page_6,426.2,383.7,1152.0
10461274,stimulus_Arg_PISACowsMilk_10_page_6,425.5,383.7,1152.0
10461275,stimulus_Arg_PISACowsMilk_10_page_6,425.3,383.7,1152.0
10461276,stimulus_Arg_PISACowsMilk_10_page_6,425.2,383.7,1152.0
10461277,stimulus_Arg_PISACowsMilk_10_page_6,425.2,383.7,1151.0
10461278,stimulus_Arg_PISACowsMilk_10_page_6,425.5,383.7,1150.0
10461279,stimulus_Arg_PISACowsMilk_10_page_6,426.0,383.8,1150.0
10461280,stimulus_Arg_PISACowsMilk_10_page_6,426.9,383.8,1149.0
10461281,stimulus_Arg_PISACowsMilk_10_page_6,428.0,383.9,1149.0
10461282,stimulus_Arg_PISACowsMilk_10_page_6,429.1,383.6,1149.0
10461283,stimulus_Arg_PISACowsMilk_10_page_6,430.2,383.3,1149.0
10461284,stimulus_Arg_PISACowsMilk_10_page_6,431.2,383.0,1149.0
10461285,stimulus_Arg_PISACowsMilk_10_page_6,432.1,383.1,1149.0
10461286,stimulus_Arg_PISACowsMilk_10_page_6,432.7,383.2,1150.0
10461287,stimulus_Arg_PISACowsMilk_10_page_6,433.2,383.3,1150.0
10461288,stimulus_Arg_PISACowsMilk_10_page_6,433.9,383.3,1150.0
10461289,stimulus_Arg_PISACowsMilk_10_page_6,434.4,383.2,1150.0
10461290,stimulus_Arg_PISACowsMilk_10_page_6,434.7,383.1,1150.0
10461291,stimulus_Arg_PISACowsMilk_10_page_6,434.8,383.0,1149.0
10461292,stimulus_Arg_PISACowsMilk_10_page_6,434.8,383.0,1149.0
10461293,stimulus_Arg_PISACowsMilk_10_page_6,434.8,382.9,1148.0
10461294,stimulus_Arg_PISACowsMilk_10_page_6,434.8,383.0,1148.0
10461295,stimulus_Arg_PISACowsMilk_10_page_6,434.8,383.2,1148.0
10461296,stimulus_Arg_PISACowsMilk_10_page_6,434.6,383.4,1147.0
10461297,stimulus_Arg_PISACowsMilk_10_page_6,434.4,383.5,1147.0
10461298,stimulus_Arg_PISACowsMilk_10_page_6,434.4,383.4,1147.0
10461299,stimulus_Arg_PISACowsMilk_10_page_6,434.6,383.3,1146.0
10461300,stimulus_Arg_PISACowsMilk_10_page_6,434.9,383.4,1146.0
10461301,stimulus_Arg_PISACowsMilk_10_page_6,435.1,383.3,1146.0
10461302,stimulus_Arg_PISACowsMilk_10_page_6,435.2,383.2,1145.0
10461303,stimulus_Arg_PISACowsMilk_10_page_6,434.6,383.0,1144.0
10461304,stimulus_Arg_PISACowsMilk_10_page_6,434.1,383.1,1143.0
10461305,stimulus_Arg_PISACowsMilk_10_page_6,433.6,383.4,1142.0
10461306,stimulus_Arg_PISACowsMilk_10_page_6,433.2,383.8,1142.0
10461307,stimulus_Arg_PISACowsMilk_10_page_6,432.8,384.0,1141.0
10461308,stimulus_Arg_PISACowsMilk_10_page_6,432.1,383.9,1142.0
10461309,stimulus_Arg_PISACowsMilk_10_page_6,431.8,383.7,1142.0
10461310,stimulus_Arg_PISACowsMilk_10_page_6,431.6,383.4,1142.0
10461311,stimulus_Arg_PISACowsMilk_10_page_6,431.6,383.3,1142.0
10461312,stimulus_Arg_PISACowsMilk_10_page_6,431.6,383.3,1141.0
10461313,stimulus_Arg_PISACowsMilk_10_page_6,431.5,383.3,1140.0
10461314,stimulus_Arg_PISACowsMilk_10_page_6,431.3,383.2,1139.0
10461315,stimulus_Arg_PISACowsMilk_10_page_6,431.4,383.1,1138.0
10461316,stimulus_Arg_PISACowsMilk_10_page_6,431.7,382.8,1138.0
10461317,stimulus_Arg_PISACowsMilk_10_page_6,431.9,382.8,1138.0
10461318,stimulus_Arg_PISACowsMilk_10_page_6,431.7,382.9,1138.0
10461319,stimulus_Arg_PISACowsMilk_10_page_6,431.5,383.1,1138.0
10461320,stimulus_Arg_PISACowsMilk_10_page_6,431.5,383.1,1137.0
10461321,stimulus_Arg_PISACowsMilk_10_page_6,431.6,383.2,1136.0
10461322,stimulus_Arg_PISACowsMilk_10_page_6,431.6,383.3,1135.0
10461323,stimulus_Arg_PISACowsMilk_10_page_6,431.5,383.4,1134.0
10461324,stimulus_Arg_PISACowsMilk_10_page_6,431.4,383.5,1133.0
10461325,stimulus_Arg_PISACowsMilk_10_page_6,431.4,383.6,1133.0
10461326,stimulus_Arg_PISACowsMilk_10_page_6,431.5,383.7,1133.0
10461327,stimulus_Arg_PISACowsMilk_10_page_6,431.5,383.9,1134.0
10461328,stimulus_Arg_PISACowsMilk_10_page_6,431.4,383.9,1135.0
10461329,stimulus_Arg_PISACowsMilk_10_page_6,431.1,383.5,1136.0
10461330,stimulus_Arg_PISACowsMilk_10_page_6,430.9,383.1,1137.0
10461331,stimulus_Arg_PISACowsMilk_10_page_6,430.8,382.8,1136.0
10461332,stimulus_Arg_PISACowsMilk_10_page_6,430.9,382.9,1135.0
10461333,stimulus_Arg_PISACowsMilk_10_page_6,431.1,383.1,1135.0
10461334,stimulus_Arg_PISACowsMilk_10_page_6,431.2,383.4,1134.0
10461335,stimulus_Arg_PISACowsMilk_10_page_6,431.6,383.6,1134.0
10461336,stimulus_Arg_PISACowsMilk_10_page_6,432.0,383.6,1133.0
10461337,stimulus_Arg_PISACowsMilk_10_page_6,432.5,383.2,1133.0
10461338,stimulus_Arg_PISACowsMilk_10_page_6,432.6,382.9,1132.0
10461339,stimulus_Arg_PISACowsMilk_10_page_6,432.7,382.8,1132.0
10461340,stimulus_Arg_PISACowsMilk_10_page_6,432.8,382.6,1132.0
10461341,stimulus_Arg_PISACowsMilk_10_page_6,432.8,382.5,1132.0
10461342,stimulus_Arg_PISACowsMilk_10_page_6,432.8,382.3,1131.0
10461343,stimulus_Arg_PISACowsMilk_10_page_6,432.8,382.3,1131.0
10461344,stimulus_Arg_PISACowsMilk_10_page_6,433.0,382.3,1130.0
10461345,stimulus_Arg_PISACowsMilk_10_page_6,433.0,382.3,1130.0
10461346,stimulus_Arg_PISACowsMilk_10_page_6,433.0,382.3,1130.0
10461347,stimulus_Arg_PISACowsMilk_10_page_6,433.1,382.3,1130.0
10461348,stimulus_Arg_PISACowsMilk_10_page_6,433.1,382.5,1130.0
10461349,stimulus_Arg_PISACowsMilk_10_page_6,433.1,382.7,1129.0
10461350,stimulus_Arg_PISACowsMilk_10_page_6,433.1,382.9,1129.0
10461351,stimulus_Arg_PISACowsMilk_10_page_6,433.1,382.9,1128.0
10461352,stimulus_Arg_PISACowsMilk_10_page_6,433.1,383.1,1127.0
10461353,stimulus_Arg_PISACowsMilk_10_page_6,433.2,383.3,1126.0
10461354,stimulus_Arg_PISACowsMilk_10_page_6,433.2,383.5,1125.0
10461355,stimulus_Arg_PISACowsMilk_10_page_6,433.2,383.5,1123.0
10461356,stimulus_Arg_PISACowsMilk_10_page_6,432.9,383.6,1124.0
10461357,stimulus_Arg_PISACowsMilk_10_page_6,432.6,383.7,1124.0
10461358,stimulus_Arg_PISACowsMilk_10_page_6,432.2,383.5,1123.0
10461359,stimulus_Arg_PISACowsMilk_10_page_6,432.2,383.3,1122.0
10461360,stimulus_Arg_PISACowsMilk_10_page_6,432.3,383.0,1121.0
10461361,stimulus_Arg_PISACowsMilk_10_page_6,432.5,383.0,1121.0
10461362,stimulus_Arg_PISACowsMilk_10_page_6,432.6,383.1,1121.0
10461363,stimulus_Arg_PISACowsMilk_10_page_6,432.6,383.1,1120.0
10461364,stimulus_Arg_PISACowsMilk_10_page_6,432.5,383.2,1118.0
10461365,stimulus_Arg_PISACowsMilk_10_page_6,432.3,383.1,1117.0
10461366,stimulus_Arg_PISACowsMilk_10_page_6,432.2,383.1,1116.0
10461367,stimulus_Arg_PISACowsMilk_10_page_6,432.3,383.1,1117.0
10461368,stimulus_Arg_PISACowsMilk_10_page_6,432.5,383.0,1117.0
10461369,stimulus_Arg_PISACowsMilk_10_page_6,432.6,382.8,1117.0
10461370,stimulus_Arg_PISACowsMilk_10_page_6,432.7,382.7,1117.0
10461371,stimulus_Arg_PISACowsMilk_10_page_6,432.6,382.8,1117.0
10461372,stimulus_Arg_PISACowsMilk_10_page_6,432.5,383.2,1117.0
10461373,stimulus_Arg_PISACowsMilk_10_page_6,432.5,383.6,1117.0
10461374,stimulus_Arg_PISACowsMilk_10_page_6,432.5,383.7,1117.0
10461375,stimulus_Arg_PISACowsMilk_10_page_6,432.5,383.4,1117.0
10461376,stimulus_Arg_PISACowsMilk_10_page_6,432.5,383.4,1117.0
10461377,stimulus_Arg_PISACowsMilk_10_page_6,432.4,383.7,1117.0
10461378,stimulus_Arg_PISACowsMilk_10_page_6,432.3,384.0,1116.0
10461379,stimulus_Arg_PISACowsMilk_10_page_6,432.3,383.9,1116.0
10461380,stimulus_Arg_PISACowsMilk_10_page_6,432.4,383.9,1115.0
10461381,stimulus_Arg_PISACowsMilk_10_page_6,432.5,384.0,1115.0
10461382,stimulus_Arg_PISACowsMilk_10_page_6,432.6,384.1,1115.0
10461383,stimulus_Arg_PISACowsMilk_10_page_6,432.5,384.0,1115.0
10461384,stimulus_Arg_PISACowsMilk_10_page_6,432.3,383.9,1114.0
10461385,stimulus_Arg_PISACowsMilk_10_page_6,432.1,383.9,1112.0
10461386,stimulus_Arg_PISACowsMilk_10_page_6,432.0,384.1,1112.0
10461387,stimulus_Arg_PISACowsMilk_10_page_6,432.0,384.4,1111.0
10461388,stimulus_Arg_PISACowsMilk_10_page_6,432.0,384.6,1111.0
10461389,stimulus_Arg_PISACowsMilk_10_page_6,432.0,384.7,1111.0
10461390,stimulus_Arg_PISACowsMilk_10_page_6,432.0,384.7,1111.0
10461391,stimulus_Arg_PISACowsMilk_10_page_6,431.9,384.5,1111.0
10461392,stimulus_Arg_PISACowsMilk_10_page_6,431.8,384.2,1110.0
10461393,stimulus_Arg_PISACowsMilk_10_page_6,431.7,384.0,1109.0
10461394,stimulus_Arg_PISACowsMilk_10_page_6,431.7,384.0,1109.0
10461395,stimulus_Arg_PISACowsMilk_10_page_6,431.8,384.0,1108.0
10461396,stimulus_Arg_PISACowsMilk_10_page_6,431.9,384.1,1107.0
10461397,stimulus_Arg_PISACowsMilk_10_page_6,431.9,384.5,1106.0
10461398,stimulus_Arg_PISACowsMilk_10_page_6,432.0,385.0,1105.0
10461399,stimulus_Arg_PISACowsMilk_10_page_6,431.7,385.3,1105.0
10461400,stimulus_Arg_PISACowsMilk_10_page_6,431.4,385.3,1105.0
10461401,stimulus_Arg_PISACowsMilk_10_page_6,431.2,385.3,1105.0
10461402,stimulus_Arg_PISACowsMilk_10_page_6,431.3,385.1,1104.0
10461403,stimulus_Arg_PISACowsMilk_10_page_6,431.5,384.9,1104.0
10461404,stimulus_Arg_PISACowsMilk_10_page_6,431.6,384.6,1103.0
10461405,stimulus_Arg_PISACowsMilk_10_page_6,431.5,384.5,1102.0
10461406,stimulus_Arg_PISACowsMilk_10_page_6,431.3,384.9,1101.0
10461407,stimulus_Arg_PISACowsMilk_10_page_6,431.2,385.2,1101.0
10461408,stimulus_Arg_PISACowsMilk_10_page_6,431.1,385.6,1102.0
10461409,stimulus_Arg_PISACowsMilk_10_page_6,431.0,385.6,1102.0
10461410,stimulus_Arg_PISACowsMilk_10_page_6,431.0,385.6,1102.0
10461411,stimulus_Arg_PISACowsMilk_10_page_6,431.1,385.5,1102.0
10461412,stimulus_Arg_PISACowsMilk_10_page_6,431.2,385.5,1102.0
10461413,stimulus_Arg_PISACowsMilk_10_page_6,431.3,385.5,1102.0
10461414,stimulus_Arg_PISACowsMilk_10_page_6,431.3,385.5,1102.0
10461415,stimulus_Arg_PISACowsMilk_10_page_6,431.3,385.9,1100.0
10461416,stimulus_Arg_PISACowsMilk_10_page_6,431.4,386.2,1099.0
10461417,stimulus_Arg_PISACowsMilk_10_page_6,431.6,386.3,1097.0
10461418,stimulus_Arg_PISACowsMilk_10_page_6,431.7,385.9,1097.0
10461419,stimulus_Arg_PISACowsMilk_10_page_6,431.7,385.5,1097.0
10461420,stimulus_Arg_PISACowsMilk_10_page_6,431.6,385.1,1097.0
10461421,stimulus_Arg_PISACowsMilk_10_page_6,431.5,385.2,1097.0
10461422,stimulus_Arg_PISACowsMilk_10_page_6,431.5,385.4,1097.0
10461423,stimulus_Arg_PISACowsMilk_10_page_6,431.4,385.7,1097.0
10461424,stimulus_Arg_PISACowsMilk_10_page_6,431.4,386.2,1097.0
10461425,stimulus_Arg_PISACowsMilk_10_page_6,431.4,386.5,1097.0
10461426,stimulus_Arg_PISACowsMilk_10_page_6,431.4,386.8,1096.0
10461427,stimulus_Arg_PISACowsMilk_10_page_6,431.4,386.8,1096.0
10461428,stimulus_Arg_PISACowsMilk_10_page_6,431.4,386.6,1096.0
10461429,stimulus_Arg_PISACowsMilk_10_page_6,431.4,386.2,1096.0
10461430,stimulus_Arg_PISACowsMilk_10_page_6,431.4,385.7,1097.0
10461431,stimulus_Arg_PISACowsMilk_10_page_6,431.4,385.5,1096.0
10461432,stimulus_Arg_PISACowsMilk_10_page_6,431.3,385.4,1095.0
10461433,stimulus_Arg_PISACowsMilk_10_page_6,431.2,385.5,1094.0
10461434,stimulus_Arg_PISACowsMilk_10_page_6,431.1,385.6,1093.0
10461435,stimulus_Arg_PISACowsMilk_10_page_6,431.1,385.8,1093.0
10461436,stimulus_Arg_PISACowsMilk_10_page_6,431.4,386.0,1092.0
10461437,stimulus_Arg_PISACowsMilk_10_page_6,431.7,386.3,1092.0
10461438,stimulus_Arg_PISACowsMilk_10_page_6,431.9,386.4,1093.0
10461439,stimulus_Arg_PISACowsMilk_10_page_6,431.6,386.5,1093.0
10461440,stimulus_Arg_PISACowsMilk_10_page_6,431.1,386.6,1093.0
10461441,stimulus_Arg_PISACowsMilk_10_page_6,430.7,386.7,1093.0
10461442,stimulus_Arg_PISACowsMilk_10_page_6,430.7,386.7,1092.0
10461443,stimulus_Arg_PISACowsMilk_10_page_6,430.9,386.7,1091.0
10461444,stimulus_Arg_PISACowsMilk_10_page_6,431.1,386.7,1090.0
10461445,stimulus_Arg_PISACowsMilk_10_page_6,431.1,386.6,1090.0
10461446,stimulus_Arg_PISACowsMilk_10_page_6,430.9,386.6,1091.0
10461447,stimulus_Arg_PISACowsMilk_10_page_6,430.8,386.5,1090.0
10461448,stimulus_Arg_PISACowsMilk_10_page_6,430.9,386.3,1089.0
10461449,stimulus_Arg_PISACowsMilk_10_page_6,431.4,386.1,1088.0
10461450,stimulus_Arg_PISACowsMilk_10_page_6,431.9,386.2,1088.0
10461451,stimulus_Arg_PISACowsMilk_10_page_6,431.7,386.5,1088.0
10461452,stimulus_Arg_PISACowsMilk_10_page_6,431.3,386.8,1088.0
10461453,stimulus_Arg_PISACowsMilk_10_page_6,430.9,386.9,1088.0
10461454,stimulus_Arg_PISACowsMilk_10_page_6,431.0,387.0,1087.0
10461455,stimulus_Arg_PISACowsMilk_10_page_6,431.1,386.9,1087.0
10461456,stimulus_Arg_PISACowsMilk_10_page_6,430.8,386.7,1087.0
10461457,stimulus_Arg_PISACowsMilk_10_page_6,430.4,386.6,1087.0
10461458,stimulus_Arg_PISACowsMilk_10_page_6,430.0,386.6,1087.0
10461459,stimulus_Arg_PISACowsMilk_10_page_6,430.1,386.5,1087.0
10461460,stimulus_Arg_PISACowsMilk_10_page_6,430.0,386.4,1086.0
10461461,stimulus_Arg_PISACowsMilk_10_page_6,429.9,386.5,1086.0
10461462,stimulus_Arg_PISACowsMilk_10_page_6,429.8,386.7,1085.0
10461463,stimulus_Arg_PISACowsMilk_10_page_6,429.8,386.8,1085.0
10461464,stimulus_Arg_PISACowsMilk_10_page_6,429.8,386.8,1085.0
10461465,stimulus_Arg_PISACowsMilk_10_page_6,429.8,386.9,1084.0
10461466,stimulus_Arg_PISACowsMilk_10_page_6,429.9,386.9,1084.0
10461467,stimulus_Arg_PISACowsMilk_10_page_6,430.0,386.9,1083.0
10461468,stimulus_Arg_PISACowsMilk_10_page_6,430.1,386.7,1082.0
10461469,stimulus_Arg_PISACowsMilk_10_page_6,430.1,386.5,1083.0
10461470,stimulus_Arg_PISACowsMilk_10_page_6,430.1,386.4,1083.0
10461471,stimulus_Arg_PISACowsMilk_10_page_6,430.2,386.7,1082.0
10461472,stimulus_Arg_PISACowsMilk_10_page_6,430.1,386.9,1082.0
10461473,stimulus_Arg_PISACowsMilk_10_page_6,430.1,387.2,1081.0
10461474,stimulus_Arg_PISACowsMilk_10_page_6,430.1,387.3,1080.0
10461475,stimulus_Arg_PISACowsMilk_10_page_6,430.3,387.5,1080.0
10461476,stimulus_Arg_PISACowsMilk_10_page_6,430.5,387.7,1079.0
10461477,stimulus_Arg_PISACowsMilk_10_page_6,430.7,387.2,1079.0
10461478,stimulus_Arg_PISACowsMilk_10_page_6,430.9,386.7,1078.0
10461479,stimulus_Arg_PISACowsMilk_10_page_6,430.9,386.3,1078.0
10461480,stimulus_Arg_PISACowsMilk_10_page_6,430.8,386.4,1078.0
10461481,stimulus_Arg_PISACowsMilk_10_page_6,430.7,386.8,1078.0
10461482,stimulus_Arg_PISACowsMilk_10_page_6,430.6,387.0,1078.0
10461483,stimulus_Arg_PISACowsMilk_10_page_6,430.6,387.3,1079.0
10461484,stimulus_Arg_PISACowsMilk_10_page_6,430.7,387.3,1079.0
10461485,stimulus_Arg_PISACowsMilk_10_page_6,430.8,387.4,1078.0
10461486,stimulus_Arg_PISACowsMilk_10_page_6,430.8,387.3,1077.0
10461487,stimulus_Arg_PISACowsMilk_10_page_6,430.8,387.3,1076.0
10461488,stimulus_Arg_PISACowsMilk_10_page_6,430.7,387.4,1076.0
10461489,stimulus_Arg_PISACowsMilk_10_page_6,430.5,387.3,1076.0
10461490,stimulus_Arg_PISACowsMilk_10_page_6,430.4,387.2,1076.0
10461491,stimulus_Arg_PISACowsMilk_10_page_6,430.3,387.1,1076.0
10461492,stimulus_Arg_PISACowsMilk_10_page_6,430.4,387.1,1077.0
10461493,stimulus_Arg_PISACowsMilk_10_page_6,430.5,387.0,1078.0
10461494,stimulus_Arg_PISACowsMilk_10_page_6,430.7,387.1,1079.0
10461495,stimulus_Arg_PISACowsMilk_10_page_6,430.7,387.2,1079.0
10461496,stimulus_Arg_PISACowsMilk_10_page_6,430.7,387.3,1077.0
10461497,stimulus_Arg_PISACowsMilk_10_page_6,430.6,387.3,1076.0
10461498,stimulus_Arg_PISACowsMilk_10_page_6,430.7,387.4,1075.0
10461499,stimulus_Arg_PISACowsMilk_10_page_6,430.8,387.4,1075.0
10461500,stimulus_Arg_PISACowsMilk_10_page_6,430.9,387.2,1075.0
10461501,stimulus_Arg_PISACowsMilk_10_page_6,431.1,387.1,1075.0
10461502,stimulus_Arg_PISACowsMilk_10_page_6,431.3,386.9,1074.0
10461503,stimulus_Arg_PISACowsMilk_10_page_6,431.5,386.7,1073.0
10461504,stimulus_Arg_PISACowsMilk_10_page_6,431.5,386.6,1073.0
10461505,stimulus_Arg_PISACowsMilk_10_page_6,431.5,386.5,1073.0
10461506,stimulus_Arg_PISACowsMilk_10_page_6,431.5,386.5,1073.0
10461507,stimulus_Arg_PISACowsMilk_10_page_6,431.5,386.6,1073.0
10461508,stimulus_Arg_PISACowsMilk_10_page_6,431.5,386.6,1073.0
10461509,stimulus_Arg_PISACowsMilk_10_page_6,431.5,386.6,1073.0
10461510,stimulus_Arg_PISACowsMilk_10_page_6,431.6,386.5,1073.0
10461511,stimulus_Arg_PISACowsMilk_10_page_6,431.7,386.4,1073.0
10461512,stimulus_Arg_PISACowsMilk_10_page_6,431.9,386.3,1072.0
10461513,stimulus_Arg_PISACowsMilk_10_page_6,432.0,386.3,1071.0
10461514,stimulus_Arg_PISACowsMilk_10_page_6,432.2,386.3,1071.0
10461515,stimulus_Arg_PISACowsMilk_10_page_6,432.4,386.3,1072.0
10461516,stimulus_Arg_PISACowsMilk_10_page_6,432.4,386.2,1072.0
10461517,stimulus_Arg_PISACowsMilk_10_page_6,432.1,386.3,1073.0
10461518,stimulus_Arg_PISACowsMilk_10_page_6,431.9,386.3,1073.0
10461519,stimulus_Arg_PISACowsMilk_10_page_6,431.7,386.3,1072.0
10461520,stimulus_Arg_PISACowsMilk_10_page_6,431.5,386.3,1072.0
10461521,stimulus_Arg_PISACowsMilk_10_page_6,431.7,386.1,1071.0
10461522,stimulus_Arg_PISACowsMilk_10_page_6,432.0,386.0,1071.0
10461523,stimulus_Arg_PISACowsMilk_10_page_6,432.3,385.8,1071.0
10461524,stimulus_Arg_PISACowsMilk_10_page_6,432.5,385.7,1071.0
10461525,stimulus_Arg_PISACowsMilk_10_page_6,432.7,385.6,1071.0
10461526,stimulus_Arg_PISACowsMilk_10_page_6,432.8,385.6,1070.0
10461527,stimulus_Arg_PISACowsMilk_10_page_6,432.6,385.4,1069.0
10461528,stimulus_Arg_PISACowsMilk_10_page_6,432.5,385.2,1069.0
10461529,stimulus_Arg_PISACowsMilk_10_page_6,432.5,385.0,1069.0
10461530,stimulus_Arg_PISACowsMilk_10_page_6,432.6,385.0,1069.0
10461531,stimulus_Arg_PISACowsMilk_10_page_6,432.6,385.0,1069.0
10461532,stimulus_Arg_PISACowsMilk_10_page_6,432.6,385.1,1070.0
10461533,stimulus_Arg_PISACowsMilk_10_page_6,432.6,384.8,1070.0
10461534,stimulus_Arg_PISACowsMilk_10_page_6,432.5,384.5,1069.0
10461535,stimulus_Arg_PISACowsMilk_10_page_6,432.5,384.2,1068.0
10461536,stimulus_Arg_PISACowsMilk_10_page_6,432.5,384.2,1068.0
10461537,stimulus_Arg_PISACowsMilk_10_page_6,432.5,384.3,1068.0
10461538,stimulus_Arg_PISACowsMilk_10_page_6,432.7,384.4,1069.0
10461539,stimulus_Arg_PISACowsMilk_10_page_6,432.9,384.5,1070.0
10461540,stimulus_Arg_PISACowsMilk_10_page_6,433.1,384.6,1070.0
10461541,stimulus_Arg_PISACowsMilk_10_page_6,433.2,384.7,1070.0
10461542,stimulus_Arg_PISACowsMilk_10_page_6,433.2,385.1,1068.0
10461543,stimulus_Arg_PISACowsMilk_10_page_6,433.4,385.5,1066.0
10461544,stimulus_Arg_PISACowsMilk_10_page_6,433.5,385.5,1066.0
10461545,stimulus_Arg_PISACowsMilk_10_page_6,433.4,385.2,1066.0
10461546,stimulus_Arg_PISACowsMilk_10_page_6,433.3,384.8,1066.0
10461547,stimulus_Arg_PISACowsMilk_10_page_6,433.1,384.9,1066.0
10461548,stimulus_Arg_PISACowsMilk_10_page_6,433.1,385.2,1067.0
10461549,stimulus_Arg_PISACowsMilk_10_page_6,433.2,385.6,1068.0
10461550,stimulus_Arg_PISACowsMilk_10_page_6,433.3,385.8,1069.0
10461551,stimulus_Arg_PISACowsMilk_10_page_6,433.4,386.1,1069.0
10461552,stimulus_Arg_PISACowsMilk_10_page_6,433.2,386.3,1067.0
10461553,stimulus_Arg_PISACowsMilk_10_page_6,433.0,386.4,1065.0
10461554,stimulus_Arg_PISACowsMilk_10_page_6,432.9,386.2,1065.0
10461555,stimulus_Arg_PISACowsMilk_10_page_6,433.0,386.1,1067.0
10461556,stimulus_Arg_PISACowsMilk_10_page_6,432.9,386.1,1069.0
10461557,stimulus_Arg_PISACowsMilk_10_page_6,432.9,386.1,1069.0
10461558,stimulus_Arg_PISACowsMilk_10_page_6,432.8,386.1,1067.0
10461559,stimulus_Arg_PISACowsMilk_10_page_6,432.8,386.2,1066.0
10461560,stimulus_Arg_PISACowsMilk_10_page_6,432.7,386.3,1066.0
10461561,stimulus_Arg_PISACowsMilk_10_page_6,432.6,386.4,1066.0
10461562,stimulus_Arg_PISACowsMilk_10_page_6,432.6,386.3,1066.0
10461563,stimulus_Arg_PISACowsMilk_10_page_6,432.6,386.2,1066.0
10461564,stimulus_Arg_PISACowsMilk_10_page_6,432.6,386.1,1066.0
10461565,stimulus_Arg_PISACowsMilk_10_page_6,432.6,386.0,1066.0
10461566,stimulus_Arg_PISACowsMilk_10_page_6,432.6,386.0,1066.0
10461567,stimulus_Arg_PISACowsMilk_10_page_6,432.6,385.9,1066.0
10461568,stimulus_Arg_PISACowsMilk_10_page_6,432.5,385.9,1066.0
10461569,stimulus_Arg_PISACowsMilk_10_page_6,432.9,385.9,1066.0
10461570,stimulus_Arg_PISACowsMilk_10_page_6,433.3,385.9,1065.0
10461571,stimulus_Arg_PISACowsMilk_10_page_6,433.3,385.9,1064.0
10461572,stimulus_Arg_PISACowsMilk_10_page_6,432.9,385.8,1063.0
10461573,stimulus_Arg_PISACowsMilk_10_page_6,432.6,385.8,1063.0
10461574,stimulus_Arg_PISACowsMilk_10_page_6,432.7,385.9,1063.0
10461575,stimulus_Arg_PISACowsMilk_10_page_6,432.8,385.9,1064.0
10461576,stimulus_Arg_PISACowsMilk_10_page_6,432.7,385.9,1064.0
10461577,stimulus_Arg_PISACowsMilk_10_page_6,432.6,385.9,1064.0
10461578,stimulus_Arg_PISACowsMilk_10_page_6,432.4,385.8,1063.0
10461579,stimulus_Arg_PISACowsMilk_10_page_6,432.3,385.8,1063.0
10461580,stimulus_Arg_PISACowsMilk_10_page_6,432.3,385.9,1063.0
10461581,stimulus_Arg_PISACowsMilk_10_page_6,432.4,385.8,1064.0
10461582,stimulus_Arg_PISACowsMilk_10_page_6,432.5,385.3,1064.0
10461583,stimulus_Arg_PISACowsMilk_10_page_6,432.6,384.8,1064.0
10461584,stimulus_Arg_PISACowsMilk_10_page_6,432.8,384.4,1064.0
10461585,stimulus_Arg_PISACowsMilk_10_page_6,432.9,384.4,1064.0
10461586,stimulus_Arg_PISACowsMilk_10_page_6,432.8,384.8,1064.0
10461587,stimulus_Arg_PISACowsMilk_10_page_6,432.6,385.2,1064.0
10461588,stimulus_Arg_PISACowsMilk_10_page_6,432.3,385.6,1064.0
10461589,stimulus_Arg_PISACowsMilk_10_page_6,432.1,385.7,1064.0
10461590,stimulus_Arg_PISACowsMilk_10_page_6,431.9,385.7,1064.0
10461591,stimulus_Arg_PISACowsMilk_10_page_6,431.9,385.7,1064.0
10461592,stimulus_Arg_PISACowsMilk_10_page_6,432.1,385.7,1064.0
10461593,stimulus_Arg_PISACowsMilk_10_page_6,432.2,385.7,1064.0
10461594,stimulus_Arg_PISACowsMilk_10_page_6,432.2,385.7,1064.0
10461595,stimulus_Arg_PISACowsMilk_10_page_6,432.0,385.6,1064.0
10461596,stimulus_Arg_PISACowsMilk_10_page_6,431.9,385.4,1065.0
10461597,stimulus_Arg_PISACowsMilk_10_page_6,432.0,385.4,1065.0
10461598,stimulus_Arg_PISACowsMilk_10_page_6,432.2,385.3,1065.0
10461599,stimulus_Arg_PISACowsMilk_10_page_6,432.1,385.4,1065.0
10461600,stimulus_Arg_PISACowsMilk_10_page_6,431.6,385.5,1066.0
10461601,stimulus_Arg_PISACowsMilk_10_page_6,431.3,385.5,1067.0
10461602,stimulus_Arg_PISACowsMilk_10_page_6,431.2,385.4,1068.0
10461603,stimulus_Arg_PISACowsMilk_10_page_6,431.2,385.2,1067.0
10461604,stimulus_Arg_PISACowsMilk_10_page_6,431.2,385.0,1066.0
10461605,stimulus_Arg_PISACowsMilk_10_page_6,431.2,384.8,1064.0
10461606,stimulus_Arg_PISACowsMilk_10_page_6,431.1,384.7,1064.0
10461607,stimulus_Arg_PISACowsMilk_10_page_6,431.1,384.6,1064.0
10461608,stimulus_Arg_PISACowsMilk_10_page_6,431.1,384.5,1064.0
10461609,stimulus_Arg_PISACowsMilk_10_page_6,431.0,384.4,1064.0
10461610,stimulus_Arg_PISACowsMilk_10_page_6,430.9,384.3,1065.0
10461611,stimulus_Arg_PISACowsMilk_10_page_6,430.9,384.3,1066.0
10461612,stimulus_Arg_PISACowsMilk_10_page_6,431.1,384.4,1066.0
10461613,stimulus_Arg_PISACowsMilk_10_page_6,431.3,384.5,1065.0
10461614,stimulus_Arg_PISACowsMilk_10_page_6,431.4,384.5,1065.0
10461615,stimulus_Arg_PISACowsMilk_10_page_6,431.5,384.5,1064.0
10461616,stimulus_Arg_PISACowsMilk_10_page_6,431.5,384.5,1064.0
10461617,stimulus_Arg_PISACowsMilk_10_page_6,431.5,384.6,1064.0
10461618,stimulus_Arg_PISACowsMilk_10_page_6,431.3,384.3,1064.0
10461619,stimulus_Arg_PISACowsMilk_10_page_6,431.0,384.0,1063.0
10461620,stimulus_Arg_PISACowsMilk_10_page_6,430.7,383.8,1062.0
10461621,stimulus_Arg_PISACowsMilk_10_page_6,430.6,383.9,1061.0
10461622,stimulus_Arg_PISACowsMilk_10_page_6,430.7,384.0,1060.0
10461623,stimulus_Arg_PISACowsMilk_10_page_6,430.9,384.0,1060.0
10461624,stimulus_Arg_PISACowsMilk_10_page_6,431.0,384.1,1061.0
10461625,stimulus_Arg_PISACowsMilk_10_page_6,431.0,384.3,1062.0
10461626,stimulus_Arg_PISACowsMilk_10_page_6,430.9,384.4,1063.0
10461627,stimulus_Arg_PISACowsMilk_10_page_6,430.9,384.4,1063.0
10461628,stimulus_Arg_PISACowsMilk_10_page_6,430.9,384.1,1063.0
10461629,stimulus_Arg_PISACowsMilk_10_page_6,430.8,383.9,1063.0
10461630,stimulus_Arg_PISACowsMilk_10_page_6,430.9,383.7,1063.0
10461631,stimulus_Arg_PISACowsMilk_10_page_6,431.0,383.9,1063.0
10461632,stimulus_Arg_PISACowsMilk_10_page_6,431.1,384.0,1062.0
10461633,stimulus_Arg_PISACowsMilk_10_page_6,431.2,384.2,1062.0
10461634,stimulus_Arg_PISACowsMilk_10_page_6,431.3,384.1,1061.0
10461635,stimulus_Arg_PISACowsMilk_10_page_6,431.4,383.9,1061.0
10461636,stimulus_Arg_PISACowsMilk_10_page_6,431.2,383.7,1060.0
10461637,stimulus_Arg_PISACowsMilk_10_page_6,431.1,383.5,1060.0
10461638,stimulus_Arg_PISACowsMilk_10_page_6,430.9,384.0,1060.0
10461639,stimulus_Arg_PISACowsMilk_10_page_6,431.6,384.7,1060.0
10461640,stimulus_Arg_PISACowsMilk_10_page_6,432.9,385.4,1059.0
10461641,stimulus_Arg_PISACowsMilk_10_page_6,435.3,385.5,1059.0
10461642,stimulus_Arg_PISACowsMilk_10_page_6,438.0,385.6,1060.0
10461643,stimulus_Arg_PISACowsMilk_10_page_6,441.6,385.8,1060.0
10461644,stimulus_Arg_PISACowsMilk_10_page_6,445.8,386.1,1060.0
10461645,stimulus_Arg_PISACowsMilk_10_page_6,451.6,386.4,1060.0
10461646,stimulus_Arg_PISACowsMilk_10_page_6,458.7,386.5,1060.0
10461647,stimulus_Arg_PISACowsMilk_10_page_6,466.2,386.6,1060.0
10461648,stimulus_Arg_PISACowsMilk_10_page_6,474.5,386.7,1061.0
10461649,stimulus_Arg_PISACowsMilk_10_page_6,482.7,387.0,1061.0
10461650,stimulus_Arg_PISACowsMilk_10_page_6,491.6,386.9,1062.0
10461651,stimulus_Arg_PISACowsMilk_10_page_6,500.6,386.1,1063.0
10461652,stimulus_Arg_PISACowsMilk_10_page_6,508.4,384.7,1064.0
10461653,stimulus_Arg_PISACowsMilk_10_page_6,514.9,383.6,1064.0
10461654,stimulus_Arg_PISACowsMilk_10_page_6,520.0,381.5,1062.0
10461655,stimulus_Arg_PISACowsMilk_10_page_6,525.2,380.0,1060.0
10461656,stimulus_Arg_PISACowsMilk_10_page_6,529.9,378.4,1059.0
10461657,stimulus_Arg_PISACowsMilk_10_page_6,532.8,378.3,1057.0
10461658,stimulus_Arg_PISACowsMilk_10_page_6,534.9,378.3,1055.0
10461659,stimulus_Arg_PISACowsMilk_10_page_6,537.1,378.1,1053.0
10461660,stimulus_Arg_PISACowsMilk_10_page_6,538.9,377.3,1052.0
10461661,stimulus_Arg_PISACowsMilk_10_page_6,539.8,376.4,1052.0
10461662,stimulus_Arg_PISACowsMilk_10_page_6,539.6,375.7,1052.0
10461663,stimulus_Arg_PISACowsMilk_10_page_6,538.9,375.8,1050.0
10461664,stimulus_Arg_PISACowsMilk_10_page_6,537.9,375.8,1049.0
10461665,stimulus_Arg_PISACowsMilk_10_page_6,536.4,376.1,1047.0
10461666,stimulus_Arg_PISACowsMilk_10_page_6,535.0,376.3,1046.0
10461667,stimulus_Arg_PISACowsMilk_10_page_6,533.7,376.7,1046.0
10461668,stimulus_Arg_PISACowsMilk_10_page_6,531.9,377.1,1047.0
10461669,stimulus_Arg_PISACowsMilk_10_page_6,530.2,377.9,1047.0
10461670,stimulus_Arg_PISACowsMilk_10_page_6,528.5,378.4,1048.0
10461671,stimulus_Arg_PISACowsMilk_10_page_6,527.2,378.9,1048.0
10461672,stimulus_Arg_PISACowsMilk_10_page_6,526.1,379.6,1048.0
10461673,stimulus_Arg_PISACowsMilk_10_page_6,525.4,380.3,1049.0
10461674,stimulus_Arg_PISACowsMilk_10_page_6,525.1,380.8,1049.0
10461675,stimulus_Arg_PISACowsMilk_10_page_6,524.9,380.9,1049.0
10461676,stimulus_Arg_PISACowsMilk_10_page_6,524.7,381.2,1048.0
10461677,stimulus_Arg_PISACowsMilk_10_page_6,524.5,381.4,1048.0
10461678,stimulus_Arg_PISACowsMilk_10_page_6,524.3,381.6,1048.0
10461679,stimulus_Arg_PISACowsMilk_10_page_6,524.2,381.8,1049.0
10461680,stimulus_Arg_PISACowsMilk_10_page_6,524.3,382.0,1049.0
10461681,stimulus_Arg_PISACowsMilk_10_page_6,524.7,382.2,1049.0
10461682,stimulus_Arg_PISACowsMilk_10_page_6,525.5,382.2,1048.0
10461683,stimulus_Arg_PISACowsMilk_10_page_6,526.1,382.2,1049.0
10461684,stimulus_Arg_PISACowsMilk_10_page_6,526.9,382.2,1049.0
10461685,stimulus_Arg_PISACowsMilk_10_page_6,527.4,382.1,1050.0
10461686,stimulus_Arg_PISACowsMilk_10_page_6,528.0,382.0,1050.0
10461687,stimulus_Arg_PISACowsMilk_10_page_6,528.0,382.0,1049.0
10461688,stimulus_Arg_PISACowsMilk_10_page_6,528.3,382.0,1049.0
10461689,stimulus_Arg_PISACowsMilk_10_page_6,528.7,382.1,1049.0
10461690,stimulus_Arg_PISACowsMilk_10_page_6,529.4,382.2,1049.0
10461691,stimulus_Arg_PISACowsMilk_10_page_6,529.8,382.4,1049.0
10461692,stimulus_Arg_PISACowsMilk_10_page_6,530.2,382.7,1049.0
10461693,stimulus_Arg_PISACowsMilk_10_page_6,530.3,382.9,1048.0
10461694,stimulus_Arg_PISACowsMilk_10_page_6,530.7,383.0,1048.0
10461695,stimulus_Arg_PISACowsMilk_10_page_6,531.1,382.7,1048.0
10461696,stimulus_Arg_PISACowsMilk_10_page_6,531.3,382.5,1048.0
10461697,stimulus_Arg_PISACowsMilk_10_page_6,531.2,382.2,1048.0
10461698,stimulus_Arg_PISACowsMilk_10_page_6,531.1,382.2,1048.0
10461699,stimulus_Arg_PISACowsMilk_10_page_6,531.0,382.3,1048.0
10461700,stimulus_Arg_PISACowsMilk_10_page_6,531.0,382.3,1048.0
10461701,stimulus_Arg_PISACowsMilk_10_page_6,531.0,382.2,1049.0
10461702,stimulus_Arg_PISACowsMilk_10_page_6,531.0,382.2,1049.0
10461703,stimulus_Arg_PISACowsMilk_10_page_6,531.0,382.3,1048.0
10461704,stimulus_Arg_PISACowsMilk_10_page_6,531.0,382.2,1048.0
10461705,stimulus_Arg_PISACowsMilk_10_page_6,530.9,382.1,1046.0
10461706,stimulus_Arg_PISACowsMilk_10_page_6,530.5,382.0,1045.0
10461707,stimulus_Arg_PISACowsMilk_10_page_6,530.2,382.0,1044.0
10461708,stimulus_Arg_PISACowsMilk_10_page_6,530.2,382.1,1044.0
10461709,stimulus_Arg_PISACowsMilk_10_page_6,530.3,382.1,1044.0
10461710,stimulus_Arg_PISACowsMilk_10_page_6,530.5,382.1,1045.0
10461711,stimulus_Arg_PISACowsMilk_10_page_6,530.5,382.1,1045.0
10461712,stimulus_Arg_PISACowsMilk_10_page_6,530.5,382.2,1045.0
10461713,stimulus_Arg_PISACowsMilk_10_page_6,530.4,382.2,1045.0
10461714,stimulus_Arg_PISACowsMilk_10_page_6,530.3,382.4,1045.0
10461715,stimulus_Arg_PISACowsMilk_10_page_6,530.4,382.5,1044.0
10461716,stimulus_Arg_PISACowsMilk_10_page_6,530.5,382.5,1044.0
10461717,stimulus_Arg_PISACowsMilk_10_page_6,530.6,382.5,1043.0
10461718,stimulus_Arg_PISACowsMilk_10_page_6,530.7,382.6,1043.0
10461719,stimulus_Arg_PISACowsMilk_10_page_6,530.8,382.7,1043.0
10461720,stimulus_Arg_PISACowsMilk_10_page_6,531.0,382.7,1043.0
10461721,stimulus_Arg_PISACowsMilk_10_page_6,531.2,382.7,1044.0
10461722,stimulus_Arg_PISACowsMilk_10_page_6,531.3,382.8,1044.0
10461723,stimulus_Arg_PISACowsMilk_10_page_6,531.3,382.9,1044.0
10461724,stimulus_Arg_PISACowsMilk_10_page_6,531.3,383.0,1043.0
10461725,stimulus_Arg_PISACowsMilk_10_page_6,531.2,383.1,1043.0
10461726,stimulus_Arg_PISACowsMilk_10_page_6,531.5,383.2,1042.0
10461727,stimulus_Arg_PISACowsMilk_10_page_6,531.7,383.2,1042.0
10461728,stimulus_Arg_PISACowsMilk_10_page_6,531.9,383.1,1043.0
10461729,stimulus_Arg_PISACowsMilk_10_page_6,531.9,382.7,1043.0
10461730,stimulus_Arg_PISACowsMilk_10_page_6,531.9,382.3,1043.0
10461731,stimulus_Arg_PISACowsMilk_10_page_6,531.9,382.0,1042.0
10461732,stimulus_Arg_PISACowsMilk_10_page_6,531.9,381.9,1042.0
10461733,stimulus_Arg_PISACowsMilk_10_page_6,532.3,381.8,1042.0
10461734,stimulus_Arg_PISACowsMilk_10_page_6,532.7,381.8,1042.0
10461735,stimulus_Arg_PISACowsMilk_10_page_6,533.1,381.8,1042.0
10461736,stimulus_Arg_PISACowsMilk_10_page_6,533.2,381.7,1042.0
10461737,stimulus_Arg_PISACowsMilk_10_page_6,533.4,381.7,1041.0
10461738,stimulus_Arg_PISACowsMilk_10_page_6,533.7,381.8,1041.0
10461739,stimulus_Arg_PISACowsMilk_10_page_6,533.8,382.0,1041.0
10461740,stimulus_Arg_PISACowsMilk_10_page_6,533.7,382.3,1041.0
10461741,stimulus_Arg_PISACowsMilk_10_page_6,533.6,382.4,1040.0
10461742,stimulus_Arg_PISACowsMilk_10_page_6,533.6,382.5,1039.0
10461743,stimulus_Arg_PISACowsMilk_10_page_6,533.9,382.5,1038.0
10461744,stimulus_Arg_PISACowsMilk_10_page_6,534.2,382.5,1038.0
10461745,stimulus_Arg_PISACowsMilk_10_page_6,534.4,382.6,1039.0
10461746,stimulus_Arg_PISACowsMilk_10_page_6,534.3,382.5,1039.0
10461747,stimulus_Arg_PISACowsMilk_10_page_6,533.9,382.3,1039.0
10461748,stimulus_Arg_PISACowsMilk_10_page_6,533.8,382.1,1039.0
10461749,stimulus_Arg_PISACowsMilk_10_page_6,533.7,381.9,1039.0
10461750,stimulus_Arg_PISACowsMilk_10_page_6,533.9,381.7,1039.0
10461751,stimulus_Arg_PISACowsMilk_10_page_6,534.0,381.5,1039.0
10461752,stimulus_Arg_PISACowsMilk_10_page_6,534.1,381.2,1039.0
10461753,stimulus_Arg_PISACowsMilk_10_page_6,534.2,380.9,1040.0
10461754,stimulus_Arg_PISACowsMilk_10_page_6,534.4,380.9,1040.0
10461755,stimulus_Arg_PISACowsMilk_10_page_6,534.5,381.2,1039.0
10461756,stimulus_Arg_PISACowsMilk_10_page_6,534.4,381.5,1038.0
10461757,stimulus_Arg_PISACowsMilk_10_page_6,533.9,381.9,1038.0
10461758,stimulus_Arg_PISACowsMilk_10_page_6,533.5,382.2,1037.0
10461759,stimulus_Arg_PISACowsMilk_10_page_6,533.6,382.2,1037.0
10461760,stimulus_Arg_PISACowsMilk_10_page_6,534.0,381.8,1036.0
10461761,stimulus_Arg_PISACowsMilk_10_page_6,534.4,381.5,1036.0
10461762,stimulus_Arg_PISACowsMilk_10_page_6,534.3,381.5,1036.0
10461763,stimulus_Arg_PISACowsMilk_10_page_6,534.3,381.5,1036.0
10461764,stimulus_Arg_PISACowsMilk_10_page_6,534.2,381.4,1036.0
10461765,stimulus_Arg_PISACowsMilk_10_page_6,534.1,381.4,1036.0
10461766,stimulus_Arg_PISACowsMilk_10_page_6,533.9,381.4,1037.0
10461767,stimulus_Arg_PISACowsMilk_10_page_6,533.6,381.7,1037.0
10461768,stimulus_Arg_PISACowsMilk_10_page_6,533.3,382.0,1036.0
10461769,stimulus_Arg_PISACowsMilk_10_page_6,533.2,382.3,1036.0
10461770,stimulus_Arg_PISACowsMilk_10_page_6,533.0,382.2,1036.0
10461771,stimulus_Arg_PISACowsMilk_10_page_6,532.8,382.4,1036.0
10461772,stimulus_Arg_PISACowsMilk_10_page_6,533.0,382.6,1036.0
10461773,stimulus_Arg_PISACowsMilk_10_page_6,533.2,382.7,1036.0
10461774,stimulus_Arg_PISACowsMilk_10_page_6,533.7,382.4,1036.0
10461775,stimulus_Arg_PISACowsMilk_10_page_6,534.1,382.1,1036.0
10461776,stimulus_Arg_PISACowsMilk_10_page_6,534.3,382.0,1035.0
10461777,stimulus_Arg_PISACowsMilk_10_page_6,534.3,382.2,1035.0
10461778,stimulus_Arg_PISACowsMilk_10_page_6,534.3,382.3,1035.0
10461779,stimulus_Arg_PISACowsMilk_10_page_6,534.5,382.3,1035.0
10461780,stimulus_Arg_PISACowsMilk_10_page_6,534.7,382.2,1035.0
10461781,stimulus_Arg_PISACowsMilk_10_page_6,534.8,382.1,1035.0
10461782,stimulus_Arg_PISACowsMilk_10_page_6,534.8,382.0,1036.0
10461783,stimulus_Arg_PISACowsMilk_10_page_6,534.9,382.0,1035.0
10461784,stimulus_Arg_PISACowsMilk_10_page_6,534.9,382.0,1035.0
10461785,stimulus_Arg_PISACowsMilk_10_page_6,534.9,382.0,1034.0
10461786,stimulus_Arg_PISACowsMilk_10_page_6,534.9,382.1,1033.0
10461787,stimulus_Arg_PISACowsMilk_10_page_6,535.0,381.9,1034.0
10461788,stimulus_Arg_PISACowsMilk_10_page_6,535.0,381.6,1034.0
10461789,stimulus_Arg_PISACowsMilk_10_page_6,534.9,381.4,1035.0
10461790,stimulus_Arg_PISACowsMilk_10_page_6,534.7,381.4,1035.0
10461791,stimulus_Arg_PISACowsMilk_10_page_6,534.5,381.6,1035.0
10461792,stimulus_Arg_PISACowsMilk_10_page_6,534.3,382.1,1034.0
10461793,stimulus_Arg_PISACowsMilk_10_page_6,534.3,382.4,1034.0
10461794,stimulus_Arg_PISACowsMilk_10_page_6,534.1,382.6,1033.0
10461795,stimulus_Arg_PISACowsMilk_10_page_6,534.0,382.3,1032.0
10461796,stimulus_Arg_PISACowsMilk_10_page_6,533.9,382.2,1032.0
10461797,stimulus_Arg_PISACowsMilk_10_page_6,533.7,382.2,1033.0
10461798,stimulus_Arg_PISACowsMilk_10_page_6,533.4,382.3,1033.0
10461799,stimulus_Arg_PISACowsMilk_10_page_6,533.2,382.2,1033.0
10461800,stimulus_Arg_PISACowsMilk_10_page_6,533.2,382.2,1033.0
10461801,stimulus_Arg_PISACowsMilk_10_page_6,533.1,382.2,1034.0
10461802,stimulus_Arg_PISACowsMilk_10_page_6,533.0,382.2,1034.0
10461803,stimulus_Arg_PISACowsMilk_10_page_6,533.0,382.0,1033.0
10461804,stimulus_Arg_PISACowsMilk_10_page_6,532.8,381.8,1032.0
10461805,stimulus_Arg_PISACowsMilk_10_page_6,532.6,381.7,1031.0
10461806,stimulus_Arg_PISACowsMilk_10_page_6,532.5,381.6,1031.0
10461807,stimulus_Arg_PISACowsMilk_10_page_6,532.5,381.6,1032.0
10461808,stimulus_Arg_PISACowsMilk_10_page_6,532.6,381.6,1032.0
10461809,stimulus_Arg_PISACowsMilk_10_page_6,532.7,381.4,1032.0
10461810,stimulus_Arg_PISACowsMilk_10_page_6,532.8,381.2,1032.0
10461811,stimulus_Arg_PISACowsMilk_10_page_6,532.9,381.0,1031.0
10461812,stimulus_Arg_PISACowsMilk_10_page_6,533.0,380.6,1031.0
10461813,stimulus_Arg_PISACowsMilk_10_page_6,533.2,380.3,1031.0
10461814,stimulus_Arg_PISACowsMilk_10_page_6,533.0,380.0,1031.0
10461815,stimulus_Arg_PISACowsMilk_10_page_6,532.8,380.0,1030.0
10461816,stimulus_Arg_PISACowsMilk_10_page_6,532.3,379.9,1030.0
10461817,stimulus_Arg_PISACowsMilk_10_page_6,531.9,379.9,1029.0
10461818,stimulus_Arg_PISACowsMilk_10_page_6,531.6,380.0,1029.0
10461819,stimulus_Arg_PISACowsMilk_10_page_6,531.5,380.4,1028.0
10461820,stimulus_Arg_PISACowsMilk_10_page_6,531.6,380.8,1028.0
10461821,stimulus_Arg_PISACowsMilk_10_page_6,531.6,381.3,1028.0
10461822,stimulus_Arg_PISACowsMilk_10_page_6,531.7,381.4,1027.0
10461823,stimulus_Arg_PISACowsMilk_10_page_6,531.8,381.5,1027.0
10461824,stimulus_Arg_PISACowsMilk_10_page_6,531.9,381.6,1027.0
10461825,stimulus_Arg_PISACowsMilk_10_page_6,532.0,381.9,1026.0
10461826,stimulus_Arg_PISACowsMilk_10_page_6,532.0,382.3,1025.0
10461827,stimulus_Arg_PISACowsMilk_10_page_6,532.0,382.7,1025.0
10461828,stimulus_Arg_PISACowsMilk_10_page_6,532.1,382.7,1025.0
10461829,stimulus_Arg_PISACowsMilk_10_page_6,532.1,382.5,1025.0
10461830,stimulus_Arg_PISACowsMilk_10_page_6,532.2,382.3,1025.0
10461831,stimulus_Arg_PISACowsMilk_10_page_6,532.1,382.1,1025.0
10461832,stimulus_Arg_PISACowsMilk_10_page_6,532.0,382.1,1025.0
10461833,stimulus_Arg_PISACowsMilk_10_page_6,531.8,382.4,1024.0
10461834,stimulus_Arg_PISACowsMilk_10_page_6,531.7,382.6,1024.0
10461835,stimulus_Arg_PISACowsMilk_10_page_6,531.9,382.7,1024.0
10461836,stimulus_Arg_PISACowsMilk_10_page_6,532.0,382.9,1024.0
10461837,stimulus_Arg_PISACowsMilk_10_page_6,532.2,383.1,1023.0
10461838,stimulus_Arg_PISACowsMilk_10_page_6,532.3,383.1,1024.0
10461839,stimulus_Arg_PISACowsMilk_10_page_6,532.3,383.1,1025.0
10461840,stimulus_Arg_PISACowsMilk_10_page_6,532.1,383.1,1027.0
10461841,stimulus_Arg_PISACowsMilk_10_page_6,532.0,383.3,1026.0
10461842,stimulus_Arg_PISACowsMilk_10_page_6,532.1,383.4,1026.0
10461843,stimulus_Arg_PISACowsMilk_10_page_6,532.2,383.6,1025.0
10461844,stimulus_Arg_PISACowsMilk_10_page_6,532.1,383.8,1025.0
10461845,stimulus_Arg_PISACowsMilk_10_page_6,532.0,384.0,1025.0
10461846,stimulus_Arg_PISACowsMilk_10_page_6,531.6,383.9,1025.0
10461847,stimulus_Arg_PISACowsMilk_10_page_6,531.3,383.7,1025.0
10461848,stimulus_Arg_PISACowsMilk_10_page_6,531.1,383.4,1025.0
10461849,stimulus_Arg_PISACowsMilk_10_page_6,531.1,383.3,1026.0
10461850,stimulus_Arg_PISACowsMilk_10_page_6,531.2,383.3,1027.0
10461851,stimulus_Arg_PISACowsMilk_10_page_6,531.2,383.6,1027.0
10461852,stimulus_Arg_PISACowsMilk_10_page_6,531.3,383.9,1027.0
10461853,stimulus_Arg_PISACowsMilk_10_page_6,531.2,384.1,1027.0
10461854,stimulus_Arg_PISACowsMilk_10_page_6,531.2,384.1,1027.0
10461855,stimulus_Arg_PISACowsMilk_10_page_6,531.2,384.1,1027.0
10461856,stimulus_Arg_PISACowsMilk_10_page_6,531.3,383.9,1027.0
10461857,stimulus_Arg_PISACowsMilk_10_page_6,531.1,383.7,1027.0
10461858,stimulus_Arg_PISACowsMilk_10_page_6,531.0,383.6,1027.0
10461859,stimulus_Arg_PISACowsMilk_10_page_6,530.8,383.7,1027.0
10461860,stimulus_Arg_PISACowsMilk_10_page_6,530.8,383.8,1028.0
10461861,stimulus_Arg_PISACowsMilk_10_page_6,530.8,384.0,1028.0
10461862,stimulus_Arg_PISACowsMilk_10_page_6,530.8,384.0,1028.0
10461863,stimulus_Arg_PISACowsMilk_10_page_6,531.0,384.2,1027.0
10461864,stimulus_Arg_PISACowsMilk_10_page_6,531.1,384.3,1027.0
10461865,stimulus_Arg_PISACowsMilk_10_page_6,531.5,384.2,1026.0
10461866,stimulus_Arg_PISACowsMilk_10_page_6,531.6,384.0,1026.0
10461867,stimulus_Arg_PISACowsMilk_10_page_6,531.7,383.8,1026.0
10461868,stimulus_Arg_PISACowsMilk_10_page_6,531.6,383.8,1026.0
10461869,stimulus_Arg_PISACowsMilk_10_page_6,531.5,383.9,1027.0
10461870,stimulus_Arg_PISACowsMilk_10_page_6,531.5,383.9,1027.0
10461871,stimulus_Arg_PISACowsMilk_10_page_6,531.5,384.2,1027.0
10461872,stimulus_Arg_PISACowsMilk_10_page_6,531.5,384.5,1027.0
10461873,stimulus_Arg_PISACowsMilk_10_page_6,531.5,384.6,1027.0
10461874,stimulus_Arg_PISACowsMilk_10_page_6,531.5,384.5,1026.0
10461875,stimulus_Arg_PISACowsMilk_10_page_6,531.6,384.6,1026.0
10461876,stimulus_Arg_PISACowsMilk_10_page_6,531.5,385.0,1026.0
10461877,stimulus_Arg_PISACowsMilk_10_page_6,531.4,385.3,1026.0
10461878,stimulus_Arg_PISACowsMilk_10_page_6,531.4,385.5,1027.0
10461879,stimulus_Arg_PISACowsMilk_10_page_6,531.4,385.2,1027.0
10461880,stimulus_Arg_PISACowsMilk_10_page_6,531.5,384.8,1028.0
10461881,stimulus_Arg_PISACowsMilk_10_page_6,531.6,384.4,1028.0
10461882,stimulus_Arg_PISACowsMilk_10_page_6,531.6,384.2,1029.0
10461883,stimulus_Arg_PISACowsMilk_10_page_6,531.6,384.1,1029.0
10461884,stimulus_Arg_PISACowsMilk_10_page_6,531.7,384.3,1028.0
10461885,stimulus_Arg_PISACowsMilk_10_page_6,531.8,384.6,1029.0
10461886,stimulus_Arg_PISACowsMilk_10_page_6,531.8,385.1,1029.0
10461887,stimulus_Arg_PISACowsMilk_10_page_6,531.8,385.4,1029.0
10461888,stimulus_Arg_PISACowsMilk_10_page_6,531.7,385.6,1029.0
10461889,stimulus_Arg_PISACowsMilk_10_page_6,531.6,385.5,1028.0
10461890,stimulus_Arg_PISACowsMilk_10_page_6,531.8,385.6,1028.0
10461891,stimulus_Arg_PISACowsMilk_10_page_6,532.4,385.7,1028.0
10461892,stimulus_Arg_PISACowsMilk_10_page_6,533.0,385.9,1028.0
10461893,stimulus_Arg_PISACowsMilk_10_page_6,533.5,386.1,1028.0
10461894,stimulus_Arg_PISACowsMilk_10_page_6,534.4,386.5,1028.0
10461895,stimulus_Arg_PISACowsMilk_10_page_6,536.0,386.8,1029.0
10461896,stimulus_Arg_PISACowsMilk_10_page_6,538.8,387.0,1030.0
10461897,stimulus_Arg_PISACowsMilk_10_page_6,542.6,387.1,1031.0
10461898,stimulus_Arg_PISACowsMilk_10_page_6,548.7,387.2,1031.0
10461899,stimulus_Arg_PISACowsMilk_10_page_6,556.7,387.5,1032.0
10461900,stimulus_Arg_PISACowsMilk_10_page_6,566.0,387.0,1033.0
10461901,stimulus_Arg_PISACowsMilk_10_page_6,575.4,386.0,1034.0
10461902,stimulus_Arg_PISACowsMilk_10_page_6,585.7,384.7,1035.0
10461903,stimulus_Arg_PISACowsMilk_10_page_6,596.2,384.1,1035.0
10461904,stimulus_Arg_PISACowsMilk_10_page_6,607.6,383.7,1036.0
10461905,stimulus_Arg_PISACowsMilk_10_page_6,617.5,383.2,1036.0
10461906,stimulus_Arg_PISACowsMilk_10_page_6,626.7,381.4,1035.0
10461907,stimulus_Arg_PISACowsMilk_10_page_6,633.9,379.1,1034.0
10461908,stimulus_Arg_PISACowsMilk_10_page_6,641.3,377.4,1032.0
10461909,stimulus_Arg_PISACowsMilk_10_page_6,648.6,376.1,1031.0
10461910,stimulus_Arg_PISACowsMilk_10_page_6,655.1,375.2,1029.0
10461911,stimulus_Arg_PISACowsMilk_10_page_6,660.5,373.4,1027.0
10461912,stimulus_Arg_PISACowsMilk_10_page_6,665.6,372.4,1024.0
10461913,stimulus_Arg_PISACowsMilk_10_page_6,671.1,372.0,1022.0
10461914,stimulus_Arg_PISACowsMilk_10_page_6,676.0,372.8,1023.0
10461915,stimulus_Arg_PISACowsMilk_10_page_6,679.6,373.5,1023.0
10461916,stimulus_Arg_PISACowsMilk_10_page_6,683.6,373.8,1023.0
10461917,stimulus_Arg_PISACowsMilk_10_page_6,688.9,374.4,1022.0
10461918,stimulus_Arg_PISACowsMilk_10_page_6,695.2,375.0,1022.0
10461919,stimulus_Arg_PISACowsMilk_10_page_6,701.9,375.7,1021.0
10461920,stimulus_Arg_PISACowsMilk_10_page_6,709.3,375.9,1021.0
10461921,stimulus_Arg_PISACowsMilk_10_page_6,718.3,376.2,1022.0
10461922,stimulus_Arg_PISACowsMilk_10_page_6,727.0,376.5,1024.0
10461923,stimulus_Arg_PISACowsMilk_10_page_6,736.5,376.6,1026.0
10461924,stimulus_Arg_PISACowsMilk_10_page_6,744.4,376.6,1026.0
10461925,stimulus_Arg_PISACowsMilk_10_page_6,753.5,375.9,1025.0
10461926,stimulus_Arg_PISACowsMilk_10_page_6,761.8,375.5,1025.0
10461927,stimulus_Arg_PISACowsMilk_10_page_6,769.7,375.1,1024.0
10461928,stimulus_Arg_PISACowsMilk_10_page_6,776.5,375.3,1024.0
10461929,stimulus_Arg_PISACowsMilk_10_page_6,782.6,375.4,1023.0
10461930,stimulus_Arg_PISACowsMilk_10_page_6,788.6,376.4,1024.0
10461931,stimulus_Arg_PISACowsMilk_10_page_6,795.9,377.8,1024.0
10461932,stimulus_Arg_PISACowsMilk_10_page_6,802.9,379.2,1024.0
10461933,stimulus_Arg_PISACowsMilk_10_page_6,809.3,379.7,1024.0
10461934,stimulus_Arg_PISACowsMilk_10_page_6,814.7,379.9,1023.0
10461935,stimulus_Arg_PISACowsMilk_10_page_6,820.4,380.3,1023.0
10461936,stimulus_Arg_PISACowsMilk_10_page_6,826.0,381.1,1023.0
10461937,stimulus_Arg_PISACowsMilk_10_page_6,830.4,381.9,1022.0
10461938,stimulus_Arg_PISACowsMilk_10_page_6,834.2,382.3,1022.0
10461939,stimulus_Arg_PISACowsMilk_10_page_6,837.2,382.4,1022.0
10461940,stimulus_Arg_PISACowsMilk_10_page_6,838.9,381.7,1022.0
10461941,stimulus_Arg_PISACowsMilk_10_page_6,838.7,381.0,1022.0
10461942,stimulus_Arg_PISACowsMilk_10_page_6,837.3,380.4,1022.0
10461943,stimulus_Arg_PISACowsMilk_10_page_6,834.4,380.2,1021.0
10461944,stimulus_Arg_PISACowsMilk_10_page_6,830.3,379.9,1021.0
10461945,stimulus_Arg_PISACowsMilk_10_page_6,826.0,379.9,1020.0
10461946,stimulus_Arg_PISACowsMilk_10_page_6,822.0,380.7,1022.0
10461947,stimulus_Arg_PISACowsMilk_10_page_6,818.6,381.6,1024.0
10461948,stimulus_Arg_PISACowsMilk_10_page_6,815.3,382.7,1027.0
10461949,stimulus_Arg_PISACowsMilk_10_page_6,812.4,383.7,1030.0
10461950,stimulus_Arg_PISACowsMilk_10_page_6,810.7,384.6,1031.0
10461951,stimulus_Arg_PISACowsMilk_10_page_6,809.7,385.2,1033.0
10461952,stimulus_Arg_PISACowsMilk_10_page_6,809.5,385.9,1035.0
10461953,stimulus_Arg_PISACowsMilk_10_page_6,809.9,386.6,1037.0
10461954,stimulus_Arg_PISACowsMilk_10_page_6,810.4,387.3,1040.0
10461955,stimulus_Arg_PISACowsMilk_10_page_6,811.1,387.4,1039.0
10461956,stimulus_Arg_PISACowsMilk_10_page_6,812.2,387.6,1038.0
10461957,stimulus_Arg_PISACowsMilk_10_page_6,813.9,387.8,1037.0
10461958,stimulus_Arg_PISACowsMilk_10_page_6,815.7,388.0,1037.0
10461959,stimulus_Arg_PISACowsMilk_10_page_6,817.7,388.3,1037.0
10461960,stimulus_Arg_PISACowsMilk_10_page_6,819.4,388.6,1038.0
10461961,stimulus_Arg_PISACowsMilk_10_page_6,821.3,388.8,1040.0
10461962,stimulus_Arg_PISACowsMilk_10_page_6,822.3,388.7,1041.0
10461963,stimulus_Arg_PISACowsMilk_10_page_6,822.9,388.5,1041.0
10461964,stimulus_Arg_PISACowsMilk_10_page_6,822.9,388.2,1040.0
10461965,stimulus_Arg_PISACowsMilk_10_page_6,823.1,388.0,1039.0
10461966,stimulus_Arg_PISACowsMilk_10_page_6,823.4,387.8,1038.0
10461967,stimulus_Arg_PISACowsMilk_10_page_6,823.7,387.6,1036.0
10461968,stimulus_Arg_PISACowsMilk_10_page_6,824.2,387.3,1035.0
10461969,stimulus_Arg_PISACowsMilk_10_page_6,824.6,386.7,1033.0
10461970,stimulus_Arg_PISACowsMilk_10_page_6,824.9,386.1,1032.0
10461971,stimulus_Arg_PISACowsMilk_10_page_6,825.0,385.4,1031.0
10461972,stimulus_Arg_PISACowsMilk_10_page_6,825.0,385.3,1031.0
10461973,stimulus_Arg_PISACowsMilk_10_page_6,825.1,384.8,1030.0
10461974,stimulus_Arg_PISACowsMilk_10_page_6,825.2,384.2,1030.0
10461975,stimulus_Arg_PISACowsMilk_10_page_6,825.2,383.7,1029.0
10461976,stimulus_Arg_PISACowsMilk_10_page_6,825.1,383.6,1029.0
10461977,stimulus_Arg_PISACowsMilk_10_page_6,824.9,383.4,1029.0
10461978,stimulus_Arg_PISACowsMilk_10_page_6,824.7,382.9,1028.0
10461979,stimulus_Arg_PISACowsMilk_10_page_6,824.8,382.2,1029.0
10461980,stimulus_Arg_PISACowsMilk_10_page_6,824.7,381.6,1029.0
10461981,stimulus_Arg_PISACowsMilk_10_page_6,824.7,381.5,1029.0
10461982,stimulus_Arg_PISACowsMilk_10_page_6,824.6,382.0,1029.0
10461983,stimulus_Arg_PISACowsMilk_10_page_6,824.5,382.6,1029.0
10461984,stimulus_Arg_PISACowsMilk_10_page_6,824.5,382.5,1029.0
10461985,stimulus_Arg_PISACowsMilk_10_page_6,824.4,382.1,1028.0
10461986,stimulus_Arg_PISACowsMilk_10_page_6,824.6,382.3,1028.0
10461987,stimulus_Arg_PISACowsMilk_10_page_6,824.7,382.8,1028.0
10461988,stimulus_Arg_PISACowsMilk_10_page_6,824.8,383.3,1029.0
10461989,stimulus_Arg_PISACowsMilk_10_page_6,824.8,383.3,1030.0
10461990,stimulus_Arg_PISACowsMilk_10_page_6,824.8,383.3,1029.0
10461991,stimulus_Arg_PISACowsMilk_10_page_6,824.8,383.7,1029.0
10461992,stimulus_Arg_PISACowsMilk_10_page_6,824.7,384.3,1029.0
10461993,stimulus_Arg_PISACowsMilk_10_page_6,824.7,385.0,1029.0
10461994,stimulus_Arg_PISACowsMilk_10_page_6,824.8,385.3,1029.0
10461995,stimulus_Arg_PISACowsMilk_10_page_6,824.9,385.4,1029.0
10461996,stimulus_Arg_PISACowsMilk_10_page_6,825.0,385.7,1029.0
10461997,stimulus_Arg_PISACowsMilk_10_page_6,825.0,385.9,1029.0
10461998,stimulus_Arg_PISACowsMilk_10_page_6,824.8,385.8,1029.0
10461999,stimulus_Arg_PISACowsMilk_10_page_6,824.6,385.5,1029.0
10462000,stimulus_Arg_PISACowsMilk_10_page_6,824.3,385.2,1029.0
10462001,stimulus_Arg_PISACowsMilk_10_page_6,824.1,385.4,1029.0
10462002,stimulus_Arg_PISACowsMilk_10_page_6,824.1,385.3,1029.0
10462003,stimulus_Arg_PISACowsMilk_10_page_6,824.3,385.2,1030.0
10462004,stimulus_Arg_PISACowsMilk_10_page_6,824.4,384.7,1030.0
10462005,stimulus_Arg_PISACowsMilk_10_page_6,824.2,383.5,1029.0
10462006,stimulus_Arg_PISACowsMilk_10_page_6,824.0,382.2,1028.0
10462007,stimulus_Arg_PISACowsMilk_10_page_6,823.7,380.8,1027.0
10462008,stimulus_Arg_PISACowsMilk_10_page_6,823.7,380.1,1027.0
10462009,stimulus_Arg_PISACowsMilk_10_page_6,823.6,379.7,1028.0
10462010,stimulus_Arg_PISACowsMilk_10_page_6,823.5,379.6,1029.0
10462011,stimulus_Arg_PISACowsMilk_10_page_6,823.6,379.6,1030.0
10462012,stimulus_Arg_PISACowsMilk_10_page_6,823.7,379.8,1030.0
10462013,stimulus_Arg_PISACowsMilk_10_page_6,823.7,380.5,1030.0
10462014,stimulus_Arg_PISACowsMilk_10_page_6,823.6,381.1,1030.0
10462015,stimulus_Arg_PISACowsMilk_10_page_6,823.6,381.6,1030.0
10462016,stimulus_Arg_PISACowsMilk_10_page_6,823.9,381.5,1030.0
10462017,stimulus_Arg_PISACowsMilk_10_page_6,824.2,381.5,1030.0
10462018,stimulus_Arg_PISACowsMilk_10_page_6,824.3,381.5,1030.0
10462019,stimulus_Arg_PISACowsMilk_10_page_6,824.2,381.6,1032.0
10462020,stimulus_Arg_PISACowsMilk_10_page_6,824.0,381.6,1034.0
10462021,stimulus_Arg_PISACowsMilk_10_page_6,824.0,381.3,1036.0
10462022,stimulus_Arg_PISACowsMilk_10_page_6,824.1,381.1,1036.0
10462023,stimulus_Arg_PISACowsMilk_10_page_6,824.3,380.8,1036.0
10462024,stimulus_Arg_PISACowsMilk_10_page_6,824.2,380.8,1035.0
10462025,stimulus_Arg_PISACowsMilk_10_page_6,823.8,380.8,1034.0
10462026,stimulus_Arg_PISACowsMilk_10_page_6,823.4,380.8,1034.0
10462027,stimulus_Arg_PISACowsMilk_10_page_6,823.7,380.7,1033.0
10462028,stimulus_Arg_PISACowsMilk_10_page_6,824.0,380.6,1033.0
10462029,stimulus_Arg_PISACowsMilk_10_page_6,824.2,380.5,1032.0
10462030,stimulus_Arg_PISACowsMilk_10_page_6,824.0,380.6,1032.0
10462031,stimulus_Arg_PISACowsMilk_10_page_6,823.8,380.9,1032.0
10462032,stimulus_Arg_PISACowsMilk_10_page_6,824.1,381.7,1033.0
10462033,stimulus_Arg_PISACowsMilk_10_page_6,824.2,382.3,1032.0
10462034,stimulus_Arg_PISACowsMilk_10_page_6,824.3,382.8,1031.0
10462035,stimulus_Arg_PISACowsMilk_10_page_6,824.2,382.7,1030.0
10462036,stimulus_Arg_PISACowsMilk_10_page_6,824.2,382.3,1031.0
10462037,stimulus_Arg_PISACowsMilk_10_page_6,824.0,381.8,1032.0
10462038,stimulus_Arg_PISACowsMilk_10_page_6,824.0,381.2,1032.0
10462039,stimulus_Arg_PISACowsMilk_10_page_6,824.0,381.1,1031.0
10462040,stimulus_Arg_PISACowsMilk_10_page_6,824.1,381.1,1030.0
10462041,stimulus_Arg_PISACowsMilk_10_page_6,824.0,381.0,1030.0
10462042,stimulus_Arg_PISACowsMilk_10_page_6,824.0,380.8,1030.0
10462043,stimulus_Arg_PISACowsMilk_10_page_6,824.0,381.0,1031.0
10462044,stimulus_Arg_PISACowsMilk_10_page_6,824.0,381.4,1033.0
10462045,stimulus_Arg_PISACowsMilk_10_page_6,823.9,381.8,1035.0
10462046,stimulus_Arg_PISACowsMilk_10_page_6,823.9,381.9,1035.0
10462047,stimulus_Arg_PISACowsMilk_10_page_6,823.8,381.8,1035.0
10462048,stimulus_Arg_PISACowsMilk_10_page_6,823.8,382.2,1035.0
10462049,stimulus_Arg_PISACowsMilk_10_page_6,823.9,382.5,1034.0
10462050,stimulus_Arg_PISACowsMilk_10_page_6,824.0,382.9,1034.0
10462051,stimulus_Arg_PISACowsMilk_10_page_6,824.1,382.8,1034.0
10462052,stimulus_Arg_PISACowsMilk_10_page_6,824.2,382.8,1034.0
10462053,stimulus_Arg_PISACowsMilk_10_page_6,824.3,382.8,1034.0
10462054,stimulus_Arg_PISACowsMilk_10_page_6,824.4,382.9,1035.0
10462055,stimulus_Arg_PISACowsMilk_10_page_6,824.5,383.0,1036.0
10462056,stimulus_Arg_PISACowsMilk_10_page_6,824.5,383.1,1037.0
10462057,stimulus_Arg_PISACowsMilk_10_page_6,824.5,383.1,1037.0
10462058,stimulus_Arg_PISACowsMilk_10_page_6,824.5,383.1,1037.0
10462059,stimulus_Arg_PISACowsMilk_10_page_6,824.5,383.1,1037.0
10462060,stimulus_Arg_PISACowsMilk_10_page_6,824.6,383.4,1036.0
10462061,stimulus_Arg_PISACowsMilk_10_page_6,824.7,383.7,1037.0
10462062,stimulus_Arg_PISACowsMilk_10_page_6,824.7,384.1,1037.0
10462063,stimulus_Arg_PISACowsMilk_10_page_6,824.8,384.2,1038.0
10462064,stimulus_Arg_PISACowsMilk_10_page_6,824.8,384.2,1038.0
10462065,stimulus_Arg_PISACowsMilk_10_page_6,824.8,384.2,1038.0
10462066,stimulus_Arg_PISACowsMilk_10_page_6,825.0,384.3,1039.0
10462067,stimulus_Arg_PISACowsMilk_10_page_6,825.3,384.3,1039.0
10462068,stimulus_Arg_PISACowsMilk_10_page_6,825.5,384.5,1039.0
10462069,stimulus_Arg_PISACowsMilk_10_page_6,825.5,384.7,1040.0
10462070,stimulus_Arg_PISACowsMilk_10_page_6,825.4,384.9,1039.0
10462071,stimulus_Arg_PISACowsMilk_10_page_6,825.4,384.8,1040.0
10462072,stimulus_Arg_PISACowsMilk_10_page_6,825.4,384.8,1040.0
10462073,stimulus_Arg_PISACowsMilk_10_page_6,825.4,384.9,1040.0
10462074,stimulus_Arg_PISACowsMilk_10_page_6,825.6,385.0,1041.0
10462075,stimulus_Arg_PISACowsMilk_10_page_6,825.8,385.1,1041.0
10462076,stimulus_Arg_PISACowsMilk_10_page_6,826.1,385.3,1041.0
10462077,stimulus_Arg_PISACowsMilk_10_page_6,826.1,385.4,1041.0
10462078,stimulus_Arg_PISACowsMilk_10_page_6,826.2,385.4,1041.0
10462079,stimulus_Arg_PISACowsMilk_10_page_6,826.4,385.4,1041.0
10462080,stimulus_Arg_PISACowsMilk_10_page_6,826.6,385.0,1041.0
10462081,stimulus_Arg_PISACowsMilk_10_page_6,826.6,384.6,1041.0
10462082,stimulus_Arg_PISACowsMilk_10_page_6,826.6,384.5,1042.0
10462083,stimulus_Arg_PISACowsMilk_10_page_6,826.6,385.0,1042.0
10462084,stimulus_Arg_PISACowsMilk_10_page_6,826.6,385.4,1043.0
10462085,stimulus_Arg_PISACowsMilk_10_page_6,826.7,385.5,1043.0
10462086,stimulus_Arg_PISACowsMilk_10_page_6,826.7,385.6,1043.0
10462087,stimulus_Arg_PISACowsMilk_10_page_6,826.6,385.7,1043.0
10462088,stimulus_Arg_PISACowsMilk_10_page_6,826.7,385.7,1043.0
10462089,stimulus_Arg_PISACowsMilk_10_page_6,826.9,385.6,1043.0
10462090,stimulus_Arg_PISACowsMilk_10_page_6,827.3,385.8,1043.0
10462091,stimulus_Arg_PISACowsMilk_10_page_6,827.6,387.0,1043.0
10462092,stimulus_Arg_PISACowsMilk_10_page_6,827.8,388.1,1043.0
10462093,stimulus_Arg_PISACowsMilk_10_page_6,827.8,389.0,1044.0
10462094,stimulus_Arg_PISACowsMilk_10_page_6,827.7,389.0,1044.0
10462095,stimulus_Arg_PISACowsMilk_10_page_6,827.7,389.1,1044.0
10462096,stimulus_Arg_PISACowsMilk_10_page_6,827.8,389.2,1044.0
10462097,stimulus_Arg_PISACowsMilk_10_page_6,827.7,389.1,1043.0
10462098,stimulus_Arg_PISACowsMilk_10_page_6,827.5,388.8,1042.0
10462099,stimulus_Arg_PISACowsMilk_10_page_6,827.6,388.4,1041.0
10462100,stimulus_Arg_PISACowsMilk_10_page_6,827.9,388.4,1042.0
10462101,stimulus_Arg_PISACowsMilk_10_page_6,828.2,388.4,1043.0
10462102,stimulus_Arg_PISACowsMilk_10_page_6,828.6,388.7,1043.0
10462103,stimulus_Arg_PISACowsMilk_10_page_6,829.0,388.7,1042.0
10462104,stimulus_Arg_PISACowsMilk_10_page_6,829.3,388.8,1041.0
10462105,stimulus_Arg_PISACowsMilk_10_page_6,829.2,389.2,1039.0
10462106,stimulus_Arg_PISACowsMilk_10_page_6,828.9,389.8,1039.0
10462107,stimulus_Arg_PISACowsMilk_10_page_6,828.7,390.0,1040.0
10462108,stimulus_Arg_PISACowsMilk_10_page_6,828.6,389.6,1040.0
10462109,stimulus_Arg_PISACowsMilk_10_page_6,828.5,389.1,1041.0
10462110,stimulus_Arg_PISACowsMilk_10_page_6,828.6,389.1,1040.0
10462111,stimulus_Arg_PISACowsMilk_10_page_6,828.6,389.0,1039.0
10462112,stimulus_Arg_PISACowsMilk_10_page_6,828.7,388.9,1040.0
10462113,stimulus_Arg_PISACowsMilk_10_page_6,828.7,388.9,1041.0
10462114,stimulus_Arg_PISACowsMilk_10_page_6,828.7,388.9,1042.0
10462115,stimulus_Arg_PISACowsMilk_10_page_6,828.9,389.0,1042.0
10462116,stimulus_Arg_PISACowsMilk_10_page_6,829.1,388.9,1042.0
10462117,stimulus_Arg_PISACowsMilk_10_page_6,829.3,388.8,1042.0
10462118,stimulus_Arg_PISACowsMilk_10_page_6,829.3,388.8,1041.0
10462119,stimulus_Arg_PISACowsMilk_10_page_6,829.3,388.8,1041.0
10462120,stimulus_Arg_PISACowsMilk_10_page_6,828.9,388.6,1041.0
10462121,stimulus_Arg_PISACowsMilk_10_page_6,828.0,388.2,1040.0
10462122,stimulus_Arg_PISACowsMilk_10_page_6,826.6,387.7,1039.0
10462123,stimulus_Arg_PISACowsMilk_10_page_6,824.2,387.3,1037.0
10462124,stimulus_Arg_PISACowsMilk_10_page_6,821.3,386.4,1037.0
10462125,stimulus_Arg_PISACowsMilk_10_page_6,818.0,385.6,1038.0
10462126,stimulus_Arg_PISACowsMilk_10_page_6,814.9,384.7,1039.0
10462127,stimulus_Arg_PISACowsMilk_10_page_6,811.4,384.4,1040.0
10462128,stimulus_Arg_PISACowsMilk_10_page_6,806.2,384.5,1039.0
10462129,stimulus_Arg_PISACowsMilk_10_page_6,800.5,384.8,1039.0
10462130,stimulus_Arg_PISACowsMilk_10_page_6,794.6,385.0,1040.0
10462131,stimulus_Arg_PISACowsMilk_10_page_6,787.3,383.9,1040.0
10462132,stimulus_Arg_PISACowsMilk_10_page_6,779.8,382.7,1040.0
10462133,stimulus_Arg_PISACowsMilk_10_page_6,772.5,381.6,1040.0
10462134,stimulus_Arg_PISACowsMilk_10_page_6,766.5,381.6,1041.0
10462135,stimulus_Arg_PISACowsMilk_10_page_6,760.8,381.8,1042.0
10462136,stimulus_Arg_PISACowsMilk_10_page_6,755.6,382.3,1043.0
10462137,stimulus_Arg_PISACowsMilk_10_page_6,752.6,382.6,1045.0
10462138,stimulus_Arg_PISACowsMilk_10_page_6,749.7,382.6,1045.0
10462139,stimulus_Arg_PISACowsMilk_10_page_6,746.6,382.4,1045.0
10462140,stimulus_Arg_PISACowsMilk_10_page_6,743.8,382.6,1045.0
10462141,stimulus_Arg_PISACowsMilk_10_page_6,742.5,383.3,1046.0
10462142,stimulus_Arg_PISACowsMilk_10_page_6,742.1,384.1,1046.0
10462143,stimulus_Arg_PISACowsMilk_10_page_6,742.7,385.1,1047.0
10462144,stimulus_Arg_PISACowsMilk_10_page_6,743.9,385.8,1048.0
10462145,stimulus_Arg_PISACowsMilk_10_page_6,745.4,386.3,1049.0
10462146,stimulus_Arg_PISACowsMilk_10_page_6,746.5,386.1,1049.0
10462147,stimulus_Arg_PISACowsMilk_10_page_6,748.1,386.1,1050.0
10462148,stimulus_Arg_PISACowsMilk_10_page_6,749.7,386.2,1050.0
10462149,stimulus_Arg_PISACowsMilk_10_page_6,751.8,386.4,1049.0
10462150,stimulus_Arg_PISACowsMilk_10_page_6,753.2,386.2,1048.0
10462151,stimulus_Arg_PISACowsMilk_10_page_6,754.6,386.1,1047.0
10462152,stimulus_Arg_PISACowsMilk_10_page_6,755.8,385.5,1046.0
10462153,stimulus_Arg_PISACowsMilk_10_page_6,757.1,384.9,1045.0
10462154,stimulus_Arg_PISACowsMilk_10_page_6,758.0,384.3,1044.0
10462155,stimulus_Arg_PISACowsMilk_10_page_6,758.4,384.1,1043.0
10462156,stimulus_Arg_PISACowsMilk_10_page_6,758.4,383.9,1042.0
10462157,stimulus_Arg_PISACowsMilk_10_page_6,758.3,383.7,1042.0
10462158,stimulus_Arg_PISACowsMilk_10_page_6,758.2,383.5,1042.0
10462159,stimulus_Arg_PISACowsMilk_10_page_6,758.1,383.5,1042.0
10462160,stimulus_Arg_PISACowsMilk_10_page_6,758.0,383.6,1042.0
10462161,stimulus_Arg_PISACowsMilk_10_page_6,757.8,383.1,1042.0
10462162,stimulus_Arg_PISACowsMilk_10_page_6,757.6,382.6,1041.0
10462163,stimulus_Arg_PISACowsMilk_10_page_6,757.4,382.6,1041.0
10462164,stimulus_Arg_PISACowsMilk_10_page_6,757.0,383.0,1041.0
10462165,stimulus_Arg_PISACowsMilk_10_page_6,756.6,383.5,1041.0
10462166,stimulus_Arg_PISACowsMilk_10_page_6,756.1,383.4,1042.0
10462167,stimulus_Arg_PISACowsMilk_10_page_6,755.7,383.4,1043.0
10462168,stimulus_Arg_PISACowsMilk_10_page_6,755.2,383.5,1044.0
10462169,stimulus_Arg_PISACowsMilk_10_page_6,754.9,383.7,1044.0
10462170,stimulus_Arg_PISACowsMilk_10_page_6,754.6,384.1,1044.0
10462171,stimulus_Arg_PISACowsMilk_10_page_6,754.4,384.3,1042.0
10462172,stimulus_Arg_PISACowsMilk_10_page_6,754.0,384.6,1041.0
10462173,stimulus_Arg_PISACowsMilk_10_page_6,753.7,384.9,1041.0
10462174,stimulus_Arg_PISACowsMilk_10_page_6,753.5,385.2,1041.0
10462175,stimulus_Arg_PISACowsMilk_10_page_6,753.5,385.8,1041.0
10462176,stimulus_Arg_PISACowsMilk_10_page_6,753.4,386.3,1040.0
10462177,stimulus_Arg_PISACowsMilk_10_page_6,753.4,386.8,1040.0
10462178,stimulus_Arg_PISACowsMilk_10_page_6,753.6,386.8,1040.0
10462179,stimulus_Arg_PISACowsMilk_10_page_6,753.8,386.7,1040.0
10462180,stimulus_Arg_PISACowsMilk_10_page_6,753.9,386.4,1040.0
10462181,stimulus_Arg_PISACowsMilk_10_page_6,753.9,386.1,1040.0
10462182,stimulus_Arg_PISACowsMilk_10_page_6,753.8,386.0,1038.0
10462183,stimulus_Arg_PISACowsMilk_10_page_6,753.8,386.0,1036.0
10462184,stimulus_Arg_PISACowsMilk_10_page_6,753.7,385.9,1037.0
10462185,stimulus_Arg_PISACowsMilk_10_page_6,753.7,386.1,1038.0
10462186,stimulus_Arg_PISACowsMilk_10_page_6,753.4,386.4,1040.0
10462187,stimulus_Arg_PISACowsMilk_10_page_6,753.1,386.5,1040.0
10462188,stimulus_Arg_PISACowsMilk_10_page_6,752.9,386.3,1040.0
10462189,stimulus_Arg_PISACowsMilk_10_page_6,753.0,386.2,1040.0
10462190,stimulus_Arg_PISACowsMilk_10_page_6,753.2,385.9,1040.0
10462191,stimulus_Arg_PISACowsMilk_10_page_6,753.4,385.6,1041.0
10462192,stimulus_Arg_PISACowsMilk_10_page_6,753.4,385.3,1042.0
10462193,stimulus_Arg_PISACowsMilk_10_page_6,753.4,385.3,1044.0
10462194,stimulus_Arg_PISACowsMilk_10_page_6,753.3,385.3,1046.0
10462195,stimulus_Arg_PISACowsMilk_10_page_6,753.2,385.2,1046.0
10462196,stimulus_Arg_PISACowsMilk_10_page_6,753.1,385.1,1046.0
10462197,stimulus_Arg_PISACowsMilk_10_page_6,753.0,384.8,1045.0
10462198,stimulus_Arg_PISACowsMilk_10_page_6,752.9,384.5,1045.0
10462199,stimulus_Arg_PISACowsMilk_10_page_6,752.9,384.3,1046.0
10462200,stimulus_Arg_PISACowsMilk_10_page_6,752.9,384.2,1047.0
10462201,stimulus_Arg_PISACowsMilk_10_page_6,752.8,384.2,1048.0
10462202,stimulus_Arg_PISACowsMilk_10_page_6,752.8,384.3,1048.0
10462203,stimulus_Arg_PISACowsMilk_10_page_6,752.8,384.3,1048.0
10462204,stimulus_Arg_PISACowsMilk_10_page_6,752.8,384.3,1048.0
10462205,stimulus_Arg_PISACowsMilk_10_page_6,752.9,384.3,1047.0
10462206,stimulus_Arg_PISACowsMilk_10_page_6,753.0,384.4,1047.0
10462207,stimulus_Arg_PISACowsMilk_10_page_6,753.0,384.5,1046.0
10462208,stimulus_Arg_PISACowsMilk_10_page_6,753.1,384.7,1047.0
10462209,stimulus_Arg_PISACowsMilk_10_page_6,753.0,384.8,1047.0
10462210,stimulus_Arg_PISACowsMilk_10_page_6,752.8,385.2,1047.0
10462211,stimulus_Arg_PISACowsMilk_10_page_6,752.6,385.7,1048.0
10462212,stimulus_Arg_PISACowsMilk_10_page_6,752.5,386.3,1048.0
10462213,stimulus_Arg_PISACowsMilk_10_page_6,752.5,386.5,1048.0
10462214,stimulus_Arg_PISACowsMilk_10_page_6,752.5,386.5,1048.0
10462215,stimulus_Arg_PISACowsMilk_10_page_6,752.5,386.4,1048.0
10462216,stimulus_Arg_PISACowsMilk_10_page_6,752.5,386.2,1048.0
10462217,stimulus_Arg_PISACowsMilk_10_page_6,752.5,386.1,1047.0
10462218,stimulus_Arg_PISACowsMilk_10_page_6,752.6,385.9,1046.0
10462219,stimulus_Arg_PISACowsMilk_10_page_6,752.7,385.6,1045.0
10462220,stimulus_Arg_PISACowsMilk_10_page_6,752.8,385.4,1046.0
10462221,stimulus_Arg_PISACowsMilk_10_page_6,752.7,385.3,1047.0
10462222,stimulus_Arg_PISACowsMilk_10_page_6,752.5,385.3,1048.0
10462223,stimulus_Arg_PISACowsMilk_10_page_6,752.3,385.4,1048.0
10462224,stimulus_Arg_PISACowsMilk_10_page_6,752.3,385.5,1048.0
10462225,stimulus_Arg_PISACowsMilk_10_page_6,752.1,385.6,1048.0
10462226,stimulus_Arg_PISACowsMilk_10_page_6,751.9,385.7,1048.0
10462227,stimulus_Arg_PISACowsMilk_10_page_6,752.0,385.8,1047.0
10462228,stimulus_Arg_PISACowsMilk_10_page_6,752.3,385.8,1047.0
10462229,stimulus_Arg_PISACowsMilk_10_page_6,752.5,385.9,1047.0
10462230,stimulus_Arg_PISACowsMilk_10_page_6,752.5,386.2,1047.0
10462231,stimulus_Arg_PISACowsMilk_10_page_6,752.4,386.5,1048.0
10462232,stimulus_Arg_PISACowsMilk_10_page_6,752.3,386.3,1049.0
10462233,stimulus_Arg_PISACowsMilk_10_page_6,752.1,385.9,1050.0
10462234,stimulus_Arg_PISACowsMilk_10_page_6,752.1,385.9,1051.0
10462235,stimulus_Arg_PISACowsMilk_10_page_6,752.1,386.2,1051.0
10462236,stimulus_Arg_PISACowsMilk_10_page_6,752.0,386.4,1051.0
10462237,stimulus_Arg_PISACowsMilk_10_page_6,751.9,386.4,1051.0
10462238,stimulus_Arg_PISACowsMilk_10_page_6,751.6,386.4,1052.0
10462239,stimulus_Arg_PISACowsMilk_10_page_6,751.5,386.4,1053.0
10462240,stimulus_Arg_PISACowsMilk_10_page_6,751.4,386.4,1052.0
10462241,stimulus_Arg_PISACowsMilk_10_page_6,751.4,386.4,1052.0
10462242,stimulus_Arg_PISACowsMilk_10_page_6,751.3,386.4,1052.0
10462243,stimulus_Arg_PISACowsMilk_10_page_6,751.2,386.5,1053.0
10462244,stimulus_Arg_PISACowsMilk_10_page_6,751.2,386.6,1054.0
10462245,stimulus_Arg_PISACowsMilk_10_page_6,751.1,386.6,1053.0
10462246,stimulus_Arg_PISACowsMilk_10_page_6,751.1,386.5,1052.0
10462247,stimulus_Arg_PISACowsMilk_10_page_6,751.2,386.4,1052.0
10462248,stimulus_Arg_PISACowsMilk_10_page_6,751.1,386.4,1051.0
10462249,stimulus_Arg_PISACowsMilk_10_page_6,751.1,386.4,1051.0
10462250,stimulus_Arg_PISACowsMilk_10_page_6,751.0,386.4,1050.0
10462251,stimulus_Arg_PISACowsMilk_10_page_6,750.9,386.4,1050.0
10462252,stimulus_Arg_PISACowsMilk_10_page_6,750.9,386.3,1049.0
10462253,stimulus_Arg_PISACowsMilk_10_page_6,750.9,386.2,1049.0
10462254,stimulus_Arg_PISACowsMilk_10_page_6,750.9,386.2,1048.0
10462255,stimulus_Arg_PISACowsMilk_10_page_6,750.9,386.0,1048.0
10462256,stimulus_Arg_PISACowsMilk_10_page_6,750.9,385.8,1048.0
10462257,stimulus_Arg_PISACowsMilk_10_page_6,751.1,385.6,1048.0
10462258,stimulus_Arg_PISACowsMilk_10_page_6,751.3,385.5,1048.0
10462259,stimulus_Arg_PISACowsMilk_10_page_6,751.5,385.5,1048.0
10462260,stimulus_Arg_PISACowsMilk_10_page_6,751.8,385.7,1048.0
10462261,stimulus_Arg_PISACowsMilk_10_page_6,752.1,385.8,1049.0
10462262,stimulus_Arg_PISACowsMilk_10_page_6,752.3,385.9,1049.0
10462263,stimulus_Arg_PISACowsMilk_10_page_6,752.2,385.7,1049.0
10462264,stimulus_Arg_PISACowsMilk_10_page_6,752.0,385.6,1049.0
10462265,stimulus_Arg_PISACowsMilk_10_page_6,751.8,385.5,1049.0
10462266,stimulus_Arg_PISACowsMilk_10_page_6,751.7,385.6,1050.0
10462267,stimulus_Arg_PISACowsMilk_10_page_6,751.7,385.9,1050.0
10462268,stimulus_Arg_PISACowsMilk_10_page_6,751.5,386.1,1052.0
10462269,stimulus_Arg_PISACowsMilk_10_page_6,751.1,386.2,1052.0
10462270,stimulus_Arg_PISACowsMilk_10_page_6,750.6,386.0,1053.0
10462271,stimulus_Arg_PISACowsMilk_10_page_6,750.8,385.9,1053.0
10462272,stimulus_Arg_PISACowsMilk_10_page_6,751.2,386.0,1054.0
10462273,stimulus_Arg_PISACowsMilk_10_page_6,751.6,386.0,1054.0
10462274,stimulus_Arg_PISACowsMilk_10_page_6,751.6,385.9,1054.0
10462275,stimulus_Arg_PISACowsMilk_10_page_6,751.7,386.0,1054.0
10462276,stimulus_Arg_PISACowsMilk_10_page_6,751.8,386.0,1054.0
10462277,stimulus_Arg_PISACowsMilk_10_page_6,751.4,385.8,1054.0
10462278,stimulus_Arg_PISACowsMilk_10_page_6,750.8,385.7,1053.0
10462279,stimulus_Arg_PISACowsMilk_10_page_6,750.5,385.6,1052.0
10462280,stimulus_Arg_PISACowsMilk_10_page_6,750.8,385.7,1052.0
10462281,stimulus_Arg_PISACowsMilk_10_page_6,751.3,385.8,1052.0
10462282,stimulus_Arg_PISACowsMilk_10_page_6,751.5,385.8,1054.0
10462283,stimulus_Arg_PISACowsMilk_10_page_6,751.7,385.8,1055.0
10462284,stimulus_Arg_PISACowsMilk_10_page_6,751.7,385.7,1055.0
10462285,stimulus_Arg_PISACowsMilk_10_page_6,751.7,385.7,1054.0
10462286,stimulus_Arg_PISACowsMilk_10_page_6,751.8,385.8,1053.0
10462287,stimulus_Arg_PISACowsMilk_10_page_6,751.9,385.7,1052.0
10462288,stimulus_Arg_PISACowsMilk_10_page_6,751.9,385.3,1051.0
10462289,stimulus_Arg_PISACowsMilk_10_page_6,751.8,384.9,1050.0
10462290,stimulus_Arg_PISACowsMilk_10_page_6,751.0,384.5,1050.0
10462291,stimulus_Arg_PISACowsMilk_10_page_6,749.4,384.3,1050.0
10462292,stimulus_Arg_PISACowsMilk_10_page_6,746.8,384.1,1052.0
10462293,stimulus_Arg_PISACowsMilk_10_page_6,744.1,383.9,1054.0
10462294,stimulus_Arg_PISACowsMilk_10_page_6,740.9,382.9,1056.0
10462295,stimulus_Arg_PISACowsMilk_10_page_6,737.4,382.0,1055.0
10462296,stimulus_Arg_PISACowsMilk_10_page_6,731.8,381.3,1054.0
10462297,stimulus_Arg_PISACowsMilk_10_page_6,726.3,381.4,1053.0
10462298,stimulus_Arg_PISACowsMilk_10_page_6,720.8,381.3,1051.0
10462299,stimulus_Arg_PISACowsMilk_10_page_6,715.3,380.8,1050.0
10462300,stimulus_Arg_PISACowsMilk_10_page_6,708.4,380.2,1052.0
10462301,stimulus_Arg_PISACowsMilk_10_page_6,700.9,379.9,1055.0
10462302,stimulus_Arg_PISACowsMilk_10_page_6,694.1,379.9,1057.0
10462303,stimulus_Arg_PISACowsMilk_10_page_6,687.9,380.5,1056.0
10462304,stimulus_Arg_PISACowsMilk_10_page_6,683.1,382.5,1055.0
10462305,stimulus_Arg_PISACowsMilk_10_page_6,679.4,384.5,1055.0
10462306,stimulus_Arg_PISACowsMilk_10_page_6,677.1,385.8,1056.0
10462307,stimulus_Arg_PISACowsMilk_10_page_6,674.7,385.7,1058.0
10462308,stimulus_Arg_PISACowsMilk_10_page_6,672.5,385.4,1060.0
10462309,stimulus_Arg_PISACowsMilk_10_page_6,670.3,385.0,1059.0
10462310,stimulus_Arg_PISACowsMilk_10_page_6,668.3,384.8,1059.0
10462311,stimulus_Arg_PISACowsMilk_10_page_6,666.9,384.5,1059.0
10462312,stimulus_Arg_PISACowsMilk_10_page_6,665.8,383.7,1059.0
10462313,stimulus_Arg_PISACowsMilk_10_page_6,665.5,382.7,1058.0
10462314,stimulus_Arg_PISACowsMilk_10_page_6,665.0,381.6,1058.0
10462315,stimulus_Arg_PISACowsMilk_10_page_6,664.4,380.3,1058.0
10462316,stimulus_Arg_PISACowsMilk_10_page_6,663.8,379.3,1058.0
10462317,stimulus_Arg_PISACowsMilk_10_page_6,663.6,377.8,1060.0
10462318,stimulus_Arg_PISACowsMilk_10_page_6,663.7,377.1,1063.0
10462319,stimulus_Arg_PISACowsMilk_10_page_6,664.2,376.6,1065.0
10462320,stimulus_Arg_PISACowsMilk_10_page_6,664.8,376.8,1066.0
10462321,stimulus_Arg_PISACowsMilk_10_page_6,665.3,377.0,1066.0
10462322,stimulus_Arg_PISACowsMilk_10_page_6,665.4,377.1,1066.0
10462323,stimulus_Arg_PISACowsMilk_10_page_6,665.9,377.8,1067.0
10462324,stimulus_Arg_PISACowsMilk_10_page_6,666.3,378.4,1069.0
10462325,stimulus_Arg_PISACowsMilk_10_page_6,666.7,378.9,1070.0
10462326,stimulus_Arg_PISACowsMilk_10_page_6,666.6,378.5,1068.0
10462327,stimulus_Arg_PISACowsMilk_10_page_6,666.7,378.2,1067.0
10462328,stimulus_Arg_PISACowsMilk_10_page_6,666.9,377.8,1065.0
10462329,stimulus_Arg_PISACowsMilk_10_page_6,667.2,377.9,1065.0
10462330,stimulus_Arg_PISACowsMilk_10_page_6,667.4,378.3,1065.0
10462331,stimulus_Arg_PISACowsMilk_10_page_6,667.7,378.7,1066.0
10462332,stimulus_Arg_PISACowsMilk_10_page_6,667.8,379.1,1065.0
10462333,stimulus_Arg_PISACowsMilk_10_page_6,667.4,379.1,1063.0
10462334,stimulus_Arg_PISACowsMilk_10_page_6,667.0,379.1,1061.0
10462335,stimulus_Arg_PISACowsMilk_10_page_6,666.6,379.1,1060.0
10462336,stimulus_Arg_PISACowsMilk_10_page_6,666.6,379.2,1060.0
10462337,stimulus_Arg_PISACowsMilk_10_page_6,666.5,379.3,1060.0
10462338,stimulus_Arg_PISACowsMilk_10_page_6,666.3,379.6,1059.0
10462339,stimulus_Arg_PISACowsMilk_10_page_6,665.8,379.9,1059.0
10462340,stimulus_Arg_PISACowsMilk_10_page_6,665.3,380.1,1059.0
10462341,stimulus_Arg_PISACowsMilk_10_page_6,664.8,380.1,1059.0
10462342,stimulus_Arg_PISACowsMilk_10_page_6,664.4,380.1,1060.0
10462343,stimulus_Arg_PISACowsMilk_10_page_6,664.0,380.1,1060.0
10462344,stimulus_Arg_PISACowsMilk_10_page_6,663.6,380.7,1061.0
10462345,stimulus_Arg_PISACowsMilk_10_page_6,663.6,381.4,1061.0
10462346,stimulus_Arg_PISACowsMilk_10_page_6,663.5,381.6,1061.0
10462347,stimulus_Arg_PISACowsMilk_10_page_6,663.5,381.1,1061.0
10462348,stimulus_Arg_PISACowsMilk_10_page_6,663.6,380.9,1062.0
10462349,stimulus_Arg_PISACowsMilk_10_page_6,663.6,381.1,1062.0
10462350,stimulus_Arg_PISACowsMilk_10_page_6,663.6,380.9,1062.0
10462351,stimulus_Arg_PISACowsMilk_10_page_6,663.6,380.6,1062.0
10462352,stimulus_Arg_PISACowsMilk_10_page_6,663.5,380.1,1062.0
10462353,stimulus_Arg_PISACowsMilk_10_page_6,663.3,380.1,1062.0
10462354,stimulus_Arg_PISACowsMilk_10_page_6,663.1,380.0,1062.0
10462355,stimulus_Arg_PISACowsMilk_10_page_6,663.3,380.0,1062.0
10462356,stimulus_Arg_PISACowsMilk_10_page_6,663.5,380.1,1062.0
10462357,stimulus_Arg_PISACowsMilk_10_page_6,663.8,380.4,1062.0
10462358,stimulus_Arg_PISACowsMilk_10_page_6,663.6,380.6,1063.0
10462359,stimulus_Arg_PISACowsMilk_10_page_6,663.0,380.6,1063.0
10462360,stimulus_Arg_PISACowsMilk_10_page_6,662.3,380.6,1064.0
10462361,stimulus_Arg_PISACowsMilk_10_page_6,661.8,380.6,1065.0
10462362,stimulus_Arg_PISACowsMilk_10_page_6,661.6,380.3,1065.0
10462363,stimulus_Arg_PISACowsMilk_10_page_6,661.6,379.8,1066.0
10462364,stimulus_Arg_PISACowsMilk_10_page_6,661.7,379.3,1065.0
10462365,stimulus_Arg_PISACowsMilk_10_page_6,661.8,379.1,1063.0
10462366,stimulus_Arg_PISACowsMilk_10_page_6,662.0,379.2,1062.0
10462367,stimulus_Arg_PISACowsMilk_10_page_6,662.6,379.6,1062.0
10462368,stimulus_Arg_PISACowsMilk_10_page_6,663.0,379.9,1062.0
10462369,stimulus_Arg_PISACowsMilk_10_page_6,663.5,380.4,1063.0
10462370,stimulus_Arg_PISACowsMilk_10_page_6,663.4,380.7,1063.0
10462371,stimulus_Arg_PISACowsMilk_10_page_6,663.3,381.0,1064.0
10462372,stimulus_Arg_PISACowsMilk_10_page_6,663.2,381.1,1065.0
10462373,stimulus_Arg_PISACowsMilk_10_page_6,663.2,381.2,1065.0
10462374,stimulus_Arg_PISACowsMilk_10_page_6,663.0,381.2,1065.0
10462375,stimulus_Arg_PISACowsMilk_10_page_6,662.8,381.2,1065.0
10462376,stimulus_Arg_PISACowsMilk_10_page_6,662.6,381.2,1065.0
10462377,stimulus_Arg_PISACowsMilk_10_page_6,662.6,381.2,1065.0
10462378,stimulus_Arg_PISACowsMilk_10_page_6,662.5,381.4,1065.0
10462379,stimulus_Arg_PISACowsMilk_10_page_6,662.5,381.6,1066.0
10462380,stimulus_Arg_PISACowsMilk_10_page_6,662.4,381.8,1067.0
10462381,stimulus_Arg_PISACowsMilk_10_page_6,662.4,381.6,1067.0
10462382,stimulus_Arg_PISACowsMilk_10_page_6,662.4,381.6,1067.0
10462383,stimulus_Arg_PISACowsMilk_10_page_6,662.5,381.5,1068.0
10462384,stimulus_Arg_PISACowsMilk_10_page_6,662.7,381.5,1068.0
10462385,stimulus_Arg_PISACowsMilk_10_page_6,662.9,381.5,1069.0
10462386,stimulus_Arg_PISACowsMilk_10_page_6,662.9,381.5,1069.0
10462387,stimulus_Arg_PISACowsMilk_10_page_6,662.8,381.6,1069.0
10462388,stimulus_Arg_PISACowsMilk_10_page_6,662.6,381.6,1070.0
10462389,stimulus_Arg_PISACowsMilk_10_page_6,662.5,381.6,1070.0
10462390,stimulus_Arg_PISACowsMilk_10_page_6,662.4,381.5,1070.0
10462391,stimulus_Arg_PISACowsMilk_10_page_6,662.3,381.5,1070.0
10462392,stimulus_Arg_PISACowsMilk_10_page_6,662.5,381.5,1070.0
10462393,stimulus_Arg_PISACowsMilk_10_page_6,662.7,381.5,1070.0
10462394,stimulus_Arg_PISACowsMilk_10_page_6,662.9,381.5,1070.0
10462395,stimulus_Arg_PISACowsMilk_10_page_6,662.8,381.6,1070.0
10462396,stimulus_Arg_PISACowsMilk_10_page_6,662.7,381.5,1070.0
10462397,stimulus_Arg_PISACowsMilk_10_page_6,662.8,381.6,1069.0
10462398,stimulus_Arg_PISACowsMilk_10_page_6,662.9,381.6,1069.0
10462399,stimulus_Arg_PISACowsMilk_10_page_6,662.8,381.8,1070.0
10462400,stimulus_Arg_PISACowsMilk_10_page_6,662.7,382.0,1070.0
10462401,stimulus_Arg_PISACowsMilk_10_page_6,662.7,381.8,1071.0
10462402,stimulus_Arg_PISACowsMilk_10_page_6,662.8,381.5,1072.0
10462403,stimulus_Arg_PISACowsMilk_10_page_6,662.5,381.3,1073.0
10462404,stimulus_Arg_PISACowsMilk_10_page_6,662.2,381.3,1074.0
10462405,stimulus_Arg_PISACowsMilk_10_page_6,662.0,381.3,1074.0
10462406,stimulus_Arg_PISACowsMilk_10_page_6,662.0,381.2,1075.0
10462407,stimulus_Arg_PISACowsMilk_10_page_6,662.1,381.1,1073.0
10462408,stimulus_Arg_PISACowsMilk_10_page_6,662.1,381.1,1072.0
10462409,stimulus_Arg_PISACowsMilk_10_page_6,662.1,381.1,1072.0
10462410,stimulus_Arg_PISACowsMilk_10_page_6,662.1,380.9,1073.0
10462411,stimulus_Arg_PISACowsMilk_10_page_6,662.2,380.7,1074.0
10462412,stimulus_Arg_PISACowsMilk_10_page_6,662.2,380.8,1074.0
10462413,stimulus_Arg_PISACowsMilk_10_page_6,662.3,381.1,1074.0
10462414,stimulus_Arg_PISACowsMilk_10_page_6,662.4,381.4,1073.0
10462415,stimulus_Arg_PISACowsMilk_10_page_6,662.5,381.7,1072.0
10462416,stimulus_Arg_PISACowsMilk_10_page_6,662.3,381.9,1071.0
10462417,stimulus_Arg_PISACowsMilk_10_page_6,662.0,382.0,1071.0
10462418,stimulus_Arg_PISACowsMilk_10_page_6,661.5,381.8,1072.0
10462419,stimulus_Arg_PISACowsMilk_10_page_6,661.3,381.6,1072.0
10462420,stimulus_Arg_PISACowsMilk_10_page_6,661.1,381.4,1073.0
10462421,stimulus_Arg_PISACowsMilk_10_page_6,661.1,381.3,1073.0
10462422,stimulus_Arg_PISACowsMilk_10_page_6,661.4,381.2,1073.0
10462423,stimulus_Arg_PISACowsMilk_10_page_6,661.7,381.2,1073.0
10462424,stimulus_Arg_PISACowsMilk_10_page_6,662.0,381.3,1071.0
10462425,stimulus_Arg_PISACowsMilk_10_page_6,662.0,381.7,1070.0
10462426,stimulus_Arg_PISACowsMilk_10_page_6,662.0,382.0,1069.0
10462427,stimulus_Arg_PISACowsMilk_10_page_6,661.7,382.2,1069.0
10462428,stimulus_Arg_PISACowsMilk_10_page_6,661.5,382.0,1069.0
10462429,stimulus_Arg_PISACowsMilk_10_page_6,661.3,381.9,1069.0
10462430,stimulus_Arg_PISACowsMilk_10_page_6,661.1,381.9,1070.0
10462431,stimulus_Arg_PISACowsMilk_10_page_6,660.8,382.0,1070.0
10462432,stimulus_Arg_PISACowsMilk_10_page_6,661.0,382.3,1070.0
10462433,stimulus_Arg_PISACowsMilk_10_page_6,661.5,382.6,1070.0
10462434,stimulus_Arg_PISACowsMilk_10_page_6,661.9,382.9,1070.0
10462435,stimulus_Arg_PISACowsMilk_10_page_6,662.2,382.6,1069.0
10462436,stimulus_Arg_PISACowsMilk_10_page_6,662.6,382.2,1069.0
10462437,stimulus_Arg_PISACowsMilk_10_page_6,663.0,382.6,1069.0
10462438,stimulus_Arg_PISACowsMilk_10_page_6,663.4,383.3,1070.0
10462439,stimulus_Arg_PISACowsMilk_10_page_6,663.4,384.1,1072.0
10462440,stimulus_Arg_PISACowsMilk_10_page_6,663.4,384.3,1073.0
10462441,stimulus_Arg_PISACowsMilk_10_page_6,663.2,384.4,1074.0
10462442,stimulus_Arg_PISACowsMilk_10_page_6,663.2,384.7,1074.0
10462443,stimulus_Arg_PISACowsMilk_10_page_6,663.0,385.0,1074.0
10462444,stimulus_Arg_PISACowsMilk_10_page_6,662.8,385.0,1073.0
10462445,stimulus_Arg_PISACowsMilk_10_page_6,662.6,384.7,1073.0
10462446,stimulus_Arg_PISACowsMilk_10_page_6,662.6,384.4,1074.0
10462447,stimulus_Arg_PISACowsMilk_10_page_6,662.6,384.4,1074.0
10462448,stimulus_Arg_PISACowsMilk_10_page_6,662.9,384.3,1074.0
10462449,stimulus_Arg_PISACowsMilk_10_page_6,663.3,384.4,1074.0
10462450,stimulus_Arg_PISACowsMilk_10_page_6,664.1,384.4,1074.0
10462451,stimulus_Arg_PISACowsMilk_10_page_6,664.4,384.7,1075.0
10462452,stimulus_Arg_PISACowsMilk_10_page_6,664.4,384.9,1075.0
10462453,stimulus_Arg_PISACowsMilk_10_page_6,664.0,385.0,1075.0
10462454,stimulus_Arg_PISACowsMilk_10_page_6,663.6,384.8,1075.0
10462455,stimulus_Arg_PISACowsMilk_10_page_6,663.6,384.6,1075.0
10462456,stimulus_Arg_PISACowsMilk_10_page_6,663.5,384.7,1075.0
10462457,stimulus_Arg_PISACowsMilk_10_page_6,663.4,385.3,1075.0
10462458,stimulus_Arg_PISACowsMilk_10_page_6,663.0,385.8,1075.0
10462459,stimulus_Arg_PISACowsMilk_10_page_6,662.7,385.8,1075.0
10462460,stimulus_Arg_PISACowsMilk_10_page_6,662.5,385.5,1075.0
10462461,stimulus_Arg_PISACowsMilk_10_page_6,662.6,384.9,1075.0
10462462,stimulus_Arg_PISACowsMilk_10_page_6,662.7,384.6,1074.0
10462463,stimulus_Arg_PISACowsMilk_10_page_6,662.8,384.5,1074.0
10462464,stimulus_Arg_PISACowsMilk_10_page_6,662.9,384.7,1075.0
10462465,stimulus_Arg_PISACowsMilk_10_page_6,662.9,384.9,1075.0
10462466,stimulus_Arg_PISACowsMilk_10_page_6,662.9,384.9,1076.0
10462467,stimulus_Arg_PISACowsMilk_10_page_6,663.0,385.0,1075.0
10462468,stimulus_Arg_PISACowsMilk_10_page_6,663.1,385.0,1076.0
10462469,stimulus_Arg_PISACowsMilk_10_page_6,663.1,385.0,1076.0
10462470,stimulus_Arg_PISACowsMilk_10_page_6,663.1,384.8,1077.0
10462471,stimulus_Arg_PISACowsMilk_10_page_6,663.3,384.7,1076.0
10462472,stimulus_Arg_PISACowsMilk_10_page_6,663.4,384.5,1076.0
10462473,stimulus_Arg_PISACowsMilk_10_page_6,663.6,384.1,1076.0
10462474,stimulus_Arg_PISACowsMilk_10_page_6,663.6,383.8,1076.0
10462475,stimulus_Arg_PISACowsMilk_10_page_6,663.6,383.9,1075.0
10462476,stimulus_Arg_PISACowsMilk_10_page_6,663.6,384.4,1076.0
10462477,stimulus_Arg_PISACowsMilk_10_page_6,663.5,384.9,1077.0
10462478,stimulus_Arg_PISACowsMilk_10_page_6,663.6,384.9,1078.0
10462479,stimulus_Arg_PISACowsMilk_10_page_6,663.7,385.0,1079.0
10462480,stimulus_Arg_PISACowsMilk_10_page_6,663.8,385.4,1079.0
10462481,stimulus_Arg_PISACowsMilk_10_page_6,663.6,385.7,1079.0
10462482,stimulus_Arg_PISACowsMilk_10_page_6,663.6,385.5,1079.0
10462483,stimulus_Arg_PISACowsMilk_10_page_6,663.6,385.0,1079.0
10462484,stimulus_Arg_PISACowsMilk_10_page_6,663.7,384.4,1079.0
10462485,stimulus_Arg_PISACowsMilk_10_page_6,663.7,384.3,1079.0
10462486,stimulus_Arg_PISACowsMilk_10_page_6,663.7,384.4,1079.0
10462487,stimulus_Arg_PISACowsMilk_10_page_6,663.6,384.4,1078.0
10462488,stimulus_Arg_PISACowsMilk_10_page_6,663.8,384.4,1079.0
10462489,stimulus_Arg_PISACowsMilk_10_page_6,664.0,384.2,1079.0
10462490,stimulus_Arg_PISACowsMilk_10_page_6,664.1,383.9,1079.0
10462491,stimulus_Arg_PISACowsMilk_10_page_6,664.0,383.7,1079.0
10462492,stimulus_Arg_PISACowsMilk_10_page_6,664.0,383.6,1080.0
10462493,stimulus_Arg_PISACowsMilk_10_page_6,664.0,383.5,1080.0
10462494,stimulus_Arg_PISACowsMilk_10_page_6,663.9,383.5,1079.0
10462495,stimulus_Arg_PISACowsMilk_10_page_6,663.7,383.6,1079.0
10462496,stimulus_Arg_PISACowsMilk_10_page_6,663.7,384.0,1079.0
10462497,stimulus_Arg_PISACowsMilk_10_page_6,663.8,384.4,1079.0
10462498,stimulus_Arg_PISACowsMilk_10_page_6,664.0,384.4,1078.0
10462499,stimulus_Arg_PISACowsMilk_10_page_6,664.1,384.0,1078.0
10462500,stimulus_Arg_PISACowsMilk_10_page_6,664.2,383.1,1078.0
10462501,stimulus_Arg_PISACowsMilk_10_page_6,664.3,382.5,1078.0
10462502,stimulus_Arg_PISACowsMilk_10_page_6,664.4,382.3,1078.0
10462503,stimulus_Arg_PISACowsMilk_10_page_6,664.7,382.6,1079.0
10462504,stimulus_Arg_PISACowsMilk_10_page_6,664.9,382.7,1080.0
10462505,stimulus_Arg_PISACowsMilk_10_page_6,664.8,382.6,1080.0
10462506,stimulus_Arg_PISACowsMilk_10_page_6,664.3,382.5,1080.0
10462507,stimulus_Arg_PISACowsMilk_10_page_6,663.7,382.6,1079.0
10462508,stimulus_Arg_PISACowsMilk_10_page_6,663.5,382.6,1077.0
10462509,stimulus_Arg_PISACowsMilk_10_page_6,664.0,382.8,1075.0
10462510,stimulus_Arg_PISACowsMilk_10_page_6,666.4,383.3,1073.0
10462511,stimulus_Arg_PISACowsMilk_10_page_6,671.2,384.7,1074.0
10462512,stimulus_Arg_PISACowsMilk_10_page_6,677.2,386.3,1076.0
10462513,stimulus_Arg_PISACowsMilk_10_page_6,683.9,388.2,1078.0
10462514,stimulus_Arg_PISACowsMilk_10_page_6,691.9,389.1,1082.0
10462515,stimulus_Arg_PISACowsMilk_10_page_6,700.1,389.9,1085.0
10462516,stimulus_Arg_PISACowsMilk_10_page_6,710.4,390.2,1089.0
10462517,stimulus_Arg_PISACowsMilk_10_page_6,719.4,390.5,1090.0
10462518,stimulus_Arg_PISACowsMilk_10_page_6,732.0,390.8,1090.0
10462519,stimulus_Arg_PISACowsMilk_10_page_6,742.1,390.7,1092.0
10462520,stimulus_Arg_PISACowsMilk_10_page_6,754.6,389.8,1095.0
10462521,stimulus_Arg_PISACowsMilk_10_page_6,764.0,387.5,1098.0
10462522,stimulus_Arg_PISACowsMilk_10_page_6,776.8,385.5,1099.0
10462523,stimulus_Arg_PISACowsMilk_10_page_6,786.5,383.0,1099.0
10462524,stimulus_Arg_PISACowsMilk_10_page_6,798.0,381.2,1098.0
10462525,stimulus_Arg_PISACowsMilk_10_page_6,807.9,378.9,1096.0
10462526,stimulus_Arg_PISACowsMilk_10_page_6,819.3,377.5,1095.0
10462527,stimulus_Arg_PISACowsMilk_10_page_6,829.9,376.0,1094.0
10462528,stimulus_Arg_PISACowsMilk_10_page_6,840.2,374.7,1094.0
10462529,stimulus_Arg_PISACowsMilk_10_page_6,850.5,374.0,1093.0
10462530,stimulus_Arg_PISACowsMilk_10_page_6,860.6,373.9,1091.0
10462531,stimulus_Arg_PISACowsMilk_10_page_6,870.0,374.3,1088.0
10462532,stimulus_Arg_PISACowsMilk_10_page_6,879.4,374.5,1085.0
10462533,stimulus_Arg_PISACowsMilk_10_page_6,887.5,374.8,1081.0
10462534,stimulus_Arg_PISACowsMilk_10_page_6,895.0,375.9,1079.0
10462535,stimulus_Arg_PISACowsMilk_10_page_6,901.3,377.6,1076.0
10462536,stimulus_Arg_PISACowsMilk_10_page_6,908.0,379.5,1072.0
10462537,stimulus_Arg_PISACowsMilk_10_page_6,914.0,381.1,1069.0
10462538,stimulus_Arg_PISACowsMilk_10_page_6,919.1,383.0,1067.0
10462539,stimulus_Arg_PISACowsMilk_10_page_6,923.7,386.0,1066.0
10462540,stimulus_Arg_PISACowsMilk_10_page_6,927.9,388.5,1064.0
10462541,stimulus_Arg_PISACowsMilk_10_page_6,931.6,390.0,1061.0
10462542,stimulus_Arg_PISACowsMilk_10_page_6,934.1,390.6,1060.0
10462543,stimulus_Arg_PISACowsMilk_10_page_6,935.4,391.1,1062.0
10462544,stimulus_Arg_PISACowsMilk_10_page_6,935.9,391.9,1064.0
10462545,stimulus_Arg_PISACowsMilk_10_page_6,936.1,392.4,1064.0
10462546,stimulus_Arg_PISACowsMilk_10_page_6,936.2,392.9,1064.0
10462547,stimulus_Arg_PISACowsMilk_10_page_6,936.2,392.8,1065.0
10462548,stimulus_Arg_PISACowsMilk_10_page_6,935.7,392.5,1067.0
10462549,stimulus_Arg_PISACowsMilk_10_page_6,934.4,392.1,1069.0
10462550,stimulus_Arg_PISACowsMilk_10_page_6,932.7,391.7,1069.0
10462551,stimulus_Arg_PISACowsMilk_10_page_6,930.5,391.8,1069.0
10462552,stimulus_Arg_PISACowsMilk_10_page_6,928.6,392.1,1069.0
10462553,stimulus_Arg_PISACowsMilk_10_page_6,926.7,392.4,1070.0
10462554,stimulus_Arg_PISACowsMilk_10_page_6,924.9,392.4,1072.0
10462555,stimulus_Arg_PISACowsMilk_10_page_6,923.3,392.1,1074.0
10462556,stimulus_Arg_PISACowsMilk_10_page_6,922.0,391.8,1073.0
10462557,stimulus_Arg_PISACowsMilk_10_page_6,921.1,391.6,1073.0
10462558,stimulus_Arg_PISACowsMilk_10_page_6,920.7,391.6,1073.0
10462559,stimulus_Arg_PISACowsMilk_10_page_6,921.0,391.6,1074.0
10462560,stimulus_Arg_PISACowsMilk_10_page_6,921.9,391.7,1075.0
10462561,stimulus_Arg_PISACowsMilk_10_page_6,923.2,391.8,1076.0
10462562,stimulus_Arg_PISACowsMilk_10_page_6,924.3,392.1,1077.0
10462563,stimulus_Arg_PISACowsMilk_10_page_6,925.5,392.5,1078.0
10462564,stimulus_Arg_PISACowsMilk_10_page_6,926.5,392.9,1078.0
10462565,stimulus_Arg_PISACowsMilk_10_page_6,927.6,392.6,1077.0
10462566,stimulus_Arg_PISACowsMilk_10_page_6,928.9,392.4,1076.0
10462567,stimulus_Arg_PISACowsMilk_10_page_6,930.0,392.2,1075.0
10462568,stimulus_Arg_PISACowsMilk_10_page_6,930.6,392.2,1075.0
10462569,stimulus_Arg_PISACowsMilk_10_page_6,931.0,392.1,1075.0
10462570,stimulus_Arg_PISACowsMilk_10_page_6,931.5,392.1,1076.0
10462571,stimulus_Arg_PISACowsMilk_10_page_6,932.1,392.1,1076.0
10462572,stimulus_Arg_PISACowsMilk_10_page_6,932.5,392.1,1077.0
10462573,stimulus_Arg_PISACowsMilk_10_page_6,932.7,392.2,1077.0
10462574,stimulus_Arg_PISACowsMilk_10_page_6,933.1,391.9,1076.0
10462575,stimulus_Arg_PISACowsMilk_10_page_6,933.7,391.5,1075.0
10462576,stimulus_Arg_PISACowsMilk_10_page_6,934.2,391.4,1074.0
10462577,stimulus_Arg_PISACowsMilk_10_page_6,934.5,391.6,1074.0
10462578,stimulus_Arg_PISACowsMilk_10_page_6,934.5,392.0,1074.0
10462579,stimulus_Arg_PISACowsMilk_10_page_6,934.6,392.2,1074.0
10462580,stimulus_Arg_PISACowsMilk_10_page_6,934.5,392.4,1073.0
10462581,stimulus_Arg_PISACowsMilk_10_page_6,934.4,392.3,1072.0
10462582,stimulus_Arg_PISACowsMilk_10_page_6,933.7,392.0,1072.0
10462583,stimulus_Arg_PISACowsMilk_10_page_6,933.0,391.6,1071.0
10462584,stimulus_Arg_PISACowsMilk_10_page_6,932.5,391.3,1070.0
10462585,stimulus_Arg_PISACowsMilk_10_page_6,932.2,391.2,1070.0
10462586,stimulus_Arg_PISACowsMilk_10_page_6,931.9,391.1,1068.0
10462587,stimulus_Arg_PISACowsMilk_10_page_6,931.5,391.1,1067.0
10462588,stimulus_Arg_PISACowsMilk_10_page_6,931.5,390.7,1066.0
10462589,stimulus_Arg_PISACowsMilk_10_page_6,931.4,390.2,1066.0
10462590,stimulus_Arg_PISACowsMilk_10_page_6,931.3,389.8,1066.0
10462591,stimulus_Arg_PISACowsMilk_10_page_6,931.0,389.8,1066.0
10462592,stimulus_Arg_PISACowsMilk_10_page_6,930.8,389.9,1066.0
10462593,stimulus_Arg_PISACowsMilk_10_page_6,930.5,390.0,1066.0
10462594,stimulus_Arg_PISACowsMilk_10_page_6,930.4,390.0,1066.0
10462595,stimulus_Arg_PISACowsMilk_10_page_6,930.4,390.0,1067.0
10462596,stimulus_Arg_PISACowsMilk_10_page_6,930.4,390.0,1067.0
10462597,stimulus_Arg_PISACowsMilk_10_page_6,930.3,389.9,1068.0
10462598,stimulus_Arg_PISACowsMilk_10_page_6,930.1,389.9,1068.0
10462599,stimulus_Arg_PISACowsMilk_10_page_6,929.9,389.8,1068.0
10462600,stimulus_Arg_PISACowsMilk_10_page_6,929.9,389.8,1067.0
10462601,stimulus_Arg_PISACowsMilk_10_page_6,930.1,389.9,1066.0
10462602,stimulus_Arg_PISACowsMilk_10_page_6,930.6,389.9,1066.0
10462603,stimulus_Arg_PISACowsMilk_10_page_6,931.0,390.2,1066.0
10462604,stimulus_Arg_PISACowsMilk_10_page_6,931.3,390.6,1066.0
10462605,stimulus_Arg_PISACowsMilk_10_page_6,931.3,391.0,1066.0
10462606,stimulus_Arg_PISACowsMilk_10_page_6,931.6,391.2,1067.0
10462607,stimulus_Arg_PISACowsMilk_10_page_6,931.8,391.2,1067.0
10462608,stimulus_Arg_PISACowsMilk_10_page_6,931.8,391.2,1067.0
10462609,stimulus_Arg_PISACowsMilk_10_page_6,931.6,391.0,1067.0
10462610,stimulus_Arg_PISACowsMilk_10_page_6,931.3,390.7,1067.0
10462611,stimulus_Arg_PISACowsMilk_10_page_6,931.3,390.5,1067.0
10462612,stimulus_Arg_PISACowsMilk_10_page_6,931.3,390.6,1067.0
10462613,stimulus_Arg_PISACowsMilk_10_page_6,931.4,390.6,1067.0
10462614,stimulus_Arg_PISACowsMilk_10_page_6,931.4,390.5,1067.0
10462615,stimulus_Arg_PISACowsMilk_10_page_6,931.4,390.5,1066.0
10462616,stimulus_Arg_PISACowsMilk_10_page_6,931.5,390.5,1066.0
10462617,stimulus_Arg_PISACowsMilk_10_page_6,931.5,390.6,1066.0
10462618,stimulus_Arg_PISACowsMilk_10_page_6,931.6,390.9,1066.0
10462619,stimulus_Arg_PISACowsMilk_10_page_6,931.7,391.2,1066.0
10462620,stimulus_Arg_PISACowsMilk_10_page_6,931.4,391.3,1067.0
10462621,stimulus_Arg_PISACowsMilk_10_page_6,931.0,391.3,1067.0
10462622,stimulus_Arg_PISACowsMilk_10_page_6,930.9,391.2,1068.0
10462623,stimulus_Arg_PISACowsMilk_10_page_6,931.2,391.2,1068.0
10462624,stimulus_Arg_PISACowsMilk_10_page_6,931.4,391.1,1068.0
10462625,stimulus_Arg_PISACowsMilk_10_page_6,931.2,391.0,1067.0
10462626,stimulus_Arg_PISACowsMilk_10_page_6,930.9,390.9,1067.0
10462627,stimulus_Arg_PISACowsMilk_10_page_6,930.8,390.9,1066.0
10462628,stimulus_Arg_PISACowsMilk_10_page_6,930.9,391.1,1066.0
10462629,stimulus_Arg_PISACowsMilk_10_page_6,930.9,391.2,1066.0
10462630,stimulus_Arg_PISACowsMilk_10_page_6,930.9,391.4,1066.0
10462631,stimulus_Arg_PISACowsMilk_10_page_6,931.0,391.5,1066.0
10462632,stimulus_Arg_PISACowsMilk_10_page_6,931.1,391.6,1066.0
10462633,stimulus_Arg_PISACowsMilk_10_page_6,931.2,391.6,1066.0
10462634,stimulus_Arg_PISACowsMilk_10_page_6,931.1,391.7,1067.0
10462635,stimulus_Arg_PISACowsMilk_10_page_6,930.9,391.8,1068.0
10462636,stimulus_Arg_PISACowsMilk_10_page_6,931.0,391.8,1068.0
10462637,stimulus_Arg_PISACowsMilk_10_page_6,931.3,392.1,1068.0
10462638,stimulus_Arg_PISACowsMilk_10_page_6,931.5,392.5,1068.0
10462639,stimulus_Arg_PISACowsMilk_10_page_6,931.7,392.9,1069.0
10462640,stimulus_Arg_PISACowsMilk_10_page_6,931.7,392.7,1069.0
10462641,stimulus_Arg_PISACowsMilk_10_page_6,931.7,392.5,1069.0
10462642,stimulus_Arg_PISACowsMilk_10_page_6,931.8,392.2,1069.0
10462643,stimulus_Arg_PISACowsMilk_10_page_6,931.8,392.3,1068.0
10462644,stimulus_Arg_PISACowsMilk_10_page_6,931.7,392.3,1068.0
10462645,stimulus_Arg_PISACowsMilk_10_page_6,931.7,392.4,1068.0
10462646,stimulus_Arg_PISACowsMilk_10_page_6,931.8,392.4,1068.0
10462647,stimulus_Arg_PISACowsMilk_10_page_6,931.9,392.4,1068.0
10462648,stimulus_Arg_PISACowsMilk_10_page_6,932.0,392.5,1069.0
10462649,stimulus_Arg_PISACowsMilk_10_page_6,931.9,392.5,1069.0
10462650,stimulus_Arg_PISACowsMilk_10_page_6,931.7,392.5,1069.0
10462651,stimulus_Arg_PISACowsMilk_10_page_6,931.4,392.3,1069.0
10462652,stimulus_Arg_PISACowsMilk_10_page_6,931.3,392.3,1068.0
10462653,stimulus_Arg_PISACowsMilk_10_page_6,931.2,392.2,1068.0
10462654,stimulus_Arg_PISACowsMilk_10_page_6,931.1,392.1,1068.0
10462655,stimulus_Arg_PISACowsMilk_10_page_6,931.0,391.9,1068.0
10462656,stimulus_Arg_PISACowsMilk_10_page_6,930.9,391.8,1068.0
10462657,stimulus_Arg_PISACowsMilk_10_page_6,930.9,391.9,1068.0
10462658,stimulus_Arg_PISACowsMilk_10_page_6,930.8,392.1,1068.0
10462659,stimulus_Arg_PISACowsMilk_10_page_6,930.7,392.3,1069.0
10462660,stimulus_Arg_PISACowsMilk_10_page_6,930.6,392.5,1069.0
10462661,stimulus_Arg_PISACowsMilk_10_page_6,930.5,392.3,1069.0
10462662,stimulus_Arg_PISACowsMilk_10_page_6,930.5,391.8,1070.0
10462663,stimulus_Arg_PISACowsMilk_10_page_6,930.6,391.4,1070.0
10462664,stimulus_Arg_PISACowsMilk_10_page_6,930.8,391.4,1070.0
10462665,stimulus_Arg_PISACowsMilk_10_page_6,931.0,391.6,1070.0
10462666,stimulus_Arg_PISACowsMilk_10_page_6,931.1,392.1,1070.0
10462667,stimulus_Arg_PISACowsMilk_10_page_6,931.1,392.6,1070.0
10462668,stimulus_Arg_PISACowsMilk_10_page_6,931.1,393.0,1070.0
10462669,stimulus_Arg_PISACowsMilk_10_page_6,931.2,393.0,1070.0
10462670,stimulus_Arg_PISACowsMilk_10_page_6,931.2,393.0,1070.0
10462671,stimulus_Arg_PISACowsMilk_10_page_6,931.3,393.1,1070.0
10462672,stimulus_Arg_PISACowsMilk_10_page_6,931.3,393.1,1069.0
10462673,stimulus_Arg_PISACowsMilk_10_page_6,931.2,392.8,1069.0
10462674,stimulus_Arg_PISACowsMilk_10_page_6,931.2,392.4,1069.0
10462675,stimulus_Arg_PISACowsMilk_10_page_6,931.1,392.1,1069.0
10462676,stimulus_Arg_PISACowsMilk_10_page_6,931.1,392.1,1070.0
10462677,stimulus_Arg_PISACowsMilk_10_page_6,931.0,392.2,1070.0
10462678,stimulus_Arg_PISACowsMilk_10_page_6,931.0,392.3,1070.0
10462679,stimulus_Arg_PISACowsMilk_10_page_6,931.0,392.3,1071.0
10462680,stimulus_Arg_PISACowsMilk_10_page_6,931.1,392.2,1072.0
10462681,stimulus_Arg_PISACowsMilk_10_page_6,931.1,392.1,1073.0
10462682,stimulus_Arg_PISACowsMilk_10_page_6,931.2,392.1,1074.0
10462683,stimulus_Arg_PISACowsMilk_10_page_6,931.2,392.4,1075.0
10462684,stimulus_Arg_PISACowsMilk_10_page_6,931.3,392.7,1075.0
10462685,stimulus_Arg_PISACowsMilk_10_page_6,931.3,393.0,1075.0
10462686,stimulus_Arg_PISACowsMilk_10_page_6,931.3,392.8,1075.0
10462687,stimulus_Arg_PISACowsMilk_10_page_6,931.2,392.5,1075.0
10462688,stimulus_Arg_PISACowsMilk_10_page_6,931.4,392.3,1076.0
10462689,stimulus_Arg_PISACowsMilk_10_page_6,931.6,392.9,1077.0
10462690,stimulus_Arg_PISACowsMilk_10_page_6,931.9,393.5,1078.0
10462691,stimulus_Arg_PISACowsMilk_10_page_6,931.9,393.5,1078.0
10462692,stimulus_Arg_PISACowsMilk_10_page_6,932.0,393.1,1078.0
10462693,stimulus_Arg_PISACowsMilk_10_page_6,931.7,392.6,1078.0
10462694,stimulus_Arg_PISACowsMilk_10_page_6,931.5,392.6,1078.0
10462695,stimulus_Arg_PISACowsMilk_10_page_6,931.3,392.6,1077.0
10462696,stimulus_Arg_PISACowsMilk_10_page_6,931.4,392.6,1076.0
10462697,stimulus_Arg_PISACowsMilk_10_page_6,931.4,392.7,1075.0
10462698,stimulus_Arg_PISACowsMilk_10_page_6,931.5,393.3,1076.0
10462699,stimulus_Arg_PISACowsMilk_10_page_6,931.6,393.8,1077.0
10462700,stimulus_Arg_PISACowsMilk_10_page_6,931.8,393.9,1078.0
10462701,stimulus_Arg_PISACowsMilk_10_page_6,931.7,393.5,1078.0
10462702,stimulus_Arg_PISACowsMilk_10_page_6,931.7,393.2,1077.0
10462703,stimulus_Arg_PISACowsMilk_10_page_6,931.6,393.1,1076.0
10462704,stimulus_Arg_PISACowsMilk_10_page_6,931.5,393.3,1075.0
10462705,stimulus_Arg_PISACowsMilk_10_page_6,931.3,393.6,1075.0
10462706,stimulus_Arg_PISACowsMilk_10_page_6,931.3,393.8,1075.0
10462707,stimulus_Arg_PISACowsMilk_10_page_6,931.3,393.8,1075.0
10462708,stimulus_Arg_PISACowsMilk_10_page_6,931.3,393.7,1075.0
10462709,stimulus_Arg_PISACowsMilk_10_page_6,931.2,393.5,1075.0
10462710,stimulus_Arg_PISACowsMilk_10_page_6,931.1,393.2,1075.0
10462711,stimulus_Arg_PISACowsMilk_10_page_6,931.3,393.0,1075.0
10462712,stimulus_Arg_PISACowsMilk_10_page_6,931.5,392.9,1075.0
10462713,stimulus_Arg_PISACowsMilk_10_page_6,931.4,392.6,1075.0
10462714,stimulus_Arg_PISACowsMilk_10_page_6,931.3,392.0,1075.0
10462715,stimulus_Arg_PISACowsMilk_10_page_6,931.1,391.7,1075.0
10462716,stimulus_Arg_PISACowsMilk_10_page_6,931.4,391.8,1075.0
10462717,stimulus_Arg_PISACowsMilk_10_page_6,931.6,392.3,1075.0
10462718,stimulus_Arg_PISACowsMilk_10_page_6,931.9,392.6,1075.0
10462719,stimulus_Arg_PISACowsMilk_10_page_6,931.8,393.1,1075.0
10462720,stimulus_Arg_PISACowsMilk_10_page_6,932.0,393.4,1076.0
10462721,stimulus_Arg_PISACowsMilk_10_page_6,932.1,393.7,1077.0
10462722,stimulus_Arg_PISACowsMilk_10_page_6,932.1,393.7,1077.0
10462723,stimulus_Arg_PISACowsMilk_10_page_6,931.8,393.5,1077.0
10462724,stimulus_Arg_PISACowsMilk_10_page_6,931.6,393.3,1078.0
10462725,stimulus_Arg_PISACowsMilk_10_page_6,931.5,393.0,1078.0
10462726,stimulus_Arg_PISACowsMilk_10_page_6,931.5,392.8,1078.0
10462727,stimulus_Arg_PISACowsMilk_10_page_6,931.7,392.7,1078.0
10462728,stimulus_Arg_PISACowsMilk_10_page_6,931.9,392.6,1078.0
10462729,stimulus_Arg_PISACowsMilk_10_page_6,932.0,392.6,1078.0
10462730,stimulus_Arg_PISACowsMilk_10_page_6,932.0,392.7,1078.0
10462731,stimulus_Arg_PISACowsMilk_10_page_6,932.0,393.1,1078.0
10462732,stimulus_Arg_PISACowsMilk_10_page_6,931.9,393.5,1079.0
10462733,stimulus_Arg_PISACowsMilk_10_page_6,932.0,393.9,1080.0
10462734,stimulus_Arg_PISACowsMilk_10_page_6,932.1,394.1,1079.0
10462735,stimulus_Arg_PISACowsMilk_10_page_6,932.2,393.7,1078.0
10462736,stimulus_Arg_PISACowsMilk_10_page_6,932.1,393.0,1077.0
10462737,stimulus_Arg_PISACowsMilk_10_page_6,932.1,392.3,1076.0
10462738,stimulus_Arg_PISACowsMilk_10_page_6,932.0,392.2,1076.0
10462739,stimulus_Arg_PISACowsMilk_10_page_6,932.0,392.0,1077.0
10462740,stimulus_Arg_PISACowsMilk_10_page_6,931.9,391.3,1077.0
10462741,stimulus_Arg_PISACowsMilk_10_page_6,931.7,390.8,1076.0
10462742,stimulus_Arg_PISACowsMilk_10_page_6,931.5,390.4,1075.0
10462743,stimulus_Arg_PISACowsMilk_10_page_6,931.3,390.3,1075.0
10462744,stimulus_Arg_PISACowsMilk_10_page_6,931.3,390.3,1075.0
10462745,stimulus_Arg_PISACowsMilk_10_page_6,931.3,390.1,1075.0
10462746,stimulus_Arg_PISACowsMilk_10_page_6,931.2,389.9,1075.0
10462747,stimulus_Arg_PISACowsMilk_10_page_6,931.2,390.0,1074.0
10462748,stimulus_Arg_PISACowsMilk_10_page_6,931.1,390.1,1075.0
10462749,stimulus_Arg_PISACowsMilk_10_page_6,931.2,390.2,1075.0
10462750,stimulus_Arg_PISACowsMilk_10_page_6,931.3,390.2,1076.0
10462751,stimulus_Arg_PISACowsMilk_10_page_6,931.4,390.1,1076.0
10462752,stimulus_Arg_PISACowsMilk_10_page_6,931.5,390.1,1075.0
10462753,stimulus_Arg_PISACowsMilk_10_page_6,931.5,390.4,1075.0
10462754,stimulus_Arg_PISACowsMilk_10_page_6,931.7,390.6,1075.0
10462755,stimulus_Arg_PISACowsMilk_10_page_6,931.9,390.7,1075.0
10462756,stimulus_Arg_PISACowsMilk_10_page_6,932.1,390.6,1075.0
10462757,stimulus_Arg_PISACowsMilk_10_page_6,932.3,390.4,1076.0
10462758,stimulus_Arg_PISACowsMilk_10_page_6,932.5,390.4,1076.0
10462759,stimulus_Arg_PISACowsMilk_10_page_6,932.6,390.5,1077.0
10462760,stimulus_Arg_PISACowsMilk_10_page_6,932.6,391.1,1078.0
10462761,stimulus_Arg_PISACowsMilk_10_page_6,932.6,391.6,1079.0
10462762,stimulus_Arg_PISACowsMilk_10_page_6,932.7,391.9,1079.0
10462763,stimulus_Arg_PISACowsMilk_10_page_6,932.8,391.6,1079.0
10462764,stimulus_Arg_PISACowsMilk_10_page_6,932.7,391.2,1079.0
10462765,stimulus_Arg_PISACowsMilk_10_page_6,932.4,390.8,1080.0
10462766,stimulus_Arg_PISACowsMilk_10_page_6,932.0,391.0,1079.0
10462767,stimulus_Arg_PISACowsMilk_10_page_6,931.9,391.2,1079.0
10462768,stimulus_Arg_PISACowsMilk_10_page_6,931.8,391.4,1079.0
10462769,stimulus_Arg_PISACowsMilk_10_page_6,931.8,391.5,1080.0
10462770,stimulus_Arg_PISACowsMilk_10_page_6,932.0,391.8,1081.0
10462771,stimulus_Arg_PISACowsMilk_10_page_6,932.3,392.0,1081.0
10462772,stimulus_Arg_PISACowsMilk_10_page_6,932.5,392.2,1081.0
10462773,stimulus_Arg_PISACowsMilk_10_page_6,932.5,392.2,1082.0
10462774,stimulus_Arg_PISACowsMilk_10_page_6,932.5,391.9,1081.0
10462775,stimulus_Arg_PISACowsMilk_10_page_6,932.4,391.7,1081.0
10462776,stimulus_Arg_PISACowsMilk_10_page_6,932.6,391.5,1081.0
10462777,stimulus_Arg_PISACowsMilk_10_page_6,933.0,391.9,1081.0
10462778,stimulus_Arg_PISACowsMilk_10_page_6,933.4,392.2,1081.0
10462779,stimulus_Arg_PISACowsMilk_10_page_6,933.6,392.6,1082.0
10462780,stimulus_Arg_PISACowsMilk_10_page_6,933.4,392.6,1083.0
10462781,stimulus_Arg_PISACowsMilk_10_page_6,933.3,392.7,1084.0
10462782,stimulus_Arg_PISACowsMilk_10_page_6,933.2,392.7,1084.0
10462783,stimulus_Arg_PISACowsMilk_10_page_6,933.1,392.8,1084.0
10462784,stimulus_Arg_PISACowsMilk_10_page_6,932.7,392.9,1084.0
10462785,stimulus_Arg_PISACowsMilk_10_page_6,932.3,392.8,1084.0
10462786,stimulus_Arg_PISACowsMilk_10_page_6,932.1,392.6,1085.0
10462787,stimulus_Arg_PISACowsMilk_10_page_6,932.4,392.3,1086.0
10462788,stimulus_Arg_PISACowsMilk_10_page_6,932.7,392.2,1086.0
10462789,stimulus_Arg_PISACowsMilk_10_page_6,932.9,392.3,1086.0
10462790,stimulus_Arg_PISACowsMilk_10_page_6,932.9,392.4,1085.0
10462791,stimulus_Arg_PISACowsMilk_10_page_6,932.9,392.4,1085.0
10462792,stimulus_Arg_PISACowsMilk_10_page_6,933.0,392.0,1085.0
10462793,stimulus_Arg_PISACowsMilk_10_page_6,933.1,391.1,1085.0
10462794,stimulus_Arg_PISACowsMilk_10_page_6,933.2,390.2,1085.0
10462795,stimulus_Arg_PISACowsMilk_10_page_6,933.2,389.6,1084.0
10462796,stimulus_Arg_PISACowsMilk_10_page_6,933.1,389.6,1084.0
10462797,stimulus_Arg_PISACowsMilk_10_page_6,933.1,389.7,1085.0
10462798,stimulus_Arg_PISACowsMilk_10_page_6,933.1,389.8,1086.0
10462799,stimulus_Arg_PISACowsMilk_10_page_6,933.1,389.9,1087.0
10462800,stimulus_Arg_PISACowsMilk_10_page_6,933.1,390.1,1088.0
10462801,stimulus_Arg_PISACowsMilk_10_page_6,933.1,390.2,1089.0
10462802,stimulus_Arg_PISACowsMilk_10_page_6,933.1,390.3,1088.0
10462803,stimulus_Arg_PISACowsMilk_10_page_6,933.1,390.1,1087.0
10462804,stimulus_Arg_PISACowsMilk_10_page_6,933.0,389.8,1087.0
10462805,stimulus_Arg_PISACowsMilk_10_page_6,932.9,389.6,1087.0
10462806,stimulus_Arg_PISACowsMilk_10_page_6,932.8,389.6,1087.0
10462807,stimulus_Arg_PISACowsMilk_10_page_6,932.7,389.7,1087.0
10462808,stimulus_Arg_PISACowsMilk_10_page_6,933.1,389.7,1087.0
10462809,stimulus_Arg_PISACowsMilk_10_page_6,933.6,389.9,1088.0
10462810,stimulus_Arg_PISACowsMilk_10_page_6,934.2,390.0,1090.0
10462811,stimulus_Arg_PISACowsMilk_10_page_6,934.4,390.1,1091.0
10462812,stimulus_Arg_PISACowsMilk_10_page_6,933.9,390.4,1092.0
10462813,stimulus_Arg_PISACowsMilk_10_page_6,933.4,390.8,1092.0
10462814,stimulus_Arg_PISACowsMilk_10_page_6,932.9,391.5,1092.0
10462815,stimulus_Arg_PISACowsMilk_10_page_6,932.8,392.3,1092.0
10462816,stimulus_Arg_PISACowsMilk_10_page_6,933.0,392.8,1092.0
10462817,stimulus_Arg_PISACowsMilk_10_page_6,933.3,393.1,1092.0
10462818,stimulus_Arg_PISACowsMilk_10_page_6,933.6,393.1,1092.0
10462819,stimulus_Arg_PISACowsMilk_10_page_6,933.4,393.1,1092.0
10462820,stimulus_Arg_PISACowsMilk_10_page_6,933.2,392.6,1092.0
10462821,stimulus_Arg_PISACowsMilk_10_page_6,933.0,392.0,1092.0
10462822,stimulus_Arg_PISACowsMilk_10_page_6,933.0,391.3,1092.0
10462823,stimulus_Arg_PISACowsMilk_10_page_6,933.0,391.1,1092.0
10462824,stimulus_Arg_PISACowsMilk_10_page_6,933.1,391.2,1091.0
10462825,stimulus_Arg_PISACowsMilk_10_page_6,933.1,391.3,1091.0
10462826,stimulus_Arg_PISACowsMilk_10_page_6,933.2,391.3,1090.0
10462827,stimulus_Arg_PISACowsMilk_10_page_6,933.0,391.4,1090.0
10462828,stimulus_Arg_PISACowsMilk_10_page_6,932.9,391.4,1092.0
10462829,stimulus_Arg_PISACowsMilk_10_page_6,932.9,391.4,1094.0
10462830,stimulus_Arg_PISACowsMilk_10_page_6,933.1,391.8,1094.0
10462831,stimulus_Arg_PISACowsMilk_10_page_6,933.6,392.3,1095.0
10462832,stimulus_Arg_PISACowsMilk_10_page_6,934.1,392.8,1096.0
10462833,stimulus_Arg_PISACowsMilk_10_page_6,934.4,392.9,1096.0
10462834,stimulus_Arg_PISACowsMilk_10_page_6,934.6,392.8,1096.0
10462835,stimulus_Arg_PISACowsMilk_10_page_6,934.7,392.7,1095.0
10462836,stimulus_Arg_PISACowsMilk_10_page_6,934.9,392.3,1094.0
10462837,stimulus_Arg_PISACowsMilk_10_page_6,934.7,391.8,1093.0
10462838,stimulus_Arg_PISACowsMilk_10_page_6,934.4,391.4,1093.0
10462839,stimulus_Arg_PISACowsMilk_10_page_6,934.1,391.3,1093.0
10462840,stimulus_Arg_PISACowsMilk_10_page_6,934.0,391.1,1095.0
10462841,stimulus_Arg_PISACowsMilk_10_page_6,934.0,390.6,1097.0
10462842,stimulus_Arg_PISACowsMilk_10_page_6,933.6,390.1,1100.0
10462843,stimulus_Arg_PISACowsMilk_10_page_6,933.2,389.8,1100.0
10462844,stimulus_Arg_PISACowsMilk_10_page_6,932.9,389.8,1100.0
10462845,stimulus_Arg_PISACowsMilk_10_page_6,932.8,389.8,1100.0
10462846,stimulus_Arg_PISACowsMilk_10_page_6,932.7,389.7,1101.0
10462847,stimulus_Arg_PISACowsMilk_10_page_6,932.6,389.7,1102.0
10462848,stimulus_Arg_PISACowsMilk_10_page_6,932.6,389.7,1103.0
10462849,stimulus_Arg_PISACowsMilk_10_page_6,932.6,389.6,1104.0
10462850,stimulus_Arg_PISACowsMilk_10_page_6,932.6,389.4,1104.0
10462851,stimulus_Arg_PISACowsMilk_10_page_6,932.5,389.3,1105.0
10462852,stimulus_Arg_PISACowsMilk_10_page_6,932.4,389.3,1106.0
10462853,stimulus_Arg_PISACowsMilk_10_page_6,932.3,389.4,1108.0
10462854,stimulus_Arg_PISACowsMilk_10_page_6,932.3,389.5,1108.0
10462855,stimulus_Arg_PISACowsMilk_10_page_6,932.3,389.5,1108.0
10462856,stimulus_Arg_PISACowsMilk_10_page_6,932.2,389.6,1108.0
10462857,stimulus_Arg_PISACowsMilk_10_page_6,932.1,389.7,1108.0
10462858,stimulus_Arg_PISACowsMilk_10_page_6,932.1,389.8,1109.0
10462859,stimulus_Arg_PISACowsMilk_10_page_6,932.1,389.9,1109.0
10462860,stimulus_Arg_PISACowsMilk_10_page_6,932.0,389.9,1110.0
10462861,stimulus_Arg_PISACowsMilk_10_page_6,931.9,390.0,1109.0
10462862,stimulus_Arg_PISACowsMilk_10_page_6,931.7,390.2,1107.0
10462863,stimulus_Arg_PISACowsMilk_10_page_6,931.6,390.4,1106.0
10462864,stimulus_Arg_PISACowsMilk_10_page_6,931.3,390.4,1105.0
10462865,stimulus_Arg_PISACowsMilk_10_page_6,931.0,390.5,1105.0
10462866,stimulus_Arg_PISACowsMilk_10_page_6,930.6,390.5,1105.0
10462867,stimulus_Arg_PISACowsMilk_10_page_6,930.4,390.5,1106.0
10462868,stimulus_Arg_PISACowsMilk_10_page_6,930.2,390.5,1108.0
10462869,stimulus_Arg_PISACowsMilk_10_page_6,930.2,390.6,1109.0
10462870,stimulus_Arg_PISACowsMilk_10_page_6,930.2,390.7,1110.0
10462871,stimulus_Arg_PISACowsMilk_10_page_6,930.2,390.7,1111.0
10462872,stimulus_Arg_PISACowsMilk_10_page_6,930.2,390.7,1110.0
10462873,stimulus_Arg_PISACowsMilk_10_page_6,930.1,390.6,1109.0
10462874,stimulus_Arg_PISACowsMilk_10_page_6,930.0,390.5,1108.0
10462875,stimulus_Arg_PISACowsMilk_10_page_6,930.0,390.4,1108.0
10462876,stimulus_Arg_PISACowsMilk_10_page_6,930.0,390.7,1108.0
10462877,stimulus_Arg_PISACowsMilk_10_page_6,929.7,391.0,1109.0
10462878,stimulus_Arg_PISACowsMilk_10_page_6,929.5,391.4,1109.0
10462879,stimulus_Arg_PISACowsMilk_10_page_6,929.4,391.5,1109.0
10462880,stimulus_Arg_PISACowsMilk_10_page_6,929.4,391.4,1109.0
10462881,stimulus_Arg_PISACowsMilk_10_page_6,929.4,391.3,1109.0
10462882,stimulus_Arg_PISACowsMilk_10_page_6,929.6,391.2,1109.0
10462883,stimulus_Arg_PISACowsMilk_10_page_6,929.9,391.2,1109.0
10462884,stimulus_Arg_PISACowsMilk_10_page_6,930.2,391.1,1109.0
10462885,stimulus_Arg_PISACowsMilk_10_page_6,930.3,391.2,1109.0
10462886,stimulus_Arg_PISACowsMilk_10_page_6,930.4,391.0,1109.0
10462887,stimulus_Arg_PISACowsMilk_10_page_6,930.4,390.7,1109.0
10462888,stimulus_Arg_PISACowsMilk_10_page_6,930.4,390.5,1109.0
10462889,stimulus_Arg_PISACowsMilk_10_page_6,930.4,390.5,1109.0
10462890,stimulus_Arg_PISACowsMilk_10_page_6,930.4,390.8,1109.0
10462891,stimulus_Arg_PISACowsMilk_10_page_6,930.4,391.0,1109.0
10462892,stimulus_Arg_PISACowsMilk_10_page_6,930.4,391.3,1109.0
10462893,stimulus_Arg_PISACowsMilk_10_page_6,930.6,391.5,1111.0
10462894,stimulus_Arg_PISACowsMilk_10_page_6,930.7,391.7,1112.0
10462895,stimulus_Arg_PISACowsMilk_10_page_6,930.8,391.6,1113.0
10462896,stimulus_Arg_PISACowsMilk_10_page_6,930.8,391.6,1112.0
10462897,stimulus_Arg_PISACowsMilk_10_page_6,930.3,392.0,1111.0
10462898,stimulus_Arg_PISACowsMilk_10_page_6,929.8,392.4,1111.0
10462899,stimulus_Arg_PISACowsMilk_10_page_6,929.3,392.9,1112.0
10462900,stimulus_Arg_PISACowsMilk_10_page_6,929.3,392.5,1112.0
10462901,stimulus_Arg_PISACowsMilk_10_page_6,929.4,392.2,1112.0
10462902,stimulus_Arg_PISACowsMilk_10_page_6,929.4,391.9,1111.0
10462903,stimulus_Arg_PISACowsMilk_10_page_6,929.9,392.0,1111.0
10462904,stimulus_Arg_PISACowsMilk_10_page_6,930.4,392.1,1111.0
10462905,stimulus_Arg_PISACowsMilk_10_page_6,930.6,392.0,1111.0
10462906,stimulus_Arg_PISACowsMilk_10_page_6,930.2,391.8,1112.0
10462907,stimulus_Arg_PISACowsMilk_10_page_6,929.7,391.7,1112.0
10462908,stimulus_Arg_PISACowsMilk_10_page_6,929.5,391.8,1113.0
10462909,stimulus_Arg_PISACowsMilk_10_page_6,929.3,391.8,1114.0
10462910,stimulus_Arg_PISACowsMilk_10_page_6,929.3,392.1,1115.0
10462911,stimulus_Arg_PISACowsMilk_10_page_6,929.2,392.3,1115.0
10462912,stimulus_Arg_PISACowsMilk_10_page_6,929.1,392.1,1114.0
10462913,stimulus_Arg_PISACowsMilk_10_page_6,929.1,391.6,1113.0
10462914,stimulus_Arg_PISACowsMilk_10_page_6,929.0,391.2,1112.0
10462915,stimulus_Arg_PISACowsMilk_10_page_6,929.2,391.3,1113.0
10462916,stimulus_Arg_PISACowsMilk_10_page_6,929.3,391.4,1115.0
10462917,stimulus_Arg_PISACowsMilk_10_page_6,929.5,391.5,1116.0
10462918,stimulus_Arg_PISACowsMilk_10_page_6,929.7,391.3,1117.0
10462919,stimulus_Arg_PISACowsMilk_10_page_6,929.8,391.1,1118.0
10462920,stimulus_Arg_PISACowsMilk_10_page_6,930.0,390.9,1118.0
10462921,stimulus_Arg_PISACowsMilk_10_page_6,930.4,390.5,1117.0
10462922,stimulus_Arg_PISACowsMilk_10_page_6,931.3,390.2,1116.0
10462923,stimulus_Arg_PISACowsMilk_10_page_6,933.5,390.0,1116.0
10462924,stimulus_Arg_PISACowsMilk_10_page_6,936.9,391.3,1118.0
10462925,stimulus_Arg_PISACowsMilk_10_page_6,941.6,393.0,1120.0
10462926,stimulus_Arg_PISACowsMilk_10_page_6,947.3,394.7,1121.0
10462927,stimulus_Arg_PISACowsMilk_10_page_6,954.5,395.3,1121.0
10462928,stimulus_Arg_PISACowsMilk_10_page_6,962.2,395.8,1122.0
10462929,stimulus_Arg_PISACowsMilk_10_page_6,971.6,396.4,1122.0
10462930,stimulus_Arg_PISACowsMilk_10_page_6,981.2,397.5,1123.0
10462931,stimulus_Arg_PISACowsMilk_10_page_6,993.5,399.6,1123.0
10462932,stimulus_Arg_PISACowsMilk_10_page_6,1005.2,401.5,1125.0
10462933,stimulus_Arg_PISACowsMilk_10_page_6,1016.7,403.0,1126.0
10462934,stimulus_Arg_PISACowsMilk_10_page_6,1026.7,403.3,1128.0
10462935,stimulus_Arg_PISACowsMilk_10_page_6,1036.6,403.3,1127.0
10462936,stimulus_Arg_PISACowsMilk_10_page_6,1047.4,403.1,1126.0
10462937,stimulus_Arg_PISACowsMilk_10_page_6,1056.8,403.0,1124.0
10462938,stimulus_Arg_PISACowsMilk_10_page_6,1065.9,402.7,1124.0
10462939,stimulus_Arg_PISACowsMilk_10_page_6,1073.4,402.4,1123.0
10462940,stimulus_Arg_PISACowsMilk_10_page_6,1082.7,402.5,1121.0
10462941,stimulus_Arg_PISACowsMilk_10_page_6,1091.4,402.8,1118.0
10462942,stimulus_Arg_PISACowsMilk_10_page_6,1100.1,403.1,1114.0
10462943,stimulus_Arg_PISACowsMilk_10_page_6,1107.6,402.9,1111.0
10462944,stimulus_Arg_PISACowsMilk_10_page_6,1113.5,403.3,1107.0
10462945,stimulus_Arg_PISACowsMilk_10_page_6,1118.6,403.6,1103.0
10462946,stimulus_Arg_PISACowsMilk_10_page_6,1122.2,403.9,1098.0
10462947,stimulus_Arg_PISACowsMilk_10_page_6,1124.7,403.5,1094.0
10462948,stimulus_Arg_PISACowsMilk_10_page_6,1125.5,403.1,1092.0
10462949,stimulus_Arg_PISACowsMilk_10_page_6,1124.5,402.9,1092.0
10462950,stimulus_Arg_PISACowsMilk_10_page_6,1122.9,402.7,1092.0
10462951,stimulus_Arg_PISACowsMilk_10_page_6,1120.0,402.0,1092.0
10462952,stimulus_Arg_PISACowsMilk_10_page_6,1116.6,401.3,1092.0
10462953,stimulus_Arg_PISACowsMilk_10_page_6,1112.0,400.9,1094.0
10462954,stimulus_Arg_PISACowsMilk_10_page_6,1107.3,401.1,1096.0
10462955,stimulus_Arg_PISACowsMilk_10_page_6,1102.6,401.2,1098.0
10462956,stimulus_Arg_PISACowsMilk_10_page_6,1098.3,401.1,1099.0
10462957,stimulus_Arg_PISACowsMilk_10_page_6,1094.6,400.3,1100.0
10462958,stimulus_Arg_PISACowsMilk_10_page_6,1091.4,399.3,1100.0
10462959,stimulus_Arg_PISACowsMilk_10_page_6,1088.7,398.6,1101.0
10462960,stimulus_Arg_PISACowsMilk_10_page_6,1086.6,398.5,1103.0
10462961,stimulus_Arg_PISACowsMilk_10_page_6,1085.7,398.3,1105.0
10462962,stimulus_Arg_PISACowsMilk_10_page_6,1086.0,398.0,1106.0
10462963,stimulus_Arg_PISACowsMilk_10_page_6,1086.3,397.8,1106.0
10462964,stimulus_Arg_PISACowsMilk_10_page_6,1087.3,397.8,1107.0
10462965,stimulus_Arg_PISACowsMilk_10_page_6,1088.7,398.8,1109.0
10462966,stimulus_Arg_PISACowsMilk_10_page_6,1090.5,399.8,1111.0
10462967,stimulus_Arg_PISACowsMilk_10_page_6,1091.8,401.1,1114.0
10462968,stimulus_Arg_PISACowsMilk_10_page_6,1093.0,401.5,1114.0
10462969,stimulus_Arg_PISACowsMilk_10_page_6,1094.1,401.8,1114.0
10462970,stimulus_Arg_PISACowsMilk_10_page_6,1095.4,402.2,1115.0
10462971,stimulus_Arg_PISACowsMilk_10_page_6,1096.5,402.8,1116.0
10462972,stimulus_Arg_PISACowsMilk_10_page_6,1097.6,403.4,1116.0
10462973,stimulus_Arg_PISACowsMilk_10_page_6,1098.2,403.7,1116.0
10462974,stimulus_Arg_PISACowsMilk_10_page_6,1099.2,403.7,1115.0
10462975,stimulus_Arg_PISACowsMilk_10_page_6,1099.9,403.7,1115.0
10462976,stimulus_Arg_PISACowsMilk_10_page_6,1100.8,403.8,1115.0
10462977,stimulus_Arg_PISACowsMilk_10_page_6,1101.1,403.8,1115.0
10462978,stimulus_Arg_PISACowsMilk_10_page_6,1101.5,403.8,1115.0
10462979,stimulus_Arg_PISACowsMilk_10_page_6,1101.8,403.8,1115.0
10462980,stimulus_Arg_PISACowsMilk_10_page_6,1102.3,403.8,1115.0
10462981,stimulus_Arg_PISACowsMilk_10_page_6,1102.5,403.6,1115.0
10462982,stimulus_Arg_PISACowsMilk_10_page_6,1102.6,403.3,1115.0
10462983,stimulus_Arg_PISACowsMilk_10_page_6,1102.3,403.0,1115.0
10462984,stimulus_Arg_PISACowsMilk_10_page_6,1102.0,402.9,1114.0
10462985,stimulus_Arg_PISACowsMilk_10_page_6,1101.7,402.9,1114.0
10462986,stimulus_Arg_PISACowsMilk_10_page_6,1101.7,402.8,1113.0
10462987,stimulus_Arg_PISACowsMilk_10_page_6,1101.8,402.8,1113.0
10462988,stimulus_Arg_PISACowsMilk_10_page_6,1101.8,402.8,1113.0
10462989,stimulus_Arg_PISACowsMilk_10_page_6,1101.4,402.8,1114.0
10462990,stimulus_Arg_PISACowsMilk_10_page_6,1101.1,402.7,1114.0
10462991,stimulus_Arg_PISACowsMilk_10_page_6,1100.7,402.4,1114.0
10462992,stimulus_Arg_PISACowsMilk_10_page_6,1100.7,402.1,1113.0
10462993,stimulus_Arg_PISACowsMilk_10_page_6,1100.6,401.9,1113.0
10462994,stimulus_Arg_PISACowsMilk_10_page_6,1100.5,401.9,1114.0
10462995,stimulus_Arg_PISACowsMilk_10_page_6,1100.3,401.5,1113.0
10462996,stimulus_Arg_PISACowsMilk_10_page_6,1100.0,401.2,1113.0
10462997,stimulus_Arg_PISACowsMilk_10_page_6,1099.7,400.9,1112.0
10462998,stimulus_Arg_PISACowsMilk_10_page_6,1099.4,400.9,1112.0
10462999,stimulus_Arg_PISACowsMilk_10_page_6,1099.1,400.8,1112.0
10463000,stimulus_Arg_PISACowsMilk_10_page_6,1099.0,400.7,1112.0
10463001,stimulus_Arg_PISACowsMilk_10_page_6,1098.4,401.0,1112.0
10463002,stimulus_Arg_PISACowsMilk_10_page_6,1097.8,401.4,1112.0
10463003,stimulus_Arg_PISACowsMilk_10_page_6,1097.3,401.7,1112.0
10463004,stimulus_Arg_PISACowsMilk_10_page_6,1097.3,401.7,1112.0
10463005,stimulus_Arg_PISACowsMilk_10_page_6,1097.4,401.7,1112.0
10463006,stimulus_Arg_PISACowsMilk_10_page_6,1097.4,401.9,1112.0
10463007,stimulus_Arg_PISACowsMilk_10_page_6,1097.5,402.0,1113.0
10463008,stimulus_Arg_PISACowsMilk_10_page_6,1097.3,402.2,1113.0
10463009,stimulus_Arg_PISACowsMilk_10_page_6,1097.1,402.4,1114.0
10463010,stimulus_Arg_PISACowsMilk_10_page_6,1096.9,402.5,1114.0
10463011,stimulus_Arg_PISACowsMilk_10_page_6,1096.9,402.2,1114.0
10463012,stimulus_Arg_PISACowsMilk_10_page_6,1096.9,402.1,1115.0
10463013,stimulus_Arg_PISACowsMilk_10_page_6,1096.8,402.0,1115.0
10463014,stimulus_Arg_PISACowsMilk_10_page_6,1096.9,402.1,1115.0
10463015,stimulus_Arg_PISACowsMilk_10_page_6,1097.0,402.1,1115.0
10463016,stimulus_Arg_PISACowsMilk_10_page_6,1097.1,402.1,1115.0
10463017,stimulus_Arg_PISACowsMilk_10_page_6,1097.4,402.3,1113.0
10463018,stimulus_Arg_PISACowsMilk_10_page_6,1097.6,402.5,1112.0
10463019,stimulus_Arg_PISACowsMilk_10_page_6,1097.9,402.5,1111.0
10463020,stimulus_Arg_PISACowsMilk_10_page_6,1098.0,402.3,1111.0
10463021,stimulus_Arg_PISACowsMilk_10_page_6,1098.0,402.2,1112.0
10463022,stimulus_Arg_PISACowsMilk_10_page_6,1097.8,402.3,1112.0
10463023,stimulus_Arg_PISACowsMilk_10_page_6,1097.6,402.2,1112.0
10463024,stimulus_Arg_PISACowsMilk_10_page_6,1097.5,402.1,1112.0
10463025,stimulus_Arg_PISACowsMilk_10_page_6,1097.6,401.9,1111.0
10463026,stimulus_Arg_PISACowsMilk_10_page_6,1097.7,401.9,1111.0
10463027,stimulus_Arg_PISACowsMilk_10_page_6,1097.7,401.9,1111.0
10463028,stimulus_Arg_PISACowsMilk_10_page_6,1097.5,402.1,1111.0
10463029,stimulus_Arg_PISACowsMilk_10_page_6,1097.3,402.5,1112.0
10463030,stimulus_Arg_PISACowsMilk_10_page_6,1097.2,402.8,1113.0
10463031,stimulus_Arg_PISACowsMilk_10_page_6,1097.2,402.9,1114.0
10463032,stimulus_Arg_PISACowsMilk_10_page_6,1097.3,402.8,1115.0
10463033,stimulus_Arg_PISACowsMilk_10_page_6,1097.5,402.7,1115.0
10463034,stimulus_Arg_PISACowsMilk_10_page_6,1097.6,402.4,1113.0
10463035,stimulus_Arg_PISACowsMilk_10_page_6,1097.7,401.7,1112.0
10463036,stimulus_Arg_PISACowsMilk_10_page_6,1097.6,400.6,1113.0
10463037,stimulus_Arg_PISACowsMilk_10_page_6,1097.3,399.9,1114.0
10463038,stimulus_Arg_PISACowsMilk_10_page_6,1097.0,399.5,1116.0
10463039,stimulus_Arg_PISACowsMilk_10_page_6,1096.7,399.4,1116.0
10463040,stimulus_Arg_PISACowsMilk_10_page_6,1096.8,399.2,1116.0
10463041,stimulus_Arg_PISACowsMilk_10_page_6,1096.8,398.7,1116.0
10463042,stimulus_Arg_PISACowsMilk_10_page_6,1096.7,398.1,1115.0
10463043,stimulus_Arg_PISACowsMilk_10_page_6,1096.7,397.6,1115.0
10463044,stimulus_Arg_PISACowsMilk_10_page_6,1096.7,397.7,1115.0
10463045,stimulus_Arg_PISACowsMilk_10_page_6,1096.7,397.8,1114.0
10463046,stimulus_Arg_PISACowsMilk_10_page_6,1096.7,398.0,1113.0
10463047,stimulus_Arg_PISACowsMilk_10_page_6,1096.8,397.9,1112.0
10463048,stimulus_Arg_PISACowsMilk_10_page_6,1097.0,397.8,1112.0
10463049,stimulus_Arg_PISACowsMilk_10_page_6,1097.1,397.7,1114.0
10463050,stimulus_Arg_PISACowsMilk_10_page_6,1097.0,397.7,1115.0
10463051,stimulus_Arg_PISACowsMilk_10_page_6,1097.0,397.6,1117.0
10463052,stimulus_Arg_PISACowsMilk_10_page_6,1097.2,397.4,1116.0
10463053,stimulus_Arg_PISACowsMilk_10_page_6,1097.5,396.8,1115.0
10463054,stimulus_Arg_PISACowsMilk_10_page_6,1097.6,396.3,1114.0
10463055,stimulus_Arg_PISACowsMilk_10_page_6,1097.6,396.2,1113.0
10463056,stimulus_Arg_PISACowsMilk_10_page_6,1097.5,396.4,1114.0
10463057,stimulus_Arg_PISACowsMilk_10_page_6,1097.4,397.1,1115.0
10463058,stimulus_Arg_PISACowsMilk_10_page_6,1097.3,397.6,1116.0
10463059,stimulus_Arg_PISACowsMilk_10_page_6,1097.2,398.1,1116.0
10463060,stimulus_Arg_PISACowsMilk_10_page_6,1097.1,398.1,1116.0
10463061,stimulus_Arg_PISACowsMilk_10_page_6,1097.1,397.9,1116.0
10463062,stimulus_Arg_PISACowsMilk_10_page_6,1097.0,397.7,1117.0
10463063,stimulus_Arg_PISACowsMilk_10_page_6,1097.0,397.5,1117.0
10463064,stimulus_Arg_PISACowsMilk_10_page_6,1097.0,397.2,1117.0
10463065,stimulus_Arg_PISACowsMilk_10_page_6,1097.0,396.8,1115.0
10463066,stimulus_Arg_PISACowsMilk_10_page_6,1096.8,396.5,1113.0
10463067,stimulus_Arg_PISACowsMilk_10_page_6,1096.6,396.4,1113.0
10463068,stimulus_Arg_PISACowsMilk_10_page_6,1096.7,396.1,1114.0
10463069,stimulus_Arg_PISACowsMilk_10_page_6,1097.0,395.7,1114.0
10463070,stimulus_Arg_PISACowsMilk_10_page_6,1097.3,395.3,1113.0
10463071,stimulus_Arg_PISACowsMilk_10_page_6,1097.3,395.2,1112.0
10463072,stimulus_Arg_PISACowsMilk_10_page_6,1097.3,395.3,1112.0
10463073,stimulus_Arg_PISACowsMilk_10_page_6,1097.2,395.9,1112.0
10463074,stimulus_Arg_PISACowsMilk_10_page_6,1097.3,396.4,1112.0
10463075,stimulus_Arg_PISACowsMilk_10_page_6,1097.5,396.7,1111.0
10463076,stimulus_Arg_PISACowsMilk_10_page_6,1097.6,396.5,1111.0
10463077,stimulus_Arg_PISACowsMilk_10_page_6,1097.6,397.0,1111.0
10463078,stimulus_Arg_PISACowsMilk_10_page_6,1097.7,397.6,1111.0
10463079,stimulus_Arg_PISACowsMilk_10_page_6,1097.9,398.2,1111.0
10463080,stimulus_Arg_PISACowsMilk_10_page_6,1098.2,398.3,1111.0
10463081,stimulus_Arg_PISACowsMilk_10_page_6,1098.4,398.3,1111.0
10463082,stimulus_Arg_PISACowsMilk_10_page_6,1098.5,398.2,1111.0
10463083,stimulus_Arg_PISACowsMilk_10_page_6,1098.4,398.0,1110.0
10463084,stimulus_Arg_PISACowsMilk_10_page_6,1098.2,397.7,1110.0
10463085,stimulus_Arg_PISACowsMilk_10_page_6,1098.0,397.5,1110.0
10463086,stimulus_Arg_PISACowsMilk_10_page_6,1097.8,397.4,1111.0
10463087,stimulus_Arg_PISACowsMilk_10_page_6,1097.8,397.5,1111.0
10463088,stimulus_Arg_PISACowsMilk_10_page_6,1097.7,397.7,1111.0
10463089,stimulus_Arg_PISACowsMilk_10_page_6,1097.5,397.9,1111.0
10463090,stimulus_Arg_PISACowsMilk_10_page_6,1097.5,398.0,1111.0
10463091,stimulus_Arg_PISACowsMilk_10_page_6,1097.6,398.4,1111.0
10463092,stimulus_Arg_PISACowsMilk_10_page_6,1097.9,398.9,1111.0
10463093,stimulus_Arg_PISACowsMilk_10_page_6,1098.1,399.2,1111.0
10463094,stimulus_Arg_PISACowsMilk_10_page_6,1098.4,399.2,1111.0
10463095,stimulus_Arg_PISACowsMilk_10_page_6,1098.6,398.5,1111.0
10463096,stimulus_Arg_PISACowsMilk_10_page_6,1098.4,397.8,1111.0
10463097,stimulus_Arg_PISACowsMilk_10_page_6,1098.1,396.7,1111.0
10463098,stimulus_Arg_PISACowsMilk_10_page_6,1098.0,396.3,1111.0
10463099,stimulus_Arg_PISACowsMilk_10_page_6,1098.1,396.0,1110.0
10463100,stimulus_Arg_PISACowsMilk_10_page_6,1098.2,396.1,1111.0
10463101,stimulus_Arg_PISACowsMilk_10_page_6,1098.1,396.0,1112.0
10463102,stimulus_Arg_PISACowsMilk_10_page_6,1097.9,395.9,1113.0
10463103,stimulus_Arg_PISACowsMilk_10_page_6,1097.7,395.9,1112.0
10463104,stimulus_Arg_PISACowsMilk_10_page_6,1097.3,396.1,1112.0
10463105,stimulus_Arg_PISACowsMilk_10_page_6,1097.0,396.6,1111.0
10463106,stimulus_Arg_PISACowsMilk_10_page_6,1097.0,397.0,1110.0
10463107,stimulus_Arg_PISACowsMilk_10_page_6,1097.4,397.7,1110.0
10463108,stimulus_Arg_PISACowsMilk_10_page_6,1098.0,398.0,1111.0
10463109,stimulus_Arg_PISACowsMilk_10_page_6,1098.4,398.2,1112.0
10463110,stimulus_Arg_PISACowsMilk_10_page_6,1098.6,398.5,1113.0
10463111,stimulus_Arg_PISACowsMilk_10_page_6,1099.0,398.8,1113.0
10463112,stimulus_Arg_PISACowsMilk_10_page_6,1099.5,399.2,1113.0
10463113,stimulus_Arg_PISACowsMilk_10_page_6,1100.0,399.3,1114.0
10463114,stimulus_Arg_PISACowsMilk_10_page_6,1100.1,399.3,1114.0
10463115,stimulus_Arg_PISACowsMilk_10_page_6,1100.1,399.2,1114.0
10463116,stimulus_Arg_PISACowsMilk_10_page_6,1099.9,399.2,1113.0
10463117,stimulus_Arg_PISACowsMilk_10_page_6,1099.6,399.2,1112.0
10463118,stimulus_Arg_PISACowsMilk_10_page_6,1099.4,399.3,1113.0
10463119,stimulus_Arg_PISACowsMilk_10_page_6,1099.4,399.3,1113.0
10463120,stimulus_Arg_PISACowsMilk_10_page_6,1099.5,399.3,1114.0
10463121,stimulus_Arg_PISACowsMilk_10_page_6,1099.5,399.3,1113.0
10463122,stimulus_Arg_PISACowsMilk_10_page_6,1099.5,399.3,1114.0
10463123,stimulus_Arg_PISACowsMilk_10_page_6,1099.5,399.5,1114.0
10463124,stimulus_Arg_PISACowsMilk_10_page_6,1099.6,399.8,1115.0
10463125,stimulus_Arg_PISACowsMilk_10_page_6,1099.6,400.1,1115.0
10463126,stimulus_Arg_PISACowsMilk_10_page_6,1099.6,400.2,1114.0
10463127,stimulus_Arg_PISACowsMilk_10_page_6,1099.7,400.1,1113.0
10463128,stimulus_Arg_PISACowsMilk_10_page_6,1099.9,400.0,1113.0
10463129,stimulus_Arg_PISACowsMilk_10_page_6,1100.0,399.7,1113.0
10463130,stimulus_Arg_PISACowsMilk_10_page_6,1099.8,399.0,1113.0
10463131,stimulus_Arg_PISACowsMilk_10_page_6,1099.4,398.4,1113.0
10463132,stimulus_Arg_PISACowsMilk_10_page_6,1099.1,398.1,1113.0
10463133,stimulus_Arg_PISACowsMilk_10_page_6,1098.8,398.1,1113.0
10463134,stimulus_Arg_PISACowsMilk_10_page_6,1098.8,398.2,1114.0
10463135,stimulus_Arg_PISACowsMilk_10_page_6,1098.8,398.6,1114.0
10463136,stimulus_Arg_PISACowsMilk_10_page_6,1098.8,398.9,1114.0
10463137,stimulus_Arg_PISACowsMilk_10_page_6,1098.8,399.4,1114.0
10463138,stimulus_Arg_PISACowsMilk_10_page_6,1098.7,399.6,1113.0
10463139,stimulus_Arg_PISACowsMilk_10_page_6,1098.7,399.8,1113.0
10463140,stimulus_Arg_PISACowsMilk_10_page_6,1098.7,399.9,1113.0
10463141,stimulus_Arg_PISACowsMilk_10_page_6,1098.8,399.8,1113.0
10463142,stimulus_Arg_PISACowsMilk_10_page_6,1098.6,399.5,1113.0
10463143,stimulus_Arg_PISACowsMilk_10_page_6,1097.8,398.9,1113.0
10463144,stimulus_Arg_PISACowsMilk_10_page_6,1096.0,397.8,1114.0
10463145,stimulus_Arg_PISACowsMilk_10_page_6,1093.9,396.9,1117.0
10463146,stimulus_Arg_PISACowsMilk_10_page_6,1091.8,396.6,1118.0
10463147,stimulus_Arg_PISACowsMilk_10_page_6,1088.2,396.8,1120.0
10463148,stimulus_Arg_PISACowsMilk_10_page_6,1082.8,396.3,1120.0
10463149,stimulus_Arg_PISACowsMilk_10_page_6,1073.9,395.7,1120.0
10463150,stimulus_Arg_PISACowsMilk_10_page_6,1063.4,395.4,1121.0
10463151,stimulus_Arg_PISACowsMilk_10_page_6,1050.3,396.0,1121.0
10463152,stimulus_Arg_PISACowsMilk_10_page_6,1035.3,397.6,1124.0
10463153,stimulus_Arg_PISACowsMilk_10_page_6,1019.3,399.3,1127.0
10463154,stimulus_Arg_PISACowsMilk_10_page_6,1002.1,401.5,1130.0
10463155,stimulus_Arg_PISACowsMilk_10_page_6,984.1,403.7,1134.0
10463156,stimulus_Arg_PISACowsMilk_10_page_6,965.1,406.2,1139.0
10463157,stimulus_Arg_PISACowsMilk_10_page_6,946.2,409.7,1145.0
10463158,stimulus_Arg_PISACowsMilk_10_page_6,928.0,412.5,1152.0
10463159,stimulus_Arg_PISACowsMilk_10_page_6,910.6,415.2,1159.0
10463160,stimulus_Arg_PISACowsMilk_10_page_6,893.0,417.2,1164.0
10463161,stimulus_Arg_PISACowsMilk_10_page_6,876.3,419.9,1169.0
10463162,stimulus_Arg_PISACowsMilk_10_page_6,859.1,422.0,1173.0
10463163,stimulus_Arg_PISACowsMilk_10_page_6,841.5,423.0,1175.0
10463164,stimulus_Arg_PISACowsMilk_10_page_6,824.1,423.5,1178.0
10463165,stimulus_Arg_PISACowsMilk_10_page_6,806.0,424.0,1181.0
10463166,stimulus_Arg_PISACowsMilk_10_page_6,788.8,424.7,1184.0
10463167,stimulus_Arg_PISACowsMilk_10_page_6,770.3,425.7,1184.0
10463168,stimulus_Arg_PISACowsMilk_10_page_6,753.0,427.5,1184.0
10463169,stimulus_Arg_PISACowsMilk_10_page_6,737.2,430.3,1185.0
10463170,stimulus_Arg_PISACowsMilk_10_page_6,722.8,432.7,1187.0
10463171,stimulus_Arg_PISACowsMilk_10_page_6,710.0,436.1,1190.0
10463172,stimulus_Arg_PISACowsMilk_10_page_6,697.5,438.9,1193.0
10463173,stimulus_Arg_PISACowsMilk_10_page_6,684.6,441.0,1194.0
10463174,stimulus_Arg_PISACowsMilk_10_page_6,670.7,441.3,1194.0
10463175,stimulus_Arg_PISACowsMilk_10_page_6,655.6,441.2,1194.0
10463176,stimulus_Arg_PISACowsMilk_10_page_6,641.2,440.8,1194.0
10463177,stimulus_Arg_PISACowsMilk_10_page_6,625.2,440.4,1194.0
10463178,stimulus_Arg_PISACowsMilk_10_page_6,610.5,439.9,1193.0
10463179,stimulus_Arg_PISACowsMilk_10_page_6,593.9,438.8,1189.0
10463180,stimulus_Arg_PISACowsMilk_10_page_6,577.8,437.3,1185.0
10463181,stimulus_Arg_PISACowsMilk_10_page_6,559.6,435.1,1180.0
10463182,stimulus_Arg_PISACowsMilk_10_page_6,541.5,433.5,1177.0
10463183,stimulus_Arg_PISACowsMilk_10_page_6,523.9,432.4,1175.0
10463184,stimulus_Arg_PISACowsMilk_10_page_6,505.6,431.8,1174.0
10463185,stimulus_Arg_PISACowsMilk_10_page_6,488.3,431.0,1170.0
10463186,stimulus_Arg_PISACowsMilk_10_page_6,469.5,430.9,1166.0
10463187,stimulus_Arg_PISACowsMilk_10_page_6,453.2,432.3,1163.0
10463188,stimulus_Arg_PISACowsMilk_10_page_6,437.6,435.6,1161.0
10463189,stimulus_Arg_PISACowsMilk_10_page_6,424.4,439.2,1160.0
10463190,stimulus_Arg_PISACowsMilk_10_page_6,411.4,443.3,1161.0
10463191,stimulus_Arg_PISACowsMilk_10_page_6,398.8,446.4,1162.0
10463192,stimulus_Arg_PISACowsMilk_10_page_6,386.0,449.7,1163.0
10463193,stimulus_Arg_PISACowsMilk_10_page_6,373.7,451.7,1163.0
10463194,stimulus_Arg_PISACowsMilk_10_page_6,362.1,453.4,1165.0
10463195,stimulus_Arg_PISACowsMilk_10_page_6,349.3,453.9,1167.0
10463196,stimulus_Arg_PISACowsMilk_10_page_6,336.1,455.1,1169.0
10463197,stimulus_Arg_PISACowsMilk_10_page_6,323.0,456.0,1167.0
10463198,stimulus_Arg_PISACowsMilk_10_page_6,310.8,457.4,1165.0
10463199,stimulus_Arg_PISACowsMilk_10_page_6,298.9,458.6,1164.0
10463200,stimulus_Arg_PISACowsMilk_10_page_6,286.4,459.2,1164.0
10463201,stimulus_Arg_PISACowsMilk_10_page_6,274.3,460.3,1164.0
10463202,stimulus_Arg_PISACowsMilk_10_page_6,262.1,461.0,1166.0
10463203,stimulus_Arg_PISACowsMilk_10_page_6,249.3,462.6,1167.0
10463204,stimulus_Arg_PISACowsMilk_10_page_6,237.1,464.6,1168.0
10463205,stimulus_Arg_PISACowsMilk_10_page_6,225.3,465.9,1169.0
10463206,stimulus_Arg_PISACowsMilk_10_page_6,215.4,467.8,1170.0
10463207,stimulus_Arg_PISACowsMilk_10_page_6,206.1,469.1,1172.0
10463208,stimulus_Arg_PISACowsMilk_10_page_6,198.0,471.1,1173.0
10463209,stimulus_Arg_PISACowsMilk_10_page_6,192.5,472.2,1174.0
10463210,stimulus_Arg_PISACowsMilk_10_page_6,189.6,473.4,1175.0
10463211,stimulus_Arg_PISACowsMilk_10_page_6,188.8,474.7,1176.0
10463212,stimulus_Arg_PISACowsMilk_10_page_6,189.0,475.8,1176.0
10463213,stimulus_Arg_PISACowsMilk_10_page_6,189.7,476.7,1176.0
10463214,stimulus_Arg_PISACowsMilk_10_page_6,190.9,477.0,1176.0
10463215,stimulus_Arg_PISACowsMilk_10_page_6,192.7,477.1,1177.0
10463216,stimulus_Arg_PISACowsMilk_10_page_6,195.4,476.7,1179.0
10463217,stimulus_Arg_PISACowsMilk_10_page_6,198.9,476.2,1181.0
10463218,stimulus_Arg_PISACowsMilk_10_page_6,201.9,475.4,1184.0
10463219,stimulus_Arg_PISACowsMilk_10_page_6,203.6,474.5,1185.0
10463220,stimulus_Arg_PISACowsMilk_10_page_6,204.4,473.7,1185.0
10463221,stimulus_Arg_PISACowsMilk_10_page_6,204.8,473.2,1185.0
10463222,stimulus_Arg_PISACowsMilk_10_page_6,204.5,472.5,1185.0
10463223,stimulus_Arg_PISACowsMilk_10_page_6,203.9,471.9,1184.0
10463224,stimulus_Arg_PISACowsMilk_10_page_6,202.7,471.4,1184.0
10463225,stimulus_Arg_PISACowsMilk_10_page_6,201.2,471.3,1183.0
10463226,stimulus_Arg_PISACowsMilk_10_page_6,199.0,471.2,1183.0
10463227,stimulus_Arg_PISACowsMilk_10_page_6,196.5,471.3,1182.0
10463228,stimulus_Arg_PISACowsMilk_10_page_6,194.1,471.4,1182.0
10463229,stimulus_Arg_PISACowsMilk_10_page_6,192.1,471.5,1182.0
10463230,stimulus_Arg_PISACowsMilk_10_page_6,190.7,471.4,1183.0
10463231,stimulus_Arg_PISACowsMilk_10_page_6,189.9,471.4,1183.0
10463232,stimulus_Arg_PISACowsMilk_10_page_6,189.3,471.4,1183.0
10463233,stimulus_Arg_PISACowsMilk_10_page_6,188.9,471.8,1181.0
10463234,stimulus_Arg_PISACowsMilk_10_page_6,189.1,472.5,1180.0
10463235,stimulus_Arg_PISACowsMilk_10_page_6,189.3,473.4,1179.0
10463236,stimulus_Arg_PISACowsMilk_10_page_6,189.5,473.9,1179.0
10463237,stimulus_Arg_PISACowsMilk_10_page_6,189.5,474.5,1178.0
10463238,stimulus_Arg_PISACowsMilk_10_page_6,189.4,474.9,1178.0
10463239,stimulus_Arg_PISACowsMilk_10_page_6,189.3,475.4,1178.0
10463240,stimulus_Arg_PISACowsMilk_10_page_6,189.2,476.0,1178.0
10463241,stimulus_Arg_PISACowsMilk_10_page_6,189.1,476.4,1178.0
10463242,stimulus_Arg_PISACowsMilk_10_page_6,189.0,476.8,1178.0
10463243,stimulus_Arg_PISACowsMilk_10_page_6,189.0,476.9,1178.0
10463244,stimulus_Arg_PISACowsMilk_10_page_6,189.0,477.2,1178.0
10463245,stimulus_Arg_PISACowsMilk_10_page_6,188.9,477.3,1178.0
10463246,stimulus_Arg_PISACowsMilk_10_page_6,188.7,477.3,1178.0
10463247,stimulus_Arg_PISACowsMilk_10_page_6,188.6,477.3,1178.0
10463248,stimulus_Arg_PISACowsMilk_10_page_6,188.6,477.2,1178.0
10463249,stimulus_Arg_PISACowsMilk_10_page_6,188.6,477.0,1179.0
10463250,stimulus_Arg_PISACowsMilk_10_page_6,188.6,476.7,1180.0
10463251,stimulus_Arg_PISACowsMilk_10_page_6,188.6,476.5,1180.0
10463252,stimulus_Arg_PISACowsMilk_10_page_6,188.6,476.1,1181.0
10463253,stimulus_Arg_PISACowsMilk_10_page_6,188.4,475.9,1182.0
10463254,stimulus_Arg_PISACowsMilk_10_page_6,188.3,475.6,1183.0
10463255,stimulus_Arg_PISACowsMilk_10_page_6,188.1,475.8,1184.0
10463256,stimulus_Arg_PISACowsMilk_10_page_6,187.9,475.8,1184.0
10463257,stimulus_Arg_PISACowsMilk_10_page_6,187.6,475.8,1184.0
10463258,stimulus_Arg_PISACowsMilk_10_page_6,187.3,475.7,1184.0
10463259,stimulus_Arg_PISACowsMilk_10_page_6,187.1,475.7,1185.0
10463260,stimulus_Arg_PISACowsMilk_10_page_6,187.1,475.8,1185.0
10463261,stimulus_Arg_PISACowsMilk_10_page_6,186.9,475.8,1185.0
10463262,stimulus_Arg_PISACowsMilk_10_page_6,186.6,475.9,1184.0
10463263,stimulus_Arg_PISACowsMilk_10_page_6,186.3,476.1,1184.0
10463264,stimulus_Arg_PISACowsMilk_10_page_6,186.2,476.5,1184.0
10463265,stimulus_Arg_PISACowsMilk_10_page_6,186.1,476.9,1185.0
10463266,stimulus_Arg_PISACowsMilk_10_page_6,186.1,477.0,1185.0
10463267,stimulus_Arg_PISACowsMilk_10_page_6,186.1,476.9,1184.0
10463268,stimulus_Arg_PISACowsMilk_10_page_6,186.1,476.5,1184.0
10463269,stimulus_Arg_PISACowsMilk_10_page_6,186.0,476.3,1184.0
10463270,stimulus_Arg_PISACowsMilk_10_page_6,186.0,476.2,1184.0
10463271,stimulus_Arg_PISACowsMilk_10_page_6,186.0,476.3,1184.0
10463272,stimulus_Arg_PISACowsMilk_10_page_6,186.0,476.6,1185.0
10463273,stimulus_Arg_PISACowsMilk_10_page_6,186.0,476.8,1185.0
10463274,stimulus_Arg_PISACowsMilk_10_page_6,185.9,476.9,1185.0
10463275,stimulus_Arg_PISACowsMilk_10_page_6,185.8,476.9,1185.0
10463276,stimulus_Arg_PISACowsMilk_10_page_6,185.6,476.9,1185.0
10463277,stimulus_Arg_PISACowsMilk_10_page_6,185.7,476.8,1185.0
10463278,stimulus_Arg_PISACowsMilk_10_page_6,185.9,476.7,1185.0
10463279,stimulus_Arg_PISACowsMilk_10_page_6,185.9,476.8,1185.0
10463280,stimulus_Arg_PISACowsMilk_10_page_6,185.7,477.1,1185.0
10463281,stimulus_Arg_PISACowsMilk_10_page_6,185.7,477.3,1185.0
10463282,stimulus_Arg_PISACowsMilk_10_page_6,185.7,477.2,1185.0
10463283,stimulus_Arg_PISACowsMilk_10_page_6,185.7,476.9,1185.0
10463284,stimulus_Arg_PISACowsMilk_10_page_6,185.8,476.8,1185.0
10463285,stimulus_Arg_PISACowsMilk_10_page_6,185.9,477.1,1185.0
10463286,stimulus_Arg_PISACowsMilk_10_page_6,185.9,477.3,1185.0
10463287,stimulus_Arg_PISACowsMilk_10_page_6,186.2,477.3,1186.0
10463288,stimulus_Arg_PISACowsMilk_10_page_6,186.4,477.4,1187.0
10463289,stimulus_Arg_PISACowsMilk_10_page_6,186.5,477.3,1188.0
10463290,stimulus_Arg_PISACowsMilk_10_page_6,186.3,477.2,1188.0
10463291,stimulus_Arg_PISACowsMilk_10_page_6,185.9,477.1,1188.0
10463292,stimulus_Arg_PISACowsMilk_10_page_6,185.6,476.9,1189.0
10463293,stimulus_Arg_PISACowsMilk_10_page_6,185.2,476.9,1189.0
10463294,stimulus_Arg_PISACowsMilk_10_page_6,185.0,476.8,1189.0
10463295,stimulus_Arg_PISACowsMilk_10_page_6,185.0,476.6,1190.0
10463296,stimulus_Arg_PISACowsMilk_10_page_6,185.3,476.5,1190.0
10463297,stimulus_Arg_PISACowsMilk_10_page_6,185.5,476.4,1189.0
10463298,stimulus_Arg_PISACowsMilk_10_page_6,185.5,476.4,1190.0
10463299,stimulus_Arg_PISACowsMilk_10_page_6,185.6,476.6,1191.0
10463300,stimulus_Arg_PISACowsMilk_10_page_6,185.7,476.9,1192.0
10463301,stimulus_Arg_PISACowsMilk_10_page_6,185.9,477.5,1191.0
10463302,stimulus_Arg_PISACowsMilk_10_page_6,186.0,478.1,1191.0
10463303,stimulus_Arg_PISACowsMilk_10_page_6,186.1,478.6,1192.0
10463304,stimulus_Arg_PISACowsMilk_10_page_6,186.1,478.6,1192.0
10463305,stimulus_Arg_PISACowsMilk_10_page_6,186.2,478.7,1194.0
10463306,stimulus_Arg_PISACowsMilk_10_page_6,186.3,478.6,1195.0
10463307,stimulus_Arg_PISACowsMilk_10_page_6,186.1,478.4,1195.0
10463308,stimulus_Arg_PISACowsMilk_10_page_6,186.0,478.3,1195.0
10463309,stimulus_Arg_PISACowsMilk_10_page_6,185.6,478.2,1195.0
10463310,stimulus_Arg_PISACowsMilk_10_page_6,185.3,478.2,1195.0
10463311,stimulus_Arg_PISACowsMilk_10_page_6,185.1,478.1,1196.0
10463312,stimulus_Arg_PISACowsMilk_10_page_6,185.0,478.1,1195.0
10463313,stimulus_Arg_PISACowsMilk_10_page_6,184.8,477.9,1194.0
10463314,stimulus_Arg_PISACowsMilk_10_page_6,184.6,477.7,1194.0
10463315,stimulus_Arg_PISACowsMilk_10_page_6,184.7,477.6,1196.0
10463316,stimulus_Arg_PISACowsMilk_10_page_6,184.7,477.7,1197.0
10463317,stimulus_Arg_PISACowsMilk_10_page_6,184.7,478.1,1198.0
10463318,stimulus_Arg_PISACowsMilk_10_page_6,184.7,478.5,1198.0
10463319,stimulus_Arg_PISACowsMilk_10_page_6,184.7,478.7,1198.0
10463320,stimulus_Arg_PISACowsMilk_10_page_6,184.7,478.9,1197.0
10463321,stimulus_Arg_PISACowsMilk_10_page_6,184.7,479.0,1198.0
10463322,stimulus_Arg_PISACowsMilk_10_page_6,185.2,479.0,1198.0
10463323,stimulus_Arg_PISACowsMilk_10_page_6,185.9,478.6,1199.0
10463324,stimulus_Arg_PISACowsMilk_10_page_6,186.7,478.3,1199.0
10463325,stimulus_Arg_PISACowsMilk_10_page_6,186.5,478.1,1199.0
10463326,stimulus_Arg_PISACowsMilk_10_page_6,186.2,478.1,1199.0
10463327,stimulus_Arg_PISACowsMilk_10_page_6,186.0,478.1,1198.0
10463328,stimulus_Arg_PISACowsMilk_10_page_6,186.0,477.8,1198.0
10463329,stimulus_Arg_PISACowsMilk_10_page_6,185.9,477.5,1197.0
10463330,stimulus_Arg_PISACowsMilk_10_page_6,185.8,477.5,1197.0
10463331,stimulus_Arg_PISACowsMilk_10_page_6,185.7,477.7,1198.0
10463332,stimulus_Arg_PISACowsMilk_10_page_6,185.3,477.9,1198.0
10463333,stimulus_Arg_PISACowsMilk_10_page_6,184.8,478.3,1198.0
10463334,stimulus_Arg_PISACowsMilk_10_page_6,184.3,478.5,1198.0
10463335,stimulus_Arg_PISACowsMilk_10_page_6,184.7,478.7,1198.0
10463336,stimulus_Arg_PISACowsMilk_10_page_6,185.1,478.6,1199.0
10463337,stimulus_Arg_PISACowsMilk_10_page_6,185.5,478.6,1200.0
10463338,stimulus_Arg_PISACowsMilk_10_page_6,185.7,478.6,1200.0
10463339,stimulus_Arg_PISACowsMilk_10_page_6,186.0,478.6,1201.0
10463340,stimulus_Arg_PISACowsMilk_10_page_6,186.3,478.6,1202.0
10463341,stimulus_Arg_PISACowsMilk_10_page_6,185.9,478.4,1203.0
10463342,stimulus_Arg_PISACowsMilk_10_page_6,185.6,478.0,1203.0
10463343,stimulus_Arg_PISACowsMilk_10_page_6,185.4,477.8,1203.0
10463344,stimulus_Arg_PISACowsMilk_10_page_6,185.7,477.7,1203.0
10463345,stimulus_Arg_PISACowsMilk_10_page_6,185.8,477.8,1202.0
10463346,stimulus_Arg_PISACowsMilk_10_page_6,185.5,478.1,1202.0
10463347,stimulus_Arg_PISACowsMilk_10_page_6,185.4,478.3,1202.0
10463348,stimulus_Arg_PISACowsMilk_10_page_6,185.7,478.5,1203.0
10463349,stimulus_Arg_PISACowsMilk_10_page_6,186.0,478.5,1204.0
10463350,stimulus_Arg_PISACowsMilk_10_page_6,186.1,478.5,1205.0
10463351,stimulus_Arg_PISACowsMilk_10_page_6,186.1,478.4,1205.0
10463352,stimulus_Arg_PISACowsMilk_10_page_6,186.2,478.5,1204.0
10463353,stimulus_Arg_PISACowsMilk_10_page_6,186.3,478.6,1203.0
10463354,stimulus_Arg_PISACowsMilk_10_page_6,186.4,478.6,1203.0
10463355,stimulus_Arg_PISACowsMilk_10_page_6,186.4,478.6,1203.0
10463356,stimulus_Arg_PISACowsMilk_10_page_6,186.4,478.5,1203.0
10463357,stimulus_Arg_PISACowsMilk_10_page_6,186.7,478.5,1203.0
10463358,stimulus_Arg_PISACowsMilk_10_page_6,187.1,478.5,1203.0
10463359,stimulus_Arg_PISACowsMilk_10_page_6,187.4,478.4,1204.0
10463360,stimulus_Arg_PISACowsMilk_10_page_6,187.4,478.3,1205.0
10463361,stimulus_Arg_PISACowsMilk_10_page_6,187.1,478.1,1206.0
10463362,stimulus_Arg_PISACowsMilk_10_page_6,186.6,477.8,1207.0
10463363,stimulus_Arg_PISACowsMilk_10_page_6,185.9,477.5,1207.0
10463364,stimulus_Arg_PISACowsMilk_10_page_6,185.3,477.7,1208.0
10463365,stimulus_Arg_PISACowsMilk_10_page_6,183.4,477.9,1208.0
10463366,stimulus_Arg_PISACowsMilk_10_page_6,180.6,478.0,1207.0
10463367,stimulus_Arg_PISACowsMilk_10_page_6,175.5,477.6,1207.0
10463368,stimulus_Arg_PISACowsMilk_10_page_6,169.8,477.8,1207.0
10463369,stimulus_Arg_PISACowsMilk_10_page_6,163.0,478.8,1208.0
10463370,stimulus_Arg_PISACowsMilk_10_page_6,155.6,480.6,1210.0
10463371,stimulus_Arg_PISACowsMilk_10_page_6,148.2,481.8,1210.0
10463372,stimulus_Arg_PISACowsMilk_10_page_6,139.9,482.9,1211.0
10463373,stimulus_Arg_PISACowsMilk_10_page_6,131.7,484.0,1211.0
10463374,stimulus_Arg_PISACowsMilk_10_page_6,123.9,485.5,1209.0
10463375,stimulus_Arg_PISACowsMilk_10_page_6,116.8,486.6,1208.0
10463376,stimulus_Arg_PISACowsMilk_10_page_6,110.6,488.1,1206.0
10463377,stimulus_Arg_PISACowsMilk_10_page_6,105.8,489.3,1207.0
10463378,stimulus_Arg_PISACowsMilk_10_page_6,103.6,490.2,1208.0
10463379,stimulus_Arg_PISACowsMilk_10_page_6,104.1,490.3,1208.0
10463380,stimulus_Arg_PISACowsMilk_10_page_6,105.1,489.6,1207.0
10463381,stimulus_Arg_PISACowsMilk_10_page_6,106.4,489.0,1207.0
10463382,stimulus_Arg_PISACowsMilk_10_page_6,108.3,488.2,1208.0
10463383,stimulus_Arg_PISACowsMilk_10_page_6,110.3,487.8,1208.0
10463384,stimulus_Arg_PISACowsMilk_10_page_6,112.7,487.5,1208.0
10463385,stimulus_Arg_PISACowsMilk_10_page_6,114.6,487.3,1208.0
10463386,stimulus_Arg_PISACowsMilk_10_page_6,116.5,487.1,1208.0
10463387,stimulus_Arg_PISACowsMilk_10_page_6,118.7,486.3,1209.0
10463388,stimulus_Arg_PISACowsMilk_10_page_6,120.3,485.2,1210.0
10463389,stimulus_Arg_PISACowsMilk_10_page_6,121.5,484.2,1210.0
10463390,stimulus_Arg_PISACowsMilk_10_page_6,121.8,483.7,1211.0
10463391,stimulus_Arg_PISACowsMilk_10_page_6,121.8,483.0,1211.0
10463392,stimulus_Arg_PISACowsMilk_10_page_6,121.8,482.5,1211.0
10463393,stimulus_Arg_PISACowsMilk_10_page_6,121.7,482.3,1210.0
10463394,stimulus_Arg_PISACowsMilk_10_page_6,121.6,482.5,1208.0
10463395,stimulus_Arg_PISACowsMilk_10_page_6,121.2,483.1,1206.0
10463396,stimulus_Arg_PISACowsMilk_10_page_6,120.8,483.5,1205.0
10463397,stimulus_Arg_PISACowsMilk_10_page_6,120.5,483.9,1205.0
10463398,stimulus_Arg_PISACowsMilk_10_page_6,120.5,484.3,1205.0
10463399,stimulus_Arg_PISACowsMilk_10_page_6,120.5,484.7,1205.0
10463400,stimulus_Arg_PISACowsMilk_10_page_6,120.8,484.9,1206.0
10463401,stimulus_Arg_PISACowsMilk_10_page_6,121.3,484.8,1208.0
10463402,stimulus_Arg_PISACowsMilk_10_page_6,122.0,484.7,1209.0
10463403,stimulus_Arg_PISACowsMilk_10_page_6,122.4,485.0,1209.0
10463404,stimulus_Arg_PISACowsMilk_10_page_6,122.6,485.2,1208.0
10463405,stimulus_Arg_PISACowsMilk_10_page_6,122.4,485.4,1206.0
10463406,stimulus_Arg_PISACowsMilk_10_page_6,122.2,485.3,1205.0
10463407,stimulus_Arg_PISACowsMilk_10_page_6,122.2,485.3,1204.0
10463408,stimulus_Arg_PISACowsMilk_10_page_6,121.3,485.6,1204.0
10463409,stimulus_Arg_PISACowsMilk_10_page_6,120.3,486.1,1203.0
10463410,stimulus_Arg_PISACowsMilk_10_page_6,118.8,486.5,1203.0
10463411,stimulus_Arg_PISACowsMilk_10_page_6,118.2,486.7,1203.0
10463412,stimulus_Arg_PISACowsMilk_10_page_6,117.7,486.9,1203.0
10463413,stimulus_Arg_PISACowsMilk_10_page_6,117.6,487.3,1203.0
10463414,stimulus_Arg_PISACowsMilk_10_page_6,117.5,487.7,1203.0
10463415,stimulus_Arg_PISACowsMilk_10_page_6,117.4,487.9,1203.0
10463416,stimulus_Arg_PISACowsMilk_10_page_6,117.6,487.6,1204.0
10463417,stimulus_Arg_PISACowsMilk_10_page_6,117.8,487.2,1203.0
10463418,stimulus_Arg_PISACowsMilk_10_page_6,118.4,486.9,1201.0
10463419,stimulus_Arg_PISACowsMilk_10_page_6,118.8,486.9,1200.0
10463420,stimulus_Arg_PISACowsMilk_10_page_6,119.1,487.0,1200.0
10463421,stimulus_Arg_PISACowsMilk_10_page_6,119.0,487.0,1201.0
10463422,stimulus_Arg_PISACowsMilk_10_page_6,119.1,486.9,1202.0
10463423,stimulus_Arg_PISACowsMilk_10_page_6,119.2,486.7,1202.0
10463424,stimulus_Arg_PISACowsMilk_10_page_6,119.4,486.6,1201.0
10463425,stimulus_Arg_PISACowsMilk_10_page_6,119.4,486.6,1200.0
10463426,stimulus_Arg_PISACowsMilk_10_page_6,119.1,486.5,1200.0
10463427,stimulus_Arg_PISACowsMilk_10_page_6,118.6,486.4,1200.0
10463428,stimulus_Arg_PISACowsMilk_10_page_6,118.0,486.6,1200.0
10463429,stimulus_Arg_PISACowsMilk_10_page_6,117.7,487.0,1200.0
10463430,stimulus_Arg_PISACowsMilk_10_page_6,117.5,487.3,1200.0
10463431,stimulus_Arg_PISACowsMilk_10_page_6,117.6,487.4,1201.0
10463432,stimulus_Arg_PISACowsMilk_10_page_6,117.9,487.5,1200.0
10463433,stimulus_Arg_PISACowsMilk_10_page_6,118.1,487.5,1199.0
10463434,stimulus_Arg_PISACowsMilk_10_page_6,118.4,487.5,1198.0
10463435,stimulus_Arg_PISACowsMilk_10_page_6,119.1,487.4,1198.0
10463436,stimulus_Arg_PISACowsMilk_10_page_6,119.7,487.4,1197.0
10463437,stimulus_Arg_PISACowsMilk_10_page_6,119.9,487.2,1197.0
10463438,stimulus_Arg_PISACowsMilk_10_page_6,119.9,486.9,1197.0
10463439,stimulus_Arg_PISACowsMilk_10_page_6,120.0,486.7,1197.0
10463440,stimulus_Arg_PISACowsMilk_10_page_6,120.0,486.5,1198.0
10463441,stimulus_Arg_PISACowsMilk_10_page_6,120.0,486.5,1198.0
10463442,stimulus_Arg_PISACowsMilk_10_page_6,120.2,486.4,1198.0
10463443,stimulus_Arg_PISACowsMilk_10_page_6,120.5,486.3,1196.0
10463444,stimulus_Arg_PISACowsMilk_10_page_6,120.7,486.4,1194.0
10463445,stimulus_Arg_PISACowsMilk_10_page_6,120.6,486.9,1192.0
10463446,stimulus_Arg_PISACowsMilk_10_page_6,120.5,487.5,1191.0
10463447,stimulus_Arg_PISACowsMilk_10_page_6,120.4,487.9,1191.0
10463448,stimulus_Arg_PISACowsMilk_10_page_6,120.4,488.3,1192.0
10463449,stimulus_Arg_PISACowsMilk_10_page_6,120.4,488.4,1192.0
10463450,stimulus_Arg_PISACowsMilk_10_page_6,120.4,488.3,1193.0
10463451,stimulus_Arg_PISACowsMilk_10_page_6,120.4,488.3,1193.0
10463452,stimulus_Arg_PISACowsMilk_10_page_6,120.5,488.3,1192.0
10463453,stimulus_Arg_PISACowsMilk_10_page_6,120.5,488.2,1192.0
10463454,stimulus_Arg_PISACowsMilk_10_page_6,120.6,488.2,1192.0
10463455,stimulus_Arg_PISACowsMilk_10_page_6,120.5,488.2,1191.0
10463456,stimulus_Arg_PISACowsMilk_10_page_6,120.5,488.4,1191.0
10463457,stimulus_Arg_PISACowsMilk_10_page_6,120.4,488.5,1191.0
10463458,stimulus_Arg_PISACowsMilk_10_page_6,120.3,488.6,1191.0
10463459,stimulus_Arg_PISACowsMilk_10_page_6,120.5,488.6,1192.0
10463460,stimulus_Arg_PISACowsMilk_10_page_6,120.8,488.6,1192.0
10463461,stimulus_Arg_PISACowsMilk_10_page_6,121.0,488.5,1192.0
10463462,stimulus_Arg_PISACowsMilk_10_page_6,120.8,488.9,1191.0
10463463,stimulus_Arg_PISACowsMilk_10_page_6,120.3,489.2,1191.0
10463464,stimulus_Arg_PISACowsMilk_10_page_6,119.8,489.4,1190.0
10463465,stimulus_Arg_PISACowsMilk_10_page_6,119.4,489.3,1190.0
10463466,stimulus_Arg_PISACowsMilk_10_page_6,119.4,489.2,1190.0
10463467,stimulus_Arg_PISACowsMilk_10_page_6,120.0,488.9,1190.0
10463468,stimulus_Arg_PISACowsMilk_10_page_6,120.5,488.6,1190.0
10463469,stimulus_Arg_PISACowsMilk_10_page_6,120.9,488.3,1190.0
10463470,stimulus_Arg_PISACowsMilk_10_page_6,121.2,488.0,1190.0
10463471,stimulus_Arg_PISACowsMilk_10_page_6,121.5,487.8,1190.0
10463472,stimulus_Arg_PISACowsMilk_10_page_6,121.8,487.7,1190.0
10463473,stimulus_Arg_PISACowsMilk_10_page_6,121.8,488.1,1190.0
10463474,stimulus_Arg_PISACowsMilk_10_page_6,121.8,488.5,1191.0
10463475,stimulus_Arg_PISACowsMilk_10_page_6,121.6,488.8,1190.0
10463476,stimulus_Arg_PISACowsMilk_10_page_6,121.5,488.8,1190.0
10463477,stimulus_Arg_PISACowsMilk_10_page_6,121.7,488.9,1189.0
10463478,stimulus_Arg_PISACowsMilk_10_page_6,121.9,489.2,1189.0
10463479,stimulus_Arg_PISACowsMilk_10_page_6,122.1,489.4,1189.0
10463480,stimulus_Arg_PISACowsMilk_10_page_6,122.0,489.7,1189.0
10463481,stimulus_Arg_PISACowsMilk_10_page_6,121.9,489.6,1189.0
10463482,stimulus_Arg_PISACowsMilk_10_page_6,121.9,489.6,1189.0
10463483,stimulus_Arg_PISACowsMilk_10_page_6,121.9,489.6,1189.0
10463484,stimulus_Arg_PISACowsMilk_10_page_6,122.1,489.6,1189.0
10463485,stimulus_Arg_PISACowsMilk_10_page_6,122.3,489.6,1189.0
10463486,stimulus_Arg_PISACowsMilk_10_page_6,122.5,489.7,1189.0
10463487,stimulus_Arg_PISACowsMilk_10_page_6,122.5,489.7,1189.0
10463488,stimulus_Arg_PISACowsMilk_10_page_6,122.5,489.8,1189.0
10463489,stimulus_Arg_PISACowsMilk_10_page_6,121.9,489.7,1189.0
10463490,stimulus_Arg_PISACowsMilk_10_page_6,121.4,489.7,1189.0
10463491,stimulus_Arg_PISACowsMilk_10_page_6,121.0,489.3,1189.0
10463492,stimulus_Arg_PISACowsMilk_10_page_6,121.1,489.0,1189.0
10463493,stimulus_Arg_PISACowsMilk_10_page_6,121.2,488.9,1188.0
10463494,stimulus_Arg_PISACowsMilk_10_page_6,121.3,489.1,1188.0
10463495,stimulus_Arg_PISACowsMilk_10_page_6,121.5,489.1,1188.0
10463496,stimulus_Arg_PISACowsMilk_10_page_6,121.6,489.0,1188.0
10463497,stimulus_Arg_PISACowsMilk_10_page_6,121.8,488.9,1187.0
10463498,stimulus_Arg_PISACowsMilk_10_page_6,122.1,488.9,1187.0
10463499,stimulus_Arg_PISACowsMilk_10_page_6,122.4,489.0,1187.0
10463500,stimulus_Arg_PISACowsMilk_10_page_6,122.6,489.0,1187.0
10463501,stimulus_Arg_PISACowsMilk_10_page_6,122.5,488.9,1187.0
10463502,stimulus_Arg_PISACowsMilk_10_page_6,122.5,488.9,1187.0
10463503,stimulus_Arg_PISACowsMilk_10_page_6,122.6,489.0,1187.0
10463504,stimulus_Arg_PISACowsMilk_10_page_6,122.7,489.0,1187.0
10463505,stimulus_Arg_PISACowsMilk_10_page_6,122.5,489.0,1187.0
10463506,stimulus_Arg_PISACowsMilk_10_page_6,122.2,489.0,1187.0
10463507,stimulus_Arg_PISACowsMilk_10_page_6,121.9,489.0,1187.0
10463508,stimulus_Arg_PISACowsMilk_10_page_6,121.7,489.3,1188.0
10463509,stimulus_Arg_PISACowsMilk_10_page_6,121.5,489.6,1188.0
10463510,stimulus_Arg_PISACowsMilk_10_page_6,121.5,490.0,1188.0
10463511,stimulus_Arg_PISACowsMilk_10_page_6,121.5,489.8,1188.0
10463512,stimulus_Arg_PISACowsMilk_10_page_6,121.5,489.6,1188.0
10463513,stimulus_Arg_PISACowsMilk_10_page_6,121.5,489.4,1187.0
10463514,stimulus_Arg_PISACowsMilk_10_page_6,121.5,489.4,1186.0
10463515,stimulus_Arg_PISACowsMilk_10_page_6,121.5,489.5,1186.0
10463516,stimulus_Arg_PISACowsMilk_10_page_6,121.5,489.5,1185.0
10463517,stimulus_Arg_PISACowsMilk_10_page_6,121.5,489.8,1185.0
10463518,stimulus_Arg_PISACowsMilk_10_page_6,121.5,489.9,1185.0
10463519,stimulus_Arg_PISACowsMilk_10_page_6,121.5,490.0,1186.0
10463520,stimulus_Arg_PISACowsMilk_10_page_6,121.5,490.0,1187.0
10463521,stimulus_Arg_PISACowsMilk_10_page_6,121.6,489.9,1187.0
10463522,stimulus_Arg_PISACowsMilk_10_page_6,121.6,490.0,1187.0
10463523,stimulus_Arg_PISACowsMilk_10_page_6,121.6,490.1,1187.0
10463524,stimulus_Arg_PISACowsMilk_10_page_6,121.6,490.2,1186.0
10463525,stimulus_Arg_PISACowsMilk_10_page_6,121.6,490.3,1186.0
10463526,stimulus_Arg_PISACowsMilk_10_page_6,121.7,490.2,1186.0
10463527,stimulus_Arg_PISACowsMilk_10_page_6,121.7,490.1,1185.0
10463528,stimulus_Arg_PISACowsMilk_10_page_6,121.6,490.0,1185.0
10463529,stimulus_Arg_PISACowsMilk_10_page_6,121.8,489.9,1185.0
10463530,stimulus_Arg_PISACowsMilk_10_page_6,122.0,489.9,1186.0
10463531,stimulus_Arg_PISACowsMilk_10_page_6,122.3,489.8,1186.0
10463532,stimulus_Arg_PISACowsMilk_10_page_6,122.3,490.0,1185.0
10463533,stimulus_Arg_PISACowsMilk_10_page_6,122.4,490.1,1184.0
10463534,stimulus_Arg_PISACowsMilk_10_page_6,122.5,490.0,1184.0
10463535,stimulus_Arg_PISACowsMilk_10_page_6,122.4,489.7,1185.0
10463536,stimulus_Arg_PISACowsMilk_10_page_6,122.3,489.5,1185.0
10463537,stimulus_Arg_PISACowsMilk_10_page_6,122.1,489.8,1185.0
10463538,stimulus_Arg_PISACowsMilk_10_page_6,122.1,490.1,1184.0
10463539,stimulus_Arg_PISACowsMilk_10_page_6,122.2,490.2,1184.0
10463540,stimulus_Arg_PISACowsMilk_10_page_6,122.4,490.2,1184.0
10463541,stimulus_Arg_PISACowsMilk_10_page_6,122.5,490.2,1184.0
10463542,stimulus_Arg_PISACowsMilk_10_page_6,122.5,490.3,1184.0
10463543,stimulus_Arg_PISACowsMilk_10_page_6,122.4,490.7,1184.0
10463544,stimulus_Arg_PISACowsMilk_10_page_6,122.4,491.0,1184.0
10463545,stimulus_Arg_PISACowsMilk_10_page_6,122.3,491.3,1184.0
10463546,stimulus_Arg_PISACowsMilk_10_page_6,122.3,491.3,1184.0
10463547,stimulus_Arg_PISACowsMilk_10_page_6,122.4,491.3,1184.0
10463548,stimulus_Arg_PISACowsMilk_10_page_6,122.3,491.2,1183.0
10463549,stimulus_Arg_PISACowsMilk_10_page_6,122.1,490.9,1182.0
10463550,stimulus_Arg_PISACowsMilk_10_page_6,122.0,490.7,1182.0
10463551,stimulus_Arg_PISACowsMilk_10_page_6,122.0,490.5,1182.0
10463552,stimulus_Arg_PISACowsMilk_10_page_6,121.9,490.6,1182.0
10463553,stimulus_Arg_PISACowsMilk_10_page_6,121.8,490.8,1182.0
10463554,stimulus_Arg_PISACowsMilk_10_page_6,121.8,490.9,1181.0
10463555,stimulus_Arg_PISACowsMilk_10_page_6,121.7,491.0,1181.0
10463556,stimulus_Arg_PISACowsMilk_10_page_6,121.7,491.0,1180.0
10463557,stimulus_Arg_PISACowsMilk_10_page_6,121.9,491.0,1180.0
10463558,stimulus_Arg_PISACowsMilk_10_page_6,122.1,491.1,1180.0
10463559,stimulus_Arg_PISACowsMilk_10_page_6,122.4,491.1,1180.0
10463560,stimulus_Arg_PISACowsMilk_10_page_6,122.5,491.1,1180.0
10463561,stimulus_Arg_PISACowsMilk_10_page_6,122.3,491.0,1179.0
10463562,stimulus_Arg_PISACowsMilk_10_page_6,122.0,491.0,1179.0
10463563,stimulus_Arg_PISACowsMilk_10_page_6,121.8,491.0,1178.0
10463564,stimulus_Arg_PISACowsMilk_10_page_6,121.8,491.0,1178.0
10463565,stimulus_Arg_PISACowsMilk_10_page_6,122.1,491.0,1179.0
10463566,stimulus_Arg_PISACowsMilk_10_page_6,122.9,491.1,1180.0
10463567,stimulus_Arg_PISACowsMilk_10_page_6,123.6,491.0,1181.0
10463568,stimulus_Arg_PISACowsMilk_10_page_6,125.4,490.7,1182.0
10463569,stimulus_Arg_PISACowsMilk_10_page_6,128.2,490.4,1182.0
10463570,stimulus_Arg_PISACowsMilk_10_page_6,133.0,490.4,1181.0
10463571,stimulus_Arg_PISACowsMilk_10_page_6,139.8,490.9,1183.0
10463572,stimulus_Arg_PISACowsMilk_10_page_6,148.1,491.6,1185.0
10463573,stimulus_Arg_PISACowsMilk_10_page_6,158.7,492.0,1186.0
10463574,stimulus_Arg_PISACowsMilk_10_page_6,170.5,491.9,1186.0
10463575,stimulus_Arg_PISACowsMilk_10_page_6,183.6,491.6,1187.0
10463576,stimulus_Arg_PISACowsMilk_10_page_6,198.2,490.9,1189.0
10463577,stimulus_Arg_PISACowsMilk_10_page_6,213.2,489.6,1191.0
10463578,stimulus_Arg_PISACowsMilk_10_page_6,229.9,486.8,1192.0
10463579,stimulus_Arg_PISACowsMilk_10_page_6,246.1,484.8,1193.0
10463580,stimulus_Arg_PISACowsMilk_10_page_6,262.6,483.1,1194.0
10463581,stimulus_Arg_PISACowsMilk_10_page_6,278.7,482.6,1195.0
10463582,stimulus_Arg_PISACowsMilk_10_page_6,293.7,482.0,1196.0
10463583,stimulus_Arg_PISACowsMilk_10_page_6,308.6,480.8,1198.0
10463584,stimulus_Arg_PISACowsMilk_10_page_6,321.8,479.7,1201.0
10463585,stimulus_Arg_PISACowsMilk_10_page_6,334.8,478.1,1201.0
10463586,stimulus_Arg_PISACowsMilk_10_page_6,345.7,476.6,1199.0
10463587,stimulus_Arg_PISACowsMilk_10_page_6,355.5,475.1,1196.0
10463588,stimulus_Arg_PISACowsMilk_10_page_6,363.6,472.2,1191.0
10463589,stimulus_Arg_PISACowsMilk_10_page_6,372.4,469.8,1189.0
10463590,stimulus_Arg_PISACowsMilk_10_page_6,379.1,467.0,1187.0
10463591,stimulus_Arg_PISACowsMilk_10_page_6,384.6,465.6,1186.0
10463592,stimulus_Arg_PISACowsMilk_10_page_6,388.6,464.3,1185.0
10463593,stimulus_Arg_PISACowsMilk_10_page_6,392.0,463.4,1182.0
10463594,stimulus_Arg_PISACowsMilk_10_page_6,396.9,462.9,1180.0
10463595,stimulus_Arg_PISACowsMilk_10_page_6,400.8,462.9,1178.0
10463596,stimulus_Arg_PISACowsMilk_10_page_6,407.4,463.0,1177.0
10463597,stimulus_Arg_PISACowsMilk_10_page_6,413.1,463.1,1177.0
10463598,stimulus_Arg_PISACowsMilk_10_page_6,419.7,463.6,1177.0
10463599,stimulus_Arg_PISACowsMilk_10_page_6,426.8,464.1,1179.0
10463600,stimulus_Arg_PISACowsMilk_10_page_6,434.5,464.6,1182.0
10463601,stimulus_Arg_PISACowsMilk_10_page_6,443.5,464.8,1184.0
10463602,stimulus_Arg_PISACowsMilk_10_page_6,452.0,465.0,1186.0
10463603,stimulus_Arg_PISACowsMilk_10_page_6,459.1,465.1,1189.0
10463604,stimulus_Arg_PISACowsMilk_10_page_6,463.8,464.9,1191.0
10463605,stimulus_Arg_PISACowsMilk_10_page_6,467.0,464.6,1189.0
10463606,stimulus_Arg_PISACowsMilk_10_page_6,468.9,464.3,1187.0
10463607,stimulus_Arg_PISACowsMilk_10_page_6,469.5,464.2,1186.0
10463608,stimulus_Arg_PISACowsMilk_10_page_6,468.1,464.0,1186.0
10463609,stimulus_Arg_PISACowsMilk_10_page_6,464.8,463.8,1187.0
10463610,stimulus_Arg_PISACowsMilk_10_page_6,461.3,463.6,1188.0
10463611,stimulus_Arg_PISACowsMilk_10_page_6,457.1,463.4,1190.0
10463612,stimulus_Arg_PISACowsMilk_10_page_6,453.5,463.4,1192.0
10463613,stimulus_Arg_PISACowsMilk_10_page_6,449.9,463.6,1194.0
10463614,stimulus_Arg_PISACowsMilk_10_page_6,447.0,464.1,1195.0
10463615,stimulus_Arg_PISACowsMilk_10_page_6,444.6,465.0,1193.0
10463616,stimulus_Arg_PISACowsMilk_10_page_6,442.7,466.5,1192.0
10463617,stimulus_Arg_PISACowsMilk_10_page_6,441.6,467.9,1192.0
10463618,stimulus_Arg_PISACowsMilk_10_page_6,441.3,469.2,1192.0
10463619,stimulus_Arg_PISACowsMilk_10_page_6,442.1,470.2,1193.0
10463620,stimulus_Arg_PISACowsMilk_10_page_6,443.8,471.1,1194.0
10463621,stimulus_Arg_PISACowsMilk_10_page_6,445.8,471.4,1195.0
10463622,stimulus_Arg_PISACowsMilk_10_page_6,448.3,471.5,1196.0
10463623,stimulus_Arg_PISACowsMilk_10_page_6,451.1,472.1,1199.0
10463624,stimulus_Arg_PISACowsMilk_10_page_6,453.6,472.6,1201.0
10463625,stimulus_Arg_PISACowsMilk_10_page_6,455.5,473.2,1203.0
10463626,stimulus_Arg_PISACowsMilk_10_page_6,456.5,473.2,1202.0
10463627,stimulus_Arg_PISACowsMilk_10_page_6,457.3,472.4,1201.0
10463628,stimulus_Arg_PISACowsMilk_10_page_6,457.8,471.6,1200.0
10463629,stimulus_Arg_PISACowsMilk_10_page_6,458.0,470.4,1200.0
10463630,stimulus_Arg_PISACowsMilk_10_page_6,458.2,469.9,1200.0
10463631,stimulus_Arg_PISACowsMilk_10_page_6,458.3,469.5,1199.0
10463632,stimulus_Arg_PISACowsMilk_10_page_6,458.8,469.6,1199.0
10463633,stimulus_Arg_PISACowsMilk_10_page_6,459.3,470.2,1197.0
10463634,stimulus_Arg_PISACowsMilk_10_page_6,459.6,470.8,1197.0
10463635,stimulus_Arg_PISACowsMilk_10_page_6,459.3,470.7,1196.0
10463636,stimulus_Arg_PISACowsMilk_10_page_6,459.1,470.1,1196.0
10463637,stimulus_Arg_PISACowsMilk_10_page_6,458.9,469.5,1197.0
10463638,stimulus_Arg_PISACowsMilk_10_page_6,459.0,469.6,1198.0
10463639,stimulus_Arg_PISACowsMilk_10_page_6,458.7,469.6,1198.0
10463640,stimulus_Arg_PISACowsMilk_10_page_6,458.4,469.6,1197.0
10463641,stimulus_Arg_PISACowsMilk_10_page_6,458.1,469.4,1197.0
10463642,stimulus_Arg_PISACowsMilk_10_page_6,457.9,469.2,1196.0
10463643,stimulus_Arg_PISACowsMilk_10_page_6,457.7,469.0,1195.0
10463644,stimulus_Arg_PISACowsMilk_10_page_6,457.4,469.1,1193.0
10463645,stimulus_Arg_PISACowsMilk_10_page_6,457.2,469.2,1192.0
10463646,stimulus_Arg_PISACowsMilk_10_page_6,456.8,468.9,1190.0
10463647,stimulus_Arg_PISACowsMilk_10_page_6,456.1,468.3,1191.0
10463648,stimulus_Arg_PISACowsMilk_10_page_6,455.5,467.7,1192.0
10463649,stimulus_Arg_PISACowsMilk_10_page_6,455.4,467.6,1192.0
10463650,stimulus_Arg_PISACowsMilk_10_page_6,455.7,467.6,1193.0
10463651,stimulus_Arg_PISACowsMilk_10_page_6,455.9,467.6,1193.0
10463652,stimulus_Arg_PISACowsMilk_10_page_6,455.8,467.7,1193.0
10463653,stimulus_Arg_PISACowsMilk_10_page_6,455.6,467.8,1193.0
10463654,stimulus_Arg_PISACowsMilk_10_page_6,455.6,467.6,1193.0
10463655,stimulus_Arg_PISACowsMilk_10_page_6,455.6,467.4,1193.0
10463656,stimulus_Arg_PISACowsMilk_10_page_6,455.6,467.3,1193.0
10463657,stimulus_Arg_PISACowsMilk_10_page_6,455.6,467.5,1194.0
10463658,stimulus_Arg_PISACowsMilk_10_page_6,455.8,467.7,1195.0
10463659,stimulus_Arg_PISACowsMilk_10_page_6,456.1,467.8,1195.0
10463660,stimulus_Arg_PISACowsMilk_10_page_6,456.5,467.7,1194.0
10463661,stimulus_Arg_PISACowsMilk_10_page_6,456.5,467.8,1194.0
10463662,stimulus_Arg_PISACowsMilk_10_page_6,456.4,467.9,1194.0
10463663,stimulus_Arg_PISACowsMilk_10_page_6,456.4,467.9,1194.0
10463664,stimulus_Arg_PISACowsMilk_10_page_6,456.3,467.6,1195.0
10463665,stimulus_Arg_PISACowsMilk_10_page_6,456.6,467.5,1195.0
10463666,stimulus_Arg_PISACowsMilk_10_page_6,456.8,467.5,1195.0
10463667,stimulus_Arg_PISACowsMilk_10_page_6,457.1,467.5,1195.0
10463668,stimulus_Arg_PISACowsMilk_10_page_6,457.1,467.4,1195.0
10463669,stimulus_Arg_PISACowsMilk_10_page_6,457.1,467.3,1194.0
10463670,stimulus_Arg_PISACowsMilk_10_page_6,457.1,467.3,1194.0
10463671,stimulus_Arg_PISACowsMilk_10_page_6,456.9,467.1,1195.0
10463672,stimulus_Arg_PISACowsMilk_10_page_6,456.7,466.9,1193.0
10463673,stimulus_Arg_PISACowsMilk_10_page_6,456.6,466.8,1191.0
10463674,stimulus_Arg_PISACowsMilk_10_page_6,456.7,466.9,1189.0
10463675,stimulus_Arg_PISACowsMilk_10_page_6,456.8,466.9,1189.0
10463676,stimulus_Arg_PISACowsMilk_10_page_6,456.8,466.9,1189.0
10463677,stimulus_Arg_PISACowsMilk_10_page_6,456.9,466.9,1189.0
10463678,stimulus_Arg_PISACowsMilk_10_page_6,457.1,467.1,1188.0
10463679,stimulus_Arg_PISACowsMilk_10_page_6,457.3,467.3,1189.0
10463680,stimulus_Arg_PISACowsMilk_10_page_6,457.6,467.4,1190.0
10463681,stimulus_Arg_PISACowsMilk_10_page_6,458.1,467.3,1191.0
10463682,stimulus_Arg_PISACowsMilk_10_page_6,458.4,467.3,1191.0
10463683,stimulus_Arg_PISACowsMilk_10_page_6,458.7,467.2,1191.0
10463684,stimulus_Arg_PISACowsMilk_10_page_6,458.8,467.3,1190.0
10463685,stimulus_Arg_PISACowsMilk_10_page_6,458.6,467.7,1190.0
10463686,stimulus_Arg_PISACowsMilk_10_page_6,458.6,468.3,1190.0
10463687,stimulus_Arg_PISACowsMilk_10_page_6,458.7,469.3,1191.0
10463688,stimulus_Arg_PISACowsMilk_10_page_6,458.8,470.0,1191.0
10463689,stimulus_Arg_PISACowsMilk_10_page_6,458.9,470.4,1192.0
10463690,stimulus_Arg_PISACowsMilk_10_page_6,459.2,470.3,1192.0
10463691,stimulus_Arg_PISACowsMilk_10_page_6,459.5,470.2,1192.0
10463692,stimulus_Arg_PISACowsMilk_10_page_6,460.4,470.3,1193.0
10463693,stimulus_Arg_PISACowsMilk_10_page_6,461.1,470.4,1194.0
10463694,stimulus_Arg_PISACowsMilk_10_page_6,461.4,470.4,1194.0
10463695,stimulus_Arg_PISACowsMilk_10_page_6,461.1,470.3,1195.0
10463696,stimulus_Arg_PISACowsMilk_10_page_6,460.9,470.1,1195.0
10463697,stimulus_Arg_PISACowsMilk_10_page_6,460.9,470.2,1195.0
10463698,stimulus_Arg_PISACowsMilk_10_page_6,460.9,470.2,1195.0
10463699,stimulus_Arg_PISACowsMilk_10_page_6,461.0,470.2,1196.0
10463700,stimulus_Arg_PISACowsMilk_10_page_6,460.7,470.1,1197.0
10463701,stimulus_Arg_PISACowsMilk_10_page_6,460.3,470.2,1197.0
10463702,stimulus_Arg_PISACowsMilk_10_page_6,460.0,470.5,1197.0
10463703,stimulus_Arg_PISACowsMilk_10_page_6,460.0,470.6,1197.0
10463704,stimulus_Arg_PISACowsMilk_10_page_6,459.9,470.4,1197.0
10463705,stimulus_Arg_PISACowsMilk_10_page_6,459.6,470.3,1197.0
10463706,stimulus_Arg_PISACowsMilk_10_page_6,459.4,470.4,1198.0
10463707,stimulus_Arg_PISACowsMilk_10_page_6,459.3,470.4,1199.0
10463708,stimulus_Arg_PISACowsMilk_10_page_6,459.6,470.3,1199.0
10463709,stimulus_Arg_PISACowsMilk_10_page_6,459.8,470.6,1199.0
10463710,stimulus_Arg_PISACowsMilk_10_page_6,460.0,471.0,1199.0
10463711,stimulus_Arg_PISACowsMilk_10_page_6,459.9,471.4,1199.0
10463712,stimulus_Arg_PISACowsMilk_10_page_6,459.9,471.5,1199.0
10463713,stimulus_Arg_PISACowsMilk_10_page_6,460.0,471.6,1199.0
10463714,stimulus_Arg_PISACowsMilk_10_page_6,460.0,471.9,1199.0
10463715,stimulus_Arg_PISACowsMilk_10_page_6,460.0,471.9,1199.0
10463716,stimulus_Arg_PISACowsMilk_10_page_6,459.8,471.8,1199.0
10463717,stimulus_Arg_PISACowsMilk_10_page_6,459.6,471.6,1199.0
10463718,stimulus_Arg_PISACowsMilk_10_page_6,459.4,471.5,1200.0
10463719,stimulus_Arg_PISACowsMilk_10_page_6,459.2,471.8,1201.0
10463720,stimulus_Arg_PISACowsMilk_10_page_6,459.1,472.0,1202.0
10463721,stimulus_Arg_PISACowsMilk_10_page_6,459.0,472.2,1202.0
10463722,stimulus_Arg_PISACowsMilk_10_page_6,458.9,472.2,1201.0
10463723,stimulus_Arg_PISACowsMilk_10_page_6,458.8,472.3,1200.0
10463724,stimulus_Arg_PISACowsMilk_10_page_6,458.7,472.4,1200.0
10463725,stimulus_Arg_PISACowsMilk_10_page_6,458.7,472.6,1201.0
10463726,stimulus_Arg_PISACowsMilk_10_page_6,458.7,472.7,1202.0
10463727,stimulus_Arg_PISACowsMilk_10_page_6,459.1,472.7,1202.0
10463728,stimulus_Arg_PISACowsMilk_10_page_6,459.4,472.6,1202.0
10463729,stimulus_Arg_PISACowsMilk_10_page_6,459.7,472.3,1202.0
10463730,stimulus_Arg_PISACowsMilk_10_page_6,459.8,472.0,1202.0
10463731,stimulus_Arg_PISACowsMilk_10_page_6,459.8,471.7,1202.0
10463732,stimulus_Arg_PISACowsMilk_10_page_6,459.7,471.7,1202.0
10463733,stimulus_Arg_PISACowsMilk_10_page_6,459.7,471.7,1201.0
10463734,stimulus_Arg_PISACowsMilk_10_page_6,459.7,471.5,1201.0
10463735,stimulus_Arg_PISACowsMilk_10_page_6,459.5,471.3,1200.0
10463736,stimulus_Arg_PISACowsMilk_10_page_6,459.2,470.9,1199.0
10463737,stimulus_Arg_PISACowsMilk_10_page_6,458.8,470.7,1199.0
10463738,stimulus_Arg_PISACowsMilk_10_page_6,458.7,470.5,1199.0
10463739,stimulus_Arg_PISACowsMilk_10_page_6,458.6,470.5,1200.0
10463740,stimulus_Arg_PISACowsMilk_10_page_6,458.5,470.5,1200.0
10463741,stimulus_Arg_PISACowsMilk_10_page_6,458.4,470.4,1200.0
10463742,stimulus_Arg_PISACowsMilk_10_page_6,458.3,470.4,1200.0
10463743,stimulus_Arg_PISACowsMilk_10_page_6,458.3,470.4,1200.0
10463744,stimulus_Arg_PISACowsMilk_10_page_6,458.3,470.2,1200.0
10463745,stimulus_Arg_PISACowsMilk_10_page_6,458.3,470.0,1200.0
10463746,stimulus_Arg_PISACowsMilk_10_page_6,458.3,469.9,1201.0
10463747,stimulus_Arg_PISACowsMilk_10_page_6,458.4,470.0,1201.0
10463748,stimulus_Arg_PISACowsMilk_10_page_6,458.5,470.0,1200.0
10463749,stimulus_Arg_PISACowsMilk_10_page_6,458.4,469.9,1200.0
10463750,stimulus_Arg_PISACowsMilk_10_page_6,458.0,469.7,1200.0
10463751,stimulus_Arg_PISACowsMilk_10_page_6,457.7,469.9,1200.0
10463752,stimulus_Arg_PISACowsMilk_10_page_6,457.5,470.2,1200.0
10463753,stimulus_Arg_PISACowsMilk_10_page_6,457.5,470.7,1200.0
10463754,stimulus_Arg_PISACowsMilk_10_page_6,457.5,470.9,1199.0
10463755,stimulus_Arg_PISACowsMilk_10_page_6,457.6,471.1,1198.0
10463756,stimulus_Arg_PISACowsMilk_10_page_6,457.6,471.5,1197.0
10463757,stimulus_Arg_PISACowsMilk_10_page_6,457.6,471.8,1197.0
10463758,stimulus_Arg_PISACowsMilk_10_page_6,457.4,472.0,1197.0
10463759,stimulus_Arg_PISACowsMilk_10_page_6,457.2,471.8,1197.0
10463760,stimulus_Arg_PISACowsMilk_10_page_6,457.1,471.5,1197.0
10463761,stimulus_Arg_PISACowsMilk_10_page_6,457.2,471.2,1197.0
10463762,stimulus_Arg_PISACowsMilk_10_page_6,457.1,470.9,1198.0
10463763,stimulus_Arg_PISACowsMilk_10_page_6,457.0,470.8,1199.0
10463764,stimulus_Arg_PISACowsMilk_10_page_6,457.1,470.8,1200.0
10463765,stimulus_Arg_PISACowsMilk_10_page_6,457.3,470.9,1200.0
10463766,stimulus_Arg_PISACowsMilk_10_page_6,457.6,470.9,1200.0
10463767,stimulus_Arg_PISACowsMilk_10_page_6,457.6,471.1,1200.0
10463768,stimulus_Arg_PISACowsMilk_10_page_6,457.5,471.2,1200.0
10463769,stimulus_Arg_PISACowsMilk_10_page_6,457.4,471.4,1201.0
10463770,stimulus_Arg_PISACowsMilk_10_page_6,457.5,471.7,1202.0
10463771,stimulus_Arg_PISACowsMilk_10_page_6,457.7,471.9,1203.0
10463772,stimulus_Arg_PISACowsMilk_10_page_6,458.0,472.2,1203.0
10463773,stimulus_Arg_PISACowsMilk_10_page_6,458.2,472.4,1202.0
10463774,stimulus_Arg_PISACowsMilk_10_page_6,458.3,472.6,1202.0
10463775,stimulus_Arg_PISACowsMilk_10_page_6,458.3,472.9,1202.0
10463776,stimulus_Arg_PISACowsMilk_10_page_6,458.6,473.1,1202.0
10463777,stimulus_Arg_PISACowsMilk_10_page_6,458.9,473.2,1203.0
10463778,stimulus_Arg_PISACowsMilk_10_page_6,459.1,473.3,1203.0
10463779,stimulus_Arg_PISACowsMilk_10_page_6,459.1,473.4,1203.0
10463780,stimulus_Arg_PISACowsMilk_10_page_6,459.1,473.3,1203.0
10463781,stimulus_Arg_PISACowsMilk_10_page_6,459.2,472.9,1202.0
10463782,stimulus_Arg_PISACowsMilk_10_page_6,459.4,472.5,1202.0
10463783,stimulus_Arg_PISACowsMilk_10_page_6,459.3,472.5,1202.0
10463784,stimulus_Arg_PISACowsMilk_10_page_6,459.2,472.5,1202.0
10463785,stimulus_Arg_PISACowsMilk_10_page_6,459.2,472.4,1202.0
10463786,stimulus_Arg_PISACowsMilk_10_page_6,459.3,472.2,1202.0
10463787,stimulus_Arg_PISACowsMilk_10_page_6,459.4,472.1,1201.0
10463788,stimulus_Arg_PISACowsMilk_10_page_6,459.5,471.8,1200.0
10463789,stimulus_Arg_PISACowsMilk_10_page_6,459.5,471.6,1200.0
10463790,stimulus_Arg_PISACowsMilk_10_page_6,459.5,471.4,1201.0
10463791,stimulus_Arg_PISACowsMilk_10_page_6,459.7,471.5,1202.0
10463792,stimulus_Arg_PISACowsMilk_10_page_6,459.9,471.7,1204.0
10463793,stimulus_Arg_PISACowsMilk_10_page_6,460.2,471.9,1203.0
10463794,stimulus_Arg_PISACowsMilk_10_page_6,460.7,472.1,1203.0
10463795,stimulus_Arg_PISACowsMilk_10_page_6,461.2,472.2,1203.0
10463796,stimulus_Arg_PISACowsMilk_10_page_6,461.6,472.0,1203.0
10463797,stimulus_Arg_PISACowsMilk_10_page_6,461.6,471.6,1202.0
10463798,stimulus_Arg_PISACowsMilk_10_page_6,461.7,471.3,1200.0
10463799,stimulus_Arg_PISACowsMilk_10_page_6,461.9,471.3,1199.0
10463800,stimulus_Arg_PISACowsMilk_10_page_6,462.1,471.2,1199.0
10463801,stimulus_Arg_PISACowsMilk_10_page_6,462.3,471.0,1199.0
10463802,stimulus_Arg_PISACowsMilk_10_page_6,462.5,471.2,1199.0
10463803,stimulus_Arg_PISACowsMilk_10_page_6,462.7,471.6,1200.0
10463804,stimulus_Arg_PISACowsMilk_10_page_6,462.8,472.0,1200.0
10463805,stimulus_Arg_PISACowsMilk_10_page_6,462.5,472.1,1201.0
10463806,stimulus_Arg_PISACowsMilk_10_page_6,462.2,472.5,1200.0
10463807,stimulus_Arg_PISACowsMilk_10_page_6,462.0,472.9,1199.0
10463808,stimulus_Arg_PISACowsMilk_10_page_6,461.9,473.4,1200.0
10463809,stimulus_Arg_PISACowsMilk_10_page_6,461.8,473.6,1202.0
10463810,stimulus_Arg_PISACowsMilk_10_page_6,461.9,473.6,1203.0
10463811,stimulus_Arg_PISACowsMilk_10_page_6,462.0,473.4,1203.0
10463812,stimulus_Arg_PISACowsMilk_10_page_6,462.3,473.3,1204.0
10463813,stimulus_Arg_PISACowsMilk_10_page_6,462.5,473.1,1203.0
10463814,stimulus_Arg_PISACowsMilk_10_page_6,462.7,473.0,1202.0
10463815,stimulus_Arg_PISACowsMilk_10_page_6,462.7,472.8,1201.0
10463816,stimulus_Arg_PISACowsMilk_10_page_6,462.7,472.6,1201.0
10463817,stimulus_Arg_PISACowsMilk_10_page_6,462.8,472.4,1201.0
10463818,stimulus_Arg_PISACowsMilk_10_page_6,462.9,472.7,1202.0
10463819,stimulus_Arg_PISACowsMilk_10_page_6,463.0,473.2,1203.0
10463820,stimulus_Arg_PISACowsMilk_10_page_6,463.1,473.3,1203.0
10463821,stimulus_Arg_PISACowsMilk_10_page_6,463.1,472.9,1201.0
10463822,stimulus_Arg_PISACowsMilk_10_page_6,463.0,472.4,1200.0
10463823,stimulus_Arg_PISACowsMilk_10_page_6,462.8,472.5,1200.0
10463824,stimulus_Arg_PISACowsMilk_10_page_6,462.7,472.7,1201.0
10463825,stimulus_Arg_PISACowsMilk_10_page_6,462.7,473.0,1203.0
10463826,stimulus_Arg_PISACowsMilk_10_page_6,462.6,472.9,1204.0
10463827,stimulus_Arg_PISACowsMilk_10_page_6,462.6,472.9,1206.0
10463828,stimulus_Arg_PISACowsMilk_10_page_6,462.7,473.3,1206.0
10463829,stimulus_Arg_PISACowsMilk_10_page_6,462.9,473.7,1206.0
10463830,stimulus_Arg_PISACowsMilk_10_page_6,463.1,474.2,1207.0
10463831,stimulus_Arg_PISACowsMilk_10_page_6,463.2,474.2,1207.0
10463832,stimulus_Arg_PISACowsMilk_10_page_6,463.2,474.2,1207.0
10463833,stimulus_Arg_PISACowsMilk_10_page_6,463.2,474.2,1207.0
10463834,stimulus_Arg_PISACowsMilk_10_page_6,463.1,474.5,1205.0
10463835,stimulus_Arg_PISACowsMilk_10_page_6,462.9,474.7,1203.0
10463836,stimulus_Arg_PISACowsMilk_10_page_6,462.8,475.1,1203.0
10463837,stimulus_Arg_PISACowsMilk_10_page_6,462.8,475.2,1204.0
10463838,stimulus_Arg_PISACowsMilk_10_page_6,462.8,474.8,1205.0
10463839,stimulus_Arg_PISACowsMilk_10_page_6,463.1,474.4,1206.0
10463840,stimulus_Arg_PISACowsMilk_10_page_6,463.4,474.1,1207.0
10463841,stimulus_Arg_PISACowsMilk_10_page_6,463.4,474.4,1207.0
10463842,stimulus_Arg_PISACowsMilk_10_page_6,463.1,474.6,1206.0
10463843,stimulus_Arg_PISACowsMilk_10_page_6,462.8,474.6,1207.0
10463844,stimulus_Arg_PISACowsMilk_10_page_6,462.8,474.6,1207.0
10463845,stimulus_Arg_PISACowsMilk_10_page_6,462.9,474.5,1207.0
10463846,stimulus_Arg_PISACowsMilk_10_page_6,462.9,474.5,1207.0
10463847,stimulus_Arg_PISACowsMilk_10_page_6,463.0,474.5,1207.0
10463848,stimulus_Arg_PISACowsMilk_10_page_6,463.1,474.3,1207.0
10463849,stimulus_Arg_PISACowsMilk_10_page_6,463.4,473.9,1207.0
10463850,stimulus_Arg_PISACowsMilk_10_page_6,463.6,473.5,1207.0
10463851,stimulus_Arg_PISACowsMilk_10_page_6,463.9,473.1,1208.0
10463852,stimulus_Arg_PISACowsMilk_10_page_6,463.9,473.0,1209.0
10463853,stimulus_Arg_PISACowsMilk_10_page_6,464.4,473.2,1210.0
10463854,stimulus_Arg_PISACowsMilk_10_page_6,464.8,473.5,1211.0
10463855,stimulus_Arg_PISACowsMilk_10_page_6,465.2,473.7,1211.0
10463856,stimulus_Arg_PISACowsMilk_10_page_6,464.5,473.6,1210.0
10463857,stimulus_Arg_PISACowsMilk_10_page_6,463.9,473.5,1209.0
10463858,stimulus_Arg_PISACowsMilk_10_page_6,463.1,473.5,1208.0
10463859,stimulus_Arg_PISACowsMilk_10_page_6,462.9,473.4,1208.0
10463860,stimulus_Arg_PISACowsMilk_10_page_6,462.6,473.3,1208.0
10463861,stimulus_Arg_PISACowsMilk_10_page_6,462.6,473.4,1208.0
10463862,stimulus_Arg_PISACowsMilk_10_page_6,462.7,473.4,1208.0
10463863,stimulus_Arg_PISACowsMilk_10_page_6,462.8,473.4,1209.0
10463864,stimulus_Arg_PISACowsMilk_10_page_6,462.8,473.5,1209.0
10463865,stimulus_Arg_PISACowsMilk_10_page_6,462.9,473.7,1209.0
10463866,stimulus_Arg_PISACowsMilk_10_page_6,463.1,473.9,1210.0
10463867,stimulus_Arg_PISACowsMilk_10_page_6,463.2,473.7,1212.0
10463868,stimulus_Arg_PISACowsMilk_10_page_6,463.1,473.5,1213.0
10463869,stimulus_Arg_PISACowsMilk_10_page_6,463.0,473.3,1213.0
10463870,stimulus_Arg_PISACowsMilk_10_page_6,462.8,473.5,1213.0
10463871,stimulus_Arg_PISACowsMilk_10_page_6,462.7,473.7,1213.0
10463872,stimulus_Arg_PISACowsMilk_10_page_6,462.6,473.8,1213.0
10463873,stimulus_Arg_PISACowsMilk_10_page_6,462.5,473.9,1212.0
10463874,stimulus_Arg_PISACowsMilk_10_page_6,462.5,473.9,1211.0
10463875,stimulus_Arg_PISACowsMilk_10_page_6,462.5,473.9,1211.0
10463876,stimulus_Arg_PISACowsMilk_10_page_6,462.5,474.0,1211.0
10463877,stimulus_Arg_PISACowsMilk_10_page_6,462.6,474.3,1212.0
10463878,stimulus_Arg_PISACowsMilk_10_page_6,462.6,474.7,1214.0
10463879,stimulus_Arg_PISACowsMilk_10_page_6,462.6,475.0,1215.0
10463880,stimulus_Arg_PISACowsMilk_10_page_6,462.5,475.2,1216.0
10463881,stimulus_Arg_PISACowsMilk_10_page_6,462.7,475.2,1216.0
10463882,stimulus_Arg_PISACowsMilk_10_page_6,463.0,475.4,1216.0
10463883,stimulus_Arg_PISACowsMilk_10_page_6,463.2,475.7,1217.0
10463884,stimulus_Arg_PISACowsMilk_10_page_6,463.1,475.9,1218.0
10463885,stimulus_Arg_PISACowsMilk_10_page_6,462.8,475.8,1219.0
10463886,stimulus_Arg_PISACowsMilk_10_page_6,462.4,475.7,1220.0
10463887,stimulus_Arg_PISACowsMilk_10_page_6,462.0,475.7,1220.0
10463888,stimulus_Arg_PISACowsMilk_10_page_6,461.9,475.7,1221.0
10463889,stimulus_Arg_PISACowsMilk_10_page_6,462.0,475.7,1221.0
10463890,stimulus_Arg_PISACowsMilk_10_page_6,464.2,475.7,1221.0
10463891,stimulus_Arg_PISACowsMilk_10_page_6,469.2,476.5,1221.0
10463892,stimulus_Arg_PISACowsMilk_10_page_6,475.8,477.3,1221.0
10463893,stimulus_Arg_PISACowsMilk_10_page_6,481.7,478.1,1222.0
10463894,stimulus_Arg_PISACowsMilk_10_page_6,489.2,478.5,1223.0
10463895,stimulus_Arg_PISACowsMilk_10_page_6,497.2,479.0,1223.0
10463896,stimulus_Arg_PISACowsMilk_10_page_6,506.3,479.7,1223.0
10463897,stimulus_Arg_PISACowsMilk_10_page_6,515.2,480.4,1226.0
10463898,stimulus_Arg_PISACowsMilk_10_page_6,523.8,479.9,1229.0
10463899,stimulus_Arg_PISACowsMilk_10_page_6,533.0,478.7,1232.0
10463900,stimulus_Arg_PISACowsMilk_10_page_6,540.3,476.9,1232.0
10463901,stimulus_Arg_PISACowsMilk_10_page_6,546.7,476.0,1232.0
10463902,stimulus_Arg_PISACowsMilk_10_page_6,550.9,475.9,1231.0
10463903,stimulus_Arg_PISACowsMilk_10_page_6,553.1,475.5,1229.0
10463904,stimulus_Arg_PISACowsMilk_10_page_6,554.6,474.8,1227.0
10463905,stimulus_Arg_PISACowsMilk_10_page_6,554.9,474.0,1226.0
10463906,stimulus_Arg_PISACowsMilk_10_page_6,554.9,473.8,1226.0
10463907,stimulus_Arg_PISACowsMilk_10_page_6,554.0,474.3,1225.0
10463908,stimulus_Arg_PISACowsMilk_10_page_6,551.7,474.9,1224.0
10463909,stimulus_Arg_PISACowsMilk_10_page_6,548.5,475.5,1223.0
10463910,stimulus_Arg_PISACowsMilk_10_page_6,544.9,475.6,1223.0
10463911,stimulus_Arg_PISACowsMilk_10_page_6,542.0,475.7,1222.0
10463912,stimulus_Arg_PISACowsMilk_10_page_6,539.0,476.0,1221.0
10463913,stimulus_Arg_PISACowsMilk_10_page_6,536.8,476.3,1221.0
10463914,stimulus_Arg_PISACowsMilk_10_page_6,535.2,476.7,1222.0
10463915,stimulus_Arg_PISACowsMilk_10_page_6,534.2,477.0,1223.0
10463916,stimulus_Arg_PISACowsMilk_10_page_6,533.4,477.8,1223.0
10463917,stimulus_Arg_PISACowsMilk_10_page_6,532.7,478.8,1225.0
10463918,stimulus_Arg_PISACowsMilk_10_page_6,532.2,479.8,1227.0
10463919,stimulus_Arg_PISACowsMilk_10_page_6,531.8,480.3,1229.0
10463920,stimulus_Arg_PISACowsMilk_10_page_6,531.7,480.3,1229.0
10463921,stimulus_Arg_PISACowsMilk_10_page_6,532.0,480.6,1230.0
10463922,stimulus_Arg_PISACowsMilk_10_page_6,532.5,480.8,1230.0
10463923,stimulus_Arg_PISACowsMilk_10_page_6,533.3,481.2,1230.0
10463924,stimulus_Arg_PISACowsMilk_10_page_6,533.7,481.5,1230.0
10463925,stimulus_Arg_PISACowsMilk_10_page_6,534.6,481.6,1230.0
10463926,stimulus_Arg_PISACowsMilk_10_page_6,535.4,481.6,1229.0
10463927,stimulus_Arg_PISACowsMilk_10_page_6,536.3,481.5,1229.0
10463928,stimulus_Arg_PISACowsMilk_10_page_6,536.8,481.4,1229.0
10463929,stimulus_Arg_PISACowsMilk_10_page_6,537.2,481.3,1230.0
10463930,stimulus_Arg_PISACowsMilk_10_page_6,537.7,481.1,1230.0
10463931,stimulus_Arg_PISACowsMilk_10_page_6,538.4,480.9,1230.0
10463932,stimulus_Arg_PISACowsMilk_10_page_6,538.9,480.8,1230.0
10463933,stimulus_Arg_PISACowsMilk_10_page_6,539.3,480.8,1230.0
10463934,stimulus_Arg_PISACowsMilk_10_page_6,539.3,480.8,1230.0
10463935,stimulus_Arg_PISACowsMilk_10_page_6,539.3,480.6,1229.0
10463936,stimulus_Arg_PISACowsMilk_10_page_6,539.3,480.4,1229.0
10463937,stimulus_Arg_PISACowsMilk_10_page_6,539.0,480.2,1230.0
10463938,stimulus_Arg_PISACowsMilk_10_page_6,538.7,480.2,1230.0
10463939,stimulus_Arg_PISACowsMilk_10_page_6,538.6,480.3,1231.0
10463940,stimulus_Arg_PISACowsMilk_10_page_6,538.8,480.5,1232.0
10463941,stimulus_Arg_PISACowsMilk_10_page_6,539.2,480.8,1233.0
10463942,stimulus_Arg_PISACowsMilk_10_page_6,539.4,480.8,1233.0
10463943,stimulus_Arg_PISACowsMilk_10_page_6,539.4,480.4,1233.0
10463944,stimulus_Arg_PISACowsMilk_10_page_6,539.1,480.0,1232.0
10463945,stimulus_Arg_PISACowsMilk_10_page_6,538.8,479.6,1233.0
10463946,stimulus_Arg_PISACowsMilk_10_page_6,538.9,479.7,1233.0
10463947,stimulus_Arg_PISACowsMilk_10_page_6,538.9,479.6,1233.0
10463948,stimulus_Arg_PISACowsMilk_10_page_6,538.8,479.4,1233.0
10463949,stimulus_Arg_PISACowsMilk_10_page_6,538.6,479.3,1233.0
10463950,stimulus_Arg_PISACowsMilk_10_page_6,538.4,479.2,1233.0
10463951,stimulus_Arg_PISACowsMilk_10_page_6,538.4,479.3,1233.0
10463952,stimulus_Arg_PISACowsMilk_10_page_6,538.4,479.3,1232.0
10463953,stimulus_Arg_PISACowsMilk_10_page_6,538.4,479.2,1232.0
10463954,stimulus_Arg_PISACowsMilk_10_page_6,538.4,479.1,1232.0
10463955,stimulus_Arg_PISACowsMilk_10_page_6,538.9,479.1,1232.0
10463956,stimulus_Arg_PISACowsMilk_10_page_6,539.3,479.1,1232.0
10463957,stimulus_Arg_PISACowsMilk_10_page_6,539.7,479.1,1232.0
10463958,stimulus_Arg_PISACowsMilk_10_page_6,540.0,479.3,1232.0
10463959,stimulus_Arg_PISACowsMilk_10_page_6,540.2,479.4,1232.0
10463960,stimulus_Arg_PISACowsMilk_10_page_6,540.5,479.5,1231.0
10463961,stimulus_Arg_PISACowsMilk_10_page_6,540.4,479.8,1231.0
10463962,stimulus_Arg_PISACowsMilk_10_page_6,540.1,480.2,1231.0
10463963,stimulus_Arg_PISACowsMilk_10_page_6,539.7,480.5,1230.0
10463964,stimulus_Arg_PISACowsMilk_10_page_6,539.3,480.5,1230.0
10463965,stimulus_Arg_PISACowsMilk_10_page_6,539.4,480.4,1229.0
10463966,stimulus_Arg_PISACowsMilk_10_page_6,539.5,480.3,1229.0
10463967,stimulus_Arg_PISACowsMilk_10_page_6,539.1,480.2,1230.0
10463968,stimulus_Arg_PISACowsMilk_10_page_6,538.7,480.1,1230.0
10463969,stimulus_Arg_PISACowsMilk_10_page_6,538.3,479.9,1231.0
10463970,stimulus_Arg_PISACowsMilk_10_page_6,538.2,479.9,1231.0
10463971,stimulus_Arg_PISACowsMilk_10_page_6,538.5,479.8,1231.0
10463972,stimulus_Arg_PISACowsMilk_10_page_6,539.0,479.6,1231.0
10463973,stimulus_Arg_PISACowsMilk_10_page_6,539.4,479.5,1230.0
10463974,stimulus_Arg_PISACowsMilk_10_page_6,539.5,479.4,1230.0
10463975,stimulus_Arg_PISACowsMilk_10_page_6,539.4,479.6,1229.0
10463976,stimulus_Arg_PISACowsMilk_10_page_6,539.4,479.9,1229.0
10463977,stimulus_Arg_PISACowsMilk_10_page_6,539.5,480.1,1230.0
10463978,stimulus_Arg_PISACowsMilk_10_page_6,539.7,480.1,1229.0
10463979,stimulus_Arg_PISACowsMilk_10_page_6,539.7,480.2,1228.0
10463980,stimulus_Arg_PISACowsMilk_10_page_6,539.6,480.1,1227.0
10463981,stimulus_Arg_PISACowsMilk_10_page_6,539.4,480.0,1228.0
10463982,stimulus_Arg_PISACowsMilk_10_page_6,539.3,479.8,1228.0
10463983,stimulus_Arg_PISACowsMilk_10_page_6,539.3,479.7,1228.0
10463984,stimulus_Arg_PISACowsMilk_10_page_6,539.2,479.5,1226.0
10463985,stimulus_Arg_PISACowsMilk_10_page_6,539.2,479.4,1225.0
10463986,stimulus_Arg_PISACowsMilk_10_page_6,539.2,479.3,1225.0
10463987,stimulus_Arg_PISACowsMilk_10_page_6,539.1,479.4,1224.0
10463988,stimulus_Arg_PISACowsMilk_10_page_6,539.2,479.3,1224.0
10463989,stimulus_Arg_PISACowsMilk_10_page_6,539.1,479.1,1224.0
10463990,stimulus_Arg_PISACowsMilk_10_page_6,539.1,479.0,1224.0
10463991,stimulus_Arg_PISACowsMilk_10_page_6,539.1,479.1,1224.0
10463992,stimulus_Arg_PISACowsMilk_10_page_6,539.1,479.1,1225.0
10463993,stimulus_Arg_PISACowsMilk_10_page_6,539.2,479.0,1225.0
10463994,stimulus_Arg_PISACowsMilk_10_page_6,539.2,479.2,1225.0
10463995,stimulus_Arg_PISACowsMilk_10_page_6,539.1,479.4,1225.0
10463996,stimulus_Arg_PISACowsMilk_10_page_6,538.8,479.6,1225.0
10463997,stimulus_Arg_PISACowsMilk_10_page_6,538.6,479.6,1225.0
10463998,stimulus_Arg_PISACowsMilk_10_page_6,538.3,479.4,1224.0
10463999,stimulus_Arg_PISACowsMilk_10_page_6,538.3,479.2,1224.0
10464000,stimulus_Arg_PISACowsMilk_10_page_6,538.3,479.1,1224.0
10464001,stimulus_Arg_PISACowsMilk_10_page_6,538.3,479.0,1224.0
10464002,stimulus_Arg_PISACowsMilk_10_page_6,538.2,479.3,1223.0
10464003,stimulus_Arg_PISACowsMilk_10_page_6,538.1,479.7,1222.0
10464004,stimulus_Arg_PISACowsMilk_10_page_6,538.2,480.0,1222.0
10464005,stimulus_Arg_PISACowsMilk_10_page_6,538.7,480.0,1221.0
10464006,stimulus_Arg_PISACowsMilk_10_page_6,539.2,479.8,1221.0
10464007,stimulus_Arg_PISACowsMilk_10_page_6,539.6,479.6,1221.0
10464008,stimulus_Arg_PISACowsMilk_10_page_6,539.6,479.4,1220.0
10464009,stimulus_Arg_PISACowsMilk_10_page_6,539.5,479.5,1220.0
10464010,stimulus_Arg_PISACowsMilk_10_page_6,539.6,479.6,1220.0
10464011,stimulus_Arg_PISACowsMilk_10_page_6,539.6,479.7,1219.0
10464012,stimulus_Arg_PISACowsMilk_10_page_6,539.7,479.8,1219.0
10464013,stimulus_Arg_PISACowsMilk_10_page_6,539.6,480.2,1219.0
10464014,stimulus_Arg_PISACowsMilk_10_page_6,539.5,480.5,1220.0
10464015,stimulus_Arg_PISACowsMilk_10_page_6,539.5,480.7,1220.0
10464016,stimulus_Arg_PISACowsMilk_10_page_6,539.5,480.2,1221.0
10464017,stimulus_Arg_PISACowsMilk_10_page_6,539.6,479.8,1221.0
10464018,stimulus_Arg_PISACowsMilk_10_page_6,539.7,479.3,1220.0
10464019,stimulus_Arg_PISACowsMilk_10_page_6,539.8,479.2,1220.0
10464020,stimulus_Arg_PISACowsMilk_10_page_6,539.7,479.0,1220.0
10464021,stimulus_Arg_PISACowsMilk_10_page_6,539.7,478.9,1219.0
10464022,stimulus_Arg_PISACowsMilk_10_page_6,539.9,478.9,1219.0
10464023,stimulus_Arg_PISACowsMilk_10_page_6,540.1,478.8,1219.0
10464024,stimulus_Arg_PISACowsMilk_10_page_6,540.4,478.8,1219.0
10464025,stimulus_Arg_PISACowsMilk_10_page_6,540.5,478.7,1220.0
10464026,stimulus_Arg_PISACowsMilk_10_page_6,540.6,478.8,1220.0
10464027,stimulus_Arg_PISACowsMilk_10_page_6,540.6,479.0,1220.0
10464028,stimulus_Arg_PISACowsMilk_10_page_6,540.5,479.2,1220.0
10464029,stimulus_Arg_PISACowsMilk_10_page_6,540.5,479.5,1220.0
10464030,stimulus_Arg_PISACowsMilk_10_page_6,540.5,479.8,1220.0
10464031,stimulus_Arg_PISACowsMilk_10_page_6,540.6,480.0,1220.0
10464032,stimulus_Arg_PISACowsMilk_10_page_6,540.6,479.8,1220.0
10464033,stimulus_Arg_PISACowsMilk_10_page_6,540.6,479.6,1219.0
10464034,stimulus_Arg_PISACowsMilk_10_page_6,540.2,479.4,1218.0
10464035,stimulus_Arg_PISACowsMilk_10_page_6,539.7,479.4,1218.0
10464036,stimulus_Arg_PISACowsMilk_10_page_6,539.3,479.3,1217.0
10464037,stimulus_Arg_PISACowsMilk_10_page_6,539.4,479.5,1216.0
10464038,stimulus_Arg_PISACowsMilk_10_page_6,539.4,479.7,1216.0
10464039,stimulus_Arg_PISACowsMilk_10_page_6,539.5,479.9,1217.0
10464040,stimulus_Arg_PISACowsMilk_10_page_6,539.8,480.0,1218.0
10464041,stimulus_Arg_PISACowsMilk_10_page_6,540.1,480.0,1218.0
10464042,stimulus_Arg_PISACowsMilk_10_page_6,540.3,480.0,1218.0
10464043,stimulus_Arg_PISACowsMilk_10_page_6,540.2,480.0,1218.0
10464044,stimulus_Arg_PISACowsMilk_10_page_6,540.2,479.9,1217.0
10464045,stimulus_Arg_PISACowsMilk_10_page_6,540.5,479.9,1218.0
10464046,stimulus_Arg_PISACowsMilk_10_page_6,540.9,479.6,1219.0
10464047,stimulus_Arg_PISACowsMilk_10_page_6,541.3,479.3,1219.0
10464048,stimulus_Arg_PISACowsMilk_10_page_6,541.3,479.0,1220.0
10464049,stimulus_Arg_PISACowsMilk_10_page_6,541.3,478.9,1220.0
10464050,stimulus_Arg_PISACowsMilk_10_page_6,541.4,478.9,1220.0
10464051,stimulus_Arg_PISACowsMilk_10_page_6,541.6,478.9,1220.0
10464052,stimulus_Arg_PISACowsMilk_10_page_6,541.8,479.0,1220.0
10464053,stimulus_Arg_PISACowsMilk_10_page_6,542.0,479.2,1218.0
10464054,stimulus_Arg_PISACowsMilk_10_page_6,542.0,479.2,1217.0
10464055,stimulus_Arg_PISACowsMilk_10_page_6,542.1,479.3,1216.0
10464056,stimulus_Arg_PISACowsMilk_10_page_6,542.0,479.5,1216.0
10464057,stimulus_Arg_PISACowsMilk_10_page_6,541.5,479.7,1217.0
10464058,stimulus_Arg_PISACowsMilk_10_page_6,541.1,479.6,1218.0
10464059,stimulus_Arg_PISACowsMilk_10_page_6,540.9,479.3,1218.0
10464060,stimulus_Arg_PISACowsMilk_10_page_6,541.0,479.0,1217.0
10464061,stimulus_Arg_PISACowsMilk_10_page_6,541.0,478.9,1216.0
10464062,stimulus_Arg_PISACowsMilk_10_page_6,541.0,478.8,1216.0
10464063,stimulus_Arg_PISACowsMilk_10_page_6,541.0,478.7,1216.0
10464064,stimulus_Arg_PISACowsMilk_10_page_6,541.0,478.7,1215.0
10464065,stimulus_Arg_PISACowsMilk_10_page_6,541.0,478.7,1215.0
10464066,stimulus_Arg_PISACowsMilk_10_page_6,540.9,478.7,1215.0
10464067,stimulus_Arg_PISACowsMilk_10_page_6,540.8,478.7,1214.0
10464068,stimulus_Arg_PISACowsMilk_10_page_6,540.7,478.8,1213.0
10464069,stimulus_Arg_PISACowsMilk_10_page_6,540.5,478.8,1212.0
10464070,stimulus_Arg_PISACowsMilk_10_page_6,540.7,478.8,1212.0
10464071,stimulus_Arg_PISACowsMilk_10_page_6,540.9,478.8,1212.0
10464072,stimulus_Arg_PISACowsMilk_10_page_6,541.1,478.8,1212.0
10464073,stimulus_Arg_PISACowsMilk_10_page_6,541.1,478.8,1212.0
10464074,stimulus_Arg_PISACowsMilk_10_page_6,541.0,478.6,1212.0
10464075,stimulus_Arg_PISACowsMilk_10_page_6,541.0,478.4,1212.0
10464076,stimulus_Arg_PISACowsMilk_10_page_6,540.9,478.2,1211.0
10464077,stimulus_Arg_PISACowsMilk_10_page_6,540.7,478.1,1210.0
10464078,stimulus_Arg_PISACowsMilk_10_page_6,540.9,478.1,1208.0
10464079,stimulus_Arg_PISACowsMilk_10_page_6,541.2,478.1,1208.0
10464080,stimulus_Arg_PISACowsMilk_10_page_6,541.3,478.1,1208.0
10464081,stimulus_Arg_PISACowsMilk_10_page_6,541.1,478.1,1208.0
10464082,stimulus_Arg_PISACowsMilk_10_page_6,540.9,478.1,1208.0
10464083,stimulus_Arg_PISACowsMilk_10_page_6,540.9,478.1,1208.0
10464084,stimulus_Arg_PISACowsMilk_10_page_6,540.9,478.1,1208.0
10464085,stimulus_Arg_PISACowsMilk_10_page_6,540.7,478.2,1207.0
10464086,stimulus_Arg_PISACowsMilk_10_page_6,540.5,478.2,1206.0
10464087,stimulus_Arg_PISACowsMilk_10_page_6,540.3,478.1,1206.0
10464088,stimulus_Arg_PISACowsMilk_10_page_6,540.3,478.1,1206.0
10464089,stimulus_Arg_PISACowsMilk_10_page_6,540.4,478.0,1205.0
10464090,stimulus_Arg_PISACowsMilk_10_page_6,540.5,478.0,1205.0
10464091,stimulus_Arg_PISACowsMilk_10_page_6,540.3,478.0,1205.0
10464092,stimulus_Arg_PISACowsMilk_10_page_6,540.1,478.1,1205.0
10464093,stimulus_Arg_PISACowsMilk_10_page_6,539.9,478.2,1205.0
10464094,stimulus_Arg_PISACowsMilk_10_page_6,539.8,478.3,1203.0
10464095,stimulus_Arg_PISACowsMilk_10_page_6,539.7,478.3,1201.0
10464096,stimulus_Arg_PISACowsMilk_10_page_6,539.5,478.3,1201.0
10464097,stimulus_Arg_PISACowsMilk_10_page_6,539.2,478.3,1201.0
10464098,stimulus_Arg_PISACowsMilk_10_page_6,539.3,478.2,1202.0
10464099,stimulus_Arg_PISACowsMilk_10_page_6,539.5,477.9,1201.0
10464100,stimulus_Arg_PISACowsMilk_10_page_6,539.4,477.4,1200.0
10464101,stimulus_Arg_PISACowsMilk_10_page_6,539.1,476.9,1199.0
10464102,stimulus_Arg_PISACowsMilk_10_page_6,538.7,476.7,1198.0
10464103,stimulus_Arg_PISACowsMilk_10_page_6,539.0,476.6,1196.0
10464104,stimulus_Arg_PISACowsMilk_10_page_6,540.4,476.6,1195.0
10464105,stimulus_Arg_PISACowsMilk_10_page_6,543.3,477.1,1196.0
10464106,stimulus_Arg_PISACowsMilk_10_page_6,547.1,477.6,1198.0
10464107,stimulus_Arg_PISACowsMilk_10_page_6,551.4,478.7,1200.0
10464108,stimulus_Arg_PISACowsMilk_10_page_6,556.9,479.4,1200.0
10464109,stimulus_Arg_PISACowsMilk_10_page_6,563.6,479.4,1200.0
10464110,stimulus_Arg_PISACowsMilk_10_page_6,570.7,479.0,1201.0
10464111,stimulus_Arg_PISACowsMilk_10_page_6,579.6,478.6,1202.0
10464112,stimulus_Arg_PISACowsMilk_10_page_6,589.4,479.3,1203.0
10464113,stimulus_Arg_PISACowsMilk_10_page_6,601.0,480.0,1204.0
10464114,stimulus_Arg_PISACowsMilk_10_page_6,611.6,480.7,1204.0
10464115,stimulus_Arg_PISACowsMilk_10_page_6,620.9,479.3,1204.0
10464116,stimulus_Arg_PISACowsMilk_10_page_6,629.1,477.6,1204.0
10464117,stimulus_Arg_PISACowsMilk_10_page_6,637.4,475.2,1203.0
10464118,stimulus_Arg_PISACowsMilk_10_page_6,645.6,474.1,1203.0
10464119,stimulus_Arg_PISACowsMilk_10_page_6,653.1,472.8,1202.0
10464120,stimulus_Arg_PISACowsMilk_10_page_6,658.5,471.2,1200.0
10464121,stimulus_Arg_PISACowsMilk_10_page_6,662.3,468.8,1195.0
10464122,stimulus_Arg_PISACowsMilk_10_page_6,665.7,466.8,1191.0
10464123,stimulus_Arg_PISACowsMilk_10_page_6,669.6,465.8,1189.0
10464124,stimulus_Arg_PISACowsMilk_10_page_6,673.5,466.2,1189.0
10464125,stimulus_Arg_PISACowsMilk_10_page_6,676.5,466.6,1186.0
10464126,stimulus_Arg_PISACowsMilk_10_page_6,678.6,466.3,1183.0
10464127,stimulus_Arg_PISACowsMilk_10_page_6,681.2,465.7,1181.0
10464128,stimulus_Arg_PISACowsMilk_10_page_6,684.2,465.1,1181.0
10464129,stimulus_Arg_PISACowsMilk_10_page_6,687.4,465.3,1181.0
10464130,stimulus_Arg_PISACowsMilk_10_page_6,690.5,465.9,1181.0
10464131,stimulus_Arg_PISACowsMilk_10_page_6,693.0,466.5,1179.0
10464132,stimulus_Arg_PISACowsMilk_10_page_6,695.5,466.4,1178.0
10464133,stimulus_Arg_PISACowsMilk_10_page_6,697.7,466.1,1176.0
10464134,stimulus_Arg_PISACowsMilk_10_page_6,699.5,465.7,1176.0
10464135,stimulus_Arg_PISACowsMilk_10_page_6,700.3,465.8,1176.0
10464136,stimulus_Arg_PISACowsMilk_10_page_6,699.6,465.8,1176.0
10464137,stimulus_Arg_PISACowsMilk_10_page_6,697.6,465.6,1175.0
10464138,stimulus_Arg_PISACowsMilk_10_page_6,694.6,465.5,1175.0
10464139,stimulus_Arg_PISACowsMilk_10_page_6,691.7,465.7,1175.0
10464140,stimulus_Arg_PISACowsMilk_10_page_6,689.1,466.3,1176.0
10464141,stimulus_Arg_PISACowsMilk_10_page_6,686.6,466.9,1176.0
10464142,stimulus_Arg_PISACowsMilk_10_page_6,684.2,467.6,1178.0
10464143,stimulus_Arg_PISACowsMilk_10_page_6,682.5,468.1,1178.0
10464144,stimulus_Arg_PISACowsMilk_10_page_6,681.6,469.1,1179.0
10464145,stimulus_Arg_PISACowsMilk_10_page_6,681.5,470.2,1179.0
10464146,stimulus_Arg_PISACowsMilk_10_page_6,681.3,471.1,1180.0
10464147,stimulus_Arg_PISACowsMilk_10_page_6,681.2,471.7,1180.0
10464148,stimulus_Arg_PISACowsMilk_10_page_6,681.5,472.0,1179.0
10464149,stimulus_Arg_PISACowsMilk_10_page_6,681.8,472.4,1179.0
10464150,stimulus_Arg_PISACowsMilk_10_page_6,682.6,472.6,1179.0
10464151,stimulus_Arg_PISACowsMilk_10_page_6,683.8,472.8,1180.0
10464152,stimulus_Arg_PISACowsMilk_10_page_6,685.0,472.9,1180.0
10464153,stimulus_Arg_PISACowsMilk_10_page_6,685.9,472.4,1179.0
10464154,stimulus_Arg_PISACowsMilk_10_page_6,686.1,471.6,1178.0
10464155,stimulus_Arg_PISACowsMilk_10_page_6,686.9,470.5,1177.0
10464156,stimulus_Arg_PISACowsMilk_10_page_6,687.6,469.9,1177.0
10464157,stimulus_Arg_PISACowsMilk_10_page_6,688.2,469.6,1177.0
10464158,stimulus_Arg_PISACowsMilk_10_page_6,688.3,469.4,1176.0
10464159,stimulus_Arg_PISACowsMilk_10_page_6,688.5,469.1,1175.0
10464160,stimulus_Arg_PISACowsMilk_10_page_6,689.0,469.0,1174.0
10464161,stimulus_Arg_PISACowsMilk_10_page_6,689.4,469.0,1174.0
10464162,stimulus_Arg_PISACowsMilk_10_page_6,689.7,469.0,1174.0
10464163,stimulus_Arg_PISACowsMilk_10_page_6,689.4,468.9,1171.0
10464164,stimulus_Arg_PISACowsMilk_10_page_6,689.2,468.8,1169.0
10464165,stimulus_Arg_PISACowsMilk_10_page_6,689.2,468.5,1167.0
10464166,stimulus_Arg_PISACowsMilk_10_page_6,689.5,468.3,1167.0
10464167,stimulus_Arg_PISACowsMilk_10_page_6,689.7,468.1,1166.0
10464168,stimulus_Arg_PISACowsMilk_10_page_6,689.6,468.2,1166.0
10464169,stimulus_Arg_PISACowsMilk_10_page_6,689.4,468.3,1166.0
10464170,stimulus_Arg_PISACowsMilk_10_page_6,689.4,468.2,1167.0
10464171,stimulus_Arg_PISACowsMilk_10_page_6,689.4,468.1,1167.0
10464172,stimulus_Arg_PISACowsMilk_10_page_6,689.0,468.0,1166.0
10464173,stimulus_Arg_PISACowsMilk_10_page_6,688.5,467.8,1164.0
10464174,stimulus_Arg_PISACowsMilk_10_page_6,687.9,467.4,1163.0
10464175,stimulus_Arg_PISACowsMilk_10_page_6,687.6,467.1,1162.0
10464176,stimulus_Arg_PISACowsMilk_10_page_6,687.5,467.0,1161.0
10464177,stimulus_Arg_PISACowsMilk_10_page_6,687.4,467.0,1161.0
10464178,stimulus_Arg_PISACowsMilk_10_page_6,687.6,467.1,1161.0
10464179,stimulus_Arg_PISACowsMilk_10_page_6,687.8,467.1,1160.0
10464180,stimulus_Arg_PISACowsMilk_10_page_6,688.0,467.1,1159.0
10464181,stimulus_Arg_PISACowsMilk_10_page_6,688.3,467.1,1158.0
10464182,stimulus_Arg_PISACowsMilk_10_page_6,688.5,466.8,1158.0
10464183,stimulus_Arg_PISACowsMilk_10_page_6,688.8,466.5,1158.0
10464184,stimulus_Arg_PISACowsMilk_10_page_6,688.8,466.2,1158.0
10464185,stimulus_Arg_PISACowsMilk_10_page_6,688.8,466.2,1157.0
10464186,stimulus_Arg_PISACowsMilk_10_page_6,688.6,466.2,1157.0
10464187,stimulus_Arg_PISACowsMilk_10_page_6,688.5,466.3,1158.0
10464188,stimulus_Arg_PISACowsMilk_10_page_6,688.3,466.6,1158.0
10464189,stimulus_Arg_PISACowsMilk_10_page_6,688.5,467.0,1158.0
10464190,stimulus_Arg_PISACowsMilk_10_page_6,688.6,467.3,1157.0
10464191,stimulus_Arg_PISACowsMilk_10_page_6,688.7,467.4,1157.0
10464192,stimulus_Arg_PISACowsMilk_10_page_6,688.6,467.4,1157.0
10464193,stimulus_Arg_PISACowsMilk_10_page_6,688.7,467.4,1156.0
10464194,stimulus_Arg_PISACowsMilk_10_page_6,688.9,467.5,1156.0
10464195,stimulus_Arg_PISACowsMilk_10_page_6,689.1,467.6,1155.0
10464196,stimulus_Arg_PISACowsMilk_10_page_6,689.3,467.7,1154.0
10464197,stimulus_Arg_PISACowsMilk_10_page_6,689.1,467.8,1154.0
10464198,stimulus_Arg_PISACowsMilk_10_page_6,689.1,467.7,1154.0
10464199,stimulus_Arg_PISACowsMilk_10_page_6,689.2,467.7,1154.0
10464200,stimulus_Arg_PISACowsMilk_10_page_6,689.4,467.7,1154.0
10464201,stimulus_Arg_PISACowsMilk_10_page_6,689.6,468.1,1154.0
10464202,stimulus_Arg_PISACowsMilk_10_page_6,689.7,468.4,1155.0
10464203,stimulus_Arg_PISACowsMilk_10_page_6,689.7,468.7,1155.0
10464204,stimulus_Arg_PISACowsMilk_10_page_6,689.8,468.6,1155.0
10464205,stimulus_Arg_PISACowsMilk_10_page_6,690.0,468.2,1155.0
10464206,stimulus_Arg_PISACowsMilk_10_page_6,690.1,467.9,1154.0
10464207,stimulus_Arg_PISACowsMilk_10_page_6,690.3,467.9,1153.0
10464208,stimulus_Arg_PISACowsMilk_10_page_6,690.4,468.2,1152.0
10464209,stimulus_Arg_PISACowsMilk_10_page_6,690.4,468.7,1152.0
10464210,stimulus_Arg_PISACowsMilk_10_page_6,690.5,469.0,1153.0
10464211,stimulus_Arg_PISACowsMilk_10_page_6,690.8,469.0,1154.0
10464212,stimulus_Arg_PISACowsMilk_10_page_6,691.1,468.7,1154.0
10464213,stimulus_Arg_PISACowsMilk_10_page_6,691.4,468.5,1154.0
10464214,stimulus_Arg_PISACowsMilk_10_page_6,691.4,468.6,1154.0
10464215,stimulus_Arg_PISACowsMilk_10_page_6,691.4,468.4,1153.0
10464216,stimulus_Arg_PISACowsMilk_10_page_6,691.4,468.2,1153.0
10464217,stimulus_Arg_PISACowsMilk_10_page_6,691.5,468.4,1153.0
10464218,stimulus_Arg_PISACowsMilk_10_page_6,691.5,468.8,1153.0
10464219,stimulus_Arg_PISACowsMilk_10_page_6,691.5,469.3,1153.0
10464220,stimulus_Arg_PISACowsMilk_10_page_6,691.4,469.2,1153.0
10464221,stimulus_Arg_PISACowsMilk_10_page_6,691.4,469.0,1153.0
10464222,stimulus_Arg_PISACowsMilk_10_page_6,691.1,468.9,1153.0
10464223,stimulus_Arg_PISACowsMilk_10_page_6,690.9,468.8,1153.0
10464224,stimulus_Arg_PISACowsMilk_10_page_6,690.8,468.7,1153.0
10464225,stimulus_Arg_PISACowsMilk_10_page_6,691.2,468.6,1153.0
10464226,stimulus_Arg_PISACowsMilk_10_page_6,691.5,468.4,1152.0
10464227,stimulus_Arg_PISACowsMilk_10_page_6,691.8,468.2,1151.0
10464228,stimulus_Arg_PISACowsMilk_10_page_6,691.7,468.3,1151.0
10464229,stimulus_Arg_PISACowsMilk_10_page_6,691.6,468.4,1151.0
10464230,stimulus_Arg_PISACowsMilk_10_page_6,691.6,468.6,1151.0
10464231,stimulus_Arg_PISACowsMilk_10_page_6,691.6,468.8,1151.0
10464232,stimulus_Arg_PISACowsMilk_10_page_6,691.6,469.0,1151.0
10464233,stimulus_Arg_PISACowsMilk_10_page_6,691.6,469.3,1150.0
10464234,stimulus_Arg_PISACowsMilk_10_page_6,691.7,469.4,1149.0
10464235,stimulus_Arg_PISACowsMilk_10_page_6,691.7,469.5,1148.0
10464236,stimulus_Arg_PISACowsMilk_10_page_6,691.7,469.5,1148.0
10464237,stimulus_Arg_PISACowsMilk_10_page_6,691.6,469.5,1148.0
10464238,stimulus_Arg_PISACowsMilk_10_page_6,691.5,469.4,1148.0
10464239,stimulus_Arg_PISACowsMilk_10_page_6,691.5,469.3,1148.0
10464240,stimulus_Arg_PISACowsMilk_10_page_6,691.5,469.3,1148.0
10464241,stimulus_Arg_PISACowsMilk_10_page_6,691.7,469.3,1148.0
10464242,stimulus_Arg_PISACowsMilk_10_page_6,691.8,469.7,1148.0
10464243,stimulus_Arg_PISACowsMilk_10_page_6,692.0,470.1,1148.0
10464244,stimulus_Arg_PISACowsMilk_10_page_6,692.3,470.2,1147.0
10464245,stimulus_Arg_PISACowsMilk_10_page_6,692.5,470.0,1146.0
10464246,stimulus_Arg_PISACowsMilk_10_page_6,692.5,469.8,1146.0
10464247,stimulus_Arg_PISACowsMilk_10_page_6,692.5,469.8,1145.0
10464248,stimulus_Arg_PISACowsMilk_10_page_6,692.5,469.8,1145.0
10464249,stimulus_Arg_PISACowsMilk_10_page_6,692.5,469.9,1144.0
10464250,stimulus_Arg_PISACowsMilk_10_page_6,692.6,469.8,1145.0
10464251,stimulus_Arg_PISACowsMilk_10_page_6,692.7,469.6,1147.0
10464252,stimulus_Arg_PISACowsMilk_10_page_6,692.7,469.5,1147.0
10464253,stimulus_Arg_PISACowsMilk_10_page_6,692.6,469.6,1146.0
10464254,stimulus_Arg_PISACowsMilk_10_page_6,692.5,469.6,1145.0
10464255,stimulus_Arg_PISACowsMilk_10_page_6,692.5,469.6,1146.0
10464256,stimulus_Arg_PISACowsMilk_10_page_6,692.6,469.5,1145.0
10464257,stimulus_Arg_PISACowsMilk_10_page_6,692.7,469.4,1145.0
10464258,stimulus_Arg_PISACowsMilk_10_page_6,693.0,469.6,1144.0
10464259,stimulus_Arg_PISACowsMilk_10_page_6,693.4,469.7,1144.0
10464260,stimulus_Arg_PISACowsMilk_10_page_6,693.4,469.8,1144.0
10464261,stimulus_Arg_PISACowsMilk_10_page_6,693.2,469.7,1144.0
10464262,stimulus_Arg_PISACowsMilk_10_page_6,692.9,469.8,1144.0
10464263,stimulus_Arg_PISACowsMilk_10_page_6,692.8,469.8,1144.0
10464264,stimulus_Arg_PISACowsMilk_10_page_6,692.6,470.0,1144.0
10464265,stimulus_Arg_PISACowsMilk_10_page_6,692.5,470.2,1144.0
10464266,stimulus_Arg_PISACowsMilk_10_page_6,692.5,470.4,1144.0
10464267,stimulus_Arg_PISACowsMilk_10_page_6,692.5,470.4,1144.0
10464268,stimulus_Arg_PISACowsMilk_10_page_6,692.6,470.5,1144.0
10464269,stimulus_Arg_PISACowsMilk_10_page_6,692.6,470.5,1144.0
10464270,stimulus_Arg_PISACowsMilk_10_page_6,692.7,470.5,1144.0
10464271,stimulus_Arg_PISACowsMilk_10_page_6,692.8,470.5,1144.0
10464272,stimulus_Arg_PISACowsMilk_10_page_6,692.8,470.5,1144.0
10464273,stimulus_Arg_PISACowsMilk_10_page_6,692.9,470.5,1145.0
10464274,stimulus_Arg_PISACowsMilk_10_page_6,692.9,470.5,1145.0
10464275,stimulus_Arg_PISACowsMilk_10_page_6,692.9,470.5,1144.0
10464276,stimulus_Arg_PISACowsMilk_10_page_6,692.9,470.4,1143.0
10464277,stimulus_Arg_PISACowsMilk_10_page_6,692.9,470.3,1142.0
10464278,stimulus_Arg_PISACowsMilk_10_page_6,692.5,470.4,1142.0
10464279,stimulus_Arg_PISACowsMilk_10_page_6,692.1,470.4,1142.0
10464280,stimulus_Arg_PISACowsMilk_10_page_6,691.6,470.3,1142.0
10464281,stimulus_Arg_PISACowsMilk_10_page_6,691.5,470.0,1142.0
10464282,stimulus_Arg_PISACowsMilk_10_page_6,691.6,469.7,1141.0
10464283,stimulus_Arg_PISACowsMilk_10_page_6,691.7,469.5,1140.0
10464284,stimulus_Arg_PISACowsMilk_10_page_6,691.6,469.6,1139.0
10464285,stimulus_Arg_PISACowsMilk_10_page_6,691.6,469.8,1139.0
10464286,stimulus_Arg_PISACowsMilk_10_page_6,691.7,470.1,1139.0
10464287,stimulus_Arg_PISACowsMilk_10_page_6,691.9,470.0,1139.0
10464288,stimulus_Arg_PISACowsMilk_10_page_6,692.1,469.6,1139.0
10464289,stimulus_Arg_PISACowsMilk_10_page_6,692.1,469.2,1139.0
10464290,stimulus_Arg_PISACowsMilk_10_page_6,691.8,468.9,1139.0
10464291,stimulus_Arg_PISACowsMilk_10_page_6,691.4,468.9,1139.0
10464292,stimulus_Arg_PISACowsMilk_10_page_6,691.0,468.7,1138.0
10464293,stimulus_Arg_PISACowsMilk_10_page_6,690.9,468.5,1137.0
10464294,stimulus_Arg_PISACowsMilk_10_page_6,690.6,468.3,1135.0
10464295,stimulus_Arg_PISACowsMilk_10_page_6,690.4,468.0,1134.0
10464296,stimulus_Arg_PISACowsMilk_10_page_6,689.9,467.6,1133.0
10464297,stimulus_Arg_PISACowsMilk_10_page_6,689.5,467.3,1133.0
10464298,stimulus_Arg_PISACowsMilk_10_page_6,689.2,467.0,1133.0
10464299,stimulus_Arg_PISACowsMilk_10_page_6,689.2,466.9,1133.0
10464300,stimulus_Arg_PISACowsMilk_10_page_6,689.2,466.6,1133.0
10464301,stimulus_Arg_PISACowsMilk_10_page_6,689.2,466.2,1133.0
10464302,stimulus_Arg_PISACowsMilk_10_page_6,689.1,466.0,1133.0
10464303,stimulus_Arg_PISACowsMilk_10_page_6,689.2,465.8,1133.0
10464304,stimulus_Arg_PISACowsMilk_10_page_6,689.4,465.7,1133.0
10464305,stimulus_Arg_PISACowsMilk_10_page_6,689.4,465.5,1133.0
10464306,stimulus_Arg_PISACowsMilk_10_page_6,689.2,465.0,1133.0
10464307,stimulus_Arg_PISACowsMilk_10_page_6,689.1,464.5,1134.0
10464308,stimulus_Arg_PISACowsMilk_10_page_6,689.0,464.2,1134.0
10464309,stimulus_Arg_PISACowsMilk_10_page_6,689.0,464.2,1133.0
10464310,stimulus_Arg_PISACowsMilk_10_page_6,689.0,464.5,1133.0
10464311,stimulus_Arg_PISACowsMilk_10_page_6,688.9,464.9,1133.0
10464312,stimulus_Arg_PISACowsMilk_10_page_6,688.7,465.1,1133.0
10464313,stimulus_Arg_PISACowsMilk_10_page_6,688.6,465.0,1133.0
10464314,stimulus_Arg_PISACowsMilk_10_page_6,688.4,464.8,1133.0
10464315,stimulus_Arg_PISACowsMilk_10_page_6,688.4,464.9,1132.0
10464316,stimulus_Arg_PISACowsMilk_10_page_6,689.1,465.0,1130.0
10464317,stimulus_Arg_PISACowsMilk_10_page_6,690.7,465.4,1129.0
10464318,stimulus_Arg_PISACowsMilk_10_page_6,693.6,466.3,1128.0
10464319,stimulus_Arg_PISACowsMilk_10_page_6,697.3,468.3,1132.0
10464320,stimulus_Arg_PISACowsMilk_10_page_6,700.5,470.0,1135.0
10464321,stimulus_Arg_PISACowsMilk_10_page_6,702.5,471.2,1137.0
10464322,stimulus_Arg_PISACowsMilk_10_page_6,703.8,471.2,1135.0
10464323,stimulus_Arg_PISACowsMilk_10_page_6,706.7,471.5,1132.0
10464324,stimulus_Arg_PISACowsMilk_10_page_6,711.4,471.9,1131.0
10464325,stimulus_Arg_PISACowsMilk_10_page_6,716.4,471.5,1128.0
10464326,stimulus_Arg_PISACowsMilk_10_page_6,720.4,470.8,1127.0
10464327,stimulus_Arg_PISACowsMilk_10_page_6,724.9,470.2,1125.0
10464328,stimulus_Arg_PISACowsMilk_10_page_6,730.0,471.0,1125.0
10464329,stimulus_Arg_PISACowsMilk_10_page_6,735.6,471.7,1126.0
10464330,stimulus_Arg_PISACowsMilk_10_page_6,740.1,471.7,1128.0
10464331,stimulus_Arg_PISACowsMilk_10_page_6,742.7,470.4,1130.0
10464332,stimulus_Arg_PISACowsMilk_10_page_6,744.0,469.0,1130.0
10464333,stimulus_Arg_PISACowsMilk_10_page_6,743.6,467.9,1129.0
10464334,stimulus_Arg_PISACowsMilk_10_page_6,742.6,467.8,1127.0
10464335,stimulus_Arg_PISACowsMilk_10_page_6,740.8,467.3,1125.0
10464336,stimulus_Arg_PISACowsMilk_10_page_6,739.0,466.9,1123.0
10464337,stimulus_Arg_PISACowsMilk_10_page_6,737.2,467.1,1123.0
10464338,stimulus_Arg_PISACowsMilk_10_page_6,735.6,467.7,1123.0
10464339,stimulus_Arg_PISACowsMilk_10_page_6,733.6,468.7,1122.0
10464340,stimulus_Arg_PISACowsMilk_10_page_6,731.5,468.9,1122.0
10464341,stimulus_Arg_PISACowsMilk_10_page_6,729.4,469.2,1122.0
10464342,stimulus_Arg_PISACowsMilk_10_page_6,728.3,469.3,1120.0
10464343,stimulus_Arg_PISACowsMilk_10_page_6,727.3,469.5,1119.0
10464344,stimulus_Arg_PISACowsMilk_10_page_6,726.9,469.9,1119.0
10464345,stimulus_Arg_PISACowsMilk_10_page_6,726.6,470.3,1120.0
10464346,stimulus_Arg_PISACowsMilk_10_page_6,726.6,470.5,1122.0
10464347,stimulus_Arg_PISACowsMilk_10_page_6,726.7,471.1,1122.0
10464348,stimulus_Arg_PISACowsMilk_10_page_6,726.8,471.8,1122.0
10464349,stimulus_Arg_PISACowsMilk_10_page_6,726.9,472.7,1122.0
10464350,stimulus_Arg_PISACowsMilk_10_page_6,727.1,472.9,1123.0
10464351,stimulus_Arg_PISACowsMilk_10_page_6,727.2,473.1,1124.0
10464352,stimulus_Arg_PISACowsMilk_10_page_6,727.3,473.2,1124.0
10464353,stimulus_Arg_PISACowsMilk_10_page_6,727.5,473.3,1124.0
10464354,stimulus_Arg_PISACowsMilk_10_page_6,727.8,473.5,1124.0
10464355,stimulus_Arg_PISACowsMilk_10_page_6,728.1,472.8,1123.0
10464356,stimulus_Arg_PISACowsMilk_10_page_6,728.3,472.0,1123.0
10464357,stimulus_Arg_PISACowsMilk_10_page_6,728.7,471.2,1122.0
10464358,stimulus_Arg_PISACowsMilk_10_page_6,729.0,471.1,1122.0
10464359,stimulus_Arg_PISACowsMilk_10_page_6,729.3,471.0,1122.0
10464360,stimulus_Arg_PISACowsMilk_10_page_6,729.4,471.1,1122.0
10464361,stimulus_Arg_PISACowsMilk_10_page_6,729.4,471.3,1123.0
10464362,stimulus_Arg_PISACowsMilk_10_page_6,729.7,471.7,1123.0
10464363,stimulus_Arg_PISACowsMilk_10_page_6,729.9,472.0,1123.0
10464364,stimulus_Arg_PISACowsMilk_10_page_6,730.1,472.2,1123.0
10464365,stimulus_Arg_PISACowsMilk_10_page_6,730.1,472.2,1123.0
10464366,stimulus_Arg_PISACowsMilk_10_page_6,730.0,472.1,1123.0
10464367,stimulus_Arg_PISACowsMilk_10_page_6,730.1,471.7,1123.0
10464368,stimulus_Arg_PISACowsMilk_10_page_6,730.3,471.4,1123.0
10464369,stimulus_Arg_PISACowsMilk_10_page_6,730.6,471.6,1124.0
10464370,stimulus_Arg_PISACowsMilk_10_page_6,730.7,472.0,1125.0
10464371,stimulus_Arg_PISACowsMilk_10_page_6,730.9,472.6,1126.0
10464372,stimulus_Arg_PISACowsMilk_10_page_6,731.0,472.7,1126.0
10464373,stimulus_Arg_PISACowsMilk_10_page_6,730.9,472.8,1126.0
10464374,stimulus_Arg_PISACowsMilk_10_page_6,730.7,472.7,1126.0
10464375,stimulus_Arg_PISACowsMilk_10_page_6,730.5,472.7,1126.0
10464376,stimulus_Arg_PISACowsMilk_10_page_6,730.5,473.3,1126.0
10464377,stimulus_Arg_PISACowsMilk_10_page_6,730.6,473.9,1125.0
10464378,stimulus_Arg_PISACowsMilk_10_page_6,730.6,474.1,1125.0
10464379,stimulus_Arg_PISACowsMilk_10_page_6,730.6,473.9,1125.0
10464380,stimulus_Arg_PISACowsMilk_10_page_6,730.6,473.4,1125.0
10464381,stimulus_Arg_PISACowsMilk_10_page_6,730.6,473.2,1126.0
10464382,stimulus_Arg_PISACowsMilk_10_page_6,730.4,472.8,1126.0
10464383,stimulus_Arg_PISACowsMilk_10_page_6,730.2,472.6,1126.0
10464384,stimulus_Arg_PISACowsMilk_10_page_6,730.0,472.5,1126.0
10464385,stimulus_Arg_PISACowsMilk_10_page_6,730.1,472.5,1125.0
10464386,stimulus_Arg_PISACowsMilk_10_page_6,730.3,472.5,1124.0
10464387,stimulus_Arg_PISACowsMilk_10_page_6,730.4,472.5,1124.0
10464388,stimulus_Arg_PISACowsMilk_10_page_6,730.6,472.5,1124.0
10464389,stimulus_Arg_PISACowsMilk_10_page_6,730.6,472.5,1124.0
10464390,stimulus_Arg_PISACowsMilk_10_page_6,730.5,472.5,1124.0
10464391,stimulus_Arg_PISACowsMilk_10_page_6,730.4,472.3,1125.0
10464392,stimulus_Arg_PISACowsMilk_10_page_6,730.2,472.2,1126.0
10464393,stimulus_Arg_PISACowsMilk_10_page_6,730.4,472.1,1127.0
10464394,stimulus_Arg_PISACowsMilk_10_page_6,730.6,472.2,1127.0
10464395,stimulus_Arg_PISACowsMilk_10_page_6,730.4,472.4,1127.0
10464396,stimulus_Arg_PISACowsMilk_10_page_6,730.0,472.6,1128.0
10464397,stimulus_Arg_PISACowsMilk_10_page_6,729.7,472.7,1128.0
10464398,stimulus_Arg_PISACowsMilk_10_page_6,729.7,472.8,1130.0
10464399,stimulus_Arg_PISACowsMilk_10_page_6,729.8,472.8,1131.0
10464400,stimulus_Arg_PISACowsMilk_10_page_6,729.8,472.6,1131.0
10464401,stimulus_Arg_PISACowsMilk_10_page_6,729.8,472.4,1131.0
10464402,stimulus_Arg_PISACowsMilk_10_page_6,729.8,472.1,1131.0
10464403,stimulus_Arg_PISACowsMilk_10_page_6,729.8,472.0,1131.0
10464404,stimulus_Arg_PISACowsMilk_10_page_6,729.8,471.8,1130.0
10464405,stimulus_Arg_PISACowsMilk_10_page_6,729.7,471.8,1129.0
10464406,stimulus_Arg_PISACowsMilk_10_page_6,729.7,472.2,1130.0
10464407,stimulus_Arg_PISACowsMilk_10_page_6,729.8,472.5,1131.0
10464408,stimulus_Arg_PISACowsMilk_10_page_6,730.3,472.9,1133.0
10464409,stimulus_Arg_PISACowsMilk_10_page_6,730.7,472.9,1133.0
10464410,stimulus_Arg_PISACowsMilk_10_page_6,730.8,472.8,1133.0
10464411,stimulus_Arg_PISACowsMilk_10_page_6,730.5,472.8,1133.0
10464412,stimulus_Arg_PISACowsMilk_10_page_6,730.2,472.9,1133.0
10464413,stimulus_Arg_PISACowsMilk_10_page_6,730.2,473.1,1133.0
10464414,stimulus_Arg_PISACowsMilk_10_page_6,730.2,473.4,1133.0
10464415,stimulus_Arg_PISACowsMilk_10_page_6,730.4,473.8,1134.0
10464416,stimulus_Arg_PISACowsMilk_10_page_6,730.7,474.3,1134.0
10464417,stimulus_Arg_PISACowsMilk_10_page_6,731.0,474.4,1134.0
10464418,stimulus_Arg_PISACowsMilk_10_page_6,731.1,474.3,1134.0
10464419,stimulus_Arg_PISACowsMilk_10_page_6,731.2,474.2,1134.0
10464420,stimulus_Arg_PISACowsMilk_10_page_6,731.3,474.1,1134.0
10464421,stimulus_Arg_PISACowsMilk_10_page_6,731.3,473.7,1134.0
10464422,stimulus_Arg_PISACowsMilk_10_page_6,731.2,473.4,1134.0
10464423,stimulus_Arg_PISACowsMilk_10_page_6,731.2,473.4,1135.0
10464424,stimulus_Arg_PISACowsMilk_10_page_6,731.1,473.8,1135.0
10464425,stimulus_Arg_PISACowsMilk_10_page_6,731.0,474.1,1134.0
10464426,stimulus_Arg_PISACowsMilk_10_page_6,730.9,473.6,1133.0
10464427,stimulus_Arg_PISACowsMilk_10_page_6,730.8,473.1,1133.0
10464428,stimulus_Arg_PISACowsMilk_10_page_6,730.9,472.8,1134.0
10464429,stimulus_Arg_PISACowsMilk_10_page_6,730.9,473.2,1136.0
10464430,stimulus_Arg_PISACowsMilk_10_page_6,730.9,473.6,1138.0
10464431,stimulus_Arg_PISACowsMilk_10_page_6,730.9,473.8,1138.0
10464432,stimulus_Arg_PISACowsMilk_10_page_6,730.8,473.8,1137.0
10464433,stimulus_Arg_PISACowsMilk_10_page_6,730.9,473.8,1137.0
10464434,stimulus_Arg_PISACowsMilk_10_page_6,730.9,473.6,1136.0
10464435,stimulus_Arg_PISACowsMilk_10_page_6,730.9,473.2,1135.0
10464436,stimulus_Arg_PISACowsMilk_10_page_6,730.8,472.9,1134.0
10464437,stimulus_Arg_PISACowsMilk_10_page_6,730.9,472.8,1135.0
10464438,stimulus_Arg_PISACowsMilk_10_page_6,731.1,472.8,1136.0
10464439,stimulus_Arg_PISACowsMilk_10_page_6,731.4,472.9,1138.0
10464440,stimulus_Arg_PISACowsMilk_10_page_6,731.4,472.9,1138.0
10464441,stimulus_Arg_PISACowsMilk_10_page_6,731.5,472.8,1138.0
10464442,stimulus_Arg_PISACowsMilk_10_page_6,731.5,472.6,1138.0
10464443,stimulus_Arg_PISACowsMilk_10_page_6,731.8,472.6,1138.0
10464444,stimulus_Arg_PISACowsMilk_10_page_6,732.2,472.8,1137.0
10464445,stimulus_Arg_PISACowsMilk_10_page_6,732.2,473.0,1137.0
10464446,stimulus_Arg_PISACowsMilk_10_page_6,732.0,473.0,1137.0
10464447,stimulus_Arg_PISACowsMilk_10_page_6,731.7,472.9,1136.0
10464448,stimulus_Arg_PISACowsMilk_10_page_6,731.8,472.8,1136.0
10464449,stimulus_Arg_PISACowsMilk_10_page_6,731.8,472.7,1136.0
10464450,stimulus_Arg_PISACowsMilk_10_page_6,731.9,472.4,1137.0
10464451,stimulus_Arg_PISACowsMilk_10_page_6,731.7,472.2,1137.0
10464452,stimulus_Arg_PISACowsMilk_10_page_6,731.6,472.2,1137.0
10464453,stimulus_Arg_PISACowsMilk_10_page_6,731.5,472.4,1136.0
10464454,stimulus_Arg_PISACowsMilk_10_page_6,731.6,472.6,1137.0
10464455,stimulus_Arg_PISACowsMilk_10_page_6,731.7,472.6,1137.0
10464456,stimulus_Arg_PISACowsMilk_10_page_6,732.1,472.6,1138.0
10464457,stimulus_Arg_PISACowsMilk_10_page_6,732.5,472.7,1139.0
10464458,stimulus_Arg_PISACowsMilk_10_page_6,732.9,472.7,1140.0
10464459,stimulus_Arg_PISACowsMilk_10_page_6,732.9,472.8,1141.0
10464460,stimulus_Arg_PISACowsMilk_10_page_6,732.8,472.9,1142.0
10464461,stimulus_Arg_PISACowsMilk_10_page_6,732.6,473.0,1142.0
10464462,stimulus_Arg_PISACowsMilk_10_page_6,732.0,473.1,1143.0
10464463,stimulus_Arg_PISACowsMilk_10_page_6,731.7,473.1,1142.0
10464464,stimulus_Arg_PISACowsMilk_10_page_6,731.6,473.1,1141.0
10464465,stimulus_Arg_PISACowsMilk_10_page_6,731.8,473.0,1139.0
10464466,stimulus_Arg_PISACowsMilk_10_page_6,732.3,473.0,1139.0
10464467,stimulus_Arg_PISACowsMilk_10_page_6,732.5,473.2,1140.0
10464468,stimulus_Arg_PISACowsMilk_10_page_6,732.7,473.3,1141.0
10464469,stimulus_Arg_PISACowsMilk_10_page_6,732.6,473.4,1141.0
10464470,stimulus_Arg_PISACowsMilk_10_page_6,732.6,473.4,1141.0
10464471,stimulus_Arg_PISACowsMilk_10_page_6,732.6,473.5,1141.0
10464472,stimulus_Arg_PISACowsMilk_10_page_6,732.7,473.5,1141.0
10464473,stimulus_Arg_PISACowsMilk_10_page_6,732.7,473.5,1141.0
10464474,stimulus_Arg_PISACowsMilk_10_page_6,732.8,473.5,1141.0
10464475,stimulus_Arg_PISACowsMilk_10_page_6,732.9,473.5,1140.0
10464476,stimulus_Arg_PISACowsMilk_10_page_6,732.8,473.5,1140.0
10464477,stimulus_Arg_PISACowsMilk_10_page_6,732.6,473.5,1141.0
10464478,stimulus_Arg_PISACowsMilk_10_page_6,732.5,473.6,1142.0
10464479,stimulus_Arg_PISACowsMilk_10_page_6,732.6,473.7,1143.0
10464480,stimulus_Arg_PISACowsMilk_10_page_6,732.8,473.8,1143.0
10464481,stimulus_Arg_PISACowsMilk_10_page_6,732.9,473.8,1142.0
10464482,stimulus_Arg_PISACowsMilk_10_page_6,733.1,473.9,1142.0
10464483,stimulus_Arg_PISACowsMilk_10_page_6,733.1,474.1,1141.0
10464484,stimulus_Arg_PISACowsMilk_10_page_6,733.1,474.3,1140.0
10464485,stimulus_Arg_PISACowsMilk_10_page_6,733.2,474.4,1140.0
10464486,stimulus_Arg_PISACowsMilk_10_page_6,733.3,474.3,1140.0
10464487,stimulus_Arg_PISACowsMilk_10_page_6,733.4,474.3,1140.0
10464488,stimulus_Arg_PISACowsMilk_10_page_6,733.5,474.4,1139.0
10464489,stimulus_Arg_PISACowsMilk_10_page_6,733.5,474.4,1139.0
10464490,stimulus_Arg_PISACowsMilk_10_page_6,733.5,474.2,1139.0
10464491,stimulus_Arg_PISACowsMilk_10_page_6,733.5,474.0,1139.0
10464492,stimulus_Arg_PISACowsMilk_10_page_6,733.4,473.9,1139.0
10464493,stimulus_Arg_PISACowsMilk_10_page_6,733.1,474.0,1140.0
10464494,stimulus_Arg_PISACowsMilk_10_page_6,733.0,474.4,1140.0
10464495,stimulus_Arg_PISACowsMilk_10_page_6,733.2,474.8,1141.0
10464496,stimulus_Arg_PISACowsMilk_10_page_6,733.4,475.0,1141.0
10464497,stimulus_Arg_PISACowsMilk_10_page_6,733.4,474.7,1141.0
10464498,stimulus_Arg_PISACowsMilk_10_page_6,733.4,474.5,1141.0
10464499,stimulus_Arg_PISACowsMilk_10_page_6,733.4,474.2,1141.0
10464500,stimulus_Arg_PISACowsMilk_10_page_6,733.1,474.3,1141.0
10464501,stimulus_Arg_PISACowsMilk_10_page_6,732.9,474.3,1141.0
10464502,stimulus_Arg_PISACowsMilk_10_page_6,732.7,474.2,1141.0
10464503,stimulus_Arg_PISACowsMilk_10_page_6,732.7,474.1,1142.0
10464504,stimulus_Arg_PISACowsMilk_10_page_6,732.7,474.0,1142.0
10464505,stimulus_Arg_PISACowsMilk_10_page_6,732.7,474.1,1142.0
10464506,stimulus_Arg_PISACowsMilk_10_page_6,732.6,474.2,1140.0
10464507,stimulus_Arg_PISACowsMilk_10_page_6,732.6,474.3,1140.0
10464508,stimulus_Arg_PISACowsMilk_10_page_6,732.7,474.3,1140.0
10464509,stimulus_Arg_PISACowsMilk_10_page_6,732.7,474.3,1140.0
10464510,stimulus_Arg_PISACowsMilk_10_page_6,732.7,474.4,1141.0
10464511,stimulus_Arg_PISACowsMilk_10_page_6,732.6,474.5,1142.0
10464512,stimulus_Arg_PISACowsMilk_10_page_6,732.6,474.5,1142.0
10464513,stimulus_Arg_PISACowsMilk_10_page_6,732.6,474.6,1141.0
10464514,stimulus_Arg_PISACowsMilk_10_page_6,732.5,474.5,1139.0
10464515,stimulus_Arg_PISACowsMilk_10_page_6,732.4,474.7,1137.0
10464516,stimulus_Arg_PISACowsMilk_10_page_6,732.3,474.9,1137.0
10464517,stimulus_Arg_PISACowsMilk_10_page_6,732.2,475.1,1138.0
10464518,stimulus_Arg_PISACowsMilk_10_page_6,732.1,475.2,1138.0
10464519,stimulus_Arg_PISACowsMilk_10_page_6,732.0,475.3,1138.0
10464520,stimulus_Arg_PISACowsMilk_10_page_6,732.0,475.4,1139.0
10464521,stimulus_Arg_PISACowsMilk_10_page_6,732.1,475.5,1139.0
10464522,stimulus_Arg_PISACowsMilk_10_page_6,732.5,475.6,1139.0
10464523,stimulus_Arg_PISACowsMilk_10_page_6,732.8,475.7,1140.0
10464524,stimulus_Arg_PISACowsMilk_10_page_6,733.1,475.6,1139.0
10464525,stimulus_Arg_PISACowsMilk_10_page_6,732.8,475.4,1139.0
10464526,stimulus_Arg_PISACowsMilk_10_page_6,732.6,475.1,1138.0
10464527,stimulus_Arg_PISACowsMilk_10_page_6,732.3,474.9,1137.0
10464528,stimulus_Arg_PISACowsMilk_10_page_6,732.3,474.9,1137.0
10464529,stimulus_Arg_PISACowsMilk_10_page_6,732.3,474.8,1137.0
10464530,stimulus_Arg_PISACowsMilk_10_page_6,732.6,474.9,1138.0
10464531,stimulus_Arg_PISACowsMilk_10_page_6,732.8,475.1,1138.0
10464532,stimulus_Arg_PISACowsMilk_10_page_6,733.0,475.4,1138.0
10464533,stimulus_Arg_PISACowsMilk_10_page_6,732.9,475.5,1137.0
10464534,stimulus_Arg_PISACowsMilk_10_page_6,732.8,475.5,1136.0
10464535,stimulus_Arg_PISACowsMilk_10_page_6,732.8,475.3,1137.0
10464536,stimulus_Arg_PISACowsMilk_10_page_6,732.7,475.1,1137.0
10464537,stimulus_Arg_PISACowsMilk_10_page_6,732.5,475.0,1138.0
10464538,stimulus_Arg_PISACowsMilk_10_page_6,732.3,475.2,1138.0
10464539,stimulus_Arg_PISACowsMilk_10_page_6,732.2,475.3,1138.0
10464540,stimulus_Arg_PISACowsMilk_10_page_6,732.2,475.1,1137.0
10464541,stimulus_Arg_PISACowsMilk_10_page_6,732.3,474.9,1136.0
10464542,stimulus_Arg_PISACowsMilk_10_page_6,732.3,474.9,1137.0
10464543,stimulus_Arg_PISACowsMilk_10_page_6,732.4,475.1,1138.0
10464544,stimulus_Arg_PISACowsMilk_10_page_6,732.4,475.5,1138.0
10464545,stimulus_Arg_PISACowsMilk_10_page_6,732.3,475.8,1138.0
10464546,stimulus_Arg_PISACowsMilk_10_page_6,732.3,475.9,1138.0
10464547,stimulus_Arg_PISACowsMilk_10_page_6,732.4,475.4,1138.0
10464548,stimulus_Arg_PISACowsMilk_10_page_6,732.4,475.0,1138.0
10464549,stimulus_Arg_PISACowsMilk_10_page_6,732.5,474.7,1138.0
10464550,stimulus_Arg_PISACowsMilk_10_page_6,732.7,474.9,1138.0
10464551,stimulus_Arg_PISACowsMilk_10_page_6,732.8,475.2,1138.0
10464552,stimulus_Arg_PISACowsMilk_10_page_6,732.7,475.5,1137.0
10464553,stimulus_Arg_PISACowsMilk_10_page_6,732.6,475.7,1138.0
10464554,stimulus_Arg_PISACowsMilk_10_page_6,732.5,475.6,1139.0
10464555,stimulus_Arg_PISACowsMilk_10_page_6,732.3,475.5,1140.0
10464556,stimulus_Arg_PISACowsMilk_10_page_6,732.2,475.3,1140.0
10464557,stimulus_Arg_PISACowsMilk_10_page_6,732.2,475.2,1138.0
10464558,stimulus_Arg_PISACowsMilk_10_page_6,732.4,475.1,1137.0
10464559,stimulus_Arg_PISACowsMilk_10_page_6,732.6,475.1,1138.0
10464560,stimulus_Arg_PISACowsMilk_10_page_6,732.7,475.1,1139.0
10464561,stimulus_Arg_PISACowsMilk_10_page_6,732.8,475.5,1138.0
10464562,stimulus_Arg_PISACowsMilk_10_page_6,732.7,476.0,1137.0
10464563,stimulus_Arg_PISACowsMilk_10_page_6,732.5,476.4,1137.0
10464564,stimulus_Arg_PISACowsMilk_10_page_6,732.3,476.4,1137.0
10464565,stimulus_Arg_PISACowsMilk_10_page_6,732.3,476.3,1137.0
10464566,stimulus_Arg_PISACowsMilk_10_page_6,732.2,476.2,1137.0
10464567,stimulus_Arg_PISACowsMilk_10_page_6,732.1,476.2,1138.0
10464568,stimulus_Arg_PISACowsMilk_10_page_6,732.1,476.1,1138.0
10464569,stimulus_Arg_PISACowsMilk_10_page_6,732.2,476.1,1139.0
10464570,stimulus_Arg_PISACowsMilk_10_page_6,732.4,476.1,1140.0
10464571,stimulus_Arg_PISACowsMilk_10_page_6,732.4,476.1,1140.0
10464572,stimulus_Arg_PISACowsMilk_10_page_6,732.4,476.1,1141.0
10464573,stimulus_Arg_PISACowsMilk_10_page_6,732.5,476.0,1141.0
10464574,stimulus_Arg_PISACowsMilk_10_page_6,732.6,475.9,1139.0
10464575,stimulus_Arg_PISACowsMilk_10_page_6,732.6,476.0,1138.0
10464576,stimulus_Arg_PISACowsMilk_10_page_6,732.7,476.1,1137.0
10464577,stimulus_Arg_PISACowsMilk_10_page_6,732.8,476.3,1138.0
10464578,stimulus_Arg_PISACowsMilk_10_page_6,732.7,475.9,1139.0
10464579,stimulus_Arg_PISACowsMilk_10_page_6,732.6,475.6,1140.0
10464580,stimulus_Arg_PISACowsMilk_10_page_6,732.5,475.4,1140.0
10464581,stimulus_Arg_PISACowsMilk_10_page_6,732.5,475.4,1139.0
10464582,stimulus_Arg_PISACowsMilk_10_page_6,732.4,475.4,1139.0
10464583,stimulus_Arg_PISACowsMilk_10_page_6,732.4,475.5,1138.0
10464584,stimulus_Arg_PISACowsMilk_10_page_6,732.4,475.5,1138.0
10464585,stimulus_Arg_PISACowsMilk_10_page_6,732.6,475.7,1138.0
10464586,stimulus_Arg_PISACowsMilk_10_page_6,732.8,475.9,1137.0
10464587,stimulus_Arg_PISACowsMilk_10_page_6,732.9,475.9,1137.0
10464588,stimulus_Arg_PISACowsMilk_10_page_6,732.8,475.8,1137.0
10464589,stimulus_Arg_PISACowsMilk_10_page_6,732.8,475.8,1137.0
10464590,stimulus_Arg_PISACowsMilk_10_page_6,732.8,476.3,1138.0
10464591,stimulus_Arg_PISACowsMilk_10_page_6,732.7,476.8,1138.0
10464592,stimulus_Arg_PISACowsMilk_10_page_6,732.6,477.2,1138.0
10464593,stimulus_Arg_PISACowsMilk_10_page_6,732.5,476.8,1138.0
10464594,stimulus_Arg_PISACowsMilk_10_page_6,732.5,476.3,1138.0
10464595,stimulus_Arg_PISACowsMilk_10_page_6,732.6,475.9,1138.0
10464596,stimulus_Arg_PISACowsMilk_10_page_6,732.6,475.9,1138.0
10464597,stimulus_Arg_PISACowsMilk_10_page_6,732.6,475.9,1138.0
10464598,stimulus_Arg_PISACowsMilk_10_page_6,732.5,476.1,1137.0
10464599,stimulus_Arg_PISACowsMilk_10_page_6,732.4,476.2,1137.0
10464600,stimulus_Arg_PISACowsMilk_10_page_6,732.8,476.2,1138.0
10464601,stimulus_Arg_PISACowsMilk_10_page_6,733.3,476.1,1138.0
10464602,stimulus_Arg_PISACowsMilk_10_page_6,733.4,476.1,1138.0
10464603,stimulus_Arg_PISACowsMilk_10_page_6,733.1,476.1,1138.0
10464604,stimulus_Arg_PISACowsMilk_10_page_6,732.7,476.1,1138.0
10464605,stimulus_Arg_PISACowsMilk_10_page_6,732.7,476.1,1138.0
10464606,stimulus_Arg_PISACowsMilk_10_page_6,732.8,476.1,1138.0
10464607,stimulus_Arg_PISACowsMilk_10_page_6,732.8,476.2,1138.0
10464608,stimulus_Arg_PISACowsMilk_10_page_6,732.5,476.3,1138.0
10464609,stimulus_Arg_PISACowsMilk_10_page_6,732.2,476.4,1138.0
10464610,stimulus_Arg_PISACowsMilk_10_page_6,732.0,476.5,1138.0
10464611,stimulus_Arg_PISACowsMilk_10_page_6,732.2,476.4,1138.0
10464612,stimulus_Arg_PISACowsMilk_10_page_6,732.4,476.3,1138.0
10464613,stimulus_Arg_PISACowsMilk_10_page_6,732.4,476.2,1137.0
10464614,stimulus_Arg_PISACowsMilk_10_page_6,732.4,476.2,1137.0
10464615,stimulus_Arg_PISACowsMilk_10_page_6,732.4,476.4,1137.0
10464616,stimulus_Arg_PISACowsMilk_10_page_6,732.6,476.8,1137.0
10464617,stimulus_Arg_PISACowsMilk_10_page_6,732.8,477.1,1138.0
10464618,stimulus_Arg_PISACowsMilk_10_page_6,732.9,476.9,1138.0
10464619,stimulus_Arg_PISACowsMilk_10_page_6,732.9,476.7,1138.0
10464620,stimulus_Arg_PISACowsMilk_10_page_6,732.9,476.6,1138.0
10464621,stimulus_Arg_PISACowsMilk_10_page_6,732.9,476.7,1138.0
10464622,stimulus_Arg_PISACowsMilk_10_page_6,732.9,476.9,1138.0
10464623,stimulus_Arg_PISACowsMilk_10_page_6,732.8,477.0,1138.0
10464624,stimulus_Arg_PISACowsMilk_10_page_6,732.8,477.0,1139.0
10464625,stimulus_Arg_PISACowsMilk_10_page_6,732.7,477.2,1139.0
10464626,stimulus_Arg_PISACowsMilk_10_page_6,732.7,477.4,1139.0
10464627,stimulus_Arg_PISACowsMilk_10_page_6,732.5,477.6,1139.0
10464628,stimulus_Arg_PISACowsMilk_10_page_6,732.4,477.7,1139.0
10464629,stimulus_Arg_PISACowsMilk_10_page_6,732.5,477.8,1139.0
10464630,stimulus_Arg_PISACowsMilk_10_page_6,732.8,477.9,1139.0
10464631,stimulus_Arg_PISACowsMilk_10_page_6,733.1,477.8,1139.0
10464632,stimulus_Arg_PISACowsMilk_10_page_6,733.0,477.6,1138.0
10464633,stimulus_Arg_PISACowsMilk_10_page_6,732.7,477.4,1137.0
10464634,stimulus_Arg_PISACowsMilk_10_page_6,732.4,477.8,1138.0
10464635,stimulus_Arg_PISACowsMilk_10_page_6,732.6,478.2,1138.0
10464636,stimulus_Arg_PISACowsMilk_10_page_6,732.9,478.5,1139.0
10464637,stimulus_Arg_PISACowsMilk_10_page_6,732.7,478.2,1139.0
10464638,stimulus_Arg_PISACowsMilk_10_page_6,732.3,478.0,1139.0
10464639,stimulus_Arg_PISACowsMilk_10_page_6,731.8,477.9,1139.0
10464640,stimulus_Arg_PISACowsMilk_10_page_6,731.9,478.0,1139.0
10464641,stimulus_Arg_PISACowsMilk_10_page_6,732.0,478.0,1140.0
10464642,stimulus_Arg_PISACowsMilk_10_page_6,732.3,478.0,1140.0
10464643,stimulus_Arg_PISACowsMilk_10_page_6,732.6,478.0,1140.0
10464644,stimulus_Arg_PISACowsMilk_10_page_6,732.9,477.9,1140.0
10464645,stimulus_Arg_PISACowsMilk_10_page_6,732.9,477.9,1140.0
10464646,stimulus_Arg_PISACowsMilk_10_page_6,732.9,478.1,1140.0
10464647,stimulus_Arg_PISACowsMilk_10_page_6,732.9,478.3,1140.0
10464648,stimulus_Arg_PISACowsMilk_10_page_6,733.1,478.7,1139.0
10464649,stimulus_Arg_PISACowsMilk_10_page_6,733.1,478.8,1140.0
10464650,stimulus_Arg_PISACowsMilk_10_page_6,733.1,478.8,1141.0
10464651,stimulus_Arg_PISACowsMilk_10_page_6,733.0,478.7,1141.0
10464652,stimulus_Arg_PISACowsMilk_10_page_6,733.0,478.7,1140.0
10464653,stimulus_Arg_PISACowsMilk_10_page_6,733.2,478.4,1139.0
10464654,stimulus_Arg_PISACowsMilk_10_page_6,733.6,478.2,1138.0
10464655,stimulus_Arg_PISACowsMilk_10_page_6,733.9,478.3,1138.0
10464656,stimulus_Arg_PISACowsMilk_10_page_6,733.9,478.5,1140.0
10464657,stimulus_Arg_PISACowsMilk_10_page_6,733.9,478.8,1142.0
10464658,stimulus_Arg_PISACowsMilk_10_page_6,733.6,478.5,1142.0
10464659,stimulus_Arg_PISACowsMilk_10_page_6,733.0,477.4,1141.0
10464660,stimulus_Arg_PISACowsMilk_10_page_6,731.3,476.2,1140.0
10464661,stimulus_Arg_PISACowsMilk_10_page_6,728.7,475.1,1139.0
10464662,stimulus_Arg_PISACowsMilk_10_page_6,725.0,476.0,1139.0
10464663,stimulus_Arg_PISACowsMilk_10_page_6,721.4,476.9,1140.0
10464664,stimulus_Arg_PISACowsMilk_10_page_6,716.2,477.1,1141.0
10464665,stimulus_Arg_PISACowsMilk_10_page_6,710.4,476.3,1141.0
10464666,stimulus_Arg_PISACowsMilk_10_page_6,703.5,475.6,1141.0
10464667,stimulus_Arg_PISACowsMilk_10_page_6,696.9,475.6,1141.0
10464668,stimulus_Arg_PISACowsMilk_10_page_6,689.7,476.3,1141.0
10464669,stimulus_Arg_PISACowsMilk_10_page_6,682.1,476.8,1143.0
10464670,stimulus_Arg_PISACowsMilk_10_page_6,675.2,476.7,1145.0
10464671,stimulus_Arg_PISACowsMilk_10_page_6,668.8,475.9,1146.0
10464672,stimulus_Arg_PISACowsMilk_10_page_6,664.3,475.6,1146.0
10464673,stimulus_Arg_PISACowsMilk_10_page_6,660.2,476.1,1145.0
10464674,stimulus_Arg_PISACowsMilk_10_page_6,657.8,476.6,1147.0
10464675,stimulus_Arg_PISACowsMilk_10_page_6,655.8,476.2,1149.0
10464676,stimulus_Arg_PISACowsMilk_10_page_6,654.8,475.8,1148.0
10464677,stimulus_Arg_PISACowsMilk_10_page_6,653.6,475.6,1146.0
10464678,stimulus_Arg_PISACowsMilk_10_page_6,652.8,475.9,1144.0
10464679,stimulus_Arg_PISACowsMilk_10_page_6,652.3,476.1,1144.0
10464680,stimulus_Arg_PISACowsMilk_10_page_6,651.8,476.5,1144.0
10464681,stimulus_Arg_PISACowsMilk_10_page_6,651.4,476.8,1144.0
10464682,stimulus_Arg_PISACowsMilk_10_page_6,651.0,477.2,1145.0
10464683,stimulus_Arg_PISACowsMilk_10_page_6,651.0,477.7,1145.0
10464684,stimulus_Arg_PISACowsMilk_10_page_6,651.0,478.2,1146.0
10464685,stimulus_Arg_PISACowsMilk_10_page_6,651.3,479.0,1146.0
10464686,stimulus_Arg_PISACowsMilk_10_page_6,652.3,479.2,1147.0
10464687,stimulus_Arg_PISACowsMilk_10_page_6,653.4,479.3,1147.0
10464688,stimulus_Arg_PISACowsMilk_10_page_6,654.2,479.3,1146.0
10464689,stimulus_Arg_PISACowsMilk_10_page_6,654.7,479.1,1146.0
10464690,stimulus_Arg_PISACowsMilk_10_page_6,655.5,478.8,1145.0
10464691,stimulus_Arg_PISACowsMilk_10_page_6,656.4,478.4,1145.0
10464692,stimulus_Arg_PISACowsMilk_10_page_6,657.3,477.2,1146.0
10464693,stimulus_Arg_PISACowsMilk_10_page_6,658.4,476.3,1146.0
10464694,stimulus_Arg_PISACowsMilk_10_page_6,659.2,475.5,1145.0
10464695,stimulus_Arg_PISACowsMilk_10_page_6,659.6,475.7,1144.0
10464696,stimulus_Arg_PISACowsMilk_10_page_6,659.5,475.8,1144.0
10464697,stimulus_Arg_PISACowsMilk_10_page_6,659.3,475.9,1143.0
10464698,stimulus_Arg_PISACowsMilk_10_page_6,659.1,476.0,1143.0
10464699,stimulus_Arg_PISACowsMilk_10_page_6,658.9,476.0,1143.0
10464700,stimulus_Arg_PISACowsMilk_10_page_6,658.7,476.3,1143.0
10464701,stimulus_Arg_PISACowsMilk_10_page_6,658.5,476.5,1143.0
10464702,stimulus_Arg_PISACowsMilk_10_page_6,658.1,476.6,1142.0
10464703,stimulus_Arg_PISACowsMilk_10_page_6,657.7,476.6,1141.0
10464704,stimulus_Arg_PISACowsMilk_10_page_6,657.2,476.6,1140.0
10464705,stimulus_Arg_PISACowsMilk_10_page_6,657.0,476.3,1139.0
10464706,stimulus_Arg_PISACowsMilk_10_page_6,656.4,475.8,1138.0
10464707,stimulus_Arg_PISACowsMilk_10_page_6,655.9,475.4,1138.0
10464708,stimulus_Arg_PISACowsMilk_10_page_6,655.4,475.3,1138.0
10464709,stimulus_Arg_PISACowsMilk_10_page_6,655.2,475.5,1139.0
10464710,stimulus_Arg_PISACowsMilk_10_page_6,655.1,475.8,1140.0
10464711,stimulus_Arg_PISACowsMilk_10_page_6,655.1,475.8,1140.0
10464712,stimulus_Arg_PISACowsMilk_10_page_6,655.1,475.6,1140.0
10464713,stimulus_Arg_PISACowsMilk_10_page_6,655.1,475.3,1140.0
10464714,stimulus_Arg_PISACowsMilk_10_page_6,655.5,475.2,1140.0
10464715,stimulus_Arg_PISACowsMilk_10_page_6,655.9,475.1,1139.0
10464716,stimulus_Arg_PISACowsMilk_10_page_6,656.3,475.2,1140.0
10464717,stimulus_Arg_PISACowsMilk_10_page_6,656.3,475.4,1141.0
10464718,stimulus_Arg_PISACowsMilk_10_page_6,656.0,475.6,1143.0
10464719,stimulus_Arg_PISACowsMilk_10_page_6,655.8,475.4,1144.0
10464720,stimulus_Arg_PISACowsMilk_10_page_6,655.5,475.3,1144.0
10464721,stimulus_Arg_PISACowsMilk_10_page_6,655.3,475.1,1143.0
10464722,stimulus_Arg_PISACowsMilk_10_page_6,654.9,475.0,1142.0
10464723,stimulus_Arg_PISACowsMilk_10_page_6,654.6,474.8,1142.0
10464724,stimulus_Arg_PISACowsMilk_10_page_6,654.5,474.7,1141.0
10464725,stimulus_Arg_PISACowsMilk_10_page_6,654.6,474.7,1142.0
10464726,stimulus_Arg_PISACowsMilk_10_page_6,655.0,475.0,1142.0
10464727,stimulus_Arg_PISACowsMilk_10_page_6,655.2,475.4,1143.0
10464728,stimulus_Arg_PISACowsMilk_10_page_6,655.4,475.7,1144.0
10464729,stimulus_Arg_PISACowsMilk_10_page_6,655.2,475.7,1144.0
10464730,stimulus_Arg_PISACowsMilk_10_page_6,655.2,475.6,1144.0
10464731,stimulus_Arg_PISACowsMilk_10_page_6,655.3,475.5,1145.0
10464732,stimulus_Arg_PISACowsMilk_10_page_6,655.9,475.5,1146.0
10464733,stimulus_Arg_PISACowsMilk_10_page_6,656.5,475.6,1147.0
10464734,stimulus_Arg_PISACowsMilk_10_page_6,656.7,475.5,1147.0
10464735,stimulus_Arg_PISACowsMilk_10_page_6,656.5,475.3,1147.0
10464736,stimulus_Arg_PISACowsMilk_10_page_6,656.3,475.2,1146.0
10464737,stimulus_Arg_PISACowsMilk_10_page_6,656.2,475.3,1145.0
10464738,stimulus_Arg_PISACowsMilk_10_page_6,656.1,475.4,1144.0
10464739,stimulus_Arg_PISACowsMilk_10_page_6,656.1,475.5,1144.0
10464740,stimulus_Arg_PISACowsMilk_10_page_6,656.0,475.7,1144.0
10464741,stimulus_Arg_PISACowsMilk_10_page_6,656.0,476.2,1144.0
10464742,stimulus_Arg_PISACowsMilk_10_page_6,656.0,476.5,1145.0
10464743,stimulus_Arg_PISACowsMilk_10_page_6,656.2,476.5,1146.0
10464744,stimulus_Arg_PISACowsMilk_10_page_6,656.4,476.3,1148.0
10464745,stimulus_Arg_PISACowsMilk_10_page_6,656.6,476.0,1149.0
10464746,stimulus_Arg_PISACowsMilk_10_page_6,656.6,476.0,1150.0
10464747,stimulus_Arg_PISACowsMilk_10_page_6,656.6,476.0,1150.0
10464748,stimulus_Arg_PISACowsMilk_10_page_6,656.7,476.2,1150.0
10464749,stimulus_Arg_PISACowsMilk_10_page_6,656.6,476.4,1151.0
10464750,stimulus_Arg_PISACowsMilk_10_page_6,656.5,476.4,1151.0
10464751,stimulus_Arg_PISACowsMilk_10_page_6,656.5,476.3,1151.0
10464752,stimulus_Arg_PISACowsMilk_10_page_6,656.4,476.4,1151.0
10464753,stimulus_Arg_PISACowsMilk_10_page_6,656.3,476.7,1151.0
10464754,stimulus_Arg_PISACowsMilk_10_page_6,655.8,477.0,1152.0
10464755,stimulus_Arg_PISACowsMilk_10_page_6,655.3,476.8,1152.0
10464756,stimulus_Arg_PISACowsMilk_10_page_6,655.0,476.7,1151.0
10464757,stimulus_Arg_PISACowsMilk_10_page_6,655.0,476.7,1151.0
10464758,stimulus_Arg_PISACowsMilk_10_page_6,655.1,476.6,1151.0
10464759,stimulus_Arg_PISACowsMilk_10_page_6,655.2,476.6,1151.0
10464760,stimulus_Arg_PISACowsMilk_10_page_6,655.4,476.6,1150.0
10464761,stimulus_Arg_PISACowsMilk_10_page_6,655.5,476.6,1150.0
10464762,stimulus_Arg_PISACowsMilk_10_page_6,655.5,476.6,1150.0
10464763,stimulus_Arg_PISACowsMilk_10_page_6,655.4,476.5,1149.0
10464764,stimulus_Arg_PISACowsMilk_10_page_6,655.3,476.6,1148.0
10464765,stimulus_Arg_PISACowsMilk_10_page_6,655.2,476.6,1147.0
10464766,stimulus_Arg_PISACowsMilk_10_page_6,655.2,476.7,1147.0
10464767,stimulus_Arg_PISACowsMilk_10_page_6,655.1,476.7,1148.0
10464768,stimulus_Arg_PISACowsMilk_10_page_6,655.0,476.9,1150.0
10464769,stimulus_Arg_PISACowsMilk_10_page_6,655.0,477.0,1152.0
10464770,stimulus_Arg_PISACowsMilk_10_page_6,655.1,477.0,1152.0
10464771,stimulus_Arg_PISACowsMilk_10_page_6,655.2,477.0,1152.0
10464772,stimulus_Arg_PISACowsMilk_10_page_6,655.3,477.0,1152.0
10464773,stimulus_Arg_PISACowsMilk_10_page_6,654.9,477.0,1151.0
10464774,stimulus_Arg_PISACowsMilk_10_page_6,654.6,477.0,1151.0
10464775,stimulus_Arg_PISACowsMilk_10_page_6,654.3,477.0,1150.0
10464776,stimulus_Arg_PISACowsMilk_10_page_6,654.3,477.1,1149.0
10464777,stimulus_Arg_PISACowsMilk_10_page_6,654.4,477.0,1148.0
10464778,stimulus_Arg_PISACowsMilk_10_page_6,654.4,476.9,1149.0
10464779,stimulus_Arg_PISACowsMilk_10_page_6,654.5,477.0,1150.0
10464780,stimulus_Arg_PISACowsMilk_10_page_6,654.5,477.2,1151.0
10464781,stimulus_Arg_PISACowsMilk_10_page_6,654.5,477.5,1151.0
10464782,stimulus_Arg_PISACowsMilk_10_page_6,654.7,477.6,1151.0
10464783,stimulus_Arg_PISACowsMilk_10_page_6,654.8,477.7,1151.0
10464784,stimulus_Arg_PISACowsMilk_10_page_6,654.9,477.7,1151.0
10464785,stimulus_Arg_PISACowsMilk_10_page_6,655.0,477.5,1151.0
10464786,stimulus_Arg_PISACowsMilk_10_page_6,654.9,477.3,1150.0
10464787,stimulus_Arg_PISACowsMilk_10_page_6,654.7,477.1,1150.0
10464788,stimulus_Arg_PISACowsMilk_10_page_6,654.6,477.1,1151.0
10464789,stimulus_Arg_PISACowsMilk_10_page_6,654.4,477.1,1153.0
10464790,stimulus_Arg_PISACowsMilk_10_page_6,654.2,477.2,1154.0
10464791,stimulus_Arg_PISACowsMilk_10_page_6,654.2,477.3,1154.0
10464792,stimulus_Arg_PISACowsMilk_10_page_6,654.5,477.6,1154.0
10464793,stimulus_Arg_PISACowsMilk_10_page_6,654.7,478.0,1154.0
10464794,stimulus_Arg_PISACowsMilk_10_page_6,654.7,478.2,1154.0
10464795,stimulus_Arg_PISACowsMilk_10_page_6,654.7,478.2,1154.0
10464796,stimulus_Arg_PISACowsMilk_10_page_6,654.6,478.2,1154.0
10464797,stimulus_Arg_PISACowsMilk_10_page_6,654.6,478.2,1154.0
10464798,stimulus_Arg_PISACowsMilk_10_page_6,654.5,478.2,1154.0
10464799,stimulus_Arg_PISACowsMilk_10_page_6,654.4,478.3,1154.0
10464800,stimulus_Arg_PISACowsMilk_10_page_6,654.3,478.4,1154.0
10464801,stimulus_Arg_PISACowsMilk_10_page_6,654.3,478.6,1155.0
10464802,stimulus_Arg_PISACowsMilk_10_page_6,654.3,478.6,1155.0
10464803,stimulus_Arg_PISACowsMilk_10_page_6,654.3,478.5,1155.0
10464804,stimulus_Arg_PISACowsMilk_10_page_6,654.3,478.5,1155.0
10464805,stimulus_Arg_PISACowsMilk_10_page_6,654.3,478.4,1155.0
10464806,stimulus_Arg_PISACowsMilk_10_page_6,654.3,478.2,1155.0
10464807,stimulus_Arg_PISACowsMilk_10_page_6,654.1,478.0,1155.0
10464808,stimulus_Arg_PISACowsMilk_10_page_6,653.9,477.8,1155.0
10464809,stimulus_Arg_PISACowsMilk_10_page_6,653.7,477.8,1156.0
10464810,stimulus_Arg_PISACowsMilk_10_page_6,653.9,477.8,1156.0
10464811,stimulus_Arg_PISACowsMilk_10_page_6,654.1,477.8,1156.0
10464812,stimulus_Arg_PISACowsMilk_10_page_6,654.2,477.8,1156.0
10464813,stimulus_Arg_PISACowsMilk_10_page_6,654.1,477.8,1156.0
10464814,stimulus_Arg_PISACowsMilk_10_page_6,653.9,477.9,1156.0
10464815,stimulus_Arg_PISACowsMilk_10_page_6,653.7,477.9,1155.0
10464816,stimulus_Arg_PISACowsMilk_10_page_6,653.6,477.9,1155.0
10464817,stimulus_Arg_PISACowsMilk_10_page_6,653.6,478.0,1155.0
10464818,stimulus_Arg_PISACowsMilk_10_page_6,653.6,478.1,1156.0
10464819,stimulus_Arg_PISACowsMilk_10_page_6,653.6,478.2,1157.0
10464820,stimulus_Arg_PISACowsMilk_10_page_6,653.9,478.3,1157.0
10464821,stimulus_Arg_PISACowsMilk_10_page_6,654.1,478.3,1157.0
10464822,stimulus_Arg_PISACowsMilk_10_page_6,654.2,478.3,1156.0
10464823,stimulus_Arg_PISACowsMilk_10_page_6,654.1,478.4,1154.0
10464824,stimulus_Arg_PISACowsMilk_10_page_6,653.7,478.5,1153.0
10464825,stimulus_Arg_PISACowsMilk_10_page_6,653.4,478.4,1153.0
10464826,stimulus_Arg_PISACowsMilk_10_page_6,653.0,478.3,1153.0
10464827,stimulus_Arg_PISACowsMilk_10_page_6,653.1,478.2,1153.0
10464828,stimulus_Arg_PISACowsMilk_10_page_6,653.1,478.1,1153.0
10464829,stimulus_Arg_PISACowsMilk_10_page_6,653.1,478.1,1154.0
10464830,stimulus_Arg_PISACowsMilk_10_page_6,653.3,478.2,1154.0
10464831,stimulus_Arg_PISACowsMilk_10_page_6,653.4,478.3,1154.0
10464832,stimulus_Arg_PISACowsMilk_10_page_6,653.5,478.5,1154.0
10464833,stimulus_Arg_PISACowsMilk_10_page_6,653.6,478.8,1154.0
10464834,stimulus_Arg_PISACowsMilk_10_page_6,653.7,479.1,1153.0
10464835,stimulus_Arg_PISACowsMilk_10_page_6,653.8,479.3,1153.0
10464836,stimulus_Arg_PISACowsMilk_10_page_6,653.8,479.3,1153.0
10464837,stimulus_Arg_PISACowsMilk_10_page_6,653.8,479.3,1154.0
10464838,stimulus_Arg_PISACowsMilk_10_page_6,653.7,479.2,1154.0
10464839,stimulus_Arg_PISACowsMilk_10_page_6,653.8,479.1,1154.0
10464840,stimulus_Arg_PISACowsMilk_10_page_6,653.8,479.0,1154.0
10464841,stimulus_Arg_PISACowsMilk_10_page_6,653.6,479.1,1153.0
10464842,stimulus_Arg_PISACowsMilk_10_page_6,653.3,479.2,1151.0
10464843,stimulus_Arg_PISACowsMilk_10_page_6,653.0,479.4,1150.0
10464844,stimulus_Arg_PISACowsMilk_10_page_6,653.0,479.5,1151.0
10464845,stimulus_Arg_PISACowsMilk_10_page_6,652.9,479.6,1152.0
10464846,stimulus_Arg_PISACowsMilk_10_page_6,652.9,479.6,1153.0
10464847,stimulus_Arg_PISACowsMilk_10_page_6,653.0,479.8,1153.0
10464848,stimulus_Arg_PISACowsMilk_10_page_6,653.2,480.0,1154.0
10464849,stimulus_Arg_PISACowsMilk_10_page_6,653.4,480.2,1155.0
10464850,stimulus_Arg_PISACowsMilk_10_page_6,653.4,480.1,1155.0
10464851,stimulus_Arg_PISACowsMilk_10_page_6,653.3,480.2,1156.0
10464852,stimulus_Arg_PISACowsMilk_10_page_6,653.1,480.3,1156.0
10464853,stimulus_Arg_PISACowsMilk_10_page_6,652.8,480.6,1157.0
10464854,stimulus_Arg_PISACowsMilk_10_page_6,652.6,480.8,1157.0
10464855,stimulus_Arg_PISACowsMilk_10_page_6,653.1,480.9,1157.0
10464856,stimulus_Arg_PISACowsMilk_10_page_6,654.6,480.8,1156.0
10464857,stimulus_Arg_PISACowsMilk_10_page_6,657.7,480.6,1155.0
10464858,stimulus_Arg_PISACowsMilk_10_page_6,661.4,480.5,1155.0
10464859,stimulus_Arg_PISACowsMilk_10_page_6,665.8,480.5,1156.0
10464860,stimulus_Arg_PISACowsMilk_10_page_6,671.0,480.7,1156.0
10464861,stimulus_Arg_PISACowsMilk_10_page_6,677.6,481.0,1157.0
10464862,stimulus_Arg_PISACowsMilk_10_page_6,685.0,481.2,1158.0
10464863,stimulus_Arg_PISACowsMilk_10_page_6,692.5,481.5,1159.0
10464864,stimulus_Arg_PISACowsMilk_10_page_6,700.0,481.8,1160.0
10464865,stimulus_Arg_PISACowsMilk_10_page_6,707.7,482.1,1160.0
10464866,stimulus_Arg_PISACowsMilk_10_page_6,716.2,481.3,1160.0
10464867,stimulus_Arg_PISACowsMilk_10_page_6,724.7,480.2,1160.0
10464868,stimulus_Arg_PISACowsMilk_10_page_6,733.2,478.6,1160.0
10464869,stimulus_Arg_PISACowsMilk_10_page_6,741.4,477.8,1159.0
10464870,stimulus_Arg_PISACowsMilk_10_page_6,749.0,477.1,1159.0
10464871,stimulus_Arg_PISACowsMilk_10_page_6,757.8,476.3,1158.0
10464872,stimulus_Arg_PISACowsMilk_10_page_6,765.9,475.4,1158.0
10464873,stimulus_Arg_PISACowsMilk_10_page_6,774.8,474.5,1156.0
10464874,stimulus_Arg_PISACowsMilk_10_page_6,782.1,474.6,1155.0
10464875,stimulus_Arg_PISACowsMilk_10_page_6,788.9,475.1,1152.0
10464876,stimulus_Arg_PISACowsMilk_10_page_6,795.6,474.7,1149.0
10464877,stimulus_Arg_PISACowsMilk_10_page_6,802.2,473.7,1147.0
10464878,stimulus_Arg_PISACowsMilk_10_page_6,808.6,472.8,1146.0
10464879,stimulus_Arg_PISACowsMilk_10_page_6,812.6,472.8,1144.0
10464880,stimulus_Arg_PISACowsMilk_10_page_6,814.8,472.9,1142.0
10464881,stimulus_Arg_PISACowsMilk_10_page_6,815.3,472.8,1140.0
10464882,stimulus_Arg_PISACowsMilk_10_page_6,814.4,472.7,1139.0
10464883,stimulus_Arg_PISACowsMilk_10_page_6,812.3,472.7,1138.0
10464884,stimulus_Arg_PISACowsMilk_10_page_6,809.3,472.7,1137.0
10464885,stimulus_Arg_PISACowsMilk_10_page_6,806.7,472.7,1137.0
10464886,stimulus_Arg_PISACowsMilk_10_page_6,804.5,472.8,1137.0
10464887,stimulus_Arg_PISACowsMilk_10_page_6,801.8,472.9,1138.0
10464888,stimulus_Arg_PISACowsMilk_10_page_6,798.4,473.6,1139.0
10464889,stimulus_Arg_PISACowsMilk_10_page_6,795.2,474.6,1141.0
10464890,stimulus_Arg_PISACowsMilk_10_page_6,792.8,475.7,1144.0
10464891,stimulus_Arg_PISACowsMilk_10_page_6,791.1,476.6,1146.0
10464892,stimulus_Arg_PISACowsMilk_10_page_6,789.6,477.0,1148.0
10464893,stimulus_Arg_PISACowsMilk_10_page_6,788.7,477.3,1149.0
10464894,stimulus_Arg_PISACowsMilk_10_page_6,788.3,477.9,1151.0
10464895,stimulus_Arg_PISACowsMilk_10_page_6,788.4,478.5,1151.0
10464896,stimulus_Arg_PISACowsMilk_10_page_6,788.8,479.0,1152.0
10464897,stimulus_Arg_PISACowsMilk_10_page_6,789.5,479.1,1152.0
10464898,stimulus_Arg_PISACowsMilk_10_page_6,790.4,479.1,1153.0
10464899,stimulus_Arg_PISACowsMilk_10_page_6,791.4,479.2,1154.0
10464900,stimulus_Arg_PISACowsMilk_10_page_6,792.6,479.2,1155.0
10464901,stimulus_Arg_PISACowsMilk_10_page_6,793.7,479.2,1154.0
10464902,stimulus_Arg_PISACowsMilk_10_page_6,794.6,479.0,1152.0
10464903,stimulus_Arg_PISACowsMilk_10_page_6,795.3,478.8,1150.0
10464904,stimulus_Arg_PISACowsMilk_10_page_6,796.2,478.7,1149.0
10464905,stimulus_Arg_PISACowsMilk_10_page_6,796.5,478.8,1149.0
10464906,stimulus_Arg_PISACowsMilk_10_page_6,796.7,478.9,1148.0
10464907,stimulus_Arg_PISACowsMilk_10_page_6,796.8,478.8,1147.0
10464908,stimulus_Arg_PISACowsMilk_10_page_6,797.0,478.8,1147.0
10464909,stimulus_Arg_PISACowsMilk_10_page_6,797.4,478.8,1147.0
10464910,stimulus_Arg_PISACowsMilk_10_page_6,797.8,478.9,1146.0
10464911,stimulus_Arg_PISACowsMilk_10_page_6,798.1,478.8,1146.0
10464912,stimulus_Arg_PISACowsMilk_10_page_6,798.4,478.4,1145.0
10464913,stimulus_Arg_PISACowsMilk_10_page_6,798.8,478.1,1145.0
10464914,stimulus_Arg_PISACowsMilk_10_page_6,799.3,477.7,1145.0
10464915,stimulus_Arg_PISACowsMilk_10_page_6,799.8,477.7,1145.0
10464916,stimulus_Arg_PISACowsMilk_10_page_6,800.1,477.4,1145.0
10464917,stimulus_Arg_PISACowsMilk_10_page_6,800.4,477.1,1146.0
10464918,stimulus_Arg_PISACowsMilk_10_page_6,800.3,476.8,1146.0
10464919,stimulus_Arg_PISACowsMilk_10_page_6,800.1,476.7,1147.0
10464920,stimulus_Arg_PISACowsMilk_10_page_6,799.9,476.8,1147.0
10464921,stimulus_Arg_PISACowsMilk_10_page_6,799.7,476.2,1147.0
10464922,stimulus_Arg_PISACowsMilk_10_page_6,799.4,475.6,1147.0
10464923,stimulus_Arg_PISACowsMilk_10_page_6,799.3,475.3,1146.0
10464924,stimulus_Arg_PISACowsMilk_10_page_6,799.5,475.6,1146.0
10464925,stimulus_Arg_PISACowsMilk_10_page_6,799.5,475.9,1146.0
10464926,stimulus_Arg_PISACowsMilk_10_page_6,799.5,475.9,1147.0
10464927,stimulus_Arg_PISACowsMilk_10_page_6,799.4,475.8,1147.0
10464928,stimulus_Arg_PISACowsMilk_10_page_6,799.3,475.6,1148.0
10464929,stimulus_Arg_PISACowsMilk_10_page_6,799.1,475.2,1146.0
10464930,stimulus_Arg_PISACowsMilk_10_page_6,798.8,474.9,1145.0
10464931,stimulus_Arg_PISACowsMilk_10_page_6,798.4,474.8,1145.0
10464932,stimulus_Arg_PISACowsMilk_10_page_6,798.1,474.9,1145.0
10464933,stimulus_Arg_PISACowsMilk_10_page_6,798.0,474.9,1147.0
10464934,stimulus_Arg_PISACowsMilk_10_page_6,798.1,474.9,1148.0
10464935,stimulus_Arg_PISACowsMilk_10_page_6,798.2,474.9,1148.0
10464936,stimulus_Arg_PISACowsMilk_10_page_6,798.3,474.7,1147.0
10464937,stimulus_Arg_PISACowsMilk_10_page_6,798.3,474.5,1146.0
10464938,stimulus_Arg_PISACowsMilk_10_page_6,798.2,474.5,1147.0
10464939,stimulus_Arg_PISACowsMilk_10_page_6,798.0,474.5,1148.0
10464940,stimulus_Arg_PISACowsMilk_10_page_6,797.9,474.5,1149.0
10464941,stimulus_Arg_PISACowsMilk_10_page_6,797.7,474.3,1149.0
10464942,stimulus_Arg_PISACowsMilk_10_page_6,797.6,474.0,1148.0
10464943,stimulus_Arg_PISACowsMilk_10_page_6,797.5,474.1,1147.0
10464944,stimulus_Arg_PISACowsMilk_10_page_6,797.5,474.5,1146.0
10464945,stimulus_Arg_PISACowsMilk_10_page_6,797.6,475.0,1145.0
10464946,stimulus_Arg_PISACowsMilk_10_page_6,797.8,474.8,1145.0
10464947,stimulus_Arg_PISACowsMilk_10_page_6,798.1,474.6,1146.0
10464948,stimulus_Arg_PISACowsMilk_10_page_6,798.2,474.5,1146.0
10464949,stimulus_Arg_PISACowsMilk_10_page_6,798.4,474.9,1146.0
10464950,stimulus_Arg_PISACowsMilk_10_page_6,798.6,475.3,1146.0
10464951,stimulus_Arg_PISACowsMilk_10_page_6,798.7,475.7,1146.0
10464952,stimulus_Arg_PISACowsMilk_10_page_6,799.0,475.7,1145.0
10464953,stimulus_Arg_PISACowsMilk_10_page_6,799.4,475.8,1145.0
10464954,stimulus_Arg_PISACowsMilk_10_page_6,799.5,475.8,1146.0
10464955,stimulus_Arg_PISACowsMilk_10_page_6,799.1,475.8,1146.0
10464956,stimulus_Arg_PISACowsMilk_10_page_6,798.7,475.7,1146.0
10464957,stimulus_Arg_PISACowsMilk_10_page_6,798.9,475.4,1146.0
10464958,stimulus_Arg_PISACowsMilk_10_page_6,799.4,475.0,1146.0
10464959,stimulus_Arg_PISACowsMilk_10_page_6,800.0,474.7,1146.0
10464960,stimulus_Arg_PISACowsMilk_10_page_6,800.2,474.6,1147.0
10464961,stimulus_Arg_PISACowsMilk_10_page_6,800.1,474.5,1147.0
10464962,stimulus_Arg_PISACowsMilk_10_page_6,800.0,474.7,1148.0
10464963,stimulus_Arg_PISACowsMilk_10_page_6,799.5,474.9,1148.0
10464964,stimulus_Arg_PISACowsMilk_10_page_6,799.1,475.1,1147.0
10464965,stimulus_Arg_PISACowsMilk_10_page_6,798.8,475.2,1147.0
10464966,stimulus_Arg_PISACowsMilk_10_page_6,798.8,475.3,1147.0
10464967,stimulus_Arg_PISACowsMilk_10_page_6,798.8,475.5,1147.0
10464968,stimulus_Arg_PISACowsMilk_10_page_6,798.9,475.5,1147.0
10464969,stimulus_Arg_PISACowsMilk_10_page_6,799.2,475.5,1147.0
10464970,stimulus_Arg_PISACowsMilk_10_page_6,799.5,475.5,1147.0
10464971,stimulus_Arg_PISACowsMilk_10_page_6,799.9,475.4,1148.0
10464972,stimulus_Arg_PISACowsMilk_10_page_6,799.8,475.3,1149.0
10464973,stimulus_Arg_PISACowsMilk_10_page_6,799.5,475.2,1149.0
10464974,stimulus_Arg_PISACowsMilk_10_page_6,799.2,475.1,1149.0
10464975,stimulus_Arg_PISACowsMilk_10_page_6,798.9,474.8,1149.0
10464976,stimulus_Arg_PISACowsMilk_10_page_6,798.9,474.6,1148.0
10464977,stimulus_Arg_PISACowsMilk_10_page_6,798.9,474.4,1147.0
10464978,stimulus_Arg_PISACowsMilk_10_page_6,798.8,474.4,1147.0
10464979,stimulus_Arg_PISACowsMilk_10_page_6,798.9,474.8,1147.0
10464980,stimulus_Arg_PISACowsMilk_10_page_6,798.9,475.2,1147.0
10464981,stimulus_Arg_PISACowsMilk_10_page_6,799.0,475.5,1148.0
10464982,stimulus_Arg_PISACowsMilk_10_page_6,799.2,475.4,1148.0
10464983,stimulus_Arg_PISACowsMilk_10_page_6,799.4,475.3,1148.0
10464984,stimulus_Arg_PISACowsMilk_10_page_6,799.5,475.1,1149.0
10464985,stimulus_Arg_PISACowsMilk_10_page_6,799.4,474.9,1148.0
10464986,stimulus_Arg_PISACowsMilk_10_page_6,799.2,474.9,1148.0
10464987,stimulus_Arg_PISACowsMilk_10_page_6,799.3,475.0,1148.0
10464988,stimulus_Arg_PISACowsMilk_10_page_6,799.3,475.1,1148.0
10464989,stimulus_Arg_PISACowsMilk_10_page_6,799.4,475.4,1147.0
10464990,stimulus_Arg_PISACowsMilk_10_page_6,799.8,475.6,1148.0
10464991,stimulus_Arg_PISACowsMilk_10_page_6,800.1,475.7,1149.0
10464992,stimulus_Arg_PISACowsMilk_10_page_6,800.2,475.7,1149.0
10464993,stimulus_Arg_PISACowsMilk_10_page_6,800.0,475.6,1149.0
10464994,stimulus_Arg_PISACowsMilk_10_page_6,799.8,475.5,1148.0
10464995,stimulus_Arg_PISACowsMilk_10_page_6,799.8,475.4,1148.0
10464996,stimulus_Arg_PISACowsMilk_10_page_6,799.5,475.4,1149.0
10464997,stimulus_Arg_PISACowsMilk_10_page_6,799.3,475.4,1149.0
10464998,stimulus_Arg_PISACowsMilk_10_page_6,799.3,475.3,1149.0
10464999,stimulus_Arg_PISACowsMilk_10_page_6,799.5,475.1,1149.0
10465000,stimulus_Arg_PISACowsMilk_10_page_6,799.7,474.9,1148.0
10465001,stimulus_Arg_PISACowsMilk_10_page_6,799.8,474.8,1148.0
10465002,stimulus_Arg_PISACowsMilk_10_page_6,799.7,475.2,1148.0
10465003,stimulus_Arg_PISACowsMilk_10_page_6,799.6,475.6,1147.0
10465004,stimulus_Arg_PISACowsMilk_10_page_6,799.4,475.9,1147.0
10465005,stimulus_Arg_PISACowsMilk_10_page_6,799.4,476.0,1148.0
10465006,stimulus_Arg_PISACowsMilk_10_page_6,799.4,476.0,1148.0
10465007,stimulus_Arg_PISACowsMilk_10_page_6,799.7,476.0,1149.0
10465008,stimulus_Arg_PISACowsMilk_10_page_6,800.0,476.0,1150.0
10465009,stimulus_Arg_PISACowsMilk_10_page_6,800.3,476.0,1151.0
10465010,stimulus_Arg_PISACowsMilk_10_page_6,800.3,476.0,1152.0
10465011,stimulus_Arg_PISACowsMilk_10_page_6,800.0,476.1,1153.0
10465012,stimulus_Arg_PISACowsMilk_10_page_6,799.6,476.1,1152.0
10465013,stimulus_Arg_PISACowsMilk_10_page_6,799.4,476.2,1151.0
10465014,stimulus_Arg_PISACowsMilk_10_page_6,799.6,476.3,1151.0
10465015,stimulus_Arg_PISACowsMilk_10_page_6,799.8,476.3,1151.0
10465016,stimulus_Arg_PISACowsMilk_10_page_6,799.9,476.2,1152.0
10465017,stimulus_Arg_PISACowsMilk_10_page_6,799.8,476.1,1152.0
10465018,stimulus_Arg_PISACowsMilk_10_page_6,799.8,476.1,1151.0
10465019,stimulus_Arg_PISACowsMilk_10_page_6,799.8,476.3,1152.0
10465020,stimulus_Arg_PISACowsMilk_10_page_6,799.8,476.4,1152.0
10465021,stimulus_Arg_PISACowsMilk_10_page_6,799.9,476.8,1153.0
10465022,stimulus_Arg_PISACowsMilk_10_page_6,800.1,477.1,1153.0
10465023,stimulus_Arg_PISACowsMilk_10_page_6,800.5,477.5,1154.0
10465024,stimulus_Arg_PISACowsMilk_10_page_6,800.7,477.6,1155.0
10465025,stimulus_Arg_PISACowsMilk_10_page_6,801.0,477.5,1156.0
10465026,stimulus_Arg_PISACowsMilk_10_page_6,801.0,477.3,1157.0
10465027,stimulus_Arg_PISACowsMilk_10_page_6,801.1,477.2,1157.0
10465028,stimulus_Arg_PISACowsMilk_10_page_6,801.3,477.0,1157.0
10465029,stimulus_Arg_PISACowsMilk_10_page_6,801.4,477.0,1157.0
10465030,stimulus_Arg_PISACowsMilk_10_page_6,801.3,477.0,1157.0
10465031,stimulus_Arg_PISACowsMilk_10_page_6,801.2,477.2,1158.0
10465032,stimulus_Arg_PISACowsMilk_10_page_6,801.1,477.4,1158.0
10465033,stimulus_Arg_PISACowsMilk_10_page_6,801.0,477.6,1158.0
10465034,stimulus_Arg_PISACowsMilk_10_page_6,800.9,477.7,1158.0
10465035,stimulus_Arg_PISACowsMilk_10_page_6,800.7,477.7,1158.0
10465036,stimulus_Arg_PISACowsMilk_10_page_6,800.7,477.7,1158.0
10465037,stimulus_Arg_PISACowsMilk_10_page_6,800.6,477.7,1158.0
10465038,stimulus_Arg_PISACowsMilk_10_page_6,800.6,477.8,1158.0
10465039,stimulus_Arg_PISACowsMilk_10_page_6,800.6,477.9,1158.0
10465040,stimulus_Arg_PISACowsMilk_10_page_6,800.7,478.0,1158.0
10465041,stimulus_Arg_PISACowsMilk_10_page_6,800.8,478.1,1159.0
10465042,stimulus_Arg_PISACowsMilk_10_page_6,800.9,478.1,1159.0
10465043,stimulus_Arg_PISACowsMilk_10_page_6,800.9,478.1,1160.0
10465044,stimulus_Arg_PISACowsMilk_10_page_6,800.5,477.7,1160.0
10465045,stimulus_Arg_PISACowsMilk_10_page_6,800.2,477.3,1161.0
10465046,stimulus_Arg_PISACowsMilk_10_page_6,799.9,476.9,1161.0
10465047,stimulus_Arg_PISACowsMilk_10_page_6,800.0,477.0,1161.0
10465048,stimulus_Arg_PISACowsMilk_10_page_6,800.0,477.0,1162.0
10465049,stimulus_Arg_PISACowsMilk_10_page_6,800.5,477.1,1163.0
10465050,stimulus_Arg_PISACowsMilk_10_page_6,801.0,477.1,1164.0
10465051,stimulus_Arg_PISACowsMilk_10_page_6,801.4,477.3,1165.0
10465052,stimulus_Arg_PISACowsMilk_10_page_6,801.3,477.6,1165.0
10465053,stimulus_Arg_PISACowsMilk_10_page_6,801.2,478.1,1164.0
10465054,stimulus_Arg_PISACowsMilk_10_page_6,801.3,478.5,1165.0
10465055,stimulus_Arg_PISACowsMilk_10_page_6,801.3,478.7,1165.0
10465056,stimulus_Arg_PISACowsMilk_10_page_6,801.3,478.7,1165.0
10465057,stimulus_Arg_PISACowsMilk_10_page_6,801.3,478.7,1164.0
10465058,stimulus_Arg_PISACowsMilk_10_page_6,801.3,478.7,1165.0
10465059,stimulus_Arg_PISACowsMilk_10_page_6,801.3,478.6,1166.0
10465060,stimulus_Arg_PISACowsMilk_10_page_6,801.4,478.5,1167.0
10465061,stimulus_Arg_PISACowsMilk_10_page_6,801.5,478.4,1167.0
10465062,stimulus_Arg_PISACowsMilk_10_page_6,801.5,478.4,1167.0
10465063,stimulus_Arg_PISACowsMilk_10_page_6,801.5,478.4,1167.0
10465064,stimulus_Arg_PISACowsMilk_10_page_6,801.3,478.5,1167.0
10465065,stimulus_Arg_PISACowsMilk_10_page_6,801.1,478.5,1167.0
10465066,stimulus_Arg_PISACowsMilk_10_page_6,801.0,478.5,1168.0
10465067,stimulus_Arg_PISACowsMilk_10_page_6,800.8,478.5,1168.0
10465068,stimulus_Arg_PISACowsMilk_10_page_6,800.7,478.2,1168.0
10465069,stimulus_Arg_PISACowsMilk_10_page_6,800.5,477.9,1168.0
10465070,stimulus_Arg_PISACowsMilk_10_page_6,800.6,477.9,1168.0
10465071,stimulus_Arg_PISACowsMilk_10_page_6,800.4,478.1,1168.0
10465072,stimulus_Arg_PISACowsMilk_10_page_6,800.1,478.2,1168.0
10465073,stimulus_Arg_PISACowsMilk_10_page_6,799.8,478.2,1167.0
10465074,stimulus_Arg_PISACowsMilk_10_page_6,799.5,478.1,1167.0
10465075,stimulus_Arg_PISACowsMilk_10_page_6,799.5,478.0,1167.0
10465076,stimulus_Arg_PISACowsMilk_10_page_6,799.2,477.6,1167.0
10465077,stimulus_Arg_PISACowsMilk_10_page_6,798.9,477.1,1167.0
10465078,stimulus_Arg_PISACowsMilk_10_page_6,798.7,476.9,1167.0
10465079,stimulus_Arg_PISACowsMilk_10_page_6,798.6,477.4,1167.0
10465080,stimulus_Arg_PISACowsMilk_10_page_6,798.6,478.0,1167.0
10465081,stimulus_Arg_PISACowsMilk_10_page_6,798.6,478.4,1168.0
10465082,stimulus_Arg_PISACowsMilk_10_page_6,798.7,478.7,1168.0
10465083,stimulus_Arg_PISACowsMilk_10_page_6,798.9,478.9,1169.0
10465084,stimulus_Arg_PISACowsMilk_10_page_6,798.7,479.2,1169.0
10465085,stimulus_Arg_PISACowsMilk_10_page_6,798.6,479.1,1169.0
10465086,stimulus_Arg_PISACowsMilk_10_page_6,798.4,479.0,1169.0
10465087,stimulus_Arg_PISACowsMilk_10_page_6,798.3,479.3,1169.0
10465088,stimulus_Arg_PISACowsMilk_10_page_6,798.0,479.5,1170.0
10465089,stimulus_Arg_PISACowsMilk_10_page_6,797.7,479.9,1170.0
10465090,stimulus_Arg_PISACowsMilk_10_page_6,797.5,479.9,1170.0
10465091,stimulus_Arg_PISACowsMilk_10_page_6,797.4,479.8,1171.0
10465092,stimulus_Arg_PISACowsMilk_10_page_6,797.0,479.4,1171.0
10465093,stimulus_Arg_PISACowsMilk_10_page_6,796.5,479.0,1172.0
10465094,stimulus_Arg_PISACowsMilk_10_page_6,796.3,478.8,1171.0
10465095,stimulus_Arg_PISACowsMilk_10_page_6,796.3,478.7,1171.0
10465096,stimulus_Arg_PISACowsMilk_10_page_6,796.3,478.3,1170.0
10465097,stimulus_Arg_PISACowsMilk_10_page_6,796.3,477.9,1171.0
10465098,stimulus_Arg_PISACowsMilk_10_page_6,796.2,477.6,1171.0
10465099,stimulus_Arg_PISACowsMilk_10_page_6,796.2,477.6,1170.0
10465100,stimulus_Arg_PISACowsMilk_10_page_6,796.1,477.7,1169.0
10465101,stimulus_Arg_PISACowsMilk_10_page_6,796.0,477.7,1169.0
10465102,stimulus_Arg_PISACowsMilk_10_page_6,796.0,477.6,1169.0
10465103,stimulus_Arg_PISACowsMilk_10_page_6,796.0,477.4,1169.0
10465104,stimulus_Arg_PISACowsMilk_10_page_6,795.9,477.2,1169.0
10465105,stimulus_Arg_PISACowsMilk_10_page_6,795.6,477.0,1169.0
10465106,stimulus_Arg_PISACowsMilk_10_page_6,795.4,476.8,1169.0
10465107,stimulus_Arg_PISACowsMilk_10_page_6,795.2,476.5,1168.0
10465108,stimulus_Arg_PISACowsMilk_10_page_6,795.0,476.2,1168.0
10465109,stimulus_Arg_PISACowsMilk_10_page_6,794.7,476.3,1167.0
10465110,stimulus_Arg_PISACowsMilk_10_page_6,794.5,476.7,1167.0
10465111,stimulus_Arg_PISACowsMilk_10_page_6,794.5,476.3,1167.0
10465112,stimulus_Arg_PISACowsMilk_10_page_6,794.5,475.7,1167.0
10465113,stimulus_Arg_PISACowsMilk_10_page_6,794.6,475.3,1166.0
10465114,stimulus_Arg_PISACowsMilk_10_page_6,794.8,475.7,1166.0
10465115,stimulus_Arg_PISACowsMilk_10_page_6,795.1,476.0,1166.0
10465116,stimulus_Arg_PISACowsMilk_10_page_6,795.2,476.1,1166.0
10465117,stimulus_Arg_PISACowsMilk_10_page_6,795.1,476.1,1166.0
10465118,stimulus_Arg_PISACowsMilk_10_page_6,795.1,476.2,1166.0
10465119,stimulus_Arg_PISACowsMilk_10_page_6,794.7,476.2,1166.0
10465120,stimulus_Arg_PISACowsMilk_10_page_6,794.4,476.3,1166.0
10465121,stimulus_Arg_PISACowsMilk_10_page_6,794.2,476.3,1166.0
10465122,stimulus_Arg_PISACowsMilk_10_page_6,794.1,476.4,1166.0
10465123,stimulus_Arg_PISACowsMilk_10_page_6,794.1,476.3,1166.0
10465124,stimulus_Arg_PISACowsMilk_10_page_6,794.1,476.3,1166.0
10465125,stimulus_Arg_PISACowsMilk_10_page_6,794.2,476.4,1167.0
10465126,stimulus_Arg_PISACowsMilk_10_page_6,794.5,476.5,1167.0
10465127,stimulus_Arg_PISACowsMilk_10_page_6,794.7,476.7,1166.0
10465128,stimulus_Arg_PISACowsMilk_10_page_6,794.8,476.8,1165.0
10465129,stimulus_Arg_PISACowsMilk_10_page_6,794.5,476.9,1164.0
10465130,stimulus_Arg_PISACowsMilk_10_page_6,794.1,476.7,1163.0
10465131,stimulus_Arg_PISACowsMilk_10_page_6,793.9,476.3,1164.0
10465132,stimulus_Arg_PISACowsMilk_10_page_6,793.9,475.9,1164.0
10465133,stimulus_Arg_PISACowsMilk_10_page_6,794.1,476.1,1164.0
10465134,stimulus_Arg_PISACowsMilk_10_page_6,794.8,476.5,1165.0
10465135,stimulus_Arg_PISACowsMilk_10_page_6,796.0,476.9,1166.0
10465136,stimulus_Arg_PISACowsMilk_10_page_6,798.2,477.2,1168.0
10465137,stimulus_Arg_PISACowsMilk_10_page_6,801.1,478.4,1170.0
10465138,stimulus_Arg_PISACowsMilk_10_page_6,804.3,480.2,1172.0
10465139,stimulus_Arg_PISACowsMilk_10_page_6,808.5,482.4,1174.0
10465140,stimulus_Arg_PISACowsMilk_10_page_6,814.7,483.6,1176.0
10465141,stimulus_Arg_PISACowsMilk_10_page_6,822.3,483.7,1177.0
10465142,stimulus_Arg_PISACowsMilk_10_page_6,831.5,483.6,1178.0
10465143,stimulus_Arg_PISACowsMilk_10_page_6,841.5,483.8,1180.0
10465144,stimulus_Arg_PISACowsMilk_10_page_6,854.3,484.3,1182.0
10465145,stimulus_Arg_PISACowsMilk_10_page_6,866.4,484.5,1184.0
10465146,stimulus_Arg_PISACowsMilk_10_page_6,879.2,484.6,1184.0
10465147,stimulus_Arg_PISACowsMilk_10_page_6,890.3,484.8,1184.0
10465148,stimulus_Arg_PISACowsMilk_10_page_6,902.8,485.0,1184.0
10465149,stimulus_Arg_PISACowsMilk_10_page_6,914.2,484.4,1184.0
10465150,stimulus_Arg_PISACowsMilk_10_page_6,925.2,482.8,1183.0
10465151,stimulus_Arg_PISACowsMilk_10_page_6,934.6,480.8,1181.0
10465152,stimulus_Arg_PISACowsMilk_10_page_6,944.2,479.6,1178.0
10465153,stimulus_Arg_PISACowsMilk_10_page_6,952.6,479.3,1176.0
10465154,stimulus_Arg_PISACowsMilk_10_page_6,960.9,478.1,1171.0
10465155,stimulus_Arg_PISACowsMilk_10_page_6,967.3,477.3,1168.0
10465156,stimulus_Arg_PISACowsMilk_10_page_6,973.8,476.5,1165.0
10465157,stimulus_Arg_PISACowsMilk_10_page_6,978.7,476.8,1162.0
10465158,stimulus_Arg_PISACowsMilk_10_page_6,984.2,476.7,1158.0
10465159,stimulus_Arg_PISACowsMilk_10_page_6,989.1,475.2,1153.0
10465160,stimulus_Arg_PISACowsMilk_10_page_6,992.6,472.6,1150.0
10465161,stimulus_Arg_PISACowsMilk_10_page_6,993.8,470.1,1148.0
10465162,stimulus_Arg_PISACowsMilk_10_page_6,994.2,469.1,1146.0
10465163,stimulus_Arg_PISACowsMilk_10_page_6,994.6,469.2,1144.0
10465164,stimulus_Arg_PISACowsMilk_10_page_6,994.8,469.1,1142.0
10465165,stimulus_Arg_PISACowsMilk_10_page_6,994.3,468.9,1140.0
10465166,stimulus_Arg_PISACowsMilk_10_page_6,993.2,468.8,1139.0
10465167,stimulus_Arg_PISACowsMilk_10_page_6,991.2,469.0,1139.0
10465168,stimulus_Arg_PISACowsMilk_10_page_6,988.3,469.2,1140.0
10465169,stimulus_Arg_PISACowsMilk_10_page_6,985.5,469.3,1142.0
10465170,stimulus_Arg_PISACowsMilk_10_page_6,982.5,469.4,1145.0
10465171,stimulus_Arg_PISACowsMilk_10_page_6,980.1,469.4,1148.0
10465172,stimulus_Arg_PISACowsMilk_10_page_6,977.9,469.4,1149.0
10465173,stimulus_Arg_PISACowsMilk_10_page_6,976.1,469.4,1149.0
10465174,stimulus_Arg_PISACowsMilk_10_page_6,975.0,469.8,1150.0
10465175,stimulus_Arg_PISACowsMilk_10_page_6,974.1,470.3,1152.0
10465176,stimulus_Arg_PISACowsMilk_10_page_6,974.2,471.2,1154.0
10465177,stimulus_Arg_PISACowsMilk_10_page_6,974.4,471.6,1156.0
10465178,stimulus_Arg_PISACowsMilk_10_page_6,974.7,472.3,1156.0
10465179,stimulus_Arg_PISACowsMilk_10_page_6,975.0,472.5,1158.0
10465180,stimulus_Arg_PISACowsMilk_10_page_6,975.4,472.7,1159.0
10465181,stimulus_Arg_PISACowsMilk_10_page_6,976.0,472.9,1160.0
10465182,stimulus_Arg_PISACowsMilk_10_page_6,976.7,472.9,1160.0
10465183,stimulus_Arg_PISACowsMilk_10_page_6,977.6,473.0,1160.0
10465184,stimulus_Arg_PISACowsMilk_10_page_6,978.2,473.0,1160.0
10465185,stimulus_Arg_PISACowsMilk_10_page_6,979.1,473.0,1159.0
10465186,stimulus_Arg_PISACowsMilk_10_page_6,979.7,473.0,1159.0
10465187,stimulus_Arg_PISACowsMilk_10_page_6,980.6,473.0,1159.0
10465188,stimulus_Arg_PISACowsMilk_10_page_6,981.2,473.1,1159.0
10465189,stimulus_Arg_PISACowsMilk_10_page_6,982.2,473.4,1159.0
10465190,stimulus_Arg_PISACowsMilk_10_page_6,982.9,473.8,1159.0
10465191,stimulus_Arg_PISACowsMilk_10_page_6,983.6,474.0,1159.0
10465192,stimulus_Arg_PISACowsMilk_10_page_6,984.7,474.0,1159.0
10465193,stimulus_Arg_PISACowsMilk_10_page_6,985.5,474.0,1159.0
10465194,stimulus_Arg_PISACowsMilk_10_page_6,986.2,473.8,1157.0
10465195,stimulus_Arg_PISACowsMilk_10_page_6,986.5,473.3,1156.0
10465196,stimulus_Arg_PISACowsMilk_10_page_6,986.7,472.8,1154.0
10465197,stimulus_Arg_PISACowsMilk_10_page_6,986.8,472.6,1154.0
10465198,stimulus_Arg_PISACowsMilk_10_page_6,986.8,472.7,1155.0
10465199,stimulus_Arg_PISACowsMilk_10_page_6,986.8,472.9,1155.0
10465200,stimulus_Arg_PISACowsMilk_10_page_6,986.8,473.0,1155.0
10465201,stimulus_Arg_PISACowsMilk_10_page_6,986.7,473.0,1155.0
10465202,stimulus_Arg_PISACowsMilk_10_page_6,986.7,473.1,1154.0
10465203,stimulus_Arg_PISACowsMilk_10_page_6,986.6,473.0,1153.0
10465204,stimulus_Arg_PISACowsMilk_10_page_6,986.2,473.0,1153.0
10465205,stimulus_Arg_PISACowsMilk_10_page_6,985.8,472.4,1152.0
10465206,stimulus_Arg_PISACowsMilk_10_page_6,985.4,471.6,1150.0
10465207,stimulus_Arg_PISACowsMilk_10_page_6,985.1,470.8,1148.0
10465208,stimulus_Arg_PISACowsMilk_10_page_6,984.9,470.3,1148.0
10465209,stimulus_Arg_PISACowsMilk_10_page_6,984.7,470.1,1148.0
10465210,stimulus_Arg_PISACowsMilk_10_page_6,984.7,470.0,1148.0
10465211,stimulus_Arg_PISACowsMilk_10_page_6,984.8,470.0,1148.0
10465212,stimulus_Arg_PISACowsMilk_10_page_6,984.8,470.1,1149.0
10465213,stimulus_Arg_PISACowsMilk_10_page_6,984.7,470.0,1148.0
10465214,stimulus_Arg_PISACowsMilk_10_page_6,984.7,469.7,1147.0
10465215,stimulus_Arg_PISACowsMilk_10_page_6,984.7,469.4,1147.0
10465216,stimulus_Arg_PISACowsMilk_10_page_6,984.7,469.5,1145.0
10465217,stimulus_Arg_PISACowsMilk_10_page_6,984.4,469.6,1144.0
10465218,stimulus_Arg_PISACowsMilk_10_page_6,984.1,469.7,1143.0
10465219,stimulus_Arg_PISACowsMilk_10_page_6,983.9,469.7,1143.0
10465220,stimulus_Arg_PISACowsMilk_10_page_6,983.8,469.8,1144.0
10465221,stimulus_Arg_PISACowsMilk_10_page_6,983.6,469.9,1144.0
10465222,stimulus_Arg_PISACowsMilk_10_page_6,983.4,469.8,1145.0
10465223,stimulus_Arg_PISACowsMilk_10_page_6,983.1,469.7,1145.0
10465224,stimulus_Arg_PISACowsMilk_10_page_6,983.1,469.5,1145.0
10465225,stimulus_Arg_PISACowsMilk_10_page_6,983.3,469.6,1145.0
10465226,stimulus_Arg_PISACowsMilk_10_page_6,983.4,469.6,1145.0
10465227,stimulus_Arg_PISACowsMilk_10_page_6,983.5,469.6,1145.0
10465228,stimulus_Arg_PISACowsMilk_10_page_6,983.6,469.5,1146.0
10465229,stimulus_Arg_PISACowsMilk_10_page_6,983.7,469.3,1147.0
10465230,stimulus_Arg_PISACowsMilk_10_page_6,983.8,469.2,1148.0
10465231,stimulus_Arg_PISACowsMilk_10_page_6,983.8,469.1,1147.0
10465232,stimulus_Arg_PISACowsMilk_10_page_6,983.8,469.2,1146.0
10465233,stimulus_Arg_PISACowsMilk_10_page_6,983.9,469.2,1144.0
10465234,stimulus_Arg_PISACowsMilk_10_page_6,983.9,469.2,1144.0
10465235,stimulus_Arg_PISACowsMilk_10_page_6,984.0,469.1,1143.0
10465236,stimulus_Arg_PISACowsMilk_10_page_6,984.0,469.1,1143.0
10465237,stimulus_Arg_PISACowsMilk_10_page_6,984.0,469.0,1143.0
10465238,stimulus_Arg_PISACowsMilk_10_page_6,983.8,469.1,1142.0
10465239,stimulus_Arg_PISACowsMilk_10_page_6,983.6,469.2,1142.0
10465240,stimulus_Arg_PISACowsMilk_10_page_6,983.4,469.1,1143.0
10465241,stimulus_Arg_PISACowsMilk_10_page_6,983.3,469.0,1143.0
10465242,stimulus_Arg_PISACowsMilk_10_page_6,983.3,468.8,1144.0
10465243,stimulus_Arg_PISACowsMilk_10_page_6,983.3,468.2,1144.0
10465244,stimulus_Arg_PISACowsMilk_10_page_6,983.4,467.7,1144.0
10465245,stimulus_Arg_PISACowsMilk_10_page_6,983.5,467.3,1144.0
10465246,stimulus_Arg_PISACowsMilk_10_page_6,984.1,467.3,1143.0
10465247,stimulus_Arg_PISACowsMilk_10_page_6,984.7,467.3,1143.0
10465248,stimulus_Arg_PISACowsMilk_10_page_6,985.0,467.1,1143.0
10465249,stimulus_Arg_PISACowsMilk_10_page_6,984.8,466.9,1143.0
10465250,stimulus_Arg_PISACowsMilk_10_page_6,984.8,466.7,1144.0
10465251,stimulus_Arg_PISACowsMilk_10_page_6,984.9,466.5,1143.0
10465252,stimulus_Arg_PISACowsMilk_10_page_6,984.8,466.4,1142.0
10465253,stimulus_Arg_PISACowsMilk_10_page_6,984.6,466.1,1141.0
10465254,stimulus_Arg_PISACowsMilk_10_page_6,984.6,465.8,1141.0
10465255,stimulus_Arg_PISACowsMilk_10_page_6,984.8,465.7,1140.0
10465256,stimulus_Arg_PISACowsMilk_10_page_6,985.0,465.8,1139.0
10465257,stimulus_Arg_PISACowsMilk_10_page_6,984.9,466.0,1139.0
10465258,stimulus_Arg_PISACowsMilk_10_page_6,984.7,466.0,1138.0
10465259,stimulus_Arg_PISACowsMilk_10_page_6,984.6,466.0,1137.0
10465260,stimulus_Arg_PISACowsMilk_10_page_6,984.7,465.8,1137.0
10465261,stimulus_Arg_PISACowsMilk_10_page_6,984.8,466.0,1138.0
10465262,stimulus_Arg_PISACowsMilk_10_page_6,984.8,466.2,1138.0
10465263,stimulus_Arg_PISACowsMilk_10_page_6,984.8,466.8,1138.0
10465264,stimulus_Arg_PISACowsMilk_10_page_6,984.9,467.1,1137.0
10465265,stimulus_Arg_PISACowsMilk_10_page_6,985.0,467.6,1136.0
10465266,stimulus_Arg_PISACowsMilk_10_page_6,985.2,467.7,1136.0
10465267,stimulus_Arg_PISACowsMilk_10_page_6,985.5,467.9,1136.0
10465268,stimulus_Arg_PISACowsMilk_10_page_6,985.7,468.0,1136.0
10465269,stimulus_Arg_PISACowsMilk_10_page_6,985.8,467.9,1137.0
10465270,stimulus_Arg_PISACowsMilk_10_page_6,985.8,467.8,1138.0
10465271,stimulus_Arg_PISACowsMilk_10_page_6,985.8,467.5,1139.0
10465272,stimulus_Arg_PISACowsMilk_10_page_6,985.9,467.2,1139.0
10465273,stimulus_Arg_PISACowsMilk_10_page_6,985.8,467.1,1138.0
10465274,stimulus_Arg_PISACowsMilk_10_page_6,985.7,467.1,1136.0
10465275,stimulus_Arg_PISACowsMilk_10_page_6,985.5,467.4,1136.0
10465276,stimulus_Arg_PISACowsMilk_10_page_6,985.5,467.9,1135.0
10465277,stimulus_Arg_PISACowsMilk_10_page_6,985.5,468.4,1134.0
10465278,stimulus_Arg_PISACowsMilk_10_page_6,985.5,468.6,1134.0
10465279,stimulus_Arg_PISACowsMilk_10_page_6,986.0,468.6,1134.0
10465280,stimulus_Arg_PISACowsMilk_10_page_6,986.4,468.6,1135.0
10465281,stimulus_Arg_PISACowsMilk_10_page_6,986.6,468.3,1135.0
10465282,stimulus_Arg_PISACowsMilk_10_page_6,986.4,468.1,1135.0
10465283,stimulus_Arg_PISACowsMilk_10_page_6,986.2,467.8,1135.0
10465284,stimulus_Arg_PISACowsMilk_10_page_6,986.3,467.8,1134.0
10465285,stimulus_Arg_PISACowsMilk_10_page_6,986.2,467.8,1134.0
10465286,stimulus_Arg_PISACowsMilk_10_page_6,986.1,467.9,1134.0
10465287,stimulus_Arg_PISACowsMilk_10_page_6,986.0,468.1,1134.0
10465288,stimulus_Arg_PISACowsMilk_10_page_6,986.1,468.3,1134.0
10465289,stimulus_Arg_PISACowsMilk_10_page_6,986.2,468.3,1134.0
10465290,stimulus_Arg_PISACowsMilk_10_page_6,986.1,467.8,1134.0
10465291,stimulus_Arg_PISACowsMilk_10_page_6,986.0,467.3,1134.0
10465292,stimulus_Arg_PISACowsMilk_10_page_6,985.9,467.0,1134.0
10465293,stimulus_Arg_PISACowsMilk_10_page_6,985.9,467.4,1135.0
10465294,stimulus_Arg_PISACowsMilk_10_page_6,985.9,467.8,1135.0
10465295,stimulus_Arg_PISACowsMilk_10_page_6,985.9,467.9,1135.0
10465296,stimulus_Arg_PISACowsMilk_10_page_6,986.0,467.6,1135.0
10465297,stimulus_Arg_PISACowsMilk_10_page_6,986.2,467.4,1134.0
10465298,stimulus_Arg_PISACowsMilk_10_page_6,986.5,467.6,1135.0
10465299,stimulus_Arg_PISACowsMilk_10_page_6,986.7,468.0,1135.0
10465300,stimulus_Arg_PISACowsMilk_10_page_6,986.8,468.2,1136.0
10465301,stimulus_Arg_PISACowsMilk_10_page_6,986.8,468.3,1137.0
10465302,stimulus_Arg_PISACowsMilk_10_page_6,986.6,468.2,1137.0
10465303,stimulus_Arg_PISACowsMilk_10_page_6,986.3,468.2,1137.0
10465304,stimulus_Arg_PISACowsMilk_10_page_6,986.5,468.1,1135.0
10465305,stimulus_Arg_PISACowsMilk_10_page_6,986.7,468.1,1134.0
10465306,stimulus_Arg_PISACowsMilk_10_page_6,986.9,468.3,1134.0
10465307,stimulus_Arg_PISACowsMilk_10_page_6,986.8,468.2,1134.0
10465308,stimulus_Arg_PISACowsMilk_10_page_6,986.8,468.1,1134.0
10465309,stimulus_Arg_PISACowsMilk_10_page_6,986.8,468.0,1134.0
10465310,stimulus_Arg_PISACowsMilk_10_page_6,986.8,468.0,1135.0
10465311,stimulus_Arg_PISACowsMilk_10_page_6,986.7,468.0,1135.0
10465312,stimulus_Arg_PISACowsMilk_10_page_6,986.7,467.9,1134.0
10465313,stimulus_Arg_PISACowsMilk_10_page_6,987.0,468.1,1134.0
10465314,stimulus_Arg_PISACowsMilk_10_page_6,987.2,468.3,1133.0
10465315,stimulus_Arg_PISACowsMilk_10_page_6,987.4,468.4,1133.0
10465316,stimulus_Arg_PISACowsMilk_10_page_6,987.4,468.5,1132.0
10465317,stimulus_Arg_PISACowsMilk_10_page_6,987.4,468.6,1131.0
10465318,stimulus_Arg_PISACowsMilk_10_page_6,987.4,468.7,1132.0
10465319,stimulus_Arg_PISACowsMilk_10_page_6,987.5,468.8,1134.0
10465320,stimulus_Arg_PISACowsMilk_10_page_6,987.5,468.7,1134.0
10465321,stimulus_Arg_PISACowsMilk_10_page_6,987.5,468.7,1134.0
10465322,stimulus_Arg_PISACowsMilk_10_page_6,987.4,468.6,1132.0
10465323,stimulus_Arg_PISACowsMilk_10_page_6,987.4,468.4,1131.0
10465324,stimulus_Arg_PISACowsMilk_10_page_6,987.3,468.6,1129.0
10465325,stimulus_Arg_PISACowsMilk_10_page_6,987.2,468.8,1130.0
10465326,stimulus_Arg_PISACowsMilk_10_page_6,987.3,469.1,1130.0
10465327,stimulus_Arg_PISACowsMilk_10_page_6,987.3,469.1,1130.0
10465328,stimulus_Arg_PISACowsMilk_10_page_6,987.4,469.4,1130.0
10465329,stimulus_Arg_PISACowsMilk_10_page_6,987.5,469.7,1131.0
10465330,stimulus_Arg_PISACowsMilk_10_page_6,987.6,469.7,1132.0
10465331,stimulus_Arg_PISACowsMilk_10_page_6,987.8,469.5,1131.0
10465332,stimulus_Arg_PISACowsMilk_10_page_6,988.0,469.5,1131.0
10465333,stimulus_Arg_PISACowsMilk_10_page_6,987.9,469.9,1131.0
10465334,stimulus_Arg_PISACowsMilk_10_page_6,987.7,470.6,1131.0
10465335,stimulus_Arg_PISACowsMilk_10_page_6,987.4,471.1,1131.0
10465336,stimulus_Arg_PISACowsMilk_10_page_6,987.5,471.3,1132.0
10465337,stimulus_Arg_PISACowsMilk_10_page_6,987.6,471.4,1132.0
10465338,stimulus_Arg_PISACowsMilk_10_page_6,987.6,471.4,1132.0
10465339,stimulus_Arg_PISACowsMilk_10_page_6,987.5,471.1,1132.0
10465340,stimulus_Arg_PISACowsMilk_10_page_6,987.4,470.8,1132.0
10465341,stimulus_Arg_PISACowsMilk_10_page_6,987.3,470.6,1132.0
10465342,stimulus_Arg_PISACowsMilk_10_page_6,987.3,470.6,1132.0
10465343,stimulus_Arg_PISACowsMilk_10_page_6,987.4,470.7,1132.0
10465344,stimulus_Arg_PISACowsMilk_10_page_6,987.4,470.7,1131.0
10465345,stimulus_Arg_PISACowsMilk_10_page_6,987.6,471.0,1130.0
10465346,stimulus_Arg_PISACowsMilk_10_page_6,987.8,471.3,1130.0
10465347,stimulus_Arg_PISACowsMilk_10_page_6,988.0,471.3,1130.0
10465348,stimulus_Arg_PISACowsMilk_10_page_6,987.9,471.2,1130.0
10465349,stimulus_Arg_PISACowsMilk_10_page_6,987.9,471.3,1131.0
10465350,stimulus_Arg_PISACowsMilk_10_page_6,987.8,471.7,1131.0
10465351,stimulus_Arg_PISACowsMilk_10_page_6,987.8,472.2,1132.0
10465352,stimulus_Arg_PISACowsMilk_10_page_6,987.8,472.4,1132.0
10465353,stimulus_Arg_PISACowsMilk_10_page_6,987.8,472.8,1131.0
10465354,stimulus_Arg_PISACowsMilk_10_page_6,987.7,473.1,1130.0
10465355,stimulus_Arg_PISACowsMilk_10_page_6,987.8,473.2,1129.0
10465356,stimulus_Arg_PISACowsMilk_10_page_6,987.9,472.9,1128.0
10465357,stimulus_Arg_PISACowsMilk_10_page_6,987.9,472.6,1128.0
10465358,stimulus_Arg_PISACowsMilk_10_page_6,987.5,472.6,1130.0
10465359,stimulus_Arg_PISACowsMilk_10_page_6,987.2,472.6,1131.0
10465360,stimulus_Arg_PISACowsMilk_10_page_6,987.0,472.6,1132.0
10465361,stimulus_Arg_PISACowsMilk_10_page_6,987.2,472.6,1132.0
10465362,stimulus_Arg_PISACowsMilk_10_page_6,987.3,472.8,1132.0
10465363,stimulus_Arg_PISACowsMilk_10_page_6,987.4,473.0,1132.0
10465364,stimulus_Arg_PISACowsMilk_10_page_6,987.2,473.4,1132.0
10465365,stimulus_Arg_PISACowsMilk_10_page_6,987.1,473.6,1131.0
10465366,stimulus_Arg_PISACowsMilk_10_page_6,987.0,473.8,1130.0
10465367,stimulus_Arg_PISACowsMilk_10_page_6,987.0,473.8,1129.0
10465368,stimulus_Arg_PISACowsMilk_10_page_6,987.0,473.8,1129.0
10465369,stimulus_Arg_PISACowsMilk_10_page_6,987.0,474.0,1129.0
10465370,stimulus_Arg_PISACowsMilk_10_page_6,987.0,474.1,1129.0
10465371,stimulus_Arg_PISACowsMilk_10_page_6,987.0,473.9,1129.0
10465372,stimulus_Arg_PISACowsMilk_10_page_6,987.0,473.5,1129.0
10465373,stimulus_Arg_PISACowsMilk_10_page_6,987.1,473.0,1129.0
10465374,stimulus_Arg_PISACowsMilk_10_page_6,987.2,472.8,1129.0
10465375,stimulus_Arg_PISACowsMilk_10_page_6,987.2,472.6,1129.0
10465376,stimulus_Arg_PISACowsMilk_10_page_6,987.2,472.5,1130.0
10465377,stimulus_Arg_PISACowsMilk_10_page_6,987.0,472.5,1130.0
10465378,stimulus_Arg_PISACowsMilk_10_page_6,986.8,472.5,1130.0
10465379,stimulus_Arg_PISACowsMilk_10_page_6,986.7,472.8,1130.0
10465380,stimulus_Arg_PISACowsMilk_10_page_6,986.7,473.1,1131.0
10465381,stimulus_Arg_PISACowsMilk_10_page_6,986.6,473.5,1131.0
10465382,stimulus_Arg_PISACowsMilk_10_page_6,986.6,473.6,1130.0
10465383,stimulus_Arg_PISACowsMilk_10_page_6,986.7,473.7,1129.0
10465384,stimulus_Arg_PISACowsMilk_10_page_6,986.8,473.6,1128.0
10465385,stimulus_Arg_PISACowsMilk_10_page_6,986.9,473.4,1128.0
10465386,stimulus_Arg_PISACowsMilk_10_page_6,986.8,473.1,1129.0
10465387,stimulus_Arg_PISACowsMilk_10_page_6,986.6,473.0,1129.0
10465388,stimulus_Arg_PISACowsMilk_10_page_6,986.5,473.0,1130.0
10465389,stimulus_Arg_PISACowsMilk_10_page_6,986.3,473.0,1131.0
10465390,stimulus_Arg_PISACowsMilk_10_page_6,986.4,472.9,1132.0
10465391,stimulus_Arg_PISACowsMilk_10_page_6,986.4,473.0,1132.0
10465392,stimulus_Arg_PISACowsMilk_10_page_6,986.6,473.2,1132.0
10465393,stimulus_Arg_PISACowsMilk_10_page_6,986.8,473.4,1131.0
10465394,stimulus_Arg_PISACowsMilk_10_page_6,987.0,473.9,1131.0
10465395,stimulus_Arg_PISACowsMilk_10_page_6,987.1,474.4,1130.0
10465396,stimulus_Arg_PISACowsMilk_10_page_6,987.1,474.7,1130.0
10465397,stimulus_Arg_PISACowsMilk_10_page_6,987.1,474.6,1130.0
10465398,stimulus_Arg_PISACowsMilk_10_page_6,987.0,474.4,1130.0
10465399,stimulus_Arg_PISACowsMilk_10_page_6,987.0,474.3,1130.0
10465400,stimulus_Arg_PISACowsMilk_10_page_6,986.9,474.2,1130.0
10465401,stimulus_Arg_PISACowsMilk_10_page_6,986.9,474.2,1130.0
10465402,stimulus_Arg_PISACowsMilk_10_page_6,987.0,474.1,1130.0
10465403,stimulus_Arg_PISACowsMilk_10_page_6,987.0,474.1,1130.0
10465404,stimulus_Arg_PISACowsMilk_10_page_6,987.0,474.0,1130.0
10465405,stimulus_Arg_PISACowsMilk_10_page_6,986.9,473.9,1130.0
10465406,stimulus_Arg_PISACowsMilk_10_page_6,986.7,474.0,1129.0
10465407,stimulus_Arg_PISACowsMilk_10_page_6,986.5,474.1,1129.0
10465408,stimulus_Arg_PISACowsMilk_10_page_6,986.4,474.3,1130.0
10465409,stimulus_Arg_PISACowsMilk_10_page_6,986.3,474.0,1130.0
10465410,stimulus_Arg_PISACowsMilk_10_page_6,986.4,473.7,1131.0
10465411,stimulus_Arg_PISACowsMilk_10_page_6,986.6,473.2,1131.0
10465412,stimulus_Arg_PISACowsMilk_10_page_6,986.8,473.1,1131.0
10465413,stimulus_Arg_PISACowsMilk_10_page_6,986.8,473.0,1131.0
10465414,stimulus_Arg_PISACowsMilk_10_page_6,986.8,473.1,1129.0
10465415,stimulus_Arg_PISACowsMilk_10_page_6,986.8,473.3,1128.0
10465416,stimulus_Arg_PISACowsMilk_10_page_6,986.8,473.4,1126.0
10465417,stimulus_Arg_PISACowsMilk_10_page_6,986.8,473.4,1127.0
10465418,stimulus_Arg_PISACowsMilk_10_page_6,986.9,473.5,1128.0
10465419,stimulus_Arg_PISACowsMilk_10_page_6,987.1,473.9,1130.0
10465420,stimulus_Arg_PISACowsMilk_10_page_6,987.1,474.2,1130.0
10465421,stimulus_Arg_PISACowsMilk_10_page_6,986.9,474.4,1129.0
10465422,stimulus_Arg_PISACowsMilk_10_page_6,986.6,474.2,1128.0
10465423,stimulus_Arg_PISACowsMilk_10_page_6,986.5,474.0,1128.0
10465424,stimulus_Arg_PISACowsMilk_10_page_6,986.7,474.1,1128.0
10465425,stimulus_Arg_PISACowsMilk_10_page_6,987.0,474.3,1128.0
10465426,stimulus_Arg_PISACowsMilk_10_page_6,987.2,474.4,1128.0
10465427,stimulus_Arg_PISACowsMilk_10_page_6,987.1,474.6,1129.0
10465428,stimulus_Arg_PISACowsMilk_10_page_6,986.9,474.7,1129.0
10465429,stimulus_Arg_PISACowsMilk_10_page_6,986.9,474.8,1128.0
10465430,stimulus_Arg_PISACowsMilk_10_page_6,986.9,474.7,1130.0
10465431,stimulus_Arg_PISACowsMilk_10_page_6,987.0,474.6,1131.0
10465432,stimulus_Arg_PISACowsMilk_10_page_6,987.0,474.4,1131.0
10465433,stimulus_Arg_PISACowsMilk_10_page_6,987.2,474.2,1130.0
10465434,stimulus_Arg_PISACowsMilk_10_page_6,987.3,474.0,1128.0
10465435,stimulus_Arg_PISACowsMilk_10_page_6,987.5,474.1,1129.0
10465436,stimulus_Arg_PISACowsMilk_10_page_6,987.6,474.2,1129.0
10465437,stimulus_Arg_PISACowsMilk_10_page_6,987.6,474.6,1129.0
10465438,stimulus_Arg_PISACowsMilk_10_page_6,987.6,474.9,1130.0
10465439,stimulus_Arg_PISACowsMilk_10_page_6,987.7,475.2,1130.0
10465440,stimulus_Arg_PISACowsMilk_10_page_6,987.7,475.2,1130.0
10465441,stimulus_Arg_PISACowsMilk_10_page_6,987.8,475.2,1130.0
10465442,stimulus_Arg_PISACowsMilk_10_page_6,987.8,475.2,1130.0
10465443,stimulus_Arg_PISACowsMilk_10_page_6,987.6,475.2,1131.0
10465444,stimulus_Arg_PISACowsMilk_10_page_6,987.4,474.7,1131.0
10465445,stimulus_Arg_PISACowsMilk_10_page_6,987.3,474.3,1132.0
10465446,stimulus_Arg_PISACowsMilk_10_page_6,987.2,474.1,1133.0
10465447,stimulus_Arg_PISACowsMilk_10_page_6,987.1,474.2,1133.0
10465448,stimulus_Arg_PISACowsMilk_10_page_6,986.9,474.3,1133.0
10465449,stimulus_Arg_PISACowsMilk_10_page_6,986.8,474.3,1133.0
10465450,stimulus_Arg_PISACowsMilk_10_page_6,986.8,474.3,1133.0
10465451,stimulus_Arg_PISACowsMilk_10_page_6,986.9,474.3,1133.0
10465452,stimulus_Arg_PISACowsMilk_10_page_6,986.9,474.3,1132.0
10465453,stimulus_Arg_PISACowsMilk_10_page_6,986.9,474.3,1132.0
10465454,stimulus_Arg_PISACowsMilk_10_page_6,986.9,474.3,1132.0
10465455,stimulus_Arg_PISACowsMilk_10_page_6,986.9,474.6,1131.0
10465456,stimulus_Arg_PISACowsMilk_10_page_6,987.0,474.8,1131.0
10465457,stimulus_Arg_PISACowsMilk_10_page_6,987.1,475.0,1131.0
10465458,stimulus_Arg_PISACowsMilk_10_page_6,987.4,474.9,1131.0
10465459,stimulus_Arg_PISACowsMilk_10_page_6,987.5,474.9,1131.0
10465460,stimulus_Arg_PISACowsMilk_10_page_6,987.5,475.0,1131.0
10465461,stimulus_Arg_PISACowsMilk_10_page_6,987.4,474.7,1131.0
10465462,stimulus_Arg_PISACowsMilk_10_page_6,987.4,474.2,1131.0
10465463,stimulus_Arg_PISACowsMilk_10_page_6,987.4,473.6,1131.0
10465464,stimulus_Arg_PISACowsMilk_10_page_6,987.3,473.7,1132.0
10465465,stimulus_Arg_PISACowsMilk_10_page_6,987.1,473.9,1132.0
10465466,stimulus_Arg_PISACowsMilk_10_page_6,986.9,474.1,1131.0
10465467,stimulus_Arg_PISACowsMilk_10_page_6,986.6,474.1,1132.0
10465468,stimulus_Arg_PISACowsMilk_10_page_6,986.6,474.0,1132.0
10465469,stimulus_Arg_PISACowsMilk_10_page_6,986.7,474.0,1131.0
10465470,stimulus_Arg_PISACowsMilk_10_page_6,986.9,473.7,1130.0
10465471,stimulus_Arg_PISACowsMilk_10_page_6,986.8,473.4,1129.0
10465472,stimulus_Arg_PISACowsMilk_10_page_6,986.6,473.2,1129.0
10465473,stimulus_Arg_PISACowsMilk_10_page_6,986.4,473.5,1130.0
10465474,stimulus_Arg_PISACowsMilk_10_page_6,986.4,473.9,1130.0
10465475,stimulus_Arg_PISACowsMilk_10_page_6,986.5,474.2,1130.0
10465476,stimulus_Arg_PISACowsMilk_10_page_6,986.9,474.0,1131.0
10465477,stimulus_Arg_PISACowsMilk_10_page_6,987.3,473.8,1132.0
10465478,stimulus_Arg_PISACowsMilk_10_page_6,987.8,473.7,1134.0
10465479,stimulus_Arg_PISACowsMilk_10_page_6,987.8,473.6,1134.0
10465480,stimulus_Arg_PISACowsMilk_10_page_6,987.8,473.3,1135.0
10465481,stimulus_Arg_PISACowsMilk_10_page_6,987.7,473.1,1134.0
10465482,stimulus_Arg_PISACowsMilk_10_page_6,987.6,472.8,1134.0
10465483,stimulus_Arg_PISACowsMilk_10_page_6,987.6,472.5,1133.0
10465484,stimulus_Arg_PISACowsMilk_10_page_6,987.6,472.4,1133.0
10465485,stimulus_Arg_PISACowsMilk_10_page_6,987.6,472.6,1133.0
10465486,stimulus_Arg_PISACowsMilk_10_page_6,987.6,472.8,1133.0
10465487,stimulus_Arg_PISACowsMilk_10_page_6,987.6,472.7,1133.0
10465488,stimulus_Arg_PISACowsMilk_10_page_6,987.6,472.9,1135.0
10465489,stimulus_Arg_PISACowsMilk_10_page_6,987.6,473.1,1137.0
10465490,stimulus_Arg_PISACowsMilk_10_page_6,987.6,473.3,1138.0
10465491,stimulus_Arg_PISACowsMilk_10_page_6,987.5,473.4,1137.0
10465492,stimulus_Arg_PISACowsMilk_10_page_6,987.6,473.5,1135.0
10465493,stimulus_Arg_PISACowsMilk_10_page_6,987.7,473.5,1135.0
10465494,stimulus_Arg_PISACowsMilk_10_page_6,987.8,473.3,1135.0
10465495,stimulus_Arg_PISACowsMilk_10_page_6,987.9,473.1,1135.0
10465496,stimulus_Arg_PISACowsMilk_10_page_6,988.1,472.9,1135.0
10465497,stimulus_Arg_PISACowsMilk_10_page_6,988.1,472.6,1136.0
10465498,stimulus_Arg_PISACowsMilk_10_page_6,987.9,472.5,1136.0
10465499,stimulus_Arg_PISACowsMilk_10_page_6,987.7,472.3,1136.0
10465500,stimulus_Arg_PISACowsMilk_10_page_6,987.7,472.3,1136.0
10465501,stimulus_Arg_PISACowsMilk_10_page_6,987.8,472.2,1136.0
10465502,stimulus_Arg_PISACowsMilk_10_page_6,987.8,472.1,1136.0
10465503,stimulus_Arg_PISACowsMilk_10_page_6,987.6,472.1,1136.0
10465504,stimulus_Arg_PISACowsMilk_10_page_6,987.5,472.0,1136.0
10465505,stimulus_Arg_PISACowsMilk_10_page_6,987.3,471.9,1135.0
10465506,stimulus_Arg_PISACowsMilk_10_page_6,987.4,471.8,1134.0
10465507,stimulus_Arg_PISACowsMilk_10_page_6,987.5,471.8,1134.0
10465508,stimulus_Arg_PISACowsMilk_10_page_6,987.8,471.8,1135.0
10465509,stimulus_Arg_PISACowsMilk_10_page_6,987.9,471.1,1135.0
10465510,stimulus_Arg_PISACowsMilk_10_page_6,988.1,470.4,1136.0
10465511,stimulus_Arg_PISACowsMilk_10_page_6,988.1,469.8,1136.0
10465512,stimulus_Arg_PISACowsMilk_10_page_6,988.1,469.9,1137.0
10465513,stimulus_Arg_PISACowsMilk_10_page_6,988.1,470.2,1136.0
10465514,stimulus_Arg_PISACowsMilk_10_page_6,988.1,470.4,1135.0
10465515,stimulus_Arg_PISACowsMilk_10_page_6,988.1,470.6,1134.0
10465516,stimulus_Arg_PISACowsMilk_10_page_6,988.2,470.6,1134.0
10465517,stimulus_Arg_PISACowsMilk_10_page_6,988.3,470.6,1134.0
10465518,stimulus_Arg_PISACowsMilk_10_page_6,988.2,470.5,1134.0
10465519,stimulus_Arg_PISACowsMilk_10_page_6,987.9,470.4,1134.0
10465520,stimulus_Arg_PISACowsMilk_10_page_6,987.5,470.4,1136.0
10465521,stimulus_Arg_PISACowsMilk_10_page_6,987.2,470.3,1137.0
10465522,stimulus_Arg_PISACowsMilk_10_page_6,987.4,470.1,1138.0
10465523,stimulus_Arg_PISACowsMilk_10_page_6,987.7,470.0,1138.0
10465524,stimulus_Arg_PISACowsMilk_10_page_6,987.9,469.9,1137.0
10465525,stimulus_Arg_PISACowsMilk_10_page_6,987.9,469.9,1137.0
10465526,stimulus_Arg_PISACowsMilk_10_page_6,988.0,470.1,1137.0
10465527,stimulus_Arg_PISACowsMilk_10_page_6,988.2,470.3,1137.0
10465528,stimulus_Arg_PISACowsMilk_10_page_6,988.3,470.5,1137.0
10465529,stimulus_Arg_PISACowsMilk_10_page_6,988.3,470.5,1138.0
10465530,stimulus_Arg_PISACowsMilk_10_page_6,988.1,470.7,1140.0
10465531,stimulus_Arg_PISACowsMilk_10_page_6,987.9,470.8,1141.0
10465532,stimulus_Arg_PISACowsMilk_10_page_6,987.7,470.7,1141.0
10465533,stimulus_Arg_PISACowsMilk_10_page_6,987.5,470.6,1140.0
10465534,stimulus_Arg_PISACowsMilk_10_page_6,987.3,470.4,1140.0
10465535,stimulus_Arg_PISACowsMilk_10_page_6,987.1,470.4,1141.0
10465536,stimulus_Arg_PISACowsMilk_10_page_6,986.9,470.5,1141.0
10465537,stimulus_Arg_PISACowsMilk_10_page_6,986.7,470.8,1141.0
10465538,stimulus_Arg_PISACowsMilk_10_page_6,986.5,471.1,1141.0
10465539,stimulus_Arg_PISACowsMilk_10_page_6,986.6,471.3,1142.0
10465540,stimulus_Arg_PISACowsMilk_10_page_6,986.7,471.6,1144.0
10465541,stimulus_Arg_PISACowsMilk_10_page_6,986.8,471.9,1147.0
10465542,stimulus_Arg_PISACowsMilk_10_page_6,986.9,471.9,1147.0
10465543,stimulus_Arg_PISACowsMilk_10_page_6,986.9,471.5,1147.0
10465544,stimulus_Arg_PISACowsMilk_10_page_6,987.0,471.1,1145.0
10465545,stimulus_Arg_PISACowsMilk_10_page_6,986.9,471.0,1143.0
10465546,stimulus_Arg_PISACowsMilk_10_page_6,986.8,470.9,1143.0
10465547,stimulus_Arg_PISACowsMilk_10_page_6,986.8,470.8,1144.0
10465548,stimulus_Arg_PISACowsMilk_10_page_6,986.9,471.2,1145.0
10465549,stimulus_Arg_PISACowsMilk_10_page_6,986.9,471.6,1146.0
10465550,stimulus_Arg_PISACowsMilk_10_page_6,986.9,471.4,1146.0
10465551,stimulus_Arg_PISACowsMilk_10_page_6,986.5,470.9,1146.0
10465552,stimulus_Arg_PISACowsMilk_10_page_6,986.3,470.4,1144.0
10465553,stimulus_Arg_PISACowsMilk_10_page_6,986.3,470.6,1143.0
10465554,stimulus_Arg_PISACowsMilk_10_page_6,986.5,470.8,1142.0
10465555,stimulus_Arg_PISACowsMilk_10_page_6,986.7,471.1,1142.0
10465556,stimulus_Arg_PISACowsMilk_10_page_6,986.8,471.3,1142.0
10465557,stimulus_Arg_PISACowsMilk_10_page_6,987.0,471.4,1142.0
10465558,stimulus_Arg_PISACowsMilk_10_page_6,987.1,471.6,1143.0
10465559,stimulus_Arg_PISACowsMilk_10_page_6,987.0,471.8,1145.0
10465560,stimulus_Arg_PISACowsMilk_10_page_6,986.8,472.0,1145.0
10465561,stimulus_Arg_PISACowsMilk_10_page_6,986.9,472.2,1145.0
10465562,stimulus_Arg_PISACowsMilk_10_page_6,987.0,472.1,1144.0
10465563,stimulus_Arg_PISACowsMilk_10_page_6,987.1,471.9,1144.0
10465564,stimulus_Arg_PISACowsMilk_10_page_6,987.1,471.7,1144.0
10465565,stimulus_Arg_PISACowsMilk_10_page_6,987.0,471.8,1144.0
10465566,stimulus_Arg_PISACowsMilk_10_page_6,987.0,471.9,1145.0
10465567,stimulus_Arg_PISACowsMilk_10_page_6,987.0,472.3,1146.0
10465568,stimulus_Arg_PISACowsMilk_10_page_6,986.9,472.6,1146.0
10465569,stimulus_Arg_PISACowsMilk_10_page_6,986.9,472.7,1146.0
10465570,stimulus_Arg_PISACowsMilk_10_page_6,987.0,472.4,1146.0
10465571,stimulus_Arg_PISACowsMilk_10_page_6,986.8,472.0,1147.0
10465572,stimulus_Arg_PISACowsMilk_10_page_6,986.7,471.9,1147.0
10465573,stimulus_Arg_PISACowsMilk_10_page_6,986.4,472.0,1147.0
10465574,stimulus_Arg_PISACowsMilk_10_page_6,986.2,472.2,1147.0
10465575,stimulus_Arg_PISACowsMilk_10_page_6,986.2,472.5,1147.0
10465576,stimulus_Arg_PISACowsMilk_10_page_6,986.3,472.6,1148.0
10465577,stimulus_Arg_PISACowsMilk_10_page_6,986.5,473.1,1149.0
10465578,stimulus_Arg_PISACowsMilk_10_page_6,986.4,473.5,1150.0
10465579,stimulus_Arg_PISACowsMilk_10_page_6,986.1,473.7,1150.0
10465580,stimulus_Arg_PISACowsMilk_10_page_6,985.6,473.5,1149.0
10465581,stimulus_Arg_PISACowsMilk_10_page_6,985.1,473.5,1149.0
10465582,stimulus_Arg_PISACowsMilk_10_page_6,985.1,473.5,1150.0
10465583,stimulus_Arg_PISACowsMilk_10_page_6,985.4,473.7,1150.0
10465584,stimulus_Arg_PISACowsMilk_10_page_6,986.3,474.0,1150.0
10465585,stimulus_Arg_PISACowsMilk_10_page_6,988.5,475.1,1149.0
10465586,stimulus_Arg_PISACowsMilk_10_page_6,992.8,476.5,1148.0
10465587,stimulus_Arg_PISACowsMilk_10_page_6,998.2,477.9,1150.0
10465588,stimulus_Arg_PISACowsMilk_10_page_6,1002.8,478.6,1154.0
10465589,stimulus_Arg_PISACowsMilk_10_page_6,1007.1,479.4,1157.0
10465590,stimulus_Arg_PISACowsMilk_10_page_6,1012.4,480.1,1158.0
10465591,stimulus_Arg_PISACowsMilk_10_page_6,1019.0,480.7,1156.0
10465592,stimulus_Arg_PISACowsMilk_10_page_6,1025.4,480.7,1154.0
10465593,stimulus_Arg_PISACowsMilk_10_page_6,1031.3,481.4,1153.0
10465594,stimulus_Arg_PISACowsMilk_10_page_6,1037.0,482.4,1154.0
10465595,stimulus_Arg_PISACowsMilk_10_page_6,1042.4,483.5,1154.0
10465596,stimulus_Arg_PISACowsMilk_10_page_6,1046.4,483.5,1155.0
10465597,stimulus_Arg_PISACowsMilk_10_page_6,1049.4,483.1,1154.0
10465598,stimulus_Arg_PISACowsMilk_10_page_6,1051.0,482.4,1152.0
10465599,stimulus_Arg_PISACowsMilk_10_page_6,1051.6,482.1,1150.0
10465600,stimulus_Arg_PISACowsMilk_10_page_6,1050.8,481.8,1147.0
10465601,stimulus_Arg_PISACowsMilk_10_page_6,1049.2,481.8,1146.0
10465602,stimulus_Arg_PISACowsMilk_10_page_6,1047.3,481.8,1145.0
10465603,stimulus_Arg_PISACowsMilk_10_page_6,1045.0,481.7,1145.0
10465604,stimulus_Arg_PISACowsMilk_10_page_6,1042.8,481.4,1145.0
10465605,stimulus_Arg_PISACowsMilk_10_page_6,1041.2,481.0,1145.0
10465606,stimulus_Arg_PISACowsMilk_10_page_6,1039.9,480.4,1145.0
10465607,stimulus_Arg_PISACowsMilk_10_page_6,1039.2,479.7,1147.0
10465608,stimulus_Arg_PISACowsMilk_10_page_6,1038.6,479.3,1150.0
10465609,stimulus_Arg_PISACowsMilk_10_page_6,1038.5,479.1,1152.0
10465610,stimulus_Arg_PISACowsMilk_10_page_6,1038.3,479.0,1151.0
10465611,stimulus_Arg_PISACowsMilk_10_page_6,1038.1,479.1,1151.0
10465612,stimulus_Arg_PISACowsMilk_10_page_6,1038.0,479.5,1150.0
10465613,stimulus_Arg_PISACowsMilk_10_page_6,1037.7,480.0,1150.0
10465614,stimulus_Arg_PISACowsMilk_10_page_6,1037.5,479.9,1151.0
10465615,stimulus_Arg_PISACowsMilk_10_page_6,1037.3,479.6,1152.0
10465616,stimulus_Arg_PISACowsMilk_10_page_6,1037.2,479.9,1152.0
10465617,stimulus_Arg_PISACowsMilk_10_page_6,1036.9,480.4,1153.0
10465618,stimulus_Arg_PISACowsMilk_10_page_6,1036.2,480.9,1153.0
10465619,stimulus_Arg_PISACowsMilk_10_page_6,1035.6,481.0,1153.0
10465620,stimulus_Arg_PISACowsMilk_10_page_6,1035.1,481.1,1154.0
10465621,stimulus_Arg_PISACowsMilk_10_page_6,1035.1,481.1,1154.0
10465622,stimulus_Arg_PISACowsMilk_10_page_6,1035.4,481.0,1154.0
10465623,stimulus_Arg_PISACowsMilk_10_page_6,1035.7,480.8,1153.0
10465624,stimulus_Arg_PISACowsMilk_10_page_6,1036.5,480.8,1152.0
10465625,stimulus_Arg_PISACowsMilk_10_page_6,1037.1,481.0,1153.0
10465626,stimulus_Arg_PISACowsMilk_10_page_6,1037.7,481.5,1154.0
10465627,stimulus_Arg_PISACowsMilk_10_page_6,1037.9,481.9,1154.0
10465628,stimulus_Arg_PISACowsMilk_10_page_6,1038.0,482.2,1154.0
10465629,stimulus_Arg_PISACowsMilk_10_page_6,1038.0,482.2,1154.0
10465630,stimulus_Arg_PISACowsMilk_10_page_6,1038.3,482.2,1154.0
10465631,stimulus_Arg_PISACowsMilk_10_page_6,1038.5,482.2,1153.0
10465632,stimulus_Arg_PISACowsMilk_10_page_6,1038.7,482.1,1153.0
10465633,stimulus_Arg_PISACowsMilk_10_page_6,1038.8,482.2,1154.0
10465634,stimulus_Arg_PISACowsMilk_10_page_6,1038.8,482.3,1155.0
10465635,stimulus_Arg_PISACowsMilk_10_page_6,1038.9,482.4,1156.0
10465636,stimulus_Arg_PISACowsMilk_10_page_6,1039.1,482.5,1157.0
10465637,stimulus_Arg_PISACowsMilk_10_page_6,1039.4,482.5,1157.0
10465638,stimulus_Arg_PISACowsMilk_10_page_6,1039.5,482.5,1157.0
10465639,stimulus_Arg_PISACowsMilk_10_page_6,1039.4,482.4,1157.0
10465640,stimulus_Arg_PISACowsMilk_10_page_6,1039.3,482.1,1157.0
10465641,stimulus_Arg_PISACowsMilk_10_page_6,1039.0,482.0,1157.0
10465642,stimulus_Arg_PISACowsMilk_10_page_6,1039.0,482.0,1157.0
10465643,stimulus_Arg_PISACowsMilk_10_page_6,1038.9,482.0,1156.0
10465644,stimulus_Arg_PISACowsMilk_10_page_6,1038.9,482.0,1156.0
10465645,stimulus_Arg_PISACowsMilk_10_page_6,1039.0,482.1,1157.0
10465646,stimulus_Arg_PISACowsMilk_10_page_6,1039.4,482.2,1157.0
10465647,stimulus_Arg_PISACowsMilk_10_page_6,1039.9,482.3,1158.0
10465648,stimulus_Arg_PISACowsMilk_10_page_6,1040.2,482.3,1158.0
10465649,stimulus_Arg_PISACowsMilk_10_page_6,1040.3,482.3,1157.0
10465650,stimulus_Arg_PISACowsMilk_10_page_6,1039.9,482.3,1156.0
10465651,stimulus_Arg_PISACowsMilk_10_page_6,1039.4,482.3,1156.0
10465652,stimulus_Arg_PISACowsMilk_10_page_6,1039.0,482.3,1156.0
10465653,stimulus_Arg_PISACowsMilk_10_page_6,1038.9,482.2,1155.0
10465654,stimulus_Arg_PISACowsMilk_10_page_6,1038.8,482.2,1155.0
10465655,stimulus_Arg_PISACowsMilk_10_page_6,1038.9,482.1,1154.0
10465656,stimulus_Arg_PISACowsMilk_10_page_6,1039.0,482.1,1155.0
10465657,stimulus_Arg_PISACowsMilk_10_page_6,1039.1,482.1,1155.0
10465658,stimulus_Arg_PISACowsMilk_10_page_6,1039.1,482.2,1156.0
10465659,stimulus_Arg_PISACowsMilk_10_page_6,1039.6,482.0,1157.0
10465660,stimulus_Arg_PISACowsMilk_10_page_6,1040.0,481.9,1157.0
10465661,stimulus_Arg_PISACowsMilk_10_page_6,1040.4,481.7,1157.0
10465662,stimulus_Arg_PISACowsMilk_10_page_6,1040.5,481.6,1157.0
10465663,stimulus_Arg_PISACowsMilk_10_page_6,1040.8,481.8,1157.0
10465664,stimulus_Arg_PISACowsMilk_10_page_6,1040.9,482.0,1157.0
10465665,stimulus_Arg_PISACowsMilk_10_page_6,1040.8,482.2,1157.0
10465666,stimulus_Arg_PISACowsMilk_10_page_6,1040.6,482.2,1156.0
10465667,stimulus_Arg_PISACowsMilk_10_page_6,1040.5,482.1,1157.0
10465668,stimulus_Arg_PISACowsMilk_10_page_6,1040.4,482.0,1158.0
10465669,stimulus_Arg_PISACowsMilk_10_page_6,1040.4,482.1,1158.0
10465670,stimulus_Arg_PISACowsMilk_10_page_6,1040.4,482.2,1158.0
10465671,stimulus_Arg_PISACowsMilk_10_page_6,1040.4,482.4,1157.0
10465672,stimulus_Arg_PISACowsMilk_10_page_6,1040.4,482.1,1157.0
10465673,stimulus_Arg_PISACowsMilk_10_page_6,1040.3,481.9,1157.0
10465674,stimulus_Arg_PISACowsMilk_10_page_6,1040.3,481.6,1156.0
10465675,stimulus_Arg_PISACowsMilk_10_page_6,1040.3,481.7,1155.0
10465676,stimulus_Arg_PISACowsMilk_10_page_6,1040.3,481.7,1155.0
10465677,stimulus_Arg_PISACowsMilk_10_page_6,1040.4,481.8,1156.0
10465678,stimulus_Arg_PISACowsMilk_10_page_6,1040.4,481.6,1156.0
10465679,stimulus_Arg_PISACowsMilk_10_page_6,1040.4,481.5,1156.0
10465680,stimulus_Arg_PISACowsMilk_10_page_6,1040.3,481.3,1156.0
10465681,stimulus_Arg_PISACowsMilk_10_page_6,1040.2,481.2,1156.0
10465682,stimulus_Arg_PISACowsMilk_10_page_6,1040.2,481.0,1156.0
10465683,stimulus_Arg_PISACowsMilk_10_page_6,1040.3,480.9,1156.0
10465684,stimulus_Arg_PISACowsMilk_10_page_6,1040.5,481.2,1155.0
10465685,stimulus_Arg_PISACowsMilk_10_page_6,1040.5,481.5,1155.0
10465686,stimulus_Arg_PISACowsMilk_10_page_6,1040.7,481.5,1155.0
10465687,stimulus_Arg_PISACowsMilk_10_page_6,1040.8,481.3,1155.0
10465688,stimulus_Arg_PISACowsMilk_10_page_6,1040.9,481.1,1155.0
10465689,stimulus_Arg_PISACowsMilk_10_page_6,1040.8,481.3,1155.0
10465690,stimulus_Arg_PISACowsMilk_10_page_6,1040.8,481.6,1156.0
10465691,stimulus_Arg_PISACowsMilk_10_page_6,1040.9,481.7,1157.0
10465692,stimulus_Arg_PISACowsMilk_10_page_6,1040.9,481.7,1157.0
10465693,stimulus_Arg_PISACowsMilk_10_page_6,1040.9,481.6,1157.0
10465694,stimulus_Arg_PISACowsMilk_10_page_6,1041.0,481.4,1157.0
10465695,stimulus_Arg_PISACowsMilk_10_page_6,1041.0,481.2,1156.0
10465696,stimulus_Arg_PISACowsMilk_10_page_6,1041.0,481.1,1155.0
10465697,stimulus_Arg_PISACowsMilk_10_page_6,1040.9,481.2,1155.0
10465698,stimulus_Arg_PISACowsMilk_10_page_6,1040.8,481.5,1154.0
10465699,stimulus_Arg_PISACowsMilk_10_page_6,1040.7,481.9,1155.0
10465700,stimulus_Arg_PISACowsMilk_10_page_6,1040.7,482.3,1156.0
10465701,stimulus_Arg_PISACowsMilk_10_page_6,1040.8,482.4,1157.0
10465702,stimulus_Arg_PISACowsMilk_10_page_6,1041.0,482.1,1157.0
10465703,stimulus_Arg_PISACowsMilk_10_page_6,1041.2,481.7,1157.0
10465704,stimulus_Arg_PISACowsMilk_10_page_6,1041.3,481.4,1157.0
10465705,stimulus_Arg_PISACowsMilk_10_page_6,1041.3,481.4,1157.0
10465706,stimulus_Arg_PISACowsMilk_10_page_6,1041.2,481.3,1157.0
10465707,stimulus_Arg_PISACowsMilk_10_page_6,1041.1,481.4,1156.0
10465708,stimulus_Arg_PISACowsMilk_10_page_6,1041.0,481.5,1156.0
10465709,stimulus_Arg_PISACowsMilk_10_page_6,1040.9,481.7,1157.0
10465710,stimulus_Arg_PISACowsMilk_10_page_6,1040.7,482.0,1158.0
10465711,stimulus_Arg_PISACowsMilk_10_page_6,1040.6,482.0,1158.0
10465712,stimulus_Arg_PISACowsMilk_10_page_6,1040.5,481.8,1158.0
10465713,stimulus_Arg_PISACowsMilk_10_page_6,1040.6,481.6,1159.0
10465714,stimulus_Arg_PISACowsMilk_10_page_6,1040.6,481.8,1159.0
10465715,stimulus_Arg_PISACowsMilk_10_page_6,1040.9,482.1,1158.0
10465716,stimulus_Arg_PISACowsMilk_10_page_6,1041.2,482.3,1158.0
10465717,stimulus_Arg_PISACowsMilk_10_page_6,1041.5,482.2,1158.0
10465718,stimulus_Arg_PISACowsMilk_10_page_6,1041.6,482.1,1159.0
10465719,stimulus_Arg_PISACowsMilk_10_page_6,1041.7,482.1,1159.0
10465720,stimulus_Arg_PISACowsMilk_10_page_6,1041.9,482.1,1159.0
10465721,stimulus_Arg_PISACowsMilk_10_page_6,1042.0,482.2,1159.0
10465722,stimulus_Arg_PISACowsMilk_10_page_6,1042.0,482.2,1159.0
10465723,stimulus_Arg_PISACowsMilk_10_page_6,1041.9,482.2,1159.0
10465724,stimulus_Arg_PISACowsMilk_10_page_6,1041.9,482.0,1159.0
10465725,stimulus_Arg_PISACowsMilk_10_page_6,1042.1,481.8,1159.0
10465726,stimulus_Arg_PISACowsMilk_10_page_6,1042.3,481.6,1159.0
10465727,stimulus_Arg_PISACowsMilk_10_page_6,1042.5,480.7,1157.0
10465728,stimulus_Arg_PISACowsMilk_10_page_6,1042.4,479.0,1156.0
10465729,stimulus_Arg_PISACowsMilk_10_page_6,1042.0,477.4,1154.0
10465730,stimulus_Arg_PISACowsMilk_10_page_6,1040.0,476.7,1152.0
10465731,stimulus_Arg_PISACowsMilk_10_page_6,1037.0,477.9,1150.0
10465732,stimulus_Arg_PISACowsMilk_10_page_6,1031.8,480.4,1148.0
10465733,stimulus_Arg_PISACowsMilk_10_page_6,1025.0,483.9,1147.0
10465734,stimulus_Arg_PISACowsMilk_10_page_6,1017.0,488.7,1150.0
10465735,stimulus_Arg_PISACowsMilk_10_page_6,1007.9,493.4,1153.0
10465736,stimulus_Arg_PISACowsMilk_10_page_6,999.2,500.0,1156.0
10465737,stimulus_Arg_PISACowsMilk_10_page_6,989.2,507.5,1157.0
10465738,stimulus_Arg_PISACowsMilk_10_page_6,979.2,515.5,1159.0
10465739,stimulus_Arg_PISACowsMilk_10_page_6,968.2,521.5,1161.0
10465740,stimulus_Arg_PISACowsMilk_10_page_6,957.5,526.5,1162.0
10465741,stimulus_Arg_PISACowsMilk_10_page_6,947.6,533.7,1164.0
10465742,stimulus_Arg_PISACowsMilk_10_page_6,939.1,540.6,1168.0
10465743,stimulus_Arg_PISACowsMilk_10_page_6,932.5,546.4,1172.0
10465744,stimulus_Arg_PISACowsMilk_10_page_6,927.4,550.5,1176.0
10465745,stimulus_Arg_PISACowsMilk_10_page_6,923.8,555.2,1179.0
10465746,stimulus_Arg_PISACowsMilk_10_page_6,921.4,559.5,1182.0
10465747,stimulus_Arg_PISACowsMilk_10_page_6,920.1,561.8,1183.0
10465748,stimulus_Arg_PISACowsMilk_10_page_6,919.9,562.4,1183.0
10465749,stimulus_Arg_PISACowsMilk_10_page_6,920.8,561.5,1183.0
10465750,stimulus_Arg_PISACowsMilk_10_page_6,922.7,560.4,1183.0
10465751,stimulus_Arg_PISACowsMilk_10_page_6,924.9,558.4,1185.0
10465752,stimulus_Arg_PISACowsMilk_10_page_6,926.7,556.4,1186.0
10465753,stimulus_Arg_PISACowsMilk_10_page_6,927.8,553.8,1188.0
10465754,stimulus_Arg_PISACowsMilk_10_page_6,928.2,551.8,1188.0
10465755,stimulus_Arg_PISACowsMilk_10_page_6,928.1,550.1,1189.0
10465756,stimulus_Arg_PISACowsMilk_10_page_6,927.8,548.9,1190.0
10465757,stimulus_Arg_PISACowsMilk_10_page_6,927.2,548.5,1189.0
10465758,stimulus_Arg_PISACowsMilk_10_page_6,926.6,547.6,1187.0
10465759,stimulus_Arg_PISACowsMilk_10_page_6,926.1,547.0,1186.0
10465760,stimulus_Arg_PISACowsMilk_10_page_6,925.6,546.5,1186.0
10465761,stimulus_Arg_PISACowsMilk_10_page_6,924.9,546.5,1186.0
10465762,stimulus_Arg_PISACowsMilk_10_page_6,924.2,546.8,1186.0
10465763,stimulus_Arg_PISACowsMilk_10_page_6,923.6,547.6,1187.0
10465764,stimulus_Arg_PISACowsMilk_10_page_6,923.3,548.6,1186.0
10465765,stimulus_Arg_PISACowsMilk_10_page_6,922.9,549.6,1184.0
10465766,stimulus_Arg_PISACowsMilk_10_page_6,922.1,550.2,1182.0
10465767,stimulus_Arg_PISACowsMilk_10_page_6,921.4,550.4,1182.0
10465768,stimulus_Arg_PISACowsMilk_10_page_6,920.5,550.7,1182.0
10465769,stimulus_Arg_PISACowsMilk_10_page_6,920.1,550.9,1180.0
10465770,stimulus_Arg_PISACowsMilk_10_page_6,919.5,551.2,1179.0
10465771,stimulus_Arg_PISACowsMilk_10_page_6,918.6,551.5,1177.0
10465772,stimulus_Arg_PISACowsMilk_10_page_6,917.8,551.8,1177.0
10465773,stimulus_Arg_PISACowsMilk_10_page_6,916.9,552.1,1176.0
10465774,stimulus_Arg_PISACowsMilk_10_page_6,916.4,552.3,1177.0
10465775,stimulus_Arg_PISACowsMilk_10_page_6,915.8,552.6,1177.0
10465776,stimulus_Arg_PISACowsMilk_10_page_6,915.5,553.2,1178.0
10465777,stimulus_Arg_PISACowsMilk_10_page_6,915.4,553.5,1178.0
10465778,stimulus_Arg_PISACowsMilk_10_page_6,915.2,553.8,1178.0
10465779,stimulus_Arg_PISACowsMilk_10_page_6,914.9,553.8,1178.0
10465780,stimulus_Arg_PISACowsMilk_10_page_6,914.6,553.9,1178.0
10465781,stimulus_Arg_PISACowsMilk_10_page_6,914.4,553.9,1178.0
10465782,stimulus_Arg_PISACowsMilk_10_page_6,914.6,554.0,1177.0
10465783,stimulus_Arg_PISACowsMilk_10_page_6,914.8,554.1,1177.0
10465784,stimulus_Arg_PISACowsMilk_10_page_6,914.9,555.2,1176.0
10465785,stimulus_Arg_PISACowsMilk_10_page_6,914.8,556.3,1177.0
10465786,stimulus_Arg_PISACowsMilk_10_page_6,914.8,557.2,1177.0
10465787,stimulus_Arg_PISACowsMilk_10_page_6,914.6,556.8,1178.0
10465788,stimulus_Arg_PISACowsMilk_10_page_6,914.4,556.4,1178.0
10465789,stimulus_Arg_PISACowsMilk_10_page_6,914.2,556.1,1178.0
10465790,stimulus_Arg_PISACowsMilk_10_page_6,914.3,556.0,1178.0
10465791,stimulus_Arg_PISACowsMilk_10_page_6,914.4,555.7,1178.0
10465792,stimulus_Arg_PISACowsMilk_10_page_6,914.4,555.5,1178.0
10465793,stimulus_Arg_PISACowsMilk_10_page_6,914.4,555.4,1177.0
10465794,stimulus_Arg_PISACowsMilk_10_page_6,914.2,555.4,1177.0
10465795,stimulus_Arg_PISACowsMilk_10_page_6,914.1,555.4,1177.0
10465796,stimulus_Arg_PISACowsMilk_10_page_6,914.1,555.4,1178.0
10465797,stimulus_Arg_PISACowsMilk_10_page_6,914.2,555.3,1178.0
10465798,stimulus_Arg_PISACowsMilk_10_page_6,914.1,555.2,1178.0
10465799,stimulus_Arg_PISACowsMilk_10_page_6,913.9,555.2,1177.0
10465800,stimulus_Arg_PISACowsMilk_10_page_6,913.6,555.2,1176.0
10465801,stimulus_Arg_PISACowsMilk_10_page_6,913.6,555.1,1176.0
10465802,stimulus_Arg_PISACowsMilk_10_page_6,913.5,555.1,1179.0
10465803,stimulus_Arg_PISACowsMilk_10_page_6,913.5,555.2,1182.0
10465804,stimulus_Arg_PISACowsMilk_10_page_6,913.4,555.3,1184.0
10465805,stimulus_Arg_PISACowsMilk_10_page_6,913.5,555.2,1184.0
10465806,stimulus_Arg_PISACowsMilk_10_page_6,913.7,555.2,1183.0
10465807,stimulus_Arg_PISACowsMilk_10_page_6,913.9,555.2,1182.0
10465808,stimulus_Arg_PISACowsMilk_10_page_6,914.1,555.1,1181.0
10465809,stimulus_Arg_PISACowsMilk_10_page_6,914.1,554.6,1180.0
10465810,stimulus_Arg_PISACowsMilk_10_page_6,914.1,554.1,1181.0
10465811,stimulus_Arg_PISACowsMilk_10_page_6,914.1,554.0,1182.0
10465812,stimulus_Arg_PISACowsMilk_10_page_6,914.1,554.2,1183.0
10465813,stimulus_Arg_PISACowsMilk_10_page_6,914.2,554.3,1183.0
10465814,stimulus_Arg_PISACowsMilk_10_page_6,914.3,554.3,1183.0
10465815,stimulus_Arg_PISACowsMilk_10_page_6,914.4,554.1,1183.0
10465816,stimulus_Arg_PISACowsMilk_10_page_6,914.4,553.9,1183.0
10465817,stimulus_Arg_PISACowsMilk_10_page_6,914.4,553.9,1183.0
10465818,stimulus_Arg_PISACowsMilk_10_page_6,914.6,554.1,1183.0
10465819,stimulus_Arg_PISACowsMilk_10_page_6,914.8,553.9,1183.0
10465820,stimulus_Arg_PISACowsMilk_10_page_6,915.0,553.7,1183.0
10465821,stimulus_Arg_PISACowsMilk_10_page_6,914.9,553.3,1184.0
10465822,stimulus_Arg_PISACowsMilk_10_page_6,914.7,553.1,1184.0
10465823,stimulus_Arg_PISACowsMilk_10_page_6,914.6,553.0,1184.0
10465824,stimulus_Arg_PISACowsMilk_10_page_6,914.7,553.1,1184.0
10465825,stimulus_Arg_PISACowsMilk_10_page_6,914.5,553.1,1184.0
10465826,stimulus_Arg_PISACowsMilk_10_page_6,914.1,553.1,1184.0
10465827,stimulus_Arg_PISACowsMilk_10_page_6,913.9,553.0,1184.0
10465828,stimulus_Arg_PISACowsMilk_10_page_6,913.9,552.8,1184.0
10465829,stimulus_Arg_PISACowsMilk_10_page_6,914.0,552.7,1185.0
10465830,stimulus_Arg_PISACowsMilk_10_page_6,914.1,553.0,1185.0
10465831,stimulus_Arg_PISACowsMilk_10_page_6,914.3,553.2,1184.0
10465832,stimulus_Arg_PISACowsMilk_10_page_6,914.6,553.3,1184.0
10465833,stimulus_Arg_PISACowsMilk_10_page_6,914.9,553.2,1185.0
10465834,stimulus_Arg_PISACowsMilk_10_page_6,915.1,553.2,1185.0
10465835,stimulus_Arg_PISACowsMilk_10_page_6,915.3,553.2,1186.0
10465836,stimulus_Arg_PISACowsMilk_10_page_6,915.4,553.2,1187.0
10465837,stimulus_Arg_PISACowsMilk_10_page_6,915.2,553.4,1186.0
10465838,stimulus_Arg_PISACowsMilk_10_page_6,915.0,553.5,1185.0
10465839,stimulus_Arg_PISACowsMilk_10_page_6,914.8,553.5,1184.0
10465840,stimulus_Arg_PISACowsMilk_10_page_6,914.6,553.1,1185.0
10465841,stimulus_Arg_PISACowsMilk_10_page_6,914.2,552.8,1184.0
10465842,stimulus_Arg_PISACowsMilk_10_page_6,913.8,552.5,1184.0
10465843,stimulus_Arg_PISACowsMilk_10_page_6,913.8,552.7,1184.0
10465844,stimulus_Arg_PISACowsMilk_10_page_6,914.0,552.9,1184.0
10465845,stimulus_Arg_PISACowsMilk_10_page_6,914.2,553.1,1184.0
10465846,stimulus_Arg_PISACowsMilk_10_page_6,914.2,553.2,1184.0
10465847,stimulus_Arg_PISACowsMilk_10_page_6,914.4,553.1,1185.0
10465848,stimulus_Arg_PISACowsMilk_10_page_6,914.6,553.0,1187.0
10465849,stimulus_Arg_PISACowsMilk_10_page_6,914.7,552.6,1187.0
10465850,stimulus_Arg_PISACowsMilk_10_page_6,914.6,552.4,1187.0
10465851,stimulus_Arg_PISACowsMilk_10_page_6,914.5,552.4,1187.0
10465852,stimulus_Arg_PISACowsMilk_10_page_6,914.4,552.7,1187.0
10465853,stimulus_Arg_PISACowsMilk_10_page_6,914.2,552.9,1186.0
10465854,stimulus_Arg_PISACowsMilk_10_page_6,914.0,552.9,1186.0
10465855,stimulus_Arg_PISACowsMilk_10_page_6,913.8,553.0,1186.0
10465856,stimulus_Arg_PISACowsMilk_10_page_6,913.8,552.8,1186.0
10465857,stimulus_Arg_PISACowsMilk_10_page_6,913.8,552.4,1186.0
10465858,stimulus_Arg_PISACowsMilk_10_page_6,913.8,552.1,1186.0
10465859,stimulus_Arg_PISACowsMilk_10_page_6,913.9,552.3,1187.0
10465860,stimulus_Arg_PISACowsMilk_10_page_6,914.0,552.5,1187.0
10465861,stimulus_Arg_PISACowsMilk_10_page_6,914.1,552.6,1188.0
10465862,stimulus_Arg_PISACowsMilk_10_page_6,914.1,552.4,1189.0
10465863,stimulus_Arg_PISACowsMilk_10_page_6,913.9,552.2,1190.0
10465864,stimulus_Arg_PISACowsMilk_10_page_6,913.7,552.0,1190.0
10465865,stimulus_Arg_PISACowsMilk_10_page_6,913.7,552.1,1190.0
10465866,stimulus_Arg_PISACowsMilk_10_page_6,913.6,552.3,1190.0
10465867,stimulus_Arg_PISACowsMilk_10_page_6,913.3,552.4,1190.0
10465868,stimulus_Arg_PISACowsMilk_10_page_6,913.2,552.4,1189.0
10465869,stimulus_Arg_PISACowsMilk_10_page_6,913.1,552.4,1189.0
10465870,stimulus_Arg_PISACowsMilk_10_page_6,912.9,552.4,1190.0
10465871,stimulus_Arg_PISACowsMilk_10_page_6,912.7,552.3,1190.0
10465872,stimulus_Arg_PISACowsMilk_10_page_6,912.6,552.2,1190.0
10465873,stimulus_Arg_PISACowsMilk_10_page_6,912.7,551.9,1191.0
10465874,stimulus_Arg_PISACowsMilk_10_page_6,912.9,551.7,1192.0
10465875,stimulus_Arg_PISACowsMilk_10_page_6,913.1,551.7,1192.0
10465876,stimulus_Arg_PISACowsMilk_10_page_6,913.2,551.8,1192.0
10465877,stimulus_Arg_PISACowsMilk_10_page_6,912.9,551.8,1192.0
10465878,stimulus_Arg_PISACowsMilk_10_page_6,912.5,551.7,1192.0
10465879,stimulus_Arg_PISACowsMilk_10_page_6,912.3,551.8,1193.0
10465880,stimulus_Arg_PISACowsMilk_10_page_6,912.4,551.8,1194.0
10465881,stimulus_Arg_PISACowsMilk_10_page_6,912.6,551.9,1195.0
10465882,stimulus_Arg_PISACowsMilk_10_page_6,912.7,552.0,1195.0
10465883,stimulus_Arg_PISACowsMilk_10_page_6,912.6,552.2,1194.0
10465884,stimulus_Arg_PISACowsMilk_10_page_6,912.6,552.5,1194.0
10465885,stimulus_Arg_PISACowsMilk_10_page_6,912.6,552.8,1195.0
10465886,stimulus_Arg_PISACowsMilk_10_page_6,912.6,552.9,1196.0
10465887,stimulus_Arg_PISACowsMilk_10_page_6,912.6,553.1,1197.0
10465888,stimulus_Arg_PISACowsMilk_10_page_6,912.6,553.1,1198.0
10465889,stimulus_Arg_PISACowsMilk_10_page_6,912.5,553.0,1198.0
10465890,stimulus_Arg_PISACowsMilk_10_page_6,912.7,552.8,1198.0
10465891,stimulus_Arg_PISACowsMilk_10_page_6,913.2,552.7,1198.0
10465892,stimulus_Arg_PISACowsMilk_10_page_6,913.7,552.8,1198.0
10465893,stimulus_Arg_PISACowsMilk_10_page_6,913.5,553.0,1197.0
10465894,stimulus_Arg_PISACowsMilk_10_page_6,913.1,553.1,1198.0
10465895,stimulus_Arg_PISACowsMilk_10_page_6,912.8,553.0,1199.0
10465896,stimulus_Arg_PISACowsMilk_10_page_6,912.8,552.5,1200.0
10465897,stimulus_Arg_PISACowsMilk_10_page_6,912.6,552.0,1200.0
10465898,stimulus_Arg_PISACowsMilk_10_page_6,912.4,551.8,1200.0
10465899,stimulus_Arg_PISACowsMilk_10_page_6,912.5,552.2,1200.0
10465900,stimulus_Arg_PISACowsMilk_10_page_6,912.7,552.8,1203.0
10465901,stimulus_Arg_PISACowsMilk_10_page_6,912.9,553.3,1206.0
10465902,stimulus_Arg_PISACowsMilk_10_page_6,912.9,553.7,1207.0
10465903,stimulus_Arg_PISACowsMilk_10_page_6,912.9,553.8,1206.0
10465904,stimulus_Arg_PISACowsMilk_10_page_6,913.0,553.5,1206.0
10465905,stimulus_Arg_PISACowsMilk_10_page_6,913.0,553.2,1207.0
10465906,stimulus_Arg_PISACowsMilk_10_page_6,913.0,552.8,1208.0
10465907,stimulus_Arg_PISACowsMilk_10_page_6,912.9,552.6,1208.0
10465908,stimulus_Arg_PISACowsMilk_10_page_6,912.8,552.3,1208.0
10465909,stimulus_Arg_PISACowsMilk_10_page_6,912.4,552.7,1207.0
10465910,stimulus_Arg_PISACowsMilk_10_page_6,910.9,553.4,1207.0
10465911,stimulus_Arg_PISACowsMilk_10_page_6,907.7,554.1,1206.0
10465912,stimulus_Arg_PISACowsMilk_10_page_6,903.2,554.2,1205.0
10465913,stimulus_Arg_PISACowsMilk_10_page_6,898.0,554.1,1205.0
10465914,stimulus_Arg_PISACowsMilk_10_page_6,892.7,554.4,1206.0
10465915,stimulus_Arg_PISACowsMilk_10_page_6,886.2,555.1,1207.0
10465916,stimulus_Arg_PISACowsMilk_10_page_6,878.9,556.7,1207.0
10465917,stimulus_Arg_PISACowsMilk_10_page_6,870.5,557.8,1208.0
10465918,stimulus_Arg_PISACowsMilk_10_page_6,862.0,558.6,1208.0
10465919,stimulus_Arg_PISACowsMilk_10_page_6,853.2,558.4,1208.0
10465920,stimulus_Arg_PISACowsMilk_10_page_6,844.9,559.1,1210.0
10465921,stimulus_Arg_PISACowsMilk_10_page_6,838.6,559.9,1215.0
10465922,stimulus_Arg_PISACowsMilk_10_page_6,834.2,560.7,1220.0
10465923,stimulus_Arg_PISACowsMilk_10_page_6,831.6,560.7,1223.0
10465924,stimulus_Arg_PISACowsMilk_10_page_6,830.0,560.9,1223.0
10465925,stimulus_Arg_PISACowsMilk_10_page_6,829.3,561.3,1224.0
10465926,stimulus_Arg_PISACowsMilk_10_page_6,829.4,561.6,1224.0
10465927,stimulus_Arg_PISACowsMilk_10_page_6,830.0,560.7,1224.0
10465928,stimulus_Arg_PISACowsMilk_10_page_6,831.1,559.5,1223.0
10465929,stimulus_Arg_PISACowsMilk_10_page_6,832.4,557.6,1223.0
10465930,stimulus_Arg_PISACowsMilk_10_page_6,833.3,556.4,1223.0
10465931,stimulus_Arg_PISACowsMilk_10_page_6,833.9,555.2,1224.0
10465932,stimulus_Arg_PISACowsMilk_10_page_6,834.3,554.6,1224.0
10465933,stimulus_Arg_PISACowsMilk_10_page_6,834.6,554.2,1225.0
10465934,stimulus_Arg_PISACowsMilk_10_page_6,834.5,553.9,1225.0
10465935,stimulus_Arg_PISACowsMilk_10_page_6,834.2,553.6,1225.0
10465936,stimulus_Arg_PISACowsMilk_10_page_6,833.7,553.4,1225.0
10465937,stimulus_Arg_PISACowsMilk_10_page_6,833.4,553.6,1225.0
10465938,stimulus_Arg_PISACowsMilk_10_page_6,833.1,553.8,1225.0
10465939,stimulus_Arg_PISACowsMilk_10_page_6,833.1,554.0,1225.0
10465940,stimulus_Arg_PISACowsMilk_10_page_6,833.2,554.1,1225.0
10465941,stimulus_Arg_PISACowsMilk_10_page_6,833.2,554.3,1225.0
10465942,stimulus_Arg_PISACowsMilk_10_page_6,833.2,554.5,1225.0
10465943,stimulus_Arg_PISACowsMilk_10_page_6,833.2,555.0,1224.0
10465944,stimulus_Arg_PISACowsMilk_10_page_6,833.1,555.5,1224.0
10465945,stimulus_Arg_PISACowsMilk_10_page_6,833.1,555.9,1223.0
10465946,stimulus_Arg_PISACowsMilk_10_page_6,833.3,556.2,1223.0
10465947,stimulus_Arg_PISACowsMilk_10_page_6,833.4,556.3,1223.0
10465948,stimulus_Arg_PISACowsMilk_10_page_6,833.5,556.5,1223.0
10465949,stimulus_Arg_PISACowsMilk_10_page_6,833.5,556.5,1223.0
10465950,stimulus_Arg_PISACowsMilk_10_page_6,833.5,556.5,1223.0
10465951,stimulus_Arg_PISACowsMilk_10_page_6,833.2,556.5,1222.0
10465952,stimulus_Arg_PISACowsMilk_10_page_6,832.9,556.8,1221.0
10465953,stimulus_Arg_PISACowsMilk_10_page_6,832.7,557.0,1221.0
10465954,stimulus_Arg_PISACowsMilk_10_page_6,832.7,557.3,1221.0
10465955,stimulus_Arg_PISACowsMilk_10_page_6,832.7,557.3,1221.0
10465956,stimulus_Arg_PISACowsMilk_10_page_6,832.6,557.3,1221.0
10465957,stimulus_Arg_PISACowsMilk_10_page_6,832.5,557.5,1222.0
10465958,stimulus_Arg_PISACowsMilk_10_page_6,832.4,558.0,1223.0
10465959,stimulus_Arg_PISACowsMilk_10_page_6,832.4,558.6,1224.0
10465960,stimulus_Arg_PISACowsMilk_10_page_6,832.3,559.0,1224.0
10465961,stimulus_Arg_PISACowsMilk_10_page_6,831.9,559.2,1224.0
10465962,stimulus_Arg_PISACowsMilk_10_page_6,831.5,559.3,1224.0
10465963,stimulus_Arg_PISACowsMilk_10_page_6,831.3,559.4,1224.0
10465964,stimulus_Arg_PISACowsMilk_10_page_6,831.4,559.3,1224.0
10465965,stimulus_Arg_PISACowsMilk_10_page_6,831.4,559.1,1224.0
10465966,stimulus_Arg_PISACowsMilk_10_page_6,831.2,559.1,1224.0
10465967,stimulus_Arg_PISACowsMilk_10_page_6,831.1,559.3,1224.0
10465968,stimulus_Arg_PISACowsMilk_10_page_6,831.0,559.3,1224.0
10465969,stimulus_Arg_PISACowsMilk_10_page_6,830.8,559.2,1226.0
10465970,stimulus_Arg_PISACowsMilk_10_page_6,830.5,559.2,1227.0
10465971,stimulus_Arg_PISACowsMilk_10_page_6,830.2,559.3,1229.0
10465972,stimulus_Arg_PISACowsMilk_10_page_6,830.4,559.4,1228.0
10465973,stimulus_Arg_PISACowsMilk_10_page_6,830.6,559.6,1228.0
10465974,stimulus_Arg_PISACowsMilk_10_page_6,830.7,559.6,1227.0
10465975,stimulus_Arg_PISACowsMilk_10_page_6,830.6,559.8,1226.0
10465976,stimulus_Arg_PISACowsMilk_10_page_6,830.6,559.8,1226.0
10465977,stimulus_Arg_PISACowsMilk_10_page_6,830.3,559.9,1226.0
10465978,stimulus_Arg_PISACowsMilk_10_page_6,830.1,559.8,1227.0
10465979,stimulus_Arg_PISACowsMilk_10_page_6,830.0,559.8,1228.0
10465980,stimulus_Arg_PISACowsMilk_10_page_6,830.1,559.8,1229.0
10465981,stimulus_Arg_PISACowsMilk_10_page_6,830.2,559.7,1229.0
10465982,stimulus_Arg_PISACowsMilk_10_page_6,830.3,559.8,1229.0
10465983,stimulus_Arg_PISACowsMilk_10_page_6,830.3,560.0,1230.0
10465984,stimulus_Arg_PISACowsMilk_10_page_6,830.1,560.2,1230.0
10465985,stimulus_Arg_PISACowsMilk_10_page_6,830.0,560.2,1230.0
10465986,stimulus_Arg_PISACowsMilk_10_page_6,829.9,560.2,1230.0
10465987,stimulus_Arg_PISACowsMilk_10_page_6,829.9,560.5,1230.0
10465988,stimulus_Arg_PISACowsMilk_10_page_6,829.9,561.0,1230.0
10465989,stimulus_Arg_PISACowsMilk_10_page_6,829.8,561.5,1231.0
10465990,stimulus_Arg_PISACowsMilk_10_page_6,829.7,561.7,1233.0
10465991,stimulus_Arg_PISACowsMilk_10_page_6,829.7,561.8,1236.0
10465992,stimulus_Arg_PISACowsMilk_10_page_6,829.8,561.6,1237.0
10465993,stimulus_Arg_PISACowsMilk_10_page_6,829.9,561.4,1237.0
10465994,stimulus_Arg_PISACowsMilk_10_page_6,829.9,561.2,1236.0
10465995,stimulus_Arg_PISACowsMilk_10_page_6,830.0,561.2,1235.0
10465996,stimulus_Arg_PISACowsMilk_10_page_6,829.9,561.4,1235.0
10465997,stimulus_Arg_PISACowsMilk_10_page_6,829.8,561.5,1235.0
10465998,stimulus_Arg_PISACowsMilk_10_page_6,829.4,561.6,1234.0
10465999,stimulus_Arg_PISACowsMilk_10_page_6,829.1,561.5,1234.0
10466000,stimulus_Arg_PISACowsMilk_10_page_6,829.0,561.6,1235.0
10466001,stimulus_Arg_PISACowsMilk_10_page_6,829.1,561.7,1236.0
10466002,stimulus_Arg_PISACowsMilk_10_page_6,829.2,561.8,1236.0
10466003,stimulus_Arg_PISACowsMilk_10_page_6,829.1,562.0,1236.0
10466004,stimulus_Arg_PISACowsMilk_10_page_6,829.0,562.1,1236.0
10466005,stimulus_Arg_PISACowsMilk_10_page_6,829.0,562.3,1236.0
10466006,stimulus_Arg_PISACowsMilk_10_page_6,829.0,562.3,1237.0
10466007,stimulus_Arg_PISACowsMilk_10_page_6,829.0,562.3,1238.0
10466008,stimulus_Arg_PISACowsMilk_10_page_6,829.4,562.3,1239.0
10466009,stimulus_Arg_PISACowsMilk_10_page_6,829.9,562.0,1239.0
10466010,stimulus_Arg_PISACowsMilk_10_page_6,830.4,561.7,1239.0
10466011,stimulus_Arg_PISACowsMilk_10_page_6,830.3,561.5,1240.0
10466012,stimulus_Arg_PISACowsMilk_10_page_6,830.2,561.5,1240.0
10466013,stimulus_Arg_PISACowsMilk_10_page_6,830.0,561.5,1240.0
10466014,stimulus_Arg_PISACowsMilk_10_page_6,829.8,561.5,1240.0
10466015,stimulus_Arg_PISACowsMilk_10_page_6,829.6,561.5,1239.0
10466016,stimulus_Arg_PISACowsMilk_10_page_6,829.6,561.6,1237.0
10466017,stimulus_Arg_PISACowsMilk_10_page_6,829.7,561.7,1236.0
10466018,stimulus_Arg_PISACowsMilk_10_page_6,829.7,561.7,1236.0
10466019,stimulus_Arg_PISACowsMilk_10_page_6,829.8,561.7,1238.0
10466020,stimulus_Arg_PISACowsMilk_10_page_6,830.0,561.6,1239.0
10466021,stimulus_Arg_PISACowsMilk_10_page_6,830.0,561.6,1240.0
10466022,stimulus_Arg_PISACowsMilk_10_page_6,830.0,561.6,1239.0
10466023,stimulus_Arg_PISACowsMilk_10_page_6,830.0,561.5,1238.0
10466024,stimulus_Arg_PISACowsMilk_10_page_6,830.0,561.4,1238.0
10466025,stimulus_Arg_PISACowsMilk_10_page_6,830.0,561.3,1239.0
10466026,stimulus_Arg_PISACowsMilk_10_page_6,830.0,561.2,1239.0
10466027,stimulus_Arg_PISACowsMilk_10_page_6,830.1,561.3,1239.0
10466028,stimulus_Arg_PISACowsMilk_10_page_6,830.1,561.3,1239.0
10466029,stimulus_Arg_PISACowsMilk_10_page_6,829.9,561.6,1240.0
10466030,stimulus_Arg_PISACowsMilk_10_page_6,829.5,562.0,1240.0
10466031,stimulus_Arg_PISACowsMilk_10_page_6,829.1,562.3,1240.0
10466032,stimulus_Arg_PISACowsMilk_10_page_6,829.3,562.3,1240.0
10466033,stimulus_Arg_PISACowsMilk_10_page_6,829.8,562.1,1240.0
10466034,stimulus_Arg_PISACowsMilk_10_page_6,830.2,562.0,1240.0
10466035,stimulus_Arg_PISACowsMilk_10_page_6,830.2,561.8,1241.0
10466036,stimulus_Arg_PISACowsMilk_10_page_6,830.0,561.8,1241.0
10466037,stimulus_Arg_PISACowsMilk_10_page_6,829.8,561.8,1242.0
10466038,stimulus_Arg_PISACowsMilk_10_page_6,829.8,561.9,1242.0
10466039,stimulus_Arg_PISACowsMilk_10_page_6,829.8,561.9,1242.0
10466040,stimulus_Arg_PISACowsMilk_10_page_6,829.7,561.9,1242.0
10466041,stimulus_Arg_PISACowsMilk_10_page_6,829.6,561.9,1242.0
10466042,stimulus_Arg_PISACowsMilk_10_page_6,829.4,561.9,1242.0
10466043,stimulus_Arg_PISACowsMilk_10_page_6,829.3,562.0,1242.0
10466044,stimulus_Arg_PISACowsMilk_10_page_6,829.1,562.1,1241.0
10466045,stimulus_Arg_PISACowsMilk_10_page_6,829.2,562.2,1240.0
10466046,stimulus_Arg_PISACowsMilk_10_page_6,829.6,562.2,1240.0
10466047,stimulus_Arg_PISACowsMilk_10_page_6,829.9,562.2,1240.0
10466048,stimulus_Arg_PISACowsMilk_10_page_6,830.1,562.2,1240.0
10466049,stimulus_Arg_PISACowsMilk_10_page_6,830.0,562.0,1242.0
10466050,stimulus_Arg_PISACowsMilk_10_page_6,830.0,561.9,1243.0
10466051,stimulus_Arg_PISACowsMilk_10_page_6,830.2,561.8,1245.0
10466052,stimulus_Arg_PISACowsMilk_10_page_6,830.3,561.9,1245.0
10466053,stimulus_Arg_PISACowsMilk_10_page_6,830.5,561.8,1244.0
10466054,stimulus_Arg_PISACowsMilk_10_page_6,830.2,561.7,1244.0
10466055,stimulus_Arg_PISACowsMilk_10_page_6,830.0,561.6,1243.0
10466056,stimulus_Arg_PISACowsMilk_10_page_6,829.7,561.7,1243.0
10466057,stimulus_Arg_PISACowsMilk_10_page_6,829.9,561.9,1242.0
10466058,stimulus_Arg_PISACowsMilk_10_page_6,830.2,561.9,1242.0
10466059,stimulus_Arg_PISACowsMilk_10_page_6,830.4,561.8,1242.0
10466060,stimulus_Arg_PISACowsMilk_10_page_6,830.5,561.8,1242.0
10466061,stimulus_Arg_PISACowsMilk_10_page_6,830.5,561.9,1243.0
10466062,stimulus_Arg_PISACowsMilk_10_page_6,830.4,562.0,1244.0
10466063,stimulus_Arg_PISACowsMilk_10_page_6,829.9,561.9,1244.0
10466064,stimulus_Arg_PISACowsMilk_10_page_6,829.5,561.8,1244.0
10466065,stimulus_Arg_PISACowsMilk_10_page_6,829.2,561.7,1244.0
10466066,stimulus_Arg_PISACowsMilk_10_page_6,829.2,561.8,1243.0
10466067,stimulus_Arg_PISACowsMilk_10_page_6,829.2,561.8,1242.0
10466068,stimulus_Arg_PISACowsMilk_10_page_6,829.3,561.7,1242.0
10466069,stimulus_Arg_PISACowsMilk_10_page_6,829.4,561.7,1243.0
10466070,stimulus_Arg_PISACowsMilk_10_page_6,829.4,561.7,1245.0
10466071,stimulus_Arg_PISACowsMilk_10_page_6,829.4,561.6,1245.0
10466072,stimulus_Arg_PISACowsMilk_10_page_6,829.4,561.5,1244.0
10466073,stimulus_Arg_PISACowsMilk_10_page_6,829.3,561.4,1243.0
10466074,stimulus_Arg_PISACowsMilk_10_page_6,829.3,561.5,1242.0
10466075,stimulus_Arg_PISACowsMilk_10_page_6,829.7,561.9,1243.0
10466076,stimulus_Arg_PISACowsMilk_10_page_6,830.0,562.3,1243.0
10466077,stimulus_Arg_PISACowsMilk_10_page_6,830.1,562.6,1243.0
10466078,stimulus_Arg_PISACowsMilk_10_page_6,829.7,562.6,1243.0
10466079,stimulus_Arg_PISACowsMilk_10_page_6,829.0,562.7,1244.0
10466080,stimulus_Arg_PISACowsMilk_10_page_6,828.6,562.7,1244.0
10466081,stimulus_Arg_PISACowsMilk_10_page_6,828.3,562.7,1244.0
10466082,stimulus_Arg_PISACowsMilk_10_page_6,828.3,562.5,1244.0
10466083,stimulus_Arg_PISACowsMilk_10_page_6,828.2,562.4,1245.0
10466084,stimulus_Arg_PISACowsMilk_10_page_6,828.1,562.4,1245.0
10466085,stimulus_Arg_PISACowsMilk_10_page_6,828.2,562.4,1245.0
10466086,stimulus_Arg_PISACowsMilk_10_page_6,828.4,562.5,1244.0
10466087,stimulus_Arg_PISACowsMilk_10_page_6,828.6,562.6,1244.0
10466088,stimulus_Arg_PISACowsMilk_10_page_6,829.1,562.7,1245.0
10466089,stimulus_Arg_PISACowsMilk_10_page_6,829.5,562.6,1245.0
10466090,stimulus_Arg_PISACowsMilk_10_page_6,829.8,562.6,1244.0
10466091,stimulus_Arg_PISACowsMilk_10_page_6,829.8,562.3,1243.0
10466092,stimulus_Arg_PISACowsMilk_10_page_6,829.8,561.9,1243.0
10466093,stimulus_Arg_PISACowsMilk_10_page_6,829.9,561.7,1243.0
10466094,stimulus_Arg_PISACowsMilk_10_page_6,829.6,561.9,1243.0
10466095,stimulus_Arg_PISACowsMilk_10_page_6,829.3,562.1,1243.0
10466096,stimulus_Arg_PISACowsMilk_10_page_6,829.1,562.1,1243.0
10466097,stimulus_Arg_PISACowsMilk_10_page_6,829.2,561.9,1243.0
10466098,stimulus_Arg_PISACowsMilk_10_page_6,829.3,561.7,1242.0
10466099,stimulus_Arg_PISACowsMilk_10_page_6,829.4,561.6,1242.0
10466100,stimulus_Arg_PISACowsMilk_10_page_6,829.5,561.5,1242.0
10466101,stimulus_Arg_PISACowsMilk_10_page_6,829.6,561.3,1242.0
10466102,stimulus_Arg_PISACowsMilk_10_page_6,829.3,561.3,1241.0
10466103,stimulus_Arg_PISACowsMilk_10_page_6,829.0,561.4,1240.0
10466104,stimulus_Arg_PISACowsMilk_10_page_6,828.7,561.7,1240.0
10466105,stimulus_Arg_PISACowsMilk_10_page_6,828.8,562.1,1240.0
10466106,stimulus_Arg_PISACowsMilk_10_page_6,828.9,562.3,1241.0
10466107,stimulus_Arg_PISACowsMilk_10_page_6,829.0,562.2,1241.0
10466108,stimulus_Arg_PISACowsMilk_10_page_6,829.2,561.8,1240.0
10466109,stimulus_Arg_PISACowsMilk_10_page_6,829.4,561.4,1239.0
10466110,stimulus_Arg_PISACowsMilk_10_page_6,829.6,561.4,1239.0
10466111,stimulus_Arg_PISACowsMilk_10_page_6,829.9,561.7,1239.0
10466112,stimulus_Arg_PISACowsMilk_10_page_6,830.2,562.1,1239.0
10466113,stimulus_Arg_PISACowsMilk_10_page_6,830.3,562.1,1239.0
10466114,stimulus_Arg_PISACowsMilk_10_page_6,830.5,562.0,1238.0
10466115,stimulus_Arg_PISACowsMilk_10_page_6,830.2,561.9,1238.0
10466116,stimulus_Arg_PISACowsMilk_10_page_6,829.9,561.9,1237.0
10466117,stimulus_Arg_PISACowsMilk_10_page_6,829.6,562.0,1237.0
10466118,stimulus_Arg_PISACowsMilk_10_page_6,829.6,562.2,1238.0
10466119,stimulus_Arg_PISACowsMilk_10_page_6,829.6,562.1,1238.0
10466120,stimulus_Arg_PISACowsMilk_10_page_6,829.6,562.1,1238.0
10466121,stimulus_Arg_PISACowsMilk_10_page_6,829.6,562.1,1238.0
10466122,stimulus_Arg_PISACowsMilk_10_page_6,829.5,562.1,1236.0
10466123,stimulus_Arg_PISACowsMilk_10_page_6,829.5,562.1,1234.0
10466124,stimulus_Arg_PISACowsMilk_10_page_6,829.5,562.1,1233.0
10466125,stimulus_Arg_PISACowsMilk_10_page_6,829.7,562.2,1233.0
10466126,stimulus_Arg_PISACowsMilk_10_page_6,829.9,562.4,1232.0
10466127,stimulus_Arg_PISACowsMilk_10_page_6,830.2,562.4,1232.0
10466128,stimulus_Arg_PISACowsMilk_10_page_6,830.2,562.3,1232.0
10466129,stimulus_Arg_PISACowsMilk_10_page_6,829.9,562.3,1232.0
10466130,stimulus_Arg_PISACowsMilk_10_page_6,829.7,562.3,1232.0
10466131,stimulus_Arg_PISACowsMilk_10_page_6,829.4,562.1,1232.0
10466132,stimulus_Arg_PISACowsMilk_10_page_6,829.4,562.1,1232.0
10466133,stimulus_Arg_PISACowsMilk_10_page_6,829.3,562.0,1232.0
10466134,stimulus_Arg_PISACowsMilk_10_page_6,829.4,562.3,1232.0
10466135,stimulus_Arg_PISACowsMilk_10_page_6,829.5,562.5,1232.0
10466136,stimulus_Arg_PISACowsMilk_10_page_6,829.5,562.7,1232.0
10466137,stimulus_Arg_PISACowsMilk_10_page_6,829.5,562.7,1232.0
10466138,stimulus_Arg_PISACowsMilk_10_page_6,829.5,562.7,1232.0
10466139,stimulus_Arg_PISACowsMilk_10_page_6,829.6,562.8,1231.0
10466140,stimulus_Arg_PISACowsMilk_10_page_6,829.6,562.7,1231.0
10466141,stimulus_Arg_PISACowsMilk_10_page_6,829.7,562.5,1229.0
10466142,stimulus_Arg_PISACowsMilk_10_page_6,829.9,561.8,1228.0
10466143,stimulus_Arg_PISACowsMilk_10_page_6,830.2,561.3,1227.0
10466144,stimulus_Arg_PISACowsMilk_10_page_6,830.2,561.2,1227.0
10466145,stimulus_Arg_PISACowsMilk_10_page_6,830.3,561.6,1228.0
10466146,stimulus_Arg_PISACowsMilk_10_page_6,830.4,561.9,1228.0
10466147,stimulus_Arg_PISACowsMilk_10_page_6,830.5,561.8,1228.0
10466148,stimulus_Arg_PISACowsMilk_10_page_6,830.5,561.8,1228.0
10466149,stimulus_Arg_PISACowsMilk_10_page_6,830.4,562.1,1227.0
10466150,stimulus_Arg_PISACowsMilk_10_page_6,830.3,562.3,1227.0
10466151,stimulus_Arg_PISACowsMilk_10_page_6,830.2,562.4,1227.0
10466152,stimulus_Arg_PISACowsMilk_10_page_6,830.2,562.4,1226.0
10466153,stimulus_Arg_PISACowsMilk_10_page_6,830.2,562.4,1225.0
10466154,stimulus_Arg_PISACowsMilk_10_page_6,830.1,562.4,1225.0
10466155,stimulus_Arg_PISACowsMilk_10_page_6,830.1,562.3,1225.0
10466156,stimulus_Arg_PISACowsMilk_10_page_6,830.2,562.1,1224.0
10466157,stimulus_Arg_PISACowsMilk_10_page_6,830.4,561.4,1223.0
10466158,stimulus_Arg_PISACowsMilk_10_page_6,830.5,560.6,1222.0
10466159,stimulus_Arg_PISACowsMilk_10_page_6,830.6,559.9,1222.0
10466160,stimulus_Arg_PISACowsMilk_10_page_6,830.7,559.7,1222.0
10466161,stimulus_Arg_PISACowsMilk_10_page_6,830.8,559.3,1221.0
10466162,stimulus_Arg_PISACowsMilk_10_page_6,830.6,559.0,1221.0
10466163,stimulus_Arg_PISACowsMilk_10_page_6,830.4,558.6,1220.0
10466164,stimulus_Arg_PISACowsMilk_10_page_6,830.2,558.6,1220.0
10466165,stimulus_Arg_PISACowsMilk_10_page_6,830.2,558.6,1220.0
10466166,stimulus_Arg_PISACowsMilk_10_page_6,830.1,558.5,1220.0
10466167,stimulus_Arg_PISACowsMilk_10_page_6,829.2,558.5,1221.0
10466168,stimulus_Arg_PISACowsMilk_10_page_6,827.8,558.0,1221.0
10466169,stimulus_Arg_PISACowsMilk_10_page_6,825.5,557.6,1223.0
10466170,stimulus_Arg_PISACowsMilk_10_page_6,822.2,557.1,1224.0
10466171,stimulus_Arg_PISACowsMilk_10_page_6,816.6,557.1,1225.0
10466172,stimulus_Arg_PISACowsMilk_10_page_6,808.1,557.0,1224.0
10466173,stimulus_Arg_PISACowsMilk_10_page_6,798.1,556.8,1225.0
10466174,stimulus_Arg_PISACowsMilk_10_page_6,788.1,556.7,1226.0
10466175,stimulus_Arg_PISACowsMilk_10_page_6,778.2,556.5,1226.0
10466176,stimulus_Arg_PISACowsMilk_10_page_6,766.9,556.8,1227.0
10466177,stimulus_Arg_PISACowsMilk_10_page_6,754.5,557.4,1229.0
10466178,stimulus_Arg_PISACowsMilk_10_page_6,742.9,557.9,1231.0
10466179,stimulus_Arg_PISACowsMilk_10_page_6,732.4,557.6,1234.0
10466180,stimulus_Arg_PISACowsMilk_10_page_6,722.1,556.9,1238.0
10466181,stimulus_Arg_PISACowsMilk_10_page_6,712.5,556.8,1240.0
10466182,stimulus_Arg_PISACowsMilk_10_page_6,704.2,557.1,1243.0
10466183,stimulus_Arg_PISACowsMilk_10_page_6,698.2,557.8,1244.0
10466184,stimulus_Arg_PISACowsMilk_10_page_6,691.9,558.2,1245.0
10466185,stimulus_Arg_PISACowsMilk_10_page_6,687.3,559.0,1246.0
10466186,stimulus_Arg_PISACowsMilk_10_page_6,683.6,559.7,1247.0
10466187,stimulus_Arg_PISACowsMilk_10_page_6,680.1,560.1,1248.0
10466188,stimulus_Arg_PISACowsMilk_10_page_6,676.7,560.4,1249.0
10466189,stimulus_Arg_PISACowsMilk_10_page_6,673.1,560.4,1249.0
10466190,stimulus_Arg_PISACowsMilk_10_page_6,670.3,560.6,1249.0
10466191,stimulus_Arg_PISACowsMilk_10_page_6,666.3,560.9,1249.0
10466192,stimulus_Arg_PISACowsMilk_10_page_6,662.2,561.1,1249.0
10466193,stimulus_Arg_PISACowsMilk_10_page_6,657.6,560.9,1249.0
10466194,stimulus_Arg_PISACowsMilk_10_page_6,653.8,560.7,1248.0
10466195,stimulus_Arg_PISACowsMilk_10_page_6,649.4,560.4,1247.0
10466196,stimulus_Arg_PISACowsMilk_10_page_6,647.3,560.3,1246.0
10466197,stimulus_Arg_PISACowsMilk_10_page_6,643.7,559.5,1245.0
10466198,stimulus_Arg_PISACowsMilk_10_page_6,639.9,558.7,1243.0
10466199,stimulus_Arg_PISACowsMilk_10_page_6,636.1,558.2,1242.0
10466200,stimulus_Arg_PISACowsMilk_10_page_6,633.5,558.5,1242.0
10466201,stimulus_Arg_PISACowsMilk_10_page_6,632.0,559.1,1242.0
10466202,stimulus_Arg_PISACowsMilk_10_page_6,630.7,559.5,1243.0
10466203,stimulus_Arg_PISACowsMilk_10_page_6,630.7,560.3,1243.0
10466204,stimulus_Arg_PISACowsMilk_10_page_6,631.2,560.9,1243.0
10466205,stimulus_Arg_PISACowsMilk_10_page_6,632.1,561.5,1244.0
10466206,stimulus_Arg_PISACowsMilk_10_page_6,633.0,561.6,1245.0
10466207,stimulus_Arg_PISACowsMilk_10_page_6,634.2,561.6,1246.0
10466208,stimulus_Arg_PISACowsMilk_10_page_6,635.1,561.4,1247.0
10466209,stimulus_Arg_PISACowsMilk_10_page_6,636.2,561.0,1245.0
10466210,stimulus_Arg_PISACowsMilk_10_page_6,636.8,560.6,1243.0
10466211,stimulus_Arg_PISACowsMilk_10_page_6,637.3,559.9,1240.0
10466212,stimulus_Arg_PISACowsMilk_10_page_6,637.5,559.2,1239.0
10466213,stimulus_Arg_PISACowsMilk_10_page_6,637.6,558.1,1237.0
10466214,stimulus_Arg_PISACowsMilk_10_page_6,637.6,557.4,1236.0
10466215,stimulus_Arg_PISACowsMilk_10_page_6,637.5,557.2,1236.0
10466216,stimulus_Arg_PISACowsMilk_10_page_6,637.4,557.5,1236.0
10466217,stimulus_Arg_PISACowsMilk_10_page_6,637.4,557.8,1236.0
10466218,stimulus_Arg_PISACowsMilk_10_page_6,637.2,558.1,1236.0
10466219,stimulus_Arg_PISACowsMilk_10_page_6,636.8,558.5,1237.0
10466220,stimulus_Arg_PISACowsMilk_10_page_6,636.4,558.9,1237.0
10466221,stimulus_Arg_PISACowsMilk_10_page_6,635.7,558.9,1237.0
10466222,stimulus_Arg_PISACowsMilk_10_page_6,635.1,558.9,1237.0
10466223,stimulus_Arg_PISACowsMilk_10_page_6,634.2,559.1,1237.0
10466224,stimulus_Arg_PISACowsMilk_10_page_6,633.7,559.4,1237.0
10466225,stimulus_Arg_PISACowsMilk_10_page_6,633.5,559.6,1236.0
10466226,stimulus_Arg_PISACowsMilk_10_page_6,633.5,559.4,1235.0
10466227,stimulus_Arg_PISACowsMilk_10_page_6,633.3,559.3,1234.0
10466228,stimulus_Arg_PISACowsMilk_10_page_6,633.0,559.1,1234.0
10466229,stimulus_Arg_PISACowsMilk_10_page_6,632.7,559.0,1235.0
10466230,stimulus_Arg_PISACowsMilk_10_page_6,632.5,559.0,1235.0
10466231,stimulus_Arg_PISACowsMilk_10_page_6,632.3,559.0,1234.0
10466232,stimulus_Arg_PISACowsMilk_10_page_6,632.1,559.0,1232.0
10466233,stimulus_Arg_PISACowsMilk_10_page_6,632.2,559.0,1230.0
10466234,stimulus_Arg_PISACowsMilk_10_page_6,632.2,558.8,1230.0
10466235,stimulus_Arg_PISACowsMilk_10_page_6,632.2,558.5,1230.0
10466236,stimulus_Arg_PISACowsMilk_10_page_6,632.2,558.2,1230.0
10466237,stimulus_Arg_PISACowsMilk_10_page_6,632.2,558.3,1230.0
10466238,stimulus_Arg_PISACowsMilk_10_page_6,632.2,558.3,1230.0
10466239,stimulus_Arg_PISACowsMilk_10_page_6,632.3,558.6,1230.0
10466240,stimulus_Arg_PISACowsMilk_10_page_6,632.3,558.9,1230.0
10466241,stimulus_Arg_PISACowsMilk_10_page_6,632.4,559.2,1229.0
10466242,stimulus_Arg_PISACowsMilk_10_page_6,632.2,559.1,1229.0
10466243,stimulus_Arg_PISACowsMilk_10_page_6,631.9,559.0,1228.0
10466244,stimulus_Arg_PISACowsMilk_10_page_6,631.7,558.9,1227.0
10466245,stimulus_Arg_PISACowsMilk_10_page_6,632.0,559.1,1227.0
10466246,stimulus_Arg_PISACowsMilk_10_page_6,632.4,559.3,1227.0
10466247,stimulus_Arg_PISACowsMilk_10_page_6,632.8,559.5,1227.0
10466248,stimulus_Arg_PISACowsMilk_10_page_6,632.9,559.4,1229.0
10466249,stimulus_Arg_PISACowsMilk_10_page_6,632.8,559.3,1231.0
10466250,stimulus_Arg_PISACowsMilk_10_page_6,632.6,559.2,1232.0
10466251,stimulus_Arg_PISACowsMilk_10_page_6,632.4,559.2,1232.0
10466252,stimulus_Arg_PISACowsMilk_10_page_6,632.4,559.2,1230.0
10466253,stimulus_Arg_PISACowsMilk_10_page_6,632.4,559.1,1229.0
10466254,stimulus_Arg_PISACowsMilk_10_page_6,632.3,558.7,1229.0
10466255,stimulus_Arg_PISACowsMilk_10_page_6,632.2,558.1,1229.0
10466256,stimulus_Arg_PISACowsMilk_10_page_6,632.1,557.8,1229.0
10466257,stimulus_Arg_PISACowsMilk_10_page_6,632.1,557.9,1228.0
10466258,stimulus_Arg_PISACowsMilk_10_page_6,632.1,558.1,1228.0
10466259,stimulus_Arg_PISACowsMilk_10_page_6,632.1,557.9,1228.0
10466260,stimulus_Arg_PISACowsMilk_10_page_6,632.0,557.4,1228.0
10466261,stimulus_Arg_PISACowsMilk_10_page_6,631.9,557.3,1228.0
10466262,stimulus_Arg_PISACowsMilk_10_page_6,631.8,557.6,1227.0
10466263,stimulus_Arg_PISACowsMilk_10_page_6,631.9,558.0,1226.0
10466264,stimulus_Arg_PISACowsMilk_10_page_6,631.9,558.1,1225.0
10466265,stimulus_Arg_PISACowsMilk_10_page_6,631.8,558.3,1225.0
10466266,stimulus_Arg_PISACowsMilk_10_page_6,631.4,558.4,1225.0
10466267,stimulus_Arg_PISACowsMilk_10_page_6,631.1,558.3,1225.0
10466268,stimulus_Arg_PISACowsMilk_10_page_6,631.2,558.2,1226.0
10466269,stimulus_Arg_PISACowsMilk_10_page_6,631.4,558.1,1226.0
10466270,stimulus_Arg_PISACowsMilk_10_page_6,631.9,558.0,1226.0
10466271,stimulus_Arg_PISACowsMilk_10_page_6,632.1,558.0,1226.0
10466272,stimulus_Arg_PISACowsMilk_10_page_6,632.3,558.0,1225.0
10466273,stimulus_Arg_PISACowsMilk_10_page_6,632.6,558.0,1225.0
10466274,stimulus_Arg_PISACowsMilk_10_page_6,632.9,558.0,1225.0
10466275,stimulus_Arg_PISACowsMilk_10_page_6,633.2,558.0,1225.0
10466276,stimulus_Arg_PISACowsMilk_10_page_6,633.3,558.0,1224.0
10466277,stimulus_Arg_PISACowsMilk_10_page_6,633.3,557.9,1223.0
10466278,stimulus_Arg_PISACowsMilk_10_page_6,633.1,558.0,1222.0
10466279,stimulus_Arg_PISACowsMilk_10_page_6,632.8,558.2,1222.0
10466280,stimulus_Arg_PISACowsMilk_10_page_6,632.7,558.3,1222.0
10466281,stimulus_Arg_PISACowsMilk_10_page_6,632.8,558.6,1222.0
10466282,stimulus_Arg_PISACowsMilk_10_page_6,632.5,558.9,1222.0
10466283,stimulus_Arg_PISACowsMilk_10_page_6,632.1,558.9,1221.0
10466284,stimulus_Arg_PISACowsMilk_10_page_6,632.0,558.9,1222.0
10466285,stimulus_Arg_PISACowsMilk_10_page_6,632.2,558.8,1223.0
10466286,stimulus_Arg_PISACowsMilk_10_page_6,632.4,558.9,1223.0
10466287,stimulus_Arg_PISACowsMilk_10_page_6,632.6,559.0,1223.0
10466288,stimulus_Arg_PISACowsMilk_10_page_6,632.7,559.0,1223.0
10466289,stimulus_Arg_PISACowsMilk_10_page_6,632.9,559.0,1223.0
10466290,stimulus_Arg_PISACowsMilk_10_page_6,632.9,558.9,1223.0
10466291,stimulus_Arg_PISACowsMilk_10_page_6,632.9,558.8,1223.0
10466292,stimulus_Arg_PISACowsMilk_10_page_6,632.8,558.9,1223.0
10466293,stimulus_Arg_PISACowsMilk_10_page_6,632.7,559.1,1223.0
10466294,stimulus_Arg_PISACowsMilk_10_page_6,632.7,559.3,1223.0
10466295,stimulus_Arg_PISACowsMilk_10_page_6,632.7,559.5,1223.0
10466296,stimulus_Arg_PISACowsMilk_10_page_6,632.7,559.7,1223.0
10466297,stimulus_Arg_PISACowsMilk_10_page_6,633.0,559.7,1222.0
10466298,stimulus_Arg_PISACowsMilk_10_page_6,633.3,559.6,1222.0
10466299,stimulus_Arg_PISACowsMilk_10_page_6,633.5,559.6,1221.0
10466300,stimulus_Arg_PISACowsMilk_10_page_6,633.4,559.5,1221.0
10466301,stimulus_Arg_PISACowsMilk_10_page_6,633.2,559.4,1221.0
10466302,stimulus_Arg_PISACowsMilk_10_page_6,633.1,559.2,1221.0
10466303,stimulus_Arg_PISACowsMilk_10_page_6,633.2,559.0,1221.0
10466304,stimulus_Arg_PISACowsMilk_10_page_6,633.2,559.2,1221.0
10466305,stimulus_Arg_PISACowsMilk_10_page_6,633.3,559.4,1222.0
10466306,stimulus_Arg_PISACowsMilk_10_page_6,633.1,559.7,1222.0
10466307,stimulus_Arg_PISACowsMilk_10_page_6,633.0,559.8,1223.0
10466308,stimulus_Arg_PISACowsMilk_10_page_6,632.6,559.4,1223.0
10466309,stimulus_Arg_PISACowsMilk_10_page_6,632.4,559.1,1222.0
10466310,stimulus_Arg_PISACowsMilk_10_page_6,632.3,558.7,1222.0
10466311,stimulus_Arg_PISACowsMilk_10_page_6,632.3,558.8,1221.0
10466312,stimulus_Arg_PISACowsMilk_10_page_6,632.4,558.8,1221.0
10466313,stimulus_Arg_PISACowsMilk_10_page_6,632.4,558.6,1220.0
10466314,stimulus_Arg_PISACowsMilk_10_page_6,632.5,558.5,1219.0
10466315,stimulus_Arg_PISACowsMilk_10_page_6,632.7,558.4,1218.0
10466316,stimulus_Arg_PISACowsMilk_10_page_6,632.8,558.4,1219.0
10466317,stimulus_Arg_PISACowsMilk_10_page_6,632.9,558.3,1219.0
10466318,stimulus_Arg_PISACowsMilk_10_page_6,632.9,557.9,1219.0
10466319,stimulus_Arg_PISACowsMilk_10_page_6,632.9,557.5,1218.0
10466320,stimulus_Arg_PISACowsMilk_10_page_6,633.1,557.1,1218.0
10466321,stimulus_Arg_PISACowsMilk_10_page_6,633.2,557.0,1218.0
10466322,stimulus_Arg_PISACowsMilk_10_page_6,633.3,556.9,1219.0
10466323,stimulus_Arg_PISACowsMilk_10_page_6,633.2,556.8,1219.0
10466324,stimulus_Arg_PISACowsMilk_10_page_6,633.2,556.8,1219.0
10466325,stimulus_Arg_PISACowsMilk_10_page_6,633.2,556.7,1219.0
10466326,stimulus_Arg_PISACowsMilk_10_page_6,633.2,556.7,1218.0
10466327,stimulus_Arg_PISACowsMilk_10_page_6,633.5,556.8,1218.0
10466328,stimulus_Arg_PISACowsMilk_10_page_6,634.0,556.9,1218.0
10466329,stimulus_Arg_PISACowsMilk_10_page_6,634.4,556.8,1218.0
10466330,stimulus_Arg_PISACowsMilk_10_page_6,634.6,556.7,1218.0
10466331,stimulus_Arg_PISACowsMilk_10_page_6,634.5,556.5,1218.0
10466332,stimulus_Arg_PISACowsMilk_10_page_6,634.4,556.4,1218.0
10466333,stimulus_Arg_PISACowsMilk_10_page_6,634.2,556.2,1219.0
10466334,stimulus_Arg_PISACowsMilk_10_page_6,634.0,556.1,1219.0
10466335,stimulus_Arg_PISACowsMilk_10_page_6,633.8,556.1,1219.0
10466336,stimulus_Arg_PISACowsMilk_10_page_6,633.9,556.1,1218.0
10466337,stimulus_Arg_PISACowsMilk_10_page_6,633.8,556.3,1219.0
10466338,stimulus_Arg_PISACowsMilk_10_page_6,633.6,556.4,1220.0
10466339,stimulus_Arg_PISACowsMilk_10_page_6,633.7,556.6,1221.0
10466340,stimulus_Arg_PISACowsMilk_10_page_6,633.9,556.7,1221.0
10466341,stimulus_Arg_PISACowsMilk_10_page_6,634.1,556.7,1221.0
10466342,stimulus_Arg_PISACowsMilk_10_page_6,634.2,556.8,1221.0
10466343,stimulus_Arg_PISACowsMilk_10_page_6,634.3,556.6,1220.0
10466344,stimulus_Arg_PISACowsMilk_10_page_6,634.2,556.1,1220.0
10466345,stimulus_Arg_PISACowsMilk_10_page_6,634.2,555.8,1219.0
10466346,stimulus_Arg_PISACowsMilk_10_page_6,634.1,555.6,1218.0
10466347,stimulus_Arg_PISACowsMilk_10_page_6,634.1,555.7,1217.0
10466348,stimulus_Arg_PISACowsMilk_10_page_6,634.0,555.7,1217.0
10466349,stimulus_Arg_PISACowsMilk_10_page_6,634.1,555.7,1217.0
10466350,stimulus_Arg_PISACowsMilk_10_page_6,634.1,555.7,1217.0
10466351,stimulus_Arg_PISACowsMilk_10_page_6,634.3,555.8,1217.0
10466352,stimulus_Arg_PISACowsMilk_10_page_6,634.5,556.0,1218.0
10466353,stimulus_Arg_PISACowsMilk_10_page_6,634.8,556.0,1218.0
10466354,stimulus_Arg_PISACowsMilk_10_page_6,634.9,556.0,1217.0
10466355,stimulus_Arg_PISACowsMilk_10_page_6,634.9,555.9,1217.0
10466356,stimulus_Arg_PISACowsMilk_10_page_6,635.0,555.7,1217.0
10466357,stimulus_Arg_PISACowsMilk_10_page_6,635.1,555.5,1218.0
10466358,stimulus_Arg_PISACowsMilk_10_page_6,634.8,555.6,1219.0
10466359,stimulus_Arg_PISACowsMilk_10_page_6,634.5,555.7,1219.0
10466360,stimulus_Arg_PISACowsMilk_10_page_6,634.3,555.6,1219.0
10466361,stimulus_Arg_PISACowsMilk_10_page_6,634.4,555.7,1219.0
10466362,stimulus_Arg_PISACowsMilk_10_page_6,634.6,555.7,1219.0
10466363,stimulus_Arg_PISACowsMilk_10_page_6,634.6,555.7,1219.0
10466364,stimulus_Arg_PISACowsMilk_10_page_6,634.7,555.4,1218.0
10466365,stimulus_Arg_PISACowsMilk_10_page_6,634.8,555.0,1217.0
10466366,stimulus_Arg_PISACowsMilk_10_page_6,635.0,554.8,1217.0
10466367,stimulus_Arg_PISACowsMilk_10_page_6,635.1,554.9,1218.0
10466368,stimulus_Arg_PISACowsMilk_10_page_6,635.0,555.0,1218.0
10466369,stimulus_Arg_PISACowsMilk_10_page_6,634.9,555.1,1218.0
10466370,stimulus_Arg_PISACowsMilk_10_page_6,634.7,555.1,1218.0
10466371,stimulus_Arg_PISACowsMilk_10_page_6,634.6,555.0,1218.0
10466372,stimulus_Arg_PISACowsMilk_10_page_6,634.5,554.9,1218.0
10466373,stimulus_Arg_PISACowsMilk_10_page_6,634.4,555.0,1217.0
10466374,stimulus_Arg_PISACowsMilk_10_page_6,634.4,555.1,1217.0
10466375,stimulus_Arg_PISACowsMilk_10_page_6,634.6,555.3,1217.0
10466376,stimulus_Arg_PISACowsMilk_10_page_6,634.7,555.3,1217.0
10466377,stimulus_Arg_PISACowsMilk_10_page_6,634.8,555.3,1216.0
10466378,stimulus_Arg_PISACowsMilk_10_page_6,634.8,555.6,1217.0
10466379,stimulus_Arg_PISACowsMilk_10_page_6,634.7,555.9,1217.0
10466380,stimulus_Arg_PISACowsMilk_10_page_6,634.5,556.2,1217.0
10466381,stimulus_Arg_PISACowsMilk_10_page_6,634.4,556.2,1217.0
10466382,stimulus_Arg_PISACowsMilk_10_page_6,634.5,556.1,1216.0
10466383,stimulus_Arg_PISACowsMilk_10_page_6,634.7,556.2,1215.0
10466384,stimulus_Arg_PISACowsMilk_10_page_6,634.8,556.2,1216.0
10466385,stimulus_Arg_PISACowsMilk_10_page_6,634.9,556.4,1216.0
10466386,stimulus_Arg_PISACowsMilk_10_page_6,634.8,556.6,1215.0
10466387,stimulus_Arg_PISACowsMilk_10_page_6,634.7,556.8,1215.0
10466388,stimulus_Arg_PISACowsMilk_10_page_6,634.6,556.9,1215.0
10466389,stimulus_Arg_PISACowsMilk_10_page_6,634.6,556.8,1215.0
10466390,stimulus_Arg_PISACowsMilk_10_page_6,634.7,556.8,1215.0
10466391,stimulus_Arg_PISACowsMilk_10_page_6,634.9,556.8,1215.0
10466392,stimulus_Arg_PISACowsMilk_10_page_6,635.1,556.8,1215.0
10466393,stimulus_Arg_PISACowsMilk_10_page_6,634.9,556.8,1215.0
10466394,stimulus_Arg_PISACowsMilk_10_page_6,634.8,556.6,1215.0
10466395,stimulus_Arg_PISACowsMilk_10_page_6,634.6,556.5,1215.0
10466396,stimulus_Arg_PISACowsMilk_10_page_6,634.5,556.8,1215.0
10466397,stimulus_Arg_PISACowsMilk_10_page_6,634.5,557.1,1214.0
10466398,stimulus_Arg_PISACowsMilk_10_page_6,634.3,557.3,1213.0
10466399,stimulus_Arg_PISACowsMilk_10_page_6,634.1,557.2,1213.0
10466400,stimulus_Arg_PISACowsMilk_10_page_6,633.9,557.0,1213.0
10466401,stimulus_Arg_PISACowsMilk_10_page_6,634.0,556.8,1213.0
10466402,stimulus_Arg_PISACowsMilk_10_page_6,634.1,556.5,1213.0
10466403,stimulus_Arg_PISACowsMilk_10_page_6,634.1,556.4,1214.0
10466404,stimulus_Arg_PISACowsMilk_10_page_6,634.1,556.4,1214.0
10466405,stimulus_Arg_PISACowsMilk_10_page_6,634.1,556.4,1214.0
10466406,stimulus_Arg_PISACowsMilk_10_page_6,634.0,556.3,1214.0
10466407,stimulus_Arg_PISACowsMilk_10_page_6,633.9,556.3,1215.0
10466408,stimulus_Arg_PISACowsMilk_10_page_6,633.7,556.2,1214.0
10466409,stimulus_Arg_PISACowsMilk_10_page_6,633.6,556.5,1214.0
10466410,stimulus_Arg_PISACowsMilk_10_page_6,633.6,556.8,1215.0
10466411,stimulus_Arg_PISACowsMilk_10_page_6,633.8,557.1,1215.0
10466412,stimulus_Arg_PISACowsMilk_10_page_6,633.8,557.3,1215.0
10466413,stimulus_Arg_PISACowsMilk_10_page_6,633.8,557.6,1215.0
10466414,stimulus_Arg_PISACowsMilk_10_page_6,633.7,557.9,1215.0
10466415,stimulus_Arg_PISACowsMilk_10_page_6,633.7,558.0,1215.0
10466416,stimulus_Arg_PISACowsMilk_10_page_6,633.7,558.0,1215.0
10466417,stimulus_Arg_PISACowsMilk_10_page_6,633.5,558.0,1214.0
10466418,stimulus_Arg_PISACowsMilk_10_page_6,633.1,557.5,1213.0
10466419,stimulus_Arg_PISACowsMilk_10_page_6,632.9,557.1,1212.0
10466420,stimulus_Arg_PISACowsMilk_10_page_6,633.0,556.7,1211.0
10466421,stimulus_Arg_PISACowsMilk_10_page_6,633.1,556.8,1211.0
10466422,stimulus_Arg_PISACowsMilk_10_page_6,633.1,556.8,1211.0
10466423,stimulus_Arg_PISACowsMilk_10_page_6,633.0,556.8,1211.0
10466424,stimulus_Arg_PISACowsMilk_10_page_6,633.0,556.8,1211.0
10466425,stimulus_Arg_PISACowsMilk_10_page_6,633.0,556.9,1212.0
10466426,stimulus_Arg_PISACowsMilk_10_page_6,633.0,557.0,1212.0
10466427,stimulus_Arg_PISACowsMilk_10_page_6,633.0,557.4,1213.0
10466428,stimulus_Arg_PISACowsMilk_10_page_6,633.0,557.8,1213.0
10466429,stimulus_Arg_PISACowsMilk_10_page_6,633.0,558.1,1213.0
10466430,stimulus_Arg_PISACowsMilk_10_page_6,633.4,558.4,1214.0
10466431,stimulus_Arg_PISACowsMilk_10_page_6,633.8,558.8,1214.0
10466432,stimulus_Arg_PISACowsMilk_10_page_6,633.9,559.0,1215.0
10466433,stimulus_Arg_PISACowsMilk_10_page_6,633.6,559.1,1215.0
10466434,stimulus_Arg_PISACowsMilk_10_page_6,633.2,559.2,1214.0
10466435,stimulus_Arg_PISACowsMilk_10_page_6,633.1,559.3,1213.0
10466436,stimulus_Arg_PISACowsMilk_10_page_6,633.3,559.9,1213.0
10466437,stimulus_Arg_PISACowsMilk_10_page_6,633.7,560.4,1214.0
10466438,stimulus_Arg_PISACowsMilk_10_page_6,634.3,561.0,1216.0
10466439,stimulus_Arg_PISACowsMilk_10_page_6,634.6,561.1,1217.0
10466440,stimulus_Arg_PISACowsMilk_10_page_6,634.7,561.2,1217.0
10466441,stimulus_Arg_PISACowsMilk_10_page_6,634.4,561.7,1216.0
10466442,stimulus_Arg_PISACowsMilk_10_page_6,634.2,562.1,1216.0
10466443,stimulus_Arg_PISACowsMilk_10_page_6,634.3,562.5,1216.0
10466444,stimulus_Arg_PISACowsMilk_10_page_6,634.4,562.6,1216.0
10466445,stimulus_Arg_PISACowsMilk_10_page_6,634.5,562.6,1215.0
10466446,stimulus_Arg_PISACowsMilk_10_page_6,634.4,562.4,1213.0
10466447,stimulus_Arg_PISACowsMilk_10_page_6,634.4,562.1,1211.0
10466448,stimulus_Arg_PISACowsMilk_10_page_6,634.3,561.9,1210.0
10466449,stimulus_Arg_PISACowsMilk_10_page_6,634.2,561.9,1211.0
10466450,stimulus_Arg_PISACowsMilk_10_page_6,634.2,561.9,1212.0
10466451,stimulus_Arg_PISACowsMilk_10_page_6,634.2,561.8,1213.0
10466452,stimulus_Arg_PISACowsMilk_10_page_6,634.3,562.2,1212.0
10466453,stimulus_Arg_PISACowsMilk_10_page_6,634.4,562.6,1211.0
10466454,stimulus_Arg_PISACowsMilk_10_page_6,634.5,562.9,1209.0
10466455,stimulus_Arg_PISACowsMilk_10_page_6,634.4,563.2,1208.0
10466456,stimulus_Arg_PISACowsMilk_10_page_6,634.4,563.6,1208.0
10466457,stimulus_Arg_PISACowsMilk_10_page_6,634.5,563.9,1208.0
10466458,stimulus_Arg_PISACowsMilk_10_page_6,634.7,563.8,1210.0
10466459,stimulus_Arg_PISACowsMilk_10_page_6,634.8,564.0,1211.0
10466460,stimulus_Arg_PISACowsMilk_10_page_6,634.7,564.1,1212.0
10466461,stimulus_Arg_PISACowsMilk_10_page_6,634.4,564.3,1211.0
10466462,stimulus_Arg_PISACowsMilk_10_page_6,634.4,564.3,1211.0
10466463,stimulus_Arg_PISACowsMilk_10_page_6,634.6,564.5,1210.0
10466464,stimulus_Arg_PISACowsMilk_10_page_6,634.7,564.7,1210.0
10466465,stimulus_Arg_PISACowsMilk_10_page_6,634.7,565.0,1210.0
10466466,stimulus_Arg_PISACowsMilk_10_page_6,635.0,565.0,1211.0
10466467,stimulus_Arg_PISACowsMilk_10_page_6,635.4,565.1,1212.0
10466468,stimulus_Arg_PISACowsMilk_10_page_6,635.8,565.3,1213.0
10466469,stimulus_Arg_PISACowsMilk_10_page_6,635.7,565.4,1213.0
10466470,stimulus_Arg_PISACowsMilk_10_page_6,635.5,565.6,1213.0
10466471,stimulus_Arg_PISACowsMilk_10_page_6,635.4,565.7,1213.0
10466472,stimulus_Arg_PISACowsMilk_10_page_6,635.4,565.7,1213.0
10466473,stimulus_Arg_PISACowsMilk_10_page_6,635.6,565.7,1213.0
10466474,stimulus_Arg_PISACowsMilk_10_page_6,635.8,565.8,1212.0
10466475,stimulus_Arg_PISACowsMilk_10_page_6,635.7,565.9,1212.0
10466476,stimulus_Arg_PISACowsMilk_10_page_6,635.3,566.2,1211.0
10466477,stimulus_Arg_PISACowsMilk_10_page_6,635.4,566.4,1210.0
10466478,stimulus_Arg_PISACowsMilk_10_page_6,635.8,566.6,1210.0
10466479,stimulus_Arg_PISACowsMilk_10_page_6,636.3,566.5,1211.0
10466480,stimulus_Arg_PISACowsMilk_10_page_6,636.2,566.4,1212.0
10466481,stimulus_Arg_PISACowsMilk_10_page_6,636.2,566.4,1212.0
10466482,stimulus_Arg_PISACowsMilk_10_page_6,636.3,566.7,1211.0
10466483,stimulus_Arg_PISACowsMilk_10_page_6,636.3,566.9,1211.0
10466484,stimulus_Arg_PISACowsMilk_10_page_6,636.4,567.0,1210.0
10466485,stimulus_Arg_PISACowsMilk_10_page_6,636.4,567.1,1210.0
10466486,stimulus_Arg_PISACowsMilk_10_page_6,636.3,567.2,1210.0
10466487,stimulus_Arg_PISACowsMilk_10_page_6,636.3,567.0,1209.0
10466488,stimulus_Arg_PISACowsMilk_10_page_6,636.2,566.8,1209.0
10466489,stimulus_Arg_PISACowsMilk_10_page_6,636.2,566.6,1209.0
10466490,stimulus_Arg_PISACowsMilk_10_page_6,636.2,566.6,1209.0
10466491,stimulus_Arg_PISACowsMilk_10_page_6,636.3,566.4,1208.0
10466492,stimulus_Arg_PISACowsMilk_10_page_6,636.4,566.2,1208.0
10466493,stimulus_Arg_PISACowsMilk_10_page_6,636.4,566.4,1208.0
10466494,stimulus_Arg_PISACowsMilk_10_page_6,636.3,566.8,1207.0
10466495,stimulus_Arg_PISACowsMilk_10_page_6,636.4,567.1,1207.0
10466496,stimulus_Arg_PISACowsMilk_10_page_6,636.5,566.9,1206.0
10466497,stimulus_Arg_PISACowsMilk_10_page_6,636.5,566.9,1206.0
10466498,stimulus_Arg_PISACowsMilk_10_page_6,636.4,566.9,1206.0
10466499,stimulus_Arg_PISACowsMilk_10_page_6,636.3,567.0,1207.0
10466500,stimulus_Arg_PISACowsMilk_10_page_6,636.2,567.1,1208.0
10466501,stimulus_Arg_PISACowsMilk_10_page_6,636.0,566.9,1207.0
10466502,stimulus_Arg_PISACowsMilk_10_page_6,635.6,566.6,1207.0
10466503,stimulus_Arg_PISACowsMilk_10_page_6,635.3,566.4,1206.0
10466504,stimulus_Arg_PISACowsMilk_10_page_6,635.3,566.7,1206.0
10466505,stimulus_Arg_PISACowsMilk_10_page_6,635.4,567.0,1206.0
10466506,stimulus_Arg_PISACowsMilk_10_page_6,635.5,567.1,1206.0
10466507,stimulus_Arg_PISACowsMilk_10_page_6,635.5,567.2,1206.0
10466508,stimulus_Arg_PISACowsMilk_10_page_6,635.7,567.0,1205.0
10466509,stimulus_Arg_PISACowsMilk_10_page_6,636.0,566.9,1205.0
10466510,stimulus_Arg_PISACowsMilk_10_page_6,636.2,566.6,1204.0
10466511,stimulus_Arg_PISACowsMilk_10_page_6,636.4,566.6,1204.0
10466512,stimulus_Arg_PISACowsMilk_10_page_6,636.3,566.6,1203.0
10466513,stimulus_Arg_PISACowsMilk_10_page_6,636.7,567.1,1204.0
10466514,stimulus_Arg_PISACowsMilk_10_page_6,637.2,567.5,1204.0
10466515,stimulus_Arg_PISACowsMilk_10_page_6,637.7,567.8,1204.0
10466516,stimulus_Arg_PISACowsMilk_10_page_6,637.4,567.9,1203.0
10466517,stimulus_Arg_PISACowsMilk_10_page_6,637.1,567.9,1203.0
10466518,stimulus_Arg_PISACowsMilk_10_page_6,636.9,568.0,1203.0
10466519,stimulus_Arg_PISACowsMilk_10_page_6,637.2,568.0,1202.0
10466520,stimulus_Arg_PISACowsMilk_10_page_6,637.5,567.9,1202.0
10466521,stimulus_Arg_PISACowsMilk_10_page_6,637.6,567.5,1202.0
10466522,stimulus_Arg_PISACowsMilk_10_page_6,637.6,567.1,1202.0
10466523,stimulus_Arg_PISACowsMilk_10_page_6,637.6,567.1,1202.0
10466524,stimulus_Arg_PISACowsMilk_10_page_6,637.6,567.4,1201.0
10466525,stimulus_Arg_PISACowsMilk_10_page_6,637.6,567.8,1201.0
10466526,stimulus_Arg_PISACowsMilk_10_page_6,637.7,567.7,1201.0
10466527,stimulus_Arg_PISACowsMilk_10_page_6,637.8,567.6,1200.0
10466528,stimulus_Arg_PISACowsMilk_10_page_6,638.0,567.6,1200.0
10466529,stimulus_Arg_PISACowsMilk_10_page_6,638.1,567.6,1199.0
10466530,stimulus_Arg_PISACowsMilk_10_page_6,638.2,567.7,1198.0
10466531,stimulus_Arg_PISACowsMilk_10_page_6,638.2,567.7,1198.0
10466532,stimulus_Arg_PISACowsMilk_10_page_6,638.0,567.6,1199.0
10466533,stimulus_Arg_PISACowsMilk_10_page_6,637.7,567.5,1200.0
10466534,stimulus_Arg_PISACowsMilk_10_page_6,637.5,567.4,1199.0
10466535,stimulus_Arg_PISACowsMilk_10_page_6,637.4,567.3,1199.0
10466536,stimulus_Arg_PISACowsMilk_10_page_6,637.3,567.3,1198.0
10466537,stimulus_Arg_PISACowsMilk_10_page_6,637.5,567.4,1198.0
10466538,stimulus_Arg_PISACowsMilk_10_page_6,637.6,567.2,1198.0
10466539,stimulus_Arg_PISACowsMilk_10_page_6,637.9,567.0,1197.0
10466540,stimulus_Arg_PISACowsMilk_10_page_6,638.0,566.8,1196.0
10466541,stimulus_Arg_PISACowsMilk_10_page_6,638.0,566.8,1195.0
10466542,stimulus_Arg_PISACowsMilk_10_page_6,637.9,566.8,1194.0
10466543,stimulus_Arg_PISACowsMilk_10_page_6,638.0,566.9,1194.0
10466544,stimulus_Arg_PISACowsMilk_10_page_6,638.1,566.9,1193.0
10466545,stimulus_Arg_PISACowsMilk_10_page_6,638.2,566.8,1193.0
10466546,stimulus_Arg_PISACowsMilk_10_page_6,638.1,566.6,1192.0
10466547,stimulus_Arg_PISACowsMilk_10_page_6,638.1,566.5,1192.0
10466548,stimulus_Arg_PISACowsMilk_10_page_6,638.1,566.3,1192.0
10466549,stimulus_Arg_PISACowsMilk_10_page_6,638.1,566.2,1193.0
10466550,stimulus_Arg_PISACowsMilk_10_page_6,638.2,566.0,1194.0
10466551,stimulus_Arg_PISACowsMilk_10_page_6,638.5,566.0,1194.0
10466552,stimulus_Arg_PISACowsMilk_10_page_6,638.7,566.1,1194.0
10466553,stimulus_Arg_PISACowsMilk_10_page_6,639.0,566.1,1194.0
10466554,stimulus_Arg_PISACowsMilk_10_page_6,639.1,566.2,1194.0
10466555,stimulus_Arg_PISACowsMilk_10_page_6,639.3,566.3,1194.0
10466556,stimulus_Arg_PISACowsMilk_10_page_6,639.4,566.3,1194.0
10466557,stimulus_Arg_PISACowsMilk_10_page_6,639.5,566.4,1194.0
10466558,stimulus_Arg_PISACowsMilk_10_page_6,639.6,566.4,1194.0
10466559,stimulus_Arg_PISACowsMilk_10_page_6,639.4,566.3,1194.0
10466560,stimulus_Arg_PISACowsMilk_10_page_6,639.2,566.2,1194.0
10466561,stimulus_Arg_PISACowsMilk_10_page_6,638.9,565.9,1194.0
10466562,stimulus_Arg_PISACowsMilk_10_page_6,638.7,565.4,1193.0
10466563,stimulus_Arg_PISACowsMilk_10_page_6,638.6,565.0,1193.0
10466564,stimulus_Arg_PISACowsMilk_10_page_6,638.5,564.7,1192.0
10466565,stimulus_Arg_PISACowsMilk_10_page_6,638.8,564.4,1192.0
10466566,stimulus_Arg_PISACowsMilk_10_page_6,639.2,564.1,1192.0
10466567,stimulus_Arg_PISACowsMilk_10_page_6,639.6,563.8,1193.0
10466568,stimulus_Arg_PISACowsMilk_10_page_6,640.0,563.9,1194.0
10466569,stimulus_Arg_PISACowsMilk_10_page_6,641.0,564.8,1194.0
10466570,stimulus_Arg_PISACowsMilk_10_page_6,643.1,565.7,1192.0
10466571,stimulus_Arg_PISACowsMilk_10_page_6,646.1,566.4,1191.0
10466572,stimulus_Arg_PISACowsMilk_10_page_6,650.9,566.4,1189.0
10466573,stimulus_Arg_PISACowsMilk_10_page_6,656.3,566.4,1189.0
10466574,stimulus_Arg_PISACowsMilk_10_page_6,662.5,566.0,1188.0
10466575,stimulus_Arg_PISACowsMilk_10_page_6,669.6,565.8,1188.0
10466576,stimulus_Arg_PISACowsMilk_10_page_6,677.7,565.7,1187.0
10466577,stimulus_Arg_PISACowsMilk_10_page_6,687.1,566.3,1188.0
10466578,stimulus_Arg_PISACowsMilk_10_page_6,696.7,566.3,1188.0
10466579,stimulus_Arg_PISACowsMilk_10_page_6,705.9,566.3,1189.0
10466580,stimulus_Arg_PISACowsMilk_10_page_6,714.3,564.9,1189.0
10466581,stimulus_Arg_PISACowsMilk_10_page_6,721.6,563.5,1189.0
10466582,stimulus_Arg_PISACowsMilk_10_page_6,728.9,561.5,1187.0
10466583,stimulus_Arg_PISACowsMilk_10_page_6,735.2,560.6,1184.0
10466584,stimulus_Arg_PISACowsMilk_10_page_6,739.9,560.1,1182.0
10466585,stimulus_Arg_PISACowsMilk_10_page_6,742.8,559.7,1179.0
10466586,stimulus_Arg_PISACowsMilk_10_page_6,744.5,559.0,1176.0
10466587,stimulus_Arg_PISACowsMilk_10_page_6,745.3,558.2,1173.0
10466588,stimulus_Arg_PISACowsMilk_10_page_6,745.2,557.8,1173.0
10466589,stimulus_Arg_PISACowsMilk_10_page_6,744.2,557.7,1173.0
10466590,stimulus_Arg_PISACowsMilk_10_page_6,742.5,557.5,1173.0
10466591,stimulus_Arg_PISACowsMilk_10_page_6,740.2,557.6,1173.0
10466592,stimulus_Arg_PISACowsMilk_10_page_6,738.5,557.7,1171.0
10466593,stimulus_Arg_PISACowsMilk_10_page_6,736.8,557.8,1169.0
10466594,stimulus_Arg_PISACowsMilk_10_page_6,735.7,557.8,1167.0
10466595,stimulus_Arg_PISACowsMilk_10_page_6,734.9,558.5,1167.0
10466596,stimulus_Arg_PISACowsMilk_10_page_6,734.7,559.4,1168.0
10466597,stimulus_Arg_PISACowsMilk_10_page_6,734.5,560.9,1169.0
10466598,stimulus_Arg_PISACowsMilk_10_page_6,734.5,561.8,1170.0
10466599,stimulus_Arg_PISACowsMilk_10_page_6,734.5,562.8,1171.0
10466600,stimulus_Arg_PISACowsMilk_10_page_6,734.6,563.7,1171.0
10466601,stimulus_Arg_PISACowsMilk_10_page_6,734.6,564.5,1171.0
10466602,stimulus_Arg_PISACowsMilk_10_page_6,734.7,564.8,1172.0
10466603,stimulus_Arg_PISACowsMilk_10_page_6,734.8,564.8,1172.0
10466604,stimulus_Arg_PISACowsMilk_10_page_6,734.9,564.9,1172.0
10466605,stimulus_Arg_PISACowsMilk_10_page_6,734.9,565.1,1172.0
10466606,stimulus_Arg_PISACowsMilk_10_page_6,735.0,565.1,1171.0
10466607,stimulus_Arg_PISACowsMilk_10_page_6,735.2,564.9,1170.0
10466608,stimulus_Arg_PISACowsMilk_10_page_6,735.3,564.7,1170.0
10466609,stimulus_Arg_PISACowsMilk_10_page_6,735.5,564.5,1170.0
10466610,stimulus_Arg_PISACowsMilk_10_page_6,735.6,564.4,1170.0
10466611,stimulus_Arg_PISACowsMilk_10_page_6,735.8,564.5,1170.0
10466612,stimulus_Arg_PISACowsMilk_10_page_6,735.9,564.6,1170.0
10466613,stimulus_Arg_PISACowsMilk_10_page_6,736.1,564.9,1170.0
10466614,stimulus_Arg_PISACowsMilk_10_page_6,736.4,565.1,1170.0
10466615,stimulus_Arg_PISACowsMilk_10_page_6,736.7,565.0,1170.0
10466616,stimulus_Arg_PISACowsMilk_10_page_6,737.0,565.0,1170.0
10466617,stimulus_Arg_PISACowsMilk_10_page_6,737.5,565.0,1170.0
10466618,stimulus_Arg_PISACowsMilk_10_page_6,737.7,565.1,1170.0
10466619,stimulus_Arg_PISACowsMilk_10_page_6,738.3,565.3,1171.0
10466620,stimulus_Arg_PISACowsMilk_10_page_6,738.8,565.7,1170.0
10466621,stimulus_Arg_PISACowsMilk_10_page_6,739.4,566.2,1170.0
10466622,stimulus_Arg_PISACowsMilk_10_page_6,740.0,566.5,1170.0
10466623,stimulus_Arg_PISACowsMilk_10_page_6,740.3,566.6,1169.0
10466624,stimulus_Arg_PISACowsMilk_10_page_6,740.7,566.7,1168.0
10466625,stimulus_Arg_PISACowsMilk_10_page_6,741.1,567.0,1167.0
10466626,stimulus_Arg_PISACowsMilk_10_page_6,741.3,567.2,1169.0
10466627,stimulus_Arg_PISACowsMilk_10_page_6,741.6,567.4,1171.0
10466628,stimulus_Arg_PISACowsMilk_10_page_6,741.8,567.4,1172.0
10466629,stimulus_Arg_PISACowsMilk_10_page_6,742.0,567.3,1172.0
10466630,stimulus_Arg_PISACowsMilk_10_page_6,742.2,567.1,1172.0
10466631,stimulus_Arg_PISACowsMilk_10_page_6,742.2,566.7,1170.0
10466632,stimulus_Arg_PISACowsMilk_10_page_6,742.2,566.3,1169.0
10466633,stimulus_Arg_PISACowsMilk_10_page_6,742.1,566.0,1167.0
10466634,stimulus_Arg_PISACowsMilk_10_page_6,742.0,566.0,1167.0
10466635,stimulus_Arg_PISACowsMilk_10_page_6,741.8,565.9,1167.0
10466636,stimulus_Arg_PISACowsMilk_10_page_6,742.2,565.9,1166.0
10466637,stimulus_Arg_PISACowsMilk_10_page_6,742.7,566.0,1166.0
10466638,stimulus_Arg_PISACowsMilk_10_page_6,743.4,566.1,1166.0
10466639,stimulus_Arg_PISACowsMilk_10_page_6,743.5,566.2,1168.0
10466640,stimulus_Arg_PISACowsMilk_10_page_6,743.2,566.4,1169.0
10466641,stimulus_Arg_PISACowsMilk_10_page_6,742.8,566.5,1171.0
10466642,stimulus_Arg_PISACowsMilk_10_page_6,742.6,566.5,1171.0
10466643,stimulus_Arg_PISACowsMilk_10_page_6,742.9,566.5,1172.0
10466644,stimulus_Arg_PISACowsMilk_10_page_6,743.2,566.9,1172.0
10466645,stimulus_Arg_PISACowsMilk_10_page_6,743.3,567.3,1172.0
10466646,stimulus_Arg_PISACowsMilk_10_page_6,743.3,567.4,1172.0
10466647,stimulus_Arg_PISACowsMilk_10_page_6,743.6,567.1,1172.0
10466648,stimulus_Arg_PISACowsMilk_10_page_6,743.8,567.2,1173.0
10466649,stimulus_Arg_PISACowsMilk_10_page_6,744.0,567.5,1174.0
10466650,stimulus_Arg_PISACowsMilk_10_page_6,744.1,567.8,1174.0
10466651,stimulus_Arg_PISACowsMilk_10_page_6,744.1,567.8,1176.0
10466652,stimulus_Arg_PISACowsMilk_10_page_6,744.0,567.9,1176.0
10466653,stimulus_Arg_PISACowsMilk_10_page_6,744.0,568.2,1177.0
10466654,stimulus_Arg_PISACowsMilk_10_page_6,744.1,568.6,1176.0
10466655,stimulus_Arg_PISACowsMilk_10_page_6,743.9,568.5,1176.0
10466656,stimulus_Arg_PISACowsMilk_10_page_6,743.8,568.1,1176.0
10466657,stimulus_Arg_PISACowsMilk_10_page_6,743.6,567.8,1176.0
10466658,stimulus_Arg_PISACowsMilk_10_page_6,743.5,567.7,1175.0
10466659,stimulus_Arg_PISACowsMilk_10_page_6,743.2,567.6,1176.0
10466660,stimulus_Arg_PISACowsMilk_10_page_6,743.1,567.6,1176.0
10466661,stimulus_Arg_PISACowsMilk_10_page_6,743.2,567.6,1176.0
10466662,stimulus_Arg_PISACowsMilk_10_page_6,743.3,567.9,1176.0
10466663,stimulus_Arg_PISACowsMilk_10_page_6,743.1,568.2,1177.0
10466664,stimulus_Arg_PISACowsMilk_10_page_6,742.9,568.5,1176.0
10466665,stimulus_Arg_PISACowsMilk_10_page_6,742.8,568.5,1176.0
10466666,stimulus_Arg_PISACowsMilk_10_page_6,742.8,568.3,1176.0
10466667,stimulus_Arg_PISACowsMilk_10_page_6,742.8,568.2,1176.0
10466668,stimulus_Arg_PISACowsMilk_10_page_6,742.9,568.1,1176.0
10466669,stimulus_Arg_PISACowsMilk_10_page_6,743.0,567.9,1174.0
10466670,stimulus_Arg_PISACowsMilk_10_page_6,742.9,567.6,1173.0
10466671,stimulus_Arg_PISACowsMilk_10_page_6,742.9,567.3,1173.0
10466672,stimulus_Arg_PISACowsMilk_10_page_6,742.7,567.4,1174.0
10466673,stimulus_Arg_PISACowsMilk_10_page_6,742.6,567.4,1175.0
10466674,stimulus_Arg_PISACowsMilk_10_page_6,742.5,567.5,1175.0
10466675,stimulus_Arg_PISACowsMilk_10_page_6,742.4,567.7,1174.0
10466676,stimulus_Arg_PISACowsMilk_10_page_6,742.4,567.8,1173.0
10466677,stimulus_Arg_PISACowsMilk_10_page_6,742.3,568.1,1174.0
10466678,stimulus_Arg_PISACowsMilk_10_page_6,742.1,568.2,1174.0
10466679,stimulus_Arg_PISACowsMilk_10_page_6,741.8,568.3,1175.0
10466680,stimulus_Arg_PISACowsMilk_10_page_6,741.8,568.4,1176.0
10466681,stimulus_Arg_PISACowsMilk_10_page_6,742.0,568.8,1176.0
10466682,stimulus_Arg_PISACowsMilk_10_page_6,742.3,569.3,1175.0
10466683,stimulus_Arg_PISACowsMilk_10_page_6,742.5,569.5,1174.0
10466684,stimulus_Arg_PISACowsMilk_10_page_6,742.7,569.4,1173.0
10466685,stimulus_Arg_PISACowsMilk_10_page_6,742.6,569.3,1173.0
10466686,stimulus_Arg_PISACowsMilk_10_page_6,742.5,569.2,1173.0
10466687,stimulus_Arg_PISACowsMilk_10_page_6,742.4,569.1,1174.0
10466688,stimulus_Arg_PISACowsMilk_10_page_6,742.4,569.0,1174.0
10466689,stimulus_Arg_PISACowsMilk_10_page_6,742.4,569.0,1173.0
10466690,stimulus_Arg_PISACowsMilk_10_page_6,742.2,569.0,1172.0
10466691,stimulus_Arg_PISACowsMilk_10_page_6,742.0,569.0,1173.0
10466692,stimulus_Arg_PISACowsMilk_10_page_6,741.8,569.0,1174.0
10466693,stimulus_Arg_PISACowsMilk_10_page_6,741.8,569.0,1175.0
10466694,stimulus_Arg_PISACowsMilk_10_page_6,741.8,569.0,1175.0
10466695,stimulus_Arg_PISACowsMilk_10_page_6,741.5,568.8,1174.0
10466696,stimulus_Arg_PISACowsMilk_10_page_6,741.2,568.7,1173.0
10466697,stimulus_Arg_PISACowsMilk_10_page_6,741.2,569.1,1172.0
10466698,stimulus_Arg_PISACowsMilk_10_page_6,741.4,569.6,1172.0
10466699,stimulus_Arg_PISACowsMilk_10_page_6,741.6,569.5,1172.0
10466700,stimulus_Arg_PISACowsMilk_10_page_6,741.6,569.0,1172.0
10466701,stimulus_Arg_PISACowsMilk_10_page_6,741.6,568.5,1171.0
10466702,stimulus_Arg_PISACowsMilk_10_page_6,741.4,568.6,1171.0
10466703,stimulus_Arg_PISACowsMilk_10_page_6,741.3,568.6,1170.0
10466704,stimulus_Arg_PISACowsMilk_10_page_6,741.4,568.4,1170.0
10466705,stimulus_Arg_PISACowsMilk_10_page_6,741.5,568.0,1171.0
10466706,stimulus_Arg_PISACowsMilk_10_page_6,741.7,567.7,1171.0
10466707,stimulus_Arg_PISACowsMilk_10_page_6,741.6,567.3,1171.0
10466708,stimulus_Arg_PISACowsMilk_10_page_6,741.2,566.9,1170.0
10466709,stimulus_Arg_PISACowsMilk_10_page_6,740.9,566.5,1169.0
10466710,stimulus_Arg_PISACowsMilk_10_page_6,740.7,566.7,1168.0
10466711,stimulus_Arg_PISACowsMilk_10_page_6,740.6,567.0,1169.0
10466712,stimulus_Arg_PISACowsMilk_10_page_6,740.5,567.0,1170.0
10466713,stimulus_Arg_PISACowsMilk_10_page_6,740.6,566.8,1171.0
10466714,stimulus_Arg_PISACowsMilk_10_page_6,740.8,566.6,1171.0
10466715,stimulus_Arg_PISACowsMilk_10_page_6,741.0,566.8,1170.0
10466716,stimulus_Arg_PISACowsMilk_10_page_6,741.0,567.0,1170.0
10466717,stimulus_Arg_PISACowsMilk_10_page_6,740.9,567.1,1170.0
10466718,stimulus_Arg_PISACowsMilk_10_page_6,740.9,567.1,1170.0
10466719,stimulus_Arg_PISACowsMilk_10_page_6,740.9,567.1,1170.0
10466720,stimulus_Arg_PISACowsMilk_10_page_6,741.2,567.0,1170.0
10466721,stimulus_Arg_PISACowsMilk_10_page_6,741.5,566.8,1171.0
10466722,stimulus_Arg_PISACowsMilk_10_page_6,741.7,566.7,1171.0
10466723,stimulus_Arg_PISACowsMilk_10_page_6,741.3,566.6,1171.0
10466724,stimulus_Arg_PISACowsMilk_10_page_6,740.9,566.5,1171.0
10466725,stimulus_Arg_PISACowsMilk_10_page_6,740.7,566.7,1170.0
10466726,stimulus_Arg_PISACowsMilk_10_page_6,740.9,566.9,1169.0
10466727,stimulus_Arg_PISACowsMilk_10_page_6,741.1,567.1,1169.0
10466728,stimulus_Arg_PISACowsMilk_10_page_6,741.1,567.3,1169.0
10466729,stimulus_Arg_PISACowsMilk_10_page_6,741.1,567.5,1170.0
10466730,stimulus_Arg_PISACowsMilk_10_page_6,741.0,567.6,1170.0
10466731,stimulus_Arg_PISACowsMilk_10_page_6,741.0,567.6,1171.0
10466732,stimulus_Arg_PISACowsMilk_10_page_6,741.2,567.6,1171.0
10466733,stimulus_Arg_PISACowsMilk_10_page_6,741.3,567.7,1170.0
10466734,stimulus_Arg_PISACowsMilk_10_page_6,741.3,567.7,1170.0
10466735,stimulus_Arg_PISACowsMilk_10_page_6,741.2,567.7,1169.0
10466736,stimulus_Arg_PISACowsMilk_10_page_6,741.1,567.2,1169.0
10466737,stimulus_Arg_PISACowsMilk_10_page_6,741.1,566.7,1169.0
10466738,stimulus_Arg_PISACowsMilk_10_page_6,741.0,566.6,1170.0
10466739,stimulus_Arg_PISACowsMilk_10_page_6,740.6,567.1,1170.0
10466740,stimulus_Arg_PISACowsMilk_10_page_6,740.3,567.4,1170.0
10466741,stimulus_Arg_PISACowsMilk_10_page_6,740.2,567.0,1171.0
10466742,stimulus_Arg_PISACowsMilk_10_page_6,740.2,566.7,1171.0
10466743,stimulus_Arg_PISACowsMilk_10_page_6,740.2,566.5,1170.0
10466744,stimulus_Arg_PISACowsMilk_10_page_6,740.1,566.5,1169.0
10466745,stimulus_Arg_PISACowsMilk_10_page_6,740.2,566.4,1168.0
10466746,stimulus_Arg_PISACowsMilk_10_page_6,740.1,566.4,1167.0
10466747,stimulus_Arg_PISACowsMilk_10_page_6,740.1,566.4,1167.0
10466748,stimulus_Arg_PISACowsMilk_10_page_6,740.1,566.4,1166.0
10466749,stimulus_Arg_PISACowsMilk_10_page_6,740.2,566.2,1167.0
10466750,stimulus_Arg_PISACowsMilk_10_page_6,740.2,565.7,1168.0
10466751,stimulus_Arg_PISACowsMilk_10_page_6,740.5,565.3,1169.0
10466752,stimulus_Arg_PISACowsMilk_10_page_6,740.7,565.0,1168.0
10466753,stimulus_Arg_PISACowsMilk_10_page_6,740.9,565.0,1167.0
10466754,stimulus_Arg_PISACowsMilk_10_page_6,740.9,565.0,1167.0
10466755,stimulus_Arg_PISACowsMilk_10_page_6,740.9,565.3,1167.0
10466756,stimulus_Arg_PISACowsMilk_10_page_6,740.9,566.0,1168.0
10466757,stimulus_Arg_PISACowsMilk_10_page_6,741.3,566.8,1169.0
10466758,stimulus_Arg_PISACowsMilk_10_page_6,741.6,567.4,1170.0
10466759,stimulus_Arg_PISACowsMilk_10_page_6,741.2,567.3,1170.0
10466760,stimulus_Arg_PISACowsMilk_10_page_6,738.8,567.0,1170.0
10466761,stimulus_Arg_PISACowsMilk_10_page_6,734.3,566.7,1171.0
10466762,stimulus_Arg_PISACowsMilk_10_page_6,728.1,566.5,1172.0
10466763,stimulus_Arg_PISACowsMilk_10_page_6,720.7,566.3,1172.0
10466764,stimulus_Arg_PISACowsMilk_10_page_6,711.1,566.0,1173.0
10466765,stimulus_Arg_PISACowsMilk_10_page_6,700.8,566.3,1174.0
10466766,stimulus_Arg_PISACowsMilk_10_page_6,688.1,567.6,1176.0
10466767,stimulus_Arg_PISACowsMilk_10_page_6,673.7,568.8,1177.0
10466768,stimulus_Arg_PISACowsMilk_10_page_6,657.3,571.0,1180.0
10466769,stimulus_Arg_PISACowsMilk_10_page_6,641.2,572.8,1182.0
10466770,stimulus_Arg_PISACowsMilk_10_page_6,625.6,575.6,1186.0
10466771,stimulus_Arg_PISACowsMilk_10_page_6,609.7,577.2,1190.0
10466772,stimulus_Arg_PISACowsMilk_10_page_6,592.8,578.4,1194.0
10466773,stimulus_Arg_PISACowsMilk_10_page_6,576.2,579.4,1195.0
10466774,stimulus_Arg_PISACowsMilk_10_page_6,560.1,580.0,1197.0
10466775,stimulus_Arg_PISACowsMilk_10_page_6,545.8,580.0,1198.0
10466776,stimulus_Arg_PISACowsMilk_10_page_6,532.1,578.6,1200.0
10466777,stimulus_Arg_PISACowsMilk_10_page_6,518.1,577.0,1202.0
10466778,stimulus_Arg_PISACowsMilk_10_page_6,505.2,575.1,1203.0
10466779,stimulus_Arg_PISACowsMilk_10_page_6,492.7,573.6,1201.0
10466780,stimulus_Arg_PISACowsMilk_10_page_6,482.4,572.4,1200.0
10466781,stimulus_Arg_PISACowsMilk_10_page_6,470.9,570.7,1198.0
10466782,stimulus_Arg_PISACowsMilk_10_page_6,460.4,568.8,1197.0
10466783,stimulus_Arg_PISACowsMilk_10_page_6,450.0,566.8,1195.0
10466784,stimulus_Arg_PISACowsMilk_10_page_6,441.6,565.4,1192.0
10466785,stimulus_Arg_PISACowsMilk_10_page_6,432.5,563.3,1189.0
10466786,stimulus_Arg_PISACowsMilk_10_page_6,424.2,561.5,1186.0
10466787,stimulus_Arg_PISACowsMilk_10_page_6,414.9,560.0,1186.0
10466788,stimulus_Arg_PISACowsMilk_10_page_6,406.9,559.6,1188.0
10466789,stimulus_Arg_PISACowsMilk_10_page_6,398.3,559.1,1188.0
10466790,stimulus_Arg_PISACowsMilk_10_page_6,390.1,558.6,1186.0
10466791,stimulus_Arg_PISACowsMilk_10_page_6,380.8,558.0,1182.0
10466792,stimulus_Arg_PISACowsMilk_10_page_6,373.0,558.2,1178.0
10466793,stimulus_Arg_PISACowsMilk_10_page_6,367.2,559.0,1174.0
10466794,stimulus_Arg_PISACowsMilk_10_page_6,363.4,559.8,1173.0
10466795,stimulus_Arg_PISACowsMilk_10_page_6,361.0,559.7,1173.0
10466796,stimulus_Arg_PISACowsMilk_10_page_6,359.5,559.2,1174.0
10466797,stimulus_Arg_PISACowsMilk_10_page_6,359.4,559.1,1174.0
10466798,stimulus_Arg_PISACowsMilk_10_page_6,359.9,559.5,1177.0
10466799,stimulus_Arg_PISACowsMilk_10_page_6,361.0,559.9,1178.0
10466800,stimulus_Arg_PISACowsMilk_10_page_6,362.6,559.9,1180.0
10466801,stimulus_Arg_PISACowsMilk_10_page_6,365.0,560.0,1180.0
10466802,stimulus_Arg_PISACowsMilk_10_page_6,367.2,560.2,1180.0
10466803,stimulus_Arg_PISACowsMilk_10_page_6,369.5,560.3,1181.0
10466804,stimulus_Arg_PISACowsMilk_10_page_6,370.6,560.0,1181.0
10466805,stimulus_Arg_PISACowsMilk_10_page_6,371.8,559.8,1181.0
10466806,stimulus_Arg_PISACowsMilk_10_page_6,372.5,559.2,1181.0
10466807,stimulus_Arg_PISACowsMilk_10_page_6,373.1,559.0,1180.0
10466808,stimulus_Arg_PISACowsMilk_10_page_6,372.4,558.6,1179.0
10466809,stimulus_Arg_PISACowsMilk_10_page_6,371.2,558.3,1177.0
10466810,stimulus_Arg_PISACowsMilk_10_page_6,369.4,557.5,1176.0
10466811,stimulus_Arg_PISACowsMilk_10_page_6,366.9,556.6,1175.0
10466812,stimulus_Arg_PISACowsMilk_10_page_6,364.3,555.8,1175.0
10466813,stimulus_Arg_PISACowsMilk_10_page_6,361.7,555.8,1173.0
10466814,stimulus_Arg_PISACowsMilk_10_page_6,360.1,556.2,1172.0
10466815,stimulus_Arg_PISACowsMilk_10_page_6,358.4,556.7,1170.0
10466816,stimulus_Arg_PISACowsMilk_10_page_6,357.3,557.2,1170.0
10466817,stimulus_Arg_PISACowsMilk_10_page_6,356.1,557.7,1170.0
10466818,stimulus_Arg_PISACowsMilk_10_page_6,355.5,558.3,1170.0
10466819,stimulus_Arg_PISACowsMilk_10_page_6,354.8,558.7,1170.0
10466820,stimulus_Arg_PISACowsMilk_10_page_6,354.6,558.9,1169.0
10466821,stimulus_Arg_PISACowsMilk_10_page_6,354.6,559.0,1170.0
10466822,stimulus_Arg_PISACowsMilk_10_page_6,354.5,559.2,1170.0
10466823,stimulus_Arg_PISACowsMilk_10_page_6,354.4,559.4,1171.0
10466824,stimulus_Arg_PISACowsMilk_10_page_6,355.2,559.7,1172.0
10466825,stimulus_Arg_PISACowsMilk_10_page_6,356.0,560.0,1172.0
10466826,stimulus_Arg_PISACowsMilk_10_page_6,356.8,560.3,1173.0
10466827,stimulus_Arg_PISACowsMilk_10_page_6,356.7,560.4,1173.0
10466828,stimulus_Arg_PISACowsMilk_10_page_6,356.5,560.3,1172.0
10466829,stimulus_Arg_PISACowsMilk_10_page_6,356.4,560.2,1171.0
10466830,stimulus_Arg_PISACowsMilk_10_page_6,356.2,559.9,1169.0
10466831,stimulus_Arg_PISACowsMilk_10_page_6,356.2,559.6,1168.0
10466832,stimulus_Arg_PISACowsMilk_10_page_6,356.3,559.5,1168.0
10466833,stimulus_Arg_PISACowsMilk_10_page_6,356.4,559.5,1168.0
10466834,stimulus_Arg_PISACowsMilk_10_page_6,356.4,559.6,1169.0
10466835,stimulus_Arg_PISACowsMilk_10_page_6,356.3,559.6,1169.0
10466836,stimulus_Arg_PISACowsMilk_10_page_6,356.2,559.5,1169.0
10466837,stimulus_Arg_PISACowsMilk_10_page_6,355.9,559.2,1168.0
10466838,stimulus_Arg_PISACowsMilk_10_page_6,355.8,559.0,1167.0
10466839,stimulus_Arg_PISACowsMilk_10_page_6,355.8,559.0,1167.0
10466840,stimulus_Arg_PISACowsMilk_10_page_6,355.9,559.0,1167.0
10466841,stimulus_Arg_PISACowsMilk_10_page_6,356.0,559.0,1168.0
10466842,stimulus_Arg_PISACowsMilk_10_page_6,356.0,559.0,1168.0
10466843,stimulus_Arg_PISACowsMilk_10_page_6,356.0,559.0,1168.0
10466844,stimulus_Arg_PISACowsMilk_10_page_6,356.1,559.2,1168.0
10466845,stimulus_Arg_PISACowsMilk_10_page_6,356.1,559.4,1168.0
10466846,stimulus_Arg_PISACowsMilk_10_page_6,356.1,559.8,1169.0
10466847,stimulus_Arg_PISACowsMilk_10_page_6,356.3,560.0,1170.0
10466848,stimulus_Arg_PISACowsMilk_10_page_6,356.7,560.1,1170.0
10466849,stimulus_Arg_PISACowsMilk_10_page_6,357.0,560.2,1170.0
10466850,stimulus_Arg_PISACowsMilk_10_page_6,357.1,560.2,1170.0
10466851,stimulus_Arg_PISACowsMilk_10_page_6,357.1,560.2,1170.0
10466852,stimulus_Arg_PISACowsMilk_10_page_6,357.0,560.2,1170.0
10466853,stimulus_Arg_PISACowsMilk_10_page_6,356.9,560.2,1169.0
10466854,stimulus_Arg_PISACowsMilk_10_page_6,356.8,560.2,1169.0
10466855,stimulus_Arg_PISACowsMilk_10_page_6,356.7,560.2,1168.0
10466856,stimulus_Arg_PISACowsMilk_10_page_6,356.6,560.3,1168.0
10466857,stimulus_Arg_PISACowsMilk_10_page_6,356.6,560.4,1168.0
10466858,stimulus_Arg_PISACowsMilk_10_page_6,356.5,560.5,1168.0
10466859,stimulus_Arg_PISACowsMilk_10_page_6,356.6,560.6,1168.0
10466860,stimulus_Arg_PISACowsMilk_10_page_6,356.6,560.7,1168.0
10466861,stimulus_Arg_PISACowsMilk_10_page_6,356.7,560.8,1169.0
10466862,stimulus_Arg_PISACowsMilk_10_page_6,356.9,560.7,1169.0
10466863,stimulus_Arg_PISACowsMilk_10_page_6,356.9,560.4,1169.0
10466864,stimulus_Arg_PISACowsMilk_10_page_6,356.8,560.3,1169.0
10466865,stimulus_Arg_PISACowsMilk_10_page_6,356.7,560.6,1169.0
10466866,stimulus_Arg_PISACowsMilk_10_page_6,357.0,560.8,1169.0
10466867,stimulus_Arg_PISACowsMilk_10_page_6,357.4,560.9,1170.0
10466868,stimulus_Arg_PISACowsMilk_10_page_6,357.9,560.8,1170.0
10466869,stimulus_Arg_PISACowsMilk_10_page_6,357.9,560.8,1170.0
10466870,stimulus_Arg_PISACowsMilk_10_page_6,357.9,560.8,1170.0
10466871,stimulus_Arg_PISACowsMilk_10_page_6,358.1,561.0,1171.0
10466872,stimulus_Arg_PISACowsMilk_10_page_6,358.3,561.3,1171.0
10466873,stimulus_Arg_PISACowsMilk_10_page_6,358.4,561.3,1169.0
10466874,stimulus_Arg_PISACowsMilk_10_page_6,358.1,561.1,1166.0
10466875,stimulus_Arg_PISACowsMilk_10_page_6,357.7,561.1,1165.0
10466876,stimulus_Arg_PISACowsMilk_10_page_6,357.4,561.2,1167.0
10466877,stimulus_Arg_PISACowsMilk_10_page_6,357.3,561.4,1169.0
10466878,stimulus_Arg_PISACowsMilk_10_page_6,357.3,561.4,1169.0
10466879,stimulus_Arg_PISACowsMilk_10_page_6,357.3,561.4,1168.0
10466880,stimulus_Arg_PISACowsMilk_10_page_6,357.4,561.4,1168.0
10466881,stimulus_Arg_PISACowsMilk_10_page_6,357.5,561.4,1169.0
10466882,stimulus_Arg_PISACowsMilk_10_page_6,357.2,561.3,1169.0
10466883,stimulus_Arg_PISACowsMilk_10_page_6,356.8,561.2,1167.0
10466884,stimulus_Arg_PISACowsMilk_10_page_6,356.0,561.2,1166.0
10466885,stimulus_Arg_PISACowsMilk_10_page_6,355.7,561.2,1165.0
10466886,stimulus_Arg_PISACowsMilk_10_page_6,355.2,561.1,1164.0
10466887,stimulus_Arg_PISACowsMilk_10_page_6,355.0,561.0,1164.0
10466888,stimulus_Arg_PISACowsMilk_10_page_6,355.3,560.9,1164.0
10466889,stimulus_Arg_PISACowsMilk_10_page_6,355.9,560.8,1164.0
10466890,stimulus_Arg_PISACowsMilk_10_page_6,356.6,560.5,1164.0
10466891,stimulus_Arg_PISACowsMilk_10_page_6,356.8,559.9,1165.0
10466892,stimulus_Arg_PISACowsMilk_10_page_6,356.9,559.4,1165.0
10466893,stimulus_Arg_PISACowsMilk_10_page_6,357.0,559.4,1165.0
10466894,stimulus_Arg_PISACowsMilk_10_page_6,357.3,559.6,1165.0
10466895,stimulus_Arg_PISACowsMilk_10_page_6,357.6,559.9,1165.0
10466896,stimulus_Arg_PISACowsMilk_10_page_6,358.0,559.9,1165.0
10466897,stimulus_Arg_PISACowsMilk_10_page_6,357.7,559.8,1163.0
10466898,stimulus_Arg_PISACowsMilk_10_page_6,357.3,559.6,1162.0
10466899,stimulus_Arg_PISACowsMilk_10_page_6,356.7,559.3,1162.0
10466900,stimulus_Arg_PISACowsMilk_10_page_6,356.5,559.1,1163.0
10466901,stimulus_Arg_PISACowsMilk_10_page_6,356.3,559.1,1164.0
10466902,stimulus_Arg_PISACowsMilk_10_page_6,356.3,559.3,1165.0
10466903,stimulus_Arg_PISACowsMilk_10_page_6,356.4,559.6,1165.0
10466904,stimulus_Arg_PISACowsMilk_10_page_6,356.3,559.4,1165.0
10466905,stimulus_Arg_PISACowsMilk_10_page_6,356.2,559.1,1165.0
10466906,stimulus_Arg_PISACowsMilk_10_page_6,356.1,558.8,1165.0
10466907,stimulus_Arg_PISACowsMilk_10_page_6,356.2,558.8,1165.0
10466908,stimulus_Arg_PISACowsMilk_10_page_6,356.3,558.7,1164.0
10466909,stimulus_Arg_PISACowsMilk_10_page_6,356.3,559.3,1164.0
10466910,stimulus_Arg_PISACowsMilk_10_page_6,356.4,559.8,1165.0
10466911,stimulus_Arg_PISACowsMilk_10_page_6,356.5,560.3,1165.0
10466912,stimulus_Arg_PISACowsMilk_10_page_6,356.7,560.3,1166.0
10466913,stimulus_Arg_PISACowsMilk_10_page_6,356.8,560.3,1166.0
10466914,stimulus_Arg_PISACowsMilk_10_page_6,356.9,560.1,1166.0
10466915,stimulus_Arg_PISACowsMilk_10_page_6,357.0,559.8,1166.0
10466916,stimulus_Arg_PISACowsMilk_10_page_6,356.9,559.5,1166.0
10466917,stimulus_Arg_PISACowsMilk_10_page_6,356.9,559.4,1166.0
10466918,stimulus_Arg_PISACowsMilk_10_page_6,356.8,559.7,1166.0
10466919,stimulus_Arg_PISACowsMilk_10_page_6,356.8,560.0,1166.0
10466920,stimulus_Arg_PISACowsMilk_10_page_6,356.8,560.1,1167.0
10466921,stimulus_Arg_PISACowsMilk_10_page_6,356.8,560.1,1167.0
10466922,stimulus_Arg_PISACowsMilk_10_page_6,356.9,560.1,1167.0
10466923,stimulus_Arg_PISACowsMilk_10_page_6,356.9,560.2,1166.0
10466924,stimulus_Arg_PISACowsMilk_10_page_6,356.9,560.4,1166.0
10466925,stimulus_Arg_PISACowsMilk_10_page_6,356.8,560.6,1166.0
10466926,stimulus_Arg_PISACowsMilk_10_page_6,356.8,560.7,1166.0
10466927,stimulus_Arg_PISACowsMilk_10_page_6,357.0,560.8,1166.0
10466928,stimulus_Arg_PISACowsMilk_10_page_6,357.1,560.8,1166.0
10466929,stimulus_Arg_PISACowsMilk_10_page_6,357.2,560.8,1166.0
10466930,stimulus_Arg_PISACowsMilk_10_page_6,357.2,560.8,1166.0
10466931,stimulus_Arg_PISACowsMilk_10_page_6,357.2,560.7,1166.0
10466932,stimulus_Arg_PISACowsMilk_10_page_6,356.8,560.6,1166.0
10466933,stimulus_Arg_PISACowsMilk_10_page_6,356.5,560.6,1166.0
10466934,stimulus_Arg_PISACowsMilk_10_page_6,356.6,560.9,1166.0
10466935,stimulus_Arg_PISACowsMilk_10_page_6,356.9,561.3,1166.0
10466936,stimulus_Arg_PISACowsMilk_10_page_6,357.3,561.5,1166.0
10466937,stimulus_Arg_PISACowsMilk_10_page_6,357.4,561.6,1166.0
10466938,stimulus_Arg_PISACowsMilk_10_page_6,357.2,561.5,1166.0
10466939,stimulus_Arg_PISACowsMilk_10_page_6,357.1,561.4,1166.0
10466940,stimulus_Arg_PISACowsMilk_10_page_6,356.8,561.3,1166.0
10466941,stimulus_Arg_PISACowsMilk_10_page_6,356.7,561.6,1165.0
10466942,stimulus_Arg_PISACowsMilk_10_page_6,356.6,562.0,1164.0
10466943,stimulus_Arg_PISACowsMilk_10_page_6,356.5,563.0,1165.0
10466944,stimulus_Arg_PISACowsMilk_10_page_6,356.1,564.1,1166.0
10466945,stimulus_Arg_PISACowsMilk_10_page_6,354.9,565.1,1168.0
10466946,stimulus_Arg_PISACowsMilk_10_page_6,352.2,564.3,1168.0
10466947,stimulus_Arg_PISACowsMilk_10_page_6,346.1,562.8,1168.0
10466948,stimulus_Arg_PISACowsMilk_10_page_6,338.7,561.2,1169.0
10466949,stimulus_Arg_PISACowsMilk_10_page_6,330.3,561.0,1171.0
10466950,stimulus_Arg_PISACowsMilk_10_page_6,321.7,560.8,1172.0
10466951,stimulus_Arg_PISACowsMilk_10_page_6,311.2,560.5,1172.0
10466952,stimulus_Arg_PISACowsMilk_10_page_6,299.4,559.7,1170.0
10466953,stimulus_Arg_PISACowsMilk_10_page_6,288.0,559.5,1168.0
10466954,stimulus_Arg_PISACowsMilk_10_page_6,277.9,560.4,1167.0
10466955,stimulus_Arg_PISACowsMilk_10_page_6,269.1,561.5,1166.0
10466956,stimulus_Arg_PISACowsMilk_10_page_6,261.0,562.3,1166.0
10466957,stimulus_Arg_PISACowsMilk_10_page_6,254.4,563.0,1165.0
10466958,stimulus_Arg_PISACowsMilk_10_page_6,248.5,563.5,1166.0
10466959,stimulus_Arg_PISACowsMilk_10_page_6,244.1,563.9,1167.0
10466960,stimulus_Arg_PISACowsMilk_10_page_6,238.9,563.6,1169.0
10466961,stimulus_Arg_PISACowsMilk_10_page_6,233.3,563.8,1169.0
10466962,stimulus_Arg_PISACowsMilk_10_page_6,227.7,564.0,1169.0
10466963,stimulus_Arg_PISACowsMilk_10_page_6,220.9,564.1,1167.0
10466964,stimulus_Arg_PISACowsMilk_10_page_6,215.0,564.1,1166.0
10466965,stimulus_Arg_PISACowsMilk_10_page_6,208.2,564.9,1166.0
10466966,stimulus_Arg_PISACowsMilk_10_page_6,202.2,565.7,1166.0
10466967,stimulus_Arg_PISACowsMilk_10_page_6,195.6,566.5,1166.0
10466968,stimulus_Arg_PISACowsMilk_10_page_6,188.6,566.9,1166.0
10466969,stimulus_Arg_PISACowsMilk_10_page_6,182.1,568.4,1165.0
10466970,stimulus_Arg_PISACowsMilk_10_page_6,176.2,570.0,1165.0
10466971,stimulus_Arg_PISACowsMilk_10_page_6,170.7,571.3,1164.0
10466972,stimulus_Arg_PISACowsMilk_10_page_6,166.1,571.4,1163.0
10466973,stimulus_Arg_PISACowsMilk_10_page_6,162.7,571.5,1162.0
10466974,stimulus_Arg_PISACowsMilk_10_page_6,161.7,571.8,1162.0
10466975,stimulus_Arg_PISACowsMilk_10_page_6,161.6,572.7,1161.0
10466976,stimulus_Arg_PISACowsMilk_10_page_6,161.5,573.5,1161.0
10466977,stimulus_Arg_PISACowsMilk_10_page_6,161.7,574.3,1162.0
10466978,stimulus_Arg_PISACowsMilk_10_page_6,162.1,574.6,1162.0
10466979,stimulus_Arg_PISACowsMilk_10_page_6,163.6,574.3,1161.0
10466980,stimulus_Arg_PISACowsMilk_10_page_6,165.2,573.7,1162.0
10466981,stimulus_Arg_PISACowsMilk_10_page_6,167.4,573.0,1163.0
10466982,stimulus_Arg_PISACowsMilk_10_page_6,169.9,572.6,1165.0
10466983,stimulus_Arg_PISACowsMilk_10_page_6,172.1,572.5,1167.0
10466984,stimulus_Arg_PISACowsMilk_10_page_6,174.5,572.0,1168.0
10466985,stimulus_Arg_PISACowsMilk_10_page_6,175.9,571.4,1168.0
10466986,stimulus_Arg_PISACowsMilk_10_page_6,177.4,570.5,1167.0
10466987,stimulus_Arg_PISACowsMilk_10_page_6,178.0,570.1,1167.0
10466988,stimulus_Arg_PISACowsMilk_10_page_6,178.1,569.6,1167.0
10466989,stimulus_Arg_PISACowsMilk_10_page_6,177.9,569.4,1167.0
10466990,stimulus_Arg_PISACowsMilk_10_page_6,177.7,569.1,1167.0
10466991,stimulus_Arg_PISACowsMilk_10_page_6,176.9,568.4,1167.0
10466992,stimulus_Arg_PISACowsMilk_10_page_6,176.3,567.9,1166.0
10466993,stimulus_Arg_PISACowsMilk_10_page_6,174.7,567.4,1166.0
10466994,stimulus_Arg_PISACowsMilk_10_page_6,173.4,567.3,1166.0
10466995,stimulus_Arg_PISACowsMilk_10_page_6,171.9,567.2,1166.0
10466996,stimulus_Arg_PISACowsMilk_10_page_6,171.0,567.5,1165.0
10466997,stimulus_Arg_PISACowsMilk_10_page_6,169.7,567.9,1163.0
10466998,stimulus_Arg_PISACowsMilk_10_page_6,168.5,568.2,1163.0
10466999,stimulus_Arg_PISACowsMilk_10_page_6,167.6,568.2,1163.0
10467000,stimulus_Arg_PISACowsMilk_10_page_6,167.1,568.4,1163.0
10467001,stimulus_Arg_PISACowsMilk_10_page_6,166.7,568.7,1162.0
10467002,stimulus_Arg_PISACowsMilk_10_page_6,166.3,569.2,1161.0
10467003,stimulus_Arg_PISACowsMilk_10_page_6,166.3,569.4,1161.0
10467004,stimulus_Arg_PISACowsMilk_10_page_6,166.2,569.5,1161.0
10467005,stimulus_Arg_PISACowsMilk_10_page_6,166.3,569.6,1161.0
10467006,stimulus_Arg_PISACowsMilk_10_page_6,166.5,569.5,1161.0
10467007,stimulus_Arg_PISACowsMilk_10_page_6,166.8,569.5,1161.0
10467008,stimulus_Arg_PISACowsMilk_10_page_6,167.0,569.5,1161.0
10467009,stimulus_Arg_PISACowsMilk_10_page_6,167.1,569.5,1161.0
10467010,stimulus_Arg_PISACowsMilk_10_page_6,167.2,569.5,1161.0
10467011,stimulus_Arg_PISACowsMilk_10_page_6,167.3,569.4,1160.0
10467012,stimulus_Arg_PISACowsMilk_10_page_6,167.4,569.3,1160.0
10467013,stimulus_Arg_PISACowsMilk_10_page_6,167.6,569.0,1159.0
10467014,stimulus_Arg_PISACowsMilk_10_page_6,167.8,569.0,1159.0
10467015,stimulus_Arg_PISACowsMilk_10_page_6,167.9,568.6,1160.0
10467016,stimulus_Arg_PISACowsMilk_10_page_6,167.8,568.4,1160.0
10467017,stimulus_Arg_PISACowsMilk_10_page_6,167.7,568.2,1160.0
10467018,stimulus_Arg_PISACowsMilk_10_page_6,167.5,568.4,1160.0
10467019,stimulus_Arg_PISACowsMilk_10_page_6,167.6,568.6,1161.0
10467020,stimulus_Arg_PISACowsMilk_10_page_6,167.9,568.4,1162.0
10467021,stimulus_Arg_PISACowsMilk_10_page_6,168.1,568.2,1162.0
10467022,stimulus_Arg_PISACowsMilk_10_page_6,168.2,568.1,1161.0
10467023,stimulus_Arg_PISACowsMilk_10_page_6,168.2,568.3,1160.0
10467024,stimulus_Arg_PISACowsMilk_10_page_6,168.2,568.5,1159.0
10467025,stimulus_Arg_PISACowsMilk_10_page_6,168.2,568.5,1158.0
10467026,stimulus_Arg_PISACowsMilk_10_page_6,168.2,568.4,1159.0
10467027,stimulus_Arg_PISACowsMilk_10_page_6,168.2,568.4,1160.0
10467028,stimulus_Arg_PISACowsMilk_10_page_6,168.2,568.4,1160.0
10467029,stimulus_Arg_PISACowsMilk_10_page_6,168.2,568.4,1160.0
10467030,stimulus_Arg_PISACowsMilk_10_page_6,168.2,568.5,1159.0
10467031,stimulus_Arg_PISACowsMilk_10_page_6,168.1,568.6,1159.0
10467032,stimulus_Arg_PISACowsMilk_10_page_6,168.2,568.8,1158.0
10467033,stimulus_Arg_PISACowsMilk_10_page_6,168.3,569.0,1157.0
10467034,stimulus_Arg_PISACowsMilk_10_page_6,168.5,568.9,1158.0
10467035,stimulus_Arg_PISACowsMilk_10_page_6,168.5,568.9,1158.0
10467036,stimulus_Arg_PISACowsMilk_10_page_6,168.5,569.0,1158.0
10467037,stimulus_Arg_PISACowsMilk_10_page_6,168.5,569.1,1159.0
10467038,stimulus_Arg_PISACowsMilk_10_page_6,168.2,569.2,1160.0
10467039,stimulus_Arg_PISACowsMilk_10_page_6,168.0,569.3,1161.0
10467040,stimulus_Arg_PISACowsMilk_10_page_6,167.9,569.4,1162.0
10467041,stimulus_Arg_PISACowsMilk_10_page_6,168.2,569.4,1160.0
10467042,stimulus_Arg_PISACowsMilk_10_page_6,168.4,569.5,1159.0
10467043,stimulus_Arg_PISACowsMilk_10_page_6,168.6,569.7,1159.0
10467044,stimulus_Arg_PISACowsMilk_10_page_6,168.7,569.8,1159.0
10467045,stimulus_Arg_PISACowsMilk_10_page_6,168.9,569.9,1160.0
10467046,stimulus_Arg_PISACowsMilk_10_page_6,168.9,570.1,1160.0
10467047,stimulus_Arg_PISACowsMilk_10_page_6,169.0,570.2,1160.0
10467048,stimulus_Arg_PISACowsMilk_10_page_6,169.1,570.2,1161.0
10467049,stimulus_Arg_PISACowsMilk_10_page_6,169.2,570.1,1161.0
10467050,stimulus_Arg_PISACowsMilk_10_page_6,169.0,569.9,1162.0
10467051,stimulus_Arg_PISACowsMilk_10_page_6,168.8,569.7,1162.0
10467052,stimulus_Arg_PISACowsMilk_10_page_6,168.6,569.6,1163.0
10467053,stimulus_Arg_PISACowsMilk_10_page_6,168.6,569.8,1164.0
10467054,stimulus_Arg_PISACowsMilk_10_page_6,168.5,570.0,1164.0
10467055,stimulus_Arg_PISACowsMilk_10_page_6,168.5,570.1,1164.0
10467056,stimulus_Arg_PISACowsMilk_10_page_6,168.6,570.2,1163.0
10467057,stimulus_Arg_PISACowsMilk_10_page_6,168.8,570.2,1163.0
10467058,stimulus_Arg_PISACowsMilk_10_page_6,168.9,570.4,1163.0
10467059,stimulus_Arg_PISACowsMilk_10_page_6,168.8,570.9,1162.0
10467060,stimulus_Arg_PISACowsMilk_10_page_6,168.7,571.3,1162.0
10467061,stimulus_Arg_PISACowsMilk_10_page_6,168.6,571.7,1161.0
10467062,stimulus_Arg_PISACowsMilk_10_page_6,168.3,571.7,1161.0
10467063,stimulus_Arg_PISACowsMilk_10_page_6,167.9,571.7,1161.0
10467064,stimulus_Arg_PISACowsMilk_10_page_6,167.9,571.7,1160.0
10467065,stimulus_Arg_PISACowsMilk_10_page_6,168.1,571.5,1160.0
10467066,stimulus_Arg_PISACowsMilk_10_page_6,168.4,571.3,1160.0
10467067,stimulus_Arg_PISACowsMilk_10_page_6,168.6,571.0,1160.0
10467068,stimulus_Arg_PISACowsMilk_10_page_6,168.9,571.0,1160.0
10467069,stimulus_Arg_PISACowsMilk_10_page_6,169.0,571.1,1161.0
10467070,stimulus_Arg_PISACowsMilk_10_page_6,168.9,571.2,1161.0
10467071,stimulus_Arg_PISACowsMilk_10_page_6,168.8,571.4,1161.0
10467072,stimulus_Arg_PISACowsMilk_10_page_6,168.7,571.6,1161.0
10467073,stimulus_Arg_PISACowsMilk_10_page_6,168.6,571.8,1160.0
10467074,stimulus_Arg_PISACowsMilk_10_page_6,168.5,572.0,1160.0
10467075,stimulus_Arg_PISACowsMilk_10_page_6,168.4,572.0,1159.0
10467076,stimulus_Arg_PISACowsMilk_10_page_6,168.4,571.9,1159.0
10467077,stimulus_Arg_PISACowsMilk_10_page_6,168.6,572.3,1159.0
10467078,stimulus_Arg_PISACowsMilk_10_page_6,168.9,572.8,1159.0
10467079,stimulus_Arg_PISACowsMilk_10_page_6,169.1,573.2,1159.0
10467080,stimulus_Arg_PISACowsMilk_10_page_6,168.9,573.1,1159.0
10467081,stimulus_Arg_PISACowsMilk_10_page_6,168.6,573.0,1160.0
10467082,stimulus_Arg_PISACowsMilk_10_page_6,168.3,572.9,1160.0
10467083,stimulus_Arg_PISACowsMilk_10_page_6,168.2,573.0,1161.0
10467084,stimulus_Arg_PISACowsMilk_10_page_6,168.2,573.0,1161.0
10467085,stimulus_Arg_PISACowsMilk_10_page_6,168.1,573.1,1161.0
10467086,stimulus_Arg_PISACowsMilk_10_page_6,168.1,573.2,1160.0
10467087,stimulus_Arg_PISACowsMilk_10_page_6,168.1,573.3,1160.0
10467088,stimulus_Arg_PISACowsMilk_10_page_6,168.1,573.4,1160.0
10467089,stimulus_Arg_PISACowsMilk_10_page_6,168.1,573.6,1160.0
10467090,stimulus_Arg_PISACowsMilk_10_page_6,168.3,573.8,1160.0
10467091,stimulus_Arg_PISACowsMilk_10_page_6,168.5,573.8,1160.0
10467092,stimulus_Arg_PISACowsMilk_10_page_6,168.7,573.6,1160.0
10467093,stimulus_Arg_PISACowsMilk_10_page_6,168.9,573.1,1159.0
10467094,stimulus_Arg_PISACowsMilk_10_page_6,169.0,572.6,1159.0
10467095,stimulus_Arg_PISACowsMilk_10_page_6,169.0,571.8,1158.0
10467096,stimulus_Arg_PISACowsMilk_10_page_6,168.9,571.2,1158.0
10467097,stimulus_Arg_PISACowsMilk_10_page_6,168.9,571.0,1159.0
10467098,stimulus_Arg_PISACowsMilk_10_page_6,168.6,571.3,1159.0
10467099,stimulus_Arg_PISACowsMilk_10_page_6,168.3,571.6,1159.0
10467100,stimulus_Arg_PISACowsMilk_10_page_6,168.1,571.5,1159.0
10467101,stimulus_Arg_PISACowsMilk_10_page_6,168.1,571.6,1160.0
10467102,stimulus_Arg_PISACowsMilk_10_page_6,168.1,571.7,1161.0
10467103,stimulus_Arg_PISACowsMilk_10_page_6,168.1,571.9,1160.0
10467104,stimulus_Arg_PISACowsMilk_10_page_6,168.2,572.0,1160.0
10467105,stimulus_Arg_PISACowsMilk_10_page_6,168.4,572.2,1160.0
10467106,stimulus_Arg_PISACowsMilk_10_page_6,168.7,572.2,1160.0
10467107,stimulus_Arg_PISACowsMilk_10_page_6,168.7,572.1,1160.0
10467108,stimulus_Arg_PISACowsMilk_10_page_6,168.8,572.1,1160.0
10467109,stimulus_Arg_PISACowsMilk_10_page_6,168.6,571.9,1161.0
10467110,stimulus_Arg_PISACowsMilk_10_page_6,168.3,571.6,1161.0
10467111,stimulus_Arg_PISACowsMilk_10_page_6,168.0,571.4,1161.0
10467112,stimulus_Arg_PISACowsMilk_10_page_6,167.9,571.4,1160.0
10467113,stimulus_Arg_PISACowsMilk_10_page_6,167.8,571.5,1159.0
10467114,stimulus_Arg_PISACowsMilk_10_page_6,167.6,572.1,1158.0
10467115,stimulus_Arg_PISACowsMilk_10_page_6,167.6,572.5,1158.0
10467116,stimulus_Arg_PISACowsMilk_10_page_6,167.6,572.8,1158.0
10467117,stimulus_Arg_PISACowsMilk_10_page_6,167.6,572.5,1158.0
10467118,stimulus_Arg_PISACowsMilk_10_page_6,167.7,572.2,1159.0
10467119,stimulus_Arg_PISACowsMilk_10_page_6,167.6,572.0,1159.0
10467120,stimulus_Arg_PISACowsMilk_10_page_6,167.6,571.8,1159.0
10467121,stimulus_Arg_PISACowsMilk_10_page_6,167.9,571.8,1160.0
10467122,stimulus_Arg_PISACowsMilk_10_page_6,168.2,572.1,1160.0
10467123,stimulus_Arg_PISACowsMilk_10_page_6,168.4,572.3,1160.0
10467124,stimulus_Arg_PISACowsMilk_10_page_6,168.7,572.5,1161.0
10467125,stimulus_Arg_PISACowsMilk_10_page_6,169.1,572.5,1161.0
10467126,stimulus_Arg_PISACowsMilk_10_page_6,169.5,572.6,1161.0
10467127,stimulus_Arg_PISACowsMilk_10_page_6,169.6,572.6,1161.0
10467128,stimulus_Arg_PISACowsMilk_10_page_6,169.5,572.2,1161.0
10467129,stimulus_Arg_PISACowsMilk_10_page_6,169.4,571.8,1161.0
10467130,stimulus_Arg_PISACowsMilk_10_page_6,169.6,571.4,1160.0
10467131,stimulus_Arg_PISACowsMilk_10_page_6,169.7,571.5,1159.0
10467132,stimulus_Arg_PISACowsMilk_10_page_6,169.7,571.5,1159.0
10467133,stimulus_Arg_PISACowsMilk_10_page_6,169.7,571.5,1159.0
10467134,stimulus_Arg_PISACowsMilk_10_page_6,169.5,571.8,1159.0
10467135,stimulus_Arg_PISACowsMilk_10_page_6,169.2,572.0,1158.0
10467136,stimulus_Arg_PISACowsMilk_10_page_6,169.0,572.0,1157.0
10467137,stimulus_Arg_PISACowsMilk_10_page_6,169.0,571.7,1157.0
10467138,stimulus_Arg_PISACowsMilk_10_page_6,169.2,571.8,1157.0
10467139,stimulus_Arg_PISACowsMilk_10_page_6,169.3,572.2,1158.0
10467140,stimulus_Arg_PISACowsMilk_10_page_6,169.3,572.5,1159.0
10467141,stimulus_Arg_PISACowsMilk_10_page_6,169.3,572.3,1160.0
10467142,stimulus_Arg_PISACowsMilk_10_page_6,169.4,572.0,1160.0
10467143,stimulus_Arg_PISACowsMilk_10_page_6,169.4,572.0,1160.0
10467144,stimulus_Arg_PISACowsMilk_10_page_6,169.4,572.0,1159.0
10467145,stimulus_Arg_PISACowsMilk_10_page_6,169.4,572.1,1158.0
10467146,stimulus_Arg_PISACowsMilk_10_page_6,169.4,572.2,1157.0
10467147,stimulus_Arg_PISACowsMilk_10_page_6,169.5,572.3,1158.0
10467148,stimulus_Arg_PISACowsMilk_10_page_6,169.5,572.4,1159.0
10467149,stimulus_Arg_PISACowsMilk_10_page_6,169.5,572.4,1160.0
10467150,stimulus_Arg_PISACowsMilk_10_page_6,169.5,572.4,1161.0
10467151,stimulus_Arg_PISACowsMilk_10_page_6,169.4,572.4,1161.0
10467152,stimulus_Arg_PISACowsMilk_10_page_6,169.2,572.5,1161.0
10467153,stimulus_Arg_PISACowsMilk_10_page_6,168.9,572.7,1160.0
10467154,stimulus_Arg_PISACowsMilk_10_page_6,168.6,572.8,1160.0
10467155,stimulus_Arg_PISACowsMilk_10_page_6,168.8,572.8,1160.0
10467156,stimulus_Arg_PISACowsMilk_10_page_6,169.0,572.8,1160.0
10467157,stimulus_Arg_PISACowsMilk_10_page_6,169.5,572.6,1161.0
10467158,stimulus_Arg_PISACowsMilk_10_page_6,169.7,572.4,1161.0
10467159,stimulus_Arg_PISACowsMilk_10_page_6,170.0,572.2,1161.0
10467160,stimulus_Arg_PISACowsMilk_10_page_6,170.0,572.2,1161.0
10467161,stimulus_Arg_PISACowsMilk_10_page_6,170.0,572.5,1161.0
10467162,stimulus_Arg_PISACowsMilk_10_page_6,170.1,572.8,1161.0
10467163,stimulus_Arg_PISACowsMilk_10_page_6,170.3,573.1,1161.0
10467164,stimulus_Arg_PISACowsMilk_10_page_6,170.4,573.1,1161.0
10467165,stimulus_Arg_PISACowsMilk_10_page_6,170.5,573.0,1160.0
10467166,stimulus_Arg_PISACowsMilk_10_page_6,170.4,572.9,1159.0
10467167,stimulus_Arg_PISACowsMilk_10_page_6,170.1,572.7,1158.0
10467168,stimulus_Arg_PISACowsMilk_10_page_6,169.2,572.6,1158.0
10467169,stimulus_Arg_PISACowsMilk_10_page_6,167.7,572.5,1158.0
10467170,stimulus_Arg_PISACowsMilk_10_page_6,165.7,572.3,1157.0
10467171,stimulus_Arg_PISACowsMilk_10_page_6,163.8,571.9,1158.0
10467172,stimulus_Arg_PISACowsMilk_10_page_6,161.4,571.5,1158.0
10467173,stimulus_Arg_PISACowsMilk_10_page_6,158.4,570.9,1159.0
10467174,stimulus_Arg_PISACowsMilk_10_page_6,154.9,570.9,1158.0
10467175,stimulus_Arg_PISACowsMilk_10_page_6,149.9,571.4,1158.0
10467176,stimulus_Arg_PISACowsMilk_10_page_6,145.3,572.3,1158.0
10467177,stimulus_Arg_PISACowsMilk_10_page_6,139.9,572.9,1160.0
10467178,stimulus_Arg_PISACowsMilk_10_page_6,136.5,573.5,1161.0
10467179,stimulus_Arg_PISACowsMilk_10_page_6,133.5,573.7,1162.0
10467180,stimulus_Arg_PISACowsMilk_10_page_6,131.2,574.1,1162.0
10467181,stimulus_Arg_PISACowsMilk_10_page_6,128.8,574.3,1162.0
10467182,stimulus_Arg_PISACowsMilk_10_page_6,126.0,574.7,1161.0
10467183,stimulus_Arg_PISACowsMilk_10_page_6,124.0,575.2,1160.0
10467184,stimulus_Arg_PISACowsMilk_10_page_6,122.5,575.5,1159.0
10467185,stimulus_Arg_PISACowsMilk_10_page_6,121.9,575.8,1159.0
10467186,stimulus_Arg_PISACowsMilk_10_page_6,121.4,575.4,1159.0
10467187,stimulus_Arg_PISACowsMilk_10_page_6,122.0,575.1,1160.0
10467188,stimulus_Arg_PISACowsMilk_10_page_6,123.2,574.4,1160.0
10467189,stimulus_Arg_PISACowsMilk_10_page_6,125.2,574.2,1160.0
10467190,stimulus_Arg_PISACowsMilk_10_page_6,126.8,573.9,1160.0
10467191,stimulus_Arg_PISACowsMilk_10_page_6,129.1,573.8,1158.0
10467192,stimulus_Arg_PISACowsMilk_10_page_6,130.7,573.5,1156.0
10467193,stimulus_Arg_PISACowsMilk_10_page_6,132.7,572.9,1155.0
10467194,stimulus_Arg_PISACowsMilk_10_page_6,133.7,572.5,1155.0
10467195,stimulus_Arg_PISACowsMilk_10_page_6,134.5,572.1,1155.0
10467196,stimulus_Arg_PISACowsMilk_10_page_6,134.7,571.9,1154.0
10467197,stimulus_Arg_PISACowsMilk_10_page_6,134.8,571.7,1155.0
10467198,stimulus_Arg_PISACowsMilk_10_page_6,134.9,571.5,1155.0
10467199,stimulus_Arg_PISACowsMilk_10_page_6,135.0,571.4,1155.0
10467200,stimulus_Arg_PISACowsMilk_10_page_6,135.0,571.3,1154.0
10467201,stimulus_Arg_PISACowsMilk_10_page_6,135.0,571.3,1154.0
10467202,stimulus_Arg_PISACowsMilk_10_page_6,134.9,571.4,1153.0
10467203,stimulus_Arg_PISACowsMilk_10_page_6,134.5,572.1,1153.0
10467204,stimulus_Arg_PISACowsMilk_10_page_6,134.2,572.9,1153.0
10467205,stimulus_Arg_PISACowsMilk_10_page_6,134.0,573.5,1153.0
10467206,stimulus_Arg_PISACowsMilk_10_page_6,134.1,573.8,1152.0
10467207,stimulus_Arg_PISACowsMilk_10_page_6,134.1,574.1,1152.0
10467208,stimulus_Arg_PISACowsMilk_10_page_6,134.1,574.7,1152.0
10467209,stimulus_Arg_PISACowsMilk_10_page_6,134.1,575.2,1153.0
10467210,stimulus_Arg_PISACowsMilk_10_page_6,134.3,575.5,1154.0
10467211,stimulus_Arg_PISACowsMilk_10_page_6,134.5,575.6,1155.0
10467212,stimulus_Arg_PISACowsMilk_10_page_6,134.6,575.6,1154.0
10467213,stimulus_Arg_PISACowsMilk_10_page_6,134.6,575.7,1154.0
10467214,stimulus_Arg_PISACowsMilk_10_page_6,134.3,575.8,1153.0
10467215,stimulus_Arg_PISACowsMilk_10_page_6,134.1,575.6,1153.0
10467216,stimulus_Arg_PISACowsMilk_10_page_6,134.0,575.2,1153.0
10467217,stimulus_Arg_PISACowsMilk_10_page_6,134.0,574.7,1153.0
10467218,stimulus_Arg_PISACowsMilk_10_page_6,133.9,574.5,1152.0
10467219,stimulus_Arg_PISACowsMilk_10_page_6,133.8,574.6,1152.0
10467220,stimulus_Arg_PISACowsMilk_10_page_6,133.8,574.8,1152.0
10467221,stimulus_Arg_PISACowsMilk_10_page_6,134.0,574.8,1152.0
10467222,stimulus_Arg_PISACowsMilk_10_page_6,134.2,574.6,1152.0
10467223,stimulus_Arg_PISACowsMilk_10_page_6,134.2,574.4,1151.0
10467224,stimulus_Arg_PISACowsMilk_10_page_6,134.0,574.3,1151.0
10467225,stimulus_Arg_PISACowsMilk_10_page_6,133.8,574.2,1151.0
10467226,stimulus_Arg_PISACowsMilk_10_page_6,133.7,574.0,1150.0
10467227,stimulus_Arg_PISACowsMilk_10_page_6,133.6,574.0,1149.0
10467228,stimulus_Arg_PISACowsMilk_10_page_6,133.6,574.0,1149.0
10467229,stimulus_Arg_PISACowsMilk_10_page_6,133.6,574.1,1149.0
10467230,stimulus_Arg_PISACowsMilk_10_page_6,133.4,574.1,1150.0
10467231,stimulus_Arg_PISACowsMilk_10_page_6,133.3,574.1,1151.0
10467232,stimulus_Arg_PISACowsMilk_10_page_6,133.1,574.1,1151.0
10467233,stimulus_Arg_PISACowsMilk_10_page_6,133.1,574.1,1150.0
10467234,stimulus_Arg_PISACowsMilk_10_page_6,133.1,574.2,1149.0
10467235,stimulus_Arg_PISACowsMilk_10_page_6,133.4,574.2,1148.0
10467236,stimulus_Arg_PISACowsMilk_10_page_6,133.8,574.3,1147.0
10467237,stimulus_Arg_PISACowsMilk_10_page_6,134.0,574.4,1148.0
10467238,stimulus_Arg_PISACowsMilk_10_page_6,134.2,574.5,1149.0
10467239,stimulus_Arg_PISACowsMilk_10_page_6,134.2,574.6,1150.0
10467240,stimulus_Arg_PISACowsMilk_10_page_6,134.4,574.6,1150.0
10467241,stimulus_Arg_PISACowsMilk_10_page_6,134.5,574.6,1149.0
10467242,stimulus_Arg_PISACowsMilk_10_page_6,134.6,574.4,1148.0
10467243,stimulus_Arg_PISACowsMilk_10_page_6,134.6,574.2,1147.0
10467244,stimulus_Arg_PISACowsMilk_10_page_6,134.1,574.2,1147.0
10467245,stimulus_Arg_PISACowsMilk_10_page_6,133.6,574.3,1147.0
10467246,stimulus_Arg_PISACowsMilk_10_page_6,133.1,574.3,1147.0
10467247,stimulus_Arg_PISACowsMilk_10_page_6,133.3,574.1,1147.0
10467248,stimulus_Arg_PISACowsMilk_10_page_6,133.4,573.7,1148.0
10467249,stimulus_Arg_PISACowsMilk_10_page_6,133.7,573.6,1148.0
10467250,stimulus_Arg_PISACowsMilk_10_page_6,133.9,573.9,1147.0
10467251,stimulus_Arg_PISACowsMilk_10_page_6,134.0,574.4,1147.0
10467252,stimulus_Arg_PISACowsMilk_10_page_6,133.8,574.8,1148.0
10467253,stimulus_Arg_PISACowsMilk_10_page_6,133.7,575.0,1148.0
10467254,stimulus_Arg_PISACowsMilk_10_page_6,133.5,575.3,1147.0
10467255,stimulus_Arg_PISACowsMilk_10_page_6,133.4,575.1,1147.0
10467256,stimulus_Arg_PISACowsMilk_10_page_6,133.5,574.9,1148.0
10467257,stimulus_Arg_PISACowsMilk_10_page_6,133.5,574.6,1148.0
10467258,stimulus_Arg_PISACowsMilk_10_page_6,133.5,574.5,1149.0
10467259,stimulus_Arg_PISACowsMilk_10_page_6,133.5,574.3,1148.0
10467260,stimulus_Arg_PISACowsMilk_10_page_6,133.5,574.2,1148.0
10467261,stimulus_Arg_PISACowsMilk_10_page_6,133.5,574.1,1148.0
10467262,stimulus_Arg_PISACowsMilk_10_page_6,133.4,574.2,1149.0
10467263,stimulus_Arg_PISACowsMilk_10_page_6,133.4,574.3,1149.0
10467264,stimulus_Arg_PISACowsMilk_10_page_6,133.6,574.3,1148.0
10467265,stimulus_Arg_PISACowsMilk_10_page_6,133.9,574.4,1148.0
10467266,stimulus_Arg_PISACowsMilk_10_page_6,134.1,574.4,1147.0
10467267,stimulus_Arg_PISACowsMilk_10_page_6,134.2,574.4,1147.0
10467268,stimulus_Arg_PISACowsMilk_10_page_6,134.1,574.5,1147.0
10467269,stimulus_Arg_PISACowsMilk_10_page_6,134.0,574.6,1147.0
10467270,stimulus_Arg_PISACowsMilk_10_page_6,133.8,574.7,1147.0
10467271,stimulus_Arg_PISACowsMilk_10_page_6,133.8,574.7,1146.0
10467272,stimulus_Arg_PISACowsMilk_10_page_6,133.7,574.6,1146.0
10467273,stimulus_Arg_PISACowsMilk_10_page_6,133.6,574.4,1146.0
10467274,stimulus_Arg_PISACowsMilk_10_page_6,133.5,574.2,1146.0
10467275,stimulus_Arg_PISACowsMilk_10_page_6,133.6,573.9,1146.0
10467276,stimulus_Arg_PISACowsMilk_10_page_6,133.6,573.8,1146.0
10467277,stimulus_Arg_PISACowsMilk_10_page_6,133.6,573.7,1145.0
10467278,stimulus_Arg_PISACowsMilk_10_page_6,133.7,573.6,1146.0
10467279,stimulus_Arg_PISACowsMilk_10_page_6,133.7,573.7,1146.0
10467280,stimulus_Arg_PISACowsMilk_10_page_6,133.8,573.8,1146.0
10467281,stimulus_Arg_PISACowsMilk_10_page_6,133.4,574.0,1147.0
10467282,stimulus_Arg_PISACowsMilk_10_page_6,132.9,574.1,1147.0
10467283,stimulus_Arg_PISACowsMilk_10_page_6,132.8,574.4,1146.0
10467284,stimulus_Arg_PISACowsMilk_10_page_6,133.0,574.9,1146.0
10467285,stimulus_Arg_PISACowsMilk_10_page_6,133.3,575.6,1145.0
10467286,stimulus_Arg_PISACowsMilk_10_page_6,133.2,576.0,1145.0
10467287,stimulus_Arg_PISACowsMilk_10_page_6,133.1,576.2,1144.0
10467288,stimulus_Arg_PISACowsMilk_10_page_6,133.1,576.2,1144.0
10467289,stimulus_Arg_PISACowsMilk_10_page_6,133.2,576.2,1144.0
10467290,stimulus_Arg_PISACowsMilk_10_page_6,133.4,576.0,1144.0
10467291,stimulus_Arg_PISACowsMilk_10_page_6,133.2,575.8,1143.0
10467292,stimulus_Arg_PISACowsMilk_10_page_6,133.0,575.6,1143.0
10467293,stimulus_Arg_PISACowsMilk_10_page_6,132.8,575.5,1143.0
10467294,stimulus_Arg_PISACowsMilk_10_page_6,132.7,575.5,1143.0
10467295,stimulus_Arg_PISACowsMilk_10_page_6,132.7,575.5,1143.0
10467296,stimulus_Arg_PISACowsMilk_10_page_6,132.7,575.4,1143.0
10467297,stimulus_Arg_PISACowsMilk_10_page_6,132.6,575.4,1143.0
10467298,stimulus_Arg_PISACowsMilk_10_page_6,132.5,575.4,1144.0
10467299,stimulus_Arg_PISACowsMilk_10_page_6,132.4,575.5,1144.0
10467300,stimulus_Arg_PISACowsMilk_10_page_6,132.6,575.6,1144.0
10467301,stimulus_Arg_PISACowsMilk_10_page_6,132.6,575.5,1144.0
10467302,stimulus_Arg_PISACowsMilk_10_page_6,132.5,575.3,1144.0
10467303,stimulus_Arg_PISACowsMilk_10_page_6,132.3,575.1,1144.0
10467304,stimulus_Arg_PISACowsMilk_10_page_6,131.9,575.1,1143.0
10467305,stimulus_Arg_PISACowsMilk_10_page_6,131.7,575.1,1142.0
10467306,stimulus_Arg_PISACowsMilk_10_page_6,131.8,575.1,1141.0
10467307,stimulus_Arg_PISACowsMilk_10_page_6,131.9,575.2,1142.0
10467308,stimulus_Arg_PISACowsMilk_10_page_6,131.9,574.9,1142.0
10467309,stimulus_Arg_PISACowsMilk_10_page_6,131.7,574.6,1141.0
10467310,stimulus_Arg_PISACowsMilk_10_page_6,131.5,574.3,1141.0
10467311,stimulus_Arg_PISACowsMilk_10_page_6,131.5,574.5,1141.0
10467312,stimulus_Arg_PISACowsMilk_10_page_6,131.5,574.6,1141.0
10467313,stimulus_Arg_PISACowsMilk_10_page_6,131.5,574.7,1142.0
10467314,stimulus_Arg_PISACowsMilk_10_page_6,131.5,574.8,1142.0
10467315,stimulus_Arg_PISACowsMilk_10_page_6,131.3,575.3,1142.0
10467316,stimulus_Arg_PISACowsMilk_10_page_6,131.1,575.8,1141.0
10467317,stimulus_Arg_PISACowsMilk_10_page_6,131.0,576.3,1141.0
10467318,stimulus_Arg_PISACowsMilk_10_page_6,130.5,576.4,1140.0
10467319,stimulus_Arg_PISACowsMilk_10_page_6,129.9,576.6,1141.0
10467320,stimulus_Arg_PISACowsMilk_10_page_6,129.4,577.2,1141.0
10467321,stimulus_Arg_PISACowsMilk_10_page_6,129.4,577.9,1142.0
10467322,stimulus_Arg_PISACowsMilk_10_page_6,129.2,578.6,1143.0
10467323,stimulus_Arg_PISACowsMilk_10_page_6,129.0,579.3,1143.0
10467324,stimulus_Arg_PISACowsMilk_10_page_6,128.6,579.7,1143.0
10467325,stimulus_Arg_PISACowsMilk_10_page_6,128.2,580.5,1143.0
10467326,stimulus_Arg_PISACowsMilk_10_page_6,127.9,581.0,1142.0
10467327,stimulus_Arg_PISACowsMilk_10_page_6,127.9,581.7,1142.0
10467328,stimulus_Arg_PISACowsMilk_10_page_6,128.0,582.2,1142.0
10467329,stimulus_Arg_PISACowsMilk_10_page_6,128.2,582.9,1142.0
10467330,stimulus_Arg_PISACowsMilk_10_page_6,129.6,583.4,1142.0
10467331,stimulus_Arg_PISACowsMilk_10_page_6,132.4,584.8,1142.0
10467332,stimulus_Arg_PISACowsMilk_10_page_6,136.5,586.9,1141.0
10467333,stimulus_Arg_PISACowsMilk_10_page_6,141.9,588.9,1140.0
10467334,stimulus_Arg_PISACowsMilk_10_page_6,148.3,590.1,1140.0
10467335,stimulus_Arg_PISACowsMilk_10_page_6,156.3,590.6,1142.0
10467336,stimulus_Arg_PISACowsMilk_10_page_6,166.0,590.9,1143.0
10467337,stimulus_Arg_PISACowsMilk_10_page_6,177.7,591.5,1144.0
10467338,stimulus_Arg_PISACowsMilk_10_page_6,190.8,592.1,1144.0
10467339,stimulus_Arg_PISACowsMilk_10_page_6,203.9,592.5,1145.0
10467340,stimulus_Arg_PISACowsMilk_10_page_6,217.8,592.2,1147.0
10467341,stimulus_Arg_PISACowsMilk_10_page_6,232.3,591.1,1148.0
10467342,stimulus_Arg_PISACowsMilk_10_page_6,248.6,585.2,1153.0
10467343,stimulus_Arg_PISACowsMilk_10_page_6,266.5,578.7,1168.0
10467344,stimulus_Arg_PISACowsMilk_10_page_6,285.4,573.2,1183.0
10467345,stimulus_Arg_PISACowsMilk_10_page_6,300.9,581.0,1184.0
10467346,stimulus_Arg_PISACowsMilk_10_page_6,311.2,600.9,1161.0
10467347,stimulus_Arg_PISACowsMilk_10_page_6,317.5,632.0,1124.0
10467348,stimulus_Arg_PISACowsMilk_10_page_6,325.5,669.3,1077.0
10467349,stimulus_Arg_PISACowsMilk_10_page_6,333.1,708.0,1022.0
10467350,stimulus_Arg_PISACowsMilk_10_page_6,341.3,749.2,962.0
10467351,stimulus_Arg_PISACowsMilk_10_page_6,345.3,791.1,897.0
10467352,stimulus_Arg_PISACowsMilk_10_page_6,349.3,834.4,830.0
10467353,stimulus_Arg_PISACowsMilk_10_page_6,353.2,879.8,759.0
10467354,stimulus_Arg_PISACowsMilk_10_page_6,356.3,925.5,685.0
10467355,stimulus_Arg_PISACowsMilk_10_page_6,349.4,969.6,603.0
10467356,stimulus_Arg_PISACowsMilk_10_page_6,339.6,1011.4,519.0
10467357,stimulus_Arg_PISACowsMilk_10_page_6,330.9,1053.7,441.0
10467358,stimulus_Arg_PISACowsMilk_10_page_6,330.5,1083.9,394.0
10467359,stimulus_Arg_PISACowsMilk_10_page_6,330.9,1099.9,372.0
10467360,stimulus_Arg_PISACowsMilk_10_page_6,330.9,1099.9,372.0
10467361,stimulus_Arg_PISACowsMilk_10_page_6,,,0.0
10467362,stimulus_Arg_PISACowsMilk_10_page_6,,,0.0
10467363,stimulus_Arg_PISACowsMilk_10_page_6,,,0.0
10467364,stimulus_Arg_PISACowsMilk_10_page_6,,,0.0
10467365,stimulus_Arg_PISACowsMilk_10_page_6,,,0.0
10467366,stimulus_Arg_PISACowsMilk_10_page_6,,,0.0
10467367,stimulus_Arg_PISACowsMilk_10_page_6,,,0.0
10467368,stimulus_Arg_PISACowsMilk_10_page_6,,,0.0
10467369,stimulus_Arg_PISACowsMilk_10_page_6,,,0.0
10467370,stimulus_Arg_PISACowsMilk_10_page_6,,,0.0
10467371,stimulus_Arg_PISACowsMilk_10_page_6,,,0.0
10467372,stimulus_Arg_PISACowsMilk_10_page_6,,,0.0
10467373,stimulus_Arg_PISACowsMilk_10_page_6,,,0.0
10467374,stimulus_Arg_PISACowsMilk_10_page_6,,,0.0
10467375,stimulus_Arg_PISACowsMilk_10_page_6,,,0.0
10467376,stimulus_Arg_PISACowsMilk_10_page_6,,,0.0
10467377,stimulus_Arg_PISACowsMilk_10_page_6,,,0.0
10467378,stimulus_Arg_PISACowsMilk_10_page_6,,,0.0
10467379,stimulus_Arg_PISACowsMilk_10_page_6,,,0.0
10467380,stimulus_Arg_PISACowsMilk_10_page_6,,,0.0
10467381,stimulus_Arg_PISACowsMilk_10_page_6,,,0.0
10467382,stimulus_Arg_PISACowsMilk_10_page_6,,,0.0
10467383,stimulus_Arg_PISACowsMilk_10_page_6,,,0.0
10467384,stimulus_Arg_PISACowsMilk_10_page_6,,,0.0
10467385,stimulus_Arg_PISACowsMilk_10_page_6,,,0.0
10467386,stimulus_Arg_PISACowsMilk_10_page_6,,,0.0
10467387,stimulus_Arg_PISACowsMilk_10_page_6,,,0.0
10467388,stimulus_Arg_PISACowsMilk_10_page_6,,,0.0
10467389,stimulus_Arg_PISACowsMilk_10_page_6,,,0.0
10467390,stimulus_Arg_PISACowsMilk_10_page_6,,,0.0
10467391,stimulus_Arg_PISACowsMilk_10_page_6,,,0.0
10467392,stimulus_Arg_PISACowsMilk_10_page_6,,,0.0
10467393,stimulus_Arg_PISACowsMilk_10_page_6,,,0.0
10467394,stimulus_Arg_PISACowsMilk_10_page_6,,,0.0
10467395,stimulus_Arg_PISACowsMilk_10_page_6,,,0.0
10467396,stimulus_Arg_PISACowsMilk_10_page_6,,,0.0
10467397,stimulus_Arg_PISACowsMilk_10_page_6,,,0.0
10467398,stimulus_Arg_PISACowsMilk_10_page_6,,,0.0
10467399,stimulus_Arg_PISACowsMilk_10_page_6,,,0.0
10467400,stimulus_Arg_PISACowsMilk_10_page_6,,,0.0
10467401,stimulus_Arg_PISACowsMilk_10_page_6,,,0.0
10467402,stimulus_Arg_PISACowsMilk_10_page_6,,,0.0
10467403,stimulus_Arg_PISACowsMilk_10_page_6,,,0.0
10467404,stimulus_Arg_PISACowsMilk_10_page_6,,,0.0
10467405,stimulus_Arg_PISACowsMilk_10_page_6,,,0.0
10467406,stimulus_Arg_PISACowsMilk_10_page_6,,,0.0
10467407,stimulus_Arg_PISACowsMilk_10_page_6,,,0.0
10467408,stimulus_Arg_PISACowsMilk_10_page_6,,,0.0
10467409,stimulus_Arg_PISACowsMilk_10_page_6,,,0.0
10467410,stimulus_Arg_PISACowsMilk_10_page_6,,,0.0
10467411,stimulus_Arg_PISACowsMilk_10_page_6,,,0.0
10467412,stimulus_Arg_PISACowsMilk_10_page_6,,,0.0
10467413,stimulus_Arg_PISACowsMilk_10_page_6,,,0.0
10467414,stimulus_Arg_PISACowsMilk_10_page_6,,,0.0
10467415,stimulus_Arg_PISACowsMilk_10_page_6,,,0.0
10467416,stimulus_Arg_PISACowsMilk_10_page_6,,,0.0
10467417,stimulus_Arg_PISACowsMilk_10_page_6,,,0.0
10467418,stimulus_Arg_PISACowsMilk_10_page_6,,,0.0
10467419,stimulus_Arg_PISACowsMilk_10_page_6,,,0.0
10467420,stimulus_Arg_PISACowsMilk_10_page_6,,,0.0
10467421,stimulus_Arg_PISACowsMilk_10_page_6,,,0.0
10467422,stimulus_Arg_PISACowsMilk_10_page_6,,,0.0
10467423,stimulus_Arg_PISACowsMilk_10_page_6,,,0.0
10467424,stimulus_Arg_PISACowsMilk_10_page_6,,,0.0
10467425,stimulus_Arg_PISACowsMilk_10_page_6,,,0.0
10467426,stimulus_Arg_PISACowsMilk_10_page_6,,,0.0
10467427,stimulus_Arg_PISACowsMilk_10_page_6,,,0.0
10467428,stimulus_Arg_PISACowsMilk_10_page_6,,,0.0
10467429,stimulus_Arg_PISACowsMilk_10_page_6,,,0.0
10467430,stimulus_Arg_PISACowsMilk_10_page_6,,,0.0
10467431,stimulus_Arg_PISACowsMilk_10_page_6,,,0.0
10467432,stimulus_Arg_PISACowsMilk_10_page_6,,,0.0
10467433,stimulus_Arg_PISACowsMilk_10_page_6,,,0.0
10467434,stimulus_Arg_PISACowsMilk_10_page_6,,,0.0
10467435,stimulus_Arg_PISACowsMilk_10_page_6,,,0.0
10467436,stimulus_Arg_PISACowsMilk_10_page_6,,,0.0
10467437,stimulus_Arg_PISACowsMilk_10_page_6,,,0.0
10467438,stimulus_Arg_PISACowsMilk_10_page_6,,,0.0
10467439,stimulus_Arg_PISACowsMilk_10_page_6,,,0.0
10467440,stimulus_Arg_PISACowsMilk_10_page_6,,,0.0
10467441,stimulus_Arg_PISACowsMilk_10_page_6,,,0.0
10467442,stimulus_Arg_PISACowsMilk_10_page_6,,,0.0
10467443,stimulus_Arg_PISACowsMilk_10_page_6,,,0.0
10467444,stimulus_Arg_PISACowsMilk_10_page_6,,,0.0
10467445,stimulus_Arg_PISACowsMilk_10_page_6,,,0.0
10467446,stimulus_Arg_PISACowsMilk_10_page_6,,,0.0
10467447,stimulus_Arg_PISACowsMilk_10_page_6,,,0.0
10467448,stimulus_Arg_PISACowsMilk_10_page_6,,,0.0
10467449,stimulus_Arg_PISACowsMilk_10_page_6,,,0.0
10467450,stimulus_Arg_PISACowsMilk_10_page_6,,,0.0
10467451,stimulus_Arg_PISACowsMilk_10_page_6,,,0.0
10467452,stimulus_Arg_PISACowsMilk_10_page_6,,,0.0
10467453,stimulus_Arg_PISACowsMilk_10_page_6,,,0.0
10467454,stimulus_Arg_PISACowsMilk_10_page_6,,,0.0
10467455,stimulus_Arg_PISACowsMilk_10_page_6,,,0.0
10467456,stimulus_Arg_PISACowsMilk_10_page_6,,,0.0
10467457,stimulus_Arg_PISACowsMilk_10_page_6,,,0.0
10467458,stimulus_Arg_PISACowsMilk_10_page_6,,,0.0
10467459,stimulus_Arg_PISACowsMilk_10_page_6,,,0.0
10467460,stimulus_Arg_PISACowsMilk_10_page_6,,,0.0
10467461,stimulus_Arg_PISACowsMilk_10_page_6,,,0.0
10467462,stimulus_Arg_PISACowsMilk_10_page_6,,,0.0
10467463,stimulus_Arg_PISACowsMilk_10_page_6,,,0.0
10467464,stimulus_Arg_PISACowsMilk_10_page_6,,,0.0
10467465,stimulus_Arg_PISACowsMilk_10_page_6,,,0.0
10467466,stimulus_Arg_PISACowsMilk_10_page_6,,,0.0
10467467,stimulus_Arg_PISACowsMilk_10_page_6,,,0.0
10467468,stimulus_Arg_PISACowsMilk_10_page_6,,,0.0
10467469,stimulus_Arg_PISACowsMilk_10_page_6,1361.0,996.6,918.0
10467470,stimulus_Arg_PISACowsMilk_10_page_6,1361.0,996.6,918.0
10467471,stimulus_Arg_PISACowsMilk_10_page_6,1359.6,989.8,925.0
10467472,stimulus_Arg_PISACowsMilk_10_page_6,1353.4,976.9,939.0
10467473,stimulus_Arg_PISACowsMilk_10_page_6,1344.6,958.3,961.0
10467474,stimulus_Arg_PISACowsMilk_10_page_6,1336.0,940.7,983.0
10467475,stimulus_Arg_PISACowsMilk_10_page_6,1332.3,925.3,1001.0
10467476,stimulus_Arg_PISACowsMilk_10_page_6,1331.5,910.4,1016.0
10467477,stimulus_Arg_PISACowsMilk_10_page_6,1332.6,894.9,1029.0
10467478,stimulus_Arg_PISACowsMilk_10_page_6,1334.0,879.1,1047.0
10467479,stimulus_Arg_PISACowsMilk_10_page_6,1338.1,862.7,1065.0
10467480,stimulus_Arg_PISACowsMilk_10_page_6,1341.4,849.6,1079.0
10467481,stimulus_Arg_PISACowsMilk_10_page_6,1346.0,836.1,1092.0
10467482,stimulus_Arg_PISACowsMilk_10_page_6,1351.4,823.7,1104.0
10467483,stimulus_Arg_PISACowsMilk_10_page_6,1356.6,810.6,1115.0
10467484,stimulus_Arg_PISACowsMilk_10_page_6,1360.6,800.5,1121.0
10467485,stimulus_Arg_PISACowsMilk_10_page_6,1361.0,790.7,1124.0
10467486,stimulus_Arg_PISACowsMilk_10_page_6,1359.6,783.8,1128.0
10467487,stimulus_Arg_PISACowsMilk_10_page_6,1357.6,778.6,1130.0
10467488,stimulus_Arg_PISACowsMilk_10_page_6,1355.7,777.7,1131.0
10467489,stimulus_Arg_PISACowsMilk_10_page_6,1338.3,779.1,1125.0
10467490,stimulus_Arg_PISACowsMilk_10_page_6,1320.9,780.4,1120.0
10467491,stimulus_Arg_PISACowsMilk_10_page_6,1328.2,775.4,1122.0
10467492,stimulus_Arg_PISACowsMilk_10_page_6,1335.5,770.5,1125.0
10467493,stimulus_Arg_PISACowsMilk_10_page_6,1333.7,770.9,1123.0
10467494,stimulus_Arg_PISACowsMilk_10_page_6,1322.8,777.7,1116.0
10467495,stimulus_Arg_PISACowsMilk_10_page_6,1311.9,787.0,1106.0
10467496,stimulus_Arg_PISACowsMilk_10_page_6,1310.2,791.0,1096.0
10467497,stimulus_Arg_PISACowsMilk_10_page_6,1301.6,808.4,1082.0
10467498,stimulus_Arg_PISACowsMilk_10_page_6,1291.7,825.6,1073.0
10467499,stimulus_Arg_PISACowsMilk_10_page_6,1280.1,845.8,1067.0
10467500,stimulus_Arg_PISACowsMilk_10_page_6,1276.7,852.6,1068.0
10467501,stimulus_Arg_PISACowsMilk_10_page_6,1274.5,857.8,1069.0
10467502,stimulus_Arg_PISACowsMilk_10_page_6,1273.5,860.3,1070.0
10467503,stimulus_Arg_PISACowsMilk_10_page_6,1272.9,861.7,1070.0
10467504,stimulus_Arg_PISACowsMilk_10_page_6,1272.4,862.9,1070.0
10467505,stimulus_Arg_PISACowsMilk_10_page_6,1272.3,863.8,1070.0
10467506,stimulus_Arg_PISACowsMilk_10_page_6,1272.3,864.5,1070.0
10467507,stimulus_Arg_PISACowsMilk_10_page_6,1272.2,865.1,1070.0
10467508,stimulus_Arg_PISACowsMilk_10_page_6,1271.9,865.8,1070.0
10467509,stimulus_Arg_PISACowsMilk_10_page_6,1271.4,867.3,1072.0
10467510,stimulus_Arg_PISACowsMilk_10_page_6,1271.0,868.2,1073.0
10467511,stimulus_Arg_PISACowsMilk_10_page_6,1270.6,868.6,1073.0
10467512,stimulus_Arg_PISACowsMilk_10_page_6,1270.5,868.3,1073.0
10467513,stimulus_Arg_PISACowsMilk_10_page_6,1270.4,867.9,1072.0
10467514,stimulus_Arg_PISACowsMilk_10_page_6,1270.4,867.8,1072.0
10467515,stimulus_Arg_PISACowsMilk_10_page_6,1270.2,867.6,1071.0
10467516,stimulus_Arg_PISACowsMilk_10_page_6,1270.1,867.0,1070.0
10467517,stimulus_Arg_PISACowsMilk_10_page_6,1270.0,866.1,1070.0
10467518,stimulus_Arg_PISACowsMilk_10_page_6,1269.9,865.5,1071.0
10467519,stimulus_Arg_PISACowsMilk_10_page_6,1269.9,864.9,1072.0
10467520,stimulus_Arg_PISACowsMilk_10_page_6,1269.6,864.6,1072.0
10467521,stimulus_Arg_PISACowsMilk_10_page_6,1269.3,864.3,1072.0
10467522,stimulus_Arg_PISACowsMilk_10_page_6,1269.1,864.2,1071.0
10467523,stimulus_Arg_PISACowsMilk_10_page_6,1269.1,864.3,1070.0
10467524,stimulus_Arg_PISACowsMilk_10_page_6,1269.1,864.8,1070.0
10467525,stimulus_Arg_PISACowsMilk_10_page_6,1269.1,865.3,1069.0
10467526,stimulus_Arg_PISACowsMilk_10_page_6,1269.1,865.7,1069.0
10467527,stimulus_Arg_PISACowsMilk_10_page_6,1269.1,865.8,1069.0
10467528,stimulus_Arg_PISACowsMilk_10_page_6,1269.1,866.0,1068.0
10467529,stimulus_Arg_PISACowsMilk_10_page_6,1269.2,866.2,1067.0
10467530,stimulus_Arg_PISACowsMilk_10_page_6,1269.6,866.3,1068.0
10467531,stimulus_Arg_PISACowsMilk_10_page_6,1270.1,866.3,1068.0
10467532,stimulus_Arg_PISACowsMilk_10_page_6,1270.5,866.3,1068.0
10467533,stimulus_Arg_PISACowsMilk_10_page_6,1271.1,866.3,1067.0
10467534,stimulus_Arg_PISACowsMilk_10_page_6,1271.7,866.3,1067.0
10467535,stimulus_Arg_PISACowsMilk_10_page_6,1271.8,866.5,1066.0
10467536,stimulus_Arg_PISACowsMilk_10_page_6,1271.0,867.2,1068.0
10467537,stimulus_Arg_PISACowsMilk_10_page_6,1270.1,867.9,1071.0
10467538,stimulus_Arg_PISACowsMilk_10_page_6,1269.6,868.3,1072.0
10467539,stimulus_Arg_PISACowsMilk_10_page_6,1269.8,868.2,1072.0
10467540,stimulus_Arg_PISACowsMilk_10_page_6,1269.9,868.3,1071.0
10467541,stimulus_Arg_PISACowsMilk_10_page_6,1270.1,868.7,1073.0
10467542,stimulus_Arg_PISACowsMilk_10_page_6,1269.7,869.3,1074.0
10467543,stimulus_Arg_PISACowsMilk_10_page_6,1269.2,869.8,1074.0
10467544,stimulus_Arg_PISACowsMilk_10_page_6,1268.7,870.0,1074.0
10467545,stimulus_Arg_PISACowsMilk_10_page_6,1268.6,869.9,1075.0
10467546,stimulus_Arg_PISACowsMilk_10_page_6,1268.7,869.8,1076.0
10467547,stimulus_Arg_PISACowsMilk_10_page_6,1268.7,869.1,1076.0
10467548,stimulus_Arg_PISACowsMilk_10_page_6,1268.6,868.6,1074.0
10467549,stimulus_Arg_PISACowsMilk_10_page_6,1268.6,867.7,1073.0
10467550,stimulus_Arg_PISACowsMilk_10_page_6,1268.6,867.3,1073.0
10467551,stimulus_Arg_PISACowsMilk_10_page_6,1268.7,866.9,1073.0
10467552,stimulus_Arg_PISACowsMilk_10_page_6,1268.6,866.9,1074.0
10467553,stimulus_Arg_PISACowsMilk_10_page_6,1268.5,866.9,1073.0
10467554,stimulus_Arg_PISACowsMilk_10_page_6,1268.2,867.0,1073.0
10467555,stimulus_Arg_PISACowsMilk_10_page_6,1267.9,867.0,1072.0
10467556,stimulus_Arg_PISACowsMilk_10_page_6,1267.7,867.0,1070.0
10467557,stimulus_Arg_PISACowsMilk_10_page_6,1267.2,866.9,1070.0
10467558,stimulus_Arg_PISACowsMilk_10_page_6,1266.8,867.1,1072.0
10467559,stimulus_Arg_PISACowsMilk_10_page_6,1266.5,867.3,1073.0
10467560,stimulus_Arg_PISACowsMilk_10_page_6,1266.7,867.3,1074.0
10467561,stimulus_Arg_PISACowsMilk_10_page_6,1266.9,867.1,1075.0
10467562,stimulus_Arg_PISACowsMilk_10_page_6,1267.0,866.9,1075.0
10467563,stimulus_Arg_PISACowsMilk_10_page_6,1267.1,866.9,1075.0
10467564,stimulus_Arg_PISACowsMilk_10_page_6,1267.1,866.9,1075.0
10467565,stimulus_Arg_PISACowsMilk_10_page_6,1267.1,866.9,1075.0
10467566,stimulus_Arg_PISACowsMilk_10_page_6,1267.1,866.9,1075.0
10467567,stimulus_Arg_PISACowsMilk_10_page_6,1267.2,866.9,1076.0
10467568,stimulus_Arg_PISACowsMilk_10_page_6,1267.4,867.1,1077.0
10467569,stimulus_Arg_PISACowsMilk_10_page_6,1267.6,867.3,1078.0
10467570,stimulus_Arg_PISACowsMilk_10_page_6,1267.8,867.5,1077.0
10467571,stimulus_Arg_PISACowsMilk_10_page_6,1267.9,867.5,1076.0
10467572,stimulus_Arg_PISACowsMilk_10_page_6,1268.0,867.4,1076.0
10467573,stimulus_Arg_PISACowsMilk_10_page_6,1268.0,867.4,1077.0
10467574,stimulus_Arg_PISACowsMilk_10_page_6,1267.5,867.5,1078.0
10467575,stimulus_Arg_PISACowsMilk_10_page_6,1267.0,867.6,1078.0
10467576,stimulus_Arg_PISACowsMilk_10_page_6,1266.5,867.7,1078.0
10467577,stimulus_Arg_PISACowsMilk_10_page_6,1266.5,867.7,1078.0
10467578,stimulus_Arg_PISACowsMilk_10_page_6,1266.6,867.7,1078.0
10467579,stimulus_Arg_PISACowsMilk_10_page_6,1266.7,867.9,1078.0
10467580,stimulus_Arg_PISACowsMilk_10_page_6,1266.8,868.1,1078.0
10467581,stimulus_Arg_PISACowsMilk_10_page_6,1266.8,868.2,1078.0
10467582,stimulus_Arg_PISACowsMilk_10_page_6,1266.9,868.1,1077.0
10467583,stimulus_Arg_PISACowsMilk_10_page_6,1266.9,868.0,1077.0
10467584,stimulus_Arg_PISACowsMilk_10_page_6,1267.0,868.1,1077.0
10467585,stimulus_Arg_PISACowsMilk_10_page_6,1266.8,868.1,1075.0
10467586,stimulus_Arg_PISACowsMilk_10_page_6,1266.7,868.1,1074.0
10467587,stimulus_Arg_PISACowsMilk_10_page_6,1266.5,868.3,1073.0
10467588,stimulus_Arg_PISACowsMilk_10_page_6,1266.5,868.6,1074.0
10467589,stimulus_Arg_PISACowsMilk_10_page_6,1266.5,869.1,1076.0
10467590,stimulus_Arg_PISACowsMilk_10_page_6,1266.5,869.5,1077.0
10467591,stimulus_Arg_PISACowsMilk_10_page_6,1266.5,869.7,1078.0
10467592,stimulus_Arg_PISACowsMilk_10_page_6,1266.5,869.8,1077.0
10467593,stimulus_Arg_PISACowsMilk_10_page_6,1266.8,869.8,1077.0
10467594,stimulus_Arg_PISACowsMilk_10_page_6,1267.0,869.8,1076.0
10467595,stimulus_Arg_PISACowsMilk_10_page_6,1267.3,869.8,1076.0
10467596,stimulus_Arg_PISACowsMilk_10_page_6,1267.5,870.0,1076.0
10467597,stimulus_Arg_PISACowsMilk_10_page_6,1267.6,870.2,1076.0
10467598,stimulus_Arg_PISACowsMilk_10_page_6,1267.4,870.4,1076.0
10467599,stimulus_Arg_PISACowsMilk_10_page_6,1267.1,870.5,1077.0
10467600,stimulus_Arg_PISACowsMilk_10_page_6,1267.0,870.3,1077.0
10467601,stimulus_Arg_PISACowsMilk_10_page_6,1267.2,869.9,1077.0
10467602,stimulus_Arg_PISACowsMilk_10_page_6,1267.5,869.6,1076.0
10467603,stimulus_Arg_PISACowsMilk_10_page_6,1267.9,869.8,1075.0
10467604,stimulus_Arg_PISACowsMilk_10_page_6,1268.3,870.0,1075.0
10467605,stimulus_Arg_PISACowsMilk_10_page_6,1268.6,870.3,1075.0
10467606,stimulus_Arg_PISACowsMilk_10_page_6,1268.7,870.2,1076.0
10467607,stimulus_Arg_PISACowsMilk_10_page_6,1269.0,870.7,1077.0
10467608,stimulus_Arg_PISACowsMilk_10_page_6,1269.1,871.2,1077.0
10467609,stimulus_Arg_PISACowsMilk_10_page_6,1269.2,871.7,1077.0
10467610,stimulus_Arg_PISACowsMilk_10_page_6,1269.2,871.6,1076.0
10467611,stimulus_Arg_PISACowsMilk_10_page_6,1269.3,871.4,1077.0
10467612,stimulus_Arg_PISACowsMilk_10_page_6,1269.3,871.2,1077.0
10467613,stimulus_Arg_PISACowsMilk_10_page_6,1269.1,871.2,1077.0
10467614,stimulus_Arg_PISACowsMilk_10_page_6,1269.1,871.5,1076.0
10467615,stimulus_Arg_PISACowsMilk_10_page_6,1268.8,871.3,1076.0
10467616,stimulus_Arg_PISACowsMilk_10_page_6,1268.6,871.0,1076.0
10467617,stimulus_Arg_PISACowsMilk_10_page_6,1268.5,870.7,1076.0
10467618,stimulus_Arg_PISACowsMilk_10_page_6,1268.6,871.4,1076.0
10467619,stimulus_Arg_PISACowsMilk_10_page_6,1268.7,871.9,1077.0
10467620,stimulus_Arg_PISACowsMilk_10_page_6,1268.8,872.5,1080.0
10467621,stimulus_Arg_PISACowsMilk_10_page_6,1268.6,872.5,1083.0
10467622,stimulus_Arg_PISACowsMilk_10_page_6,1268.4,872.6,1085.0
10467623,stimulus_Arg_PISACowsMilk_10_page_6,1268.2,872.5,1086.0
10467624,stimulus_Arg_PISACowsMilk_10_page_6,1268.3,872.5,1086.0
10467625,stimulus_Arg_PISACowsMilk_10_page_6,1268.5,872.4,1086.0
10467626,stimulus_Arg_PISACowsMilk_10_page_6,1268.6,872.6,1086.0
10467627,stimulus_Arg_PISACowsMilk_10_page_6,1268.6,872.8,1087.0
10467628,stimulus_Arg_PISACowsMilk_10_page_6,1268.5,873.1,1088.0
10467629,stimulus_Arg_PISACowsMilk_10_page_6,1268.6,873.3,1089.0
10467630,stimulus_Arg_PISACowsMilk_10_page_6,1268.7,873.5,1089.0
10467631,stimulus_Arg_PISACowsMilk_10_page_6,1268.7,873.4,1090.0
10467632,stimulus_Arg_PISACowsMilk_10_page_6,1268.4,873.2,1090.0
10467633,stimulus_Arg_PISACowsMilk_10_page_6,1268.3,873.1,1089.0
10467634,stimulus_Arg_PISACowsMilk_10_page_6,1268.3,873.4,1089.0
10467635,stimulus_Arg_PISACowsMilk_10_page_6,1268.6,873.6,1089.0
10467636,stimulus_Arg_PISACowsMilk_10_page_6,1269.1,873.4,1089.0
10467637,stimulus_Arg_PISACowsMilk_10_page_6,1269.6,872.9,1088.0
10467638,stimulus_Arg_PISACowsMilk_10_page_6,1269.7,872.5,1087.0
10467639,stimulus_Arg_PISACowsMilk_10_page_6,1269.6,872.7,1087.0
10467640,stimulus_Arg_PISACowsMilk_10_page_6,1269.4,872.8,1087.0
10467641,stimulus_Arg_PISACowsMilk_10_page_6,1269.4,872.9,1088.0
10467642,stimulus_Arg_PISACowsMilk_10_page_6,1269.4,873.1,1088.0
10467643,stimulus_Arg_PISACowsMilk_10_page_6,1269.5,873.2,1088.0
10467644,stimulus_Arg_PISACowsMilk_10_page_6,1269.5,873.3,1087.0
10467645,stimulus_Arg_PISACowsMilk_10_page_6,1269.5,873.3,1086.0
10467646,stimulus_Arg_PISACowsMilk_10_page_6,1269.5,873.3,1087.0
10467647,stimulus_Arg_PISACowsMilk_10_page_6,1269.5,873.3,1088.0
10467648,stimulus_Arg_PISACowsMilk_10_page_6,1269.6,873.3,1090.0
10467649,stimulus_Arg_PISACowsMilk_10_page_6,1269.7,873.3,1090.0
10467650,stimulus_Arg_PISACowsMilk_10_page_6,1269.8,873.3,1091.0
10467651,stimulus_Arg_PISACowsMilk_10_page_6,1269.9,873.2,1091.0
10467652,stimulus_Arg_PISACowsMilk_10_page_6,1269.7,873.2,1092.0
10467653,stimulus_Arg_PISACowsMilk_10_page_6,1269.6,873.1,1091.0
10467654,stimulus_Arg_PISACowsMilk_10_page_6,1269.3,873.1,1091.0
10467655,stimulus_Arg_PISACowsMilk_10_page_6,1269.1,873.0,1092.0
10467656,stimulus_Arg_PISACowsMilk_10_page_6,1269.0,873.2,1094.0
10467657,stimulus_Arg_PISACowsMilk_10_page_6,1268.9,873.5,1094.0
10467658,stimulus_Arg_PISACowsMilk_10_page_6,1269.0,873.4,1094.0
10467659,stimulus_Arg_PISACowsMilk_10_page_6,1269.2,873.0,1094.0
10467660,stimulus_Arg_PISACowsMilk_10_page_6,1269.4,872.6,1095.0
10467661,stimulus_Arg_PISACowsMilk_10_page_6,1269.5,873.0,1095.0
10467662,stimulus_Arg_PISACowsMilk_10_page_6,1269.7,873.4,1094.0
10467663,stimulus_Arg_PISACowsMilk_10_page_6,1270.0,873.9,1094.0
10467664,stimulus_Arg_PISACowsMilk_10_page_6,1270.3,873.9,1093.0
10467665,stimulus_Arg_PISACowsMilk_10_page_6,1270.5,873.9,1092.0
10467666,stimulus_Arg_PISACowsMilk_10_page_6,1270.7,873.8,1091.0
10467667,stimulus_Arg_PISACowsMilk_10_page_6,1270.8,873.8,1091.0
10467668,stimulus_Arg_PISACowsMilk_10_page_6,1270.8,873.8,1091.0
10467669,stimulus_Arg_PISACowsMilk_10_page_6,1270.7,873.9,1091.0
10467670,stimulus_Arg_PISACowsMilk_10_page_6,1270.7,873.9,1092.0
10467671,stimulus_Arg_PISACowsMilk_10_page_6,1270.7,873.6,1093.0
10467672,stimulus_Arg_PISACowsMilk_10_page_6,1270.3,873.4,1093.0
10467673,stimulus_Arg_PISACowsMilk_10_page_6,1270.0,873.4,1093.0
10467674,stimulus_Arg_PISACowsMilk_10_page_6,1269.7,873.6,1093.0
10467675,stimulus_Arg_PISACowsMilk_10_page_6,1269.8,873.8,1094.0
10467676,stimulus_Arg_PISACowsMilk_10_page_6,1270.0,873.7,1094.0
10467677,stimulus_Arg_PISACowsMilk_10_page_6,1270.1,873.5,1095.0
10467678,stimulus_Arg_PISACowsMilk_10_page_6,1270.2,873.5,1096.0
10467679,stimulus_Arg_PISACowsMilk_10_page_6,1270.3,873.6,1096.0
10467680,stimulus_Arg_PISACowsMilk_10_page_6,1270.4,873.7,1097.0
10467681,stimulus_Arg_PISACowsMilk_10_page_6,1270.5,873.8,1097.0
10467682,stimulus_Arg_PISACowsMilk_10_page_6,1270.6,873.7,1099.0
10467683,stimulus_Arg_PISACowsMilk_10_page_6,1270.6,873.7,1100.0
10467684,stimulus_Arg_PISACowsMilk_10_page_6,1270.6,873.7,1101.0
10467685,stimulus_Arg_PISACowsMilk_10_page_6,1270.6,874.0,1101.0
10467686,stimulus_Arg_PISACowsMilk_10_page_6,1270.5,874.4,1099.0
10467687,stimulus_Arg_PISACowsMilk_10_page_6,1270.2,874.4,1098.0
10467688,stimulus_Arg_PISACowsMilk_10_page_6,1270.1,874.2,1097.0
10467689,stimulus_Arg_PISACowsMilk_10_page_6,1270.0,874.1,1098.0
10467690,stimulus_Arg_PISACowsMilk_10_page_6,1270.0,874.3,1099.0
10467691,stimulus_Arg_PISACowsMilk_10_page_6,1270.0,874.3,1101.0
10467692,stimulus_Arg_PISACowsMilk_10_page_6,1270.1,874.3,1102.0
10467693,stimulus_Arg_PISACowsMilk_10_page_6,1270.5,874.3,1102.0
10467694,stimulus_Arg_PISACowsMilk_10_page_6,1270.9,874.3,1102.0
10467695,stimulus_Arg_PISACowsMilk_10_page_6,1271.0,874.4,1103.0
10467696,stimulus_Arg_PISACowsMilk_10_page_6,1270.9,874.5,1104.0
10467697,stimulus_Arg_PISACowsMilk_10_page_6,1270.7,874.4,1104.0
10467698,stimulus_Arg_PISACowsMilk_10_page_6,1270.5,874.2,1105.0
10467699,stimulus_Arg_PISACowsMilk_10_page_6,1270.5,874.0,1105.0
10467700,stimulus_Arg_PISACowsMilk_10_page_6,1270.4,874.0,1104.0
10467701,stimulus_Arg_PISACowsMilk_10_page_6,1270.1,874.3,1103.0
10467702,stimulus_Arg_PISACowsMilk_10_page_6,1269.9,874.7,1103.0
10467703,stimulus_Arg_PISACowsMilk_10_page_6,1269.9,875.0,1103.0
10467704,stimulus_Arg_PISACowsMilk_10_page_6,1270.0,875.5,1104.0
10467705,stimulus_Arg_PISACowsMilk_10_page_6,1269.9,876.6,1104.0
10467706,stimulus_Arg_PISACowsMilk_10_page_6,1269.5,879.1,1105.0
10467707,stimulus_Arg_PISACowsMilk_10_page_6,1268.7,881.6,1106.0
10467708,stimulus_Arg_PISACowsMilk_10_page_6,1267.8,884.6,1111.0
10467709,stimulus_Arg_PISACowsMilk_10_page_6,1266.8,886.9,1114.0
10467710,stimulus_Arg_PISACowsMilk_10_page_6,1265.6,889.9,1117.0
10467711,stimulus_Arg_PISACowsMilk_10_page_6,1264.0,893.3,1117.0
10467712,stimulus_Arg_PISACowsMilk_10_page_6,1262.0,898.8,1117.0
10467713,stimulus_Arg_PISACowsMilk_10_page_6,1260.2,904.7,1117.0
10467714,stimulus_Arg_PISACowsMilk_10_page_6,1258.0,910.4,1117.0
10467715,stimulus_Arg_PISACowsMilk_10_page_6,1255.1,914.4,1117.0
10467716,stimulus_Arg_PISACowsMilk_10_page_6,1252.1,917.0,1119.0
10467717,stimulus_Arg_PISACowsMilk_10_page_6,1249.4,919.1,1122.0
10467718,stimulus_Arg_PISACowsMilk_10_page_6,1247.9,920.1,1125.0
10467719,stimulus_Arg_PISACowsMilk_10_page_6,1246.3,920.9,1129.0
10467720,stimulus_Arg_PISACowsMilk_10_page_6,1245.5,921.1,1130.0
10467721,stimulus_Arg_PISACowsMilk_10_page_6,1245.0,920.9,1132.0
10467722,stimulus_Arg_PISACowsMilk_10_page_6,1245.4,920.2,1132.0
10467723,stimulus_Arg_PISACowsMilk_10_page_6,1245.7,919.4,1133.0
10467724,stimulus_Arg_PISACowsMilk_10_page_6,1246.5,917.9,1132.0
10467725,stimulus_Arg_PISACowsMilk_10_page_6,1247.2,917.0,1131.0
10467726,stimulus_Arg_PISACowsMilk_10_page_6,1248.7,915.5,1131.0
10467727,stimulus_Arg_PISACowsMilk_10_page_6,1250.2,914.6,1131.0
10467728,stimulus_Arg_PISACowsMilk_10_page_6,1251.8,913.2,1131.0
10467729,stimulus_Arg_PISACowsMilk_10_page_6,1253.2,912.5,1131.0
10467730,stimulus_Arg_PISACowsMilk_10_page_6,1254.1,912.1,1131.0
10467731,stimulus_Arg_PISACowsMilk_10_page_6,1254.8,912.0,1131.0
10467732,stimulus_Arg_PISACowsMilk_10_page_6,1254.9,911.7,1130.0
10467733,stimulus_Arg_PISACowsMilk_10_page_6,1255.1,911.4,1128.0
10467734,stimulus_Arg_PISACowsMilk_10_page_6,1255.1,911.2,1126.0
10467735,stimulus_Arg_PISACowsMilk_10_page_6,1255.0,911.2,1126.0
10467736,stimulus_Arg_PISACowsMilk_10_page_6,1254.2,911.9,1127.0
10467737,stimulus_Arg_PISACowsMilk_10_page_6,1253.4,912.7,1128.0
10467738,stimulus_Arg_PISACowsMilk_10_page_6,1252.9,913.5,1128.0
10467739,stimulus_Arg_PISACowsMilk_10_page_6,1253.0,913.8,1128.0
10467740,stimulus_Arg_PISACowsMilk_10_page_6,1253.2,914.0,1128.0
10467741,stimulus_Arg_PISACowsMilk_10_page_6,1253.0,914.1,1128.0
10467742,stimulus_Arg_PISACowsMilk_10_page_6,1252.9,914.0,1128.0
10467743,stimulus_Arg_PISACowsMilk_10_page_6,1252.7,913.9,1128.0
10467744,stimulus_Arg_PISACowsMilk_10_page_6,1252.6,913.8,1128.0
10467745,stimulus_Arg_PISACowsMilk_10_page_6,1252.3,913.7,1128.0
10467746,stimulus_Arg_PISACowsMilk_10_page_6,1251.8,913.7,1128.0
10467747,stimulus_Arg_PISACowsMilk_10_page_6,1251.3,913.8,1128.0
10467748,stimulus_Arg_PISACowsMilk_10_page_6,1251.2,913.9,1129.0
10467749,stimulus_Arg_PISACowsMilk_10_page_6,1251.4,914.0,1129.0
10467750,stimulus_Arg_PISACowsMilk_10_page_6,1251.6,914.2,1129.0
10467751,stimulus_Arg_PISACowsMilk_10_page_6,1251.5,914.9,1129.0
10467752,stimulus_Arg_PISACowsMilk_10_page_6,1251.3,915.6,1129.0
10467753,stimulus_Arg_PISACowsMilk_10_page_6,1251.0,916.0,1129.0
10467754,stimulus_Arg_PISACowsMilk_10_page_6,1250.7,915.8,1129.0
10467755,stimulus_Arg_PISACowsMilk_10_page_6,1250.4,915.6,1130.0
10467756,stimulus_Arg_PISACowsMilk_10_page_6,1250.2,915.2,1131.0
10467757,stimulus_Arg_PISACowsMilk_10_page_6,1250.2,914.9,1133.0
10467758,stimulus_Arg_PISACowsMilk_10_page_6,1250.3,914.9,1134.0
10467759,stimulus_Arg_PISACowsMilk_10_page_6,1250.5,915.2,1134.0
10467760,stimulus_Arg_PISACowsMilk_10_page_6,1250.4,915.5,1133.0
10467761,stimulus_Arg_PISACowsMilk_10_page_6,1250.6,915.6,1133.0
10467762,stimulus_Arg_PISACowsMilk_10_page_6,1250.8,915.7,1132.0
10467763,stimulus_Arg_PISACowsMilk_10_page_6,1250.8,915.8,1132.0
10467764,stimulus_Arg_PISACowsMilk_10_page_6,1250.7,915.9,1131.0
10467765,stimulus_Arg_PISACowsMilk_10_page_6,1250.6,915.9,1131.0
10467766,stimulus_Arg_PISACowsMilk_10_page_6,1250.6,915.9,1132.0
10467767,stimulus_Arg_PISACowsMilk_10_page_6,1250.5,915.6,1133.0
10467768,stimulus_Arg_PISACowsMilk_10_page_6,1250.8,915.3,1134.0
10467769,stimulus_Arg_PISACowsMilk_10_page_6,1251.1,915.0,1135.0
10467770,stimulus_Arg_PISACowsMilk_10_page_6,1251.4,914.8,1135.0
10467771,stimulus_Arg_PISACowsMilk_10_page_6,1251.4,914.7,1135.0
10467772,stimulus_Arg_PISACowsMilk_10_page_6,1251.5,914.6,1136.0
10467773,stimulus_Arg_PISACowsMilk_10_page_6,1251.6,914.7,1136.0
10467774,stimulus_Arg_PISACowsMilk_10_page_6,1251.6,914.6,1137.0
10467775,stimulus_Arg_PISACowsMilk_10_page_6,1251.5,914.4,1136.0
10467776,stimulus_Arg_PISACowsMilk_10_page_6,1251.6,914.3,1135.0
10467777,stimulus_Arg_PISACowsMilk_10_page_6,1251.6,914.5,1134.0
10467778,stimulus_Arg_PISACowsMilk_10_page_6,1251.6,915.0,1134.0
10467779,stimulus_Arg_PISACowsMilk_10_page_6,1251.6,915.4,1135.0
10467780,stimulus_Arg_PISACowsMilk_10_page_6,1251.7,915.6,1135.0
10467781,stimulus_Arg_PISACowsMilk_10_page_6,1251.7,915.6,1135.0
10467782,stimulus_Arg_PISACowsMilk_10_page_6,1251.7,915.6,1135.0
10467783,stimulus_Arg_PISACowsMilk_10_page_6,1251.7,915.2,1135.0
10467784,stimulus_Arg_PISACowsMilk_10_page_6,1251.9,914.7,1134.0
10467785,stimulus_Arg_PISACowsMilk_10_page_6,1252.1,914.2,1133.0
10467786,stimulus_Arg_PISACowsMilk_10_page_6,1252.3,914.0,1132.0
10467787,stimulus_Arg_PISACowsMilk_10_page_6,1252.2,914.0,1132.0
10467788,stimulus_Arg_PISACowsMilk_10_page_6,1252.2,914.0,1133.0
10467789,stimulus_Arg_PISACowsMilk_10_page_6,1252.2,914.0,1133.0
10467790,stimulus_Arg_PISACowsMilk_10_page_6,1252.2,913.9,1134.0
10467791,stimulus_Arg_PISACowsMilk_10_page_6,1252.2,913.8,1134.0
10467792,stimulus_Arg_PISACowsMilk_10_page_6,1252.2,913.7,1134.0
10467793,stimulus_Arg_PISACowsMilk_10_page_6,1252.2,913.7,1134.0
10467794,stimulus_Arg_PISACowsMilk_10_page_6,1252.2,913.9,1134.0
10467795,stimulus_Arg_PISACowsMilk_10_page_6,1252.1,914.0,1134.0
10467796,stimulus_Arg_PISACowsMilk_10_page_6,1252.0,914.1,1134.0
10467797,stimulus_Arg_PISACowsMilk_10_page_6,1252.0,914.2,1133.0
10467798,stimulus_Arg_PISACowsMilk_10_page_6,1252.0,914.3,1132.0
10467799,stimulus_Arg_PISACowsMilk_10_page_6,1252.2,914.5,1131.0
10467800,stimulus_Arg_PISACowsMilk_10_page_6,1252.5,914.5,1132.0
10467801,stimulus_Arg_PISACowsMilk_10_page_6,1252.7,914.3,1133.0
10467802,stimulus_Arg_PISACowsMilk_10_page_6,1252.8,914.2,1132.0
10467803,stimulus_Arg_PISACowsMilk_10_page_6,1252.8,913.9,1131.0
10467804,stimulus_Arg_PISACowsMilk_10_page_6,1252.8,913.7,1131.0
10467805,stimulus_Arg_PISACowsMilk_10_page_6,1252.9,913.6,1130.0
10467806,stimulus_Arg_PISACowsMilk_10_page_6,1252.9,913.7,1130.0
10467807,stimulus_Arg_PISACowsMilk_10_page_6,1253.0,913.7,1130.0
10467808,stimulus_Arg_PISACowsMilk_10_page_6,1253.1,913.5,1130.0
10467809,stimulus_Arg_PISACowsMilk_10_page_6,1253.2,913.3,1130.0
10467810,stimulus_Arg_PISACowsMilk_10_page_6,1253.5,913.2,1130.0
10467811,stimulus_Arg_PISACowsMilk_10_page_6,1253.8,913.1,1131.0
10467812,stimulus_Arg_PISACowsMilk_10_page_6,1254.1,912.9,1132.0
10467813,stimulus_Arg_PISACowsMilk_10_page_6,1254.2,912.8,1132.0
10467814,stimulus_Arg_PISACowsMilk_10_page_6,1254.3,912.8,1130.0
10467815,stimulus_Arg_PISACowsMilk_10_page_6,1254.3,912.7,1129.0
10467816,stimulus_Arg_PISACowsMilk_10_page_6,1254.3,912.6,1129.0
10467817,stimulus_Arg_PISACowsMilk_10_page_6,1254.3,912.7,1129.0
10467818,stimulus_Arg_PISACowsMilk_10_page_6,1254.0,912.9,1130.0
10467819,stimulus_Arg_PISACowsMilk_10_page_6,1253.8,912.9,1129.0
10467820,stimulus_Arg_PISACowsMilk_10_page_6,1253.5,912.7,1129.0
10467821,stimulus_Arg_PISACowsMilk_10_page_6,1253.4,912.5,1129.0
10467822,stimulus_Arg_PISACowsMilk_10_page_6,1253.5,913.0,1129.0
10467823,stimulus_Arg_PISACowsMilk_10_page_6,1253.6,913.4,1130.0
10467824,stimulus_Arg_PISACowsMilk_10_page_6,1253.8,913.8,1131.0
10467825,stimulus_Arg_PISACowsMilk_10_page_6,1254.0,913.7,1133.0
10467826,stimulus_Arg_PISACowsMilk_10_page_6,1254.0,913.5,1134.0
10467827,stimulus_Arg_PISACowsMilk_10_page_6,1254.0,913.1,1134.0
10467828,stimulus_Arg_PISACowsMilk_10_page_6,1254.1,912.8,1134.0
10467829,stimulus_Arg_PISACowsMilk_10_page_6,1254.4,912.6,1135.0
10467830,stimulus_Arg_PISACowsMilk_10_page_6,1254.6,912.6,1135.0
10467831,stimulus_Arg_PISACowsMilk_10_page_6,1254.8,912.7,1135.0
10467832,stimulus_Arg_PISACowsMilk_10_page_6,1254.8,912.8,1135.0
10467833,stimulus_Arg_PISACowsMilk_10_page_6,1254.6,912.9,1135.0
10467834,stimulus_Arg_PISACowsMilk_10_page_6,1254.5,912.9,1135.0
10467835,stimulus_Arg_PISACowsMilk_10_page_6,1254.3,912.4,1134.0
10467836,stimulus_Arg_PISACowsMilk_10_page_6,1254.4,911.9,1134.0
10467837,stimulus_Arg_PISACowsMilk_10_page_6,1254.5,911.3,1134.0
10467838,stimulus_Arg_PISACowsMilk_10_page_6,1254.5,911.1,1134.0
10467839,stimulus_Arg_PISACowsMilk_10_page_6,1254.5,911.0,1134.0
10467840,stimulus_Arg_PISACowsMilk_10_page_6,1254.3,911.1,1134.0
10467841,stimulus_Arg_PISACowsMilk_10_page_6,1254.1,911.5,1133.0
10467842,stimulus_Arg_PISACowsMilk_10_page_6,1253.9,911.9,1133.0
10467843,stimulus_Arg_PISACowsMilk_10_page_6,1253.9,912.0,1133.0
10467844,stimulus_Arg_PISACowsMilk_10_page_6,1253.8,912.0,1133.0
10467845,stimulus_Arg_PISACowsMilk_10_page_6,1253.7,912.2,1133.0
10467846,stimulus_Arg_PISACowsMilk_10_page_6,1253.6,912.6,1134.0
10467847,stimulus_Arg_PISACowsMilk_10_page_6,1253.5,912.9,1134.0
10467848,stimulus_Arg_PISACowsMilk_10_page_6,1253.6,913.0,1135.0
10467849,stimulus_Arg_PISACowsMilk_10_page_6,1253.8,912.9,1135.0
10467850,stimulus_Arg_PISACowsMilk_10_page_6,1254.1,912.9,1136.0
10467851,stimulus_Arg_PISACowsMilk_10_page_6,1254.2,913.1,1136.0
10467852,stimulus_Arg_PISACowsMilk_10_page_6,1254.2,913.2,1136.0
10467853,stimulus_Arg_PISACowsMilk_10_page_6,1254.2,913.2,1136.0
10467854,stimulus_Arg_PISACowsMilk_10_page_6,1254.3,913.3,1134.0
10467855,stimulus_Arg_PISACowsMilk_10_page_6,1254.5,913.4,1133.0
10467856,stimulus_Arg_PISACowsMilk_10_page_6,1254.6,913.4,1132.0
10467857,stimulus_Arg_PISACowsMilk_10_page_6,1254.6,913.5,1131.0
10467858,stimulus_Arg_PISACowsMilk_10_page_6,1254.3,913.5,1133.0
10467859,stimulus_Arg_PISACowsMilk_10_page_6,1254.0,913.5,1134.0
10467860,stimulus_Arg_PISACowsMilk_10_page_6,1253.8,913.8,1135.0
10467861,stimulus_Arg_PISACowsMilk_10_page_6,1253.9,914.0,1134.0
10467862,stimulus_Arg_PISACowsMilk_10_page_6,1254.0,914.2,1133.0
10467863,stimulus_Arg_PISACowsMilk_10_page_6,1254.1,914.2,1133.0
10467864,stimulus_Arg_PISACowsMilk_10_page_6,1254.2,914.2,1134.0
10467865,stimulus_Arg_PISACowsMilk_10_page_6,1254.3,914.2,1133.0
10467866,stimulus_Arg_PISACowsMilk_10_page_6,1254.6,914.2,1133.0
10467867,stimulus_Arg_PISACowsMilk_10_page_6,1254.8,914.3,1133.0
10467868,stimulus_Arg_PISACowsMilk_10_page_6,1255.0,914.5,1132.0
10467869,stimulus_Arg_PISACowsMilk_10_page_6,1255.1,914.8,1133.0
10467870,stimulus_Arg_PISACowsMilk_10_page_6,1254.9,915.1,1134.0
10467871,stimulus_Arg_PISACowsMilk_10_page_6,1254.6,915.2,1135.0
10467872,stimulus_Arg_PISACowsMilk_10_page_6,1254.5,914.9,1135.0
10467873,stimulus_Arg_PISACowsMilk_10_page_6,1254.7,914.6,1134.0
10467874,stimulus_Arg_PISACowsMilk_10_page_6,1254.9,914.3,1134.0
10467875,stimulus_Arg_PISACowsMilk_10_page_6,1254.9,914.2,1133.0
10467876,stimulus_Arg_PISACowsMilk_10_page_6,1255.0,914.2,1132.0
10467877,stimulus_Arg_PISACowsMilk_10_page_6,1255.0,914.1,1132.0
10467878,stimulus_Arg_PISACowsMilk_10_page_6,1255.0,914.1,1131.0
10467879,stimulus_Arg_PISACowsMilk_10_page_6,1255.0,914.0,1130.0
10467880,stimulus_Arg_PISACowsMilk_10_page_6,1255.0,914.3,1130.0
10467881,stimulus_Arg_PISACowsMilk_10_page_6,1255.0,914.6,1129.0
10467882,stimulus_Arg_PISACowsMilk_10_page_6,1255.0,914.8,1129.0
10467883,stimulus_Arg_PISACowsMilk_10_page_6,1255.0,914.9,1128.0
10467884,stimulus_Arg_PISACowsMilk_10_page_6,1255.0,915.0,1129.0
10467885,stimulus_Arg_PISACowsMilk_10_page_6,1255.1,915.0,1130.0
10467886,stimulus_Arg_PISACowsMilk_10_page_6,1255.2,914.9,1131.0
10467887,stimulus_Arg_PISACowsMilk_10_page_6,1255.3,914.9,1129.0
10467888,stimulus_Arg_PISACowsMilk_10_page_6,1255.3,915.0,1129.0
10467889,stimulus_Arg_PISACowsMilk_10_page_6,1255.4,915.1,1129.0
10467890,stimulus_Arg_PISACowsMilk_10_page_6,1255.4,915.3,1128.0
10467891,stimulus_Arg_PISACowsMilk_10_page_6,1255.5,915.6,1128.0
10467892,stimulus_Arg_PISACowsMilk_10_page_6,1255.5,915.8,1129.0
10467893,stimulus_Arg_PISACowsMilk_10_page_6,1255.6,915.9,1131.0
10467894,stimulus_Arg_PISACowsMilk_10_page_6,1255.6,916.0,1132.0
10467895,stimulus_Arg_PISACowsMilk_10_page_6,1255.6,916.0,1131.0
10467896,stimulus_Arg_PISACowsMilk_10_page_6,1255.6,916.0,1130.0
10467897,stimulus_Arg_PISACowsMilk_10_page_6,1255.7,915.9,1129.0
10467898,stimulus_Arg_PISACowsMilk_10_page_6,1255.8,915.6,1130.0
10467899,stimulus_Arg_PISACowsMilk_10_page_6,1255.9,915.2,1130.0
10467900,stimulus_Arg_PISACowsMilk_10_page_6,1256.0,914.8,1129.0
10467901,stimulus_Arg_PISACowsMilk_10_page_6,1256.3,914.2,1129.0
10467902,stimulus_Arg_PISACowsMilk_10_page_6,1256.5,913.6,1129.0
10467903,stimulus_Arg_PISACowsMilk_10_page_6,1256.7,913.1,1129.0
10467904,stimulus_Arg_PISACowsMilk_10_page_6,1256.8,913.2,1130.0
10467905,stimulus_Arg_PISACowsMilk_10_page_6,1256.9,913.3,1129.0
10467906,stimulus_Arg_PISACowsMilk_10_page_6,1257.0,913.6,1129.0
10467907,stimulus_Arg_PISACowsMilk_10_page_6,1257.0,913.9,1129.0
10467908,stimulus_Arg_PISACowsMilk_10_page_6,1256.8,914.3,1129.0
10467909,stimulus_Arg_PISACowsMilk_10_page_6,1256.6,914.6,1128.0
10467910,stimulus_Arg_PISACowsMilk_10_page_6,1256.6,914.9,1127.0
10467911,stimulus_Arg_PISACowsMilk_10_page_6,1256.8,915.2,1125.0
10467912,stimulus_Arg_PISACowsMilk_10_page_6,1257.0,915.3,1126.0
10467913,stimulus_Arg_PISACowsMilk_10_page_6,1257.0,915.5,1126.0
10467914,stimulus_Arg_PISACowsMilk_10_page_6,1257.1,915.7,1127.0
10467915,stimulus_Arg_PISACowsMilk_10_page_6,1257.3,915.4,1128.0
10467916,stimulus_Arg_PISACowsMilk_10_page_6,1257.5,915.0,1129.0
10467917,stimulus_Arg_PISACowsMilk_10_page_6,1257.7,914.5,1129.0
10467918,stimulus_Arg_PISACowsMilk_10_page_6,1257.7,914.7,1129.0
10467919,stimulus_Arg_PISACowsMilk_10_page_6,1257.7,914.9,1129.0
10467920,stimulus_Arg_PISACowsMilk_10_page_6,1257.7,915.3,1129.0
10467921,stimulus_Arg_PISACowsMilk_10_page_6,1257.7,915.6,1130.0
10467922,stimulus_Arg_PISACowsMilk_10_page_6,1257.6,916.2,1130.0
10467923,stimulus_Arg_PISACowsMilk_10_page_6,1257.5,916.6,1130.0
10467924,stimulus_Arg_PISACowsMilk_10_page_6,1257.4,916.9,1129.0
10467925,stimulus_Arg_PISACowsMilk_10_page_6,1257.3,916.8,1128.0
10467926,stimulus_Arg_PISACowsMilk_10_page_6,1257.2,916.6,1127.0
10467927,stimulus_Arg_PISACowsMilk_10_page_6,1257.0,916.5,1127.0
10467928,stimulus_Arg_PISACowsMilk_10_page_6,1257.0,916.7,1128.0
10467929,stimulus_Arg_PISACowsMilk_10_page_6,1257.0,917.0,1129.0
10467930,stimulus_Arg_PISACowsMilk_10_page_6,1257.2,917.3,1130.0
10467931,stimulus_Arg_PISACowsMilk_10_page_6,1257.4,917.4,1131.0
10467932,stimulus_Arg_PISACowsMilk_10_page_6,1257.6,917.2,1131.0
10467933,stimulus_Arg_PISACowsMilk_10_page_6,1257.7,916.9,1131.0
10467934,stimulus_Arg_PISACowsMilk_10_page_6,1257.8,916.6,1131.0
10467935,stimulus_Arg_PISACowsMilk_10_page_6,1257.8,916.3,1130.0
10467936,stimulus_Arg_PISACowsMilk_10_page_6,1257.8,916.2,1130.0
10467937,stimulus_Arg_PISACowsMilk_10_page_6,1257.8,916.5,1130.0
10467938,stimulus_Arg_PISACowsMilk_10_page_6,1257.5,917.0,1130.0
10467939,stimulus_Arg_PISACowsMilk_10_page_6,1257.3,917.2,1130.0
10467940,stimulus_Arg_PISACowsMilk_10_page_6,1257.2,917.0,1130.0
10467941,stimulus_Arg_PISACowsMilk_10_page_6,1257.4,916.7,1131.0
10467942,stimulus_Arg_PISACowsMilk_10_page_6,1257.5,916.7,1131.0
10467943,stimulus_Arg_PISACowsMilk_10_page_6,1257.4,916.7,1130.0
10467944,stimulus_Arg_PISACowsMilk_10_page_6,1257.3,916.8,1130.0
10467945,stimulus_Arg_PISACowsMilk_10_page_6,1257.2,917.0,1129.0
10467946,stimulus_Arg_PISACowsMilk_10_page_6,1257.3,917.2,1129.0
10467947,stimulus_Arg_PISACowsMilk_10_page_6,1257.5,917.3,1128.0
10467948,stimulus_Arg_PISACowsMilk_10_page_6,1257.7,917.1,1128.0
10467949,stimulus_Arg_PISACowsMilk_10_page_6,1257.7,917.0,1129.0
10467950,stimulus_Arg_PISACowsMilk_10_page_6,1257.7,916.9,1129.0
10467951,stimulus_Arg_PISACowsMilk_10_page_6,1257.6,917.7,1130.0
10467952,stimulus_Arg_PISACowsMilk_10_page_6,1257.5,918.5,1131.0
10467953,stimulus_Arg_PISACowsMilk_10_page_6,1257.3,919.4,1131.0
10467954,stimulus_Arg_PISACowsMilk_10_page_6,1257.2,919.4,1130.0
10467955,stimulus_Arg_PISACowsMilk_10_page_6,1257.3,919.5,1129.0
10467956,stimulus_Arg_PISACowsMilk_10_page_6,1257.5,919.5,1128.0
10467957,stimulus_Arg_PISACowsMilk_10_page_6,1257.4,919.5,1129.0
10467958,stimulus_Arg_PISACowsMilk_10_page_6,1257.1,919.5,1128.0
10467959,stimulus_Arg_PISACowsMilk_10_page_6,1257.0,919.9,1129.0
10467960,stimulus_Arg_PISACowsMilk_10_page_6,1257.2,920.4,1129.0
10467961,stimulus_Arg_PISACowsMilk_10_page_6,1257.3,920.8,1129.0
10467962,stimulus_Arg_PISACowsMilk_10_page_6,1257.4,920.7,1129.0
10467963,stimulus_Arg_PISACowsMilk_10_page_6,1257.4,920.7,1129.0
10467964,stimulus_Arg_PISACowsMilk_10_page_6,1257.4,920.9,1128.0
10467965,stimulus_Arg_PISACowsMilk_10_page_6,1257.4,921.3,1128.0
10467966,stimulus_Arg_PISACowsMilk_10_page_6,1257.4,921.6,1128.0
10467967,stimulus_Arg_PISACowsMilk_10_page_6,1257.6,921.6,1128.0
10467968,stimulus_Arg_PISACowsMilk_10_page_6,1257.8,921.4,1128.0
10467969,stimulus_Arg_PISACowsMilk_10_page_6,1257.9,921.0,1127.0
10467970,stimulus_Arg_PISACowsMilk_10_page_6,1257.9,920.8,1126.0
10467971,stimulus_Arg_PISACowsMilk_10_page_6,1257.9,921.0,1126.0
10467972,stimulus_Arg_PISACowsMilk_10_page_6,1258.0,921.4,1126.0
10467973,stimulus_Arg_PISACowsMilk_10_page_6,1258.0,921.5,1125.0
10467974,stimulus_Arg_PISACowsMilk_10_page_6,1258.2,921.3,1123.0
10467975,stimulus_Arg_PISACowsMilk_10_page_6,1258.5,921.1,1121.0
10467976,stimulus_Arg_PISACowsMilk_10_page_6,1258.7,921.0,1121.0
10467977,stimulus_Arg_PISACowsMilk_10_page_6,1258.7,921.0,1121.0
10467978,stimulus_Arg_PISACowsMilk_10_page_6,1258.8,921.1,1121.0
10467979,stimulus_Arg_PISACowsMilk_10_page_6,1258.9,921.2,1121.0
10467980,stimulus_Arg_PISACowsMilk_10_page_6,1259.0,921.1,1121.0
10467981,stimulus_Arg_PISACowsMilk_10_page_6,1258.9,921.0,1120.0
10467982,stimulus_Arg_PISACowsMilk_10_page_6,1258.9,920.9,1121.0
10467983,stimulus_Arg_PISACowsMilk_10_page_6,1259.0,921.4,1121.0
10467984,stimulus_Arg_PISACowsMilk_10_page_6,1259.0,921.9,1121.0
10467985,stimulus_Arg_PISACowsMilk_10_page_6,1259.0,922.1,1120.0
10467986,stimulus_Arg_PISACowsMilk_10_page_6,1259.0,921.9,1120.0
10467987,stimulus_Arg_PISACowsMilk_10_page_6,1259.0,921.7,1121.0
10467988,stimulus_Arg_PISACowsMilk_10_page_6,1259.2,921.7,1122.0
10467989,stimulus_Arg_PISACowsMilk_10_page_6,1259.4,922.1,1122.0
10467990,stimulus_Arg_PISACowsMilk_10_page_6,1259.7,922.5,1123.0
10467991,stimulus_Arg_PISACowsMilk_10_page_6,1259.9,922.9,1123.0
10467992,stimulus_Arg_PISACowsMilk_10_page_6,1260.1,923.0,1124.0
10467993,stimulus_Arg_PISACowsMilk_10_page_6,1260.4,923.1,1124.0
10467994,stimulus_Arg_PISACowsMilk_10_page_6,1260.7,923.2,1124.0
10467995,stimulus_Arg_PISACowsMilk_10_page_6,1260.8,923.2,1124.0
10467996,stimulus_Arg_PISACowsMilk_10_page_6,1260.6,922.9,1125.0
10467997,stimulus_Arg_PISACowsMilk_10_page_6,1260.3,922.5,1124.0
10467998,stimulus_Arg_PISACowsMilk_10_page_6,1260.2,922.1,1123.0
10467999,stimulus_Arg_PISACowsMilk_10_page_6,1260.2,922.1,1123.0
10468000,stimulus_Arg_PISACowsMilk_10_page_6,1260.3,922.2,1122.0
10468001,stimulus_Arg_PISACowsMilk_10_page_6,1260.3,922.3,1121.0
10468002,stimulus_Arg_PISACowsMilk_10_page_6,1260.6,922.5,1121.0
10468003,stimulus_Arg_PISACowsMilk_10_page_6,1260.8,922.5,1121.0
10468004,stimulus_Arg_PISACowsMilk_10_page_6,1261.1,922.6,1121.0
10468005,stimulus_Arg_PISACowsMilk_10_page_6,1261.1,922.7,1122.0
10468006,stimulus_Arg_PISACowsMilk_10_page_6,1261.0,922.9,1122.0
10468007,stimulus_Arg_PISACowsMilk_10_page_6,1260.8,923.4,1122.0
10468008,stimulus_Arg_PISACowsMilk_10_page_6,1260.6,923.9,1123.0
10468009,stimulus_Arg_PISACowsMilk_10_page_6,1260.6,924.0,1123.0
10468010,stimulus_Arg_PISACowsMilk_10_page_6,1260.6,923.9,1123.0
10468011,stimulus_Arg_PISACowsMilk_10_page_6,1260.6,923.7,1123.0
10468012,stimulus_Arg_PISACowsMilk_10_page_6,1260.6,923.8,1123.0
10468013,stimulus_Arg_PISACowsMilk_10_page_6,1260.6,924.0,1123.0
10468014,stimulus_Arg_PISACowsMilk_10_page_6,1260.5,924.1,1123.0
10468015,stimulus_Arg_PISACowsMilk_10_page_6,1260.5,924.4,1123.0
10468016,stimulus_Arg_PISACowsMilk_10_page_6,1260.4,924.7,1123.0
10468017,stimulus_Arg_PISACowsMilk_10_page_6,1260.4,924.8,1124.0
10468018,stimulus_Arg_PISACowsMilk_10_page_6,1260.5,924.6,1124.0
10468019,stimulus_Arg_PISACowsMilk_10_page_6,1260.3,924.0,1124.0
10468020,stimulus_Arg_PISACowsMilk_10_page_6,1260.0,923.4,1125.0
10468021,stimulus_Arg_PISACowsMilk_10_page_6,1260.0,922.9,1125.0
10468022,stimulus_Arg_PISACowsMilk_10_page_6,1260.4,922.3,1124.0
10468023,stimulus_Arg_PISACowsMilk_10_page_6,1260.9,921.6,1123.0
10468024,stimulus_Arg_PISACowsMilk_10_page_6,1261.1,921.0,1122.0
10468025,stimulus_Arg_PISACowsMilk_10_page_6,1260.8,920.7,1123.0
10468026,stimulus_Arg_PISACowsMilk_10_page_6,1260.5,920.8,1123.0
10468027,stimulus_Arg_PISACowsMilk_10_page_6,1260.4,920.7,1124.0
10468028,stimulus_Arg_PISACowsMilk_10_page_6,1260.6,920.5,1124.0
10468029,stimulus_Arg_PISACowsMilk_10_page_6,1260.8,920.3,1125.0
10468030,stimulus_Arg_PISACowsMilk_10_page_6,1260.8,920.3,1125.0
10468031,stimulus_Arg_PISACowsMilk_10_page_6,1260.8,920.4,1126.0
10468032,stimulus_Arg_PISACowsMilk_10_page_6,1260.9,920.5,1126.0
10468033,stimulus_Arg_PISACowsMilk_10_page_6,1260.7,920.5,1126.0
10468034,stimulus_Arg_PISACowsMilk_10_page_6,1260.5,920.7,1125.0
10468035,stimulus_Arg_PISACowsMilk_10_page_6,1260.2,920.8,1126.0
10468036,stimulus_Arg_PISACowsMilk_10_page_6,1260.2,920.7,1127.0
10468037,stimulus_Arg_PISACowsMilk_10_page_6,1259.9,920.6,1128.0
10468038,stimulus_Arg_PISACowsMilk_10_page_6,1259.5,920.4,1127.0
10468039,stimulus_Arg_PISACowsMilk_10_page_6,1259.3,920.4,1127.0
10468040,stimulus_Arg_PISACowsMilk_10_page_6,1259.3,920.4,1127.0
10468041,stimulus_Arg_PISACowsMilk_10_page_6,1259.3,920.1,1127.0
10468042,stimulus_Arg_PISACowsMilk_10_page_6,1259.5,919.9,1125.0
10468043,stimulus_Arg_PISACowsMilk_10_page_6,1259.7,919.7,1123.0
10468044,stimulus_Arg_PISACowsMilk_10_page_6,1259.9,919.7,1122.0
10468045,stimulus_Arg_PISACowsMilk_10_page_6,1259.9,919.8,1122.0
10468046,stimulus_Arg_PISACowsMilk_10_page_6,1259.9,919.9,1122.0
10468047,stimulus_Arg_PISACowsMilk_10_page_6,1259.8,920.0,1122.0
10468048,stimulus_Arg_PISACowsMilk_10_page_6,1259.9,920.2,1122.0
10468049,stimulus_Arg_PISACowsMilk_10_page_6,1260.2,920.2,1123.0
10468050,stimulus_Arg_PISACowsMilk_10_page_6,1260.5,919.9,1123.0
10468051,stimulus_Arg_PISACowsMilk_10_page_6,1260.8,919.6,1123.0
10468052,stimulus_Arg_PISACowsMilk_10_page_6,1260.9,919.4,1124.0
10468053,stimulus_Arg_PISACowsMilk_10_page_6,1261.0,919.5,1124.0
10468054,stimulus_Arg_PISACowsMilk_10_page_6,1261.0,919.5,1124.0
10468055,stimulus_Arg_PISACowsMilk_10_page_6,1261.0,919.5,1125.0
10468056,stimulus_Arg_PISACowsMilk_10_page_6,1261.1,919.4,1127.0
10468057,stimulus_Arg_PISACowsMilk_10_page_6,1261.2,919.3,1129.0
10468058,stimulus_Arg_PISACowsMilk_10_page_6,1261.4,919.4,1129.0
10468059,stimulus_Arg_PISACowsMilk_10_page_6,1261.6,919.6,1129.0
10468060,stimulus_Arg_PISACowsMilk_10_page_6,1261.6,919.9,1129.0
10468061,stimulus_Arg_PISACowsMilk_10_page_6,1261.6,920.3,1129.0
10468062,stimulus_Arg_PISACowsMilk_10_page_6,1261.5,920.6,1129.0
10468063,stimulus_Arg_PISACowsMilk_10_page_6,1261.5,920.8,1130.0
10468064,stimulus_Arg_PISACowsMilk_10_page_6,1261.3,920.9,1130.0
10468065,stimulus_Arg_PISACowsMilk_10_page_6,1260.9,921.2,1130.0
10468066,stimulus_Arg_PISACowsMilk_10_page_6,1260.6,921.4,1130.0
10468067,stimulus_Arg_PISACowsMilk_10_page_6,1260.5,921.6,1130.0
10468068,stimulus_Arg_PISACowsMilk_10_page_6,1260.4,921.9,1130.0
10468069,stimulus_Arg_PISACowsMilk_10_page_6,1260.4,922.2,1132.0
10468070,stimulus_Arg_PISACowsMilk_10_page_6,1260.4,922.7,1133.0
10468071,stimulus_Arg_PISACowsMilk_10_page_6,1260.5,922.7,1134.0
10468072,stimulus_Arg_PISACowsMilk_10_page_6,1260.5,922.6,1134.0
10468073,stimulus_Arg_PISACowsMilk_10_page_6,1260.5,922.4,1135.0
10468074,stimulus_Arg_PISACowsMilk_10_page_6,1260.6,922.7,1136.0
10468075,stimulus_Arg_PISACowsMilk_10_page_6,1260.9,923.1,1136.0
10468076,stimulus_Arg_PISACowsMilk_10_page_6,1261.3,923.3,1136.0
10468077,stimulus_Arg_PISACowsMilk_10_page_6,1261.6,923.1,1135.0
10468078,stimulus_Arg_PISACowsMilk_10_page_6,1261.5,923.0,1135.0
10468079,stimulus_Arg_PISACowsMilk_10_page_6,1261.4,923.2,1136.0
10468080,stimulus_Arg_PISACowsMilk_10_page_6,1261.3,923.1,1137.0
10468081,stimulus_Arg_PISACowsMilk_10_page_6,1261.4,922.6,1138.0
10468082,stimulus_Arg_PISACowsMilk_10_page_6,1261.5,921.9,1138.0
10468083,stimulus_Arg_PISACowsMilk_10_page_6,1261.6,921.4,1137.0
10468084,stimulus_Arg_PISACowsMilk_10_page_6,1261.7,921.2,1136.0
10468085,stimulus_Arg_PISACowsMilk_10_page_6,1261.6,921.5,1135.0
10468086,stimulus_Arg_PISACowsMilk_10_page_6,1261.5,921.8,1135.0
10468087,stimulus_Arg_PISACowsMilk_10_page_6,1261.4,921.9,1135.0
10468088,stimulus_Arg_PISACowsMilk_10_page_6,1261.4,921.8,1135.0
10468089,stimulus_Arg_PISACowsMilk_10_page_6,1261.5,921.6,1135.0
10468090,stimulus_Arg_PISACowsMilk_10_page_6,1261.5,921.5,1135.0
10468091,stimulus_Arg_PISACowsMilk_10_page_6,1261.5,921.4,1135.0
10468092,stimulus_Arg_PISACowsMilk_10_page_6,1261.5,921.4,1136.0
10468093,stimulus_Arg_PISACowsMilk_10_page_6,1261.5,921.3,1137.0
10468094,stimulus_Arg_PISACowsMilk_10_page_6,1261.5,921.4,1138.0
10468095,stimulus_Arg_PISACowsMilk_10_page_6,1261.5,921.5,1137.0
10468096,stimulus_Arg_PISACowsMilk_10_page_6,1261.5,921.6,1137.0
10468097,stimulus_Arg_PISACowsMilk_10_page_6,1261.5,921.5,1137.0
10468098,stimulus_Arg_PISACowsMilk_10_page_6,1261.7,921.4,1137.0
10468099,stimulus_Arg_PISACowsMilk_10_page_6,1261.9,921.4,1137.0
10468100,stimulus_Arg_PISACowsMilk_10_page_6,1262.1,921.3,1136.0
10468101,stimulus_Arg_PISACowsMilk_10_page_6,1262.1,921.0,1135.0
10468102,stimulus_Arg_PISACowsMilk_10_page_6,1262.0,920.8,1134.0
10468103,stimulus_Arg_PISACowsMilk_10_page_6,1261.9,920.6,1134.0
10468104,stimulus_Arg_PISACowsMilk_10_page_6,1261.8,920.7,1134.0
10468105,stimulus_Arg_PISACowsMilk_10_page_6,1261.8,920.7,1134.0
10468106,stimulus_Arg_PISACowsMilk_10_page_6,1261.8,920.8,1134.0
10468107,stimulus_Arg_PISACowsMilk_10_page_6,1261.8,920.8,1134.0
10468108,stimulus_Arg_PISACowsMilk_10_page_6,1261.6,920.6,1134.0
10468109,stimulus_Arg_PISACowsMilk_10_page_6,1261.4,920.5,1133.0
10468110,stimulus_Arg_PISACowsMilk_10_page_6,1261.3,920.3,1133.0
10468111,stimulus_Arg_PISACowsMilk_10_page_6,1261.2,920.3,1133.0
10468112,stimulus_Arg_PISACowsMilk_10_page_6,1261.3,920.3,1132.0
10468113,stimulus_Arg_PISACowsMilk_10_page_6,1261.5,920.6,1131.0
10468114,stimulus_Arg_PISACowsMilk_10_page_6,1261.5,920.8,1131.0
10468115,stimulus_Arg_PISACowsMilk_10_page_6,1261.4,920.9,1131.0
10468116,stimulus_Arg_PISACowsMilk_10_page_6,1261.3,920.7,1131.0
10468117,stimulus_Arg_PISACowsMilk_10_page_6,1261.2,920.6,1131.0
10468118,stimulus_Arg_PISACowsMilk_10_page_6,1261.1,920.3,1131.0
10468119,stimulus_Arg_PISACowsMilk_10_page_6,1261.0,920.1,1133.0
10468120,stimulus_Arg_PISACowsMilk_10_page_6,1261.2,919.8,1134.0
10468121,stimulus_Arg_PISACowsMilk_10_page_6,1261.4,919.4,1135.0
10468122,stimulus_Arg_PISACowsMilk_10_page_6,1261.7,919.0,1134.0
10468123,stimulus_Arg_PISACowsMilk_10_page_6,1261.7,918.8,1132.0
10468124,stimulus_Arg_PISACowsMilk_10_page_6,1261.8,918.4,1132.0
10468125,stimulus_Arg_PISACowsMilk_10_page_6,1261.8,918.1,1132.0
10468126,stimulus_Arg_PISACowsMilk_10_page_6,1261.7,917.7,1134.0
10468127,stimulus_Arg_PISACowsMilk_10_page_6,1261.5,917.7,1135.0
10468128,stimulus_Arg_PISACowsMilk_10_page_6,1261.3,917.9,1136.0
10468129,stimulus_Arg_PISACowsMilk_10_page_6,1261.0,918.1,1136.0
10468130,stimulus_Arg_PISACowsMilk_10_page_6,1260.7,918.3,1137.0
10468131,stimulus_Arg_PISACowsMilk_10_page_6,1260.6,918.5,1138.0
10468132,stimulus_Arg_PISACowsMilk_10_page_6,1260.4,918.7,1138.0
10468133,stimulus_Arg_PISACowsMilk_10_page_6,1260.3,918.8,1138.0
10468134,stimulus_Arg_PISACowsMilk_10_page_6,1259.9,918.9,1138.0
10468135,stimulus_Arg_PISACowsMilk_10_page_6,1259.8,919.4,1139.0
10468136,stimulus_Arg_PISACowsMilk_10_page_6,1259.7,920.1,1139.0
10468137,stimulus_Arg_PISACowsMilk_10_page_6,1259.7,920.8,1139.0
10468138,stimulus_Arg_PISACowsMilk_10_page_6,1259.7,921.1,1139.0
10468139,stimulus_Arg_PISACowsMilk_10_page_6,1259.6,921.1,1138.0
10468140,stimulus_Arg_PISACowsMilk_10_page_6,1259.6,921.4,1138.0
10468141,stimulus_Arg_PISACowsMilk_10_page_6,1259.7,921.7,1137.0
10468142,stimulus_Arg_PISACowsMilk_10_page_6,1259.7,922.1,1137.0
10468143,stimulus_Arg_PISACowsMilk_10_page_6,1259.7,922.4,1137.0
10468144,stimulus_Arg_PISACowsMilk_10_page_6,1259.6,922.7,1137.0
10468145,stimulus_Arg_PISACowsMilk_10_page_6,1259.8,922.9,1137.0
10468146,stimulus_Arg_PISACowsMilk_10_page_6,1260.0,922.8,1136.0
10468147,stimulus_Arg_PISACowsMilk_10_page_6,1260.4,923.1,1136.0
10468148,stimulus_Arg_PISACowsMilk_10_page_6,1260.7,923.5,1135.0
10468149,stimulus_Arg_PISACowsMilk_10_page_6,1261.0,924.2,1135.0
10468150,stimulus_Arg_PISACowsMilk_10_page_6,1261.2,924.4,1135.0
10468151,stimulus_Arg_PISACowsMilk_10_page_6,1261.3,924.5,1135.0
10468152,stimulus_Arg_PISACowsMilk_10_page_6,1261.3,924.5,1134.0
10468153,stimulus_Arg_PISACowsMilk_10_page_6,1261.3,924.2,1134.0
10468154,stimulus_Arg_PISACowsMilk_10_page_6,1261.5,923.9,1134.0
10468155,stimulus_Arg_PISACowsMilk_10_page_6,1261.5,923.5,1134.0
10468156,stimulus_Arg_PISACowsMilk_10_page_6,1261.5,923.4,1133.0
10468157,stimulus_Arg_PISACowsMilk_10_page_6,1261.1,923.2,1132.0
10468158,stimulus_Arg_PISACowsMilk_10_page_6,1260.9,922.7,1131.0
10468159,stimulus_Arg_PISACowsMilk_10_page_6,1260.7,922.4,1131.0
10468160,stimulus_Arg_PISACowsMilk_10_page_6,1260.7,922.1,1130.0
10468161,stimulus_Arg_PISACowsMilk_10_page_6,1260.8,922.1,1131.0
10468162,stimulus_Arg_PISACowsMilk_10_page_6,1260.9,922.3,1133.0
10468163,stimulus_Arg_PISACowsMilk_10_page_6,1261.0,922.7,1135.0
10468164,stimulus_Arg_PISACowsMilk_10_page_6,1261.0,923.2,1135.0
10468165,stimulus_Arg_PISACowsMilk_10_page_6,1261.1,923.2,1135.0
10468166,stimulus_Arg_PISACowsMilk_10_page_6,1261.1,923.0,1137.0
10468167,stimulus_Arg_PISACowsMilk_10_page_6,1261.0,923.2,1139.0
10468168,stimulus_Arg_PISACowsMilk_10_page_6,1261.1,923.5,1140.0
10468169,stimulus_Arg_PISACowsMilk_10_page_6,1261.1,923.9,1139.0
10468170,stimulus_Arg_PISACowsMilk_10_page_6,1261.1,923.8,1139.0
10468171,stimulus_Arg_PISACowsMilk_10_page_6,1261.2,923.6,1139.0
10468172,stimulus_Arg_PISACowsMilk_10_page_6,1261.3,923.4,1139.0
10468173,stimulus_Arg_PISACowsMilk_10_page_6,1261.5,923.3,1140.0
10468174,stimulus_Arg_PISACowsMilk_10_page_6,1261.5,923.4,1140.0
10468175,stimulus_Arg_PISACowsMilk_10_page_6,1261.4,923.5,1139.0
10468176,stimulus_Arg_PISACowsMilk_10_page_6,1261.2,923.3,1138.0
10468177,stimulus_Arg_PISACowsMilk_10_page_6,1260.9,923.1,1138.0
10468178,stimulus_Arg_PISACowsMilk_10_page_6,1260.8,923.0,1139.0
10468179,stimulus_Arg_PISACowsMilk_10_page_6,1261.0,923.1,1141.0
10468180,stimulus_Arg_PISACowsMilk_10_page_6,1261.1,923.2,1143.0
10468181,stimulus_Arg_PISACowsMilk_10_page_6,1261.1,922.9,1144.0
10468182,stimulus_Arg_PISACowsMilk_10_page_6,1260.9,922.7,1144.0
10468183,stimulus_Arg_PISACowsMilk_10_page_6,1261.0,922.7,1144.0
10468184,stimulus_Arg_PISACowsMilk_10_page_6,1261.2,923.0,1143.0
10468185,stimulus_Arg_PISACowsMilk_10_page_6,1261.5,923.1,1142.0
10468186,stimulus_Arg_PISACowsMilk_10_page_6,1261.6,923.0,1141.0
10468187,stimulus_Arg_PISACowsMilk_10_page_6,1261.5,923.2,1141.0
10468188,stimulus_Arg_PISACowsMilk_10_page_6,1261.4,923.5,1142.0
10468189,stimulus_Arg_PISACowsMilk_10_page_6,1261.3,923.8,1143.0
10468190,stimulus_Arg_PISACowsMilk_10_page_6,1261.2,923.7,1144.0
10468191,stimulus_Arg_PISACowsMilk_10_page_6,1261.2,923.6,1145.0
10468192,stimulus_Arg_PISACowsMilk_10_page_6,1261.1,923.5,1146.0
10468193,stimulus_Arg_PISACowsMilk_10_page_6,1261.0,923.5,1145.0
10468194,stimulus_Arg_PISACowsMilk_10_page_6,1261.0,923.5,1144.0
10468195,stimulus_Arg_PISACowsMilk_10_page_6,1260.9,923.7,1143.0
10468196,stimulus_Arg_PISACowsMilk_10_page_6,1260.9,923.8,1142.0
10468197,stimulus_Arg_PISACowsMilk_10_page_6,1260.9,923.9,1142.0
10468198,stimulus_Arg_PISACowsMilk_10_page_6,1260.9,923.7,1142.0
10468199,stimulus_Arg_PISACowsMilk_10_page_6,1260.9,923.5,1142.0
10468200,stimulus_Arg_PISACowsMilk_10_page_6,1261.0,923.7,1142.0
10468201,stimulus_Arg_PISACowsMilk_10_page_6,1261.0,924.2,1143.0
10468202,stimulus_Arg_PISACowsMilk_10_page_6,1261.0,924.6,1143.0
10468203,stimulus_Arg_PISACowsMilk_10_page_6,1260.9,924.7,1143.0
10468204,stimulus_Arg_PISACowsMilk_10_page_6,1260.9,924.7,1142.0
10468205,stimulus_Arg_PISACowsMilk_10_page_6,1260.9,924.6,1141.0
10468206,stimulus_Arg_PISACowsMilk_10_page_6,1260.8,924.5,1141.0
10468207,stimulus_Arg_PISACowsMilk_10_page_6,1260.7,924.5,1144.0
10468208,stimulus_Arg_PISACowsMilk_10_page_6,1260.6,924.5,1147.0
10468209,stimulus_Arg_PISACowsMilk_10_page_6,1260.2,924.5,1149.0
10468210,stimulus_Arg_PISACowsMilk_10_page_6,1259.8,924.6,1149.0
10468211,stimulus_Arg_PISACowsMilk_10_page_6,1259.5,924.6,1149.0
10468212,stimulus_Arg_PISACowsMilk_10_page_6,1259.7,925.1,1149.0
10468213,stimulus_Arg_PISACowsMilk_10_page_6,1260.0,925.6,1149.0
10468214,stimulus_Arg_PISACowsMilk_10_page_6,1260.2,926.1,1149.0
10468215,stimulus_Arg_PISACowsMilk_10_page_6,1260.0,926.2,1148.0
10468216,stimulus_Arg_PISACowsMilk_10_page_6,1260.0,926.4,1148.0
10468217,stimulus_Arg_PISACowsMilk_10_page_6,1260.0,926.5,1149.0
10468218,stimulus_Arg_PISACowsMilk_10_page_6,1260.1,926.5,1149.0
10468219,stimulus_Arg_PISACowsMilk_10_page_6,1260.2,926.5,1151.0
10468220,stimulus_Arg_PISACowsMilk_10_page_6,1260.2,926.5,1152.0
10468221,stimulus_Arg_PISACowsMilk_10_page_6,1260.1,926.6,1153.0
10468222,stimulus_Arg_PISACowsMilk_10_page_6,1260.0,926.7,1153.0
10468223,stimulus_Arg_PISACowsMilk_10_page_6,1259.7,927.2,1154.0
10468224,stimulus_Arg_PISACowsMilk_10_page_6,1259.2,927.8,1154.0
10468225,stimulus_Arg_PISACowsMilk_10_page_6,1258.8,928.3,1153.0
10468226,stimulus_Arg_PISACowsMilk_10_page_6,1258.6,928.3,1153.0
10468227,stimulus_Arg_PISACowsMilk_10_page_6,1258.7,928.3,1152.0
10468228,stimulus_Arg_PISACowsMilk_10_page_6,1258.7,928.5,1151.0
10468229,stimulus_Arg_PISACowsMilk_10_page_6,1258.7,928.7,1150.0
10468230,stimulus_Arg_PISACowsMilk_10_page_6,1258.7,929.0,1151.0
10468231,stimulus_Arg_PISACowsMilk_10_page_6,1258.7,929.2,1152.0
10468232,stimulus_Arg_PISACowsMilk_10_page_6,1258.7,929.6,1153.0
10468233,stimulus_Arg_PISACowsMilk_10_page_6,1258.7,929.9,1154.0
10468234,stimulus_Arg_PISACowsMilk_10_page_6,1258.4,929.8,1154.0
10468235,stimulus_Arg_PISACowsMilk_10_page_6,1258.3,929.6,1155.0
10468236,stimulus_Arg_PISACowsMilk_10_page_6,1258.2,929.4,1154.0
10468237,stimulus_Arg_PISACowsMilk_10_page_6,1258.4,929.4,1153.0
10468238,stimulus_Arg_PISACowsMilk_10_page_6,1258.6,929.4,1153.0
10468239,stimulus_Arg_PISACowsMilk_10_page_6,1258.7,929.4,1153.0
10468240,stimulus_Arg_PISACowsMilk_10_page_6,1258.8,929.2,1153.0
10468241,stimulus_Arg_PISACowsMilk_10_page_6,1258.8,929.1,1154.0
10468242,stimulus_Arg_PISACowsMilk_10_page_6,1258.8,929.1,1155.0
10468243,stimulus_Arg_PISACowsMilk_10_page_6,1258.6,929.3,1155.0
10468244,stimulus_Arg_PISACowsMilk_10_page_6,1258.3,929.5,1156.0
10468245,stimulus_Arg_PISACowsMilk_10_page_6,1258.1,929.7,1156.0
10468246,stimulus_Arg_PISACowsMilk_10_page_6,1258.1,929.8,1155.0
10468247,stimulus_Arg_PISACowsMilk_10_page_6,1258.4,929.5,1155.0
10468248,stimulus_Arg_PISACowsMilk_10_page_6,1258.7,929.3,1155.0
10468249,stimulus_Arg_PISACowsMilk_10_page_6,1258.7,929.1,1155.0
10468250,stimulus_Arg_PISACowsMilk_10_page_6,1258.5,929.7,1156.0
10468251,stimulus_Arg_PISACowsMilk_10_page_6,1258.3,930.2,1157.0
10468252,stimulus_Arg_PISACowsMilk_10_page_6,1258.2,930.0,1158.0
10468253,stimulus_Arg_PISACowsMilk_10_page_6,1258.3,929.6,1158.0
10468254,stimulus_Arg_PISACowsMilk_10_page_6,1258.5,929.1,1158.0
10468255,stimulus_Arg_PISACowsMilk_10_page_6,1258.7,929.4,1158.0
10468256,stimulus_Arg_PISACowsMilk_10_page_6,1258.5,929.8,1158.0
10468257,stimulus_Arg_PISACowsMilk_10_page_6,1258.0,930.2,1157.0
10468258,stimulus_Arg_PISACowsMilk_10_page_6,1257.6,930.3,1156.0
10468259,stimulus_Arg_PISACowsMilk_10_page_6,1257.9,930.3,1156.0
10468260,stimulus_Arg_PISACowsMilk_10_page_6,1258.2,930.3,1157.0
10468261,stimulus_Arg_PISACowsMilk_10_page_6,1258.6,930.2,1159.0
10468262,stimulus_Arg_PISACowsMilk_10_page_6,1258.5,930.1,1159.0
10468263,stimulus_Arg_PISACowsMilk_10_page_6,1258.3,929.9,1159.0
10468264,stimulus_Arg_PISACowsMilk_10_page_6,1258.1,929.7,1158.0
10468265,stimulus_Arg_PISACowsMilk_10_page_6,1258.0,929.6,1158.0
10468266,stimulus_Arg_PISACowsMilk_10_page_6,1258.0,929.5,1158.0
10468267,stimulus_Arg_PISACowsMilk_10_page_6,1258.0,929.5,1157.0
10468268,stimulus_Arg_PISACowsMilk_10_page_6,1258.1,929.7,1158.0
10468269,stimulus_Arg_PISACowsMilk_10_page_6,1258.1,929.9,1159.0
10468270,stimulus_Arg_PISACowsMilk_10_page_6,1258.1,929.9,1160.0
10468271,stimulus_Arg_PISACowsMilk_10_page_6,1258.2,929.8,1161.0
10468272,stimulus_Arg_PISACowsMilk_10_page_6,1258.1,929.8,1160.0
10468273,stimulus_Arg_PISACowsMilk_10_page_6,1257.9,929.8,1160.0
10468274,stimulus_Arg_PISACowsMilk_10_page_6,1257.8,929.8,1160.0
10468275,stimulus_Arg_PISACowsMilk_10_page_6,1257.8,930.0,1160.0
10468276,stimulus_Arg_PISACowsMilk_10_page_6,1258.0,930.9,1161.0
10468277,stimulus_Arg_PISACowsMilk_10_page_6,1258.1,931.8,1162.0
10468278,stimulus_Arg_PISACowsMilk_10_page_6,1258.6,932.7,1164.0
10468279,stimulus_Arg_PISACowsMilk_10_page_6,1259.3,932.9,1166.0
10468280,stimulus_Arg_PISACowsMilk_10_page_6,1260.7,933.2,1165.0
10468281,stimulus_Arg_PISACowsMilk_10_page_6,1262.4,934.2,1164.0
10468282,stimulus_Arg_PISACowsMilk_10_page_6,1264.8,935.8,1161.0
10468283,stimulus_Arg_PISACowsMilk_10_page_6,1267.0,938.0,1160.0
10468284,stimulus_Arg_PISACowsMilk_10_page_6,1269.7,939.4,1159.0
10468285,stimulus_Arg_PISACowsMilk_10_page_6,1272.5,941.1,1158.0
10468286,stimulus_Arg_PISACowsMilk_10_page_6,1276.0,941.9,1157.0
10468287,stimulus_Arg_PISACowsMilk_10_page_6,1279.2,942.5,1157.0
10468288,stimulus_Arg_PISACowsMilk_10_page_6,1282.9,942.3,1156.0
10468289,stimulus_Arg_PISACowsMilk_10_page_6,1286.6,942.1,1155.0
10468290,stimulus_Arg_PISACowsMilk_10_page_6,1290.1,942.6,1154.0
10468291,stimulus_Arg_PISACowsMilk_10_page_6,1292.4,943.0,1152.0
10468292,stimulus_Arg_PISACowsMilk_10_page_6,1293.7,943.1,1150.0
10468293,stimulus_Arg_PISACowsMilk_10_page_6,1294.3,942.7,1150.0
10468294,stimulus_Arg_PISACowsMilk_10_page_6,1293.8,942.3,1150.0
10468295,stimulus_Arg_PISACowsMilk_10_page_6,1292.8,942.3,1150.0
10468296,stimulus_Arg_PISACowsMilk_10_page_6,1291.0,942.3,1150.0
10468297,stimulus_Arg_PISACowsMilk_10_page_6,1289.0,942.9,1149.0
10468298,stimulus_Arg_PISACowsMilk_10_page_6,1286.6,943.4,1150.0
10468299,stimulus_Arg_PISACowsMilk_10_page_6,1284.1,943.8,1152.0
10468300,stimulus_Arg_PISACowsMilk_10_page_6,1281.7,944.1,1153.0
10468301,stimulus_Arg_PISACowsMilk_10_page_6,1279.7,944.3,1154.0
10468302,stimulus_Arg_PISACowsMilk_10_page_6,1277.8,944.7,1155.0
10468303,stimulus_Arg_PISACowsMilk_10_page_6,1276.7,944.8,1156.0
10468304,stimulus_Arg_PISACowsMilk_10_page_6,1276.1,944.7,1157.0
10468305,stimulus_Arg_PISACowsMilk_10_page_6,1275.9,944.3,1158.0
10468306,stimulus_Arg_PISACowsMilk_10_page_6,1275.8,943.9,1158.0
10468307,stimulus_Arg_PISACowsMilk_10_page_6,1275.8,943.4,1158.0
10468308,stimulus_Arg_PISACowsMilk_10_page_6,1276.4,943.3,1159.0
10468309,stimulus_Arg_PISACowsMilk_10_page_6,1277.0,943.2,1160.0
10468310,stimulus_Arg_PISACowsMilk_10_page_6,1277.5,943.3,1161.0
10468311,stimulus_Arg_PISACowsMilk_10_page_6,1277.7,943.1,1161.0
10468312,stimulus_Arg_PISACowsMilk_10_page_6,1277.8,942.9,1161.0
10468313,stimulus_Arg_PISACowsMilk_10_page_6,1277.9,942.8,1161.0
10468314,stimulus_Arg_PISACowsMilk_10_page_6,1277.9,942.9,1160.0
10468315,stimulus_Arg_PISACowsMilk_10_page_6,1278.1,943.4,1160.0
10468316,stimulus_Arg_PISACowsMilk_10_page_6,1278.2,943.8,1160.0
10468317,stimulus_Arg_PISACowsMilk_10_page_6,1278.4,943.7,1159.0
10468318,stimulus_Arg_PISACowsMilk_10_page_6,1278.3,943.3,1159.0
10468319,stimulus_Arg_PISACowsMilk_10_page_6,1278.3,942.9,1159.0
10468320,stimulus_Arg_PISACowsMilk_10_page_6,1278.2,942.9,1159.0
10468321,stimulus_Arg_PISACowsMilk_10_page_6,1278.2,942.9,1159.0
10468322,stimulus_Arg_PISACowsMilk_10_page_6,1278.4,943.1,1159.0
10468323,stimulus_Arg_PISACowsMilk_10_page_6,1278.8,943.5,1160.0
10468324,stimulus_Arg_PISACowsMilk_10_page_6,1279.5,943.9,1160.0
10468325,stimulus_Arg_PISACowsMilk_10_page_6,1280.0,944.1,1159.0
10468326,stimulus_Arg_PISACowsMilk_10_page_6,1280.2,944.1,1159.0
10468327,stimulus_Arg_PISACowsMilk_10_page_6,1280.2,944.3,1158.0
10468328,stimulus_Arg_PISACowsMilk_10_page_6,1280.2,944.5,1158.0
10468329,stimulus_Arg_PISACowsMilk_10_page_6,1280.3,944.7,1158.0
10468330,stimulus_Arg_PISACowsMilk_10_page_6,1280.5,944.7,1158.0
10468331,stimulus_Arg_PISACowsMilk_10_page_6,1280.6,944.8,1159.0
10468332,stimulus_Arg_PISACowsMilk_10_page_6,1280.8,944.9,1160.0
10468333,stimulus_Arg_PISACowsMilk_10_page_6,1281.2,945.2,1160.0
10468334,stimulus_Arg_PISACowsMilk_10_page_6,1281.7,945.6,1159.0
10468335,stimulus_Arg_PISACowsMilk_10_page_6,1281.9,945.5,1159.0
10468336,stimulus_Arg_PISACowsMilk_10_page_6,1281.9,945.0,1158.0
10468337,stimulus_Arg_PISACowsMilk_10_page_6,1281.7,944.8,1158.0
10468338,stimulus_Arg_PISACowsMilk_10_page_6,1281.5,944.9,1159.0
10468339,stimulus_Arg_PISACowsMilk_10_page_6,1281.4,945.1,1159.0
10468340,stimulus_Arg_PISACowsMilk_10_page_6,1281.3,945.1,1159.0
10468341,stimulus_Arg_PISACowsMilk_10_page_6,1281.4,945.1,1159.0
10468342,stimulus_Arg_PISACowsMilk_10_page_6,1281.5,945.2,1158.0
10468343,stimulus_Arg_PISACowsMilk_10_page_6,1281.5,945.2,1157.0
10468344,stimulus_Arg_PISACowsMilk_10_page_6,1281.8,945.3,1157.0
10468345,stimulus_Arg_PISACowsMilk_10_page_6,1282.1,945.4,1156.0
10468346,stimulus_Arg_PISACowsMilk_10_page_6,1282.4,945.6,1155.0
10468347,stimulus_Arg_PISACowsMilk_10_page_6,1282.3,945.6,1154.0
10468348,stimulus_Arg_PISACowsMilk_10_page_6,1282.2,945.6,1155.0
10468349,stimulus_Arg_PISACowsMilk_10_page_6,1282.1,945.6,1156.0
10468350,stimulus_Arg_PISACowsMilk_10_page_6,1282.0,945.8,1155.0
10468351,stimulus_Arg_PISACowsMilk_10_page_6,1282.0,945.9,1155.0
10468352,stimulus_Arg_PISACowsMilk_10_page_6,1282.0,946.1,1154.0
10468353,stimulus_Arg_PISACowsMilk_10_page_6,1282.1,946.1,1154.0
10468354,stimulus_Arg_PISACowsMilk_10_page_6,1282.1,946.1,1154.0
10468355,stimulus_Arg_PISACowsMilk_10_page_6,1282.1,946.1,1154.0
10468356,stimulus_Arg_PISACowsMilk_10_page_6,1282.0,946.1,1154.0
10468357,stimulus_Arg_PISACowsMilk_10_page_6,1282.1,946.1,1155.0
10468358,stimulus_Arg_PISACowsMilk_10_page_6,1282.1,946.4,1156.0
10468359,stimulus_Arg_PISACowsMilk_10_page_6,1282.2,946.6,1156.0
10468360,stimulus_Arg_PISACowsMilk_10_page_6,1282.1,946.9,1157.0
10468361,stimulus_Arg_PISACowsMilk_10_page_6,1281.9,946.7,1159.0
10468362,stimulus_Arg_PISACowsMilk_10_page_6,1282.0,946.3,1160.0
10468363,stimulus_Arg_PISACowsMilk_10_page_6,1282.2,945.9,1160.0
10468364,stimulus_Arg_PISACowsMilk_10_page_6,1282.4,945.7,1160.0
10468365,stimulus_Arg_PISACowsMilk_10_page_6,1282.3,945.7,1160.0
10468366,stimulus_Arg_PISACowsMilk_10_page_6,1282.2,945.9,1160.0
10468367,stimulus_Arg_PISACowsMilk_10_page_6,1282.4,946.0,1161.0
10468368,stimulus_Arg_PISACowsMilk_10_page_6,1282.7,946.1,1162.0
10468369,stimulus_Arg_PISACowsMilk_10_page_6,1283.0,946.1,1163.0
10468370,stimulus_Arg_PISACowsMilk_10_page_6,1282.9,946.1,1162.0
10468371,stimulus_Arg_PISACowsMilk_10_page_6,1282.8,946.1,1162.0
10468372,stimulus_Arg_PISACowsMilk_10_page_6,1282.6,946.1,1162.0
10468373,stimulus_Arg_PISACowsMilk_10_page_6,1282.4,946.1,1163.0
10468374,stimulus_Arg_PISACowsMilk_10_page_6,1282.6,946.1,1164.0
10468375,stimulus_Arg_PISACowsMilk_10_page_6,1282.8,946.1,1164.0
10468376,stimulus_Arg_PISACowsMilk_10_page_6,1283.0,946.4,1164.0
10468377,stimulus_Arg_PISACowsMilk_10_page_6,1283.0,946.8,1164.0
10468378,stimulus_Arg_PISACowsMilk_10_page_6,1283.0,947.3,1164.0
10468379,stimulus_Arg_PISACowsMilk_10_page_6,1283.1,947.4,1165.0
10468380,stimulus_Arg_PISACowsMilk_10_page_6,1283.0,947.4,1165.0
10468381,stimulus_Arg_PISACowsMilk_10_page_6,1282.7,947.3,1165.0
10468382,stimulus_Arg_PISACowsMilk_10_page_6,1282.4,947.2,1164.0
10468383,stimulus_Arg_PISACowsMilk_10_page_6,1282.2,947.4,1163.0
10468384,stimulus_Arg_PISACowsMilk_10_page_6,1282.2,947.7,1164.0
10468385,stimulus_Arg_PISACowsMilk_10_page_6,1282.1,948.0,1163.0
10468386,stimulus_Arg_PISACowsMilk_10_page_6,1281.9,948.1,1162.0
10468387,stimulus_Arg_PISACowsMilk_10_page_6,1281.7,948.4,1163.0
10468388,stimulus_Arg_PISACowsMilk_10_page_6,1281.6,948.6,1165.0
10468389,stimulus_Arg_PISACowsMilk_10_page_6,1281.7,948.5,1166.0
10468390,stimulus_Arg_PISACowsMilk_10_page_6,1281.8,948.2,1167.0
10468391,stimulus_Arg_PISACowsMilk_10_page_6,1281.8,947.9,1167.0
10468392,stimulus_Arg_PISACowsMilk_10_page_6,1281.8,948.0,1168.0
10468393,stimulus_Arg_PISACowsMilk_10_page_6,1281.7,948.2,1167.0
10468394,stimulus_Arg_PISACowsMilk_10_page_6,1281.8,948.4,1166.0
10468395,stimulus_Arg_PISACowsMilk_10_page_6,1281.9,948.5,1165.0
10468396,stimulus_Arg_PISACowsMilk_10_page_6,1282.1,948.5,1165.0
10468397,stimulus_Arg_PISACowsMilk_10_page_6,1282.2,948.4,1165.0
10468398,stimulus_Arg_PISACowsMilk_10_page_6,1282.3,948.2,1165.0
10468399,stimulus_Arg_PISACowsMilk_10_page_6,1282.4,948.1,1165.0
10468400,stimulus_Arg_PISACowsMilk_10_page_6,1282.4,948.4,1166.0
10468401,stimulus_Arg_PISACowsMilk_10_page_6,1282.3,948.8,1166.0
10468402,stimulus_Arg_PISACowsMilk_10_page_6,1282.1,949.3,1166.0
10468403,stimulus_Arg_PISACowsMilk_10_page_6,1282.1,949.5,1166.0
10468404,stimulus_Arg_PISACowsMilk_10_page_6,1282.0,949.5,1166.0
10468405,stimulus_Arg_PISACowsMilk_10_page_6,1281.7,949.6,1167.0
10468406,stimulus_Arg_PISACowsMilk_10_page_6,1281.4,949.7,1167.0
10468407,stimulus_Arg_PISACowsMilk_10_page_6,1281.0,949.8,1167.0
10468408,stimulus_Arg_PISACowsMilk_10_page_6,1280.9,949.7,1167.0
10468409,stimulus_Arg_PISACowsMilk_10_page_6,1280.8,949.7,1167.0
10468410,stimulus_Arg_PISACowsMilk_10_page_6,1280.9,949.5,1167.0
10468411,stimulus_Arg_PISACowsMilk_10_page_6,1281.2,949.5,1167.0
10468412,stimulus_Arg_PISACowsMilk_10_page_6,1281.4,949.9,1167.0
10468413,stimulus_Arg_PISACowsMilk_10_page_6,1281.5,950.3,1167.0
10468414,stimulus_Arg_PISACowsMilk_10_page_6,1281.3,950.8,1167.0
10468415,stimulus_Arg_PISACowsMilk_10_page_6,1281.2,950.4,1166.0
10468416,stimulus_Arg_PISACowsMilk_10_page_6,1281.1,950.0,1167.0
10468417,stimulus_Arg_PISACowsMilk_10_page_6,1281.0,949.9,1167.0
10468418,stimulus_Arg_PISACowsMilk_10_page_6,1280.9,950.1,1167.0
10468419,stimulus_Arg_PISACowsMilk_10_page_6,1280.8,950.3,1167.0
10468420,stimulus_Arg_PISACowsMilk_10_page_6,1281.1,950.2,1167.0
10468421,stimulus_Arg_PISACowsMilk_10_page_6,1281.3,950.3,1167.0
10468422,stimulus_Arg_PISACowsMilk_10_page_6,1281.4,950.4,1167.0
10468423,stimulus_Arg_PISACowsMilk_10_page_6,1281.2,950.5,1166.0
10468424,stimulus_Arg_PISACowsMilk_10_page_6,1281.0,950.5,1166.0
10468425,stimulus_Arg_PISACowsMilk_10_page_6,1281.0,950.4,1166.0
10468426,stimulus_Arg_PISACowsMilk_10_page_6,1281.1,950.4,1166.0
10468427,stimulus_Arg_PISACowsMilk_10_page_6,1281.2,950.5,1166.0
10468428,stimulus_Arg_PISACowsMilk_10_page_6,1281.2,950.5,1167.0
10468429,stimulus_Arg_PISACowsMilk_10_page_6,1281.2,950.7,1167.0
10468430,stimulus_Arg_PISACowsMilk_10_page_6,1281.2,950.8,1168.0
10468431,stimulus_Arg_PISACowsMilk_10_page_6,1281.1,950.9,1169.0
10468432,stimulus_Arg_PISACowsMilk_10_page_6,1281.0,951.0,1170.0
10468433,stimulus_Arg_PISACowsMilk_10_page_6,1280.9,951.2,1170.0
10468434,stimulus_Arg_PISACowsMilk_10_page_6,1281.0,951.4,1170.0
10468435,stimulus_Arg_PISACowsMilk_10_page_6,1281.2,951.4,1169.0
10468436,stimulus_Arg_PISACowsMilk_10_page_6,1281.4,951.4,1169.0
10468437,stimulus_Arg_PISACowsMilk_10_page_6,1281.3,951.5,1170.0
10468438,stimulus_Arg_PISACowsMilk_10_page_6,1281.3,951.6,1170.0
10468439,stimulus_Arg_PISACowsMilk_10_page_6,1281.3,951.8,1170.0
10468440,stimulus_Arg_PISACowsMilk_10_page_6,1281.3,951.9,1170.0
10468441,stimulus_Arg_PISACowsMilk_10_page_6,1281.3,951.9,1170.0
10468442,stimulus_Arg_PISACowsMilk_10_page_6,1281.3,951.9,1171.0
10468443,stimulus_Arg_PISACowsMilk_10_page_6,1281.4,951.9,1171.0
10468444,stimulus_Arg_PISACowsMilk_10_page_6,1281.5,951.9,1171.0
10468445,stimulus_Arg_PISACowsMilk_10_page_6,1281.4,952.0,1170.0
10468446,stimulus_Arg_PISACowsMilk_10_page_6,1281.2,951.8,1170.0
10468447,stimulus_Arg_PISACowsMilk_10_page_6,1280.9,951.6,1169.0
10468448,stimulus_Arg_PISACowsMilk_10_page_6,1280.9,951.5,1169.0
10468449,stimulus_Arg_PISACowsMilk_10_page_6,1280.9,951.6,1169.0
10468450,stimulus_Arg_PISACowsMilk_10_page_6,1281.1,951.6,1169.0
10468451,stimulus_Arg_PISACowsMilk_10_page_6,1281.3,951.5,1169.0
10468452,stimulus_Arg_PISACowsMilk_10_page_6,1281.5,951.8,1170.0
10468453,stimulus_Arg_PISACowsMilk_10_page_6,1281.5,952.2,1172.0
10468454,stimulus_Arg_PISACowsMilk_10_page_6,1281.4,952.8,1173.0
10468455,stimulus_Arg_PISACowsMilk_10_page_6,1281.1,953.1,1173.0
10468456,stimulus_Arg_PISACowsMilk_10_page_6,1281.1,953.4,1172.0
10468457,stimulus_Arg_PISACowsMilk_10_page_6,1281.0,953.3,1172.0
10468458,stimulus_Arg_PISACowsMilk_10_page_6,1281.0,953.1,1172.0
10468459,stimulus_Arg_PISACowsMilk_10_page_6,1281.1,952.9,1172.0
10468460,stimulus_Arg_PISACowsMilk_10_page_6,1281.2,952.9,1172.0
10468461,stimulus_Arg_PISACowsMilk_10_page_6,1281.3,953.1,1172.0
10468462,stimulus_Arg_PISACowsMilk_10_page_6,1281.2,953.2,1172.0
10468463,stimulus_Arg_PISACowsMilk_10_page_6,1281.1,953.4,1172.0
10468464,stimulus_Arg_PISACowsMilk_10_page_6,1281.0,953.3,1171.0
10468465,stimulus_Arg_PISACowsMilk_10_page_6,1281.0,953.3,1170.0
10468466,stimulus_Arg_PISACowsMilk_10_page_6,1281.2,953.4,1169.0
10468467,stimulus_Arg_PISACowsMilk_10_page_6,1281.4,953.6,1169.0
10468468,stimulus_Arg_PISACowsMilk_10_page_6,1281.4,953.8,1169.0
10468469,stimulus_Arg_PISACowsMilk_10_page_6,1281.6,953.8,1169.0
10468470,stimulus_Arg_PISACowsMilk_10_page_6,1281.7,953.7,1168.0
10468471,stimulus_Arg_PISACowsMilk_10_page_6,1281.9,953.6,1168.0
10468472,stimulus_Arg_PISACowsMilk_10_page_6,1281.8,953.6,1169.0
10468473,stimulus_Arg_PISACowsMilk_10_page_6,1281.5,954.0,1170.0
10468474,stimulus_Arg_PISACowsMilk_10_page_6,1281.3,954.4,1170.0
10468475,stimulus_Arg_PISACowsMilk_10_page_6,1281.3,954.5,1170.0
10468476,stimulus_Arg_PISACowsMilk_10_page_6,1281.3,954.0,1170.0
10468477,stimulus_Arg_PISACowsMilk_10_page_6,1281.3,953.5,1170.0
10468478,stimulus_Arg_PISACowsMilk_10_page_6,1281.4,953.2,1171.0
10468479,stimulus_Arg_PISACowsMilk_10_page_6,1281.3,953.2,1172.0
10468480,stimulus_Arg_PISACowsMilk_10_page_6,1281.2,953.2,1173.0
10468481,stimulus_Arg_PISACowsMilk_10_page_6,1281.2,953.4,1173.0
10468482,stimulus_Arg_PISACowsMilk_10_page_6,1281.3,953.7,1173.0
10468483,stimulus_Arg_PISACowsMilk_10_page_6,1281.4,953.9,1172.0
10468484,stimulus_Arg_PISACowsMilk_10_page_6,1281.4,953.8,1172.0
10468485,stimulus_Arg_PISACowsMilk_10_page_6,1281.5,953.7,1173.0
10468486,stimulus_Arg_PISACowsMilk_10_page_6,1281.7,953.7,1173.0
10468487,stimulus_Arg_PISACowsMilk_10_page_6,1281.8,953.9,1173.0
10468488,stimulus_Arg_PISACowsMilk_10_page_6,1281.8,954.1,1173.0
10468489,stimulus_Arg_PISACowsMilk_10_page_6,1281.8,954.1,1174.0
10468490,stimulus_Arg_PISACowsMilk_10_page_6,1281.8,954.1,1174.0
10468491,stimulus_Arg_PISACowsMilk_10_page_6,1281.8,954.1,1174.0
10468492,stimulus_Arg_PISACowsMilk_10_page_6,1281.8,954.0,1174.0
10468493,stimulus_Arg_PISACowsMilk_10_page_6,1281.9,953.9,1173.0
10468494,stimulus_Arg_PISACowsMilk_10_page_6,1281.9,953.9,1173.0
10468495,stimulus_Arg_PISACowsMilk_10_page_6,1281.8,954.2,1173.0
10468496,stimulus_Arg_PISACowsMilk_10_page_6,1281.7,954.6,1172.0
10468497,stimulus_Arg_PISACowsMilk_10_page_6,1281.5,955.0,1172.0
10468498,stimulus_Arg_PISACowsMilk_10_page_6,1281.2,954.9,1172.0
10468499,stimulus_Arg_PISACowsMilk_10_page_6,1280.9,954.8,1174.0
10468500,stimulus_Arg_PISACowsMilk_10_page_6,1281.0,954.7,1176.0
10468501,stimulus_Arg_PISACowsMilk_10_page_6,1281.2,954.7,1177.0
10468502,stimulus_Arg_PISACowsMilk_10_page_6,1281.4,954.7,1176.0
10468503,stimulus_Arg_PISACowsMilk_10_page_6,1281.3,954.6,1175.0
10468504,stimulus_Arg_PISACowsMilk_10_page_6,1281.3,954.4,1174.0
10468505,stimulus_Arg_PISACowsMilk_10_page_6,1281.4,954.4,1174.0
10468506,stimulus_Arg_PISACowsMilk_10_page_6,1281.5,954.4,1174.0
10468507,stimulus_Arg_PISACowsMilk_10_page_6,1281.5,954.4,1174.0
10468508,stimulus_Arg_PISACowsMilk_10_page_6,1281.5,954.4,1175.0
10468509,stimulus_Arg_PISACowsMilk_10_page_6,1281.6,954.4,1176.0
10468510,stimulus_Arg_PISACowsMilk_10_page_6,1281.6,954.4,1177.0
10468511,stimulus_Arg_PISACowsMilk_10_page_6,1281.6,954.4,1177.0
10468512,stimulus_Arg_PISACowsMilk_10_page_6,1281.6,954.0,1177.0
10468513,stimulus_Arg_PISACowsMilk_10_page_6,1281.6,953.5,1176.0
10468514,stimulus_Arg_PISACowsMilk_10_page_6,1281.4,953.7,1175.0
10468515,stimulus_Arg_PISACowsMilk_10_page_6,1281.2,954.3,1174.0
10468516,stimulus_Arg_PISACowsMilk_10_page_6,1281.2,954.7,1175.0
10468517,stimulus_Arg_PISACowsMilk_10_page_6,1281.4,954.4,1176.0
10468518,stimulus_Arg_PISACowsMilk_10_page_6,1281.7,954.0,1176.0
10468519,stimulus_Arg_PISACowsMilk_10_page_6,1281.7,953.9,1176.0
10468520,stimulus_Arg_PISACowsMilk_10_page_6,1281.7,953.9,1176.0
10468521,stimulus_Arg_PISACowsMilk_10_page_6,1281.7,953.7,1175.0
10468522,stimulus_Arg_PISACowsMilk_10_page_6,1281.7,953.4,1175.0
10468523,stimulus_Arg_PISACowsMilk_10_page_6,1281.7,953.3,1175.0
10468524,stimulus_Arg_PISACowsMilk_10_page_6,1281.7,953.4,1175.0
10468525,stimulus_Arg_PISACowsMilk_10_page_6,1281.7,953.4,1175.0
10468526,stimulus_Arg_PISACowsMilk_10_page_6,1281.7,953.6,1176.0
10468527,stimulus_Arg_PISACowsMilk_10_page_6,1281.7,954.1,1176.0
10468528,stimulus_Arg_PISACowsMilk_10_page_6,1281.6,954.6,1177.0
10468529,stimulus_Arg_PISACowsMilk_10_page_6,1281.5,954.8,1177.0
10468530,stimulus_Arg_PISACowsMilk_10_page_6,1281.5,954.7,1177.0
10468531,stimulus_Arg_PISACowsMilk_10_page_6,1281.4,954.4,1178.0
10468532,stimulus_Arg_PISACowsMilk_10_page_6,1281.3,954.2,1179.0
10468533,stimulus_Arg_PISACowsMilk_10_page_6,1281.1,954.4,1180.0
10468534,stimulus_Arg_PISACowsMilk_10_page_6,1281.0,954.8,1180.0
10468535,stimulus_Arg_PISACowsMilk_10_page_6,1280.8,955.2,1181.0
10468536,stimulus_Arg_PISACowsMilk_10_page_6,1280.5,955.3,1181.0
10468537,stimulus_Arg_PISACowsMilk_10_page_6,1280.3,955.2,1182.0
10468538,stimulus_Arg_PISACowsMilk_10_page_6,1280.5,955.1,1182.0
10468539,stimulus_Arg_PISACowsMilk_10_page_6,1280.7,955.0,1182.0
10468540,stimulus_Arg_PISACowsMilk_10_page_6,1280.8,955.0,1183.0
10468541,stimulus_Arg_PISACowsMilk_10_page_6,1280.6,955.2,1184.0
10468542,stimulus_Arg_PISACowsMilk_10_page_6,1280.4,955.4,1184.0
10468543,stimulus_Arg_PISACowsMilk_10_page_6,1280.4,955.3,1183.0
10468544,stimulus_Arg_PISACowsMilk_10_page_6,1280.4,955.1,1182.0
10468545,stimulus_Arg_PISACowsMilk_10_page_6,1280.4,955.1,1182.0
10468546,stimulus_Arg_PISACowsMilk_10_page_6,1280.4,955.4,1182.0
10468547,stimulus_Arg_PISACowsMilk_10_page_6,1280.3,955.5,1182.0
10468548,stimulus_Arg_PISACowsMilk_10_page_6,1280.4,955.2,1182.0
10468549,stimulus_Arg_PISACowsMilk_10_page_6,1280.7,954.7,1182.0
10468550,stimulus_Arg_PISACowsMilk_10_page_6,1281.1,954.2,1182.0
10468551,stimulus_Arg_PISACowsMilk_10_page_6,1281.2,954.0,1182.0
10468552,stimulus_Arg_PISACowsMilk_10_page_6,1281.2,954.0,1182.0
10468553,stimulus_Arg_PISACowsMilk_10_page_6,1281.2,953.9,1183.0
10468554,stimulus_Arg_PISACowsMilk_10_page_6,1281.2,953.7,1182.0
10468555,stimulus_Arg_PISACowsMilk_10_page_6,1281.1,953.6,1182.0
10468556,stimulus_Arg_PISACowsMilk_10_page_6,1280.9,953.6,1181.0
10468557,stimulus_Arg_PISACowsMilk_10_page_6,1280.8,953.6,1180.0
10468558,stimulus_Arg_PISACowsMilk_10_page_6,1280.9,953.4,1181.0
10468559,stimulus_Arg_PISACowsMilk_10_page_6,1281.4,953.1,1183.0
10468560,stimulus_Arg_PISACowsMilk_10_page_6,1281.9,952.9,1183.0
10468561,stimulus_Arg_PISACowsMilk_10_page_6,1282.1,953.1,1183.0
10468562,stimulus_Arg_PISACowsMilk_10_page_6,1282.0,953.3,1183.0
10468563,stimulus_Arg_PISACowsMilk_10_page_6,1281.8,953.6,1183.0
10468564,stimulus_Arg_PISACowsMilk_10_page_6,1281.7,953.6,1184.0
10468565,stimulus_Arg_PISACowsMilk_10_page_6,1281.6,953.7,1184.0
10468566,stimulus_Arg_PISACowsMilk_10_page_6,1281.5,953.6,1184.0
10468567,stimulus_Arg_PISACowsMilk_10_page_6,1281.6,953.6,1184.0
10468568,stimulus_Arg_PISACowsMilk_10_page_6,1281.8,953.6,1184.0
10468569,stimulus_Arg_PISACowsMilk_10_page_6,1281.9,953.7,1185.0
10468570,stimulus_Arg_PISACowsMilk_10_page_6,1281.9,953.7,1185.0
10468571,stimulus_Arg_PISACowsMilk_10_page_6,1281.8,953.7,1184.0
10468572,stimulus_Arg_PISACowsMilk_10_page_6,1281.7,953.8,1183.0
10468573,stimulus_Arg_PISACowsMilk_10_page_6,1281.3,953.9,1184.0
10468574,stimulus_Arg_PISACowsMilk_10_page_6,1281.0,954.0,1184.0
10468575,stimulus_Arg_PISACowsMilk_10_page_6,1280.7,953.7,1185.0
10468576,stimulus_Arg_PISACowsMilk_10_page_6,1280.7,953.5,1185.0
10468577,stimulus_Arg_PISACowsMilk_10_page_6,1280.8,953.3,1185.0
10468578,stimulus_Arg_PISACowsMilk_10_page_6,1280.8,953.4,1186.0
10468579,stimulus_Arg_PISACowsMilk_10_page_6,1280.8,953.7,1186.0
10468580,stimulus_Arg_PISACowsMilk_10_page_6,1280.6,954.1,1187.0
10468581,stimulus_Arg_PISACowsMilk_10_page_6,1280.5,954.5,1187.0
10468582,stimulus_Arg_PISACowsMilk_10_page_6,1280.3,954.5,1187.0
10468583,stimulus_Arg_PISACowsMilk_10_page_6,1280.3,954.1,1187.0
10468584,stimulus_Arg_PISACowsMilk_10_page_6,1279.9,953.7,1187.0
10468585,stimulus_Arg_PISACowsMilk_10_page_6,1279.6,953.4,1186.0
10468586,stimulus_Arg_PISACowsMilk_10_page_6,1278.5,953.4,1185.0
10468587,stimulus_Arg_PISACowsMilk_10_page_6,1277.3,953.5,1185.0
10468588,stimulus_Arg_PISACowsMilk_10_page_6,1275.6,954.0,1186.0
10468589,stimulus_Arg_PISACowsMilk_10_page_6,1274.0,954.5,1189.0
10468590,stimulus_Arg_PISACowsMilk_10_page_6,1272.5,955.6,1190.0
10468591,stimulus_Arg_PISACowsMilk_10_page_6,1271.2,956.2,1192.0
10468592,stimulus_Arg_PISACowsMilk_10_page_6,1270.2,956.7,1191.0
10468593,stimulus_Arg_PISACowsMilk_10_page_6,1269.7,957.1,1191.0
10468594,stimulus_Arg_PISACowsMilk_10_page_6,1268.8,957.6,1191.0
10468595,stimulus_Arg_PISACowsMilk_10_page_6,1268.1,958.2,1192.0
10468596,stimulus_Arg_PISACowsMilk_10_page_6,1267.4,958.3,1193.0
10468597,stimulus_Arg_PISACowsMilk_10_page_6,1267.5,958.5,1194.0
10468598,stimulus_Arg_PISACowsMilk_10_page_6,1267.6,958.3,1194.0
10468599,stimulus_Arg_PISACowsMilk_10_page_6,1267.7,958.1,1195.0
10468600,stimulus_Arg_PISACowsMilk_10_page_6,1267.8,958.0,1196.0
10468601,stimulus_Arg_PISACowsMilk_10_page_6,1267.8,958.0,1197.0
10468602,stimulus_Arg_PISACowsMilk_10_page_6,1268.3,957.8,1197.0
10468603,stimulus_Arg_PISACowsMilk_10_page_6,1268.7,957.6,1197.0
10468604,stimulus_Arg_PISACowsMilk_10_page_6,1269.1,957.5,1197.0
10468605,stimulus_Arg_PISACowsMilk_10_page_6,1269.2,957.6,1197.0
10468606,stimulus_Arg_PISACowsMilk_10_page_6,1269.3,957.8,1197.0
10468607,stimulus_Arg_PISACowsMilk_10_page_6,1269.3,958.0,1197.0
10468608,stimulus_Arg_PISACowsMilk_10_page_6,1269.1,958.1,1196.0
10468609,stimulus_Arg_PISACowsMilk_10_page_6,1268.9,958.3,1196.0
10468610,stimulus_Arg_PISACowsMilk_10_page_6,1268.9,959.0,1196.0
10468611,stimulus_Arg_PISACowsMilk_10_page_6,1268.9,959.7,1196.0
10468612,stimulus_Arg_PISACowsMilk_10_page_6,1268.9,960.5,1198.0
10468613,stimulus_Arg_PISACowsMilk_10_page_6,1268.8,960.9,1199.0
10468614,stimulus_Arg_PISACowsMilk_10_page_6,1269.1,961.2,1201.0
10468615,stimulus_Arg_PISACowsMilk_10_page_6,1269.6,961.4,1201.0
10468616,stimulus_Arg_PISACowsMilk_10_page_6,1270.0,961.6,1200.0
10468617,stimulus_Arg_PISACowsMilk_10_page_6,1270.1,961.8,1199.0
10468618,stimulus_Arg_PISACowsMilk_10_page_6,1270.1,961.8,1198.0
10468619,stimulus_Arg_PISACowsMilk_10_page_6,1270.0,961.8,1198.0
10468620,stimulus_Arg_PISACowsMilk_10_page_6,1269.7,961.8,1198.0
10468621,stimulus_Arg_PISACowsMilk_10_page_6,1269.3,961.9,1198.0
10468622,stimulus_Arg_PISACowsMilk_10_page_6,1269.2,962.0,1199.0
10468623,stimulus_Arg_PISACowsMilk_10_page_6,1269.5,961.9,1199.0
10468624,stimulus_Arg_PISACowsMilk_10_page_6,1270.0,961.9,1199.0
10468625,stimulus_Arg_PISACowsMilk_10_page_6,1270.4,962.0,1200.0
10468626,stimulus_Arg_PISACowsMilk_10_page_6,1270.6,962.1,1201.0
10468627,stimulus_Arg_PISACowsMilk_10_page_6,1270.8,962.0,1202.0
10468628,stimulus_Arg_PISACowsMilk_10_page_6,1270.9,961.9,1203.0
10468629,stimulus_Arg_PISACowsMilk_10_page_6,1271.0,961.8,1204.0
10468630,stimulus_Arg_PISACowsMilk_10_page_6,1271.1,961.7,1205.0
10468631,stimulus_Arg_PISACowsMilk_10_page_6,1271.1,961.7,1204.0
10468632,stimulus_Arg_PISACowsMilk_10_page_6,1271.1,961.6,1204.0
10468633,stimulus_Arg_PISACowsMilk_10_page_6,1271.1,961.6,1203.0
10468634,stimulus_Arg_PISACowsMilk_10_page_6,1271.2,961.6,1204.0
10468635,stimulus_Arg_PISACowsMilk_10_page_6,1271.3,961.8,1204.0
10468636,stimulus_Arg_PISACowsMilk_10_page_6,1271.4,961.9,1205.0
10468637,stimulus_Arg_PISACowsMilk_10_page_6,1271.5,961.8,1206.0
10468638,stimulus_Arg_PISACowsMilk_10_page_6,1271.5,961.7,1207.0
10468639,stimulus_Arg_PISACowsMilk_10_page_6,1271.3,961.7,1208.0
10468640,stimulus_Arg_PISACowsMilk_10_page_6,1271.1,961.8,1209.0
10468641,stimulus_Arg_PISACowsMilk_10_page_6,1271.1,962.0,1210.0
10468642,stimulus_Arg_PISACowsMilk_10_page_6,1271.0,962.1,1210.0
10468643,stimulus_Arg_PISACowsMilk_10_page_6,1271.1,962.4,1210.0
10468644,stimulus_Arg_PISACowsMilk_10_page_6,1271.2,962.5,1209.0
10468645,stimulus_Arg_PISACowsMilk_10_page_6,1271.4,962.6,1209.0
10468646,stimulus_Arg_PISACowsMilk_10_page_6,1271.5,962.7,1209.0
10468647,stimulus_Arg_PISACowsMilk_10_page_6,1271.5,962.5,1210.0
10468648,stimulus_Arg_PISACowsMilk_10_page_6,1271.6,962.3,1210.0
10468649,stimulus_Arg_PISACowsMilk_10_page_6,1271.7,962.1,1211.0
10468650,stimulus_Arg_PISACowsMilk_10_page_6,1271.8,962.1,1210.0
10468651,stimulus_Arg_PISACowsMilk_10_page_6,1272.1,962.1,1209.0
10468652,stimulus_Arg_PISACowsMilk_10_page_6,1272.3,961.9,1209.0
10468653,stimulus_Arg_PISACowsMilk_10_page_6,1272.4,961.8,1209.0
10468654,stimulus_Arg_PISACowsMilk_10_page_6,1272.5,961.7,1208.0
10468655,stimulus_Arg_PISACowsMilk_10_page_6,1272.4,962.0,1207.0
10468656,stimulus_Arg_PISACowsMilk_10_page_6,1272.1,962.2,1206.0
10468657,stimulus_Arg_PISACowsMilk_10_page_6,1271.8,962.5,1206.0
10468658,stimulus_Arg_PISACowsMilk_10_page_6,1271.7,962.6,1207.0
10468659,stimulus_Arg_PISACowsMilk_10_page_6,1271.8,962.8,1208.0
10468660,stimulus_Arg_PISACowsMilk_10_page_6,1271.9,962.9,1208.0
10468661,stimulus_Arg_PISACowsMilk_10_page_6,1272.0,962.9,1208.0
10468662,stimulus_Arg_PISACowsMilk_10_page_6,1272.0,962.7,1208.0
10468663,stimulus_Arg_PISACowsMilk_10_page_6,1272.0,962.3,1209.0
10468664,stimulus_Arg_PISACowsMilk_10_page_6,1272.0,962.1,1208.0
10468665,stimulus_Arg_PISACowsMilk_10_page_6,1272.1,961.9,1207.0
10468666,stimulus_Arg_PISACowsMilk_10_page_6,1272.1,961.9,1206.0
10468667,stimulus_Arg_PISACowsMilk_10_page_6,1272.1,961.9,1206.0
10468668,stimulus_Arg_PISACowsMilk_10_page_6,1272.1,962.1,1207.0
10468669,stimulus_Arg_PISACowsMilk_10_page_6,1272.1,962.3,1208.0
10468670,stimulus_Arg_PISACowsMilk_10_page_6,1272.1,962.6,1208.0
10468671,stimulus_Arg_PISACowsMilk_10_page_6,1272.1,962.6,1209.0
10468672,stimulus_Arg_PISACowsMilk_10_page_6,1272.1,962.6,1209.0
10468673,stimulus_Arg_PISACowsMilk_10_page_6,1272.1,962.6,1209.0
10468674,stimulus_Arg_PISACowsMilk_10_page_6,1272.1,962.6,1209.0
10468675,stimulus_Arg_PISACowsMilk_10_page_6,1272.1,962.5,1209.0
10468676,stimulus_Arg_PISACowsMilk_10_page_6,1272.0,962.5,1208.0
10468677,stimulus_Arg_PISACowsMilk_10_page_6,1271.9,962.4,1208.0
10468678,stimulus_Arg_PISACowsMilk_10_page_6,1271.8,962.2,1209.0
10468679,stimulus_Arg_PISACowsMilk_10_page_6,1271.7,962.0,1211.0
10468680,stimulus_Arg_PISACowsMilk_10_page_6,1271.7,961.9,1214.0
10468681,stimulus_Arg_PISACowsMilk_10_page_6,1271.7,962.0,1214.0
10468682,stimulus_Arg_PISACowsMilk_10_page_6,1271.5,962.1,1214.0
10468683,stimulus_Arg_PISACowsMilk_10_page_6,1271.3,962.2,1213.0
10468684,stimulus_Arg_PISACowsMilk_10_page_6,1271.3,962.5,1213.0
10468685,stimulus_Arg_PISACowsMilk_10_page_6,1271.6,962.8,1213.0
10468686,stimulus_Arg_PISACowsMilk_10_page_6,1271.7,962.9,1213.0
10468687,stimulus_Arg_PISACowsMilk_10_page_6,1271.5,962.7,1212.0
10468688,stimulus_Arg_PISACowsMilk_10_page_6,1271.3,962.5,1212.0
10468689,stimulus_Arg_PISACowsMilk_10_page_6,1271.0,962.3,1212.0
10468690,stimulus_Arg_PISACowsMilk_10_page_6,1270.7,962.4,1212.0
10468691,stimulus_Arg_PISACowsMilk_10_page_6,1270.4,962.4,1212.0
10468692,stimulus_Arg_PISACowsMilk_10_page_6,1270.3,962.4,1212.0
10468693,stimulus_Arg_PISACowsMilk_10_page_6,1270.5,962.4,1211.0
10468694,stimulus_Arg_PISACowsMilk_10_page_6,1270.7,962.2,1210.0
10468695,stimulus_Arg_PISACowsMilk_10_page_6,1270.8,961.9,1208.0
10468696,stimulus_Arg_PISACowsMilk_10_page_6,1270.6,961.7,1208.0
10468697,stimulus_Arg_PISACowsMilk_10_page_6,1270.5,961.7,1209.0
10468698,stimulus_Arg_PISACowsMilk_10_page_6,1270.4,961.9,1210.0
10468699,stimulus_Arg_PISACowsMilk_10_page_6,1270.5,961.8,1211.0
10468700,stimulus_Arg_PISACowsMilk_10_page_6,1270.5,961.6,1212.0
10468701,stimulus_Arg_PISACowsMilk_10_page_6,1270.5,961.2,1213.0
10468702,stimulus_Arg_PISACowsMilk_10_page_6,1270.6,961.0,1212.0
10468703,stimulus_Arg_PISACowsMilk_10_page_6,1270.6,960.8,1212.0
10468704,stimulus_Arg_PISACowsMilk_10_page_6,1270.7,960.8,1211.0
10468705,stimulus_Arg_PISACowsMilk_10_page_6,1271.0,960.9,1209.0
10468706,stimulus_Arg_PISACowsMilk_10_page_6,1271.2,961.0,1207.0
10468707,stimulus_Arg_PISACowsMilk_10_page_6,1271.4,961.0,1206.0
10468708,stimulus_Arg_PISACowsMilk_10_page_6,1271.5,961.0,1207.0
10468709,stimulus_Arg_PISACowsMilk_10_page_6,1271.6,960.9,1208.0
10468710,stimulus_Arg_PISACowsMilk_10_page_6,1271.3,961.2,1208.0
10468711,stimulus_Arg_PISACowsMilk_10_page_6,1270.8,961.5,1209.0
10468712,stimulus_Arg_PISACowsMilk_10_page_6,1270.8,961.8,1210.0
10468713,stimulus_Arg_PISACowsMilk_10_page_6,1271.1,961.7,1210.0
10468714,stimulus_Arg_PISACowsMilk_10_page_6,1271.4,961.6,1211.0
10468715,stimulus_Arg_PISACowsMilk_10_page_6,1271.2,961.3,1211.0
10468716,stimulus_Arg_PISACowsMilk_10_page_6,1271.1,961.1,1211.0
10468717,stimulus_Arg_PISACowsMilk_10_page_6,1271.0,960.9,1210.0
10468718,stimulus_Arg_PISACowsMilk_10_page_6,1270.9,960.9,1210.0
10468719,stimulus_Arg_PISACowsMilk_10_page_6,1270.8,961.0,1209.0
10468720,stimulus_Arg_PISACowsMilk_10_page_6,1270.8,961.0,1210.0
10468721,stimulus_Arg_PISACowsMilk_10_page_6,1270.7,961.1,1210.0
10468722,stimulus_Arg_PISACowsMilk_10_page_6,1270.5,961.3,1210.0
10468723,stimulus_Arg_PISACowsMilk_10_page_6,1270.3,961.6,1210.0
10468724,stimulus_Arg_PISACowsMilk_10_page_6,1269.8,961.9,1209.0
10468725,stimulus_Arg_PISACowsMilk_10_page_6,1269.5,962.0,1208.0
10468726,stimulus_Arg_PISACowsMilk_10_page_6,1269.2,962.0,1209.0
10468727,stimulus_Arg_PISACowsMilk_10_page_6,1269.4,962.0,1211.0
10468728,stimulus_Arg_PISACowsMilk_10_page_6,1269.6,961.9,1212.0
10468729,stimulus_Arg_PISACowsMilk_10_page_6,1269.8,961.7,1212.0
10468730,stimulus_Arg_PISACowsMilk_10_page_6,1269.7,961.5,1212.0
10468731,stimulus_Arg_PISACowsMilk_10_page_6,1269.7,961.2,1212.0
10468732,stimulus_Arg_PISACowsMilk_10_page_6,1269.8,961.2,1212.0
10468733,stimulus_Arg_PISACowsMilk_10_page_6,1269.9,961.2,1213.0
10468734,stimulus_Arg_PISACowsMilk_10_page_6,1270.0,961.1,1212.0
10468735,stimulus_Arg_PISACowsMilk_10_page_6,1270.0,961.1,1211.0
10468736,stimulus_Arg_PISACowsMilk_10_page_6,1269.9,961.1,1209.0
10468737,stimulus_Arg_PISACowsMilk_10_page_6,1269.6,961.2,1207.0
10468738,stimulus_Arg_PISACowsMilk_10_page_6,1269.4,961.4,1207.0
10468739,stimulus_Arg_PISACowsMilk_10_page_6,1269.2,961.4,1207.0
10468740,stimulus_Arg_PISACowsMilk_10_page_6,1269.2,961.4,1207.0
10468741,stimulus_Arg_PISACowsMilk_10_page_6,1269.1,961.3,1207.0
10468742,stimulus_Arg_PISACowsMilk_10_page_6,1269.1,960.8,1207.0
10468743,stimulus_Arg_PISACowsMilk_10_page_6,1269.2,960.4,1207.0
10468744,stimulus_Arg_PISACowsMilk_10_page_6,1269.1,960.1,1205.0
10468745,stimulus_Arg_PISACowsMilk_10_page_6,1269.1,960.1,1204.0
10468746,stimulus_Arg_PISACowsMilk_10_page_6,1269.0,960.2,1204.0
10468747,stimulus_Arg_PISACowsMilk_10_page_6,1269.1,960.2,1205.0
10468748,stimulus_Arg_PISACowsMilk_10_page_6,1269.2,960.1,1205.0
10468749,stimulus_Arg_PISACowsMilk_10_page_6,1269.5,960.1,1205.0
10468750,stimulus_Arg_PISACowsMilk_10_page_6,1269.8,960.2,1205.0
10468751,stimulus_Arg_PISACowsMilk_10_page_6,1269.9,960.3,1206.0
10468752,stimulus_Arg_PISACowsMilk_10_page_6,1269.8,960.3,1205.0
10468753,stimulus_Arg_PISACowsMilk_10_page_6,1269.9,960.3,1204.0
10468754,stimulus_Arg_PISACowsMilk_10_page_6,1270.1,960.4,1204.0
10468755,stimulus_Arg_PISACowsMilk_10_page_6,1270.4,960.4,1204.0
10468756,stimulus_Arg_PISACowsMilk_10_page_6,1270.5,960.1,1204.0
10468757,stimulus_Arg_PISACowsMilk_10_page_6,1270.6,959.7,1204.0
10468758,stimulus_Arg_PISACowsMilk_10_page_6,1270.6,958.9,1204.0
10468759,stimulus_Arg_PISACowsMilk_10_page_6,1270.6,958.5,1204.0
10468760,stimulus_Arg_PISACowsMilk_10_page_6,1270.7,958.4,1204.0
10468761,stimulus_Arg_PISACowsMilk_10_page_6,1270.6,958.7,1204.0
10468762,stimulus_Arg_PISACowsMilk_10_page_6,1270.4,959.0,1203.0
10468763,stimulus_Arg_PISACowsMilk_10_page_6,1270.3,958.9,1202.0
10468764,stimulus_Arg_PISACowsMilk_10_page_6,1270.5,958.0,1201.0
10468765,stimulus_Arg_PISACowsMilk_10_page_6,1270.6,957.1,1201.0
10468766,stimulus_Arg_PISACowsMilk_10_page_6,1270.7,956.6,1200.0
10468767,stimulus_Arg_PISACowsMilk_10_page_6,1270.8,956.9,1201.0
10468768,stimulus_Arg_PISACowsMilk_10_page_6,1270.9,957.5,1203.0
10468769,stimulus_Arg_PISACowsMilk_10_page_6,1270.9,958.0,1206.0
10468770,stimulus_Arg_PISACowsMilk_10_page_6,1270.7,958.4,1208.0
10468771,stimulus_Arg_PISACowsMilk_10_page_6,1270.5,958.5,1209.0
10468772,stimulus_Arg_PISACowsMilk_10_page_6,1270.3,958.5,1209.0
10468773,stimulus_Arg_PISACowsMilk_10_page_6,1270.6,958.5,1208.0
10468774,stimulus_Arg_PISACowsMilk_10_page_6,1270.8,958.5,1208.0
10468775,stimulus_Arg_PISACowsMilk_10_page_6,1271.0,958.5,1209.0
10468776,stimulus_Arg_PISACowsMilk_10_page_6,1270.9,958.5,1210.0
10468777,stimulus_Arg_PISACowsMilk_10_page_6,1271.0,958.5,1211.0
10468778,stimulus_Arg_PISACowsMilk_10_page_6,1271.2,958.8,1211.0
10468779,stimulus_Arg_PISACowsMilk_10_page_6,1271.3,959.0,1212.0
10468780,stimulus_Arg_PISACowsMilk_10_page_6,1271.4,959.1,1211.0
10468781,stimulus_Arg_PISACowsMilk_10_page_6,1271.4,959.0,1211.0
10468782,stimulus_Arg_PISACowsMilk_10_page_6,1271.6,958.8,1211.0
10468783,stimulus_Arg_PISACowsMilk_10_page_6,1271.9,958.4,1211.0
10468784,stimulus_Arg_PISACowsMilk_10_page_6,1272.2,958.1,1210.0
10468785,stimulus_Arg_PISACowsMilk_10_page_6,1272.2,957.7,1209.0
10468786,stimulus_Arg_PISACowsMilk_10_page_6,1272.2,957.6,1209.0
10468787,stimulus_Arg_PISACowsMilk_10_page_6,1272.2,957.7,1209.0
10468788,stimulus_Arg_PISACowsMilk_10_page_6,1272.2,957.7,1209.0
10468789,stimulus_Arg_PISACowsMilk_10_page_6,1272.1,957.7,1209.0
10468790,stimulus_Arg_PISACowsMilk_10_page_6,1272.1,957.3,1209.0
10468791,stimulus_Arg_PISACowsMilk_10_page_6,1272.1,957.1,1209.0
10468792,stimulus_Arg_PISACowsMilk_10_page_6,1271.9,957.1,1209.0
10468793,stimulus_Arg_PISACowsMilk_10_page_6,1271.8,957.7,1208.0
10468794,stimulus_Arg_PISACowsMilk_10_page_6,1271.7,958.3,1208.0
10468795,stimulus_Arg_PISACowsMilk_10_page_6,1271.7,958.3,1209.0
10468796,stimulus_Arg_PISACowsMilk_10_page_6,1271.8,958.1,1209.0
10468797,stimulus_Arg_PISACowsMilk_10_page_6,1271.9,957.8,1209.0
10468798,stimulus_Arg_PISACowsMilk_10_page_6,1272.1,957.8,1209.0
10468799,stimulus_Arg_PISACowsMilk_10_page_6,1272.2,957.5,1209.0
10468800,stimulus_Arg_PISACowsMilk_10_page_6,1272.2,957.1,1208.0
10468801,stimulus_Arg_PISACowsMilk_10_page_6,1272.2,956.9,1208.0
10468802,stimulus_Arg_PISACowsMilk_10_page_6,1272.3,957.0,1208.0
10468803,stimulus_Arg_PISACowsMilk_10_page_6,1272.2,957.1,1207.0
10468804,stimulus_Arg_PISACowsMilk_10_page_6,1272.0,957.1,1207.0
10468805,stimulus_Arg_PISACowsMilk_10_page_6,1271.9,957.1,1207.0
10468806,stimulus_Arg_PISACowsMilk_10_page_6,1271.9,957.3,1206.0
10468807,stimulus_Arg_PISACowsMilk_10_page_6,1271.8,957.5,1205.0
10468808,stimulus_Arg_PISACowsMilk_10_page_6,1271.7,957.7,1204.0
10468809,stimulus_Arg_PISACowsMilk_10_page_6,1271.6,957.8,1206.0
10468810,stimulus_Arg_PISACowsMilk_10_page_6,1271.5,958.0,1208.0
10468811,stimulus_Arg_PISACowsMilk_10_page_6,1271.3,958.2,1209.0
10468812,stimulus_Arg_PISACowsMilk_10_page_6,1271.0,958.4,1209.0
10468813,stimulus_Arg_PISACowsMilk_10_page_6,1270.6,958.4,1209.0
10468814,stimulus_Arg_PISACowsMilk_10_page_6,1270.3,958.2,1208.0
10468815,stimulus_Arg_PISACowsMilk_10_page_6,1270.4,958.2,1207.0
10468816,stimulus_Arg_PISACowsMilk_10_page_6,1270.7,958.4,1206.0
10468817,stimulus_Arg_PISACowsMilk_10_page_6,1271.0,958.4,1206.0
10468818,stimulus_Arg_PISACowsMilk_10_page_6,1270.9,958.3,1207.0
10468819,stimulus_Arg_PISACowsMilk_10_page_6,1270.8,958.3,1208.0
10468820,stimulus_Arg_PISACowsMilk_10_page_6,1270.6,958.4,1209.0
10468821,stimulus_Arg_PISACowsMilk_10_page_6,1270.5,958.5,1209.0
10468822,stimulus_Arg_PISACowsMilk_10_page_6,1270.5,958.7,1209.0
10468823,stimulus_Arg_PISACowsMilk_10_page_6,1270.6,958.7,1208.0
10468824,stimulus_Arg_PISACowsMilk_10_page_6,1270.5,958.6,1208.0
10468825,stimulus_Arg_PISACowsMilk_10_page_6,1270.2,958.5,1208.0
10468826,stimulus_Arg_PISACowsMilk_10_page_6,1269.9,958.5,1209.0
10468827,stimulus_Arg_PISACowsMilk_10_page_6,1269.6,958.5,1209.0
10468828,stimulus_Arg_PISACowsMilk_10_page_6,1269.7,958.5,1208.0
10468829,stimulus_Arg_PISACowsMilk_10_page_6,1270.1,958.6,1208.0
10468830,stimulus_Arg_PISACowsMilk_10_page_6,1270.4,959.1,1209.0
10468831,stimulus_Arg_PISACowsMilk_10_page_6,1270.7,959.5,1210.0
10468832,stimulus_Arg_PISACowsMilk_10_page_6,1270.9,959.8,1210.0
10468833,stimulus_Arg_PISACowsMilk_10_page_6,1271.2,959.4,1210.0
10468834,stimulus_Arg_PISACowsMilk_10_page_6,1271.4,959.1,1210.0
10468835,stimulus_Arg_PISACowsMilk_10_page_6,1271.3,958.8,1210.0
10468836,stimulus_Arg_PISACowsMilk_10_page_6,1271.1,959.0,1210.0
10468837,stimulus_Arg_PISACowsMilk_10_page_6,1270.9,959.2,1210.0
10468838,stimulus_Arg_PISACowsMilk_10_page_6,1270.9,959.3,1210.0
10468839,stimulus_Arg_PISACowsMilk_10_page_6,1270.9,959.1,1210.0
10468840,stimulus_Arg_PISACowsMilk_10_page_6,1270.6,959.0,1210.0
10468841,stimulus_Arg_PISACowsMilk_10_page_6,1270.3,958.7,1210.0
10468842,stimulus_Arg_PISACowsMilk_10_page_6,1270.1,958.6,1211.0
10468843,stimulus_Arg_PISACowsMilk_10_page_6,1270.3,958.4,1211.0
10468844,stimulus_Arg_PISACowsMilk_10_page_6,1270.4,958.8,1211.0
10468845,stimulus_Arg_PISACowsMilk_10_page_6,1270.4,959.1,1211.0
10468846,stimulus_Arg_PISACowsMilk_10_page_6,1270.3,959.4,1210.0
10468847,stimulus_Arg_PISACowsMilk_10_page_6,1270.4,959.4,1210.0
10468848,stimulus_Arg_PISACowsMilk_10_page_6,1270.4,959.6,1209.0
10468849,stimulus_Arg_PISACowsMilk_10_page_6,1270.4,959.8,1209.0
10468850,stimulus_Arg_PISACowsMilk_10_page_6,1270.3,960.3,1210.0
10468851,stimulus_Arg_PISACowsMilk_10_page_6,1270.2,960.7,1210.0
10468852,stimulus_Arg_PISACowsMilk_10_page_6,1270.2,960.7,1211.0
10468853,stimulus_Arg_PISACowsMilk_10_page_6,1270.3,960.3,1211.0
10468854,stimulus_Arg_PISACowsMilk_10_page_6,1270.2,960.0,1211.0
10468855,stimulus_Arg_PISACowsMilk_10_page_6,1270.0,959.9,1211.0
10468856,stimulus_Arg_PISACowsMilk_10_page_6,1269.9,959.9,1211.0
10468857,stimulus_Arg_PISACowsMilk_10_page_6,1269.7,960.0,1212.0
10468858,stimulus_Arg_PISACowsMilk_10_page_6,1269.5,960.2,1212.0
10468859,stimulus_Arg_PISACowsMilk_10_page_6,1269.4,960.4,1213.0
10468860,stimulus_Arg_PISACowsMilk_10_page_6,1269.4,960.5,1213.0
10468861,stimulus_Arg_PISACowsMilk_10_page_6,1269.5,960.7,1214.0
10468862,stimulus_Arg_PISACowsMilk_10_page_6,1269.5,960.9,1214.0
10468863,stimulus_Arg_PISACowsMilk_10_page_6,1269.6,960.9,1214.0
10468864,stimulus_Arg_PISACowsMilk_10_page_6,1269.6,960.7,1214.0
10468865,stimulus_Arg_PISACowsMilk_10_page_6,1269.7,960.5,1213.0
10468866,stimulus_Arg_PISACowsMilk_10_page_6,1269.7,960.5,1213.0
10468867,stimulus_Arg_PISACowsMilk_10_page_6,1269.8,960.4,1212.0
10468868,stimulus_Arg_PISACowsMilk_10_page_6,1269.8,960.3,1211.0
10468869,stimulus_Arg_PISACowsMilk_10_page_6,1269.8,960.3,1211.0
10468870,stimulus_Arg_PISACowsMilk_10_page_6,1269.7,960.6,1211.0
10468871,stimulus_Arg_PISACowsMilk_10_page_6,1269.7,960.8,1211.0
10468872,stimulus_Arg_PISACowsMilk_10_page_6,1269.7,960.9,1211.0
10468873,stimulus_Arg_PISACowsMilk_10_page_6,1269.8,960.8,1211.0
10468874,stimulus_Arg_PISACowsMilk_10_page_6,1269.9,960.5,1212.0
10468875,stimulus_Arg_PISACowsMilk_10_page_6,1270.1,960.4,1212.0
10468876,stimulus_Arg_PISACowsMilk_10_page_6,1270.1,960.2,1212.0
10468877,stimulus_Arg_PISACowsMilk_10_page_6,1269.9,960.3,1212.0
10468878,stimulus_Arg_PISACowsMilk_10_page_6,1269.6,960.4,1212.0
10468879,stimulus_Arg_PISACowsMilk_10_page_6,1269.4,960.4,1213.0
10468880,stimulus_Arg_PISACowsMilk_10_page_6,1269.3,960.4,1213.0
10468881,stimulus_Arg_PISACowsMilk_10_page_6,1269.5,959.9,1213.0
10468882,stimulus_Arg_PISACowsMilk_10_page_6,1269.6,959.2,1212.0
10468883,stimulus_Arg_PISACowsMilk_10_page_6,1269.6,958.6,1211.0
10468884,stimulus_Arg_PISACowsMilk_10_page_6,1269.5,958.4,1211.0
10468885,stimulus_Arg_PISACowsMilk_10_page_6,1269.5,958.3,1211.0
10468886,stimulus_Arg_PISACowsMilk_10_page_6,1269.5,958.1,1211.0
10468887,stimulus_Arg_PISACowsMilk_10_page_6,1269.4,958.1,1212.0
10468888,stimulus_Arg_PISACowsMilk_10_page_6,1269.2,958.3,1213.0
10468889,stimulus_Arg_PISACowsMilk_10_page_6,1269.1,958.6,1212.0
10468890,stimulus_Arg_PISACowsMilk_10_page_6,1269.2,959.0,1212.0
10468891,stimulus_Arg_PISACowsMilk_10_page_6,1268.8,959.1,1213.0
10468892,stimulus_Arg_PISACowsMilk_10_page_6,1268.5,959.3,1214.0
10468893,stimulus_Arg_PISACowsMilk_10_page_6,1268.2,959.4,1214.0
10468894,stimulus_Arg_PISACowsMilk_10_page_6,1268.1,959.4,1214.0
10468895,stimulus_Arg_PISACowsMilk_10_page_6,1268.1,959.4,1212.0
10468896,stimulus_Arg_PISACowsMilk_10_page_6,1268.0,959.2,1211.0
10468897,stimulus_Arg_PISACowsMilk_10_page_6,1268.0,959.1,1209.0
10468898,stimulus_Arg_PISACowsMilk_10_page_6,1268.0,959.1,1209.0
10468899,stimulus_Arg_PISACowsMilk_10_page_6,1268.2,959.2,1210.0
10468900,stimulus_Arg_PISACowsMilk_10_page_6,1268.3,959.3,1210.0
10468901,stimulus_Arg_PISACowsMilk_10_page_6,1268.4,959.4,1211.0
10468902,stimulus_Arg_PISACowsMilk_10_page_6,1268.4,959.5,1210.0
10468903,stimulus_Arg_PISACowsMilk_10_page_6,1268.5,959.5,1210.0
10468904,stimulus_Arg_PISACowsMilk_10_page_6,1268.6,959.6,1209.0
10468905,stimulus_Arg_PISACowsMilk_10_page_6,1268.5,959.7,1208.0
10468906,stimulus_Arg_PISACowsMilk_10_page_6,1268.5,959.9,1208.0
10468907,stimulus_Arg_PISACowsMilk_10_page_6,1268.7,959.8,1209.0
10468908,stimulus_Arg_PISACowsMilk_10_page_6,1268.9,959.5,1209.0
10468909,stimulus_Arg_PISACowsMilk_10_page_6,1269.1,959.2,1211.0
10468910,stimulus_Arg_PISACowsMilk_10_page_6,1269.2,959.1,1212.0
10468911,stimulus_Arg_PISACowsMilk_10_page_6,1269.2,959.2,1213.0
10468912,stimulus_Arg_PISACowsMilk_10_page_6,1268.9,959.4,1212.0
10468913,stimulus_Arg_PISACowsMilk_10_page_6,1268.6,959.6,1211.0
10468914,stimulus_Arg_PISACowsMilk_10_page_6,1268.3,959.8,1210.0
10468915,stimulus_Arg_PISACowsMilk_10_page_6,1268.3,960.0,1210.0
10468916,stimulus_Arg_PISACowsMilk_10_page_6,1268.5,960.0,1210.0
10468917,stimulus_Arg_PISACowsMilk_10_page_6,1268.7,960.2,1210.0
10468918,stimulus_Arg_PISACowsMilk_10_page_6,1268.5,960.4,1211.0
10468919,stimulus_Arg_PISACowsMilk_10_page_6,1268.1,960.5,1211.0
10468920,stimulus_Arg_PISACowsMilk_10_page_6,1267.7,960.5,1211.0
10468921,stimulus_Arg_PISACowsMilk_10_page_6,1267.7,960.6,1211.0
10468922,stimulus_Arg_PISACowsMilk_10_page_6,1267.7,960.7,1211.0
10468923,stimulus_Arg_PISACowsMilk_10_page_6,1267.8,960.9,1211.0
10468924,stimulus_Arg_PISACowsMilk_10_page_6,1267.8,961.0,1211.0
10468925,stimulus_Arg_PISACowsMilk_10_page_6,1267.9,961.0,1209.0
10468926,stimulus_Arg_PISACowsMilk_10_page_6,1267.8,961.1,1208.0
10468927,stimulus_Arg_PISACowsMilk_10_page_6,1267.8,961.2,1207.0
10468928,stimulus_Arg_PISACowsMilk_10_page_6,1267.9,961.3,1208.0
10468929,stimulus_Arg_PISACowsMilk_10_page_6,1267.7,961.3,1210.0
10468930,stimulus_Arg_PISACowsMilk_10_page_6,1267.5,961.3,1212.0
10468931,stimulus_Arg_PISACowsMilk_10_page_6,1267.3,961.3,1211.0
10468932,stimulus_Arg_PISACowsMilk_10_page_6,1267.2,961.4,1211.0
10468933,stimulus_Arg_PISACowsMilk_10_page_6,1267.2,961.7,1211.0
10468934,stimulus_Arg_PISACowsMilk_10_page_6,1267.2,961.9,1210.0
10468935,stimulus_Arg_PISACowsMilk_10_page_6,1267.5,961.9,1210.0
10468936,stimulus_Arg_PISACowsMilk_10_page_6,1267.7,961.8,1209.0
10468937,stimulus_Arg_PISACowsMilk_10_page_6,1267.8,961.9,1209.0
10468938,stimulus_Arg_PISACowsMilk_10_page_6,1267.7,962.0,1209.0
10468939,stimulus_Arg_PISACowsMilk_10_page_6,1267.8,962.0,1209.0
10468940,stimulus_Arg_PISACowsMilk_10_page_6,1267.8,962.0,1208.0
10468941,stimulus_Arg_PISACowsMilk_10_page_6,1267.9,962.2,1208.0
10468942,stimulus_Arg_PISACowsMilk_10_page_6,1267.7,962.5,1208.0
10468943,stimulus_Arg_PISACowsMilk_10_page_6,1267.4,962.8,1208.0
10468944,stimulus_Arg_PISACowsMilk_10_page_6,1267.2,962.2,1207.0
10468945,stimulus_Arg_PISACowsMilk_10_page_6,1267.5,961.6,1208.0
10468946,stimulus_Arg_PISACowsMilk_10_page_6,1267.8,961.4,1209.0
10468947,stimulus_Arg_PISACowsMilk_10_page_6,1267.9,961.7,1210.0
10468948,stimulus_Arg_PISACowsMilk_10_page_6,1268.0,962.0,1210.0
10468949,stimulus_Arg_PISACowsMilk_10_page_6,1268.1,961.9,1210.0
10468950,stimulus_Arg_PISACowsMilk_10_page_6,1268.1,961.7,1210.0
10468951,stimulus_Arg_PISACowsMilk_10_page_6,1268.3,962.0,1210.0
10468952,stimulus_Arg_PISACowsMilk_10_page_6,1268.4,962.5,1209.0
10468953,stimulus_Arg_PISACowsMilk_10_page_6,1268.6,962.9,1209.0
10468954,stimulus_Arg_PISACowsMilk_10_page_6,1268.6,962.8,1209.0
10468955,stimulus_Arg_PISACowsMilk_10_page_6,1268.6,962.8,1209.0
10468956,stimulus_Arg_PISACowsMilk_10_page_6,1268.5,962.8,1210.0
10468957,stimulus_Arg_PISACowsMilk_10_page_6,1268.5,962.8,1211.0
10468958,stimulus_Arg_PISACowsMilk_10_page_6,1268.5,962.8,1212.0
10468959,stimulus_Arg_PISACowsMilk_10_page_6,1268.5,962.6,1212.0
10468960,stimulus_Arg_PISACowsMilk_10_page_6,1268.4,962.5,1211.0
10468961,stimulus_Arg_PISACowsMilk_10_page_6,1268.4,962.3,1211.0
10468962,stimulus_Arg_PISACowsMilk_10_page_6,1268.5,962.3,1210.0
10468963,stimulus_Arg_PISACowsMilk_10_page_6,1268.6,962.2,1209.0
10468964,stimulus_Arg_PISACowsMilk_10_page_6,1268.5,962.2,1208.0
10468965,stimulus_Arg_PISACowsMilk_10_page_6,1268.4,962.2,1207.0
10468966,stimulus_Arg_PISACowsMilk_10_page_6,1268.4,962.2,1208.0
10468967,stimulus_Arg_PISACowsMilk_10_page_6,1268.6,962.1,1208.0
10468968,stimulus_Arg_PISACowsMilk_10_page_6,1268.9,962.1,1208.0
10468969,stimulus_Arg_PISACowsMilk_10_page_6,1269.1,962.0,1208.0
10468970,stimulus_Arg_PISACowsMilk_10_page_6,1269.2,961.9,1207.0
10468971,stimulus_Arg_PISACowsMilk_10_page_6,1269.1,962.0,1206.0
10468972,stimulus_Arg_PISACowsMilk_10_page_6,1268.9,962.1,1206.0
10468973,stimulus_Arg_PISACowsMilk_10_page_6,1268.7,962.1,1206.0
10468974,stimulus_Arg_PISACowsMilk_10_page_6,1268.6,962.1,1206.0
10468975,stimulus_Arg_PISACowsMilk_10_page_6,1268.7,962.2,1206.0
10468976,stimulus_Arg_PISACowsMilk_10_page_6,1268.8,962.3,1206.0
10468977,stimulus_Arg_PISACowsMilk_10_page_6,1268.9,962.3,1206.0
10468978,stimulus_Arg_PISACowsMilk_10_page_6,1269.0,962.1,1206.0
10468979,stimulus_Arg_PISACowsMilk_10_page_6,1269.0,961.8,1207.0
10468980,stimulus_Arg_PISACowsMilk_10_page_6,1269.0,961.9,1207.0
10468981,stimulus_Arg_PISACowsMilk_10_page_6,1268.9,962.0,1208.0
10468982,stimulus_Arg_PISACowsMilk_10_page_6,1268.5,962.2,1208.0
10468983,stimulus_Arg_PISACowsMilk_10_page_6,1268.2,962.3,1208.0
10468984,stimulus_Arg_PISACowsMilk_10_page_6,1268.2,962.3,1207.0
10468985,stimulus_Arg_PISACowsMilk_10_page_6,1268.5,962.5,1206.0
10468986,stimulus_Arg_PISACowsMilk_10_page_6,1268.4,962.7,1206.0
10468987,stimulus_Arg_PISACowsMilk_10_page_6,1268.1,962.9,1206.0
10468988,stimulus_Arg_PISACowsMilk_10_page_6,1267.7,962.9,1205.0
10468989,stimulus_Arg_PISACowsMilk_10_page_6,1267.7,963.1,1205.0
10468990,stimulus_Arg_PISACowsMilk_10_page_6,1267.7,963.4,1206.0
10468991,stimulus_Arg_PISACowsMilk_10_page_6,1267.6,963.6,1206.0
10468992,stimulus_Arg_PISACowsMilk_10_page_6,1267.6,963.5,1206.0
10468993,stimulus_Arg_PISACowsMilk_10_page_6,1267.8,963.1,1206.0
10468994,stimulus_Arg_PISACowsMilk_10_page_6,1268.1,962.7,1207.0
10468995,stimulus_Arg_PISACowsMilk_10_page_6,1268.1,962.4,1207.0
10468996,stimulus_Arg_PISACowsMilk_10_page_6,1267.9,962.5,1207.0
10468997,stimulus_Arg_PISACowsMilk_10_page_6,1267.7,962.7,1206.0
10468998,stimulus_Arg_PISACowsMilk_10_page_6,1267.7,963.0,1206.0
10468999,stimulus_Arg_PISACowsMilk_10_page_6,1267.9,963.4,1206.0
10469000,stimulus_Arg_PISACowsMilk_10_page_6,1268.0,963.7,1206.0
10469001,stimulus_Arg_PISACowsMilk_10_page_6,1268.1,963.6,1208.0
10469002,stimulus_Arg_PISACowsMilk_10_page_6,1268.0,963.6,1210.0
10469003,stimulus_Arg_PISACowsMilk_10_page_6,1267.8,963.6,1212.0
10469004,stimulus_Arg_PISACowsMilk_10_page_6,1267.5,963.7,1210.0
10469005,stimulus_Arg_PISACowsMilk_10_page_6,1267.2,963.8,1208.0
10469006,stimulus_Arg_PISACowsMilk_10_page_6,1267.2,963.9,1207.0
10469007,stimulus_Arg_PISACowsMilk_10_page_6,1267.7,963.7,1207.0
10469008,stimulus_Arg_PISACowsMilk_10_page_6,1268.3,963.3,1207.0
10469009,stimulus_Arg_PISACowsMilk_10_page_6,1268.9,962.9,1207.0
10469010,stimulus_Arg_PISACowsMilk_10_page_6,1269.1,962.7,1207.0
10469011,stimulus_Arg_PISACowsMilk_10_page_6,1269.0,962.6,1207.0
10469012,stimulus_Arg_PISACowsMilk_10_page_6,1269.0,962.5,1207.0
10469013,stimulus_Arg_PISACowsMilk_10_page_6,1269.1,962.7,1208.0
10469014,stimulus_Arg_PISACowsMilk_10_page_6,1268.7,962.9,1209.0
10469015,stimulus_Arg_PISACowsMilk_10_page_6,1268.3,963.0,1209.0
10469016,stimulus_Arg_PISACowsMilk_10_page_6,1267.9,963.0,1209.0
10469017,stimulus_Arg_PISACowsMilk_10_page_6,1267.9,962.9,1208.0
10469018,stimulus_Arg_PISACowsMilk_10_page_6,1268.0,962.8,1208.0
10469019,stimulus_Arg_PISACowsMilk_10_page_6,1267.7,962.8,1208.0
10469020,stimulus_Arg_PISACowsMilk_10_page_6,1267.4,962.9,1208.0
10469021,stimulus_Arg_PISACowsMilk_10_page_6,1267.2,963.0,1208.0
10469022,stimulus_Arg_PISACowsMilk_10_page_6,1267.3,963.2,1209.0
10469023,stimulus_Arg_PISACowsMilk_10_page_6,1267.5,963.3,1209.0
10469024,stimulus_Arg_PISACowsMilk_10_page_6,1267.6,963.3,1209.0
10469025,stimulus_Arg_PISACowsMilk_10_page_6,1267.5,963.4,1208.0
10469026,stimulus_Arg_PISACowsMilk_10_page_6,1267.5,963.5,1207.0
10469027,stimulus_Arg_PISACowsMilk_10_page_6,1267.5,963.5,1207.0
10469028,stimulus_Arg_PISACowsMilk_10_page_6,1267.5,963.4,1207.0
10469029,stimulus_Arg_PISACowsMilk_10_page_6,1267.3,963.4,1209.0
10469030,stimulus_Arg_PISACowsMilk_10_page_6,1267.0,963.6,1210.0
10469031,stimulus_Arg_PISACowsMilk_10_page_6,1266.6,963.7,1212.0
10469032,stimulus_Arg_PISACowsMilk_10_page_6,1266.5,963.8,1212.0
10469033,stimulus_Arg_PISACowsMilk_10_page_6,1266.4,963.9,1212.0
10469034,stimulus_Arg_PISACowsMilk_10_page_6,1266.4,963.9,1212.0
10469035,stimulus_Arg_PISACowsMilk_10_page_6,1266.4,963.8,1212.0
10469036,stimulus_Arg_PISACowsMilk_10_page_6,1266.3,963.8,1212.0
10469037,stimulus_Arg_PISACowsMilk_10_page_6,1266.3,963.6,1212.0
10469038,stimulus_Arg_PISACowsMilk_10_page_6,1266.2,963.4,1213.0
10469039,stimulus_Arg_PISACowsMilk_10_page_6,1266.2,963.7,1215.0
10469040,stimulus_Arg_PISACowsMilk_10_page_6,1266.2,964.4,1215.0
10469041,stimulus_Arg_PISACowsMilk_10_page_6,1266.1,965.0,1214.0
10469042,stimulus_Arg_PISACowsMilk_10_page_6,1266.1,965.1,1213.0
10469043,stimulus_Arg_PISACowsMilk_10_page_6,1266.0,964.9,1212.0
10469044,stimulus_Arg_PISACowsMilk_10_page_6,1266.1,964.8,1211.0
10469045,stimulus_Arg_PISACowsMilk_10_page_6,1266.1,964.6,1211.0
10469046,stimulus_Arg_PISACowsMilk_10_page_6,1266.0,964.6,1212.0
10469047,stimulus_Arg_PISACowsMilk_10_page_6,1265.9,964.5,1212.0
10469048,stimulus_Arg_PISACowsMilk_10_page_6,1265.8,964.4,1212.0
10469049,stimulus_Arg_PISACowsMilk_10_page_6,1265.8,964.4,1213.0
10469050,stimulus_Arg_PISACowsMilk_10_page_6,1265.8,964.5,1214.0
10469051,stimulus_Arg_PISACowsMilk_10_page_6,1265.9,964.6,1214.0
10469052,stimulus_Arg_PISACowsMilk_10_page_6,1265.8,964.7,1214.0
10469053,stimulus_Arg_PISACowsMilk_10_page_6,1265.6,964.5,1214.0
10469054,stimulus_Arg_PISACowsMilk_10_page_6,1265.3,964.1,1214.0
10469055,stimulus_Arg_PISACowsMilk_10_page_6,1265.4,963.8,1214.0
10469056,stimulus_Arg_PISACowsMilk_10_page_6,1265.4,964.2,1214.0
10469057,stimulus_Arg_PISACowsMilk_10_page_6,1265.3,964.7,1214.0
10469058,stimulus_Arg_PISACowsMilk_10_page_6,1265.1,965.0,1214.0
10469059,stimulus_Arg_PISACowsMilk_10_page_6,1265.1,964.9,1214.0
10469060,stimulus_Arg_PISACowsMilk_10_page_6,1265.2,964.8,1215.0
10469061,stimulus_Arg_PISACowsMilk_10_page_6,1265.3,964.7,1215.0
10469062,stimulus_Arg_PISACowsMilk_10_page_6,1265.2,964.8,1215.0
10469063,stimulus_Arg_PISACowsMilk_10_page_6,1265.2,964.9,1214.0
10469064,stimulus_Arg_PISACowsMilk_10_page_6,1265.2,964.8,1213.0
10469065,stimulus_Arg_PISACowsMilk_10_page_6,1265.2,964.3,1213.0
10469066,stimulus_Arg_PISACowsMilk_10_page_6,1265.2,963.7,1212.0
10469067,stimulus_Arg_PISACowsMilk_10_page_6,1265.3,963.3,1212.0
10469068,stimulus_Arg_PISACowsMilk_10_page_6,1265.3,963.3,1211.0
10469069,stimulus_Arg_PISACowsMilk_10_page_6,1264.8,963.1,1210.0
10469070,stimulus_Arg_PISACowsMilk_10_page_6,1264.1,963.0,1210.0
10469071,stimulus_Arg_PISACowsMilk_10_page_6,1263.4,962.8,1211.0
10469072,stimulus_Arg_PISACowsMilk_10_page_6,1263.3,962.8,1212.0
10469073,stimulus_Arg_PISACowsMilk_10_page_6,1263.4,963.1,1212.0
10469074,stimulus_Arg_PISACowsMilk_10_page_6,1263.5,963.4,1213.0
10469075,stimulus_Arg_PISACowsMilk_10_page_6,1263.8,963.6,1213.0
10469076,stimulus_Arg_PISACowsMilk_10_page_6,1264.1,963.6,1213.0
10469077,stimulus_Arg_PISACowsMilk_10_page_6,1264.4,963.7,1213.0
10469078,stimulus_Arg_PISACowsMilk_10_page_6,1264.1,964.2,1212.0
10469079,stimulus_Arg_PISACowsMilk_10_page_6,1263.8,964.7,1212.0
10469080,stimulus_Arg_PISACowsMilk_10_page_6,1263.4,964.2,1211.0
10469081,stimulus_Arg_PISACowsMilk_10_page_6,1263.3,963.5,1212.0
10469082,stimulus_Arg_PISACowsMilk_10_page_6,1263.3,963.0,1212.0
10469083,stimulus_Arg_PISACowsMilk_10_page_6,1263.4,963.3,1212.0
10469084,stimulus_Arg_PISACowsMilk_10_page_6,1263.5,963.6,1211.0
10469085,stimulus_Arg_PISACowsMilk_10_page_6,1263.6,963.6,1210.0
10469086,stimulus_Arg_PISACowsMilk_10_page_6,1263.6,963.6,1209.0
10469087,stimulus_Arg_PISACowsMilk_10_page_6,1263.6,963.5,1208.0
10469088,stimulus_Arg_PISACowsMilk_10_page_6,1263.6,963.5,1209.0
10469089,stimulus_Arg_PISACowsMilk_10_page_6,1263.7,963.5,1210.0
10469090,stimulus_Arg_PISACowsMilk_10_page_6,1263.9,963.0,1211.0
10469091,stimulus_Arg_PISACowsMilk_10_page_6,1263.8,962.5,1212.0
10469092,stimulus_Arg_PISACowsMilk_10_page_6,1263.6,962.0,1212.0
10469093,stimulus_Arg_PISACowsMilk_10_page_6,1263.3,962.0,1211.0
10469094,stimulus_Arg_PISACowsMilk_10_page_6,1263.4,961.9,1209.0
10469095,stimulus_Arg_PISACowsMilk_10_page_6,1263.3,961.9,1208.0
10469096,stimulus_Arg_PISACowsMilk_10_page_6,1263.3,962.0,1208.0
10469097,stimulus_Arg_PISACowsMilk_10_page_6,1263.3,962.0,1208.0
10469098,stimulus_Arg_PISACowsMilk_10_page_6,1263.5,962.0,1209.0
10469099,stimulus_Arg_PISACowsMilk_10_page_6,1263.7,961.8,1209.0
10469100,stimulus_Arg_PISACowsMilk_10_page_6,1264.0,961.5,1209.0
10469101,stimulus_Arg_PISACowsMilk_10_page_6,1264.0,961.4,1209.0
10469102,stimulus_Arg_PISACowsMilk_10_page_6,1263.8,961.6,1209.0
10469103,stimulus_Arg_PISACowsMilk_10_page_6,1263.7,961.8,1209.0
10469104,stimulus_Arg_PISACowsMilk_10_page_6,1263.7,961.8,1208.0
10469105,stimulus_Arg_PISACowsMilk_10_page_6,1263.7,961.7,1206.0
10469106,stimulus_Arg_PISACowsMilk_10_page_6,1263.7,961.4,1206.0
10469107,stimulus_Arg_PISACowsMilk_10_page_6,1263.7,960.9,1207.0
10469108,stimulus_Arg_PISACowsMilk_10_page_6,1263.9,960.6,1208.0
10469109,stimulus_Arg_PISACowsMilk_10_page_6,1264.1,960.3,1208.0
10469110,stimulus_Arg_PISACowsMilk_10_page_6,1264.3,960.1,1209.0
10469111,stimulus_Arg_PISACowsMilk_10_page_6,1264.2,960.1,1209.0
10469112,stimulus_Arg_PISACowsMilk_10_page_6,1264.1,960.1,1208.0
10469113,stimulus_Arg_PISACowsMilk_10_page_6,1264.1,960.2,1207.0
10469114,stimulus_Arg_PISACowsMilk_10_page_6,1264.1,960.3,1207.0
10469115,stimulus_Arg_PISACowsMilk_10_page_6,1264.1,960.5,1209.0
10469116,stimulus_Arg_PISACowsMilk_10_page_6,1264.1,960.5,1210.0
10469117,stimulus_Arg_PISACowsMilk_10_page_6,1264.0,960.3,1210.0
10469118,stimulus_Arg_PISACowsMilk_10_page_6,1264.0,960.3,1210.0
10469119,stimulus_Arg_PISACowsMilk_10_page_6,1263.9,960.5,1211.0
10469120,stimulus_Arg_PISACowsMilk_10_page_6,1264.0,960.8,1211.0
10469121,stimulus_Arg_PISACowsMilk_10_page_6,1264.0,960.9,1210.0
10469122,stimulus_Arg_PISACowsMilk_10_page_6,1264.0,960.8,1210.0
10469123,stimulus_Arg_PISACowsMilk_10_page_6,1263.9,960.5,1210.0
10469124,stimulus_Arg_PISACowsMilk_10_page_6,1263.9,960.2,1211.0
10469125,stimulus_Arg_PISACowsMilk_10_page_6,1263.8,960.0,1212.0
10469126,stimulus_Arg_PISACowsMilk_10_page_6,1263.7,960.3,1213.0
10469127,stimulus_Arg_PISACowsMilk_10_page_6,1263.6,960.6,1212.0
10469128,stimulus_Arg_PISACowsMilk_10_page_6,1263.6,961.0,1212.0
10469129,stimulus_Arg_PISACowsMilk_10_page_6,1263.6,961.2,1211.0
10469130,stimulus_Arg_PISACowsMilk_10_page_6,1263.6,961.3,1211.0
10469131,stimulus_Arg_PISACowsMilk_10_page_6,1263.6,961.2,1211.0
10469132,stimulus_Arg_PISACowsMilk_10_page_6,1263.5,961.1,1210.0
10469133,stimulus_Arg_PISACowsMilk_10_page_6,1263.5,961.2,1210.0
10469134,stimulus_Arg_PISACowsMilk_10_page_6,1263.6,961.2,1210.0
10469135,stimulus_Arg_PISACowsMilk_10_page_6,1263.8,961.2,1209.0
10469136,stimulus_Arg_PISACowsMilk_10_page_6,1264.0,961.2,1209.0
10469137,stimulus_Arg_PISACowsMilk_10_page_6,1264.1,961.2,1210.0
10469138,stimulus_Arg_PISACowsMilk_10_page_6,1263.9,960.9,1210.0
10469139,stimulus_Arg_PISACowsMilk_10_page_6,1263.6,960.4,1210.0
10469140,stimulus_Arg_PISACowsMilk_10_page_6,1263.5,960.0,1210.0
10469141,stimulus_Arg_PISACowsMilk_10_page_6,1263.6,960.0,1211.0
10469142,stimulus_Arg_PISACowsMilk_10_page_6,1263.7,960.1,1211.0
10469143,stimulus_Arg_PISACowsMilk_10_page_6,1263.7,960.2,1210.0
10469144,stimulus_Arg_PISACowsMilk_10_page_6,1263.6,960.3,1210.0
10469145,stimulus_Arg_PISACowsMilk_10_page_6,1263.5,960.3,1210.0
10469146,stimulus_Arg_PISACowsMilk_10_page_6,1263.5,960.3,1210.0
10469147,stimulus_Arg_PISACowsMilk_10_page_6,1263.6,960.3,1210.0
10469148,stimulus_Arg_PISACowsMilk_10_page_6,1263.7,960.5,1210.0
10469149,stimulus_Arg_PISACowsMilk_10_page_6,1263.8,960.6,1210.0
10469150,stimulus_Arg_PISACowsMilk_10_page_6,1263.9,960.9,1210.0
10469151,stimulus_Arg_PISACowsMilk_10_page_6,1263.8,961.1,1210.0
10469152,stimulus_Arg_PISACowsMilk_10_page_6,1263.8,961.2,1211.0
10469153,stimulus_Arg_PISACowsMilk_10_page_6,1263.7,961.1,1210.0
10469154,stimulus_Arg_PISACowsMilk_10_page_6,1263.6,960.9,1210.0
10469155,stimulus_Arg_PISACowsMilk_10_page_6,1263.6,960.8,1211.0
10469156,stimulus_Arg_PISACowsMilk_10_page_6,1263.6,960.7,1212.0
10469157,stimulus_Arg_PISACowsMilk_10_page_6,1263.5,961.0,1214.0
10469158,stimulus_Arg_PISACowsMilk_10_page_6,1263.5,961.4,1215.0
10469159,stimulus_Arg_PISACowsMilk_10_page_6,1263.5,961.7,1216.0
10469160,stimulus_Arg_PISACowsMilk_10_page_6,1263.3,962.3,1217.0
10469161,stimulus_Arg_PISACowsMilk_10_page_6,1263.1,962.9,1217.0
10469162,stimulus_Arg_PISACowsMilk_10_page_6,1263.0,963.4,1217.0
10469163,stimulus_Arg_PISACowsMilk_10_page_6,1263.0,963.4,1217.0
10469164,stimulus_Arg_PISACowsMilk_10_page_6,1263.0,963.1,1216.0
10469165,stimulus_Arg_PISACowsMilk_10_page_6,1263.0,962.8,1215.0
10469166,stimulus_Arg_PISACowsMilk_10_page_6,1263.0,962.6,1214.0
10469167,stimulus_Arg_PISACowsMilk_10_page_6,1263.1,962.8,1214.0
10469168,stimulus_Arg_PISACowsMilk_10_page_6,1263.1,963.2,1215.0
10469169,stimulus_Arg_PISACowsMilk_10_page_6,1263.2,963.5,1216.0
10469170,stimulus_Arg_PISACowsMilk_10_page_6,1263.2,963.7,1216.0
10469171,stimulus_Arg_PISACowsMilk_10_page_6,1263.2,963.7,1217.0
10469172,stimulus_Arg_PISACowsMilk_10_page_6,1263.2,963.7,1217.0
10469173,stimulus_Arg_PISACowsMilk_10_page_6,1263.1,963.8,1217.0
10469174,stimulus_Arg_PISACowsMilk_10_page_6,1263.1,963.8,1217.0
10469175,stimulus_Arg_PISACowsMilk_10_page_6,1263.0,963.8,1217.0
10469176,stimulus_Arg_PISACowsMilk_10_page_6,1262.9,964.0,1217.0
10469177,stimulus_Arg_PISACowsMilk_10_page_6,1262.7,964.2,1218.0
10469178,stimulus_Arg_PISACowsMilk_10_page_6,1262.6,964.4,1220.0
10469179,stimulus_Arg_PISACowsMilk_10_page_6,1262.6,964.5,1221.0
10469180,stimulus_Arg_PISACowsMilk_10_page_6,1262.8,964.7,1222.0
10469181,stimulus_Arg_PISACowsMilk_10_page_6,1262.9,964.9,1221.0
10469182,stimulus_Arg_PISACowsMilk_10_page_6,1263.1,965.0,1222.0
10469183,stimulus_Arg_PISACowsMilk_10_page_6,1263.0,965.0,1224.0
10469184,stimulus_Arg_PISACowsMilk_10_page_6,1263.0,964.9,1225.0
10469185,stimulus_Arg_PISACowsMilk_10_page_6,1263.1,964.9,1225.0
10469186,stimulus_Arg_PISACowsMilk_10_page_6,1263.2,964.7,1224.0
10469187,stimulus_Arg_PISACowsMilk_10_page_6,1263.4,964.5,1223.0
10469188,stimulus_Arg_PISACowsMilk_10_page_6,1263.4,964.6,1223.0
10469189,stimulus_Arg_PISACowsMilk_10_page_6,1263.8,964.7,1223.0
10469190,stimulus_Arg_PISACowsMilk_10_page_6,1264.2,964.6,1223.0
10469191,stimulus_Arg_PISACowsMilk_10_page_6,1264.6,964.3,1223.0
10469192,stimulus_Arg_PISACowsMilk_10_page_6,1264.6,964.1,1222.0
10469193,stimulus_Arg_PISACowsMilk_10_page_6,1264.6,964.1,1221.0
10469194,stimulus_Arg_PISACowsMilk_10_page_6,1264.7,964.1,1220.0
10469195,stimulus_Arg_PISACowsMilk_10_page_6,1264.8,964.1,1220.0
10469196,stimulus_Arg_PISACowsMilk_10_page_6,1264.9,964.1,1220.0
10469197,stimulus_Arg_PISACowsMilk_10_page_6,1265.0,964.2,1221.0
10469198,stimulus_Arg_PISACowsMilk_10_page_6,1265.2,964.3,1221.0
10469199,stimulus_Arg_PISACowsMilk_10_page_6,1265.4,964.3,1221.0
10469200,stimulus_Arg_PISACowsMilk_10_page_6,1265.5,964.1,1221.0
10469201,stimulus_Arg_PISACowsMilk_10_page_6,1265.4,963.9,1221.0
10469202,stimulus_Arg_PISACowsMilk_10_page_6,1265.4,963.7,1221.0
10469203,stimulus_Arg_PISACowsMilk_10_page_6,1265.4,963.6,1221.0
10469204,stimulus_Arg_PISACowsMilk_10_page_6,1265.4,963.5,1221.0
10469205,stimulus_Arg_PISACowsMilk_10_page_6,1265.4,963.5,1220.0
10469206,stimulus_Arg_PISACowsMilk_10_page_6,1265.5,963.6,1220.0
10469207,stimulus_Arg_PISACowsMilk_10_page_6,1265.5,963.7,1221.0
10469208,stimulus_Arg_PISACowsMilk_10_page_6,1265.5,963.8,1222.0
10469209,stimulus_Arg_PISACowsMilk_10_page_6,1265.5,963.9,1222.0
10469210,stimulus_Arg_PISACowsMilk_10_page_6,1265.5,964.2,1222.0
10469211,stimulus_Arg_PISACowsMilk_10_page_6,1265.5,964.5,1223.0
10469212,stimulus_Arg_PISACowsMilk_10_page_6,1265.3,964.8,1225.0
10469213,stimulus_Arg_PISACowsMilk_10_page_6,1265.3,965.2,1225.0
10469214,stimulus_Arg_PISACowsMilk_10_page_6,1265.4,965.5,1224.0
10469215,stimulus_Arg_PISACowsMilk_10_page_6,1265.7,965.7,1224.0
10469216,stimulus_Arg_PISACowsMilk_10_page_6,1265.8,965.5,1224.0
10469217,stimulus_Arg_PISACowsMilk_10_page_6,1265.8,965.4,1224.0
10469218,stimulus_Arg_PISACowsMilk_10_page_6,1265.8,965.3,1224.0
10469219,stimulus_Arg_PISACowsMilk_10_page_6,1265.8,965.3,1225.0
10469220,stimulus_Arg_PISACowsMilk_10_page_6,1265.8,965.2,1225.0
10469221,stimulus_Arg_PISACowsMilk_10_page_6,1265.7,965.2,1225.0
10469222,stimulus_Arg_PISACowsMilk_10_page_6,1265.7,965.1,1224.0
10469223,stimulus_Arg_PISACowsMilk_10_page_6,1265.6,964.9,1223.0
10469224,stimulus_Arg_PISACowsMilk_10_page_6,1265.4,964.7,1221.0
10469225,stimulus_Arg_PISACowsMilk_10_page_6,1265.2,964.5,1222.0
10469226,stimulus_Arg_PISACowsMilk_10_page_6,1265.0,964.3,1222.0
10469227,stimulus_Arg_PISACowsMilk_10_page_6,1265.1,964.1,1223.0
10469228,stimulus_Arg_PISACowsMilk_10_page_6,1265.3,964.0,1223.0
10469229,stimulus_Arg_PISACowsMilk_10_page_6,1265.5,963.9,1222.0
10469230,stimulus_Arg_PISACowsMilk_10_page_6,1265.5,963.6,1223.0
10469231,stimulus_Arg_PISACowsMilk_10_page_6,1265.5,963.3,1223.0
10469232,stimulus_Arg_PISACowsMilk_10_page_6,1265.5,963.1,1223.0
10469233,stimulus_Arg_PISACowsMilk_10_page_6,1265.5,963.1,1223.0
10469234,stimulus_Arg_PISACowsMilk_10_page_6,1265.6,963.1,1222.0
10469235,stimulus_Arg_PISACowsMilk_10_page_6,1265.7,963.1,1222.0
10469236,stimulus_Arg_PISACowsMilk_10_page_6,1265.6,963.1,1222.0
10469237,stimulus_Arg_PISACowsMilk_10_page_6,1265.3,963.1,1222.0
10469238,stimulus_Arg_PISACowsMilk_10_page_6,1264.9,963.3,1223.0
10469239,stimulus_Arg_PISACowsMilk_10_page_6,1264.6,963.4,1222.0
10469240,stimulus_Arg_PISACowsMilk_10_page_6,1264.7,963.4,1221.0
10469241,stimulus_Arg_PISACowsMilk_10_page_6,1264.7,963.6,1221.0
10469242,stimulus_Arg_PISACowsMilk_10_page_6,1264.8,963.9,1221.0
10469243,stimulus_Arg_PISACowsMilk_10_page_6,1264.8,964.2,1221.0
10469244,stimulus_Arg_PISACowsMilk_10_page_6,1264.7,964.3,1221.0
10469245,stimulus_Arg_PISACowsMilk_10_page_6,1264.7,964.3,1221.0
10469246,stimulus_Arg_PISACowsMilk_10_page_6,1264.8,964.3,1221.0
10469247,stimulus_Arg_PISACowsMilk_10_page_6,1264.9,964.3,1221.0
10469248,stimulus_Arg_PISACowsMilk_10_page_6,1265.2,964.1,1221.0
10469249,stimulus_Arg_PISACowsMilk_10_page_6,1265.2,964.0,1222.0
10469250,stimulus_Arg_PISACowsMilk_10_page_6,1265.2,964.0,1222.0
10469251,stimulus_Arg_PISACowsMilk_10_page_6,1265.1,963.7,1222.0
10469252,stimulus_Arg_PISACowsMilk_10_page_6,1264.9,963.3,1222.0
10469253,stimulus_Arg_PISACowsMilk_10_page_6,1264.9,962.8,1222.0
10469254,stimulus_Arg_PISACowsMilk_10_page_6,1264.8,962.8,1223.0
10469255,stimulus_Arg_PISACowsMilk_10_page_6,1264.7,962.8,1224.0
10469256,stimulus_Arg_PISACowsMilk_10_page_6,1264.6,963.0,1225.0
10469257,stimulus_Arg_PISACowsMilk_10_page_6,1264.6,963.2,1224.0
10469258,stimulus_Arg_PISACowsMilk_10_page_6,1264.7,963.9,1223.0
10469259,stimulus_Arg_PISACowsMilk_10_page_6,1264.9,964.5,1223.0
10469260,stimulus_Arg_PISACowsMilk_10_page_6,1265.1,965.0,1224.0
10469261,stimulus_Arg_PISACowsMilk_10_page_6,1265.1,965.1,1224.0
10469262,stimulus_Arg_PISACowsMilk_10_page_6,1265.1,965.0,1224.0
10469263,stimulus_Arg_PISACowsMilk_10_page_6,1265.0,964.7,1225.0
10469264,stimulus_Arg_PISACowsMilk_10_page_6,1265.0,964.4,1225.0
10469265,stimulus_Arg_PISACowsMilk_10_page_6,1265.1,964.3,1226.0
10469266,stimulus_Arg_PISACowsMilk_10_page_6,1265.3,964.4,1227.0
10469267,stimulus_Arg_PISACowsMilk_10_page_6,1265.5,964.6,1227.0
10469268,stimulus_Arg_PISACowsMilk_10_page_6,1265.6,964.8,1228.0
10469269,stimulus_Arg_PISACowsMilk_10_page_6,1265.7,964.7,1229.0
10469270,stimulus_Arg_PISACowsMilk_10_page_6,1265.8,964.6,1229.0
10469271,stimulus_Arg_PISACowsMilk_10_page_6,1265.7,964.8,1229.0
10469272,stimulus_Arg_PISACowsMilk_10_page_6,1265.6,965.2,1228.0
10469273,stimulus_Arg_PISACowsMilk_10_page_6,1265.6,965.5,1228.0
10469274,stimulus_Arg_PISACowsMilk_10_page_6,1265.6,965.5,1228.0
10469275,stimulus_Arg_PISACowsMilk_10_page_6,1265.7,965.4,1228.0
10469276,stimulus_Arg_PISACowsMilk_10_page_6,1265.9,965.4,1229.0
10469277,stimulus_Arg_PISACowsMilk_10_page_6,1265.9,965.2,1231.0
10469278,stimulus_Arg_PISACowsMilk_10_page_6,1265.8,965.1,1232.0
10469279,stimulus_Arg_PISACowsMilk_10_page_6,1265.8,965.4,1232.0
10469280,stimulus_Arg_PISACowsMilk_10_page_6,1265.9,965.6,1231.0
10469281,stimulus_Arg_PISACowsMilk_10_page_6,1266.0,965.5,1230.0
10469282,stimulus_Arg_PISACowsMilk_10_page_6,1265.9,965.2,1231.0
10469283,stimulus_Arg_PISACowsMilk_10_page_6,1265.9,964.6,1231.0
10469284,stimulus_Arg_PISACowsMilk_10_page_6,1265.7,964.4,1231.0
10469285,stimulus_Arg_PISACowsMilk_10_page_6,1265.4,964.2,1231.0
10469286,stimulus_Arg_PISACowsMilk_10_page_6,1265.1,964.3,1230.0
10469287,stimulus_Arg_PISACowsMilk_10_page_6,1265.0,964.3,1231.0
10469288,stimulus_Arg_PISACowsMilk_10_page_6,1265.0,964.4,1232.0
10469289,stimulus_Arg_PISACowsMilk_10_page_6,1265.0,964.3,1232.0
10469290,stimulus_Arg_PISACowsMilk_10_page_6,1265.2,964.1,1232.0
10469291,stimulus_Arg_PISACowsMilk_10_page_6,1265.3,964.0,1231.0
10469292,stimulus_Arg_PISACowsMilk_10_page_6,1265.7,964.0,1230.0
10469293,stimulus_Arg_PISACowsMilk_10_page_6,1266.0,964.0,1230.0
10469294,stimulus_Arg_PISACowsMilk_10_page_6,1266.2,964.0,1231.0
10469295,stimulus_Arg_PISACowsMilk_10_page_6,1266.3,964.0,1230.0
10469296,stimulus_Arg_PISACowsMilk_10_page_6,1266.3,963.9,1230.0
10469297,stimulus_Arg_PISACowsMilk_10_page_6,1266.3,963.9,1229.0
10469298,stimulus_Arg_PISACowsMilk_10_page_6,1266.3,964.1,1230.0
10469299,stimulus_Arg_PISACowsMilk_10_page_6,1266.2,964.3,1230.0
10469300,stimulus_Arg_PISACowsMilk_10_page_6,1266.1,964.0,1231.0
10469301,stimulus_Arg_PISACowsMilk_10_page_6,1266.0,963.6,1231.0
10469302,stimulus_Arg_PISACowsMilk_10_page_6,1266.1,963.2,1231.0
10469303,stimulus_Arg_PISACowsMilk_10_page_6,1266.1,963.2,1231.0
10469304,stimulus_Arg_PISACowsMilk_10_page_6,1265.9,963.3,1231.0
10469305,stimulus_Arg_PISACowsMilk_10_page_6,1265.6,963.4,1231.0
10469306,stimulus_Arg_PISACowsMilk_10_page_6,1265.3,963.3,1232.0
10469307,stimulus_Arg_PISACowsMilk_10_page_6,1265.3,963.1,1233.0
10469308,stimulus_Arg_PISACowsMilk_10_page_6,1265.2,962.9,1233.0
10469309,stimulus_Arg_PISACowsMilk_10_page_6,1265.2,962.7,1233.0
10469310,stimulus_Arg_PISACowsMilk_10_page_6,1265.4,962.5,1233.0
10469311,stimulus_Arg_PISACowsMilk_10_page_6,1265.5,962.3,1233.0
10469312,stimulus_Arg_PISACowsMilk_10_page_6,1265.6,962.1,1233.0
10469313,stimulus_Arg_PISACowsMilk_10_page_6,1265.6,961.8,1233.0
10469314,stimulus_Arg_PISACowsMilk_10_page_6,1265.7,961.6,1233.0
10469315,stimulus_Arg_PISACowsMilk_10_page_6,1265.8,961.8,1232.0
10469316,stimulus_Arg_PISACowsMilk_10_page_6,1265.8,962.1,1232.0
10469317,stimulus_Arg_PISACowsMilk_10_page_6,1265.8,962.4,1232.0
10469318,stimulus_Arg_PISACowsMilk_10_page_6,1265.7,962.4,1232.0
10469319,stimulus_Arg_PISACowsMilk_10_page_6,1265.6,962.3,1234.0
10469320,stimulus_Arg_PISACowsMilk_10_page_6,1265.6,962.2,1235.0
10469321,stimulus_Arg_PISACowsMilk_10_page_6,1265.6,962.1,1237.0
10469322,stimulus_Arg_PISACowsMilk_10_page_6,1265.7,962.0,1237.0
10469323,stimulus_Arg_PISACowsMilk_10_page_6,1265.3,962.0,1236.0
10469324,stimulus_Arg_PISACowsMilk_10_page_6,1264.9,962.0,1236.0
10469325,stimulus_Arg_PISACowsMilk_10_page_6,1264.7,962.0,1236.0
10469326,stimulus_Arg_PISACowsMilk_10_page_6,1265.0,962.0,1237.0
10469327,stimulus_Arg_PISACowsMilk_10_page_6,1265.3,962.1,1239.0
10469328,stimulus_Arg_PISACowsMilk_10_page_6,1265.4,962.1,1239.0
10469329,stimulus_Arg_PISACowsMilk_10_page_6,1265.5,962.2,1239.0
10469330,stimulus_Arg_PISACowsMilk_10_page_6,1265.7,962.3,1240.0
10469331,stimulus_Arg_PISACowsMilk_10_page_6,1265.8,962.3,1240.0
10469332,stimulus_Arg_PISACowsMilk_10_page_6,1265.9,962.3,1239.0
10469333,stimulus_Arg_PISACowsMilk_10_page_6,1265.5,962.3,1240.0
10469334,stimulus_Arg_PISACowsMilk_10_page_6,1265.1,962.2,1240.0
10469335,stimulus_Arg_PISACowsMilk_10_page_6,1264.8,962.1,1240.0
10469336,stimulus_Arg_PISACowsMilk_10_page_6,1264.9,962.0,1239.0
10469337,stimulus_Arg_PISACowsMilk_10_page_6,1265.0,962.0,1238.0
10469338,stimulus_Arg_PISACowsMilk_10_page_6,1264.9,962.1,1238.0
10469339,stimulus_Arg_PISACowsMilk_10_page_6,1264.7,962.3,1238.0
10469340,stimulus_Arg_PISACowsMilk_10_page_6,1264.9,962.3,1239.0
10469341,stimulus_Arg_PISACowsMilk_10_page_6,1265.3,962.4,1240.0
10469342,stimulus_Arg_PISACowsMilk_10_page_6,1265.8,961.8,1241.0
10469343,stimulus_Arg_PISACowsMilk_10_page_6,1265.7,961.3,1241.0
10469344,stimulus_Arg_PISACowsMilk_10_page_6,1265.6,960.9,1240.0
10469345,stimulus_Arg_PISACowsMilk_10_page_6,1265.6,961.1,1239.0
10469346,stimulus_Arg_PISACowsMilk_10_page_6,1265.7,961.2,1239.0
10469347,stimulus_Arg_PISACowsMilk_10_page_6,1265.6,961.2,1239.0
10469348,stimulus_Arg_PISACowsMilk_10_page_6,1265.5,961.0,1238.0
10469349,stimulus_Arg_PISACowsMilk_10_page_6,1265.3,960.8,1238.0
10469350,stimulus_Arg_PISACowsMilk_10_page_6,1265.3,960.6,1240.0
10469351,stimulus_Arg_PISACowsMilk_10_page_6,1265.3,960.6,1241.0
10469352,stimulus_Arg_PISACowsMilk_10_page_6,1265.4,960.8,1242.0
10469353,stimulus_Arg_PISACowsMilk_10_page_6,1265.6,961.0,1242.0
10469354,stimulus_Arg_PISACowsMilk_10_page_6,1265.8,961.2,1241.0
10469355,stimulus_Arg_PISACowsMilk_10_page_6,1265.8,961.1,1241.0
10469356,stimulus_Arg_PISACowsMilk_10_page_6,1265.5,961.0,1240.0
10469357,stimulus_Arg_PISACowsMilk_10_page_6,1265.1,961.0,1240.0
10469358,stimulus_Arg_PISACowsMilk_10_page_6,1264.7,960.9,1240.0
10469359,stimulus_Arg_PISACowsMilk_10_page_6,1264.7,960.8,1241.0
10469360,stimulus_Arg_PISACowsMilk_10_page_6,1264.9,960.8,1241.0
10469361,stimulus_Arg_PISACowsMilk_10_page_6,1265.0,961.0,1242.0
10469362,stimulus_Arg_PISACowsMilk_10_page_6,1265.1,961.3,1242.0
10469363,stimulus_Arg_PISACowsMilk_10_page_6,1265.1,961.5,1242.0
10469364,stimulus_Arg_PISACowsMilk_10_page_6,1265.0,961.5,1242.0
10469365,stimulus_Arg_PISACowsMilk_10_page_6,1265.0,961.4,1243.0
10469366,stimulus_Arg_PISACowsMilk_10_page_6,1265.0,961.5,1243.0
10469367,stimulus_Arg_PISACowsMilk_10_page_6,1265.1,961.2,1243.0
10469368,stimulus_Arg_PISACowsMilk_10_page_6,1265.2,960.8,1243.0
10469369,stimulus_Arg_PISACowsMilk_10_page_6,1265.0,960.4,1242.0
10469370,stimulus_Arg_PISACowsMilk_10_page_6,1264.7,960.2,1242.0
10469371,stimulus_Arg_PISACowsMilk_10_page_6,1264.5,960.2,1242.0
10469372,stimulus_Arg_PISACowsMilk_10_page_6,1264.5,960.3,1241.0
10469373,stimulus_Arg_PISACowsMilk_10_page_6,1264.5,960.4,1241.0
10469374,stimulus_Arg_PISACowsMilk_10_page_6,1264.5,960.4,1242.0
10469375,stimulus_Arg_PISACowsMilk_10_page_6,1264.5,960.7,1242.0
10469376,stimulus_Arg_PISACowsMilk_10_page_6,1264.6,960.9,1242.0
10469377,stimulus_Arg_PISACowsMilk_10_page_6,1264.6,960.8,1242.0
10469378,stimulus_Arg_PISACowsMilk_10_page_6,1264.6,960.5,1242.0
10469379,stimulus_Arg_PISACowsMilk_10_page_6,1264.6,960.0,1242.0
10469380,stimulus_Arg_PISACowsMilk_10_page_6,1264.7,959.8,1243.0
10469381,stimulus_Arg_PISACowsMilk_10_page_6,1264.9,959.7,1243.0
10469382,stimulus_Arg_PISACowsMilk_10_page_6,1265.2,959.7,1242.0
10469383,stimulus_Arg_PISACowsMilk_10_page_6,1265.4,960.1,1242.0
10469384,stimulus_Arg_PISACowsMilk_10_page_6,1265.4,960.5,1242.0
10469385,stimulus_Arg_PISACowsMilk_10_page_6,1265.3,960.7,1242.0
10469386,stimulus_Arg_PISACowsMilk_10_page_6,1265.2,960.4,1241.0
10469387,stimulus_Arg_PISACowsMilk_10_page_6,1265.0,960.2,1242.0
10469388,stimulus_Arg_PISACowsMilk_10_page_6,1265.0,960.0,1244.0
10469389,stimulus_Arg_PISACowsMilk_10_page_6,1264.8,960.0,1245.0
10469390,stimulus_Arg_PISACowsMilk_10_page_6,1264.7,960.0,1246.0
10469391,stimulus_Arg_PISACowsMilk_10_page_6,1264.7,960.0,1246.0
10469392,stimulus_Arg_PISACowsMilk_10_page_6,1264.7,959.8,1246.0
10469393,stimulus_Arg_PISACowsMilk_10_page_6,1264.6,959.6,1246.0
10469394,stimulus_Arg_PISACowsMilk_10_page_6,1264.6,959.8,1246.0
10469395,stimulus_Arg_PISACowsMilk_10_page_6,1264.6,960.1,1246.0
10469396,stimulus_Arg_PISACowsMilk_10_page_6,1264.7,960.4,1245.0
10469397,stimulus_Arg_PISACowsMilk_10_page_6,1264.7,960.7,1243.0
10469398,stimulus_Arg_PISACowsMilk_10_page_6,1264.7,961.0,1241.0
10469399,stimulus_Arg_PISACowsMilk_10_page_6,1264.7,961.0,1240.0
10469400,stimulus_Arg_PISACowsMilk_10_page_6,1264.6,960.6,1240.0
10469401,stimulus_Arg_PISACowsMilk_10_page_6,1264.5,960.3,1244.0
10469402,stimulus_Arg_PISACowsMilk_10_page_6,1264.3,960.2,1247.0
10469403,stimulus_Arg_PISACowsMilk_10_page_6,1264.3,960.2,1250.0
10469404,stimulus_Arg_PISACowsMilk_10_page_6,1264.4,960.2,1248.0
10469405,stimulus_Arg_PISACowsMilk_10_page_6,1264.7,960.1,1246.0
10469406,stimulus_Arg_PISACowsMilk_10_page_6,1264.8,960.1,1245.0
10469407,stimulus_Arg_PISACowsMilk_10_page_6,1264.9,960.0,1245.0
10469408,stimulus_Arg_PISACowsMilk_10_page_6,1264.8,960.1,1245.0
10469409,stimulus_Arg_PISACowsMilk_10_page_6,1264.8,960.2,1245.0
10469410,stimulus_Arg_PISACowsMilk_10_page_6,1264.8,960.1,1245.0
10469411,stimulus_Arg_PISACowsMilk_10_page_6,1264.9,960.0,1246.0
10469412,stimulus_Arg_PISACowsMilk_10_page_6,1265.0,959.8,1246.0
10469413,stimulus_Arg_PISACowsMilk_10_page_6,1265.1,959.7,1246.0
10469414,stimulus_Arg_PISACowsMilk_10_page_6,1265.2,959.7,1246.0
10469415,stimulus_Arg_PISACowsMilk_10_page_6,1264.8,959.8,1246.0
10469416,stimulus_Arg_PISACowsMilk_10_page_6,1264.4,960.1,1246.0
10469417,stimulus_Arg_PISACowsMilk_10_page_6,1264.0,960.3,1246.0
10469418,stimulus_Arg_PISACowsMilk_10_page_6,1263.9,960.4,1246.0
10469419,stimulus_Arg_PISACowsMilk_10_page_6,1263.8,960.6,1246.0
10469420,stimulus_Arg_PISACowsMilk_10_page_6,1263.8,960.9,1247.0
10469421,stimulus_Arg_PISACowsMilk_10_page_6,1263.9,961.0,1247.0
10469422,stimulus_Arg_PISACowsMilk_10_page_6,1263.9,960.8,1247.0
10469423,stimulus_Arg_PISACowsMilk_10_page_6,1264.1,960.6,1247.0
10469424,stimulus_Arg_PISACowsMilk_10_page_6,1264.3,960.7,1248.0
10469425,stimulus_Arg_PISACowsMilk_10_page_6,1264.5,960.9,1248.0
10469426,stimulus_Arg_PISACowsMilk_10_page_6,1264.5,960.7,1248.0
10469427,stimulus_Arg_PISACowsMilk_10_page_6,1264.4,960.4,1249.0
10469428,stimulus_Arg_PISACowsMilk_10_page_6,1264.4,960.0,1249.0
10469429,stimulus_Arg_PISACowsMilk_10_page_6,1264.5,960.0,1249.0
10469430,stimulus_Arg_PISACowsMilk_10_page_6,1264.5,960.1,1249.0
10469431,stimulus_Arg_PISACowsMilk_10_page_6,1264.3,960.2,1249.0
10469432,stimulus_Arg_PISACowsMilk_10_page_6,1264.1,960.6,1249.0
10469433,stimulus_Arg_PISACowsMilk_10_page_6,1264.1,960.9,1248.0
10469434,stimulus_Arg_PISACowsMilk_10_page_6,1264.1,961.2,1248.0
10469435,stimulus_Arg_PISACowsMilk_10_page_6,1264.1,961.2,1249.0
10469436,stimulus_Arg_PISACowsMilk_10_page_6,1264.1,961.4,1251.0
10469437,stimulus_Arg_PISACowsMilk_10_page_6,1264.0,961.7,1254.0
10469438,stimulus_Arg_PISACowsMilk_10_page_6,1263.9,962.0,1255.0
10469439,stimulus_Arg_PISACowsMilk_10_page_6,1263.8,962.0,1256.0
10469440,stimulus_Arg_PISACowsMilk_10_page_6,1263.7,962.1,1256.0
10469441,stimulus_Arg_PISACowsMilk_10_page_6,1263.8,962.1,1256.0
10469442,stimulus_Arg_PISACowsMilk_10_page_6,1263.8,961.8,1256.0
10469443,stimulus_Arg_PISACowsMilk_10_page_6,1263.9,961.4,1255.0
10469444,stimulus_Arg_PISACowsMilk_10_page_6,1263.9,961.1,1255.0
10469445,stimulus_Arg_PISACowsMilk_10_page_6,1263.7,961.1,1255.0
10469446,stimulus_Arg_PISACowsMilk_10_page_6,1263.5,961.1,1255.0
10469447,stimulus_Arg_PISACowsMilk_10_page_6,1263.3,961.2,1255.0
10469448,stimulus_Arg_PISACowsMilk_10_page_6,1263.3,961.5,1255.0
10469449,stimulus_Arg_PISACowsMilk_10_page_6,1263.2,961.8,1255.0
10469450,stimulus_Arg_PISACowsMilk_10_page_6,1263.0,961.8,1255.0
10469451,stimulus_Arg_PISACowsMilk_10_page_6,1262.9,961.5,1255.0
10469452,stimulus_Arg_PISACowsMilk_10_page_6,1262.9,961.3,1254.0
10469453,stimulus_Arg_PISACowsMilk_10_page_6,1263.0,961.6,1253.0
10469454,stimulus_Arg_PISACowsMilk_10_page_6,1263.2,961.8,1252.0
10469455,stimulus_Arg_PISACowsMilk_10_page_6,1263.0,962.3,1252.0
10469456,stimulus_Arg_PISACowsMilk_10_page_6,1262.5,962.9,1253.0
10469457,stimulus_Arg_PISACowsMilk_10_page_6,1262.1,963.5,1253.0
10469458,stimulus_Arg_PISACowsMilk_10_page_6,1262.2,963.4,1253.0
10469459,stimulus_Arg_PISACowsMilk_10_page_6,1262.2,963.2,1253.0
10469460,stimulus_Arg_PISACowsMilk_10_page_6,1262.1,962.9,1253.0
10469461,stimulus_Arg_PISACowsMilk_10_page_6,1262.1,962.7,1253.0
10469462,stimulus_Arg_PISACowsMilk_10_page_6,1262.3,962.5,1252.0
10469463,stimulus_Arg_PISACowsMilk_10_page_6,1262.4,962.5,1252.0
10469464,stimulus_Arg_PISACowsMilk_10_page_6,1262.4,962.6,1252.0
10469465,stimulus_Arg_PISACowsMilk_10_page_6,1262.3,962.7,1252.0
10469466,stimulus_Arg_PISACowsMilk_10_page_6,1262.1,962.7,1253.0
10469467,stimulus_Arg_PISACowsMilk_10_page_6,1262.3,962.7,1253.0
10469468,stimulus_Arg_PISACowsMilk_10_page_6,1262.6,962.7,1254.0
10469469,stimulus_Arg_PISACowsMilk_10_page_6,1262.9,962.8,1255.0
10469470,stimulus_Arg_PISACowsMilk_10_page_6,1263.2,962.9,1255.0
10469471,stimulus_Arg_PISACowsMilk_10_page_6,1263.1,963.0,1255.0
10469472,stimulus_Arg_PISACowsMilk_10_page_6,1263.0,963.0,1255.0
10469473,stimulus_Arg_PISACowsMilk_10_page_6,1263.0,962.8,1253.0
10469474,stimulus_Arg_PISACowsMilk_10_page_6,1263.1,962.7,1251.0
10469475,stimulus_Arg_PISACowsMilk_10_page_6,1263.3,962.7,1249.0
10469476,stimulus_Arg_PISACowsMilk_10_page_6,1263.1,962.6,1247.0
10469477,stimulus_Arg_PISACowsMilk_10_page_6,1262.9,962.3,1246.0
10469478,stimulus_Arg_PISACowsMilk_10_page_6,1262.7,961.8,1245.0
10469479,stimulus_Arg_PISACowsMilk_10_page_6,1262.6,961.4,1244.0
10469480,stimulus_Arg_PISACowsMilk_10_page_6,1262.5,961.2,1243.0
10469481,stimulus_Arg_PISACowsMilk_10_page_6,1262.5,961.1,1242.0
10469482,stimulus_Arg_PISACowsMilk_10_page_6,1262.5,961.1,1242.0
10469483,stimulus_Arg_PISACowsMilk_10_page_6,1262.5,961.1,1242.0
10469484,stimulus_Arg_PISACowsMilk_10_page_6,1262.4,961.3,1242.0
10469485,stimulus_Arg_PISACowsMilk_10_page_6,1262.4,961.7,1242.0
10469486,stimulus_Arg_PISACowsMilk_10_page_6,1262.4,962.0,1242.0
10469487,stimulus_Arg_PISACowsMilk_10_page_6,1262.2,962.2,1241.0
10469488,stimulus_Arg_PISACowsMilk_10_page_6,1262.1,962.4,1242.0
10469489,stimulus_Arg_PISACowsMilk_10_page_6,1262.0,962.8,1242.0
10469490,stimulus_Arg_PISACowsMilk_10_page_6,1262.0,963.2,1243.0
10469491,stimulus_Arg_PISACowsMilk_10_page_6,1261.9,963.3,1243.0
10469492,stimulus_Arg_PISACowsMilk_10_page_6,1261.8,963.3,1243.0
10469493,stimulus_Arg_PISACowsMilk_10_page_6,1261.7,963.0,1243.0
10469494,stimulus_Arg_PISACowsMilk_10_page_6,1261.7,962.8,1243.0
10469495,stimulus_Arg_PISACowsMilk_10_page_6,1261.6,962.5,1242.0
10469496,stimulus_Arg_PISACowsMilk_10_page_6,1261.6,962.4,1242.0
10469497,stimulus_Arg_PISACowsMilk_10_page_6,1261.7,962.6,1242.0
10469498,stimulus_Arg_PISACowsMilk_10_page_6,1261.8,962.9,1242.0
10469499,stimulus_Arg_PISACowsMilk_10_page_6,1261.8,963.1,1242.0
10469500,stimulus_Arg_PISACowsMilk_10_page_6,1262.0,963.0,1242.0
10469501,stimulus_Arg_PISACowsMilk_10_page_6,1262.3,962.9,1241.0
10469502,stimulus_Arg_PISACowsMilk_10_page_6,1262.6,962.7,1240.0
10469503,stimulus_Arg_PISACowsMilk_10_page_6,1262.2,962.5,1240.0
10469504,stimulus_Arg_PISACowsMilk_10_page_6,1261.9,962.5,1241.0
10469505,stimulus_Arg_PISACowsMilk_10_page_6,1261.5,962.6,1241.0
10469506,stimulus_Arg_PISACowsMilk_10_page_6,1261.5,962.6,1242.0
10469507,stimulus_Arg_PISACowsMilk_10_page_6,1261.6,962.5,1243.0
10469508,stimulus_Arg_PISACowsMilk_10_page_6,1261.6,962.4,1244.0
10469509,stimulus_Arg_PISACowsMilk_10_page_6,1261.6,962.2,1245.0
10469510,stimulus_Arg_PISACowsMilk_10_page_6,1261.6,962.0,1245.0
10469511,stimulus_Arg_PISACowsMilk_10_page_6,1261.6,961.9,1246.0
10469512,stimulus_Arg_PISACowsMilk_10_page_6,1261.4,961.8,1247.0
10469513,stimulus_Arg_PISACowsMilk_10_page_6,1261.2,961.8,1249.0
10469514,stimulus_Arg_PISACowsMilk_10_page_6,1261.0,961.8,1249.0
10469515,stimulus_Arg_PISACowsMilk_10_page_6,1261.1,961.9,1250.0
10469516,stimulus_Arg_PISACowsMilk_10_page_6,1261.2,962.1,1250.0
10469517,stimulus_Arg_PISACowsMilk_10_page_6,1261.2,962.3,1251.0
10469518,stimulus_Arg_PISACowsMilk_10_page_6,1261.2,962.4,1252.0
10469519,stimulus_Arg_PISACowsMilk_10_page_6,1261.1,962.2,1253.0
10469520,stimulus_Arg_PISACowsMilk_10_page_6,1261.1,962.2,1255.0
10469521,stimulus_Arg_PISACowsMilk_10_page_6,1261.0,962.4,1255.0
10469522,stimulus_Arg_PISACowsMilk_10_page_6,1260.8,962.5,1255.0
10469523,stimulus_Arg_PISACowsMilk_10_page_6,1260.9,962.5,1255.0
10469524,stimulus_Arg_PISACowsMilk_10_page_6,1261.1,962.5,1254.0
10469525,stimulus_Arg_PISACowsMilk_10_page_6,1261.3,962.6,1253.0
10469526,stimulus_Arg_PISACowsMilk_10_page_6,1261.4,962.6,1252.0
10469527,stimulus_Arg_PISACowsMilk_10_page_6,1261.5,962.6,1252.0
10469528,stimulus_Arg_PISACowsMilk_10_page_6,1261.3,962.7,1252.0
10469529,stimulus_Arg_PISACowsMilk_10_page_6,1261.1,962.8,1254.0
10469530,stimulus_Arg_PISACowsMilk_10_page_6,1260.8,962.9,1256.0
10469531,stimulus_Arg_PISACowsMilk_10_page_6,1260.8,963.0,1256.0
10469532,stimulus_Arg_PISACowsMilk_10_page_6,1260.8,963.2,1255.0
10469533,stimulus_Arg_PISACowsMilk_10_page_6,1260.8,963.3,1252.0
10469534,stimulus_Arg_PISACowsMilk_10_page_6,1260.9,963.3,1251.0
10469535,stimulus_Arg_PISACowsMilk_10_page_6,1260.9,963.1,1250.0
10469536,stimulus_Arg_PISACowsMilk_10_page_6,1260.9,962.9,1250.0
10469537,stimulus_Arg_PISACowsMilk_10_page_6,1260.9,962.8,1250.0
10469538,stimulus_Arg_PISACowsMilk_10_page_6,1260.8,962.5,1251.0
10469539,stimulus_Arg_PISACowsMilk_10_page_6,1260.7,962.2,1252.0
10469540,stimulus_Arg_PISACowsMilk_10_page_6,1260.8,962.0,1253.0
10469541,stimulus_Arg_PISACowsMilk_10_page_6,1260.9,962.1,1253.0
10469542,stimulus_Arg_PISACowsMilk_10_page_6,1260.9,961.9,1252.0
10469543,stimulus_Arg_PISACowsMilk_10_page_6,1261.1,961.6,1252.0
10469544,stimulus_Arg_PISACowsMilk_10_page_6,1261.3,961.3,1253.0
10469545,stimulus_Arg_PISACowsMilk_10_page_6,1261.3,961.4,1255.0
10469546,stimulus_Arg_PISACowsMilk_10_page_6,1261.2,961.6,1256.0
10469547,stimulus_Arg_PISACowsMilk_10_page_6,1260.9,961.7,1256.0
10469548,stimulus_Arg_PISACowsMilk_10_page_6,1260.8,961.9,1256.0
10469549,stimulus_Arg_PISACowsMilk_10_page_6,1260.6,961.9,1257.0
10469550,stimulus_Arg_PISACowsMilk_10_page_6,1260.5,961.9,1258.0
10469551,stimulus_Arg_PISACowsMilk_10_page_6,1260.5,961.9,1258.0
10469552,stimulus_Arg_PISACowsMilk_10_page_6,1260.6,961.8,1257.0
10469553,stimulus_Arg_PISACowsMilk_10_page_6,1260.8,961.8,1256.0
10469554,stimulus_Arg_PISACowsMilk_10_page_6,1261.0,961.8,1255.0
10469555,stimulus_Arg_PISACowsMilk_10_page_6,1261.1,961.8,1255.0
10469556,stimulus_Arg_PISACowsMilk_10_page_6,1261.2,961.5,1255.0
10469557,stimulus_Arg_PISACowsMilk_10_page_6,1261.3,961.2,1255.0
10469558,stimulus_Arg_PISACowsMilk_10_page_6,1261.4,961.0,1254.0
10469559,stimulus_Arg_PISACowsMilk_10_page_6,1261.4,961.1,1254.0
10469560,stimulus_Arg_PISACowsMilk_10_page_6,1261.5,961.2,1253.0
10469561,stimulus_Arg_PISACowsMilk_10_page_6,1261.5,961.2,1253.0
10469562,stimulus_Arg_PISACowsMilk_10_page_6,1261.5,961.1,1253.0
10469563,stimulus_Arg_PISACowsMilk_10_page_6,1261.5,961.3,1252.0
10469564,stimulus_Arg_PISACowsMilk_10_page_6,1261.5,961.5,1250.0
10469565,stimulus_Arg_PISACowsMilk_10_page_6,1261.3,961.6,1248.0
10469566,stimulus_Arg_PISACowsMilk_10_page_6,1261.2,961.5,1249.0
10469567,stimulus_Arg_PISACowsMilk_10_page_6,1261.4,961.4,1250.0
10469568,stimulus_Arg_PISACowsMilk_10_page_6,1261.6,961.3,1251.0
10469569,stimulus_Arg_PISACowsMilk_10_page_6,1261.8,961.2,1252.0
10469570,stimulus_Arg_PISACowsMilk_10_page_6,1261.7,961.2,1252.0
10469571,stimulus_Arg_PISACowsMilk_10_page_6,1261.6,961.1,1253.0
10469572,stimulus_Arg_PISACowsMilk_10_page_6,1261.5,961.2,1252.0
10469573,stimulus_Arg_PISACowsMilk_10_page_6,1261.5,961.2,1252.0
10469574,stimulus_Arg_PISACowsMilk_10_page_6,1261.6,961.2,1251.0
10469575,stimulus_Arg_PISACowsMilk_10_page_6,1261.7,961.2,1250.0
10469576,stimulus_Arg_PISACowsMilk_10_page_6,1261.9,961.3,1250.0
10469577,stimulus_Arg_PISACowsMilk_10_page_6,1262.0,961.4,1250.0
10469578,stimulus_Arg_PISACowsMilk_10_page_6,1261.9,961.5,1251.0
10469579,stimulus_Arg_PISACowsMilk_10_page_6,1261.8,961.6,1252.0
10469580,stimulus_Arg_PISACowsMilk_10_page_6,1261.6,961.7,1253.0
10469581,stimulus_Arg_PISACowsMilk_10_page_6,1261.6,961.7,1253.0
10469582,stimulus_Arg_PISACowsMilk_10_page_6,1261.5,961.6,1252.0
10469583,stimulus_Arg_PISACowsMilk_10_page_6,1261.4,961.5,1250.0
10469584,stimulus_Arg_PISACowsMilk_10_page_6,1261.3,961.3,1248.0
10469585,stimulus_Arg_PISACowsMilk_10_page_6,1261.3,961.0,1248.0
10469586,stimulus_Arg_PISACowsMilk_10_page_6,1261.5,960.8,1248.0
10469587,stimulus_Arg_PISACowsMilk_10_page_6,1261.6,960.8,1248.0
10469588,stimulus_Arg_PISACowsMilk_10_page_6,1261.7,960.8,1249.0
10469589,stimulus_Arg_PISACowsMilk_10_page_6,1261.7,960.9,1250.0
10469590,stimulus_Arg_PISACowsMilk_10_page_6,1261.6,960.9,1252.0
10469591,stimulus_Arg_PISACowsMilk_10_page_6,1261.6,960.9,1252.0
10469592,stimulus_Arg_PISACowsMilk_10_page_6,1261.4,960.9,1252.0
10469593,stimulus_Arg_PISACowsMilk_10_page_6,1261.3,961.0,1251.0
10469594,stimulus_Arg_PISACowsMilk_10_page_6,1261.0,961.1,1250.0
10469595,stimulus_Arg_PISACowsMilk_10_page_6,1260.8,961.2,1250.0
10469596,stimulus_Arg_PISACowsMilk_10_page_6,1260.8,961.2,1250.0
10469597,stimulus_Arg_PISACowsMilk_10_page_6,1261.0,961.1,1250.0
10469598,stimulus_Arg_PISACowsMilk_10_page_6,1261.2,961.5,1250.0
10469599,stimulus_Arg_PISACowsMilk_10_page_6,1261.2,961.9,1250.0
10469600,stimulus_Arg_PISACowsMilk_10_page_6,1261.2,962.0,1250.0
10469601,stimulus_Arg_PISACowsMilk_10_page_6,1261.3,961.3,1251.0
10469602,stimulus_Arg_PISACowsMilk_10_page_6,1261.3,960.7,1251.0
10469603,stimulus_Arg_PISACowsMilk_10_page_6,1261.3,960.4,1251.0
10469604,stimulus_Arg_PISACowsMilk_10_page_6,1261.3,960.6,1252.0
10469605,stimulus_Arg_PISACowsMilk_10_page_6,1261.0,961.4,1253.0
10469606,stimulus_Arg_PISACowsMilk_10_page_6,1260.9,962.2,1253.0
10469607,stimulus_Arg_PISACowsMilk_10_page_6,1260.7,963.0,1251.0
10469608,stimulus_Arg_PISACowsMilk_10_page_6,1260.7,963.2,1250.0
10469609,stimulus_Arg_PISACowsMilk_10_page_6,1260.7,963.1,1250.0
10469610,stimulus_Arg_PISACowsMilk_10_page_6,1260.7,963.0,1251.0
10469611,stimulus_Arg_PISACowsMilk_10_page_6,1260.7,963.4,1251.0
10469612,stimulus_Arg_PISACowsMilk_10_page_6,1260.7,963.8,1250.0
10469613,stimulus_Arg_PISACowsMilk_10_page_6,1260.7,963.9,1251.0
10469614,stimulus_Arg_PISACowsMilk_10_page_6,1260.7,963.6,1251.0
10469615,stimulus_Arg_PISACowsMilk_10_page_6,1260.7,963.3,1252.0
10469616,stimulus_Arg_PISACowsMilk_10_page_6,1260.7,963.2,1252.0
10469617,stimulus_Arg_PISACowsMilk_10_page_6,1260.7,963.2,1252.0
10469618,stimulus_Arg_PISACowsMilk_10_page_6,1260.5,963.1,1251.0
10469619,stimulus_Arg_PISACowsMilk_10_page_6,1260.3,963.2,1250.0
10469620,stimulus_Arg_PISACowsMilk_10_page_6,1260.1,963.3,1250.0
10469621,stimulus_Arg_PISACowsMilk_10_page_6,1260.1,963.3,1250.0
10469622,stimulus_Arg_PISACowsMilk_10_page_6,1260.2,963.4,1249.0
10469623,stimulus_Arg_PISACowsMilk_10_page_6,1260.1,963.5,1249.0
10469624,stimulus_Arg_PISACowsMilk_10_page_6,1260.1,963.8,1249.0
10469625,stimulus_Arg_PISACowsMilk_10_page_6,1260.0,964.2,1249.0
10469626,stimulus_Arg_PISACowsMilk_10_page_6,1259.9,964.4,1249.0
10469627,stimulus_Arg_PISACowsMilk_10_page_6,1259.7,964.4,1249.0
10469628,stimulus_Arg_PISACowsMilk_10_page_6,1259.5,964.4,1250.0
10469629,stimulus_Arg_PISACowsMilk_10_page_6,1259.4,964.2,1252.0
10469630,stimulus_Arg_PISACowsMilk_10_page_6,1259.3,964.0,1252.0
10469631,stimulus_Arg_PISACowsMilk_10_page_6,1259.4,963.8,1250.0
10469632,stimulus_Arg_PISACowsMilk_10_page_6,1259.4,963.8,1248.0
10469633,stimulus_Arg_PISACowsMilk_10_page_6,1259.4,963.7,1248.0
10469634,stimulus_Arg_PISACowsMilk_10_page_6,1259.4,963.7,1249.0
10469635,stimulus_Arg_PISACowsMilk_10_page_6,1259.3,963.8,1249.0
10469636,stimulus_Arg_PISACowsMilk_10_page_6,1259.3,963.7,1248.0
10469637,stimulus_Arg_PISACowsMilk_10_page_6,1259.4,963.3,1247.0
10469638,stimulus_Arg_PISACowsMilk_10_page_6,1259.5,962.8,1246.0
10469639,stimulus_Arg_PISACowsMilk_10_page_6,1259.7,962.5,1247.0
10469640,stimulus_Arg_PISACowsMilk_10_page_6,1259.9,962.7,1248.0
10469641,stimulus_Arg_PISACowsMilk_10_page_6,1260.0,963.0,1249.0
10469642,stimulus_Arg_PISACowsMilk_10_page_6,1260.1,963.2,1248.0
10469643,stimulus_Arg_PISACowsMilk_10_page_6,1260.1,963.5,1247.0
10469644,stimulus_Arg_PISACowsMilk_10_page_6,1260.1,963.6,1245.0
10469645,stimulus_Arg_PISACowsMilk_10_page_6,1260.1,963.2,1244.0
10469646,stimulus_Arg_PISACowsMilk_10_page_6,1260.1,962.7,1243.0
10469647,stimulus_Arg_PISACowsMilk_10_page_6,1260.1,962.1,1243.0
10469648,stimulus_Arg_PISACowsMilk_10_page_6,1260.1,962.1,1242.0
10469649,stimulus_Arg_PISACowsMilk_10_page_6,1260.1,962.3,1242.0
10469650,stimulus_Arg_PISACowsMilk_10_page_6,1260.3,962.5,1241.0
10469651,stimulus_Arg_PISACowsMilk_10_page_6,1260.6,962.8,1241.0
10469652,stimulus_Arg_PISACowsMilk_10_page_6,1260.9,962.9,1239.0
10469653,stimulus_Arg_PISACowsMilk_10_page_6,1261.0,963.0,1239.0
10469654,stimulus_Arg_PISACowsMilk_10_page_6,1261.0,962.8,1239.0
10469655,stimulus_Arg_PISACowsMilk_10_page_6,1260.9,962.6,1239.0
10469656,stimulus_Arg_PISACowsMilk_10_page_6,1260.8,962.0,1239.0
10469657,stimulus_Arg_PISACowsMilk_10_page_6,1260.8,961.7,1239.0
10469658,stimulus_Arg_PISACowsMilk_10_page_6,1260.8,961.4,1238.0
10469659,stimulus_Arg_PISACowsMilk_10_page_6,1260.7,961.6,1237.0
10469660,stimulus_Arg_PISACowsMilk_10_page_6,1260.7,961.9,1236.0
10469661,stimulus_Arg_PISACowsMilk_10_page_6,1260.6,962.2,1236.0
10469662,stimulus_Arg_PISACowsMilk_10_page_6,1260.7,962.4,1235.0
10469663,stimulus_Arg_PISACowsMilk_10_page_6,1260.7,962.7,1234.0
10469664,stimulus_Arg_PISACowsMilk_10_page_6,1260.8,963.1,1234.0
10469665,stimulus_Arg_PISACowsMilk_10_page_6,1260.8,962.7,1233.0
10469666,stimulus_Arg_PISACowsMilk_10_page_6,1260.7,962.1,1232.0
10469667,stimulus_Arg_PISACowsMilk_10_page_6,1260.6,962.0,1231.0
10469668,stimulus_Arg_PISACowsMilk_10_page_6,1260.4,962.4,1231.0
10469669,stimulus_Arg_PISACowsMilk_10_page_6,1260.3,962.7,1232.0
10469670,stimulus_Arg_PISACowsMilk_10_page_6,1260.3,962.5,1233.0
10469671,stimulus_Arg_PISACowsMilk_10_page_6,1260.5,962.4,1232.0
10469672,stimulus_Arg_PISACowsMilk_10_page_6,1260.6,962.5,1231.0
10469673,stimulus_Arg_PISACowsMilk_10_page_6,1260.6,962.6,1231.0
10469674,stimulus_Arg_PISACowsMilk_10_page_6,1260.7,962.7,1231.0
10469675,stimulus_Arg_PISACowsMilk_10_page_6,1260.7,962.7,1231.0
10469676,stimulus_Arg_PISACowsMilk_10_page_6,1260.6,962.7,1231.0
10469677,stimulus_Arg_PISACowsMilk_10_page_6,1260.5,962.8,1231.0
10469678,stimulus_Arg_PISACowsMilk_10_page_6,1260.4,962.9,1230.0
10469679,stimulus_Arg_PISACowsMilk_10_page_6,1260.4,962.8,1230.0
10469680,stimulus_Arg_PISACowsMilk_10_page_6,1260.3,962.7,1230.0
10469681,stimulus_Arg_PISACowsMilk_10_page_6,1260.3,962.1,1231.0
10469682,stimulus_Arg_PISACowsMilk_10_page_6,1260.4,961.5,1232.0
10469683,stimulus_Arg_PISACowsMilk_10_page_6,1260.6,960.9,1234.0
10469684,stimulus_Arg_PISACowsMilk_10_page_6,1260.6,960.8,1235.0
10469685,stimulus_Arg_PISACowsMilk_10_page_6,1260.5,960.6,1235.0
10469686,stimulus_Arg_PISACowsMilk_10_page_6,1260.3,960.4,1235.0
10469687,stimulus_Arg_PISACowsMilk_10_page_6,1260.2,960.5,1235.0
10469688,stimulus_Arg_PISACowsMilk_10_page_6,1260.1,960.9,1235.0
10469689,stimulus_Arg_PISACowsMilk_10_page_6,1260.1,961.1,1235.0
10469690,stimulus_Arg_PISACowsMilk_10_page_6,1260.1,961.2,1236.0
10469691,stimulus_Arg_PISACowsMilk_10_page_6,1260.0,961.3,1236.0
10469692,stimulus_Arg_PISACowsMilk_10_page_6,1259.8,961.5,1236.0
10469693,stimulus_Arg_PISACowsMilk_10_page_6,1259.8,961.8,1236.0
10469694,stimulus_Arg_PISACowsMilk_10_page_6,1260.0,961.9,1236.0
10469695,stimulus_Arg_PISACowsMilk_10_page_6,1260.2,962.1,1237.0
10469696,stimulus_Arg_PISACowsMilk_10_page_6,1260.2,962.4,1237.0
10469697,stimulus_Arg_PISACowsMilk_10_page_6,1260.2,962.7,1237.0
10469698,stimulus_Arg_PISACowsMilk_10_page_6,1260.2,962.8,1237.0
10469699,stimulus_Arg_PISACowsMilk_10_page_6,1260.2,962.5,1237.0
10469700,stimulus_Arg_PISACowsMilk_10_page_6,1260.1,962.0,1237.0
10469701,stimulus_Arg_PISACowsMilk_10_page_6,1259.9,961.4,1237.0
10469702,stimulus_Arg_PISACowsMilk_10_page_6,1259.7,961.2,1236.0
10469703,stimulus_Arg_PISACowsMilk_10_page_6,1259.7,961.2,1235.0
10469704,stimulus_Arg_PISACowsMilk_10_page_6,1259.6,961.5,1234.0
10469705,stimulus_Arg_PISACowsMilk_10_page_6,1259.7,961.6,1235.0
10469706,stimulus_Arg_PISACowsMilk_10_page_6,1259.8,961.7,1235.0
10469707,stimulus_Arg_PISACowsMilk_10_page_6,1259.8,961.8,1235.0
10469708,stimulus_Arg_PISACowsMilk_10_page_6,1260.0,962.0,1234.0
10469709,stimulus_Arg_PISACowsMilk_10_page_6,1260.2,962.3,1235.0
10469710,stimulus_Arg_PISACowsMilk_10_page_6,1260.4,962.5,1235.0
10469711,stimulus_Arg_PISACowsMilk_10_page_6,1260.5,962.8,1236.0
10469712,stimulus_Arg_PISACowsMilk_10_page_6,1260.5,962.8,1235.0
10469713,stimulus_Arg_PISACowsMilk_10_page_6,1260.6,962.7,1235.0
10469714,stimulus_Arg_PISACowsMilk_10_page_6,1260.7,962.5,1235.0
10469715,stimulus_Arg_PISACowsMilk_10_page_6,1260.9,962.4,1235.0
10469716,stimulus_Arg_PISACowsMilk_10_page_6,1260.9,962.5,1235.0
10469717,stimulus_Arg_PISACowsMilk_10_page_6,1260.8,962.7,1235.0
10469718,stimulus_Arg_PISACowsMilk_10_page_6,1260.6,962.8,1235.0
10469719,stimulus_Arg_PISACowsMilk_10_page_6,1260.5,962.9,1235.0
10469720,stimulus_Arg_PISACowsMilk_10_page_6,1260.7,962.9,1235.0
10469721,stimulus_Arg_PISACowsMilk_10_page_6,1260.8,962.9,1234.0
10469722,stimulus_Arg_PISACowsMilk_10_page_6,1260.9,962.9,1234.0
10469723,stimulus_Arg_PISACowsMilk_10_page_6,1260.9,962.7,1234.0
10469724,stimulus_Arg_PISACowsMilk_10_page_6,1260.8,962.4,1235.0
10469725,stimulus_Arg_PISACowsMilk_10_page_6,1260.8,962.1,1234.0
10469726,stimulus_Arg_PISACowsMilk_10_page_6,1260.6,962.1,1234.0
10469727,stimulus_Arg_PISACowsMilk_10_page_6,1260.6,962.1,1234.0
10469728,stimulus_Arg_PISACowsMilk_10_page_6,1260.7,962.1,1234.0
10469729,stimulus_Arg_PISACowsMilk_10_page_6,1260.9,962.4,1235.0
10469730,stimulus_Arg_PISACowsMilk_10_page_6,1261.1,962.8,1235.0
10469731,stimulus_Arg_PISACowsMilk_10_page_6,1261.1,963.2,1234.0
10469732,stimulus_Arg_PISACowsMilk_10_page_6,1261.1,963.2,1234.0
10469733,stimulus_Arg_PISACowsMilk_10_page_6,1261.1,963.2,1235.0
10469734,stimulus_Arg_PISACowsMilk_10_page_6,1260.9,963.2,1235.0
10469735,stimulus_Arg_PISACowsMilk_10_page_6,1260.8,963.2,1234.0
10469736,stimulus_Arg_PISACowsMilk_10_page_6,1260.6,963.2,1233.0
10469737,stimulus_Arg_PISACowsMilk_10_page_6,1260.5,963.0,1232.0
10469738,stimulus_Arg_PISACowsMilk_10_page_6,1260.4,962.8,1232.0
10469739,stimulus_Arg_PISACowsMilk_10_page_6,1260.3,962.4,1233.0
10469740,stimulus_Arg_PISACowsMilk_10_page_6,1260.2,962.4,1234.0
10469741,stimulus_Arg_PISACowsMilk_10_page_6,1260.2,962.3,1234.0
10469742,stimulus_Arg_PISACowsMilk_10_page_6,1260.2,962.3,1235.0
10469743,stimulus_Arg_PISACowsMilk_10_page_6,1260.2,962.4,1234.0
10469744,stimulus_Arg_PISACowsMilk_10_page_6,1260.4,962.5,1234.0
10469745,stimulus_Arg_PISACowsMilk_10_page_6,1260.5,962.7,1233.0
10469746,stimulus_Arg_PISACowsMilk_10_page_6,1260.6,962.7,1233.0
10469747,stimulus_Arg_PISACowsMilk_10_page_6,1260.7,962.8,1233.0
10469748,stimulus_Arg_PISACowsMilk_10_page_6,1260.7,962.7,1233.0
10469749,stimulus_Arg_PISACowsMilk_10_page_6,1260.8,962.5,1234.0
10469750,stimulus_Arg_PISACowsMilk_10_page_6,1260.8,962.3,1235.0
10469751,stimulus_Arg_PISACowsMilk_10_page_6,1260.8,962.2,1235.0
10469752,stimulus_Arg_PISACowsMilk_10_page_6,1260.8,962.3,1235.0
10469753,stimulus_Arg_PISACowsMilk_10_page_6,1260.7,962.5,1234.0
10469754,stimulus_Arg_PISACowsMilk_10_page_6,1260.6,962.6,1232.0
10469755,stimulus_Arg_PISACowsMilk_10_page_6,1260.7,962.6,1233.0
10469756,stimulus_Arg_PISACowsMilk_10_page_6,1260.8,962.6,1234.0
10469757,stimulus_Arg_PISACowsMilk_10_page_6,1260.9,962.8,1236.0
10469758,stimulus_Arg_PISACowsMilk_10_page_6,1260.9,962.9,1236.0
10469759,stimulus_Arg_PISACowsMilk_10_page_6,1260.9,963.1,1236.0
10469760,stimulus_Arg_PISACowsMilk_10_page_6,1261.1,963.1,1237.0
10469761,stimulus_Arg_PISACowsMilk_10_page_6,1261.2,963.1,1238.0
10469762,stimulus_Arg_PISACowsMilk_10_page_6,1261.5,963.1,1238.0
10469763,stimulus_Arg_PISACowsMilk_10_page_6,1261.8,963.0,1237.0
10469764,stimulus_Arg_PISACowsMilk_10_page_6,1262.0,962.8,1236.0
10469765,stimulus_Arg_PISACowsMilk_10_page_6,1261.9,962.4,1235.0
10469766,stimulus_Arg_PISACowsMilk_10_page_6,1261.9,962.2,1234.0
10469767,stimulus_Arg_PISACowsMilk_10_page_6,1261.9,962.2,1233.0
10469768,stimulus_Arg_PISACowsMilk_10_page_6,1262.1,962.1,1233.0
10469769,stimulus_Arg_PISACowsMilk_10_page_6,1262.2,962.0,1235.0
10469770,stimulus_Arg_PISACowsMilk_10_page_6,1262.5,962.1,1236.0
10469771,stimulus_Arg_PISACowsMilk_10_page_6,1262.6,962.4,1237.0
10469772,stimulus_Arg_PISACowsMilk_10_page_6,1262.4,963.0,1237.0
10469773,stimulus_Arg_PISACowsMilk_10_page_6,1262.1,963.3,1237.0
10469774,stimulus_Arg_PISACowsMilk_10_page_6,1261.5,963.6,1238.0
10469775,stimulus_Arg_PISACowsMilk_10_page_6,1261.3,963.5,1239.0
10469776,stimulus_Arg_PISACowsMilk_10_page_6,1261.3,963.5,1239.0
10469777,stimulus_Arg_PISACowsMilk_10_page_6,1261.6,963.5,1237.0
10469778,stimulus_Arg_PISACowsMilk_10_page_6,1261.8,963.7,1236.0
10469779,stimulus_Arg_PISACowsMilk_10_page_6,1261.9,963.9,1236.0
10469780,stimulus_Arg_PISACowsMilk_10_page_6,1262.0,963.8,1236.0
10469781,stimulus_Arg_PISACowsMilk_10_page_6,1262.1,963.6,1237.0
10469782,stimulus_Arg_PISACowsMilk_10_page_6,1262.1,963.6,1237.0
10469783,stimulus_Arg_PISACowsMilk_10_page_6,1262.1,963.6,1237.0
10469784,stimulus_Arg_PISACowsMilk_10_page_6,1262.2,963.7,1237.0
10469785,stimulus_Arg_PISACowsMilk_10_page_6,1262.3,963.7,1237.0
10469786,stimulus_Arg_PISACowsMilk_10_page_6,1262.3,963.8,1238.0
10469787,stimulus_Arg_PISACowsMilk_10_page_6,1261.8,964.1,1238.0
10469788,stimulus_Arg_PISACowsMilk_10_page_6,1261.3,964.5,1237.0
10469789,stimulus_Arg_PISACowsMilk_10_page_6,1260.8,964.7,1237.0
10469790,stimulus_Arg_PISACowsMilk_10_page_6,1261.0,965.0,1237.0
10469791,stimulus_Arg_PISACowsMilk_10_page_6,1261.1,965.4,1237.0
10469792,stimulus_Arg_PISACowsMilk_10_page_6,1261.2,965.7,1236.0
10469793,stimulus_Arg_PISACowsMilk_10_page_6,1261.2,965.7,1236.0
10469794,stimulus_Arg_PISACowsMilk_10_page_6,1261.0,965.7,1236.0
10469795,stimulus_Arg_PISACowsMilk_10_page_6,1260.6,965.8,1237.0
10469796,stimulus_Arg_PISACowsMilk_10_page_6,1260.1,965.7,1238.0
10469797,stimulus_Arg_PISACowsMilk_10_page_6,1260.2,965.7,1238.0
10469798,stimulus_Arg_PISACowsMilk_10_page_6,1260.5,965.5,1238.0
10469799,stimulus_Arg_PISACowsMilk_10_page_6,1260.8,965.4,1239.0
10469800,stimulus_Arg_PISACowsMilk_10_page_6,1260.8,965.3,1240.0
10469801,stimulus_Arg_PISACowsMilk_10_page_6,1260.8,965.7,1240.0
10469802,stimulus_Arg_PISACowsMilk_10_page_6,1260.7,966.1,1239.0
10469803,stimulus_Arg_PISACowsMilk_10_page_6,1260.6,966.5,1238.0
10469804,stimulus_Arg_PISACowsMilk_10_page_6,1260.4,966.4,1237.0
10469805,stimulus_Arg_PISACowsMilk_10_page_6,1260.4,966.1,1237.0
10469806,stimulus_Arg_PISACowsMilk_10_page_6,1260.6,965.7,1237.0
10469807,stimulus_Arg_PISACowsMilk_10_page_6,1260.8,965.5,1237.0
10469808,stimulus_Arg_PISACowsMilk_10_page_6,1261.1,965.4,1237.0
10469809,stimulus_Arg_PISACowsMilk_10_page_6,1261.1,965.3,1237.0
10469810,stimulus_Arg_PISACowsMilk_10_page_6,1261.1,965.3,1238.0
10469811,stimulus_Arg_PISACowsMilk_10_page_6,1261.0,965.2,1239.0
10469812,stimulus_Arg_PISACowsMilk_10_page_6,1260.8,965.1,1241.0
10469813,stimulus_Arg_PISACowsMilk_10_page_6,1260.7,965.2,1240.0
10469814,stimulus_Arg_PISACowsMilk_10_page_6,1260.6,965.4,1238.0
10469815,stimulus_Arg_PISACowsMilk_10_page_6,1260.6,965.5,1237.0
10469816,stimulus_Arg_PISACowsMilk_10_page_6,1260.7,965.5,1237.0
10469817,stimulus_Arg_PISACowsMilk_10_page_6,1260.6,965.4,1238.0
10469818,stimulus_Arg_PISACowsMilk_10_page_6,1260.6,965.2,1238.0
10469819,stimulus_Arg_PISACowsMilk_10_page_6,1260.6,965.0,1239.0
10469820,stimulus_Arg_PISACowsMilk_10_page_6,1260.6,964.8,1239.0
10469821,stimulus_Arg_PISACowsMilk_10_page_6,1260.5,964.7,1238.0
10469822,stimulus_Arg_PISACowsMilk_10_page_6,1260.4,965.0,1237.0
10469823,stimulus_Arg_PISACowsMilk_10_page_6,1260.3,965.3,1237.0
10469824,stimulus_Arg_PISACowsMilk_10_page_6,1260.5,965.7,1236.0
10469825,stimulus_Arg_PISACowsMilk_10_page_6,1260.7,965.8,1236.0
10469826,stimulus_Arg_PISACowsMilk_10_page_6,1260.9,966.1,1236.0
10469827,stimulus_Arg_PISACowsMilk_10_page_6,1261.0,966.4,1236.0
10469828,stimulus_Arg_PISACowsMilk_10_page_6,1261.2,966.3,1237.0
10469829,stimulus_Arg_PISACowsMilk_10_page_6,1261.2,965.8,1237.0
10469830,stimulus_Arg_PISACowsMilk_10_page_6,1261.1,965.4,1238.0
10469831,stimulus_Arg_PISACowsMilk_10_page_6,1260.9,965.6,1237.0
10469832,stimulus_Arg_PISACowsMilk_10_page_6,1260.7,966.0,1236.0
10469833,stimulus_Arg_PISACowsMilk_10_page_6,1260.6,966.0,1235.0
10469834,stimulus_Arg_PISACowsMilk_10_page_6,1260.6,965.7,1235.0
10469835,stimulus_Arg_PISACowsMilk_10_page_6,1260.8,965.4,1235.0
10469836,stimulus_Arg_PISACowsMilk_10_page_6,1260.9,965.4,1235.0
10469837,stimulus_Arg_PISACowsMilk_10_page_6,1260.9,965.6,1236.0
10469838,stimulus_Arg_PISACowsMilk_10_page_6,1260.9,965.6,1236.0
10469839,stimulus_Arg_PISACowsMilk_10_page_6,1260.9,965.7,1237.0
10469840,stimulus_Arg_PISACowsMilk_10_page_6,1260.8,965.7,1237.0
10469841,stimulus_Arg_PISACowsMilk_10_page_6,1260.8,965.8,1235.0
10469842,stimulus_Arg_PISACowsMilk_10_page_6,1260.7,965.9,1234.0
10469843,stimulus_Arg_PISACowsMilk_10_page_6,1260.6,965.8,1232.0
10469844,stimulus_Arg_PISACowsMilk_10_page_6,1260.7,965.7,1231.0
10469845,stimulus_Arg_PISACowsMilk_10_page_6,1260.8,965.7,1230.0
10469846,stimulus_Arg_PISACowsMilk_10_page_6,1260.6,965.8,1231.0
10469847,stimulus_Arg_PISACowsMilk_10_page_6,1260.4,965.7,1233.0
10469848,stimulus_Arg_PISACowsMilk_10_page_6,1260.1,965.7,1233.0
10469849,stimulus_Arg_PISACowsMilk_10_page_6,1260.1,965.6,1233.0
10469850,stimulus_Arg_PISACowsMilk_10_page_6,1260.2,965.3,1232.0
