time,screen,pixel_x,pixel_y,pupil
1871777,stimulus_Ins_HumanRights_2_page_6,74.8,107.4,1481.0
1871778,stimulus_Ins_HumanRights_2_page_6,75.2,107.3,1479.0
1871779,stimulus_Ins_HumanRights_2_page_6,75.5,107.3,1478.0
1871780,stimulus_Ins_HumanRights_2_page_6,75.5,107.3,1477.0
1871781,stimulus_Ins_HumanRights_2_page_6,75.4,107.3,1478.0
1871782,stimulus_Ins_HumanRights_2_page_6,75.3,107.3,1478.0
1871783,stimulus_Ins_HumanRights_2_page_6,75.3,107.4,1478.0
1871784,stimulus_Ins_HumanRights_2_page_6,75.3,107.5,1476.0
1871785,stimulus_Ins_HumanRights_2_page_6,75.4,107.4,1475.0
1871786,stimulus_Ins_HumanRights_2_page_6,75.5,107.4,1476.0
1871787,stimulus_Ins_HumanRights_2_page_6,75.7,107.2,1476.0
1871788,stimulus_Ins_HumanRights_2_page_6,75.6,107.0,1476.0
1871789,stimulus_Ins_HumanRights_2_page_6,75.4,106.8,1476.0
1871790,stimulus_Ins_HumanRights_2_page_6,75.2,107.1,1477.0
1871791,stimulus_Ins_HumanRights_2_page_6,75.3,107.3,1474.0
1871792,stimulus_Ins_HumanRights_2_page_6,75.3,107.4,1472.0
1871793,stimulus_Ins_HumanRights_2_page_6,75.3,107.5,1470.0
1871794,stimulus_Ins_HumanRights_2_page_6,75.3,107.5,1472.0
1871795,stimulus_Ins_HumanRights_2_page_6,75.3,107.6,1474.0
1871796,stimulus_Ins_HumanRights_2_page_6,75.3,107.6,1475.0
1871797,stimulus_Ins_HumanRights_2_page_6,75.3,107.7,1476.0
1871798,stimulus_Ins_HumanRights_2_page_6,75.4,107.7,1475.0
1871799,stimulus_Ins_HumanRights_2_page_6,75.6,108.1,1474.0
1871800,stimulus_Ins_HumanRights_2_page_6,75.9,108.5,1473.0
1871801,stimulus_Ins_HumanRights_2_page_6,76.1,108.9,1472.0
1871802,stimulus_Ins_HumanRights_2_page_6,76.2,108.9,1471.0
1871803,stimulus_Ins_HumanRights_2_page_6,76.2,108.8,1471.0
1871804,stimulus_Ins_HumanRights_2_page_6,76.1,108.7,1470.0
1871805,stimulus_Ins_HumanRights_2_page_6,76.0,108.7,1469.0
1871806,stimulus_Ins_HumanRights_2_page_6,75.9,108.8,1468.0
1871807,stimulus_Ins_HumanRights_2_page_6,75.9,109.0,1468.0
1871808,stimulus_Ins_HumanRights_2_page_6,75.8,109.2,1469.0
1871809,stimulus_Ins_HumanRights_2_page_6,75.6,109.4,1469.0
1871810,stimulus_Ins_HumanRights_2_page_6,75.6,109.1,1469.0
1871811,stimulus_Ins_HumanRights_2_page_6,75.8,108.8,1468.0
1871812,stimulus_Ins_HumanRights_2_page_6,76.0,108.7,1468.0
1871813,stimulus_Ins_HumanRights_2_page_6,75.9,108.9,1468.0
1871814,stimulus_Ins_HumanRights_2_page_6,75.7,109.1,1469.0
1871815,stimulus_Ins_HumanRights_2_page_6,75.5,109.1,1471.0
1871816,stimulus_Ins_HumanRights_2_page_6,75.4,109.4,1471.0
1871817,stimulus_Ins_HumanRights_2_page_6,75.4,109.7,1470.0
1871818,stimulus_Ins_HumanRights_2_page_6,75.5,110.0,1469.0
1871819,stimulus_Ins_HumanRights_2_page_6,75.8,110.0,1469.0
1871820,stimulus_Ins_HumanRights_2_page_6,76.0,109.9,1468.0
1871821,stimulus_Ins_HumanRights_2_page_6,76.1,109.8,1468.0
1871822,stimulus_Ins_HumanRights_2_page_6,76.1,109.7,1467.0
1871823,stimulus_Ins_HumanRights_2_page_6,75.9,109.7,1466.0
1871824,stimulus_Ins_HumanRights_2_page_6,75.8,109.7,1465.0
1871825,stimulus_Ins_HumanRights_2_page_6,75.7,109.7,1465.0
1871826,stimulus_Ins_HumanRights_2_page_6,75.8,109.7,1465.0
1871827,stimulus_Ins_HumanRights_2_page_6,75.8,109.3,1465.0
1871828,stimulus_Ins_HumanRights_2_page_6,75.8,108.9,1464.0
1871829,stimulus_Ins_HumanRights_2_page_6,75.8,108.9,1464.0
1871830,stimulus_Ins_HumanRights_2_page_6,75.8,109.2,1464.0
1871831,stimulus_Ins_HumanRights_2_page_6,75.9,109.6,1464.0
1871832,stimulus_Ins_HumanRights_2_page_6,75.8,109.5,1464.0
1871833,stimulus_Ins_HumanRights_2_page_6,75.6,109.5,1464.0
1871834,stimulus_Ins_HumanRights_2_page_6,75.3,109.6,1464.0
1871835,stimulus_Ins_HumanRights_2_page_6,75.2,109.6,1464.0
1871836,stimulus_Ins_HumanRights_2_page_6,75.2,109.6,1464.0
1871837,stimulus_Ins_HumanRights_2_page_6,75.2,109.6,1463.0
1871838,stimulus_Ins_HumanRights_2_page_6,75.1,109.7,1462.0
1871839,stimulus_Ins_HumanRights_2_page_6,75.1,109.7,1459.0
1871840,stimulus_Ins_HumanRights_2_page_6,74.9,110.0,1457.0
1871841,stimulus_Ins_HumanRights_2_page_6,74.7,110.2,1456.0
1871842,stimulus_Ins_HumanRights_2_page_6,74.5,110.5,1458.0
1871843,stimulus_Ins_HumanRights_2_page_6,74.5,110.5,1460.0
1871844,stimulus_Ins_HumanRights_2_page_6,74.7,110.7,1461.0
1871845,stimulus_Ins_HumanRights_2_page_6,74.9,110.8,1461.0
1871846,stimulus_Ins_HumanRights_2_page_6,75.1,111.1,1461.0
1871847,stimulus_Ins_HumanRights_2_page_6,75.2,111.2,1459.0
1871848,stimulus_Ins_HumanRights_2_page_6,75.3,111.3,1458.0
1871849,stimulus_Ins_HumanRights_2_page_6,75.3,111.0,1456.0
1871850,stimulus_Ins_HumanRights_2_page_6,75.0,110.6,1455.0
1871851,stimulus_Ins_HumanRights_2_page_6,74.8,110.4,1456.0
1871852,stimulus_Ins_HumanRights_2_page_6,74.6,110.5,1456.0
1871853,stimulus_Ins_HumanRights_2_page_6,74.6,110.6,1456.0
1871854,stimulus_Ins_HumanRights_2_page_6,74.6,110.6,1456.0
1871855,stimulus_Ins_HumanRights_2_page_6,74.6,110.6,1456.0
1871856,stimulus_Ins_HumanRights_2_page_6,74.7,110.6,1456.0
1871857,stimulus_Ins_HumanRights_2_page_6,74.7,110.6,1455.0
1871858,stimulus_Ins_HumanRights_2_page_6,74.7,110.7,1454.0
1871859,stimulus_Ins_HumanRights_2_page_6,74.8,110.9,1452.0
1871860,stimulus_Ins_HumanRights_2_page_6,74.8,111.1,1452.0
1871861,stimulus_Ins_HumanRights_2_page_6,74.9,111.3,1452.0
1871862,stimulus_Ins_HumanRights_2_page_6,74.8,111.3,1452.0
1871863,stimulus_Ins_HumanRights_2_page_6,74.8,111.1,1451.0
1871864,stimulus_Ins_HumanRights_2_page_6,74.8,110.9,1450.0
1871865,stimulus_Ins_HumanRights_2_page_6,74.9,110.8,1450.0
1871866,stimulus_Ins_HumanRights_2_page_6,75.0,110.9,1450.0
1871867,stimulus_Ins_HumanRights_2_page_6,75.1,111.0,1449.0
1871868,stimulus_Ins_HumanRights_2_page_6,75.2,111.0,1449.0
1871869,stimulus_Ins_HumanRights_2_page_6,75.2,111.1,1449.0
1871870,stimulus_Ins_HumanRights_2_page_6,75.3,111.2,1449.0
1871871,stimulus_Ins_HumanRights_2_page_6,75.4,111.2,1449.0
1871872,stimulus_Ins_HumanRights_2_page_6,75.4,111.4,1448.0
1871873,stimulus_Ins_HumanRights_2_page_6,75.3,111.6,1447.0
1871874,stimulus_Ins_HumanRights_2_page_6,75.2,111.9,1445.0
1871875,stimulus_Ins_HumanRights_2_page_6,75.2,111.9,1443.0
1871876,stimulus_Ins_HumanRights_2_page_6,75.2,111.7,1442.0
1871877,stimulus_Ins_HumanRights_2_page_6,75.6,111.6,1442.0
1871878,stimulus_Ins_HumanRights_2_page_6,76.0,111.5,1443.0
1871879,stimulus_Ins_HumanRights_2_page_6,76.6,111.3,1445.0
1871880,stimulus_Ins_HumanRights_2_page_6,76.8,111.1,1445.0
1871881,stimulus_Ins_HumanRights_2_page_6,76.8,111.1,1446.0
1871882,stimulus_Ins_HumanRights_2_page_6,76.7,111.3,1446.0
1871883,stimulus_Ins_HumanRights_2_page_6,76.6,111.5,1445.0
1871884,stimulus_Ins_HumanRights_2_page_6,76.5,111.5,1445.0
1871885,stimulus_Ins_HumanRights_2_page_6,76.5,111.5,1445.0
1871886,stimulus_Ins_HumanRights_2_page_6,76.6,111.7,1445.0
1871887,stimulus_Ins_HumanRights_2_page_6,76.6,111.7,1444.0
1871888,stimulus_Ins_HumanRights_2_page_6,76.6,111.7,1443.0
1871889,stimulus_Ins_HumanRights_2_page_6,76.6,111.7,1441.0
1871890,stimulus_Ins_HumanRights_2_page_6,76.6,111.6,1440.0
1871891,stimulus_Ins_HumanRights_2_page_6,76.7,111.6,1438.0
1871892,stimulus_Ins_HumanRights_2_page_6,76.7,111.5,1436.0
1871893,stimulus_Ins_HumanRights_2_page_6,76.7,111.5,1437.0
1871894,stimulus_Ins_HumanRights_2_page_6,76.7,111.7,1438.0
1871895,stimulus_Ins_HumanRights_2_page_6,76.6,112.1,1439.0
1871896,stimulus_Ins_HumanRights_2_page_6,76.5,112.5,1438.0
1871897,stimulus_Ins_HumanRights_2_page_6,76.5,112.5,1436.0
1871898,stimulus_Ins_HumanRights_2_page_6,76.6,112.5,1434.0
1871899,stimulus_Ins_HumanRights_2_page_6,76.7,112.5,1432.0
1871900,stimulus_Ins_HumanRights_2_page_6,76.9,112.3,1431.0
1871901,stimulus_Ins_HumanRights_2_page_6,77.0,111.9,1432.0
1871902,stimulus_Ins_HumanRights_2_page_6,77.1,111.6,1434.0
1871903,stimulus_Ins_HumanRights_2_page_6,77.1,111.5,1435.0
1871904,stimulus_Ins_HumanRights_2_page_6,77.1,111.6,1435.0
1871905,stimulus_Ins_HumanRights_2_page_6,77.0,111.6,1435.0
1871906,stimulus_Ins_HumanRights_2_page_6,76.9,111.6,1435.0
1871907,stimulus_Ins_HumanRights_2_page_6,76.9,111.7,1434.0
1871908,stimulus_Ins_HumanRights_2_page_6,76.9,111.8,1433.0
1871909,stimulus_Ins_HumanRights_2_page_6,76.8,111.9,1431.0
1871910,stimulus_Ins_HumanRights_2_page_6,76.7,112.0,1430.0
1871911,stimulus_Ins_HumanRights_2_page_6,76.6,111.9,1430.0
1871912,stimulus_Ins_HumanRights_2_page_6,76.6,111.8,1430.0
1871913,stimulus_Ins_HumanRights_2_page_6,76.7,111.7,1430.0
1871914,stimulus_Ins_HumanRights_2_page_6,76.7,111.7,1429.0
1871915,stimulus_Ins_HumanRights_2_page_6,76.7,111.8,1428.0
1871916,stimulus_Ins_HumanRights_2_page_6,76.8,111.9,1428.0
1871917,stimulus_Ins_HumanRights_2_page_6,76.7,112.0,1425.0
1871918,stimulus_Ins_HumanRights_2_page_6,76.7,112.0,1423.0
1871919,stimulus_Ins_HumanRights_2_page_6,76.6,112.1,1420.0
1871920,stimulus_Ins_HumanRights_2_page_6,76.8,112.2,1421.0
1871921,stimulus_Ins_HumanRights_2_page_6,76.9,112.3,1421.0
1871922,stimulus_Ins_HumanRights_2_page_6,77.1,112.2,1421.0
1871923,stimulus_Ins_HumanRights_2_page_6,77.1,112.2,1421.0
1871924,stimulus_Ins_HumanRights_2_page_6,76.9,112.2,1421.0
1871925,stimulus_Ins_HumanRights_2_page_6,76.7,112.1,1419.0
1871926,stimulus_Ins_HumanRights_2_page_6,76.6,112.0,1417.0
1871927,stimulus_Ins_HumanRights_2_page_6,76.8,112.0,1415.0
1871928,stimulus_Ins_HumanRights_2_page_6,76.8,112.2,1415.0
1871929,stimulus_Ins_HumanRights_2_page_6,76.6,112.4,1415.0
1871930,stimulus_Ins_HumanRights_2_page_6,76.4,112.5,1416.0
1871931,stimulus_Ins_HumanRights_2_page_6,76.3,112.5,1418.0
1871932,stimulus_Ins_HumanRights_2_page_6,76.4,112.2,1419.0
1871933,stimulus_Ins_HumanRights_2_page_6,76.6,111.9,1419.0
1871934,stimulus_Ins_HumanRights_2_page_6,76.8,111.5,1419.0
1871935,stimulus_Ins_HumanRights_2_page_6,77.1,111.5,1419.0
1871936,stimulus_Ins_HumanRights_2_page_6,77.4,111.5,1419.0
1871937,stimulus_Ins_HumanRights_2_page_6,77.7,111.5,1418.0
1871938,stimulus_Ins_HumanRights_2_page_6,77.6,112.0,1417.0
1871939,stimulus_Ins_HumanRights_2_page_6,77.5,112.4,1416.0
1871940,stimulus_Ins_HumanRights_2_page_6,77.2,112.7,1417.0
1871941,stimulus_Ins_HumanRights_2_page_6,76.8,112.4,1417.0
1871942,stimulus_Ins_HumanRights_2_page_6,76.6,112.1,1417.0
1871943,stimulus_Ins_HumanRights_2_page_6,76.5,111.9,1414.0
1871944,stimulus_Ins_HumanRights_2_page_6,76.7,112.1,1412.0
1871945,stimulus_Ins_HumanRights_2_page_6,76.8,112.2,1411.0
1871946,stimulus_Ins_HumanRights_2_page_6,76.7,112.4,1411.0
1871947,stimulus_Ins_HumanRights_2_page_6,76.9,112.4,1411.0
1871948,stimulus_Ins_HumanRights_2_page_6,77.1,112.3,1409.0
1871949,stimulus_Ins_HumanRights_2_page_6,77.2,112.5,1408.0
1871950,stimulus_Ins_HumanRights_2_page_6,77.1,112.7,1409.0
1871951,stimulus_Ins_HumanRights_2_page_6,77.1,112.9,1410.0
1871952,stimulus_Ins_HumanRights_2_page_6,77.1,112.8,1411.0
1871953,stimulus_Ins_HumanRights_2_page_6,77.2,112.8,1410.0
1871954,stimulus_Ins_HumanRights_2_page_6,77.2,112.6,1408.0
1871955,stimulus_Ins_HumanRights_2_page_6,77.1,112.5,1407.0
1871956,stimulus_Ins_HumanRights_2_page_6,77.1,112.4,1407.0
1871957,stimulus_Ins_HumanRights_2_page_6,77.1,112.4,1407.0
1871958,stimulus_Ins_HumanRights_2_page_6,77.1,112.4,1407.0
1871959,stimulus_Ins_HumanRights_2_page_6,77.1,112.4,1407.0
1871960,stimulus_Ins_HumanRights_2_page_6,77.0,112.4,1407.0
1871961,stimulus_Ins_HumanRights_2_page_6,77.0,112.5,1407.0
1871962,stimulus_Ins_HumanRights_2_page_6,77.1,112.5,1407.0
1871963,stimulus_Ins_HumanRights_2_page_6,77.2,112.6,1407.0
1871964,stimulus_Ins_HumanRights_2_page_6,77.2,112.5,1408.0
1871965,stimulus_Ins_HumanRights_2_page_6,77.3,112.5,1408.0
1871966,stimulus_Ins_HumanRights_2_page_6,77.3,112.4,1407.0
1871967,stimulus_Ins_HumanRights_2_page_6,77.6,112.5,1405.0
1871968,stimulus_Ins_HumanRights_2_page_6,77.8,112.5,1403.0
1871969,stimulus_Ins_HumanRights_2_page_6,78.1,112.5,1401.0
1871970,stimulus_Ins_HumanRights_2_page_6,78.1,112.5,1398.0
1871971,stimulus_Ins_HumanRights_2_page_6,77.9,112.3,1398.0
1871972,stimulus_Ins_HumanRights_2_page_6,77.6,112.1,1400.0
1871973,stimulus_Ins_HumanRights_2_page_6,77.5,112.2,1402.0
1871974,stimulus_Ins_HumanRights_2_page_6,77.6,112.5,1402.0
1871975,stimulus_Ins_HumanRights_2_page_6,77.8,112.8,1402.0
1871976,stimulus_Ins_HumanRights_2_page_6,77.7,113.0,1402.0
1871977,stimulus_Ins_HumanRights_2_page_6,77.6,113.1,1402.0
1871978,stimulus_Ins_HumanRights_2_page_6,77.7,112.8,1402.0
1871979,stimulus_Ins_HumanRights_2_page_6,77.8,112.2,1401.0
1871980,stimulus_Ins_HumanRights_2_page_6,77.9,111.5,1400.0
1871981,stimulus_Ins_HumanRights_2_page_6,78.0,111.6,1399.0
1871982,stimulus_Ins_HumanRights_2_page_6,77.9,112.1,1399.0
1871983,stimulus_Ins_HumanRights_2_page_6,77.8,112.6,1399.0
1871984,stimulus_Ins_HumanRights_2_page_6,77.8,112.6,1400.0
1871985,stimulus_Ins_HumanRights_2_page_6,77.9,112.6,1400.0
1871986,stimulus_Ins_HumanRights_2_page_6,78.0,112.5,1400.0
1871987,stimulus_Ins_HumanRights_2_page_6,78.0,112.3,1400.0
1871988,stimulus_Ins_HumanRights_2_page_6,77.9,112.2,1400.0
1871989,stimulus_Ins_HumanRights_2_page_6,77.8,112.1,1399.0
1871990,stimulus_Ins_HumanRights_2_page_6,77.8,111.9,1399.0
1871991,stimulus_Ins_HumanRights_2_page_6,77.8,111.8,1400.0
1871992,stimulus_Ins_HumanRights_2_page_6,77.9,111.6,1400.0
1871993,stimulus_Ins_HumanRights_2_page_6,78.0,111.5,1400.0
1871994,stimulus_Ins_HumanRights_2_page_6,78.2,111.3,1400.0
1871995,stimulus_Ins_HumanRights_2_page_6,78.2,111.3,1399.0
1871996,stimulus_Ins_HumanRights_2_page_6,78.2,111.4,1399.0
1871997,stimulus_Ins_HumanRights_2_page_6,78.2,111.5,1399.0
1871998,stimulus_Ins_HumanRights_2_page_6,78.3,111.5,1399.0
1871999,stimulus_Ins_HumanRights_2_page_6,78.2,111.4,1400.0
1872000,stimulus_Ins_HumanRights_2_page_6,78.1,111.2,1400.0
1872001,stimulus_Ins_HumanRights_2_page_6,78.0,111.1,1400.0
1872002,stimulus_Ins_HumanRights_2_page_6,77.9,111.4,1400.0
1872003,stimulus_Ins_HumanRights_2_page_6,78.0,111.7,1400.0
1872004,stimulus_Ins_HumanRights_2_page_6,78.0,112.0,1400.0
1872005,stimulus_Ins_HumanRights_2_page_6,78.0,111.5,1400.0
1872006,stimulus_Ins_HumanRights_2_page_6,78.0,111.0,1399.0
1872007,stimulus_Ins_HumanRights_2_page_6,77.9,111.1,1399.0
1872008,stimulus_Ins_HumanRights_2_page_6,77.7,111.6,1398.0
1872009,stimulus_Ins_HumanRights_2_page_6,77.6,112.2,1398.0
1872010,stimulus_Ins_HumanRights_2_page_6,77.6,112.3,1397.0
1872011,stimulus_Ins_HumanRights_2_page_6,77.7,112.0,1397.0
1872012,stimulus_Ins_HumanRights_2_page_6,77.6,111.7,1397.0
1872013,stimulus_Ins_HumanRights_2_page_6,77.6,111.4,1398.0
1872014,stimulus_Ins_HumanRights_2_page_6,77.5,111.4,1399.0
1872015,stimulus_Ins_HumanRights_2_page_6,77.5,111.3,1400.0
1872016,stimulus_Ins_HumanRights_2_page_6,77.6,111.2,1400.0
1872017,stimulus_Ins_HumanRights_2_page_6,77.6,111.4,1399.0
1872018,stimulus_Ins_HumanRights_2_page_6,77.7,111.5,1397.0
1872019,stimulus_Ins_HumanRights_2_page_6,77.6,111.7,1396.0
1872020,stimulus_Ins_HumanRights_2_page_6,77.4,111.7,1396.0
1872021,stimulus_Ins_HumanRights_2_page_6,77.3,111.7,1396.0
1872022,stimulus_Ins_HumanRights_2_page_6,77.3,111.7,1396.0
1872023,stimulus_Ins_HumanRights_2_page_6,77.3,111.7,1396.0
1872024,stimulus_Ins_HumanRights_2_page_6,77.4,111.7,1396.0
1872025,stimulus_Ins_HumanRights_2_page_6,77.5,111.7,1396.0
1872026,stimulus_Ins_HumanRights_2_page_6,77.5,112.0,1395.0
1872027,stimulus_Ins_HumanRights_2_page_6,77.3,112.3,1395.0
1872028,stimulus_Ins_HumanRights_2_page_6,77.0,112.6,1394.0
1872029,stimulus_Ins_HumanRights_2_page_6,76.9,112.6,1392.0
1872030,stimulus_Ins_HumanRights_2_page_6,76.9,112.5,1390.0
1872031,stimulus_Ins_HumanRights_2_page_6,77.1,112.4,1390.0
1872032,stimulus_Ins_HumanRights_2_page_6,77.2,112.2,1391.0
1872033,stimulus_Ins_HumanRights_2_page_6,77.2,112.0,1394.0
1872034,stimulus_Ins_HumanRights_2_page_6,77.2,112.0,1396.0
1872035,stimulus_Ins_HumanRights_2_page_6,77.1,112.0,1397.0
1872036,stimulus_Ins_HumanRights_2_page_6,77.2,112.0,1397.0
1872037,stimulus_Ins_HumanRights_2_page_6,77.1,112.1,1396.0
1872038,stimulus_Ins_HumanRights_2_page_6,77.0,112.5,1393.0
1872039,stimulus_Ins_HumanRights_2_page_6,77.0,112.8,1392.0
1872040,stimulus_Ins_HumanRights_2_page_6,77.2,113.0,1391.0
1872041,stimulus_Ins_HumanRights_2_page_6,77.2,113.0,1391.0
1872042,stimulus_Ins_HumanRights_2_page_6,76.9,113.0,1393.0
1872043,stimulus_Ins_HumanRights_2_page_6,76.6,113.2,1394.0
1872044,stimulus_Ins_HumanRights_2_page_6,76.4,113.5,1396.0
1872045,stimulus_Ins_HumanRights_2_page_6,76.3,113.7,1394.0
1872046,stimulus_Ins_HumanRights_2_page_6,76.3,113.5,1392.0
1872047,stimulus_Ins_HumanRights_2_page_6,76.3,113.4,1391.0
1872048,stimulus_Ins_HumanRights_2_page_6,76.5,113.5,1391.0
1872049,stimulus_Ins_HumanRights_2_page_6,76.7,113.7,1392.0
1872050,stimulus_Ins_HumanRights_2_page_6,76.9,113.8,1393.0
1872051,stimulus_Ins_HumanRights_2_page_6,76.9,113.7,1394.0
1872052,stimulus_Ins_HumanRights_2_page_6,76.8,113.6,1395.0
1872053,stimulus_Ins_HumanRights_2_page_6,76.6,113.5,1395.0
1872054,stimulus_Ins_HumanRights_2_page_6,76.6,113.5,1397.0
1872055,stimulus_Ins_HumanRights_2_page_6,76.2,113.5,1397.0
1872056,stimulus_Ins_HumanRights_2_page_6,75.8,113.5,1398.0
1872057,stimulus_Ins_HumanRights_2_page_6,75.4,113.5,1398.0
1872058,stimulus_Ins_HumanRights_2_page_6,75.5,113.4,1399.0
1872059,stimulus_Ins_HumanRights_2_page_6,75.5,113.3,1398.0
1872060,stimulus_Ins_HumanRights_2_page_6,75.5,113.6,1397.0
1872061,stimulus_Ins_HumanRights_2_page_6,75.4,113.9,1395.0
1872062,stimulus_Ins_HumanRights_2_page_6,75.1,114.5,1396.0
1872063,stimulus_Ins_HumanRights_2_page_6,74.8,114.7,1396.0
1872064,stimulus_Ins_HumanRights_2_page_6,74.6,114.8,1396.0
1872065,stimulus_Ins_HumanRights_2_page_6,74.9,114.5,1396.0
1872066,stimulus_Ins_HumanRights_2_page_6,75.2,114.1,1396.0
1872067,stimulus_Ins_HumanRights_2_page_6,75.5,113.9,1396.0
1872068,stimulus_Ins_HumanRights_2_page_6,75.5,113.9,1396.0
1872069,stimulus_Ins_HumanRights_2_page_6,75.6,113.8,1397.0
1872070,stimulus_Ins_HumanRights_2_page_6,75.7,113.8,1396.0
1872071,stimulus_Ins_HumanRights_2_page_6,75.9,113.8,1395.0
1872072,stimulus_Ins_HumanRights_2_page_6,76.1,113.8,1394.0
1872073,stimulus_Ins_HumanRights_2_page_6,76.1,113.9,1395.0
1872074,stimulus_Ins_HumanRights_2_page_6,76.1,114.0,1396.0
1872075,stimulus_Ins_HumanRights_2_page_6,75.8,114.1,1397.0
1872076,stimulus_Ins_HumanRights_2_page_6,75.6,114.2,1398.0
1872077,stimulus_Ins_HumanRights_2_page_6,75.5,114.2,1399.0
1872078,stimulus_Ins_HumanRights_2_page_6,75.7,114.1,1397.0
1872079,stimulus_Ins_HumanRights_2_page_6,75.8,114.0,1396.0
1872080,stimulus_Ins_HumanRights_2_page_6,75.7,113.8,1395.0
1872081,stimulus_Ins_HumanRights_2_page_6,75.6,114.1,1396.0
1872082,stimulus_Ins_HumanRights_2_page_6,75.5,114.3,1397.0
1872083,stimulus_Ins_HumanRights_2_page_6,75.4,114.5,1399.0
1872084,stimulus_Ins_HumanRights_2_page_6,75.4,114.4,1399.0
1872085,stimulus_Ins_HumanRights_2_page_6,75.5,114.4,1398.0
1872086,stimulus_Ins_HumanRights_2_page_6,75.8,114.5,1398.0
1872087,stimulus_Ins_HumanRights_2_page_6,76.0,114.6,1399.0
1872088,stimulus_Ins_HumanRights_2_page_6,76.2,114.6,1400.0
1872089,stimulus_Ins_HumanRights_2_page_6,76.3,114.6,1402.0
1872090,stimulus_Ins_HumanRights_2_page_6,76.3,114.7,1401.0
1872091,stimulus_Ins_HumanRights_2_page_6,76.2,114.7,1401.0
1872092,stimulus_Ins_HumanRights_2_page_6,76.3,115.0,1401.0
1872093,stimulus_Ins_HumanRights_2_page_6,76.4,115.2,1400.0
1872094,stimulus_Ins_HumanRights_2_page_6,76.5,115.3,1400.0
1872095,stimulus_Ins_HumanRights_2_page_6,76.3,115.2,1399.0
1872096,stimulus_Ins_HumanRights_2_page_6,76.2,114.9,1399.0
1872097,stimulus_Ins_HumanRights_2_page_6,76.1,114.6,1400.0
1872098,stimulus_Ins_HumanRights_2_page_6,76.3,114.4,1401.0
1872099,stimulus_Ins_HumanRights_2_page_6,76.4,114.4,1401.0
1872100,stimulus_Ins_HumanRights_2_page_6,75.9,114.3,1402.0
1872101,stimulus_Ins_HumanRights_2_page_6,75.5,114.6,1402.0
1872102,stimulus_Ins_HumanRights_2_page_6,75.1,114.9,1403.0
1872103,stimulus_Ins_HumanRights_2_page_6,75.2,114.8,1403.0
1872104,stimulus_Ins_HumanRights_2_page_6,75.4,114.4,1404.0
1872105,stimulus_Ins_HumanRights_2_page_6,75.3,114.0,1405.0
1872106,stimulus_Ins_HumanRights_2_page_6,75.2,114.2,1404.0
1872107,stimulus_Ins_HumanRights_2_page_6,75.1,114.4,1404.0
1872108,stimulus_Ins_HumanRights_2_page_6,75.1,114.9,1404.0
1872109,stimulus_Ins_HumanRights_2_page_6,75.0,115.3,1404.0
1872110,stimulus_Ins_HumanRights_2_page_6,75.0,115.2,1405.0
1872111,stimulus_Ins_HumanRights_2_page_6,75.1,114.8,1405.0
1872112,stimulus_Ins_HumanRights_2_page_6,75.2,114.4,1407.0
1872113,stimulus_Ins_HumanRights_2_page_6,75.3,114.3,1407.0
1872114,stimulus_Ins_HumanRights_2_page_6,75.3,114.3,1408.0
1872115,stimulus_Ins_HumanRights_2_page_6,75.4,114.3,1408.0
1872116,stimulus_Ins_HumanRights_2_page_6,75.5,114.1,1409.0
1872117,stimulus_Ins_HumanRights_2_page_6,75.6,113.9,1409.0
1872118,stimulus_Ins_HumanRights_2_page_6,75.4,113.7,1410.0
1872119,stimulus_Ins_HumanRights_2_page_6,75.0,113.9,1410.0
1872120,stimulus_Ins_HumanRights_2_page_6,74.6,114.3,1409.0
1872121,stimulus_Ins_HumanRights_2_page_6,74.2,114.7,1408.0
1872122,stimulus_Ins_HumanRights_2_page_6,74.2,114.9,1407.0
1872123,stimulus_Ins_HumanRights_2_page_6,74.3,114.9,1408.0
1872124,stimulus_Ins_HumanRights_2_page_6,74.5,115.0,1409.0
1872125,stimulus_Ins_HumanRights_2_page_6,74.6,115.0,1410.0
1872126,stimulus_Ins_HumanRights_2_page_6,74.8,115.0,1410.0
1872127,stimulus_Ins_HumanRights_2_page_6,74.9,115.0,1409.0
1872128,stimulus_Ins_HumanRights_2_page_6,74.7,115.1,1408.0
1872129,stimulus_Ins_HumanRights_2_page_6,74.3,115.1,1408.0
1872130,stimulus_Ins_HumanRights_2_page_6,74.1,115.0,1408.0
1872131,stimulus_Ins_HumanRights_2_page_6,74.4,114.9,1408.0
1872132,stimulus_Ins_HumanRights_2_page_6,74.7,114.8,1409.0
1872133,stimulus_Ins_HumanRights_2_page_6,74.9,114.7,1411.0
1872134,stimulus_Ins_HumanRights_2_page_6,74.9,114.6,1413.0
1872135,stimulus_Ins_HumanRights_2_page_6,74.8,114.6,1414.0
1872136,stimulus_Ins_HumanRights_2_page_6,74.8,114.5,1414.0
1872137,stimulus_Ins_HumanRights_2_page_6,75.0,114.6,1412.0
1872138,stimulus_Ins_HumanRights_2_page_6,75.2,114.8,1411.0
1872139,stimulus_Ins_HumanRights_2_page_6,75.4,114.9,1409.0
1872140,stimulus_Ins_HumanRights_2_page_6,75.4,115.0,1410.0
1872141,stimulus_Ins_HumanRights_2_page_6,75.3,115.2,1411.0
1872142,stimulus_Ins_HumanRights_2_page_6,75.3,115.4,1411.0
1872143,stimulus_Ins_HumanRights_2_page_6,75.3,115.2,1413.0
1872144,stimulus_Ins_HumanRights_2_page_6,75.2,114.6,1414.0
1872145,stimulus_Ins_HumanRights_2_page_6,75.0,114.1,1416.0
1872146,stimulus_Ins_HumanRights_2_page_6,74.8,114.1,1416.0
1872147,stimulus_Ins_HumanRights_2_page_6,74.8,114.2,1416.0
1872148,stimulus_Ins_HumanRights_2_page_6,74.8,114.2,1416.0
1872149,stimulus_Ins_HumanRights_2_page_6,74.8,114.3,1416.0
1872150,stimulus_Ins_HumanRights_2_page_6,74.8,114.4,1417.0
1872151,stimulus_Ins_HumanRights_2_page_6,75.3,114.5,1418.0
1872152,stimulus_Ins_HumanRights_2_page_6,75.9,114.5,1420.0
1872153,stimulus_Ins_HumanRights_2_page_6,75.8,114.4,1420.0
1872154,stimulus_Ins_HumanRights_2_page_6,75.3,114.3,1421.0
1872155,stimulus_Ins_HumanRights_2_page_6,74.8,114.2,1421.0
1872156,stimulus_Ins_HumanRights_2_page_6,74.8,114.5,1421.0
1872157,stimulus_Ins_HumanRights_2_page_6,74.9,114.8,1421.0
1872158,stimulus_Ins_HumanRights_2_page_6,75.1,115.1,1421.0
1872159,stimulus_Ins_HumanRights_2_page_6,75.2,114.9,1421.0
1872160,stimulus_Ins_HumanRights_2_page_6,75.2,114.8,1421.0
1872161,stimulus_Ins_HumanRights_2_page_6,75.0,114.9,1422.0
1872162,stimulus_Ins_HumanRights_2_page_6,75.0,115.1,1422.0
1872163,stimulus_Ins_HumanRights_2_page_6,75.1,115.3,1422.0
1872164,stimulus_Ins_HumanRights_2_page_6,75.0,115.3,1422.0
1872165,stimulus_Ins_HumanRights_2_page_6,74.8,114.8,1424.0
1872166,stimulus_Ins_HumanRights_2_page_6,74.4,114.4,1426.0
1872167,stimulus_Ins_HumanRights_2_page_6,74.2,114.5,1426.0
1872168,stimulus_Ins_HumanRights_2_page_6,74.1,114.9,1424.0
1872169,stimulus_Ins_HumanRights_2_page_6,74.2,115.3,1423.0
1872170,stimulus_Ins_HumanRights_2_page_6,74.4,115.4,1423.0
1872171,stimulus_Ins_HumanRights_2_page_6,74.4,115.5,1424.0
1872172,stimulus_Ins_HumanRights_2_page_6,74.4,115.7,1424.0
1872173,stimulus_Ins_HumanRights_2_page_6,74.3,115.8,1425.0
1872174,stimulus_Ins_HumanRights_2_page_6,74.3,115.8,1426.0
1872175,stimulus_Ins_HumanRights_2_page_6,74.3,115.8,1427.0
1872176,stimulus_Ins_HumanRights_2_page_6,74.3,115.8,1427.0
1872177,stimulus_Ins_HumanRights_2_page_6,74.4,115.7,1426.0
1872178,stimulus_Ins_HumanRights_2_page_6,74.8,115.7,1425.0
1872179,stimulus_Ins_HumanRights_2_page_6,75.1,115.7,1425.0
1872180,stimulus_Ins_HumanRights_2_page_6,75.5,115.6,1425.0
1872181,stimulus_Ins_HumanRights_2_page_6,75.4,115.6,1427.0
1872182,stimulus_Ins_HumanRights_2_page_6,75.2,115.6,1428.0
1872183,stimulus_Ins_HumanRights_2_page_6,74.8,115.8,1430.0
1872184,stimulus_Ins_HumanRights_2_page_6,74.5,115.9,1430.0
1872185,stimulus_Ins_HumanRights_2_page_6,74.5,116.0,1431.0
1872186,stimulus_Ins_HumanRights_2_page_6,74.8,115.9,1432.0
1872187,stimulus_Ins_HumanRights_2_page_6,75.3,115.7,1433.0
1872188,stimulus_Ins_HumanRights_2_page_6,75.5,115.6,1434.0
1872189,stimulus_Ins_HumanRights_2_page_6,75.7,115.5,1435.0
1872190,stimulus_Ins_HumanRights_2_page_6,75.7,115.5,1435.0
1872191,stimulus_Ins_HumanRights_2_page_6,75.9,115.5,1433.0
1872192,stimulus_Ins_HumanRights_2_page_6,76.0,115.5,1433.0
1872193,stimulus_Ins_HumanRights_2_page_6,75.6,115.8,1434.0
1872194,stimulus_Ins_HumanRights_2_page_6,75.2,116.1,1435.0
1872195,stimulus_Ins_HumanRights_2_page_6,75.1,116.2,1436.0
1872196,stimulus_Ins_HumanRights_2_page_6,75.5,116.1,1436.0
1872197,stimulus_Ins_HumanRights_2_page_6,75.9,115.9,1436.0
1872198,stimulus_Ins_HumanRights_2_page_6,76.1,115.9,1436.0
1872199,stimulus_Ins_HumanRights_2_page_6,76.1,116.1,1436.0
1872200,stimulus_Ins_HumanRights_2_page_6,76.3,116.2,1435.0
1872201,stimulus_Ins_HumanRights_2_page_6,76.5,116.3,1436.0
1872202,stimulus_Ins_HumanRights_2_page_6,76.7,116.3,1437.0
1872203,stimulus_Ins_HumanRights_2_page_6,76.7,116.4,1438.0
1872204,stimulus_Ins_HumanRights_2_page_6,76.8,116.0,1439.0
1872205,stimulus_Ins_HumanRights_2_page_6,76.9,115.6,1439.0
1872206,stimulus_Ins_HumanRights_2_page_6,76.9,115.3,1439.0
1872207,stimulus_Ins_HumanRights_2_page_6,76.7,115.5,1438.0
1872208,stimulus_Ins_HumanRights_2_page_6,76.5,115.9,1438.0
1872209,stimulus_Ins_HumanRights_2_page_6,76.4,116.0,1438.0
1872210,stimulus_Ins_HumanRights_2_page_6,76.4,116.0,1439.0
1872211,stimulus_Ins_HumanRights_2_page_6,76.3,115.9,1440.0
1872212,stimulus_Ins_HumanRights_2_page_6,76.3,115.7,1441.0
1872213,stimulus_Ins_HumanRights_2_page_6,76.4,115.6,1442.0
1872214,stimulus_Ins_HumanRights_2_page_6,76.4,115.6,1443.0
1872215,stimulus_Ins_HumanRights_2_page_6,76.5,115.6,1444.0
1872216,stimulus_Ins_HumanRights_2_page_6,76.5,115.6,1446.0
1872217,stimulus_Ins_HumanRights_2_page_6,76.4,116.1,1445.0
1872218,stimulus_Ins_HumanRights_2_page_6,76.4,116.6,1442.0
1872219,stimulus_Ins_HumanRights_2_page_6,76.4,116.8,1440.0
1872220,stimulus_Ins_HumanRights_2_page_6,76.5,116.4,1441.0
1872221,stimulus_Ins_HumanRights_2_page_6,76.5,115.8,1443.0
1872222,stimulus_Ins_HumanRights_2_page_6,76.6,115.5,1444.0
1872223,stimulus_Ins_HumanRights_2_page_6,76.7,115.6,1445.0
1872224,stimulus_Ins_HumanRights_2_page_6,76.8,115.9,1447.0
1872225,stimulus_Ins_HumanRights_2_page_6,76.9,116.4,1448.0
1872226,stimulus_Ins_HumanRights_2_page_6,77.0,116.5,1448.0
1872227,stimulus_Ins_HumanRights_2_page_6,76.9,116.6,1448.0
1872228,stimulus_Ins_HumanRights_2_page_6,76.8,116.5,1447.0
1872229,stimulus_Ins_HumanRights_2_page_6,76.6,116.5,1447.0
1872230,stimulus_Ins_HumanRights_2_page_6,76.5,116.4,1447.0
1872231,stimulus_Ins_HumanRights_2_page_6,76.5,116.4,1447.0
1872232,stimulus_Ins_HumanRights_2_page_6,76.6,116.3,1448.0
1872233,stimulus_Ins_HumanRights_2_page_6,76.8,116.3,1450.0
1872234,stimulus_Ins_HumanRights_2_page_6,76.8,116.1,1452.0
1872235,stimulus_Ins_HumanRights_2_page_6,76.6,116.0,1453.0
1872236,stimulus_Ins_HumanRights_2_page_6,76.3,116.0,1452.0
1872237,stimulus_Ins_HumanRights_2_page_6,76.2,116.1,1452.0
1872238,stimulus_Ins_HumanRights_2_page_6,76.1,116.1,1451.0
1872239,stimulus_Ins_HumanRights_2_page_6,76.1,116.2,1451.0
1872240,stimulus_Ins_HumanRights_2_page_6,76.1,116.1,1452.0
1872241,stimulus_Ins_HumanRights_2_page_6,76.1,116.1,1453.0
1872242,stimulus_Ins_HumanRights_2_page_6,76.2,116.0,1454.0
1872243,stimulus_Ins_HumanRights_2_page_6,76.3,115.9,1456.0
1872244,stimulus_Ins_HumanRights_2_page_6,76.3,115.8,1458.0
1872245,stimulus_Ins_HumanRights_2_page_6,76.2,115.6,1459.0
1872246,stimulus_Ins_HumanRights_2_page_6,76.3,115.7,1460.0
1872247,stimulus_Ins_HumanRights_2_page_6,76.4,115.8,1459.0
1872248,stimulus_Ins_HumanRights_2_page_6,76.4,116.1,1459.0
1872249,stimulus_Ins_HumanRights_2_page_6,76.3,116.4,1459.0
1872250,stimulus_Ins_HumanRights_2_page_6,76.2,116.5,1459.0
1872251,stimulus_Ins_HumanRights_2_page_6,76.2,116.3,1460.0
1872252,stimulus_Ins_HumanRights_2_page_6,76.1,116.2,1461.0
1872253,stimulus_Ins_HumanRights_2_page_6,76.1,116.2,1462.0
1872254,stimulus_Ins_HumanRights_2_page_6,76.1,116.0,1463.0
1872255,stimulus_Ins_HumanRights_2_page_6,76.1,115.9,1464.0
1872256,stimulus_Ins_HumanRights_2_page_6,76.2,115.7,1464.0
1872257,stimulus_Ins_HumanRights_2_page_6,76.1,115.6,1464.0
1872258,stimulus_Ins_HumanRights_2_page_6,75.9,115.6,1463.0
1872259,stimulus_Ins_HumanRights_2_page_6,75.6,115.7,1462.0
1872260,stimulus_Ins_HumanRights_2_page_6,75.5,115.7,1463.0
1872261,stimulus_Ins_HumanRights_2_page_6,75.4,115.7,1464.0
1872262,stimulus_Ins_HumanRights_2_page_6,75.4,115.6,1466.0
1872263,stimulus_Ins_HumanRights_2_page_6,75.4,115.7,1467.0
1872264,stimulus_Ins_HumanRights_2_page_6,75.4,115.6,1467.0
1872265,stimulus_Ins_HumanRights_2_page_6,75.3,115.4,1466.0
1872266,stimulus_Ins_HumanRights_2_page_6,75.1,115.3,1466.0
1872267,stimulus_Ins_HumanRights_2_page_6,74.9,115.3,1467.0
1872268,stimulus_Ins_HumanRights_2_page_6,74.7,115.3,1467.0
1872269,stimulus_Ins_HumanRights_2_page_6,74.7,115.5,1468.0
1872270,stimulus_Ins_HumanRights_2_page_6,74.7,115.7,1469.0
1872271,stimulus_Ins_HumanRights_2_page_6,74.6,115.9,1470.0
1872272,stimulus_Ins_HumanRights_2_page_6,74.5,115.9,1471.0
1872273,stimulus_Ins_HumanRights_2_page_6,74.4,115.7,1474.0
1872274,stimulus_Ins_HumanRights_2_page_6,74.3,115.5,1477.0
1872275,stimulus_Ins_HumanRights_2_page_6,74.2,115.4,1478.0
1872276,stimulus_Ins_HumanRights_2_page_6,74.0,115.7,1476.0
1872277,stimulus_Ins_HumanRights_2_page_6,73.9,116.0,1475.0
1872278,stimulus_Ins_HumanRights_2_page_6,74.0,116.2,1475.0
1872279,stimulus_Ins_HumanRights_2_page_6,74.2,116.1,1475.0
1872280,stimulus_Ins_HumanRights_2_page_6,74.6,116.2,1476.0
1872281,stimulus_Ins_HumanRights_2_page_6,74.7,116.2,1476.0
1872282,stimulus_Ins_HumanRights_2_page_6,74.5,116.0,1476.0
1872283,stimulus_Ins_HumanRights_2_page_6,74.2,115.9,1476.0
1872284,stimulus_Ins_HumanRights_2_page_6,73.8,115.8,1477.0
1872285,stimulus_Ins_HumanRights_2_page_6,73.7,115.8,1477.0
1872286,stimulus_Ins_HumanRights_2_page_6,73.6,116.2,1477.0
1872287,stimulus_Ins_HumanRights_2_page_6,73.7,116.7,1477.0
1872288,stimulus_Ins_HumanRights_2_page_6,73.8,117.0,1477.0
1872289,stimulus_Ins_HumanRights_2_page_6,74.0,117.0,1476.0
1872290,stimulus_Ins_HumanRights_2_page_6,74.0,116.9,1477.0
1872291,stimulus_Ins_HumanRights_2_page_6,73.9,116.7,1478.0
1872292,stimulus_Ins_HumanRights_2_page_6,73.8,116.4,1478.0
1872293,stimulus_Ins_HumanRights_2_page_6,73.9,116.1,1479.0
1872294,stimulus_Ins_HumanRights_2_page_6,73.9,116.1,1480.0
1872295,stimulus_Ins_HumanRights_2_page_6,74.0,116.1,1482.0
1872296,stimulus_Ins_HumanRights_2_page_6,74.1,116.0,1483.0
1872297,stimulus_Ins_HumanRights_2_page_6,74.2,115.9,1482.0
1872298,stimulus_Ins_HumanRights_2_page_6,74.4,116.1,1482.0
1872299,stimulus_Ins_HumanRights_2_page_6,74.4,116.8,1481.0
1872300,stimulus_Ins_HumanRights_2_page_6,74.1,117.5,1482.0
1872301,stimulus_Ins_HumanRights_2_page_6,73.8,117.7,1482.0
1872302,stimulus_Ins_HumanRights_2_page_6,73.9,117.6,1482.0
1872303,stimulus_Ins_HumanRights_2_page_6,74.3,117.2,1483.0
1872304,stimulus_Ins_HumanRights_2_page_6,74.6,116.8,1484.0
1872305,stimulus_Ins_HumanRights_2_page_6,74.6,116.4,1484.0
1872306,stimulus_Ins_HumanRights_2_page_6,74.4,116.4,1485.0
1872307,stimulus_Ins_HumanRights_2_page_6,74.5,116.5,1485.0
1872308,stimulus_Ins_HumanRights_2_page_6,74.7,116.4,1485.0
1872309,stimulus_Ins_HumanRights_2_page_6,74.9,116.2,1485.0
1872310,stimulus_Ins_HumanRights_2_page_6,74.9,116.1,1485.0
1872311,stimulus_Ins_HumanRights_2_page_6,75.0,116.1,1486.0
1872312,stimulus_Ins_HumanRights_2_page_6,75.1,116.1,1486.0
1872313,stimulus_Ins_HumanRights_2_page_6,75.1,116.5,1487.0
1872314,stimulus_Ins_HumanRights_2_page_6,75.1,116.9,1487.0
1872315,stimulus_Ins_HumanRights_2_page_6,75.0,117.4,1487.0
1872316,stimulus_Ins_HumanRights_2_page_6,75.0,117.4,1487.0
1872317,stimulus_Ins_HumanRights_2_page_6,75.0,117.4,1486.0
1872318,stimulus_Ins_HumanRights_2_page_6,74.8,117.5,1486.0
1872319,stimulus_Ins_HumanRights_2_page_6,74.7,117.6,1488.0
1872320,stimulus_Ins_HumanRights_2_page_6,74.7,117.4,1489.0
1872321,stimulus_Ins_HumanRights_2_page_6,74.8,117.1,1490.0
1872322,stimulus_Ins_HumanRights_2_page_6,75.0,116.8,1490.0
1872323,stimulus_Ins_HumanRights_2_page_6,75.1,116.8,1491.0
1872324,stimulus_Ins_HumanRights_2_page_6,75.2,116.7,1492.0
1872325,stimulus_Ins_HumanRights_2_page_6,75.4,116.7,1493.0
1872326,stimulus_Ins_HumanRights_2_page_6,75.5,116.7,1494.0
1872327,stimulus_Ins_HumanRights_2_page_6,75.5,116.7,1494.0
1872328,stimulus_Ins_HumanRights_2_page_6,75.5,116.8,1494.0
1872329,stimulus_Ins_HumanRights_2_page_6,75.5,116.8,1493.0
1872330,stimulus_Ins_HumanRights_2_page_6,75.5,116.8,1493.0
1872331,stimulus_Ins_HumanRights_2_page_6,75.4,117.0,1493.0
1872332,stimulus_Ins_HumanRights_2_page_6,75.3,117.2,1493.0
1872333,stimulus_Ins_HumanRights_2_page_6,75.2,117.4,1494.0
1872334,stimulus_Ins_HumanRights_2_page_6,75.1,117.4,1495.0
1872335,stimulus_Ins_HumanRights_2_page_6,74.9,117.5,1497.0
1872336,stimulus_Ins_HumanRights_2_page_6,75.0,117.5,1497.0
1872337,stimulus_Ins_HumanRights_2_page_6,75.5,117.6,1495.0
1872338,stimulus_Ins_HumanRights_2_page_6,76.0,117.7,1494.0
1872339,stimulus_Ins_HumanRights_2_page_6,76.2,117.8,1494.0
1872340,stimulus_Ins_HumanRights_2_page_6,76.2,117.6,1495.0
1872341,stimulus_Ins_HumanRights_2_page_6,76.1,117.6,1496.0
1872342,stimulus_Ins_HumanRights_2_page_6,76.1,117.6,1498.0
1872343,stimulus_Ins_HumanRights_2_page_6,76.1,117.6,1499.0
1872344,stimulus_Ins_HumanRights_2_page_6,76.5,117.1,1501.0
1872345,stimulus_Ins_HumanRights_2_page_6,77.3,116.3,1503.0
1872346,stimulus_Ins_HumanRights_2_page_6,79.0,115.4,1504.0
1872347,stimulus_Ins_HumanRights_2_page_6,81.0,115.0,1504.0
1872348,stimulus_Ins_HumanRights_2_page_6,84.0,114.2,1504.0
1872349,stimulus_Ins_HumanRights_2_page_6,87.7,113.4,1504.0
1872350,stimulus_Ins_HumanRights_2_page_6,91.8,112.5,1506.0
1872351,stimulus_Ins_HumanRights_2_page_6,96.1,112.4,1508.0
1872352,stimulus_Ins_HumanRights_2_page_6,100.8,112.9,1510.0
1872353,stimulus_Ins_HumanRights_2_page_6,106.1,113.7,1510.0
1872354,stimulus_Ins_HumanRights_2_page_6,111.9,114.7,1511.0
1872355,stimulus_Ins_HumanRights_2_page_6,116.7,115.0,1511.0
1872356,stimulus_Ins_HumanRights_2_page_6,120.9,115.3,1512.0
1872357,stimulus_Ins_HumanRights_2_page_6,125.0,115.4,1513.0
1872358,stimulus_Ins_HumanRights_2_page_6,128.7,115.4,1515.0
1872359,stimulus_Ins_HumanRights_2_page_6,132.0,115.2,1518.0
1872360,stimulus_Ins_HumanRights_2_page_6,133.8,114.9,1521.0
1872361,stimulus_Ins_HumanRights_2_page_6,135.1,114.6,1524.0
1872362,stimulus_Ins_HumanRights_2_page_6,136.5,114.6,1526.0
1872363,stimulus_Ins_HumanRights_2_page_6,138.3,114.4,1528.0
1872364,stimulus_Ins_HumanRights_2_page_6,140.3,114.3,1528.0
1872365,stimulus_Ins_HumanRights_2_page_6,142.2,114.1,1529.0
1872366,stimulus_Ins_HumanRights_2_page_6,144.5,114.1,1529.0
1872367,stimulus_Ins_HumanRights_2_page_6,146.5,114.0,1530.0
1872368,stimulus_Ins_HumanRights_2_page_6,147.8,113.7,1531.0
1872369,stimulus_Ins_HumanRights_2_page_6,148.3,113.6,1531.0
1872370,stimulus_Ins_HumanRights_2_page_6,148.7,113.5,1531.0
1872371,stimulus_Ins_HumanRights_2_page_6,149.0,113.5,1532.0
1872372,stimulus_Ins_HumanRights_2_page_6,149.1,113.4,1532.0
1872373,stimulus_Ins_HumanRights_2_page_6,148.5,113.8,1531.0
1872374,stimulus_Ins_HumanRights_2_page_6,148.0,114.2,1530.0
1872375,stimulus_Ins_HumanRights_2_page_6,147.7,114.6,1530.0
1872376,stimulus_Ins_HumanRights_2_page_6,147.7,114.6,1530.0
1872377,stimulus_Ins_HumanRights_2_page_6,147.8,114.5,1530.0
1872378,stimulus_Ins_HumanRights_2_page_6,147.8,114.5,1530.0
1872379,stimulus_Ins_HumanRights_2_page_6,147.9,114.5,1531.0
1872380,stimulus_Ins_HumanRights_2_page_6,148.0,114.5,1532.0
1872381,stimulus_Ins_HumanRights_2_page_6,148.2,114.6,1532.0
1872382,stimulus_Ins_HumanRights_2_page_6,148.7,114.5,1533.0
1872383,stimulus_Ins_HumanRights_2_page_6,149.4,114.3,1535.0
1872384,stimulus_Ins_HumanRights_2_page_6,149.9,113.9,1536.0
1872385,stimulus_Ins_HumanRights_2_page_6,150.0,113.7,1536.0
1872386,stimulus_Ins_HumanRights_2_page_6,149.8,113.7,1536.0
1872387,stimulus_Ins_HumanRights_2_page_6,149.6,113.9,1536.0
1872388,stimulus_Ins_HumanRights_2_page_6,149.5,114.0,1536.0
1872389,stimulus_Ins_HumanRights_2_page_6,149.5,113.9,1536.0
1872390,stimulus_Ins_HumanRights_2_page_6,149.5,114.1,1535.0
1872391,stimulus_Ins_HumanRights_2_page_6,149.5,114.6,1535.0
1872392,stimulus_Ins_HumanRights_2_page_6,149.4,115.1,1535.0
1872393,stimulus_Ins_HumanRights_2_page_6,149.3,115.0,1536.0
1872394,stimulus_Ins_HumanRights_2_page_6,149.1,114.9,1537.0
1872395,stimulus_Ins_HumanRights_2_page_6,149.2,114.8,1537.0
1872396,stimulus_Ins_HumanRights_2_page_6,149.5,114.9,1537.0
1872397,stimulus_Ins_HumanRights_2_page_6,149.8,114.9,1537.0
1872398,stimulus_Ins_HumanRights_2_page_6,149.8,114.9,1537.0
1872399,stimulus_Ins_HumanRights_2_page_6,149.8,114.9,1537.0
1872400,stimulus_Ins_HumanRights_2_page_6,149.8,114.9,1537.0
1872401,stimulus_Ins_HumanRights_2_page_6,149.9,114.8,1538.0
1872402,stimulus_Ins_HumanRights_2_page_6,150.0,114.6,1539.0
1872403,stimulus_Ins_HumanRights_2_page_6,150.0,114.5,1540.0
1872404,stimulus_Ins_HumanRights_2_page_6,150.0,114.4,1541.0
1872405,stimulus_Ins_HumanRights_2_page_6,150.0,114.2,1541.0
1872406,stimulus_Ins_HumanRights_2_page_6,150.0,114.0,1541.0
1872407,stimulus_Ins_HumanRights_2_page_6,150.0,113.8,1541.0
1872408,stimulus_Ins_HumanRights_2_page_6,150.2,114.0,1542.0
1872409,stimulus_Ins_HumanRights_2_page_6,150.4,114.2,1542.0
1872410,stimulus_Ins_HumanRights_2_page_6,150.4,114.1,1543.0
1872411,stimulus_Ins_HumanRights_2_page_6,150.3,113.9,1543.0
1872412,stimulus_Ins_HumanRights_2_page_6,150.0,113.6,1543.0
1872413,stimulus_Ins_HumanRights_2_page_6,149.8,113.6,1544.0
1872414,stimulus_Ins_HumanRights_2_page_6,149.6,113.5,1545.0
1872415,stimulus_Ins_HumanRights_2_page_6,149.6,113.4,1546.0
1872416,stimulus_Ins_HumanRights_2_page_6,149.5,113.6,1546.0
1872417,stimulus_Ins_HumanRights_2_page_6,149.4,113.9,1546.0
1872418,stimulus_Ins_HumanRights_2_page_6,149.4,113.9,1545.0
1872419,stimulus_Ins_HumanRights_2_page_6,149.5,113.6,1546.0
1872420,stimulus_Ins_HumanRights_2_page_6,149.6,113.3,1547.0
1872421,stimulus_Ins_HumanRights_2_page_6,149.6,113.2,1547.0
1872422,stimulus_Ins_HumanRights_2_page_6,149.4,113.1,1545.0
1872423,stimulus_Ins_HumanRights_2_page_6,149.3,113.0,1545.0
1872424,stimulus_Ins_HumanRights_2_page_6,149.2,113.1,1547.0
1872425,stimulus_Ins_HumanRights_2_page_6,149.2,113.1,1548.0
1872426,stimulus_Ins_HumanRights_2_page_6,149.2,113.1,1549.0
1872427,stimulus_Ins_HumanRights_2_page_6,149.0,113.1,1550.0
1872428,stimulus_Ins_HumanRights_2_page_6,148.8,113.0,1551.0
1872429,stimulus_Ins_HumanRights_2_page_6,148.6,113.0,1550.0
1872430,stimulus_Ins_HumanRights_2_page_6,148.6,112.9,1550.0
1872431,stimulus_Ins_HumanRights_2_page_6,148.5,113.0,1550.0
1872432,stimulus_Ins_HumanRights_2_page_6,148.5,113.1,1550.0
1872433,stimulus_Ins_HumanRights_2_page_6,148.4,113.2,1550.0
1872434,stimulus_Ins_HumanRights_2_page_6,148.4,113.3,1551.0
1872435,stimulus_Ins_HumanRights_2_page_6,148.6,113.3,1551.0
1872436,stimulus_Ins_HumanRights_2_page_6,148.9,113.2,1552.0
1872437,stimulus_Ins_HumanRights_2_page_6,149.2,113.0,1552.0
1872438,stimulus_Ins_HumanRights_2_page_6,149.2,112.9,1552.0
1872439,stimulus_Ins_HumanRights_2_page_6,149.2,112.9,1551.0
1872440,stimulus_Ins_HumanRights_2_page_6,149.1,112.9,1550.0
1872441,stimulus_Ins_HumanRights_2_page_6,148.9,112.7,1549.0
1872442,stimulus_Ins_HumanRights_2_page_6,148.7,113.0,1550.0
1872443,stimulus_Ins_HumanRights_2_page_6,148.7,113.3,1551.0
1872444,stimulus_Ins_HumanRights_2_page_6,148.7,113.7,1552.0
1872445,stimulus_Ins_HumanRights_2_page_6,148.7,113.6,1553.0
1872446,stimulus_Ins_HumanRights_2_page_6,148.4,113.6,1552.0
1872447,stimulus_Ins_HumanRights_2_page_6,148.2,113.7,1553.0
1872448,stimulus_Ins_HumanRights_2_page_6,148.0,113.8,1553.0
1872449,stimulus_Ins_HumanRights_2_page_6,148.0,114.1,1553.0
1872450,stimulus_Ins_HumanRights_2_page_6,148.0,114.1,1553.0
1872451,stimulus_Ins_HumanRights_2_page_6,148.0,113.9,1554.0
1872452,stimulus_Ins_HumanRights_2_page_6,148.1,113.4,1555.0
1872453,stimulus_Ins_HumanRights_2_page_6,148.0,112.9,1557.0
1872454,stimulus_Ins_HumanRights_2_page_6,147.9,112.8,1560.0
1872455,stimulus_Ins_HumanRights_2_page_6,147.6,112.9,1561.0
1872456,stimulus_Ins_HumanRights_2_page_6,147.5,113.0,1562.0
1872457,stimulus_Ins_HumanRights_2_page_6,147.4,113.2,1561.0
1872458,stimulus_Ins_HumanRights_2_page_6,147.4,113.4,1559.0
1872459,stimulus_Ins_HumanRights_2_page_6,147.5,113.5,1558.0
1872460,stimulus_Ins_HumanRights_2_page_6,147.5,113.6,1559.0
1872461,stimulus_Ins_HumanRights_2_page_6,147.4,113.8,1560.0
1872462,stimulus_Ins_HumanRights_2_page_6,147.3,114.0,1562.0
1872463,stimulus_Ins_HumanRights_2_page_6,147.2,114.0,1563.0
1872464,stimulus_Ins_HumanRights_2_page_6,147.1,113.8,1564.0
1872465,stimulus_Ins_HumanRights_2_page_6,147.1,113.6,1564.0
1872466,stimulus_Ins_HumanRights_2_page_6,147.0,113.6,1564.0
1872467,stimulus_Ins_HumanRights_2_page_6,147.0,113.5,1563.0
1872468,stimulus_Ins_HumanRights_2_page_6,147.0,113.3,1563.0
1872469,stimulus_Ins_HumanRights_2_page_6,147.0,113.2,1564.0
1872470,stimulus_Ins_HumanRights_2_page_6,146.9,113.2,1565.0
1872471,stimulus_Ins_HumanRights_2_page_6,146.9,113.2,1568.0
1872472,stimulus_Ins_HumanRights_2_page_6,146.9,113.2,1570.0
1872473,stimulus_Ins_HumanRights_2_page_6,146.7,113.3,1570.0
1872474,stimulus_Ins_HumanRights_2_page_6,146.5,113.4,1568.0
1872475,stimulus_Ins_HumanRights_2_page_6,146.2,113.5,1567.0
1872476,stimulus_Ins_HumanRights_2_page_6,146.2,113.7,1567.0
1872477,stimulus_Ins_HumanRights_2_page_6,146.2,113.7,1567.0
1872478,stimulus_Ins_HumanRights_2_page_6,146.2,113.7,1567.0
1872479,stimulus_Ins_HumanRights_2_page_6,146.3,113.7,1568.0
1872480,stimulus_Ins_HumanRights_2_page_6,146.3,113.7,1569.0
1872481,stimulus_Ins_HumanRights_2_page_6,146.4,113.7,1569.0
1872482,stimulus_Ins_HumanRights_2_page_6,146.2,113.7,1571.0
1872483,stimulus_Ins_HumanRights_2_page_6,146.0,113.7,1572.0
1872484,stimulus_Ins_HumanRights_2_page_6,145.9,113.7,1574.0
1872485,stimulus_Ins_HumanRights_2_page_6,146.1,113.8,1575.0
1872486,stimulus_Ins_HumanRights_2_page_6,146.2,113.9,1575.0
1872487,stimulus_Ins_HumanRights_2_page_6,146.2,113.9,1573.0
1872488,stimulus_Ins_HumanRights_2_page_6,146.2,113.8,1574.0
1872489,stimulus_Ins_HumanRights_2_page_6,146.2,113.6,1576.0
1872490,stimulus_Ins_HumanRights_2_page_6,146.3,113.5,1578.0
1872491,stimulus_Ins_HumanRights_2_page_6,146.3,113.6,1579.0
1872492,stimulus_Ins_HumanRights_2_page_6,146.2,113.9,1578.0
1872493,stimulus_Ins_HumanRights_2_page_6,146.2,114.3,1578.0
1872494,stimulus_Ins_HumanRights_2_page_6,146.2,114.1,1578.0
1872495,stimulus_Ins_HumanRights_2_page_6,146.2,113.7,1579.0
1872496,stimulus_Ins_HumanRights_2_page_6,146.2,113.4,1580.0
1872497,stimulus_Ins_HumanRights_2_page_6,146.2,113.3,1580.0
1872498,stimulus_Ins_HumanRights_2_page_6,146.3,113.2,1581.0
1872499,stimulus_Ins_HumanRights_2_page_6,146.4,113.0,1581.0
1872500,stimulus_Ins_HumanRights_2_page_6,146.4,113.0,1579.0
1872501,stimulus_Ins_HumanRights_2_page_6,146.3,113.0,1580.0
1872502,stimulus_Ins_HumanRights_2_page_6,146.4,113.1,1581.0
1872503,stimulus_Ins_HumanRights_2_page_6,146.4,113.0,1584.0
1872504,stimulus_Ins_HumanRights_2_page_6,146.4,112.9,1586.0
1872505,stimulus_Ins_HumanRights_2_page_6,146.3,113.0,1588.0
1872506,stimulus_Ins_HumanRights_2_page_6,146.2,113.1,1588.0
1872507,stimulus_Ins_HumanRights_2_page_6,146.0,113.3,1585.0
1872508,stimulus_Ins_HumanRights_2_page_6,145.9,113.2,1583.0
1872509,stimulus_Ins_HumanRights_2_page_6,145.8,113.2,1581.0
1872510,stimulus_Ins_HumanRights_2_page_6,145.7,113.2,1582.0
1872511,stimulus_Ins_HumanRights_2_page_6,145.8,113.2,1584.0
1872512,stimulus_Ins_HumanRights_2_page_6,145.8,113.1,1585.0
1872513,stimulus_Ins_HumanRights_2_page_6,145.9,112.9,1587.0
1872514,stimulus_Ins_HumanRights_2_page_6,145.9,112.7,1587.0
1872515,stimulus_Ins_HumanRights_2_page_6,146.0,112.5,1588.0
1872516,stimulus_Ins_HumanRights_2_page_6,146.2,112.4,1588.0
1872517,stimulus_Ins_HumanRights_2_page_6,146.1,112.4,1588.0
1872518,stimulus_Ins_HumanRights_2_page_6,145.9,112.3,1588.0
1872519,stimulus_Ins_HumanRights_2_page_6,145.6,112.4,1588.0
1872520,stimulus_Ins_HumanRights_2_page_6,145.6,112.6,1588.0
1872521,stimulus_Ins_HumanRights_2_page_6,145.8,112.7,1591.0
1872522,stimulus_Ins_HumanRights_2_page_6,146.1,112.7,1593.0
1872523,stimulus_Ins_HumanRights_2_page_6,146.3,112.7,1595.0
1872524,stimulus_Ins_HumanRights_2_page_6,146.2,112.7,1595.0
1872525,stimulus_Ins_HumanRights_2_page_6,146.1,112.8,1596.0
1872526,stimulus_Ins_HumanRights_2_page_6,146.0,112.9,1596.0
1872527,stimulus_Ins_HumanRights_2_page_6,145.9,112.7,1596.0
1872528,stimulus_Ins_HumanRights_2_page_6,145.8,112.4,1596.0
1872529,stimulus_Ins_HumanRights_2_page_6,145.8,112.1,1597.0
1872530,stimulus_Ins_HumanRights_2_page_6,145.9,112.1,1597.0
1872531,stimulus_Ins_HumanRights_2_page_6,146.1,112.2,1597.0
1872532,stimulus_Ins_HumanRights_2_page_6,146.3,112.4,1597.0
1872533,stimulus_Ins_HumanRights_2_page_6,146.3,112.7,1597.0
1872534,stimulus_Ins_HumanRights_2_page_6,146.2,113.0,1597.0
1872535,stimulus_Ins_HumanRights_2_page_6,146.3,113.0,1597.0
1872536,stimulus_Ins_HumanRights_2_page_6,146.4,113.2,1596.0
1872537,stimulus_Ins_HumanRights_2_page_6,146.5,113.3,1595.0
1872538,stimulus_Ins_HumanRights_2_page_6,146.6,113.2,1595.0
1872539,stimulus_Ins_HumanRights_2_page_6,146.5,112.7,1596.0
1872540,stimulus_Ins_HumanRights_2_page_6,146.5,112.2,1598.0
1872541,stimulus_Ins_HumanRights_2_page_6,146.5,111.9,1599.0
1872542,stimulus_Ins_HumanRights_2_page_6,146.5,111.9,1600.0
1872543,stimulus_Ins_HumanRights_2_page_6,146.4,111.9,1600.0
1872544,stimulus_Ins_HumanRights_2_page_6,146.2,111.9,1600.0
1872545,stimulus_Ins_HumanRights_2_page_6,146.2,112.0,1600.0
1872546,stimulus_Ins_HumanRights_2_page_6,146.4,112.1,1600.0
1872547,stimulus_Ins_HumanRights_2_page_6,146.5,112.2,1600.0
1872548,stimulus_Ins_HumanRights_2_page_6,146.5,112.4,1600.0
1872549,stimulus_Ins_HumanRights_2_page_6,146.4,112.6,1600.0
1872550,stimulus_Ins_HumanRights_2_page_6,146.4,112.8,1600.0
1872551,stimulus_Ins_HumanRights_2_page_6,146.4,112.9,1600.0
1872552,stimulus_Ins_HumanRights_2_page_6,146.4,113.0,1601.0
1872553,stimulus_Ins_HumanRights_2_page_6,146.4,112.9,1602.0
1872554,stimulus_Ins_HumanRights_2_page_6,146.6,112.8,1603.0
1872555,stimulus_Ins_HumanRights_2_page_6,146.8,112.6,1603.0
1872556,stimulus_Ins_HumanRights_2_page_6,147.0,112.5,1602.0
1872557,stimulus_Ins_HumanRights_2_page_6,147.1,112.4,1601.0
1872558,stimulus_Ins_HumanRights_2_page_6,147.1,112.4,1601.0
1872559,stimulus_Ins_HumanRights_2_page_6,147.0,112.3,1601.0
1872560,stimulus_Ins_HumanRights_2_page_6,146.9,112.3,1602.0
1872561,stimulus_Ins_HumanRights_2_page_6,146.9,112.3,1602.0
1872562,stimulus_Ins_HumanRights_2_page_6,146.8,112.6,1602.0
1872563,stimulus_Ins_HumanRights_2_page_6,146.7,112.9,1603.0
1872564,stimulus_Ins_HumanRights_2_page_6,146.7,113.1,1603.0
1872565,stimulus_Ins_HumanRights_2_page_6,146.7,112.6,1603.0
1872566,stimulus_Ins_HumanRights_2_page_6,146.7,112.0,1602.0
1872567,stimulus_Ins_HumanRights_2_page_6,146.7,111.9,1602.0
1872568,stimulus_Ins_HumanRights_2_page_6,146.6,112.2,1602.0
1872569,stimulus_Ins_HumanRights_2_page_6,146.5,112.5,1602.0
1872570,stimulus_Ins_HumanRights_2_page_6,146.5,112.5,1602.0
1872571,stimulus_Ins_HumanRights_2_page_6,146.5,112.5,1603.0
1872572,stimulus_Ins_HumanRights_2_page_6,146.5,112.5,1604.0
1872573,stimulus_Ins_HumanRights_2_page_6,146.4,112.4,1604.0
1872574,stimulus_Ins_HumanRights_2_page_6,146.3,112.4,1604.0
1872575,stimulus_Ins_HumanRights_2_page_6,146.3,112.5,1605.0
1872576,stimulus_Ins_HumanRights_2_page_6,146.3,112.6,1605.0
1872577,stimulus_Ins_HumanRights_2_page_6,146.5,112.6,1605.0
1872578,stimulus_Ins_HumanRights_2_page_6,146.8,112.6,1605.0
1872579,stimulus_Ins_HumanRights_2_page_6,146.9,112.7,1605.0
1872580,stimulus_Ins_HumanRights_2_page_6,146.7,112.8,1605.0
1872581,stimulus_Ins_HumanRights_2_page_6,146.5,112.5,1606.0
1872582,stimulus_Ins_HumanRights_2_page_6,146.2,112.1,1608.0
1872583,stimulus_Ins_HumanRights_2_page_6,146.1,111.7,1609.0
1872584,stimulus_Ins_HumanRights_2_page_6,146.0,111.7,1609.0
1872585,stimulus_Ins_HumanRights_2_page_6,145.9,111.9,1609.0
1872586,stimulus_Ins_HumanRights_2_page_6,145.8,112.0,1609.0
1872587,stimulus_Ins_HumanRights_2_page_6,145.7,112.1,1609.0
1872588,stimulus_Ins_HumanRights_2_page_6,145.7,112.2,1608.0
1872589,stimulus_Ins_HumanRights_2_page_6,146.0,112.2,1608.0
1872590,stimulus_Ins_HumanRights_2_page_6,146.4,112.3,1608.0
1872591,stimulus_Ins_HumanRights_2_page_6,146.4,112.3,1608.0
1872592,stimulus_Ins_HumanRights_2_page_6,146.1,112.4,1609.0
1872593,stimulus_Ins_HumanRights_2_page_6,145.9,112.5,1608.0
1872594,stimulus_Ins_HumanRights_2_page_6,146.0,112.6,1608.0
1872595,stimulus_Ins_HumanRights_2_page_6,145.9,112.6,1608.0
1872596,stimulus_Ins_HumanRights_2_page_6,145.6,112.8,1608.0
1872597,stimulus_Ins_HumanRights_2_page_6,145.2,113.1,1607.0
1872598,stimulus_Ins_HumanRights_2_page_6,145.1,113.3,1606.0
1872599,stimulus_Ins_HumanRights_2_page_6,144.9,113.3,1605.0
1872600,stimulus_Ins_HumanRights_2_page_6,144.8,113.4,1605.0
1872601,stimulus_Ins_HumanRights_2_page_6,145.7,113.5,1606.0
1872602,stimulus_Ins_HumanRights_2_page_6,147.2,112.9,1607.0
1872603,stimulus_Ins_HumanRights_2_page_6,150.1,111.8,1608.0
1872604,stimulus_Ins_HumanRights_2_page_6,153.4,110.3,1611.0
1872605,stimulus_Ins_HumanRights_2_page_6,156.9,109.3,1612.0
1872606,stimulus_Ins_HumanRights_2_page_6,159.8,109.3,1613.0
1872607,stimulus_Ins_HumanRights_2_page_6,162.4,109.7,1612.0
1872608,stimulus_Ins_HumanRights_2_page_6,165.0,109.6,1612.0
1872609,stimulus_Ins_HumanRights_2_page_6,168.0,109.0,1610.0
1872610,stimulus_Ins_HumanRights_2_page_6,170.6,108.2,1608.0
1872611,stimulus_Ins_HumanRights_2_page_6,172.8,107.8,1605.0
1872612,stimulus_Ins_HumanRights_2_page_6,174.3,107.8,1605.0
1872613,stimulus_Ins_HumanRights_2_page_6,175.3,107.7,1606.0
1872614,stimulus_Ins_HumanRights_2_page_6,176.0,107.6,1608.0
1872615,stimulus_Ins_HumanRights_2_page_6,176.2,107.4,1609.0
1872616,stimulus_Ins_HumanRights_2_page_6,176.7,107.2,1610.0
1872617,stimulus_Ins_HumanRights_2_page_6,177.4,107.2,1609.0
1872618,stimulus_Ins_HumanRights_2_page_6,178.1,107.3,1608.0
1872619,stimulus_Ins_HumanRights_2_page_6,178.6,107.3,1606.0
1872620,stimulus_Ins_HumanRights_2_page_6,178.9,107.6,1606.0
1872621,stimulus_Ins_HumanRights_2_page_6,179.4,107.8,1606.0
1872622,stimulus_Ins_HumanRights_2_page_6,179.8,107.9,1607.0
1872623,stimulus_Ins_HumanRights_2_page_6,180.1,107.8,1608.0
1872624,stimulus_Ins_HumanRights_2_page_6,180.1,107.7,1608.0
1872625,stimulus_Ins_HumanRights_2_page_6,180.3,107.6,1608.0
1872626,stimulus_Ins_HumanRights_2_page_6,180.6,107.5,1606.0
1872627,stimulus_Ins_HumanRights_2_page_6,180.8,107.7,1604.0
1872628,stimulus_Ins_HumanRights_2_page_6,180.8,108.0,1603.0
1872629,stimulus_Ins_HumanRights_2_page_6,180.9,108.1,1603.0
1872630,stimulus_Ins_HumanRights_2_page_6,181.0,108.1,1603.0
1872631,stimulus_Ins_HumanRights_2_page_6,181.1,108.0,1603.0
1872632,stimulus_Ins_HumanRights_2_page_6,181.3,107.9,1602.0
1872633,stimulus_Ins_HumanRights_2_page_6,181.7,107.8,1602.0
1872634,stimulus_Ins_HumanRights_2_page_6,182.0,108.0,1603.0
1872635,stimulus_Ins_HumanRights_2_page_6,182.1,108.4,1603.0
1872636,stimulus_Ins_HumanRights_2_page_6,182.2,108.4,1603.0
1872637,stimulus_Ins_HumanRights_2_page_6,182.3,108.0,1601.0
1872638,stimulus_Ins_HumanRights_2_page_6,182.6,107.9,1599.0
1872639,stimulus_Ins_HumanRights_2_page_6,182.9,108.1,1595.0
1872640,stimulus_Ins_HumanRights_2_page_6,183.0,108.7,1593.0
1872641,stimulus_Ins_HumanRights_2_page_6,182.8,109.0,1593.0
1872642,stimulus_Ins_HumanRights_2_page_6,182.9,109.2,1593.0
1872643,stimulus_Ins_HumanRights_2_page_6,183.1,109.1,1594.0
1872644,stimulus_Ins_HumanRights_2_page_6,183.3,109.2,1594.0
1872645,stimulus_Ins_HumanRights_2_page_6,183.3,109.4,1592.0
1872646,stimulus_Ins_HumanRights_2_page_6,183.3,109.5,1591.0
1872647,stimulus_Ins_HumanRights_2_page_6,183.3,109.7,1588.0
1872648,stimulus_Ins_HumanRights_2_page_6,183.7,109.8,1588.0
1872649,stimulus_Ins_HumanRights_2_page_6,184.1,109.9,1588.0
1872650,stimulus_Ins_HumanRights_2_page_6,184.5,110.0,1588.0
1872651,stimulus_Ins_HumanRights_2_page_6,184.5,110.0,1589.0
1872652,stimulus_Ins_HumanRights_2_page_6,184.6,110.1,1589.0
1872653,stimulus_Ins_HumanRights_2_page_6,184.7,110.1,1589.0
1872654,stimulus_Ins_HumanRights_2_page_6,184.9,110.1,1588.0
1872655,stimulus_Ins_HumanRights_2_page_6,185.0,110.2,1587.0
1872656,stimulus_Ins_HumanRights_2_page_6,185.0,110.3,1585.0
1872657,stimulus_Ins_HumanRights_2_page_6,185.1,110.4,1583.0
1872658,stimulus_Ins_HumanRights_2_page_6,185.1,110.5,1582.0
1872659,stimulus_Ins_HumanRights_2_page_6,185.2,110.3,1581.0
1872660,stimulus_Ins_HumanRights_2_page_6,185.3,110.2,1581.0
1872661,stimulus_Ins_HumanRights_2_page_6,185.3,110.3,1578.0
1872662,stimulus_Ins_HumanRights_2_page_6,185.4,110.7,1575.0
1872663,stimulus_Ins_HumanRights_2_page_6,185.4,111.0,1573.0
1872664,stimulus_Ins_HumanRights_2_page_6,185.5,111.0,1572.0
1872665,stimulus_Ins_HumanRights_2_page_6,185.5,111.0,1572.0
1872666,stimulus_Ins_HumanRights_2_page_6,185.5,111.0,1571.0
1872667,stimulus_Ins_HumanRights_2_page_6,185.6,110.9,1570.0
1872668,stimulus_Ins_HumanRights_2_page_6,185.6,110.9,1568.0
1872669,stimulus_Ins_HumanRights_2_page_6,185.6,111.2,1567.0
1872670,stimulus_Ins_HumanRights_2_page_6,185.7,111.7,1566.0
1872671,stimulus_Ins_HumanRights_2_page_6,185.8,112.0,1564.0
1872672,stimulus_Ins_HumanRights_2_page_6,185.9,111.9,1563.0
1872673,stimulus_Ins_HumanRights_2_page_6,185.9,111.6,1562.0
1872674,stimulus_Ins_HumanRights_2_page_6,185.9,111.2,1562.0
1872675,stimulus_Ins_HumanRights_2_page_6,185.8,110.9,1560.0
1872676,stimulus_Ins_HumanRights_2_page_6,185.9,110.8,1559.0
1872677,stimulus_Ins_HumanRights_2_page_6,185.9,111.0,1556.0
1872678,stimulus_Ins_HumanRights_2_page_6,185.9,111.3,1555.0
1872679,stimulus_Ins_HumanRights_2_page_6,185.8,111.4,1553.0
1872680,stimulus_Ins_HumanRights_2_page_6,185.9,111.5,1552.0
1872681,stimulus_Ins_HumanRights_2_page_6,186.0,111.4,1550.0
1872682,stimulus_Ins_HumanRights_2_page_6,186.0,111.4,1549.0
1872683,stimulus_Ins_HumanRights_2_page_6,185.9,111.3,1548.0
1872684,stimulus_Ins_HumanRights_2_page_6,185.8,111.3,1548.0
1872685,stimulus_Ins_HumanRights_2_page_6,185.8,111.3,1548.0
1872686,stimulus_Ins_HumanRights_2_page_6,186.0,111.6,1546.0
1872687,stimulus_Ins_HumanRights_2_page_6,186.2,111.9,1544.0
1872688,stimulus_Ins_HumanRights_2_page_6,186.4,112.2,1541.0
1872689,stimulus_Ins_HumanRights_2_page_6,186.3,112.3,1539.0
1872690,stimulus_Ins_HumanRights_2_page_6,186.0,112.3,1538.0
1872691,stimulus_Ins_HumanRights_2_page_6,185.8,112.2,1536.0
1872692,stimulus_Ins_HumanRights_2_page_6,185.7,112.1,1534.0
1872693,stimulus_Ins_HumanRights_2_page_6,185.7,112.1,1533.0
1872694,stimulus_Ins_HumanRights_2_page_6,185.7,111.9,1533.0
1872695,stimulus_Ins_HumanRights_2_page_6,185.7,111.6,1531.0
1872696,stimulus_Ins_HumanRights_2_page_6,185.7,111.3,1530.0
1872697,stimulus_Ins_HumanRights_2_page_6,185.7,111.3,1528.0
1872698,stimulus_Ins_HumanRights_2_page_6,185.9,111.4,1528.0
1872699,stimulus_Ins_HumanRights_2_page_6,186.2,111.4,1528.0
1872700,stimulus_Ins_HumanRights_2_page_6,186.5,111.4,1527.0
1872701,stimulus_Ins_HumanRights_2_page_6,186.5,111.4,1527.0
1872702,stimulus_Ins_HumanRights_2_page_6,186.2,111.4,1525.0
1872703,stimulus_Ins_HumanRights_2_page_6,185.8,111.4,1523.0
1872704,stimulus_Ins_HumanRights_2_page_6,185.5,111.6,1521.0
1872705,stimulus_Ins_HumanRights_2_page_6,185.4,111.8,1520.0
1872706,stimulus_Ins_HumanRights_2_page_6,185.4,112.2,1517.0
1872707,stimulus_Ins_HumanRights_2_page_6,185.4,112.3,1515.0
1872708,stimulus_Ins_HumanRights_2_page_6,185.4,112.1,1513.0
1872709,stimulus_Ins_HumanRights_2_page_6,185.6,111.8,1513.0
1872710,stimulus_Ins_HumanRights_2_page_6,185.7,111.6,1510.0
1872711,stimulus_Ins_HumanRights_2_page_6,185.9,111.6,1508.0
1872712,stimulus_Ins_HumanRights_2_page_6,186.0,111.5,1505.0
1872713,stimulus_Ins_HumanRights_2_page_6,186.1,111.4,1505.0
1872714,stimulus_Ins_HumanRights_2_page_6,185.9,111.4,1505.0
1872715,stimulus_Ins_HumanRights_2_page_6,185.6,111.8,1504.0
1872716,stimulus_Ins_HumanRights_2_page_6,185.4,112.2,1504.0
1872717,stimulus_Ins_HumanRights_2_page_6,185.4,112.5,1502.0
1872718,stimulus_Ins_HumanRights_2_page_6,185.4,112.5,1498.0
1872719,stimulus_Ins_HumanRights_2_page_6,185.3,112.5,1495.0
1872720,stimulus_Ins_HumanRights_2_page_6,185.2,112.5,1494.0
1872721,stimulus_Ins_HumanRights_2_page_6,185.2,112.5,1494.0
1872722,stimulus_Ins_HumanRights_2_page_6,185.2,112.6,1494.0
1872723,stimulus_Ins_HumanRights_2_page_6,185.2,112.6,1492.0
1872724,stimulus_Ins_HumanRights_2_page_6,185.2,112.5,1490.0
1872725,stimulus_Ins_HumanRights_2_page_6,185.2,112.5,1488.0
1872726,stimulus_Ins_HumanRights_2_page_6,185.2,112.5,1488.0
1872727,stimulus_Ins_HumanRights_2_page_6,185.6,112.6,1486.0
1872728,stimulus_Ins_HumanRights_2_page_6,186.0,112.8,1484.0
1872729,stimulus_Ins_HumanRights_2_page_6,186.4,112.9,1481.0
1872730,stimulus_Ins_HumanRights_2_page_6,186.3,112.8,1478.0
1872731,stimulus_Ins_HumanRights_2_page_6,186.2,112.7,1476.0
1872732,stimulus_Ins_HumanRights_2_page_6,186.1,112.6,1476.0
1872733,stimulus_Ins_HumanRights_2_page_6,186.1,112.8,1476.0
1872734,stimulus_Ins_HumanRights_2_page_6,186.3,112.9,1476.0
1872735,stimulus_Ins_HumanRights_2_page_6,186.4,112.8,1475.0
1872736,stimulus_Ins_HumanRights_2_page_6,186.4,112.5,1473.0
1872737,stimulus_Ins_HumanRights_2_page_6,186.4,112.4,1471.0
1872738,stimulus_Ins_HumanRights_2_page_6,186.3,112.6,1469.0
1872739,stimulus_Ins_HumanRights_2_page_6,186.2,112.7,1468.0
1872740,stimulus_Ins_HumanRights_2_page_6,186.1,112.7,1467.0
1872741,stimulus_Ins_HumanRights_2_page_6,186.3,112.7,1466.0
1872742,stimulus_Ins_HumanRights_2_page_6,186.6,112.7,1466.0
1872743,stimulus_Ins_HumanRights_2_page_6,187.0,112.9,1466.0
1872744,stimulus_Ins_HumanRights_2_page_6,187.1,113.1,1465.0
1872745,stimulus_Ins_HumanRights_2_page_6,187.2,112.8,1465.0
1872746,stimulus_Ins_HumanRights_2_page_6,187.2,112.3,1463.0
1872747,stimulus_Ins_HumanRights_2_page_6,187.2,112.3,1461.0
1872748,stimulus_Ins_HumanRights_2_page_6,187.2,112.7,1458.0
1872749,stimulus_Ins_HumanRights_2_page_6,187.3,113.1,1456.0
1872750,stimulus_Ins_HumanRights_2_page_6,187.5,113.3,1455.0
1872751,stimulus_Ins_HumanRights_2_page_6,187.7,113.4,1455.0
1872752,stimulus_Ins_HumanRights_2_page_6,187.6,113.2,1454.0
1872753,stimulus_Ins_HumanRights_2_page_6,187.5,113.0,1454.0
1872754,stimulus_Ins_HumanRights_2_page_6,187.5,112.8,1454.0
1872755,stimulus_Ins_HumanRights_2_page_6,187.7,112.8,1454.0
1872756,stimulus_Ins_HumanRights_2_page_6,187.8,112.8,1454.0
1872757,stimulus_Ins_HumanRights_2_page_6,188.0,112.8,1451.0
1872758,stimulus_Ins_HumanRights_2_page_6,188.1,112.8,1448.0
1872759,stimulus_Ins_HumanRights_2_page_6,188.3,112.9,1446.0
1872760,stimulus_Ins_HumanRights_2_page_6,188.4,112.9,1445.0
1872761,stimulus_Ins_HumanRights_2_page_6,188.5,113.0,1443.0
1872762,stimulus_Ins_HumanRights_2_page_6,188.5,113.2,1440.0
1872763,stimulus_Ins_HumanRights_2_page_6,188.5,113.3,1439.0
1872764,stimulus_Ins_HumanRights_2_page_6,188.5,113.0,1438.0
1872765,stimulus_Ins_HumanRights_2_page_6,188.3,112.6,1438.0
1872766,stimulus_Ins_HumanRights_2_page_6,188.2,112.2,1437.0
1872767,stimulus_Ins_HumanRights_2_page_6,188.0,112.0,1436.0
1872768,stimulus_Ins_HumanRights_2_page_6,188.3,111.9,1435.0
1872769,stimulus_Ins_HumanRights_2_page_6,188.6,111.6,1432.0
1872770,stimulus_Ins_HumanRights_2_page_6,188.5,111.4,1429.0
1872771,stimulus_Ins_HumanRights_2_page_6,188.1,111.2,1426.0
1872772,stimulus_Ins_HumanRights_2_page_6,188.0,111.1,1426.0
1872773,stimulus_Ins_HumanRights_2_page_6,188.3,111.4,1426.0
1872774,stimulus_Ins_HumanRights_2_page_6,188.4,111.7,1426.0
1872775,stimulus_Ins_HumanRights_2_page_6,188.2,112.0,1425.0
1872776,stimulus_Ins_HumanRights_2_page_6,188.0,112.0,1423.0
1872777,stimulus_Ins_HumanRights_2_page_6,188.0,111.8,1422.0
1872778,stimulus_Ins_HumanRights_2_page_6,188.0,111.7,1420.0
1872779,stimulus_Ins_HumanRights_2_page_6,188.1,111.6,1418.0
1872780,stimulus_Ins_HumanRights_2_page_6,188.3,111.5,1416.0
1872781,stimulus_Ins_HumanRights_2_page_6,188.5,111.4,1416.0
1872782,stimulus_Ins_HumanRights_2_page_6,188.5,111.4,1414.0
1872783,stimulus_Ins_HumanRights_2_page_6,188.3,111.4,1413.0
1872784,stimulus_Ins_HumanRights_2_page_6,187.9,111.4,1412.0
1872785,stimulus_Ins_HumanRights_2_page_6,187.6,111.4,1412.0
1872786,stimulus_Ins_HumanRights_2_page_6,187.3,111.4,1409.0
1872787,stimulus_Ins_HumanRights_2_page_6,187.2,111.5,1406.0
1872788,stimulus_Ins_HumanRights_2_page_6,187.4,111.7,1402.0
1872789,stimulus_Ins_HumanRights_2_page_6,187.5,111.9,1402.0
1872790,stimulus_Ins_HumanRights_2_page_6,187.7,111.8,1401.0
1872791,stimulus_Ins_HumanRights_2_page_6,187.9,111.8,1399.0
1872792,stimulus_Ins_HumanRights_2_page_6,188.1,111.8,1399.0
1872793,stimulus_Ins_HumanRights_2_page_6,188.3,112.0,1399.0
1872794,stimulus_Ins_HumanRights_2_page_6,188.2,111.9,1400.0
1872795,stimulus_Ins_HumanRights_2_page_6,188.2,111.7,1399.0
1872796,stimulus_Ins_HumanRights_2_page_6,188.2,111.4,1399.0
1872797,stimulus_Ins_HumanRights_2_page_6,188.3,111.3,1396.0
1872798,stimulus_Ins_HumanRights_2_page_6,188.5,111.3,1393.0
1872799,stimulus_Ins_HumanRights_2_page_6,188.5,111.3,1389.0
1872800,stimulus_Ins_HumanRights_2_page_6,188.6,111.4,1388.0
1872801,stimulus_Ins_HumanRights_2_page_6,188.6,111.4,1388.0
1872802,stimulus_Ins_HumanRights_2_page_6,188.5,111.1,1388.0
1872803,stimulus_Ins_HumanRights_2_page_6,188.3,110.8,1388.0
1872804,stimulus_Ins_HumanRights_2_page_6,188.1,110.5,1387.0
1872805,stimulus_Ins_HumanRights_2_page_6,188.3,110.5,1386.0
1872806,stimulus_Ins_HumanRights_2_page_6,188.6,110.6,1385.0
1872807,stimulus_Ins_HumanRights_2_page_6,188.8,110.8,1383.0
1872808,stimulus_Ins_HumanRights_2_page_6,188.8,110.9,1382.0
1872809,stimulus_Ins_HumanRights_2_page_6,188.8,110.9,1381.0
1872810,stimulus_Ins_HumanRights_2_page_6,189.1,110.7,1380.0
1872811,stimulus_Ins_HumanRights_2_page_6,189.4,110.5,1379.0
1872812,stimulus_Ins_HumanRights_2_page_6,189.6,110.5,1378.0
1872813,stimulus_Ins_HumanRights_2_page_6,189.4,110.6,1378.0
1872814,stimulus_Ins_HumanRights_2_page_6,189.2,110.8,1376.0
1872815,stimulus_Ins_HumanRights_2_page_6,188.8,111.0,1374.0
1872816,stimulus_Ins_HumanRights_2_page_6,188.7,111.3,1372.0
1872817,stimulus_Ins_HumanRights_2_page_6,188.7,111.5,1370.0
1872818,stimulus_Ins_HumanRights_2_page_6,188.7,111.5,1367.0
1872819,stimulus_Ins_HumanRights_2_page_6,188.6,111.8,1365.0
1872820,stimulus_Ins_HumanRights_2_page_6,188.6,112.0,1364.0
1872821,stimulus_Ins_HumanRights_2_page_6,188.5,112.2,1364.0
1872822,stimulus_Ins_HumanRights_2_page_6,188.4,112.2,1364.0
1872823,stimulus_Ins_HumanRights_2_page_6,188.4,112.1,1363.0
1872824,stimulus_Ins_HumanRights_2_page_6,188.4,112.1,1362.0
1872825,stimulus_Ins_HumanRights_2_page_6,188.2,112.1,1361.0
1872826,stimulus_Ins_HumanRights_2_page_6,188.0,112.4,1359.0
1872827,stimulus_Ins_HumanRights_2_page_6,187.8,112.7,1358.0
1872828,stimulus_Ins_HumanRights_2_page_6,188.3,113.0,1356.0
1872829,stimulus_Ins_HumanRights_2_page_6,189.6,113.0,1354.0
1872830,stimulus_Ins_HumanRights_2_page_6,191.0,113.1,1351.0
1872831,stimulus_Ins_HumanRights_2_page_6,192.4,112.7,1350.0
1872832,stimulus_Ins_HumanRights_2_page_6,193.8,112.2,1351.0
1872833,stimulus_Ins_HumanRights_2_page_6,195.7,111.5,1352.0
1872834,stimulus_Ins_HumanRights_2_page_6,198.9,111.2,1352.0
1872835,stimulus_Ins_HumanRights_2_page_6,203.1,110.8,1351.0
1872836,stimulus_Ins_HumanRights_2_page_6,208.0,110.6,1350.0
1872837,stimulus_Ins_HumanRights_2_page_6,212.3,110.6,1349.0
1872838,stimulus_Ins_HumanRights_2_page_6,216.4,110.9,1347.0
1872839,stimulus_Ins_HumanRights_2_page_6,220.8,111.1,1346.0
1872840,stimulus_Ins_HumanRights_2_page_6,226.4,111.1,1345.0
1872841,stimulus_Ins_HumanRights_2_page_6,232.1,111.0,1344.0
1872842,stimulus_Ins_HumanRights_2_page_6,237.6,111.0,1343.0
1872843,stimulus_Ins_HumanRights_2_page_6,242.0,111.5,1341.0
1872844,stimulus_Ins_HumanRights_2_page_6,246.4,112.2,1340.0
1872845,stimulus_Ins_HumanRights_2_page_6,250.1,112.7,1340.0
1872846,stimulus_Ins_HumanRights_2_page_6,253.4,112.3,1341.0
1872847,stimulus_Ins_HumanRights_2_page_6,255.6,111.5,1341.0
1872848,stimulus_Ins_HumanRights_2_page_6,258.3,110.6,1341.0
1872849,stimulus_Ins_HumanRights_2_page_6,261.3,110.0,1340.0
1872850,stimulus_Ins_HumanRights_2_page_6,264.8,109.4,1338.0
1872851,stimulus_Ins_HumanRights_2_page_6,268.2,109.2,1336.0
1872852,stimulus_Ins_HumanRights_2_page_6,271.1,108.8,1335.0
1872853,stimulus_Ins_HumanRights_2_page_6,272.9,108.8,1334.0
1872854,stimulus_Ins_HumanRights_2_page_6,274.2,108.7,1332.0
1872855,stimulus_Ins_HumanRights_2_page_6,276.0,108.6,1328.0
1872856,stimulus_Ins_HumanRights_2_page_6,278.2,108.0,1326.0
1872857,stimulus_Ins_HumanRights_2_page_6,280.9,107.4,1325.0
1872858,stimulus_Ins_HumanRights_2_page_6,282.8,106.6,1325.0
1872859,stimulus_Ins_HumanRights_2_page_6,284.6,106.5,1325.0
1872860,stimulus_Ins_HumanRights_2_page_6,286.0,106.8,1325.0
1872861,stimulus_Ins_HumanRights_2_page_6,287.3,107.3,1324.0
1872862,stimulus_Ins_HumanRights_2_page_6,288.2,107.6,1324.0
1872863,stimulus_Ins_HumanRights_2_page_6,289.0,107.3,1322.0
1872864,stimulus_Ins_HumanRights_2_page_6,289.7,107.1,1321.0
1872865,stimulus_Ins_HumanRights_2_page_6,290.3,106.9,1320.0
1872866,stimulus_Ins_HumanRights_2_page_6,290.5,106.9,1318.0
1872867,stimulus_Ins_HumanRights_2_page_6,290.5,106.9,1316.0
1872868,stimulus_Ins_HumanRights_2_page_6,290.5,106.9,1314.0
1872869,stimulus_Ins_HumanRights_2_page_6,290.1,106.8,1313.0
1872870,stimulus_Ins_HumanRights_2_page_6,289.8,106.6,1312.0
1872871,stimulus_Ins_HumanRights_2_page_6,289.5,106.4,1312.0
1872872,stimulus_Ins_HumanRights_2_page_6,289.6,106.0,1313.0
1872873,stimulus_Ins_HumanRights_2_page_6,290.1,105.6,1314.0
1872874,stimulus_Ins_HumanRights_2_page_6,290.6,105.4,1313.0
1872875,stimulus_Ins_HumanRights_2_page_6,290.9,105.4,1311.0
1872876,stimulus_Ins_HumanRights_2_page_6,290.7,105.6,1309.0
1872877,stimulus_Ins_HumanRights_2_page_6,290.3,105.8,1307.0
1872878,stimulus_Ins_HumanRights_2_page_6,289.9,105.9,1305.0
1872879,stimulus_Ins_HumanRights_2_page_6,289.8,106.0,1304.0
1872880,stimulus_Ins_HumanRights_2_page_6,290.2,106.1,1302.0
1872881,stimulus_Ins_HumanRights_2_page_6,290.8,106.2,1300.0
1872882,stimulus_Ins_HumanRights_2_page_6,291.2,106.4,1298.0
1872883,stimulus_Ins_HumanRights_2_page_6,291.4,106.4,1299.0
1872884,stimulus_Ins_HumanRights_2_page_6,291.5,106.1,1298.0
1872885,stimulus_Ins_HumanRights_2_page_6,291.5,105.7,1296.0
1872886,stimulus_Ins_HumanRights_2_page_6,291.6,105.7,1295.0
1872887,stimulus_Ins_HumanRights_2_page_6,291.6,106.1,1295.0
1872888,stimulus_Ins_HumanRights_2_page_6,291.7,106.3,1294.0
1872889,stimulus_Ins_HumanRights_2_page_6,291.9,106.0,1294.0
1872890,stimulus_Ins_HumanRights_2_page_6,292.0,105.6,1294.0
1872891,stimulus_Ins_HumanRights_2_page_6,292.0,105.3,1293.0
1872892,stimulus_Ins_HumanRights_2_page_6,292.1,105.1,1293.0
1872893,stimulus_Ins_HumanRights_2_page_6,292.1,105.1,1292.0
1872894,stimulus_Ins_HumanRights_2_page_6,292.1,105.1,1291.0
1872895,stimulus_Ins_HumanRights_2_page_6,292.2,105.0,1291.0
1872896,stimulus_Ins_HumanRights_2_page_6,292.2,104.9,1290.0
1872897,stimulus_Ins_HumanRights_2_page_6,292.3,105.2,1290.0
1872898,stimulus_Ins_HumanRights_2_page_6,292.4,105.7,1289.0
1872899,stimulus_Ins_HumanRights_2_page_6,292.7,106.1,1289.0
1872900,stimulus_Ins_HumanRights_2_page_6,292.9,106.1,1287.0
1872901,stimulus_Ins_HumanRights_2_page_6,292.9,105.6,1286.0
1872902,stimulus_Ins_HumanRights_2_page_6,292.8,105.1,1285.0
1872903,stimulus_Ins_HumanRights_2_page_6,292.8,105.0,1283.0
1872904,stimulus_Ins_HumanRights_2_page_6,292.8,105.2,1282.0
1872905,stimulus_Ins_HumanRights_2_page_6,292.9,105.4,1280.0
1872906,stimulus_Ins_HumanRights_2_page_6,292.9,105.3,1280.0
1872907,stimulus_Ins_HumanRights_2_page_6,293.1,105.4,1279.0
1872908,stimulus_Ins_HumanRights_2_page_6,293.2,105.4,1277.0
1872909,stimulus_Ins_HumanRights_2_page_6,293.3,105.7,1276.0
1872910,stimulus_Ins_HumanRights_2_page_6,293.6,106.0,1275.0
1872911,stimulus_Ins_HumanRights_2_page_6,293.9,106.1,1275.0
1872912,stimulus_Ins_HumanRights_2_page_6,294.2,106.0,1275.0
1872913,stimulus_Ins_HumanRights_2_page_6,294.2,105.9,1274.0
1872914,stimulus_Ins_HumanRights_2_page_6,294.1,106.0,1273.0
1872915,stimulus_Ins_HumanRights_2_page_6,294.1,106.0,1272.0
1872916,stimulus_Ins_HumanRights_2_page_6,294.3,105.9,1271.0
1872917,stimulus_Ins_HumanRights_2_page_6,294.4,106.0,1271.0
1872918,stimulus_Ins_HumanRights_2_page_6,294.5,106.1,1270.0
1872919,stimulus_Ins_HumanRights_2_page_6,294.4,106.2,1269.0
1872920,stimulus_Ins_HumanRights_2_page_6,294.4,106.2,1268.0
1872921,stimulus_Ins_HumanRights_2_page_6,294.4,106.1,1267.0
1872922,stimulus_Ins_HumanRights_2_page_6,294.5,106.1,1265.0
1872923,stimulus_Ins_HumanRights_2_page_6,294.5,106.1,1264.0
1872924,stimulus_Ins_HumanRights_2_page_6,294.4,106.0,1263.0
1872925,stimulus_Ins_HumanRights_2_page_6,294.3,105.9,1262.0
1872926,stimulus_Ins_HumanRights_2_page_6,294.2,105.8,1261.0
1872927,stimulus_Ins_HumanRights_2_page_6,294.2,105.8,1260.0
1872928,stimulus_Ins_HumanRights_2_page_6,294.0,105.8,1259.0
1872929,stimulus_Ins_HumanRights_2_page_6,293.9,105.8,1258.0
1872930,stimulus_Ins_HumanRights_2_page_6,293.7,106.1,1256.0
1872931,stimulus_Ins_HumanRights_2_page_6,293.6,106.3,1255.0
1872932,stimulus_Ins_HumanRights_2_page_6,293.5,106.6,1255.0
1872933,stimulus_Ins_HumanRights_2_page_6,293.6,106.7,1255.0
1872934,stimulus_Ins_HumanRights_2_page_6,293.7,106.7,1254.0
1872935,stimulus_Ins_HumanRights_2_page_6,293.8,106.6,1254.0
1872936,stimulus_Ins_HumanRights_2_page_6,293.8,106.5,1253.0
1872937,stimulus_Ins_HumanRights_2_page_6,293.8,106.5,1250.0
1872938,stimulus_Ins_HumanRights_2_page_6,293.7,106.6,1246.0
1872939,stimulus_Ins_HumanRights_2_page_6,293.7,106.7,1243.0
1872940,stimulus_Ins_HumanRights_2_page_6,293.8,106.7,1243.0
1872941,stimulus_Ins_HumanRights_2_page_6,293.9,106.8,1244.0
1872942,stimulus_Ins_HumanRights_2_page_6,293.9,106.9,1245.0
1872943,stimulus_Ins_HumanRights_2_page_6,294.0,107.0,1244.0
1872944,stimulus_Ins_HumanRights_2_page_6,294.0,107.0,1243.0
1872945,stimulus_Ins_HumanRights_2_page_6,294.3,106.9,1242.0
1872946,stimulus_Ins_HumanRights_2_page_6,294.5,106.9,1241.0
1872947,stimulus_Ins_HumanRights_2_page_6,294.7,107.1,1240.0
1872948,stimulus_Ins_HumanRights_2_page_6,294.8,107.2,1239.0
1872949,stimulus_Ins_HumanRights_2_page_6,294.9,107.3,1238.0
1872950,stimulus_Ins_HumanRights_2_page_6,294.9,107.3,1238.0
1872951,stimulus_Ins_HumanRights_2_page_6,294.8,107.1,1238.0
1872952,stimulus_Ins_HumanRights_2_page_6,294.7,106.9,1237.0
1872953,stimulus_Ins_HumanRights_2_page_6,294.5,106.8,1236.0
1872954,stimulus_Ins_HumanRights_2_page_6,294.4,107.2,1233.0
1872955,stimulus_Ins_HumanRights_2_page_6,294.3,107.5,1232.0
1872956,stimulus_Ins_HumanRights_2_page_6,294.7,107.7,1231.0
1872957,stimulus_Ins_HumanRights_2_page_6,295.2,107.7,1230.0
1872958,stimulus_Ins_HumanRights_2_page_6,295.7,107.7,1230.0
1872959,stimulus_Ins_HumanRights_2_page_6,295.7,107.6,1229.0
1872960,stimulus_Ins_HumanRights_2_page_6,295.8,107.4,1228.0
1872961,stimulus_Ins_HumanRights_2_page_6,295.9,107.3,1228.0
1872962,stimulus_Ins_HumanRights_2_page_6,296.0,107.2,1228.0
1872963,stimulus_Ins_HumanRights_2_page_6,296.0,107.2,1229.0
1872964,stimulus_Ins_HumanRights_2_page_6,296.0,107.2,1230.0
1872965,stimulus_Ins_HumanRights_2_page_6,295.9,107.1,1229.0
1872966,stimulus_Ins_HumanRights_2_page_6,295.9,107.0,1228.0
1872967,stimulus_Ins_HumanRights_2_page_6,295.9,106.9,1227.0
1872968,stimulus_Ins_HumanRights_2_page_6,295.9,106.8,1226.0
1872969,stimulus_Ins_HumanRights_2_page_6,296.0,106.7,1225.0
1872970,stimulus_Ins_HumanRights_2_page_6,296.0,106.7,1225.0
1872971,stimulus_Ins_HumanRights_2_page_6,296.1,106.5,1225.0
1872972,stimulus_Ins_HumanRights_2_page_6,296.2,106.3,1225.0
1872973,stimulus_Ins_HumanRights_2_page_6,296.2,106.0,1225.0
1872974,stimulus_Ins_HumanRights_2_page_6,296.3,105.8,1224.0
1872975,stimulus_Ins_HumanRights_2_page_6,296.3,105.6,1224.0
1872976,stimulus_Ins_HumanRights_2_page_6,296.2,105.5,1223.0
1872977,stimulus_Ins_HumanRights_2_page_6,296.1,105.5,1222.0
1872978,stimulus_Ins_HumanRights_2_page_6,296.0,105.6,1221.0
1872979,stimulus_Ins_HumanRights_2_page_6,296.0,105.8,1219.0
1872980,stimulus_Ins_HumanRights_2_page_6,296.0,105.9,1218.0
1872981,stimulus_Ins_HumanRights_2_page_6,296.4,105.9,1218.0
1872982,stimulus_Ins_HumanRights_2_page_6,296.8,105.8,1217.0
1872983,stimulus_Ins_HumanRights_2_page_6,297.1,105.6,1217.0
1872984,stimulus_Ins_HumanRights_2_page_6,297.1,105.5,1216.0
1872985,stimulus_Ins_HumanRights_2_page_6,297.0,105.2,1216.0
1872986,stimulus_Ins_HumanRights_2_page_6,297.2,105.0,1215.0
1872987,stimulus_Ins_HumanRights_2_page_6,297.3,105.1,1214.0
1872988,stimulus_Ins_HumanRights_2_page_6,297.4,105.2,1214.0
1872989,stimulus_Ins_HumanRights_2_page_6,297.3,105.3,1214.0
1872990,stimulus_Ins_HumanRights_2_page_6,297.2,105.2,1212.0
1872991,stimulus_Ins_HumanRights_2_page_6,296.9,105.4,1211.0
1872992,stimulus_Ins_HumanRights_2_page_6,296.6,105.7,1210.0
1872993,stimulus_Ins_HumanRights_2_page_6,296.3,105.9,1211.0
1872994,stimulus_Ins_HumanRights_2_page_6,296.4,105.7,1211.0
1872995,stimulus_Ins_HumanRights_2_page_6,296.5,105.3,1210.0
1872996,stimulus_Ins_HumanRights_2_page_6,296.7,105.0,1209.0
1872997,stimulus_Ins_HumanRights_2_page_6,297.0,104.7,1205.0
1872998,stimulus_Ins_HumanRights_2_page_6,297.1,104.6,1203.0
1872999,stimulus_Ins_HumanRights_2_page_6,297.0,104.4,1202.0
1873000,stimulus_Ins_HumanRights_2_page_6,297.0,104.4,1204.0
1873001,stimulus_Ins_HumanRights_2_page_6,296.8,104.4,1205.0
1873002,stimulus_Ins_HumanRights_2_page_6,296.4,104.4,1205.0
1873003,stimulus_Ins_HumanRights_2_page_6,296.1,104.3,1204.0
1873004,stimulus_Ins_HumanRights_2_page_6,296.0,104.3,1204.0
1873005,stimulus_Ins_HumanRights_2_page_6,296.0,104.2,1203.0
1873006,stimulus_Ins_HumanRights_2_page_6,296.0,104.2,1203.0
1873007,stimulus_Ins_HumanRights_2_page_6,296.0,104.3,1201.0
1873008,stimulus_Ins_HumanRights_2_page_6,296.1,104.5,1200.0
1873009,stimulus_Ins_HumanRights_2_page_6,296.1,104.4,1199.0
1873010,stimulus_Ins_HumanRights_2_page_6,296.2,104.2,1199.0
1873011,stimulus_Ins_HumanRights_2_page_6,296.2,104.1,1200.0
1873012,stimulus_Ins_HumanRights_2_page_6,296.3,104.1,1200.0
1873013,stimulus_Ins_HumanRights_2_page_6,296.3,104.0,1199.0
1873014,stimulus_Ins_HumanRights_2_page_6,296.3,104.1,1197.0
1873015,stimulus_Ins_HumanRights_2_page_6,296.4,104.1,1195.0
1873016,stimulus_Ins_HumanRights_2_page_6,296.5,104.0,1195.0
1873017,stimulus_Ins_HumanRights_2_page_6,296.5,103.6,1194.0
1873018,stimulus_Ins_HumanRights_2_page_6,296.4,103.1,1193.0
1873019,stimulus_Ins_HumanRights_2_page_6,296.3,102.9,1193.0
1873020,stimulus_Ins_HumanRights_2_page_6,296.1,102.8,1193.0
1873021,stimulus_Ins_HumanRights_2_page_6,296.1,102.8,1193.0
1873022,stimulus_Ins_HumanRights_2_page_6,296.0,103.0,1194.0
1873023,stimulus_Ins_HumanRights_2_page_6,296.0,103.2,1194.0
1873024,stimulus_Ins_HumanRights_2_page_6,295.9,103.6,1193.0
1873025,stimulus_Ins_HumanRights_2_page_6,296.1,103.7,1193.0
1873026,stimulus_Ins_HumanRights_2_page_6,296.4,103.8,1191.0
1873027,stimulus_Ins_HumanRights_2_page_6,296.7,103.8,1191.0
1873028,stimulus_Ins_HumanRights_2_page_6,296.5,103.8,1191.0
1873029,stimulus_Ins_HumanRights_2_page_6,296.4,103.8,1191.0
1873030,stimulus_Ins_HumanRights_2_page_6,296.4,103.8,1191.0
1873031,stimulus_Ins_HumanRights_2_page_6,296.4,103.8,1190.0
1873032,stimulus_Ins_HumanRights_2_page_6,296.7,103.8,1189.0
1873033,stimulus_Ins_HumanRights_2_page_6,297.0,103.8,1188.0
1873034,stimulus_Ins_HumanRights_2_page_6,297.3,103.8,1189.0
1873035,stimulus_Ins_HumanRights_2_page_6,298.0,103.5,1189.0
1873036,stimulus_Ins_HumanRights_2_page_6,298.6,103.3,1187.0
1873037,stimulus_Ins_HumanRights_2_page_6,299.9,103.1,1185.0
1873038,stimulus_Ins_HumanRights_2_page_6,301.0,103.1,1180.0
1873039,stimulus_Ins_HumanRights_2_page_6,302.6,103.1,1177.0
1873040,stimulus_Ins_HumanRights_2_page_6,304.6,103.2,1175.0
1873041,stimulus_Ins_HumanRights_2_page_6,307.1,103.4,1176.0
1873042,stimulus_Ins_HumanRights_2_page_6,309.8,103.6,1178.0
1873043,stimulus_Ins_HumanRights_2_page_6,312.6,103.6,1181.0
1873044,stimulus_Ins_HumanRights_2_page_6,315.4,103.4,1182.0
1873045,stimulus_Ins_HumanRights_2_page_6,318.4,103.1,1180.0
1873046,stimulus_Ins_HumanRights_2_page_6,321.0,103.1,1177.0
1873047,stimulus_Ins_HumanRights_2_page_6,323.7,103.5,1175.0
1873048,stimulus_Ins_HumanRights_2_page_6,326.2,104.0,1173.0
1873049,stimulus_Ins_HumanRights_2_page_6,328.3,104.0,1173.0
1873050,stimulus_Ins_HumanRights_2_page_6,330.5,103.5,1174.0
1873051,stimulus_Ins_HumanRights_2_page_6,332.5,103.0,1174.0
1873052,stimulus_Ins_HumanRights_2_page_6,333.9,102.6,1174.0
1873053,stimulus_Ins_HumanRights_2_page_6,334.6,102.2,1173.0
1873054,stimulus_Ins_HumanRights_2_page_6,335.1,101.9,1173.0
1873055,stimulus_Ins_HumanRights_2_page_6,335.4,101.4,1172.0
1873056,stimulus_Ins_HumanRights_2_page_6,335.7,101.2,1172.0
1873057,stimulus_Ins_HumanRights_2_page_6,335.8,101.1,1172.0
1873058,stimulus_Ins_HumanRights_2_page_6,336.0,101.2,1172.0
1873059,stimulus_Ins_HumanRights_2_page_6,336.8,101.2,1172.0
1873060,stimulus_Ins_HumanRights_2_page_6,337.6,101.2,1172.0
1873061,stimulus_Ins_HumanRights_2_page_6,338.2,101.1,1171.0
1873062,stimulus_Ins_HumanRights_2_page_6,338.1,101.0,1170.0
1873063,stimulus_Ins_HumanRights_2_page_6,338.4,100.9,1169.0
1873064,stimulus_Ins_HumanRights_2_page_6,338.8,100.8,1169.0
1873065,stimulus_Ins_HumanRights_2_page_6,339.2,100.6,1169.0
1873066,stimulus_Ins_HumanRights_2_page_6,339.1,100.7,1169.0
1873067,stimulus_Ins_HumanRights_2_page_6,339.1,101.0,1167.0
1873068,stimulus_Ins_HumanRights_2_page_6,339.1,101.4,1164.0
1873069,stimulus_Ins_HumanRights_2_page_6,339.3,101.5,1161.0
1873070,stimulus_Ins_HumanRights_2_page_6,339.5,101.5,1160.0
1873071,stimulus_Ins_HumanRights_2_page_6,339.6,101.5,1161.0
1873072,stimulus_Ins_HumanRights_2_page_6,339.6,101.5,1160.0
1873073,stimulus_Ins_HumanRights_2_page_6,339.6,101.5,1160.0
1873074,stimulus_Ins_HumanRights_2_page_6,339.4,101.5,1159.0
1873075,stimulus_Ins_HumanRights_2_page_6,339.3,101.4,1159.0
1873076,stimulus_Ins_HumanRights_2_page_6,339.5,101.2,1159.0
1873077,stimulus_Ins_HumanRights_2_page_6,339.9,101.0,1158.0
1873078,stimulus_Ins_HumanRights_2_page_6,340.3,101.0,1157.0
1873079,stimulus_Ins_HumanRights_2_page_6,340.5,101.2,1156.0
1873080,stimulus_Ins_HumanRights_2_page_6,340.5,101.6,1155.0
1873081,stimulus_Ins_HumanRights_2_page_6,340.5,101.9,1155.0
1873082,stimulus_Ins_HumanRights_2_page_6,340.5,101.9,1155.0
1873083,stimulus_Ins_HumanRights_2_page_6,340.6,102.0,1154.0
1873084,stimulus_Ins_HumanRights_2_page_6,340.7,101.8,1153.0
1873085,stimulus_Ins_HumanRights_2_page_6,340.8,101.7,1153.0
1873086,stimulus_Ins_HumanRights_2_page_6,340.8,101.5,1153.0
1873087,stimulus_Ins_HumanRights_2_page_6,340.7,101.7,1153.0
1873088,stimulus_Ins_HumanRights_2_page_6,340.6,101.9,1152.0
1873089,stimulus_Ins_HumanRights_2_page_6,340.8,102.1,1149.0
1873090,stimulus_Ins_HumanRights_2_page_6,341.0,102.2,1147.0
1873091,stimulus_Ins_HumanRights_2_page_6,341.3,102.2,1148.0
1873092,stimulus_Ins_HumanRights_2_page_6,341.5,102.1,1149.0
1873093,stimulus_Ins_HumanRights_2_page_6,341.6,102.1,1151.0
1873094,stimulus_Ins_HumanRights_2_page_6,341.8,102.1,1151.0
1873095,stimulus_Ins_HumanRights_2_page_6,341.9,102.1,1150.0
1873096,stimulus_Ins_HumanRights_2_page_6,341.9,102.1,1149.0
1873097,stimulus_Ins_HumanRights_2_page_6,342.0,102.2,1149.0
1873098,stimulus_Ins_HumanRights_2_page_6,342.1,102.2,1148.0
1873099,stimulus_Ins_HumanRights_2_page_6,342.4,102.1,1147.0
1873100,stimulus_Ins_HumanRights_2_page_6,342.6,102.0,1146.0
1873101,stimulus_Ins_HumanRights_2_page_6,342.8,101.6,1147.0
1873102,stimulus_Ins_HumanRights_2_page_6,342.9,101.3,1148.0
1873103,stimulus_Ins_HumanRights_2_page_6,342.8,100.9,1150.0
1873104,stimulus_Ins_HumanRights_2_page_6,342.6,100.9,1149.0
1873105,stimulus_Ins_HumanRights_2_page_6,342.7,101.0,1148.0
1873106,stimulus_Ins_HumanRights_2_page_6,343.0,101.1,1147.0
1873107,stimulus_Ins_HumanRights_2_page_6,343.1,101.3,1146.0
1873108,stimulus_Ins_HumanRights_2_page_6,343.0,101.3,1145.0
1873109,stimulus_Ins_HumanRights_2_page_6,342.9,101.3,1145.0
1873110,stimulus_Ins_HumanRights_2_page_6,343.0,101.3,1144.0
1873111,stimulus_Ins_HumanRights_2_page_6,342.9,101.2,1144.0
1873112,stimulus_Ins_HumanRights_2_page_6,342.8,101.1,1144.0
1873113,stimulus_Ins_HumanRights_2_page_6,342.7,101.2,1144.0
1873114,stimulus_Ins_HumanRights_2_page_6,342.9,101.2,1144.0
1873115,stimulus_Ins_HumanRights_2_page_6,342.9,101.4,1143.0
1873116,stimulus_Ins_HumanRights_2_page_6,343.0,101.5,1143.0
1873117,stimulus_Ins_HumanRights_2_page_6,342.9,101.5,1142.0
1873118,stimulus_Ins_HumanRights_2_page_6,342.9,101.4,1143.0
1873119,stimulus_Ins_HumanRights_2_page_6,343.0,100.8,1143.0
1873120,stimulus_Ins_HumanRights_2_page_6,343.1,100.3,1143.0
1873121,stimulus_Ins_HumanRights_2_page_6,343.1,100.0,1143.0
1873122,stimulus_Ins_HumanRights_2_page_6,343.0,100.2,1143.0
1873123,stimulus_Ins_HumanRights_2_page_6,342.9,100.5,1142.0
1873124,stimulus_Ins_HumanRights_2_page_6,342.8,100.6,1142.0
1873125,stimulus_Ins_HumanRights_2_page_6,342.6,100.8,1140.0
1873126,stimulus_Ins_HumanRights_2_page_6,342.6,100.8,1139.0
1873127,stimulus_Ins_HumanRights_2_page_6,342.8,100.7,1138.0
1873128,stimulus_Ins_HumanRights_2_page_6,342.9,100.7,1138.0
1873129,stimulus_Ins_HumanRights_2_page_6,343.0,100.6,1138.0
1873130,stimulus_Ins_HumanRights_2_page_6,343.0,100.5,1138.0
1873131,stimulus_Ins_HumanRights_2_page_6,343.0,100.4,1139.0
1873132,stimulus_Ins_HumanRights_2_page_6,342.9,100.2,1140.0
1873133,stimulus_Ins_HumanRights_2_page_6,342.7,100.3,1140.0
1873134,stimulus_Ins_HumanRights_2_page_6,342.6,100.4,1140.0
1873135,stimulus_Ins_HumanRights_2_page_6,342.5,100.5,1140.0
1873136,stimulus_Ins_HumanRights_2_page_6,342.6,100.4,1140.0
1873137,stimulus_Ins_HumanRights_2_page_6,342.6,100.4,1139.0
1873138,stimulus_Ins_HumanRights_2_page_6,342.8,100.6,1138.0
1873139,stimulus_Ins_HumanRights_2_page_6,343.1,100.8,1138.0
1873140,stimulus_Ins_HumanRights_2_page_6,343.3,100.8,1137.0
1873141,stimulus_Ins_HumanRights_2_page_6,343.4,100.9,1136.0
1873142,stimulus_Ins_HumanRights_2_page_6,343.5,101.0,1135.0
1873143,stimulus_Ins_HumanRights_2_page_6,343.5,101.0,1136.0
1873144,stimulus_Ins_HumanRights_2_page_6,343.5,101.0,1136.0
1873145,stimulus_Ins_HumanRights_2_page_6,343.4,101.0,1137.0
1873146,stimulus_Ins_HumanRights_2_page_6,343.3,100.9,1135.0
1873147,stimulus_Ins_HumanRights_2_page_6,343.2,101.0,1134.0
1873148,stimulus_Ins_HumanRights_2_page_6,343.1,101.0,1132.0
1873149,stimulus_Ins_HumanRights_2_page_6,343.0,101.0,1131.0
1873150,stimulus_Ins_HumanRights_2_page_6,342.8,101.0,1131.0
1873151,stimulus_Ins_HumanRights_2_page_6,342.7,101.0,1132.0
1873152,stimulus_Ins_HumanRights_2_page_6,342.6,101.0,1132.0
1873153,stimulus_Ins_HumanRights_2_page_6,342.6,101.0,1133.0
1873154,stimulus_Ins_HumanRights_2_page_6,342.5,100.9,1132.0
1873155,stimulus_Ins_HumanRights_2_page_6,342.5,100.8,1132.0
1873156,stimulus_Ins_HumanRights_2_page_6,342.7,100.5,1132.0
1873157,stimulus_Ins_HumanRights_2_page_6,342.9,100.2,1131.0
1873158,stimulus_Ins_HumanRights_2_page_6,343.1,100.1,1131.0
1873159,stimulus_Ins_HumanRights_2_page_6,343.3,100.3,1131.0
1873160,stimulus_Ins_HumanRights_2_page_6,343.6,100.6,1131.0
1873161,stimulus_Ins_HumanRights_2_page_6,344.0,100.6,1131.0
1873162,stimulus_Ins_HumanRights_2_page_6,344.2,100.4,1131.0
1873163,stimulus_Ins_HumanRights_2_page_6,344.0,100.3,1132.0
1873164,stimulus_Ins_HumanRights_2_page_6,343.7,100.4,1132.0
1873165,stimulus_Ins_HumanRights_2_page_6,343.4,100.5,1131.0
1873166,stimulus_Ins_HumanRights_2_page_6,343.4,100.8,1130.0
1873167,stimulus_Ins_HumanRights_2_page_6,343.4,101.1,1129.0
1873168,stimulus_Ins_HumanRights_2_page_6,343.4,101.3,1128.0
1873169,stimulus_Ins_HumanRights_2_page_6,343.5,100.9,1128.0
1873170,stimulus_Ins_HumanRights_2_page_6,343.6,100.5,1128.0
1873171,stimulus_Ins_HumanRights_2_page_6,343.4,100.2,1128.0
1873172,stimulus_Ins_HumanRights_2_page_6,343.2,100.3,1129.0
1873173,stimulus_Ins_HumanRights_2_page_6,342.8,100.4,1131.0
1873174,stimulus_Ins_HumanRights_2_page_6,342.6,100.5,1132.0
1873175,stimulus_Ins_HumanRights_2_page_6,342.6,100.6,1131.0
1873176,stimulus_Ins_HumanRights_2_page_6,342.9,100.5,1130.0
1873177,stimulus_Ins_HumanRights_2_page_6,343.1,100.5,1130.0
1873178,stimulus_Ins_HumanRights_2_page_6,343.2,100.5,1130.0
1873179,stimulus_Ins_HumanRights_2_page_6,343.3,100.5,1130.0
1873180,stimulus_Ins_HumanRights_2_page_6,343.6,100.4,1130.0
1873181,stimulus_Ins_HumanRights_2_page_6,343.8,100.4,1129.0
1873182,stimulus_Ins_HumanRights_2_page_6,343.9,100.6,1128.0
1873183,stimulus_Ins_HumanRights_2_page_6,343.8,100.6,1127.0
1873184,stimulus_Ins_HumanRights_2_page_6,343.7,100.6,1127.0
1873185,stimulus_Ins_HumanRights_2_page_6,343.7,100.9,1127.0
1873186,stimulus_Ins_HumanRights_2_page_6,343.9,101.3,1128.0
1873187,stimulus_Ins_HumanRights_2_page_6,344.2,101.6,1128.0
1873188,stimulus_Ins_HumanRights_2_page_6,344.2,101.4,1129.0
1873189,stimulus_Ins_HumanRights_2_page_6,344.0,101.2,1129.0
1873190,stimulus_Ins_HumanRights_2_page_6,344.0,101.2,1128.0
1873191,stimulus_Ins_HumanRights_2_page_6,344.2,101.3,1128.0
1873192,stimulus_Ins_HumanRights_2_page_6,344.4,101.2,1128.0
1873193,stimulus_Ins_HumanRights_2_page_6,344.4,101.0,1128.0
1873194,stimulus_Ins_HumanRights_2_page_6,344.2,100.8,1128.0
1873195,stimulus_Ins_HumanRights_2_page_6,343.9,100.9,1128.0
1873196,stimulus_Ins_HumanRights_2_page_6,343.7,101.0,1127.0
1873197,stimulus_Ins_HumanRights_2_page_6,343.8,101.1,1126.0
1873198,stimulus_Ins_HumanRights_2_page_6,343.8,101.0,1125.0
1873199,stimulus_Ins_HumanRights_2_page_6,343.9,101.0,1124.0
1873200,stimulus_Ins_HumanRights_2_page_6,343.9,101.1,1123.0
1873201,stimulus_Ins_HumanRights_2_page_6,343.9,101.1,1122.0
1873202,stimulus_Ins_HumanRights_2_page_6,344.1,101.1,1122.0
1873203,stimulus_Ins_HumanRights_2_page_6,344.2,101.1,1121.0
1873204,stimulus_Ins_HumanRights_2_page_6,344.1,101.2,1121.0
1873205,stimulus_Ins_HumanRights_2_page_6,343.8,101.2,1121.0
1873206,stimulus_Ins_HumanRights_2_page_6,343.6,101.1,1122.0
1873207,stimulus_Ins_HumanRights_2_page_6,343.6,101.0,1122.0
1873208,stimulus_Ins_HumanRights_2_page_6,343.6,101.2,1122.0
1873209,stimulus_Ins_HumanRights_2_page_6,343.6,101.4,1123.0
1873210,stimulus_Ins_HumanRights_2_page_6,343.7,101.6,1123.0
1873211,stimulus_Ins_HumanRights_2_page_6,343.3,102.0,1123.0
1873212,stimulus_Ins_HumanRights_2_page_6,343.0,102.3,1123.0
1873213,stimulus_Ins_HumanRights_2_page_6,342.7,102.3,1123.0
1873214,stimulus_Ins_HumanRights_2_page_6,342.7,102.1,1123.0
1873215,stimulus_Ins_HumanRights_2_page_6,342.9,101.9,1122.0
1873216,stimulus_Ins_HumanRights_2_page_6,343.0,102.2,1122.0
1873217,stimulus_Ins_HumanRights_2_page_6,342.9,102.6,1122.0
1873218,stimulus_Ins_HumanRights_2_page_6,342.7,103.0,1122.0
1873219,stimulus_Ins_HumanRights_2_page_6,342.6,103.0,1122.0
1873220,stimulus_Ins_HumanRights_2_page_6,342.5,102.9,1122.0
1873221,stimulus_Ins_HumanRights_2_page_6,342.4,102.8,1122.0
1873222,stimulus_Ins_HumanRights_2_page_6,342.4,102.7,1122.0
1873223,stimulus_Ins_HumanRights_2_page_6,342.4,102.7,1122.0
1873224,stimulus_Ins_HumanRights_2_page_6,342.5,102.7,1122.0
1873225,stimulus_Ins_HumanRights_2_page_6,342.5,102.4,1122.0
1873226,stimulus_Ins_HumanRights_2_page_6,342.4,102.1,1121.0
1873227,stimulus_Ins_HumanRights_2_page_6,342.3,101.8,1120.0
1873228,stimulus_Ins_HumanRights_2_page_6,342.3,101.8,1119.0
1873229,stimulus_Ins_HumanRights_2_page_6,342.2,102.2,1119.0
1873230,stimulus_Ins_HumanRights_2_page_6,341.8,102.7,1119.0
1873231,stimulus_Ins_HumanRights_2_page_6,341.3,103.2,1119.0
1873232,stimulus_Ins_HumanRights_2_page_6,340.9,103.2,1119.0
1873233,stimulus_Ins_HumanRights_2_page_6,340.7,103.3,1119.0
1873234,stimulus_Ins_HumanRights_2_page_6,340.4,103.3,1118.0
1873235,stimulus_Ins_HumanRights_2_page_6,340.1,103.3,1117.0
1873236,stimulus_Ins_HumanRights_2_page_6,339.9,103.1,1117.0
1873237,stimulus_Ins_HumanRights_2_page_6,340.5,102.7,1117.0
1873238,stimulus_Ins_HumanRights_2_page_6,342.1,102.2,1116.0
1873239,stimulus_Ins_HumanRights_2_page_6,344.8,101.6,1116.0
1873240,stimulus_Ins_HumanRights_2_page_6,348.5,101.4,1116.0
1873241,stimulus_Ins_HumanRights_2_page_6,352.5,101.3,1117.0
1873242,stimulus_Ins_HumanRights_2_page_6,356.2,101.3,1118.0
1873243,stimulus_Ins_HumanRights_2_page_6,359.8,101.2,1119.0
1873244,stimulus_Ins_HumanRights_2_page_6,363.5,100.7,1119.0
1873245,stimulus_Ins_HumanRights_2_page_6,368.2,100.4,1119.0
1873246,stimulus_Ins_HumanRights_2_page_6,372.8,100.2,1119.0
1873247,stimulus_Ins_HumanRights_2_page_6,378.5,100.2,1119.0
1873248,stimulus_Ins_HumanRights_2_page_6,384.0,100.2,1121.0
1873249,stimulus_Ins_HumanRights_2_page_6,388.9,100.3,1123.0
1873250,stimulus_Ins_HumanRights_2_page_6,392.5,100.8,1124.0
1873251,stimulus_Ins_HumanRights_2_page_6,395.8,101.5,1123.0
1873252,stimulus_Ins_HumanRights_2_page_6,400.6,102.2,1122.0
1873253,stimulus_Ins_HumanRights_2_page_6,405.9,102.9,1123.0
1873254,stimulus_Ins_HumanRights_2_page_6,410.7,103.3,1124.0
1873255,stimulus_Ins_HumanRights_2_page_6,414.3,103.8,1123.0
1873256,stimulus_Ins_HumanRights_2_page_6,416.5,103.9,1121.0
1873257,stimulus_Ins_HumanRights_2_page_6,418.5,103.6,1121.0
1873258,stimulus_Ins_HumanRights_2_page_6,419.8,103.3,1122.0
1873259,stimulus_Ins_HumanRights_2_page_6,421.8,103.0,1124.0
1873260,stimulus_Ins_HumanRights_2_page_6,424.1,103.0,1125.0
1873261,stimulus_Ins_HumanRights_2_page_6,426.9,103.0,1123.0
1873262,stimulus_Ins_HumanRights_2_page_6,429.8,103.0,1121.0
1873263,stimulus_Ins_HumanRights_2_page_6,433.1,102.7,1120.0
1873264,stimulus_Ins_HumanRights_2_page_6,436.1,102.4,1122.0
1873265,stimulus_Ins_HumanRights_2_page_6,439.4,101.9,1123.0
1873266,stimulus_Ins_HumanRights_2_page_6,441.6,101.8,1123.0
1873267,stimulus_Ins_HumanRights_2_page_6,444.0,101.7,1123.0
1873268,stimulus_Ins_HumanRights_2_page_6,445.1,101.8,1122.0
1873269,stimulus_Ins_HumanRights_2_page_6,446.2,102.0,1121.0
1873270,stimulus_Ins_HumanRights_2_page_6,447.3,102.2,1121.0
1873271,stimulus_Ins_HumanRights_2_page_6,448.4,102.4,1119.0
1873272,stimulus_Ins_HumanRights_2_page_6,449.9,102.4,1117.0
1873273,stimulus_Ins_HumanRights_2_page_6,451.2,102.6,1115.0
1873274,stimulus_Ins_HumanRights_2_page_6,452.6,102.6,1115.0
1873275,stimulus_Ins_HumanRights_2_page_6,453.6,102.6,1115.0
1873276,stimulus_Ins_HumanRights_2_page_6,453.7,102.5,1115.0
1873277,stimulus_Ins_HumanRights_2_page_6,453.5,102.5,1114.0
1873278,stimulus_Ins_HumanRights_2_page_6,453.4,102.4,1114.0
1873279,stimulus_Ins_HumanRights_2_page_6,453.7,102.2,1114.0
1873280,stimulus_Ins_HumanRights_2_page_6,454.1,102.0,1114.0
1873281,stimulus_Ins_HumanRights_2_page_6,454.2,102.0,1114.0
1873282,stimulus_Ins_HumanRights_2_page_6,454.0,101.7,1114.0
1873283,stimulus_Ins_HumanRights_2_page_6,453.7,101.4,1115.0
1873284,stimulus_Ins_HumanRights_2_page_6,453.4,101.2,1116.0
1873285,stimulus_Ins_HumanRights_2_page_6,453.9,101.2,1116.0
1873286,stimulus_Ins_HumanRights_2_page_6,454.3,101.2,1115.0
1873287,stimulus_Ins_HumanRights_2_page_6,454.6,101.2,1115.0
1873288,stimulus_Ins_HumanRights_2_page_6,454.4,101.4,1115.0
1873289,stimulus_Ins_HumanRights_2_page_6,454.5,101.5,1115.0
1873290,stimulus_Ins_HumanRights_2_page_6,454.9,101.7,1116.0
1873291,stimulus_Ins_HumanRights_2_page_6,455.2,101.6,1117.0
1873292,stimulus_Ins_HumanRights_2_page_6,455.2,101.5,1118.0
1873293,stimulus_Ins_HumanRights_2_page_6,455.2,101.4,1118.0
1873294,stimulus_Ins_HumanRights_2_page_6,455.1,101.4,1118.0
1873295,stimulus_Ins_HumanRights_2_page_6,454.9,101.4,1117.0
1873296,stimulus_Ins_HumanRights_2_page_6,454.9,101.4,1116.0
1873297,stimulus_Ins_HumanRights_2_page_6,455.1,101.7,1115.0
1873298,stimulus_Ins_HumanRights_2_page_6,455.4,101.9,1114.0
1873299,stimulus_Ins_HumanRights_2_page_6,455.7,101.8,1114.0
1873300,stimulus_Ins_HumanRights_2_page_6,455.9,101.5,1113.0
1873301,stimulus_Ins_HumanRights_2_page_6,455.9,101.1,1114.0
1873302,stimulus_Ins_HumanRights_2_page_6,455.9,101.2,1115.0
1873303,stimulus_Ins_HumanRights_2_page_6,456.0,101.2,1116.0
1873304,stimulus_Ins_HumanRights_2_page_6,456.2,101.2,1116.0
1873305,stimulus_Ins_HumanRights_2_page_6,456.4,101.3,1116.0
1873306,stimulus_Ins_HumanRights_2_page_6,456.2,101.4,1116.0
1873307,stimulus_Ins_HumanRights_2_page_6,455.9,101.5,1116.0
1873308,stimulus_Ins_HumanRights_2_page_6,455.6,101.8,1116.0
1873309,stimulus_Ins_HumanRights_2_page_6,455.8,101.9,1115.0
1873310,stimulus_Ins_HumanRights_2_page_6,456.0,102.0,1115.0
1873311,stimulus_Ins_HumanRights_2_page_6,456.2,102.0,1114.0
1873312,stimulus_Ins_HumanRights_2_page_6,456.2,102.0,1115.0
1873313,stimulus_Ins_HumanRights_2_page_6,456.1,101.8,1115.0
1873314,stimulus_Ins_HumanRights_2_page_6,456.0,101.7,1115.0
1873315,stimulus_Ins_HumanRights_2_page_6,455.9,101.9,1114.0
1873316,stimulus_Ins_HumanRights_2_page_6,455.8,102.1,1114.0
1873317,stimulus_Ins_HumanRights_2_page_6,455.7,102.4,1112.0
1873318,stimulus_Ins_HumanRights_2_page_6,455.7,102.3,1111.0
1873319,stimulus_Ins_HumanRights_2_page_6,455.7,102.2,1110.0
1873320,stimulus_Ins_HumanRights_2_page_6,455.7,102.1,1111.0
1873321,stimulus_Ins_HumanRights_2_page_6,455.6,102.0,1113.0
1873322,stimulus_Ins_HumanRights_2_page_6,455.2,102.0,1115.0
1873323,stimulus_Ins_HumanRights_2_page_6,454.9,101.9,1115.0
1873324,stimulus_Ins_HumanRights_2_page_6,455.0,102.0,1116.0
1873325,stimulus_Ins_HumanRights_2_page_6,455.6,102.1,1116.0
1873326,stimulus_Ins_HumanRights_2_page_6,456.1,102.3,1115.0
1873327,stimulus_Ins_HumanRights_2_page_6,455.9,102.3,1114.0
1873328,stimulus_Ins_HumanRights_2_page_6,455.7,102.4,1114.0
1873329,stimulus_Ins_HumanRights_2_page_6,455.5,102.5,1114.0
1873330,stimulus_Ins_HumanRights_2_page_6,455.6,102.7,1114.0
1873331,stimulus_Ins_HumanRights_2_page_6,455.8,102.8,1113.0
1873332,stimulus_Ins_HumanRights_2_page_6,455.9,102.7,1112.0
1873333,stimulus_Ins_HumanRights_2_page_6,455.9,102.5,1112.0
1873334,stimulus_Ins_HumanRights_2_page_6,455.9,102.3,1112.0
1873335,stimulus_Ins_HumanRights_2_page_6,455.9,102.3,1113.0
1873336,stimulus_Ins_HumanRights_2_page_6,455.8,102.3,1113.0
1873337,stimulus_Ins_HumanRights_2_page_6,455.7,102.4,1112.0
1873338,stimulus_Ins_HumanRights_2_page_6,455.5,102.4,1113.0
1873339,stimulus_Ins_HumanRights_2_page_6,455.4,102.3,1113.0
1873340,stimulus_Ins_HumanRights_2_page_6,455.3,102.2,1114.0
1873341,stimulus_Ins_HumanRights_2_page_6,455.2,102.3,1115.0
1873342,stimulus_Ins_HumanRights_2_page_6,455.1,102.5,1115.0
1873343,stimulus_Ins_HumanRights_2_page_6,455.1,102.6,1116.0
1873344,stimulus_Ins_HumanRights_2_page_6,455.7,102.5,1116.0
1873345,stimulus_Ins_HumanRights_2_page_6,456.3,102.5,1116.0
1873346,stimulus_Ins_HumanRights_2_page_6,456.4,102.5,1116.0
1873347,stimulus_Ins_HumanRights_2_page_6,456.1,102.6,1116.0
1873348,stimulus_Ins_HumanRights_2_page_6,455.7,102.7,1115.0
1873349,stimulus_Ins_HumanRights_2_page_6,455.7,102.8,1114.0
1873350,stimulus_Ins_HumanRights_2_page_6,455.7,102.9,1113.0
1873351,stimulus_Ins_HumanRights_2_page_6,455.7,103.0,1114.0
1873352,stimulus_Ins_HumanRights_2_page_6,455.7,103.1,1114.0
1873353,stimulus_Ins_HumanRights_2_page_6,455.5,103.1,1114.0
1873354,stimulus_Ins_HumanRights_2_page_6,455.3,103.0,1114.0
1873355,stimulus_Ins_HumanRights_2_page_6,455.5,102.9,1114.0
1873356,stimulus_Ins_HumanRights_2_page_6,455.9,103.0,1115.0
1873357,stimulus_Ins_HumanRights_2_page_6,456.2,103.4,1115.0
1873358,stimulus_Ins_HumanRights_2_page_6,456.3,103.8,1115.0
1873359,stimulus_Ins_HumanRights_2_page_6,456.1,104.0,1114.0
1873360,stimulus_Ins_HumanRights_2_page_6,455.9,103.8,1114.0
1873361,stimulus_Ins_HumanRights_2_page_6,455.7,103.9,1113.0
1873362,stimulus_Ins_HumanRights_2_page_6,455.7,104.1,1114.0
1873363,stimulus_Ins_HumanRights_2_page_6,455.8,104.4,1115.0
1873364,stimulus_Ins_HumanRights_2_page_6,456.0,104.3,1115.0
1873365,stimulus_Ins_HumanRights_2_page_6,456.1,103.9,1116.0
1873366,stimulus_Ins_HumanRights_2_page_6,456.1,103.5,1115.0
1873367,stimulus_Ins_HumanRights_2_page_6,456.1,103.3,1115.0
1873368,stimulus_Ins_HumanRights_2_page_6,456.2,103.5,1115.0
1873369,stimulus_Ins_HumanRights_2_page_6,456.4,103.8,1115.0
1873370,stimulus_Ins_HumanRights_2_page_6,456.5,104.0,1116.0
1873371,stimulus_Ins_HumanRights_2_page_6,455.9,104.2,1116.0
1873372,stimulus_Ins_HumanRights_2_page_6,455.3,104.2,1116.0
1873373,stimulus_Ins_HumanRights_2_page_6,455.0,104.3,1115.0
1873374,stimulus_Ins_HumanRights_2_page_6,455.2,104.1,1115.0
1873375,stimulus_Ins_HumanRights_2_page_6,455.4,103.8,1114.0
1873376,stimulus_Ins_HumanRights_2_page_6,455.8,103.5,1113.0
1873377,stimulus_Ins_HumanRights_2_page_6,456.0,103.5,1112.0
1873378,stimulus_Ins_HumanRights_2_page_6,456.1,103.7,1113.0
1873379,stimulus_Ins_HumanRights_2_page_6,456.0,104.1,1114.0
1873380,stimulus_Ins_HumanRights_2_page_6,456.0,104.2,1114.0
1873381,stimulus_Ins_HumanRights_2_page_6,456.0,104.3,1113.0
1873382,stimulus_Ins_HumanRights_2_page_6,456.0,104.4,1114.0
1873383,stimulus_Ins_HumanRights_2_page_6,456.0,104.5,1114.0
1873384,stimulus_Ins_HumanRights_2_page_6,455.9,104.5,1115.0
1873385,stimulus_Ins_HumanRights_2_page_6,455.8,104.5,1115.0
1873386,stimulus_Ins_HumanRights_2_page_6,455.7,104.5,1114.0
1873387,stimulus_Ins_HumanRights_2_page_6,455.7,104.5,1113.0
1873388,stimulus_Ins_HumanRights_2_page_6,455.5,104.5,1112.0
1873389,stimulus_Ins_HumanRights_2_page_6,455.3,104.4,1111.0
1873390,stimulus_Ins_HumanRights_2_page_6,455.5,104.3,1111.0
1873391,stimulus_Ins_HumanRights_2_page_6,455.9,104.0,1111.0
1873392,stimulus_Ins_HumanRights_2_page_6,456.1,103.6,1113.0
1873393,stimulus_Ins_HumanRights_2_page_6,455.8,103.3,1114.0
1873394,stimulus_Ins_HumanRights_2_page_6,455.5,103.4,1115.0
1873395,stimulus_Ins_HumanRights_2_page_6,455.5,103.6,1114.0
1873396,stimulus_Ins_HumanRights_2_page_6,455.4,103.8,1114.0
1873397,stimulus_Ins_HumanRights_2_page_6,455.5,103.8,1114.0
1873398,stimulus_Ins_HumanRights_2_page_6,455.6,103.8,1114.0
1873399,stimulus_Ins_HumanRights_2_page_6,455.8,104.1,1114.0
1873400,stimulus_Ins_HumanRights_2_page_6,455.4,104.4,1114.0
1873401,stimulus_Ins_HumanRights_2_page_6,455.1,104.3,1114.0
1873402,stimulus_Ins_HumanRights_2_page_6,454.9,103.9,1114.0
1873403,stimulus_Ins_HumanRights_2_page_6,455.2,103.5,1114.0
1873404,stimulus_Ins_HumanRights_2_page_6,455.5,103.6,1114.0
1873405,stimulus_Ins_HumanRights_2_page_6,455.8,103.5,1114.0
1873406,stimulus_Ins_HumanRights_2_page_6,455.8,103.4,1115.0
1873407,stimulus_Ins_HumanRights_2_page_6,455.8,103.5,1114.0
1873408,stimulus_Ins_HumanRights_2_page_6,455.7,103.8,1114.0
1873409,stimulus_Ins_HumanRights_2_page_6,455.4,104.1,1115.0
1873410,stimulus_Ins_HumanRights_2_page_6,455.2,104.1,1115.0
1873411,stimulus_Ins_HumanRights_2_page_6,455.1,104.3,1115.0
1873412,stimulus_Ins_HumanRights_2_page_6,455.1,104.3,1115.0
1873413,stimulus_Ins_HumanRights_2_page_6,455.1,104.2,1115.0
1873414,stimulus_Ins_HumanRights_2_page_6,455.1,103.6,1115.0
1873415,stimulus_Ins_HumanRights_2_page_6,455.1,103.1,1114.0
1873416,stimulus_Ins_HumanRights_2_page_6,455.1,102.8,1114.0
1873417,stimulus_Ins_HumanRights_2_page_6,455.0,103.0,1114.0
1873418,stimulus_Ins_HumanRights_2_page_6,454.9,103.2,1114.0
1873419,stimulus_Ins_HumanRights_2_page_6,454.7,103.5,1115.0
1873420,stimulus_Ins_HumanRights_2_page_6,455.0,103.5,1115.0
1873421,stimulus_Ins_HumanRights_2_page_6,455.2,103.9,1114.0
1873422,stimulus_Ins_HumanRights_2_page_6,455.4,104.2,1113.0
1873423,stimulus_Ins_HumanRights_2_page_6,455.4,104.5,1112.0
1873424,stimulus_Ins_HumanRights_2_page_6,455.3,104.5,1113.0
1873425,stimulus_Ins_HumanRights_2_page_6,455.4,104.3,1113.0
1873426,stimulus_Ins_HumanRights_2_page_6,455.5,104.2,1114.0
1873427,stimulus_Ins_HumanRights_2_page_6,455.8,104.1,1114.0
1873428,stimulus_Ins_HumanRights_2_page_6,455.4,104.1,1114.0
1873429,stimulus_Ins_HumanRights_2_page_6,454.9,104.1,1113.0
1873430,stimulus_Ins_HumanRights_2_page_6,454.4,104.1,1112.0
1873431,stimulus_Ins_HumanRights_2_page_6,454.4,104.2,1112.0
1873432,stimulus_Ins_HumanRights_2_page_6,454.4,104.1,1112.0
1873433,stimulus_Ins_HumanRights_2_page_6,454.7,103.9,1113.0
1873434,stimulus_Ins_HumanRights_2_page_6,454.9,103.7,1114.0
1873435,stimulus_Ins_HumanRights_2_page_6,455.2,103.4,1114.0
1873436,stimulus_Ins_HumanRights_2_page_6,455.2,103.1,1113.0
1873437,stimulus_Ins_HumanRights_2_page_6,454.9,103.0,1112.0
1873438,stimulus_Ins_HumanRights_2_page_6,454.7,103.1,1112.0
1873439,stimulus_Ins_HumanRights_2_page_6,454.6,103.2,1112.0
1873440,stimulus_Ins_HumanRights_2_page_6,454.8,103.4,1112.0
1873441,stimulus_Ins_HumanRights_2_page_6,454.9,103.6,1112.0
1873442,stimulus_Ins_HumanRights_2_page_6,454.9,103.9,1113.0
1873443,stimulus_Ins_HumanRights_2_page_6,454.9,104.0,1113.0
1873444,stimulus_Ins_HumanRights_2_page_6,454.7,104.1,1114.0
1873445,stimulus_Ins_HumanRights_2_page_6,454.4,104.1,1114.0
1873446,stimulus_Ins_HumanRights_2_page_6,454.4,104.0,1115.0
1873447,stimulus_Ins_HumanRights_2_page_6,454.7,104.0,1115.0
1873448,stimulus_Ins_HumanRights_2_page_6,454.7,104.0,1115.0
1873449,stimulus_Ins_HumanRights_2_page_6,454.3,104.0,1114.0
1873450,stimulus_Ins_HumanRights_2_page_6,453.9,103.8,1114.0
1873451,stimulus_Ins_HumanRights_2_page_6,454.1,103.5,1114.0
1873452,stimulus_Ins_HumanRights_2_page_6,454.6,103.3,1116.0
1873453,stimulus_Ins_HumanRights_2_page_6,454.7,103.1,1116.0
1873454,stimulus_Ins_HumanRights_2_page_6,454.4,103.2,1116.0
1873455,stimulus_Ins_HumanRights_2_page_6,454.0,103.6,1115.0
1873456,stimulus_Ins_HumanRights_2_page_6,453.8,103.9,1114.0
1873457,stimulus_Ins_HumanRights_2_page_6,453.5,104.2,1114.0
1873458,stimulus_Ins_HumanRights_2_page_6,453.2,104.4,1114.0
1873459,stimulus_Ins_HumanRights_2_page_6,453.0,104.5,1113.0
1873460,stimulus_Ins_HumanRights_2_page_6,453.1,104.2,1113.0
1873461,stimulus_Ins_HumanRights_2_page_6,453.8,103.9,1114.0
1873462,stimulus_Ins_HumanRights_2_page_6,455.5,103.6,1116.0
1873463,stimulus_Ins_HumanRights_2_page_6,458.6,103.4,1117.0
1873464,stimulus_Ins_HumanRights_2_page_6,462.6,102.7,1117.0
1873465,stimulus_Ins_HumanRights_2_page_6,467.2,102.2,1117.0
1873466,stimulus_Ins_HumanRights_2_page_6,471.9,101.6,1117.0
1873467,stimulus_Ins_HumanRights_2_page_6,476.6,101.5,1117.0
1873468,stimulus_Ins_HumanRights_2_page_6,480.3,101.2,1117.0
1873469,stimulus_Ins_HumanRights_2_page_6,483.8,101.1,1117.0
1873470,stimulus_Ins_HumanRights_2_page_6,487.9,100.9,1117.0
1873471,stimulus_Ins_HumanRights_2_page_6,493.5,100.8,1118.0
1873472,stimulus_Ins_HumanRights_2_page_6,500.0,101.1,1118.0
1873473,stimulus_Ins_HumanRights_2_page_6,506.0,101.8,1118.0
1873474,stimulus_Ins_HumanRights_2_page_6,511.7,102.5,1118.0
1873475,stimulus_Ins_HumanRights_2_page_6,516.1,102.9,1118.0
1873476,stimulus_Ins_HumanRights_2_page_6,519.5,103.1,1117.0
1873477,stimulus_Ins_HumanRights_2_page_6,521.8,103.4,1117.0
1873478,stimulus_Ins_HumanRights_2_page_6,524.8,103.6,1116.0
1873479,stimulus_Ins_HumanRights_2_page_6,528.8,103.5,1116.0
1873480,stimulus_Ins_HumanRights_2_page_6,532.8,103.4,1117.0
1873481,stimulus_Ins_HumanRights_2_page_6,536.2,103.1,1117.0
1873482,stimulus_Ins_HumanRights_2_page_6,538.6,102.9,1117.0
1873483,stimulus_Ins_HumanRights_2_page_6,541.0,102.6,1116.0
1873484,stimulus_Ins_HumanRights_2_page_6,543.5,102.2,1116.0
1873485,stimulus_Ins_HumanRights_2_page_6,545.8,101.7,1116.0
1873486,stimulus_Ins_HumanRights_2_page_6,547.8,101.1,1115.0
1873487,stimulus_Ins_HumanRights_2_page_6,549.7,100.8,1114.0
1873488,stimulus_Ins_HumanRights_2_page_6,551.5,100.8,1114.0
1873489,stimulus_Ins_HumanRights_2_page_6,553.4,100.8,1114.0
1873490,stimulus_Ins_HumanRights_2_page_6,554.9,100.9,1115.0
1873491,stimulus_Ins_HumanRights_2_page_6,555.8,100.9,1115.0
1873492,stimulus_Ins_HumanRights_2_page_6,556.3,100.9,1115.0
1873493,stimulus_Ins_HumanRights_2_page_6,556.9,101.2,1115.0
1873494,stimulus_Ins_HumanRights_2_page_6,557.5,101.6,1114.0
1873495,stimulus_Ins_HumanRights_2_page_6,557.7,102.0,1114.0
1873496,stimulus_Ins_HumanRights_2_page_6,557.5,102.0,1113.0
1873497,stimulus_Ins_HumanRights_2_page_6,557.3,102.1,1112.0
1873498,stimulus_Ins_HumanRights_2_page_6,557.5,102.1,1112.0
1873499,stimulus_Ins_HumanRights_2_page_6,557.9,102.1,1112.0
1873500,stimulus_Ins_HumanRights_2_page_6,558.6,101.9,1113.0
1873501,stimulus_Ins_HumanRights_2_page_6,559.2,101.7,1113.0
1873502,stimulus_Ins_HumanRights_2_page_6,559.8,101.5,1112.0
1873503,stimulus_Ins_HumanRights_2_page_6,559.9,101.5,1112.0
1873504,stimulus_Ins_HumanRights_2_page_6,559.9,101.5,1112.0
1873505,stimulus_Ins_HumanRights_2_page_6,559.9,101.3,1112.0
1873506,stimulus_Ins_HumanRights_2_page_6,560.5,101.1,1111.0
1873507,stimulus_Ins_HumanRights_2_page_6,561.0,101.0,1110.0
1873508,stimulus_Ins_HumanRights_2_page_6,561.5,101.6,1109.0
1873509,stimulus_Ins_HumanRights_2_page_6,561.4,102.3,1108.0
1873510,stimulus_Ins_HumanRights_2_page_6,561.6,102.6,1109.0
1873511,stimulus_Ins_HumanRights_2_page_6,561.9,102.4,1111.0
1873512,stimulus_Ins_HumanRights_2_page_6,562.2,102.1,1112.0
1873513,stimulus_Ins_HumanRights_2_page_6,562.0,102.0,1111.0
1873514,stimulus_Ins_HumanRights_2_page_6,561.8,102.1,1111.0
1873515,stimulus_Ins_HumanRights_2_page_6,561.6,102.1,1111.0
1873516,stimulus_Ins_HumanRights_2_page_6,561.6,102.2,1110.0
1873517,stimulus_Ins_HumanRights_2_page_6,562.0,102.2,1110.0
1873518,stimulus_Ins_HumanRights_2_page_6,562.3,102.2,1109.0
1873519,stimulus_Ins_HumanRights_2_page_6,562.6,102.0,1109.0
1873520,stimulus_Ins_HumanRights_2_page_6,562.4,101.9,1110.0
1873521,stimulus_Ins_HumanRights_2_page_6,562.2,102.1,1111.0
1873522,stimulus_Ins_HumanRights_2_page_6,562.2,102.3,1111.0
1873523,stimulus_Ins_HumanRights_2_page_6,562.5,102.6,1112.0
1873524,stimulus_Ins_HumanRights_2_page_6,562.9,102.6,1112.0
1873525,stimulus_Ins_HumanRights_2_page_6,563.0,102.5,1111.0
1873526,stimulus_Ins_HumanRights_2_page_6,563.0,102.3,1110.0
1873527,stimulus_Ins_HumanRights_2_page_6,562.9,102.1,1108.0
1873528,stimulus_Ins_HumanRights_2_page_6,562.9,102.3,1106.0
1873529,stimulus_Ins_HumanRights_2_page_6,562.9,102.5,1107.0
1873530,stimulus_Ins_HumanRights_2_page_6,562.9,102.7,1108.0
1873531,stimulus_Ins_HumanRights_2_page_6,562.8,102.8,1109.0
1873532,stimulus_Ins_HumanRights_2_page_6,562.9,102.8,1109.0
1873533,stimulus_Ins_HumanRights_2_page_6,562.9,103.0,1109.0
1873534,stimulus_Ins_HumanRights_2_page_6,562.9,103.3,1108.0
1873535,stimulus_Ins_HumanRights_2_page_6,562.9,103.5,1107.0
1873536,stimulus_Ins_HumanRights_2_page_6,562.9,103.6,1106.0
1873537,stimulus_Ins_HumanRights_2_page_6,562.8,103.6,1108.0
1873538,stimulus_Ins_HumanRights_2_page_6,562.8,103.6,1109.0
1873539,stimulus_Ins_HumanRights_2_page_6,563.2,103.6,1111.0
1873540,stimulus_Ins_HumanRights_2_page_6,563.6,103.6,1111.0
1873541,stimulus_Ins_HumanRights_2_page_6,563.6,103.6,1111.0
1873542,stimulus_Ins_HumanRights_2_page_6,563.1,103.8,1111.0
1873543,stimulus_Ins_HumanRights_2_page_6,562.5,104.0,1110.0
1873544,stimulus_Ins_HumanRights_2_page_6,562.1,104.3,1110.0
1873545,stimulus_Ins_HumanRights_2_page_6,561.9,104.4,1110.0
1873546,stimulus_Ins_HumanRights_2_page_6,562.5,104.5,1109.0
1873547,stimulus_Ins_HumanRights_2_page_6,563.1,104.4,1109.0
1873548,stimulus_Ins_HumanRights_2_page_6,563.6,104.4,1109.0
1873549,stimulus_Ins_HumanRights_2_page_6,563.4,104.3,1110.0
1873550,stimulus_Ins_HumanRights_2_page_6,563.2,104.2,1110.0
1873551,stimulus_Ins_HumanRights_2_page_6,563.2,104.1,1110.0
1873552,stimulus_Ins_HumanRights_2_page_6,563.2,104.1,1110.0
1873553,stimulus_Ins_HumanRights_2_page_6,563.3,104.0,1110.0
1873554,stimulus_Ins_HumanRights_2_page_6,563.2,104.0,1111.0
1873555,stimulus_Ins_HumanRights_2_page_6,563.1,104.0,1111.0
1873556,stimulus_Ins_HumanRights_2_page_6,563.0,104.0,1110.0
1873557,stimulus_Ins_HumanRights_2_page_6,562.8,104.1,1110.0
1873558,stimulus_Ins_HumanRights_2_page_6,562.6,104.1,1109.0
1873559,stimulus_Ins_HumanRights_2_page_6,562.5,104.1,1108.0
1873560,stimulus_Ins_HumanRights_2_page_6,562.9,104.0,1108.0
1873561,stimulus_Ins_HumanRights_2_page_6,563.3,103.7,1110.0
1873562,stimulus_Ins_HumanRights_2_page_6,563.3,103.7,1112.0
1873563,stimulus_Ins_HumanRights_2_page_6,562.8,103.6,1112.0
1873564,stimulus_Ins_HumanRights_2_page_6,562.7,103.9,1112.0
1873565,stimulus_Ins_HumanRights_2_page_6,562.9,104.2,1112.0
1873566,stimulus_Ins_HumanRights_2_page_6,563.2,104.5,1110.0
1873567,stimulus_Ins_HumanRights_2_page_6,562.9,104.4,1108.0
1873568,stimulus_Ins_HumanRights_2_page_6,562.6,104.8,1107.0
1873569,stimulus_Ins_HumanRights_2_page_6,562.4,105.3,1107.0
1873570,stimulus_Ins_HumanRights_2_page_6,562.6,105.6,1108.0
1873571,stimulus_Ins_HumanRights_2_page_6,562.9,105.2,1110.0
1873572,stimulus_Ins_HumanRights_2_page_6,563.0,104.8,1111.0
1873573,stimulus_Ins_HumanRights_2_page_6,563.0,104.5,1111.0
1873574,stimulus_Ins_HumanRights_2_page_6,563.0,104.5,1111.0
1873575,stimulus_Ins_HumanRights_2_page_6,563.0,104.6,1110.0
1873576,stimulus_Ins_HumanRights_2_page_6,563.1,104.7,1110.0
1873577,stimulus_Ins_HumanRights_2_page_6,563.4,105.0,1109.0
1873578,stimulus_Ins_HumanRights_2_page_6,564.0,105.4,1109.0
1873579,stimulus_Ins_HumanRights_2_page_6,564.5,105.8,1108.0
1873580,stimulus_Ins_HumanRights_2_page_6,564.4,106.0,1108.0
1873581,stimulus_Ins_HumanRights_2_page_6,564.2,106.0,1107.0
1873582,stimulus_Ins_HumanRights_2_page_6,564.0,105.8,1108.0
1873583,stimulus_Ins_HumanRights_2_page_6,564.0,105.6,1110.0
1873584,stimulus_Ins_HumanRights_2_page_6,563.9,106.1,1111.0
1873585,stimulus_Ins_HumanRights_2_page_6,563.9,106.8,1110.0
1873586,stimulus_Ins_HumanRights_2_page_6,564.0,107.2,1109.0
1873587,stimulus_Ins_HumanRights_2_page_6,564.2,107.0,1108.0
1873588,stimulus_Ins_HumanRights_2_page_6,564.4,106.4,1109.0
1873589,stimulus_Ins_HumanRights_2_page_6,564.6,106.2,1109.0
1873590,stimulus_Ins_HumanRights_2_page_6,564.7,106.3,1110.0
1873591,stimulus_Ins_HumanRights_2_page_6,564.7,106.6,1110.0
1873592,stimulus_Ins_HumanRights_2_page_6,564.7,107.0,1110.0
1873593,stimulus_Ins_HumanRights_2_page_6,564.7,107.3,1109.0
1873594,stimulus_Ins_HumanRights_2_page_6,564.6,107.5,1109.0
1873595,stimulus_Ins_HumanRights_2_page_6,564.5,107.6,1109.0
1873596,stimulus_Ins_HumanRights_2_page_6,564.4,107.5,1108.0
1873597,stimulus_Ins_HumanRights_2_page_6,564.4,107.5,1109.0
1873598,stimulus_Ins_HumanRights_2_page_6,564.4,107.4,1108.0
1873599,stimulus_Ins_HumanRights_2_page_6,564.4,107.5,1108.0
1873600,stimulus_Ins_HumanRights_2_page_6,564.4,107.6,1108.0
1873601,stimulus_Ins_HumanRights_2_page_6,564.5,107.7,1108.0
1873602,stimulus_Ins_HumanRights_2_page_6,564.5,107.7,1109.0
1873603,stimulus_Ins_HumanRights_2_page_6,564.5,107.6,1109.0
1873604,stimulus_Ins_HumanRights_2_page_6,564.4,107.6,1109.0
1873605,stimulus_Ins_HumanRights_2_page_6,564.4,107.5,1109.0
1873606,stimulus_Ins_HumanRights_2_page_6,564.4,107.7,1108.0
1873607,stimulus_Ins_HumanRights_2_page_6,564.8,107.9,1107.0
1873608,stimulus_Ins_HumanRights_2_page_6,565.1,108.2,1106.0
1873609,stimulus_Ins_HumanRights_2_page_6,565.2,108.3,1106.0
1873610,stimulus_Ins_HumanRights_2_page_6,565.0,108.1,1107.0
1873611,stimulus_Ins_HumanRights_2_page_6,564.9,107.8,1108.0
1873612,stimulus_Ins_HumanRights_2_page_6,565.2,107.5,1110.0
1873613,stimulus_Ins_HumanRights_2_page_6,565.3,107.5,1110.0
1873614,stimulus_Ins_HumanRights_2_page_6,565.1,107.5,1110.0
1873615,stimulus_Ins_HumanRights_2_page_6,564.9,107.5,1111.0
1873616,stimulus_Ins_HumanRights_2_page_6,564.9,107.4,1112.0
1873617,stimulus_Ins_HumanRights_2_page_6,564.9,107.6,1111.0
1873618,stimulus_Ins_HumanRights_2_page_6,564.5,107.7,1110.0
1873619,stimulus_Ins_HumanRights_2_page_6,564.2,107.9,1108.0
1873620,stimulus_Ins_HumanRights_2_page_6,564.1,107.8,1108.0
1873621,stimulus_Ins_HumanRights_2_page_6,564.3,107.8,1108.0
1873622,stimulus_Ins_HumanRights_2_page_6,564.5,107.7,1108.0
1873623,stimulus_Ins_HumanRights_2_page_6,564.6,107.5,1109.0
1873624,stimulus_Ins_HumanRights_2_page_6,564.8,107.4,1110.0
1873625,stimulus_Ins_HumanRights_2_page_6,564.9,107.2,1110.0
1873626,stimulus_Ins_HumanRights_2_page_6,564.9,107.2,1110.0
1873627,stimulus_Ins_HumanRights_2_page_6,565.1,107.1,1109.0
1873628,stimulus_Ins_HumanRights_2_page_6,565.2,107.4,1107.0
1873629,stimulus_Ins_HumanRights_2_page_6,565.3,107.7,1106.0
1873630,stimulus_Ins_HumanRights_2_page_6,565.3,108.1,1107.0
1873631,stimulus_Ins_HumanRights_2_page_6,565.3,108.0,1108.0
1873632,stimulus_Ins_HumanRights_2_page_6,565.5,107.8,1110.0
1873633,stimulus_Ins_HumanRights_2_page_6,565.6,107.7,1111.0
1873634,stimulus_Ins_HumanRights_2_page_6,565.5,107.6,1112.0
1873635,stimulus_Ins_HumanRights_2_page_6,565.2,107.4,1112.0
1873636,stimulus_Ins_HumanRights_2_page_6,565.0,107.3,1112.0
1873637,stimulus_Ins_HumanRights_2_page_6,565.0,107.1,1111.0
1873638,stimulus_Ins_HumanRights_2_page_6,565.1,107.1,1111.0
1873639,stimulus_Ins_HumanRights_2_page_6,565.3,107.0,1111.0
1873640,stimulus_Ins_HumanRights_2_page_6,565.4,106.9,1110.0
1873641,stimulus_Ins_HumanRights_2_page_6,565.4,106.7,1110.0
1873642,stimulus_Ins_HumanRights_2_page_6,565.4,107.0,1111.0
1873643,stimulus_Ins_HumanRights_2_page_6,565.4,107.3,1112.0
1873644,stimulus_Ins_HumanRights_2_page_6,565.5,107.6,1111.0
1873645,stimulus_Ins_HumanRights_2_page_6,565.5,107.7,1111.0
1873646,stimulus_Ins_HumanRights_2_page_6,565.4,107.8,1110.0
1873647,stimulus_Ins_HumanRights_2_page_6,565.3,107.8,1111.0
1873648,stimulus_Ins_HumanRights_2_page_6,565.1,107.8,1111.0
1873649,stimulus_Ins_HumanRights_2_page_6,565.1,108.0,1110.0
1873650,stimulus_Ins_HumanRights_2_page_6,565.0,108.2,1110.0
1873651,stimulus_Ins_HumanRights_2_page_6,564.9,108.2,1110.0
1873652,stimulus_Ins_HumanRights_2_page_6,564.9,108.1,1110.0
1873653,stimulus_Ins_HumanRights_2_page_6,564.9,108.0,1110.0
1873654,stimulus_Ins_HumanRights_2_page_6,565.2,108.1,1110.0
1873655,stimulus_Ins_HumanRights_2_page_6,565.4,108.1,1109.0
1873656,stimulus_Ins_HumanRights_2_page_6,565.4,107.5,1109.0
1873657,stimulus_Ins_HumanRights_2_page_6,565.2,106.9,1109.0
1873658,stimulus_Ins_HumanRights_2_page_6,565.0,106.7,1110.0
1873659,stimulus_Ins_HumanRights_2_page_6,565.0,107.1,1111.0
1873660,stimulus_Ins_HumanRights_2_page_6,564.9,107.2,1112.0
1873661,stimulus_Ins_HumanRights_2_page_6,564.9,107.0,1112.0
1873662,stimulus_Ins_HumanRights_2_page_6,564.9,106.7,1111.0
1873663,stimulus_Ins_HumanRights_2_page_6,565.1,106.7,1111.0
1873664,stimulus_Ins_HumanRights_2_page_6,565.2,106.6,1111.0
1873665,stimulus_Ins_HumanRights_2_page_6,565.4,106.6,1111.0
1873666,stimulus_Ins_HumanRights_2_page_6,565.3,106.5,1111.0
1873667,stimulus_Ins_HumanRights_2_page_6,565.3,106.5,1112.0
1873668,stimulus_Ins_HumanRights_2_page_6,565.0,106.5,1112.0
1873669,stimulus_Ins_HumanRights_2_page_6,564.6,106.7,1113.0
1873670,stimulus_Ins_HumanRights_2_page_6,564.4,106.8,1113.0
1873671,stimulus_Ins_HumanRights_2_page_6,564.5,106.7,1114.0
1873672,stimulus_Ins_HumanRights_2_page_6,564.6,106.6,1114.0
1873673,stimulus_Ins_HumanRights_2_page_6,564.6,106.5,1113.0
1873674,stimulus_Ins_HumanRights_2_page_6,564.5,106.6,1113.0
1873675,stimulus_Ins_HumanRights_2_page_6,564.8,106.8,1113.0
1873676,stimulus_Ins_HumanRights_2_page_6,565.0,107.0,1113.0
1873677,stimulus_Ins_HumanRights_2_page_6,565.3,107.0,1113.0
1873678,stimulus_Ins_HumanRights_2_page_6,565.4,106.7,1112.0
1873679,stimulus_Ins_HumanRights_2_page_6,565.4,106.5,1112.0
1873680,stimulus_Ins_HumanRights_2_page_6,565.4,106.5,1112.0
1873681,stimulus_Ins_HumanRights_2_page_6,565.2,107.0,1112.0
1873682,stimulus_Ins_HumanRights_2_page_6,564.9,107.6,1113.0
1873683,stimulus_Ins_HumanRights_2_page_6,564.3,108.0,1114.0
1873684,stimulus_Ins_HumanRights_2_page_6,564.0,108.0,1115.0
1873685,stimulus_Ins_HumanRights_2_page_6,563.9,107.8,1115.0
1873686,stimulus_Ins_HumanRights_2_page_6,563.9,107.5,1115.0
1873687,stimulus_Ins_HumanRights_2_page_6,563.8,107.5,1114.0
1873688,stimulus_Ins_HumanRights_2_page_6,563.7,107.6,1113.0
1873689,stimulus_Ins_HumanRights_2_page_6,563.6,107.6,1112.0
1873690,stimulus_Ins_HumanRights_2_page_6,563.7,107.6,1113.0
1873691,stimulus_Ins_HumanRights_2_page_6,563.8,107.7,1113.0
1873692,stimulus_Ins_HumanRights_2_page_6,563.8,107.8,1113.0
1873693,stimulus_Ins_HumanRights_2_page_6,564.1,107.9,1113.0
1873694,stimulus_Ins_HumanRights_2_page_6,564.2,108.0,1114.0
1873695,stimulus_Ins_HumanRights_2_page_6,564.4,108.1,1114.0
1873696,stimulus_Ins_HumanRights_2_page_6,564.4,108.2,1113.0
1873697,stimulus_Ins_HumanRights_2_page_6,564.4,108.2,1112.0
1873698,stimulus_Ins_HumanRights_2_page_6,564.4,108.0,1111.0
1873699,stimulus_Ins_HumanRights_2_page_6,564.3,107.9,1112.0
1873700,stimulus_Ins_HumanRights_2_page_6,564.2,108.0,1113.0
1873701,stimulus_Ins_HumanRights_2_page_6,564.4,108.2,1114.0
1873702,stimulus_Ins_HumanRights_2_page_6,564.9,108.5,1115.0
1873703,stimulus_Ins_HumanRights_2_page_6,565.9,108.3,1115.0
1873704,stimulus_Ins_HumanRights_2_page_6,567.2,107.7,1115.0
1873705,stimulus_Ins_HumanRights_2_page_6,568.7,107.0,1115.0
1873706,stimulus_Ins_HumanRights_2_page_6,570.9,106.3,1115.0
1873707,stimulus_Ins_HumanRights_2_page_6,574.1,106.0,1114.0
1873708,stimulus_Ins_HumanRights_2_page_6,578.0,105.6,1114.0
1873709,stimulus_Ins_HumanRights_2_page_6,582.3,105.5,1114.0
1873710,stimulus_Ins_HumanRights_2_page_6,586.3,105.3,1113.0
1873711,stimulus_Ins_HumanRights_2_page_6,590.6,105.1,1111.0
1873712,stimulus_Ins_HumanRights_2_page_6,594.8,105.4,1112.0
1873713,stimulus_Ins_HumanRights_2_page_6,598.8,106.0,1113.0
1873714,stimulus_Ins_HumanRights_2_page_6,603.1,106.6,1114.0
1873715,stimulus_Ins_HumanRights_2_page_6,605.9,106.7,1113.0
1873716,stimulus_Ins_HumanRights_2_page_6,607.7,106.5,1112.0
1873717,stimulus_Ins_HumanRights_2_page_6,608.4,106.0,1111.0
1873718,stimulus_Ins_HumanRights_2_page_6,609.3,105.5,1112.0
1873719,stimulus_Ins_HumanRights_2_page_6,610.4,105.0,1113.0
1873720,stimulus_Ins_HumanRights_2_page_6,611.4,105.2,1112.0
1873721,stimulus_Ins_HumanRights_2_page_6,612.5,105.4,1111.0
1873722,stimulus_Ins_HumanRights_2_page_6,613.9,105.6,1108.0
1873723,stimulus_Ins_HumanRights_2_page_6,614.7,105.6,1107.0
1873724,stimulus_Ins_HumanRights_2_page_6,615.9,105.4,1106.0
1873725,stimulus_Ins_HumanRights_2_page_6,616.5,105.3,1107.0
1873726,stimulus_Ins_HumanRights_2_page_6,617.2,105.1,1109.0
1873727,stimulus_Ins_HumanRights_2_page_6,617.3,105.0,1111.0
1873728,stimulus_Ins_HumanRights_2_page_6,617.6,104.8,1111.0
1873729,stimulus_Ins_HumanRights_2_page_6,618.2,104.5,1112.0
1873730,stimulus_Ins_HumanRights_2_page_6,618.8,104.5,1112.0
1873731,stimulus_Ins_HumanRights_2_page_6,619.6,104.5,1112.0
1873732,stimulus_Ins_HumanRights_2_page_6,620.2,104.5,1112.0
1873733,stimulus_Ins_HumanRights_2_page_6,620.9,104.5,1112.0
1873734,stimulus_Ins_HumanRights_2_page_6,621.3,104.6,1111.0
1873735,stimulus_Ins_HumanRights_2_page_6,621.6,104.5,1111.0
1873736,stimulus_Ins_HumanRights_2_page_6,621.5,104.4,1110.0
1873737,stimulus_Ins_HumanRights_2_page_6,621.4,104.5,1109.0
1873738,stimulus_Ins_HumanRights_2_page_6,621.4,104.8,1109.0
1873739,stimulus_Ins_HumanRights_2_page_6,621.5,105.0,1109.0
1873740,stimulus_Ins_HumanRights_2_page_6,621.5,105.0,1109.0
1873741,stimulus_Ins_HumanRights_2_page_6,621.7,104.7,1110.0
1873742,stimulus_Ins_HumanRights_2_page_6,621.9,104.6,1111.0
1873743,stimulus_Ins_HumanRights_2_page_6,622.1,104.5,1112.0
1873744,stimulus_Ins_HumanRights_2_page_6,622.2,104.6,1112.0
1873745,stimulus_Ins_HumanRights_2_page_6,622.3,104.7,1112.0
1873746,stimulus_Ins_HumanRights_2_page_6,622.5,104.9,1111.0
1873747,stimulus_Ins_HumanRights_2_page_6,622.7,105.1,1110.0
1873748,stimulus_Ins_HumanRights_2_page_6,622.8,105.4,1109.0
1873749,stimulus_Ins_HumanRights_2_page_6,622.8,105.5,1108.0
1873750,stimulus_Ins_HumanRights_2_page_6,622.9,105.4,1108.0
1873751,stimulus_Ins_HumanRights_2_page_6,623.0,105.3,1108.0
1873752,stimulus_Ins_HumanRights_2_page_6,623.1,105.4,1107.0
1873753,stimulus_Ins_HumanRights_2_page_6,623.2,105.5,1108.0
1873754,stimulus_Ins_HumanRights_2_page_6,623.3,105.4,1108.0
1873755,stimulus_Ins_HumanRights_2_page_6,623.5,105.1,1109.0
1873756,stimulus_Ins_HumanRights_2_page_6,623.8,104.9,1109.0
1873757,stimulus_Ins_HumanRights_2_page_6,623.6,105.2,1108.0
1873758,stimulus_Ins_HumanRights_2_page_6,623.4,105.5,1108.0
1873759,stimulus_Ins_HumanRights_2_page_6,623.2,105.7,1108.0
1873760,stimulus_Ins_HumanRights_2_page_6,623.2,105.5,1108.0
1873761,stimulus_Ins_HumanRights_2_page_6,623.6,105.5,1108.0
1873762,stimulus_Ins_HumanRights_2_page_6,623.9,105.5,1108.0
1873763,stimulus_Ins_HumanRights_2_page_6,624.0,105.5,1108.0
1873764,stimulus_Ins_HumanRights_2_page_6,623.6,105.6,1109.0
1873765,stimulus_Ins_HumanRights_2_page_6,623.4,105.6,1109.0
1873766,stimulus_Ins_HumanRights_2_page_6,623.5,105.6,1110.0
1873767,stimulus_Ins_HumanRights_2_page_6,623.6,105.8,1109.0
1873768,stimulus_Ins_HumanRights_2_page_6,623.6,106.1,1109.0
1873769,stimulus_Ins_HumanRights_2_page_6,623.8,106.1,1109.0
1873770,stimulus_Ins_HumanRights_2_page_6,624.1,105.8,1109.0
1873771,stimulus_Ins_HumanRights_2_page_6,624.3,105.4,1110.0
1873772,stimulus_Ins_HumanRights_2_page_6,624.3,105.3,1110.0
1873773,stimulus_Ins_HumanRights_2_page_6,624.3,105.1,1110.0
1873774,stimulus_Ins_HumanRights_2_page_6,624.5,105.1,1110.0
1873775,stimulus_Ins_HumanRights_2_page_6,624.6,105.1,1109.0
1873776,stimulus_Ins_HumanRights_2_page_6,624.6,105.3,1108.0
1873777,stimulus_Ins_HumanRights_2_page_6,624.6,105.5,1106.0
1873778,stimulus_Ins_HumanRights_2_page_6,624.5,105.5,1106.0
1873779,stimulus_Ins_HumanRights_2_page_6,624.5,105.5,1106.0
1873780,stimulus_Ins_HumanRights_2_page_6,624.5,105.5,1107.0
1873781,stimulus_Ins_HumanRights_2_page_6,624.4,105.5,1109.0
1873782,stimulus_Ins_HumanRights_2_page_6,624.3,105.5,1110.0
1873783,stimulus_Ins_HumanRights_2_page_6,624.4,105.5,1110.0
1873784,stimulus_Ins_HumanRights_2_page_6,624.4,105.5,1111.0
1873785,stimulus_Ins_HumanRights_2_page_6,624.3,105.6,1111.0
1873786,stimulus_Ins_HumanRights_2_page_6,624.4,105.8,1110.0
1873787,stimulus_Ins_HumanRights_2_page_6,624.5,105.4,1109.0
1873788,stimulus_Ins_HumanRights_2_page_6,624.6,104.8,1109.0
1873789,stimulus_Ins_HumanRights_2_page_6,624.7,104.4,1110.0
1873790,stimulus_Ins_HumanRights_2_page_6,624.7,104.5,1110.0
1873791,stimulus_Ins_HumanRights_2_page_6,624.8,104.6,1111.0
1873792,stimulus_Ins_HumanRights_2_page_6,624.9,104.7,1111.0
1873793,stimulus_Ins_HumanRights_2_page_6,625.1,104.8,1111.0
1873794,stimulus_Ins_HumanRights_2_page_6,625.1,104.9,1110.0
1873795,stimulus_Ins_HumanRights_2_page_6,624.8,105.0,1109.0
1873796,stimulus_Ins_HumanRights_2_page_6,624.5,105.1,1108.0
1873797,stimulus_Ins_HumanRights_2_page_6,624.4,105.2,1107.0
1873798,stimulus_Ins_HumanRights_2_page_6,624.7,105.4,1107.0
1873799,stimulus_Ins_HumanRights_2_page_6,624.8,105.4,1107.0
1873800,stimulus_Ins_HumanRights_2_page_6,624.6,105.5,1108.0
1873801,stimulus_Ins_HumanRights_2_page_6,624.4,105.6,1108.0
1873802,stimulus_Ins_HumanRights_2_page_6,624.3,105.6,1108.0
1873803,stimulus_Ins_HumanRights_2_page_6,624.5,105.7,1109.0
1873804,stimulus_Ins_HumanRights_2_page_6,624.6,105.9,1109.0
1873805,stimulus_Ins_HumanRights_2_page_6,624.4,106.0,1109.0
1873806,stimulus_Ins_HumanRights_2_page_6,624.0,106.5,1109.0
1873807,stimulus_Ins_HumanRights_2_page_6,623.6,106.9,1109.0
1873808,stimulus_Ins_HumanRights_2_page_6,623.5,107.2,1109.0
1873809,stimulus_Ins_HumanRights_2_page_6,623.6,107.3,1109.0
1873810,stimulus_Ins_HumanRights_2_page_6,623.8,106.9,1110.0
1873811,stimulus_Ins_HumanRights_2_page_6,624.0,106.5,1109.0
1873812,stimulus_Ins_HumanRights_2_page_6,624.1,106.1,1108.0
1873813,stimulus_Ins_HumanRights_2_page_6,624.1,105.9,1107.0
1873814,stimulus_Ins_HumanRights_2_page_6,624.0,105.5,1107.0
1873815,stimulus_Ins_HumanRights_2_page_6,623.9,105.1,1107.0
1873816,stimulus_Ins_HumanRights_2_page_6,623.7,105.4,1107.0
1873817,stimulus_Ins_HumanRights_2_page_6,623.6,105.8,1107.0
1873818,stimulus_Ins_HumanRights_2_page_6,623.7,106.2,1107.0
1873819,stimulus_Ins_HumanRights_2_page_6,623.9,106.3,1107.0
1873820,stimulus_Ins_HumanRights_2_page_6,624.2,106.3,1107.0
1873821,stimulus_Ins_HumanRights_2_page_6,624.3,106.4,1106.0
1873822,stimulus_Ins_HumanRights_2_page_6,624.0,106.3,1105.0
1873823,stimulus_Ins_HumanRights_2_page_6,623.8,106.2,1104.0
1873824,stimulus_Ins_HumanRights_2_page_6,623.5,106.5,1104.0
1873825,stimulus_Ins_HumanRights_2_page_6,623.4,106.8,1104.0
1873826,stimulus_Ins_HumanRights_2_page_6,623.4,106.9,1105.0
1873827,stimulus_Ins_HumanRights_2_page_6,623.4,106.6,1106.0
1873828,stimulus_Ins_HumanRights_2_page_6,623.7,106.3,1107.0
1873829,stimulus_Ins_HumanRights_2_page_6,623.9,106.3,1107.0
1873830,stimulus_Ins_HumanRights_2_page_6,624.1,106.6,1107.0
1873831,stimulus_Ins_HumanRights_2_page_6,623.9,106.9,1107.0
1873832,stimulus_Ins_HumanRights_2_page_6,623.7,107.0,1108.0
1873833,stimulus_Ins_HumanRights_2_page_6,623.5,106.9,1109.0
1873834,stimulus_Ins_HumanRights_2_page_6,623.3,106.7,1109.0
1873835,stimulus_Ins_HumanRights_2_page_6,623.2,106.6,1109.0
1873836,stimulus_Ins_HumanRights_2_page_6,623.5,106.6,1109.0
1873837,stimulus_Ins_HumanRights_2_page_6,623.7,106.6,1108.0
1873838,stimulus_Ins_HumanRights_2_page_6,623.6,106.7,1106.0
1873839,stimulus_Ins_HumanRights_2_page_6,623.5,106.9,1105.0
1873840,stimulus_Ins_HumanRights_2_page_6,623.4,107.0,1106.0
1873841,stimulus_Ins_HumanRights_2_page_6,623.5,107.1,1107.0
1873842,stimulus_Ins_HumanRights_2_page_6,623.6,107.1,1107.0
1873843,stimulus_Ins_HumanRights_2_page_6,623.5,107.1,1107.0
1873844,stimulus_Ins_HumanRights_2_page_6,623.2,107.4,1106.0
1873845,stimulus_Ins_HumanRights_2_page_6,622.9,107.8,1106.0
1873846,stimulus_Ins_HumanRights_2_page_6,622.8,108.2,1105.0
1873847,stimulus_Ins_HumanRights_2_page_6,622.8,108.2,1105.0
1873848,stimulus_Ins_HumanRights_2_page_6,622.8,108.1,1105.0
1873849,stimulus_Ins_HumanRights_2_page_6,622.7,108.0,1104.0
1873850,stimulus_Ins_HumanRights_2_page_6,622.6,107.9,1103.0
1873851,stimulus_Ins_HumanRights_2_page_6,622.7,107.9,1103.0
1873852,stimulus_Ins_HumanRights_2_page_6,622.9,107.8,1105.0
1873853,stimulus_Ins_HumanRights_2_page_6,623.0,107.7,1106.0
1873854,stimulus_Ins_HumanRights_2_page_6,623.0,107.4,1108.0
1873855,stimulus_Ins_HumanRights_2_page_6,622.9,107.2,1107.0
1873856,stimulus_Ins_HumanRights_2_page_6,622.9,107.1,1107.0
1873857,stimulus_Ins_HumanRights_2_page_6,622.9,107.1,1107.0
1873858,stimulus_Ins_HumanRights_2_page_6,622.8,107.0,1107.0
1873859,stimulus_Ins_HumanRights_2_page_6,622.8,107.0,1107.0
1873860,stimulus_Ins_HumanRights_2_page_6,622.8,107.1,1107.0
1873861,stimulus_Ins_HumanRights_2_page_6,622.8,107.7,1106.0
1873862,stimulus_Ins_HumanRights_2_page_6,622.7,108.3,1105.0
1873863,stimulus_Ins_HumanRights_2_page_6,622.7,108.7,1105.0
1873864,stimulus_Ins_HumanRights_2_page_6,622.7,108.8,1105.0
1873865,stimulus_Ins_HumanRights_2_page_6,622.7,108.7,1106.0
1873866,stimulus_Ins_HumanRights_2_page_6,622.8,108.5,1106.0
1873867,stimulus_Ins_HumanRights_2_page_6,622.9,108.1,1105.0
1873868,stimulus_Ins_HumanRights_2_page_6,623.0,107.9,1105.0
1873869,stimulus_Ins_HumanRights_2_page_6,623.0,107.8,1104.0
1873870,stimulus_Ins_HumanRights_2_page_6,623.0,108.0,1105.0
1873871,stimulus_Ins_HumanRights_2_page_6,623.0,108.0,1105.0
1873872,stimulus_Ins_HumanRights_2_page_6,623.0,108.0,1106.0
1873873,stimulus_Ins_HumanRights_2_page_6,622.7,108.1,1107.0
1873874,stimulus_Ins_HumanRights_2_page_6,622.4,108.1,1108.0
1873875,stimulus_Ins_HumanRights_2_page_6,622.1,108.1,1108.0
1873876,stimulus_Ins_HumanRights_2_page_6,622.1,108.3,1107.0
1873877,stimulus_Ins_HumanRights_2_page_6,622.2,108.5,1106.0
1873878,stimulus_Ins_HumanRights_2_page_6,622.3,108.6,1105.0
1873879,stimulus_Ins_HumanRights_2_page_6,622.3,108.4,1104.0
1873880,stimulus_Ins_HumanRights_2_page_6,622.4,108.1,1104.0
1873881,stimulus_Ins_HumanRights_2_page_6,622.5,107.8,1106.0
1873882,stimulus_Ins_HumanRights_2_page_6,622.5,107.8,1108.0
1873883,stimulus_Ins_HumanRights_2_page_6,622.5,108.0,1110.0
1873884,stimulus_Ins_HumanRights_2_page_6,622.5,108.3,1110.0
1873885,stimulus_Ins_HumanRights_2_page_6,622.7,108.6,1109.0
1873886,stimulus_Ins_HumanRights_2_page_6,622.9,108.5,1107.0
1873887,stimulus_Ins_HumanRights_2_page_6,623.2,108.5,1106.0
1873888,stimulus_Ins_HumanRights_2_page_6,623.1,108.5,1106.0
1873889,stimulus_Ins_HumanRights_2_page_6,623.1,108.5,1106.0
1873890,stimulus_Ins_HumanRights_2_page_6,623.0,108.3,1106.0
1873891,stimulus_Ins_HumanRights_2_page_6,623.0,108.1,1106.0
1873892,stimulus_Ins_HumanRights_2_page_6,623.0,108.0,1106.0
1873893,stimulus_Ins_HumanRights_2_page_6,623.1,107.8,1106.0
1873894,stimulus_Ins_HumanRights_2_page_6,623.1,107.7,1105.0
1873895,stimulus_Ins_HumanRights_2_page_6,623.1,107.8,1104.0
1873896,stimulus_Ins_HumanRights_2_page_6,623.1,107.9,1103.0
1873897,stimulus_Ins_HumanRights_2_page_6,623.0,108.1,1103.0
1873898,stimulus_Ins_HumanRights_2_page_6,622.9,108.2,1103.0
1873899,stimulus_Ins_HumanRights_2_page_6,622.8,108.2,1103.0
1873900,stimulus_Ins_HumanRights_2_page_6,622.8,108.2,1103.0
1873901,stimulus_Ins_HumanRights_2_page_6,622.9,108.3,1103.0
1873902,stimulus_Ins_HumanRights_2_page_6,622.8,108.4,1104.0
1873903,stimulus_Ins_HumanRights_2_page_6,622.7,108.6,1104.0
1873904,stimulus_Ins_HumanRights_2_page_6,622.9,108.7,1105.0
1873905,stimulus_Ins_HumanRights_2_page_6,623.1,108.6,1105.0
1873906,stimulus_Ins_HumanRights_2_page_6,623.2,108.5,1105.0
1873907,stimulus_Ins_HumanRights_2_page_6,623.1,108.5,1105.0
1873908,stimulus_Ins_HumanRights_2_page_6,623.0,108.5,1105.0
1873909,stimulus_Ins_HumanRights_2_page_6,622.9,108.4,1105.0
1873910,stimulus_Ins_HumanRights_2_page_6,622.9,108.4,1105.0
1873911,stimulus_Ins_HumanRights_2_page_6,623.2,108.3,1105.0
1873912,stimulus_Ins_HumanRights_2_page_6,624.1,108.4,1104.0
1873913,stimulus_Ins_HumanRights_2_page_6,625.9,108.4,1104.0
1873914,stimulus_Ins_HumanRights_2_page_6,627.8,108.3,1104.0
1873915,stimulus_Ins_HumanRights_2_page_6,630.0,108.0,1105.0
1873916,stimulus_Ins_HumanRights_2_page_6,631.2,107.8,1105.0
1873917,stimulus_Ins_HumanRights_2_page_6,633.7,107.7,1105.0
1873918,stimulus_Ins_HumanRights_2_page_6,637.8,107.7,1105.0
1873919,stimulus_Ins_HumanRights_2_page_6,644.4,108.1,1104.0
1873920,stimulus_Ins_HumanRights_2_page_6,651.2,108.5,1103.0
1873921,stimulus_Ins_HumanRights_2_page_6,657.2,109.1,1103.0
1873922,stimulus_Ins_HumanRights_2_page_6,662.9,109.3,1102.0
1873923,stimulus_Ins_HumanRights_2_page_6,668.9,109.5,1102.0
1873924,stimulus_Ins_HumanRights_2_page_6,675.7,109.7,1102.0
1873925,stimulus_Ins_HumanRights_2_page_6,682.3,110.0,1102.0
1873926,stimulus_Ins_HumanRights_2_page_6,688.8,110.2,1102.0
1873927,stimulus_Ins_HumanRights_2_page_6,694.3,110.1,1102.0
1873928,stimulus_Ins_HumanRights_2_page_6,700.4,109.9,1101.0
1873929,stimulus_Ins_HumanRights_2_page_6,706.5,110.1,1101.0
1873930,stimulus_Ins_HumanRights_2_page_6,712.7,110.2,1101.0
1873931,stimulus_Ins_HumanRights_2_page_6,717.8,109.8,1101.0
1873932,stimulus_Ins_HumanRights_2_page_6,721.4,109.2,1101.0
1873933,stimulus_Ins_HumanRights_2_page_6,724.6,108.6,1099.0
1873934,stimulus_Ins_HumanRights_2_page_6,728.4,108.7,1098.0
1873935,stimulus_Ins_HumanRights_2_page_6,733.9,108.7,1097.0
1873936,stimulus_Ins_HumanRights_2_page_6,739.4,107.5,1097.0
1873937,stimulus_Ins_HumanRights_2_page_6,743.5,105.9,1096.0
1873938,stimulus_Ins_HumanRights_2_page_6,746.6,104.1,1095.0
1873939,stimulus_Ins_HumanRights_2_page_6,748.7,103.6,1094.0
1873940,stimulus_Ins_HumanRights_2_page_6,751.9,103.0,1094.0
1873941,stimulus_Ins_HumanRights_2_page_6,753.8,102.9,1094.0
1873942,stimulus_Ins_HumanRights_2_page_6,755.7,103.5,1096.0
1873943,stimulus_Ins_HumanRights_2_page_6,757.0,104.2,1098.0
1873944,stimulus_Ins_HumanRights_2_page_6,758.3,105.1,1098.0
1873945,stimulus_Ins_HumanRights_2_page_6,759.1,105.4,1097.0
1873946,stimulus_Ins_HumanRights_2_page_6,759.3,105.9,1095.0
1873947,stimulus_Ins_HumanRights_2_page_6,759.5,106.1,1094.0
1873948,stimulus_Ins_HumanRights_2_page_6,760.1,106.1,1094.0
1873949,stimulus_Ins_HumanRights_2_page_6,760.7,105.9,1095.0
1873950,stimulus_Ins_HumanRights_2_page_6,761.2,105.7,1096.0
1873951,stimulus_Ins_HumanRights_2_page_6,762.1,105.6,1096.0
1873952,stimulus_Ins_HumanRights_2_page_6,762.8,105.6,1096.0
1873953,stimulus_Ins_HumanRights_2_page_6,763.4,105.7,1095.0
1873954,stimulus_Ins_HumanRights_2_page_6,763.4,105.4,1094.0
1873955,stimulus_Ins_HumanRights_2_page_6,763.7,105.1,1093.0
1873956,stimulus_Ins_HumanRights_2_page_6,764.0,104.8,1092.0
1873957,stimulus_Ins_HumanRights_2_page_6,764.3,104.7,1091.0
1873958,stimulus_Ins_HumanRights_2_page_6,764.4,104.8,1091.0
1873959,stimulus_Ins_HumanRights_2_page_6,764.8,104.8,1091.0
1873960,stimulus_Ins_HumanRights_2_page_6,765.1,104.7,1091.0
1873961,stimulus_Ins_HumanRights_2_page_6,765.3,104.6,1090.0
1873962,stimulus_Ins_HumanRights_2_page_6,765.6,104.5,1090.0
1873963,stimulus_Ins_HumanRights_2_page_6,765.9,104.7,1090.0
1873964,stimulus_Ins_HumanRights_2_page_6,766.2,105.0,1089.0
1873965,stimulus_Ins_HumanRights_2_page_6,766.2,105.6,1089.0
1873966,stimulus_Ins_HumanRights_2_page_6,766.2,106.2,1089.0
1873967,stimulus_Ins_HumanRights_2_page_6,766.1,106.6,1088.0
1873968,stimulus_Ins_HumanRights_2_page_6,766.1,106.7,1087.0
1873969,stimulus_Ins_HumanRights_2_page_6,766.0,106.6,1087.0
1873970,stimulus_Ins_HumanRights_2_page_6,766.2,106.7,1087.0
1873971,stimulus_Ins_HumanRights_2_page_6,766.5,106.9,1087.0
1873972,stimulus_Ins_HumanRights_2_page_6,766.9,107.1,1087.0
1873973,stimulus_Ins_HumanRights_2_page_6,767.0,107.2,1088.0
1873974,stimulus_Ins_HumanRights_2_page_6,767.1,107.2,1088.0
1873975,stimulus_Ins_HumanRights_2_page_6,767.2,107.2,1088.0
1873976,stimulus_Ins_HumanRights_2_page_6,767.2,107.3,1088.0
1873977,stimulus_Ins_HumanRights_2_page_6,767.3,107.0,1087.0
1873978,stimulus_Ins_HumanRights_2_page_6,767.3,106.8,1087.0
1873979,stimulus_Ins_HumanRights_2_page_6,767.3,106.8,1086.0
1873980,stimulus_Ins_HumanRights_2_page_6,767.3,107.3,1087.0
1873981,stimulus_Ins_HumanRights_2_page_6,767.3,107.8,1087.0
1873982,stimulus_Ins_HumanRights_2_page_6,767.1,108.1,1088.0
1873983,stimulus_Ins_HumanRights_2_page_6,766.9,108.2,1088.0
1873984,stimulus_Ins_HumanRights_2_page_6,766.8,108.1,1088.0
1873985,stimulus_Ins_HumanRights_2_page_6,767.0,107.9,1088.0
1873986,stimulus_Ins_HumanRights_2_page_6,767.3,107.9,1088.0
1873987,stimulus_Ins_HumanRights_2_page_6,767.5,108.0,1087.0
1873988,stimulus_Ins_HumanRights_2_page_6,767.3,108.0,1086.0
1873989,stimulus_Ins_HumanRights_2_page_6,767.2,107.7,1085.0
1873990,stimulus_Ins_HumanRights_2_page_6,767.1,107.4,1085.0
1873991,stimulus_Ins_HumanRights_2_page_6,767.1,107.5,1085.0
1873992,stimulus_Ins_HumanRights_2_page_6,767.2,107.5,1085.0
1873993,stimulus_Ins_HumanRights_2_page_6,767.2,107.6,1086.0
1873994,stimulus_Ins_HumanRights_2_page_6,767.2,107.5,1088.0
1873995,stimulus_Ins_HumanRights_2_page_6,767.2,107.5,1088.0
1873996,stimulus_Ins_HumanRights_2_page_6,767.1,107.5,1088.0
1873997,stimulus_Ins_HumanRights_2_page_6,767.0,107.8,1087.0
1873998,stimulus_Ins_HumanRights_2_page_6,767.1,108.0,1086.0
1873999,stimulus_Ins_HumanRights_2_page_6,767.3,107.9,1085.0
1874000,stimulus_Ins_HumanRights_2_page_6,767.4,107.7,1083.0
1874001,stimulus_Ins_HumanRights_2_page_6,767.3,107.4,1084.0
1874002,stimulus_Ins_HumanRights_2_page_6,767.2,107.5,1085.0
1874003,stimulus_Ins_HumanRights_2_page_6,767.2,107.5,1087.0
1874004,stimulus_Ins_HumanRights_2_page_6,767.3,107.4,1088.0
1874005,stimulus_Ins_HumanRights_2_page_6,767.3,107.1,1088.0
1874006,stimulus_Ins_HumanRights_2_page_6,767.4,106.5,1087.0
1874007,stimulus_Ins_HumanRights_2_page_6,767.5,106.0,1087.0
1874008,stimulus_Ins_HumanRights_2_page_6,767.4,105.6,1087.0
1874009,stimulus_Ins_HumanRights_2_page_6,767.2,105.5,1087.0
1874010,stimulus_Ins_HumanRights_2_page_6,767.0,105.2,1088.0
1874011,stimulus_Ins_HumanRights_2_page_6,767.0,105.0,1088.0
1874012,stimulus_Ins_HumanRights_2_page_6,767.1,104.7,1088.0
1874013,stimulus_Ins_HumanRights_2_page_6,767.1,105.4,1088.0
1874014,stimulus_Ins_HumanRights_2_page_6,767.1,106.1,1087.0
1874015,stimulus_Ins_HumanRights_2_page_6,767.2,106.5,1086.0
1874016,stimulus_Ins_HumanRights_2_page_6,767.3,106.2,1084.0
1874017,stimulus_Ins_HumanRights_2_page_6,767.3,105.7,1084.0
1874018,stimulus_Ins_HumanRights_2_page_6,767.2,105.6,1084.0
1874019,stimulus_Ins_HumanRights_2_page_6,767.1,105.9,1084.0
1874020,stimulus_Ins_HumanRights_2_page_6,767.3,106.6,1085.0
1874021,stimulus_Ins_HumanRights_2_page_6,767.4,107.3,1085.0
1874022,stimulus_Ins_HumanRights_2_page_6,767.1,107.0,1086.0
1874023,stimulus_Ins_HumanRights_2_page_6,766.7,106.3,1085.0
1874024,stimulus_Ins_HumanRights_2_page_6,766.3,105.5,1084.0
1874025,stimulus_Ins_HumanRights_2_page_6,766.0,105.7,1082.0
1874026,stimulus_Ins_HumanRights_2_page_6,765.7,105.9,1082.0
1874027,stimulus_Ins_HumanRights_2_page_6,765.8,106.1,1082.0
1874028,stimulus_Ins_HumanRights_2_page_6,766.1,106.0,1082.0
1874029,stimulus_Ins_HumanRights_2_page_6,766.4,105.9,1082.0
1874030,stimulus_Ins_HumanRights_2_page_6,766.4,105.7,1082.0
1874031,stimulus_Ins_HumanRights_2_page_6,766.4,105.3,1083.0
1874032,stimulus_Ins_HumanRights_2_page_6,766.3,104.9,1085.0
1874033,stimulus_Ins_HumanRights_2_page_6,766.3,104.7,1085.0
1874034,stimulus_Ins_HumanRights_2_page_6,766.5,104.7,1085.0
1874035,stimulus_Ins_HumanRights_2_page_6,766.8,104.7,1084.0
1874036,stimulus_Ins_HumanRights_2_page_6,767.0,105.4,1084.0
1874037,stimulus_Ins_HumanRights_2_page_6,766.8,106.1,1083.0
1874038,stimulus_Ins_HumanRights_2_page_6,766.5,106.7,1082.0
1874039,stimulus_Ins_HumanRights_2_page_6,766.5,106.7,1082.0
1874040,stimulus_Ins_HumanRights_2_page_6,766.5,106.8,1082.0
1874041,stimulus_Ins_HumanRights_2_page_6,766.6,106.9,1082.0
1874042,stimulus_Ins_HumanRights_2_page_6,766.7,106.7,1083.0
1874043,stimulus_Ins_HumanRights_2_page_6,766.8,106.6,1083.0
1874044,stimulus_Ins_HumanRights_2_page_6,767.2,106.8,1083.0
1874045,stimulus_Ins_HumanRights_2_page_6,767.6,107.2,1083.0
1874046,stimulus_Ins_HumanRights_2_page_6,767.6,107.7,1083.0
1874047,stimulus_Ins_HumanRights_2_page_6,767.0,107.7,1083.0
1874048,stimulus_Ins_HumanRights_2_page_6,766.3,107.7,1082.0
1874049,stimulus_Ins_HumanRights_2_page_6,766.3,107.6,1082.0
1874050,stimulus_Ins_HumanRights_2_page_6,766.6,107.5,1081.0
1874051,stimulus_Ins_HumanRights_2_page_6,766.9,107.4,1082.0
1874052,stimulus_Ins_HumanRights_2_page_6,766.7,107.1,1082.0
1874053,stimulus_Ins_HumanRights_2_page_6,766.3,106.9,1084.0
1874054,stimulus_Ins_HumanRights_2_page_6,766.1,106.8,1086.0
1874055,stimulus_Ins_HumanRights_2_page_6,766.4,106.8,1086.0
1874056,stimulus_Ins_HumanRights_2_page_6,766.6,107.4,1085.0
1874057,stimulus_Ins_HumanRights_2_page_6,766.6,108.3,1084.0
1874058,stimulus_Ins_HumanRights_2_page_6,766.6,109.2,1084.0
1874059,stimulus_Ins_HumanRights_2_page_6,766.6,109.4,1084.0
1874060,stimulus_Ins_HumanRights_2_page_6,766.6,109.1,1085.0
1874061,stimulus_Ins_HumanRights_2_page_6,766.5,108.7,1085.0
1874062,stimulus_Ins_HumanRights_2_page_6,766.3,108.4,1086.0
1874063,stimulus_Ins_HumanRights_2_page_6,766.4,108.3,1086.0
1874064,stimulus_Ins_HumanRights_2_page_6,766.6,108.5,1086.0
1874065,stimulus_Ins_HumanRights_2_page_6,766.7,108.5,1085.0
1874066,stimulus_Ins_HumanRights_2_page_6,766.5,108.2,1084.0
1874067,stimulus_Ins_HumanRights_2_page_6,766.3,107.9,1083.0
1874068,stimulus_Ins_HumanRights_2_page_6,766.4,108.0,1083.0
1874069,stimulus_Ins_HumanRights_2_page_6,766.6,108.3,1083.0
1874070,stimulus_Ins_HumanRights_2_page_6,766.7,108.4,1084.0
1874071,stimulus_Ins_HumanRights_2_page_6,766.6,108.1,1084.0
1874072,stimulus_Ins_HumanRights_2_page_6,766.5,107.7,1085.0
1874073,stimulus_Ins_HumanRights_2_page_6,766.7,108.4,1085.0
1874074,stimulus_Ins_HumanRights_2_page_6,766.9,109.0,1085.0
1874075,stimulus_Ins_HumanRights_2_page_6,767.2,109.7,1084.0
1874076,stimulus_Ins_HumanRights_2_page_6,767.3,109.7,1083.0
1874077,stimulus_Ins_HumanRights_2_page_6,767.3,109.1,1082.0
1874078,stimulus_Ins_HumanRights_2_page_6,766.9,108.6,1082.0
1874079,stimulus_Ins_HumanRights_2_page_6,766.5,108.1,1082.0
1874080,stimulus_Ins_HumanRights_2_page_6,766.2,107.6,1082.0
1874081,stimulus_Ins_HumanRights_2_page_6,766.1,107.0,1083.0
1874082,stimulus_Ins_HumanRights_2_page_6,765.9,106.5,1083.0
1874083,stimulus_Ins_HumanRights_2_page_6,765.7,106.6,1080.0
1874084,stimulus_Ins_HumanRights_2_page_6,765.8,106.6,1078.0
1874085,stimulus_Ins_HumanRights_2_page_6,766.1,106.4,1076.0
1874086,stimulus_Ins_HumanRights_2_page_6,766.3,106.3,1076.0
1874087,stimulus_Ins_HumanRights_2_page_6,766.5,106.2,1076.0
1874088,stimulus_Ins_HumanRights_2_page_6,766.6,106.2,1078.0
1874089,stimulus_Ins_HumanRights_2_page_6,766.7,106.2,1079.0
1874090,stimulus_Ins_HumanRights_2_page_6,766.7,106.2,1080.0
1874091,stimulus_Ins_HumanRights_2_page_6,766.9,106.4,1080.0
1874092,stimulus_Ins_HumanRights_2_page_6,767.0,106.6,1080.0
1874093,stimulus_Ins_HumanRights_2_page_6,767.2,106.9,1080.0
1874094,stimulus_Ins_HumanRights_2_page_6,767.1,107.1,1080.0
1874095,stimulus_Ins_HumanRights_2_page_6,767.0,107.2,1081.0
1874096,stimulus_Ins_HumanRights_2_page_6,766.9,107.3,1081.0
1874097,stimulus_Ins_HumanRights_2_page_6,766.8,106.9,1082.0
1874098,stimulus_Ins_HumanRights_2_page_6,766.7,106.5,1083.0
1874099,stimulus_Ins_HumanRights_2_page_6,766.7,106.1,1084.0
1874100,stimulus_Ins_HumanRights_2_page_6,766.8,106.0,1085.0
1874101,stimulus_Ins_HumanRights_2_page_6,766.9,106.0,1084.0
1874102,stimulus_Ins_HumanRights_2_page_6,767.1,105.6,1083.0
1874103,stimulus_Ins_HumanRights_2_page_6,767.1,105.3,1083.0
1874104,stimulus_Ins_HumanRights_2_page_6,767.5,104.9,1082.0
1874105,stimulus_Ins_HumanRights_2_page_6,767.9,104.9,1082.0
1874106,stimulus_Ins_HumanRights_2_page_6,768.3,104.8,1081.0
1874107,stimulus_Ins_HumanRights_2_page_6,768.2,104.8,1082.0
1874108,stimulus_Ins_HumanRights_2_page_6,768.2,104.7,1083.0
1874109,stimulus_Ins_HumanRights_2_page_6,768.5,104.5,1085.0
1874110,stimulus_Ins_HumanRights_2_page_6,768.7,104.3,1085.0
1874111,stimulus_Ins_HumanRights_2_page_6,768.9,104.2,1085.0
1874112,stimulus_Ins_HumanRights_2_page_6,769.3,104.2,1085.0
1874113,stimulus_Ins_HumanRights_2_page_6,769.5,104.2,1086.0
1874114,stimulus_Ins_HumanRights_2_page_6,769.8,104.1,1086.0
1874115,stimulus_Ins_HumanRights_2_page_6,769.8,104.0,1084.0
1874116,stimulus_Ins_HumanRights_2_page_6,770.1,104.0,1082.0
1874117,stimulus_Ins_HumanRights_2_page_6,770.3,104.0,1082.0
1874118,stimulus_Ins_HumanRights_2_page_6,770.3,104.3,1083.0
1874119,stimulus_Ins_HumanRights_2_page_6,770.5,104.8,1085.0
1874120,stimulus_Ins_HumanRights_2_page_6,770.7,105.1,1086.0
1874121,stimulus_Ins_HumanRights_2_page_6,770.9,105.0,1084.0
1874122,stimulus_Ins_HumanRights_2_page_6,770.9,104.8,1082.0
1874123,stimulus_Ins_HumanRights_2_page_6,770.8,104.6,1081.0
1874124,stimulus_Ins_HumanRights_2_page_6,770.8,104.3,1083.0
1874125,stimulus_Ins_HumanRights_2_page_6,770.7,104.2,1085.0
1874126,stimulus_Ins_HumanRights_2_page_6,770.7,104.1,1085.0
1874127,stimulus_Ins_HumanRights_2_page_6,771.0,103.7,1085.0
1874128,stimulus_Ins_HumanRights_2_page_6,771.4,103.4,1085.0
1874129,stimulus_Ins_HumanRights_2_page_6,771.5,103.1,1084.0
1874130,stimulus_Ins_HumanRights_2_page_6,771.4,103.2,1083.0
1874131,stimulus_Ins_HumanRights_2_page_6,771.2,103.4,1083.0
1874132,stimulus_Ins_HumanRights_2_page_6,771.2,103.5,1083.0
1874133,stimulus_Ins_HumanRights_2_page_6,771.1,103.8,1083.0
1874134,stimulus_Ins_HumanRights_2_page_6,771.0,104.1,1082.0
1874135,stimulus_Ins_HumanRights_2_page_6,770.9,103.8,1081.0
1874136,stimulus_Ins_HumanRights_2_page_6,770.9,103.3,1079.0
1874137,stimulus_Ins_HumanRights_2_page_6,771.0,102.7,1079.0
1874138,stimulus_Ins_HumanRights_2_page_6,771.1,102.9,1079.0
1874139,stimulus_Ins_HumanRights_2_page_6,771.2,103.0,1080.0
1874140,stimulus_Ins_HumanRights_2_page_6,771.3,103.2,1080.0
1874141,stimulus_Ins_HumanRights_2_page_6,771.5,103.2,1081.0
1874142,stimulus_Ins_HumanRights_2_page_6,771.7,103.3,1081.0
1874143,stimulus_Ins_HumanRights_2_page_6,772.0,103.5,1081.0
1874144,stimulus_Ins_HumanRights_2_page_6,772.0,103.7,1081.0
1874145,stimulus_Ins_HumanRights_2_page_6,772.0,103.7,1081.0
1874146,stimulus_Ins_HumanRights_2_page_6,771.6,103.5,1081.0
1874147,stimulus_Ins_HumanRights_2_page_6,771.1,103.2,1080.0
1874148,stimulus_Ins_HumanRights_2_page_6,770.6,103.1,1079.0
1874149,stimulus_Ins_HumanRights_2_page_6,770.4,103.3,1079.0
1874150,stimulus_Ins_HumanRights_2_page_6,770.4,103.6,1081.0
1874151,stimulus_Ins_HumanRights_2_page_6,770.4,103.8,1081.0
1874152,stimulus_Ins_HumanRights_2_page_6,770.5,103.5,1080.0
1874153,stimulus_Ins_HumanRights_2_page_6,770.7,103.4,1079.0
1874154,stimulus_Ins_HumanRights_2_page_6,770.9,103.6,1079.0
1874155,stimulus_Ins_HumanRights_2_page_6,771.4,103.9,1081.0
1874156,stimulus_Ins_HumanRights_2_page_6,771.6,104.0,1082.0
1874157,stimulus_Ins_HumanRights_2_page_6,771.8,104.1,1082.0
1874158,stimulus_Ins_HumanRights_2_page_6,771.7,104.3,1081.0
1874159,stimulus_Ins_HumanRights_2_page_6,771.5,104.7,1079.0
1874160,stimulus_Ins_HumanRights_2_page_6,771.2,104.9,1080.0
1874161,stimulus_Ins_HumanRights_2_page_6,771.0,105.0,1080.0
1874162,stimulus_Ins_HumanRights_2_page_6,770.8,105.0,1081.0
1874163,stimulus_Ins_HumanRights_2_page_6,770.8,104.9,1082.0
1874164,stimulus_Ins_HumanRights_2_page_6,770.8,104.8,1083.0
1874165,stimulus_Ins_HumanRights_2_page_6,770.9,104.5,1083.0
1874166,stimulus_Ins_HumanRights_2_page_6,770.8,104.3,1081.0
1874167,stimulus_Ins_HumanRights_2_page_6,770.7,104.1,1080.0
1874168,stimulus_Ins_HumanRights_2_page_6,770.5,105.0,1081.0
1874169,stimulus_Ins_HumanRights_2_page_6,770.5,106.0,1083.0
1874170,stimulus_Ins_HumanRights_2_page_6,770.4,107.1,1083.0
1874171,stimulus_Ins_HumanRights_2_page_6,770.3,107.2,1082.0
1874172,stimulus_Ins_HumanRights_2_page_6,770.2,107.2,1080.0
1874173,stimulus_Ins_HumanRights_2_page_6,770.1,107.0,1080.0
1874174,stimulus_Ins_HumanRights_2_page_6,769.9,106.6,1080.0
1874175,stimulus_Ins_HumanRights_2_page_6,769.7,106.3,1080.0
1874176,stimulus_Ins_HumanRights_2_page_6,769.6,106.3,1081.0
1874177,stimulus_Ins_HumanRights_2_page_6,769.8,106.2,1081.0
1874178,stimulus_Ins_HumanRights_2_page_6,770.1,106.1,1082.0
1874179,stimulus_Ins_HumanRights_2_page_6,770.4,105.9,1082.0
1874180,stimulus_Ins_HumanRights_2_page_6,770.6,105.6,1082.0
1874181,stimulus_Ins_HumanRights_2_page_6,770.8,105.4,1083.0
1874182,stimulus_Ins_HumanRights_2_page_6,770.4,105.2,1083.0
1874183,stimulus_Ins_HumanRights_2_page_6,769.9,105.0,1083.0
1874184,stimulus_Ins_HumanRights_2_page_6,769.3,104.9,1082.0
1874185,stimulus_Ins_HumanRights_2_page_6,769.3,104.8,1081.0
1874186,stimulus_Ins_HumanRights_2_page_6,769.3,104.7,1081.0
1874187,stimulus_Ins_HumanRights_2_page_6,769.3,104.7,1081.0
1874188,stimulus_Ins_HumanRights_2_page_6,769.3,105.1,1081.0
1874189,stimulus_Ins_HumanRights_2_page_6,769.2,105.6,1081.0
1874190,stimulus_Ins_HumanRights_2_page_6,769.1,106.0,1082.0
1874191,stimulus_Ins_HumanRights_2_page_6,769.1,105.9,1082.0
1874192,stimulus_Ins_HumanRights_2_page_6,769.1,105.9,1083.0
1874193,stimulus_Ins_HumanRights_2_page_6,769.1,106.0,1083.0
1874194,stimulus_Ins_HumanRights_2_page_6,768.5,106.3,1081.0
1874195,stimulus_Ins_HumanRights_2_page_6,767.8,106.2,1079.0
1874196,stimulus_Ins_HumanRights_2_page_6,767.3,105.7,1077.0
1874197,stimulus_Ins_HumanRights_2_page_6,767.3,105.2,1077.0
1874198,stimulus_Ins_HumanRights_2_page_6,767.7,104.9,1078.0
1874199,stimulus_Ins_HumanRights_2_page_6,768.0,104.8,1079.0
1874200,stimulus_Ins_HumanRights_2_page_6,768.3,104.7,1081.0
1874201,stimulus_Ins_HumanRights_2_page_6,768.2,104.5,1083.0
1874202,stimulus_Ins_HumanRights_2_page_6,768.2,104.4,1082.0
1874203,stimulus_Ins_HumanRights_2_page_6,768.1,104.5,1081.0
1874204,stimulus_Ins_HumanRights_2_page_6,767.7,104.8,1080.0
1874205,stimulus_Ins_HumanRights_2_page_6,767.4,105.3,1080.0
1874206,stimulus_Ins_HumanRights_2_page_6,767.1,105.5,1080.0
1874207,stimulus_Ins_HumanRights_2_page_6,767.2,105.3,1080.0
1874208,stimulus_Ins_HumanRights_2_page_6,767.2,104.9,1080.0
1874209,stimulus_Ins_HumanRights_2_page_6,767.1,104.5,1079.0
1874210,stimulus_Ins_HumanRights_2_page_6,766.8,104.4,1079.0
1874211,stimulus_Ins_HumanRights_2_page_6,766.7,104.3,1079.0
1874212,stimulus_Ins_HumanRights_2_page_6,766.5,104.3,1078.0
1874213,stimulus_Ins_HumanRights_2_page_6,766.5,104.2,1077.0
1874214,stimulus_Ins_HumanRights_2_page_6,766.5,104.2,1076.0
1874215,stimulus_Ins_HumanRights_2_page_6,766.6,104.2,1075.0
1874216,stimulus_Ins_HumanRights_2_page_6,766.6,104.1,1075.0
1874217,stimulus_Ins_HumanRights_2_page_6,766.7,104.0,1075.0
1874218,stimulus_Ins_HumanRights_2_page_6,766.6,103.9,1075.0
1874219,stimulus_Ins_HumanRights_2_page_6,766.5,103.5,1075.0
1874220,stimulus_Ins_HumanRights_2_page_6,766.3,103.2,1075.0
1874221,stimulus_Ins_HumanRights_2_page_6,766.5,103.1,1074.0
1874222,stimulus_Ins_HumanRights_2_page_6,766.7,103.1,1074.0
1874223,stimulus_Ins_HumanRights_2_page_6,766.8,103.1,1075.0
1874224,stimulus_Ins_HumanRights_2_page_6,766.7,103.0,1077.0
1874225,stimulus_Ins_HumanRights_2_page_6,766.7,102.9,1079.0
1874226,stimulus_Ins_HumanRights_2_page_6,766.6,102.9,1078.0
1874227,stimulus_Ins_HumanRights_2_page_6,766.6,102.9,1075.0
1874228,stimulus_Ins_HumanRights_2_page_6,766.7,102.8,1073.0
1874229,stimulus_Ins_HumanRights_2_page_6,766.9,102.7,1072.0
1874230,stimulus_Ins_HumanRights_2_page_6,767.1,102.6,1074.0
1874231,stimulus_Ins_HumanRights_2_page_6,767.3,102.5,1076.0
1874232,stimulus_Ins_HumanRights_2_page_6,767.4,102.5,1077.0
1874233,stimulus_Ins_HumanRights_2_page_6,767.6,102.5,1078.0
1874234,stimulus_Ins_HumanRights_2_page_6,767.7,102.5,1079.0
1874235,stimulus_Ins_HumanRights_2_page_6,767.5,102.5,1078.0
1874236,stimulus_Ins_HumanRights_2_page_6,767.3,102.6,1078.0
1874237,stimulus_Ins_HumanRights_2_page_6,767.3,102.6,1078.0
1874238,stimulus_Ins_HumanRights_2_page_6,767.5,102.9,1078.0
1874239,stimulus_Ins_HumanRights_2_page_6,767.8,103.2,1079.0
1874240,stimulus_Ins_HumanRights_2_page_6,767.9,103.4,1081.0
1874241,stimulus_Ins_HumanRights_2_page_6,768.2,103.1,1082.0
1874242,stimulus_Ins_HumanRights_2_page_6,768.6,102.9,1082.0
1874243,stimulus_Ins_HumanRights_2_page_6,768.8,103.0,1082.0
1874244,stimulus_Ins_HumanRights_2_page_6,768.9,103.1,1083.0
1874245,stimulus_Ins_HumanRights_2_page_6,768.9,103.4,1083.0
1874246,stimulus_Ins_HumanRights_2_page_6,768.9,103.6,1082.0
1874247,stimulus_Ins_HumanRights_2_page_6,769.1,103.9,1079.0
1874248,stimulus_Ins_HumanRights_2_page_6,769.4,104.2,1077.0
1874249,stimulus_Ins_HumanRights_2_page_6,769.6,104.3,1077.0
1874250,stimulus_Ins_HumanRights_2_page_6,769.6,104.8,1079.0
1874251,stimulus_Ins_HumanRights_2_page_6,769.6,105.3,1080.0
1874252,stimulus_Ins_HumanRights_2_page_6,769.6,105.5,1080.0
1874253,stimulus_Ins_HumanRights_2_page_6,769.5,105.1,1081.0
1874254,stimulus_Ins_HumanRights_2_page_6,769.5,104.6,1082.0
1874255,stimulus_Ins_HumanRights_2_page_6,769.5,104.5,1082.0
1874256,stimulus_Ins_HumanRights_2_page_6,769.6,104.8,1083.0
1874257,stimulus_Ins_HumanRights_2_page_6,769.8,105.2,1083.0
1874258,stimulus_Ins_HumanRights_2_page_6,770.0,105.6,1084.0
1874259,stimulus_Ins_HumanRights_2_page_6,770.0,105.6,1084.0
1874260,stimulus_Ins_HumanRights_2_page_6,770.0,105.5,1085.0
1874261,stimulus_Ins_HumanRights_2_page_6,770.1,105.4,1085.0
1874262,stimulus_Ins_HumanRights_2_page_6,770.1,105.2,1085.0
1874263,stimulus_Ins_HumanRights_2_page_6,770.0,105.3,1084.0
1874264,stimulus_Ins_HumanRights_2_page_6,769.9,105.3,1083.0
1874265,stimulus_Ins_HumanRights_2_page_6,769.9,105.3,1082.0
1874266,stimulus_Ins_HumanRights_2_page_6,769.9,105.5,1082.0
1874267,stimulus_Ins_HumanRights_2_page_6,769.9,105.5,1081.0
1874268,stimulus_Ins_HumanRights_2_page_6,770.0,105.4,1081.0
1874269,stimulus_Ins_HumanRights_2_page_6,770.1,105.3,1080.0
1874270,stimulus_Ins_HumanRights_2_page_6,770.2,105.4,1081.0
1874271,stimulus_Ins_HumanRights_2_page_6,769.9,105.7,1083.0
1874272,stimulus_Ins_HumanRights_2_page_6,769.6,106.1,1085.0
1874273,stimulus_Ins_HumanRights_2_page_6,769.4,106.0,1085.0
1874274,stimulus_Ins_HumanRights_2_page_6,769.5,105.8,1086.0
1874275,stimulus_Ins_HumanRights_2_page_6,769.6,105.6,1086.0
1874276,stimulus_Ins_HumanRights_2_page_6,769.6,105.9,1085.0
1874277,stimulus_Ins_HumanRights_2_page_6,769.6,106.2,1084.0
1874278,stimulus_Ins_HumanRights_2_page_6,769.7,106.5,1084.0
1874279,stimulus_Ins_HumanRights_2_page_6,769.6,106.5,1084.0
1874280,stimulus_Ins_HumanRights_2_page_6,769.5,106.6,1083.0
1874281,stimulus_Ins_HumanRights_2_page_6,769.5,107.2,1085.0
1874282,stimulus_Ins_HumanRights_2_page_6,769.6,107.8,1087.0
1874283,stimulus_Ins_HumanRights_2_page_6,769.7,108.1,1088.0
1874284,stimulus_Ins_HumanRights_2_page_6,769.7,107.8,1087.0
1874285,stimulus_Ins_HumanRights_2_page_6,769.6,107.6,1085.0
1874286,stimulus_Ins_HumanRights_2_page_6,769.6,107.7,1084.0
1874287,stimulus_Ins_HumanRights_2_page_6,769.4,107.9,1083.0
1874288,stimulus_Ins_HumanRights_2_page_6,769.1,108.0,1083.0
1874289,stimulus_Ins_HumanRights_2_page_6,768.9,108.1,1083.0
1874290,stimulus_Ins_HumanRights_2_page_6,769.0,108.1,1084.0
1874291,stimulus_Ins_HumanRights_2_page_6,769.0,109.1,1085.0
1874292,stimulus_Ins_HumanRights_2_page_6,769.0,110.2,1086.0
1874293,stimulus_Ins_HumanRights_2_page_6,768.7,111.3,1086.0
1874294,stimulus_Ins_HumanRights_2_page_6,768.5,111.1,1086.0
1874295,stimulus_Ins_HumanRights_2_page_6,768.3,110.8,1085.0
1874296,stimulus_Ins_HumanRights_2_page_6,768.4,110.6,1083.0
1874297,stimulus_Ins_HumanRights_2_page_6,768.4,110.7,1082.0
1874298,stimulus_Ins_HumanRights_2_page_6,768.4,110.9,1082.0
1874299,stimulus_Ins_HumanRights_2_page_6,768.4,111.0,1082.0
1874300,stimulus_Ins_HumanRights_2_page_6,768.5,111.0,1083.0
1874301,stimulus_Ins_HumanRights_2_page_6,768.6,111.0,1084.0
1874302,stimulus_Ins_HumanRights_2_page_6,768.6,111.2,1084.0
1874303,stimulus_Ins_HumanRights_2_page_6,768.4,111.3,1085.0
1874304,stimulus_Ins_HumanRights_2_page_6,767.8,111.3,1085.0
1874305,stimulus_Ins_HumanRights_2_page_6,767.3,111.3,1084.0
1874306,stimulus_Ins_HumanRights_2_page_6,766.7,111.5,1084.0
1874307,stimulus_Ins_HumanRights_2_page_6,766.1,112.0,1084.0
1874308,stimulus_Ins_HumanRights_2_page_6,765.1,112.6,1085.0
1874309,stimulus_Ins_HumanRights_2_page_6,764.2,112.9,1085.0
1874310,stimulus_Ins_HumanRights_2_page_6,764.1,112.8,1085.0
1874311,stimulus_Ins_HumanRights_2_page_6,765.1,112.6,1085.0
1874312,stimulus_Ins_HumanRights_2_page_6,767.4,112.4,1083.0
1874313,stimulus_Ins_HumanRights_2_page_6,771.0,112.1,1081.0
1874314,stimulus_Ins_HumanRights_2_page_6,774.9,111.7,1080.0
1874315,stimulus_Ins_HumanRights_2_page_6,778.9,111.4,1080.0
1874316,stimulus_Ins_HumanRights_2_page_6,781.7,111.2,1082.0
1874317,stimulus_Ins_HumanRights_2_page_6,785.0,110.4,1083.0
1874318,stimulus_Ins_HumanRights_2_page_6,788.3,109.7,1085.0
1874319,stimulus_Ins_HumanRights_2_page_6,794.1,109.2,1086.0
1874320,stimulus_Ins_HumanRights_2_page_6,801.2,109.2,1087.0
1874321,stimulus_Ins_HumanRights_2_page_6,808.7,109.2,1087.0
1874322,stimulus_Ins_HumanRights_2_page_6,814.1,108.9,1089.0
1874323,stimulus_Ins_HumanRights_2_page_6,819.4,108.8,1091.0
1874324,stimulus_Ins_HumanRights_2_page_6,825.7,108.5,1091.0
1874325,stimulus_Ins_HumanRights_2_page_6,833.3,108.3,1090.0
1874326,stimulus_Ins_HumanRights_2_page_6,841.1,108.9,1088.0
1874327,stimulus_Ins_HumanRights_2_page_6,847.2,109.4,1088.0
1874328,stimulus_Ins_HumanRights_2_page_6,852.0,110.0,1088.0
1874329,stimulus_Ins_HumanRights_2_page_6,856.8,109.6,1088.0
1874330,stimulus_Ins_HumanRights_2_page_6,862.9,109.6,1090.0
1874331,stimulus_Ins_HumanRights_2_page_6,869.9,110.0,1092.0
1874332,stimulus_Ins_HumanRights_2_page_6,875.2,110.6,1094.0
1874333,stimulus_Ins_HumanRights_2_page_6,880.4,111.6,1093.0
1874334,stimulus_Ins_HumanRights_2_page_6,884.6,112.2,1093.0
1874335,stimulus_Ins_HumanRights_2_page_6,889.2,112.5,1091.0
1874336,stimulus_Ins_HumanRights_2_page_6,893.5,112.6,1088.0
1874337,stimulus_Ins_HumanRights_2_page_6,899.1,112.8,1085.0
1874338,stimulus_Ins_HumanRights_2_page_6,904.5,112.9,1085.0
1874339,stimulus_Ins_HumanRights_2_page_6,908.6,112.5,1086.0
1874340,stimulus_Ins_HumanRights_2_page_6,911.0,112.6,1087.0
1874341,stimulus_Ins_HumanRights_2_page_6,912.6,112.7,1088.0
1874342,stimulus_Ins_HumanRights_2_page_6,914.3,112.8,1087.0
1874343,stimulus_Ins_HumanRights_2_page_6,916.1,113.0,1086.0
1874344,stimulus_Ins_HumanRights_2_page_6,917.9,113.2,1086.0
1874345,stimulus_Ins_HumanRights_2_page_6,919.9,113.4,1086.0
1874346,stimulus_Ins_HumanRights_2_page_6,921.7,113.7,1086.0
1874347,stimulus_Ins_HumanRights_2_page_6,923.6,114.0,1085.0
1874348,stimulus_Ins_HumanRights_2_page_6,924.5,114.3,1085.0
1874349,stimulus_Ins_HumanRights_2_page_6,925.3,114.1,1084.0
1874350,stimulus_Ins_HumanRights_2_page_6,925.5,114.0,1084.0
1874351,stimulus_Ins_HumanRights_2_page_6,926.6,113.8,1084.0
1874352,stimulus_Ins_HumanRights_2_page_6,927.6,113.6,1085.0
1874353,stimulus_Ins_HumanRights_2_page_6,928.5,113.6,1086.0
1874354,stimulus_Ins_HumanRights_2_page_6,928.3,113.9,1088.0
1874355,stimulus_Ins_HumanRights_2_page_6,928.2,114.2,1088.0
1874356,stimulus_Ins_HumanRights_2_page_6,928.4,115.0,1087.0
1874357,stimulus_Ins_HumanRights_2_page_6,928.8,115.6,1087.0
1874358,stimulus_Ins_HumanRights_2_page_6,929.2,116.1,1087.0
1874359,stimulus_Ins_HumanRights_2_page_6,929.3,116.0,1088.0
1874360,stimulus_Ins_HumanRights_2_page_6,929.5,115.9,1089.0
1874361,stimulus_Ins_HumanRights_2_page_6,930.0,115.1,1089.0
1874362,stimulus_Ins_HumanRights_2_page_6,930.5,114.3,1089.0
1874363,stimulus_Ins_HumanRights_2_page_6,931.2,113.5,1088.0
1874364,stimulus_Ins_HumanRights_2_page_6,931.5,113.3,1089.0
1874365,stimulus_Ins_HumanRights_2_page_6,931.9,113.1,1089.0
1874366,stimulus_Ins_HumanRights_2_page_6,932.0,113.1,1089.0
1874367,stimulus_Ins_HumanRights_2_page_6,932.0,113.2,1089.0
1874368,stimulus_Ins_HumanRights_2_page_6,931.9,113.3,1089.0
1874369,stimulus_Ins_HumanRights_2_page_6,931.7,113.3,1089.0
1874370,stimulus_Ins_HumanRights_2_page_6,931.7,114.1,1090.0
1874371,stimulus_Ins_HumanRights_2_page_6,931.7,114.8,1090.0
1874372,stimulus_Ins_HumanRights_2_page_6,931.7,115.2,1091.0
1874373,stimulus_Ins_HumanRights_2_page_6,931.6,114.9,1091.0
1874374,stimulus_Ins_HumanRights_2_page_6,931.5,114.5,1091.0
1874375,stimulus_Ins_HumanRights_2_page_6,931.5,114.6,1091.0
1874376,stimulus_Ins_HumanRights_2_page_6,931.8,114.5,1092.0
1874377,stimulus_Ins_HumanRights_2_page_6,931.8,114.1,1091.0
1874378,stimulus_Ins_HumanRights_2_page_6,931.7,113.6,1089.0
1874379,stimulus_Ins_HumanRights_2_page_6,931.6,113.3,1087.0
1874380,stimulus_Ins_HumanRights_2_page_6,931.8,113.4,1088.0
1874381,stimulus_Ins_HumanRights_2_page_6,932.0,113.8,1089.0
1874382,stimulus_Ins_HumanRights_2_page_6,932.0,114.1,1090.0
1874383,stimulus_Ins_HumanRights_2_page_6,931.9,114.4,1090.0
1874384,stimulus_Ins_HumanRights_2_page_6,931.9,114.5,1091.0
1874385,stimulus_Ins_HumanRights_2_page_6,931.8,114.7,1091.0
1874386,stimulus_Ins_HumanRights_2_page_6,931.8,114.7,1091.0
1874387,stimulus_Ins_HumanRights_2_page_6,931.9,114.7,1090.0
1874388,stimulus_Ins_HumanRights_2_page_6,932.1,114.1,1090.0
1874389,stimulus_Ins_HumanRights_2_page_6,932.2,113.6,1088.0
1874390,stimulus_Ins_HumanRights_2_page_6,932.3,113.3,1087.0
1874391,stimulus_Ins_HumanRights_2_page_6,932.3,113.6,1088.0
1874392,stimulus_Ins_HumanRights_2_page_6,932.4,114.0,1089.0
1874393,stimulus_Ins_HumanRights_2_page_6,932.4,114.0,1090.0
1874394,stimulus_Ins_HumanRights_2_page_6,932.4,113.9,1090.0
1874395,stimulus_Ins_HumanRights_2_page_6,932.3,113.8,1090.0
1874396,stimulus_Ins_HumanRights_2_page_6,932.3,113.8,1090.0
1874397,stimulus_Ins_HumanRights_2_page_6,932.5,113.7,1089.0
1874398,stimulus_Ins_HumanRights_2_page_6,932.7,113.3,1088.0
1874399,stimulus_Ins_HumanRights_2_page_6,932.6,112.9,1087.0
1874400,stimulus_Ins_HumanRights_2_page_6,932.3,112.8,1088.0
1874401,stimulus_Ins_HumanRights_2_page_6,932.1,112.9,1088.0
1874402,stimulus_Ins_HumanRights_2_page_6,932.1,113.2,1088.0
1874403,stimulus_Ins_HumanRights_2_page_6,932.2,113.6,1089.0
1874404,stimulus_Ins_HumanRights_2_page_6,932.2,113.9,1089.0
1874405,stimulus_Ins_HumanRights_2_page_6,932.1,113.8,1089.0
1874406,stimulus_Ins_HumanRights_2_page_6,932.0,113.6,1089.0
1874407,stimulus_Ins_HumanRights_2_page_6,931.8,113.4,1089.0
1874408,stimulus_Ins_HumanRights_2_page_6,931.8,113.3,1088.0
1874409,stimulus_Ins_HumanRights_2_page_6,931.8,113.4,1088.0
1874410,stimulus_Ins_HumanRights_2_page_6,931.8,113.9,1088.0
1874411,stimulus_Ins_HumanRights_2_page_6,932.0,114.3,1088.0
1874412,stimulus_Ins_HumanRights_2_page_6,932.2,114.3,1087.0
1874413,stimulus_Ins_HumanRights_2_page_6,932.4,113.9,1087.0
1874414,stimulus_Ins_HumanRights_2_page_6,932.5,113.7,1088.0
1874415,stimulus_Ins_HumanRights_2_page_6,932.5,113.9,1088.0
1874416,stimulus_Ins_HumanRights_2_page_6,932.5,114.2,1088.0
1874417,stimulus_Ins_HumanRights_2_page_6,932.3,114.0,1088.0
1874418,stimulus_Ins_HumanRights_2_page_6,932.0,113.8,1087.0
1874419,stimulus_Ins_HumanRights_2_page_6,931.7,113.7,1088.0
1874420,stimulus_Ins_HumanRights_2_page_6,931.5,114.0,1089.0
1874421,stimulus_Ins_HumanRights_2_page_6,931.2,114.2,1090.0
1874422,stimulus_Ins_HumanRights_2_page_6,931.2,114.5,1091.0
1874423,stimulus_Ins_HumanRights_2_page_6,931.3,114.6,1091.0
1874424,stimulus_Ins_HumanRights_2_page_6,931.4,114.7,1090.0
1874425,stimulus_Ins_HumanRights_2_page_6,931.5,114.7,1089.0
1874426,stimulus_Ins_HumanRights_2_page_6,931.5,114.8,1088.0
1874427,stimulus_Ins_HumanRights_2_page_6,931.3,114.9,1088.0
1874428,stimulus_Ins_HumanRights_2_page_6,930.9,114.9,1087.0
1874429,stimulus_Ins_HumanRights_2_page_6,930.5,114.8,1086.0
1874430,stimulus_Ins_HumanRights_2_page_6,930.5,114.2,1088.0
1874431,stimulus_Ins_HumanRights_2_page_6,930.6,113.7,1090.0
1874432,stimulus_Ins_HumanRights_2_page_6,930.8,113.5,1093.0
1874433,stimulus_Ins_HumanRights_2_page_6,931.0,113.7,1093.0
1874434,stimulus_Ins_HumanRights_2_page_6,931.2,113.7,1094.0
1874435,stimulus_Ins_HumanRights_2_page_6,931.1,113.5,1094.0
1874436,stimulus_Ins_HumanRights_2_page_6,930.8,113.3,1093.0
1874437,stimulus_Ins_HumanRights_2_page_6,930.7,113.4,1093.0
1874438,stimulus_Ins_HumanRights_2_page_6,930.9,113.5,1093.0
1874439,stimulus_Ins_HumanRights_2_page_6,930.5,113.6,1092.0
1874440,stimulus_Ins_HumanRights_2_page_6,930.0,113.6,1091.0
1874441,stimulus_Ins_HumanRights_2_page_6,929.6,113.7,1090.0
1874442,stimulus_Ins_HumanRights_2_page_6,929.8,113.8,1090.0
1874443,stimulus_Ins_HumanRights_2_page_6,930.0,113.8,1090.0
1874444,stimulus_Ins_HumanRights_2_page_6,930.1,114.1,1091.0
1874445,stimulus_Ins_HumanRights_2_page_6,930.0,114.3,1091.0
1874446,stimulus_Ins_HumanRights_2_page_6,930.0,114.5,1091.0
1874447,stimulus_Ins_HumanRights_2_page_6,929.9,114.5,1091.0
1874448,stimulus_Ins_HumanRights_2_page_6,930.2,114.6,1091.0
1874449,stimulus_Ins_HumanRights_2_page_6,930.4,114.6,1091.0
1874450,stimulus_Ins_HumanRights_2_page_6,930.7,114.7,1091.0
1874451,stimulus_Ins_HumanRights_2_page_6,930.6,114.6,1091.0
1874452,stimulus_Ins_HumanRights_2_page_6,930.5,114.6,1091.0
1874453,stimulus_Ins_HumanRights_2_page_6,930.4,114.7,1092.0
1874454,stimulus_Ins_HumanRights_2_page_6,930.3,115.3,1093.0
1874455,stimulus_Ins_HumanRights_2_page_6,930.2,115.9,1093.0
1874456,stimulus_Ins_HumanRights_2_page_6,930.2,116.1,1093.0
1874457,stimulus_Ins_HumanRights_2_page_6,930.3,115.8,1093.0
1874458,stimulus_Ins_HumanRights_2_page_6,930.6,115.5,1094.0
1874459,stimulus_Ins_HumanRights_2_page_6,931.0,115.3,1095.0
1874460,stimulus_Ins_HumanRights_2_page_6,931.4,115.1,1096.0
1874461,stimulus_Ins_HumanRights_2_page_6,931.4,115.0,1095.0
1874462,stimulus_Ins_HumanRights_2_page_6,931.3,114.9,1095.0
1874463,stimulus_Ins_HumanRights_2_page_6,931.2,114.8,1095.0
1874464,stimulus_Ins_HumanRights_2_page_6,931.1,114.8,1095.0
1874465,stimulus_Ins_HumanRights_2_page_6,931.1,114.8,1094.0
1874466,stimulus_Ins_HumanRights_2_page_6,931.1,114.7,1093.0
1874467,stimulus_Ins_HumanRights_2_page_6,931.0,114.5,1092.0
1874468,stimulus_Ins_HumanRights_2_page_6,931.0,114.4,1091.0
1874469,stimulus_Ins_HumanRights_2_page_6,931.1,114.4,1091.0
1874470,stimulus_Ins_HumanRights_2_page_6,931.1,114.4,1091.0
1874471,stimulus_Ins_HumanRights_2_page_6,931.0,114.3,1093.0
1874472,stimulus_Ins_HumanRights_2_page_6,931.0,114.2,1095.0
1874473,stimulus_Ins_HumanRights_2_page_6,930.9,114.2,1096.0
1874474,stimulus_Ins_HumanRights_2_page_6,930.9,114.2,1096.0
1874475,stimulus_Ins_HumanRights_2_page_6,930.9,114.4,1096.0
1874476,stimulus_Ins_HumanRights_2_page_6,931.0,114.6,1095.0
1874477,stimulus_Ins_HumanRights_2_page_6,931.0,114.7,1095.0
1874478,stimulus_Ins_HumanRights_2_page_6,931.1,114.6,1095.0
1874479,stimulus_Ins_HumanRights_2_page_6,931.1,114.3,1096.0
1874480,stimulus_Ins_HumanRights_2_page_6,931.1,114.1,1097.0
1874481,stimulus_Ins_HumanRights_2_page_6,931.1,114.2,1098.0
1874482,stimulus_Ins_HumanRights_2_page_6,931.2,114.6,1098.0
1874483,stimulus_Ins_HumanRights_2_page_6,931.1,114.9,1098.0
1874484,stimulus_Ins_HumanRights_2_page_6,930.9,115.1,1098.0
1874485,stimulus_Ins_HumanRights_2_page_6,930.6,114.9,1098.0
1874486,stimulus_Ins_HumanRights_2_page_6,930.5,114.8,1097.0
1874487,stimulus_Ins_HumanRights_2_page_6,930.6,115.0,1096.0
1874488,stimulus_Ins_HumanRights_2_page_6,930.7,115.2,1095.0
1874489,stimulus_Ins_HumanRights_2_page_6,930.8,115.5,1095.0
1874490,stimulus_Ins_HumanRights_2_page_6,930.7,115.5,1095.0
1874491,stimulus_Ins_HumanRights_2_page_6,930.7,115.4,1096.0
1874492,stimulus_Ins_HumanRights_2_page_6,930.5,115.4,1097.0
1874493,stimulus_Ins_HumanRights_2_page_6,930.4,115.3,1099.0
1874494,stimulus_Ins_HumanRights_2_page_6,930.5,115.5,1099.0
1874495,stimulus_Ins_HumanRights_2_page_6,930.8,115.5,1100.0
1874496,stimulus_Ins_HumanRights_2_page_6,931.2,115.6,1100.0
1874497,stimulus_Ins_HumanRights_2_page_6,931.3,115.4,1099.0
1874498,stimulus_Ins_HumanRights_2_page_6,931.3,115.3,1097.0
1874499,stimulus_Ins_HumanRights_2_page_6,931.1,115.2,1096.0
1874500,stimulus_Ins_HumanRights_2_page_6,931.0,115.3,1097.0
1874501,stimulus_Ins_HumanRights_2_page_6,931.2,115.3,1098.0
1874502,stimulus_Ins_HumanRights_2_page_6,931.5,115.3,1098.0
1874503,stimulus_Ins_HumanRights_2_page_6,931.7,115.6,1098.0
1874504,stimulus_Ins_HumanRights_2_page_6,931.5,115.9,1099.0
1874505,stimulus_Ins_HumanRights_2_page_6,931.2,116.2,1100.0
1874506,stimulus_Ins_HumanRights_2_page_6,931.0,116.1,1099.0
1874507,stimulus_Ins_HumanRights_2_page_6,931.1,115.6,1099.0
1874508,stimulus_Ins_HumanRights_2_page_6,931.2,115.2,1098.0
1874509,stimulus_Ins_HumanRights_2_page_6,931.4,114.9,1099.0
1874510,stimulus_Ins_HumanRights_2_page_6,931.3,114.9,1099.0
1874511,stimulus_Ins_HumanRights_2_page_6,931.1,114.6,1100.0
1874512,stimulus_Ins_HumanRights_2_page_6,930.8,114.3,1100.0
1874513,stimulus_Ins_HumanRights_2_page_6,930.5,114.0,1100.0
1874514,stimulus_Ins_HumanRights_2_page_6,930.5,114.3,1101.0
1874515,stimulus_Ins_HumanRights_2_page_6,930.7,114.7,1101.0
1874516,stimulus_Ins_HumanRights_2_page_6,931.0,115.2,1099.0
1874517,stimulus_Ins_HumanRights_2_page_6,931.2,114.9,1097.0
1874518,stimulus_Ins_HumanRights_2_page_6,931.1,114.5,1096.0
1874519,stimulus_Ins_HumanRights_2_page_6,930.9,114.1,1096.0
1874520,stimulus_Ins_HumanRights_2_page_6,930.8,114.1,1096.0
1874521,stimulus_Ins_HumanRights_2_page_6,930.8,114.5,1097.0
1874522,stimulus_Ins_HumanRights_2_page_6,930.8,114.9,1098.0
1874523,stimulus_Ins_HumanRights_2_page_6,930.9,115.5,1098.0
1874524,stimulus_Ins_HumanRights_2_page_6,931.0,115.7,1097.0
1874525,stimulus_Ins_HumanRights_2_page_6,931.0,115.7,1097.0
1874526,stimulus_Ins_HumanRights_2_page_6,931.1,115.3,1097.0
1874527,stimulus_Ins_HumanRights_2_page_6,931.1,115.1,1096.0
1874528,stimulus_Ins_HumanRights_2_page_6,931.2,115.1,1096.0
1874529,stimulus_Ins_HumanRights_2_page_6,931.3,115.1,1095.0
1874530,stimulus_Ins_HumanRights_2_page_6,931.4,114.9,1095.0
1874531,stimulus_Ins_HumanRights_2_page_6,931.5,114.6,1096.0
1874532,stimulus_Ins_HumanRights_2_page_6,931.4,114.3,1096.0
1874533,stimulus_Ins_HumanRights_2_page_6,931.3,114.1,1097.0
1874534,stimulus_Ins_HumanRights_2_page_6,931.1,114.2,1096.0
1874535,stimulus_Ins_HumanRights_2_page_6,931.0,114.2,1095.0
1874536,stimulus_Ins_HumanRights_2_page_6,930.8,114.2,1094.0
1874537,stimulus_Ins_HumanRights_2_page_6,930.8,114.4,1094.0
1874538,stimulus_Ins_HumanRights_2_page_6,930.7,114.8,1095.0
1874539,stimulus_Ins_HumanRights_2_page_6,930.7,115.1,1096.0
1874540,stimulus_Ins_HumanRights_2_page_6,930.8,115.1,1096.0
1874541,stimulus_Ins_HumanRights_2_page_6,931.3,114.7,1096.0
1874542,stimulus_Ins_HumanRights_2_page_6,932.5,114.1,1096.0
1874543,stimulus_Ins_HumanRights_2_page_6,933.8,112.9,1096.0
1874544,stimulus_Ins_HumanRights_2_page_6,935.5,112.1,1096.0
1874545,stimulus_Ins_HumanRights_2_page_6,937.2,111.3,1096.0
1874546,stimulus_Ins_HumanRights_2_page_6,939.1,110.5,1094.0
1874547,stimulus_Ins_HumanRights_2_page_6,940.6,109.8,1093.0
1874548,stimulus_Ins_HumanRights_2_page_6,943.6,109.8,1095.0
1874549,stimulus_Ins_HumanRights_2_page_6,948.9,110.3,1098.0
1874550,stimulus_Ins_HumanRights_2_page_6,955.4,110.7,1102.0
1874551,stimulus_Ins_HumanRights_2_page_6,960.8,110.5,1102.0
1874552,stimulus_Ins_HumanRights_2_page_6,964.5,110.5,1100.0
1874553,stimulus_Ins_HumanRights_2_page_6,968.0,110.6,1097.0
1874554,stimulus_Ins_HumanRights_2_page_6,971.9,110.7,1094.0
1874555,stimulus_Ins_HumanRights_2_page_6,975.7,111.1,1095.0
1874556,stimulus_Ins_HumanRights_2_page_6,978.6,111.5,1097.0
1874557,stimulus_Ins_HumanRights_2_page_6,981.2,111.9,1097.0
1874558,stimulus_Ins_HumanRights_2_page_6,983.6,111.6,1094.0
1874559,stimulus_Ins_HumanRights_2_page_6,985.7,111.3,1090.0
1874560,stimulus_Ins_HumanRights_2_page_6,987.7,111.1,1090.0
1874561,stimulus_Ins_HumanRights_2_page_6,989.4,110.8,1090.0
1874562,stimulus_Ins_HumanRights_2_page_6,991.1,110.6,1090.0
1874563,stimulus_Ins_HumanRights_2_page_6,992.0,110.4,1090.0
1874564,stimulus_Ins_HumanRights_2_page_6,992.6,110.4,1091.0
1874565,stimulus_Ins_HumanRights_2_page_6,993.2,110.5,1091.0
1874566,stimulus_Ins_HumanRights_2_page_6,993.6,110.8,1091.0
1874567,stimulus_Ins_HumanRights_2_page_6,994.0,111.1,1091.0
1874568,stimulus_Ins_HumanRights_2_page_6,994.5,111.3,1090.0
1874569,stimulus_Ins_HumanRights_2_page_6,995.2,111.2,1090.0
1874570,stimulus_Ins_HumanRights_2_page_6,996.4,111.4,1091.0
1874571,stimulus_Ins_HumanRights_2_page_6,997.4,111.8,1092.0
1874572,stimulus_Ins_HumanRights_2_page_6,998.3,112.2,1094.0
1874573,stimulus_Ins_HumanRights_2_page_6,998.5,112.4,1095.0
1874574,stimulus_Ins_HumanRights_2_page_6,998.8,112.4,1096.0
1874575,stimulus_Ins_HumanRights_2_page_6,999.0,112.9,1096.0
1874576,stimulus_Ins_HumanRights_2_page_6,999.3,113.3,1096.0
1874577,stimulus_Ins_HumanRights_2_page_6,999.5,113.7,1096.0
1874578,stimulus_Ins_HumanRights_2_page_6,999.5,113.7,1095.0
1874579,stimulus_Ins_HumanRights_2_page_6,999.4,113.7,1094.0
1874580,stimulus_Ins_HumanRights_2_page_6,999.3,113.7,1094.0
1874581,stimulus_Ins_HumanRights_2_page_6,999.3,113.8,1096.0
1874582,stimulus_Ins_HumanRights_2_page_6,999.2,113.9,1098.0
1874583,stimulus_Ins_HumanRights_2_page_6,999.0,113.6,1100.0
1874584,stimulus_Ins_HumanRights_2_page_6,998.9,113.4,1100.0
1874585,stimulus_Ins_HumanRights_2_page_6,999.2,113.1,1100.0
1874586,stimulus_Ins_HumanRights_2_page_6,999.4,112.9,1100.0
1874587,stimulus_Ins_HumanRights_2_page_6,999.5,112.7,1099.0
1874588,stimulus_Ins_HumanRights_2_page_6,999.4,112.5,1098.0
1874589,stimulus_Ins_HumanRights_2_page_6,999.0,112.6,1097.0
1874590,stimulus_Ins_HumanRights_2_page_6,998.8,112.8,1097.0
1874591,stimulus_Ins_HumanRights_2_page_6,998.9,113.0,1098.0
1874592,stimulus_Ins_HumanRights_2_page_6,999.1,113.1,1100.0
1874593,stimulus_Ins_HumanRights_2_page_6,999.1,113.2,1101.0
1874594,stimulus_Ins_HumanRights_2_page_6,998.7,113.2,1101.0
1874595,stimulus_Ins_HumanRights_2_page_6,998.8,113.1,1100.0
1874596,stimulus_Ins_HumanRights_2_page_6,999.2,113.0,1100.0
1874597,stimulus_Ins_HumanRights_2_page_6,999.5,112.8,1099.0
1874598,stimulus_Ins_HumanRights_2_page_6,999.3,112.6,1098.0
1874599,stimulus_Ins_HumanRights_2_page_6,999.1,112.3,1096.0
1874600,stimulus_Ins_HumanRights_2_page_6,999.1,112.1,1096.0
1874601,stimulus_Ins_HumanRights_2_page_6,999.2,112.0,1098.0
1874602,stimulus_Ins_HumanRights_2_page_6,999.4,111.9,1098.0
1874603,stimulus_Ins_HumanRights_2_page_6,999.4,111.9,1099.0
1874604,stimulus_Ins_HumanRights_2_page_6,999.4,112.0,1098.0
1874605,stimulus_Ins_HumanRights_2_page_6,999.5,112.1,1097.0
1874606,stimulus_Ins_HumanRights_2_page_6,999.5,112.3,1096.0
1874607,stimulus_Ins_HumanRights_2_page_6,999.5,112.4,1097.0
1874608,stimulus_Ins_HumanRights_2_page_6,999.5,112.8,1098.0
1874609,stimulus_Ins_HumanRights_2_page_6,999.5,113.0,1099.0
1874610,stimulus_Ins_HumanRights_2_page_6,999.5,113.3,1099.0
1874611,stimulus_Ins_HumanRights_2_page_6,999.4,113.4,1099.0
1874612,stimulus_Ins_HumanRights_2_page_6,999.3,113.5,1099.0
1874613,stimulus_Ins_HumanRights_2_page_6,999.3,113.6,1100.0
1874614,stimulus_Ins_HumanRights_2_page_6,999.4,113.6,1100.0
1874615,stimulus_Ins_HumanRights_2_page_6,999.4,113.6,1100.0
1874616,stimulus_Ins_HumanRights_2_page_6,999.4,113.5,1099.0
1874617,stimulus_Ins_HumanRights_2_page_6,999.3,113.6,1099.0
1874618,stimulus_Ins_HumanRights_2_page_6,999.4,113.5,1098.0
1874619,stimulus_Ins_HumanRights_2_page_6,999.4,113.5,1097.0
1874620,stimulus_Ins_HumanRights_2_page_6,999.5,113.4,1097.0
1874621,stimulus_Ins_HumanRights_2_page_6,999.5,113.4,1099.0
1874622,stimulus_Ins_HumanRights_2_page_6,999.6,113.5,1102.0
1874623,stimulus_Ins_HumanRights_2_page_6,999.6,113.5,1100.0
1874624,stimulus_Ins_HumanRights_2_page_6,999.6,113.5,1096.0
1874625,stimulus_Ins_HumanRights_2_page_6,999.5,113.6,1095.0
1874626,stimulus_Ins_HumanRights_2_page_6,999.4,113.4,1097.0
1874627,stimulus_Ins_HumanRights_2_page_6,999.2,113.4,1099.0
1874628,stimulus_Ins_HumanRights_2_page_6,999.2,113.4,1099.0
1874629,stimulus_Ins_HumanRights_2_page_6,999.1,113.5,1099.0
1874630,stimulus_Ins_HumanRights_2_page_6,999.1,113.2,1099.0
1874631,stimulus_Ins_HumanRights_2_page_6,999.1,112.9,1100.0
1874632,stimulus_Ins_HumanRights_2_page_6,999.0,112.7,1100.0
1874633,stimulus_Ins_HumanRights_2_page_6,999.0,112.8,1100.0
1874634,stimulus_Ins_HumanRights_2_page_6,999.2,112.6,1099.0
1874635,stimulus_Ins_HumanRights_2_page_6,999.4,112.2,1098.0
1874636,stimulus_Ins_HumanRights_2_page_6,999.3,111.8,1097.0
1874637,stimulus_Ins_HumanRights_2_page_6,999.0,111.7,1096.0
1874638,stimulus_Ins_HumanRights_2_page_6,998.6,111.6,1095.0
1874639,stimulus_Ins_HumanRights_2_page_6,998.5,111.4,1096.0
1874640,stimulus_Ins_HumanRights_2_page_6,998.8,111.0,1097.0
1874641,stimulus_Ins_HumanRights_2_page_6,999.1,110.5,1096.0
1874642,stimulus_Ins_HumanRights_2_page_6,999.3,110.6,1096.0
1874643,stimulus_Ins_HumanRights_2_page_6,999.3,111.1,1096.0
1874644,stimulus_Ins_HumanRights_2_page_6,999.2,111.6,1096.0
1874645,stimulus_Ins_HumanRights_2_page_6,999.2,111.9,1094.0
1874646,stimulus_Ins_HumanRights_2_page_6,999.0,111.9,1093.0
1874647,stimulus_Ins_HumanRights_2_page_6,998.5,111.7,1092.0
1874648,stimulus_Ins_HumanRights_2_page_6,998.0,111.8,1093.0
1874649,stimulus_Ins_HumanRights_2_page_6,997.8,111.8,1093.0
1874650,stimulus_Ins_HumanRights_2_page_6,997.9,111.9,1093.0
1874651,stimulus_Ins_HumanRights_2_page_6,998.1,111.8,1094.0
1874652,stimulus_Ins_HumanRights_2_page_6,998.2,111.4,1095.0
1874653,stimulus_Ins_HumanRights_2_page_6,998.2,111.2,1096.0
1874654,stimulus_Ins_HumanRights_2_page_6,998.2,111.0,1097.0
1874655,stimulus_Ins_HumanRights_2_page_6,998.2,111.0,1097.0
1874656,stimulus_Ins_HumanRights_2_page_6,998.2,110.9,1095.0
1874657,stimulus_Ins_HumanRights_2_page_6,998.3,110.8,1092.0
1874658,stimulus_Ins_HumanRights_2_page_6,998.4,110.8,1090.0
1874659,stimulus_Ins_HumanRights_2_page_6,998.1,110.8,1092.0
1874660,stimulus_Ins_HumanRights_2_page_6,997.7,110.8,1094.0
1874661,stimulus_Ins_HumanRights_2_page_6,997.4,110.8,1095.0
1874662,stimulus_Ins_HumanRights_2_page_6,997.6,110.8,1095.0
1874663,stimulus_Ins_HumanRights_2_page_6,997.7,110.8,1095.0
1874664,stimulus_Ins_HumanRights_2_page_6,997.8,110.9,1095.0
1874665,stimulus_Ins_HumanRights_2_page_6,997.8,111.0,1095.0
1874666,stimulus_Ins_HumanRights_2_page_6,997.7,111.0,1094.0
1874667,stimulus_Ins_HumanRights_2_page_6,997.8,111.0,1094.0
1874668,stimulus_Ins_HumanRights_2_page_6,997.9,111.0,1094.0
1874669,stimulus_Ins_HumanRights_2_page_6,998.1,111.0,1094.0
1874670,stimulus_Ins_HumanRights_2_page_6,998.1,111.0,1094.0
1874671,stimulus_Ins_HumanRights_2_page_6,998.2,111.2,1094.0
1874672,stimulus_Ins_HumanRights_2_page_6,998.3,111.3,1094.0
1874673,stimulus_Ins_HumanRights_2_page_6,998.5,111.5,1094.0
1874674,stimulus_Ins_HumanRights_2_page_6,998.7,111.7,1094.0
1874675,stimulus_Ins_HumanRights_2_page_6,999.0,112.0,1094.0
1874676,stimulus_Ins_HumanRights_2_page_6,998.9,112.0,1093.0
1874677,stimulus_Ins_HumanRights_2_page_6,998.4,111.9,1092.0
1874678,stimulus_Ins_HumanRights_2_page_6,997.9,111.9,1090.0
1874679,stimulus_Ins_HumanRights_2_page_6,997.9,112.0,1090.0
1874680,stimulus_Ins_HumanRights_2_page_6,998.1,112.3,1090.0
1874681,stimulus_Ins_HumanRights_2_page_6,998.4,112.3,1091.0
1874682,stimulus_Ins_HumanRights_2_page_6,998.7,112.3,1092.0
1874683,stimulus_Ins_HumanRights_2_page_6,998.8,112.2,1092.0
1874684,stimulus_Ins_HumanRights_2_page_6,998.8,112.2,1092.0
1874685,stimulus_Ins_HumanRights_2_page_6,998.8,112.6,1093.0
1874686,stimulus_Ins_HumanRights_2_page_6,998.8,112.7,1094.0
1874687,stimulus_Ins_HumanRights_2_page_6,998.5,112.7,1092.0
1874688,stimulus_Ins_HumanRights_2_page_6,998.2,112.3,1090.0
1874689,stimulus_Ins_HumanRights_2_page_6,997.8,112.5,1088.0
1874690,stimulus_Ins_HumanRights_2_page_6,998.0,112.8,1091.0
1874691,stimulus_Ins_HumanRights_2_page_6,998.1,113.1,1094.0
1874692,stimulus_Ins_HumanRights_2_page_6,998.2,113.0,1095.0
1874693,stimulus_Ins_HumanRights_2_page_6,998.2,112.9,1094.0
1874694,stimulus_Ins_HumanRights_2_page_6,998.2,112.9,1093.0
1874695,stimulus_Ins_HumanRights_2_page_6,998.3,113.0,1091.0
1874696,stimulus_Ins_HumanRights_2_page_6,998.4,113.2,1090.0
1874697,stimulus_Ins_HumanRights_2_page_6,998.4,113.4,1090.0
1874698,stimulus_Ins_HumanRights_2_page_6,998.4,113.5,1090.0
1874699,stimulus_Ins_HumanRights_2_page_6,998.4,113.5,1090.0
1874700,stimulus_Ins_HumanRights_2_page_6,998.4,113.6,1091.0
1874701,stimulus_Ins_HumanRights_2_page_6,998.4,113.6,1093.0
1874702,stimulus_Ins_HumanRights_2_page_6,998.4,113.7,1094.0
1874703,stimulus_Ins_HumanRights_2_page_6,998.4,113.7,1095.0
1874704,stimulus_Ins_HumanRights_2_page_6,998.5,113.6,1095.0
1874705,stimulus_Ins_HumanRights_2_page_6,998.6,113.7,1096.0
1874706,stimulus_Ins_HumanRights_2_page_6,998.6,113.8,1096.0
1874707,stimulus_Ins_HumanRights_2_page_6,998.6,114.0,1097.0
1874708,stimulus_Ins_HumanRights_2_page_6,998.5,114.0,1095.0
1874709,stimulus_Ins_HumanRights_2_page_6,998.1,113.8,1094.0
1874710,stimulus_Ins_HumanRights_2_page_6,997.8,113.5,1091.0
1874711,stimulus_Ins_HumanRights_2_page_6,997.8,113.4,1090.0
1874712,stimulus_Ins_HumanRights_2_page_6,998.0,113.7,1092.0
1874713,stimulus_Ins_HumanRights_2_page_6,998.2,114.0,1094.0
1874714,stimulus_Ins_HumanRights_2_page_6,998.2,114.1,1096.0
1874715,stimulus_Ins_HumanRights_2_page_6,998.3,114.2,1095.0
1874716,stimulus_Ins_HumanRights_2_page_6,997.9,114.3,1094.0
1874717,stimulus_Ins_HumanRights_2_page_6,997.5,113.7,1093.0
1874718,stimulus_Ins_HumanRights_2_page_6,997.0,113.0,1092.0
1874719,stimulus_Ins_HumanRights_2_page_6,997.0,113.1,1092.0
1874720,stimulus_Ins_HumanRights_2_page_6,996.8,114.1,1093.0
1874721,stimulus_Ins_HumanRights_2_page_6,996.6,115.0,1094.0
1874722,stimulus_Ins_HumanRights_2_page_6,996.6,114.8,1095.0
1874723,stimulus_Ins_HumanRights_2_page_6,996.6,114.1,1094.0
1874724,stimulus_Ins_HumanRights_2_page_6,996.5,113.2,1092.0
1874725,stimulus_Ins_HumanRights_2_page_6,996.5,112.5,1090.0
1874726,stimulus_Ins_HumanRights_2_page_6,996.4,112.2,1088.0
1874727,stimulus_Ins_HumanRights_2_page_6,996.7,112.0,1087.0
1874728,stimulus_Ins_HumanRights_2_page_6,997.1,112.1,1087.0
1874729,stimulus_Ins_HumanRights_2_page_6,997.3,112.3,1089.0
1874730,stimulus_Ins_HumanRights_2_page_6,996.6,113.1,1091.0
1874731,stimulus_Ins_HumanRights_2_page_6,995.9,113.7,1091.0
1874732,stimulus_Ins_HumanRights_2_page_6,995.4,114.2,1089.0
1874733,stimulus_Ins_HumanRights_2_page_6,995.5,114.3,1088.0
1874734,stimulus_Ins_HumanRights_2_page_6,995.4,114.5,1088.0
1874735,stimulus_Ins_HumanRights_2_page_6,995.0,114.6,1087.0
1874736,stimulus_Ins_HumanRights_2_page_6,994.5,114.3,1085.0
1874737,stimulus_Ins_HumanRights_2_page_6,994.3,113.9,1083.0
1874738,stimulus_Ins_HumanRights_2_page_6,993.8,112.8,1084.0
1874739,stimulus_Ins_HumanRights_2_page_6,993.4,112.1,1085.0
1874740,stimulus_Ins_HumanRights_2_page_6,993.3,111.5,1086.0
1874741,stimulus_Ins_HumanRights_2_page_6,993.5,111.4,1086.0
1874742,stimulus_Ins_HumanRights_2_page_6,993.8,111.4,1086.0
1874743,stimulus_Ins_HumanRights_2_page_6,993.8,111.4,1086.0
1874744,stimulus_Ins_HumanRights_2_page_6,993.9,111.4,1085.0
1874745,stimulus_Ins_HumanRights_2_page_6,994.1,111.5,1085.0
1874746,stimulus_Ins_HumanRights_2_page_6,994.4,112.1,1085.0
1874747,stimulus_Ins_HumanRights_2_page_6,994.5,112.7,1085.0
1874748,stimulus_Ins_HumanRights_2_page_6,994.3,112.6,1085.0
1874749,stimulus_Ins_HumanRights_2_page_6,994.0,111.5,1084.0
1874750,stimulus_Ins_HumanRights_2_page_6,993.7,110.5,1083.0
1874751,stimulus_Ins_HumanRights_2_page_6,993.6,109.9,1082.0
1874752,stimulus_Ins_HumanRights_2_page_6,993.5,109.9,1082.0
1874753,stimulus_Ins_HumanRights_2_page_6,993.8,109.9,1082.0
1874754,stimulus_Ins_HumanRights_2_page_6,994.2,109.9,1081.0
1874755,stimulus_Ins_HumanRights_2_page_6,994.6,109.9,1080.0
1874756,stimulus_Ins_HumanRights_2_page_6,994.6,109.9,1079.0
1874757,stimulus_Ins_HumanRights_2_page_6,994.5,110.1,1078.0
1874758,stimulus_Ins_HumanRights_2_page_6,994.6,110.2,1079.0
1874759,stimulus_Ins_HumanRights_2_page_6,994.8,110.4,1079.0
1874760,stimulus_Ins_HumanRights_2_page_6,994.9,110.7,1079.0
1874761,stimulus_Ins_HumanRights_2_page_6,994.9,110.9,1080.0
1874762,stimulus_Ins_HumanRights_2_page_6,994.8,110.9,1081.0
1874763,stimulus_Ins_HumanRights_2_page_6,994.6,109.9,1079.0
1874764,stimulus_Ins_HumanRights_2_page_6,994.5,108.8,1077.0
1874765,stimulus_Ins_HumanRights_2_page_6,994.9,107.8,1075.0
1874766,stimulus_Ins_HumanRights_2_page_6,995.3,107.7,1073.0
1874767,stimulus_Ins_HumanRights_2_page_6,995.8,107.7,1071.0
1874768,stimulus_Ins_HumanRights_2_page_6,995.8,107.7,1070.0
1874769,stimulus_Ins_HumanRights_2_page_6,995.8,108.0,1072.0
1874770,stimulus_Ins_HumanRights_2_page_6,995.8,108.3,1074.0
1874771,stimulus_Ins_HumanRights_2_page_6,995.9,108.5,1074.0
1874772,stimulus_Ins_HumanRights_2_page_6,995.8,108.2,1074.0
1874773,stimulus_Ins_HumanRights_2_page_6,995.8,107.9,1074.0
1874774,stimulus_Ins_HumanRights_2_page_6,995.8,107.8,1074.0
1874775,stimulus_Ins_HumanRights_2_page_6,995.7,107.7,1071.0
1874776,stimulus_Ins_HumanRights_2_page_6,995.7,107.6,1069.0
1874777,stimulus_Ins_HumanRights_2_page_6,995.6,107.1,1067.0
1874778,stimulus_Ins_HumanRights_2_page_6,995.6,106.7,1067.0
1874779,stimulus_Ins_HumanRights_2_page_6,995.8,106.6,1067.0
1874780,stimulus_Ins_HumanRights_2_page_6,996.2,107.0,1068.0
1874781,stimulus_Ins_HumanRights_2_page_6,996.6,107.4,1068.0
1874782,stimulus_Ins_HumanRights_2_page_6,996.9,107.6,1069.0
1874783,stimulus_Ins_HumanRights_2_page_6,996.9,107.7,1067.0
1874784,stimulus_Ins_HumanRights_2_page_6,996.7,107.8,1066.0
1874785,stimulus_Ins_HumanRights_2_page_6,996.4,107.9,1065.0
1874786,stimulus_Ins_HumanRights_2_page_6,996.1,107.9,1065.0
1874787,stimulus_Ins_HumanRights_2_page_6,996.2,107.9,1065.0
1874788,stimulus_Ins_HumanRights_2_page_6,996.4,107.9,1066.0
1874789,stimulus_Ins_HumanRights_2_page_6,996.6,107.5,1067.0
1874790,stimulus_Ins_HumanRights_2_page_6,996.8,107.0,1069.0
1874791,stimulus_Ins_HumanRights_2_page_6,996.8,106.6,1070.0
1874792,stimulus_Ins_HumanRights_2_page_6,996.7,106.6,1071.0
1874793,stimulus_Ins_HumanRights_2_page_6,996.5,106.6,1070.0
1874794,stimulus_Ins_HumanRights_2_page_6,996.5,106.9,1069.0
1874795,stimulus_Ins_HumanRights_2_page_6,996.7,107.2,1066.0
1874796,stimulus_Ins_HumanRights_2_page_6,996.9,107.5,1065.0
1874797,stimulus_Ins_HumanRights_2_page_6,996.8,107.7,1065.0
1874798,stimulus_Ins_HumanRights_2_page_6,996.6,107.6,1065.0
1874799,stimulus_Ins_HumanRights_2_page_6,996.5,107.3,1065.0
1874800,stimulus_Ins_HumanRights_2_page_6,996.4,107.1,1065.0
1874801,stimulus_Ins_HumanRights_2_page_6,996.4,107.2,1064.0
1874802,stimulus_Ins_HumanRights_2_page_6,996.4,106.5,1064.0
1874803,stimulus_Ins_HumanRights_2_page_6,996.5,105.8,1063.0
1874804,stimulus_Ins_HumanRights_2_page_6,995.7,105.2,1063.0
1874805,stimulus_Ins_HumanRights_2_page_6,994.9,105.3,1064.0
1874806,stimulus_Ins_HumanRights_2_page_6,994.5,105.2,1062.0
1874807,stimulus_Ins_HumanRights_2_page_6,995.1,104.4,1060.0
1874808,stimulus_Ins_HumanRights_2_page_6,996.8,103.6,1059.0
1874809,stimulus_Ins_HumanRights_2_page_6,998.1,102.9,1060.0
1874810,stimulus_Ins_HumanRights_2_page_6,1000.1,102.5,1061.0
1874811,stimulus_Ins_HumanRights_2_page_6,1002.3,101.6,1061.0
1874812,stimulus_Ins_HumanRights_2_page_6,1006.1,100.0,1061.0
1874813,stimulus_Ins_HumanRights_2_page_6,1010.0,98.6,1058.0
1874814,stimulus_Ins_HumanRights_2_page_6,1012.8,98.0,1056.0
1874815,stimulus_Ins_HumanRights_2_page_6,1014.9,98.0,1054.0
1874816,stimulus_Ins_HumanRights_2_page_6,1018.3,97.9,1054.0
1874817,stimulus_Ins_HumanRights_2_page_6,1023.4,97.3,1054.0
1874818,stimulus_Ins_HumanRights_2_page_6,1029.4,96.6,1054.0
1874819,stimulus_Ins_HumanRights_2_page_6,1035.1,96.4,1054.0
1874820,stimulus_Ins_HumanRights_2_page_6,1040.0,96.3,1054.0
1874821,stimulus_Ins_HumanRights_2_page_6,1043.4,96.3,1053.0
1874822,stimulus_Ins_HumanRights_2_page_6,1046.0,96.5,1053.0
1874823,stimulus_Ins_HumanRights_2_page_6,1048.0,96.8,1052.0
1874824,stimulus_Ins_HumanRights_2_page_6,1050.8,97.2,1052.0
1874825,stimulus_Ins_HumanRights_2_page_6,1053.1,97.2,1051.0
1874826,stimulus_Ins_HumanRights_2_page_6,1056.5,97.0,1047.0
1874827,stimulus_Ins_HumanRights_2_page_6,1059.5,96.0,1044.0
1874828,stimulus_Ins_HumanRights_2_page_6,1063.4,94.9,1042.0
1874829,stimulus_Ins_HumanRights_2_page_6,1067.1,93.7,1042.0
1874830,stimulus_Ins_HumanRights_2_page_6,1070.0,94.4,1044.0
1874831,stimulus_Ins_HumanRights_2_page_6,1071.8,95.3,1047.0
1874832,stimulus_Ins_HumanRights_2_page_6,1072.5,95.8,1049.0
1874833,stimulus_Ins_HumanRights_2_page_6,1073.5,94.9,1046.0
1874834,stimulus_Ins_HumanRights_2_page_6,1074.3,94.0,1044.0
1874835,stimulus_Ins_HumanRights_2_page_6,1075.2,93.5,1041.0
1874836,stimulus_Ins_HumanRights_2_page_6,1075.5,94.2,1041.0
1874837,stimulus_Ins_HumanRights_2_page_6,1075.8,95.4,1041.0
1874838,stimulus_Ins_HumanRights_2_page_6,1076.1,96.6,1042.0
1874839,stimulus_Ins_HumanRights_2_page_6,1076.9,97.1,1042.0
1874840,stimulus_Ins_HumanRights_2_page_6,1077.8,97.1,1043.0
1874841,stimulus_Ins_HumanRights_2_page_6,1078.3,97.4,1042.0
1874842,stimulus_Ins_HumanRights_2_page_6,1078.3,97.5,1043.0
1874843,stimulus_Ins_HumanRights_2_page_6,1078.1,97.6,1043.0
1874844,stimulus_Ins_HumanRights_2_page_6,1078.2,97.5,1044.0
1874845,stimulus_Ins_HumanRights_2_page_6,1078.2,97.6,1045.0
1874846,stimulus_Ins_HumanRights_2_page_6,1078.4,97.7,1046.0
1874847,stimulus_Ins_HumanRights_2_page_6,1078.8,97.7,1046.0
1874848,stimulus_Ins_HumanRights_2_page_6,1079.2,97.4,1045.0
1874849,stimulus_Ins_HumanRights_2_page_6,1080.0,96.8,1044.0
1874850,stimulus_Ins_HumanRights_2_page_6,1080.4,96.2,1044.0
1874851,stimulus_Ins_HumanRights_2_page_6,1080.8,96.1,1043.0
1874852,stimulus_Ins_HumanRights_2_page_6,1080.8,96.2,1044.0
1874853,stimulus_Ins_HumanRights_2_page_6,1081.0,96.2,1044.0
1874854,stimulus_Ins_HumanRights_2_page_6,1081.2,96.0,1044.0
1874855,stimulus_Ins_HumanRights_2_page_6,1081.4,96.1,1044.0
1874856,stimulus_Ins_HumanRights_2_page_6,1081.2,96.2,1042.0
1874857,stimulus_Ins_HumanRights_2_page_6,1081.1,96.3,1040.0
1874858,stimulus_Ins_HumanRights_2_page_6,1080.9,96.1,1038.0
1874859,stimulus_Ins_HumanRights_2_page_6,1080.9,95.9,1038.0
1874860,stimulus_Ins_HumanRights_2_page_6,1080.8,95.7,1039.0
1874861,stimulus_Ins_HumanRights_2_page_6,1080.8,95.7,1040.0
1874862,stimulus_Ins_HumanRights_2_page_6,1080.8,95.8,1040.0
1874863,stimulus_Ins_HumanRights_2_page_6,1081.1,95.8,1040.0
1874864,stimulus_Ins_HumanRights_2_page_6,1081.3,95.7,1040.0
1874865,stimulus_Ins_HumanRights_2_page_6,1081.6,95.4,1039.0
1874866,stimulus_Ins_HumanRights_2_page_6,1081.7,95.1,1037.0
1874867,stimulus_Ins_HumanRights_2_page_6,1081.7,94.8,1036.0
1874868,stimulus_Ins_HumanRights_2_page_6,1081.7,94.6,1037.0
1874869,stimulus_Ins_HumanRights_2_page_6,1081.7,94.6,1038.0
1874870,stimulus_Ins_HumanRights_2_page_6,1081.7,94.8,1037.0
1874871,stimulus_Ins_HumanRights_2_page_6,1081.9,94.7,1035.0
1874872,stimulus_Ins_HumanRights_2_page_6,1082.1,94.4,1033.0
1874873,stimulus_Ins_HumanRights_2_page_6,1082.2,94.1,1033.0
1874874,stimulus_Ins_HumanRights_2_page_6,1082.0,94.2,1032.0
1874875,stimulus_Ins_HumanRights_2_page_6,1081.8,94.4,1033.0
1874876,stimulus_Ins_HumanRights_2_page_6,1081.7,94.6,1034.0
1874877,stimulus_Ins_HumanRights_2_page_6,1081.8,94.3,1034.0
1874878,stimulus_Ins_HumanRights_2_page_6,1081.9,93.8,1034.0
1874879,stimulus_Ins_HumanRights_2_page_6,1082.1,93.4,1034.0
1874880,stimulus_Ins_HumanRights_2_page_6,1081.9,93.5,1034.0
1874881,stimulus_Ins_HumanRights_2_page_6,1081.8,93.5,1032.0
1874882,stimulus_Ins_HumanRights_2_page_6,1081.7,93.5,1031.0
1874883,stimulus_Ins_HumanRights_2_page_6,1081.7,93.4,1031.0
1874884,stimulus_Ins_HumanRights_2_page_6,1081.7,94.0,1031.0
1874885,stimulus_Ins_HumanRights_2_page_6,1081.5,94.6,1032.0
1874886,stimulus_Ins_HumanRights_2_page_6,1081.5,95.2,1032.0
1874887,stimulus_Ins_HumanRights_2_page_6,1081.5,95.0,1031.0
1874888,stimulus_Ins_HumanRights_2_page_6,1081.5,94.9,1031.0
1874889,stimulus_Ins_HumanRights_2_page_6,1081.4,94.9,1030.0
1874890,stimulus_Ins_HumanRights_2_page_6,1081.3,95.0,1031.0
1874891,stimulus_Ins_HumanRights_2_page_6,1081.3,94.5,1032.0
1874892,stimulus_Ins_HumanRights_2_page_6,1081.3,94.0,1033.0
1874893,stimulus_Ins_HumanRights_2_page_6,1081.7,93.5,1032.0
1874894,stimulus_Ins_HumanRights_2_page_6,1082.1,93.4,1031.0
1874895,stimulus_Ins_HumanRights_2_page_6,1082.6,93.4,1030.0
1874896,stimulus_Ins_HumanRights_2_page_6,1082.7,93.4,1030.0
1874897,stimulus_Ins_HumanRights_2_page_6,1082.9,93.6,1029.0
1874898,stimulus_Ins_HumanRights_2_page_6,1083.0,93.9,1029.0
1874899,stimulus_Ins_HumanRights_2_page_6,1083.1,94.2,1029.0
1874900,stimulus_Ins_HumanRights_2_page_6,1083.2,93.9,1029.0
1874901,stimulus_Ins_HumanRights_2_page_6,1083.5,93.4,1029.0
1874902,stimulus_Ins_HumanRights_2_page_6,1083.8,92.9,1030.0
1874903,stimulus_Ins_HumanRights_2_page_6,1084.0,92.9,1031.0
1874904,stimulus_Ins_HumanRights_2_page_6,1084.2,92.8,1032.0
1874905,stimulus_Ins_HumanRights_2_page_6,1084.5,92.7,1032.0
1874906,stimulus_Ins_HumanRights_2_page_6,1084.6,92.5,1029.0
1874907,stimulus_Ins_HumanRights_2_page_6,1084.9,92.7,1027.0
1874908,stimulus_Ins_HumanRights_2_page_6,1085.1,93.0,1025.0
1874909,stimulus_Ins_HumanRights_2_page_6,1085.2,93.3,1025.0
1874910,stimulus_Ins_HumanRights_2_page_6,1085.1,93.3,1025.0
1874911,stimulus_Ins_HumanRights_2_page_6,1085.0,93.3,1026.0
1874912,stimulus_Ins_HumanRights_2_page_6,1084.9,93.1,1026.0
1874913,stimulus_Ins_HumanRights_2_page_6,1084.7,93.0,1026.0
1874914,stimulus_Ins_HumanRights_2_page_6,1084.6,93.7,1026.0
1874915,stimulus_Ins_HumanRights_2_page_6,1084.5,94.4,1026.0
1874916,stimulus_Ins_HumanRights_2_page_6,1084.9,94.6,1026.0
1874917,stimulus_Ins_HumanRights_2_page_6,1085.4,94.0,1026.0
1874918,stimulus_Ins_HumanRights_2_page_6,1085.9,93.4,1026.0
1874919,stimulus_Ins_HumanRights_2_page_6,1086.0,93.5,1026.0
1874920,stimulus_Ins_HumanRights_2_page_6,1086.1,93.6,1026.0
1874921,stimulus_Ins_HumanRights_2_page_6,1085.9,93.3,1026.0
1874922,stimulus_Ins_HumanRights_2_page_6,1085.8,92.9,1026.0
1874923,stimulus_Ins_HumanRights_2_page_6,1085.7,92.5,1026.0
1874924,stimulus_Ins_HumanRights_2_page_6,1085.6,92.2,1026.0
1874925,stimulus_Ins_HumanRights_2_page_6,1085.5,92.0,1026.0
1874926,stimulus_Ins_HumanRights_2_page_6,1085.4,91.7,1026.0
1874927,stimulus_Ins_HumanRights_2_page_6,1085.3,91.8,1025.0
1874928,stimulus_Ins_HumanRights_2_page_6,1085.3,92.0,1024.0
1874929,stimulus_Ins_HumanRights_2_page_6,1085.2,92.4,1024.0
1874930,stimulus_Ins_HumanRights_2_page_6,1085.2,92.8,1024.0
1874931,stimulus_Ins_HumanRights_2_page_6,1085.1,93.0,1023.0
1874932,stimulus_Ins_HumanRights_2_page_6,1085.1,93.0,1023.0
1874933,stimulus_Ins_HumanRights_2_page_6,1085.1,93.0,1023.0
1874934,stimulus_Ins_HumanRights_2_page_6,1084.9,93.0,1023.0
1874935,stimulus_Ins_HumanRights_2_page_6,1084.6,93.6,1024.0
1874936,stimulus_Ins_HumanRights_2_page_6,1084.3,94.1,1024.0
1874937,stimulus_Ins_HumanRights_2_page_6,1084.3,94.7,1025.0
1874938,stimulus_Ins_HumanRights_2_page_6,1084.7,94.7,1025.0
1874939,stimulus_Ins_HumanRights_2_page_6,1085.1,94.5,1025.0
1874940,stimulus_Ins_HumanRights_2_page_6,1085.6,94.0,1024.0
1874941,stimulus_Ins_HumanRights_2_page_6,1085.8,93.6,1025.0
1874942,stimulus_Ins_HumanRights_2_page_6,1085.7,93.3,1025.0
1874943,stimulus_Ins_HumanRights_2_page_6,1085.3,93.3,1025.0
1874944,stimulus_Ins_HumanRights_2_page_6,1085.0,93.2,1025.0
1874945,stimulus_Ins_HumanRights_2_page_6,1085.0,93.1,1025.0
1874946,stimulus_Ins_HumanRights_2_page_6,1084.6,93.0,1023.0
1874947,stimulus_Ins_HumanRights_2_page_6,1084.1,93.0,1022.0
1874948,stimulus_Ins_HumanRights_2_page_6,1083.8,93.2,1020.0
1874949,stimulus_Ins_HumanRights_2_page_6,1083.9,93.1,1020.0
1874950,stimulus_Ins_HumanRights_2_page_6,1084.0,92.9,1020.0
1874951,stimulus_Ins_HumanRights_2_page_6,1084.0,92.8,1021.0
1874952,stimulus_Ins_HumanRights_2_page_6,1084.1,93.2,1022.0
1874953,stimulus_Ins_HumanRights_2_page_6,1084.2,93.7,1024.0
1874954,stimulus_Ins_HumanRights_2_page_6,1084.4,93.9,1024.0
1874955,stimulus_Ins_HumanRights_2_page_6,1084.5,93.7,1023.0
1874956,stimulus_Ins_HumanRights_2_page_6,1084.6,93.8,1021.0
1874957,stimulus_Ins_HumanRights_2_page_6,1084.6,94.2,1019.0
1874958,stimulus_Ins_HumanRights_2_page_6,1084.1,94.6,1020.0
1874959,stimulus_Ins_HumanRights_2_page_6,1083.5,94.3,1020.0
1874960,stimulus_Ins_HumanRights_2_page_6,1083.1,93.9,1020.0
1874961,stimulus_Ins_HumanRights_2_page_6,1083.4,93.3,1021.0
1874962,stimulus_Ins_HumanRights_2_page_6,1083.7,93.1,1021.0
1874963,stimulus_Ins_HumanRights_2_page_6,1083.8,93.1,1021.0
1874964,stimulus_Ins_HumanRights_2_page_6,1083.7,93.2,1021.0
1874965,stimulus_Ins_HumanRights_2_page_6,1083.5,93.4,1020.0
1874966,stimulus_Ins_HumanRights_2_page_6,1083.2,93.7,1021.0
1874967,stimulus_Ins_HumanRights_2_page_6,1083.2,93.9,1021.0
1874968,stimulus_Ins_HumanRights_2_page_6,1083.4,94.1,1020.0
1874969,stimulus_Ins_HumanRights_2_page_6,1083.6,94.2,1020.0
1874970,stimulus_Ins_HumanRights_2_page_6,1083.9,94.2,1020.0
1874971,stimulus_Ins_HumanRights_2_page_6,1084.1,94.3,1020.0
1874972,stimulus_Ins_HumanRights_2_page_6,1084.1,94.5,1021.0
1874973,stimulus_Ins_HumanRights_2_page_6,1084.0,94.8,1021.0
1874974,stimulus_Ins_HumanRights_2_page_6,1083.8,95.0,1021.0
1874975,stimulus_Ins_HumanRights_2_page_6,1083.2,95.4,1021.0
1874976,stimulus_Ins_HumanRights_2_page_6,1082.6,95.8,1021.0
1874977,stimulus_Ins_HumanRights_2_page_6,1082.3,95.8,1021.0
1874978,stimulus_Ins_HumanRights_2_page_6,1082.6,95.4,1021.0
1874979,stimulus_Ins_HumanRights_2_page_6,1082.9,95.1,1020.0
1874980,stimulus_Ins_HumanRights_2_page_6,1082.9,95.2,1018.0
1874981,stimulus_Ins_HumanRights_2_page_6,1083.1,95.4,1018.0
1874982,stimulus_Ins_HumanRights_2_page_6,1083.5,95.9,1019.0
1874983,stimulus_Ins_HumanRights_2_page_6,1083.9,96.3,1021.0
1874984,stimulus_Ins_HumanRights_2_page_6,1084.0,96.6,1022.0
1874985,stimulus_Ins_HumanRights_2_page_6,1083.9,96.5,1022.0
1874986,stimulus_Ins_HumanRights_2_page_6,1083.7,96.4,1021.0
1874987,stimulus_Ins_HumanRights_2_page_6,1083.6,96.3,1021.0
1874988,stimulus_Ins_HumanRights_2_page_6,1083.6,96.3,1020.0
1874989,stimulus_Ins_HumanRights_2_page_6,1083.6,96.2,1020.0
1874990,stimulus_Ins_HumanRights_2_page_6,1083.5,96.2,1021.0
1874991,stimulus_Ins_HumanRights_2_page_6,1083.5,96.1,1022.0
1874992,stimulus_Ins_HumanRights_2_page_6,1083.3,95.9,1023.0
1874993,stimulus_Ins_HumanRights_2_page_6,1083.1,95.7,1023.0
1874994,stimulus_Ins_HumanRights_2_page_6,1082.9,95.6,1024.0
1874995,stimulus_Ins_HumanRights_2_page_6,1082.9,95.5,1023.0
1874996,stimulus_Ins_HumanRights_2_page_6,1082.9,95.5,1022.0
1874997,stimulus_Ins_HumanRights_2_page_6,1083.1,95.5,1020.0
1874998,stimulus_Ins_HumanRights_2_page_6,1083.2,95.6,1018.0
1874999,stimulus_Ins_HumanRights_2_page_6,1083.5,95.7,1018.0
1875000,stimulus_Ins_HumanRights_2_page_6,1083.7,95.9,1019.0
1875001,stimulus_Ins_HumanRights_2_page_6,1083.8,96.0,1020.0
1875002,stimulus_Ins_HumanRights_2_page_6,1083.8,96.1,1021.0
1875003,stimulus_Ins_HumanRights_2_page_6,1083.7,96.1,1021.0
1875004,stimulus_Ins_HumanRights_2_page_6,1083.6,96.1,1021.0
1875005,stimulus_Ins_HumanRights_2_page_6,1083.6,96.1,1020.0
1875006,stimulus_Ins_HumanRights_2_page_6,1083.6,96.0,1020.0
1875007,stimulus_Ins_HumanRights_2_page_6,1083.5,96.1,1019.0
1875008,stimulus_Ins_HumanRights_2_page_6,1083.3,96.3,1018.0
1875009,stimulus_Ins_HumanRights_2_page_6,1083.3,96.3,1017.0
1875010,stimulus_Ins_HumanRights_2_page_6,1083.6,96.2,1017.0
1875011,stimulus_Ins_HumanRights_2_page_6,1083.9,96.3,1019.0
1875012,stimulus_Ins_HumanRights_2_page_6,1083.6,96.5,1020.0
1875013,stimulus_Ins_HumanRights_2_page_6,1083.2,96.7,1021.0
1875014,stimulus_Ins_HumanRights_2_page_6,1082.9,96.8,1021.0
1875015,stimulus_Ins_HumanRights_2_page_6,1082.9,96.7,1019.0
1875016,stimulus_Ins_HumanRights_2_page_6,1083.2,96.4,1015.0
1875017,stimulus_Ins_HumanRights_2_page_6,1083.5,95.9,1012.0
1875018,stimulus_Ins_HumanRights_2_page_6,1083.6,95.5,1012.0
1875019,stimulus_Ins_HumanRights_2_page_6,1083.5,95.2,1014.0
1875020,stimulus_Ins_HumanRights_2_page_6,1083.4,95.2,1016.0
1875021,stimulus_Ins_HumanRights_2_page_6,1083.4,95.2,1017.0
1875022,stimulus_Ins_HumanRights_2_page_6,1083.4,95.1,1017.0
1875023,stimulus_Ins_HumanRights_2_page_6,1083.9,95.2,1018.0
1875024,stimulus_Ins_HumanRights_2_page_6,1084.3,95.1,1018.0
1875025,stimulus_Ins_HumanRights_2_page_6,1084.6,95.1,1018.0
1875026,stimulus_Ins_HumanRights_2_page_6,1084.2,94.9,1018.0
1875027,stimulus_Ins_HumanRights_2_page_6,1083.8,95.0,1017.0
1875028,stimulus_Ins_HumanRights_2_page_6,1083.6,95.0,1017.0
1875029,stimulus_Ins_HumanRights_2_page_6,1083.6,94.9,1017.0
1875030,stimulus_Ins_HumanRights_2_page_6,1083.7,95.2,1017.0
1875031,stimulus_Ins_HumanRights_2_page_6,1083.8,95.5,1017.0
1875032,stimulus_Ins_HumanRights_2_page_6,1083.9,95.7,1017.0
1875033,stimulus_Ins_HumanRights_2_page_6,1084.0,95.7,1017.0
1875034,stimulus_Ins_HumanRights_2_page_6,1083.9,95.6,1017.0
1875035,stimulus_Ins_HumanRights_2_page_6,1083.8,95.4,1016.0
1875036,stimulus_Ins_HumanRights_2_page_6,1083.7,95.3,1015.0
1875037,stimulus_Ins_HumanRights_2_page_6,1083.7,95.3,1015.0
1875038,stimulus_Ins_HumanRights_2_page_6,1083.7,95.3,1015.0
1875039,stimulus_Ins_HumanRights_2_page_6,1083.6,95.4,1015.0
1875040,stimulus_Ins_HumanRights_2_page_6,1083.5,95.5,1016.0
1875041,stimulus_Ins_HumanRights_2_page_6,1083.4,95.2,1016.0
1875042,stimulus_Ins_HumanRights_2_page_6,1083.2,94.8,1017.0
1875043,stimulus_Ins_HumanRights_2_page_6,1083.0,94.5,1017.0
1875044,stimulus_Ins_HumanRights_2_page_6,1082.8,94.4,1016.0
1875045,stimulus_Ins_HumanRights_2_page_6,1083.3,94.3,1016.0
1875046,stimulus_Ins_HumanRights_2_page_6,1083.8,94.1,1016.0
1875047,stimulus_Ins_HumanRights_2_page_6,1083.9,94.1,1016.0
1875048,stimulus_Ins_HumanRights_2_page_6,1083.6,94.1,1016.0
1875049,stimulus_Ins_HumanRights_2_page_6,1083.0,94.2,1016.0
1875050,stimulus_Ins_HumanRights_2_page_6,1082.8,94.2,1016.0
1875051,stimulus_Ins_HumanRights_2_page_6,1082.9,94.4,1016.0
1875052,stimulus_Ins_HumanRights_2_page_6,1083.1,94.4,1016.0
1875053,stimulus_Ins_HumanRights_2_page_6,1083.2,94.5,1016.0
1875054,stimulus_Ins_HumanRights_2_page_6,1083.1,94.2,1015.0
1875055,stimulus_Ins_HumanRights_2_page_6,1083.2,93.9,1015.0
1875056,stimulus_Ins_HumanRights_2_page_6,1083.5,93.9,1015.0
1875057,stimulus_Ins_HumanRights_2_page_6,1083.8,94.5,1015.0
1875058,stimulus_Ins_HumanRights_2_page_6,1083.8,95.0,1015.0
1875059,stimulus_Ins_HumanRights_2_page_6,1083.8,95.1,1015.0
1875060,stimulus_Ins_HumanRights_2_page_6,1083.5,94.5,1014.0
1875061,stimulus_Ins_HumanRights_2_page_6,1083.2,94.0,1014.0
1875062,stimulus_Ins_HumanRights_2_page_6,1083.1,93.7,1014.0
1875063,stimulus_Ins_HumanRights_2_page_6,1083.1,93.8,1015.0
1875064,stimulus_Ins_HumanRights_2_page_6,1083.2,93.8,1015.0
1875065,stimulus_Ins_HumanRights_2_page_6,1083.3,93.9,1014.0
1875066,stimulus_Ins_HumanRights_2_page_6,1083.4,94.1,1014.0
1875067,stimulus_Ins_HumanRights_2_page_6,1083.6,94.3,1014.0
1875068,stimulus_Ins_HumanRights_2_page_6,1083.2,94.6,1014.0
1875069,stimulus_Ins_HumanRights_2_page_6,1082.8,94.6,1014.0
1875070,stimulus_Ins_HumanRights_2_page_6,1082.6,94.6,1015.0
1875071,stimulus_Ins_HumanRights_2_page_6,1082.8,94.5,1016.0
1875072,stimulus_Ins_HumanRights_2_page_6,1083.1,93.8,1016.0
1875073,stimulus_Ins_HumanRights_2_page_6,1083.1,93.1,1014.0
1875074,stimulus_Ins_HumanRights_2_page_6,1083.2,92.5,1012.0
1875075,stimulus_Ins_HumanRights_2_page_6,1083.3,92.7,1011.0
1875076,stimulus_Ins_HumanRights_2_page_6,1083.4,92.9,1012.0
1875077,stimulus_Ins_HumanRights_2_page_6,1083.4,93.1,1012.0
1875078,stimulus_Ins_HumanRights_2_page_6,1083.1,93.2,1013.0
1875079,stimulus_Ins_HumanRights_2_page_6,1082.8,93.3,1014.0
1875080,stimulus_Ins_HumanRights_2_page_6,1082.9,93.2,1014.0
1875081,stimulus_Ins_HumanRights_2_page_6,1083.1,92.8,1015.0
1875082,stimulus_Ins_HumanRights_2_page_6,1083.3,92.1,1015.0
1875083,stimulus_Ins_HumanRights_2_page_6,1083.3,91.7,1015.0
1875084,stimulus_Ins_HumanRights_2_page_6,1083.3,91.8,1013.0
1875085,stimulus_Ins_HumanRights_2_page_6,1083.3,92.0,1012.0
1875086,stimulus_Ins_HumanRights_2_page_6,1083.4,92.3,1011.0
1875087,stimulus_Ins_HumanRights_2_page_6,1083.3,92.3,1012.0
1875088,stimulus_Ins_HumanRights_2_page_6,1083.1,92.8,1013.0
1875089,stimulus_Ins_HumanRights_2_page_6,1083.0,93.4,1015.0
1875090,stimulus_Ins_HumanRights_2_page_6,1083.0,94.0,1016.0
1875091,stimulus_Ins_HumanRights_2_page_6,1082.9,94.3,1016.0
1875092,stimulus_Ins_HumanRights_2_page_6,1082.7,94.3,1015.0
1875093,stimulus_Ins_HumanRights_2_page_6,1083.1,94.3,1015.0
1875094,stimulus_Ins_HumanRights_2_page_6,1083.7,94.2,1015.0
1875095,stimulus_Ins_HumanRights_2_page_6,1084.4,93.9,1014.0
1875096,stimulus_Ins_HumanRights_2_page_6,1084.5,93.5,1013.0
1875097,stimulus_Ins_HumanRights_2_page_6,1084.6,93.0,1012.0
1875098,stimulus_Ins_HumanRights_2_page_6,1084.4,92.3,1012.0
1875099,stimulus_Ins_HumanRights_2_page_6,1084.2,91.8,1011.0
1875100,stimulus_Ins_HumanRights_2_page_6,1084.2,91.4,1011.0
1875101,stimulus_Ins_HumanRights_2_page_6,1084.2,91.5,1012.0
1875102,stimulus_Ins_HumanRights_2_page_6,1084.1,91.6,1013.0
1875103,stimulus_Ins_HumanRights_2_page_6,1083.4,91.7,1014.0
1875104,stimulus_Ins_HumanRights_2_page_6,1082.8,91.7,1014.0
1875105,stimulus_Ins_HumanRights_2_page_6,1082.4,91.8,1014.0
1875106,stimulus_Ins_HumanRights_2_page_6,1082.5,92.0,1013.0
1875107,stimulus_Ins_HumanRights_2_page_6,1083.2,92.2,1011.0
1875108,stimulus_Ins_HumanRights_2_page_6,1083.7,92.3,1011.0
1875109,stimulus_Ins_HumanRights_2_page_6,1084.1,92.4,1011.0
1875110,stimulus_Ins_HumanRights_2_page_6,1083.9,92.6,1012.0
1875111,stimulus_Ins_HumanRights_2_page_6,1083.7,92.3,1012.0
1875112,stimulus_Ins_HumanRights_2_page_6,1083.6,91.9,1013.0
1875113,stimulus_Ins_HumanRights_2_page_6,1083.6,91.5,1013.0
1875114,stimulus_Ins_HumanRights_2_page_6,1083.6,91.2,1013.0
1875115,stimulus_Ins_HumanRights_2_page_6,1083.5,90.9,1012.0
1875116,stimulus_Ins_HumanRights_2_page_6,1083.5,90.6,1011.0
1875117,stimulus_Ins_HumanRights_2_page_6,1083.4,90.6,1011.0
1875118,stimulus_Ins_HumanRights_2_page_6,1083.4,90.5,1012.0
1875119,stimulus_Ins_HumanRights_2_page_6,1083.4,90.6,1012.0
1875120,stimulus_Ins_HumanRights_2_page_6,1083.2,90.6,1011.0
1875121,stimulus_Ins_HumanRights_2_page_6,1083.1,90.8,1010.0
1875122,stimulus_Ins_HumanRights_2_page_6,1083.0,90.9,1008.0
1875123,stimulus_Ins_HumanRights_2_page_6,1083.1,91.0,1009.0
1875124,stimulus_Ins_HumanRights_2_page_6,1083.3,91.1,1009.0
1875125,stimulus_Ins_HumanRights_2_page_6,1083.4,91.2,1010.0
1875126,stimulus_Ins_HumanRights_2_page_6,1083.7,91.3,1009.0
1875127,stimulus_Ins_HumanRights_2_page_6,1084.0,91.4,1009.0
1875128,stimulus_Ins_HumanRights_2_page_6,1084.2,91.1,1009.0
1875129,stimulus_Ins_HumanRights_2_page_6,1084.1,90.9,1009.0
1875130,stimulus_Ins_HumanRights_2_page_6,1083.9,90.9,1011.0
1875131,stimulus_Ins_HumanRights_2_page_6,1083.8,91.2,1012.0
1875132,stimulus_Ins_HumanRights_2_page_6,1083.8,91.3,1013.0
1875133,stimulus_Ins_HumanRights_2_page_6,1083.8,91.1,1013.0
1875134,stimulus_Ins_HumanRights_2_page_6,1083.7,91.1,1013.0
1875135,stimulus_Ins_HumanRights_2_page_6,1083.7,91.3,1014.0
1875136,stimulus_Ins_HumanRights_2_page_6,1083.6,91.5,1012.0
1875137,stimulus_Ins_HumanRights_2_page_6,1083.5,91.3,1011.0
1875138,stimulus_Ins_HumanRights_2_page_6,1083.6,91.0,1010.0
1875139,stimulus_Ins_HumanRights_2_page_6,1083.9,91.4,1011.0
1875140,stimulus_Ins_HumanRights_2_page_6,1084.1,92.0,1011.0
1875141,stimulus_Ins_HumanRights_2_page_6,1084.1,92.6,1011.0
1875142,stimulus_Ins_HumanRights_2_page_6,1084.2,92.9,1011.0
1875143,stimulus_Ins_HumanRights_2_page_6,1084.3,93.3,1011.0
1875144,stimulus_Ins_HumanRights_2_page_6,1084.4,94.0,1011.0
1875145,stimulus_Ins_HumanRights_2_page_6,1084.5,94.3,1011.0
1875146,stimulus_Ins_HumanRights_2_page_6,1084.3,94.5,1012.0
1875147,stimulus_Ins_HumanRights_2_page_6,1083.8,95.4,1012.0
1875148,stimulus_Ins_HumanRights_2_page_6,1083.2,96.3,1013.0
1875149,stimulus_Ins_HumanRights_2_page_6,1082.8,97.8,1014.0
1875150,stimulus_Ins_HumanRights_2_page_6,1083.0,98.5,1016.0
1875151,stimulus_Ins_HumanRights_2_page_6,1083.2,99.3,1018.0
1875152,stimulus_Ins_HumanRights_2_page_6,1083.4,99.5,1018.0
1875153,stimulus_Ins_HumanRights_2_page_6,1083.3,99.6,1016.0
1875154,stimulus_Ins_HumanRights_2_page_6,1083.2,99.7,1014.0
1875155,stimulus_Ins_HumanRights_2_page_6,1083.1,100.1,1013.0
1875156,stimulus_Ins_HumanRights_2_page_6,1083.0,100.5,1013.0
1875157,stimulus_Ins_HumanRights_2_page_6,1083.0,100.7,1012.0
1875158,stimulus_Ins_HumanRights_2_page_6,1083.0,101.2,1011.0
1875159,stimulus_Ins_HumanRights_2_page_6,1082.4,101.7,1009.0
1875160,stimulus_Ins_HumanRights_2_page_6,1080.9,102.3,1009.0
1875161,stimulus_Ins_HumanRights_2_page_6,1079.4,102.4,1011.0
1875162,stimulus_Ins_HumanRights_2_page_6,1077.5,102.5,1013.0
1875163,stimulus_Ins_HumanRights_2_page_6,1076.1,101.7,1015.0
1875164,stimulus_Ins_HumanRights_2_page_6,1073.2,101.0,1015.0
1875165,stimulus_Ins_HumanRights_2_page_6,1069.6,100.4,1015.0
1875166,stimulus_Ins_HumanRights_2_page_6,1064.6,101.9,1016.0
1875167,stimulus_Ins_HumanRights_2_page_6,1057.9,103.8,1017.0
1875168,stimulus_Ins_HumanRights_2_page_6,1050.2,107.3,1017.0
1875169,stimulus_Ins_HumanRights_2_page_6,1043.3,109.6,1018.0
1875170,stimulus_Ins_HumanRights_2_page_6,1037.3,112.2,1018.0
1875171,stimulus_Ins_HumanRights_2_page_6,1030.5,113.4,1018.0
1875172,stimulus_Ins_HumanRights_2_page_6,1021.6,113.9,1017.0
1875173,stimulus_Ins_HumanRights_2_page_6,1012.3,113.0,1016.0
1875174,stimulus_Ins_HumanRights_2_page_6,1004.9,108.9,1014.0
1875175,stimulus_Ins_HumanRights_2_page_6,998.3,103.7,1012.0
1875176,stimulus_Ins_HumanRights_2_page_6,993.1,96.6,1010.0
1875177,stimulus_Ins_HumanRights_2_page_6,987.6,91.7,1010.0
1875178,stimulus_Ins_HumanRights_2_page_6,982.4,87.4,1011.0
1875179,stimulus_Ins_HumanRights_2_page_6,978.4,85.6,1015.0
1875180,stimulus_Ins_HumanRights_2_page_6,976.0,86.0,1018.0
1875181,stimulus_Ins_HumanRights_2_page_6,974.3,90.4,1015.0
1875182,stimulus_Ins_HumanRights_2_page_6,971.2,97.9,1011.0
1875183,stimulus_Ins_HumanRights_2_page_6,966.4,106.3,1004.0
1875184,stimulus_Ins_HumanRights_2_page_6,961.0,113.7,1000.0
1875185,stimulus_Ins_HumanRights_2_page_6,956.3,121.2,993.0
1875186,stimulus_Ins_HumanRights_2_page_6,952.1,128.0,984.0
1875187,stimulus_Ins_HumanRights_2_page_6,948.1,134.5,974.0
1875188,stimulus_Ins_HumanRights_2_page_6,943.3,138.9,967.0
1875189,stimulus_Ins_HumanRights_2_page_6,939.4,143.0,963.0
1875190,stimulus_Ins_HumanRights_2_page_6,934.4,146.4,961.0
1875191,stimulus_Ins_HumanRights_2_page_6,929.1,148.9,958.0
1875192,stimulus_Ins_HumanRights_2_page_6,922.2,149.5,954.0
1875193,stimulus_Ins_HumanRights_2_page_6,916.1,149.1,953.0
1875194,stimulus_Ins_HumanRights_2_page_6,912.1,148.5,951.0
1875195,stimulus_Ins_HumanRights_2_page_6,909.0,148.5,949.0
1875196,stimulus_Ins_HumanRights_2_page_6,905.7,148.7,947.0
1875197,stimulus_Ins_HumanRights_2_page_6,899.5,149.2,943.0
1875198,stimulus_Ins_HumanRights_2_page_6,893.9,147.9,941.0
1875199,stimulus_Ins_HumanRights_2_page_6,888.4,146.0,944.0
1875200,stimulus_Ins_HumanRights_2_page_6,882.8,144.2,948.0
1875201,stimulus_Ins_HumanRights_2_page_6,877.3,142.4,954.0
1875202,stimulus_Ins_HumanRights_2_page_6,872.0,140.0,956.0
1875203,stimulus_Ins_HumanRights_2_page_6,866.5,137.7,958.0
1875204,stimulus_Ins_HumanRights_2_page_6,859.9,136.5,961.0
1875205,stimulus_Ins_HumanRights_2_page_6,852.1,135.5,964.0
1875206,stimulus_Ins_HumanRights_2_page_6,845.1,133.8,968.0
1875207,stimulus_Ins_HumanRights_2_page_6,837.8,131.2,969.0
1875208,stimulus_Ins_HumanRights_2_page_6,832.1,128.8,970.0
1875209,stimulus_Ins_HumanRights_2_page_6,826.1,126.7,973.0
1875210,stimulus_Ins_HumanRights_2_page_6,818.8,126.0,976.0
1875211,stimulus_Ins_HumanRights_2_page_6,810.7,125.8,980.0
1875212,stimulus_Ins_HumanRights_2_page_6,802.7,125.9,982.0
1875213,stimulus_Ins_HumanRights_2_page_6,795.6,125.8,983.0
1875214,stimulus_Ins_HumanRights_2_page_6,788.0,126.3,985.0
1875215,stimulus_Ins_HumanRights_2_page_6,778.9,126.8,986.0
1875216,stimulus_Ins_HumanRights_2_page_6,770.5,127.0,989.0
1875217,stimulus_Ins_HumanRights_2_page_6,762.2,126.6,993.0
1875218,stimulus_Ins_HumanRights_2_page_6,755.6,126.1,999.0
1875219,stimulus_Ins_HumanRights_2_page_6,748.7,125.8,1003.0
1875220,stimulus_Ins_HumanRights_2_page_6,741.0,125.6,1006.0
1875221,stimulus_Ins_HumanRights_2_page_6,734.1,125.1,1009.0
1875222,stimulus_Ins_HumanRights_2_page_6,728.3,124.6,1015.0
1875223,stimulus_Ins_HumanRights_2_page_6,721.6,123.3,1023.0
1875224,stimulus_Ins_HumanRights_2_page_6,714.7,121.9,1030.0
1875225,stimulus_Ins_HumanRights_2_page_6,706.2,120.7,1033.0
1875226,stimulus_Ins_HumanRights_2_page_6,699.2,120.6,1033.0
1875227,stimulus_Ins_HumanRights_2_page_6,692.4,120.7,1032.0
1875228,stimulus_Ins_HumanRights_2_page_6,684.7,120.5,1035.0
1875229,stimulus_Ins_HumanRights_2_page_6,676.9,120.0,1039.0
1875230,stimulus_Ins_HumanRights_2_page_6,669.1,119.6,1045.0
1875231,stimulus_Ins_HumanRights_2_page_6,662.5,119.5,1048.0
1875232,stimulus_Ins_HumanRights_2_page_6,655.3,119.2,1050.0
1875233,stimulus_Ins_HumanRights_2_page_6,647.4,118.9,1052.0
1875234,stimulus_Ins_HumanRights_2_page_6,640.0,118.7,1054.0
1875235,stimulus_Ins_HumanRights_2_page_6,633.9,119.5,1056.0
1875236,stimulus_Ins_HumanRights_2_page_6,627.5,121.0,1056.0
1875237,stimulus_Ins_HumanRights_2_page_6,620.1,122.8,1055.0
1875238,stimulus_Ins_HumanRights_2_page_6,613.0,124.2,1055.0
1875239,stimulus_Ins_HumanRights_2_page_6,606.0,125.5,1055.0
1875240,stimulus_Ins_HumanRights_2_page_6,598.6,126.3,1057.0
1875241,stimulus_Ins_HumanRights_2_page_6,589.7,126.9,1060.0
1875242,stimulus_Ins_HumanRights_2_page_6,580.2,128.7,1062.0
1875243,stimulus_Ins_HumanRights_2_page_6,572.7,130.6,1062.0
1875244,stimulus_Ins_HumanRights_2_page_6,566.7,134.2,1062.0
1875245,stimulus_Ins_HumanRights_2_page_6,561.0,136.5,1063.0
1875246,stimulus_Ins_HumanRights_2_page_6,553.7,140.1,1063.0
1875247,stimulus_Ins_HumanRights_2_page_6,545.4,143.5,1063.0
1875248,stimulus_Ins_HumanRights_2_page_6,538.3,147.3,1064.0
1875249,stimulus_Ins_HumanRights_2_page_6,532.4,151.0,1066.0
1875250,stimulus_Ins_HumanRights_2_page_6,525.3,154.0,1066.0
1875251,stimulus_Ins_HumanRights_2_page_6,518.0,156.5,1064.0
1875252,stimulus_Ins_HumanRights_2_page_6,510.6,158.5,1064.0
1875253,stimulus_Ins_HumanRights_2_page_6,505.1,159.9,1065.0
1875254,stimulus_Ins_HumanRights_2_page_6,499.3,161.5,1066.0
1875255,stimulus_Ins_HumanRights_2_page_6,491.9,163.1,1065.0
1875256,stimulus_Ins_HumanRights_2_page_6,483.0,165.2,1065.0
1875257,stimulus_Ins_HumanRights_2_page_6,474.7,167.1,1065.0
1875258,stimulus_Ins_HumanRights_2_page_6,467.7,168.6,1065.0
1875259,stimulus_Ins_HumanRights_2_page_6,461.0,169.6,1066.0
1875260,stimulus_Ins_HumanRights_2_page_6,453.9,170.2,1067.0
1875261,stimulus_Ins_HumanRights_2_page_6,445.4,171.6,1068.0
1875262,stimulus_Ins_HumanRights_2_page_6,438.3,172.8,1070.0
1875263,stimulus_Ins_HumanRights_2_page_6,432.1,173.6,1072.0
1875264,stimulus_Ins_HumanRights_2_page_6,426.7,173.3,1073.0
1875265,stimulus_Ins_HumanRights_2_page_6,420.6,173.0,1073.0
1875266,stimulus_Ins_HumanRights_2_page_6,413.3,173.2,1073.0
1875267,stimulus_Ins_HumanRights_2_page_6,405.9,173.3,1072.0
1875268,stimulus_Ins_HumanRights_2_page_6,399.5,173.4,1072.0
1875269,stimulus_Ins_HumanRights_2_page_6,394.8,173.4,1071.0
1875270,stimulus_Ins_HumanRights_2_page_6,390.6,174.3,1072.0
1875271,stimulus_Ins_HumanRights_2_page_6,385.0,175.2,1073.0
1875272,stimulus_Ins_HumanRights_2_page_6,378.6,176.7,1073.0
1875273,stimulus_Ins_HumanRights_2_page_6,371.5,177.7,1073.0
1875274,stimulus_Ins_HumanRights_2_page_6,366.3,178.5,1072.0
1875275,stimulus_Ins_HumanRights_2_page_6,360.5,179.5,1072.0
1875276,stimulus_Ins_HumanRights_2_page_6,354.2,180.5,1072.0
1875277,stimulus_Ins_HumanRights_2_page_6,346.5,181.4,1072.0
1875278,stimulus_Ins_HumanRights_2_page_6,339.0,181.6,1073.0
1875279,stimulus_Ins_HumanRights_2_page_6,332.8,181.6,1074.0
1875280,stimulus_Ins_HumanRights_2_page_6,326.9,182.3,1075.0
1875281,stimulus_Ins_HumanRights_2_page_6,322.2,183.1,1074.0
1875282,stimulus_Ins_HumanRights_2_page_6,318.2,183.8,1075.0
1875283,stimulus_Ins_HumanRights_2_page_6,313.5,183.8,1075.0
1875284,stimulus_Ins_HumanRights_2_page_6,307.4,183.8,1076.0
1875285,stimulus_Ins_HumanRights_2_page_6,301.9,184.6,1075.0
1875286,stimulus_Ins_HumanRights_2_page_6,298.0,185.5,1075.0
1875287,stimulus_Ins_HumanRights_2_page_6,294.5,186.7,1077.0
1875288,stimulus_Ins_HumanRights_2_page_6,290.9,187.7,1078.0
1875289,stimulus_Ins_HumanRights_2_page_6,287.6,188.5,1079.0
1875290,stimulus_Ins_HumanRights_2_page_6,284.3,189.2,1078.0
1875291,stimulus_Ins_HumanRights_2_page_6,279.3,190.2,1078.0
1875292,stimulus_Ins_HumanRights_2_page_6,273.4,191.4,1078.0
1875293,stimulus_Ins_HumanRights_2_page_6,267.4,192.5,1079.0
1875294,stimulus_Ins_HumanRights_2_page_6,262.8,193.1,1080.0
1875295,stimulus_Ins_HumanRights_2_page_6,259.0,193.4,1081.0
1875296,stimulus_Ins_HumanRights_2_page_6,255.8,193.5,1081.0
1875297,stimulus_Ins_HumanRights_2_page_6,253.3,193.4,1079.0
1875298,stimulus_Ins_HumanRights_2_page_6,250.5,193.3,1078.0
1875299,stimulus_Ins_HumanRights_2_page_6,247.8,193.3,1078.0
1875300,stimulus_Ins_HumanRights_2_page_6,244.9,193.3,1080.0
1875301,stimulus_Ins_HumanRights_2_page_6,242.3,193.3,1082.0
1875302,stimulus_Ins_HumanRights_2_page_6,239.4,193.3,1083.0
1875303,stimulus_Ins_HumanRights_2_page_6,235.7,193.2,1083.0
1875304,stimulus_Ins_HumanRights_2_page_6,231.4,193.2,1084.0
1875305,stimulus_Ins_HumanRights_2_page_6,228.0,193.4,1085.0
1875306,stimulus_Ins_HumanRights_2_page_6,225.8,193.7,1085.0
1875307,stimulus_Ins_HumanRights_2_page_6,224.8,194.2,1086.0
1875308,stimulus_Ins_HumanRights_2_page_6,223.8,194.8,1086.0
1875309,stimulus_Ins_HumanRights_2_page_6,222.7,195.6,1086.0
1875310,stimulus_Ins_HumanRights_2_page_6,221.3,196.8,1085.0
1875311,stimulus_Ins_HumanRights_2_page_6,219.5,197.9,1083.0
1875312,stimulus_Ins_HumanRights_2_page_6,218.0,198.9,1084.0
1875313,stimulus_Ins_HumanRights_2_page_6,216.4,199.3,1085.0
1875314,stimulus_Ins_HumanRights_2_page_6,215.6,199.7,1087.0
1875315,stimulus_Ins_HumanRights_2_page_6,214.7,199.8,1088.0
1875316,stimulus_Ins_HumanRights_2_page_6,214.2,200.2,1088.0
1875317,stimulus_Ins_HumanRights_2_page_6,213.9,200.6,1089.0
1875318,stimulus_Ins_HumanRights_2_page_6,214.1,201.0,1090.0
1875319,stimulus_Ins_HumanRights_2_page_6,214.4,201.1,1090.0
1875320,stimulus_Ins_HumanRights_2_page_6,214.9,201.2,1091.0
1875321,stimulus_Ins_HumanRights_2_page_6,215.2,201.4,1091.0
1875322,stimulus_Ins_HumanRights_2_page_6,215.6,201.5,1092.0
1875323,stimulus_Ins_HumanRights_2_page_6,216.0,201.7,1092.0
1875324,stimulus_Ins_HumanRights_2_page_6,216.4,201.9,1093.0
1875325,stimulus_Ins_HumanRights_2_page_6,216.6,202.7,1093.0
1875326,stimulus_Ins_HumanRights_2_page_6,216.5,203.4,1093.0
1875327,stimulus_Ins_HumanRights_2_page_6,216.4,203.8,1093.0
1875328,stimulus_Ins_HumanRights_2_page_6,216.4,203.8,1093.0
1875329,stimulus_Ins_HumanRights_2_page_6,216.4,203.7,1093.0
1875330,stimulus_Ins_HumanRights_2_page_6,216.6,204.0,1092.0
1875331,stimulus_Ins_HumanRights_2_page_6,216.8,204.4,1091.0
1875332,stimulus_Ins_HumanRights_2_page_6,217.0,204.6,1091.0
1875333,stimulus_Ins_HumanRights_2_page_6,217.1,204.3,1091.0
1875334,stimulus_Ins_HumanRights_2_page_6,217.4,203.9,1092.0
1875335,stimulus_Ins_HumanRights_2_page_6,217.6,203.6,1092.0
1875336,stimulus_Ins_HumanRights_2_page_6,217.8,203.6,1092.0
1875337,stimulus_Ins_HumanRights_2_page_6,217.7,203.7,1091.0
1875338,stimulus_Ins_HumanRights_2_page_6,217.5,203.8,1091.0
1875339,stimulus_Ins_HumanRights_2_page_6,217.0,204.1,1092.0
1875340,stimulus_Ins_HumanRights_2_page_6,216.7,204.3,1092.0
1875341,stimulus_Ins_HumanRights_2_page_6,216.3,204.3,1094.0
1875342,stimulus_Ins_HumanRights_2_page_6,216.3,204.3,1095.0
1875343,stimulus_Ins_HumanRights_2_page_6,216.3,204.2,1096.0
1875344,stimulus_Ins_HumanRights_2_page_6,216.3,204.1,1095.0
1875345,stimulus_Ins_HumanRights_2_page_6,216.8,204.1,1095.0
1875346,stimulus_Ins_HumanRights_2_page_6,217.3,204.1,1094.0
1875347,stimulus_Ins_HumanRights_2_page_6,217.7,204.0,1092.0
1875348,stimulus_Ins_HumanRights_2_page_6,217.7,203.8,1090.0
1875349,stimulus_Ins_HumanRights_2_page_6,217.7,203.7,1090.0
1875350,stimulus_Ins_HumanRights_2_page_6,218.0,203.7,1093.0
1875351,stimulus_Ins_HumanRights_2_page_6,218.7,203.8,1095.0
1875352,stimulus_Ins_HumanRights_2_page_6,219.5,203.7,1096.0
1875353,stimulus_Ins_HumanRights_2_page_6,220.3,203.6,1096.0
1875354,stimulus_Ins_HumanRights_2_page_6,220.6,203.5,1097.0
1875355,stimulus_Ins_HumanRights_2_page_6,220.9,203.5,1096.0
1875356,stimulus_Ins_HumanRights_2_page_6,221.0,203.3,1095.0
1875357,stimulus_Ins_HumanRights_2_page_6,221.2,203.2,1095.0
1875358,stimulus_Ins_HumanRights_2_page_6,221.4,203.2,1095.0
1875359,stimulus_Ins_HumanRights_2_page_6,221.6,203.2,1096.0
1875360,stimulus_Ins_HumanRights_2_page_6,221.8,203.2,1096.0
1875361,stimulus_Ins_HumanRights_2_page_6,222.1,203.1,1097.0
1875362,stimulus_Ins_HumanRights_2_page_6,222.3,203.0,1097.0
1875363,stimulus_Ins_HumanRights_2_page_6,222.5,202.8,1096.0
1875364,stimulus_Ins_HumanRights_2_page_6,222.6,202.9,1096.0
1875365,stimulus_Ins_HumanRights_2_page_6,222.8,203.0,1095.0
1875366,stimulus_Ins_HumanRights_2_page_6,223.1,202.8,1094.0
1875367,stimulus_Ins_HumanRights_2_page_6,223.3,202.5,1094.0
1875368,stimulus_Ins_HumanRights_2_page_6,222.9,202.1,1094.0
1875369,stimulus_Ins_HumanRights_2_page_6,222.4,201.8,1094.0
1875370,stimulus_Ins_HumanRights_2_page_6,221.6,201.6,1095.0
1875371,stimulus_Ins_HumanRights_2_page_6,221.4,201.2,1096.0
1875372,stimulus_Ins_HumanRights_2_page_6,221.2,201.1,1096.0
1875373,stimulus_Ins_HumanRights_2_page_6,221.1,201.0,1096.0
1875374,stimulus_Ins_HumanRights_2_page_6,221.1,201.1,1095.0
1875375,stimulus_Ins_HumanRights_2_page_6,221.1,201.2,1096.0
1875376,stimulus_Ins_HumanRights_2_page_6,221.2,201.2,1096.0
1875377,stimulus_Ins_HumanRights_2_page_6,221.3,201.0,1096.0
1875378,stimulus_Ins_HumanRights_2_page_6,221.2,200.6,1096.0
1875379,stimulus_Ins_HumanRights_2_page_6,221.1,200.2,1097.0
1875380,stimulus_Ins_HumanRights_2_page_6,221.0,200.0,1097.0
1875381,stimulus_Ins_HumanRights_2_page_6,221.0,199.9,1098.0
1875382,stimulus_Ins_HumanRights_2_page_6,220.9,199.9,1098.0
1875383,stimulus_Ins_HumanRights_2_page_6,220.7,200.1,1097.0
1875384,stimulus_Ins_HumanRights_2_page_6,220.5,200.1,1097.0
1875385,stimulus_Ins_HumanRights_2_page_6,220.3,199.8,1097.0
1875386,stimulus_Ins_HumanRights_2_page_6,220.2,199.4,1097.0
1875387,stimulus_Ins_HumanRights_2_page_6,220.4,199.2,1097.0
1875388,stimulus_Ins_HumanRights_2_page_6,220.5,199.1,1097.0
1875389,stimulus_Ins_HumanRights_2_page_6,220.6,199.3,1097.0
1875390,stimulus_Ins_HumanRights_2_page_6,220.7,199.5,1098.0
1875391,stimulus_Ins_HumanRights_2_page_6,220.9,199.8,1099.0
1875392,stimulus_Ins_HumanRights_2_page_6,221.2,199.9,1100.0
1875393,stimulus_Ins_HumanRights_2_page_6,221.4,199.7,1101.0
1875394,stimulus_Ins_HumanRights_2_page_6,221.3,199.4,1101.0
1875395,stimulus_Ins_HumanRights_2_page_6,221.4,199.1,1101.0
1875396,stimulus_Ins_HumanRights_2_page_6,221.5,198.7,1100.0
1875397,stimulus_Ins_HumanRights_2_page_6,221.7,198.4,1100.0
1875398,stimulus_Ins_HumanRights_2_page_6,221.9,198.3,1100.0
1875399,stimulus_Ins_HumanRights_2_page_6,222.0,198.5,1101.0
1875400,stimulus_Ins_HumanRights_2_page_6,222.0,198.6,1102.0
1875401,stimulus_Ins_HumanRights_2_page_6,222.0,198.6,1103.0
1875402,stimulus_Ins_HumanRights_2_page_6,222.0,198.5,1104.0
1875403,stimulus_Ins_HumanRights_2_page_6,222.0,198.4,1104.0
1875404,stimulus_Ins_HumanRights_2_page_6,222.1,198.6,1104.0
1875405,stimulus_Ins_HumanRights_2_page_6,222.1,198.7,1104.0
1875406,stimulus_Ins_HumanRights_2_page_6,222.0,198.9,1103.0
1875407,stimulus_Ins_HumanRights_2_page_6,222.0,199.0,1102.0
1875408,stimulus_Ins_HumanRights_2_page_6,222.1,199.0,1101.0
1875409,stimulus_Ins_HumanRights_2_page_6,222.2,198.9,1100.0
1875410,stimulus_Ins_HumanRights_2_page_6,222.1,198.9,1101.0
1875411,stimulus_Ins_HumanRights_2_page_6,222.1,198.8,1104.0
1875412,stimulus_Ins_HumanRights_2_page_6,222.0,198.7,1107.0
1875413,stimulus_Ins_HumanRights_2_page_6,222.1,198.6,1108.0
1875414,stimulus_Ins_HumanRights_2_page_6,222.2,198.6,1107.0
1875415,stimulus_Ins_HumanRights_2_page_6,222.3,198.4,1106.0
1875416,stimulus_Ins_HumanRights_2_page_6,222.7,198.3,1106.0
1875417,stimulus_Ins_HumanRights_2_page_6,223.0,198.2,1105.0
1875418,stimulus_Ins_HumanRights_2_page_6,223.3,198.3,1105.0
1875419,stimulus_Ins_HumanRights_2_page_6,223.3,198.4,1105.0
1875420,stimulus_Ins_HumanRights_2_page_6,223.3,198.0,1107.0
1875421,stimulus_Ins_HumanRights_2_page_6,223.5,197.6,1108.0
1875422,stimulus_Ins_HumanRights_2_page_6,223.8,197.2,1110.0
1875423,stimulus_Ins_HumanRights_2_page_6,224.1,197.5,1109.0
1875424,stimulus_Ins_HumanRights_2_page_6,223.9,197.9,1109.0
1875425,stimulus_Ins_HumanRights_2_page_6,223.6,198.0,1108.0
1875426,stimulus_Ins_HumanRights_2_page_6,223.4,197.9,1108.0
1875427,stimulus_Ins_HumanRights_2_page_6,223.6,197.7,1108.0
1875428,stimulus_Ins_HumanRights_2_page_6,223.7,197.7,1108.0
1875429,stimulus_Ins_HumanRights_2_page_6,223.6,197.6,1109.0
1875430,stimulus_Ins_HumanRights_2_page_6,223.5,197.5,1109.0
1875431,stimulus_Ins_HumanRights_2_page_6,223.4,197.3,1108.0
1875432,stimulus_Ins_HumanRights_2_page_6,223.8,197.3,1107.0
1875433,stimulus_Ins_HumanRights_2_page_6,224.1,197.3,1107.0
1875434,stimulus_Ins_HumanRights_2_page_6,224.3,197.4,1107.0
1875435,stimulus_Ins_HumanRights_2_page_6,224.5,197.4,1107.0
1875436,stimulus_Ins_HumanRights_2_page_6,224.8,197.4,1107.0
1875437,stimulus_Ins_HumanRights_2_page_6,225.3,197.4,1107.0
1875438,stimulus_Ins_HumanRights_2_page_6,225.5,197.6,1107.0
1875439,stimulus_Ins_HumanRights_2_page_6,225.5,197.9,1107.0
1875440,stimulus_Ins_HumanRights_2_page_6,225.4,197.9,1108.0
1875441,stimulus_Ins_HumanRights_2_page_6,224.9,197.7,1109.0
1875442,stimulus_Ins_HumanRights_2_page_6,224.0,197.3,1111.0
1875443,stimulus_Ins_HumanRights_2_page_6,222.0,196.7,1112.0
1875444,stimulus_Ins_HumanRights_2_page_6,219.6,195.6,1113.0
1875445,stimulus_Ins_HumanRights_2_page_6,215.9,194.7,1112.0
1875446,stimulus_Ins_HumanRights_2_page_6,211.6,194.0,1111.0
1875447,stimulus_Ins_HumanRights_2_page_6,206.3,193.3,1110.0
1875448,stimulus_Ins_HumanRights_2_page_6,201.8,192.6,1113.0
1875449,stimulus_Ins_HumanRights_2_page_6,197.5,192.1,1116.0
1875450,stimulus_Ins_HumanRights_2_page_6,193.2,191.6,1119.0
1875451,stimulus_Ins_HumanRights_2_page_6,187.9,190.9,1118.0
1875452,stimulus_Ins_HumanRights_2_page_6,182.9,190.3,1118.0
1875453,stimulus_Ins_HumanRights_2_page_6,177.6,189.9,1118.0
1875454,stimulus_Ins_HumanRights_2_page_6,172.9,189.8,1117.0
1875455,stimulus_Ins_HumanRights_2_page_6,168.3,190.0,1115.0
1875456,stimulus_Ins_HumanRights_2_page_6,165.0,190.3,1114.0
1875457,stimulus_Ins_HumanRights_2_page_6,162.4,190.5,1113.0
1875458,stimulus_Ins_HumanRights_2_page_6,160.9,190.6,1112.0
1875459,stimulus_Ins_HumanRights_2_page_6,159.9,190.7,1111.0
1875460,stimulus_Ins_HumanRights_2_page_6,159.7,190.8,1110.0
1875461,stimulus_Ins_HumanRights_2_page_6,159.8,190.9,1111.0
1875462,stimulus_Ins_HumanRights_2_page_6,160.4,190.9,1111.0
1875463,stimulus_Ins_HumanRights_2_page_6,160.9,191.0,1111.0
1875464,stimulus_Ins_HumanRights_2_page_6,161.5,191.3,1112.0
1875465,stimulus_Ins_HumanRights_2_page_6,162.1,191.6,1113.0
1875466,stimulus_Ins_HumanRights_2_page_6,162.6,192.0,1114.0
1875467,stimulus_Ins_HumanRights_2_page_6,163.2,192.0,1114.0
1875468,stimulus_Ins_HumanRights_2_page_6,163.4,191.9,1114.0
1875469,stimulus_Ins_HumanRights_2_page_6,163.9,191.8,1116.0
1875470,stimulus_Ins_HumanRights_2_page_6,164.3,191.9,1119.0
1875471,stimulus_Ins_HumanRights_2_page_6,164.3,191.9,1123.0
1875472,stimulus_Ins_HumanRights_2_page_6,164.1,191.9,1125.0
1875473,stimulus_Ins_HumanRights_2_page_6,163.9,191.7,1126.0
1875474,stimulus_Ins_HumanRights_2_page_6,163.9,191.3,1125.0
1875475,stimulus_Ins_HumanRights_2_page_6,164.0,191.0,1124.0
1875476,stimulus_Ins_HumanRights_2_page_6,164.1,190.8,1123.0
1875477,stimulus_Ins_HumanRights_2_page_6,164.2,190.8,1122.0
1875478,stimulus_Ins_HumanRights_2_page_6,164.2,190.7,1123.0
1875479,stimulus_Ins_HumanRights_2_page_6,164.0,190.6,1124.0
1875480,stimulus_Ins_HumanRights_2_page_6,163.7,190.6,1125.0
1875481,stimulus_Ins_HumanRights_2_page_6,163.4,190.6,1125.0
1875482,stimulus_Ins_HumanRights_2_page_6,163.3,190.6,1125.0
1875483,stimulus_Ins_HumanRights_2_page_6,163.2,190.8,1124.0
1875484,stimulus_Ins_HumanRights_2_page_6,163.2,191.4,1124.0
1875485,stimulus_Ins_HumanRights_2_page_6,163.2,191.8,1124.0
1875486,stimulus_Ins_HumanRights_2_page_6,163.4,192.2,1124.0
1875487,stimulus_Ins_HumanRights_2_page_6,163.6,192.1,1123.0
1875488,stimulus_Ins_HumanRights_2_page_6,163.7,192.0,1123.0
1875489,stimulus_Ins_HumanRights_2_page_6,163.7,191.8,1124.0
1875490,stimulus_Ins_HumanRights_2_page_6,163.8,191.6,1126.0
1875491,stimulus_Ins_HumanRights_2_page_6,163.9,191.6,1128.0
1875492,stimulus_Ins_HumanRights_2_page_6,164.0,191.7,1129.0
1875493,stimulus_Ins_HumanRights_2_page_6,164.0,191.7,1130.0
1875494,stimulus_Ins_HumanRights_2_page_6,164.0,191.8,1131.0
1875495,stimulus_Ins_HumanRights_2_page_6,164.0,191.8,1130.0
1875496,stimulus_Ins_HumanRights_2_page_6,164.1,191.7,1129.0
1875497,stimulus_Ins_HumanRights_2_page_6,164.4,191.6,1128.0
1875498,stimulus_Ins_HumanRights_2_page_6,164.7,191.5,1129.0
1875499,stimulus_Ins_HumanRights_2_page_6,165.1,191.5,1130.0
1875500,stimulus_Ins_HumanRights_2_page_6,165.1,191.4,1130.0
1875501,stimulus_Ins_HumanRights_2_page_6,165.0,191.5,1130.0
1875502,stimulus_Ins_HumanRights_2_page_6,164.8,191.6,1130.0
1875503,stimulus_Ins_HumanRights_2_page_6,164.9,191.7,1131.0
1875504,stimulus_Ins_HumanRights_2_page_6,165.0,191.6,1131.0
1875505,stimulus_Ins_HumanRights_2_page_6,165.0,191.6,1132.0
1875506,stimulus_Ins_HumanRights_2_page_6,164.9,191.6,1133.0
1875507,stimulus_Ins_HumanRights_2_page_6,165.0,191.5,1133.0
1875508,stimulus_Ins_HumanRights_2_page_6,165.3,191.5,1133.0
1875509,stimulus_Ins_HumanRights_2_page_6,165.5,191.6,1133.0
1875510,stimulus_Ins_HumanRights_2_page_6,165.5,191.8,1134.0
1875511,stimulus_Ins_HumanRights_2_page_6,166.0,192.0,1135.0
1875512,stimulus_Ins_HumanRights_2_page_6,166.5,192.2,1136.0
1875513,stimulus_Ins_HumanRights_2_page_6,166.9,192.3,1135.0
1875514,stimulus_Ins_HumanRights_2_page_6,166.9,192.4,1135.0
1875515,stimulus_Ins_HumanRights_2_page_6,166.7,192.6,1134.0
1875516,stimulus_Ins_HumanRights_2_page_6,166.8,192.9,1134.0
1875517,stimulus_Ins_HumanRights_2_page_6,167.2,193.1,1134.0
1875518,stimulus_Ins_HumanRights_2_page_6,167.7,193.1,1135.0
1875519,stimulus_Ins_HumanRights_2_page_6,168.0,193.1,1136.0
1875520,stimulus_Ins_HumanRights_2_page_6,168.1,192.9,1137.0
1875521,stimulus_Ins_HumanRights_2_page_6,168.0,192.7,1139.0
1875522,stimulus_Ins_HumanRights_2_page_6,167.9,192.5,1142.0
1875523,stimulus_Ins_HumanRights_2_page_6,167.8,192.6,1144.0
1875524,stimulus_Ins_HumanRights_2_page_6,167.8,192.8,1143.0
1875525,stimulus_Ins_HumanRights_2_page_6,167.7,193.0,1142.0
1875526,stimulus_Ins_HumanRights_2_page_6,167.7,193.1,1142.0
1875527,stimulus_Ins_HumanRights_2_page_6,167.7,193.2,1142.0
1875528,stimulus_Ins_HumanRights_2_page_6,167.7,193.3,1143.0
1875529,stimulus_Ins_HumanRights_2_page_6,168.1,193.2,1144.0
1875530,stimulus_Ins_HumanRights_2_page_6,168.5,193.0,1145.0
1875531,stimulus_Ins_HumanRights_2_page_6,168.9,193.1,1146.0
1875532,stimulus_Ins_HumanRights_2_page_6,168.9,193.4,1147.0
1875533,stimulus_Ins_HumanRights_2_page_6,168.9,193.7,1147.0
1875534,stimulus_Ins_HumanRights_2_page_6,168.9,193.7,1147.0
1875535,stimulus_Ins_HumanRights_2_page_6,168.9,193.8,1147.0
1875536,stimulus_Ins_HumanRights_2_page_6,168.8,194.3,1147.0
1875537,stimulus_Ins_HumanRights_2_page_6,168.7,194.8,1147.0
1875538,stimulus_Ins_HumanRights_2_page_6,168.6,195.2,1148.0
1875539,stimulus_Ins_HumanRights_2_page_6,168.6,195.1,1149.0
1875540,stimulus_Ins_HumanRights_2_page_6,168.5,195.0,1150.0
1875541,stimulus_Ins_HumanRights_2_page_6,168.5,195.0,1151.0
1875542,stimulus_Ins_HumanRights_2_page_6,168.5,195.1,1151.0
1875543,stimulus_Ins_HumanRights_2_page_6,168.4,195.1,1152.0
1875544,stimulus_Ins_HumanRights_2_page_6,168.7,195.0,1154.0
1875545,stimulus_Ins_HumanRights_2_page_6,169.0,194.9,1154.0
1875546,stimulus_Ins_HumanRights_2_page_6,169.2,194.7,1154.0
1875547,stimulus_Ins_HumanRights_2_page_6,169.1,194.9,1153.0
1875548,stimulus_Ins_HumanRights_2_page_6,168.9,195.3,1154.0
1875549,stimulus_Ins_HumanRights_2_page_6,168.8,195.5,1154.0
1875550,stimulus_Ins_HumanRights_2_page_6,168.7,195.4,1154.0
1875551,stimulus_Ins_HumanRights_2_page_6,168.6,195.3,1155.0
1875552,stimulus_Ins_HumanRights_2_page_6,168.6,195.3,1156.0
1875553,stimulus_Ins_HumanRights_2_page_6,168.6,195.3,1157.0
1875554,stimulus_Ins_HumanRights_2_page_6,169.0,195.2,1157.0
1875555,stimulus_Ins_HumanRights_2_page_6,169.3,195.2,1157.0
1875556,stimulus_Ins_HumanRights_2_page_6,169.4,195.3,1157.0
1875557,stimulus_Ins_HumanRights_2_page_6,169.4,195.5,1157.0
1875558,stimulus_Ins_HumanRights_2_page_6,169.3,195.2,1158.0
1875559,stimulus_Ins_HumanRights_2_page_6,169.2,194.9,1160.0
1875560,stimulus_Ins_HumanRights_2_page_6,169.1,194.8,1162.0
1875561,stimulus_Ins_HumanRights_2_page_6,169.1,195.0,1163.0
1875562,stimulus_Ins_HumanRights_2_page_6,169.0,195.0,1163.0
1875563,stimulus_Ins_HumanRights_2_page_6,168.8,194.9,1163.0
1875564,stimulus_Ins_HumanRights_2_page_6,168.5,194.7,1163.0
1875565,stimulus_Ins_HumanRights_2_page_6,168.3,194.7,1164.0
1875566,stimulus_Ins_HumanRights_2_page_6,168.2,194.7,1163.0
1875567,stimulus_Ins_HumanRights_2_page_6,168.2,194.7,1162.0
1875568,stimulus_Ins_HumanRights_2_page_6,168.3,194.7,1162.0
1875569,stimulus_Ins_HumanRights_2_page_6,168.3,194.8,1163.0
1875570,stimulus_Ins_HumanRights_2_page_6,168.3,194.8,1165.0
1875571,stimulus_Ins_HumanRights_2_page_6,168.3,194.9,1166.0
1875572,stimulus_Ins_HumanRights_2_page_6,168.3,194.9,1166.0
1875573,stimulus_Ins_HumanRights_2_page_6,168.3,194.9,1166.0
1875574,stimulus_Ins_HumanRights_2_page_6,168.4,194.9,1166.0
1875575,stimulus_Ins_HumanRights_2_page_6,168.6,194.9,1167.0
1875576,stimulus_Ins_HumanRights_2_page_6,168.7,194.7,1168.0
1875577,stimulus_Ins_HumanRights_2_page_6,168.7,194.5,1169.0
1875578,stimulus_Ins_HumanRights_2_page_6,168.6,194.6,1170.0
1875579,stimulus_Ins_HumanRights_2_page_6,168.6,194.9,1170.0
1875580,stimulus_Ins_HumanRights_2_page_6,168.5,195.3,1170.0
1875581,stimulus_Ins_HumanRights_2_page_6,168.3,195.3,1172.0
1875582,stimulus_Ins_HumanRights_2_page_6,168.0,195.1,1173.0
1875583,stimulus_Ins_HumanRights_2_page_6,167.8,194.9,1174.0
1875584,stimulus_Ins_HumanRights_2_page_6,167.9,194.6,1175.0
1875585,stimulus_Ins_HumanRights_2_page_6,168.0,194.5,1175.0
1875586,stimulus_Ins_HumanRights_2_page_6,168.1,194.6,1176.0
1875587,stimulus_Ins_HumanRights_2_page_6,168.1,194.4,1177.0
1875588,stimulus_Ins_HumanRights_2_page_6,168.2,194.2,1179.0
1875589,stimulus_Ins_HumanRights_2_page_6,168.2,193.9,1180.0
1875590,stimulus_Ins_HumanRights_2_page_6,168.1,193.8,1180.0
1875591,stimulus_Ins_HumanRights_2_page_6,168.0,193.9,1179.0
1875592,stimulus_Ins_HumanRights_2_page_6,167.7,194.1,1179.0
1875593,stimulus_Ins_HumanRights_2_page_6,167.5,194.3,1179.0
1875594,stimulus_Ins_HumanRights_2_page_6,167.5,194.4,1180.0
1875595,stimulus_Ins_HumanRights_2_page_6,167.6,194.5,1181.0
1875596,stimulus_Ins_HumanRights_2_page_6,167.6,194.5,1181.0
1875597,stimulus_Ins_HumanRights_2_page_6,167.6,194.5,1181.0
1875598,stimulus_Ins_HumanRights_2_page_6,167.6,194.5,1182.0
1875599,stimulus_Ins_HumanRights_2_page_6,167.6,194.4,1182.0
1875600,stimulus_Ins_HumanRights_2_page_6,167.6,194.4,1182.0
1875601,stimulus_Ins_HumanRights_2_page_6,167.5,194.4,1182.0
1875602,stimulus_Ins_HumanRights_2_page_6,167.3,194.6,1182.0
1875603,stimulus_Ins_HumanRights_2_page_6,167.1,194.9,1183.0
1875604,stimulus_Ins_HumanRights_2_page_6,166.8,195.0,1183.0
1875605,stimulus_Ins_HumanRights_2_page_6,166.7,194.9,1183.0
1875606,stimulus_Ins_HumanRights_2_page_6,166.6,194.7,1182.0
1875607,stimulus_Ins_HumanRights_2_page_6,166.3,194.4,1183.0
1875608,stimulus_Ins_HumanRights_2_page_6,166.2,194.3,1184.0
1875609,stimulus_Ins_HumanRights_2_page_6,166.2,194.2,1185.0
1875610,stimulus_Ins_HumanRights_2_page_6,166.3,194.2,1185.0
1875611,stimulus_Ins_HumanRights_2_page_6,166.4,194.4,1185.0
1875612,stimulus_Ins_HumanRights_2_page_6,166.5,194.5,1186.0
1875613,stimulus_Ins_HumanRights_2_page_6,166.6,194.7,1187.0
1875614,stimulus_Ins_HumanRights_2_page_6,166.7,194.7,1187.0
1875615,stimulus_Ins_HumanRights_2_page_6,166.9,194.7,1188.0
1875616,stimulus_Ins_HumanRights_2_page_6,166.8,194.6,1188.0
1875617,stimulus_Ins_HumanRights_2_page_6,166.6,194.6,1187.0
1875618,stimulus_Ins_HumanRights_2_page_6,166.4,194.7,1187.0
1875619,stimulus_Ins_HumanRights_2_page_6,166.4,194.8,1188.0
1875620,stimulus_Ins_HumanRights_2_page_6,166.4,194.9,1189.0
1875621,stimulus_Ins_HumanRights_2_page_6,166.4,195.0,1189.0
1875622,stimulus_Ins_HumanRights_2_page_6,166.3,194.8,1188.0
1875623,stimulus_Ins_HumanRights_2_page_6,166.2,194.6,1188.0
1875624,stimulus_Ins_HumanRights_2_page_6,166.2,194.5,1188.0
1875625,stimulus_Ins_HumanRights_2_page_6,166.3,194.7,1189.0
1875626,stimulus_Ins_HumanRights_2_page_6,166.3,194.7,1190.0
1875627,stimulus_Ins_HumanRights_2_page_6,166.4,194.8,1190.0
1875628,stimulus_Ins_HumanRights_2_page_6,166.5,194.8,1191.0
1875629,stimulus_Ins_HumanRights_2_page_6,166.3,194.6,1192.0
1875630,stimulus_Ins_HumanRights_2_page_6,166.0,194.4,1192.0
1875631,stimulus_Ins_HumanRights_2_page_6,166.0,194.1,1193.0
1875632,stimulus_Ins_HumanRights_2_page_6,166.2,194.2,1194.0
1875633,stimulus_Ins_HumanRights_2_page_6,166.4,194.3,1194.0
1875634,stimulus_Ins_HumanRights_2_page_6,166.2,194.5,1194.0
1875635,stimulus_Ins_HumanRights_2_page_6,166.1,194.5,1192.0
1875636,stimulus_Ins_HumanRights_2_page_6,165.9,194.5,1191.0
1875637,stimulus_Ins_HumanRights_2_page_6,165.9,194.4,1191.0
1875638,stimulus_Ins_HumanRights_2_page_6,165.8,194.3,1191.0
1875639,stimulus_Ins_HumanRights_2_page_6,165.7,194.3,1191.0
1875640,stimulus_Ins_HumanRights_2_page_6,165.8,194.5,1191.0
1875641,stimulus_Ins_HumanRights_2_page_6,165.9,194.6,1191.0
1875642,stimulus_Ins_HumanRights_2_page_6,166.1,194.4,1192.0
1875643,stimulus_Ins_HumanRights_2_page_6,166.1,194.2,1192.0
1875644,stimulus_Ins_HumanRights_2_page_6,166.1,194.2,1192.0
1875645,stimulus_Ins_HumanRights_2_page_6,166.0,194.3,1191.0
1875646,stimulus_Ins_HumanRights_2_page_6,165.9,194.5,1190.0
1875647,stimulus_Ins_HumanRights_2_page_6,165.9,194.6,1189.0
1875648,stimulus_Ins_HumanRights_2_page_6,166.1,194.7,1188.0
1875649,stimulus_Ins_HumanRights_2_page_6,166.0,194.9,1189.0
1875650,stimulus_Ins_HumanRights_2_page_6,165.9,195.1,1190.0
1875651,stimulus_Ins_HumanRights_2_page_6,165.8,195.2,1191.0
1875652,stimulus_Ins_HumanRights_2_page_6,165.7,195.3,1191.0
1875653,stimulus_Ins_HumanRights_2_page_6,165.7,195.3,1191.0
1875654,stimulus_Ins_HumanRights_2_page_6,165.7,195.3,1191.0
1875655,stimulus_Ins_HumanRights_2_page_6,165.7,195.3,1192.0
1875656,stimulus_Ins_HumanRights_2_page_6,165.6,195.3,1192.0
1875657,stimulus_Ins_HumanRights_2_page_6,165.6,195.3,1192.0
1875658,stimulus_Ins_HumanRights_2_page_6,165.6,195.5,1192.0
1875659,stimulus_Ins_HumanRights_2_page_6,165.7,195.7,1191.0
1875660,stimulus_Ins_HumanRights_2_page_6,165.9,195.8,1193.0
1875661,stimulus_Ins_HumanRights_2_page_6,166.1,195.9,1194.0
1875662,stimulus_Ins_HumanRights_2_page_6,166.4,196.0,1196.0
1875663,stimulus_Ins_HumanRights_2_page_6,166.5,196.0,1196.0
1875664,stimulus_Ins_HumanRights_2_page_6,166.4,195.9,1196.0
1875665,stimulus_Ins_HumanRights_2_page_6,166.3,195.6,1195.0
1875666,stimulus_Ins_HumanRights_2_page_6,166.2,195.4,1194.0
1875667,stimulus_Ins_HumanRights_2_page_6,166.4,195.2,1193.0
1875668,stimulus_Ins_HumanRights_2_page_6,166.6,195.2,1193.0
1875669,stimulus_Ins_HumanRights_2_page_6,166.6,195.2,1192.0
1875670,stimulus_Ins_HumanRights_2_page_6,166.4,195.2,1194.0
1875671,stimulus_Ins_HumanRights_2_page_6,166.3,195.2,1195.0
1875672,stimulus_Ins_HumanRights_2_page_6,166.4,195.3,1195.0
1875673,stimulus_Ins_HumanRights_2_page_6,166.2,195.7,1192.0
1875674,stimulus_Ins_HumanRights_2_page_6,166.1,196.1,1189.0
1875675,stimulus_Ins_HumanRights_2_page_6,165.9,196.5,1189.0
1875676,stimulus_Ins_HumanRights_2_page_6,165.8,196.4,1191.0
1875677,stimulus_Ins_HumanRights_2_page_6,165.8,195.8,1192.0
1875678,stimulus_Ins_HumanRights_2_page_6,166.0,195.3,1192.0
1875679,stimulus_Ins_HumanRights_2_page_6,166.3,194.9,1192.0
1875680,stimulus_Ins_HumanRights_2_page_6,166.4,195.4,1192.0
1875681,stimulus_Ins_HumanRights_2_page_6,166.3,195.7,1192.0
1875682,stimulus_Ins_HumanRights_2_page_6,166.2,195.8,1192.0
1875683,stimulus_Ins_HumanRights_2_page_6,166.2,195.8,1191.0
1875684,stimulus_Ins_HumanRights_2_page_6,166.2,195.7,1191.0
1875685,stimulus_Ins_HumanRights_2_page_6,166.2,195.7,1190.0
1875686,stimulus_Ins_HumanRights_2_page_6,166.2,195.8,1190.0
1875687,stimulus_Ins_HumanRights_2_page_6,166.1,196.1,1190.0
1875688,stimulus_Ins_HumanRights_2_page_6,166.0,196.4,1189.0
1875689,stimulus_Ins_HumanRights_2_page_6,166.1,196.5,1188.0
1875690,stimulus_Ins_HumanRights_2_page_6,166.3,196.5,1187.0
1875691,stimulus_Ins_HumanRights_2_page_6,166.4,196.3,1187.0
1875692,stimulus_Ins_HumanRights_2_page_6,166.3,196.0,1187.0
1875693,stimulus_Ins_HumanRights_2_page_6,166.1,195.9,1187.0
1875694,stimulus_Ins_HumanRights_2_page_6,166.0,195.9,1187.0
1875695,stimulus_Ins_HumanRights_2_page_6,165.9,196.0,1186.0
1875696,stimulus_Ins_HumanRights_2_page_6,166.0,195.9,1185.0
1875697,stimulus_Ins_HumanRights_2_page_6,166.0,195.8,1184.0
1875698,stimulus_Ins_HumanRights_2_page_6,166.1,195.7,1185.0
1875699,stimulus_Ins_HumanRights_2_page_6,166.0,196.0,1186.0
1875700,stimulus_Ins_HumanRights_2_page_6,166.0,196.4,1186.0
1875701,stimulus_Ins_HumanRights_2_page_6,166.0,196.2,1186.0
1875702,stimulus_Ins_HumanRights_2_page_6,165.6,195.7,1187.0
1875703,stimulus_Ins_HumanRights_2_page_6,165.3,195.4,1188.0
1875704,stimulus_Ins_HumanRights_2_page_6,164.8,195.7,1188.0
1875705,stimulus_Ins_HumanRights_2_page_6,164.8,196.0,1187.0
1875706,stimulus_Ins_HumanRights_2_page_6,164.7,196.4,1187.0
1875707,stimulus_Ins_HumanRights_2_page_6,164.6,196.8,1187.0
1875708,stimulus_Ins_HumanRights_2_page_6,164.6,197.0,1188.0
1875709,stimulus_Ins_HumanRights_2_page_6,165.8,196.5,1189.0
1875710,stimulus_Ins_HumanRights_2_page_6,168.5,195.6,1189.0
1875711,stimulus_Ins_HumanRights_2_page_6,173.9,194.7,1189.0
1875712,stimulus_Ins_HumanRights_2_page_6,180.9,193.9,1188.0
1875713,stimulus_Ins_HumanRights_2_page_6,187.9,193.5,1187.0
1875714,stimulus_Ins_HumanRights_2_page_6,194.5,192.8,1187.0
1875715,stimulus_Ins_HumanRights_2_page_6,202.0,192.4,1186.0
1875716,stimulus_Ins_HumanRights_2_page_6,210.0,192.1,1187.0
1875717,stimulus_Ins_HumanRights_2_page_6,219.2,192.0,1188.0
1875718,stimulus_Ins_HumanRights_2_page_6,226.2,191.8,1189.0
1875719,stimulus_Ins_HumanRights_2_page_6,233.3,191.5,1190.0
1875720,stimulus_Ins_HumanRights_2_page_6,240.0,191.4,1189.0
1875721,stimulus_Ins_HumanRights_2_page_6,247.7,191.5,1190.0
1875722,stimulus_Ins_HumanRights_2_page_6,255.8,191.8,1191.0
1875723,stimulus_Ins_HumanRights_2_page_6,262.3,191.7,1192.0
1875724,stimulus_Ins_HumanRights_2_page_6,268.8,191.6,1193.0
1875725,stimulus_Ins_HumanRights_2_page_6,275.0,191.3,1193.0
1875726,stimulus_Ins_HumanRights_2_page_6,281.5,191.1,1193.0
1875727,stimulus_Ins_HumanRights_2_page_6,287.3,191.0,1192.0
1875728,stimulus_Ins_HumanRights_2_page_6,291.9,190.5,1191.0
1875729,stimulus_Ins_HumanRights_2_page_6,295.9,190.1,1190.0
1875730,stimulus_Ins_HumanRights_2_page_6,299.6,189.6,1189.0
1875731,stimulus_Ins_HumanRights_2_page_6,304.2,189.3,1189.0
1875732,stimulus_Ins_HumanRights_2_page_6,309.7,189.0,1189.0
1875733,stimulus_Ins_HumanRights_2_page_6,314.7,188.5,1190.0
1875734,stimulus_Ins_HumanRights_2_page_6,318.5,188.2,1189.0
1875735,stimulus_Ins_HumanRights_2_page_6,321.8,187.9,1187.0
1875736,stimulus_Ins_HumanRights_2_page_6,325.1,188.0,1183.0
1875737,stimulus_Ins_HumanRights_2_page_6,328.1,187.8,1181.0
1875738,stimulus_Ins_HumanRights_2_page_6,330.8,187.6,1180.0
1875739,stimulus_Ins_HumanRights_2_page_6,332.9,187.2,1179.0
1875740,stimulus_Ins_HumanRights_2_page_6,335.0,186.9,1180.0
1875741,stimulus_Ins_HumanRights_2_page_6,336.2,186.8,1181.0
1875742,stimulus_Ins_HumanRights_2_page_6,337.4,186.8,1182.0
1875743,stimulus_Ins_HumanRights_2_page_6,337.9,186.8,1181.0
1875744,stimulus_Ins_HumanRights_2_page_6,338.4,186.6,1181.0
1875745,stimulus_Ins_HumanRights_2_page_6,338.8,186.3,1181.0
1875746,stimulus_Ins_HumanRights_2_page_6,339.3,186.3,1180.0
1875747,stimulus_Ins_HumanRights_2_page_6,339.9,186.2,1179.0
1875748,stimulus_Ins_HumanRights_2_page_6,340.4,186.2,1178.0
1875749,stimulus_Ins_HumanRights_2_page_6,341.0,186.2,1177.0
1875750,stimulus_Ins_HumanRights_2_page_6,341.4,186.2,1177.0
1875751,stimulus_Ins_HumanRights_2_page_6,341.7,186.3,1176.0
1875752,stimulus_Ins_HumanRights_2_page_6,342.0,186.5,1176.0
1875753,stimulus_Ins_HumanRights_2_page_6,342.2,186.7,1175.0
1875754,stimulus_Ins_HumanRights_2_page_6,342.1,186.8,1175.0
1875755,stimulus_Ins_HumanRights_2_page_6,341.8,186.9,1174.0
1875756,stimulus_Ins_HumanRights_2_page_6,341.8,187.0,1173.0
1875757,stimulus_Ins_HumanRights_2_page_6,342.0,186.7,1173.0
1875758,stimulus_Ins_HumanRights_2_page_6,342.4,186.3,1173.0
1875759,stimulus_Ins_HumanRights_2_page_6,342.5,186.1,1173.0
1875760,stimulus_Ins_HumanRights_2_page_6,342.5,186.5,1173.0
1875761,stimulus_Ins_HumanRights_2_page_6,342.7,186.8,1173.0
1875762,stimulus_Ins_HumanRights_2_page_6,343.0,186.8,1173.0
1875763,stimulus_Ins_HumanRights_2_page_6,343.4,186.9,1173.0
1875764,stimulus_Ins_HumanRights_2_page_6,343.5,186.9,1173.0
1875765,stimulus_Ins_HumanRights_2_page_6,343.8,186.6,1173.0
1875766,stimulus_Ins_HumanRights_2_page_6,343.9,186.3,1172.0
1875767,stimulus_Ins_HumanRights_2_page_6,343.8,186.1,1171.0
1875768,stimulus_Ins_HumanRights_2_page_6,343.6,186.1,1170.0
1875769,stimulus_Ins_HumanRights_2_page_6,343.4,186.2,1170.0
1875770,stimulus_Ins_HumanRights_2_page_6,343.3,186.2,1170.0
1875771,stimulus_Ins_HumanRights_2_page_6,343.2,186.1,1169.0
1875772,stimulus_Ins_HumanRights_2_page_6,343.2,186.0,1169.0
1875773,stimulus_Ins_HumanRights_2_page_6,343.1,186.0,1169.0
1875774,stimulus_Ins_HumanRights_2_page_6,343.2,186.0,1166.0
1875775,stimulus_Ins_HumanRights_2_page_6,343.3,186.1,1164.0
1875776,stimulus_Ins_HumanRights_2_page_6,343.5,186.4,1161.0
1875777,stimulus_Ins_HumanRights_2_page_6,343.7,186.7,1162.0
1875778,stimulus_Ins_HumanRights_2_page_6,343.8,186.7,1162.0
1875779,stimulus_Ins_HumanRights_2_page_6,343.8,186.3,1163.0
1875780,stimulus_Ins_HumanRights_2_page_6,343.7,186.2,1163.0
1875781,stimulus_Ins_HumanRights_2_page_6,343.6,186.4,1162.0
1875782,stimulus_Ins_HumanRights_2_page_6,343.5,186.6,1162.0
1875783,stimulus_Ins_HumanRights_2_page_6,343.5,186.6,1161.0
1875784,stimulus_Ins_HumanRights_2_page_6,343.4,186.6,1160.0
1875785,stimulus_Ins_HumanRights_2_page_6,343.4,187.0,1159.0
1875786,stimulus_Ins_HumanRights_2_page_6,343.4,187.3,1159.0
1875787,stimulus_Ins_HumanRights_2_page_6,343.3,187.7,1158.0
1875788,stimulus_Ins_HumanRights_2_page_6,343.4,187.7,1158.0
1875789,stimulus_Ins_HumanRights_2_page_6,343.7,187.5,1159.0
1875790,stimulus_Ins_HumanRights_2_page_6,343.7,187.4,1159.0
1875791,stimulus_Ins_HumanRights_2_page_6,343.5,187.3,1160.0
1875792,stimulus_Ins_HumanRights_2_page_6,343.3,187.4,1160.0
1875793,stimulus_Ins_HumanRights_2_page_6,343.2,187.3,1158.0
1875794,stimulus_Ins_HumanRights_2_page_6,343.1,187.3,1157.0
1875795,stimulus_Ins_HumanRights_2_page_6,343.0,187.2,1155.0
1875796,stimulus_Ins_HumanRights_2_page_6,343.1,187.2,1156.0
1875797,stimulus_Ins_HumanRights_2_page_6,343.1,187.3,1156.0
1875798,stimulus_Ins_HumanRights_2_page_6,343.1,187.0,1156.0
1875799,stimulus_Ins_HumanRights_2_page_6,343.1,186.7,1155.0
1875800,stimulus_Ins_HumanRights_2_page_6,343.2,186.4,1155.0
1875801,stimulus_Ins_HumanRights_2_page_6,343.2,186.4,1156.0
1875802,stimulus_Ins_HumanRights_2_page_6,343.2,186.5,1156.0
1875803,stimulus_Ins_HumanRights_2_page_6,343.2,186.7,1157.0
1875804,stimulus_Ins_HumanRights_2_page_6,343.1,186.6,1157.0
1875805,stimulus_Ins_HumanRights_2_page_6,343.1,186.1,1155.0
1875806,stimulus_Ins_HumanRights_2_page_6,343.1,185.7,1154.0
1875807,stimulus_Ins_HumanRights_2_page_6,342.9,185.6,1153.0
1875808,stimulus_Ins_HumanRights_2_page_6,342.7,185.8,1152.0
1875809,stimulus_Ins_HumanRights_2_page_6,342.5,186.0,1152.0
1875810,stimulus_Ins_HumanRights_2_page_6,342.2,186.2,1153.0
1875811,stimulus_Ins_HumanRights_2_page_6,342.1,186.0,1153.0
1875812,stimulus_Ins_HumanRights_2_page_6,342.0,185.9,1153.0
1875813,stimulus_Ins_HumanRights_2_page_6,342.1,185.6,1153.0
1875814,stimulus_Ins_HumanRights_2_page_6,342.1,185.5,1153.0
1875815,stimulus_Ins_HumanRights_2_page_6,342.0,185.5,1153.0
1875816,stimulus_Ins_HumanRights_2_page_6,342.2,185.6,1152.0
1875817,stimulus_Ins_HumanRights_2_page_6,342.5,185.8,1149.0
1875818,stimulus_Ins_HumanRights_2_page_6,342.8,185.9,1147.0
1875819,stimulus_Ins_HumanRights_2_page_6,342.4,186.0,1146.0
1875820,stimulus_Ins_HumanRights_2_page_6,341.8,186.2,1146.0
1875821,stimulus_Ins_HumanRights_2_page_6,341.2,186.2,1147.0
1875822,stimulus_Ins_HumanRights_2_page_6,341.2,186.0,1149.0
1875823,stimulus_Ins_HumanRights_2_page_6,341.2,185.8,1151.0
1875824,stimulus_Ins_HumanRights_2_page_6,341.1,185.5,1151.0
1875825,stimulus_Ins_HumanRights_2_page_6,341.1,185.5,1150.0
1875826,stimulus_Ins_HumanRights_2_page_6,341.3,185.6,1149.0
1875827,stimulus_Ins_HumanRights_2_page_6,341.4,185.8,1147.0
1875828,stimulus_Ins_HumanRights_2_page_6,341.5,186.2,1145.0
1875829,stimulus_Ins_HumanRights_2_page_6,341.4,186.6,1144.0
1875830,stimulus_Ins_HumanRights_2_page_6,341.4,186.9,1144.0
1875831,stimulus_Ins_HumanRights_2_page_6,341.4,187.0,1145.0
1875832,stimulus_Ins_HumanRights_2_page_6,341.4,187.0,1146.0
1875833,stimulus_Ins_HumanRights_2_page_6,341.2,187.0,1146.0
1875834,stimulus_Ins_HumanRights_2_page_6,341.1,187.1,1146.0
1875835,stimulus_Ins_HumanRights_2_page_6,340.9,187.3,1146.0
1875836,stimulus_Ins_HumanRights_2_page_6,340.9,187.4,1146.0
1875837,stimulus_Ins_HumanRights_2_page_6,340.9,187.5,1146.0
1875838,stimulus_Ins_HumanRights_2_page_6,341.0,187.5,1146.0
1875839,stimulus_Ins_HumanRights_2_page_6,341.0,187.5,1147.0
1875840,stimulus_Ins_HumanRights_2_page_6,341.0,187.5,1147.0
1875841,stimulus_Ins_HumanRights_2_page_6,341.0,187.6,1147.0
1875842,stimulus_Ins_HumanRights_2_page_6,341.0,187.6,1146.0
1875843,stimulus_Ins_HumanRights_2_page_6,341.0,187.5,1146.0
1875844,stimulus_Ins_HumanRights_2_page_6,341.0,187.7,1145.0
1875845,stimulus_Ins_HumanRights_2_page_6,341.0,188.2,1143.0
1875846,stimulus_Ins_HumanRights_2_page_6,340.9,188.7,1141.0
1875847,stimulus_Ins_HumanRights_2_page_6,340.7,188.8,1143.0
1875848,stimulus_Ins_HumanRights_2_page_6,340.5,188.7,1144.0
1875849,stimulus_Ins_HumanRights_2_page_6,340.3,188.7,1145.0
1875850,stimulus_Ins_HumanRights_2_page_6,340.5,188.7,1144.0
1875851,stimulus_Ins_HumanRights_2_page_6,340.7,188.6,1144.0
1875852,stimulus_Ins_HumanRights_2_page_6,340.9,188.7,1146.0
1875853,stimulus_Ins_HumanRights_2_page_6,341.0,188.7,1147.0
1875854,stimulus_Ins_HumanRights_2_page_6,341.0,189.2,1148.0
1875855,stimulus_Ins_HumanRights_2_page_6,341.0,189.6,1148.0
1875856,stimulus_Ins_HumanRights_2_page_6,340.9,190.0,1147.0
1875857,stimulus_Ins_HumanRights_2_page_6,340.9,190.0,1146.0
1875858,stimulus_Ins_HumanRights_2_page_6,341.0,190.0,1145.0
1875859,stimulus_Ins_HumanRights_2_page_6,341.2,189.9,1145.0
1875860,stimulus_Ins_HumanRights_2_page_6,341.3,189.8,1145.0
1875861,stimulus_Ins_HumanRights_2_page_6,341.2,190.0,1145.0
1875862,stimulus_Ins_HumanRights_2_page_6,341.1,190.2,1145.0
1875863,stimulus_Ins_HumanRights_2_page_6,341.1,190.4,1146.0
1875864,stimulus_Ins_HumanRights_2_page_6,341.3,190.2,1145.0
1875865,stimulus_Ins_HumanRights_2_page_6,341.5,190.1,1145.0
1875866,stimulus_Ins_HumanRights_2_page_6,341.6,189.9,1145.0
1875867,stimulus_Ins_HumanRights_2_page_6,341.4,189.6,1146.0
1875868,stimulus_Ins_HumanRights_2_page_6,341.6,189.3,1146.0
1875869,stimulus_Ins_HumanRights_2_page_6,341.9,189.0,1146.0
1875870,stimulus_Ins_HumanRights_2_page_6,342.1,189.0,1146.0
1875871,stimulus_Ins_HumanRights_2_page_6,342.0,189.2,1146.0
1875872,stimulus_Ins_HumanRights_2_page_6,342.1,189.5,1146.0
1875873,stimulus_Ins_HumanRights_2_page_6,342.1,189.6,1147.0
1875874,stimulus_Ins_HumanRights_2_page_6,342.2,189.3,1147.0
1875875,stimulus_Ins_HumanRights_2_page_6,342.2,189.0,1147.0
1875876,stimulus_Ins_HumanRights_2_page_6,342.2,188.7,1147.0
1875877,stimulus_Ins_HumanRights_2_page_6,342.3,188.8,1146.0
1875878,stimulus_Ins_HumanRights_2_page_6,342.4,189.0,1146.0
1875879,stimulus_Ins_HumanRights_2_page_6,342.3,189.2,1145.0
1875880,stimulus_Ins_HumanRights_2_page_6,342.1,189.3,1145.0
1875881,stimulus_Ins_HumanRights_2_page_6,341.9,189.4,1145.0
1875882,stimulus_Ins_HumanRights_2_page_6,341.9,189.4,1145.0
1875883,stimulus_Ins_HumanRights_2_page_6,342.1,189.3,1145.0
1875884,stimulus_Ins_HumanRights_2_page_6,342.1,188.9,1145.0
1875885,stimulus_Ins_HumanRights_2_page_6,342.2,188.6,1145.0
1875886,stimulus_Ins_HumanRights_2_page_6,342.4,188.5,1144.0
1875887,stimulus_Ins_HumanRights_2_page_6,342.5,188.7,1143.0
1875888,stimulus_Ins_HumanRights_2_page_6,342.5,188.9,1142.0
1875889,stimulus_Ins_HumanRights_2_page_6,342.5,189.0,1141.0
1875890,stimulus_Ins_HumanRights_2_page_6,342.6,189.1,1142.0
1875891,stimulus_Ins_HumanRights_2_page_6,342.7,189.2,1143.0
1875892,stimulus_Ins_HumanRights_2_page_6,342.8,189.3,1144.0
1875893,stimulus_Ins_HumanRights_2_page_6,342.9,189.2,1144.0
1875894,stimulus_Ins_HumanRights_2_page_6,343.0,189.2,1144.0
1875895,stimulus_Ins_HumanRights_2_page_6,343.1,189.3,1143.0
1875896,stimulus_Ins_HumanRights_2_page_6,343.0,189.4,1142.0
1875897,stimulus_Ins_HumanRights_2_page_6,343.0,189.5,1140.0
1875898,stimulus_Ins_HumanRights_2_page_6,342.8,189.6,1140.0
1875899,stimulus_Ins_HumanRights_2_page_6,342.5,189.6,1140.0
1875900,stimulus_Ins_HumanRights_2_page_6,342.3,189.4,1140.0
1875901,stimulus_Ins_HumanRights_2_page_6,342.3,189.0,1141.0
1875902,stimulus_Ins_HumanRights_2_page_6,342.5,188.6,1140.0
1875903,stimulus_Ins_HumanRights_2_page_6,342.6,188.2,1140.0
1875904,stimulus_Ins_HumanRights_2_page_6,342.6,188.2,1139.0
1875905,stimulus_Ins_HumanRights_2_page_6,342.5,188.2,1139.0
1875906,stimulus_Ins_HumanRights_2_page_6,342.4,188.2,1139.0
1875907,stimulus_Ins_HumanRights_2_page_6,342.3,188.2,1139.0
1875908,stimulus_Ins_HumanRights_2_page_6,342.3,188.1,1139.0
1875909,stimulus_Ins_HumanRights_2_page_6,342.5,188.1,1138.0
1875910,stimulus_Ins_HumanRights_2_page_6,342.6,188.1,1138.0
1875911,stimulus_Ins_HumanRights_2_page_6,342.7,188.1,1139.0
1875912,stimulus_Ins_HumanRights_2_page_6,342.7,188.1,1139.0
1875913,stimulus_Ins_HumanRights_2_page_6,342.5,187.9,1139.0
1875914,stimulus_Ins_HumanRights_2_page_6,342.2,187.8,1138.0
1875915,stimulus_Ins_HumanRights_2_page_6,341.8,187.7,1138.0
1875916,stimulus_Ins_HumanRights_2_page_6,341.5,187.7,1138.0
1875917,stimulus_Ins_HumanRights_2_page_6,341.6,187.5,1139.0
1875918,stimulus_Ins_HumanRights_2_page_6,341.9,187.4,1140.0
1875919,stimulus_Ins_HumanRights_2_page_6,342.2,187.2,1140.0
1875920,stimulus_Ins_HumanRights_2_page_6,342.2,187.0,1140.0
1875921,stimulus_Ins_HumanRights_2_page_6,342.3,187.0,1139.0
1875922,stimulus_Ins_HumanRights_2_page_6,342.4,187.4,1138.0
1875923,stimulus_Ins_HumanRights_2_page_6,342.2,187.8,1137.0
1875924,stimulus_Ins_HumanRights_2_page_6,342.0,188.0,1137.0
1875925,stimulus_Ins_HumanRights_2_page_6,341.7,187.8,1138.0
1875926,stimulus_Ins_HumanRights_2_page_6,341.7,187.5,1138.0
1875927,stimulus_Ins_HumanRights_2_page_6,341.8,187.2,1136.0
1875928,stimulus_Ins_HumanRights_2_page_6,342.0,187.3,1135.0
1875929,stimulus_Ins_HumanRights_2_page_6,342.1,187.3,1134.0
1875930,stimulus_Ins_HumanRights_2_page_6,342.1,187.2,1136.0
1875931,stimulus_Ins_HumanRights_2_page_6,342.0,187.0,1137.0
1875932,stimulus_Ins_HumanRights_2_page_6,342.0,186.9,1137.0
1875933,stimulus_Ins_HumanRights_2_page_6,341.9,187.0,1137.0
1875934,stimulus_Ins_HumanRights_2_page_6,341.9,187.1,1136.0
1875935,stimulus_Ins_HumanRights_2_page_6,341.9,187.2,1135.0
1875936,stimulus_Ins_HumanRights_2_page_6,342.0,187.5,1135.0
1875937,stimulus_Ins_HumanRights_2_page_6,341.9,187.7,1134.0
1875938,stimulus_Ins_HumanRights_2_page_6,341.8,187.6,1135.0
1875939,stimulus_Ins_HumanRights_2_page_6,341.8,187.3,1135.0
1875940,stimulus_Ins_HumanRights_2_page_6,341.7,187.2,1135.0
1875941,stimulus_Ins_HumanRights_2_page_6,341.7,187.3,1135.0
1875942,stimulus_Ins_HumanRights_2_page_6,341.7,187.4,1135.0
1875943,stimulus_Ins_HumanRights_2_page_6,341.6,187.3,1135.0
1875944,stimulus_Ins_HumanRights_2_page_6,341.6,187.2,1135.0
1875945,stimulus_Ins_HumanRights_2_page_6,341.6,187.2,1135.0
1875946,stimulus_Ins_HumanRights_2_page_6,341.9,187.1,1135.0
1875947,stimulus_Ins_HumanRights_2_page_6,342.3,187.1,1135.0
1875948,stimulus_Ins_HumanRights_2_page_6,342.7,187.1,1135.0
1875949,stimulus_Ins_HumanRights_2_page_6,342.5,187.1,1134.0
1875950,stimulus_Ins_HumanRights_2_page_6,342.4,187.1,1134.0
1875951,stimulus_Ins_HumanRights_2_page_6,342.4,187.1,1134.0
1875952,stimulus_Ins_HumanRights_2_page_6,342.3,187.4,1134.0
1875953,stimulus_Ins_HumanRights_2_page_6,342.3,187.7,1135.0
1875954,stimulus_Ins_HumanRights_2_page_6,342.4,187.9,1135.0
1875955,stimulus_Ins_HumanRights_2_page_6,342.5,187.7,1134.0
1875956,stimulus_Ins_HumanRights_2_page_6,342.6,187.5,1133.0
1875957,stimulus_Ins_HumanRights_2_page_6,342.6,187.4,1133.0
1875958,stimulus_Ins_HumanRights_2_page_6,342.5,187.7,1133.0
1875959,stimulus_Ins_HumanRights_2_page_6,342.5,188.0,1133.0
1875960,stimulus_Ins_HumanRights_2_page_6,342.5,188.2,1133.0
1875961,stimulus_Ins_HumanRights_2_page_6,342.5,188.2,1133.0
1875962,stimulus_Ins_HumanRights_2_page_6,342.6,188.3,1133.0
1875963,stimulus_Ins_HumanRights_2_page_6,342.6,188.3,1132.0
1875964,stimulus_Ins_HumanRights_2_page_6,342.6,188.4,1131.0
1875965,stimulus_Ins_HumanRights_2_page_6,342.6,188.6,1131.0
1875966,stimulus_Ins_HumanRights_2_page_6,342.9,188.7,1131.0
1875967,stimulus_Ins_HumanRights_2_page_6,343.2,188.6,1131.0
1875968,stimulus_Ins_HumanRights_2_page_6,343.5,188.4,1132.0
1875969,stimulus_Ins_HumanRights_2_page_6,343.6,188.3,1133.0
1875970,stimulus_Ins_HumanRights_2_page_6,343.7,188.3,1135.0
1875971,stimulus_Ins_HumanRights_2_page_6,343.6,188.6,1134.0
1875972,stimulus_Ins_HumanRights_2_page_6,343.6,189.0,1134.0
1875973,stimulus_Ins_HumanRights_2_page_6,343.6,189.3,1133.0
1875974,stimulus_Ins_HumanRights_2_page_6,343.6,189.4,1133.0
1875975,stimulus_Ins_HumanRights_2_page_6,343.6,189.3,1132.0
1875976,stimulus_Ins_HumanRights_2_page_6,343.7,189.3,1131.0
1875977,stimulus_Ins_HumanRights_2_page_6,343.8,189.3,1131.0
1875978,stimulus_Ins_HumanRights_2_page_6,343.9,189.6,1131.0
1875979,stimulus_Ins_HumanRights_2_page_6,344.2,189.9,1131.0
1875980,stimulus_Ins_HumanRights_2_page_6,344.6,189.8,1132.0
1875981,stimulus_Ins_HumanRights_2_page_6,345.0,189.3,1130.0
1875982,stimulus_Ins_HumanRights_2_page_6,345.0,189.1,1129.0
1875983,stimulus_Ins_HumanRights_2_page_6,344.9,189.2,1129.0
1875984,stimulus_Ins_HumanRights_2_page_6,344.7,189.3,1130.0
1875985,stimulus_Ins_HumanRights_2_page_6,344.6,189.1,1130.0
1875986,stimulus_Ins_HumanRights_2_page_6,344.7,189.1,1131.0
1875987,stimulus_Ins_HumanRights_2_page_6,345.0,189.4,1130.0
1875988,stimulus_Ins_HumanRights_2_page_6,345.1,189.8,1130.0
1875989,stimulus_Ins_HumanRights_2_page_6,345.0,190.2,1130.0
1875990,stimulus_Ins_HumanRights_2_page_6,345.0,190.3,1130.0
1875991,stimulus_Ins_HumanRights_2_page_6,345.1,190.3,1130.0
1875992,stimulus_Ins_HumanRights_2_page_6,345.2,190.2,1130.0
1875993,stimulus_Ins_HumanRights_2_page_6,345.0,190.2,1131.0
1875994,stimulus_Ins_HumanRights_2_page_6,344.9,190.1,1131.0
1875995,stimulus_Ins_HumanRights_2_page_6,344.7,190.1,1131.0
1875996,stimulus_Ins_HumanRights_2_page_6,344.7,190.1,1131.0
1875997,stimulus_Ins_HumanRights_2_page_6,344.7,190.0,1130.0
1875998,stimulus_Ins_HumanRights_2_page_6,344.6,190.0,1130.0
1875999,stimulus_Ins_HumanRights_2_page_6,344.6,189.9,1130.0
1876000,stimulus_Ins_HumanRights_2_page_6,344.6,189.8,1129.0
1876001,stimulus_Ins_HumanRights_2_page_6,344.6,190.0,1128.0
1876002,stimulus_Ins_HumanRights_2_page_6,344.6,190.3,1129.0
1876003,stimulus_Ins_HumanRights_2_page_6,344.6,190.6,1129.0
1876004,stimulus_Ins_HumanRights_2_page_6,344.6,190.6,1128.0
1876005,stimulus_Ins_HumanRights_2_page_6,344.6,190.6,1126.0
1876006,stimulus_Ins_HumanRights_2_page_6,344.6,190.5,1124.0
1876007,stimulus_Ins_HumanRights_2_page_6,344.6,190.5,1123.0
1876008,stimulus_Ins_HumanRights_2_page_6,344.5,190.5,1124.0
1876009,stimulus_Ins_HumanRights_2_page_6,344.4,190.5,1125.0
1876010,stimulus_Ins_HumanRights_2_page_6,344.3,190.6,1126.0
1876011,stimulus_Ins_HumanRights_2_page_6,344.4,190.7,1126.0
1876012,stimulus_Ins_HumanRights_2_page_6,344.5,190.8,1126.0
1876013,stimulus_Ins_HumanRights_2_page_6,344.5,190.8,1126.0
1876014,stimulus_Ins_HumanRights_2_page_6,344.4,190.8,1127.0
1876015,stimulus_Ins_HumanRights_2_page_6,344.3,190.8,1126.0
1876016,stimulus_Ins_HumanRights_2_page_6,344.3,191.0,1125.0
1876017,stimulus_Ins_HumanRights_2_page_6,344.2,191.1,1125.0
1876018,stimulus_Ins_HumanRights_2_page_6,344.2,191.2,1125.0
1876019,stimulus_Ins_HumanRights_2_page_6,344.2,191.2,1126.0
1876020,stimulus_Ins_HumanRights_2_page_6,343.8,191.2,1126.0
1876021,stimulus_Ins_HumanRights_2_page_6,343.3,191.3,1127.0
1876022,stimulus_Ins_HumanRights_2_page_6,343.0,191.4,1128.0
1876023,stimulus_Ins_HumanRights_2_page_6,343.2,191.5,1128.0
1876024,stimulus_Ins_HumanRights_2_page_6,343.5,191.5,1127.0
1876025,stimulus_Ins_HumanRights_2_page_6,343.6,191.6,1124.0
1876026,stimulus_Ins_HumanRights_2_page_6,343.6,191.8,1123.0
1876027,stimulus_Ins_HumanRights_2_page_6,343.5,192.0,1122.0
1876028,stimulus_Ins_HumanRights_2_page_6,343.5,191.9,1122.0
1876029,stimulus_Ins_HumanRights_2_page_6,343.6,191.8,1122.0
1876030,stimulus_Ins_HumanRights_2_page_6,343.6,191.7,1124.0
1876031,stimulus_Ins_HumanRights_2_page_6,343.6,191.8,1125.0
1876032,stimulus_Ins_HumanRights_2_page_6,343.7,191.6,1126.0
1876033,stimulus_Ins_HumanRights_2_page_6,343.8,191.5,1126.0
1876034,stimulus_Ins_HumanRights_2_page_6,343.9,191.7,1124.0
1876035,stimulus_Ins_HumanRights_2_page_6,343.9,192.0,1122.0
1876036,stimulus_Ins_HumanRights_2_page_6,343.8,192.3,1119.0
1876037,stimulus_Ins_HumanRights_2_page_6,343.7,192.3,1120.0
1876038,stimulus_Ins_HumanRights_2_page_6,343.7,192.4,1120.0
1876039,stimulus_Ins_HumanRights_2_page_6,343.8,192.4,1120.0
1876040,stimulus_Ins_HumanRights_2_page_6,343.8,191.9,1123.0
1876041,stimulus_Ins_HumanRights_2_page_6,343.7,191.5,1125.0
1876042,stimulus_Ins_HumanRights_2_page_6,343.6,191.3,1127.0
1876043,stimulus_Ins_HumanRights_2_page_6,343.5,191.5,1127.0
1876044,stimulus_Ins_HumanRights_2_page_6,343.5,191.8,1125.0
1876045,stimulus_Ins_HumanRights_2_page_6,343.5,191.8,1123.0
1876046,stimulus_Ins_HumanRights_2_page_6,343.5,192.1,1121.0
1876047,stimulus_Ins_HumanRights_2_page_6,343.6,192.3,1121.0
1876048,stimulus_Ins_HumanRights_2_page_6,343.8,192.1,1121.0
1876049,stimulus_Ins_HumanRights_2_page_6,343.9,191.7,1121.0
1876050,stimulus_Ins_HumanRights_2_page_6,343.9,191.5,1121.0
1876051,stimulus_Ins_HumanRights_2_page_6,344.2,191.7,1121.0
1876052,stimulus_Ins_HumanRights_2_page_6,344.4,191.9,1122.0
1876053,stimulus_Ins_HumanRights_2_page_6,344.6,191.9,1124.0
1876054,stimulus_Ins_HumanRights_2_page_6,344.3,191.8,1125.0
1876055,stimulus_Ins_HumanRights_2_page_6,344.0,191.9,1125.0
1876056,stimulus_Ins_HumanRights_2_page_6,343.9,191.8,1126.0
1876057,stimulus_Ins_HumanRights_2_page_6,343.9,191.8,1126.0
1876058,stimulus_Ins_HumanRights_2_page_6,343.8,192.3,1125.0
1876059,stimulus_Ins_HumanRights_2_page_6,343.8,192.8,1123.0
1876060,stimulus_Ins_HumanRights_2_page_6,343.8,192.8,1122.0
1876061,stimulus_Ins_HumanRights_2_page_6,343.8,192.3,1123.0
1876062,stimulus_Ins_HumanRights_2_page_6,343.8,191.7,1125.0
1876063,stimulus_Ins_HumanRights_2_page_6,343.9,191.6,1125.0
1876064,stimulus_Ins_HumanRights_2_page_6,344.0,191.7,1124.0
1876065,stimulus_Ins_HumanRights_2_page_6,344.0,192.0,1124.0
1876066,stimulus_Ins_HumanRights_2_page_6,344.2,192.3,1124.0
1876067,stimulus_Ins_HumanRights_2_page_6,344.5,192.6,1124.0
1876068,stimulus_Ins_HumanRights_2_page_6,344.8,192.8,1125.0
1876069,stimulus_Ins_HumanRights_2_page_6,344.7,193.1,1125.0
1876070,stimulus_Ins_HumanRights_2_page_6,344.6,193.3,1125.0
1876071,stimulus_Ins_HumanRights_2_page_6,344.6,193.5,1125.0
1876072,stimulus_Ins_HumanRights_2_page_6,344.6,193.4,1126.0
1876073,stimulus_Ins_HumanRights_2_page_6,344.7,193.3,1126.0
1876074,stimulus_Ins_HumanRights_2_page_6,344.7,193.1,1126.0
1876075,stimulus_Ins_HumanRights_2_page_6,344.6,193.1,1126.0
1876076,stimulus_Ins_HumanRights_2_page_6,344.7,193.1,1125.0
1876077,stimulus_Ins_HumanRights_2_page_6,344.8,193.1,1125.0
1876078,stimulus_Ins_HumanRights_2_page_6,344.8,193.0,1126.0
1876079,stimulus_Ins_HumanRights_2_page_6,344.7,192.9,1126.0
1876080,stimulus_Ins_HumanRights_2_page_6,344.7,192.7,1128.0
1876081,stimulus_Ins_HumanRights_2_page_6,344.8,192.8,1129.0
1876082,stimulus_Ins_HumanRights_2_page_6,344.9,192.9,1129.0
1876083,stimulus_Ins_HumanRights_2_page_6,344.9,193.0,1128.0
1876084,stimulus_Ins_HumanRights_2_page_6,345.3,193.2,1128.0
1876085,stimulus_Ins_HumanRights_2_page_6,345.6,193.6,1127.0
1876086,stimulus_Ins_HumanRights_2_page_6,345.9,194.1,1128.0
1876087,stimulus_Ins_HumanRights_2_page_6,345.5,194.3,1128.0
1876088,stimulus_Ins_HumanRights_2_page_6,345.2,193.9,1128.0
1876089,stimulus_Ins_HumanRights_2_page_6,344.9,193.4,1127.0
1876090,stimulus_Ins_HumanRights_2_page_6,344.8,192.9,1127.0
1876091,stimulus_Ins_HumanRights_2_page_6,344.8,192.9,1127.0
1876092,stimulus_Ins_HumanRights_2_page_6,345.0,192.9,1127.0
1876093,stimulus_Ins_HumanRights_2_page_6,345.3,192.9,1127.0
1876094,stimulus_Ins_HumanRights_2_page_6,345.3,193.0,1126.0
1876095,stimulus_Ins_HumanRights_2_page_6,345.0,193.1,1126.0
1876096,stimulus_Ins_HumanRights_2_page_6,344.9,193.3,1126.0
1876097,stimulus_Ins_HumanRights_2_page_6,345.2,193.5,1127.0
1876098,stimulus_Ins_HumanRights_2_page_6,345.1,193.6,1127.0
1876099,stimulus_Ins_HumanRights_2_page_6,344.9,193.5,1128.0
1876100,stimulus_Ins_HumanRights_2_page_6,344.9,193.5,1127.0
1876101,stimulus_Ins_HumanRights_2_page_6,345.1,193.4,1127.0
1876102,stimulus_Ins_HumanRights_2_page_6,345.4,193.3,1127.0
1876103,stimulus_Ins_HumanRights_2_page_6,345.4,193.3,1129.0
1876104,stimulus_Ins_HumanRights_2_page_6,345.3,193.2,1129.0
1876105,stimulus_Ins_HumanRights_2_page_6,345.3,193.2,1127.0
1876106,stimulus_Ins_HumanRights_2_page_6,345.3,193.3,1125.0
1876107,stimulus_Ins_HumanRights_2_page_6,345.3,193.3,1124.0
1876108,stimulus_Ins_HumanRights_2_page_6,345.2,193.3,1124.0
1876109,stimulus_Ins_HumanRights_2_page_6,345.2,193.6,1124.0
1876110,stimulus_Ins_HumanRights_2_page_6,345.2,194.0,1125.0
1876111,stimulus_Ins_HumanRights_2_page_6,345.1,194.3,1125.0
1876112,stimulus_Ins_HumanRights_2_page_6,345.1,194.4,1126.0
1876113,stimulus_Ins_HumanRights_2_page_6,345.1,194.5,1126.0
1876114,stimulus_Ins_HumanRights_2_page_6,345.0,194.6,1126.0
1876115,stimulus_Ins_HumanRights_2_page_6,345.0,194.4,1126.0
1876116,stimulus_Ins_HumanRights_2_page_6,345.0,194.2,1126.0
1876117,stimulus_Ins_HumanRights_2_page_6,344.7,194.0,1125.0
1876118,stimulus_Ins_HumanRights_2_page_6,344.4,194.1,1125.0
1876119,stimulus_Ins_HumanRights_2_page_6,344.4,194.1,1124.0
1876120,stimulus_Ins_HumanRights_2_page_6,344.6,194.0,1125.0
1876121,stimulus_Ins_HumanRights_2_page_6,344.9,194.0,1126.0
1876122,stimulus_Ins_HumanRights_2_page_6,345.1,194.1,1127.0
1876123,stimulus_Ins_HumanRights_2_page_6,345.3,194.2,1126.0
1876124,stimulus_Ins_HumanRights_2_page_6,345.5,194.2,1125.0
1876125,stimulus_Ins_HumanRights_2_page_6,345.6,194.1,1124.0
1876126,stimulus_Ins_HumanRights_2_page_6,345.6,194.0,1123.0
1876127,stimulus_Ins_HumanRights_2_page_6,345.2,194.0,1122.0
1876128,stimulus_Ins_HumanRights_2_page_6,344.9,193.7,1122.0
1876129,stimulus_Ins_HumanRights_2_page_6,344.8,193.4,1122.0
1876130,stimulus_Ins_HumanRights_2_page_6,344.9,193.1,1122.0
1876131,stimulus_Ins_HumanRights_2_page_6,345.0,193.1,1122.0
1876132,stimulus_Ins_HumanRights_2_page_6,344.9,193.2,1122.0
1876133,stimulus_Ins_HumanRights_2_page_6,344.8,193.2,1122.0
1876134,stimulus_Ins_HumanRights_2_page_6,344.9,193.4,1123.0
1876135,stimulus_Ins_HumanRights_2_page_6,345.2,193.4,1124.0
1876136,stimulus_Ins_HumanRights_2_page_6,345.4,193.4,1125.0
1876137,stimulus_Ins_HumanRights_2_page_6,345.3,193.3,1125.0
1876138,stimulus_Ins_HumanRights_2_page_6,345.2,193.2,1125.0
1876139,stimulus_Ins_HumanRights_2_page_6,345.2,193.2,1125.0
1876140,stimulus_Ins_HumanRights_2_page_6,345.2,193.2,1124.0
1876141,stimulus_Ins_HumanRights_2_page_6,345.1,193.2,1123.0
1876142,stimulus_Ins_HumanRights_2_page_6,345.2,193.2,1122.0
1876143,stimulus_Ins_HumanRights_2_page_6,345.3,193.0,1123.0
1876144,stimulus_Ins_HumanRights_2_page_6,345.5,192.9,1123.0
1876145,stimulus_Ins_HumanRights_2_page_6,345.6,192.8,1123.0
1876146,stimulus_Ins_HumanRights_2_page_6,345.7,192.9,1123.0
1876147,stimulus_Ins_HumanRights_2_page_6,345.7,192.8,1122.0
1876148,stimulus_Ins_HumanRights_2_page_6,345.6,192.8,1123.0
1876149,stimulus_Ins_HumanRights_2_page_6,345.5,192.8,1123.0
1876150,stimulus_Ins_HumanRights_2_page_6,345.3,192.8,1124.0
1876151,stimulus_Ins_HumanRights_2_page_6,345.1,192.9,1124.0
1876152,stimulus_Ins_HumanRights_2_page_6,344.9,192.9,1124.0
1876153,stimulus_Ins_HumanRights_2_page_6,345.0,193.0,1124.0
1876154,stimulus_Ins_HumanRights_2_page_6,345.0,192.9,1124.0
1876155,stimulus_Ins_HumanRights_2_page_6,345.1,192.8,1123.0
1876156,stimulus_Ins_HumanRights_2_page_6,345.1,192.7,1123.0
1876157,stimulus_Ins_HumanRights_2_page_6,345.0,192.7,1123.0
1876158,stimulus_Ins_HumanRights_2_page_6,344.9,192.8,1125.0
1876159,stimulus_Ins_HumanRights_2_page_6,344.8,192.9,1124.0
1876160,stimulus_Ins_HumanRights_2_page_6,344.5,192.7,1122.0
1876161,stimulus_Ins_HumanRights_2_page_6,344.2,192.3,1120.0
1876162,stimulus_Ins_HumanRights_2_page_6,344.0,192.0,1120.0
1876163,stimulus_Ins_HumanRights_2_page_6,344.2,192.1,1120.0
1876164,stimulus_Ins_HumanRights_2_page_6,344.6,192.0,1120.0
1876165,stimulus_Ins_HumanRights_2_page_6,345.3,191.9,1120.0
1876166,stimulus_Ins_HumanRights_2_page_6,347.0,191.7,1120.0
1876167,stimulus_Ins_HumanRights_2_page_6,349.1,191.7,1120.0
1876168,stimulus_Ins_HumanRights_2_page_6,352.1,191.2,1121.0
1876169,stimulus_Ins_HumanRights_2_page_6,355.7,190.7,1122.0
1876170,stimulus_Ins_HumanRights_2_page_6,360.9,190.1,1123.0
1876171,stimulus_Ins_HumanRights_2_page_6,366.1,189.9,1122.0
1876172,stimulus_Ins_HumanRights_2_page_6,370.7,189.7,1122.0
1876173,stimulus_Ins_HumanRights_2_page_6,374.8,189.7,1122.0
1876174,stimulus_Ins_HumanRights_2_page_6,380.2,189.8,1122.0
1876175,stimulus_Ins_HumanRights_2_page_6,385.9,189.8,1121.0
1876176,stimulus_Ins_HumanRights_2_page_6,391.9,189.9,1121.0
1876177,stimulus_Ins_HumanRights_2_page_6,397.4,189.9,1122.0
1876178,stimulus_Ins_HumanRights_2_page_6,402.9,189.9,1122.0
1876179,stimulus_Ins_HumanRights_2_page_6,407.2,189.9,1123.0
1876180,stimulus_Ins_HumanRights_2_page_6,409.7,189.8,1124.0
1876181,stimulus_Ins_HumanRights_2_page_6,411.8,189.7,1125.0
1876182,stimulus_Ins_HumanRights_2_page_6,414.4,189.5,1125.0
1876183,stimulus_Ins_HumanRights_2_page_6,417.6,189.4,1124.0
1876184,stimulus_Ins_HumanRights_2_page_6,420.2,189.3,1123.0
1876185,stimulus_Ins_HumanRights_2_page_6,422.8,189.1,1123.0
1876186,stimulus_Ins_HumanRights_2_page_6,425.1,188.9,1125.0
1876187,stimulus_Ins_HumanRights_2_page_6,427.0,188.8,1128.0
1876188,stimulus_Ins_HumanRights_2_page_6,428.1,189.0,1129.0
1876189,stimulus_Ins_HumanRights_2_page_6,428.9,189.2,1128.0
1876190,stimulus_Ins_HumanRights_2_page_6,430.0,189.0,1128.0
1876191,stimulus_Ins_HumanRights_2_page_6,431.2,188.9,1128.0
1876192,stimulus_Ins_HumanRights_2_page_6,432.2,189.2,1127.0
1876193,stimulus_Ins_HumanRights_2_page_6,432.7,189.9,1125.0
1876194,stimulus_Ins_HumanRights_2_page_6,433.5,190.5,1122.0
1876195,stimulus_Ins_HumanRights_2_page_6,434.4,190.5,1120.0
1876196,stimulus_Ins_HumanRights_2_page_6,435.5,190.0,1119.0
1876197,stimulus_Ins_HumanRights_2_page_6,436.5,189.6,1118.0
1876198,stimulus_Ins_HumanRights_2_page_6,437.2,189.1,1117.0
1876199,stimulus_Ins_HumanRights_2_page_6,437.7,189.0,1117.0
1876200,stimulus_Ins_HumanRights_2_page_6,437.8,189.3,1118.0
1876201,stimulus_Ins_HumanRights_2_page_6,437.8,189.7,1119.0
1876202,stimulus_Ins_HumanRights_2_page_6,437.8,190.3,1119.0
1876203,stimulus_Ins_HumanRights_2_page_6,437.9,190.6,1118.0
1876204,stimulus_Ins_HumanRights_2_page_6,438.1,190.9,1116.0
1876205,stimulus_Ins_HumanRights_2_page_6,438.2,190.8,1115.0
1876206,stimulus_Ins_HumanRights_2_page_6,438.5,190.4,1116.0
1876207,stimulus_Ins_HumanRights_2_page_6,438.7,190.0,1117.0
1876208,stimulus_Ins_HumanRights_2_page_6,438.8,189.6,1117.0
1876209,stimulus_Ins_HumanRights_2_page_6,438.9,189.7,1115.0
1876210,stimulus_Ins_HumanRights_2_page_6,438.9,189.6,1115.0
1876211,stimulus_Ins_HumanRights_2_page_6,438.9,189.5,1116.0
1876212,stimulus_Ins_HumanRights_2_page_6,439.1,189.4,1117.0
1876213,stimulus_Ins_HumanRights_2_page_6,439.4,189.3,1116.0
1876214,stimulus_Ins_HumanRights_2_page_6,439.6,189.1,1117.0
1876215,stimulus_Ins_HumanRights_2_page_6,439.5,188.9,1117.0
1876216,stimulus_Ins_HumanRights_2_page_6,439.6,188.7,1118.0
1876217,stimulus_Ins_HumanRights_2_page_6,439.9,188.7,1118.0
1876218,stimulus_Ins_HumanRights_2_page_6,439.9,189.0,1117.0
1876219,stimulus_Ins_HumanRights_2_page_6,439.8,189.4,1116.0
1876220,stimulus_Ins_HumanRights_2_page_6,439.8,189.8,1115.0
1876221,stimulus_Ins_HumanRights_2_page_6,440.0,189.6,1115.0
1876222,stimulus_Ins_HumanRights_2_page_6,440.2,189.5,1115.0
1876223,stimulus_Ins_HumanRights_2_page_6,440.0,189.2,1115.0
1876224,stimulus_Ins_HumanRights_2_page_6,439.9,189.0,1115.0
1876225,stimulus_Ins_HumanRights_2_page_6,440.0,189.0,1114.0
1876226,stimulus_Ins_HumanRights_2_page_6,440.1,189.1,1113.0
1876227,stimulus_Ins_HumanRights_2_page_6,440.2,189.2,1113.0
1876228,stimulus_Ins_HumanRights_2_page_6,440.1,189.2,1113.0
1876229,stimulus_Ins_HumanRights_2_page_6,440.0,189.1,1114.0
1876230,stimulus_Ins_HumanRights_2_page_6,439.9,189.2,1114.0
1876231,stimulus_Ins_HumanRights_2_page_6,439.9,189.2,1114.0
1876232,stimulus_Ins_HumanRights_2_page_6,439.8,189.0,1115.0
1876233,stimulus_Ins_HumanRights_2_page_6,439.7,188.6,1116.0
1876234,stimulus_Ins_HumanRights_2_page_6,439.6,188.4,1116.0
1876235,stimulus_Ins_HumanRights_2_page_6,439.5,188.7,1117.0
1876236,stimulus_Ins_HumanRights_2_page_6,439.2,188.9,1117.0
1876237,stimulus_Ins_HumanRights_2_page_6,439.0,189.0,1116.0
1876238,stimulus_Ins_HumanRights_2_page_6,438.7,189.1,1114.0
1876239,stimulus_Ins_HumanRights_2_page_6,438.6,188.9,1114.0
1876240,stimulus_Ins_HumanRights_2_page_6,438.5,188.8,1115.0
1876241,stimulus_Ins_HumanRights_2_page_6,438.6,188.6,1116.0
1876242,stimulus_Ins_HumanRights_2_page_6,438.9,188.4,1116.0
1876243,stimulus_Ins_HumanRights_2_page_6,439.2,188.2,1116.0
1876244,stimulus_Ins_HumanRights_2_page_6,439.3,188.4,1117.0
1876245,stimulus_Ins_HumanRights_2_page_6,439.1,188.8,1119.0
1876246,stimulus_Ins_HumanRights_2_page_6,438.8,189.1,1120.0
1876247,stimulus_Ins_HumanRights_2_page_6,438.6,189.1,1119.0
1876248,stimulus_Ins_HumanRights_2_page_6,438.6,189.1,1117.0
1876249,stimulus_Ins_HumanRights_2_page_6,438.5,189.1,1116.0
1876250,stimulus_Ins_HumanRights_2_page_6,438.4,189.4,1117.0
1876251,stimulus_Ins_HumanRights_2_page_6,438.3,189.6,1117.0
1876252,stimulus_Ins_HumanRights_2_page_6,438.2,189.8,1118.0
1876253,stimulus_Ins_HumanRights_2_page_6,438.1,189.7,1118.0
1876254,stimulus_Ins_HumanRights_2_page_6,438.0,189.7,1118.0
1876255,stimulus_Ins_HumanRights_2_page_6,438.2,189.6,1116.0
1876256,stimulus_Ins_HumanRights_2_page_6,438.4,189.6,1115.0
1876257,stimulus_Ins_HumanRights_2_page_6,438.2,189.7,1116.0
1876258,stimulus_Ins_HumanRights_2_page_6,437.9,189.8,1117.0
1876259,stimulus_Ins_HumanRights_2_page_6,437.5,189.8,1117.0
1876260,stimulus_Ins_HumanRights_2_page_6,437.5,189.8,1117.0
1876261,stimulus_Ins_HumanRights_2_page_6,437.5,189.6,1117.0
1876262,stimulus_Ins_HumanRights_2_page_6,437.5,189.5,1116.0
1876263,stimulus_Ins_HumanRights_2_page_6,437.6,189.5,1117.0
1876264,stimulus_Ins_HumanRights_2_page_6,437.7,189.6,1118.0
1876265,stimulus_Ins_HumanRights_2_page_6,437.7,189.5,1119.0
1876266,stimulus_Ins_HumanRights_2_page_6,437.7,189.5,1118.0
1876267,stimulus_Ins_HumanRights_2_page_6,437.7,189.5,1117.0
1876268,stimulus_Ins_HumanRights_2_page_6,437.6,189.6,1116.0
1876269,stimulus_Ins_HumanRights_2_page_6,437.3,189.5,1117.0
1876270,stimulus_Ins_HumanRights_2_page_6,437.1,189.2,1118.0
1876271,stimulus_Ins_HumanRights_2_page_6,437.1,188.9,1120.0
1876272,stimulus_Ins_HumanRights_2_page_6,437.3,189.0,1120.0
1876273,stimulus_Ins_HumanRights_2_page_6,437.4,189.3,1119.0
1876274,stimulus_Ins_HumanRights_2_page_6,437.4,189.6,1117.0
1876275,stimulus_Ins_HumanRights_2_page_6,437.4,189.7,1117.0
1876276,stimulus_Ins_HumanRights_2_page_6,437.4,189.7,1118.0
1876277,stimulus_Ins_HumanRights_2_page_6,437.3,189.5,1120.0
1876278,stimulus_Ins_HumanRights_2_page_6,437.2,189.3,1121.0
1876279,stimulus_Ins_HumanRights_2_page_6,437.1,189.6,1121.0
1876280,stimulus_Ins_HumanRights_2_page_6,437.0,190.2,1119.0
1876281,stimulus_Ins_HumanRights_2_page_6,436.9,190.9,1118.0
1876282,stimulus_Ins_HumanRights_2_page_6,437.1,191.0,1117.0
1876283,stimulus_Ins_HumanRights_2_page_6,437.4,190.8,1116.0
1876284,stimulus_Ins_HumanRights_2_page_6,437.7,190.4,1115.0
1876285,stimulus_Ins_HumanRights_2_page_6,437.8,190.0,1115.0
1876286,stimulus_Ins_HumanRights_2_page_6,437.9,189.8,1116.0
1876287,stimulus_Ins_HumanRights_2_page_6,437.9,189.7,1117.0
1876288,stimulus_Ins_HumanRights_2_page_6,437.9,189.5,1118.0
1876289,stimulus_Ins_HumanRights_2_page_6,437.7,189.7,1117.0
1876290,stimulus_Ins_HumanRights_2_page_6,437.5,190.0,1117.0
1876291,stimulus_Ins_HumanRights_2_page_6,437.4,190.3,1117.0
1876292,stimulus_Ins_HumanRights_2_page_6,437.4,190.3,1117.0
1876293,stimulus_Ins_HumanRights_2_page_6,437.6,190.3,1117.0
1876294,stimulus_Ins_HumanRights_2_page_6,437.7,190.3,1117.0
1876295,stimulus_Ins_HumanRights_2_page_6,437.8,190.4,1117.0
1876296,stimulus_Ins_HumanRights_2_page_6,437.7,190.5,1117.0
1876297,stimulus_Ins_HumanRights_2_page_6,437.6,190.6,1117.0
1876298,stimulus_Ins_HumanRights_2_page_6,437.6,190.7,1116.0
1876299,stimulus_Ins_HumanRights_2_page_6,437.3,190.7,1116.0
1876300,stimulus_Ins_HumanRights_2_page_6,437.0,190.6,1116.0
1876301,stimulus_Ins_HumanRights_2_page_6,436.7,190.6,1116.0
1876302,stimulus_Ins_HumanRights_2_page_6,436.7,190.6,1116.0
1876303,stimulus_Ins_HumanRights_2_page_6,436.7,190.6,1116.0
1876304,stimulus_Ins_HumanRights_2_page_6,436.7,190.6,1116.0
1876305,stimulus_Ins_HumanRights_2_page_6,436.9,190.6,1116.0
1876306,stimulus_Ins_HumanRights_2_page_6,437.0,190.7,1117.0
1876307,stimulus_Ins_HumanRights_2_page_6,437.1,190.7,1117.0
1876308,stimulus_Ins_HumanRights_2_page_6,437.1,190.6,1117.0
1876309,stimulus_Ins_HumanRights_2_page_6,437.1,190.5,1117.0
1876310,stimulus_Ins_HumanRights_2_page_6,437.0,190.5,1117.0
1876311,stimulus_Ins_HumanRights_2_page_6,436.9,190.7,1117.0
1876312,stimulus_Ins_HumanRights_2_page_6,436.8,190.9,1118.0
1876313,stimulus_Ins_HumanRights_2_page_6,436.9,190.9,1118.0
1876314,stimulus_Ins_HumanRights_2_page_6,437.1,190.7,1117.0
1876315,stimulus_Ins_HumanRights_2_page_6,437.3,190.5,1116.0
1876316,stimulus_Ins_HumanRights_2_page_6,437.5,190.3,1116.0
1876317,stimulus_Ins_HumanRights_2_page_6,437.4,190.3,1116.0
1876318,stimulus_Ins_HumanRights_2_page_6,437.3,190.2,1115.0
1876319,stimulus_Ins_HumanRights_2_page_6,437.1,190.1,1115.0
1876320,stimulus_Ins_HumanRights_2_page_6,437.1,189.9,1116.0
1876321,stimulus_Ins_HumanRights_2_page_6,437.1,189.9,1117.0
1876322,stimulus_Ins_HumanRights_2_page_6,437.1,190.3,1118.0
1876323,stimulus_Ins_HumanRights_2_page_6,437.4,190.6,1118.0
1876324,stimulus_Ins_HumanRights_2_page_6,437.6,191.0,1118.0
1876325,stimulus_Ins_HumanRights_2_page_6,437.8,191.1,1117.0
1876326,stimulus_Ins_HumanRights_2_page_6,437.6,191.1,1116.0
1876327,stimulus_Ins_HumanRights_2_page_6,437.5,191.2,1115.0
1876328,stimulus_Ins_HumanRights_2_page_6,437.3,191.1,1114.0
1876329,stimulus_Ins_HumanRights_2_page_6,437.3,191.0,1115.0
1876330,stimulus_Ins_HumanRights_2_page_6,437.3,191.1,1116.0
1876331,stimulus_Ins_HumanRights_2_page_6,437.4,191.3,1117.0
1876332,stimulus_Ins_HumanRights_2_page_6,437.4,191.6,1118.0
1876333,stimulus_Ins_HumanRights_2_page_6,437.4,191.8,1119.0
1876334,stimulus_Ins_HumanRights_2_page_6,437.3,191.9,1120.0
1876335,stimulus_Ins_HumanRights_2_page_6,437.2,191.9,1120.0
1876336,stimulus_Ins_HumanRights_2_page_6,437.2,191.9,1119.0
1876337,stimulus_Ins_HumanRights_2_page_6,437.3,191.8,1117.0
1876338,stimulus_Ins_HumanRights_2_page_6,437.4,191.7,1116.0
1876339,stimulus_Ins_HumanRights_2_page_6,437.5,191.7,1115.0
1876340,stimulus_Ins_HumanRights_2_page_6,437.6,191.7,1115.0
1876341,stimulus_Ins_HumanRights_2_page_6,437.6,191.6,1115.0
1876342,stimulus_Ins_HumanRights_2_page_6,437.6,191.6,1115.0
1876343,stimulus_Ins_HumanRights_2_page_6,437.7,191.6,1115.0
1876344,stimulus_Ins_HumanRights_2_page_6,437.7,191.6,1115.0
1876345,stimulus_Ins_HumanRights_2_page_6,437.7,191.4,1115.0
1876346,stimulus_Ins_HumanRights_2_page_6,437.7,191.2,1115.0
1876347,stimulus_Ins_HumanRights_2_page_6,437.6,190.9,1116.0
1876348,stimulus_Ins_HumanRights_2_page_6,437.5,190.8,1117.0
1876349,stimulus_Ins_HumanRights_2_page_6,437.1,190.9,1118.0
1876350,stimulus_Ins_HumanRights_2_page_6,436.9,191.1,1118.0
1876351,stimulus_Ins_HumanRights_2_page_6,436.8,191.2,1118.0
1876352,stimulus_Ins_HumanRights_2_page_6,437.0,191.2,1118.0
1876353,stimulus_Ins_HumanRights_2_page_6,437.1,191.3,1118.0
1876354,stimulus_Ins_HumanRights_2_page_6,437.1,191.4,1118.0
1876355,stimulus_Ins_HumanRights_2_page_6,437.0,191.5,1118.0
1876356,stimulus_Ins_HumanRights_2_page_6,437.0,191.2,1118.0
1876357,stimulus_Ins_HumanRights_2_page_6,437.0,191.0,1118.0
1876358,stimulus_Ins_HumanRights_2_page_6,437.0,190.7,1120.0
1876359,stimulus_Ins_HumanRights_2_page_6,437.0,190.8,1121.0
1876360,stimulus_Ins_HumanRights_2_page_6,437.1,190.9,1123.0
1876361,stimulus_Ins_HumanRights_2_page_6,437.1,190.8,1123.0
1876362,stimulus_Ins_HumanRights_2_page_6,437.1,190.5,1122.0
1876363,stimulus_Ins_HumanRights_2_page_6,437.0,190.2,1122.0
1876364,stimulus_Ins_HumanRights_2_page_6,436.9,190.2,1121.0
1876365,stimulus_Ins_HumanRights_2_page_6,436.7,190.4,1120.0
1876366,stimulus_Ins_HumanRights_2_page_6,436.6,190.7,1120.0
1876367,stimulus_Ins_HumanRights_2_page_6,436.6,191.2,1120.0
1876368,stimulus_Ins_HumanRights_2_page_6,436.7,191.4,1122.0
1876369,stimulus_Ins_HumanRights_2_page_6,436.7,191.5,1123.0
1876370,stimulus_Ins_HumanRights_2_page_6,436.8,191.5,1124.0
1876371,stimulus_Ins_HumanRights_2_page_6,436.8,191.4,1124.0
1876372,stimulus_Ins_HumanRights_2_page_6,436.9,191.1,1125.0
1876373,stimulus_Ins_HumanRights_2_page_6,436.6,190.8,1125.0
1876374,stimulus_Ins_HumanRights_2_page_6,436.2,190.7,1125.0
1876375,stimulus_Ins_HumanRights_2_page_6,435.7,190.8,1125.0
1876376,stimulus_Ins_HumanRights_2_page_6,435.8,190.9,1124.0
1876377,stimulus_Ins_HumanRights_2_page_6,436.0,190.9,1123.0
1876378,stimulus_Ins_HumanRights_2_page_6,436.2,190.8,1121.0
1876379,stimulus_Ins_HumanRights_2_page_6,436.3,190.5,1121.0
1876380,stimulus_Ins_HumanRights_2_page_6,436.7,190.2,1123.0
1876381,stimulus_Ins_HumanRights_2_page_6,437.1,190.3,1124.0
1876382,stimulus_Ins_HumanRights_2_page_6,437.4,190.6,1125.0
1876383,stimulus_Ins_HumanRights_2_page_6,437.0,190.6,1124.0
1876384,stimulus_Ins_HumanRights_2_page_6,436.6,190.6,1123.0
1876385,stimulus_Ins_HumanRights_2_page_6,436.3,190.7,1122.0
1876386,stimulus_Ins_HumanRights_2_page_6,436.5,190.9,1121.0
1876387,stimulus_Ins_HumanRights_2_page_6,436.7,190.9,1120.0
1876388,stimulus_Ins_HumanRights_2_page_6,436.8,190.9,1122.0
1876389,stimulus_Ins_HumanRights_2_page_6,436.7,190.8,1123.0
1876390,stimulus_Ins_HumanRights_2_page_6,436.5,190.6,1125.0
1876391,stimulus_Ins_HumanRights_2_page_6,436.3,190.4,1125.0
1876392,stimulus_Ins_HumanRights_2_page_6,436.5,190.3,1125.0
1876393,stimulus_Ins_HumanRights_2_page_6,436.8,190.0,1124.0
1876394,stimulus_Ins_HumanRights_2_page_6,437.1,189.9,1124.0
1876395,stimulus_Ins_HumanRights_2_page_6,437.1,189.7,1123.0
1876396,stimulus_Ins_HumanRights_2_page_6,437.1,189.8,1122.0
1876397,stimulus_Ins_HumanRights_2_page_6,437.1,189.6,1122.0
1876398,stimulus_Ins_HumanRights_2_page_6,437.2,189.3,1123.0
1876399,stimulus_Ins_HumanRights_2_page_6,437.4,189.1,1125.0
1876400,stimulus_Ins_HumanRights_2_page_6,437.1,189.0,1126.0
1876401,stimulus_Ins_HumanRights_2_page_6,436.7,189.0,1128.0
1876402,stimulus_Ins_HumanRights_2_page_6,436.4,189.0,1128.0
1876403,stimulus_Ins_HumanRights_2_page_6,436.3,189.0,1127.0
1876404,stimulus_Ins_HumanRights_2_page_6,436.2,189.2,1127.0
1876405,stimulus_Ins_HumanRights_2_page_6,436.4,189.5,1126.0
1876406,stimulus_Ins_HumanRights_2_page_6,436.6,189.7,1126.0
1876407,stimulus_Ins_HumanRights_2_page_6,436.8,189.8,1125.0
1876408,stimulus_Ins_HumanRights_2_page_6,436.5,189.9,1123.0
1876409,stimulus_Ins_HumanRights_2_page_6,435.7,189.9,1122.0
1876410,stimulus_Ins_HumanRights_2_page_6,434.9,190.0,1123.0
1876411,stimulus_Ins_HumanRights_2_page_6,434.0,190.0,1123.0
1876412,stimulus_Ins_HumanRights_2_page_6,433.5,190.0,1124.0
1876413,stimulus_Ins_HumanRights_2_page_6,433.7,190.0,1124.0
1876414,stimulus_Ins_HumanRights_2_page_6,434.8,190.4,1124.0
1876415,stimulus_Ins_HumanRights_2_page_6,437.3,190.9,1123.0
1876416,stimulus_Ins_HumanRights_2_page_6,440.6,191.1,1124.0
1876417,stimulus_Ins_HumanRights_2_page_6,445.4,190.8,1125.0
1876418,stimulus_Ins_HumanRights_2_page_6,450.8,190.5,1127.0
1876419,stimulus_Ins_HumanRights_2_page_6,455.6,190.5,1129.0
1876420,stimulus_Ins_HumanRights_2_page_6,460.4,190.5,1131.0
1876421,stimulus_Ins_HumanRights_2_page_6,466.6,190.6,1131.0
1876422,stimulus_Ins_HumanRights_2_page_6,473.7,190.9,1132.0
1876423,stimulus_Ins_HumanRights_2_page_6,481.2,191.2,1131.0
1876424,stimulus_Ins_HumanRights_2_page_6,486.9,191.5,1131.0
1876425,stimulus_Ins_HumanRights_2_page_6,493.1,191.6,1131.0
1876426,stimulus_Ins_HumanRights_2_page_6,498.7,191.5,1131.0
1876427,stimulus_Ins_HumanRights_2_page_6,505.1,191.5,1130.0
1876428,stimulus_Ins_HumanRights_2_page_6,511.2,191.4,1131.0
1876429,stimulus_Ins_HumanRights_2_page_6,516.5,191.3,1133.0
1876430,stimulus_Ins_HumanRights_2_page_6,519.7,190.8,1134.0
1876431,stimulus_Ins_HumanRights_2_page_6,521.1,190.3,1133.0
1876432,stimulus_Ins_HumanRights_2_page_6,522.5,189.7,1131.0
1876433,stimulus_Ins_HumanRights_2_page_6,524.6,189.7,1129.0
1876434,stimulus_Ins_HumanRights_2_page_6,527.5,189.7,1129.0
1876435,stimulus_Ins_HumanRights_2_page_6,530.1,189.7,1130.0
1876436,stimulus_Ins_HumanRights_2_page_6,532.8,189.7,1131.0
1876437,stimulus_Ins_HumanRights_2_page_6,535.7,189.8,1131.0
1876438,stimulus_Ins_HumanRights_2_page_6,538.2,189.9,1129.0
1876439,stimulus_Ins_HumanRights_2_page_6,541.0,190.0,1128.0
1876440,stimulus_Ins_HumanRights_2_page_6,543.2,189.9,1128.0
1876441,stimulus_Ins_HumanRights_2_page_6,545.4,190.0,1130.0
1876442,stimulus_Ins_HumanRights_2_page_6,546.6,190.2,1132.0
1876443,stimulus_Ins_HumanRights_2_page_6,548.3,190.5,1135.0
1876444,stimulus_Ins_HumanRights_2_page_6,549.3,190.7,1135.0
1876445,stimulus_Ins_HumanRights_2_page_6,550.0,190.8,1135.0
1876446,stimulus_Ins_HumanRights_2_page_6,550.1,190.5,1134.0
1876447,stimulus_Ins_HumanRights_2_page_6,550.2,190.2,1133.0
1876448,stimulus_Ins_HumanRights_2_page_6,550.4,190.2,1131.0
1876449,stimulus_Ins_HumanRights_2_page_6,550.5,190.6,1131.0
1876450,stimulus_Ins_HumanRights_2_page_6,550.8,191.0,1133.0
1876451,stimulus_Ins_HumanRights_2_page_6,551.2,190.9,1136.0
1876452,stimulus_Ins_HumanRights_2_page_6,551.6,191.4,1137.0
1876453,stimulus_Ins_HumanRights_2_page_6,551.6,191.8,1135.0
1876454,stimulus_Ins_HumanRights_2_page_6,551.8,192.3,1133.0
1876455,stimulus_Ins_HumanRights_2_page_6,552.3,192.4,1133.0
1876456,stimulus_Ins_HumanRights_2_page_6,552.8,192.4,1133.0
1876457,stimulus_Ins_HumanRights_2_page_6,553.2,192.1,1132.0
1876458,stimulus_Ins_HumanRights_2_page_6,553.1,191.9,1132.0
1876459,stimulus_Ins_HumanRights_2_page_6,553.1,191.9,1132.0
1876460,stimulus_Ins_HumanRights_2_page_6,553.0,192.1,1133.0
1876461,stimulus_Ins_HumanRights_2_page_6,552.9,192.1,1134.0
1876462,stimulus_Ins_HumanRights_2_page_6,552.8,192.1,1134.0
1876463,stimulus_Ins_HumanRights_2_page_6,553.0,192.0,1133.0
1876464,stimulus_Ins_HumanRights_2_page_6,553.2,191.9,1134.0
1876465,stimulus_Ins_HumanRights_2_page_6,553.4,191.7,1133.0
1876466,stimulus_Ins_HumanRights_2_page_6,553.4,191.6,1133.0
1876467,stimulus_Ins_HumanRights_2_page_6,553.5,191.9,1133.0
1876468,stimulus_Ins_HumanRights_2_page_6,553.5,192.3,1134.0
1876469,stimulus_Ins_HumanRights_2_page_6,553.6,192.6,1133.0
1876470,stimulus_Ins_HumanRights_2_page_6,553.6,192.6,1133.0
1876471,stimulus_Ins_HumanRights_2_page_6,553.7,192.2,1133.0
1876472,stimulus_Ins_HumanRights_2_page_6,553.7,191.9,1133.0
1876473,stimulus_Ins_HumanRights_2_page_6,553.6,191.5,1133.0
1876474,stimulus_Ins_HumanRights_2_page_6,553.5,191.5,1133.0
1876475,stimulus_Ins_HumanRights_2_page_6,553.6,191.5,1133.0
1876476,stimulus_Ins_HumanRights_2_page_6,553.8,191.5,1133.0
1876477,stimulus_Ins_HumanRights_2_page_6,554.1,191.5,1134.0
1876478,stimulus_Ins_HumanRights_2_page_6,554.3,191.5,1135.0
1876479,stimulus_Ins_HumanRights_2_page_6,554.4,191.5,1135.0
1876480,stimulus_Ins_HumanRights_2_page_6,554.4,191.6,1135.0
1876481,stimulus_Ins_HumanRights_2_page_6,554.3,191.5,1136.0
1876482,stimulus_Ins_HumanRights_2_page_6,554.4,191.5,1137.0
1876483,stimulus_Ins_HumanRights_2_page_6,554.6,191.4,1137.0
1876484,stimulus_Ins_HumanRights_2_page_6,554.6,191.3,1136.0
1876485,stimulus_Ins_HumanRights_2_page_6,554.7,191.3,1136.0
1876486,stimulus_Ins_HumanRights_2_page_6,554.8,191.2,1135.0
1876487,stimulus_Ins_HumanRights_2_page_6,554.8,191.0,1135.0
1876488,stimulus_Ins_HumanRights_2_page_6,554.8,190.9,1134.0
1876489,stimulus_Ins_HumanRights_2_page_6,554.6,190.8,1134.0
1876490,stimulus_Ins_HumanRights_2_page_6,554.4,190.8,1134.0
1876491,stimulus_Ins_HumanRights_2_page_6,554.3,190.8,1135.0
1876492,stimulus_Ins_HumanRights_2_page_6,554.2,190.7,1136.0
1876493,stimulus_Ins_HumanRights_2_page_6,554.0,190.7,1136.0
1876494,stimulus_Ins_HumanRights_2_page_6,553.9,190.7,1135.0
1876495,stimulus_Ins_HumanRights_2_page_6,553.7,190.8,1133.0
1876496,stimulus_Ins_HumanRights_2_page_6,553.8,190.8,1132.0
1876497,stimulus_Ins_HumanRights_2_page_6,553.8,190.8,1132.0
1876498,stimulus_Ins_HumanRights_2_page_6,553.8,190.8,1133.0
1876499,stimulus_Ins_HumanRights_2_page_6,553.6,190.7,1134.0
1876500,stimulus_Ins_HumanRights_2_page_6,553.4,190.7,1135.0
1876501,stimulus_Ins_HumanRights_2_page_6,553.3,190.6,1134.0
1876502,stimulus_Ins_HumanRights_2_page_6,553.3,190.6,1133.0
1876503,stimulus_Ins_HumanRights_2_page_6,553.3,190.6,1132.0
1876504,stimulus_Ins_HumanRights_2_page_6,553.5,190.5,1132.0
1876505,stimulus_Ins_HumanRights_2_page_6,553.7,190.3,1131.0
1876506,stimulus_Ins_HumanRights_2_page_6,553.9,190.2,1132.0
1876507,stimulus_Ins_HumanRights_2_page_6,554.0,190.4,1133.0
1876508,stimulus_Ins_HumanRights_2_page_6,554.0,190.7,1134.0
1876509,stimulus_Ins_HumanRights_2_page_6,554.1,191.0,1134.0
1876510,stimulus_Ins_HumanRights_2_page_6,554.3,191.4,1135.0
1876511,stimulus_Ins_HumanRights_2_page_6,554.4,191.7,1135.0
1876512,stimulus_Ins_HumanRights_2_page_6,554.4,191.9,1136.0
1876513,stimulus_Ins_HumanRights_2_page_6,554.2,191.8,1136.0
1876514,stimulus_Ins_HumanRights_2_page_6,553.8,191.6,1136.0
1876515,stimulus_Ins_HumanRights_2_page_6,553.6,191.4,1135.0
1876516,stimulus_Ins_HumanRights_2_page_6,553.4,191.2,1134.0
1876517,stimulus_Ins_HumanRights_2_page_6,553.3,191.2,1134.0
1876518,stimulus_Ins_HumanRights_2_page_6,553.2,191.1,1133.0
1876519,stimulus_Ins_HumanRights_2_page_6,553.3,190.9,1133.0
1876520,stimulus_Ins_HumanRights_2_page_6,553.4,190.7,1133.0
1876521,stimulus_Ins_HumanRights_2_page_6,553.5,191.0,1133.0
1876522,stimulus_Ins_HumanRights_2_page_6,553.4,191.4,1133.0
1876523,stimulus_Ins_HumanRights_2_page_6,553.3,191.8,1133.0
1876524,stimulus_Ins_HumanRights_2_page_6,552.9,191.8,1133.0
1876525,stimulus_Ins_HumanRights_2_page_6,552.4,191.7,1133.0
1876526,stimulus_Ins_HumanRights_2_page_6,552.1,191.6,1132.0
1876527,stimulus_Ins_HumanRights_2_page_6,552.1,191.6,1132.0
1876528,stimulus_Ins_HumanRights_2_page_6,552.0,191.9,1133.0
1876529,stimulus_Ins_HumanRights_2_page_6,552.0,192.2,1134.0
1876530,stimulus_Ins_HumanRights_2_page_6,552.0,192.6,1136.0
1876531,stimulus_Ins_HumanRights_2_page_6,552.0,192.7,1138.0
1876532,stimulus_Ins_HumanRights_2_page_6,552.2,192.7,1139.0
1876533,stimulus_Ins_HumanRights_2_page_6,552.4,192.5,1138.0
1876534,stimulus_Ins_HumanRights_2_page_6,552.3,192.3,1136.0
1876535,stimulus_Ins_HumanRights_2_page_6,552.0,192.1,1135.0
1876536,stimulus_Ins_HumanRights_2_page_6,552.0,192.1,1136.0
1876537,stimulus_Ins_HumanRights_2_page_6,552.3,192.0,1137.0
1876538,stimulus_Ins_HumanRights_2_page_6,552.3,191.9,1137.0
1876539,stimulus_Ins_HumanRights_2_page_6,552.0,191.7,1136.0
1876540,stimulus_Ins_HumanRights_2_page_6,551.6,191.7,1137.0
1876541,stimulus_Ins_HumanRights_2_page_6,551.6,191.6,1138.0
1876542,stimulus_Ins_HumanRights_2_page_6,551.7,191.6,1139.0
1876543,stimulus_Ins_HumanRights_2_page_6,551.6,191.6,1139.0
1876544,stimulus_Ins_HumanRights_2_page_6,551.6,191.7,1139.0
1876545,stimulus_Ins_HumanRights_2_page_6,551.6,191.5,1139.0
1876546,stimulus_Ins_HumanRights_2_page_6,551.7,191.1,1138.0
1876547,stimulus_Ins_HumanRights_2_page_6,551.7,190.6,1138.0
1876548,stimulus_Ins_HumanRights_2_page_6,551.6,190.5,1138.0
1876549,stimulus_Ins_HumanRights_2_page_6,551.4,190.5,1139.0
1876550,stimulus_Ins_HumanRights_2_page_6,551.2,190.9,1140.0
1876551,stimulus_Ins_HumanRights_2_page_6,551.5,191.6,1142.0
1876552,stimulus_Ins_HumanRights_2_page_6,551.9,192.2,1143.0
1876553,stimulus_Ins_HumanRights_2_page_6,552.3,192.5,1144.0
1876554,stimulus_Ins_HumanRights_2_page_6,552.3,192.4,1144.0
1876555,stimulus_Ins_HumanRights_2_page_6,552.3,192.5,1144.0
1876556,stimulus_Ins_HumanRights_2_page_6,552.4,192.6,1144.0
1876557,stimulus_Ins_HumanRights_2_page_6,552.4,192.8,1143.0
1876558,stimulus_Ins_HumanRights_2_page_6,552.2,192.8,1143.0
1876559,stimulus_Ins_HumanRights_2_page_6,552.0,192.9,1142.0
1876560,stimulus_Ins_HumanRights_2_page_6,552.0,193.1,1142.0
1876561,stimulus_Ins_HumanRights_2_page_6,552.1,193.2,1142.0
1876562,stimulus_Ins_HumanRights_2_page_6,552.3,193.1,1142.0
1876563,stimulus_Ins_HumanRights_2_page_6,552.3,193.0,1141.0
1876564,stimulus_Ins_HumanRights_2_page_6,552.4,193.0,1142.0
1876565,stimulus_Ins_HumanRights_2_page_6,552.4,193.1,1144.0
1876566,stimulus_Ins_HumanRights_2_page_6,552.4,193.2,1145.0
1876567,stimulus_Ins_HumanRights_2_page_6,552.7,193.2,1146.0
1876568,stimulus_Ins_HumanRights_2_page_6,553.0,193.4,1146.0
1876569,stimulus_Ins_HumanRights_2_page_6,553.3,193.6,1146.0
1876570,stimulus_Ins_HumanRights_2_page_6,553.1,193.6,1146.0
1876571,stimulus_Ins_HumanRights_2_page_6,553.0,193.7,1146.0
1876572,stimulus_Ins_HumanRights_2_page_6,552.8,193.8,1145.0
1876573,stimulus_Ins_HumanRights_2_page_6,552.5,193.8,1145.0
1876574,stimulus_Ins_HumanRights_2_page_6,552.2,194.1,1144.0
1876575,stimulus_Ins_HumanRights_2_page_6,552.0,194.3,1144.0
1876576,stimulus_Ins_HumanRights_2_page_6,552.0,194.5,1144.0
1876577,stimulus_Ins_HumanRights_2_page_6,552.2,194.4,1144.0
1876578,stimulus_Ins_HumanRights_2_page_6,552.3,194.3,1145.0
1876579,stimulus_Ins_HumanRights_2_page_6,552.5,194.0,1145.0
1876580,stimulus_Ins_HumanRights_2_page_6,552.6,193.8,1146.0
1876581,stimulus_Ins_HumanRights_2_page_6,552.6,193.5,1146.0
1876582,stimulus_Ins_HumanRights_2_page_6,552.7,193.3,1147.0
1876583,stimulus_Ins_HumanRights_2_page_6,552.8,193.2,1147.0
1876584,stimulus_Ins_HumanRights_2_page_6,552.8,193.2,1148.0
1876585,stimulus_Ins_HumanRights_2_page_6,552.9,193.3,1149.0
1876586,stimulus_Ins_HumanRights_2_page_6,552.9,193.3,1150.0
1876587,stimulus_Ins_HumanRights_2_page_6,552.9,193.3,1149.0
1876588,stimulus_Ins_HumanRights_2_page_6,552.5,193.3,1148.0
1876589,stimulus_Ins_HumanRights_2_page_6,552.1,193.4,1148.0
1876590,stimulus_Ins_HumanRights_2_page_6,551.8,193.4,1149.0
1876591,stimulus_Ins_HumanRights_2_page_6,552.1,193.5,1150.0
1876592,stimulus_Ins_HumanRights_2_page_6,552.4,193.5,1150.0
1876593,stimulus_Ins_HumanRights_2_page_6,552.6,193.5,1150.0
1876594,stimulus_Ins_HumanRights_2_page_6,552.6,193.4,1148.0
1876595,stimulus_Ins_HumanRights_2_page_6,552.5,193.3,1146.0
1876596,stimulus_Ins_HumanRights_2_page_6,552.5,193.2,1145.0
1876597,stimulus_Ins_HumanRights_2_page_6,552.6,193.0,1145.0
1876598,stimulus_Ins_HumanRights_2_page_6,552.6,192.9,1145.0
1876599,stimulus_Ins_HumanRights_2_page_6,552.7,193.0,1145.0
1876600,stimulus_Ins_HumanRights_2_page_6,552.7,193.1,1147.0
1876601,stimulus_Ins_HumanRights_2_page_6,552.9,193.2,1148.0
1876602,stimulus_Ins_HumanRights_2_page_6,553.2,193.2,1150.0
1876603,stimulus_Ins_HumanRights_2_page_6,553.4,193.2,1149.0
1876604,stimulus_Ins_HumanRights_2_page_6,553.2,193.1,1149.0
1876605,stimulus_Ins_HumanRights_2_page_6,552.9,192.7,1148.0
1876606,stimulus_Ins_HumanRights_2_page_6,552.5,192.3,1146.0
1876607,stimulus_Ins_HumanRights_2_page_6,552.5,192.0,1145.0
1876608,stimulus_Ins_HumanRights_2_page_6,552.4,192.4,1145.0
1876609,stimulus_Ins_HumanRights_2_page_6,552.4,192.9,1146.0
1876610,stimulus_Ins_HumanRights_2_page_6,552.4,193.4,1147.0
1876611,stimulus_Ins_HumanRights_2_page_6,552.3,193.5,1147.0
1876612,stimulus_Ins_HumanRights_2_page_6,552.4,193.6,1147.0
1876613,stimulus_Ins_HumanRights_2_page_6,552.5,193.5,1147.0
1876614,stimulus_Ins_HumanRights_2_page_6,552.5,193.4,1147.0
1876615,stimulus_Ins_HumanRights_2_page_6,552.1,193.1,1146.0
1876616,stimulus_Ins_HumanRights_2_page_6,551.6,192.5,1146.0
1876617,stimulus_Ins_HumanRights_2_page_6,551.4,192.0,1147.0
1876618,stimulus_Ins_HumanRights_2_page_6,551.7,191.8,1147.0
1876619,stimulus_Ins_HumanRights_2_page_6,551.9,192.2,1148.0
1876620,stimulus_Ins_HumanRights_2_page_6,551.9,192.7,1147.0
1876621,stimulus_Ins_HumanRights_2_page_6,551.8,192.9,1146.0
1876622,stimulus_Ins_HumanRights_2_page_6,551.6,192.9,1146.0
1876623,stimulus_Ins_HumanRights_2_page_6,551.5,192.9,1147.0
1876624,stimulus_Ins_HumanRights_2_page_6,551.8,193.1,1148.0
1876625,stimulus_Ins_HumanRights_2_page_6,552.3,193.2,1147.0
1876626,stimulus_Ins_HumanRights_2_page_6,552.6,193.5,1145.0
1876627,stimulus_Ins_HumanRights_2_page_6,552.3,193.6,1147.0
1876628,stimulus_Ins_HumanRights_2_page_6,552.0,193.6,1149.0
1876629,stimulus_Ins_HumanRights_2_page_6,551.9,193.5,1152.0
1876630,stimulus_Ins_HumanRights_2_page_6,552.1,193.4,1152.0
1876631,stimulus_Ins_HumanRights_2_page_6,552.2,193.3,1153.0
1876632,stimulus_Ins_HumanRights_2_page_6,551.9,193.3,1151.0
1876633,stimulus_Ins_HumanRights_2_page_6,551.6,193.3,1150.0
1876634,stimulus_Ins_HumanRights_2_page_6,551.5,193.5,1148.0
1876635,stimulus_Ins_HumanRights_2_page_6,551.7,193.6,1148.0
1876636,stimulus_Ins_HumanRights_2_page_6,551.7,193.8,1149.0
1876637,stimulus_Ins_HumanRights_2_page_6,551.4,193.9,1150.0
1876638,stimulus_Ins_HumanRights_2_page_6,551.1,193.9,1149.0
1876639,stimulus_Ins_HumanRights_2_page_6,550.7,193.7,1148.0
1876640,stimulus_Ins_HumanRights_2_page_6,550.5,193.6,1148.0
1876641,stimulus_Ins_HumanRights_2_page_6,550.4,193.5,1150.0
1876642,stimulus_Ins_HumanRights_2_page_6,550.4,193.8,1150.0
1876643,stimulus_Ins_HumanRights_2_page_6,550.5,194.0,1150.0
1876644,stimulus_Ins_HumanRights_2_page_6,550.0,194.2,1148.0
1876645,stimulus_Ins_HumanRights_2_page_6,549.4,194.2,1146.0
1876646,stimulus_Ins_HumanRights_2_page_6,548.9,194.2,1145.0
1876647,stimulus_Ins_HumanRights_2_page_6,548.9,194.2,1145.0
1876648,stimulus_Ins_HumanRights_2_page_6,549.3,194.2,1144.0
1876649,stimulus_Ins_HumanRights_2_page_6,549.6,194.3,1144.0
1876650,stimulus_Ins_HumanRights_2_page_6,549.8,194.6,1144.0
1876651,stimulus_Ins_HumanRights_2_page_6,549.5,194.9,1144.0
1876652,stimulus_Ins_HumanRights_2_page_6,549.3,195.2,1144.0
1876653,stimulus_Ins_HumanRights_2_page_6,549.2,195.4,1145.0
1876654,stimulus_Ins_HumanRights_2_page_6,549.0,195.5,1145.0
1876655,stimulus_Ins_HumanRights_2_page_6,548.8,195.5,1143.0
1876656,stimulus_Ins_HumanRights_2_page_6,548.5,195.6,1142.0
1876657,stimulus_Ins_HumanRights_2_page_6,548.4,195.7,1141.0
1876658,stimulus_Ins_HumanRights_2_page_6,548.3,195.8,1142.0
1876659,stimulus_Ins_HumanRights_2_page_6,548.3,195.8,1143.0
1876660,stimulus_Ins_HumanRights_2_page_6,548.3,195.7,1144.0
1876661,stimulus_Ins_HumanRights_2_page_6,548.3,195.6,1144.0
1876662,stimulus_Ins_HumanRights_2_page_6,548.3,195.5,1145.0
1876663,stimulus_Ins_HumanRights_2_page_6,548.4,195.2,1145.0
1876664,stimulus_Ins_HumanRights_2_page_6,548.3,194.8,1144.0
1876665,stimulus_Ins_HumanRights_2_page_6,548.3,194.3,1143.0
1876666,stimulus_Ins_HumanRights_2_page_6,548.2,193.9,1144.0
1876667,stimulus_Ins_HumanRights_2_page_6,548.2,193.7,1144.0
1876668,stimulus_Ins_HumanRights_2_page_6,548.0,194.0,1143.0
1876669,stimulus_Ins_HumanRights_2_page_6,548.0,194.5,1144.0
1876670,stimulus_Ins_HumanRights_2_page_6,548.1,195.1,1145.0
1876671,stimulus_Ins_HumanRights_2_page_6,548.3,195.2,1146.0
1876672,stimulus_Ins_HumanRights_2_page_6,548.4,195.3,1147.0
1876673,stimulus_Ins_HumanRights_2_page_6,548.4,195.3,1145.0
1876674,stimulus_Ins_HumanRights_2_page_6,548.3,195.5,1143.0
1876675,stimulus_Ins_HumanRights_2_page_6,548.4,195.6,1141.0
1876676,stimulus_Ins_HumanRights_2_page_6,548.7,195.8,1140.0
1876677,stimulus_Ins_HumanRights_2_page_6,548.9,195.8,1139.0
1876678,stimulus_Ins_HumanRights_2_page_6,549.2,196.1,1139.0
1876679,stimulus_Ins_HumanRights_2_page_6,549.2,196.5,1141.0
1876680,stimulus_Ins_HumanRights_2_page_6,549.4,196.1,1142.0
1876681,stimulus_Ins_HumanRights_2_page_6,549.7,195.5,1143.0
1876682,stimulus_Ins_HumanRights_2_page_6,549.7,194.5,1143.0
1876683,stimulus_Ins_HumanRights_2_page_6,549.5,194.3,1142.0
1876684,stimulus_Ins_HumanRights_2_page_6,549.2,194.0,1142.0
1876685,stimulus_Ins_HumanRights_2_page_6,549.3,194.2,1142.0
1876686,stimulus_Ins_HumanRights_2_page_6,549.3,194.7,1142.0
1876687,stimulus_Ins_HumanRights_2_page_6,549.2,195.1,1142.0
1876688,stimulus_Ins_HumanRights_2_page_6,549.2,195.3,1142.0
1876689,stimulus_Ins_HumanRights_2_page_6,549.2,195.3,1143.0
1876690,stimulus_Ins_HumanRights_2_page_6,549.1,195.3,1144.0
1876691,stimulus_Ins_HumanRights_2_page_6,549.0,195.5,1144.0
1876692,stimulus_Ins_HumanRights_2_page_6,549.0,195.6,1144.0
1876693,stimulus_Ins_HumanRights_2_page_6,549.0,196.1,1144.0
1876694,stimulus_Ins_HumanRights_2_page_6,549.0,196.4,1144.0
1876695,stimulus_Ins_HumanRights_2_page_6,548.8,196.4,1144.0
1876696,stimulus_Ins_HumanRights_2_page_6,548.5,196.2,1144.0
1876697,stimulus_Ins_HumanRights_2_page_6,548.3,196.0,1144.0
1876698,stimulus_Ins_HumanRights_2_page_6,548.3,196.0,1144.0
1876699,stimulus_Ins_HumanRights_2_page_6,548.4,196.0,1146.0
1876700,stimulus_Ins_HumanRights_2_page_6,548.7,196.0,1147.0
1876701,stimulus_Ins_HumanRights_2_page_6,548.9,195.9,1147.0
1876702,stimulus_Ins_HumanRights_2_page_6,549.0,195.7,1148.0
1876703,stimulus_Ins_HumanRights_2_page_6,549.0,195.7,1148.0
1876704,stimulus_Ins_HumanRights_2_page_6,548.9,195.8,1148.0
1876705,stimulus_Ins_HumanRights_2_page_6,548.7,196.4,1146.0
1876706,stimulus_Ins_HumanRights_2_page_6,548.4,196.9,1144.0
1876707,stimulus_Ins_HumanRights_2_page_6,548.3,197.4,1144.0
1876708,stimulus_Ins_HumanRights_2_page_6,548.3,197.4,1145.0
1876709,stimulus_Ins_HumanRights_2_page_6,548.5,197.5,1147.0
1876710,stimulus_Ins_HumanRights_2_page_6,548.6,197.6,1147.0
1876711,stimulus_Ins_HumanRights_2_page_6,548.7,197.4,1146.0
1876712,stimulus_Ins_HumanRights_2_page_6,548.5,197.1,1145.0
1876713,stimulus_Ins_HumanRights_2_page_6,548.3,196.8,1144.0
1876714,stimulus_Ins_HumanRights_2_page_6,548.1,197.0,1145.0
1876715,stimulus_Ins_HumanRights_2_page_6,548.1,197.5,1146.0
1876716,stimulus_Ins_HumanRights_2_page_6,548.2,197.9,1147.0
1876717,stimulus_Ins_HumanRights_2_page_6,548.2,198.0,1147.0
1876718,stimulus_Ins_HumanRights_2_page_6,548.1,197.8,1147.0
1876719,stimulus_Ins_HumanRights_2_page_6,548.2,198.1,1147.0
1876720,stimulus_Ins_HumanRights_2_page_6,548.5,198.4,1147.0
1876721,stimulus_Ins_HumanRights_2_page_6,548.8,198.8,1149.0
1876722,stimulus_Ins_HumanRights_2_page_6,548.9,198.7,1151.0
1876723,stimulus_Ins_HumanRights_2_page_6,549.0,198.5,1151.0
1876724,stimulus_Ins_HumanRights_2_page_6,549.1,198.3,1149.0
1876725,stimulus_Ins_HumanRights_2_page_6,549.1,198.5,1147.0
1876726,stimulus_Ins_HumanRights_2_page_6,549.1,198.8,1147.0
1876727,stimulus_Ins_HumanRights_2_page_6,549.1,199.4,1147.0
1876728,stimulus_Ins_HumanRights_2_page_6,549.2,199.5,1147.0
1876729,stimulus_Ins_HumanRights_2_page_6,549.4,199.7,1147.0
1876730,stimulus_Ins_HumanRights_2_page_6,549.4,199.8,1146.0
1876731,stimulus_Ins_HumanRights_2_page_6,549.2,199.9,1146.0
1876732,stimulus_Ins_HumanRights_2_page_6,549.2,199.9,1149.0
1876733,stimulus_Ins_HumanRights_2_page_6,549.3,199.8,1151.0
1876734,stimulus_Ins_HumanRights_2_page_6,549.5,199.8,1151.0
1876735,stimulus_Ins_HumanRights_2_page_6,549.5,199.9,1148.0
1876736,stimulus_Ins_HumanRights_2_page_6,549.6,200.0,1145.0
1876737,stimulus_Ins_HumanRights_2_page_6,550.0,200.2,1146.0
1876738,stimulus_Ins_HumanRights_2_page_6,550.3,200.4,1148.0
1876739,stimulus_Ins_HumanRights_2_page_6,550.3,200.2,1150.0
1876740,stimulus_Ins_HumanRights_2_page_6,550.2,199.9,1153.0
1876741,stimulus_Ins_HumanRights_2_page_6,550.0,199.5,1153.0
1876742,stimulus_Ins_HumanRights_2_page_6,550.0,199.4,1153.0
1876743,stimulus_Ins_HumanRights_2_page_6,550.5,199.6,1152.0
1876744,stimulus_Ins_HumanRights_2_page_6,551.1,200.1,1152.0
1876745,stimulus_Ins_HumanRights_2_page_6,551.8,200.6,1152.0
1876746,stimulus_Ins_HumanRights_2_page_6,551.9,200.8,1152.0
1876747,stimulus_Ins_HumanRights_2_page_6,552.0,200.8,1153.0
1876748,stimulus_Ins_HumanRights_2_page_6,552.0,200.8,1153.0
1876749,stimulus_Ins_HumanRights_2_page_6,552.0,200.9,1154.0
1876750,stimulus_Ins_HumanRights_2_page_6,552.0,201.1,1153.0
1876751,stimulus_Ins_HumanRights_2_page_6,552.0,201.2,1151.0
1876752,stimulus_Ins_HumanRights_2_page_6,552.1,201.3,1150.0
1876753,stimulus_Ins_HumanRights_2_page_6,552.2,201.2,1150.0
1876754,stimulus_Ins_HumanRights_2_page_6,552.2,201.2,1150.0
1876755,stimulus_Ins_HumanRights_2_page_6,552.1,201.0,1149.0
1876756,stimulus_Ins_HumanRights_2_page_6,552.1,200.8,1149.0
1876757,stimulus_Ins_HumanRights_2_page_6,552.1,200.6,1149.0
1876758,stimulus_Ins_HumanRights_2_page_6,552.3,200.6,1150.0
1876759,stimulus_Ins_HumanRights_2_page_6,552.4,200.7,1152.0
1876760,stimulus_Ins_HumanRights_2_page_6,552.6,200.7,1153.0
1876761,stimulus_Ins_HumanRights_2_page_6,552.9,200.7,1152.0
1876762,stimulus_Ins_HumanRights_2_page_6,553.1,200.7,1152.0
1876763,stimulus_Ins_HumanRights_2_page_6,552.9,200.4,1151.0
1876764,stimulus_Ins_HumanRights_2_page_6,552.5,200.1,1151.0
1876765,stimulus_Ins_HumanRights_2_page_6,552.1,199.8,1151.0
1876766,stimulus_Ins_HumanRights_2_page_6,551.9,199.8,1148.0
1876767,stimulus_Ins_HumanRights_2_page_6,551.7,200.0,1146.0
1876768,stimulus_Ins_HumanRights_2_page_6,551.4,200.1,1144.0
1876769,stimulus_Ins_HumanRights_2_page_6,551.1,199.9,1144.0
1876770,stimulus_Ins_HumanRights_2_page_6,550.5,199.5,1144.0
1876771,stimulus_Ins_HumanRights_2_page_6,550.1,199.0,1144.0
1876772,stimulus_Ins_HumanRights_2_page_6,549.8,198.7,1144.0
1876773,stimulus_Ins_HumanRights_2_page_6,550.2,198.5,1145.0
1876774,stimulus_Ins_HumanRights_2_page_6,552.4,199.1,1147.0
1876775,stimulus_Ins_HumanRights_2_page_6,556.4,199.9,1149.0
1876776,stimulus_Ins_HumanRights_2_page_6,561.8,200.6,1150.0
1876777,stimulus_Ins_HumanRights_2_page_6,567.0,200.2,1150.0
1876778,stimulus_Ins_HumanRights_2_page_6,571.7,199.8,1150.0
1876779,stimulus_Ins_HumanRights_2_page_6,576.9,200.4,1149.0
1876780,stimulus_Ins_HumanRights_2_page_6,583.3,201.7,1151.0
1876781,stimulus_Ins_HumanRights_2_page_6,590.9,203.1,1153.0
1876782,stimulus_Ins_HumanRights_2_page_6,598.9,203.5,1156.0
1876783,stimulus_Ins_HumanRights_2_page_6,605.6,203.6,1157.0
1876784,stimulus_Ins_HumanRights_2_page_6,611.7,204.0,1158.0
1876785,stimulus_Ins_HumanRights_2_page_6,618.4,205.3,1160.0
1876786,stimulus_Ins_HumanRights_2_page_6,625.3,206.6,1162.0
1876787,stimulus_Ins_HumanRights_2_page_6,633.6,207.9,1162.0
1876788,stimulus_Ins_HumanRights_2_page_6,639.5,208.3,1160.0
1876789,stimulus_Ins_HumanRights_2_page_6,644.5,208.2,1158.0
1876790,stimulus_Ins_HumanRights_2_page_6,647.4,207.7,1157.0
1876791,stimulus_Ins_HumanRights_2_page_6,651.3,207.0,1156.0
1876792,stimulus_Ins_HumanRights_2_page_6,656.9,206.7,1156.0
1876793,stimulus_Ins_HumanRights_2_page_6,662.7,206.4,1156.0
1876794,stimulus_Ins_HumanRights_2_page_6,667.8,206.2,1156.0
1876795,stimulus_Ins_HumanRights_2_page_6,671.7,204.7,1154.0
1876796,stimulus_Ins_HumanRights_2_page_6,674.7,203.2,1153.0
1876797,stimulus_Ins_HumanRights_2_page_6,678.0,202.6,1152.0
1876798,stimulus_Ins_HumanRights_2_page_6,680.9,203.3,1153.0
1876799,stimulus_Ins_HumanRights_2_page_6,684.5,204.3,1153.0
1876800,stimulus_Ins_HumanRights_2_page_6,687.0,204.5,1153.0
1876801,stimulus_Ins_HumanRights_2_page_6,689.7,205.1,1152.0
1876802,stimulus_Ins_HumanRights_2_page_6,691.7,205.6,1151.0
1876803,stimulus_Ins_HumanRights_2_page_6,693.5,205.5,1149.0
1876804,stimulus_Ins_HumanRights_2_page_6,694.9,205.1,1150.0
1876805,stimulus_Ins_HumanRights_2_page_6,696.0,204.7,1150.0
1876806,stimulus_Ins_HumanRights_2_page_6,696.8,204.6,1150.0
1876807,stimulus_Ins_HumanRights_2_page_6,697.4,204.4,1150.0
1876808,stimulus_Ins_HumanRights_2_page_6,697.8,203.8,1151.0
1876809,stimulus_Ins_HumanRights_2_page_6,698.8,203.4,1151.0
1876810,stimulus_Ins_HumanRights_2_page_6,699.6,202.9,1152.0
1876811,stimulus_Ins_HumanRights_2_page_6,700.8,202.4,1152.0
1876812,stimulus_Ins_HumanRights_2_page_6,701.3,202.0,1153.0
1876813,stimulus_Ins_HumanRights_2_page_6,702.0,201.8,1154.0
1876814,stimulus_Ins_HumanRights_2_page_6,702.2,201.5,1152.0
1876815,stimulus_Ins_HumanRights_2_page_6,702.4,201.1,1150.0
1876816,stimulus_Ins_HumanRights_2_page_6,702.7,200.6,1148.0
1876817,stimulus_Ins_HumanRights_2_page_6,703.1,200.4,1149.0
1876818,stimulus_Ins_HumanRights_2_page_6,703.4,200.1,1149.0
1876819,stimulus_Ins_HumanRights_2_page_6,703.7,200.0,1149.0
1876820,stimulus_Ins_HumanRights_2_page_6,703.8,200.6,1148.0
1876821,stimulus_Ins_HumanRights_2_page_6,703.9,201.4,1149.0
1876822,stimulus_Ins_HumanRights_2_page_6,703.9,201.9,1150.0
1876823,stimulus_Ins_HumanRights_2_page_6,703.9,201.2,1151.0
1876824,stimulus_Ins_HumanRights_2_page_6,703.9,200.5,1152.0
1876825,stimulus_Ins_HumanRights_2_page_6,703.8,200.2,1151.0
1876826,stimulus_Ins_HumanRights_2_page_6,703.8,200.3,1150.0
1876827,stimulus_Ins_HumanRights_2_page_6,704.0,200.3,1149.0
1876828,stimulus_Ins_HumanRights_2_page_6,704.4,200.2,1150.0
1876829,stimulus_Ins_HumanRights_2_page_6,704.5,200.0,1150.0
1876830,stimulus_Ins_HumanRights_2_page_6,704.3,199.7,1150.0
1876831,stimulus_Ins_HumanRights_2_page_6,704.1,199.6,1150.0
1876832,stimulus_Ins_HumanRights_2_page_6,704.0,199.9,1150.0
1876833,stimulus_Ins_HumanRights_2_page_6,703.9,200.1,1150.0
1876834,stimulus_Ins_HumanRights_2_page_6,704.0,199.9,1149.0
1876835,stimulus_Ins_HumanRights_2_page_6,704.1,199.4,1148.0
1876836,stimulus_Ins_HumanRights_2_page_6,704.2,199.0,1147.0
1876837,stimulus_Ins_HumanRights_2_page_6,704.7,199.0,1147.0
1876838,stimulus_Ins_HumanRights_2_page_6,705.2,199.1,1147.0
1876839,stimulus_Ins_HumanRights_2_page_6,705.4,199.0,1148.0
1876840,stimulus_Ins_HumanRights_2_page_6,704.8,198.9,1148.0
1876841,stimulus_Ins_HumanRights_2_page_6,704.1,198.8,1147.0
1876842,stimulus_Ins_HumanRights_2_page_6,703.7,198.6,1147.0
1876843,stimulus_Ins_HumanRights_2_page_6,703.4,198.4,1148.0
1876844,stimulus_Ins_HumanRights_2_page_6,703.4,198.3,1147.0
1876845,stimulus_Ins_HumanRights_2_page_6,703.3,198.5,1147.0
1876846,stimulus_Ins_HumanRights_2_page_6,703.3,198.6,1145.0
1876847,stimulus_Ins_HumanRights_2_page_6,703.6,198.6,1143.0
1876848,stimulus_Ins_HumanRights_2_page_6,703.9,198.5,1143.0
1876849,stimulus_Ins_HumanRights_2_page_6,704.1,198.5,1144.0
1876850,stimulus_Ins_HumanRights_2_page_6,704.2,198.5,1145.0
1876851,stimulus_Ins_HumanRights_2_page_6,704.3,198.5,1145.0
1876852,stimulus_Ins_HumanRights_2_page_6,704.3,198.4,1146.0
1876853,stimulus_Ins_HumanRights_2_page_6,704.2,198.4,1146.0
1876854,stimulus_Ins_HumanRights_2_page_6,704.1,198.5,1147.0
1876855,stimulus_Ins_HumanRights_2_page_6,703.9,198.2,1146.0
1876856,stimulus_Ins_HumanRights_2_page_6,703.8,198.0,1146.0
1876857,stimulus_Ins_HumanRights_2_page_6,703.7,197.7,1145.0
1876858,stimulus_Ins_HumanRights_2_page_6,703.8,197.6,1145.0
1876859,stimulus_Ins_HumanRights_2_page_6,703.9,198.0,1144.0
1876860,stimulus_Ins_HumanRights_2_page_6,704.1,198.5,1144.0
1876861,stimulus_Ins_HumanRights_2_page_6,704.2,199.1,1144.0
1876862,stimulus_Ins_HumanRights_2_page_6,704.1,199.2,1143.0
1876863,stimulus_Ins_HumanRights_2_page_6,703.8,199.2,1141.0
1876864,stimulus_Ins_HumanRights_2_page_6,703.6,199.1,1140.0
1876865,stimulus_Ins_HumanRights_2_page_6,703.6,198.9,1140.0
1876866,stimulus_Ins_HumanRights_2_page_6,703.3,198.6,1140.0
1876867,stimulus_Ins_HumanRights_2_page_6,703.0,198.7,1140.0
1876868,stimulus_Ins_HumanRights_2_page_6,702.7,198.8,1140.0
1876869,stimulus_Ins_HumanRights_2_page_6,702.7,198.7,1140.0
1876870,stimulus_Ins_HumanRights_2_page_6,702.7,198.5,1141.0
1876871,stimulus_Ins_HumanRights_2_page_6,702.7,198.2,1141.0
1876872,stimulus_Ins_HumanRights_2_page_6,702.6,198.1,1141.0
1876873,stimulus_Ins_HumanRights_2_page_6,702.6,198.1,1141.0
1876874,stimulus_Ins_HumanRights_2_page_6,702.6,198.2,1140.0
1876875,stimulus_Ins_HumanRights_2_page_6,702.5,198.2,1140.0
1876876,stimulus_Ins_HumanRights_2_page_6,702.5,198.5,1140.0
1876877,stimulus_Ins_HumanRights_2_page_6,702.5,198.9,1140.0
1876878,stimulus_Ins_HumanRights_2_page_6,702.4,199.4,1141.0
1876879,stimulus_Ins_HumanRights_2_page_6,702.4,199.5,1141.0
1876880,stimulus_Ins_HumanRights_2_page_6,702.4,199.5,1142.0
1876881,stimulus_Ins_HumanRights_2_page_6,702.5,199.4,1142.0
1876882,stimulus_Ins_HumanRights_2_page_6,702.5,199.3,1142.0
1876883,stimulus_Ins_HumanRights_2_page_6,702.3,199.2,1140.0
1876884,stimulus_Ins_HumanRights_2_page_6,702.2,199.2,1138.0
1876885,stimulus_Ins_HumanRights_2_page_6,702.3,199.2,1139.0
1876886,stimulus_Ins_HumanRights_2_page_6,702.5,199.2,1141.0
1876887,stimulus_Ins_HumanRights_2_page_6,702.6,198.9,1143.0
1876888,stimulus_Ins_HumanRights_2_page_6,702.7,198.5,1143.0
1876889,stimulus_Ins_HumanRights_2_page_6,702.7,198.7,1143.0
1876890,stimulus_Ins_HumanRights_2_page_6,702.8,199.3,1142.0
1876891,stimulus_Ins_HumanRights_2_page_6,702.9,199.8,1141.0
1876892,stimulus_Ins_HumanRights_2_page_6,702.7,199.7,1140.0
1876893,stimulus_Ins_HumanRights_2_page_6,702.5,199.8,1139.0
1876894,stimulus_Ins_HumanRights_2_page_6,702.3,200.1,1139.0
1876895,stimulus_Ins_HumanRights_2_page_6,702.2,200.5,1138.0
1876896,stimulus_Ins_HumanRights_2_page_6,702.0,200.5,1137.0
1876897,stimulus_Ins_HumanRights_2_page_6,701.8,200.6,1137.0
1876898,stimulus_Ins_HumanRights_2_page_6,701.7,200.6,1139.0
1876899,stimulus_Ins_HumanRights_2_page_6,701.7,200.5,1140.0
1876900,stimulus_Ins_HumanRights_2_page_6,701.7,200.3,1140.0
1876901,stimulus_Ins_HumanRights_2_page_6,701.9,199.9,1141.0
1876902,stimulus_Ins_HumanRights_2_page_6,702.2,199.7,1142.0
1876903,stimulus_Ins_HumanRights_2_page_6,702.4,199.5,1141.0
1876904,stimulus_Ins_HumanRights_2_page_6,702.4,199.5,1140.0
1876905,stimulus_Ins_HumanRights_2_page_6,702.4,199.8,1140.0
1876906,stimulus_Ins_HumanRights_2_page_6,702.4,200.2,1140.0
1876907,stimulus_Ins_HumanRights_2_page_6,702.3,199.9,1141.0
1876908,stimulus_Ins_HumanRights_2_page_6,702.4,199.4,1141.0
1876909,stimulus_Ins_HumanRights_2_page_6,702.5,198.8,1141.0
1876910,stimulus_Ins_HumanRights_2_page_6,702.5,199.0,1142.0
1876911,stimulus_Ins_HumanRights_2_page_6,702.4,199.2,1143.0
1876912,stimulus_Ins_HumanRights_2_page_6,702.4,199.3,1144.0
1876913,stimulus_Ins_HumanRights_2_page_6,702.4,199.2,1143.0
1876914,stimulus_Ins_HumanRights_2_page_6,702.6,199.1,1141.0
1876915,stimulus_Ins_HumanRights_2_page_6,702.8,199.3,1139.0
1876916,stimulus_Ins_HumanRights_2_page_6,702.7,199.5,1139.0
1876917,stimulus_Ins_HumanRights_2_page_6,702.5,199.9,1139.0
1876918,stimulus_Ins_HumanRights_2_page_6,702.3,200.0,1139.0
1876919,stimulus_Ins_HumanRights_2_page_6,702.1,200.1,1139.0
1876920,stimulus_Ins_HumanRights_2_page_6,702.0,199.6,1139.0
1876921,stimulus_Ins_HumanRights_2_page_6,701.8,199.1,1139.0
1876922,stimulus_Ins_HumanRights_2_page_6,701.8,198.7,1140.0
1876923,stimulus_Ins_HumanRights_2_page_6,701.8,198.4,1140.0
1876924,stimulus_Ins_HumanRights_2_page_6,701.9,198.0,1139.0
1876925,stimulus_Ins_HumanRights_2_page_6,701.9,197.6,1138.0
1876926,stimulus_Ins_HumanRights_2_page_6,701.9,197.7,1136.0
1876927,stimulus_Ins_HumanRights_2_page_6,702.0,197.8,1136.0
1876928,stimulus_Ins_HumanRights_2_page_6,702.0,198.0,1136.0
1876929,stimulus_Ins_HumanRights_2_page_6,702.0,198.1,1136.0
1876930,stimulus_Ins_HumanRights_2_page_6,701.9,198.2,1137.0
1876931,stimulus_Ins_HumanRights_2_page_6,701.5,198.4,1136.0
1876932,stimulus_Ins_HumanRights_2_page_6,701.2,198.2,1135.0
1876933,stimulus_Ins_HumanRights_2_page_6,701.0,198.1,1134.0
1876934,stimulus_Ins_HumanRights_2_page_6,701.2,198.0,1135.0
1876935,stimulus_Ins_HumanRights_2_page_6,701.5,198.0,1136.0
1876936,stimulus_Ins_HumanRights_2_page_6,701.9,198.0,1137.0
1876937,stimulus_Ins_HumanRights_2_page_6,702.1,198.1,1137.0
1876938,stimulus_Ins_HumanRights_2_page_6,702.2,198.1,1137.0
1876939,stimulus_Ins_HumanRights_2_page_6,702.2,197.7,1137.0
1876940,stimulus_Ins_HumanRights_2_page_6,702.2,197.3,1137.0
1876941,stimulus_Ins_HumanRights_2_page_6,702.0,196.9,1137.0
1876942,stimulus_Ins_HumanRights_2_page_6,701.8,197.1,1137.0
1876943,stimulus_Ins_HumanRights_2_page_6,701.6,197.3,1136.0
1876944,stimulus_Ins_HumanRights_2_page_6,701.4,197.4,1136.0
1876945,stimulus_Ins_HumanRights_2_page_6,701.2,197.6,1136.0
1876946,stimulus_Ins_HumanRights_2_page_6,700.9,197.7,1136.0
1876947,stimulus_Ins_HumanRights_2_page_6,701.0,197.8,1136.0
1876948,stimulus_Ins_HumanRights_2_page_6,701.2,197.9,1136.0
1876949,stimulus_Ins_HumanRights_2_page_6,701.3,198.1,1136.0
1876950,stimulus_Ins_HumanRights_2_page_6,701.1,198.2,1136.0
1876951,stimulus_Ins_HumanRights_2_page_6,700.9,197.8,1135.0
1876952,stimulus_Ins_HumanRights_2_page_6,700.9,197.4,1134.0
1876953,stimulus_Ins_HumanRights_2_page_6,701.1,197.0,1134.0
1876954,stimulus_Ins_HumanRights_2_page_6,701.4,196.9,1133.0
1876955,stimulus_Ins_HumanRights_2_page_6,701.4,196.9,1132.0
1876956,stimulus_Ins_HumanRights_2_page_6,701.4,196.8,1132.0
1876957,stimulus_Ins_HumanRights_2_page_6,701.4,196.9,1131.0
1876958,stimulus_Ins_HumanRights_2_page_6,701.2,197.0,1131.0
1876959,stimulus_Ins_HumanRights_2_page_6,701.0,197.1,1131.0
1876960,stimulus_Ins_HumanRights_2_page_6,700.9,197.0,1131.0
1876961,stimulus_Ins_HumanRights_2_page_6,701.2,196.9,1132.0
1876962,stimulus_Ins_HumanRights_2_page_6,701.3,196.8,1132.0
1876963,stimulus_Ins_HumanRights_2_page_6,701.4,197.0,1132.0
1876964,stimulus_Ins_HumanRights_2_page_6,701.4,197.3,1132.0
1876965,stimulus_Ins_HumanRights_2_page_6,701.5,197.4,1131.0
1876966,stimulus_Ins_HumanRights_2_page_6,701.7,197.0,1129.0
1876967,stimulus_Ins_HumanRights_2_page_6,701.7,196.4,1128.0
1876968,stimulus_Ins_HumanRights_2_page_6,701.8,196.1,1128.0
1876969,stimulus_Ins_HumanRights_2_page_6,701.8,196.4,1130.0
1876970,stimulus_Ins_HumanRights_2_page_6,701.8,197.0,1132.0
1876971,stimulus_Ins_HumanRights_2_page_6,701.8,197.7,1135.0
1876972,stimulus_Ins_HumanRights_2_page_6,701.9,197.7,1136.0
1876973,stimulus_Ins_HumanRights_2_page_6,702.1,197.6,1136.0
1876974,stimulus_Ins_HumanRights_2_page_6,702.4,197.5,1135.0
1876975,stimulus_Ins_HumanRights_2_page_6,702.3,197.6,1133.0
1876976,stimulus_Ins_HumanRights_2_page_6,702.1,197.5,1132.0
1876977,stimulus_Ins_HumanRights_2_page_6,701.9,197.5,1133.0
1876978,stimulus_Ins_HumanRights_2_page_6,701.6,197.5,1132.0
1876979,stimulus_Ins_HumanRights_2_page_6,701.4,197.1,1131.0
1876980,stimulus_Ins_HumanRights_2_page_6,701.1,196.8,1130.0
1876981,stimulus_Ins_HumanRights_2_page_6,701.2,196.5,1130.0
1876982,stimulus_Ins_HumanRights_2_page_6,701.2,196.6,1130.0
1876983,stimulus_Ins_HumanRights_2_page_6,701.6,196.7,1129.0
1876984,stimulus_Ins_HumanRights_2_page_6,702.0,196.7,1129.0
1876985,stimulus_Ins_HumanRights_2_page_6,702.4,196.6,1130.0
1876986,stimulus_Ins_HumanRights_2_page_6,702.4,196.6,1132.0
1876987,stimulus_Ins_HumanRights_2_page_6,702.3,196.5,1132.0
1876988,stimulus_Ins_HumanRights_2_page_6,702.1,196.5,1130.0
1876989,stimulus_Ins_HumanRights_2_page_6,701.9,196.6,1129.0
1876990,stimulus_Ins_HumanRights_2_page_6,701.7,196.7,1129.0
1876991,stimulus_Ins_HumanRights_2_page_6,701.7,196.9,1130.0
1876992,stimulus_Ins_HumanRights_2_page_6,701.7,197.0,1131.0
1876993,stimulus_Ins_HumanRights_2_page_6,701.6,197.2,1132.0
1876994,stimulus_Ins_HumanRights_2_page_6,701.6,197.3,1131.0
1876995,stimulus_Ins_HumanRights_2_page_6,701.7,197.3,1131.0
1876996,stimulus_Ins_HumanRights_2_page_6,701.7,197.2,1130.0
1876997,stimulus_Ins_HumanRights_2_page_6,701.6,197.0,1130.0
1876998,stimulus_Ins_HumanRights_2_page_6,701.5,197.1,1130.0
1876999,stimulus_Ins_HumanRights_2_page_6,701.4,197.3,1129.0
1877000,stimulus_Ins_HumanRights_2_page_6,701.4,197.5,1128.0
1877001,stimulus_Ins_HumanRights_2_page_6,701.5,197.7,1128.0
1877002,stimulus_Ins_HumanRights_2_page_6,701.8,197.6,1129.0
1877003,stimulus_Ins_HumanRights_2_page_6,702.0,197.6,1131.0
1877004,stimulus_Ins_HumanRights_2_page_6,702.3,197.6,1131.0
1877005,stimulus_Ins_HumanRights_2_page_6,702.4,197.6,1131.0
1877006,stimulus_Ins_HumanRights_2_page_6,702.5,197.7,1131.0
1877007,stimulus_Ins_HumanRights_2_page_6,702.6,197.7,1131.0
1877008,stimulus_Ins_HumanRights_2_page_6,702.5,197.8,1130.0
1877009,stimulus_Ins_HumanRights_2_page_6,702.5,197.9,1130.0
1877010,stimulus_Ins_HumanRights_2_page_6,702.5,197.5,1130.0
1877011,stimulus_Ins_HumanRights_2_page_6,702.5,197.1,1129.0
1877012,stimulus_Ins_HumanRights_2_page_6,702.6,196.6,1129.0
1877013,stimulus_Ins_HumanRights_2_page_6,702.4,197.0,1129.0
1877014,stimulus_Ins_HumanRights_2_page_6,702.2,197.3,1129.0
1877015,stimulus_Ins_HumanRights_2_page_6,702.1,197.7,1129.0
1877016,stimulus_Ins_HumanRights_2_page_6,702.1,197.8,1128.0
1877017,stimulus_Ins_HumanRights_2_page_6,702.2,198.0,1128.0
1877018,stimulus_Ins_HumanRights_2_page_6,702.2,198.2,1128.0
1877019,stimulus_Ins_HumanRights_2_page_6,702.3,198.4,1128.0
1877020,stimulus_Ins_HumanRights_2_page_6,702.6,198.6,1128.0
1877021,stimulus_Ins_HumanRights_2_page_6,702.8,198.7,1128.0
1877022,stimulus_Ins_HumanRights_2_page_6,702.8,198.5,1127.0
1877023,stimulus_Ins_HumanRights_2_page_6,702.6,198.2,1126.0
1877024,stimulus_Ins_HumanRights_2_page_6,702.5,198.2,1125.0
1877025,stimulus_Ins_HumanRights_2_page_6,702.6,198.5,1125.0
1877026,stimulus_Ins_HumanRights_2_page_6,702.8,198.9,1125.0
1877027,stimulus_Ins_HumanRights_2_page_6,702.8,199.0,1125.0
1877028,stimulus_Ins_HumanRights_2_page_6,702.4,198.9,1125.0
1877029,stimulus_Ins_HumanRights_2_page_6,702.0,198.5,1125.0
1877030,stimulus_Ins_HumanRights_2_page_6,702.0,198.1,1125.0
1877031,stimulus_Ins_HumanRights_2_page_6,702.3,198.1,1127.0
1877032,stimulus_Ins_HumanRights_2_page_6,702.6,198.7,1128.0
1877033,stimulus_Ins_HumanRights_2_page_6,702.5,199.3,1128.0
1877034,stimulus_Ins_HumanRights_2_page_6,702.4,199.3,1127.0
1877035,stimulus_Ins_HumanRights_2_page_6,702.5,199.2,1127.0
1877036,stimulus_Ins_HumanRights_2_page_6,702.7,199.0,1128.0
1877037,stimulus_Ins_HumanRights_2_page_6,702.7,198.9,1130.0
1877038,stimulus_Ins_HumanRights_2_page_6,702.5,198.8,1131.0
1877039,stimulus_Ins_HumanRights_2_page_6,702.3,198.8,1131.0
1877040,stimulus_Ins_HumanRights_2_page_6,702.3,198.9,1130.0
1877041,stimulus_Ins_HumanRights_2_page_6,702.4,199.0,1130.0
1877042,stimulus_Ins_HumanRights_2_page_6,702.6,198.7,1130.0
1877043,stimulus_Ins_HumanRights_2_page_6,702.8,198.3,1127.0
1877044,stimulus_Ins_HumanRights_2_page_6,702.8,197.9,1124.0
1877045,stimulus_Ins_HumanRights_2_page_6,702.6,197.9,1123.0
1877046,stimulus_Ins_HumanRights_2_page_6,702.5,197.9,1124.0
1877047,stimulus_Ins_HumanRights_2_page_6,702.6,197.9,1125.0
1877048,stimulus_Ins_HumanRights_2_page_6,702.7,197.9,1125.0
1877049,stimulus_Ins_HumanRights_2_page_6,702.7,197.9,1125.0
1877050,stimulus_Ins_HumanRights_2_page_6,702.5,197.7,1125.0
1877051,stimulus_Ins_HumanRights_2_page_6,702.2,197.3,1125.0
1877052,stimulus_Ins_HumanRights_2_page_6,701.8,197.0,1126.0
1877053,stimulus_Ins_HumanRights_2_page_6,701.6,196.7,1125.0
1877054,stimulus_Ins_HumanRights_2_page_6,701.4,196.5,1125.0
1877055,stimulus_Ins_HumanRights_2_page_6,701.7,196.7,1125.0
1877056,stimulus_Ins_HumanRights_2_page_6,702.0,196.9,1126.0
1877057,stimulus_Ins_HumanRights_2_page_6,702.5,197.2,1127.0
1877058,stimulus_Ins_HumanRights_2_page_6,702.7,197.1,1128.0
1877059,stimulus_Ins_HumanRights_2_page_6,702.8,197.1,1128.0
1877060,stimulus_Ins_HumanRights_2_page_6,702.5,197.1,1128.0
1877061,stimulus_Ins_HumanRights_2_page_6,702.4,197.3,1127.0
1877062,stimulus_Ins_HumanRights_2_page_6,702.4,197.6,1125.0
1877063,stimulus_Ins_HumanRights_2_page_6,702.6,197.6,1124.0
1877064,stimulus_Ins_HumanRights_2_page_6,702.6,197.6,1124.0
1877065,stimulus_Ins_HumanRights_2_page_6,702.4,197.7,1124.0
1877066,stimulus_Ins_HumanRights_2_page_6,702.2,197.7,1123.0
1877067,stimulus_Ins_HumanRights_2_page_6,702.0,197.9,1123.0
1877068,stimulus_Ins_HumanRights_2_page_6,701.9,198.0,1123.0
1877069,stimulus_Ins_HumanRights_2_page_6,701.9,198.1,1125.0
1877070,stimulus_Ins_HumanRights_2_page_6,701.8,198.4,1126.0
1877071,stimulus_Ins_HumanRights_2_page_6,701.8,198.7,1126.0
1877072,stimulus_Ins_HumanRights_2_page_6,701.8,199.1,1125.0
1877073,stimulus_Ins_HumanRights_2_page_6,701.8,199.3,1124.0
1877074,stimulus_Ins_HumanRights_2_page_6,701.8,199.2,1124.0
1877075,stimulus_Ins_HumanRights_2_page_6,701.8,198.9,1123.0
1877076,stimulus_Ins_HumanRights_2_page_6,701.6,198.7,1123.0
1877077,stimulus_Ins_HumanRights_2_page_6,701.5,198.5,1123.0
1877078,stimulus_Ins_HumanRights_2_page_6,701.4,198.4,1124.0
1877079,stimulus_Ins_HumanRights_2_page_6,701.4,198.3,1125.0
1877080,stimulus_Ins_HumanRights_2_page_6,701.6,198.2,1126.0
1877081,stimulus_Ins_HumanRights_2_page_6,701.7,198.1,1125.0
1877082,stimulus_Ins_HumanRights_2_page_6,701.6,198.0,1121.0
1877083,stimulus_Ins_HumanRights_2_page_6,701.4,197.9,1118.0
1877084,stimulus_Ins_HumanRights_2_page_6,701.2,197.9,1116.0
1877085,stimulus_Ins_HumanRights_2_page_6,701.3,197.8,1116.0
1877086,stimulus_Ins_HumanRights_2_page_6,701.4,197.7,1116.0
1877087,stimulus_Ins_HumanRights_2_page_6,701.6,197.8,1116.0
1877088,stimulus_Ins_HumanRights_2_page_6,701.6,198.0,1116.0
1877089,stimulus_Ins_HumanRights_2_page_6,701.7,198.2,1118.0
1877090,stimulus_Ins_HumanRights_2_page_6,701.9,198.2,1120.0
1877091,stimulus_Ins_HumanRights_2_page_6,701.9,198.7,1123.0
1877092,stimulus_Ins_HumanRights_2_page_6,701.8,199.2,1123.0
1877093,stimulus_Ins_HumanRights_2_page_6,701.7,199.2,1123.0
1877094,stimulus_Ins_HumanRights_2_page_6,701.7,198.7,1122.0
1877095,stimulus_Ins_HumanRights_2_page_6,701.8,198.3,1121.0
1877096,stimulus_Ins_HumanRights_2_page_6,701.9,198.4,1119.0
1877097,stimulus_Ins_HumanRights_2_page_6,701.9,198.5,1118.0
1877098,stimulus_Ins_HumanRights_2_page_6,701.9,198.7,1118.0
1877099,stimulus_Ins_HumanRights_2_page_6,701.9,198.9,1118.0
1877100,stimulus_Ins_HumanRights_2_page_6,702.0,199.1,1119.0
1877101,stimulus_Ins_HumanRights_2_page_6,702.1,199.4,1120.0
1877102,stimulus_Ins_HumanRights_2_page_6,702.2,199.7,1119.0
1877103,stimulus_Ins_HumanRights_2_page_6,702.2,199.5,1117.0
1877104,stimulus_Ins_HumanRights_2_page_6,702.2,199.0,1115.0
1877105,stimulus_Ins_HumanRights_2_page_6,702.2,198.5,1116.0
1877106,stimulus_Ins_HumanRights_2_page_6,702.4,198.6,1118.0
1877107,stimulus_Ins_HumanRights_2_page_6,702.6,198.9,1120.0
1877108,stimulus_Ins_HumanRights_2_page_6,702.6,199.1,1119.0
1877109,stimulus_Ins_HumanRights_2_page_6,702.5,199.4,1119.0
1877110,stimulus_Ins_HumanRights_2_page_6,702.3,199.3,1119.0
1877111,stimulus_Ins_HumanRights_2_page_6,702.3,199.2,1120.0
1877112,stimulus_Ins_HumanRights_2_page_6,702.4,199.3,1120.0
1877113,stimulus_Ins_HumanRights_2_page_6,702.5,199.4,1120.0
1877114,stimulus_Ins_HumanRights_2_page_6,702.6,199.1,1120.0
1877115,stimulus_Ins_HumanRights_2_page_6,702.7,198.7,1120.0
1877116,stimulus_Ins_HumanRights_2_page_6,702.6,198.3,1120.0
1877117,stimulus_Ins_HumanRights_2_page_6,702.5,198.3,1119.0
1877118,stimulus_Ins_HumanRights_2_page_6,702.3,198.4,1118.0
1877119,stimulus_Ins_HumanRights_2_page_6,702.3,198.5,1117.0
1877120,stimulus_Ins_HumanRights_2_page_6,702.2,198.8,1117.0
1877121,stimulus_Ins_HumanRights_2_page_6,701.9,198.9,1116.0
1877122,stimulus_Ins_HumanRights_2_page_6,701.7,198.6,1116.0
1877123,stimulus_Ins_HumanRights_2_page_6,702.0,198.3,1116.0
1877124,stimulus_Ins_HumanRights_2_page_6,702.3,197.9,1117.0
1877125,stimulus_Ins_HumanRights_2_page_6,702.7,197.9,1119.0
1877126,stimulus_Ins_HumanRights_2_page_6,702.6,198.0,1120.0
1877127,stimulus_Ins_HumanRights_2_page_6,702.6,198.0,1118.0
1877128,stimulus_Ins_HumanRights_2_page_6,702.6,198.1,1117.0
1877129,stimulus_Ins_HumanRights_2_page_6,702.5,198.4,1116.0
1877130,stimulus_Ins_HumanRights_2_page_6,702.4,198.7,1116.0
1877131,stimulus_Ins_HumanRights_2_page_6,702.5,198.7,1117.0
1877132,stimulus_Ins_HumanRights_2_page_6,702.5,198.3,1119.0
1877133,stimulus_Ins_HumanRights_2_page_6,702.6,197.7,1121.0
1877134,stimulus_Ins_HumanRights_2_page_6,702.0,197.3,1120.0
1877135,stimulus_Ins_HumanRights_2_page_6,701.5,197.0,1118.0
1877136,stimulus_Ins_HumanRights_2_page_6,700.9,196.9,1116.0
1877137,stimulus_Ins_HumanRights_2_page_6,700.8,196.9,1116.0
1877138,stimulus_Ins_HumanRights_2_page_6,700.8,196.8,1118.0
1877139,stimulus_Ins_HumanRights_2_page_6,700.8,196.6,1120.0
1877140,stimulus_Ins_HumanRights_2_page_6,700.8,196.6,1122.0
1877141,stimulus_Ins_HumanRights_2_page_6,700.7,196.8,1121.0
1877142,stimulus_Ins_HumanRights_2_page_6,700.6,197.5,1120.0
1877143,stimulus_Ins_HumanRights_2_page_6,700.7,198.0,1120.0
1877144,stimulus_Ins_HumanRights_2_page_6,700.9,198.0,1119.0
1877145,stimulus_Ins_HumanRights_2_page_6,701.0,197.5,1119.0
1877146,stimulus_Ins_HumanRights_2_page_6,701.1,197.0,1121.0
1877147,stimulus_Ins_HumanRights_2_page_6,701.2,196.8,1123.0
1877148,stimulus_Ins_HumanRights_2_page_6,701.2,196.8,1124.0
1877149,stimulus_Ins_HumanRights_2_page_6,701.3,196.9,1124.0
1877150,stimulus_Ins_HumanRights_2_page_6,701.3,197.3,1125.0
1877151,stimulus_Ins_HumanRights_2_page_6,701.3,197.7,1125.0
1877152,stimulus_Ins_HumanRights_2_page_6,701.3,197.8,1125.0
1877153,stimulus_Ins_HumanRights_2_page_6,701.3,197.5,1124.0
1877154,stimulus_Ins_HumanRights_2_page_6,701.3,197.1,1123.0
1877155,stimulus_Ins_HumanRights_2_page_6,701.2,197.6,1121.0
1877156,stimulus_Ins_HumanRights_2_page_6,701.0,198.4,1122.0
1877157,stimulus_Ins_HumanRights_2_page_6,700.7,199.3,1122.0
1877158,stimulus_Ins_HumanRights_2_page_6,700.5,199.4,1122.0
1877159,stimulus_Ins_HumanRights_2_page_6,700.4,198.7,1122.0
1877160,stimulus_Ins_HumanRights_2_page_6,700.6,198.0,1123.0
1877161,stimulus_Ins_HumanRights_2_page_6,700.8,197.9,1124.0
1877162,stimulus_Ins_HumanRights_2_page_6,700.9,198.8,1125.0
1877163,stimulus_Ins_HumanRights_2_page_6,700.8,199.8,1125.0
1877164,stimulus_Ins_HumanRights_2_page_6,700.7,199.8,1125.0
1877165,stimulus_Ins_HumanRights_2_page_6,700.6,199.3,1125.0
1877166,stimulus_Ins_HumanRights_2_page_6,700.9,198.9,1125.0
1877167,stimulus_Ins_HumanRights_2_page_6,701.1,199.1,1125.0
1877168,stimulus_Ins_HumanRights_2_page_6,701.4,199.3,1125.0
1877169,stimulus_Ins_HumanRights_2_page_6,701.2,199.5,1126.0
1877170,stimulus_Ins_HumanRights_2_page_6,700.9,199.6,1127.0
1877171,stimulus_Ins_HumanRights_2_page_6,700.7,199.5,1128.0
1877172,stimulus_Ins_HumanRights_2_page_6,700.5,199.4,1126.0
1877173,stimulus_Ins_HumanRights_2_page_6,700.5,199.0,1125.0
1877174,stimulus_Ins_HumanRights_2_page_6,700.7,198.8,1124.0
1877175,stimulus_Ins_HumanRights_2_page_6,701.0,198.6,1124.0
1877176,stimulus_Ins_HumanRights_2_page_6,701.3,198.6,1123.0
1877177,stimulus_Ins_HumanRights_2_page_6,701.4,198.2,1123.0
1877178,stimulus_Ins_HumanRights_2_page_6,701.5,197.9,1125.0
1877179,stimulus_Ins_HumanRights_2_page_6,701.4,198.0,1127.0
1877180,stimulus_Ins_HumanRights_2_page_6,701.3,198.4,1128.0
1877181,stimulus_Ins_HumanRights_2_page_6,700.8,198.8,1128.0
1877182,stimulus_Ins_HumanRights_2_page_6,700.5,198.9,1128.0
1877183,stimulus_Ins_HumanRights_2_page_6,700.1,199.0,1128.0
1877184,stimulus_Ins_HumanRights_2_page_6,700.2,198.8,1128.0
1877185,stimulus_Ins_HumanRights_2_page_6,700.4,198.4,1128.0
1877186,stimulus_Ins_HumanRights_2_page_6,700.5,198.0,1128.0
1877187,stimulus_Ins_HumanRights_2_page_6,700.4,198.2,1128.0
1877188,stimulus_Ins_HumanRights_2_page_6,700.5,198.8,1129.0
1877189,stimulus_Ins_HumanRights_2_page_6,700.6,199.4,1130.0
1877190,stimulus_Ins_HumanRights_2_page_6,700.6,199.6,1130.0
1877191,stimulus_Ins_HumanRights_2_page_6,700.2,199.6,1129.0
1877192,stimulus_Ins_HumanRights_2_page_6,699.8,199.6,1126.0
1877193,stimulus_Ins_HumanRights_2_page_6,699.5,199.6,1123.0
1877194,stimulus_Ins_HumanRights_2_page_6,699.6,199.6,1121.0
1877195,stimulus_Ins_HumanRights_2_page_6,700.1,199.6,1120.0
1877196,stimulus_Ins_HumanRights_2_page_6,701.9,199.4,1121.0
1877197,stimulus_Ins_HumanRights_2_page_6,704.7,199.2,1121.0
1877198,stimulus_Ins_HumanRights_2_page_6,707.5,198.5,1122.0
1877199,stimulus_Ins_HumanRights_2_page_6,709.6,197.8,1123.0
1877200,stimulus_Ins_HumanRights_2_page_6,712.5,197.4,1124.0
1877201,stimulus_Ins_HumanRights_2_page_6,717.6,197.5,1126.0
1877202,stimulus_Ins_HumanRights_2_page_6,723.8,197.6,1126.0
1877203,stimulus_Ins_HumanRights_2_page_6,729.1,197.3,1127.0
1877204,stimulus_Ins_HumanRights_2_page_6,732.6,197.7,1127.0
1877205,stimulus_Ins_HumanRights_2_page_6,737.6,198.8,1127.0
1877206,stimulus_Ins_HumanRights_2_page_6,743.2,199.9,1128.0
1877207,stimulus_Ins_HumanRights_2_page_6,751.8,200.2,1129.0
1877208,stimulus_Ins_HumanRights_2_page_6,759.4,199.9,1130.0
1877209,stimulus_Ins_HumanRights_2_page_6,765.5,200.2,1131.0
1877210,stimulus_Ins_HumanRights_2_page_6,770.2,201.9,1132.0
1877211,stimulus_Ins_HumanRights_2_page_6,775.4,203.5,1133.0
1877212,stimulus_Ins_HumanRights_2_page_6,781.9,204.4,1134.0
1877213,stimulus_Ins_HumanRights_2_page_6,787.7,203.4,1133.0
1877214,stimulus_Ins_HumanRights_2_page_6,792.6,202.5,1132.0
1877215,stimulus_Ins_HumanRights_2_page_6,796.3,201.6,1131.0
1877216,stimulus_Ins_HumanRights_2_page_6,799.3,201.4,1128.0
1877217,stimulus_Ins_HumanRights_2_page_6,802.8,201.4,1126.0
1877218,stimulus_Ins_HumanRights_2_page_6,808.0,201.2,1124.0
1877219,stimulus_Ins_HumanRights_2_page_6,813.4,200.9,1124.0
1877220,stimulus_Ins_HumanRights_2_page_6,818.1,200.6,1124.0
1877221,stimulus_Ins_HumanRights_2_page_6,821.3,200.3,1125.0
1877222,stimulus_Ins_HumanRights_2_page_6,824.5,199.8,1123.0
1877223,stimulus_Ins_HumanRights_2_page_6,827.6,199.0,1121.0
1877224,stimulus_Ins_HumanRights_2_page_6,830.4,198.4,1119.0
1877225,stimulus_Ins_HumanRights_2_page_6,833.1,198.0,1119.0
1877226,stimulus_Ins_HumanRights_2_page_6,834.8,198.0,1119.0
1877227,stimulus_Ins_HumanRights_2_page_6,836.6,197.9,1119.0
1877228,stimulus_Ins_HumanRights_2_page_6,838.0,197.7,1120.0
1877229,stimulus_Ins_HumanRights_2_page_6,839.2,197.6,1122.0
1877230,stimulus_Ins_HumanRights_2_page_6,840.1,197.5,1122.0
1877231,stimulus_Ins_HumanRights_2_page_6,840.4,197.5,1123.0
1877232,stimulus_Ins_HumanRights_2_page_6,840.7,197.7,1123.0
1877233,stimulus_Ins_HumanRights_2_page_6,840.8,198.5,1123.0
1877234,stimulus_Ins_HumanRights_2_page_6,840.8,199.2,1123.0
1877235,stimulus_Ins_HumanRights_2_page_6,840.7,199.7,1122.0
1877236,stimulus_Ins_HumanRights_2_page_6,840.7,199.7,1121.0
1877237,stimulus_Ins_HumanRights_2_page_6,840.9,199.6,1120.0
1877238,stimulus_Ins_HumanRights_2_page_6,842.1,199.6,1120.0
1877239,stimulus_Ins_HumanRights_2_page_6,843.2,199.8,1121.0
1877240,stimulus_Ins_HumanRights_2_page_6,844.0,199.9,1120.0
1877241,stimulus_Ins_HumanRights_2_page_6,844.0,199.6,1119.0
1877242,stimulus_Ins_HumanRights_2_page_6,844.3,199.0,1117.0
1877243,stimulus_Ins_HumanRights_2_page_6,844.8,198.5,1117.0
1877244,stimulus_Ins_HumanRights_2_page_6,845.4,198.5,1116.0
1877245,stimulus_Ins_HumanRights_2_page_6,845.6,198.5,1116.0
1877246,stimulus_Ins_HumanRights_2_page_6,845.9,198.4,1115.0
1877247,stimulus_Ins_HumanRights_2_page_6,845.9,198.3,1114.0
1877248,stimulus_Ins_HumanRights_2_page_6,845.9,198.3,1115.0
1877249,stimulus_Ins_HumanRights_2_page_6,845.9,198.3,1115.0
1877250,stimulus_Ins_HumanRights_2_page_6,845.9,198.3,1114.0
1877251,stimulus_Ins_HumanRights_2_page_6,845.9,198.3,1113.0
1877252,stimulus_Ins_HumanRights_2_page_6,845.9,198.7,1112.0
1877253,stimulus_Ins_HumanRights_2_page_6,845.9,199.1,1112.0
1877254,stimulus_Ins_HumanRights_2_page_6,846.1,199.4,1112.0
1877255,stimulus_Ins_HumanRights_2_page_6,846.4,199.5,1112.0
1877256,stimulus_Ins_HumanRights_2_page_6,846.7,199.5,1112.0
1877257,stimulus_Ins_HumanRights_2_page_6,846.7,199.3,1111.0
1877258,stimulus_Ins_HumanRights_2_page_6,846.9,199.0,1111.0
1877259,stimulus_Ins_HumanRights_2_page_6,847.1,198.5,1112.0
1877260,stimulus_Ins_HumanRights_2_page_6,847.3,198.2,1114.0
1877261,stimulus_Ins_HumanRights_2_page_6,847.4,198.5,1115.0
1877262,stimulus_Ins_HumanRights_2_page_6,847.3,198.8,1116.0
1877263,stimulus_Ins_HumanRights_2_page_6,847.1,199.2,1118.0
1877264,stimulus_Ins_HumanRights_2_page_6,847.1,199.2,1117.0
1877265,stimulus_Ins_HumanRights_2_page_6,847.2,199.3,1114.0
1877266,stimulus_Ins_HumanRights_2_page_6,847.3,199.4,1111.0
1877267,stimulus_Ins_HumanRights_2_page_6,847.3,199.4,1112.0
1877268,stimulus_Ins_HumanRights_2_page_6,847.2,199.4,1114.0
1877269,stimulus_Ins_HumanRights_2_page_6,847.1,199.5,1115.0
1877270,stimulus_Ins_HumanRights_2_page_6,846.9,199.7,1114.0
1877271,stimulus_Ins_HumanRights_2_page_6,846.8,199.8,1114.0
1877272,stimulus_Ins_HumanRights_2_page_6,846.7,200.0,1113.0
1877273,stimulus_Ins_HumanRights_2_page_6,846.7,200.0,1113.0
1877274,stimulus_Ins_HumanRights_2_page_6,847.0,200.1,1111.0
1877275,stimulus_Ins_HumanRights_2_page_6,847.4,199.9,1110.0
1877276,stimulus_Ins_HumanRights_2_page_6,847.4,199.7,1108.0
1877277,stimulus_Ins_HumanRights_2_page_6,846.8,199.6,1108.0
1877278,stimulus_Ins_HumanRights_2_page_6,846.2,199.7,1109.0
1877279,stimulus_Ins_HumanRights_2_page_6,846.0,199.6,1110.0
1877280,stimulus_Ins_HumanRights_2_page_6,846.1,199.5,1111.0
1877281,stimulus_Ins_HumanRights_2_page_6,846.1,199.5,1110.0
1877282,stimulus_Ins_HumanRights_2_page_6,846.1,199.6,1109.0
1877283,stimulus_Ins_HumanRights_2_page_6,846.0,199.7,1108.0
1877284,stimulus_Ins_HumanRights_2_page_6,845.8,199.7,1108.0
1877285,stimulus_Ins_HumanRights_2_page_6,845.6,199.8,1108.0
1877286,stimulus_Ins_HumanRights_2_page_6,845.5,199.9,1109.0
1877287,stimulus_Ins_HumanRights_2_page_6,845.5,200.1,1109.0
1877288,stimulus_Ins_HumanRights_2_page_6,845.6,200.2,1110.0
1877289,stimulus_Ins_HumanRights_2_page_6,845.6,200.3,1111.0
1877290,stimulus_Ins_HumanRights_2_page_6,845.5,200.1,1112.0
1877291,stimulus_Ins_HumanRights_2_page_6,845.4,199.9,1111.0
1877292,stimulus_Ins_HumanRights_2_page_6,845.1,199.8,1111.0
1877293,stimulus_Ins_HumanRights_2_page_6,844.7,199.9,1111.0
1877294,stimulus_Ins_HumanRights_2_page_6,844.9,199.9,1111.0
1877295,stimulus_Ins_HumanRights_2_page_6,845.3,200.0,1111.0
1877296,stimulus_Ins_HumanRights_2_page_6,845.8,199.8,1111.0
1877297,stimulus_Ins_HumanRights_2_page_6,845.8,199.8,1111.0
1877298,stimulus_Ins_HumanRights_2_page_6,846.0,199.6,1111.0
1877299,stimulus_Ins_HumanRights_2_page_6,846.1,199.4,1111.0
1877300,stimulus_Ins_HumanRights_2_page_6,846.2,199.1,1110.0
1877301,stimulus_Ins_HumanRights_2_page_6,846.0,198.7,1108.0
1877302,stimulus_Ins_HumanRights_2_page_6,845.8,198.0,1106.0
1877303,stimulus_Ins_HumanRights_2_page_6,846.0,197.3,1104.0
1877304,stimulus_Ins_HumanRights_2_page_6,846.3,197.2,1104.0
1877305,stimulus_Ins_HumanRights_2_page_6,846.6,197.6,1102.0
1877306,stimulus_Ins_HumanRights_2_page_6,846.6,198.0,1100.0
1877307,stimulus_Ins_HumanRights_2_page_6,846.4,197.9,1100.0
1877308,stimulus_Ins_HumanRights_2_page_6,846.1,197.8,1101.0
1877309,stimulus_Ins_HumanRights_2_page_6,845.9,197.7,1104.0
1877310,stimulus_Ins_HumanRights_2_page_6,846.0,197.8,1106.0
1877311,stimulus_Ins_HumanRights_2_page_6,846.0,197.9,1107.0
1877312,stimulus_Ins_HumanRights_2_page_6,845.9,197.6,1107.0
1877313,stimulus_Ins_HumanRights_2_page_6,845.9,197.4,1107.0
1877314,stimulus_Ins_HumanRights_2_page_6,845.8,197.7,1106.0
1877315,stimulus_Ins_HumanRights_2_page_6,845.8,198.2,1104.0
1877316,stimulus_Ins_HumanRights_2_page_6,845.8,198.3,1103.0
1877317,stimulus_Ins_HumanRights_2_page_6,845.8,198.0,1103.0
1877318,stimulus_Ins_HumanRights_2_page_6,845.7,197.6,1103.0
1877319,stimulus_Ins_HumanRights_2_page_6,845.6,197.6,1102.0
1877320,stimulus_Ins_HumanRights_2_page_6,845.4,197.6,1101.0
1877321,stimulus_Ins_HumanRights_2_page_6,845.4,197.6,1100.0
1877322,stimulus_Ins_HumanRights_2_page_6,845.4,197.7,1100.0
1877323,stimulus_Ins_HumanRights_2_page_6,845.3,198.3,1100.0
1877324,stimulus_Ins_HumanRights_2_page_6,845.2,198.9,1099.0
1877325,stimulus_Ins_HumanRights_2_page_6,845.3,199.4,1100.0
1877326,stimulus_Ins_HumanRights_2_page_6,845.4,199.3,1100.0
1877327,stimulus_Ins_HumanRights_2_page_6,845.4,199.3,1101.0
1877328,stimulus_Ins_HumanRights_2_page_6,845.4,199.5,1101.0
1877329,stimulus_Ins_HumanRights_2_page_6,845.3,199.9,1104.0
1877330,stimulus_Ins_HumanRights_2_page_6,845.3,200.0,1106.0
1877331,stimulus_Ins_HumanRights_2_page_6,845.2,200.0,1108.0
1877332,stimulus_Ins_HumanRights_2_page_6,845.3,199.9,1105.0
1877333,stimulus_Ins_HumanRights_2_page_6,845.3,199.8,1103.0
1877334,stimulus_Ins_HumanRights_2_page_6,845.2,199.8,1101.0
1877335,stimulus_Ins_HumanRights_2_page_6,845.0,199.8,1101.0
1877336,stimulus_Ins_HumanRights_2_page_6,844.9,199.6,1101.0
1877337,stimulus_Ins_HumanRights_2_page_6,844.9,199.4,1100.0
1877338,stimulus_Ins_HumanRights_2_page_6,845.0,199.3,1100.0
1877339,stimulus_Ins_HumanRights_2_page_6,845.2,199.5,1101.0
1877340,stimulus_Ins_HumanRights_2_page_6,845.3,200.0,1101.0
1877341,stimulus_Ins_HumanRights_2_page_6,845.4,200.5,1102.0
1877342,stimulus_Ins_HumanRights_2_page_6,845.2,200.8,1102.0
1877343,stimulus_Ins_HumanRights_2_page_6,845.1,200.7,1101.0
1877344,stimulus_Ins_HumanRights_2_page_6,845.2,200.7,1102.0
1877345,stimulus_Ins_HumanRights_2_page_6,845.2,200.8,1103.0
1877346,stimulus_Ins_HumanRights_2_page_6,845.3,200.9,1104.0
1877347,stimulus_Ins_HumanRights_2_page_6,845.2,200.8,1104.0
1877348,stimulus_Ins_HumanRights_2_page_6,845.1,200.4,1104.0
1877349,stimulus_Ins_HumanRights_2_page_6,845.2,200.0,1104.0
1877350,stimulus_Ins_HumanRights_2_page_6,845.6,199.9,1105.0
1877351,stimulus_Ins_HumanRights_2_page_6,845.9,200.0,1105.0
1877352,stimulus_Ins_HumanRights_2_page_6,846.1,200.1,1105.0
1877353,stimulus_Ins_HumanRights_2_page_6,846.2,200.0,1105.0
1877354,stimulus_Ins_HumanRights_2_page_6,846.0,200.0,1104.0
1877355,stimulus_Ins_HumanRights_2_page_6,845.7,200.4,1102.0
1877356,stimulus_Ins_HumanRights_2_page_6,845.4,200.9,1101.0
1877357,stimulus_Ins_HumanRights_2_page_6,845.4,201.4,1102.0
1877358,stimulus_Ins_HumanRights_2_page_6,846.0,201.4,1103.0
1877359,stimulus_Ins_HumanRights_2_page_6,846.4,201.3,1103.0
1877360,stimulus_Ins_HumanRights_2_page_6,846.9,201.0,1104.0
1877361,stimulus_Ins_HumanRights_2_page_6,847.0,200.6,1104.0
1877362,stimulus_Ins_HumanRights_2_page_6,847.3,200.8,1105.0
1877363,stimulus_Ins_HumanRights_2_page_6,847.5,201.3,1105.0
1877364,stimulus_Ins_HumanRights_2_page_6,847.5,201.6,1104.0
1877365,stimulus_Ins_HumanRights_2_page_6,847.5,201.2,1104.0
1877366,stimulus_Ins_HumanRights_2_page_6,847.4,200.9,1104.0
1877367,stimulus_Ins_HumanRights_2_page_6,847.3,200.8,1104.0
1877368,stimulus_Ins_HumanRights_2_page_6,847.1,200.7,1102.0
1877369,stimulus_Ins_HumanRights_2_page_6,847.1,200.6,1101.0
1877370,stimulus_Ins_HumanRights_2_page_6,847.0,200.5,1099.0
1877371,stimulus_Ins_HumanRights_2_page_6,847.0,200.2,1099.0
1877372,stimulus_Ins_HumanRights_2_page_6,847.1,199.9,1098.0
1877373,stimulus_Ins_HumanRights_2_page_6,847.5,199.6,1098.0
1877374,stimulus_Ins_HumanRights_2_page_6,848.0,199.5,1098.0
1877375,stimulus_Ins_HumanRights_2_page_6,848.1,199.3,1098.0
1877376,stimulus_Ins_HumanRights_2_page_6,847.8,199.0,1098.0
1877377,stimulus_Ins_HumanRights_2_page_6,847.5,199.0,1099.0
1877378,stimulus_Ins_HumanRights_2_page_6,847.6,199.1,1100.0
1877379,stimulus_Ins_HumanRights_2_page_6,847.8,199.4,1101.0
1877380,stimulus_Ins_HumanRights_2_page_6,848.0,199.6,1101.0
1877381,stimulus_Ins_HumanRights_2_page_6,848.0,199.7,1100.0
1877382,stimulus_Ins_HumanRights_2_page_6,847.9,199.8,1099.0
1877383,stimulus_Ins_HumanRights_2_page_6,847.9,199.5,1098.0
1877384,stimulus_Ins_HumanRights_2_page_6,847.9,199.2,1098.0
1877385,stimulus_Ins_HumanRights_2_page_6,847.9,199.1,1098.0
1877386,stimulus_Ins_HumanRights_2_page_6,848.0,199.4,1099.0
1877387,stimulus_Ins_HumanRights_2_page_6,848.0,199.6,1100.0
1877388,stimulus_Ins_HumanRights_2_page_6,848.2,199.6,1101.0
1877389,stimulus_Ins_HumanRights_2_page_6,848.3,199.5,1103.0
1877390,stimulus_Ins_HumanRights_2_page_6,848.4,199.4,1104.0
1877391,stimulus_Ins_HumanRights_2_page_6,848.4,199.2,1104.0
1877392,stimulus_Ins_HumanRights_2_page_6,848.3,199.0,1103.0
1877393,stimulus_Ins_HumanRights_2_page_6,848.2,198.7,1103.0
1877394,stimulus_Ins_HumanRights_2_page_6,848.2,198.5,1102.0
1877395,stimulus_Ins_HumanRights_2_page_6,848.2,198.8,1101.0
1877396,stimulus_Ins_HumanRights_2_page_6,848.3,199.2,1101.0
1877397,stimulus_Ins_HumanRights_2_page_6,848.4,199.7,1102.0
1877398,stimulus_Ins_HumanRights_2_page_6,848.5,199.8,1102.0
1877399,stimulus_Ins_HumanRights_2_page_6,848.5,199.8,1102.0
1877400,stimulus_Ins_HumanRights_2_page_6,848.6,199.9,1102.0
1877401,stimulus_Ins_HumanRights_2_page_6,848.6,199.9,1102.0
1877402,stimulus_Ins_HumanRights_2_page_6,848.6,199.9,1103.0
1877403,stimulus_Ins_HumanRights_2_page_6,848.2,200.0,1104.0
1877404,stimulus_Ins_HumanRights_2_page_6,847.9,200.2,1104.0
1877405,stimulus_Ins_HumanRights_2_page_6,847.6,200.4,1104.0
1877406,stimulus_Ins_HumanRights_2_page_6,847.7,200.5,1104.0
1877407,stimulus_Ins_HumanRights_2_page_6,847.9,200.5,1103.0
1877408,stimulus_Ins_HumanRights_2_page_6,848.0,200.5,1103.0
1877409,stimulus_Ins_HumanRights_2_page_6,848.1,200.6,1102.0
1877410,stimulus_Ins_HumanRights_2_page_6,848.2,200.5,1101.0
1877411,stimulus_Ins_HumanRights_2_page_6,848.2,200.4,1101.0
1877412,stimulus_Ins_HumanRights_2_page_6,848.1,200.3,1100.0
1877413,stimulus_Ins_HumanRights_2_page_6,848.1,200.3,1099.0
1877414,stimulus_Ins_HumanRights_2_page_6,848.1,200.2,1099.0
1877415,stimulus_Ins_HumanRights_2_page_6,848.2,200.2,1099.0
1877416,stimulus_Ins_HumanRights_2_page_6,847.9,200.2,1099.0
1877417,stimulus_Ins_HumanRights_2_page_6,847.6,199.8,1099.0
1877418,stimulus_Ins_HumanRights_2_page_6,847.4,199.5,1100.0
1877419,stimulus_Ins_HumanRights_2_page_6,847.5,199.6,1101.0
1877420,stimulus_Ins_HumanRights_2_page_6,847.6,200.2,1102.0
1877421,stimulus_Ins_HumanRights_2_page_6,847.7,200.9,1102.0
1877422,stimulus_Ins_HumanRights_2_page_6,847.4,200.4,1101.0
1877423,stimulus_Ins_HumanRights_2_page_6,847.2,199.7,1101.0
1877424,stimulus_Ins_HumanRights_2_page_6,847.1,199.2,1101.0
1877425,stimulus_Ins_HumanRights_2_page_6,847.1,199.4,1101.0
1877426,stimulus_Ins_HumanRights_2_page_6,847.3,199.3,1100.0
1877427,stimulus_Ins_HumanRights_2_page_6,847.5,199.1,1100.0
1877428,stimulus_Ins_HumanRights_2_page_6,847.7,198.9,1101.0
1877429,stimulus_Ins_HumanRights_2_page_6,847.8,199.0,1102.0
1877430,stimulus_Ins_HumanRights_2_page_6,847.7,199.1,1103.0
1877431,stimulus_Ins_HumanRights_2_page_6,847.7,199.5,1103.0
1877432,stimulus_Ins_HumanRights_2_page_6,847.7,199.9,1102.0
1877433,stimulus_Ins_HumanRights_2_page_6,847.9,200.0,1102.0
1877434,stimulus_Ins_HumanRights_2_page_6,848.1,199.5,1100.0
1877435,stimulus_Ins_HumanRights_2_page_6,848.1,198.9,1098.0
1877436,stimulus_Ins_HumanRights_2_page_6,847.9,198.2,1097.0
1877437,stimulus_Ins_HumanRights_2_page_6,847.7,197.6,1097.0
1877438,stimulus_Ins_HumanRights_2_page_6,847.7,197.8,1098.0
1877439,stimulus_Ins_HumanRights_2_page_6,847.6,198.3,1100.0
1877440,stimulus_Ins_HumanRights_2_page_6,847.7,198.7,1101.0
1877441,stimulus_Ins_HumanRights_2_page_6,847.6,198.7,1101.0
1877442,stimulus_Ins_HumanRights_2_page_6,847.6,199.0,1101.0
1877443,stimulus_Ins_HumanRights_2_page_6,847.4,199.2,1101.0
1877444,stimulus_Ins_HumanRights_2_page_6,847.6,199.5,1100.0
1877445,stimulus_Ins_HumanRights_2_page_6,847.8,199.3,1100.0
1877446,stimulus_Ins_HumanRights_2_page_6,848.0,199.2,1100.0
1877447,stimulus_Ins_HumanRights_2_page_6,848.0,199.1,1100.0
1877448,stimulus_Ins_HumanRights_2_page_6,847.9,199.1,1099.0
1877449,stimulus_Ins_HumanRights_2_page_6,847.9,198.7,1099.0
1877450,stimulus_Ins_HumanRights_2_page_6,848.0,198.3,1100.0
1877451,stimulus_Ins_HumanRights_2_page_6,848.1,197.9,1101.0
1877452,stimulus_Ins_HumanRights_2_page_6,848.2,197.9,1101.0
1877453,stimulus_Ins_HumanRights_2_page_6,848.1,197.9,1100.0
1877454,stimulus_Ins_HumanRights_2_page_6,848.0,198.0,1100.0
1877455,stimulus_Ins_HumanRights_2_page_6,847.8,198.0,1100.0
1877456,stimulus_Ins_HumanRights_2_page_6,847.6,198.1,1102.0
1877457,stimulus_Ins_HumanRights_2_page_6,847.7,197.9,1102.0
1877458,stimulus_Ins_HumanRights_2_page_6,847.9,197.8,1102.0
1877459,stimulus_Ins_HumanRights_2_page_6,848.0,197.6,1102.0
1877460,stimulus_Ins_HumanRights_2_page_6,848.0,197.6,1103.0
1877461,stimulus_Ins_HumanRights_2_page_6,848.2,197.7,1103.0
1877462,stimulus_Ins_HumanRights_2_page_6,848.5,197.9,1103.0
1877463,stimulus_Ins_HumanRights_2_page_6,848.7,198.1,1103.0
1877464,stimulus_Ins_HumanRights_2_page_6,848.7,198.2,1103.0
1877465,stimulus_Ins_HumanRights_2_page_6,848.7,198.2,1103.0
1877466,stimulus_Ins_HumanRights_2_page_6,848.7,198.3,1104.0
1877467,stimulus_Ins_HumanRights_2_page_6,848.7,198.3,1105.0
1877468,stimulus_Ins_HumanRights_2_page_6,849.0,198.1,1105.0
1877469,stimulus_Ins_HumanRights_2_page_6,849.3,197.8,1105.0
1877470,stimulus_Ins_HumanRights_2_page_6,849.7,197.5,1105.0
1877471,stimulus_Ins_HumanRights_2_page_6,849.4,197.0,1105.0
1877472,stimulus_Ins_HumanRights_2_page_6,849.2,196.7,1104.0
1877473,stimulus_Ins_HumanRights_2_page_6,849.1,196.6,1103.0
1877474,stimulus_Ins_HumanRights_2_page_6,849.2,196.8,1103.0
1877475,stimulus_Ins_HumanRights_2_page_6,849.3,197.0,1103.0
1877476,stimulus_Ins_HumanRights_2_page_6,849.5,196.9,1104.0
1877477,stimulus_Ins_HumanRights_2_page_6,849.6,197.0,1105.0
1877478,stimulus_Ins_HumanRights_2_page_6,849.7,197.0,1105.0
1877479,stimulus_Ins_HumanRights_2_page_6,849.5,197.0,1104.0
1877480,stimulus_Ins_HumanRights_2_page_6,849.5,197.0,1102.0
1877481,stimulus_Ins_HumanRights_2_page_6,849.4,197.0,1103.0
1877482,stimulus_Ins_HumanRights_2_page_6,849.4,197.0,1104.0
1877483,stimulus_Ins_HumanRights_2_page_6,849.4,197.0,1105.0
1877484,stimulus_Ins_HumanRights_2_page_6,849.6,196.6,1104.0
1877485,stimulus_Ins_HumanRights_2_page_6,849.7,196.2,1102.0
1877486,stimulus_Ins_HumanRights_2_page_6,849.9,195.5,1100.0
1877487,stimulus_Ins_HumanRights_2_page_6,850.0,195.2,1099.0
1877488,stimulus_Ins_HumanRights_2_page_6,850.3,196.1,1098.0
1877489,stimulus_Ins_HumanRights_2_page_6,850.6,197.2,1099.0
1877490,stimulus_Ins_HumanRights_2_page_6,850.9,197.6,1100.0
1877491,stimulus_Ins_HumanRights_2_page_6,850.6,196.9,1102.0
1877492,stimulus_Ins_HumanRights_2_page_6,850.4,196.3,1102.0
1877493,stimulus_Ins_HumanRights_2_page_6,850.0,196.3,1102.0
1877494,stimulus_Ins_HumanRights_2_page_6,850.2,196.4,1101.0
1877495,stimulus_Ins_HumanRights_2_page_6,850.3,196.2,1099.0
1877496,stimulus_Ins_HumanRights_2_page_6,850.0,195.8,1097.0
1877497,stimulus_Ins_HumanRights_2_page_6,849.7,195.3,1097.0
1877498,stimulus_Ins_HumanRights_2_page_6,849.6,195.6,1099.0
1877499,stimulus_Ins_HumanRights_2_page_6,849.7,196.1,1102.0
1877500,stimulus_Ins_HumanRights_2_page_6,849.9,196.5,1105.0
1877501,stimulus_Ins_HumanRights_2_page_6,849.9,196.3,1105.0
1877502,stimulus_Ins_HumanRights_2_page_6,849.9,196.1,1105.0
1877503,stimulus_Ins_HumanRights_2_page_6,850.1,195.8,1104.0
1877504,stimulus_Ins_HumanRights_2_page_6,850.3,195.7,1102.0
1877505,stimulus_Ins_HumanRights_2_page_6,850.4,195.7,1100.0
1877506,stimulus_Ins_HumanRights_2_page_6,850.4,195.7,1099.0
1877507,stimulus_Ins_HumanRights_2_page_6,850.3,195.6,1099.0
1877508,stimulus_Ins_HumanRights_2_page_6,850.4,195.5,1100.0
1877509,stimulus_Ins_HumanRights_2_page_6,850.5,195.3,1100.0
1877510,stimulus_Ins_HumanRights_2_page_6,850.6,195.3,1100.0
1877511,stimulus_Ins_HumanRights_2_page_6,850.5,195.3,1100.0
1877512,stimulus_Ins_HumanRights_2_page_6,850.8,195.0,1098.0
1877513,stimulus_Ins_HumanRights_2_page_6,851.9,194.0,1096.0
1877514,stimulus_Ins_HumanRights_2_page_6,853.2,192.9,1094.0
1877515,stimulus_Ins_HumanRights_2_page_6,854.8,192.1,1093.0
1877516,stimulus_Ins_HumanRights_2_page_6,856.1,192.0,1094.0
1877517,stimulus_Ins_HumanRights_2_page_6,858.4,191.9,1096.0
1877518,stimulus_Ins_HumanRights_2_page_6,861.5,192.3,1097.0
1877519,stimulus_Ins_HumanRights_2_page_6,866.1,193.0,1097.0
1877520,stimulus_Ins_HumanRights_2_page_6,871.2,193.7,1098.0
1877521,stimulus_Ins_HumanRights_2_page_6,876.9,194.0,1098.0
1877522,stimulus_Ins_HumanRights_2_page_6,882.4,194.1,1097.0
1877523,stimulus_Ins_HumanRights_2_page_6,887.9,194.2,1095.0
1877524,stimulus_Ins_HumanRights_2_page_6,892.1,194.2,1094.0
1877525,stimulus_Ins_HumanRights_2_page_6,894.7,194.1,1092.0
1877526,stimulus_Ins_HumanRights_2_page_6,895.8,194.1,1091.0
1877527,stimulus_Ins_HumanRights_2_page_6,896.4,194.0,1091.0
1877528,stimulus_Ins_HumanRights_2_page_6,897.9,193.8,1091.0
1877529,stimulus_Ins_HumanRights_2_page_6,899.8,193.7,1094.0
1877530,stimulus_Ins_HumanRights_2_page_6,902.2,193.7,1096.0
1877531,stimulus_Ins_HumanRights_2_page_6,904.2,193.8,1099.0
1877532,stimulus_Ins_HumanRights_2_page_6,906.1,193.7,1097.0
1877533,stimulus_Ins_HumanRights_2_page_6,908.6,193.4,1093.0
1877534,stimulus_Ins_HumanRights_2_page_6,910.6,193.1,1089.0
1877535,stimulus_Ins_HumanRights_2_page_6,912.8,192.6,1087.0
1877536,stimulus_Ins_HumanRights_2_page_6,914.2,192.1,1086.0
1877537,stimulus_Ins_HumanRights_2_page_6,915.8,191.5,1086.0
1877538,stimulus_Ins_HumanRights_2_page_6,917.2,191.1,1088.0
1877539,stimulus_Ins_HumanRights_2_page_6,918.5,191.3,1090.0
1877540,stimulus_Ins_HumanRights_2_page_6,919.8,191.9,1091.0
1877541,stimulus_Ins_HumanRights_2_page_6,920.7,192.6,1092.0
1877542,stimulus_Ins_HumanRights_2_page_6,922.3,192.6,1092.0
1877543,stimulus_Ins_HumanRights_2_page_6,923.8,192.3,1092.0
1877544,stimulus_Ins_HumanRights_2_page_6,925.5,191.9,1092.0
1877545,stimulus_Ins_HumanRights_2_page_6,926.7,191.7,1091.0
1877546,stimulus_Ins_HumanRights_2_page_6,928.1,191.8,1090.0
1877547,stimulus_Ins_HumanRights_2_page_6,929.4,192.4,1089.0
1877548,stimulus_Ins_HumanRights_2_page_6,930.6,192.9,1089.0
1877549,stimulus_Ins_HumanRights_2_page_6,931.2,193.2,1088.0
1877550,stimulus_Ins_HumanRights_2_page_6,931.5,193.1,1088.0
1877551,stimulus_Ins_HumanRights_2_page_6,931.6,193.1,1088.0
1877552,stimulus_Ins_HumanRights_2_page_6,931.6,193.0,1088.0
1877553,stimulus_Ins_HumanRights_2_page_6,931.1,192.8,1087.0
1877554,stimulus_Ins_HumanRights_2_page_6,930.7,192.6,1086.0
1877555,stimulus_Ins_HumanRights_2_page_6,930.3,192.4,1084.0
1877556,stimulus_Ins_HumanRights_2_page_6,930.3,192.3,1083.0
1877557,stimulus_Ins_HumanRights_2_page_6,930.4,191.9,1082.0
1877558,stimulus_Ins_HumanRights_2_page_6,930.4,191.4,1082.0
1877559,stimulus_Ins_HumanRights_2_page_6,930.7,190.9,1084.0
1877560,stimulus_Ins_HumanRights_2_page_6,930.9,191.0,1086.0
1877561,stimulus_Ins_HumanRights_2_page_6,931.0,191.4,1088.0
1877562,stimulus_Ins_HumanRights_2_page_6,930.8,191.6,1087.0
1877563,stimulus_Ins_HumanRights_2_page_6,930.7,191.3,1086.0
1877564,stimulus_Ins_HumanRights_2_page_6,931.0,191.2,1085.0
1877565,stimulus_Ins_HumanRights_2_page_6,931.2,191.5,1085.0
1877566,stimulus_Ins_HumanRights_2_page_6,931.5,191.7,1085.0
1877567,stimulus_Ins_HumanRights_2_page_6,931.6,191.9,1084.0
1877568,stimulus_Ins_HumanRights_2_page_6,931.6,192.2,1086.0
1877569,stimulus_Ins_HumanRights_2_page_6,931.7,192.5,1087.0
1877570,stimulus_Ins_HumanRights_2_page_6,931.8,192.7,1088.0
1877571,stimulus_Ins_HumanRights_2_page_6,931.6,192.4,1087.0
1877572,stimulus_Ins_HumanRights_2_page_6,931.4,192.0,1086.0
1877573,stimulus_Ins_HumanRights_2_page_6,931.3,191.3,1085.0
1877574,stimulus_Ins_HumanRights_2_page_6,931.4,190.9,1085.0
1877575,stimulus_Ins_HumanRights_2_page_6,931.6,190.6,1085.0
1877576,stimulus_Ins_HumanRights_2_page_6,931.9,190.6,1085.0
1877577,stimulus_Ins_HumanRights_2_page_6,932.3,190.9,1084.0
1877578,stimulus_Ins_HumanRights_2_page_6,932.5,191.2,1084.0
1877579,stimulus_Ins_HumanRights_2_page_6,932.5,191.5,1083.0
1877580,stimulus_Ins_HumanRights_2_page_6,932.5,191.5,1083.0
1877581,stimulus_Ins_HumanRights_2_page_6,932.2,191.6,1082.0
1877582,stimulus_Ins_HumanRights_2_page_6,932.0,191.7,1081.0
1877583,stimulus_Ins_HumanRights_2_page_6,931.9,192.0,1084.0
1877584,stimulus_Ins_HumanRights_2_page_6,931.7,192.3,1086.0
1877585,stimulus_Ins_HumanRights_2_page_6,931.5,192.7,1086.0
1877586,stimulus_Ins_HumanRights_2_page_6,931.3,192.8,1083.0
1877587,stimulus_Ins_HumanRights_2_page_6,931.3,193.0,1080.0
1877588,stimulus_Ins_HumanRights_2_page_6,931.3,193.1,1081.0
1877589,stimulus_Ins_HumanRights_2_page_6,931.5,193.0,1084.0
1877590,stimulus_Ins_HumanRights_2_page_6,931.6,192.9,1086.0
1877591,stimulus_Ins_HumanRights_2_page_6,931.7,192.9,1087.0
1877592,stimulus_Ins_HumanRights_2_page_6,931.8,192.8,1085.0
1877593,stimulus_Ins_HumanRights_2_page_6,931.9,192.6,1083.0
1877594,stimulus_Ins_HumanRights_2_page_6,931.9,192.5,1082.0
1877595,stimulus_Ins_HumanRights_2_page_6,931.9,192.3,1082.0
1877596,stimulus_Ins_HumanRights_2_page_6,931.9,192.3,1083.0
1877597,stimulus_Ins_HumanRights_2_page_6,931.6,192.5,1083.0
1877598,stimulus_Ins_HumanRights_2_page_6,931.3,192.7,1083.0
1877599,stimulus_Ins_HumanRights_2_page_6,931.1,192.8,1083.0
1877600,stimulus_Ins_HumanRights_2_page_6,931.1,192.6,1083.0
1877601,stimulus_Ins_HumanRights_2_page_6,931.0,192.6,1083.0
1877602,stimulus_Ins_HumanRights_2_page_6,931.0,192.8,1083.0
1877603,stimulus_Ins_HumanRights_2_page_6,931.2,193.1,1082.0
1877604,stimulus_Ins_HumanRights_2_page_6,931.4,193.1,1080.0
1877605,stimulus_Ins_HumanRights_2_page_6,931.6,193.0,1079.0
1877606,stimulus_Ins_HumanRights_2_page_6,931.7,192.7,1079.0
1877607,stimulus_Ins_HumanRights_2_page_6,931.7,192.3,1079.0
1877608,stimulus_Ins_HumanRights_2_page_6,931.7,192.0,1080.0
1877609,stimulus_Ins_HumanRights_2_page_6,931.7,191.9,1082.0
1877610,stimulus_Ins_HumanRights_2_page_6,931.7,192.0,1084.0
1877611,stimulus_Ins_HumanRights_2_page_6,931.7,192.1,1084.0
1877612,stimulus_Ins_HumanRights_2_page_6,932.2,191.9,1083.0
1877613,stimulus_Ins_HumanRights_2_page_6,932.4,191.7,1082.0
1877614,stimulus_Ins_HumanRights_2_page_6,932.4,192.1,1082.0
1877615,stimulus_Ins_HumanRights_2_page_6,931.9,192.8,1081.0
1877616,stimulus_Ins_HumanRights_2_page_6,931.4,193.4,1081.0
1877617,stimulus_Ins_HumanRights_2_page_6,931.2,193.5,1082.0
1877618,stimulus_Ins_HumanRights_2_page_6,931.3,193.3,1083.0
1877619,stimulus_Ins_HumanRights_2_page_6,931.5,193.1,1085.0
1877620,stimulus_Ins_HumanRights_2_page_6,931.6,193.0,1085.0
1877621,stimulus_Ins_HumanRights_2_page_6,931.7,193.0,1085.0
1877622,stimulus_Ins_HumanRights_2_page_6,931.7,192.8,1085.0
1877623,stimulus_Ins_HumanRights_2_page_6,931.7,192.6,1086.0
1877624,stimulus_Ins_HumanRights_2_page_6,931.8,192.5,1084.0
1877625,stimulus_Ins_HumanRights_2_page_6,931.8,192.5,1083.0
1877626,stimulus_Ins_HumanRights_2_page_6,932.0,192.6,1081.0
1877627,stimulus_Ins_HumanRights_2_page_6,932.2,193.2,1080.0
1877628,stimulus_Ins_HumanRights_2_page_6,932.3,193.9,1080.0
1877629,stimulus_Ins_HumanRights_2_page_6,932.3,194.5,1081.0
1877630,stimulus_Ins_HumanRights_2_page_6,932.2,194.5,1082.0
1877631,stimulus_Ins_HumanRights_2_page_6,932.2,194.4,1084.0
1877632,stimulus_Ins_HumanRights_2_page_6,932.3,194.3,1083.0
1877633,stimulus_Ins_HumanRights_2_page_6,932.7,194.3,1083.0
1877634,stimulus_Ins_HumanRights_2_page_6,933.2,194.2,1082.0
1877635,stimulus_Ins_HumanRights_2_page_6,933.0,193.9,1083.0
1877636,stimulus_Ins_HumanRights_2_page_6,932.6,193.7,1083.0
1877637,stimulus_Ins_HumanRights_2_page_6,932.1,193.4,1084.0
1877638,stimulus_Ins_HumanRights_2_page_6,931.9,193.2,1084.0
1877639,stimulus_Ins_HumanRights_2_page_6,931.6,193.2,1085.0
1877640,stimulus_Ins_HumanRights_2_page_6,932.0,193.4,1086.0
1877641,stimulus_Ins_HumanRights_2_page_6,932.4,193.6,1086.0
1877642,stimulus_Ins_HumanRights_2_page_6,932.9,193.9,1085.0
1877643,stimulus_Ins_HumanRights_2_page_6,932.9,193.8,1083.0
1877644,stimulus_Ins_HumanRights_2_page_6,933.0,193.6,1082.0
1877645,stimulus_Ins_HumanRights_2_page_6,933.0,193.4,1082.0
1877646,stimulus_Ins_HumanRights_2_page_6,933.1,193.2,1082.0
1877647,stimulus_Ins_HumanRights_2_page_6,933.0,193.3,1083.0
1877648,stimulus_Ins_HumanRights_2_page_6,932.8,193.6,1083.0
1877649,stimulus_Ins_HumanRights_2_page_6,932.6,193.8,1083.0
1877650,stimulus_Ins_HumanRights_2_page_6,932.5,194.1,1084.0
1877651,stimulus_Ins_HumanRights_2_page_6,932.6,194.1,1084.0
1877652,stimulus_Ins_HumanRights_2_page_6,932.7,194.2,1084.0
1877653,stimulus_Ins_HumanRights_2_page_6,932.8,194.0,1084.0
1877654,stimulus_Ins_HumanRights_2_page_6,932.8,194.0,1084.0
1877655,stimulus_Ins_HumanRights_2_page_6,932.8,193.8,1083.0
1877656,stimulus_Ins_HumanRights_2_page_6,932.8,193.7,1082.0
1877657,stimulus_Ins_HumanRights_2_page_6,932.8,193.6,1082.0
1877658,stimulus_Ins_HumanRights_2_page_6,932.8,193.6,1083.0
1877659,stimulus_Ins_HumanRights_2_page_6,932.8,193.4,1083.0
1877660,stimulus_Ins_HumanRights_2_page_6,932.7,193.2,1082.0
1877661,stimulus_Ins_HumanRights_2_page_6,932.7,193.4,1082.0
1877662,stimulus_Ins_HumanRights_2_page_6,932.6,193.6,1084.0
1877663,stimulus_Ins_HumanRights_2_page_6,932.7,193.8,1083.0
1877664,stimulus_Ins_HumanRights_2_page_6,932.7,193.6,1081.0
1877665,stimulus_Ins_HumanRights_2_page_6,932.7,193.5,1079.0
1877666,stimulus_Ins_HumanRights_2_page_6,932.8,194.2,1079.0
1877667,stimulus_Ins_HumanRights_2_page_6,932.9,195.0,1079.0
1877668,stimulus_Ins_HumanRights_2_page_6,932.5,195.8,1079.0
1877669,stimulus_Ins_HumanRights_2_page_6,932.1,195.6,1079.0
1877670,stimulus_Ins_HumanRights_2_page_6,931.7,194.8,1079.0
1877671,stimulus_Ins_HumanRights_2_page_6,931.7,194.1,1078.0
1877672,stimulus_Ins_HumanRights_2_page_6,931.7,193.6,1077.0
1877673,stimulus_Ins_HumanRights_2_page_6,931.5,194.0,1076.0
1877674,stimulus_Ins_HumanRights_2_page_6,931.5,194.4,1078.0
1877675,stimulus_Ins_HumanRights_2_page_6,931.8,194.6,1080.0
1877676,stimulus_Ins_HumanRights_2_page_6,932.2,194.6,1081.0
1877677,stimulus_Ins_HumanRights_2_page_6,932.5,194.6,1081.0
1877678,stimulus_Ins_HumanRights_2_page_6,932.4,194.7,1081.0
1877679,stimulus_Ins_HumanRights_2_page_6,932.4,194.8,1081.0
1877680,stimulus_Ins_HumanRights_2_page_6,932.3,194.8,1081.0
1877681,stimulus_Ins_HumanRights_2_page_6,932.3,194.8,1081.0
1877682,stimulus_Ins_HumanRights_2_page_6,932.3,194.8,1079.0
1877683,stimulus_Ins_HumanRights_2_page_6,932.0,194.6,1077.0
1877684,stimulus_Ins_HumanRights_2_page_6,931.7,194.3,1075.0
1877685,stimulus_Ins_HumanRights_2_page_6,931.4,194.0,1075.0
1877686,stimulus_Ins_HumanRights_2_page_6,931.4,193.8,1076.0
1877687,stimulus_Ins_HumanRights_2_page_6,931.3,193.6,1075.0
1877688,stimulus_Ins_HumanRights_2_page_6,931.3,193.3,1075.0
1877689,stimulus_Ins_HumanRights_2_page_6,931.5,193.4,1075.0
1877690,stimulus_Ins_HumanRights_2_page_6,931.6,193.6,1076.0
1877691,stimulus_Ins_HumanRights_2_page_6,931.8,193.8,1078.0
1877692,stimulus_Ins_HumanRights_2_page_6,931.8,193.9,1077.0
1877693,stimulus_Ins_HumanRights_2_page_6,931.8,194.1,1076.0
1877694,stimulus_Ins_HumanRights_2_page_6,931.9,194.4,1075.0
1877695,stimulus_Ins_HumanRights_2_page_6,931.7,194.5,1075.0
1877696,stimulus_Ins_HumanRights_2_page_6,931.6,194.5,1075.0
1877697,stimulus_Ins_HumanRights_2_page_6,931.4,194.9,1075.0
1877698,stimulus_Ins_HumanRights_2_page_6,931.4,195.2,1076.0
1877699,stimulus_Ins_HumanRights_2_page_6,931.3,195.4,1078.0
1877700,stimulus_Ins_HumanRights_2_page_6,931.1,195.2,1080.0
1877701,stimulus_Ins_HumanRights_2_page_6,930.9,195.0,1079.0
1877702,stimulus_Ins_HumanRights_2_page_6,930.9,195.0,1077.0
1877703,stimulus_Ins_HumanRights_2_page_6,931.7,195.2,1075.0
1877704,stimulus_Ins_HumanRights_2_page_6,933.0,195.4,1075.0
1877705,stimulus_Ins_HumanRights_2_page_6,935.1,195.5,1075.0
1877706,stimulus_Ins_HumanRights_2_page_6,937.4,195.5,1076.0
1877707,stimulus_Ins_HumanRights_2_page_6,940.6,194.6,1076.0
1877708,stimulus_Ins_HumanRights_2_page_6,943.9,193.5,1076.0
1877709,stimulus_Ins_HumanRights_2_page_6,948.1,192.5,1076.0
1877710,stimulus_Ins_HumanRights_2_page_6,951.7,193.0,1077.0
1877711,stimulus_Ins_HumanRights_2_page_6,956.0,193.4,1078.0
1877712,stimulus_Ins_HumanRights_2_page_6,959.7,193.9,1079.0
1877713,stimulus_Ins_HumanRights_2_page_6,962.9,193.8,1079.0
1877714,stimulus_Ins_HumanRights_2_page_6,966.4,193.3,1076.0
1877715,stimulus_Ins_HumanRights_2_page_6,969.2,192.7,1072.0
1877716,stimulus_Ins_HumanRights_2_page_6,973.3,192.1,1071.0
1877717,stimulus_Ins_HumanRights_2_page_6,976.6,191.9,1072.0
1877718,stimulus_Ins_HumanRights_2_page_6,980.2,191.5,1074.0
1877719,stimulus_Ins_HumanRights_2_page_6,982.4,191.1,1075.0
1877720,stimulus_Ins_HumanRights_2_page_6,984.2,190.7,1076.0
1877721,stimulus_Ins_HumanRights_2_page_6,985.4,190.4,1076.0
1877722,stimulus_Ins_HumanRights_2_page_6,986.6,190.1,1077.0
1877723,stimulus_Ins_HumanRights_2_page_6,987.1,189.9,1077.0
1877724,stimulus_Ins_HumanRights_2_page_6,987.6,189.8,1075.0
1877725,stimulus_Ins_HumanRights_2_page_6,987.8,189.9,1073.0
1877726,stimulus_Ins_HumanRights_2_page_6,988.3,190.0,1071.0
1877727,stimulus_Ins_HumanRights_2_page_6,988.5,190.1,1071.0
1877728,stimulus_Ins_HumanRights_2_page_6,988.9,190.5,1070.0
1877729,stimulus_Ins_HumanRights_2_page_6,988.9,190.8,1070.0
1877730,stimulus_Ins_HumanRights_2_page_6,989.3,191.2,1068.0
1877731,stimulus_Ins_HumanRights_2_page_6,989.7,190.9,1068.0
1877732,stimulus_Ins_HumanRights_2_page_6,990.1,190.6,1067.0
1877733,stimulus_Ins_HumanRights_2_page_6,990.5,190.8,1067.0
1877734,stimulus_Ins_HumanRights_2_page_6,990.8,191.3,1067.0
1877735,stimulus_Ins_HumanRights_2_page_6,991.0,191.8,1067.0
1877736,stimulus_Ins_HumanRights_2_page_6,991.3,192.0,1067.0
1877737,stimulus_Ins_HumanRights_2_page_6,991.7,192.1,1067.0
1877738,stimulus_Ins_HumanRights_2_page_6,992.1,192.0,1067.0
1877739,stimulus_Ins_HumanRights_2_page_6,992.1,191.8,1068.0
1877740,stimulus_Ins_HumanRights_2_page_6,992.1,191.7,1068.0
1877741,stimulus_Ins_HumanRights_2_page_6,992.0,191.9,1067.0
1877742,stimulus_Ins_HumanRights_2_page_6,992.0,192.0,1066.0
1877743,stimulus_Ins_HumanRights_2_page_6,992.1,192.1,1064.0
1877744,stimulus_Ins_HumanRights_2_page_6,992.2,192.2,1063.0
1877745,stimulus_Ins_HumanRights_2_page_6,992.0,192.1,1061.0
1877746,stimulus_Ins_HumanRights_2_page_6,991.7,191.9,1061.0
1877747,stimulus_Ins_HumanRights_2_page_6,991.6,191.6,1061.0
1877748,stimulus_Ins_HumanRights_2_page_6,991.9,191.5,1063.0
1877749,stimulus_Ins_HumanRights_2_page_6,992.2,191.3,1064.0
1877750,stimulus_Ins_HumanRights_2_page_6,992.2,191.2,1065.0
1877751,stimulus_Ins_HumanRights_2_page_6,992.1,190.9,1065.0
1877752,stimulus_Ins_HumanRights_2_page_6,992.0,190.6,1065.0
1877753,stimulus_Ins_HumanRights_2_page_6,991.9,190.2,1066.0
1877754,stimulus_Ins_HumanRights_2_page_6,991.8,190.1,1065.0
1877755,stimulus_Ins_HumanRights_2_page_6,991.9,189.9,1064.0
1877756,stimulus_Ins_HumanRights_2_page_6,992.1,190.0,1062.0
1877757,stimulus_Ins_HumanRights_2_page_6,992.4,190.4,1061.0
1877758,stimulus_Ins_HumanRights_2_page_6,992.5,191.1,1061.0
1877759,stimulus_Ins_HumanRights_2_page_6,992.7,191.5,1061.0
1877760,stimulus_Ins_HumanRights_2_page_6,992.6,191.7,1061.0
1877761,stimulus_Ins_HumanRights_2_page_6,992.5,191.6,1060.0
1877762,stimulus_Ins_HumanRights_2_page_6,992.3,191.5,1060.0
1877763,stimulus_Ins_HumanRights_2_page_6,992.3,191.4,1060.0
1877764,stimulus_Ins_HumanRights_2_page_6,992.2,191.3,1059.0
1877765,stimulus_Ins_HumanRights_2_page_6,992.0,191.3,1059.0
1877766,stimulus_Ins_HumanRights_2_page_6,992.0,191.4,1059.0
1877767,stimulus_Ins_HumanRights_2_page_6,992.0,191.5,1060.0
1877768,stimulus_Ins_HumanRights_2_page_6,992.2,191.6,1061.0
1877769,stimulus_Ins_HumanRights_2_page_6,992.4,191.2,1062.0
1877770,stimulus_Ins_HumanRights_2_page_6,992.5,190.8,1062.0
1877771,stimulus_Ins_HumanRights_2_page_6,992.6,190.8,1062.0
1877772,stimulus_Ins_HumanRights_2_page_6,992.5,191.3,1061.0
1877773,stimulus_Ins_HumanRights_2_page_6,992.6,191.9,1061.0
1877774,stimulus_Ins_HumanRights_2_page_6,992.6,191.9,1061.0
1877775,stimulus_Ins_HumanRights_2_page_6,992.7,191.9,1060.0
1877776,stimulus_Ins_HumanRights_2_page_6,992.7,191.8,1060.0
1877777,stimulus_Ins_HumanRights_2_page_6,992.7,191.7,1061.0
1877778,stimulus_Ins_HumanRights_2_page_6,992.7,191.6,1061.0
1877779,stimulus_Ins_HumanRights_2_page_6,992.7,191.1,1062.0
1877780,stimulus_Ins_HumanRights_2_page_6,992.6,190.5,1064.0
1877781,stimulus_Ins_HumanRights_2_page_6,992.4,190.4,1065.0
1877782,stimulus_Ins_HumanRights_2_page_6,992.5,190.7,1067.0
1877783,stimulus_Ins_HumanRights_2_page_6,992.7,190.6,1067.0
1877784,stimulus_Ins_HumanRights_2_page_6,992.9,189.8,1067.0
1877785,stimulus_Ins_HumanRights_2_page_6,992.9,189.0,1067.0
1877786,stimulus_Ins_HumanRights_2_page_6,992.9,188.7,1065.0
1877787,stimulus_Ins_HumanRights_2_page_6,992.6,187.8,1064.0
1877788,stimulus_Ins_HumanRights_2_page_6,992.3,186.8,1064.0
1877789,stimulus_Ins_HumanRights_2_page_6,992.1,186.7,1066.0
1877790,stimulus_Ins_HumanRights_2_page_6,992.1,187.6,1067.0
1877791,stimulus_Ins_HumanRights_2_page_6,992.2,188.0,1067.0
1877792,stimulus_Ins_HumanRights_2_page_6,992.0,187.6,1066.0
1877793,stimulus_Ins_HumanRights_2_page_6,991.8,187.3,1066.0
1877794,stimulus_Ins_HumanRights_2_page_6,991.4,187.6,1066.0
1877795,stimulus_Ins_HumanRights_2_page_6,991.3,187.9,1066.0
1877796,stimulus_Ins_HumanRights_2_page_6,991.3,187.9,1066.0
1877797,stimulus_Ins_HumanRights_2_page_6,991.5,187.6,1066.0
1877798,stimulus_Ins_HumanRights_2_page_6,991.7,187.3,1066.0
1877799,stimulus_Ins_HumanRights_2_page_6,991.8,187.1,1067.0
1877800,stimulus_Ins_HumanRights_2_page_6,991.9,186.9,1068.0
1877801,stimulus_Ins_HumanRights_2_page_6,991.9,186.7,1069.0
1877802,stimulus_Ins_HumanRights_2_page_6,991.9,186.6,1069.0
1877803,stimulus_Ins_HumanRights_2_page_6,991.8,186.6,1068.0
1877804,stimulus_Ins_HumanRights_2_page_6,991.7,186.8,1069.0
1877805,stimulus_Ins_HumanRights_2_page_6,991.5,187.2,1070.0
1877806,stimulus_Ins_HumanRights_2_page_6,991.6,187.6,1071.0
1877807,stimulus_Ins_HumanRights_2_page_6,991.8,187.4,1071.0
1877808,stimulus_Ins_HumanRights_2_page_6,992.0,187.1,1070.0
1877809,stimulus_Ins_HumanRights_2_page_6,992.1,186.7,1069.0
1877810,stimulus_Ins_HumanRights_2_page_6,992.3,186.7,1068.0
1877811,stimulus_Ins_HumanRights_2_page_6,992.4,187.3,1068.0
1877812,stimulus_Ins_HumanRights_2_page_6,992.5,188.0,1069.0
1877813,stimulus_Ins_HumanRights_2_page_6,992.3,188.7,1069.0
1877814,stimulus_Ins_HumanRights_2_page_6,992.0,188.8,1069.0
1877815,stimulus_Ins_HumanRights_2_page_6,991.5,189.1,1069.0
1877816,stimulus_Ins_HumanRights_2_page_6,991.4,189.4,1069.0
1877817,stimulus_Ins_HumanRights_2_page_6,991.4,189.5,1069.0
1877818,stimulus_Ins_HumanRights_2_page_6,991.5,189.4,1070.0
1877819,stimulus_Ins_HumanRights_2_page_6,991.7,189.6,1070.0
1877820,stimulus_Ins_HumanRights_2_page_6,991.6,189.9,1069.0
1877821,stimulus_Ins_HumanRights_2_page_6,991.4,189.8,1068.0
1877822,stimulus_Ins_HumanRights_2_page_6,991.3,189.4,1068.0
1877823,stimulus_Ins_HumanRights_2_page_6,991.3,189.0,1067.0
1877824,stimulus_Ins_HumanRights_2_page_6,991.2,189.1,1068.0
1877825,stimulus_Ins_HumanRights_2_page_6,991.3,189.2,1068.0
1877826,stimulus_Ins_HumanRights_2_page_6,991.3,189.1,1068.0
1877827,stimulus_Ins_HumanRights_2_page_6,991.4,188.9,1068.0
1877828,stimulus_Ins_HumanRights_2_page_6,991.7,188.7,1068.0
1877829,stimulus_Ins_HumanRights_2_page_6,991.9,188.6,1069.0
1877830,stimulus_Ins_HumanRights_2_page_6,991.9,188.7,1069.0
1877831,stimulus_Ins_HumanRights_2_page_6,991.8,188.7,1069.0
1877832,stimulus_Ins_HumanRights_2_page_6,991.7,189.2,1069.0
1877833,stimulus_Ins_HumanRights_2_page_6,991.5,189.8,1068.0
1877834,stimulus_Ins_HumanRights_2_page_6,991.4,190.5,1068.0
1877835,stimulus_Ins_HumanRights_2_page_6,991.2,190.6,1066.0
1877836,stimulus_Ins_HumanRights_2_page_6,991.2,190.6,1065.0
1877837,stimulus_Ins_HumanRights_2_page_6,991.3,190.4,1063.0
1877838,stimulus_Ins_HumanRights_2_page_6,991.4,189.8,1063.0
1877839,stimulus_Ins_HumanRights_2_page_6,991.4,189.3,1064.0
1877840,stimulus_Ins_HumanRights_2_page_6,991.3,189.4,1066.0
1877841,stimulus_Ins_HumanRights_2_page_6,991.2,190.0,1067.0
1877842,stimulus_Ins_HumanRights_2_page_6,991.0,190.5,1068.0
1877843,stimulus_Ins_HumanRights_2_page_6,990.8,190.5,1068.0
1877844,stimulus_Ins_HumanRights_2_page_6,990.9,190.6,1068.0
1877845,stimulus_Ins_HumanRights_2_page_6,991.1,190.9,1067.0
1877846,stimulus_Ins_HumanRights_2_page_6,991.2,191.2,1066.0
1877847,stimulus_Ins_HumanRights_2_page_6,991.1,191.4,1065.0
1877848,stimulus_Ins_HumanRights_2_page_6,990.9,191.4,1065.0
1877849,stimulus_Ins_HumanRights_2_page_6,990.4,191.5,1065.0
1877850,stimulus_Ins_HumanRights_2_page_6,990.1,191.5,1066.0
1877851,stimulus_Ins_HumanRights_2_page_6,990.3,191.4,1066.0
1877852,stimulus_Ins_HumanRights_2_page_6,990.9,191.2,1067.0
1877853,stimulus_Ins_HumanRights_2_page_6,991.5,191.0,1067.0
1877854,stimulus_Ins_HumanRights_2_page_6,991.6,191.1,1066.0
1877855,stimulus_Ins_HumanRights_2_page_6,991.4,191.2,1064.0
1877856,stimulus_Ins_HumanRights_2_page_6,991.0,191.3,1061.0
1877857,stimulus_Ins_HumanRights_2_page_6,990.8,191.4,1061.0
1877858,stimulus_Ins_HumanRights_2_page_6,990.6,191.0,1061.0
1877859,stimulus_Ins_HumanRights_2_page_6,990.6,190.5,1061.0
1877860,stimulus_Ins_HumanRights_2_page_6,990.6,190.1,1062.0
1877861,stimulus_Ins_HumanRights_2_page_6,990.7,190.1,1062.0
1877862,stimulus_Ins_HumanRights_2_page_6,990.7,190.1,1063.0
1877863,stimulus_Ins_HumanRights_2_page_6,990.8,190.0,1063.0
1877864,stimulus_Ins_HumanRights_2_page_6,990.8,190.2,1063.0
1877865,stimulus_Ins_HumanRights_2_page_6,990.9,190.2,1063.0
1877866,stimulus_Ins_HumanRights_2_page_6,990.8,190.3,1063.0
1877867,stimulus_Ins_HumanRights_2_page_6,990.8,190.2,1063.0
1877868,stimulus_Ins_HumanRights_2_page_6,990.8,190.3,1064.0
1877869,stimulus_Ins_HumanRights_2_page_6,990.8,190.4,1065.0
1877870,stimulus_Ins_HumanRights_2_page_6,990.8,190.7,1066.0
1877871,stimulus_Ins_HumanRights_2_page_6,991.0,190.8,1066.0
1877872,stimulus_Ins_HumanRights_2_page_6,991.1,190.7,1065.0
1877873,stimulus_Ins_HumanRights_2_page_6,991.3,190.1,1064.0
1877874,stimulus_Ins_HumanRights_2_page_6,991.3,189.5,1064.0
1877875,stimulus_Ins_HumanRights_2_page_6,991.2,188.9,1063.0
1877876,stimulus_Ins_HumanRights_2_page_6,991.0,188.6,1063.0
1877877,stimulus_Ins_HumanRights_2_page_6,990.9,188.6,1063.0
1877878,stimulus_Ins_HumanRights_2_page_6,990.8,188.9,1063.0
1877879,stimulus_Ins_HumanRights_2_page_6,990.8,189.3,1062.0
1877880,stimulus_Ins_HumanRights_2_page_6,990.8,189.3,1062.0
1877881,stimulus_Ins_HumanRights_2_page_6,990.9,189.3,1063.0
1877882,stimulus_Ins_HumanRights_2_page_6,990.9,189.3,1064.0
1877883,stimulus_Ins_HumanRights_2_page_6,991.0,189.3,1064.0
1877884,stimulus_Ins_HumanRights_2_page_6,991.0,189.3,1064.0
1877885,stimulus_Ins_HumanRights_2_page_6,990.8,189.4,1064.0
1877886,stimulus_Ins_HumanRights_2_page_6,990.7,189.4,1064.0
1877887,stimulus_Ins_HumanRights_2_page_6,990.5,189.4,1064.0
1877888,stimulus_Ins_HumanRights_2_page_6,990.4,189.4,1064.0
1877889,stimulus_Ins_HumanRights_2_page_6,990.5,189.3,1064.0
1877890,stimulus_Ins_HumanRights_2_page_6,990.6,189.1,1063.0
1877891,stimulus_Ins_HumanRights_2_page_6,990.8,189.0,1063.0
1877892,stimulus_Ins_HumanRights_2_page_6,990.9,189.3,1065.0
1877893,stimulus_Ins_HumanRights_2_page_6,990.9,189.5,1066.0
1877894,stimulus_Ins_HumanRights_2_page_6,990.8,189.7,1066.0
1877895,stimulus_Ins_HumanRights_2_page_6,990.8,189.5,1065.0
1877896,stimulus_Ins_HumanRights_2_page_6,990.8,189.1,1064.0
1877897,stimulus_Ins_HumanRights_2_page_6,991.1,188.6,1063.0
1877898,stimulus_Ins_HumanRights_2_page_6,991.3,188.8,1064.0
1877899,stimulus_Ins_HumanRights_2_page_6,991.6,189.2,1064.0
1877900,stimulus_Ins_HumanRights_2_page_6,991.6,189.7,1065.0
1877901,stimulus_Ins_HumanRights_2_page_6,991.4,189.7,1066.0
1877902,stimulus_Ins_HumanRights_2_page_6,990.9,189.8,1065.0
1877903,stimulus_Ins_HumanRights_2_page_6,990.6,190.0,1064.0
1877904,stimulus_Ins_HumanRights_2_page_6,990.1,190.0,1062.0
1877905,stimulus_Ins_HumanRights_2_page_6,990.1,189.8,1063.0
1877906,stimulus_Ins_HumanRights_2_page_6,990.0,189.5,1063.0
1877907,stimulus_Ins_HumanRights_2_page_6,990.0,189.8,1063.0
1877908,stimulus_Ins_HumanRights_2_page_6,990.3,190.3,1062.0
1877909,stimulus_Ins_HumanRights_2_page_6,990.5,190.5,1062.0
1877910,stimulus_Ins_HumanRights_2_page_6,990.5,190.1,1063.0
1877911,stimulus_Ins_HumanRights_2_page_6,990.2,189.7,1064.0
1877912,stimulus_Ins_HumanRights_2_page_6,990.1,189.8,1065.0
1877913,stimulus_Ins_HumanRights_2_page_6,990.2,189.8,1065.0
1877914,stimulus_Ins_HumanRights_2_page_6,990.2,189.6,1064.0
1877915,stimulus_Ins_HumanRights_2_page_6,990.0,189.5,1063.0
1877916,stimulus_Ins_HumanRights_2_page_6,990.0,189.8,1061.0
1877917,stimulus_Ins_HumanRights_2_page_6,990.2,190.3,1059.0
1877918,stimulus_Ins_HumanRights_2_page_6,990.4,190.6,1059.0
1877919,stimulus_Ins_HumanRights_2_page_6,990.4,190.4,1061.0
1877920,stimulus_Ins_HumanRights_2_page_6,990.3,190.7,1064.0
1877921,stimulus_Ins_HumanRights_2_page_6,990.2,191.1,1064.0
1877922,stimulus_Ins_HumanRights_2_page_6,990.1,191.5,1062.0
1877923,stimulus_Ins_HumanRights_2_page_6,990.0,191.4,1059.0
1877924,stimulus_Ins_HumanRights_2_page_6,990.0,191.3,1059.0
1877925,stimulus_Ins_HumanRights_2_page_6,990.0,191.3,1059.0
1877926,stimulus_Ins_HumanRights_2_page_6,990.2,191.1,1059.0
1877927,stimulus_Ins_HumanRights_2_page_6,990.4,190.9,1060.0
1877928,stimulus_Ins_HumanRights_2_page_6,990.6,190.6,1061.0
1877929,stimulus_Ins_HumanRights_2_page_6,990.5,190.6,1060.0
1877930,stimulus_Ins_HumanRights_2_page_6,990.3,190.6,1060.0
1877931,stimulus_Ins_HumanRights_2_page_6,990.2,190.3,1059.0
1877932,stimulus_Ins_HumanRights_2_page_6,990.3,190.1,1060.0
1877933,stimulus_Ins_HumanRights_2_page_6,990.3,189.9,1059.0
1877934,stimulus_Ins_HumanRights_2_page_6,990.4,190.1,1059.0
1877935,stimulus_Ins_HumanRights_2_page_6,990.4,190.6,1059.0
1877936,stimulus_Ins_HumanRights_2_page_6,990.4,191.2,1059.0
1877937,stimulus_Ins_HumanRights_2_page_6,990.5,191.7,1059.0
1877938,stimulus_Ins_HumanRights_2_page_6,990.4,192.0,1058.0
1877939,stimulus_Ins_HumanRights_2_page_6,990.4,192.0,1059.0
1877940,stimulus_Ins_HumanRights_2_page_6,990.3,191.6,1060.0
1877941,stimulus_Ins_HumanRights_2_page_6,990.3,191.1,1060.0
1877942,stimulus_Ins_HumanRights_2_page_6,990.3,190.7,1060.0
1877943,stimulus_Ins_HumanRights_2_page_6,989.9,190.6,1059.0
1877944,stimulus_Ins_HumanRights_2_page_6,989.5,190.5,1059.0
1877945,stimulus_Ins_HumanRights_2_page_6,989.3,190.6,1059.0
1877946,stimulus_Ins_HumanRights_2_page_6,989.6,190.7,1061.0
1877947,stimulus_Ins_HumanRights_2_page_6,989.8,190.7,1062.0
1877948,stimulus_Ins_HumanRights_2_page_6,989.9,190.7,1061.0
1877949,stimulus_Ins_HumanRights_2_page_6,989.9,190.6,1059.0
1877950,stimulus_Ins_HumanRights_2_page_6,990.0,191.0,1058.0
1877951,stimulus_Ins_HumanRights_2_page_6,990.0,191.5,1058.0
1877952,stimulus_Ins_HumanRights_2_page_6,990.0,192.0,1058.0
1877953,stimulus_Ins_HumanRights_2_page_6,990.2,192.0,1058.0
1877954,stimulus_Ins_HumanRights_2_page_6,990.3,192.1,1056.0
1877955,stimulus_Ins_HumanRights_2_page_6,990.4,192.2,1055.0
1877956,stimulus_Ins_HumanRights_2_page_6,990.5,192.3,1053.0
1877957,stimulus_Ins_HumanRights_2_page_6,990.7,192.4,1054.0
1877958,stimulus_Ins_HumanRights_2_page_6,990.9,192.6,1056.0
1877959,stimulus_Ins_HumanRights_2_page_6,991.2,192.6,1058.0
1877960,stimulus_Ins_HumanRights_2_page_6,991.2,192.4,1060.0
1877961,stimulus_Ins_HumanRights_2_page_6,991.1,192.2,1060.0
1877962,stimulus_Ins_HumanRights_2_page_6,991.0,192.1,1060.0
1877963,stimulus_Ins_HumanRights_2_page_6,991.0,192.1,1060.0
1877964,stimulus_Ins_HumanRights_2_page_6,991.0,192.0,1059.0
1877965,stimulus_Ins_HumanRights_2_page_6,991.0,191.8,1058.0
1877966,stimulus_Ins_HumanRights_2_page_6,990.9,191.3,1056.0
1877967,stimulus_Ins_HumanRights_2_page_6,990.7,190.4,1055.0
1877968,stimulus_Ins_HumanRights_2_page_6,990.6,189.5,1055.0
1877969,stimulus_Ins_HumanRights_2_page_6,990.6,189.2,1055.0
1877970,stimulus_Ins_HumanRights_2_page_6,990.5,189.6,1055.0
1877971,stimulus_Ins_HumanRights_2_page_6,990.4,189.8,1056.0
1877972,stimulus_Ins_HumanRights_2_page_6,990.4,189.9,1056.0
1877973,stimulus_Ins_HumanRights_2_page_6,990.5,190.0,1056.0
1877974,stimulus_Ins_HumanRights_2_page_6,990.8,190.4,1057.0
1877975,stimulus_Ins_HumanRights_2_page_6,991.1,190.7,1057.0
1877976,stimulus_Ins_HumanRights_2_page_6,991.3,191.0,1056.0
1877977,stimulus_Ins_HumanRights_2_page_6,991.4,191.2,1055.0
1877978,stimulus_Ins_HumanRights_2_page_6,991.5,191.1,1056.0
1877979,stimulus_Ins_HumanRights_2_page_6,991.4,190.9,1057.0
1877980,stimulus_Ins_HumanRights_2_page_6,991.4,190.4,1058.0
1877981,stimulus_Ins_HumanRights_2_page_6,991.3,190.1,1058.0
1877982,stimulus_Ins_HumanRights_2_page_6,991.1,189.9,1059.0
1877983,stimulus_Ins_HumanRights_2_page_6,991.0,189.9,1057.0
1877984,stimulus_Ins_HumanRights_2_page_6,990.9,190.5,1056.0
1877985,stimulus_Ins_HumanRights_2_page_6,990.7,191.1,1054.0
1877986,stimulus_Ins_HumanRights_2_page_6,990.5,191.6,1055.0
1877987,stimulus_Ins_HumanRights_2_page_6,990.4,191.4,1056.0
1877988,stimulus_Ins_HumanRights_2_page_6,990.5,191.3,1056.0
1877989,stimulus_Ins_HumanRights_2_page_6,990.5,191.4,1057.0
1877990,stimulus_Ins_HumanRights_2_page_6,990.3,191.6,1058.0
1877991,stimulus_Ins_HumanRights_2_page_6,990.2,191.8,1060.0
1877992,stimulus_Ins_HumanRights_2_page_6,990.5,192.0,1061.0
1877993,stimulus_Ins_HumanRights_2_page_6,991.0,192.1,1060.0
1877994,stimulus_Ins_HumanRights_2_page_6,991.4,192.3,1059.0
1877995,stimulus_Ins_HumanRights_2_page_6,991.2,192.6,1057.0
1877996,stimulus_Ins_HumanRights_2_page_6,990.9,193.0,1057.0
1877997,stimulus_Ins_HumanRights_2_page_6,990.7,193.4,1057.0
1877998,stimulus_Ins_HumanRights_2_page_6,990.6,193.5,1058.0
1877999,stimulus_Ins_HumanRights_2_page_6,990.4,193.5,1058.0
1878000,stimulus_Ins_HumanRights_2_page_6,990.6,193.6,1058.0
1878001,stimulus_Ins_HumanRights_2_page_6,991.0,193.6,1058.0
1878002,stimulus_Ins_HumanRights_2_page_6,991.4,193.6,1059.0
1878003,stimulus_Ins_HumanRights_2_page_6,991.2,193.3,1057.0
1878004,stimulus_Ins_HumanRights_2_page_6,990.8,193.1,1056.0
1878005,stimulus_Ins_HumanRights_2_page_6,990.5,193.1,1055.0
1878006,stimulus_Ins_HumanRights_2_page_6,990.4,193.1,1055.0
1878007,stimulus_Ins_HumanRights_2_page_6,990.2,193.5,1055.0
1878008,stimulus_Ins_HumanRights_2_page_6,990.1,193.8,1055.0
1878009,stimulus_Ins_HumanRights_2_page_6,990.1,194.1,1056.0
1878010,stimulus_Ins_HumanRights_2_page_6,990.2,194.1,1056.0
1878011,stimulus_Ins_HumanRights_2_page_6,990.3,194.0,1056.0
1878012,stimulus_Ins_HumanRights_2_page_6,990.4,193.7,1057.0
1878013,stimulus_Ins_HumanRights_2_page_6,990.3,193.3,1057.0
1878014,stimulus_Ins_HumanRights_2_page_6,990.3,192.9,1058.0
1878015,stimulus_Ins_HumanRights_2_page_6,990.2,192.6,1057.0
1878016,stimulus_Ins_HumanRights_2_page_6,990.1,193.1,1057.0
1878017,stimulus_Ins_HumanRights_2_page_6,990.0,193.7,1057.0
1878018,stimulus_Ins_HumanRights_2_page_6,989.9,194.4,1060.0
1878019,stimulus_Ins_HumanRights_2_page_6,989.8,193.9,1062.0
1878020,stimulus_Ins_HumanRights_2_page_6,989.8,193.4,1064.0
1878021,stimulus_Ins_HumanRights_2_page_6,989.8,193.1,1062.0
1878022,stimulus_Ins_HumanRights_2_page_6,989.8,193.2,1060.0
1878023,stimulus_Ins_HumanRights_2_page_6,989.9,193.4,1058.0
1878024,stimulus_Ins_HumanRights_2_page_6,989.9,193.9,1059.0
1878025,stimulus_Ins_HumanRights_2_page_6,990.0,194.4,1059.0
1878026,stimulus_Ins_HumanRights_2_page_6,990.0,194.7,1059.0
1878027,stimulus_Ins_HumanRights_2_page_6,990.0,194.6,1059.0
1878028,stimulus_Ins_HumanRights_2_page_6,989.9,194.2,1059.0
1878029,stimulus_Ins_HumanRights_2_page_6,989.9,194.0,1059.0
1878030,stimulus_Ins_HumanRights_2_page_6,989.9,194.1,1059.0
1878031,stimulus_Ins_HumanRights_2_page_6,989.9,194.4,1059.0
1878032,stimulus_Ins_HumanRights_2_page_6,990.0,194.4,1061.0
1878033,stimulus_Ins_HumanRights_2_page_6,990.1,193.6,1062.0
1878034,stimulus_Ins_HumanRights_2_page_6,990.2,192.9,1061.0
1878035,stimulus_Ins_HumanRights_2_page_6,990.1,192.3,1060.0
1878036,stimulus_Ins_HumanRights_2_page_6,990.2,192.3,1059.0
1878037,stimulus_Ins_HumanRights_2_page_6,990.3,192.7,1060.0
1878038,stimulus_Ins_HumanRights_2_page_6,990.5,193.0,1060.0
1878039,stimulus_Ins_HumanRights_2_page_6,990.4,193.3,1061.0
1878040,stimulus_Ins_HumanRights_2_page_6,990.2,193.9,1061.0
1878041,stimulus_Ins_HumanRights_2_page_6,989.7,194.6,1062.0
1878042,stimulus_Ins_HumanRights_2_page_6,989.4,195.3,1062.0
1878043,stimulus_Ins_HumanRights_2_page_6,989.4,195.2,1062.0
1878044,stimulus_Ins_HumanRights_2_page_6,989.5,195.0,1062.0
1878045,stimulus_Ins_HumanRights_2_page_6,989.5,195.0,1062.0
1878046,stimulus_Ins_HumanRights_2_page_6,989.3,195.1,1063.0
1878047,stimulus_Ins_HumanRights_2_page_6,989.2,195.9,1063.0
1878048,stimulus_Ins_HumanRights_2_page_6,989.4,196.7,1063.0
1878049,stimulus_Ins_HumanRights_2_page_6,989.8,196.9,1064.0
1878050,stimulus_Ins_HumanRights_2_page_6,990.1,196.4,1064.0
1878051,stimulus_Ins_HumanRights_2_page_6,990.2,196.0,1064.0
1878052,stimulus_Ins_HumanRights_2_page_6,990.2,195.5,1062.0
1878053,stimulus_Ins_HumanRights_2_page_6,990.3,194.9,1061.0
1878054,stimulus_Ins_HumanRights_2_page_6,990.3,194.4,1061.0
1878055,stimulus_Ins_HumanRights_2_page_6,990.3,194.2,1061.0
1878056,stimulus_Ins_HumanRights_2_page_6,990.2,194.0,1061.0
1878057,stimulus_Ins_HumanRights_2_page_6,990.0,194.0,1060.0
1878058,stimulus_Ins_HumanRights_2_page_6,989.9,194.1,1060.0
1878059,stimulus_Ins_HumanRights_2_page_6,989.8,194.2,1059.0
1878060,stimulus_Ins_HumanRights_2_page_6,989.8,194.0,1059.0
1878061,stimulus_Ins_HumanRights_2_page_6,989.8,194.0,1059.0
1878062,stimulus_Ins_HumanRights_2_page_6,989.7,194.1,1059.0
1878063,stimulus_Ins_HumanRights_2_page_6,989.3,194.0,1060.0
1878064,stimulus_Ins_HumanRights_2_page_6,988.8,193.7,1059.0
1878065,stimulus_Ins_HumanRights_2_page_6,988.6,193.4,1058.0
1878066,stimulus_Ins_HumanRights_2_page_6,988.7,193.3,1057.0
1878067,stimulus_Ins_HumanRights_2_page_6,988.8,193.3,1060.0
1878068,stimulus_Ins_HumanRights_2_page_6,988.9,193.3,1062.0
1878069,stimulus_Ins_HumanRights_2_page_6,989.0,193.2,1063.0
1878070,stimulus_Ins_HumanRights_2_page_6,989.1,193.1,1063.0
1878071,stimulus_Ins_HumanRights_2_page_6,988.9,193.0,1063.0
1878072,stimulus_Ins_HumanRights_2_page_6,988.8,192.9,1062.0
1878073,stimulus_Ins_HumanRights_2_page_6,988.8,192.7,1061.0
1878074,stimulus_Ins_HumanRights_2_page_6,988.8,192.5,1060.0
1878075,stimulus_Ins_HumanRights_2_page_6,988.8,192.4,1060.0
1878076,stimulus_Ins_HumanRights_2_page_6,988.9,192.3,1060.0
1878077,stimulus_Ins_HumanRights_2_page_6,989.4,192.2,1061.0
1878078,stimulus_Ins_HumanRights_2_page_6,989.8,191.8,1063.0
1878079,stimulus_Ins_HumanRights_2_page_6,990.1,191.4,1065.0
1878080,stimulus_Ins_HumanRights_2_page_6,989.9,191.2,1065.0
1878081,stimulus_Ins_HumanRights_2_page_6,989.5,191.4,1064.0
1878082,stimulus_Ins_HumanRights_2_page_6,989.1,191.7,1062.0
1878083,stimulus_Ins_HumanRights_2_page_6,989.0,192.2,1062.0
1878084,stimulus_Ins_HumanRights_2_page_6,988.8,192.5,1061.0
1878085,stimulus_Ins_HumanRights_2_page_6,988.5,192.6,1061.0
1878086,stimulus_Ins_HumanRights_2_page_6,988.3,192.5,1061.0
1878087,stimulus_Ins_HumanRights_2_page_6,988.2,192.4,1061.0
1878088,stimulus_Ins_HumanRights_2_page_6,988.3,192.3,1061.0
1878089,stimulus_Ins_HumanRights_2_page_6,988.4,192.4,1061.0
1878090,stimulus_Ins_HumanRights_2_page_6,988.4,192.6,1061.0
1878091,stimulus_Ins_HumanRights_2_page_6,988.7,192.6,1061.0
1878092,stimulus_Ins_HumanRights_2_page_6,989.1,192.4,1060.0
1878093,stimulus_Ins_HumanRights_2_page_6,989.4,192.1,1060.0
1878094,stimulus_Ins_HumanRights_2_page_6,989.4,192.0,1059.0
1878095,stimulus_Ins_HumanRights_2_page_6,989.5,192.0,1059.0
1878096,stimulus_Ins_HumanRights_2_page_6,989.5,191.9,1059.0
1878097,stimulus_Ins_HumanRights_2_page_6,989.5,192.0,1059.0
1878098,stimulus_Ins_HumanRights_2_page_6,989.5,192.1,1059.0
1878099,stimulus_Ins_HumanRights_2_page_6,989.6,192.0,1059.0
1878100,stimulus_Ins_HumanRights_2_page_6,989.8,191.8,1060.0
1878101,stimulus_Ins_HumanRights_2_page_6,990.0,191.6,1060.0
1878102,stimulus_Ins_HumanRights_2_page_6,990.2,191.8,1061.0
1878103,stimulus_Ins_HumanRights_2_page_6,990.1,192.0,1060.0
1878104,stimulus_Ins_HumanRights_2_page_6,990.0,192.2,1060.0
1878105,stimulus_Ins_HumanRights_2_page_6,990.0,192.1,1059.0
1878106,stimulus_Ins_HumanRights_2_page_6,990.2,191.9,1060.0
1878107,stimulus_Ins_HumanRights_2_page_6,990.4,191.7,1060.0
1878108,stimulus_Ins_HumanRights_2_page_6,990.3,191.8,1061.0
1878109,stimulus_Ins_HumanRights_2_page_6,990.0,192.2,1063.0
1878110,stimulus_Ins_HumanRights_2_page_6,989.7,192.9,1065.0
1878111,stimulus_Ins_HumanRights_2_page_6,989.6,193.4,1065.0
1878112,stimulus_Ins_HumanRights_2_page_6,989.6,193.5,1066.0
1878113,stimulus_Ins_HumanRights_2_page_6,989.8,193.1,1066.0
1878114,stimulus_Ins_HumanRights_2_page_6,990.1,192.6,1064.0
1878115,stimulus_Ins_HumanRights_2_page_6,990.2,192.1,1063.0
1878116,stimulus_Ins_HumanRights_2_page_6,990.1,192.0,1061.0
1878117,stimulus_Ins_HumanRights_2_page_6,990.0,192.6,1061.0
1878118,stimulus_Ins_HumanRights_2_page_6,990.0,193.4,1061.0
1878119,stimulus_Ins_HumanRights_2_page_6,990.0,194.0,1061.0
1878120,stimulus_Ins_HumanRights_2_page_6,990.1,193.8,1060.0
1878121,stimulus_Ins_HumanRights_2_page_6,990.1,193.5,1059.0
1878122,stimulus_Ins_HumanRights_2_page_6,990.2,193.1,1060.0
1878123,stimulus_Ins_HumanRights_2_page_6,990.1,192.8,1062.0
1878124,stimulus_Ins_HumanRights_2_page_6,989.9,192.4,1064.0
1878125,stimulus_Ins_HumanRights_2_page_6,989.7,192.2,1064.0
1878126,stimulus_Ins_HumanRights_2_page_6,989.7,192.1,1063.0
1878127,stimulus_Ins_HumanRights_2_page_6,989.6,192.4,1063.0
1878128,stimulus_Ins_HumanRights_2_page_6,989.7,192.7,1063.0
1878129,stimulus_Ins_HumanRights_2_page_6,989.7,192.9,1064.0
1878130,stimulus_Ins_HumanRights_2_page_6,989.7,192.9,1065.0
1878131,stimulus_Ins_HumanRights_2_page_6,989.7,193.0,1066.0
1878132,stimulus_Ins_HumanRights_2_page_6,989.9,193.1,1067.0
1878133,stimulus_Ins_HumanRights_2_page_6,990.1,193.2,1066.0
1878134,stimulus_Ins_HumanRights_2_page_6,990.3,193.2,1064.0
1878135,stimulus_Ins_HumanRights_2_page_6,990.3,193.2,1062.0
1878136,stimulus_Ins_HumanRights_2_page_6,990.2,193.5,1062.0
1878137,stimulus_Ins_HumanRights_2_page_6,990.2,193.8,1061.0
1878138,stimulus_Ins_HumanRights_2_page_6,989.9,194.0,1060.0
1878139,stimulus_Ins_HumanRights_2_page_6,989.4,193.9,1060.0
1878140,stimulus_Ins_HumanRights_2_page_6,988.9,193.9,1059.0
1878141,stimulus_Ins_HumanRights_2_page_6,988.7,194.0,1060.0
1878142,stimulus_Ins_HumanRights_2_page_6,988.7,194.2,1061.0
1878143,stimulus_Ins_HumanRights_2_page_6,988.7,194.1,1061.0
1878144,stimulus_Ins_HumanRights_2_page_6,989.5,193.4,1061.0
1878145,stimulus_Ins_HumanRights_2_page_6,991.4,192.7,1060.0
1878146,stimulus_Ins_HumanRights_2_page_6,994.9,192.2,1059.0
1878147,stimulus_Ins_HumanRights_2_page_6,998.5,192.0,1059.0
1878148,stimulus_Ins_HumanRights_2_page_6,1002.2,191.9,1059.0
1878149,stimulus_Ins_HumanRights_2_page_6,1004.2,191.7,1061.0
1878150,stimulus_Ins_HumanRights_2_page_6,1005.7,191.5,1062.0
1878151,stimulus_Ins_HumanRights_2_page_6,1008.6,191.5,1063.0
1878152,stimulus_Ins_HumanRights_2_page_6,1013.4,191.8,1062.0
1878153,stimulus_Ins_HumanRights_2_page_6,1019.9,192.0,1062.0
1878154,stimulus_Ins_HumanRights_2_page_6,1025.0,192.0,1059.0
1878155,stimulus_Ins_HumanRights_2_page_6,1029.8,191.6,1055.0
1878156,stimulus_Ins_HumanRights_2_page_6,1033.8,191.3,1051.0
1878157,stimulus_Ins_HumanRights_2_page_6,1038.3,191.4,1052.0
1878158,stimulus_Ins_HumanRights_2_page_6,1041.7,191.9,1054.0
1878159,stimulus_Ins_HumanRights_2_page_6,1044.7,192.6,1056.0
1878160,stimulus_Ins_HumanRights_2_page_6,1047.7,193.1,1056.0
1878161,stimulus_Ins_HumanRights_2_page_6,1052.4,193.8,1053.0
1878162,stimulus_Ins_HumanRights_2_page_6,1057.6,194.2,1051.0
1878163,stimulus_Ins_HumanRights_2_page_6,1062.5,194.2,1048.0
1878164,stimulus_Ins_HumanRights_2_page_6,1065.7,193.8,1048.0
1878165,stimulus_Ins_HumanRights_2_page_6,1067.7,194.0,1048.0
1878166,stimulus_Ins_HumanRights_2_page_6,1068.5,194.3,1047.0
1878167,stimulus_Ins_HumanRights_2_page_6,1069.6,194.5,1045.0
1878168,stimulus_Ins_HumanRights_2_page_6,1070.4,194.3,1042.0
1878169,stimulus_Ins_HumanRights_2_page_6,1071.3,194.0,1041.0
1878170,stimulus_Ins_HumanRights_2_page_6,1071.9,193.4,1041.0
1878171,stimulus_Ins_HumanRights_2_page_6,1072.9,192.6,1041.0
1878172,stimulus_Ins_HumanRights_2_page_6,1074.3,191.8,1041.0
1878173,stimulus_Ins_HumanRights_2_page_6,1075.2,191.7,1040.0
1878174,stimulus_Ins_HumanRights_2_page_6,1076.2,191.8,1041.0
1878175,stimulus_Ins_HumanRights_2_page_6,1077.5,191.9,1043.0
1878176,stimulus_Ins_HumanRights_2_page_6,1079.2,192.0,1045.0
1878177,stimulus_Ins_HumanRights_2_page_6,1080.5,192.1,1045.0
1878178,stimulus_Ins_HumanRights_2_page_6,1081.2,192.2,1045.0
1878179,stimulus_Ins_HumanRights_2_page_6,1081.7,193.1,1045.0
1878180,stimulus_Ins_HumanRights_2_page_6,1082.0,193.9,1045.0
1878181,stimulus_Ins_HumanRights_2_page_6,1082.2,194.2,1046.0
1878182,stimulus_Ins_HumanRights_2_page_6,1082.2,193.8,1046.0
1878183,stimulus_Ins_HumanRights_2_page_6,1082.3,193.3,1046.0
1878184,stimulus_Ins_HumanRights_2_page_6,1082.3,193.3,1045.0
1878185,stimulus_Ins_HumanRights_2_page_6,1082.3,193.2,1045.0
1878186,stimulus_Ins_HumanRights_2_page_6,1082.5,193.0,1044.0
1878187,stimulus_Ins_HumanRights_2_page_6,1082.6,192.7,1043.0
1878188,stimulus_Ins_HumanRights_2_page_6,1082.8,192.3,1042.0
1878189,stimulus_Ins_HumanRights_2_page_6,1082.7,192.1,1041.0
1878190,stimulus_Ins_HumanRights_2_page_6,1083.0,192.1,1042.0
1878191,stimulus_Ins_HumanRights_2_page_6,1083.4,192.0,1042.0
1878192,stimulus_Ins_HumanRights_2_page_6,1083.7,191.9,1042.0
1878193,stimulus_Ins_HumanRights_2_page_6,1083.6,191.9,1042.0
1878194,stimulus_Ins_HumanRights_2_page_6,1083.6,191.9,1040.0
1878195,stimulus_Ins_HumanRights_2_page_6,1083.6,191.9,1038.0
1878196,stimulus_Ins_HumanRights_2_page_6,1083.6,191.8,1037.0
1878197,stimulus_Ins_HumanRights_2_page_6,1083.5,191.7,1038.0
1878198,stimulus_Ins_HumanRights_2_page_6,1083.5,191.8,1039.0
1878199,stimulus_Ins_HumanRights_2_page_6,1083.8,191.9,1040.0
1878200,stimulus_Ins_HumanRights_2_page_6,1084.0,191.9,1040.0
1878201,stimulus_Ins_HumanRights_2_page_6,1084.2,191.9,1042.0
1878202,stimulus_Ins_HumanRights_2_page_6,1084.2,191.8,1043.0
1878203,stimulus_Ins_HumanRights_2_page_6,1084.1,191.8,1043.0
1878204,stimulus_Ins_HumanRights_2_page_6,1083.8,191.7,1043.0
1878205,stimulus_Ins_HumanRights_2_page_6,1083.6,191.7,1043.0
1878206,stimulus_Ins_HumanRights_2_page_6,1083.7,191.7,1041.0
1878207,stimulus_Ins_HumanRights_2_page_6,1083.9,191.8,1040.0
1878208,stimulus_Ins_HumanRights_2_page_6,1084.3,191.9,1038.0
1878209,stimulus_Ins_HumanRights_2_page_6,1084.5,192.2,1039.0
1878210,stimulus_Ins_HumanRights_2_page_6,1084.7,192.6,1040.0
1878211,stimulus_Ins_HumanRights_2_page_6,1084.8,192.1,1040.0
1878212,stimulus_Ins_HumanRights_2_page_6,1084.6,191.4,1041.0
1878213,stimulus_Ins_HumanRights_2_page_6,1084.4,190.8,1041.0
1878214,stimulus_Ins_HumanRights_2_page_6,1084.2,191.0,1041.0
1878215,stimulus_Ins_HumanRights_2_page_6,1084.3,191.2,1040.0
1878216,stimulus_Ins_HumanRights_2_page_6,1084.3,191.2,1038.0
1878217,stimulus_Ins_HumanRights_2_page_6,1084.3,191.1,1036.0
1878218,stimulus_Ins_HumanRights_2_page_6,1084.3,191.0,1036.0
1878219,stimulus_Ins_HumanRights_2_page_6,1084.4,190.9,1037.0
1878220,stimulus_Ins_HumanRights_2_page_6,1084.4,190.8,1037.0
1878221,stimulus_Ins_HumanRights_2_page_6,1084.6,190.6,1037.0
1878222,stimulus_Ins_HumanRights_2_page_6,1084.7,190.5,1036.0
1878223,stimulus_Ins_HumanRights_2_page_6,1084.8,190.4,1034.0
1878224,stimulus_Ins_HumanRights_2_page_6,1084.7,190.4,1033.0
1878225,stimulus_Ins_HumanRights_2_page_6,1084.6,190.3,1033.0
1878226,stimulus_Ins_HumanRights_2_page_6,1084.5,190.4,1034.0
1878227,stimulus_Ins_HumanRights_2_page_6,1084.5,190.5,1034.0
1878228,stimulus_Ins_HumanRights_2_page_6,1084.5,190.9,1037.0
1878229,stimulus_Ins_HumanRights_2_page_6,1084.5,191.1,1038.0
1878230,stimulus_Ins_HumanRights_2_page_6,1084.5,190.9,1039.0
1878231,stimulus_Ins_HumanRights_2_page_6,1084.6,190.4,1038.0
1878232,stimulus_Ins_HumanRights_2_page_6,1084.5,190.1,1038.0
1878233,stimulus_Ins_HumanRights_2_page_6,1084.4,190.3,1037.0
1878234,stimulus_Ins_HumanRights_2_page_6,1084.3,190.1,1035.0
1878235,stimulus_Ins_HumanRights_2_page_6,1084.0,189.7,1033.0
1878236,stimulus_Ins_HumanRights_2_page_6,1083.7,189.4,1034.0
1878237,stimulus_Ins_HumanRights_2_page_6,1083.5,189.7,1035.0
1878238,stimulus_Ins_HumanRights_2_page_6,1083.5,189.9,1036.0
1878239,stimulus_Ins_HumanRights_2_page_6,1083.5,189.9,1036.0
1878240,stimulus_Ins_HumanRights_2_page_6,1083.4,189.8,1035.0
1878241,stimulus_Ins_HumanRights_2_page_6,1083.4,190.3,1036.0
1878242,stimulus_Ins_HumanRights_2_page_6,1083.7,191.0,1036.0
1878243,stimulus_Ins_HumanRights_2_page_6,1084.0,191.6,1036.0
1878244,stimulus_Ins_HumanRights_2_page_6,1084.4,191.5,1037.0
1878245,stimulus_Ins_HumanRights_2_page_6,1084.3,191.1,1035.0
1878246,stimulus_Ins_HumanRights_2_page_6,1084.3,190.7,1033.0
1878247,stimulus_Ins_HumanRights_2_page_6,1084.1,190.9,1031.0
1878248,stimulus_Ins_HumanRights_2_page_6,1083.9,191.7,1031.0
1878249,stimulus_Ins_HumanRights_2_page_6,1083.7,192.5,1033.0
1878250,stimulus_Ins_HumanRights_2_page_6,1083.7,192.8,1035.0
1878251,stimulus_Ins_HumanRights_2_page_6,1083.6,193.3,1038.0
1878252,stimulus_Ins_HumanRights_2_page_6,1083.4,193.7,1037.0
1878253,stimulus_Ins_HumanRights_2_page_6,1083.2,194.0,1036.0
1878254,stimulus_Ins_HumanRights_2_page_6,1083.2,193.7,1036.0
1878255,stimulus_Ins_HumanRights_2_page_6,1083.2,193.3,1035.0
1878256,stimulus_Ins_HumanRights_2_page_6,1083.3,193.0,1035.0
1878257,stimulus_Ins_HumanRights_2_page_6,1083.5,192.8,1036.0
1878258,stimulus_Ins_HumanRights_2_page_6,1083.6,193.0,1036.0
1878259,stimulus_Ins_HumanRights_2_page_6,1083.8,193.1,1036.0
1878260,stimulus_Ins_HumanRights_2_page_6,1083.9,192.8,1035.0
1878261,stimulus_Ins_HumanRights_2_page_6,1084.0,192.6,1035.0
1878262,stimulus_Ins_HumanRights_2_page_6,1084.0,192.3,1035.0
1878263,stimulus_Ins_HumanRights_2_page_6,1083.8,192.8,1034.0
1878264,stimulus_Ins_HumanRights_2_page_6,1083.6,193.3,1033.0
1878265,stimulus_Ins_HumanRights_2_page_6,1083.4,193.9,1032.0
1878266,stimulus_Ins_HumanRights_2_page_6,1083.4,194.1,1032.0
1878267,stimulus_Ins_HumanRights_2_page_6,1083.4,194.3,1031.0
1878268,stimulus_Ins_HumanRights_2_page_6,1083.2,194.3,1030.0
1878269,stimulus_Ins_HumanRights_2_page_6,1083.2,193.9,1030.0
1878270,stimulus_Ins_HumanRights_2_page_6,1083.3,193.3,1030.0
1878271,stimulus_Ins_HumanRights_2_page_6,1083.5,192.6,1032.0
1878272,stimulus_Ins_HumanRights_2_page_6,1083.5,192.9,1034.0
1878273,stimulus_Ins_HumanRights_2_page_6,1083.6,193.3,1035.0
1878274,stimulus_Ins_HumanRights_2_page_6,1083.4,193.7,1035.0
1878275,stimulus_Ins_HumanRights_2_page_6,1083.4,193.5,1035.0
1878276,stimulus_Ins_HumanRights_2_page_6,1083.3,193.5,1035.0
1878277,stimulus_Ins_HumanRights_2_page_6,1083.5,193.3,1035.0
1878278,stimulus_Ins_HumanRights_2_page_6,1083.1,193.2,1034.0
1878279,stimulus_Ins_HumanRights_2_page_6,1082.7,193.4,1034.0
1878280,stimulus_Ins_HumanRights_2_page_6,1082.4,193.6,1034.0
1878281,stimulus_Ins_HumanRights_2_page_6,1082.5,193.8,1033.0
1878282,stimulus_Ins_HumanRights_2_page_6,1082.7,193.7,1032.0
1878283,stimulus_Ins_HumanRights_2_page_6,1082.8,193.6,1031.0
1878284,stimulus_Ins_HumanRights_2_page_6,1082.9,193.3,1030.0
1878285,stimulus_Ins_HumanRights_2_page_6,1083.4,193.0,1029.0
1878286,stimulus_Ins_HumanRights_2_page_6,1083.7,193.2,1029.0
1878287,stimulus_Ins_HumanRights_2_page_6,1083.9,194.2,1030.0
1878288,stimulus_Ins_HumanRights_2_page_6,1083.8,195.3,1030.0
1878289,stimulus_Ins_HumanRights_2_page_6,1083.8,195.1,1029.0
1878290,stimulus_Ins_HumanRights_2_page_6,1083.8,194.2,1027.0
1878291,stimulus_Ins_HumanRights_2_page_6,1083.8,193.6,1026.0
1878292,stimulus_Ins_HumanRights_2_page_6,1083.7,193.7,1028.0
1878293,stimulus_Ins_HumanRights_2_page_6,1083.7,193.8,1029.0
1878294,stimulus_Ins_HumanRights_2_page_6,1083.7,193.6,1030.0
1878295,stimulus_Ins_HumanRights_2_page_6,1083.7,193.4,1028.0
1878296,stimulus_Ins_HumanRights_2_page_6,1083.8,193.6,1027.0
1878297,stimulus_Ins_HumanRights_2_page_6,1084.0,194.0,1027.0
1878298,stimulus_Ins_HumanRights_2_page_6,1084.1,194.4,1027.0
1878299,stimulus_Ins_HumanRights_2_page_6,1084.0,194.5,1027.0
1878300,stimulus_Ins_HumanRights_2_page_6,1084.0,194.5,1027.0
1878301,stimulus_Ins_HumanRights_2_page_6,1084.0,194.6,1027.0
1878302,stimulus_Ins_HumanRights_2_page_6,1084.1,194.9,1026.0
1878303,stimulus_Ins_HumanRights_2_page_6,1084.1,195.2,1026.0
1878304,stimulus_Ins_HumanRights_2_page_6,1084.1,195.2,1026.0
1878305,stimulus_Ins_HumanRights_2_page_6,1084.1,194.9,1026.0
1878306,stimulus_Ins_HumanRights_2_page_6,1084.0,194.7,1026.0
1878307,stimulus_Ins_HumanRights_2_page_6,1084.0,194.6,1026.0
1878308,stimulus_Ins_HumanRights_2_page_6,1084.0,194.4,1027.0
1878309,stimulus_Ins_HumanRights_2_page_6,1084.1,194.2,1028.0
1878310,stimulus_Ins_HumanRights_2_page_6,1084.2,193.9,1029.0
1878311,stimulus_Ins_HumanRights_2_page_6,1084.3,193.7,1028.0
1878312,stimulus_Ins_HumanRights_2_page_6,1084.3,193.7,1028.0
1878313,stimulus_Ins_HumanRights_2_page_6,1084.2,193.9,1026.0
1878314,stimulus_Ins_HumanRights_2_page_6,1084.2,194.0,1024.0
1878315,stimulus_Ins_HumanRights_2_page_6,1084.2,194.0,1024.0
1878316,stimulus_Ins_HumanRights_2_page_6,1084.4,194.0,1025.0
1878317,stimulus_Ins_HumanRights_2_page_6,1084.4,194.2,1026.0
1878318,stimulus_Ins_HumanRights_2_page_6,1084.5,194.0,1026.0
1878319,stimulus_Ins_HumanRights_2_page_6,1084.5,193.7,1026.0
1878320,stimulus_Ins_HumanRights_2_page_6,1084.6,193.5,1027.0
1878321,stimulus_Ins_HumanRights_2_page_6,1084.5,193.6,1027.0
1878322,stimulus_Ins_HumanRights_2_page_6,1084.4,194.1,1025.0
1878323,stimulus_Ins_HumanRights_2_page_6,1084.3,194.6,1024.0
1878324,stimulus_Ins_HumanRights_2_page_6,1084.3,194.8,1023.0
1878325,stimulus_Ins_HumanRights_2_page_6,1084.3,194.7,1024.0
1878326,stimulus_Ins_HumanRights_2_page_6,1084.3,194.4,1024.0
1878327,stimulus_Ins_HumanRights_2_page_6,1084.4,194.1,1025.0
1878328,stimulus_Ins_HumanRights_2_page_6,1084.6,193.8,1025.0
1878329,stimulus_Ins_HumanRights_2_page_6,1084.7,193.8,1025.0
1878330,stimulus_Ins_HumanRights_2_page_6,1085.1,194.0,1025.0
1878331,stimulus_Ins_HumanRights_2_page_6,1085.4,194.2,1027.0
1878332,stimulus_Ins_HumanRights_2_page_6,1085.3,194.7,1028.0
1878333,stimulus_Ins_HumanRights_2_page_6,1084.9,194.9,1026.0
1878334,stimulus_Ins_HumanRights_2_page_6,1084.5,195.3,1023.0
1878335,stimulus_Ins_HumanRights_2_page_6,1084.4,195.5,1021.0
1878336,stimulus_Ins_HumanRights_2_page_6,1084.3,195.6,1021.0
1878337,stimulus_Ins_HumanRights_2_page_6,1084.3,195.9,1021.0
1878338,stimulus_Ins_HumanRights_2_page_6,1084.4,196.2,1023.0
1878339,stimulus_Ins_HumanRights_2_page_6,1084.5,196.5,1025.0
1878340,stimulus_Ins_HumanRights_2_page_6,1084.6,196.8,1025.0
1878341,stimulus_Ins_HumanRights_2_page_6,1084.7,197.1,1024.0
1878342,stimulus_Ins_HumanRights_2_page_6,1084.8,197.2,1023.0
1878343,stimulus_Ins_HumanRights_2_page_6,1084.9,197.1,1022.0
1878344,stimulus_Ins_HumanRights_2_page_6,1085.1,196.4,1022.0
1878345,stimulus_Ins_HumanRights_2_page_6,1085.3,195.7,1021.0
1878346,stimulus_Ins_HumanRights_2_page_6,1085.3,195.1,1021.0
1878347,stimulus_Ins_HumanRights_2_page_6,1085.2,195.1,1021.0
1878348,stimulus_Ins_HumanRights_2_page_6,1085.0,195.2,1021.0
1878349,stimulus_Ins_HumanRights_2_page_6,1085.0,194.9,1021.0
1878350,stimulus_Ins_HumanRights_2_page_6,1085.2,194.7,1021.0
1878351,stimulus_Ins_HumanRights_2_page_6,1085.3,194.6,1021.0
1878352,stimulus_Ins_HumanRights_2_page_6,1085.3,195.0,1021.0
1878353,stimulus_Ins_HumanRights_2_page_6,1085.3,195.1,1021.0
1878354,stimulus_Ins_HumanRights_2_page_6,1085.3,195.0,1021.0
1878355,stimulus_Ins_HumanRights_2_page_6,1085.3,194.8,1022.0
1878356,stimulus_Ins_HumanRights_2_page_6,1085.3,195.1,1022.0
1878357,stimulus_Ins_HumanRights_2_page_6,1085.3,195.5,1021.0
1878358,stimulus_Ins_HumanRights_2_page_6,1085.4,195.9,1021.0
1878359,stimulus_Ins_HumanRights_2_page_6,1085.5,196.5,1021.0
1878360,stimulus_Ins_HumanRights_2_page_6,1085.5,197.2,1021.0
1878361,stimulus_Ins_HumanRights_2_page_6,1085.8,197.2,1020.0
1878362,stimulus_Ins_HumanRights_2_page_6,1086.4,196.5,1020.0
1878363,stimulus_Ins_HumanRights_2_page_6,1087.4,195.5,1019.0
1878364,stimulus_Ins_HumanRights_2_page_6,1088.7,195.0,1019.0
1878365,stimulus_Ins_HumanRights_2_page_6,1090.6,194.2,1018.0
1878366,stimulus_Ins_HumanRights_2_page_6,1092.8,193.5,1017.0
1878367,stimulus_Ins_HumanRights_2_page_6,1095.2,192.8,1017.0
1878368,stimulus_Ins_HumanRights_2_page_6,1097.7,192.4,1018.0
1878369,stimulus_Ins_HumanRights_2_page_6,1099.8,192.0,1020.0
1878370,stimulus_Ins_HumanRights_2_page_6,1102.3,191.3,1020.0
1878371,stimulus_Ins_HumanRights_2_page_6,1104.4,190.6,1018.0
1878372,stimulus_Ins_HumanRights_2_page_6,1106.5,191.3,1017.0
1878373,stimulus_Ins_HumanRights_2_page_6,1108.3,192.4,1016.0
1878374,stimulus_Ins_HumanRights_2_page_6,1110.3,193.5,1016.0
1878375,stimulus_Ins_HumanRights_2_page_6,1112.1,193.5,1017.0
1878376,stimulus_Ins_HumanRights_2_page_6,1113.3,193.7,1017.0
1878377,stimulus_Ins_HumanRights_2_page_6,1114.7,193.6,1016.0
1878378,stimulus_Ins_HumanRights_2_page_6,1116.8,193.4,1015.0
1878379,stimulus_Ins_HumanRights_2_page_6,1119.5,193.5,1014.0
1878380,stimulus_Ins_HumanRights_2_page_6,1122.6,194.3,1013.0
1878381,stimulus_Ins_HumanRights_2_page_6,1125.0,195.1,1012.0
1878382,stimulus_Ins_HumanRights_2_page_6,1126.9,195.4,1012.0
1878383,stimulus_Ins_HumanRights_2_page_6,1128.6,195.4,1011.0
1878384,stimulus_Ins_HumanRights_2_page_6,1130.2,195.4,1011.0
1878385,stimulus_Ins_HumanRights_2_page_6,1131.4,195.2,1011.0
1878386,stimulus_Ins_HumanRights_2_page_6,1131.6,195.0,1012.0
1878387,stimulus_Ins_HumanRights_2_page_6,1131.9,194.9,1013.0
1878388,stimulus_Ins_HumanRights_2_page_6,1131.9,194.3,1014.0
1878389,stimulus_Ins_HumanRights_2_page_6,1131.9,193.0,1014.0
1878390,stimulus_Ins_HumanRights_2_page_6,1131.7,191.7,1015.0
1878391,stimulus_Ins_HumanRights_2_page_6,1131.7,191.1,1016.0
1878392,stimulus_Ins_HumanRights_2_page_6,1131.8,191.5,1016.0
1878393,stimulus_Ins_HumanRights_2_page_6,1132.0,191.8,1014.0
1878394,stimulus_Ins_HumanRights_2_page_6,1132.0,192.0,1013.0
1878395,stimulus_Ins_HumanRights_2_page_6,1131.9,192.0,1012.0
1878396,stimulus_Ins_HumanRights_2_page_6,1131.6,191.8,1011.0
1878397,stimulus_Ins_HumanRights_2_page_6,1131.5,191.7,1011.0
1878398,stimulus_Ins_HumanRights_2_page_6,1131.4,191.6,1013.0
1878399,stimulus_Ins_HumanRights_2_page_6,1131.3,191.6,1014.0
1878400,stimulus_Ins_HumanRights_2_page_6,1131.2,191.6,1014.0
1878401,stimulus_Ins_HumanRights_2_page_6,1131.1,191.8,1013.0
1878402,stimulus_Ins_HumanRights_2_page_6,1131.0,191.9,1012.0
1878403,stimulus_Ins_HumanRights_2_page_6,1131.0,191.9,1012.0
1878404,stimulus_Ins_HumanRights_2_page_6,1131.2,191.7,1012.0
1878405,stimulus_Ins_HumanRights_2_page_6,1131.5,191.4,1014.0
1878406,stimulus_Ins_HumanRights_2_page_6,1131.7,191.2,1015.0
1878407,stimulus_Ins_HumanRights_2_page_6,1131.8,190.9,1015.0
1878408,stimulus_Ins_HumanRights_2_page_6,1131.8,190.6,1015.0
1878409,stimulus_Ins_HumanRights_2_page_6,1131.8,190.1,1014.0
1878410,stimulus_Ins_HumanRights_2_page_6,1131.7,189.8,1012.0
1878411,stimulus_Ins_HumanRights_2_page_6,1131.7,189.5,1010.0
1878412,stimulus_Ins_HumanRights_2_page_6,1131.7,189.3,1011.0
1878413,stimulus_Ins_HumanRights_2_page_6,1131.8,188.9,1012.0
1878414,stimulus_Ins_HumanRights_2_page_6,1131.8,188.7,1013.0
1878415,stimulus_Ins_HumanRights_2_page_6,1131.8,188.4,1013.0
1878416,stimulus_Ins_HumanRights_2_page_6,1131.7,188.5,1012.0
1878417,stimulus_Ins_HumanRights_2_page_6,1131.7,188.8,1011.0
1878418,stimulus_Ins_HumanRights_2_page_6,1131.8,188.9,1011.0
1878419,stimulus_Ins_HumanRights_2_page_6,1131.8,188.8,1011.0
1878420,stimulus_Ins_HumanRights_2_page_6,1131.9,188.9,1011.0
1878421,stimulus_Ins_HumanRights_2_page_6,1132.0,189.2,1011.0
1878422,stimulus_Ins_HumanRights_2_page_6,1132.0,189.5,1011.0
1878423,stimulus_Ins_HumanRights_2_page_6,1131.9,189.5,1011.0
1878424,stimulus_Ins_HumanRights_2_page_6,1131.9,189.6,1011.0
1878425,stimulus_Ins_HumanRights_2_page_6,1132.0,189.7,1012.0
1878426,stimulus_Ins_HumanRights_2_page_6,1132.1,189.8,1012.0
1878427,stimulus_Ins_HumanRights_2_page_6,1132.2,189.5,1012.0
1878428,stimulus_Ins_HumanRights_2_page_6,1132.4,189.0,1011.0
1878429,stimulus_Ins_HumanRights_2_page_6,1132.6,188.5,1011.0
1878430,stimulus_Ins_HumanRights_2_page_6,1132.8,188.2,1010.0
1878431,stimulus_Ins_HumanRights_2_page_6,1132.8,188.2,1010.0
1878432,stimulus_Ins_HumanRights_2_page_6,1132.8,188.3,1009.0
1878433,stimulus_Ins_HumanRights_2_page_6,1132.8,188.3,1008.0
1878434,stimulus_Ins_HumanRights_2_page_6,1132.8,188.4,1009.0
1878435,stimulus_Ins_HumanRights_2_page_6,1132.7,188.9,1009.0
1878436,stimulus_Ins_HumanRights_2_page_6,1132.6,189.4,1010.0
1878437,stimulus_Ins_HumanRights_2_page_6,1132.6,190.2,1010.0
1878438,stimulus_Ins_HumanRights_2_page_6,1132.8,190.6,1011.0
1878439,stimulus_Ins_HumanRights_2_page_6,1133.2,190.9,1010.0
1878440,stimulus_Ins_HumanRights_2_page_6,1133.5,190.9,1010.0
1878441,stimulus_Ins_HumanRights_2_page_6,1133.7,190.8,1010.0
1878442,stimulus_Ins_HumanRights_2_page_6,1133.7,190.6,1010.0
1878443,stimulus_Ins_HumanRights_2_page_6,1133.7,190.7,1009.0
1878444,stimulus_Ins_HumanRights_2_page_6,1133.7,190.9,1010.0
1878445,stimulus_Ins_HumanRights_2_page_6,1133.7,191.1,1009.0
1878446,stimulus_Ins_HumanRights_2_page_6,1133.8,191.2,1008.0
1878447,stimulus_Ins_HumanRights_2_page_6,1133.9,191.0,1007.0
1878448,stimulus_Ins_HumanRights_2_page_6,1133.8,190.7,1007.0
1878449,stimulus_Ins_HumanRights_2_page_6,1133.7,190.8,1010.0
1878450,stimulus_Ins_HumanRights_2_page_6,1133.5,191.3,1012.0
1878451,stimulus_Ins_HumanRights_2_page_6,1133.4,192.0,1014.0
1878452,stimulus_Ins_HumanRights_2_page_6,1133.3,192.2,1014.0
1878453,stimulus_Ins_HumanRights_2_page_6,1133.3,192.2,1013.0
1878454,stimulus_Ins_HumanRights_2_page_6,1133.1,192.6,1012.0
1878455,stimulus_Ins_HumanRights_2_page_6,1132.8,193.0,1009.0
1878456,stimulus_Ins_HumanRights_2_page_6,1132.6,193.7,1007.0
1878457,stimulus_Ins_HumanRights_2_page_6,1132.5,193.9,1005.0
1878458,stimulus_Ins_HumanRights_2_page_6,1132.5,194.3,1006.0
1878459,stimulus_Ins_HumanRights_2_page_6,1132.5,194.5,1006.0
1878460,stimulus_Ins_HumanRights_2_page_6,1132.5,194.6,1006.0
1878461,stimulus_Ins_HumanRights_2_page_6,1132.4,194.6,1007.0
1878462,stimulus_Ins_HumanRights_2_page_6,1132.4,194.6,1007.0
1878463,stimulus_Ins_HumanRights_2_page_6,1132.2,194.8,1007.0
1878464,stimulus_Ins_HumanRights_2_page_6,1131.7,195.0,1006.0
1878465,stimulus_Ins_HumanRights_2_page_6,1131.2,195.2,1005.0
1878466,stimulus_Ins_HumanRights_2_page_6,1130.7,195.3,1004.0
1878467,stimulus_Ins_HumanRights_2_page_6,1130.5,195.9,1007.0
1878468,stimulus_Ins_HumanRights_2_page_6,1130.3,196.4,1010.0
1878469,stimulus_Ins_HumanRights_2_page_6,1130.3,196.3,1011.0
1878470,stimulus_Ins_HumanRights_2_page_6,1130.3,195.9,1011.0
1878471,stimulus_Ins_HumanRights_2_page_6,1130.4,195.4,1010.0
1878472,stimulus_Ins_HumanRights_2_page_6,1130.4,195.3,1009.0
1878473,stimulus_Ins_HumanRights_2_page_6,1130.6,195.0,1009.0
1878474,stimulus_Ins_HumanRights_2_page_6,1130.7,194.8,1008.0
1878475,stimulus_Ins_HumanRights_2_page_6,1130.4,195.3,1008.0
1878476,stimulus_Ins_HumanRights_2_page_6,1130.1,196.0,1008.0
1878477,stimulus_Ins_HumanRights_2_page_6,1129.9,196.6,1008.0
1878478,stimulus_Ins_HumanRights_2_page_6,1129.9,196.6,1008.0
1878479,stimulus_Ins_HumanRights_2_page_6,1129.9,196.4,1007.0
1878480,stimulus_Ins_HumanRights_2_page_6,1129.6,195.8,1007.0
1878481,stimulus_Ins_HumanRights_2_page_6,1129.4,195.3,1007.0
1878482,stimulus_Ins_HumanRights_2_page_6,1128.9,194.5,1007.0
1878483,stimulus_Ins_HumanRights_2_page_6,1128.8,194.2,1006.0
1878484,stimulus_Ins_HumanRights_2_page_6,1128.9,193.9,1008.0
1878485,stimulus_Ins_HumanRights_2_page_6,1129.1,194.3,1009.0
1878486,stimulus_Ins_HumanRights_2_page_6,1129.4,194.8,1011.0
1878487,stimulus_Ins_HumanRights_2_page_6,1129.4,195.3,1010.0
1878488,stimulus_Ins_HumanRights_2_page_6,1129.1,195.3,1010.0
1878489,stimulus_Ins_HumanRights_2_page_6,1128.7,195.1,1009.0
1878490,stimulus_Ins_HumanRights_2_page_6,1128.3,194.4,1009.0
1878491,stimulus_Ins_HumanRights_2_page_6,1128.4,193.8,1009.0
1878492,stimulus_Ins_HumanRights_2_page_6,1128.5,193.3,1009.0
1878493,stimulus_Ins_HumanRights_2_page_6,1128.6,193.3,1009.0
1878494,stimulus_Ins_HumanRights_2_page_6,1129.0,193.3,1009.0
1878495,stimulus_Ins_HumanRights_2_page_6,1129.3,193.3,1010.0
1878496,stimulus_Ins_HumanRights_2_page_6,1129.7,193.8,1010.0
1878497,stimulus_Ins_HumanRights_2_page_6,1129.8,194.3,1011.0
1878498,stimulus_Ins_HumanRights_2_page_6,1130.0,194.7,1011.0
1878499,stimulus_Ins_HumanRights_2_page_6,1129.6,194.8,1011.0
1878500,stimulus_Ins_HumanRights_2_page_6,1129.3,194.6,1011.0
1878501,stimulus_Ins_HumanRights_2_page_6,1128.9,194.3,1011.0
1878502,stimulus_Ins_HumanRights_2_page_6,1128.8,194.0,1011.0
1878503,stimulus_Ins_HumanRights_2_page_6,1129.2,193.7,1010.0
1878504,stimulus_Ins_HumanRights_2_page_6,1129.6,194.6,1008.0
1878505,stimulus_Ins_HumanRights_2_page_6,1129.9,195.6,1008.0
1878506,stimulus_Ins_HumanRights_2_page_6,1129.8,195.5,1007.0
1878507,stimulus_Ins_HumanRights_2_page_6,1129.7,194.5,1007.0
1878508,stimulus_Ins_HumanRights_2_page_6,1130.0,193.4,1006.0
1878509,stimulus_Ins_HumanRights_2_page_6,1130.1,193.3,1006.0
1878510,stimulus_Ins_HumanRights_2_page_6,1130.1,193.2,1007.0
1878511,stimulus_Ins_HumanRights_2_page_6,1129.7,193.0,1007.0
1878512,stimulus_Ins_HumanRights_2_page_6,1129.4,192.8,1007.0
1878513,stimulus_Ins_HumanRights_2_page_6,1129.3,192.8,1007.0
1878514,stimulus_Ins_HumanRights_2_page_6,1129.5,193.0,1007.0
1878515,stimulus_Ins_HumanRights_2_page_6,1129.7,193.3,1006.0
1878516,stimulus_Ins_HumanRights_2_page_6,1129.9,193.4,1006.0
1878517,stimulus_Ins_HumanRights_2_page_6,1130.1,193.6,1007.0
1878518,stimulus_Ins_HumanRights_2_page_6,1130.2,193.8,1009.0
1878519,stimulus_Ins_HumanRights_2_page_6,1130.3,194.0,1009.0
1878520,stimulus_Ins_HumanRights_2_page_6,1130.4,193.5,1009.0
1878521,stimulus_Ins_HumanRights_2_page_6,1130.4,192.9,1008.0
1878522,stimulus_Ins_HumanRights_2_page_6,1130.4,192.4,1008.0
1878523,stimulus_Ins_HumanRights_2_page_6,1130.7,192.4,1008.0
1878524,stimulus_Ins_HumanRights_2_page_6,1131.0,192.3,1009.0
1878525,stimulus_Ins_HumanRights_2_page_6,1131.6,192.3,1008.0
1878526,stimulus_Ins_HumanRights_2_page_6,1131.9,192.3,1008.0
1878527,stimulus_Ins_HumanRights_2_page_6,1132.1,191.9,1007.0
1878528,stimulus_Ins_HumanRights_2_page_6,1132.0,191.4,1006.0
1878529,stimulus_Ins_HumanRights_2_page_6,1132.1,191.1,1007.0
1878530,stimulus_Ins_HumanRights_2_page_6,1132.2,191.2,1008.0
1878531,stimulus_Ins_HumanRights_2_page_6,1132.4,191.2,1008.0
1878532,stimulus_Ins_HumanRights_2_page_6,1132.5,191.1,1007.0
1878533,stimulus_Ins_HumanRights_2_page_6,1132.4,191.0,1007.0
1878534,stimulus_Ins_HumanRights_2_page_6,1132.2,190.5,1007.0
1878535,stimulus_Ins_HumanRights_2_page_6,1132.2,190.0,1007.0
1878536,stimulus_Ins_HumanRights_2_page_6,1132.4,189.5,1007.0
1878537,stimulus_Ins_HumanRights_2_page_6,1132.6,189.5,1007.0
1878538,stimulus_Ins_HumanRights_2_page_6,1132.7,189.7,1008.0
1878539,stimulus_Ins_HumanRights_2_page_6,1132.8,189.8,1009.0
1878540,stimulus_Ins_HumanRights_2_page_6,1133.1,189.7,1010.0
1878541,stimulus_Ins_HumanRights_2_page_6,1133.4,189.8,1009.0
1878542,stimulus_Ins_HumanRights_2_page_6,1133.7,190.2,1009.0
1878543,stimulus_Ins_HumanRights_2_page_6,1133.6,190.9,1009.0
1878544,stimulus_Ins_HumanRights_2_page_6,1133.4,191.2,1009.0
1878545,stimulus_Ins_HumanRights_2_page_6,1132.9,191.6,1009.0
1878546,stimulus_Ins_HumanRights_2_page_6,1132.4,191.7,1009.0
1878547,stimulus_Ins_HumanRights_2_page_6,1131.9,190.9,1008.0
1878548,stimulus_Ins_HumanRights_2_page_6,1132.0,189.8,1008.0
1878549,stimulus_Ins_HumanRights_2_page_6,1131.9,188.7,1008.0
1878550,stimulus_Ins_HumanRights_2_page_6,1131.9,188.8,1008.0
1878551,stimulus_Ins_HumanRights_2_page_6,1131.8,189.0,1008.0
1878552,stimulus_Ins_HumanRights_2_page_6,1132.0,189.2,1009.0
1878553,stimulus_Ins_HumanRights_2_page_6,1132.0,189.1,1010.0
1878554,stimulus_Ins_HumanRights_2_page_6,1131.9,188.9,1010.0
1878555,stimulus_Ins_HumanRights_2_page_6,1131.7,188.7,1009.0
1878556,stimulus_Ins_HumanRights_2_page_6,1131.1,188.4,1009.0
1878557,stimulus_Ins_HumanRights_2_page_6,1130.8,187.9,1010.0
1878558,stimulus_Ins_HumanRights_2_page_6,1130.4,187.6,1010.0
1878559,stimulus_Ins_HumanRights_2_page_6,1130.3,187.7,1010.0
1878560,stimulus_Ins_HumanRights_2_page_6,1130.3,188.0,1010.0
1878561,stimulus_Ins_HumanRights_2_page_6,1130.4,188.3,1010.0
1878562,stimulus_Ins_HumanRights_2_page_6,1130.7,188.4,1010.0
1878563,stimulus_Ins_HumanRights_2_page_6,1130.9,188.5,1009.0
1878564,stimulus_Ins_HumanRights_2_page_6,1131.0,188.4,1007.0
1878565,stimulus_Ins_HumanRights_2_page_6,1131.0,188.3,1005.0
1878566,stimulus_Ins_HumanRights_2_page_6,1131.0,188.3,1006.0
1878567,stimulus_Ins_HumanRights_2_page_6,1130.9,188.1,1007.0
1878568,stimulus_Ins_HumanRights_2_page_6,1130.6,188.0,1007.0
1878569,stimulus_Ins_HumanRights_2_page_6,1130.3,187.9,1007.0
1878570,stimulus_Ins_HumanRights_2_page_6,1129.9,187.9,1008.0
1878571,stimulus_Ins_HumanRights_2_page_6,1129.9,188.0,1008.0
1878572,stimulus_Ins_HumanRights_2_page_6,1129.9,188.0,1008.0
1878573,stimulus_Ins_HumanRights_2_page_6,1130.0,188.0,1008.0
1878574,stimulus_Ins_HumanRights_2_page_6,1130.0,188.1,1007.0
1878575,stimulus_Ins_HumanRights_2_page_6,1130.1,188.2,1007.0
1878576,stimulus_Ins_HumanRights_2_page_6,1130.1,188.3,1007.0
1878577,stimulus_Ins_HumanRights_2_page_6,1130.3,188.3,1006.0
1878578,stimulus_Ins_HumanRights_2_page_6,1130.5,188.2,1007.0
1878579,stimulus_Ins_HumanRights_2_page_6,1130.6,188.0,1007.0
1878580,stimulus_Ins_HumanRights_2_page_6,1130.6,187.9,1008.0
1878581,stimulus_Ins_HumanRights_2_page_6,1130.6,187.7,1008.0
1878582,stimulus_Ins_HumanRights_2_page_6,1131.0,187.8,1010.0
1878583,stimulus_Ins_HumanRights_2_page_6,1131.2,188.3,1010.0
1878584,stimulus_Ins_HumanRights_2_page_6,1131.5,188.9,1010.0
1878585,stimulus_Ins_HumanRights_2_page_6,1131.6,189.4,1010.0
1878586,stimulus_Ins_HumanRights_2_page_6,1131.8,189.3,1009.0
1878587,stimulus_Ins_HumanRights_2_page_6,1132.1,189.3,1009.0
1878588,stimulus_Ins_HumanRights_2_page_6,1132.1,189.3,1009.0
1878589,stimulus_Ins_HumanRights_2_page_6,1132.1,189.4,1009.0
1878590,stimulus_Ins_HumanRights_2_page_6,1132.0,189.6,1009.0
1878591,stimulus_Ins_HumanRights_2_page_6,1131.8,189.7,1009.0
1878592,stimulus_Ins_HumanRights_2_page_6,1131.7,189.7,1008.0
1878593,stimulus_Ins_HumanRights_2_page_6,1131.7,189.5,1007.0
1878594,stimulus_Ins_HumanRights_2_page_6,1131.8,189.5,1006.0
1878595,stimulus_Ins_HumanRights_2_page_6,1131.9,189.8,1005.0
1878596,stimulus_Ins_HumanRights_2_page_6,1131.9,190.1,1007.0
1878597,stimulus_Ins_HumanRights_2_page_6,1131.8,190.3,1009.0
1878598,stimulus_Ins_HumanRights_2_page_6,1131.7,190.8,1011.0
1878599,stimulus_Ins_HumanRights_2_page_6,1131.7,191.2,1010.0
1878600,stimulus_Ins_HumanRights_2_page_6,1131.8,191.2,1008.0
1878601,stimulus_Ins_HumanRights_2_page_6,1131.6,190.7,1006.0
1878602,stimulus_Ins_HumanRights_2_page_6,1131.2,190.1,1005.0
1878603,stimulus_Ins_HumanRights_2_page_6,1130.9,190.0,1005.0
1878604,stimulus_Ins_HumanRights_2_page_6,1131.0,190.0,1005.0
1878605,stimulus_Ins_HumanRights_2_page_6,1130.7,190.0,1004.0
1878606,stimulus_Ins_HumanRights_2_page_6,1130.5,189.9,1004.0
1878607,stimulus_Ins_HumanRights_2_page_6,1130.4,189.8,1005.0
1878608,stimulus_Ins_HumanRights_2_page_6,1130.6,190.2,1006.0
1878609,stimulus_Ins_HumanRights_2_page_6,1130.3,190.7,1006.0
1878610,stimulus_Ins_HumanRights_2_page_6,1129.9,191.5,1005.0
1878611,stimulus_Ins_HumanRights_2_page_6,1129.5,192.1,1004.0
1878612,stimulus_Ins_HumanRights_2_page_6,1129.3,192.8,1005.0
1878613,stimulus_Ins_HumanRights_2_page_6,1128.8,193.5,1006.0
1878614,stimulus_Ins_HumanRights_2_page_6,1127.6,193.9,1007.0
1878615,stimulus_Ins_HumanRights_2_page_6,1126.7,193.2,1008.0
1878616,stimulus_Ins_HumanRights_2_page_6,1126.0,192.2,1009.0
1878617,stimulus_Ins_HumanRights_2_page_6,1125.3,191.3,1010.0
1878618,stimulus_Ins_HumanRights_2_page_6,1121.5,191.8,1009.0
1878619,stimulus_Ins_HumanRights_2_page_6,1115.6,192.4,1010.0
1878620,stimulus_Ins_HumanRights_2_page_6,1108.3,193.1,1012.0
1878621,stimulus_Ins_HumanRights_2_page_6,1101.7,194.0,1014.0
1878622,stimulus_Ins_HumanRights_2_page_6,1092.9,195.2,1015.0
1878623,stimulus_Ins_HumanRights_2_page_6,1083.0,195.6,1017.0
1878624,stimulus_Ins_HumanRights_2_page_6,1072.7,195.7,1020.0
1878625,stimulus_Ins_HumanRights_2_page_6,1061.6,195.2,1025.0
1878626,stimulus_Ins_HumanRights_2_page_6,1049.4,195.1,1029.0
1878627,stimulus_Ins_HumanRights_2_page_6,1036.9,194.8,1037.0
1878628,stimulus_Ins_HumanRights_2_page_6,1024.3,195.0,1043.0
1878629,stimulus_Ins_HumanRights_2_page_6,1012.7,195.2,1048.0
1878630,stimulus_Ins_HumanRights_2_page_6,999.7,195.6,1052.0
1878631,stimulus_Ins_HumanRights_2_page_6,985.4,196.2,1055.0
1878632,stimulus_Ins_HumanRights_2_page_6,971.8,197.3,1058.0
1878633,stimulus_Ins_HumanRights_2_page_6,958.0,198.6,1058.0
1878634,stimulus_Ins_HumanRights_2_page_6,946.0,199.7,1059.0
1878635,stimulus_Ins_HumanRights_2_page_6,932.4,200.8,1060.0
1878636,stimulus_Ins_HumanRights_2_page_6,917.9,201.8,1062.0
1878637,stimulus_Ins_HumanRights_2_page_6,904.6,202.6,1063.0
1878638,stimulus_Ins_HumanRights_2_page_6,890.7,203.0,1065.0
1878639,stimulus_Ins_HumanRights_2_page_6,877.6,203.1,1064.0
1878640,stimulus_Ins_HumanRights_2_page_6,864.9,203.2,1063.0
1878641,stimulus_Ins_HumanRights_2_page_6,851.9,203.4,1062.0
1878642,stimulus_Ins_HumanRights_2_page_6,838.1,203.8,1061.0
1878643,stimulus_Ins_HumanRights_2_page_6,825.3,204.2,1061.0
1878644,stimulus_Ins_HumanRights_2_page_6,813.4,205.0,1061.0
1878645,stimulus_Ins_HumanRights_2_page_6,801.5,205.9,1061.0
1878646,stimulus_Ins_HumanRights_2_page_6,790.5,206.7,1061.0
1878647,stimulus_Ins_HumanRights_2_page_6,778.5,207.6,1061.0
1878648,stimulus_Ins_HumanRights_2_page_6,768.1,208.3,1061.0
1878649,stimulus_Ins_HumanRights_2_page_6,757.0,209.0,1060.0
1878650,stimulus_Ins_HumanRights_2_page_6,746.3,209.6,1060.0
1878651,stimulus_Ins_HumanRights_2_page_6,736.0,210.3,1058.0
1878652,stimulus_Ins_HumanRights_2_page_6,724.9,212.1,1057.0
1878653,stimulus_Ins_HumanRights_2_page_6,714.5,213.8,1058.0
1878654,stimulus_Ins_HumanRights_2_page_6,702.7,215.6,1060.0
1878655,stimulus_Ins_HumanRights_2_page_6,690.8,216.2,1061.0
1878656,stimulus_Ins_HumanRights_2_page_6,679.0,217.0,1060.0
1878657,stimulus_Ins_HumanRights_2_page_6,667.1,218.2,1059.0
1878658,stimulus_Ins_HumanRights_2_page_6,654.8,219.6,1059.0
1878659,stimulus_Ins_HumanRights_2_page_6,642.2,222.4,1058.0
1878660,stimulus_Ins_HumanRights_2_page_6,631.7,225.0,1058.0
1878661,stimulus_Ins_HumanRights_2_page_6,620.4,227.5,1057.0
1878662,stimulus_Ins_HumanRights_2_page_6,610.8,228.5,1058.0
1878663,stimulus_Ins_HumanRights_2_page_6,600.3,230.1,1058.0
1878664,stimulus_Ins_HumanRights_2_page_6,590.4,231.3,1059.0
1878665,stimulus_Ins_HumanRights_2_page_6,578.6,232.6,1059.0
1878666,stimulus_Ins_HumanRights_2_page_6,569.0,233.5,1060.0
1878667,stimulus_Ins_HumanRights_2_page_6,558.5,234.4,1061.0
1878668,stimulus_Ins_HumanRights_2_page_6,548.8,235.3,1062.0
1878669,stimulus_Ins_HumanRights_2_page_6,537.4,235.6,1060.0
1878670,stimulus_Ins_HumanRights_2_page_6,527.8,236.1,1059.0
1878671,stimulus_Ins_HumanRights_2_page_6,516.6,237.3,1059.0
1878672,stimulus_Ins_HumanRights_2_page_6,507.2,238.4,1059.0
1878673,stimulus_Ins_HumanRights_2_page_6,497.0,239.2,1059.0
1878674,stimulus_Ins_HumanRights_2_page_6,488.0,239.7,1059.0
1878675,stimulus_Ins_HumanRights_2_page_6,476.3,240.3,1058.0
1878676,stimulus_Ins_HumanRights_2_page_6,466.6,241.2,1057.0
1878677,stimulus_Ins_HumanRights_2_page_6,456.8,241.5,1056.0
1878678,stimulus_Ins_HumanRights_2_page_6,446.9,241.9,1055.0
1878679,stimulus_Ins_HumanRights_2_page_6,435.3,242.8,1056.0
1878680,stimulus_Ins_HumanRights_2_page_6,425.5,243.7,1056.0
1878681,stimulus_Ins_HumanRights_2_page_6,415.6,245.3,1056.0
1878682,stimulus_Ins_HumanRights_2_page_6,405.6,246.1,1056.0
1878683,stimulus_Ins_HumanRights_2_page_6,394.6,246.9,1057.0
1878684,stimulus_Ins_HumanRights_2_page_6,385.1,247.6,1058.0
1878685,stimulus_Ins_HumanRights_2_page_6,375.0,248.7,1060.0
1878686,stimulus_Ins_HumanRights_2_page_6,365.0,250.5,1060.0
1878687,stimulus_Ins_HumanRights_2_page_6,356.1,252.9,1060.0
1878688,stimulus_Ins_HumanRights_2_page_6,348.0,255.0,1060.0
1878689,stimulus_Ins_HumanRights_2_page_6,339.0,256.6,1060.0
1878690,stimulus_Ins_HumanRights_2_page_6,329.6,257.2,1060.0
1878691,stimulus_Ins_HumanRights_2_page_6,321.0,258.3,1060.0
1878692,stimulus_Ins_HumanRights_2_page_6,313.8,259.9,1060.0
1878693,stimulus_Ins_HumanRights_2_page_6,306.5,261.3,1059.0
1878694,stimulus_Ins_HumanRights_2_page_6,298.2,262.4,1059.0
1878695,stimulus_Ins_HumanRights_2_page_6,290.2,263.8,1061.0
1878696,stimulus_Ins_HumanRights_2_page_6,283.5,265.2,1064.0
1878697,stimulus_Ins_HumanRights_2_page_6,277.5,266.8,1067.0
1878698,stimulus_Ins_HumanRights_2_page_6,271.1,267.3,1068.0
1878699,stimulus_Ins_HumanRights_2_page_6,264.1,267.8,1069.0
1878700,stimulus_Ins_HumanRights_2_page_6,257.0,268.7,1070.0
1878701,stimulus_Ins_HumanRights_2_page_6,250.4,269.7,1070.0
1878702,stimulus_Ins_HumanRights_2_page_6,244.9,270.3,1069.0
1878703,stimulus_Ins_HumanRights_2_page_6,241.1,270.2,1068.0
1878704,stimulus_Ins_HumanRights_2_page_6,237.0,270.2,1067.0
1878705,stimulus_Ins_HumanRights_2_page_6,232.2,270.4,1068.0
1878706,stimulus_Ins_HumanRights_2_page_6,226.2,270.6,1069.0
1878707,stimulus_Ins_HumanRights_2_page_6,221.1,270.4,1070.0
1878708,stimulus_Ins_HumanRights_2_page_6,216.1,270.6,1071.0
1878709,stimulus_Ins_HumanRights_2_page_6,213.0,271.4,1074.0
1878710,stimulus_Ins_HumanRights_2_page_6,211.2,272.3,1077.0
1878711,stimulus_Ins_HumanRights_2_page_6,210.4,273.3,1078.0
1878712,stimulus_Ins_HumanRights_2_page_6,209.9,274.1,1077.0
1878713,stimulus_Ins_HumanRights_2_page_6,209.4,275.0,1076.0
1878714,stimulus_Ins_HumanRights_2_page_6,209.3,275.6,1075.0
1878715,stimulus_Ins_HumanRights_2_page_6,209.3,275.7,1077.0
1878716,stimulus_Ins_HumanRights_2_page_6,209.4,276.2,1078.0
1878717,stimulus_Ins_HumanRights_2_page_6,209.4,276.4,1080.0
1878718,stimulus_Ins_HumanRights_2_page_6,209.4,277.0,1080.0
1878719,stimulus_Ins_HumanRights_2_page_6,209.5,277.6,1080.0
1878720,stimulus_Ins_HumanRights_2_page_6,209.7,278.1,1080.0
1878721,stimulus_Ins_HumanRights_2_page_6,210.1,278.4,1080.0
1878722,stimulus_Ins_HumanRights_2_page_6,210.6,278.5,1080.0
1878723,stimulus_Ins_HumanRights_2_page_6,211.1,279.0,1080.0
1878724,stimulus_Ins_HumanRights_2_page_6,211.9,279.4,1080.0
1878725,stimulus_Ins_HumanRights_2_page_6,212.8,279.8,1080.0
1878726,stimulus_Ins_HumanRights_2_page_6,213.7,279.8,1080.0
1878727,stimulus_Ins_HumanRights_2_page_6,214.1,279.9,1080.0
1878728,stimulus_Ins_HumanRights_2_page_6,214.6,280.1,1080.0
1878729,stimulus_Ins_HumanRights_2_page_6,214.9,280.5,1080.0
1878730,stimulus_Ins_HumanRights_2_page_6,215.3,280.7,1079.0
1878731,stimulus_Ins_HumanRights_2_page_6,215.2,280.8,1078.0
1878732,stimulus_Ins_HumanRights_2_page_6,215.2,281.0,1078.0
1878733,stimulus_Ins_HumanRights_2_page_6,215.1,281.2,1077.0
1878734,stimulus_Ins_HumanRights_2_page_6,215.2,281.4,1076.0
1878735,stimulus_Ins_HumanRights_2_page_6,215.3,281.3,1075.0
1878736,stimulus_Ins_HumanRights_2_page_6,215.0,281.1,1075.0
1878737,stimulus_Ins_HumanRights_2_page_6,214.5,281.0,1075.0
1878738,stimulus_Ins_HumanRights_2_page_6,214.5,281.0,1075.0
1878739,stimulus_Ins_HumanRights_2_page_6,215.1,280.8,1075.0
1878740,stimulus_Ins_HumanRights_2_page_6,215.6,280.5,1075.0
1878741,stimulus_Ins_HumanRights_2_page_6,215.6,280.4,1075.0
1878742,stimulus_Ins_HumanRights_2_page_6,215.5,280.5,1074.0
1878743,stimulus_Ins_HumanRights_2_page_6,215.8,280.7,1072.0
1878744,stimulus_Ins_HumanRights_2_page_6,216.2,280.9,1070.0
1878745,stimulus_Ins_HumanRights_2_page_6,216.6,281.0,1069.0
1878746,stimulus_Ins_HumanRights_2_page_6,216.9,281.1,1069.0
1878747,stimulus_Ins_HumanRights_2_page_6,217.0,281.1,1070.0
1878748,stimulus_Ins_HumanRights_2_page_6,217.2,281.0,1070.0
1878749,stimulus_Ins_HumanRights_2_page_6,217.4,280.9,1070.0
1878750,stimulus_Ins_HumanRights_2_page_6,217.4,280.7,1069.0
1878751,stimulus_Ins_HumanRights_2_page_6,217.5,280.6,1070.0
1878752,stimulus_Ins_HumanRights_2_page_6,217.5,280.6,1070.0
1878753,stimulus_Ins_HumanRights_2_page_6,217.5,280.6,1069.0
1878754,stimulus_Ins_HumanRights_2_page_6,217.5,280.7,1068.0
1878755,stimulus_Ins_HumanRights_2_page_6,217.5,280.5,1067.0
1878756,stimulus_Ins_HumanRights_2_page_6,217.4,280.4,1067.0
1878757,stimulus_Ins_HumanRights_2_page_6,217.4,280.2,1068.0
1878758,stimulus_Ins_HumanRights_2_page_6,217.3,280.1,1069.0
1878759,stimulus_Ins_HumanRights_2_page_6,217.2,280.0,1069.0
1878760,stimulus_Ins_HumanRights_2_page_6,217.6,280.0,1068.0
1878761,stimulus_Ins_HumanRights_2_page_6,218.0,279.9,1068.0
1878762,stimulus_Ins_HumanRights_2_page_6,218.4,279.7,1067.0
1878763,stimulus_Ins_HumanRights_2_page_6,218.4,279.7,1068.0
1878764,stimulus_Ins_HumanRights_2_page_6,218.5,279.8,1068.0
1878765,stimulus_Ins_HumanRights_2_page_6,218.6,279.9,1068.0
1878766,stimulus_Ins_HumanRights_2_page_6,219.1,279.9,1068.0
1878767,stimulus_Ins_HumanRights_2_page_6,219.5,279.6,1069.0
1878768,stimulus_Ins_HumanRights_2_page_6,219.9,279.2,1070.0
1878769,stimulus_Ins_HumanRights_2_page_6,219.8,278.9,1070.0
1878770,stimulus_Ins_HumanRights_2_page_6,219.8,279.0,1069.0
1878771,stimulus_Ins_HumanRights_2_page_6,219.7,279.1,1068.0
1878772,stimulus_Ins_HumanRights_2_page_6,220.0,279.1,1068.0
1878773,stimulus_Ins_HumanRights_2_page_6,220.4,279.0,1069.0
1878774,stimulus_Ins_HumanRights_2_page_6,220.8,278.9,1069.0
1878775,stimulus_Ins_HumanRights_2_page_6,220.8,278.9,1070.0
1878776,stimulus_Ins_HumanRights_2_page_6,220.6,278.8,1069.0
1878777,stimulus_Ins_HumanRights_2_page_6,220.5,278.7,1069.0
1878778,stimulus_Ins_HumanRights_2_page_6,220.7,278.7,1070.0
1878779,stimulus_Ins_HumanRights_2_page_6,220.9,278.6,1070.0
1878780,stimulus_Ins_HumanRights_2_page_6,221.3,278.3,1071.0
1878781,stimulus_Ins_HumanRights_2_page_6,221.8,278.1,1072.0
1878782,stimulus_Ins_HumanRights_2_page_6,222.3,277.9,1072.0
1878783,stimulus_Ins_HumanRights_2_page_6,222.7,278.3,1072.0
1878784,stimulus_Ins_HumanRights_2_page_6,222.7,278.5,1070.0
1878785,stimulus_Ins_HumanRights_2_page_6,222.7,278.6,1068.0
1878786,stimulus_Ins_HumanRights_2_page_6,222.7,278.6,1067.0
1878787,stimulus_Ins_HumanRights_2_page_6,222.7,278.3,1068.0
1878788,stimulus_Ins_HumanRights_2_page_6,222.9,278.0,1069.0
1878789,stimulus_Ins_HumanRights_2_page_6,223.1,278.0,1070.0
1878790,stimulus_Ins_HumanRights_2_page_6,223.3,278.3,1069.0
1878791,stimulus_Ins_HumanRights_2_page_6,223.3,278.4,1069.0
1878792,stimulus_Ins_HumanRights_2_page_6,223.3,278.2,1069.0
1878793,stimulus_Ins_HumanRights_2_page_6,223.3,278.1,1069.0
1878794,stimulus_Ins_HumanRights_2_page_6,223.2,278.2,1069.0
1878795,stimulus_Ins_HumanRights_2_page_6,223.0,278.3,1069.0
1878796,stimulus_Ins_HumanRights_2_page_6,223.0,278.2,1070.0
1878797,stimulus_Ins_HumanRights_2_page_6,223.4,278.1,1070.0
1878798,stimulus_Ins_HumanRights_2_page_6,223.7,278.1,1070.0
1878799,stimulus_Ins_HumanRights_2_page_6,224.5,278.1,1070.0
1878800,stimulus_Ins_HumanRights_2_page_6,225.2,278.2,1070.0
1878801,stimulus_Ins_HumanRights_2_page_6,225.9,278.4,1069.0
1878802,stimulus_Ins_HumanRights_2_page_6,226.2,278.1,1069.0
1878803,stimulus_Ins_HumanRights_2_page_6,225.6,277.7,1069.0
1878804,stimulus_Ins_HumanRights_2_page_6,224.3,277.4,1071.0
1878805,stimulus_Ins_HumanRights_2_page_6,221.8,277.5,1072.0
1878806,stimulus_Ins_HumanRights_2_page_6,217.8,277.5,1074.0
1878807,stimulus_Ins_HumanRights_2_page_6,212.9,277.3,1074.0
1878808,stimulus_Ins_HumanRights_2_page_6,207.9,276.4,1075.0
1878809,stimulus_Ins_HumanRights_2_page_6,202.7,275.0,1077.0
1878810,stimulus_Ins_HumanRights_2_page_6,197.5,273.7,1078.0
1878811,stimulus_Ins_HumanRights_2_page_6,191.9,272.9,1078.0
1878812,stimulus_Ins_HumanRights_2_page_6,186.4,272.3,1078.0
1878813,stimulus_Ins_HumanRights_2_page_6,180.7,271.3,1078.0
1878814,stimulus_Ins_HumanRights_2_page_6,174.8,270.1,1077.0
1878815,stimulus_Ins_HumanRights_2_page_6,169.7,269.3,1075.0
1878816,stimulus_Ins_HumanRights_2_page_6,165.3,268.9,1076.0
1878817,stimulus_Ins_HumanRights_2_page_6,162.0,268.6,1077.0
1878818,stimulus_Ins_HumanRights_2_page_6,159.7,268.3,1078.0
1878819,stimulus_Ins_HumanRights_2_page_6,159.0,268.4,1076.0
1878820,stimulus_Ins_HumanRights_2_page_6,158.4,268.5,1074.0
1878821,stimulus_Ins_HumanRights_2_page_6,158.0,269.4,1072.0
1878822,stimulus_Ins_HumanRights_2_page_6,157.5,270.4,1072.0
1878823,stimulus_Ins_HumanRights_2_page_6,157.5,271.7,1070.0
1878824,stimulus_Ins_HumanRights_2_page_6,157.4,272.7,1069.0
1878825,stimulus_Ins_HumanRights_2_page_6,157.3,274.3,1067.0
1878826,stimulus_Ins_HumanRights_2_page_6,157.0,275.8,1067.0
1878827,stimulus_Ins_HumanRights_2_page_6,156.8,276.9,1068.0
1878828,stimulus_Ins_HumanRights_2_page_6,156.6,277.1,1070.0
1878829,stimulus_Ins_HumanRights_2_page_6,156.7,277.1,1073.0
1878830,stimulus_Ins_HumanRights_2_page_6,156.7,277.1,1075.0
1878831,stimulus_Ins_HumanRights_2_page_6,156.6,277.2,1075.0
1878832,stimulus_Ins_HumanRights_2_page_6,156.5,277.2,1075.0
1878833,stimulus_Ins_HumanRights_2_page_6,156.7,277.3,1076.0
1878834,stimulus_Ins_HumanRights_2_page_6,156.9,277.5,1076.0
1878835,stimulus_Ins_HumanRights_2_page_6,157.0,277.8,1076.0
1878836,stimulus_Ins_HumanRights_2_page_6,156.9,278.4,1076.0
1878837,stimulus_Ins_HumanRights_2_page_6,156.9,278.9,1076.0
1878838,stimulus_Ins_HumanRights_2_page_6,156.9,279.1,1076.0
1878839,stimulus_Ins_HumanRights_2_page_6,156.9,279.0,1076.0
1878840,stimulus_Ins_HumanRights_2_page_6,157.0,278.6,1076.0
1878841,stimulus_Ins_HumanRights_2_page_6,157.0,278.3,1075.0
1878842,stimulus_Ins_HumanRights_2_page_6,156.8,278.0,1074.0
1878843,stimulus_Ins_HumanRights_2_page_6,156.6,277.8,1074.0
1878844,stimulus_Ins_HumanRights_2_page_6,156.6,277.6,1074.0
1878845,stimulus_Ins_HumanRights_2_page_6,156.3,277.5,1073.0
1878846,stimulus_Ins_HumanRights_2_page_6,156.0,277.5,1073.0
1878847,stimulus_Ins_HumanRights_2_page_6,156.0,277.5,1073.0
1878848,stimulus_Ins_HumanRights_2_page_6,156.3,277.5,1073.0
1878849,stimulus_Ins_HumanRights_2_page_6,156.4,277.9,1074.0
1878850,stimulus_Ins_HumanRights_2_page_6,156.2,278.3,1073.0
1878851,stimulus_Ins_HumanRights_2_page_6,156.0,278.8,1071.0
1878852,stimulus_Ins_HumanRights_2_page_6,156.0,278.9,1070.0
1878853,stimulus_Ins_HumanRights_2_page_6,155.8,279.0,1070.0
1878854,stimulus_Ins_HumanRights_2_page_6,155.6,278.9,1070.0
1878855,stimulus_Ins_HumanRights_2_page_6,155.2,278.6,1071.0
1878856,stimulus_Ins_HumanRights_2_page_6,155.0,278.1,1071.0
1878857,stimulus_Ins_HumanRights_2_page_6,154.8,277.7,1071.0
1878858,stimulus_Ins_HumanRights_2_page_6,154.9,277.7,1072.0
1878859,stimulus_Ins_HumanRights_2_page_6,155.0,278.0,1071.0
1878860,stimulus_Ins_HumanRights_2_page_6,155.1,278.3,1071.0
1878861,stimulus_Ins_HumanRights_2_page_6,155.0,278.5,1071.0
1878862,stimulus_Ins_HumanRights_2_page_6,154.7,278.5,1069.0
1878863,stimulus_Ins_HumanRights_2_page_6,154.4,278.5,1067.0
1878864,stimulus_Ins_HumanRights_2_page_6,154.2,278.6,1065.0
1878865,stimulus_Ins_HumanRights_2_page_6,154.2,278.6,1065.0
1878866,stimulus_Ins_HumanRights_2_page_6,154.3,278.6,1065.0
1878867,stimulus_Ins_HumanRights_2_page_6,154.3,278.7,1067.0
1878868,stimulus_Ins_HumanRights_2_page_6,154.0,278.7,1069.0
1878869,stimulus_Ins_HumanRights_2_page_6,153.8,278.8,1072.0
1878870,stimulus_Ins_HumanRights_2_page_6,153.6,278.7,1073.0
1878871,stimulus_Ins_HumanRights_2_page_6,153.9,278.7,1073.0
1878872,stimulus_Ins_HumanRights_2_page_6,154.2,278.6,1071.0
1878873,stimulus_Ins_HumanRights_2_page_6,154.4,278.5,1069.0
1878874,stimulus_Ins_HumanRights_2_page_6,154.5,278.3,1068.0
1878875,stimulus_Ins_HumanRights_2_page_6,154.5,278.1,1069.0
1878876,stimulus_Ins_HumanRights_2_page_6,154.5,278.0,1070.0
1878877,stimulus_Ins_HumanRights_2_page_6,154.4,278.1,1071.0
1878878,stimulus_Ins_HumanRights_2_page_6,154.4,278.3,1071.0
1878879,stimulus_Ins_HumanRights_2_page_6,154.4,278.1,1072.0
1878880,stimulus_Ins_HumanRights_2_page_6,154.4,277.8,1072.0
1878881,stimulus_Ins_HumanRights_2_page_6,154.7,277.6,1072.0
1878882,stimulus_Ins_HumanRights_2_page_6,155.0,277.7,1072.0
1878883,stimulus_Ins_HumanRights_2_page_6,155.2,277.9,1071.0
1878884,stimulus_Ins_HumanRights_2_page_6,155.2,278.0,1071.0
1878885,stimulus_Ins_HumanRights_2_page_6,155.2,278.0,1070.0
1878886,stimulus_Ins_HumanRights_2_page_6,155.2,277.9,1070.0
1878887,stimulus_Ins_HumanRights_2_page_6,155.2,277.9,1070.0
1878888,stimulus_Ins_HumanRights_2_page_6,155.1,277.8,1071.0
1878889,stimulus_Ins_HumanRights_2_page_6,154.9,277.6,1071.0
1878890,stimulus_Ins_HumanRights_2_page_6,154.7,277.7,1070.0
1878891,stimulus_Ins_HumanRights_2_page_6,154.4,278.0,1069.0
1878892,stimulus_Ins_HumanRights_2_page_6,154.3,278.1,1069.0
1878893,stimulus_Ins_HumanRights_2_page_6,154.2,278.0,1069.0
1878894,stimulus_Ins_HumanRights_2_page_6,154.4,277.9,1069.0
1878895,stimulus_Ins_HumanRights_2_page_6,154.6,278.0,1069.0
1878896,stimulus_Ins_HumanRights_2_page_6,154.8,278.0,1070.0
1878897,stimulus_Ins_HumanRights_2_page_6,154.8,278.1,1071.0
1878898,stimulus_Ins_HumanRights_2_page_6,154.8,278.2,1070.0
1878899,stimulus_Ins_HumanRights_2_page_6,154.9,278.4,1070.0
1878900,stimulus_Ins_HumanRights_2_page_6,155.0,278.5,1070.0
1878901,stimulus_Ins_HumanRights_2_page_6,155.1,278.6,1070.0
1878902,stimulus_Ins_HumanRights_2_page_6,154.9,278.6,1071.0
1878903,stimulus_Ins_HumanRights_2_page_6,154.6,278.8,1071.0
1878904,stimulus_Ins_HumanRights_2_page_6,154.3,279.0,1071.0
1878905,stimulus_Ins_HumanRights_2_page_6,154.2,279.2,1070.0
1878906,stimulus_Ins_HumanRights_2_page_6,154.3,278.9,1069.0
1878907,stimulus_Ins_HumanRights_2_page_6,154.4,278.5,1068.0
1878908,stimulus_Ins_HumanRights_2_page_6,154.5,278.2,1068.0
1878909,stimulus_Ins_HumanRights_2_page_6,154.6,278.5,1068.0
1878910,stimulus_Ins_HumanRights_2_page_6,154.6,278.9,1068.0
1878911,stimulus_Ins_HumanRights_2_page_6,154.6,279.1,1068.0
1878912,stimulus_Ins_HumanRights_2_page_6,154.6,278.8,1068.0
1878913,stimulus_Ins_HumanRights_2_page_6,154.7,278.5,1067.0
1878914,stimulus_Ins_HumanRights_2_page_6,154.8,278.5,1066.0
1878915,stimulus_Ins_HumanRights_2_page_6,155.0,278.6,1065.0
1878916,stimulus_Ins_HumanRights_2_page_6,155.2,278.9,1066.0
1878917,stimulus_Ins_HumanRights_2_page_6,155.2,279.1,1067.0
1878918,stimulus_Ins_HumanRights_2_page_6,155.3,279.0,1067.0
1878919,stimulus_Ins_HumanRights_2_page_6,155.3,278.8,1067.0
1878920,stimulus_Ins_HumanRights_2_page_6,155.3,278.6,1068.0
1878921,stimulus_Ins_HumanRights_2_page_6,155.1,279.0,1069.0
1878922,stimulus_Ins_HumanRights_2_page_6,155.0,279.3,1069.0
1878923,stimulus_Ins_HumanRights_2_page_6,154.9,279.6,1069.0
1878924,stimulus_Ins_HumanRights_2_page_6,154.9,279.5,1068.0
1878925,stimulus_Ins_HumanRights_2_page_6,154.8,279.3,1069.0
1878926,stimulus_Ins_HumanRights_2_page_6,154.7,279.1,1069.0
1878927,stimulus_Ins_HumanRights_2_page_6,154.6,278.7,1070.0
1878928,stimulus_Ins_HumanRights_2_page_6,154.8,278.4,1070.0
1878929,stimulus_Ins_HumanRights_2_page_6,155.0,278.2,1070.0
1878930,stimulus_Ins_HumanRights_2_page_6,155.2,278.1,1070.0
1878931,stimulus_Ins_HumanRights_2_page_6,155.3,278.1,1070.0
1878932,stimulus_Ins_HumanRights_2_page_6,155.2,278.1,1070.0
1878933,stimulus_Ins_HumanRights_2_page_6,155.0,278.1,1069.0
1878934,stimulus_Ins_HumanRights_2_page_6,154.9,278.3,1069.0
1878935,stimulus_Ins_HumanRights_2_page_6,155.0,278.6,1069.0
1878936,stimulus_Ins_HumanRights_2_page_6,155.1,278.8,1069.0
1878937,stimulus_Ins_HumanRights_2_page_6,155.3,278.9,1069.0
1878938,stimulus_Ins_HumanRights_2_page_6,155.4,278.9,1069.0
1878939,stimulus_Ins_HumanRights_2_page_6,155.6,278.9,1070.0
1878940,stimulus_Ins_HumanRights_2_page_6,155.6,278.8,1070.0
1878941,stimulus_Ins_HumanRights_2_page_6,155.6,278.7,1070.0
1878942,stimulus_Ins_HumanRights_2_page_6,155.6,278.7,1068.0
1878943,stimulus_Ins_HumanRights_2_page_6,155.6,278.8,1067.0
1878944,stimulus_Ins_HumanRights_2_page_6,155.5,279.1,1066.0
1878945,stimulus_Ins_HumanRights_2_page_6,155.5,279.3,1066.0
1878946,stimulus_Ins_HumanRights_2_page_6,155.6,279.5,1066.0
1878947,stimulus_Ins_HumanRights_2_page_6,155.7,279.4,1066.0
1878948,stimulus_Ins_HumanRights_2_page_6,155.7,279.1,1067.0
1878949,stimulus_Ins_HumanRights_2_page_6,155.8,278.8,1068.0
1878950,stimulus_Ins_HumanRights_2_page_6,155.7,278.8,1069.0
1878951,stimulus_Ins_HumanRights_2_page_6,155.5,279.0,1069.0
1878952,stimulus_Ins_HumanRights_2_page_6,155.4,279.3,1069.0
1878953,stimulus_Ins_HumanRights_2_page_6,155.4,279.3,1069.0
1878954,stimulus_Ins_HumanRights_2_page_6,155.5,279.3,1069.0
1878955,stimulus_Ins_HumanRights_2_page_6,155.6,279.4,1068.0
1878956,stimulus_Ins_HumanRights_2_page_6,155.5,279.4,1068.0
1878957,stimulus_Ins_HumanRights_2_page_6,155.3,279.5,1067.0
1878958,stimulus_Ins_HumanRights_2_page_6,155.1,279.7,1067.0
1878959,stimulus_Ins_HumanRights_2_page_6,155.2,279.8,1068.0
1878960,stimulus_Ins_HumanRights_2_page_6,155.3,279.8,1068.0
1878961,stimulus_Ins_HumanRights_2_page_6,155.4,279.9,1068.0
1878962,stimulus_Ins_HumanRights_2_page_6,155.6,280.1,1069.0
1878963,stimulus_Ins_HumanRights_2_page_6,155.7,280.2,1068.0
1878964,stimulus_Ins_HumanRights_2_page_6,155.7,280.2,1067.0
1878965,stimulus_Ins_HumanRights_2_page_6,155.7,280.1,1067.0
1878966,stimulus_Ins_HumanRights_2_page_6,155.6,280.0,1069.0
1878967,stimulus_Ins_HumanRights_2_page_6,155.4,280.3,1070.0
1878968,stimulus_Ins_HumanRights_2_page_6,155.2,280.6,1070.0
1878969,stimulus_Ins_HumanRights_2_page_6,155.2,280.9,1070.0
1878970,stimulus_Ins_HumanRights_2_page_6,155.0,281.0,1068.0
1878971,stimulus_Ins_HumanRights_2_page_6,154.8,281.1,1067.0
1878972,stimulus_Ins_HumanRights_2_page_6,154.8,281.1,1066.0
1878973,stimulus_Ins_HumanRights_2_page_6,155.0,280.8,1066.0
1878974,stimulus_Ins_HumanRights_2_page_6,155.2,280.5,1066.0
1878975,stimulus_Ins_HumanRights_2_page_6,155.3,280.1,1066.0
1878976,stimulus_Ins_HumanRights_2_page_6,155.3,280.1,1066.0
1878977,stimulus_Ins_HumanRights_2_page_6,155.4,280.2,1066.0
1878978,stimulus_Ins_HumanRights_2_page_6,155.2,280.3,1068.0
1878979,stimulus_Ins_HumanRights_2_page_6,154.8,280.4,1069.0
1878980,stimulus_Ins_HumanRights_2_page_6,154.4,280.4,1070.0
1878981,stimulus_Ins_HumanRights_2_page_6,154.2,280.6,1070.0
1878982,stimulus_Ins_HumanRights_2_page_6,154.6,280.8,1070.0
1878983,stimulus_Ins_HumanRights_2_page_6,155.1,280.9,1069.0
1878984,stimulus_Ins_HumanRights_2_page_6,155.7,281.0,1069.0
1878985,stimulus_Ins_HumanRights_2_page_6,155.8,281.1,1069.0
1878986,stimulus_Ins_HumanRights_2_page_6,155.8,281.3,1069.0
1878987,stimulus_Ins_HumanRights_2_page_6,156.0,281.4,1069.0
1878988,stimulus_Ins_HumanRights_2_page_6,156.3,281.6,1068.0
1878989,stimulus_Ins_HumanRights_2_page_6,156.5,281.5,1068.0
1878990,stimulus_Ins_HumanRights_2_page_6,156.4,281.4,1068.0
1878991,stimulus_Ins_HumanRights_2_page_6,156.4,281.2,1069.0
1878992,stimulus_Ins_HumanRights_2_page_6,156.3,281.3,1069.0
1878993,stimulus_Ins_HumanRights_2_page_6,156.3,281.4,1068.0
1878994,stimulus_Ins_HumanRights_2_page_6,156.2,281.7,1067.0
1878995,stimulus_Ins_HumanRights_2_page_6,156.2,281.8,1067.0
1878996,stimulus_Ins_HumanRights_2_page_6,156.3,282.0,1067.0
1878997,stimulus_Ins_HumanRights_2_page_6,156.4,282.1,1068.0
1878998,stimulus_Ins_HumanRights_2_page_6,156.6,282.4,1069.0
1878999,stimulus_Ins_HumanRights_2_page_6,156.5,282.6,1069.0
1879000,stimulus_Ins_HumanRights_2_page_6,156.5,282.6,1069.0
1879001,stimulus_Ins_HumanRights_2_page_6,156.7,282.5,1068.0
1879002,stimulus_Ins_HumanRights_2_page_6,157.0,282.5,1067.0
1879003,stimulus_Ins_HumanRights_2_page_6,157.2,282.4,1066.0
1879004,stimulus_Ins_HumanRights_2_page_6,157.2,282.4,1067.0
1879005,stimulus_Ins_HumanRights_2_page_6,157.0,282.6,1068.0
1879006,stimulus_Ins_HumanRights_2_page_6,156.8,282.9,1069.0
1879007,stimulus_Ins_HumanRights_2_page_6,156.8,283.1,1069.0
1879008,stimulus_Ins_HumanRights_2_page_6,157.0,283.0,1069.0
1879009,stimulus_Ins_HumanRights_2_page_6,157.2,282.8,1068.0
1879010,stimulus_Ins_HumanRights_2_page_6,157.1,282.6,1068.0
1879011,stimulus_Ins_HumanRights_2_page_6,157.1,282.6,1067.0
1879012,stimulus_Ins_HumanRights_2_page_6,157.2,282.6,1066.0
1879013,stimulus_Ins_HumanRights_2_page_6,157.2,283.1,1066.0
1879014,stimulus_Ins_HumanRights_2_page_6,157.2,283.5,1066.0
1879015,stimulus_Ins_HumanRights_2_page_6,157.1,283.8,1066.0
1879016,stimulus_Ins_HumanRights_2_page_6,157.0,283.8,1065.0
1879017,stimulus_Ins_HumanRights_2_page_6,157.0,283.7,1066.0
1879018,stimulus_Ins_HumanRights_2_page_6,157.0,283.7,1066.0
1879019,stimulus_Ins_HumanRights_2_page_6,157.1,283.6,1067.0
1879020,stimulus_Ins_HumanRights_2_page_6,157.0,283.4,1067.0
1879021,stimulus_Ins_HumanRights_2_page_6,157.1,283.4,1067.0
1879022,stimulus_Ins_HumanRights_2_page_6,157.2,283.2,1067.0
1879023,stimulus_Ins_HumanRights_2_page_6,157.1,283.0,1066.0
1879024,stimulus_Ins_HumanRights_2_page_6,157.1,282.8,1066.0
1879025,stimulus_Ins_HumanRights_2_page_6,156.9,282.9,1065.0
1879026,stimulus_Ins_HumanRights_2_page_6,156.8,283.1,1065.0
1879027,stimulus_Ins_HumanRights_2_page_6,156.8,283.3,1065.0
1879028,stimulus_Ins_HumanRights_2_page_6,156.9,283.5,1065.0
1879029,stimulus_Ins_HumanRights_2_page_6,157.1,283.6,1066.0
1879030,stimulus_Ins_HumanRights_2_page_6,157.2,283.5,1067.0
1879031,stimulus_Ins_HumanRights_2_page_6,157.3,283.3,1068.0
1879032,stimulus_Ins_HumanRights_2_page_6,157.3,283.0,1068.0
1879033,stimulus_Ins_HumanRights_2_page_6,157.3,283.0,1068.0
1879034,stimulus_Ins_HumanRights_2_page_6,157.3,282.9,1068.0
1879035,stimulus_Ins_HumanRights_2_page_6,157.2,282.7,1067.0
1879036,stimulus_Ins_HumanRights_2_page_6,157.0,282.6,1067.0
1879037,stimulus_Ins_HumanRights_2_page_6,156.7,282.4,1067.0
1879038,stimulus_Ins_HumanRights_2_page_6,156.2,282.3,1068.0
1879039,stimulus_Ins_HumanRights_2_page_6,155.9,282.2,1068.0
1879040,stimulus_Ins_HumanRights_2_page_6,155.9,282.2,1068.0
1879041,stimulus_Ins_HumanRights_2_page_6,156.2,282.2,1068.0
1879042,stimulus_Ins_HumanRights_2_page_6,156.7,282.3,1068.0
1879043,stimulus_Ins_HumanRights_2_page_6,156.7,282.3,1068.0
1879044,stimulus_Ins_HumanRights_2_page_6,156.7,282.3,1067.0
1879045,stimulus_Ins_HumanRights_2_page_6,156.7,282.4,1066.0
1879046,stimulus_Ins_HumanRights_2_page_6,156.6,282.4,1066.0
1879047,stimulus_Ins_HumanRights_2_page_6,156.4,282.3,1066.0
1879048,stimulus_Ins_HumanRights_2_page_6,156.1,282.2,1067.0
1879049,stimulus_Ins_HumanRights_2_page_6,155.9,282.2,1069.0
1879050,stimulus_Ins_HumanRights_2_page_6,155.8,282.3,1069.0
1879051,stimulus_Ins_HumanRights_2_page_6,155.7,282.5,1067.0
1879052,stimulus_Ins_HumanRights_2_page_6,155.6,282.3,1066.0
1879053,stimulus_Ins_HumanRights_2_page_6,155.5,282.0,1066.0
1879054,stimulus_Ins_HumanRights_2_page_6,155.5,281.4,1066.0
1879055,stimulus_Ins_HumanRights_2_page_6,155.2,281.1,1066.0
1879056,stimulus_Ins_HumanRights_2_page_6,155.1,281.0,1067.0
1879057,stimulus_Ins_HumanRights_2_page_6,154.9,281.2,1067.0
1879058,stimulus_Ins_HumanRights_2_page_6,154.9,281.4,1068.0
1879059,stimulus_Ins_HumanRights_2_page_6,154.9,281.4,1068.0
1879060,stimulus_Ins_HumanRights_2_page_6,154.8,281.5,1067.0
1879061,stimulus_Ins_HumanRights_2_page_6,154.8,281.9,1067.0
1879062,stimulus_Ins_HumanRights_2_page_6,154.8,282.2,1066.0
1879063,stimulus_Ins_HumanRights_2_page_6,154.8,282.4,1067.0
1879064,stimulus_Ins_HumanRights_2_page_6,154.8,282.0,1067.0
1879065,stimulus_Ins_HumanRights_2_page_6,154.9,281.6,1067.0
1879066,stimulus_Ins_HumanRights_2_page_6,154.9,281.2,1067.0
1879067,stimulus_Ins_HumanRights_2_page_6,154.9,281.1,1068.0
1879068,stimulus_Ins_HumanRights_2_page_6,154.9,280.9,1069.0
1879069,stimulus_Ins_HumanRights_2_page_6,154.9,280.7,1069.0
1879070,stimulus_Ins_HumanRights_2_page_6,154.9,280.6,1068.0
1879071,stimulus_Ins_HumanRights_2_page_6,154.9,280.6,1067.0
1879072,stimulus_Ins_HumanRights_2_page_6,154.7,280.5,1067.0
1879073,stimulus_Ins_HumanRights_2_page_6,154.4,280.7,1067.0
1879074,stimulus_Ins_HumanRights_2_page_6,154.1,280.8,1067.0
1879075,stimulus_Ins_HumanRights_2_page_6,154.1,281.0,1067.0
1879076,stimulus_Ins_HumanRights_2_page_6,154.1,281.0,1067.0
1879077,stimulus_Ins_HumanRights_2_page_6,154.1,281.1,1067.0
1879078,stimulus_Ins_HumanRights_2_page_6,154.2,281.1,1067.0
1879079,stimulus_Ins_HumanRights_2_page_6,154.3,280.7,1068.0
1879080,stimulus_Ins_HumanRights_2_page_6,154.4,280.2,1069.0
1879081,stimulus_Ins_HumanRights_2_page_6,154.4,279.9,1068.0
1879082,stimulus_Ins_HumanRights_2_page_6,154.3,280.1,1067.0
1879083,stimulus_Ins_HumanRights_2_page_6,154.2,280.3,1066.0
1879084,stimulus_Ins_HumanRights_2_page_6,154.1,280.5,1066.0
1879085,stimulus_Ins_HumanRights_2_page_6,154.3,280.5,1066.0
1879086,stimulus_Ins_HumanRights_2_page_6,154.4,280.6,1066.0
1879087,stimulus_Ins_HumanRights_2_page_6,154.3,280.7,1065.0
1879088,stimulus_Ins_HumanRights_2_page_6,154.0,280.9,1066.0
1879089,stimulus_Ins_HumanRights_2_page_6,153.7,281.0,1066.0
1879090,stimulus_Ins_HumanRights_2_page_6,153.7,281.0,1067.0
1879091,stimulus_Ins_HumanRights_2_page_6,154.1,280.9,1067.0
1879092,stimulus_Ins_HumanRights_2_page_6,154.4,280.9,1067.0
1879093,stimulus_Ins_HumanRights_2_page_6,154.7,280.9,1067.0
1879094,stimulus_Ins_HumanRights_2_page_6,154.7,281.0,1066.0
1879095,stimulus_Ins_HumanRights_2_page_6,154.7,280.9,1066.0
1879096,stimulus_Ins_HumanRights_2_page_6,154.7,280.6,1065.0
1879097,stimulus_Ins_HumanRights_2_page_6,154.7,280.4,1065.0
1879098,stimulus_Ins_HumanRights_2_page_6,154.7,280.4,1065.0
1879099,stimulus_Ins_HumanRights_2_page_6,154.7,280.5,1066.0
1879100,stimulus_Ins_HumanRights_2_page_6,154.6,280.9,1067.0
1879101,stimulus_Ins_HumanRights_2_page_6,154.4,281.1,1068.0
1879102,stimulus_Ins_HumanRights_2_page_6,154.2,281.3,1067.0
1879103,stimulus_Ins_HumanRights_2_page_6,154.5,281.3,1066.0
1879104,stimulus_Ins_HumanRights_2_page_6,154.9,281.3,1065.0
1879105,stimulus_Ins_HumanRights_2_page_6,155.4,281.3,1065.0
1879106,stimulus_Ins_HumanRights_2_page_6,155.5,281.6,1065.0
1879107,stimulus_Ins_HumanRights_2_page_6,155.5,281.9,1065.0
1879108,stimulus_Ins_HumanRights_2_page_6,155.4,282.2,1065.0
1879109,stimulus_Ins_HumanRights_2_page_6,155.4,282.1,1065.0
1879110,stimulus_Ins_HumanRights_2_page_6,155.4,282.1,1065.0
1879111,stimulus_Ins_HumanRights_2_page_6,155.4,282.0,1066.0
1879112,stimulus_Ins_HumanRights_2_page_6,155.5,281.9,1066.0
1879113,stimulus_Ins_HumanRights_2_page_6,155.9,282.0,1066.0
1879114,stimulus_Ins_HumanRights_2_page_6,156.2,282.2,1066.0
1879115,stimulus_Ins_HumanRights_2_page_6,156.5,282.7,1066.0
1879116,stimulus_Ins_HumanRights_2_page_6,156.4,283.0,1066.0
1879117,stimulus_Ins_HumanRights_2_page_6,156.4,283.2,1066.0
1879118,stimulus_Ins_HumanRights_2_page_6,156.4,283.3,1066.0
1879119,stimulus_Ins_HumanRights_2_page_6,156.4,283.3,1067.0
1879120,stimulus_Ins_HumanRights_2_page_6,156.6,283.3,1066.0
1879121,stimulus_Ins_HumanRights_2_page_6,156.9,283.3,1065.0
1879122,stimulus_Ins_HumanRights_2_page_6,157.4,283.4,1064.0
1879123,stimulus_Ins_HumanRights_2_page_6,157.6,283.9,1064.0
1879124,stimulus_Ins_HumanRights_2_page_6,157.8,284.4,1063.0
1879125,stimulus_Ins_HumanRights_2_page_6,158.0,284.8,1063.0
1879126,stimulus_Ins_HumanRights_2_page_6,158.2,284.9,1062.0
1879127,stimulus_Ins_HumanRights_2_page_6,158.4,284.8,1060.0
1879128,stimulus_Ins_HumanRights_2_page_6,158.4,284.7,1060.0
1879129,stimulus_Ins_HumanRights_2_page_6,158.6,284.6,1060.0
1879130,stimulus_Ins_HumanRights_2_page_6,158.8,284.8,1060.0
1879131,stimulus_Ins_HumanRights_2_page_6,159.1,284.9,1061.0
1879132,stimulus_Ins_HumanRights_2_page_6,159.1,285.0,1061.0
1879133,stimulus_Ins_HumanRights_2_page_6,159.1,284.9,1062.0
1879134,stimulus_Ins_HumanRights_2_page_6,159.0,285.1,1062.0
1879135,stimulus_Ins_HumanRights_2_page_6,158.8,285.4,1063.0
1879136,stimulus_Ins_HumanRights_2_page_6,158.7,285.7,1063.0
1879137,stimulus_Ins_HumanRights_2_page_6,158.6,285.9,1063.0
1879138,stimulus_Ins_HumanRights_2_page_6,158.5,286.2,1064.0
1879139,stimulus_Ins_HumanRights_2_page_6,158.6,286.6,1063.0
1879140,stimulus_Ins_HumanRights_2_page_6,158.7,286.7,1062.0
1879141,stimulus_Ins_HumanRights_2_page_6,158.7,286.4,1060.0
1879142,stimulus_Ins_HumanRights_2_page_6,158.6,286.0,1059.0
1879143,stimulus_Ins_HumanRights_2_page_6,158.5,286.0,1059.0
1879144,stimulus_Ins_HumanRights_2_page_6,158.5,286.3,1059.0
1879145,stimulus_Ins_HumanRights_2_page_6,158.5,286.4,1058.0
1879146,stimulus_Ins_HumanRights_2_page_6,158.3,286.1,1058.0
1879147,stimulus_Ins_HumanRights_2_page_6,158.1,285.7,1058.0
1879148,stimulus_Ins_HumanRights_2_page_6,157.9,285.6,1058.0
1879149,stimulus_Ins_HumanRights_2_page_6,157.8,285.6,1059.0
1879150,stimulus_Ins_HumanRights_2_page_6,157.7,285.7,1059.0
1879151,stimulus_Ins_HumanRights_2_page_6,157.6,285.7,1058.0
1879152,stimulus_Ins_HumanRights_2_page_6,157.4,285.8,1058.0
1879153,stimulus_Ins_HumanRights_2_page_6,157.3,285.7,1057.0
1879154,stimulus_Ins_HumanRights_2_page_6,157.2,285.8,1056.0
1879155,stimulus_Ins_HumanRights_2_page_6,157.1,285.9,1055.0
1879156,stimulus_Ins_HumanRights_2_page_6,157.1,285.8,1054.0
1879157,stimulus_Ins_HumanRights_2_page_6,157.2,285.5,1056.0
1879158,stimulus_Ins_HumanRights_2_page_6,157.4,285.2,1058.0
1879159,stimulus_Ins_HumanRights_2_page_6,157.9,285.1,1061.0
1879160,stimulus_Ins_HumanRights_2_page_6,158.3,284.8,1061.0
1879161,stimulus_Ins_HumanRights_2_page_6,158.6,284.5,1062.0
1879162,stimulus_Ins_HumanRights_2_page_6,159.0,283.9,1062.0
1879163,stimulus_Ins_HumanRights_2_page_6,160.3,283.6,1061.0
1879164,stimulus_Ins_HumanRights_2_page_6,163.3,283.2,1059.0
1879165,stimulus_Ins_HumanRights_2_page_6,167.9,282.9,1059.0
1879166,stimulus_Ins_HumanRights_2_page_6,174.0,282.2,1061.0
1879167,stimulus_Ins_HumanRights_2_page_6,179.1,281.7,1062.0
1879168,stimulus_Ins_HumanRights_2_page_6,184.3,280.9,1062.0
1879169,stimulus_Ins_HumanRights_2_page_6,188.4,280.3,1063.0
1879170,stimulus_Ins_HumanRights_2_page_6,193.0,279.2,1063.0
1879171,stimulus_Ins_HumanRights_2_page_6,196.4,278.7,1063.0
1879172,stimulus_Ins_HumanRights_2_page_6,200.6,278.4,1063.0
1879173,stimulus_Ins_HumanRights_2_page_6,205.3,278.5,1063.0
1879174,stimulus_Ins_HumanRights_2_page_6,211.1,278.7,1064.0
1879175,stimulus_Ins_HumanRights_2_page_6,216.5,278.8,1066.0
1879176,stimulus_Ins_HumanRights_2_page_6,221.1,279.0,1067.0
1879177,stimulus_Ins_HumanRights_2_page_6,224.0,279.3,1068.0
1879178,stimulus_Ins_HumanRights_2_page_6,225.4,279.7,1067.0
1879179,stimulus_Ins_HumanRights_2_page_6,227.0,280.1,1067.0
1879180,stimulus_Ins_HumanRights_2_page_6,229.0,280.2,1065.0
1879181,stimulus_Ins_HumanRights_2_page_6,231.6,280.4,1064.0
1879182,stimulus_Ins_HumanRights_2_page_6,234.1,280.5,1062.0
1879183,stimulus_Ins_HumanRights_2_page_6,236.9,280.4,1062.0
1879184,stimulus_Ins_HumanRights_2_page_6,240.3,280.1,1062.0
1879185,stimulus_Ins_HumanRights_2_page_6,244.4,279.8,1061.0
1879186,stimulus_Ins_HumanRights_2_page_6,248.4,279.8,1061.0
1879187,stimulus_Ins_HumanRights_2_page_6,251.2,280.0,1063.0
1879188,stimulus_Ins_HumanRights_2_page_6,253.0,280.4,1064.0
1879189,stimulus_Ins_HumanRights_2_page_6,254.1,280.8,1065.0
1879190,stimulus_Ins_HumanRights_2_page_6,255.5,281.0,1065.0
1879191,stimulus_Ins_HumanRights_2_page_6,256.1,281.1,1064.0
1879192,stimulus_Ins_HumanRights_2_page_6,256.3,281.3,1063.0
1879193,stimulus_Ins_HumanRights_2_page_6,256.2,281.9,1062.0
1879194,stimulus_Ins_HumanRights_2_page_6,255.8,282.4,1061.0
1879195,stimulus_Ins_HumanRights_2_page_6,255.5,282.8,1061.0
1879196,stimulus_Ins_HumanRights_2_page_6,255.2,282.5,1060.0
1879197,stimulus_Ins_HumanRights_2_page_6,255.6,282.3,1059.0
1879198,stimulus_Ins_HumanRights_2_page_6,256.2,282.2,1058.0
1879199,stimulus_Ins_HumanRights_2_page_6,256.7,282.3,1058.0
1879200,stimulus_Ins_HumanRights_2_page_6,256.9,282.0,1058.0
1879201,stimulus_Ins_HumanRights_2_page_6,256.9,281.6,1058.0
1879202,stimulus_Ins_HumanRights_2_page_6,257.1,281.1,1059.0
1879203,stimulus_Ins_HumanRights_2_page_6,257.4,281.0,1059.0
1879204,stimulus_Ins_HumanRights_2_page_6,258.1,281.0,1058.0
1879205,stimulus_Ins_HumanRights_2_page_6,258.5,281.0,1058.0
1879206,stimulus_Ins_HumanRights_2_page_6,258.9,281.0,1058.0
1879207,stimulus_Ins_HumanRights_2_page_6,259.0,281.0,1058.0
1879208,stimulus_Ins_HumanRights_2_page_6,259.0,280.9,1058.0
1879209,stimulus_Ins_HumanRights_2_page_6,259.1,280.9,1057.0
1879210,stimulus_Ins_HumanRights_2_page_6,259.1,280.9,1057.0
1879211,stimulus_Ins_HumanRights_2_page_6,259.1,280.9,1056.0
1879212,stimulus_Ins_HumanRights_2_page_6,259.1,281.0,1056.0
1879213,stimulus_Ins_HumanRights_2_page_6,259.1,280.9,1056.0
1879214,stimulus_Ins_HumanRights_2_page_6,259.4,280.7,1056.0
1879215,stimulus_Ins_HumanRights_2_page_6,259.6,280.6,1056.0
1879216,stimulus_Ins_HumanRights_2_page_6,260.0,280.0,1056.0
1879217,stimulus_Ins_HumanRights_2_page_6,260.3,279.5,1056.0
1879218,stimulus_Ins_HumanRights_2_page_6,260.5,279.2,1056.0
1879219,stimulus_Ins_HumanRights_2_page_6,260.6,279.3,1056.0
1879220,stimulus_Ins_HumanRights_2_page_6,260.5,279.2,1056.0
1879221,stimulus_Ins_HumanRights_2_page_6,260.5,279.1,1056.0
1879222,stimulus_Ins_HumanRights_2_page_6,260.5,279.1,1057.0
1879223,stimulus_Ins_HumanRights_2_page_6,260.5,279.3,1056.0
1879224,stimulus_Ins_HumanRights_2_page_6,260.5,279.5,1055.0
1879225,stimulus_Ins_HumanRights_2_page_6,260.6,279.5,1054.0
1879226,stimulus_Ins_HumanRights_2_page_6,260.6,279.5,1055.0
1879227,stimulus_Ins_HumanRights_2_page_6,260.6,279.6,1055.0
1879228,stimulus_Ins_HumanRights_2_page_6,260.6,279.6,1056.0
1879229,stimulus_Ins_HumanRights_2_page_6,260.6,279.4,1056.0
1879230,stimulus_Ins_HumanRights_2_page_6,260.6,279.2,1056.0
1879231,stimulus_Ins_HumanRights_2_page_6,260.6,279.0,1056.0
1879232,stimulus_Ins_HumanRights_2_page_6,260.7,279.0,1055.0
1879233,stimulus_Ins_HumanRights_2_page_6,260.7,279.3,1055.0
1879234,stimulus_Ins_HumanRights_2_page_6,260.9,279.6,1055.0
1879235,stimulus_Ins_HumanRights_2_page_6,261.1,279.9,1055.0
1879236,stimulus_Ins_HumanRights_2_page_6,261.2,279.9,1055.0
1879237,stimulus_Ins_HumanRights_2_page_6,260.8,279.8,1054.0
1879238,stimulus_Ins_HumanRights_2_page_6,260.5,279.8,1054.0
1879239,stimulus_Ins_HumanRights_2_page_6,260.1,279.8,1054.0
1879240,stimulus_Ins_HumanRights_2_page_6,259.7,279.8,1053.0
1879241,stimulus_Ins_HumanRights_2_page_6,259.5,280.1,1052.0
1879242,stimulus_Ins_HumanRights_2_page_6,259.5,280.4,1051.0
1879243,stimulus_Ins_HumanRights_2_page_6,259.4,280.4,1051.0
1879244,stimulus_Ins_HumanRights_2_page_6,259.3,280.1,1051.0
1879245,stimulus_Ins_HumanRights_2_page_6,259.4,279.9,1051.0
1879246,stimulus_Ins_HumanRights_2_page_6,259.4,279.9,1050.0
1879247,stimulus_Ins_HumanRights_2_page_6,259.3,280.0,1051.0
1879248,stimulus_Ins_HumanRights_2_page_6,259.2,279.8,1052.0
1879249,stimulus_Ins_HumanRights_2_page_6,259.2,279.5,1053.0
1879250,stimulus_Ins_HumanRights_2_page_6,259.2,279.1,1053.0
1879251,stimulus_Ins_HumanRights_2_page_6,258.9,279.1,1053.0
1879252,stimulus_Ins_HumanRights_2_page_6,258.5,279.0,1053.0
1879253,stimulus_Ins_HumanRights_2_page_6,258.4,278.9,1053.0
1879254,stimulus_Ins_HumanRights_2_page_6,258.8,278.9,1053.0
1879255,stimulus_Ins_HumanRights_2_page_6,259.1,279.1,1053.0
1879256,stimulus_Ins_HumanRights_2_page_6,259.0,279.3,1053.0
1879257,stimulus_Ins_HumanRights_2_page_6,258.9,279.5,1052.0
1879258,stimulus_Ins_HumanRights_2_page_6,258.8,279.6,1051.0
1879259,stimulus_Ins_HumanRights_2_page_6,258.8,279.6,1050.0
1879260,stimulus_Ins_HumanRights_2_page_6,258.8,279.5,1050.0
1879261,stimulus_Ins_HumanRights_2_page_6,258.9,279.5,1049.0
1879262,stimulus_Ins_HumanRights_2_page_6,259.2,279.6,1049.0
1879263,stimulus_Ins_HumanRights_2_page_6,259.4,279.6,1048.0
1879264,stimulus_Ins_HumanRights_2_page_6,259.7,279.6,1048.0
1879265,stimulus_Ins_HumanRights_2_page_6,259.7,279.6,1047.0
1879266,stimulus_Ins_HumanRights_2_page_6,259.9,279.6,1047.0
1879267,stimulus_Ins_HumanRights_2_page_6,260.3,279.7,1046.0
1879268,stimulus_Ins_HumanRights_2_page_6,260.6,279.8,1046.0
1879269,stimulus_Ins_HumanRights_2_page_6,260.7,279.8,1046.0
1879270,stimulus_Ins_HumanRights_2_page_6,260.7,279.8,1046.0
1879271,stimulus_Ins_HumanRights_2_page_6,260.7,280.2,1045.0
1879272,stimulus_Ins_HumanRights_2_page_6,260.8,280.7,1047.0
1879273,stimulus_Ins_HumanRights_2_page_6,260.9,281.3,1048.0
1879274,stimulus_Ins_HumanRights_2_page_6,261.0,281.4,1050.0
1879275,stimulus_Ins_HumanRights_2_page_6,261.2,280.8,1050.0
1879276,stimulus_Ins_HumanRights_2_page_6,261.3,280.2,1050.0
1879277,stimulus_Ins_HumanRights_2_page_6,261.2,279.5,1049.0
1879278,stimulus_Ins_HumanRights_2_page_6,261.0,279.1,1049.0
1879279,stimulus_Ins_HumanRights_2_page_6,260.9,278.7,1050.0
1879280,stimulus_Ins_HumanRights_2_page_6,260.9,278.3,1051.0
1879281,stimulus_Ins_HumanRights_2_page_6,260.8,278.3,1053.0
1879282,stimulus_Ins_HumanRights_2_page_6,260.8,278.2,1053.0
1879283,stimulus_Ins_HumanRights_2_page_6,260.9,278.0,1053.0
1879284,stimulus_Ins_HumanRights_2_page_6,261.0,278.3,1053.0
1879285,stimulus_Ins_HumanRights_2_page_6,261.0,278.6,1052.0
1879286,stimulus_Ins_HumanRights_2_page_6,260.9,278.7,1052.0
1879287,stimulus_Ins_HumanRights_2_page_6,261.0,278.4,1052.0
1879288,stimulus_Ins_HumanRights_2_page_6,261.0,278.0,1052.0
1879289,stimulus_Ins_HumanRights_2_page_6,261.1,277.8,1052.0
1879290,stimulus_Ins_HumanRights_2_page_6,261.0,278.2,1052.0
1879291,stimulus_Ins_HumanRights_2_page_6,261.0,278.7,1052.0
1879292,stimulus_Ins_HumanRights_2_page_6,261.0,279.1,1050.0
1879293,stimulus_Ins_HumanRights_2_page_6,261.0,278.9,1049.0
1879294,stimulus_Ins_HumanRights_2_page_6,261.0,278.9,1048.0
1879295,stimulus_Ins_HumanRights_2_page_6,261.0,278.7,1049.0
1879296,stimulus_Ins_HumanRights_2_page_6,260.8,278.5,1049.0
1879297,stimulus_Ins_HumanRights_2_page_6,260.8,278.3,1050.0
1879298,stimulus_Ins_HumanRights_2_page_6,260.8,278.4,1050.0
1879299,stimulus_Ins_HumanRights_2_page_6,260.9,278.2,1050.0
1879300,stimulus_Ins_HumanRights_2_page_6,261.0,277.9,1050.0
1879301,stimulus_Ins_HumanRights_2_page_6,260.9,277.7,1050.0
1879302,stimulus_Ins_HumanRights_2_page_6,260.5,277.7,1050.0
1879303,stimulus_Ins_HumanRights_2_page_6,260.2,277.8,1050.0
1879304,stimulus_Ins_HumanRights_2_page_6,260.2,277.9,1049.0
1879305,stimulus_Ins_HumanRights_2_page_6,260.5,277.8,1048.0
1879306,stimulus_Ins_HumanRights_2_page_6,260.8,277.6,1049.0
1879307,stimulus_Ins_HumanRights_2_page_6,260.8,277.4,1051.0
1879308,stimulus_Ins_HumanRights_2_page_6,260.7,277.4,1053.0
1879309,stimulus_Ins_HumanRights_2_page_6,260.7,277.5,1052.0
1879310,stimulus_Ins_HumanRights_2_page_6,260.6,277.7,1052.0
1879311,stimulus_Ins_HumanRights_2_page_6,260.5,277.8,1051.0
1879312,stimulus_Ins_HumanRights_2_page_6,260.5,278.0,1051.0
1879313,stimulus_Ins_HumanRights_2_page_6,260.6,278.2,1051.0
1879314,stimulus_Ins_HumanRights_2_page_6,260.7,278.1,1051.0
1879315,stimulus_Ins_HumanRights_2_page_6,260.8,277.9,1051.0
1879316,stimulus_Ins_HumanRights_2_page_6,261.0,277.7,1051.0
1879317,stimulus_Ins_HumanRights_2_page_6,261.1,277.7,1052.0
1879318,stimulus_Ins_HumanRights_2_page_6,261.3,277.7,1052.0
1879319,stimulus_Ins_HumanRights_2_page_6,261.3,277.7,1050.0
1879320,stimulus_Ins_HumanRights_2_page_6,261.4,277.5,1049.0
1879321,stimulus_Ins_HumanRights_2_page_6,261.4,277.4,1047.0
1879322,stimulus_Ins_HumanRights_2_page_6,261.3,277.3,1047.0
1879323,stimulus_Ins_HumanRights_2_page_6,261.3,277.2,1047.0
1879324,stimulus_Ins_HumanRights_2_page_6,261.3,277.3,1047.0
1879325,stimulus_Ins_HumanRights_2_page_6,261.4,277.4,1046.0
1879326,stimulus_Ins_HumanRights_2_page_6,261.6,277.4,1046.0
1879327,stimulus_Ins_HumanRights_2_page_6,261.7,277.2,1047.0
1879328,stimulus_Ins_HumanRights_2_page_6,261.7,277.0,1049.0
1879329,stimulus_Ins_HumanRights_2_page_6,261.7,276.9,1050.0
1879330,stimulus_Ins_HumanRights_2_page_6,261.7,276.8,1048.0
1879331,stimulus_Ins_HumanRights_2_page_6,261.8,276.7,1047.0
1879332,stimulus_Ins_HumanRights_2_page_6,261.9,276.7,1045.0
1879333,stimulus_Ins_HumanRights_2_page_6,262.0,276.8,1045.0
1879334,stimulus_Ins_HumanRights_2_page_6,262.0,276.8,1045.0
1879335,stimulus_Ins_HumanRights_2_page_6,262.1,276.6,1044.0
1879336,stimulus_Ins_HumanRights_2_page_6,262.2,276.4,1043.0
1879337,stimulus_Ins_HumanRights_2_page_6,262.0,276.5,1043.0
1879338,stimulus_Ins_HumanRights_2_page_6,261.7,276.7,1044.0
1879339,stimulus_Ins_HumanRights_2_page_6,261.4,276.7,1044.0
1879340,stimulus_Ins_HumanRights_2_page_6,261.1,276.3,1045.0
1879341,stimulus_Ins_HumanRights_2_page_6,260.8,276.5,1044.0
1879342,stimulus_Ins_HumanRights_2_page_6,260.6,277.0,1043.0
1879343,stimulus_Ins_HumanRights_2_page_6,260.5,277.4,1042.0
1879344,stimulus_Ins_HumanRights_2_page_6,260.4,277.5,1043.0
1879345,stimulus_Ins_HumanRights_2_page_6,260.4,277.5,1043.0
1879346,stimulus_Ins_HumanRights_2_page_6,260.3,277.2,1044.0
1879347,stimulus_Ins_HumanRights_2_page_6,260.4,277.2,1045.0
1879348,stimulus_Ins_HumanRights_2_page_6,260.0,277.1,1046.0
1879349,stimulus_Ins_HumanRights_2_page_6,259.6,276.9,1048.0
1879350,stimulus_Ins_HumanRights_2_page_6,259.3,276.6,1048.0
1879351,stimulus_Ins_HumanRights_2_page_6,259.3,276.3,1048.0
1879352,stimulus_Ins_HumanRights_2_page_6,259.4,276.4,1046.0
1879353,stimulus_Ins_HumanRights_2_page_6,259.6,276.5,1045.0
1879354,stimulus_Ins_HumanRights_2_page_6,259.6,276.7,1044.0
1879355,stimulus_Ins_HumanRights_2_page_6,259.5,276.9,1044.0
1879356,stimulus_Ins_HumanRights_2_page_6,259.4,277.1,1045.0
1879357,stimulus_Ins_HumanRights_2_page_6,259.4,277.2,1045.0
1879358,stimulus_Ins_HumanRights_2_page_6,259.3,277.1,1045.0
1879359,stimulus_Ins_HumanRights_2_page_6,259.1,276.9,1045.0
1879360,stimulus_Ins_HumanRights_2_page_6,259.4,276.7,1045.0
1879361,stimulus_Ins_HumanRights_2_page_6,259.8,276.6,1045.0
1879362,stimulus_Ins_HumanRights_2_page_6,260.0,276.5,1045.0
1879363,stimulus_Ins_HumanRights_2_page_6,259.8,276.6,1044.0
1879364,stimulus_Ins_HumanRights_2_page_6,259.8,276.8,1045.0
1879365,stimulus_Ins_HumanRights_2_page_6,259.8,277.1,1046.0
1879366,stimulus_Ins_HumanRights_2_page_6,259.9,277.4,1047.0
1879367,stimulus_Ins_HumanRights_2_page_6,259.9,277.5,1047.0
1879368,stimulus_Ins_HumanRights_2_page_6,259.9,277.5,1047.0
1879369,stimulus_Ins_HumanRights_2_page_6,260.0,277.4,1046.0
1879370,stimulus_Ins_HumanRights_2_page_6,260.1,277.3,1047.0
1879371,stimulus_Ins_HumanRights_2_page_6,260.2,277.2,1048.0
1879372,stimulus_Ins_HumanRights_2_page_6,260.3,276.9,1048.0
1879373,stimulus_Ins_HumanRights_2_page_6,260.5,276.7,1049.0
1879374,stimulus_Ins_HumanRights_2_page_6,260.6,276.5,1049.0
1879375,stimulus_Ins_HumanRights_2_page_6,260.7,276.7,1048.0
1879376,stimulus_Ins_HumanRights_2_page_6,260.7,277.1,1046.0
1879377,stimulus_Ins_HumanRights_2_page_6,260.9,277.5,1045.0
1879378,stimulus_Ins_HumanRights_2_page_6,261.0,277.7,1046.0
1879379,stimulus_Ins_HumanRights_2_page_6,261.1,277.7,1047.0
1879380,stimulus_Ins_HumanRights_2_page_6,261.1,277.6,1048.0
1879381,stimulus_Ins_HumanRights_2_page_6,261.1,277.5,1047.0
1879382,stimulus_Ins_HumanRights_2_page_6,261.1,277.7,1045.0
1879383,stimulus_Ins_HumanRights_2_page_6,261.1,277.8,1044.0
1879384,stimulus_Ins_HumanRights_2_page_6,261.1,277.8,1045.0
1879385,stimulus_Ins_HumanRights_2_page_6,261.2,277.8,1046.0
1879386,stimulus_Ins_HumanRights_2_page_6,261.3,277.8,1047.0
1879387,stimulus_Ins_HumanRights_2_page_6,261.5,277.7,1047.0
1879388,stimulus_Ins_HumanRights_2_page_6,261.6,277.5,1047.0
1879389,stimulus_Ins_HumanRights_2_page_6,261.6,277.5,1046.0
1879390,stimulus_Ins_HumanRights_2_page_6,261.5,277.5,1045.0
1879391,stimulus_Ins_HumanRights_2_page_6,261.7,277.6,1046.0
1879392,stimulus_Ins_HumanRights_2_page_6,261.8,277.6,1047.0
1879393,stimulus_Ins_HumanRights_2_page_6,261.9,277.7,1047.0
1879394,stimulus_Ins_HumanRights_2_page_6,261.8,277.8,1045.0
1879395,stimulus_Ins_HumanRights_2_page_6,261.7,278.0,1044.0
1879396,stimulus_Ins_HumanRights_2_page_6,261.7,278.0,1044.0
1879397,stimulus_Ins_HumanRights_2_page_6,261.8,278.0,1044.0
1879398,stimulus_Ins_HumanRights_2_page_6,261.7,277.8,1045.0
1879399,stimulus_Ins_HumanRights_2_page_6,261.5,277.5,1045.0
1879400,stimulus_Ins_HumanRights_2_page_6,261.5,277.2,1045.0
1879401,stimulus_Ins_HumanRights_2_page_6,261.6,277.1,1044.0
1879402,stimulus_Ins_HumanRights_2_page_6,261.8,277.0,1044.0
1879403,stimulus_Ins_HumanRights_2_page_6,261.7,277.0,1044.0
1879404,stimulus_Ins_HumanRights_2_page_6,261.7,277.3,1044.0
1879405,stimulus_Ins_HumanRights_2_page_6,261.6,277.7,1044.0
1879406,stimulus_Ins_HumanRights_2_page_6,261.6,278.1,1045.0
1879407,stimulus_Ins_HumanRights_2_page_6,261.7,278.1,1047.0
1879408,stimulus_Ins_HumanRights_2_page_6,261.8,277.8,1047.0
1879409,stimulus_Ins_HumanRights_2_page_6,261.8,277.6,1047.0
1879410,stimulus_Ins_HumanRights_2_page_6,261.7,277.5,1048.0
1879411,stimulus_Ins_HumanRights_2_page_6,261.5,277.6,1048.0
1879412,stimulus_Ins_HumanRights_2_page_6,261.6,277.8,1047.0
1879413,stimulus_Ins_HumanRights_2_page_6,261.6,277.7,1046.0
1879414,stimulus_Ins_HumanRights_2_page_6,261.6,277.4,1046.0
1879415,stimulus_Ins_HumanRights_2_page_6,261.6,277.2,1046.0
1879416,stimulus_Ins_HumanRights_2_page_6,261.5,277.2,1047.0
1879417,stimulus_Ins_HumanRights_2_page_6,261.4,277.4,1047.0
1879418,stimulus_Ins_HumanRights_2_page_6,261.4,277.6,1048.0
1879419,stimulus_Ins_HumanRights_2_page_6,261.4,277.7,1048.0
1879420,stimulus_Ins_HumanRights_2_page_6,261.5,277.7,1048.0
1879421,stimulus_Ins_HumanRights_2_page_6,261.5,277.6,1048.0
1879422,stimulus_Ins_HumanRights_2_page_6,261.5,278.4,1048.0
1879423,stimulus_Ins_HumanRights_2_page_6,261.5,279.3,1048.0
1879424,stimulus_Ins_HumanRights_2_page_6,261.5,279.5,1047.0
1879425,stimulus_Ins_HumanRights_2_page_6,261.6,278.9,1047.0
1879426,stimulus_Ins_HumanRights_2_page_6,261.7,278.2,1046.0
1879427,stimulus_Ins_HumanRights_2_page_6,261.7,278.1,1047.0
1879428,stimulus_Ins_HumanRights_2_page_6,261.6,278.6,1048.0
1879429,stimulus_Ins_HumanRights_2_page_6,261.6,279.2,1049.0
1879430,stimulus_Ins_HumanRights_2_page_6,261.5,279.7,1049.0
1879431,stimulus_Ins_HumanRights_2_page_6,261.5,279.6,1049.0
1879432,stimulus_Ins_HumanRights_2_page_6,261.5,279.5,1049.0
1879433,stimulus_Ins_HumanRights_2_page_6,261.3,279.4,1049.0
1879434,stimulus_Ins_HumanRights_2_page_6,261.0,279.4,1049.0
1879435,stimulus_Ins_HumanRights_2_page_6,260.8,279.3,1049.0
1879436,stimulus_Ins_HumanRights_2_page_6,260.9,279.3,1048.0
1879437,stimulus_Ins_HumanRights_2_page_6,260.9,279.4,1048.0
1879438,stimulus_Ins_HumanRights_2_page_6,260.9,279.5,1049.0
1879439,stimulus_Ins_HumanRights_2_page_6,260.9,279.6,1049.0
1879440,stimulus_Ins_HumanRights_2_page_6,261.2,279.5,1050.0
1879441,stimulus_Ins_HumanRights_2_page_6,261.5,279.7,1050.0
1879442,stimulus_Ins_HumanRights_2_page_6,261.6,280.0,1048.0
1879443,stimulus_Ins_HumanRights_2_page_6,261.4,280.3,1047.0
1879444,stimulus_Ins_HumanRights_2_page_6,261.2,280.3,1046.0
1879445,stimulus_Ins_HumanRights_2_page_6,261.2,280.4,1048.0
1879446,stimulus_Ins_HumanRights_2_page_6,261.0,280.4,1049.0
1879447,stimulus_Ins_HumanRights_2_page_6,260.8,280.5,1050.0
1879448,stimulus_Ins_HumanRights_2_page_6,260.8,280.6,1050.0
1879449,stimulus_Ins_HumanRights_2_page_6,261.0,280.6,1051.0
1879450,stimulus_Ins_HumanRights_2_page_6,261.4,280.9,1051.0
1879451,stimulus_Ins_HumanRights_2_page_6,261.8,281.3,1050.0
1879452,stimulus_Ins_HumanRights_2_page_6,262.2,282.1,1050.0
1879453,stimulus_Ins_HumanRights_2_page_6,262.4,282.4,1049.0
1879454,stimulus_Ins_HumanRights_2_page_6,262.5,282.7,1049.0
1879455,stimulus_Ins_HumanRights_2_page_6,262.1,282.5,1050.0
1879456,stimulus_Ins_HumanRights_2_page_6,261.7,282.7,1050.0
1879457,stimulus_Ins_HumanRights_2_page_6,261.4,282.8,1051.0
1879458,stimulus_Ins_HumanRights_2_page_6,261.5,282.5,1052.0
1879459,stimulus_Ins_HumanRights_2_page_6,261.6,282.1,1053.0
1879460,stimulus_Ins_HumanRights_2_page_6,261.6,281.7,1053.0
1879461,stimulus_Ins_HumanRights_2_page_6,261.7,281.8,1054.0
1879462,stimulus_Ins_HumanRights_2_page_6,261.8,281.9,1054.0
1879463,stimulus_Ins_HumanRights_2_page_6,262.1,281.9,1053.0
1879464,stimulus_Ins_HumanRights_2_page_6,262.4,282.1,1051.0
1879465,stimulus_Ins_HumanRights_2_page_6,262.7,282.3,1050.0
1879466,stimulus_Ins_HumanRights_2_page_6,262.7,282.4,1051.0
1879467,stimulus_Ins_HumanRights_2_page_6,262.3,282.3,1052.0
1879468,stimulus_Ins_HumanRights_2_page_6,262.0,282.2,1053.0
1879469,stimulus_Ins_HumanRights_2_page_6,261.6,282.1,1053.0
1879470,stimulus_Ins_HumanRights_2_page_6,261.6,282.0,1053.0
1879471,stimulus_Ins_HumanRights_2_page_6,261.7,281.9,1053.0
1879472,stimulus_Ins_HumanRights_2_page_6,261.7,282.0,1054.0
1879473,stimulus_Ins_HumanRights_2_page_6,261.8,282.0,1054.0
1879474,stimulus_Ins_HumanRights_2_page_6,262.0,281.9,1053.0
1879475,stimulus_Ins_HumanRights_2_page_6,262.2,282.0,1053.0
1879476,stimulus_Ins_HumanRights_2_page_6,262.3,282.2,1053.0
1879477,stimulus_Ins_HumanRights_2_page_6,262.0,282.4,1052.0
1879478,stimulus_Ins_HumanRights_2_page_6,261.6,282.3,1052.0
1879479,stimulus_Ins_HumanRights_2_page_6,261.5,282.3,1052.0
1879480,stimulus_Ins_HumanRights_2_page_6,261.9,282.1,1052.0
1879481,stimulus_Ins_HumanRights_2_page_6,262.3,282.1,1051.0
1879482,stimulus_Ins_HumanRights_2_page_6,262.1,282.2,1051.0
1879483,stimulus_Ins_HumanRights_2_page_6,261.9,282.4,1050.0
1879484,stimulus_Ins_HumanRights_2_page_6,261.6,282.7,1050.0
1879485,stimulus_Ins_HumanRights_2_page_6,261.7,282.8,1050.0
1879486,stimulus_Ins_HumanRights_2_page_6,261.7,283.0,1051.0
1879487,stimulus_Ins_HumanRights_2_page_6,261.6,283.0,1052.0
1879488,stimulus_Ins_HumanRights_2_page_6,261.6,283.0,1053.0
1879489,stimulus_Ins_HumanRights_2_page_6,261.5,283.1,1053.0
1879490,stimulus_Ins_HumanRights_2_page_6,261.6,283.3,1053.0
1879491,stimulus_Ins_HumanRights_2_page_6,261.6,283.4,1053.0
1879492,stimulus_Ins_HumanRights_2_page_6,261.6,283.3,1053.0
1879493,stimulus_Ins_HumanRights_2_page_6,261.7,283.2,1053.0
1879494,stimulus_Ins_HumanRights_2_page_6,261.7,283.1,1053.0
1879495,stimulus_Ins_HumanRights_2_page_6,261.7,283.1,1052.0
1879496,stimulus_Ins_HumanRights_2_page_6,261.7,282.9,1052.0
1879497,stimulus_Ins_HumanRights_2_page_6,261.8,282.8,1051.0
1879498,stimulus_Ins_HumanRights_2_page_6,261.8,282.7,1051.0
1879499,stimulus_Ins_HumanRights_2_page_6,261.7,282.6,1051.0
1879500,stimulus_Ins_HumanRights_2_page_6,261.6,282.7,1051.0
1879501,stimulus_Ins_HumanRights_2_page_6,261.6,282.8,1050.0
1879502,stimulus_Ins_HumanRights_2_page_6,261.7,282.9,1051.0
1879503,stimulus_Ins_HumanRights_2_page_6,261.7,282.9,1051.0
1879504,stimulus_Ins_HumanRights_2_page_6,261.6,282.9,1052.0
1879505,stimulus_Ins_HumanRights_2_page_6,261.5,283.0,1052.0
1879506,stimulus_Ins_HumanRights_2_page_6,261.6,283.1,1053.0
1879507,stimulus_Ins_HumanRights_2_page_6,261.5,283.5,1054.0
1879508,stimulus_Ins_HumanRights_2_page_6,261.3,283.8,1054.0
1879509,stimulus_Ins_HumanRights_2_page_6,261.1,284.0,1055.0
1879510,stimulus_Ins_HumanRights_2_page_6,261.3,284.0,1054.0
1879511,stimulus_Ins_HumanRights_2_page_6,261.4,283.8,1054.0
1879512,stimulus_Ins_HumanRights_2_page_6,261.7,283.7,1054.0
1879513,stimulus_Ins_HumanRights_2_page_6,261.9,283.5,1054.0
1879514,stimulus_Ins_HumanRights_2_page_6,262.2,283.3,1056.0
1879515,stimulus_Ins_HumanRights_2_page_6,262.4,283.1,1056.0
1879516,stimulus_Ins_HumanRights_2_page_6,263.4,282.9,1057.0
1879517,stimulus_Ins_HumanRights_2_page_6,264.7,282.7,1057.0
1879518,stimulus_Ins_HumanRights_2_page_6,266.7,282.6,1056.0
1879519,stimulus_Ins_HumanRights_2_page_6,269.2,282.6,1055.0
1879520,stimulus_Ins_HumanRights_2_page_6,272.9,282.6,1054.0
1879521,stimulus_Ins_HumanRights_2_page_6,276.8,282.1,1055.0
1879522,stimulus_Ins_HumanRights_2_page_6,279.8,281.6,1057.0
1879523,stimulus_Ins_HumanRights_2_page_6,282.3,281.0,1056.0
1879524,stimulus_Ins_HumanRights_2_page_6,285.4,281.1,1055.0
1879525,stimulus_Ins_HumanRights_2_page_6,289.8,281.1,1054.0
1879526,stimulus_Ins_HumanRights_2_page_6,295.1,281.2,1056.0
1879527,stimulus_Ins_HumanRights_2_page_6,300.1,280.9,1057.0
1879528,stimulus_Ins_HumanRights_2_page_6,304.9,280.7,1057.0
1879529,stimulus_Ins_HumanRights_2_page_6,308.8,280.9,1057.0
1879530,stimulus_Ins_HumanRights_2_page_6,312.4,281.3,1056.0
1879531,stimulus_Ins_HumanRights_2_page_6,315.0,282.1,1056.0
1879532,stimulus_Ins_HumanRights_2_page_6,317.3,282.6,1056.0
1879533,stimulus_Ins_HumanRights_2_page_6,320.5,283.5,1055.0
1879534,stimulus_Ins_HumanRights_2_page_6,324.8,284.1,1054.0
1879535,stimulus_Ins_HumanRights_2_page_6,329.6,284.3,1054.0
1879536,stimulus_Ins_HumanRights_2_page_6,334.2,284.2,1056.0
1879537,stimulus_Ins_HumanRights_2_page_6,337.6,283.6,1057.0
1879538,stimulus_Ins_HumanRights_2_page_6,340.9,283.0,1057.0
1879539,stimulus_Ins_HumanRights_2_page_6,344.5,281.8,1056.0
1879540,stimulus_Ins_HumanRights_2_page_6,349.7,281.0,1056.0
1879541,stimulus_Ins_HumanRights_2_page_6,355.4,280.4,1056.0
1879542,stimulus_Ins_HumanRights_2_page_6,361.0,280.3,1056.0
1879543,stimulus_Ins_HumanRights_2_page_6,365.8,279.2,1056.0
1879544,stimulus_Ins_HumanRights_2_page_6,370.1,278.1,1056.0
1879545,stimulus_Ins_HumanRights_2_page_6,374.3,277.1,1055.0
1879546,stimulus_Ins_HumanRights_2_page_6,380.2,277.2,1054.0
1879547,stimulus_Ins_HumanRights_2_page_6,387.1,277.4,1053.0
1879548,stimulus_Ins_HumanRights_2_page_6,392.4,277.5,1053.0
1879549,stimulus_Ins_HumanRights_2_page_6,396.7,277.5,1053.0
1879550,stimulus_Ins_HumanRights_2_page_6,400.7,277.5,1053.0
1879551,stimulus_Ins_HumanRights_2_page_6,405.6,277.5,1054.0
1879552,stimulus_Ins_HumanRights_2_page_6,410.9,277.5,1055.0
1879553,stimulus_Ins_HumanRights_2_page_6,417.0,277.5,1055.0
1879554,stimulus_Ins_HumanRights_2_page_6,423.2,277.1,1055.0
1879555,stimulus_Ins_HumanRights_2_page_6,428.3,276.9,1055.0
1879556,stimulus_Ins_HumanRights_2_page_6,431.4,276.6,1055.0
1879557,stimulus_Ins_HumanRights_2_page_6,433.8,276.7,1053.0
1879558,stimulus_Ins_HumanRights_2_page_6,435.2,276.8,1051.0
1879559,stimulus_Ins_HumanRights_2_page_6,436.2,276.7,1050.0
1879560,stimulus_Ins_HumanRights_2_page_6,436.8,276.6,1051.0
1879561,stimulus_Ins_HumanRights_2_page_6,437.5,276.0,1051.0
1879562,stimulus_Ins_HumanRights_2_page_6,438.7,275.5,1050.0
1879563,stimulus_Ins_HumanRights_2_page_6,440.4,274.9,1050.0
1879564,stimulus_Ins_HumanRights_2_page_6,441.8,274.5,1051.0
1879565,stimulus_Ins_HumanRights_2_page_6,443.1,273.9,1052.0
1879566,stimulus_Ins_HumanRights_2_page_6,444.3,272.9,1053.0
1879567,stimulus_Ins_HumanRights_2_page_6,445.5,271.9,1055.0
1879568,stimulus_Ins_HumanRights_2_page_6,445.9,271.1,1056.0
1879569,stimulus_Ins_HumanRights_2_page_6,446.2,270.8,1057.0
1879570,stimulus_Ins_HumanRights_2_page_6,446.7,270.4,1058.0
1879571,stimulus_Ins_HumanRights_2_page_6,447.5,270.1,1059.0
1879572,stimulus_Ins_HumanRights_2_page_6,448.0,269.8,1059.0
1879573,stimulus_Ins_HumanRights_2_page_6,448.3,269.9,1058.0
1879574,stimulus_Ins_HumanRights_2_page_6,448.3,270.5,1056.0
1879575,stimulus_Ins_HumanRights_2_page_6,448.3,270.9,1054.0
1879576,stimulus_Ins_HumanRights_2_page_6,448.5,271.4,1054.0
1879577,stimulus_Ins_HumanRights_2_page_6,448.7,271.4,1056.0
1879578,stimulus_Ins_HumanRights_2_page_6,448.8,271.4,1058.0
1879579,stimulus_Ins_HumanRights_2_page_6,448.7,271.3,1058.0
1879580,stimulus_Ins_HumanRights_2_page_6,449.0,271.0,1057.0
1879581,stimulus_Ins_HumanRights_2_page_6,449.5,270.8,1055.0
1879582,stimulus_Ins_HumanRights_2_page_6,450.1,271.2,1053.0
1879583,stimulus_Ins_HumanRights_2_page_6,450.4,271.8,1051.0
1879584,stimulus_Ins_HumanRights_2_page_6,450.2,271.9,1051.0
1879585,stimulus_Ins_HumanRights_2_page_6,449.9,271.6,1053.0
1879586,stimulus_Ins_HumanRights_2_page_6,449.7,271.0,1054.0
1879587,stimulus_Ins_HumanRights_2_page_6,449.3,270.8,1056.0
1879588,stimulus_Ins_HumanRights_2_page_6,449.0,270.6,1056.0
1879589,stimulus_Ins_HumanRights_2_page_6,448.7,270.8,1056.0
1879590,stimulus_Ins_HumanRights_2_page_6,448.7,271.1,1056.0
1879591,stimulus_Ins_HumanRights_2_page_6,448.5,271.5,1055.0
1879592,stimulus_Ins_HumanRights_2_page_6,448.3,271.6,1054.0
1879593,stimulus_Ins_HumanRights_2_page_6,448.6,271.7,1054.0
1879594,stimulus_Ins_HumanRights_2_page_6,449.1,271.7,1054.0
1879595,stimulus_Ins_HumanRights_2_page_6,449.5,271.5,1054.0
1879596,stimulus_Ins_HumanRights_2_page_6,449.6,271.4,1054.0
1879597,stimulus_Ins_HumanRights_2_page_6,449.6,271.4,1054.0
1879598,stimulus_Ins_HumanRights_2_page_6,449.6,271.3,1054.0
1879599,stimulus_Ins_HumanRights_2_page_6,449.6,271.3,1055.0
1879600,stimulus_Ins_HumanRights_2_page_6,449.5,271.3,1053.0
1879601,stimulus_Ins_HumanRights_2_page_6,449.3,271.1,1052.0
1879602,stimulus_Ins_HumanRights_2_page_6,449.0,270.9,1051.0
1879603,stimulus_Ins_HumanRights_2_page_6,448.7,270.7,1053.0
1879604,stimulus_Ins_HumanRights_2_page_6,448.6,270.8,1054.0
1879605,stimulus_Ins_HumanRights_2_page_6,448.5,270.9,1055.0
1879606,stimulus_Ins_HumanRights_2_page_6,448.4,271.0,1055.0
1879607,stimulus_Ins_HumanRights_2_page_6,448.3,271.1,1054.0
1879608,stimulus_Ins_HumanRights_2_page_6,448.1,271.1,1054.0
1879609,stimulus_Ins_HumanRights_2_page_6,447.8,271.1,1054.0
1879610,stimulus_Ins_HumanRights_2_page_6,447.8,271.1,1054.0
1879611,stimulus_Ins_HumanRights_2_page_6,447.9,271.2,1053.0
1879612,stimulus_Ins_HumanRights_2_page_6,448.1,271.2,1053.0
1879613,stimulus_Ins_HumanRights_2_page_6,448.2,271.4,1052.0
1879614,stimulus_Ins_HumanRights_2_page_6,448.0,271.5,1052.0
1879615,stimulus_Ins_HumanRights_2_page_6,447.7,271.7,1052.0
1879616,stimulus_Ins_HumanRights_2_page_6,447.3,271.7,1052.0
1879617,stimulus_Ins_HumanRights_2_page_6,447.1,271.4,1051.0
1879618,stimulus_Ins_HumanRights_2_page_6,447.1,271.1,1051.0
1879619,stimulus_Ins_HumanRights_2_page_6,447.2,270.7,1052.0
1879620,stimulus_Ins_HumanRights_2_page_6,447.4,271.1,1053.0
1879621,stimulus_Ins_HumanRights_2_page_6,447.3,271.5,1053.0
1879622,stimulus_Ins_HumanRights_2_page_6,447.0,271.9,1053.0
1879623,stimulus_Ins_HumanRights_2_page_6,446.6,272.0,1052.0
1879624,stimulus_Ins_HumanRights_2_page_6,446.4,272.0,1052.0
1879625,stimulus_Ins_HumanRights_2_page_6,446.5,272.0,1051.0
1879626,stimulus_Ins_HumanRights_2_page_6,446.8,272.0,1051.0
1879627,stimulus_Ins_HumanRights_2_page_6,447.1,271.9,1051.0
1879628,stimulus_Ins_HumanRights_2_page_6,447.1,271.8,1052.0
1879629,stimulus_Ins_HumanRights_2_page_6,446.9,271.7,1052.0
1879630,stimulus_Ins_HumanRights_2_page_6,446.7,271.7,1052.0
1879631,stimulus_Ins_HumanRights_2_page_6,446.5,271.7,1052.0
1879632,stimulus_Ins_HumanRights_2_page_6,446.4,271.7,1051.0
1879633,stimulus_Ins_HumanRights_2_page_6,446.4,271.9,1050.0
1879634,stimulus_Ins_HumanRights_2_page_6,446.3,272.0,1049.0
1879635,stimulus_Ins_HumanRights_2_page_6,446.2,272.1,1050.0
1879636,stimulus_Ins_HumanRights_2_page_6,446.2,272.0,1050.0
1879637,stimulus_Ins_HumanRights_2_page_6,445.8,272.0,1051.0
1879638,stimulus_Ins_HumanRights_2_page_6,445.5,271.9,1052.0
1879639,stimulus_Ins_HumanRights_2_page_6,445.2,272.0,1053.0
1879640,stimulus_Ins_HumanRights_2_page_6,445.2,272.2,1053.0
1879641,stimulus_Ins_HumanRights_2_page_6,445.2,272.4,1054.0
1879642,stimulus_Ins_HumanRights_2_page_6,445.2,272.7,1052.0
1879643,stimulus_Ins_HumanRights_2_page_6,445.2,273.0,1048.0
1879644,stimulus_Ins_HumanRights_2_page_6,445.2,273.1,1044.0
1879645,stimulus_Ins_HumanRights_2_page_6,445.3,272.9,1045.0
1879646,stimulus_Ins_HumanRights_2_page_6,445.1,272.8,1048.0
1879647,stimulus_Ins_HumanRights_2_page_6,444.7,272.8,1050.0
1879648,stimulus_Ins_HumanRights_2_page_6,444.6,273.0,1050.0
1879649,stimulus_Ins_HumanRights_2_page_6,444.8,273.2,1051.0
1879650,stimulus_Ins_HumanRights_2_page_6,444.8,273.2,1051.0
1879651,stimulus_Ins_HumanRights_2_page_6,444.5,273.3,1051.0
1879652,stimulus_Ins_HumanRights_2_page_6,444.3,273.3,1051.0
1879653,stimulus_Ins_HumanRights_2_page_6,444.5,273.4,1051.0
1879654,stimulus_Ins_HumanRights_2_page_6,444.8,273.2,1051.0
1879655,stimulus_Ins_HumanRights_2_page_6,445.1,272.9,1051.0
1879656,stimulus_Ins_HumanRights_2_page_6,445.1,273.2,1051.0
1879657,stimulus_Ins_HumanRights_2_page_6,444.9,273.7,1052.0
1879658,stimulus_Ins_HumanRights_2_page_6,444.7,274.1,1052.0
1879659,stimulus_Ins_HumanRights_2_page_6,444.5,274.0,1052.0
1879660,stimulus_Ins_HumanRights_2_page_6,444.4,273.9,1052.0
1879661,stimulus_Ins_HumanRights_2_page_6,444.3,274.0,1051.0
1879662,stimulus_Ins_HumanRights_2_page_6,444.2,273.8,1051.0
1879663,stimulus_Ins_HumanRights_2_page_6,444.1,273.6,1051.0
1879664,stimulus_Ins_HumanRights_2_page_6,444.0,273.5,1050.0
1879665,stimulus_Ins_HumanRights_2_page_6,443.9,273.9,1050.0
1879666,stimulus_Ins_HumanRights_2_page_6,444.0,274.4,1049.0
1879667,stimulus_Ins_HumanRights_2_page_6,444.2,275.0,1050.0
1879668,stimulus_Ins_HumanRights_2_page_6,444.2,275.2,1049.0
1879669,stimulus_Ins_HumanRights_2_page_6,444.1,275.2,1049.0
1879670,stimulus_Ins_HumanRights_2_page_6,443.9,275.2,1049.0
1879671,stimulus_Ins_HumanRights_2_page_6,443.6,275.0,1049.0
1879672,stimulus_Ins_HumanRights_2_page_6,443.3,274.9,1049.0
1879673,stimulus_Ins_HumanRights_2_page_6,443.0,274.7,1049.0
1879674,stimulus_Ins_HumanRights_2_page_6,443.1,274.8,1049.0
1879675,stimulus_Ins_HumanRights_2_page_6,443.2,274.8,1050.0
1879676,stimulus_Ins_HumanRights_2_page_6,443.3,274.7,1050.0
1879677,stimulus_Ins_HumanRights_2_page_6,443.4,274.6,1050.0
1879678,stimulus_Ins_HumanRights_2_page_6,443.1,274.5,1049.0
1879679,stimulus_Ins_HumanRights_2_page_6,442.9,274.5,1049.0
1879680,stimulus_Ins_HumanRights_2_page_6,442.7,274.7,1049.0
1879681,stimulus_Ins_HumanRights_2_page_6,442.8,274.9,1048.0
1879682,stimulus_Ins_HumanRights_2_page_6,442.9,274.9,1048.0
1879683,stimulus_Ins_HumanRights_2_page_6,443.0,274.6,1048.0
1879684,stimulus_Ins_HumanRights_2_page_6,443.0,274.3,1048.0
1879685,stimulus_Ins_HumanRights_2_page_6,443.0,274.2,1048.0
1879686,stimulus_Ins_HumanRights_2_page_6,443.0,274.4,1049.0
1879687,stimulus_Ins_HumanRights_2_page_6,443.0,274.6,1049.0
1879688,stimulus_Ins_HumanRights_2_page_6,443.1,274.8,1048.0
1879689,stimulus_Ins_HumanRights_2_page_6,442.7,275.0,1048.0
1879690,stimulus_Ins_HumanRights_2_page_6,442.3,275.0,1048.0
1879691,stimulus_Ins_HumanRights_2_page_6,442.1,275.0,1048.0
1879692,stimulus_Ins_HumanRights_2_page_6,442.2,275.1,1048.0
1879693,stimulus_Ins_HumanRights_2_page_6,442.4,275.1,1048.0
1879694,stimulus_Ins_HumanRights_2_page_6,442.6,275.2,1047.0
1879695,stimulus_Ins_HumanRights_2_page_6,442.8,275.4,1047.0
1879696,stimulus_Ins_HumanRights_2_page_6,442.9,275.6,1047.0
1879697,stimulus_Ins_HumanRights_2_page_6,442.8,275.7,1047.0
1879698,stimulus_Ins_HumanRights_2_page_6,442.5,275.8,1047.0
1879699,stimulus_Ins_HumanRights_2_page_6,442.3,275.9,1047.0
1879700,stimulus_Ins_HumanRights_2_page_6,442.0,275.9,1048.0
1879701,stimulus_Ins_HumanRights_2_page_6,442.0,275.9,1048.0
1879702,stimulus_Ins_HumanRights_2_page_6,442.0,275.9,1049.0
1879703,stimulus_Ins_HumanRights_2_page_6,442.2,275.8,1048.0
1879704,stimulus_Ins_HumanRights_2_page_6,442.4,275.8,1047.0
1879705,stimulus_Ins_HumanRights_2_page_6,442.6,275.7,1046.0
1879706,stimulus_Ins_HumanRights_2_page_6,442.6,275.6,1047.0
1879707,stimulus_Ins_HumanRights_2_page_6,442.7,275.5,1047.0
1879708,stimulus_Ins_HumanRights_2_page_6,442.7,275.3,1047.0
1879709,stimulus_Ins_HumanRights_2_page_6,442.5,275.1,1048.0
1879710,stimulus_Ins_HumanRights_2_page_6,442.3,274.9,1050.0
1879711,stimulus_Ins_HumanRights_2_page_6,442.2,274.8,1051.0
1879712,stimulus_Ins_HumanRights_2_page_6,442.2,275.1,1050.0
1879713,stimulus_Ins_HumanRights_2_page_6,442.2,275.4,1049.0
1879714,stimulus_Ins_HumanRights_2_page_6,442.3,275.7,1048.0
1879715,stimulus_Ins_HumanRights_2_page_6,442.2,275.9,1047.0
1879716,stimulus_Ins_HumanRights_2_page_6,442.2,276.0,1046.0
1879717,stimulus_Ins_HumanRights_2_page_6,442.2,276.0,1047.0
1879718,stimulus_Ins_HumanRights_2_page_6,442.2,275.6,1047.0
1879719,stimulus_Ins_HumanRights_2_page_6,442.2,275.1,1047.0
1879720,stimulus_Ins_HumanRights_2_page_6,442.2,275.0,1046.0
1879721,stimulus_Ins_HumanRights_2_page_6,442.1,275.3,1045.0
1879722,stimulus_Ins_HumanRights_2_page_6,442.1,275.7,1043.0
1879723,stimulus_Ins_HumanRights_2_page_6,442.0,275.7,1041.0
1879724,stimulus_Ins_HumanRights_2_page_6,442.0,275.7,1041.0
1879725,stimulus_Ins_HumanRights_2_page_6,441.9,275.7,1041.0
1879726,stimulus_Ins_HumanRights_2_page_6,441.8,275.7,1043.0
1879727,stimulus_Ins_HumanRights_2_page_6,441.8,275.7,1043.0
1879728,stimulus_Ins_HumanRights_2_page_6,441.6,275.7,1043.0
1879729,stimulus_Ins_HumanRights_2_page_6,441.6,275.6,1044.0
1879730,stimulus_Ins_HumanRights_2_page_6,441.6,275.4,1044.0
1879731,stimulus_Ins_HumanRights_2_page_6,442.0,275.3,1045.0
1879732,stimulus_Ins_HumanRights_2_page_6,442.3,275.2,1043.0
1879733,stimulus_Ins_HumanRights_2_page_6,442.4,275.1,1041.0
1879734,stimulus_Ins_HumanRights_2_page_6,442.3,275.1,1040.0
1879735,stimulus_Ins_HumanRights_2_page_6,442.2,275.1,1041.0
1879736,stimulus_Ins_HumanRights_2_page_6,442.4,275.0,1042.0
1879737,stimulus_Ins_HumanRights_2_page_6,442.7,274.9,1043.0
1879738,stimulus_Ins_HumanRights_2_page_6,443.0,275.1,1044.0
1879739,stimulus_Ins_HumanRights_2_page_6,443.2,275.4,1042.0
1879740,stimulus_Ins_HumanRights_2_page_6,443.1,275.7,1041.0
1879741,stimulus_Ins_HumanRights_2_page_6,443.0,275.7,1040.0
1879742,stimulus_Ins_HumanRights_2_page_6,443.0,275.7,1039.0
1879743,stimulus_Ins_HumanRights_2_page_6,443.0,275.8,1039.0
1879744,stimulus_Ins_HumanRights_2_page_6,443.0,275.8,1040.0
1879745,stimulus_Ins_HumanRights_2_page_6,443.0,275.8,1040.0
1879746,stimulus_Ins_HumanRights_2_page_6,443.0,275.7,1040.0
1879747,stimulus_Ins_HumanRights_2_page_6,443.2,275.6,1040.0
1879748,stimulus_Ins_HumanRights_2_page_6,443.4,275.3,1042.0
1879749,stimulus_Ins_HumanRights_2_page_6,443.6,275.0,1043.0
1879750,stimulus_Ins_HumanRights_2_page_6,443.8,274.7,1043.0
1879751,stimulus_Ins_HumanRights_2_page_6,444.1,274.7,1043.0
1879752,stimulus_Ins_HumanRights_2_page_6,444.5,274.7,1042.0
1879753,stimulus_Ins_HumanRights_2_page_6,444.6,274.8,1042.0
1879754,stimulus_Ins_HumanRights_2_page_6,444.6,274.9,1042.0
1879755,stimulus_Ins_HumanRights_2_page_6,444.5,274.9,1042.0
1879756,stimulus_Ins_HumanRights_2_page_6,444.5,275.0,1042.0
1879757,stimulus_Ins_HumanRights_2_page_6,444.4,275.0,1042.0
1879758,stimulus_Ins_HumanRights_2_page_6,444.3,275.0,1041.0
1879759,stimulus_Ins_HumanRights_2_page_6,444.1,275.0,1041.0
1879760,stimulus_Ins_HumanRights_2_page_6,444.0,275.0,1041.0
1879761,stimulus_Ins_HumanRights_2_page_6,444.0,274.8,1041.0
1879762,stimulus_Ins_HumanRights_2_page_6,443.9,274.7,1040.0
1879763,stimulus_Ins_HumanRights_2_page_6,443.9,274.8,1038.0
1879764,stimulus_Ins_HumanRights_2_page_6,443.8,274.9,1037.0
1879765,stimulus_Ins_HumanRights_2_page_6,443.9,274.8,1037.0
1879766,stimulus_Ins_HumanRights_2_page_6,444.0,274.7,1037.0
1879767,stimulus_Ins_HumanRights_2_page_6,444.0,274.4,1037.0
1879768,stimulus_Ins_HumanRights_2_page_6,444.0,274.3,1038.0
1879769,stimulus_Ins_HumanRights_2_page_6,444.2,274.4,1038.0
1879770,stimulus_Ins_HumanRights_2_page_6,444.4,274.6,1039.0
1879771,stimulus_Ins_HumanRights_2_page_6,444.7,274.8,1038.0
1879772,stimulus_Ins_HumanRights_2_page_6,444.8,274.9,1037.0
1879773,stimulus_Ins_HumanRights_2_page_6,444.9,275.1,1037.0
1879774,stimulus_Ins_HumanRights_2_page_6,445.0,275.3,1038.0
1879775,stimulus_Ins_HumanRights_2_page_6,445.0,275.4,1039.0
1879776,stimulus_Ins_HumanRights_2_page_6,445.1,275.5,1039.0
1879777,stimulus_Ins_HumanRights_2_page_6,445.2,275.5,1040.0
1879778,stimulus_Ins_HumanRights_2_page_6,445.3,275.3,1041.0
1879779,stimulus_Ins_HumanRights_2_page_6,445.3,275.0,1041.0
1879780,stimulus_Ins_HumanRights_2_page_6,445.3,274.6,1041.0
1879781,stimulus_Ins_HumanRights_2_page_6,445.1,274.6,1040.0
1879782,stimulus_Ins_HumanRights_2_page_6,444.9,274.5,1038.0
1879783,stimulus_Ins_HumanRights_2_page_6,444.6,274.6,1037.0
1879784,stimulus_Ins_HumanRights_2_page_6,444.6,274.7,1037.0
1879785,stimulus_Ins_HumanRights_2_page_6,444.4,274.9,1038.0
1879786,stimulus_Ins_HumanRights_2_page_6,444.2,274.9,1040.0
1879787,stimulus_Ins_HumanRights_2_page_6,444.1,275.1,1041.0
1879788,stimulus_Ins_HumanRights_2_page_6,444.1,275.3,1042.0
1879789,stimulus_Ins_HumanRights_2_page_6,444.1,275.4,1042.0
1879790,stimulus_Ins_HumanRights_2_page_6,444.0,275.6,1041.0
1879791,stimulus_Ins_HumanRights_2_page_6,444.0,275.7,1039.0
1879792,stimulus_Ins_HumanRights_2_page_6,443.9,275.9,1038.0
1879793,stimulus_Ins_HumanRights_2_page_6,443.8,276.0,1039.0
1879794,stimulus_Ins_HumanRights_2_page_6,443.8,276.1,1039.0
1879795,stimulus_Ins_HumanRights_2_page_6,443.8,276.1,1040.0
1879796,stimulus_Ins_HumanRights_2_page_6,443.9,276.1,1040.0
1879797,stimulus_Ins_HumanRights_2_page_6,443.9,276.0,1040.0
1879798,stimulus_Ins_HumanRights_2_page_6,443.9,275.9,1040.0
1879799,stimulus_Ins_HumanRights_2_page_6,443.8,276.0,1039.0
1879800,stimulus_Ins_HumanRights_2_page_6,443.7,276.1,1039.0
1879801,stimulus_Ins_HumanRights_2_page_6,443.7,276.2,1039.0
1879802,stimulus_Ins_HumanRights_2_page_6,443.7,276.1,1038.0
1879803,stimulus_Ins_HumanRights_2_page_6,443.7,275.9,1037.0
1879804,stimulus_Ins_HumanRights_2_page_6,443.7,275.7,1037.0
1879805,stimulus_Ins_HumanRights_2_page_6,443.5,275.6,1039.0
1879806,stimulus_Ins_HumanRights_2_page_6,443.2,275.5,1041.0
1879807,stimulus_Ins_HumanRights_2_page_6,442.9,275.4,1042.0
1879808,stimulus_Ins_HumanRights_2_page_6,442.9,275.7,1044.0
1879809,stimulus_Ins_HumanRights_2_page_6,442.9,276.0,1045.0
1879810,stimulus_Ins_HumanRights_2_page_6,443.0,276.3,1045.0
1879811,stimulus_Ins_HumanRights_2_page_6,443.2,276.2,1045.0
1879812,stimulus_Ins_HumanRights_2_page_6,443.3,276.2,1044.0
1879813,stimulus_Ins_HumanRights_2_page_6,443.2,276.3,1042.0
1879814,stimulus_Ins_HumanRights_2_page_6,443.0,276.4,1040.0
1879815,stimulus_Ins_HumanRights_2_page_6,442.9,276.4,1039.0
1879816,stimulus_Ins_HumanRights_2_page_6,442.9,276.5,1041.0
1879817,stimulus_Ins_HumanRights_2_page_6,443.0,276.6,1042.0
1879818,stimulus_Ins_HumanRights_2_page_6,442.6,276.3,1043.0
1879819,stimulus_Ins_HumanRights_2_page_6,442.2,276.0,1042.0
1879820,stimulus_Ins_HumanRights_2_page_6,442.3,275.7,1043.0
1879821,stimulus_Ins_HumanRights_2_page_6,442.8,275.8,1043.0
1879822,stimulus_Ins_HumanRights_2_page_6,443.4,275.9,1044.0
1879823,stimulus_Ins_HumanRights_2_page_6,443.5,276.1,1043.0
1879824,stimulus_Ins_HumanRights_2_page_6,443.6,276.3,1042.0
1879825,stimulus_Ins_HumanRights_2_page_6,443.6,276.5,1042.0
1879826,stimulus_Ins_HumanRights_2_page_6,443.4,276.5,1042.0
1879827,stimulus_Ins_HumanRights_2_page_6,443.2,276.3,1043.0
1879828,stimulus_Ins_HumanRights_2_page_6,443.0,275.9,1043.0
1879829,stimulus_Ins_HumanRights_2_page_6,442.9,275.6,1043.0
1879830,stimulus_Ins_HumanRights_2_page_6,442.7,275.4,1043.0
1879831,stimulus_Ins_HumanRights_2_page_6,442.4,275.1,1043.0
1879832,stimulus_Ins_HumanRights_2_page_6,442.1,274.9,1043.0
1879833,stimulus_Ins_HumanRights_2_page_6,442.1,274.8,1044.0
1879834,stimulus_Ins_HumanRights_2_page_6,442.0,274.9,1044.0
1879835,stimulus_Ins_HumanRights_2_page_6,442.1,274.9,1045.0
1879836,stimulus_Ins_HumanRights_2_page_6,442.3,274.8,1045.0
1879837,stimulus_Ins_HumanRights_2_page_6,442.5,274.8,1045.0
1879838,stimulus_Ins_HumanRights_2_page_6,442.4,274.9,1046.0
1879839,stimulus_Ins_HumanRights_2_page_6,442.4,275.1,1046.0
1879840,stimulus_Ins_HumanRights_2_page_6,442.4,275.4,1045.0
1879841,stimulus_Ins_HumanRights_2_page_6,442.5,275.5,1044.0
1879842,stimulus_Ins_HumanRights_2_page_6,442.7,275.8,1043.0
1879843,stimulus_Ins_HumanRights_2_page_6,442.8,276.2,1043.0
1879844,stimulus_Ins_HumanRights_2_page_6,442.7,276.2,1044.0
1879845,stimulus_Ins_HumanRights_2_page_6,442.6,276.0,1044.0
1879846,stimulus_Ins_HumanRights_2_page_6,442.6,275.8,1045.0
1879847,stimulus_Ins_HumanRights_2_page_6,442.4,275.8,1045.0
1879848,stimulus_Ins_HumanRights_2_page_6,442.2,275.8,1046.0
1879849,stimulus_Ins_HumanRights_2_page_6,442.0,275.9,1047.0
1879850,stimulus_Ins_HumanRights_2_page_6,442.4,275.9,1047.0
1879851,stimulus_Ins_HumanRights_2_page_6,442.8,275.6,1047.0
1879852,stimulus_Ins_HumanRights_2_page_6,443.1,275.4,1047.0
1879853,stimulus_Ins_HumanRights_2_page_6,443.0,275.3,1048.0
1879854,stimulus_Ins_HumanRights_2_page_6,442.7,275.5,1048.0
1879855,stimulus_Ins_HumanRights_2_page_6,442.5,275.4,1047.0
1879856,stimulus_Ins_HumanRights_2_page_6,442.5,275.2,1047.0
1879857,stimulus_Ins_HumanRights_2_page_6,442.5,275.2,1047.0
1879858,stimulus_Ins_HumanRights_2_page_6,442.5,275.5,1049.0
1879859,stimulus_Ins_HumanRights_2_page_6,442.8,275.5,1050.0
1879860,stimulus_Ins_HumanRights_2_page_6,443.1,275.4,1050.0
1879861,stimulus_Ins_HumanRights_2_page_6,443.4,275.2,1049.0
1879862,stimulus_Ins_HumanRights_2_page_6,443.3,275.0,1047.0
1879863,stimulus_Ins_HumanRights_2_page_6,443.3,274.9,1045.0
1879864,stimulus_Ins_HumanRights_2_page_6,443.3,275.0,1046.0
1879865,stimulus_Ins_HumanRights_2_page_6,443.3,275.2,1047.0
1879866,stimulus_Ins_HumanRights_2_page_6,443.3,275.4,1048.0
1879867,stimulus_Ins_HumanRights_2_page_6,443.3,275.4,1049.0
1879868,stimulus_Ins_HumanRights_2_page_6,443.1,275.0,1049.0
1879869,stimulus_Ins_HumanRights_2_page_6,442.9,274.7,1049.0
1879870,stimulus_Ins_HumanRights_2_page_6,442.7,274.3,1049.0
1879871,stimulus_Ins_HumanRights_2_page_6,442.8,274.5,1048.0
1879872,stimulus_Ins_HumanRights_2_page_6,443.0,274.6,1047.0
1879873,stimulus_Ins_HumanRights_2_page_6,443.0,274.7,1046.0
1879874,stimulus_Ins_HumanRights_2_page_6,442.9,274.8,1046.0
1879875,stimulus_Ins_HumanRights_2_page_6,442.8,274.9,1046.0
1879876,stimulus_Ins_HumanRights_2_page_6,442.8,275.0,1046.0
1879877,stimulus_Ins_HumanRights_2_page_6,442.7,275.0,1045.0
1879878,stimulus_Ins_HumanRights_2_page_6,442.7,275.0,1045.0
1879879,stimulus_Ins_HumanRights_2_page_6,442.7,274.9,1046.0
1879880,stimulus_Ins_HumanRights_2_page_6,442.6,274.7,1048.0
1879881,stimulus_Ins_HumanRights_2_page_6,442.6,274.7,1049.0
1879882,stimulus_Ins_HumanRights_2_page_6,442.7,274.9,1049.0
1879883,stimulus_Ins_HumanRights_2_page_6,442.7,275.1,1048.0
1879884,stimulus_Ins_HumanRights_2_page_6,442.8,275.4,1048.0
1879885,stimulus_Ins_HumanRights_2_page_6,442.8,275.7,1048.0
1879886,stimulus_Ins_HumanRights_2_page_6,442.8,275.9,1049.0
1879887,stimulus_Ins_HumanRights_2_page_6,442.8,275.9,1049.0
1879888,stimulus_Ins_HumanRights_2_page_6,442.7,275.9,1049.0
1879889,stimulus_Ins_HumanRights_2_page_6,442.6,275.9,1048.0
1879890,stimulus_Ins_HumanRights_2_page_6,442.7,275.9,1048.0
1879891,stimulus_Ins_HumanRights_2_page_6,443.0,276.3,1048.0
1879892,stimulus_Ins_HumanRights_2_page_6,443.2,276.6,1048.0
1879893,stimulus_Ins_HumanRights_2_page_6,443.0,276.9,1048.0
1879894,stimulus_Ins_HumanRights_2_page_6,442.8,277.1,1048.0
1879895,stimulus_Ins_HumanRights_2_page_6,442.7,277.2,1048.0
1879896,stimulus_Ins_HumanRights_2_page_6,442.8,277.4,1049.0
1879897,stimulus_Ins_HumanRights_2_page_6,442.8,277.3,1049.0
1879898,stimulus_Ins_HumanRights_2_page_6,442.8,276.9,1050.0
1879899,stimulus_Ins_HumanRights_2_page_6,442.8,276.5,1051.0
1879900,stimulus_Ins_HumanRights_2_page_6,443.0,275.9,1052.0
1879901,stimulus_Ins_HumanRights_2_page_6,443.0,275.8,1052.0
1879902,stimulus_Ins_HumanRights_2_page_6,443.0,275.8,1052.0
1879903,stimulus_Ins_HumanRights_2_page_6,442.9,276.1,1052.0
1879904,stimulus_Ins_HumanRights_2_page_6,442.9,276.5,1052.0
1879905,stimulus_Ins_HumanRights_2_page_6,443.1,276.6,1052.0
1879906,stimulus_Ins_HumanRights_2_page_6,443.3,276.6,1052.0
1879907,stimulus_Ins_HumanRights_2_page_6,443.2,276.5,1052.0
1879908,stimulus_Ins_HumanRights_2_page_6,442.9,276.5,1053.0
1879909,stimulus_Ins_HumanRights_2_page_6,442.6,276.6,1054.0
1879910,stimulus_Ins_HumanRights_2_page_6,442.5,276.6,1054.0
1879911,stimulus_Ins_HumanRights_2_page_6,442.6,276.7,1053.0
1879912,stimulus_Ins_HumanRights_2_page_6,442.7,276.8,1053.0
1879913,stimulus_Ins_HumanRights_2_page_6,442.9,277.0,1053.0
1879914,stimulus_Ins_HumanRights_2_page_6,443.1,277.1,1053.0
1879915,stimulus_Ins_HumanRights_2_page_6,443.0,277.2,1052.0
1879916,stimulus_Ins_HumanRights_2_page_6,442.8,277.3,1052.0
1879917,stimulus_Ins_HumanRights_2_page_6,442.6,277.4,1052.0
1879918,stimulus_Ins_HumanRights_2_page_6,442.7,277.4,1052.0
1879919,stimulus_Ins_HumanRights_2_page_6,442.7,277.4,1052.0
1879920,stimulus_Ins_HumanRights_2_page_6,442.7,277.3,1052.0
1879921,stimulus_Ins_HumanRights_2_page_6,442.7,277.1,1052.0
1879922,stimulus_Ins_HumanRights_2_page_6,442.8,276.9,1052.0
1879923,stimulus_Ins_HumanRights_2_page_6,442.8,276.8,1053.0
1879924,stimulus_Ins_HumanRights_2_page_6,442.8,276.9,1053.0
1879925,stimulus_Ins_HumanRights_2_page_6,442.7,277.2,1053.0
1879926,stimulus_Ins_HumanRights_2_page_6,442.7,277.6,1054.0
1879927,stimulus_Ins_HumanRights_2_page_6,442.5,277.8,1056.0
1879928,stimulus_Ins_HumanRights_2_page_6,442.4,277.7,1057.0
1879929,stimulus_Ins_HumanRights_2_page_6,442.4,277.7,1057.0
1879930,stimulus_Ins_HumanRights_2_page_6,442.6,277.7,1057.0
1879931,stimulus_Ins_HumanRights_2_page_6,442.7,277.9,1056.0
1879932,stimulus_Ins_HumanRights_2_page_6,442.6,278.1,1056.0
1879933,stimulus_Ins_HumanRights_2_page_6,442.5,278.3,1056.0
1879934,stimulus_Ins_HumanRights_2_page_6,442.4,278.2,1056.0
1879935,stimulus_Ins_HumanRights_2_page_6,442.4,278.1,1055.0
1879936,stimulus_Ins_HumanRights_2_page_6,442.6,278.1,1054.0
1879937,stimulus_Ins_HumanRights_2_page_6,442.8,278.1,1054.0
1879938,stimulus_Ins_HumanRights_2_page_6,442.8,278.1,1054.0
1879939,stimulus_Ins_HumanRights_2_page_6,442.5,278.0,1054.0
1879940,stimulus_Ins_HumanRights_2_page_6,442.2,277.9,1054.0
1879941,stimulus_Ins_HumanRights_2_page_6,442.3,277.9,1054.0
1879942,stimulus_Ins_HumanRights_2_page_6,442.3,277.9,1054.0
1879943,stimulus_Ins_HumanRights_2_page_6,442.5,278.0,1053.0
1879944,stimulus_Ins_HumanRights_2_page_6,442.5,278.2,1053.0
1879945,stimulus_Ins_HumanRights_2_page_6,442.5,278.4,1053.0
1879946,stimulus_Ins_HumanRights_2_page_6,442.1,278.2,1053.0
1879947,stimulus_Ins_HumanRights_2_page_6,441.7,277.9,1054.0
1879948,stimulus_Ins_HumanRights_2_page_6,441.3,277.7,1054.0
1879949,stimulus_Ins_HumanRights_2_page_6,441.0,277.9,1054.0
1879950,stimulus_Ins_HumanRights_2_page_6,440.9,278.0,1055.0
1879951,stimulus_Ins_HumanRights_2_page_6,440.8,277.9,1055.0
1879952,stimulus_Ins_HumanRights_2_page_6,440.9,277.7,1054.0
1879953,stimulus_Ins_HumanRights_2_page_6,440.9,277.7,1054.0
1879954,stimulus_Ins_HumanRights_2_page_6,441.0,277.7,1055.0
1879955,stimulus_Ins_HumanRights_2_page_6,441.0,277.9,1056.0
1879956,stimulus_Ins_HumanRights_2_page_6,441.1,278.1,1057.0
1879957,stimulus_Ins_HumanRights_2_page_6,441.1,278.3,1057.0
1879958,stimulus_Ins_HumanRights_2_page_6,441.0,278.4,1057.0
1879959,stimulus_Ins_HumanRights_2_page_6,441.0,278.3,1057.0
1879960,stimulus_Ins_HumanRights_2_page_6,441.0,278.2,1057.0
1879961,stimulus_Ins_HumanRights_2_page_6,440.9,278.0,1056.0
1879962,stimulus_Ins_HumanRights_2_page_6,440.8,278.2,1056.0
1879963,stimulus_Ins_HumanRights_2_page_6,440.7,278.5,1056.0
1879964,stimulus_Ins_HumanRights_2_page_6,440.7,278.5,1056.0
1879965,stimulus_Ins_HumanRights_2_page_6,440.7,278.2,1057.0
1879966,stimulus_Ins_HumanRights_2_page_6,440.7,277.9,1058.0
1879967,stimulus_Ins_HumanRights_2_page_6,440.7,277.6,1058.0
1879968,stimulus_Ins_HumanRights_2_page_6,440.7,277.5,1058.0
1879969,stimulus_Ins_HumanRights_2_page_6,440.9,277.5,1058.0
1879970,stimulus_Ins_HumanRights_2_page_6,441.1,277.6,1058.0
1879971,stimulus_Ins_HumanRights_2_page_6,441.3,277.9,1058.0
1879972,stimulus_Ins_HumanRights_2_page_6,441.5,278.1,1058.0
1879973,stimulus_Ins_HumanRights_2_page_6,441.6,278.3,1057.0
1879974,stimulus_Ins_HumanRights_2_page_6,441.8,278.2,1056.0
1879975,stimulus_Ins_HumanRights_2_page_6,441.7,278.0,1056.0
1879976,stimulus_Ins_HumanRights_2_page_6,441.6,277.9,1057.0
1879977,stimulus_Ins_HumanRights_2_page_6,441.3,278.0,1058.0
1879978,stimulus_Ins_HumanRights_2_page_6,441.0,278.2,1058.0
1879979,stimulus_Ins_HumanRights_2_page_6,441.1,278.4,1058.0
1879980,stimulus_Ins_HumanRights_2_page_6,441.6,278.4,1059.0
1879981,stimulus_Ins_HumanRights_2_page_6,442.1,278.3,1058.0
1879982,stimulus_Ins_HumanRights_2_page_6,442.1,278.4,1058.0
1879983,stimulus_Ins_HumanRights_2_page_6,442.0,278.6,1057.0
1879984,stimulus_Ins_HumanRights_2_page_6,441.7,278.8,1058.0
1879985,stimulus_Ins_HumanRights_2_page_6,441.5,278.9,1058.0
1879986,stimulus_Ins_HumanRights_2_page_6,441.8,279.1,1058.0
1879987,stimulus_Ins_HumanRights_2_page_6,442.0,279.2,1058.0
1879988,stimulus_Ins_HumanRights_2_page_6,442.1,279.5,1058.0
1879989,stimulus_Ins_HumanRights_2_page_6,441.9,279.7,1058.0
1879990,stimulus_Ins_HumanRights_2_page_6,441.8,279.7,1058.0
1879991,stimulus_Ins_HumanRights_2_page_6,442.2,279.6,1058.0
1879992,stimulus_Ins_HumanRights_2_page_6,442.5,279.7,1057.0
1879993,stimulus_Ins_HumanRights_2_page_6,442.7,279.8,1056.0
1879994,stimulus_Ins_HumanRights_2_page_6,442.7,279.6,1055.0
1879995,stimulus_Ins_HumanRights_2_page_6,442.8,279.4,1054.0
1879996,stimulus_Ins_HumanRights_2_page_6,442.9,279.1,1054.0
1879997,stimulus_Ins_HumanRights_2_page_6,442.8,278.9,1055.0
1879998,stimulus_Ins_HumanRights_2_page_6,442.7,278.7,1057.0
1879999,stimulus_Ins_HumanRights_2_page_6,442.5,278.5,1059.0
1880000,stimulus_Ins_HumanRights_2_page_6,442.3,278.5,1060.0
1880001,stimulus_Ins_HumanRights_2_page_6,442.2,278.5,1060.0
1880002,stimulus_Ins_HumanRights_2_page_6,442.1,278.4,1058.0
1880003,stimulus_Ins_HumanRights_2_page_6,442.1,278.4,1057.0
1880004,stimulus_Ins_HumanRights_2_page_6,442.0,278.5,1055.0
1880005,stimulus_Ins_HumanRights_2_page_6,441.9,278.6,1055.0
1880006,stimulus_Ins_HumanRights_2_page_6,441.9,278.6,1056.0
1880007,stimulus_Ins_HumanRights_2_page_6,441.8,278.5,1056.0
1880008,stimulus_Ins_HumanRights_2_page_6,441.8,278.1,1056.0
1880009,stimulus_Ins_HumanRights_2_page_6,441.7,277.7,1056.0
1880010,stimulus_Ins_HumanRights_2_page_6,441.7,277.4,1056.0
1880011,stimulus_Ins_HumanRights_2_page_6,441.4,277.2,1056.0
1880012,stimulus_Ins_HumanRights_2_page_6,441.1,277.1,1055.0
1880013,stimulus_Ins_HumanRights_2_page_6,440.9,277.0,1054.0
1880014,stimulus_Ins_HumanRights_2_page_6,441.0,276.8,1053.0
1880015,stimulus_Ins_HumanRights_2_page_6,441.0,276.4,1053.0
1880016,stimulus_Ins_HumanRights_2_page_6,441.0,276.2,1054.0
1880017,stimulus_Ins_HumanRights_2_page_6,441.0,276.0,1055.0
1880018,stimulus_Ins_HumanRights_2_page_6,441.1,276.0,1056.0
1880019,stimulus_Ins_HumanRights_2_page_6,441.1,275.9,1056.0
1880020,stimulus_Ins_HumanRights_2_page_6,441.1,275.7,1057.0
1880021,stimulus_Ins_HumanRights_2_page_6,441.3,275.4,1057.0
1880022,stimulus_Ins_HumanRights_2_page_6,441.6,275.5,1056.0
1880023,stimulus_Ins_HumanRights_2_page_6,441.7,275.5,1056.0
1880024,stimulus_Ins_HumanRights_2_page_6,441.5,275.6,1055.0
1880025,stimulus_Ins_HumanRights_2_page_6,441.6,275.7,1056.0
1880026,stimulus_Ins_HumanRights_2_page_6,441.8,275.9,1056.0
1880027,stimulus_Ins_HumanRights_2_page_6,442.1,276.1,1056.0
1880028,stimulus_Ins_HumanRights_2_page_6,442.2,276.1,1055.0
1880029,stimulus_Ins_HumanRights_2_page_6,442.5,276.0,1053.0
1880030,stimulus_Ins_HumanRights_2_page_6,442.6,275.9,1052.0
1880031,stimulus_Ins_HumanRights_2_page_6,442.6,275.8,1051.0
1880032,stimulus_Ins_HumanRights_2_page_6,442.5,275.8,1052.0
1880033,stimulus_Ins_HumanRights_2_page_6,442.6,275.8,1053.0
1880034,stimulus_Ins_HumanRights_2_page_6,442.6,275.8,1053.0
1880035,stimulus_Ins_HumanRights_2_page_6,442.6,275.8,1052.0
1880036,stimulus_Ins_HumanRights_2_page_6,442.5,275.9,1052.0
1880037,stimulus_Ins_HumanRights_2_page_6,442.5,276.0,1052.0
1880038,stimulus_Ins_HumanRights_2_page_6,442.5,276.1,1053.0
1880039,stimulus_Ins_HumanRights_2_page_6,442.4,276.2,1053.0
1880040,stimulus_Ins_HumanRights_2_page_6,442.7,276.2,1053.0
1880041,stimulus_Ins_HumanRights_2_page_6,443.1,276.2,1051.0
1880042,stimulus_Ins_HumanRights_2_page_6,443.5,276.1,1049.0
1880043,stimulus_Ins_HumanRights_2_page_6,443.4,275.9,1047.0
1880044,stimulus_Ins_HumanRights_2_page_6,443.4,275.8,1047.0
1880045,stimulus_Ins_HumanRights_2_page_6,443.4,275.7,1047.0
1880046,stimulus_Ins_HumanRights_2_page_6,443.4,275.8,1046.0
1880047,stimulus_Ins_HumanRights_2_page_6,443.4,275.9,1046.0
1880048,stimulus_Ins_HumanRights_2_page_6,443.5,275.9,1047.0
1880049,stimulus_Ins_HumanRights_2_page_6,443.7,275.9,1049.0
1880050,stimulus_Ins_HumanRights_2_page_6,444.0,275.9,1051.0
1880051,stimulus_Ins_HumanRights_2_page_6,444.2,276.0,1050.0
1880052,stimulus_Ins_HumanRights_2_page_6,444.0,276.1,1048.0
1880053,stimulus_Ins_HumanRights_2_page_6,444.0,276.1,1045.0
1880054,stimulus_Ins_HumanRights_2_page_6,444.1,276.1,1043.0
1880055,stimulus_Ins_HumanRights_2_page_6,444.3,276.0,1042.0
1880056,stimulus_Ins_HumanRights_2_page_6,444.5,276.0,1042.0
1880057,stimulus_Ins_HumanRights_2_page_6,444.6,276.1,1042.0
1880058,stimulus_Ins_HumanRights_2_page_6,444.5,276.2,1042.0
1880059,stimulus_Ins_HumanRights_2_page_6,444.4,276.6,1043.0
1880060,stimulus_Ins_HumanRights_2_page_6,444.3,276.9,1043.0
1880061,stimulus_Ins_HumanRights_2_page_6,444.4,277.2,1043.0
1880062,stimulus_Ins_HumanRights_2_page_6,444.5,277.4,1043.0
1880063,stimulus_Ins_HumanRights_2_page_6,444.5,277.5,1042.0
1880064,stimulus_Ins_HumanRights_2_page_6,444.6,277.3,1042.0
1880065,stimulus_Ins_HumanRights_2_page_6,444.6,277.1,1042.0
1880066,stimulus_Ins_HumanRights_2_page_6,444.6,276.7,1042.0
1880067,stimulus_Ins_HumanRights_2_page_6,444.7,276.7,1043.0
1880068,stimulus_Ins_HumanRights_2_page_6,444.7,276.7,1043.0
1880069,stimulus_Ins_HumanRights_2_page_6,444.7,276.9,1044.0
1880070,stimulus_Ins_HumanRights_2_page_6,444.8,277.1,1043.0
1880071,stimulus_Ins_HumanRights_2_page_6,444.9,277.4,1041.0
1880072,stimulus_Ins_HumanRights_2_page_6,445.0,277.6,1039.0
1880073,stimulus_Ins_HumanRights_2_page_6,445.0,277.7,1038.0
1880074,stimulus_Ins_HumanRights_2_page_6,445.0,277.7,1039.0
1880075,stimulus_Ins_HumanRights_2_page_6,445.1,277.2,1040.0
1880076,stimulus_Ins_HumanRights_2_page_6,445.4,276.7,1041.0
1880077,stimulus_Ins_HumanRights_2_page_6,445.7,276.4,1041.0
1880078,stimulus_Ins_HumanRights_2_page_6,445.8,276.7,1041.0
1880079,stimulus_Ins_HumanRights_2_page_6,445.5,277.0,1040.0
1880080,stimulus_Ins_HumanRights_2_page_6,445.2,277.8,1040.0
1880081,stimulus_Ins_HumanRights_2_page_6,445.0,278.5,1039.0
1880082,stimulus_Ins_HumanRights_2_page_6,445.0,279.1,1039.0
1880083,stimulus_Ins_HumanRights_2_page_6,445.0,279.1,1038.0
1880084,stimulus_Ins_HumanRights_2_page_6,444.9,278.8,1039.0
1880085,stimulus_Ins_HumanRights_2_page_6,444.9,278.5,1039.0
1880086,stimulus_Ins_HumanRights_2_page_6,445.2,278.5,1039.0
1880087,stimulus_Ins_HumanRights_2_page_6,445.5,278.8,1039.0
1880088,stimulus_Ins_HumanRights_2_page_6,445.7,279.2,1041.0
1880089,stimulus_Ins_HumanRights_2_page_6,445.6,279.3,1042.0
1880090,stimulus_Ins_HumanRights_2_page_6,445.6,279.3,1041.0
1880091,stimulus_Ins_HumanRights_2_page_6,445.2,279.2,1039.0
1880092,stimulus_Ins_HumanRights_2_page_6,444.8,279.2,1038.0
1880093,stimulus_Ins_HumanRights_2_page_6,444.4,279.3,1039.0
1880094,stimulus_Ins_HumanRights_2_page_6,444.7,279.4,1039.0
1880095,stimulus_Ins_HumanRights_2_page_6,445.0,279.5,1039.0
1880096,stimulus_Ins_HumanRights_2_page_6,445.3,279.4,1040.0
1880097,stimulus_Ins_HumanRights_2_page_6,445.3,279.4,1041.0
1880098,stimulus_Ins_HumanRights_2_page_6,445.6,279.8,1042.0
1880099,stimulus_Ins_HumanRights_2_page_6,445.9,280.2,1042.0
1880100,stimulus_Ins_HumanRights_2_page_6,446.1,280.6,1042.0
1880101,stimulus_Ins_HumanRights_2_page_6,446.1,280.5,1042.0
1880102,stimulus_Ins_HumanRights_2_page_6,446.0,280.4,1041.0
1880103,stimulus_Ins_HumanRights_2_page_6,445.9,280.2,1041.0
1880104,stimulus_Ins_HumanRights_2_page_6,445.8,280.4,1041.0
1880105,stimulus_Ins_HumanRights_2_page_6,445.8,280.6,1043.0
1880106,stimulus_Ins_HumanRights_2_page_6,445.5,280.8,1045.0
1880107,stimulus_Ins_HumanRights_2_page_6,445.3,280.8,1046.0
1880108,stimulus_Ins_HumanRights_2_page_6,445.4,280.8,1045.0
1880109,stimulus_Ins_HumanRights_2_page_6,447.5,280.8,1045.0
1880110,stimulus_Ins_HumanRights_2_page_6,451.6,280.4,1045.0
1880111,stimulus_Ins_HumanRights_2_page_6,457.9,280.1,1045.0
1880112,stimulus_Ins_HumanRights_2_page_6,463.8,279.8,1045.0
1880113,stimulus_Ins_HumanRights_2_page_6,468.8,279.5,1045.0
1880114,stimulus_Ins_HumanRights_2_page_6,474.4,279.2,1045.0
1880115,stimulus_Ins_HumanRights_2_page_6,481.4,279.4,1048.0
1880116,stimulus_Ins_HumanRights_2_page_6,490.9,280.8,1050.0
1880117,stimulus_Ins_HumanRights_2_page_6,499.0,282.1,1054.0
1880118,stimulus_Ins_HumanRights_2_page_6,507.4,282.9,1057.0
1880119,stimulus_Ins_HumanRights_2_page_6,516.6,283.5,1059.0
1880120,stimulus_Ins_HumanRights_2_page_6,526.3,284.1,1060.0
1880121,stimulus_Ins_HumanRights_2_page_6,535.4,284.7,1060.0
1880122,stimulus_Ins_HumanRights_2_page_6,543.4,284.8,1060.0
1880123,stimulus_Ins_HumanRights_2_page_6,553.1,286.8,1061.0
1880124,stimulus_Ins_HumanRights_2_page_6,562.4,289.0,1063.0
1880125,stimulus_Ins_HumanRights_2_page_6,571.1,291.4,1065.0
1880126,stimulus_Ins_HumanRights_2_page_6,578.6,292.7,1065.0
1880127,stimulus_Ins_HumanRights_2_page_6,587.5,293.8,1065.0
1880128,stimulus_Ins_HumanRights_2_page_6,595.0,294.8,1065.0
1880129,stimulus_Ins_HumanRights_2_page_6,602.2,295.5,1065.0
1880130,stimulus_Ins_HumanRights_2_page_6,609.7,296.3,1065.0
1880131,stimulus_Ins_HumanRights_2_page_6,618.2,296.9,1065.0
1880132,stimulus_Ins_HumanRights_2_page_6,626.1,296.7,1066.0
1880133,stimulus_Ins_HumanRights_2_page_6,632.2,296.1,1066.0
1880134,stimulus_Ins_HumanRights_2_page_6,638.4,295.5,1066.0
1880135,stimulus_Ins_HumanRights_2_page_6,646.2,295.6,1065.0
1880136,stimulus_Ins_HumanRights_2_page_6,653.9,295.9,1065.0
1880137,stimulus_Ins_HumanRights_2_page_6,661.0,296.2,1065.0
1880138,stimulus_Ins_HumanRights_2_page_6,665.4,296.1,1064.0
1880139,stimulus_Ins_HumanRights_2_page_6,668.6,295.5,1061.0
1880140,stimulus_Ins_HumanRights_2_page_6,670.5,294.9,1057.0
1880141,stimulus_Ins_HumanRights_2_page_6,671.8,294.2,1056.0
1880142,stimulus_Ins_HumanRights_2_page_6,672.6,294.1,1055.0
1880143,stimulus_Ins_HumanRights_2_page_6,673.1,294.1,1055.0
1880144,stimulus_Ins_HumanRights_2_page_6,673.3,294.1,1055.0
1880145,stimulus_Ins_HumanRights_2_page_6,673.9,293.8,1055.0
1880146,stimulus_Ins_HumanRights_2_page_6,674.7,293.4,1056.0
1880147,stimulus_Ins_HumanRights_2_page_6,675.9,293.0,1056.0
1880148,stimulus_Ins_HumanRights_2_page_6,676.9,293.0,1056.0
1880149,stimulus_Ins_HumanRights_2_page_6,677.9,293.0,1056.0
1880150,stimulus_Ins_HumanRights_2_page_6,678.7,292.9,1058.0
1880151,stimulus_Ins_HumanRights_2_page_6,679.3,292.9,1060.0
1880152,stimulus_Ins_HumanRights_2_page_6,679.7,292.9,1061.0
1880153,stimulus_Ins_HumanRights_2_page_6,680.2,293.0,1061.0
1880154,stimulus_Ins_HumanRights_2_page_6,680.9,292.9,1059.0
1880155,stimulus_Ins_HumanRights_2_page_6,681.4,292.8,1057.0
1880156,stimulus_Ins_HumanRights_2_page_6,681.7,292.5,1054.0
1880157,stimulus_Ins_HumanRights_2_page_6,682.1,292.4,1055.0
1880158,stimulus_Ins_HumanRights_2_page_6,682.5,292.4,1055.0
1880159,stimulus_Ins_HumanRights_2_page_6,682.9,292.3,1055.0
1880160,stimulus_Ins_HumanRights_2_page_6,683.2,292.3,1053.0
1880161,stimulus_Ins_HumanRights_2_page_6,683.6,292.1,1052.0
1880162,stimulus_Ins_HumanRights_2_page_6,684.0,292.0,1050.0
1880163,stimulus_Ins_HumanRights_2_page_6,684.2,291.8,1050.0
1880164,stimulus_Ins_HumanRights_2_page_6,684.3,291.7,1050.0
1880165,stimulus_Ins_HumanRights_2_page_6,684.3,291.9,1050.0
1880166,stimulus_Ins_HumanRights_2_page_6,684.3,292.0,1050.0
1880167,stimulus_Ins_HumanRights_2_page_6,684.5,291.7,1050.0
1880168,stimulus_Ins_HumanRights_2_page_6,684.6,291.3,1050.0
1880169,stimulus_Ins_HumanRights_2_page_6,684.8,290.8,1049.0
1880170,stimulus_Ins_HumanRights_2_page_6,685.0,290.8,1049.0
1880171,stimulus_Ins_HumanRights_2_page_6,685.1,290.9,1048.0
1880172,stimulus_Ins_HumanRights_2_page_6,684.8,291.2,1047.0
1880173,stimulus_Ins_HumanRights_2_page_6,684.5,291.5,1047.0
1880174,stimulus_Ins_HumanRights_2_page_6,684.3,291.7,1047.0
1880175,stimulus_Ins_HumanRights_2_page_6,684.5,291.6,1049.0
1880176,stimulus_Ins_HumanRights_2_page_6,684.7,291.4,1051.0
1880177,stimulus_Ins_HumanRights_2_page_6,684.9,291.2,1051.0
1880178,stimulus_Ins_HumanRights_2_page_6,685.1,291.3,1050.0
1880179,stimulus_Ins_HumanRights_2_page_6,685.4,291.3,1050.0
1880180,stimulus_Ins_HumanRights_2_page_6,685.5,291.2,1050.0
1880181,stimulus_Ins_HumanRights_2_page_6,685.4,291.1,1050.0
1880182,stimulus_Ins_HumanRights_2_page_6,685.2,291.2,1051.0
1880183,stimulus_Ins_HumanRights_2_page_6,685.1,291.2,1050.0
1880184,stimulus_Ins_HumanRights_2_page_6,685.1,291.3,1050.0
1880185,stimulus_Ins_HumanRights_2_page_6,685.2,291.7,1050.0
1880186,stimulus_Ins_HumanRights_2_page_6,685.3,291.9,1050.0
1880187,stimulus_Ins_HumanRights_2_page_6,685.4,292.0,1050.0
1880188,stimulus_Ins_HumanRights_2_page_6,685.4,291.7,1049.0
1880189,stimulus_Ins_HumanRights_2_page_6,685.4,291.4,1048.0
1880190,stimulus_Ins_HumanRights_2_page_6,685.3,291.5,1047.0
1880191,stimulus_Ins_HumanRights_2_page_6,685.3,291.6,1046.0
1880192,stimulus_Ins_HumanRights_2_page_6,685.5,291.7,1046.0
1880193,stimulus_Ins_HumanRights_2_page_6,686.0,292.0,1047.0
1880194,stimulus_Ins_HumanRights_2_page_6,686.3,292.2,1047.0
1880195,stimulus_Ins_HumanRights_2_page_6,686.4,292.5,1048.0
1880196,stimulus_Ins_HumanRights_2_page_6,686.4,292.4,1050.0
1880197,stimulus_Ins_HumanRights_2_page_6,686.5,292.2,1053.0
1880198,stimulus_Ins_HumanRights_2_page_6,686.5,292.3,1054.0
1880199,stimulus_Ins_HumanRights_2_page_6,686.6,292.5,1053.0
1880200,stimulus_Ins_HumanRights_2_page_6,686.5,292.7,1052.0
1880201,stimulus_Ins_HumanRights_2_page_6,686.3,292.7,1053.0
1880202,stimulus_Ins_HumanRights_2_page_6,686.1,292.7,1053.0
1880203,stimulus_Ins_HumanRights_2_page_6,686.2,292.8,1053.0
1880204,stimulus_Ins_HumanRights_2_page_6,686.3,292.9,1052.0
1880205,stimulus_Ins_HumanRights_2_page_6,686.4,292.9,1051.0
1880206,stimulus_Ins_HumanRights_2_page_6,686.3,292.7,1052.0
1880207,stimulus_Ins_HumanRights_2_page_6,686.5,292.3,1053.0
1880208,stimulus_Ins_HumanRights_2_page_6,686.7,292.0,1053.0
1880209,stimulus_Ins_HumanRights_2_page_6,687.1,291.8,1053.0
1880210,stimulus_Ins_HumanRights_2_page_6,687.3,291.8,1053.0
1880211,stimulus_Ins_HumanRights_2_page_6,687.3,291.8,1053.0
1880212,stimulus_Ins_HumanRights_2_page_6,687.2,291.8,1053.0
1880213,stimulus_Ins_HumanRights_2_page_6,687.0,291.8,1052.0
1880214,stimulus_Ins_HumanRights_2_page_6,687.2,291.9,1053.0
1880215,stimulus_Ins_HumanRights_2_page_6,687.3,292.1,1054.0
1880216,stimulus_Ins_HumanRights_2_page_6,687.4,291.9,1054.0
1880217,stimulus_Ins_HumanRights_2_page_6,687.3,291.7,1054.0
1880218,stimulus_Ins_HumanRights_2_page_6,687.2,291.5,1054.0
1880219,stimulus_Ins_HumanRights_2_page_6,687.1,291.5,1054.0
1880220,stimulus_Ins_HumanRights_2_page_6,687.2,291.5,1053.0
1880221,stimulus_Ins_HumanRights_2_page_6,687.2,291.4,1053.0
1880222,stimulus_Ins_HumanRights_2_page_6,687.3,291.3,1053.0
1880223,stimulus_Ins_HumanRights_2_page_6,687.3,291.9,1054.0
1880224,stimulus_Ins_HumanRights_2_page_6,687.4,292.6,1055.0
1880225,stimulus_Ins_HumanRights_2_page_6,687.4,293.4,1054.0
1880226,stimulus_Ins_HumanRights_2_page_6,687.1,293.2,1054.0
1880227,stimulus_Ins_HumanRights_2_page_6,686.7,292.8,1053.0
1880228,stimulus_Ins_HumanRights_2_page_6,686.3,292.4,1054.0
1880229,stimulus_Ins_HumanRights_2_page_6,686.3,292.4,1054.0
1880230,stimulus_Ins_HumanRights_2_page_6,686.3,292.4,1053.0
1880231,stimulus_Ins_HumanRights_2_page_6,686.2,292.5,1052.0
1880232,stimulus_Ins_HumanRights_2_page_6,686.1,292.5,1052.0
1880233,stimulus_Ins_HumanRights_2_page_6,686.4,292.8,1053.0
1880234,stimulus_Ins_HumanRights_2_page_6,686.8,293.1,1054.0
1880235,stimulus_Ins_HumanRights_2_page_6,687.0,293.5,1055.0
1880236,stimulus_Ins_HumanRights_2_page_6,686.8,293.5,1054.0
1880237,stimulus_Ins_HumanRights_2_page_6,686.5,293.7,1053.0
1880238,stimulus_Ins_HumanRights_2_page_6,686.4,293.9,1053.0
1880239,stimulus_Ins_HumanRights_2_page_6,685.9,293.8,1053.0
1880240,stimulus_Ins_HumanRights_2_page_6,685.6,293.1,1053.0
1880241,stimulus_Ins_HumanRights_2_page_6,685.7,292.4,1052.0
1880242,stimulus_Ins_HumanRights_2_page_6,686.2,292.0,1051.0
1880243,stimulus_Ins_HumanRights_2_page_6,686.7,292.0,1050.0
1880244,stimulus_Ins_HumanRights_2_page_6,686.5,292.3,1050.0
1880245,stimulus_Ins_HumanRights_2_page_6,686.4,292.5,1051.0
1880246,stimulus_Ins_HumanRights_2_page_6,686.2,292.7,1051.0
1880247,stimulus_Ins_HumanRights_2_page_6,686.0,292.6,1051.0
1880248,stimulus_Ins_HumanRights_2_page_6,685.7,292.3,1051.0
1880249,stimulus_Ins_HumanRights_2_page_6,685.5,292.1,1051.0
1880250,stimulus_Ins_HumanRights_2_page_6,685.5,292.0,1051.0
1880251,stimulus_Ins_HumanRights_2_page_6,685.2,292.0,1050.0
1880252,stimulus_Ins_HumanRights_2_page_6,684.9,291.9,1050.0
1880253,stimulus_Ins_HumanRights_2_page_6,684.8,291.8,1049.0
1880254,stimulus_Ins_HumanRights_2_page_6,685.0,291.7,1049.0
1880255,stimulus_Ins_HumanRights_2_page_6,685.3,291.8,1049.0
1880256,stimulus_Ins_HumanRights_2_page_6,685.3,291.9,1050.0
1880257,stimulus_Ins_HumanRights_2_page_6,685.2,292.0,1051.0
1880258,stimulus_Ins_HumanRights_2_page_6,685.1,291.5,1051.0
1880259,stimulus_Ins_HumanRights_2_page_6,685.1,291.0,1051.0
1880260,stimulus_Ins_HumanRights_2_page_6,685.0,290.4,1050.0
1880261,stimulus_Ins_HumanRights_2_page_6,685.0,290.4,1050.0
1880262,stimulus_Ins_HumanRights_2_page_6,684.9,290.3,1049.0
1880263,stimulus_Ins_HumanRights_2_page_6,684.8,290.4,1049.0
1880264,stimulus_Ins_HumanRights_2_page_6,684.7,291.1,1050.0
1880265,stimulus_Ins_HumanRights_2_page_6,684.6,291.9,1051.0
1880266,stimulus_Ins_HumanRights_2_page_6,684.6,292.7,1053.0
1880267,stimulus_Ins_HumanRights_2_page_6,684.6,292.7,1053.0
1880268,stimulus_Ins_HumanRights_2_page_6,684.7,292.5,1052.0
1880269,stimulus_Ins_HumanRights_2_page_6,684.9,292.3,1051.0
1880270,stimulus_Ins_HumanRights_2_page_6,684.9,292.5,1051.0
1880271,stimulus_Ins_HumanRights_2_page_6,684.9,292.8,1051.0
1880272,stimulus_Ins_HumanRights_2_page_6,684.9,293.3,1052.0
1880273,stimulus_Ins_HumanRights_2_page_6,684.8,293.4,1052.0
1880274,stimulus_Ins_HumanRights_2_page_6,684.7,293.4,1052.0
1880275,stimulus_Ins_HumanRights_2_page_6,684.5,293.2,1052.0
1880276,stimulus_Ins_HumanRights_2_page_6,684.4,293.0,1052.0
1880277,stimulus_Ins_HumanRights_2_page_6,684.3,292.9,1052.0
1880278,stimulus_Ins_HumanRights_2_page_6,684.3,292.6,1052.0
1880279,stimulus_Ins_HumanRights_2_page_6,684.3,292.3,1052.0
1880280,stimulus_Ins_HumanRights_2_page_6,684.3,292.0,1053.0
1880281,stimulus_Ins_HumanRights_2_page_6,684.5,292.2,1053.0
1880282,stimulus_Ins_HumanRights_2_page_6,684.7,292.4,1053.0
1880283,stimulus_Ins_HumanRights_2_page_6,684.9,292.5,1052.0
1880284,stimulus_Ins_HumanRights_2_page_6,684.8,292.4,1051.0
1880285,stimulus_Ins_HumanRights_2_page_6,684.8,292.2,1052.0
1880286,stimulus_Ins_HumanRights_2_page_6,684.8,292.1,1053.0
1880287,stimulus_Ins_HumanRights_2_page_6,684.7,292.5,1054.0
1880288,stimulus_Ins_HumanRights_2_page_6,684.7,292.9,1055.0
1880289,stimulus_Ins_HumanRights_2_page_6,684.6,293.2,1055.0
1880290,stimulus_Ins_HumanRights_2_page_6,684.4,293.0,1055.0
1880291,stimulus_Ins_HumanRights_2_page_6,684.6,292.7,1054.0
1880292,stimulus_Ins_HumanRights_2_page_6,685.0,292.5,1053.0
1880293,stimulus_Ins_HumanRights_2_page_6,685.5,292.5,1053.0
1880294,stimulus_Ins_HumanRights_2_page_6,685.5,292.4,1053.0
1880295,stimulus_Ins_HumanRights_2_page_6,685.3,292.2,1053.0
1880296,stimulus_Ins_HumanRights_2_page_6,685.1,292.5,1054.0
1880297,stimulus_Ins_HumanRights_2_page_6,685.3,292.8,1055.0
1880298,stimulus_Ins_HumanRights_2_page_6,685.5,293.1,1055.0
1880299,stimulus_Ins_HumanRights_2_page_6,685.8,293.1,1054.0
1880300,stimulus_Ins_HumanRights_2_page_6,685.9,292.6,1054.0
1880301,stimulus_Ins_HumanRights_2_page_6,686.0,292.1,1054.0
1880302,stimulus_Ins_HumanRights_2_page_6,686.1,292.2,1053.0
1880303,stimulus_Ins_HumanRights_2_page_6,686.1,292.8,1051.0
1880304,stimulus_Ins_HumanRights_2_page_6,686.1,293.1,1049.0
1880305,stimulus_Ins_HumanRights_2_page_6,686.0,292.9,1050.0
1880306,stimulus_Ins_HumanRights_2_page_6,685.9,293.0,1050.0
1880307,stimulus_Ins_HumanRights_2_page_6,686.0,293.4,1052.0
1880308,stimulus_Ins_HumanRights_2_page_6,686.2,293.2,1053.0
1880309,stimulus_Ins_HumanRights_2_page_6,686.5,292.7,1054.0
1880310,stimulus_Ins_HumanRights_2_page_6,686.7,292.4,1055.0
1880311,stimulus_Ins_HumanRights_2_page_6,686.8,292.6,1055.0
1880312,stimulus_Ins_HumanRights_2_page_6,686.7,292.8,1056.0
1880313,stimulus_Ins_HumanRights_2_page_6,686.7,292.8,1055.0
1880314,stimulus_Ins_HumanRights_2_page_6,686.5,292.9,1055.0
1880315,stimulus_Ins_HumanRights_2_page_6,686.5,293.1,1055.0
1880316,stimulus_Ins_HumanRights_2_page_6,686.9,293.3,1055.0
1880317,stimulus_Ins_HumanRights_2_page_6,687.4,293.3,1055.0
1880318,stimulus_Ins_HumanRights_2_page_6,687.9,293.0,1055.0
1880319,stimulus_Ins_HumanRights_2_page_6,687.9,292.7,1054.0
1880320,stimulus_Ins_HumanRights_2_page_6,687.9,292.5,1054.0
1880321,stimulus_Ins_HumanRights_2_page_6,687.9,292.6,1053.0
1880322,stimulus_Ins_HumanRights_2_page_6,687.7,292.9,1053.0
1880323,stimulus_Ins_HumanRights_2_page_6,687.6,293.2,1053.0
1880324,stimulus_Ins_HumanRights_2_page_6,687.4,293.4,1053.0
1880325,stimulus_Ins_HumanRights_2_page_6,687.4,293.4,1053.0
1880326,stimulus_Ins_HumanRights_2_page_6,687.4,293.3,1055.0
1880327,stimulus_Ins_HumanRights_2_page_6,687.4,293.1,1057.0
1880328,stimulus_Ins_HumanRights_2_page_6,687.4,292.8,1057.0
1880329,stimulus_Ins_HumanRights_2_page_6,687.4,292.6,1056.0
1880330,stimulus_Ins_HumanRights_2_page_6,687.3,292.5,1054.0
1880331,stimulus_Ins_HumanRights_2_page_6,687.2,292.5,1055.0
1880332,stimulus_Ins_HumanRights_2_page_6,687.2,292.6,1056.0
1880333,stimulus_Ins_HumanRights_2_page_6,687.2,292.8,1056.0
1880334,stimulus_Ins_HumanRights_2_page_6,687.2,293.0,1055.0
1880335,stimulus_Ins_HumanRights_2_page_6,687.3,293.0,1054.0
1880336,stimulus_Ins_HumanRights_2_page_6,687.0,293.0,1054.0
1880337,stimulus_Ins_HumanRights_2_page_6,686.7,292.6,1055.0
1880338,stimulus_Ins_HumanRights_2_page_6,686.5,292.4,1057.0
1880339,stimulus_Ins_HumanRights_2_page_6,686.8,292.2,1058.0
1880340,stimulus_Ins_HumanRights_2_page_6,687.0,292.2,1057.0
1880341,stimulus_Ins_HumanRights_2_page_6,687.3,292.2,1056.0
1880342,stimulus_Ins_HumanRights_2_page_6,687.3,292.6,1054.0
1880343,stimulus_Ins_HumanRights_2_page_6,687.2,293.0,1053.0
1880344,stimulus_Ins_HumanRights_2_page_6,687.1,293.4,1053.0
1880345,stimulus_Ins_HumanRights_2_page_6,687.1,293.5,1054.0
1880346,stimulus_Ins_HumanRights_2_page_6,687.0,293.5,1054.0
1880347,stimulus_Ins_HumanRights_2_page_6,687.0,293.2,1055.0
1880348,stimulus_Ins_HumanRights_2_page_6,686.6,292.5,1055.0
1880349,stimulus_Ins_HumanRights_2_page_6,686.2,291.8,1055.0
1880350,stimulus_Ins_HumanRights_2_page_6,686.2,291.6,1054.0
1880351,stimulus_Ins_HumanRights_2_page_6,686.5,291.5,1054.0
1880352,stimulus_Ins_HumanRights_2_page_6,686.6,291.5,1053.0
1880353,stimulus_Ins_HumanRights_2_page_6,685.9,291.6,1051.0
1880354,stimulus_Ins_HumanRights_2_page_6,685.2,291.7,1052.0
1880355,stimulus_Ins_HumanRights_2_page_6,684.7,291.7,1053.0
1880356,stimulus_Ins_HumanRights_2_page_6,684.5,291.4,1055.0
1880357,stimulus_Ins_HumanRights_2_page_6,684.6,291.1,1055.0
1880358,stimulus_Ins_HumanRights_2_page_6,684.8,291.3,1055.0
1880359,stimulus_Ins_HumanRights_2_page_6,685.0,291.7,1054.0
1880360,stimulus_Ins_HumanRights_2_page_6,685.2,292.0,1054.0
1880361,stimulus_Ins_HumanRights_2_page_6,685.3,291.6,1053.0
1880362,stimulus_Ins_HumanRights_2_page_6,685.4,291.0,1053.0
1880363,stimulus_Ins_HumanRights_2_page_6,685.3,290.5,1053.0
1880364,stimulus_Ins_HumanRights_2_page_6,684.7,290.4,1054.0
1880365,stimulus_Ins_HumanRights_2_page_6,684.0,290.4,1054.0
1880366,stimulus_Ins_HumanRights_2_page_6,683.3,290.4,1054.0
1880367,stimulus_Ins_HumanRights_2_page_6,683.3,290.4,1053.0
1880368,stimulus_Ins_HumanRights_2_page_6,683.3,290.3,1052.0
1880369,stimulus_Ins_HumanRights_2_page_6,683.4,290.4,1052.0
1880370,stimulus_Ins_HumanRights_2_page_6,683.4,290.8,1052.0
1880371,stimulus_Ins_HumanRights_2_page_6,683.6,291.2,1052.0
1880372,stimulus_Ins_HumanRights_2_page_6,683.8,291.6,1052.0
1880373,stimulus_Ins_HumanRights_2_page_6,683.6,291.7,1052.0
1880374,stimulus_Ins_HumanRights_2_page_6,683.3,291.8,1051.0
1880375,stimulus_Ins_HumanRights_2_page_6,683.1,291.7,1052.0
1880376,stimulus_Ins_HumanRights_2_page_6,683.3,291.5,1052.0
1880377,stimulus_Ins_HumanRights_2_page_6,683.4,291.2,1052.0
1880378,stimulus_Ins_HumanRights_2_page_6,683.3,291.0,1052.0
1880379,stimulus_Ins_HumanRights_2_page_6,683.1,290.9,1052.0
1880380,stimulus_Ins_HumanRights_2_page_6,683.0,290.9,1053.0
1880381,stimulus_Ins_HumanRights_2_page_6,682.9,290.8,1053.0
1880382,stimulus_Ins_HumanRights_2_page_6,682.8,290.7,1053.0
1880383,stimulus_Ins_HumanRights_2_page_6,682.7,290.7,1054.0
1880384,stimulus_Ins_HumanRights_2_page_6,682.7,291.0,1055.0
1880385,stimulus_Ins_HumanRights_2_page_6,682.7,291.2,1056.0
1880386,stimulus_Ins_HumanRights_2_page_6,682.8,291.1,1055.0
1880387,stimulus_Ins_HumanRights_2_page_6,683.0,290.8,1055.0
1880388,stimulus_Ins_HumanRights_2_page_6,683.2,290.9,1055.0
1880389,stimulus_Ins_HumanRights_2_page_6,683.3,291.4,1054.0
1880390,stimulus_Ins_HumanRights_2_page_6,683.1,291.9,1054.0
1880391,stimulus_Ins_HumanRights_2_page_6,682.9,292.1,1054.0
1880392,stimulus_Ins_HumanRights_2_page_6,682.6,292.0,1054.0
1880393,stimulus_Ins_HumanRights_2_page_6,682.7,291.8,1055.0
1880394,stimulus_Ins_HumanRights_2_page_6,682.7,291.7,1056.0
1880395,stimulus_Ins_HumanRights_2_page_6,682.7,292.0,1057.0
1880396,stimulus_Ins_HumanRights_2_page_6,682.5,292.3,1058.0
1880397,stimulus_Ins_HumanRights_2_page_6,682.4,292.6,1058.0
1880398,stimulus_Ins_HumanRights_2_page_6,682.3,292.5,1058.0
1880399,stimulus_Ins_HumanRights_2_page_6,682.2,292.4,1058.0
1880400,stimulus_Ins_HumanRights_2_page_6,682.5,292.3,1058.0
1880401,stimulus_Ins_HumanRights_2_page_6,682.9,292.1,1060.0
1880402,stimulus_Ins_HumanRights_2_page_6,683.0,291.8,1061.0
1880403,stimulus_Ins_HumanRights_2_page_6,682.8,291.7,1060.0
1880404,stimulus_Ins_HumanRights_2_page_6,682.7,291.9,1060.0
1880405,stimulus_Ins_HumanRights_2_page_6,682.7,292.1,1060.0
1880406,stimulus_Ins_HumanRights_2_page_6,682.7,292.2,1059.0
1880407,stimulus_Ins_HumanRights_2_page_6,682.7,292.2,1059.0
1880408,stimulus_Ins_HumanRights_2_page_6,682.8,292.2,1059.0
1880409,stimulus_Ins_HumanRights_2_page_6,683.0,292.2,1059.0
1880410,stimulus_Ins_HumanRights_2_page_6,682.8,292.1,1059.0
1880411,stimulus_Ins_HumanRights_2_page_6,682.4,291.9,1059.0
1880412,stimulus_Ins_HumanRights_2_page_6,682.0,291.7,1059.0
1880413,stimulus_Ins_HumanRights_2_page_6,682.1,291.6,1060.0
1880414,stimulus_Ins_HumanRights_2_page_6,682.2,291.4,1061.0
1880415,stimulus_Ins_HumanRights_2_page_6,682.2,291.3,1063.0
1880416,stimulus_Ins_HumanRights_2_page_6,682.2,291.1,1063.0
1880417,stimulus_Ins_HumanRights_2_page_6,682.3,291.0,1063.0
1880418,stimulus_Ins_HumanRights_2_page_6,682.5,291.4,1064.0
1880419,stimulus_Ins_HumanRights_2_page_6,682.7,291.8,1064.0
1880420,stimulus_Ins_HumanRights_2_page_6,682.9,292.3,1065.0
1880421,stimulus_Ins_HumanRights_2_page_6,683.0,292.3,1066.0
1880422,stimulus_Ins_HumanRights_2_page_6,683.0,292.3,1066.0
1880423,stimulus_Ins_HumanRights_2_page_6,682.6,292.2,1066.0
1880424,stimulus_Ins_HumanRights_2_page_6,682.3,292.2,1065.0
1880425,stimulus_Ins_HumanRights_2_page_6,681.9,292.0,1065.0
1880426,stimulus_Ins_HumanRights_2_page_6,681.9,291.7,1065.0
1880427,stimulus_Ins_HumanRights_2_page_6,682.0,291.4,1065.0
1880428,stimulus_Ins_HumanRights_2_page_6,682.1,291.4,1067.0
1880429,stimulus_Ins_HumanRights_2_page_6,682.2,291.5,1069.0
1880430,stimulus_Ins_HumanRights_2_page_6,682.0,291.6,1068.0
1880431,stimulus_Ins_HumanRights_2_page_6,681.9,291.7,1065.0
1880432,stimulus_Ins_HumanRights_2_page_6,681.8,291.7,1062.0
1880433,stimulus_Ins_HumanRights_2_page_6,681.8,291.7,1060.0
1880434,stimulus_Ins_HumanRights_2_page_6,681.7,291.8,1061.0
1880435,stimulus_Ins_HumanRights_2_page_6,681.7,291.8,1062.0
1880436,stimulus_Ins_HumanRights_2_page_6,681.8,291.7,1064.0
1880437,stimulus_Ins_HumanRights_2_page_6,682.0,291.7,1066.0
1880438,stimulus_Ins_HumanRights_2_page_6,682.3,291.6,1068.0
1880439,stimulus_Ins_HumanRights_2_page_6,682.5,291.5,1068.0
1880440,stimulus_Ins_HumanRights_2_page_6,682.5,291.3,1067.0
1880441,stimulus_Ins_HumanRights_2_page_6,682.5,291.1,1066.0
1880442,stimulus_Ins_HumanRights_2_page_6,682.5,290.8,1067.0
1880443,stimulus_Ins_HumanRights_2_page_6,682.6,290.5,1068.0
1880444,stimulus_Ins_HumanRights_2_page_6,682.6,290.7,1068.0
1880445,stimulus_Ins_HumanRights_2_page_6,682.6,291.1,1069.0
1880446,stimulus_Ins_HumanRights_2_page_6,682.6,291.3,1068.0
1880447,stimulus_Ins_HumanRights_2_page_6,682.7,291.1,1069.0
1880448,stimulus_Ins_HumanRights_2_page_6,682.7,290.9,1069.0
1880449,stimulus_Ins_HumanRights_2_page_6,682.7,291.1,1070.0
1880450,stimulus_Ins_HumanRights_2_page_6,682.7,291.3,1070.0
1880451,stimulus_Ins_HumanRights_2_page_6,682.8,291.4,1070.0
1880452,stimulus_Ins_HumanRights_2_page_6,683.1,291.1,1069.0
1880453,stimulus_Ins_HumanRights_2_page_6,683.4,290.5,1069.0
1880454,stimulus_Ins_HumanRights_2_page_6,683.7,289.8,1069.0
1880455,stimulus_Ins_HumanRights_2_page_6,683.7,289.5,1069.0
1880456,stimulus_Ins_HumanRights_2_page_6,683.7,289.7,1070.0
1880457,stimulus_Ins_HumanRights_2_page_6,683.7,290.0,1072.0
1880458,stimulus_Ins_HumanRights_2_page_6,683.4,290.4,1072.0
1880459,stimulus_Ins_HumanRights_2_page_6,683.2,290.6,1070.0
1880460,stimulus_Ins_HumanRights_2_page_6,682.8,290.4,1069.0
1880461,stimulus_Ins_HumanRights_2_page_6,682.5,290.1,1071.0
1880462,stimulus_Ins_HumanRights_2_page_6,682.3,289.8,1072.0
1880463,stimulus_Ins_HumanRights_2_page_6,682.3,289.3,1072.0
1880464,stimulus_Ins_HumanRights_2_page_6,683.4,288.7,1071.0
1880465,stimulus_Ins_HumanRights_2_page_6,686.0,288.3,1070.0
1880466,stimulus_Ins_HumanRights_2_page_6,690.0,288.4,1070.0
1880467,stimulus_Ins_HumanRights_2_page_6,694.8,288.6,1071.0
1880468,stimulus_Ins_HumanRights_2_page_6,699.4,289.0,1073.0
1880469,stimulus_Ins_HumanRights_2_page_6,703.5,289.2,1074.0
1880470,stimulus_Ins_HumanRights_2_page_6,707.5,289.6,1076.0
1880471,stimulus_Ins_HumanRights_2_page_6,711.2,289.6,1078.0
1880472,stimulus_Ins_HumanRights_2_page_6,715.4,289.9,1079.0
1880473,stimulus_Ins_HumanRights_2_page_6,719.7,290.2,1078.0
1880474,stimulus_Ins_HumanRights_2_page_6,724.4,290.6,1078.0
1880475,stimulus_Ins_HumanRights_2_page_6,729.9,290.5,1079.0
1880476,stimulus_Ins_HumanRights_2_page_6,735.0,290.3,1079.0
1880477,stimulus_Ins_HumanRights_2_page_6,739.0,289.8,1079.0
1880478,stimulus_Ins_HumanRights_2_page_6,741.5,289.5,1080.0
1880479,stimulus_Ins_HumanRights_2_page_6,743.1,289.8,1080.0
1880480,stimulus_Ins_HumanRights_2_page_6,744.8,290.2,1081.0
1880481,stimulus_Ins_HumanRights_2_page_6,746.2,290.6,1079.0
1880482,stimulus_Ins_HumanRights_2_page_6,747.4,290.5,1077.0
1880483,stimulus_Ins_HumanRights_2_page_6,748.3,290.5,1076.0
1880484,stimulus_Ins_HumanRights_2_page_6,749.1,290.5,1076.0
1880485,stimulus_Ins_HumanRights_2_page_6,749.7,290.4,1076.0
1880486,stimulus_Ins_HumanRights_2_page_6,750.7,290.3,1076.0
1880487,stimulus_Ins_HumanRights_2_page_6,751.5,290.9,1078.0
1880488,stimulus_Ins_HumanRights_2_page_6,752.6,291.6,1079.0
1880489,stimulus_Ins_HumanRights_2_page_6,753.6,292.4,1081.0
1880490,stimulus_Ins_HumanRights_2_page_6,754.5,292.4,1081.0
1880491,stimulus_Ins_HumanRights_2_page_6,755.3,292.3,1081.0
1880492,stimulus_Ins_HumanRights_2_page_6,756.0,292.2,1081.0
1880493,stimulus_Ins_HumanRights_2_page_6,756.9,292.1,1081.0
1880494,stimulus_Ins_HumanRights_2_page_6,757.8,292.3,1083.0
1880495,stimulus_Ins_HumanRights_2_page_6,758.5,292.5,1084.0
1880496,stimulus_Ins_HumanRights_2_page_6,758.7,292.8,1086.0
1880497,stimulus_Ins_HumanRights_2_page_6,758.9,293.0,1087.0
1880498,stimulus_Ins_HumanRights_2_page_6,759.0,293.2,1087.0
1880499,stimulus_Ins_HumanRights_2_page_6,758.9,293.5,1086.0
1880500,stimulus_Ins_HumanRights_2_page_6,758.6,293.8,1086.0
1880501,stimulus_Ins_HumanRights_2_page_6,758.3,294.0,1085.0
1880502,stimulus_Ins_HumanRights_2_page_6,758.1,293.8,1086.0
1880503,stimulus_Ins_HumanRights_2_page_6,758.3,293.5,1087.0
1880504,stimulus_Ins_HumanRights_2_page_6,758.5,293.4,1089.0
1880505,stimulus_Ins_HumanRights_2_page_6,758.7,293.3,1090.0
1880506,stimulus_Ins_HumanRights_2_page_6,758.8,293.0,1089.0
1880507,stimulus_Ins_HumanRights_2_page_6,758.9,292.7,1088.0
1880508,stimulus_Ins_HumanRights_2_page_6,759.0,292.6,1089.0
1880509,stimulus_Ins_HumanRights_2_page_6,759.2,292.4,1089.0
1880510,stimulus_Ins_HumanRights_2_page_6,759.5,292.2,1088.0
1880511,stimulus_Ins_HumanRights_2_page_6,759.8,292.0,1087.0
1880512,stimulus_Ins_HumanRights_2_page_6,759.9,292.1,1087.0
1880513,stimulus_Ins_HumanRights_2_page_6,760.0,292.1,1089.0
1880514,stimulus_Ins_HumanRights_2_page_6,760.1,292.1,1091.0
1880515,stimulus_Ins_HumanRights_2_page_6,760.1,291.9,1091.0
1880516,stimulus_Ins_HumanRights_2_page_6,760.2,291.7,1089.0
1880517,stimulus_Ins_HumanRights_2_page_6,760.0,291.4,1088.0
1880518,stimulus_Ins_HumanRights_2_page_6,759.9,291.1,1089.0
1880519,stimulus_Ins_HumanRights_2_page_6,759.8,290.7,1090.0
1880520,stimulus_Ins_HumanRights_2_page_6,759.7,290.3,1089.0
1880521,stimulus_Ins_HumanRights_2_page_6,759.5,290.2,1089.0
1880522,stimulus_Ins_HumanRights_2_page_6,759.3,290.2,1089.0
1880523,stimulus_Ins_HumanRights_2_page_6,759.2,290.1,1088.0
1880524,stimulus_Ins_HumanRights_2_page_6,759.2,289.9,1088.0
1880525,stimulus_Ins_HumanRights_2_page_6,759.3,289.8,1088.0
1880526,stimulus_Ins_HumanRights_2_page_6,759.3,289.8,1088.0
1880527,stimulus_Ins_HumanRights_2_page_6,759.3,289.7,1088.0
1880528,stimulus_Ins_HumanRights_2_page_6,759.3,289.7,1088.0
1880529,stimulus_Ins_HumanRights_2_page_6,759.3,289.9,1088.0
1880530,stimulus_Ins_HumanRights_2_page_6,759.1,290.1,1089.0
1880531,stimulus_Ins_HumanRights_2_page_6,759.0,290.1,1089.0
1880532,stimulus_Ins_HumanRights_2_page_6,758.8,290.0,1089.0
1880533,stimulus_Ins_HumanRights_2_page_6,758.9,289.5,1089.0
1880534,stimulus_Ins_HumanRights_2_page_6,759.0,289.1,1088.0
1880535,stimulus_Ins_HumanRights_2_page_6,759.1,288.8,1087.0
1880536,stimulus_Ins_HumanRights_2_page_6,759.2,289.1,1087.0
1880537,stimulus_Ins_HumanRights_2_page_6,759.1,289.3,1088.0
1880538,stimulus_Ins_HumanRights_2_page_6,759.0,289.5,1089.0
1880539,stimulus_Ins_HumanRights_2_page_6,758.9,289.3,1089.0
1880540,stimulus_Ins_HumanRights_2_page_6,758.8,289.2,1089.0
1880541,stimulus_Ins_HumanRights_2_page_6,758.7,289.2,1088.0
1880542,stimulus_Ins_HumanRights_2_page_6,758.6,289.2,1088.0
1880543,stimulus_Ins_HumanRights_2_page_6,758.7,289.4,1088.0
1880544,stimulus_Ins_HumanRights_2_page_6,758.7,289.6,1087.0
1880545,stimulus_Ins_HumanRights_2_page_6,758.8,289.7,1088.0
1880546,stimulus_Ins_HumanRights_2_page_6,758.8,289.8,1089.0
1880547,stimulus_Ins_HumanRights_2_page_6,758.8,289.8,1090.0
1880548,stimulus_Ins_HumanRights_2_page_6,759.1,289.7,1090.0
1880549,stimulus_Ins_HumanRights_2_page_6,759.3,289.6,1090.0
1880550,stimulus_Ins_HumanRights_2_page_6,759.5,289.5,1089.0
1880551,stimulus_Ins_HumanRights_2_page_6,759.4,289.5,1089.0
1880552,stimulus_Ins_HumanRights_2_page_6,759.1,290.0,1089.0
1880553,stimulus_Ins_HumanRights_2_page_6,758.7,290.4,1090.0
1880554,stimulus_Ins_HumanRights_2_page_6,758.4,290.7,1090.0
1880555,stimulus_Ins_HumanRights_2_page_6,758.5,290.3,1091.0
1880556,stimulus_Ins_HumanRights_2_page_6,758.8,289.8,1092.0
1880557,stimulus_Ins_HumanRights_2_page_6,759.0,289.2,1092.0
1880558,stimulus_Ins_HumanRights_2_page_6,758.9,289.0,1091.0
1880559,stimulus_Ins_HumanRights_2_page_6,758.9,288.9,1090.0
1880560,stimulus_Ins_HumanRights_2_page_6,758.8,289.1,1090.0
1880561,stimulus_Ins_HumanRights_2_page_6,758.6,289.3,1091.0
1880562,stimulus_Ins_HumanRights_2_page_6,758.4,289.3,1091.0
1880563,stimulus_Ins_HumanRights_2_page_6,758.5,289.3,1092.0
1880564,stimulus_Ins_HumanRights_2_page_6,758.6,289.6,1092.0
1880565,stimulus_Ins_HumanRights_2_page_6,758.7,290.1,1092.0
1880566,stimulus_Ins_HumanRights_2_page_6,758.6,290.6,1093.0
1880567,stimulus_Ins_HumanRights_2_page_6,758.6,290.9,1094.0
1880568,stimulus_Ins_HumanRights_2_page_6,758.9,290.9,1094.0
1880569,stimulus_Ins_HumanRights_2_page_6,759.2,290.9,1095.0
1880570,stimulus_Ins_HumanRights_2_page_6,759.6,290.7,1096.0
1880571,stimulus_Ins_HumanRights_2_page_6,759.7,290.5,1095.0
1880572,stimulus_Ins_HumanRights_2_page_6,759.6,290.8,1095.0
1880573,stimulus_Ins_HumanRights_2_page_6,759.5,291.2,1093.0
1880574,stimulus_Ins_HumanRights_2_page_6,759.3,291.7,1092.0
1880575,stimulus_Ins_HumanRights_2_page_6,759.0,291.6,1090.0
1880576,stimulus_Ins_HumanRights_2_page_6,758.7,291.6,1090.0
1880577,stimulus_Ins_HumanRights_2_page_6,758.6,291.5,1089.0
1880578,stimulus_Ins_HumanRights_2_page_6,758.6,291.5,1089.0
1880579,stimulus_Ins_HumanRights_2_page_6,758.6,291.7,1091.0
1880580,stimulus_Ins_HumanRights_2_page_6,758.5,291.9,1093.0
1880581,stimulus_Ins_HumanRights_2_page_6,758.3,292.1,1094.0
1880582,stimulus_Ins_HumanRights_2_page_6,758.2,292.1,1093.0
1880583,stimulus_Ins_HumanRights_2_page_6,758.2,292.1,1092.0
1880584,stimulus_Ins_HumanRights_2_page_6,758.1,292.1,1091.0
1880585,stimulus_Ins_HumanRights_2_page_6,758.0,292.1,1090.0
1880586,stimulus_Ins_HumanRights_2_page_6,757.8,292.6,1090.0
1880587,stimulus_Ins_HumanRights_2_page_6,757.9,293.1,1090.0
1880588,stimulus_Ins_HumanRights_2_page_6,758.0,293.6,1090.0
1880589,stimulus_Ins_HumanRights_2_page_6,758.1,293.6,1091.0
1880590,stimulus_Ins_HumanRights_2_page_6,758.0,293.7,1092.0
1880591,stimulus_Ins_HumanRights_2_page_6,757.8,293.7,1092.0
1880592,stimulus_Ins_HumanRights_2_page_6,758.1,293.7,1091.0
1880593,stimulus_Ins_HumanRights_2_page_6,758.3,293.7,1090.0
1880594,stimulus_Ins_HumanRights_2_page_6,758.5,293.8,1090.0
1880595,stimulus_Ins_HumanRights_2_page_6,758.3,293.7,1089.0
1880596,stimulus_Ins_HumanRights_2_page_6,758.2,293.7,1089.0
1880597,stimulus_Ins_HumanRights_2_page_6,758.4,293.8,1090.0
1880598,stimulus_Ins_HumanRights_2_page_6,758.6,293.8,1091.0
1880599,stimulus_Ins_HumanRights_2_page_6,758.5,294.3,1090.0
1880600,stimulus_Ins_HumanRights_2_page_6,758.2,294.7,1089.0
1880601,stimulus_Ins_HumanRights_2_page_6,758.0,294.5,1088.0
1880602,stimulus_Ins_HumanRights_2_page_6,758.0,293.9,1088.0
1880603,stimulus_Ins_HumanRights_2_page_6,758.0,293.3,1089.0
1880604,stimulus_Ins_HumanRights_2_page_6,758.0,293.6,1088.0
1880605,stimulus_Ins_HumanRights_2_page_6,757.9,293.9,1087.0
1880606,stimulus_Ins_HumanRights_2_page_6,757.6,294.3,1086.0
1880607,stimulus_Ins_HumanRights_2_page_6,757.3,294.2,1087.0
1880608,stimulus_Ins_HumanRights_2_page_6,757.3,294.0,1087.0
1880609,stimulus_Ins_HumanRights_2_page_6,757.6,294.1,1087.0
1880610,stimulus_Ins_HumanRights_2_page_6,757.9,294.1,1087.0
1880611,stimulus_Ins_HumanRights_2_page_6,758.2,294.0,1085.0
1880612,stimulus_Ins_HumanRights_2_page_6,758.7,293.8,1083.0
1880613,stimulus_Ins_HumanRights_2_page_6,759.2,294.0,1082.0
1880614,stimulus_Ins_HumanRights_2_page_6,759.0,294.3,1084.0
1880615,stimulus_Ins_HumanRights_2_page_6,758.6,294.6,1086.0
1880616,stimulus_Ins_HumanRights_2_page_6,758.2,294.6,1087.0
1880617,stimulus_Ins_HumanRights_2_page_6,758.2,294.8,1088.0
1880618,stimulus_Ins_HumanRights_2_page_6,758.2,295.0,1088.0
1880619,stimulus_Ins_HumanRights_2_page_6,758.2,295.2,1089.0
1880620,stimulus_Ins_HumanRights_2_page_6,758.2,295.2,1088.0
1880621,stimulus_Ins_HumanRights_2_page_6,758.1,295.2,1088.0
1880622,stimulus_Ins_HumanRights_2_page_6,758.1,295.4,1087.0
1880623,stimulus_Ins_HumanRights_2_page_6,758.0,295.6,1086.0
1880624,stimulus_Ins_HumanRights_2_page_6,758.3,295.8,1085.0
1880625,stimulus_Ins_HumanRights_2_page_6,758.8,295.9,1085.0
1880626,stimulus_Ins_HumanRights_2_page_6,759.4,295.9,1085.0
1880627,stimulus_Ins_HumanRights_2_page_6,759.3,295.9,1086.0
1880628,stimulus_Ins_HumanRights_2_page_6,759.0,295.7,1086.0
1880629,stimulus_Ins_HumanRights_2_page_6,759.0,295.9,1086.0
1880630,stimulus_Ins_HumanRights_2_page_6,759.4,296.6,1087.0
1880631,stimulus_Ins_HumanRights_2_page_6,759.9,297.4,1088.0
1880632,stimulus_Ins_HumanRights_2_page_6,760.1,298.0,1088.0
1880633,stimulus_Ins_HumanRights_2_page_6,760.2,298.0,1088.0
1880634,stimulus_Ins_HumanRights_2_page_6,760.1,297.2,1088.0
1880635,stimulus_Ins_HumanRights_2_page_6,759.8,296.4,1088.0
1880636,stimulus_Ins_HumanRights_2_page_6,759.5,295.5,1088.0
1880637,stimulus_Ins_HumanRights_2_page_6,759.6,295.5,1087.0
1880638,stimulus_Ins_HumanRights_2_page_6,759.8,296.0,1086.0
1880639,stimulus_Ins_HumanRights_2_page_6,760.0,296.4,1086.0
1880640,stimulus_Ins_HumanRights_2_page_6,760.1,296.7,1085.0
1880641,stimulus_Ins_HumanRights_2_page_6,760.0,296.5,1085.0
1880642,stimulus_Ins_HumanRights_2_page_6,760.1,295.7,1085.0
1880643,stimulus_Ins_HumanRights_2_page_6,760.2,295.0,1085.0
1880644,stimulus_Ins_HumanRights_2_page_6,760.1,294.4,1086.0
1880645,stimulus_Ins_HumanRights_2_page_6,760.0,294.4,1086.0
1880646,stimulus_Ins_HumanRights_2_page_6,759.8,294.4,1086.0
1880647,stimulus_Ins_HumanRights_2_page_6,759.8,294.4,1086.0
1880648,stimulus_Ins_HumanRights_2_page_6,759.6,294.6,1086.0
1880649,stimulus_Ins_HumanRights_2_page_6,759.5,294.8,1085.0
1880650,stimulus_Ins_HumanRights_2_page_6,759.4,294.9,1085.0
1880651,stimulus_Ins_HumanRights_2_page_6,759.5,294.8,1084.0
1880652,stimulus_Ins_HumanRights_2_page_6,759.7,294.7,1083.0
1880653,stimulus_Ins_HumanRights_2_page_6,759.9,294.7,1083.0
1880654,stimulus_Ins_HumanRights_2_page_6,760.1,294.6,1083.0
1880655,stimulus_Ins_HumanRights_2_page_6,759.9,294.5,1082.0
1880656,stimulus_Ins_HumanRights_2_page_6,759.9,294.9,1081.0
1880657,stimulus_Ins_HumanRights_2_page_6,759.7,295.3,1081.0
1880658,stimulus_Ins_HumanRights_2_page_6,759.8,295.6,1081.0
1880659,stimulus_Ins_HumanRights_2_page_6,759.8,295.3,1081.0
1880660,stimulus_Ins_HumanRights_2_page_6,759.8,294.8,1079.0
1880661,stimulus_Ins_HumanRights_2_page_6,759.8,294.5,1078.0
1880662,stimulus_Ins_HumanRights_2_page_6,759.7,294.4,1076.0
1880663,stimulus_Ins_HumanRights_2_page_6,759.6,294.3,1077.0
1880664,stimulus_Ins_HumanRights_2_page_6,759.5,294.2,1078.0
1880665,stimulus_Ins_HumanRights_2_page_6,759.6,294.1,1079.0
1880666,stimulus_Ins_HumanRights_2_page_6,759.8,294.2,1080.0
1880667,stimulus_Ins_HumanRights_2_page_6,760.0,294.4,1081.0
1880668,stimulus_Ins_HumanRights_2_page_6,759.8,294.6,1082.0
1880669,stimulus_Ins_HumanRights_2_page_6,759.6,294.8,1080.0
1880670,stimulus_Ins_HumanRights_2_page_6,759.3,294.8,1079.0
1880671,stimulus_Ins_HumanRights_2_page_6,759.3,294.8,1079.0
1880672,stimulus_Ins_HumanRights_2_page_6,759.0,294.9,1077.0
1880673,stimulus_Ins_HumanRights_2_page_6,758.8,294.9,1076.0
1880674,stimulus_Ins_HumanRights_2_page_6,758.9,294.8,1075.0
1880675,stimulus_Ins_HumanRights_2_page_6,759.0,294.7,1075.0
1880676,stimulus_Ins_HumanRights_2_page_6,759.2,294.4,1076.0
1880677,stimulus_Ins_HumanRights_2_page_6,759.3,294.0,1078.0
1880678,stimulus_Ins_HumanRights_2_page_6,759.4,294.4,1079.0
1880679,stimulus_Ins_HumanRights_2_page_6,759.5,295.1,1079.0
1880680,stimulus_Ins_HumanRights_2_page_6,759.1,295.4,1079.0
1880681,stimulus_Ins_HumanRights_2_page_6,758.9,295.0,1078.0
1880682,stimulus_Ins_HumanRights_2_page_6,758.6,294.1,1077.0
1880683,stimulus_Ins_HumanRights_2_page_6,758.7,293.6,1076.0
1880684,stimulus_Ins_HumanRights_2_page_6,758.6,293.2,1074.0
1880685,stimulus_Ins_HumanRights_2_page_6,758.5,293.4,1075.0
1880686,stimulus_Ins_HumanRights_2_page_6,758.3,293.6,1076.0
1880687,stimulus_Ins_HumanRights_2_page_6,758.3,293.7,1078.0
1880688,stimulus_Ins_HumanRights_2_page_6,758.3,293.7,1080.0
1880689,stimulus_Ins_HumanRights_2_page_6,758.5,294.1,1082.0
1880690,stimulus_Ins_HumanRights_2_page_6,758.7,294.4,1082.0
1880691,stimulus_Ins_HumanRights_2_page_6,758.9,294.7,1083.0
1880692,stimulus_Ins_HumanRights_2_page_6,758.9,294.6,1082.0
1880693,stimulus_Ins_HumanRights_2_page_6,758.8,294.7,1079.0
1880694,stimulus_Ins_HumanRights_2_page_6,758.7,294.7,1077.0
1880695,stimulus_Ins_HumanRights_2_page_6,758.7,294.4,1075.0
1880696,stimulus_Ins_HumanRights_2_page_6,758.7,294.1,1075.0
1880697,stimulus_Ins_HumanRights_2_page_6,758.8,293.9,1075.0
1880698,stimulus_Ins_HumanRights_2_page_6,758.7,294.1,1075.0
1880699,stimulus_Ins_HumanRights_2_page_6,758.6,294.6,1075.0
1880700,stimulus_Ins_HumanRights_2_page_6,758.4,295.0,1075.0
1880701,stimulus_Ins_HumanRights_2_page_6,758.1,295.3,1074.0
1880702,stimulus_Ins_HumanRights_2_page_6,758.2,295.1,1074.0
1880703,stimulus_Ins_HumanRights_2_page_6,759.2,294.8,1073.0
1880704,stimulus_Ins_HumanRights_2_page_6,760.1,294.5,1073.0
1880705,stimulus_Ins_HumanRights_2_page_6,761.5,294.4,1072.0
1880706,stimulus_Ins_HumanRights_2_page_6,763.3,294.0,1071.0
1880707,stimulus_Ins_HumanRights_2_page_6,766.1,293.2,1072.0
1880708,stimulus_Ins_HumanRights_2_page_6,768.9,292.3,1075.0
1880709,stimulus_Ins_HumanRights_2_page_6,770.8,291.7,1077.0
1880710,stimulus_Ins_HumanRights_2_page_6,773.3,291.4,1079.0
1880711,stimulus_Ins_HumanRights_2_page_6,776.7,291.8,1079.0
1880712,stimulus_Ins_HumanRights_2_page_6,782.4,291.9,1078.0
1880713,stimulus_Ins_HumanRights_2_page_6,787.2,292.1,1077.0
1880714,stimulus_Ins_HumanRights_2_page_6,791.3,292.0,1076.0
1880715,stimulus_Ins_HumanRights_2_page_6,793.5,292.2,1075.0
1880716,stimulus_Ins_HumanRights_2_page_6,795.8,292.5,1074.0
1880717,stimulus_Ins_HumanRights_2_page_6,797.3,292.4,1074.0
1880718,stimulus_Ins_HumanRights_2_page_6,798.3,292.4,1073.0
1880719,stimulus_Ins_HumanRights_2_page_6,798.7,291.4,1071.0
1880720,stimulus_Ins_HumanRights_2_page_6,799.3,290.4,1068.0
1880721,stimulus_Ins_HumanRights_2_page_6,800.6,289.5,1067.0
1880722,stimulus_Ins_HumanRights_2_page_6,802.3,289.5,1066.0
1880723,stimulus_Ins_HumanRights_2_page_6,804.0,289.6,1066.0
1880724,stimulus_Ins_HumanRights_2_page_6,805.1,289.3,1066.0
1880725,stimulus_Ins_HumanRights_2_page_6,805.7,289.0,1065.0
1880726,stimulus_Ins_HumanRights_2_page_6,805.9,288.6,1065.0
1880727,stimulus_Ins_HumanRights_2_page_6,806.0,288.2,1066.0
1880728,stimulus_Ins_HumanRights_2_page_6,806.3,288.2,1067.0
1880729,stimulus_Ins_HumanRights_2_page_6,806.5,288.5,1068.0
1880730,stimulus_Ins_HumanRights_2_page_6,806.8,288.5,1068.0
1880731,stimulus_Ins_HumanRights_2_page_6,806.8,288.3,1066.0
1880732,stimulus_Ins_HumanRights_2_page_6,806.7,288.0,1064.0
1880733,stimulus_Ins_HumanRights_2_page_6,807.3,287.7,1064.0
1880734,stimulus_Ins_HumanRights_2_page_6,807.8,287.5,1063.0
1880735,stimulus_Ins_HumanRights_2_page_6,808.1,287.3,1063.0
1880736,stimulus_Ins_HumanRights_2_page_6,808.0,287.5,1063.0
1880737,stimulus_Ins_HumanRights_2_page_6,807.9,287.9,1065.0
1880738,stimulus_Ins_HumanRights_2_page_6,807.9,288.3,1066.0
1880739,stimulus_Ins_HumanRights_2_page_6,808.1,288.6,1067.0
1880740,stimulus_Ins_HumanRights_2_page_6,808.4,288.6,1067.0
1880741,stimulus_Ins_HumanRights_2_page_6,808.6,288.5,1066.0
1880742,stimulus_Ins_HumanRights_2_page_6,808.4,288.5,1065.0
1880743,stimulus_Ins_HumanRights_2_page_6,808.3,288.6,1065.0
1880744,stimulus_Ins_HumanRights_2_page_6,808.5,288.8,1065.0
1880745,stimulus_Ins_HumanRights_2_page_6,808.7,289.0,1066.0
1880746,stimulus_Ins_HumanRights_2_page_6,808.7,289.2,1065.0
1880747,stimulus_Ins_HumanRights_2_page_6,808.3,289.1,1065.0
1880748,stimulus_Ins_HumanRights_2_page_6,807.9,288.9,1065.0
1880749,stimulus_Ins_HumanRights_2_page_6,808.0,288.7,1065.0
1880750,stimulus_Ins_HumanRights_2_page_6,808.3,288.7,1065.0
1880751,stimulus_Ins_HumanRights_2_page_6,808.8,288.7,1065.0
1880752,stimulus_Ins_HumanRights_2_page_6,809.2,288.6,1065.0
1880753,stimulus_Ins_HumanRights_2_page_6,809.5,288.5,1066.0
1880754,stimulus_Ins_HumanRights_2_page_6,809.5,288.7,1067.0
1880755,stimulus_Ins_HumanRights_2_page_6,809.5,289.0,1068.0
1880756,stimulus_Ins_HumanRights_2_page_6,809.3,289.3,1069.0
1880757,stimulus_Ins_HumanRights_2_page_6,809.1,289.7,1069.0
1880758,stimulus_Ins_HumanRights_2_page_6,808.9,289.9,1069.0
1880759,stimulus_Ins_HumanRights_2_page_6,808.9,290.0,1069.0
1880760,stimulus_Ins_HumanRights_2_page_6,809.2,289.5,1069.0
1880761,stimulus_Ins_HumanRights_2_page_6,809.5,289.1,1069.0
1880762,stimulus_Ins_HumanRights_2_page_6,809.5,288.9,1069.0
1880763,stimulus_Ins_HumanRights_2_page_6,809.3,289.1,1068.0
1880764,stimulus_Ins_HumanRights_2_page_6,809.0,289.3,1066.0
1880765,stimulus_Ins_HumanRights_2_page_6,808.9,289.5,1065.0
1880766,stimulus_Ins_HumanRights_2_page_6,808.7,289.5,1065.0
1880767,stimulus_Ins_HumanRights_2_page_6,808.7,289.4,1065.0
1880768,stimulus_Ins_HumanRights_2_page_6,808.8,289.4,1066.0
1880769,stimulus_Ins_HumanRights_2_page_6,809.0,289.1,1067.0
1880770,stimulus_Ins_HumanRights_2_page_6,809.1,288.8,1068.0
1880771,stimulus_Ins_HumanRights_2_page_6,809.1,288.6,1069.0
1880772,stimulus_Ins_HumanRights_2_page_6,809.4,288.6,1069.0
1880773,stimulus_Ins_HumanRights_2_page_6,809.7,288.7,1069.0
1880774,stimulus_Ins_HumanRights_2_page_6,810.0,288.7,1069.0
1880775,stimulus_Ins_HumanRights_2_page_6,809.9,288.8,1068.0
1880776,stimulus_Ins_HumanRights_2_page_6,809.7,288.7,1068.0
1880777,stimulus_Ins_HumanRights_2_page_6,809.6,288.7,1067.0
1880778,stimulus_Ins_HumanRights_2_page_6,809.6,288.7,1066.0
1880779,stimulus_Ins_HumanRights_2_page_6,809.5,288.9,1064.0
1880780,stimulus_Ins_HumanRights_2_page_6,809.5,288.4,1064.0
1880781,stimulus_Ins_HumanRights_2_page_6,809.4,287.7,1064.0
1880782,stimulus_Ins_HumanRights_2_page_6,809.4,287.3,1064.0
1880783,stimulus_Ins_HumanRights_2_page_6,809.3,287.6,1063.0
1880784,stimulus_Ins_HumanRights_2_page_6,809.5,287.8,1062.0
1880785,stimulus_Ins_HumanRights_2_page_6,809.7,287.9,1064.0
1880786,stimulus_Ins_HumanRights_2_page_6,810.0,288.0,1065.0
1880787,stimulus_Ins_HumanRights_2_page_6,809.8,288.2,1066.0
1880788,stimulus_Ins_HumanRights_2_page_6,809.5,288.1,1066.0
1880789,stimulus_Ins_HumanRights_2_page_6,809.2,288.1,1068.0
1880790,stimulus_Ins_HumanRights_2_page_6,809.2,288.2,1069.0
1880791,stimulus_Ins_HumanRights_2_page_6,809.4,288.4,1069.0
1880792,stimulus_Ins_HumanRights_2_page_6,809.6,288.4,1068.0
1880793,stimulus_Ins_HumanRights_2_page_6,809.3,288.0,1067.0
1880794,stimulus_Ins_HumanRights_2_page_6,808.8,287.7,1066.0
1880795,stimulus_Ins_HumanRights_2_page_6,808.3,287.8,1066.0
1880796,stimulus_Ins_HumanRights_2_page_6,808.3,288.2,1065.0
1880797,stimulus_Ins_HumanRights_2_page_6,808.5,288.6,1065.0
1880798,stimulus_Ins_HumanRights_2_page_6,808.6,288.8,1066.0
1880799,stimulus_Ins_HumanRights_2_page_6,808.5,288.8,1066.0
1880800,stimulus_Ins_HumanRights_2_page_6,808.1,288.7,1065.0
1880801,stimulus_Ins_HumanRights_2_page_6,807.8,288.6,1065.0
1880802,stimulus_Ins_HumanRights_2_page_6,807.8,288.4,1066.0
1880803,stimulus_Ins_HumanRights_2_page_6,807.8,288.3,1066.0
1880804,stimulus_Ins_HumanRights_2_page_6,807.7,288.2,1066.0
1880805,stimulus_Ins_HumanRights_2_page_6,807.6,288.2,1068.0
1880806,stimulus_Ins_HumanRights_2_page_6,807.5,288.2,1070.0
1880807,stimulus_Ins_HumanRights_2_page_6,807.6,288.2,1071.0
1880808,stimulus_Ins_HumanRights_2_page_6,807.7,288.4,1071.0
1880809,stimulus_Ins_HumanRights_2_page_6,807.9,288.6,1071.0
1880810,stimulus_Ins_HumanRights_2_page_6,807.7,288.8,1071.0
1880811,stimulus_Ins_HumanRights_2_page_6,807.5,288.9,1070.0
1880812,stimulus_Ins_HumanRights_2_page_6,807.4,288.9,1069.0
1880813,stimulus_Ins_HumanRights_2_page_6,807.5,289.3,1068.0
1880814,stimulus_Ins_HumanRights_2_page_6,807.2,289.6,1067.0
1880815,stimulus_Ins_HumanRights_2_page_6,806.9,290.0,1067.0
1880816,stimulus_Ins_HumanRights_2_page_6,806.9,290.0,1067.0
1880817,stimulus_Ins_HumanRights_2_page_6,807.2,289.8,1069.0
1880818,stimulus_Ins_HumanRights_2_page_6,807.5,289.6,1070.0
1880819,stimulus_Ins_HumanRights_2_page_6,807.5,289.7,1071.0
1880820,stimulus_Ins_HumanRights_2_page_6,807.4,290.1,1070.0
1880821,stimulus_Ins_HumanRights_2_page_6,807.3,290.5,1069.0
1880822,stimulus_Ins_HumanRights_2_page_6,807.3,290.7,1069.0
1880823,stimulus_Ins_HumanRights_2_page_6,807.3,290.7,1069.0
1880824,stimulus_Ins_HumanRights_2_page_6,807.3,290.7,1069.0
1880825,stimulus_Ins_HumanRights_2_page_6,807.4,290.5,1069.0
1880826,stimulus_Ins_HumanRights_2_page_6,807.2,290.3,1069.0
1880827,stimulus_Ins_HumanRights_2_page_6,806.9,290.0,1069.0
1880828,stimulus_Ins_HumanRights_2_page_6,806.5,289.9,1069.0
1880829,stimulus_Ins_HumanRights_2_page_6,806.4,289.7,1069.0
1880830,stimulus_Ins_HumanRights_2_page_6,806.3,289.7,1070.0
1880831,stimulus_Ins_HumanRights_2_page_6,806.2,290.1,1070.0
1880832,stimulus_Ins_HumanRights_2_page_6,806.2,290.5,1071.0
1880833,stimulus_Ins_HumanRights_2_page_6,806.2,290.9,1072.0
1880834,stimulus_Ins_HumanRights_2_page_6,806.3,290.8,1072.0
1880835,stimulus_Ins_HumanRights_2_page_6,806.4,290.7,1072.0
1880836,stimulus_Ins_HumanRights_2_page_6,806.5,290.6,1072.0
1880837,stimulus_Ins_HumanRights_2_page_6,806.5,290.6,1072.0
1880838,stimulus_Ins_HumanRights_2_page_6,806.5,291.5,1074.0
1880839,stimulus_Ins_HumanRights_2_page_6,806.5,292.2,1075.0
1880840,stimulus_Ins_HumanRights_2_page_6,806.4,292.9,1076.0
1880841,stimulus_Ins_HumanRights_2_page_6,806.5,293.0,1075.0
1880842,stimulus_Ins_HumanRights_2_page_6,806.6,293.4,1074.0
1880843,stimulus_Ins_HumanRights_2_page_6,806.6,293.9,1073.0
1880844,stimulus_Ins_HumanRights_2_page_6,806.6,294.3,1074.0
1880845,stimulus_Ins_HumanRights_2_page_6,806.8,294.4,1075.0
1880846,stimulus_Ins_HumanRights_2_page_6,807.0,294.6,1074.0
1880847,stimulus_Ins_HumanRights_2_page_6,806.8,294.7,1074.0
1880848,stimulus_Ins_HumanRights_2_page_6,806.5,294.7,1073.0
1880849,stimulus_Ins_HumanRights_2_page_6,806.2,294.5,1075.0
1880850,stimulus_Ins_HumanRights_2_page_6,806.3,294.4,1077.0
1880851,stimulus_Ins_HumanRights_2_page_6,806.6,293.9,1079.0
1880852,stimulus_Ins_HumanRights_2_page_6,807.0,293.5,1081.0
1880853,stimulus_Ins_HumanRights_2_page_6,807.3,293.2,1079.0
1880854,stimulus_Ins_HumanRights_2_page_6,806.9,293.2,1077.0
1880855,stimulus_Ins_HumanRights_2_page_6,806.5,293.3,1076.0
1880856,stimulus_Ins_HumanRights_2_page_6,806.1,293.4,1077.0
1880857,stimulus_Ins_HumanRights_2_page_6,806.2,293.4,1079.0
1880858,stimulus_Ins_HumanRights_2_page_6,806.4,293.5,1079.0
1880859,stimulus_Ins_HumanRights_2_page_6,806.5,293.6,1079.0
1880860,stimulus_Ins_HumanRights_2_page_6,806.6,293.9,1079.0
1880861,stimulus_Ins_HumanRights_2_page_6,806.6,294.3,1080.0
1880862,stimulus_Ins_HumanRights_2_page_6,806.8,294.7,1081.0
1880863,stimulus_Ins_HumanRights_2_page_6,806.9,294.7,1081.0
1880864,stimulus_Ins_HumanRights_2_page_6,807.1,294.7,1080.0
1880865,stimulus_Ins_HumanRights_2_page_6,807.1,294.7,1080.0
1880866,stimulus_Ins_HumanRights_2_page_6,806.7,294.9,1080.0
1880867,stimulus_Ins_HumanRights_2_page_6,806.2,295.1,1081.0
1880868,stimulus_Ins_HumanRights_2_page_6,805.7,295.1,1082.0
1880869,stimulus_Ins_HumanRights_2_page_6,805.6,295.3,1082.0
1880870,stimulus_Ins_HumanRights_2_page_6,805.6,295.3,1081.0
1880871,stimulus_Ins_HumanRights_2_page_6,805.6,295.3,1081.0
1880872,stimulus_Ins_HumanRights_2_page_6,805.9,295.1,1080.0
1880873,stimulus_Ins_HumanRights_2_page_6,806.2,295.2,1080.0
1880874,stimulus_Ins_HumanRights_2_page_6,806.4,295.3,1081.0
1880875,stimulus_Ins_HumanRights_2_page_6,806.2,295.5,1081.0
1880876,stimulus_Ins_HumanRights_2_page_6,806.1,295.6,1081.0
1880877,stimulus_Ins_HumanRights_2_page_6,806.3,295.6,1081.0
1880878,stimulus_Ins_HumanRights_2_page_6,806.5,295.7,1081.0
1880879,stimulus_Ins_HumanRights_2_page_6,806.5,295.8,1081.0
1880880,stimulus_Ins_HumanRights_2_page_6,806.3,295.8,1081.0
1880881,stimulus_Ins_HumanRights_2_page_6,806.0,295.9,1081.0
1880882,stimulus_Ins_HumanRights_2_page_6,806.0,295.9,1081.0
1880883,stimulus_Ins_HumanRights_2_page_6,806.0,295.8,1081.0
1880884,stimulus_Ins_HumanRights_2_page_6,806.1,295.6,1081.0
1880885,stimulus_Ins_HumanRights_2_page_6,806.2,295.6,1082.0
1880886,stimulus_Ins_HumanRights_2_page_6,806.3,295.7,1082.0
1880887,stimulus_Ins_HumanRights_2_page_6,806.2,295.8,1082.0
1880888,stimulus_Ins_HumanRights_2_page_6,806.0,295.8,1083.0
1880889,stimulus_Ins_HumanRights_2_page_6,805.8,295.8,1084.0
1880890,stimulus_Ins_HumanRights_2_page_6,805.6,295.9,1086.0
1880891,stimulus_Ins_HumanRights_2_page_6,805.5,296.0,1086.0
1880892,stimulus_Ins_HumanRights_2_page_6,805.5,296.1,1085.0
1880893,stimulus_Ins_HumanRights_2_page_6,805.8,296.1,1084.0
1880894,stimulus_Ins_HumanRights_2_page_6,806.1,296.0,1084.0
1880895,stimulus_Ins_HumanRights_2_page_6,806.0,295.8,1084.0
1880896,stimulus_Ins_HumanRights_2_page_6,805.7,295.7,1084.0
1880897,stimulus_Ins_HumanRights_2_page_6,805.3,295.7,1085.0
1880898,stimulus_Ins_HumanRights_2_page_6,805.2,296.0,1086.0
1880899,stimulus_Ins_HumanRights_2_page_6,805.4,296.3,1084.0
1880900,stimulus_Ins_HumanRights_2_page_6,805.6,296.7,1083.0
1880901,stimulus_Ins_HumanRights_2_page_6,806.0,297.0,1081.0
1880902,stimulus_Ins_HumanRights_2_page_6,806.2,297.3,1082.0
1880903,stimulus_Ins_HumanRights_2_page_6,806.1,297.0,1082.0
1880904,stimulus_Ins_HumanRights_2_page_6,805.8,296.7,1083.0
1880905,stimulus_Ins_HumanRights_2_page_6,805.3,296.4,1084.0
1880906,stimulus_Ins_HumanRights_2_page_6,805.0,296.1,1083.0
1880907,stimulus_Ins_HumanRights_2_page_6,804.6,295.9,1083.0
1880908,stimulus_Ins_HumanRights_2_page_6,804.3,295.7,1082.0
1880909,stimulus_Ins_HumanRights_2_page_6,803.7,295.9,1082.0
1880910,stimulus_Ins_HumanRights_2_page_6,803.2,295.4,1081.0
1880911,stimulus_Ins_HumanRights_2_page_6,803.0,294.6,1081.0
1880912,stimulus_Ins_HumanRights_2_page_6,804.4,294.2,1082.0
1880913,stimulus_Ins_HumanRights_2_page_6,806.9,294.4,1085.0
1880914,stimulus_Ins_HumanRights_2_page_6,810.7,294.6,1088.0
1880915,stimulus_Ins_HumanRights_2_page_6,814.9,294.8,1088.0
1880916,stimulus_Ins_HumanRights_2_page_6,820.0,295.3,1085.0
1880917,stimulus_Ins_HumanRights_2_page_6,824.9,295.7,1081.0
1880918,stimulus_Ins_HumanRights_2_page_6,828.5,295.2,1082.0
1880919,stimulus_Ins_HumanRights_2_page_6,832.8,294.4,1082.0
1880920,stimulus_Ins_HumanRights_2_page_6,837.9,294.0,1083.0
1880921,stimulus_Ins_HumanRights_2_page_6,844.9,294.3,1084.0
1880922,stimulus_Ins_HumanRights_2_page_6,852.0,294.6,1085.0
1880923,stimulus_Ins_HumanRights_2_page_6,858.3,294.4,1084.0
1880924,stimulus_Ins_HumanRights_2_page_6,863.4,294.4,1083.0
1880925,stimulus_Ins_HumanRights_2_page_6,867.7,294.3,1084.0
1880926,stimulus_Ins_HumanRights_2_page_6,873.1,294.2,1084.0
1880927,stimulus_Ins_HumanRights_2_page_6,879.2,293.7,1085.0
1880928,stimulus_Ins_HumanRights_2_page_6,884.4,293.2,1082.0
1880929,stimulus_Ins_HumanRights_2_page_6,888.7,292.7,1079.0
1880930,stimulus_Ins_HumanRights_2_page_6,893.6,291.9,1076.0
1880931,stimulus_Ins_HumanRights_2_page_6,900.2,291.2,1077.0
1880932,stimulus_Ins_HumanRights_2_page_6,907.4,290.5,1077.0
1880933,stimulus_Ins_HumanRights_2_page_6,914.6,290.3,1077.0
1880934,stimulus_Ins_HumanRights_2_page_6,919.5,290.2,1076.0
1880935,stimulus_Ins_HumanRights_2_page_6,923.5,290.3,1075.0
1880936,stimulus_Ins_HumanRights_2_page_6,927.7,290.5,1075.0
1880937,stimulus_Ins_HumanRights_2_page_6,933.9,290.9,1077.0
1880938,stimulus_Ins_HumanRights_2_page_6,940.0,291.0,1078.0
1880939,stimulus_Ins_HumanRights_2_page_6,945.0,290.9,1078.0
1880940,stimulus_Ins_HumanRights_2_page_6,949.0,290.6,1075.0
1880941,stimulus_Ins_HumanRights_2_page_6,952.8,290.5,1071.0
1880942,stimulus_Ins_HumanRights_2_page_6,956.4,290.4,1069.0
1880943,stimulus_Ins_HumanRights_2_page_6,959.0,290.4,1071.0
1880944,stimulus_Ins_HumanRights_2_page_6,960.5,289.5,1073.0
1880945,stimulus_Ins_HumanRights_2_page_6,961.0,288.5,1074.0
1880946,stimulus_Ins_HumanRights_2_page_6,961.1,287.6,1073.0
1880947,stimulus_Ins_HumanRights_2_page_6,961.1,287.6,1071.0
1880948,stimulus_Ins_HumanRights_2_page_6,961.2,287.6,1070.0
1880949,stimulus_Ins_HumanRights_2_page_6,961.4,287.6,1070.0
1880950,stimulus_Ins_HumanRights_2_page_6,961.9,287.7,1070.0
1880951,stimulus_Ins_HumanRights_2_page_6,962.4,287.8,1069.0
1880952,stimulus_Ins_HumanRights_2_page_6,962.7,288.0,1069.0
1880953,stimulus_Ins_HumanRights_2_page_6,962.9,287.9,1069.0
1880954,stimulus_Ins_HumanRights_2_page_6,963.1,288.4,1069.0
1880955,stimulus_Ins_HumanRights_2_page_6,963.3,288.9,1070.0
1880956,stimulus_Ins_HumanRights_2_page_6,963.6,289.2,1071.0
1880957,stimulus_Ins_HumanRights_2_page_6,963.9,289.0,1071.0
1880958,stimulus_Ins_HumanRights_2_page_6,964.1,288.7,1070.0
1880959,stimulus_Ins_HumanRights_2_page_6,964.1,288.5,1068.0
1880960,stimulus_Ins_HumanRights_2_page_6,964.1,288.2,1067.0
1880961,stimulus_Ins_HumanRights_2_page_6,964.6,287.9,1067.0
1880962,stimulus_Ins_HumanRights_2_page_6,965.1,287.8,1066.0
1880963,stimulus_Ins_HumanRights_2_page_6,965.8,287.9,1066.0
1880964,stimulus_Ins_HumanRights_2_page_6,966.1,287.9,1066.0
1880965,stimulus_Ins_HumanRights_2_page_6,966.3,287.9,1066.0
1880966,stimulus_Ins_HumanRights_2_page_6,966.3,287.7,1067.0
1880967,stimulus_Ins_HumanRights_2_page_6,966.4,287.5,1067.0
1880968,stimulus_Ins_HumanRights_2_page_6,966.5,287.8,1067.0
1880969,stimulus_Ins_HumanRights_2_page_6,966.7,288.2,1066.0
1880970,stimulus_Ins_HumanRights_2_page_6,966.7,288.3,1065.0
1880971,stimulus_Ins_HumanRights_2_page_6,966.7,288.0,1063.0
1880972,stimulus_Ins_HumanRights_2_page_6,966.7,287.6,1064.0
1880973,stimulus_Ins_HumanRights_2_page_6,966.9,287.6,1066.0
1880974,stimulus_Ins_HumanRights_2_page_6,967.0,287.6,1066.0
1880975,stimulus_Ins_HumanRights_2_page_6,967.0,287.6,1066.0
1880976,stimulus_Ins_HumanRights_2_page_6,967.3,287.1,1065.0
1880977,stimulus_Ins_HumanRights_2_page_6,967.5,286.8,1063.0
1880978,stimulus_Ins_HumanRights_2_page_6,967.8,286.6,1062.0
1880979,stimulus_Ins_HumanRights_2_page_6,967.9,286.8,1063.0
1880980,stimulus_Ins_HumanRights_2_page_6,968.2,286.8,1063.0
1880981,stimulus_Ins_HumanRights_2_page_6,968.5,286.0,1063.0
1880982,stimulus_Ins_HumanRights_2_page_6,968.7,285.3,1065.0
1880983,stimulus_Ins_HumanRights_2_page_6,968.7,284.6,1066.0
1880984,stimulus_Ins_HumanRights_2_page_6,968.6,284.4,1067.0
1880985,stimulus_Ins_HumanRights_2_page_6,968.7,284.2,1066.0
1880986,stimulus_Ins_HumanRights_2_page_6,968.9,284.1,1064.0
1880987,stimulus_Ins_HumanRights_2_page_6,969.2,283.9,1063.0
1880988,stimulus_Ins_HumanRights_2_page_6,969.4,283.7,1062.0
1880989,stimulus_Ins_HumanRights_2_page_6,969.4,283.7,1062.0
1880990,stimulus_Ins_HumanRights_2_page_6,969.4,283.8,1062.0
1880991,stimulus_Ins_HumanRights_2_page_6,969.3,283.7,1062.0
1880992,stimulus_Ins_HumanRights_2_page_6,969.2,283.3,1062.0
1880993,stimulus_Ins_HumanRights_2_page_6,969.3,282.8,1062.0
1880994,stimulus_Ins_HumanRights_2_page_6,969.3,282.5,1061.0
1880995,stimulus_Ins_HumanRights_2_page_6,969.3,282.2,1061.0
1880996,stimulus_Ins_HumanRights_2_page_6,969.5,281.8,1060.0
1880997,stimulus_Ins_HumanRights_2_page_6,970.1,281.4,1060.0
1880998,stimulus_Ins_HumanRights_2_page_6,970.6,281.1,1060.0
1880999,stimulus_Ins_HumanRights_2_page_6,970.7,281.6,1060.0
1881000,stimulus_Ins_HumanRights_2_page_6,970.6,282.1,1061.0
1881001,stimulus_Ins_HumanRights_2_page_6,970.6,282.7,1060.0
1881002,stimulus_Ins_HumanRights_2_page_6,970.7,282.5,1059.0
1881003,stimulus_Ins_HumanRights_2_page_6,970.7,282.3,1059.0
1881004,stimulus_Ins_HumanRights_2_page_6,971.0,281.9,1060.0
1881005,stimulus_Ins_HumanRights_2_page_6,971.2,282.2,1062.0
1881006,stimulus_Ins_HumanRights_2_page_6,971.1,282.9,1064.0
1881007,stimulus_Ins_HumanRights_2_page_6,970.7,283.5,1065.0
1881008,stimulus_Ins_HumanRights_2_page_6,970.4,283.6,1065.0
1881009,stimulus_Ins_HumanRights_2_page_6,970.5,283.6,1065.0
1881010,stimulus_Ins_HumanRights_2_page_6,970.5,283.4,1065.0
1881011,stimulus_Ins_HumanRights_2_page_6,970.6,283.3,1065.0
1881012,stimulus_Ins_HumanRights_2_page_6,970.6,283.2,1065.0
1881013,stimulus_Ins_HumanRights_2_page_6,970.7,283.3,1065.0
1881014,stimulus_Ins_HumanRights_2_page_6,970.8,283.4,1064.0
1881015,stimulus_Ins_HumanRights_2_page_6,970.8,283.1,1062.0
1881016,stimulus_Ins_HumanRights_2_page_6,970.9,282.6,1062.0
1881017,stimulus_Ins_HumanRights_2_page_6,971.0,282.1,1062.0
1881018,stimulus_Ins_HumanRights_2_page_6,971.1,282.1,1063.0
1881019,stimulus_Ins_HumanRights_2_page_6,971.1,282.2,1063.0
1881020,stimulus_Ins_HumanRights_2_page_6,971.0,282.3,1063.0
1881021,stimulus_Ins_HumanRights_2_page_6,970.9,282.5,1063.0
1881022,stimulus_Ins_HumanRights_2_page_6,970.8,282.6,1063.0
1881023,stimulus_Ins_HumanRights_2_page_6,970.9,282.7,1063.0
1881024,stimulus_Ins_HumanRights_2_page_6,970.8,283.1,1063.0
1881025,stimulus_Ins_HumanRights_2_page_6,970.7,283.7,1063.0
1881026,stimulus_Ins_HumanRights_2_page_6,970.5,284.2,1063.0
1881027,stimulus_Ins_HumanRights_2_page_6,970.5,283.9,1063.0
1881028,stimulus_Ins_HumanRights_2_page_6,970.3,283.6,1063.0
1881029,stimulus_Ins_HumanRights_2_page_6,970.2,283.3,1063.0
1881030,stimulus_Ins_HumanRights_2_page_6,970.0,283.4,1063.0
1881031,stimulus_Ins_HumanRights_2_page_6,970.0,284.0,1063.0
1881032,stimulus_Ins_HumanRights_2_page_6,969.9,284.7,1064.0
1881033,stimulus_Ins_HumanRights_2_page_6,969.7,285.4,1064.0
1881034,stimulus_Ins_HumanRights_2_page_6,969.7,285.4,1065.0
1881035,stimulus_Ins_HumanRights_2_page_6,969.9,285.1,1064.0
1881036,stimulus_Ins_HumanRights_2_page_6,970.2,284.8,1064.0
1881037,stimulus_Ins_HumanRights_2_page_6,970.3,284.8,1065.0
1881038,stimulus_Ins_HumanRights_2_page_6,969.9,285.2,1066.0
1881039,stimulus_Ins_HumanRights_2_page_6,969.6,285.8,1066.0
1881040,stimulus_Ins_HumanRights_2_page_6,969.4,286.1,1065.0
1881041,stimulus_Ins_HumanRights_2_page_6,969.7,285.7,1064.0
1881042,stimulus_Ins_HumanRights_2_page_6,969.9,285.6,1064.0
1881043,stimulus_Ins_HumanRights_2_page_6,970.0,285.7,1066.0
1881044,stimulus_Ins_HumanRights_2_page_6,969.8,286.0,1067.0
1881045,stimulus_Ins_HumanRights_2_page_6,969.8,286.0,1068.0
1881046,stimulus_Ins_HumanRights_2_page_6,969.8,285.9,1066.0
1881047,stimulus_Ins_HumanRights_2_page_6,969.8,285.9,1065.0
1881048,stimulus_Ins_HumanRights_2_page_6,969.8,286.2,1065.0
1881049,stimulus_Ins_HumanRights_2_page_6,969.8,286.5,1065.0
1881050,stimulus_Ins_HumanRights_2_page_6,969.8,286.6,1065.0
1881051,stimulus_Ins_HumanRights_2_page_6,969.8,286.5,1065.0
1881052,stimulus_Ins_HumanRights_2_page_6,969.8,286.3,1065.0
1881053,stimulus_Ins_HumanRights_2_page_6,969.9,286.1,1065.0
1881054,stimulus_Ins_HumanRights_2_page_6,970.1,286.1,1066.0
1881055,stimulus_Ins_HumanRights_2_page_6,970.3,286.1,1066.0
1881056,stimulus_Ins_HumanRights_2_page_6,970.1,286.0,1065.0
1881057,stimulus_Ins_HumanRights_2_page_6,969.8,286.2,1065.0
1881058,stimulus_Ins_HumanRights_2_page_6,969.5,286.4,1065.0
1881059,stimulus_Ins_HumanRights_2_page_6,969.5,286.7,1065.0
1881060,stimulus_Ins_HumanRights_2_page_6,969.5,286.9,1065.0
1881061,stimulus_Ins_HumanRights_2_page_6,969.5,287.0,1065.0
1881062,stimulus_Ins_HumanRights_2_page_6,969.4,287.2,1064.0
1881063,stimulus_Ins_HumanRights_2_page_6,969.3,287.2,1064.0
1881064,stimulus_Ins_HumanRights_2_page_6,969.3,286.8,1063.0
1881065,stimulus_Ins_HumanRights_2_page_6,969.3,286.5,1063.0
1881066,stimulus_Ins_HumanRights_2_page_6,969.4,286.1,1063.0
1881067,stimulus_Ins_HumanRights_2_page_6,969.5,285.9,1063.0
1881068,stimulus_Ins_HumanRights_2_page_6,969.3,285.4,1064.0
1881069,stimulus_Ins_HumanRights_2_page_6,969.1,284.9,1064.0
1881070,stimulus_Ins_HumanRights_2_page_6,969.3,284.8,1063.0
1881071,stimulus_Ins_HumanRights_2_page_6,969.7,284.8,1063.0
1881072,stimulus_Ins_HumanRights_2_page_6,969.8,284.7,1063.0
1881073,stimulus_Ins_HumanRights_2_page_6,969.5,284.5,1062.0
1881074,stimulus_Ins_HumanRights_2_page_6,969.1,284.8,1061.0
1881075,stimulus_Ins_HumanRights_2_page_6,968.8,285.1,1060.0
1881076,stimulus_Ins_HumanRights_2_page_6,968.6,285.6,1059.0
1881077,stimulus_Ins_HumanRights_2_page_6,968.6,285.8,1059.0
1881078,stimulus_Ins_HumanRights_2_page_6,968.7,286.0,1059.0
1881079,stimulus_Ins_HumanRights_2_page_6,968.9,285.5,1058.0
1881080,stimulus_Ins_HumanRights_2_page_6,968.9,285.0,1058.0
1881081,stimulus_Ins_HumanRights_2_page_6,968.9,284.6,1058.0
1881082,stimulus_Ins_HumanRights_2_page_6,968.9,284.6,1059.0
1881083,stimulus_Ins_HumanRights_2_page_6,969.0,284.8,1059.0
1881084,stimulus_Ins_HumanRights_2_page_6,969.1,284.9,1058.0
1881085,stimulus_Ins_HumanRights_2_page_6,968.9,285.0,1057.0
1881086,stimulus_Ins_HumanRights_2_page_6,968.6,285.0,1058.0
1881087,stimulus_Ins_HumanRights_2_page_6,968.3,285.0,1059.0
1881088,stimulus_Ins_HumanRights_2_page_6,968.2,285.0,1059.0
1881089,stimulus_Ins_HumanRights_2_page_6,968.1,285.4,1058.0
1881090,stimulus_Ins_HumanRights_2_page_6,968.2,285.7,1057.0
1881091,stimulus_Ins_HumanRights_2_page_6,968.2,286.1,1056.0
1881092,stimulus_Ins_HumanRights_2_page_6,968.3,286.2,1056.0
1881093,stimulus_Ins_HumanRights_2_page_6,968.3,286.3,1057.0
1881094,stimulus_Ins_HumanRights_2_page_6,968.2,286.5,1058.0
1881095,stimulus_Ins_HumanRights_2_page_6,968.4,286.5,1058.0
1881096,stimulus_Ins_HumanRights_2_page_6,968.6,286.4,1059.0
1881097,stimulus_Ins_HumanRights_2_page_6,968.8,286.2,1059.0
1881098,stimulus_Ins_HumanRights_2_page_6,968.6,286.1,1059.0
1881099,stimulus_Ins_HumanRights_2_page_6,968.4,286.1,1059.0
1881100,stimulus_Ins_HumanRights_2_page_6,968.3,286.1,1058.0
1881101,stimulus_Ins_HumanRights_2_page_6,968.5,286.1,1058.0
1881102,stimulus_Ins_HumanRights_2_page_6,968.7,286.0,1059.0
1881103,stimulus_Ins_HumanRights_2_page_6,968.8,285.9,1059.0
1881104,stimulus_Ins_HumanRights_2_page_6,968.8,285.8,1060.0
1881105,stimulus_Ins_HumanRights_2_page_6,968.8,285.8,1060.0
1881106,stimulus_Ins_HumanRights_2_page_6,968.7,285.9,1060.0
1881107,stimulus_Ins_HumanRights_2_page_6,968.7,286.0,1060.0
1881108,stimulus_Ins_HumanRights_2_page_6,968.8,286.1,1057.0
1881109,stimulus_Ins_HumanRights_2_page_6,968.9,286.2,1055.0
1881110,stimulus_Ins_HumanRights_2_page_6,969.1,286.1,1053.0
1881111,stimulus_Ins_HumanRights_2_page_6,968.9,286.0,1054.0
1881112,stimulus_Ins_HumanRights_2_page_6,968.6,286.0,1055.0
1881113,stimulus_Ins_HumanRights_2_page_6,968.3,286.1,1056.0
1881114,stimulus_Ins_HumanRights_2_page_6,968.3,286.4,1057.0
1881115,stimulus_Ins_HumanRights_2_page_6,968.5,286.8,1057.0
1881116,stimulus_Ins_HumanRights_2_page_6,968.7,287.1,1056.0
1881117,stimulus_Ins_HumanRights_2_page_6,968.7,287.1,1056.0
1881118,stimulus_Ins_HumanRights_2_page_6,968.8,287.1,1057.0
1881119,stimulus_Ins_HumanRights_2_page_6,968.9,286.9,1059.0
1881120,stimulus_Ins_HumanRights_2_page_6,968.5,286.5,1059.0
1881121,stimulus_Ins_HumanRights_2_page_6,968.1,286.2,1060.0
1881122,stimulus_Ins_HumanRights_2_page_6,968.1,286.6,1060.0
1881123,stimulus_Ins_HumanRights_2_page_6,968.5,287.2,1059.0
1881124,stimulus_Ins_HumanRights_2_page_6,968.5,287.8,1059.0
1881125,stimulus_Ins_HumanRights_2_page_6,968.0,287.9,1059.0
1881126,stimulus_Ins_HumanRights_2_page_6,967.9,288.0,1059.0
1881127,stimulus_Ins_HumanRights_2_page_6,968.1,287.6,1058.0
1881128,stimulus_Ins_HumanRights_2_page_6,968.4,287.3,1058.0
1881129,stimulus_Ins_HumanRights_2_page_6,968.5,287.1,1057.0
1881130,stimulus_Ins_HumanRights_2_page_6,968.6,287.4,1056.0
1881131,stimulus_Ins_HumanRights_2_page_6,968.6,287.1,1055.0
1881132,stimulus_Ins_HumanRights_2_page_6,968.7,286.8,1056.0
1881133,stimulus_Ins_HumanRights_2_page_6,968.7,286.5,1056.0
1881134,stimulus_Ins_HumanRights_2_page_6,968.7,286.8,1056.0
1881135,stimulus_Ins_HumanRights_2_page_6,968.7,287.0,1056.0
1881136,stimulus_Ins_HumanRights_2_page_6,968.7,286.7,1056.0
1881137,stimulus_Ins_HumanRights_2_page_6,968.6,286.1,1056.0
1881138,stimulus_Ins_HumanRights_2_page_6,968.5,285.7,1056.0
1881139,stimulus_Ins_HumanRights_2_page_6,968.5,286.4,1056.0
1881140,stimulus_Ins_HumanRights_2_page_6,968.5,287.0,1056.0
1881141,stimulus_Ins_HumanRights_2_page_6,968.6,287.4,1055.0
1881142,stimulus_Ins_HumanRights_2_page_6,968.8,287.4,1054.0
1881143,stimulus_Ins_HumanRights_2_page_6,969.0,287.7,1054.0
1881144,stimulus_Ins_HumanRights_2_page_6,969.2,288.0,1056.0
1881145,stimulus_Ins_HumanRights_2_page_6,969.3,288.2,1058.0
1881146,stimulus_Ins_HumanRights_2_page_6,969.2,287.9,1058.0
1881147,stimulus_Ins_HumanRights_2_page_6,969.2,287.8,1058.0
1881148,stimulus_Ins_HumanRights_2_page_6,969.2,287.9,1058.0
1881149,stimulus_Ins_HumanRights_2_page_6,969.3,288.2,1058.0
1881150,stimulus_Ins_HumanRights_2_page_6,969.4,288.6,1058.0
1881151,stimulus_Ins_HumanRights_2_page_6,969.4,288.9,1058.0
1881152,stimulus_Ins_HumanRights_2_page_6,969.4,289.1,1057.0
1881153,stimulus_Ins_HumanRights_2_page_6,969.4,288.8,1056.0
1881154,stimulus_Ins_HumanRights_2_page_6,969.3,288.4,1055.0
1881155,stimulus_Ins_HumanRights_2_page_6,969.3,288.1,1056.0
1881156,stimulus_Ins_HumanRights_2_page_6,969.5,288.0,1057.0
1881157,stimulus_Ins_HumanRights_2_page_6,969.6,288.1,1058.0
1881158,stimulus_Ins_HumanRights_2_page_6,969.5,288.1,1058.0
1881159,stimulus_Ins_HumanRights_2_page_6,969.3,288.0,1058.0
1881160,stimulus_Ins_HumanRights_2_page_6,969.2,287.9,1057.0
1881161,stimulus_Ins_HumanRights_2_page_6,969.2,287.8,1056.0
1881162,stimulus_Ins_HumanRights_2_page_6,969.2,287.8,1056.0
1881163,stimulus_Ins_HumanRights_2_page_6,969.1,287.7,1056.0
1881164,stimulus_Ins_HumanRights_2_page_6,969.1,287.7,1055.0
1881165,stimulus_Ins_HumanRights_2_page_6,969.1,287.4,1056.0
1881166,stimulus_Ins_HumanRights_2_page_6,969.1,287.3,1058.0
1881167,stimulus_Ins_HumanRights_2_page_6,969.3,287.5,1060.0
1881168,stimulus_Ins_HumanRights_2_page_6,969.4,287.7,1060.0
1881169,stimulus_Ins_HumanRights_2_page_6,969.6,287.9,1060.0
1881170,stimulus_Ins_HumanRights_2_page_6,969.6,287.9,1060.0
1881171,stimulus_Ins_HumanRights_2_page_6,969.5,287.9,1058.0
1881172,stimulus_Ins_HumanRights_2_page_6,969.4,288.0,1057.0
1881173,stimulus_Ins_HumanRights_2_page_6,969.2,288.1,1055.0
1881174,stimulus_Ins_HumanRights_2_page_6,969.0,287.8,1055.0
1881175,stimulus_Ins_HumanRights_2_page_6,969.4,287.6,1055.0
1881176,stimulus_Ins_HumanRights_2_page_6,969.8,287.4,1055.0
1881177,stimulus_Ins_HumanRights_2_page_6,970.0,287.5,1056.0
1881178,stimulus_Ins_HumanRights_2_page_6,969.9,287.7,1056.0
1881179,stimulus_Ins_HumanRights_2_page_6,969.8,287.9,1057.0
1881180,stimulus_Ins_HumanRights_2_page_6,969.9,288.0,1057.0
1881181,stimulus_Ins_HumanRights_2_page_6,969.9,288.1,1054.0
1881182,stimulus_Ins_HumanRights_2_page_6,969.6,288.2,1052.0
1881183,stimulus_Ins_HumanRights_2_page_6,969.4,288.0,1052.0
1881184,stimulus_Ins_HumanRights_2_page_6,969.0,287.7,1054.0
1881185,stimulus_Ins_HumanRights_2_page_6,968.8,287.5,1056.0
1881186,stimulus_Ins_HumanRights_2_page_6,968.6,287.8,1056.0
1881187,stimulus_Ins_HumanRights_2_page_6,968.8,288.0,1056.0
1881188,stimulus_Ins_HumanRights_2_page_6,969.1,287.8,1056.0
1881189,stimulus_Ins_HumanRights_2_page_6,969.5,287.5,1056.0
1881190,stimulus_Ins_HumanRights_2_page_6,969.8,287.1,1056.0
1881191,stimulus_Ins_HumanRights_2_page_6,969.5,287.2,1055.0
1881192,stimulus_Ins_HumanRights_2_page_6,969.2,287.2,1053.0
1881193,stimulus_Ins_HumanRights_2_page_6,969.0,287.2,1051.0
1881194,stimulus_Ins_HumanRights_2_page_6,969.4,287.7,1050.0
1881195,stimulus_Ins_HumanRights_2_page_6,969.8,288.3,1052.0
1881196,stimulus_Ins_HumanRights_2_page_6,970.0,288.9,1055.0
1881197,stimulus_Ins_HumanRights_2_page_6,970.0,289.0,1057.0
1881198,stimulus_Ins_HumanRights_2_page_6,969.7,288.9,1057.0
1881199,stimulus_Ins_HumanRights_2_page_6,969.4,288.6,1057.0
1881200,stimulus_Ins_HumanRights_2_page_6,969.1,288.3,1056.0
1881201,stimulus_Ins_HumanRights_2_page_6,969.1,288.1,1054.0
1881202,stimulus_Ins_HumanRights_2_page_6,969.1,288.1,1053.0
1881203,stimulus_Ins_HumanRights_2_page_6,969.1,288.2,1053.0
1881204,stimulus_Ins_HumanRights_2_page_6,968.9,288.5,1054.0
1881205,stimulus_Ins_HumanRights_2_page_6,968.7,288.8,1054.0
1881206,stimulus_Ins_HumanRights_2_page_6,968.5,288.9,1054.0
1881207,stimulus_Ins_HumanRights_2_page_6,968.4,289.0,1054.0
1881208,stimulus_Ins_HumanRights_2_page_6,968.4,289.0,1054.0
1881209,stimulus_Ins_HumanRights_2_page_6,968.3,289.0,1054.0
1881210,stimulus_Ins_HumanRights_2_page_6,968.4,288.9,1053.0
1881211,stimulus_Ins_HumanRights_2_page_6,968.4,288.9,1052.0
1881212,stimulus_Ins_HumanRights_2_page_6,968.4,288.9,1050.0
1881213,stimulus_Ins_HumanRights_2_page_6,968.7,288.9,1048.0
1881214,stimulus_Ins_HumanRights_2_page_6,969.0,288.8,1047.0
1881215,stimulus_Ins_HumanRights_2_page_6,969.3,288.7,1049.0
1881216,stimulus_Ins_HumanRights_2_page_6,969.3,288.6,1051.0
1881217,stimulus_Ins_HumanRights_2_page_6,969.4,288.6,1053.0
1881218,stimulus_Ins_HumanRights_2_page_6,969.3,288.6,1053.0
1881219,stimulus_Ins_HumanRights_2_page_6,969.1,288.4,1053.0
1881220,stimulus_Ins_HumanRights_2_page_6,969.0,288.3,1053.0
1881221,stimulus_Ins_HumanRights_2_page_6,969.0,288.3,1053.0
1881222,stimulus_Ins_HumanRights_2_page_6,969.0,288.4,1053.0
1881223,stimulus_Ins_HumanRights_2_page_6,968.9,288.6,1054.0
1881224,stimulus_Ins_HumanRights_2_page_6,968.9,288.7,1054.0
1881225,stimulus_Ins_HumanRights_2_page_6,968.7,288.8,1054.0
1881226,stimulus_Ins_HumanRights_2_page_6,968.6,289.0,1054.0
1881227,stimulus_Ins_HumanRights_2_page_6,968.5,289.2,1053.0
1881228,stimulus_Ins_HumanRights_2_page_6,968.5,289.3,1054.0
1881229,stimulus_Ins_HumanRights_2_page_6,968.4,289.2,1054.0
1881230,stimulus_Ins_HumanRights_2_page_6,968.3,289.0,1055.0
1881231,stimulus_Ins_HumanRights_2_page_6,968.2,289.0,1054.0
1881232,stimulus_Ins_HumanRights_2_page_6,968.2,289.1,1053.0
1881233,stimulus_Ins_HumanRights_2_page_6,968.1,289.3,1052.0
1881234,stimulus_Ins_HumanRights_2_page_6,968.0,289.5,1053.0
1881235,stimulus_Ins_HumanRights_2_page_6,967.9,289.7,1054.0
1881236,stimulus_Ins_HumanRights_2_page_6,967.8,289.2,1054.0
1881237,stimulus_Ins_HumanRights_2_page_6,967.7,288.6,1054.0
1881238,stimulus_Ins_HumanRights_2_page_6,967.4,288.2,1053.0
1881239,stimulus_Ins_HumanRights_2_page_6,967.3,288.1,1052.0
1881240,stimulus_Ins_HumanRights_2_page_6,967.3,287.9,1052.0
1881241,stimulus_Ins_HumanRights_2_page_6,967.2,287.5,1052.0
1881242,stimulus_Ins_HumanRights_2_page_6,967.2,287.8,1052.0
1881243,stimulus_Ins_HumanRights_2_page_6,967.1,288.3,1052.0
1881244,stimulus_Ins_HumanRights_2_page_6,967.1,288.9,1053.0
1881245,stimulus_Ins_HumanRights_2_page_6,967.1,289.1,1053.0
1881246,stimulus_Ins_HumanRights_2_page_6,967.2,288.9,1054.0
1881247,stimulus_Ins_HumanRights_2_page_6,966.9,288.6,1054.0
1881248,stimulus_Ins_HumanRights_2_page_6,966.5,288.4,1055.0
1881249,stimulus_Ins_HumanRights_2_page_6,966.1,288.5,1055.0
1881250,stimulus_Ins_HumanRights_2_page_6,966.1,288.9,1056.0
1881251,stimulus_Ins_HumanRights_2_page_6,966.1,289.1,1055.0
1881252,stimulus_Ins_HumanRights_2_page_6,966.1,289.3,1055.0
1881253,stimulus_Ins_HumanRights_2_page_6,966.0,289.3,1055.0
1881254,stimulus_Ins_HumanRights_2_page_6,966.0,289.3,1055.0
1881255,stimulus_Ins_HumanRights_2_page_6,966.0,289.2,1056.0
1881256,stimulus_Ins_HumanRights_2_page_6,966.1,289.2,1056.0
1881257,stimulus_Ins_HumanRights_2_page_6,966.1,289.7,1056.0
1881258,stimulus_Ins_HumanRights_2_page_6,965.8,290.3,1056.0
1881259,stimulus_Ins_HumanRights_2_page_6,965.5,290.7,1056.0
1881260,stimulus_Ins_HumanRights_2_page_6,965.1,290.1,1055.0
1881261,stimulus_Ins_HumanRights_2_page_6,965.0,289.5,1054.0
1881262,stimulus_Ins_HumanRights_2_page_6,964.9,289.5,1053.0
1881263,stimulus_Ins_HumanRights_2_page_6,965.0,290.0,1054.0
1881264,stimulus_Ins_HumanRights_2_page_6,965.4,290.4,1055.0
1881265,stimulus_Ins_HumanRights_2_page_6,966.3,290.5,1057.0
1881266,stimulus_Ins_HumanRights_2_page_6,966.9,290.3,1056.0
1881267,stimulus_Ins_HumanRights_2_page_6,968.1,289.7,1056.0
1881268,stimulus_Ins_HumanRights_2_page_6,969.4,289.2,1054.0
1881269,stimulus_Ins_HumanRights_2_page_6,972.3,288.6,1053.0
1881270,stimulus_Ins_HumanRights_2_page_6,975.6,288.2,1053.0
1881271,stimulus_Ins_HumanRights_2_page_6,979.4,287.7,1053.0
1881272,stimulus_Ins_HumanRights_2_page_6,982.7,287.4,1053.0
1881273,stimulus_Ins_HumanRights_2_page_6,986.2,287.4,1052.0
1881274,stimulus_Ins_HumanRights_2_page_6,990.7,288.7,1052.0
1881275,stimulus_Ins_HumanRights_2_page_6,996.5,289.9,1054.0
1881276,stimulus_Ins_HumanRights_2_page_6,1003.0,290.8,1055.0
1881277,stimulus_Ins_HumanRights_2_page_6,1009.8,290.3,1056.0
1881278,stimulus_Ins_HumanRights_2_page_6,1015.1,290.0,1053.0
1881279,stimulus_Ins_HumanRights_2_page_6,1018.6,289.5,1050.0
1881280,stimulus_Ins_HumanRights_2_page_6,1020.8,288.9,1048.0
1881281,stimulus_Ins_HumanRights_2_page_6,1022.5,288.3,1049.0
1881282,stimulus_Ins_HumanRights_2_page_6,1023.9,288.2,1049.0
1881283,stimulus_Ins_HumanRights_2_page_6,1024.9,288.3,1050.0
1881284,stimulus_Ins_HumanRights_2_page_6,1026.3,287.9,1050.0
1881285,stimulus_Ins_HumanRights_2_page_6,1028.8,287.3,1050.0
1881286,stimulus_Ins_HumanRights_2_page_6,1031.1,286.7,1046.0
1881287,stimulus_Ins_HumanRights_2_page_6,1033.8,286.5,1043.0
1881288,stimulus_Ins_HumanRights_2_page_6,1036.2,286.3,1042.0
1881289,stimulus_Ins_HumanRights_2_page_6,1038.9,286.5,1044.0
1881290,stimulus_Ins_HumanRights_2_page_6,1041.2,286.8,1046.0
1881291,stimulus_Ins_HumanRights_2_page_6,1043.1,287.3,1045.0
1881292,stimulus_Ins_HumanRights_2_page_6,1044.9,287.2,1045.0
1881293,stimulus_Ins_HumanRights_2_page_6,1046.0,287.2,1045.0
1881294,stimulus_Ins_HumanRights_2_page_6,1046.7,287.1,1046.0
1881295,stimulus_Ins_HumanRights_2_page_6,1047.1,287.0,1048.0
1881296,stimulus_Ins_HumanRights_2_page_6,1047.4,287.4,1048.0
1881297,stimulus_Ins_HumanRights_2_page_6,1047.6,287.8,1048.0
1881298,stimulus_Ins_HumanRights_2_page_6,1047.6,288.1,1047.0
1881299,stimulus_Ins_HumanRights_2_page_6,1047.8,287.3,1046.0
1881300,stimulus_Ins_HumanRights_2_page_6,1048.0,286.5,1046.0
1881301,stimulus_Ins_HumanRights_2_page_6,1048.1,285.6,1047.0
1881302,stimulus_Ins_HumanRights_2_page_6,1048.2,285.5,1047.0
1881303,stimulus_Ins_HumanRights_2_page_6,1047.8,285.3,1046.0
1881304,stimulus_Ins_HumanRights_2_page_6,1047.3,285.6,1046.0
1881305,stimulus_Ins_HumanRights_2_page_6,1047.2,285.9,1046.0
1881306,stimulus_Ins_HumanRights_2_page_6,1047.8,285.9,1047.0
1881307,stimulus_Ins_HumanRights_2_page_6,1048.4,285.7,1048.0
1881308,stimulus_Ins_HumanRights_2_page_6,1048.7,284.8,1048.0
1881309,stimulus_Ins_HumanRights_2_page_6,1048.7,284.0,1048.0
1881310,stimulus_Ins_HumanRights_2_page_6,1048.7,283.2,1047.0
1881311,stimulus_Ins_HumanRights_2_page_6,1048.5,283.0,1047.0
1881312,stimulus_Ins_HumanRights_2_page_6,1048.4,282.8,1046.0
1881313,stimulus_Ins_HumanRights_2_page_6,1048.1,283.1,1045.0
1881314,stimulus_Ins_HumanRights_2_page_6,1047.9,283.6,1045.0
1881315,stimulus_Ins_HumanRights_2_page_6,1047.8,284.2,1046.0
1881316,stimulus_Ins_HumanRights_2_page_6,1047.8,284.5,1046.0
1881317,stimulus_Ins_HumanRights_2_page_6,1047.7,284.6,1046.0
1881318,stimulus_Ins_HumanRights_2_page_6,1047.7,284.6,1046.0
1881319,stimulus_Ins_HumanRights_2_page_6,1047.6,284.2,1046.0
1881320,stimulus_Ins_HumanRights_2_page_6,1047.2,283.8,1047.0
1881321,stimulus_Ins_HumanRights_2_page_6,1046.8,283.5,1047.0
1881322,stimulus_Ins_HumanRights_2_page_6,1046.4,283.5,1046.0
1881323,stimulus_Ins_HumanRights_2_page_6,1046.4,283.1,1045.0
1881324,stimulus_Ins_HumanRights_2_page_6,1046.4,282.4,1045.0
1881325,stimulus_Ins_HumanRights_2_page_6,1046.3,281.8,1045.0
1881326,stimulus_Ins_HumanRights_2_page_6,1046.2,281.4,1045.0
1881327,stimulus_Ins_HumanRights_2_page_6,1046.3,281.4,1044.0
1881328,stimulus_Ins_HumanRights_2_page_6,1046.5,281.3,1044.0
1881329,stimulus_Ins_HumanRights_2_page_6,1046.7,281.3,1043.0
1881330,stimulus_Ins_HumanRights_2_page_6,1046.3,282.2,1043.0
1881331,stimulus_Ins_HumanRights_2_page_6,1045.9,283.1,1042.0
1881332,stimulus_Ins_HumanRights_2_page_6,1045.4,284.1,1042.0
1881333,stimulus_Ins_HumanRights_2_page_6,1045.4,284.3,1042.0
1881334,stimulus_Ins_HumanRights_2_page_6,1045.4,284.4,1042.0
1881335,stimulus_Ins_HumanRights_2_page_6,1045.5,284.6,1043.0
1881336,stimulus_Ins_HumanRights_2_page_6,1045.6,284.7,1043.0
1881337,stimulus_Ins_HumanRights_2_page_6,1045.6,284.8,1044.0
1881338,stimulus_Ins_HumanRights_2_page_6,1045.6,284.8,1045.0
1881339,stimulus_Ins_HumanRights_2_page_6,1045.5,284.8,1046.0
1881340,stimulus_Ins_HumanRights_2_page_6,1045.0,284.9,1046.0
1881341,stimulus_Ins_HumanRights_2_page_6,1044.7,284.9,1046.0
1881342,stimulus_Ins_HumanRights_2_page_6,1044.3,284.8,1045.0
1881343,stimulus_Ins_HumanRights_2_page_6,1044.4,284.8,1045.0
1881344,stimulus_Ins_HumanRights_2_page_6,1044.4,284.7,1044.0
1881345,stimulus_Ins_HumanRights_2_page_6,1044.4,284.7,1045.0
1881346,stimulus_Ins_HumanRights_2_page_6,1044.6,284.6,1046.0
1881347,stimulus_Ins_HumanRights_2_page_6,1044.7,284.4,1046.0
1881348,stimulus_Ins_HumanRights_2_page_6,1044.7,284.3,1046.0
1881349,stimulus_Ins_HumanRights_2_page_6,1044.6,284.4,1045.0
1881350,stimulus_Ins_HumanRights_2_page_6,1044.5,284.7,1044.0
1881351,stimulus_Ins_HumanRights_2_page_6,1044.6,285.0,1043.0
1881352,stimulus_Ins_HumanRights_2_page_6,1044.7,284.7,1042.0
1881353,stimulus_Ins_HumanRights_2_page_6,1044.9,284.3,1041.0
1881354,stimulus_Ins_HumanRights_2_page_6,1045.0,284.3,1041.0
1881355,stimulus_Ins_HumanRights_2_page_6,1044.8,284.9,1041.0
1881356,stimulus_Ins_HumanRights_2_page_6,1044.6,285.6,1041.0
1881357,stimulus_Ins_HumanRights_2_page_6,1044.5,285.9,1041.0
1881358,stimulus_Ins_HumanRights_2_page_6,1044.6,285.8,1043.0
1881359,stimulus_Ins_HumanRights_2_page_6,1044.8,285.7,1044.0
1881360,stimulus_Ins_HumanRights_2_page_6,1044.9,285.4,1047.0
1881361,stimulus_Ins_HumanRights_2_page_6,1044.6,285.2,1049.0
1881362,stimulus_Ins_HumanRights_2_page_6,1044.3,285.1,1048.0
1881363,stimulus_Ins_HumanRights_2_page_6,1044.3,285.3,1047.0
1881364,stimulus_Ins_HumanRights_2_page_6,1044.4,285.3,1046.0
1881365,stimulus_Ins_HumanRights_2_page_6,1044.5,285.2,1048.0
1881366,stimulus_Ins_HumanRights_2_page_6,1044.4,284.9,1048.0
1881367,stimulus_Ins_HumanRights_2_page_6,1044.5,284.6,1048.0
1881368,stimulus_Ins_HumanRights_2_page_6,1044.5,284.3,1048.0
1881369,stimulus_Ins_HumanRights_2_page_6,1044.6,284.1,1048.0
1881370,stimulus_Ins_HumanRights_2_page_6,1044.2,284.0,1048.0
1881371,stimulus_Ins_HumanRights_2_page_6,1043.8,284.0,1048.0
1881372,stimulus_Ins_HumanRights_2_page_6,1043.5,284.0,1047.0
1881373,stimulus_Ins_HumanRights_2_page_6,1043.7,283.9,1046.0
1881374,stimulus_Ins_HumanRights_2_page_6,1044.2,283.8,1047.0
1881375,stimulus_Ins_HumanRights_2_page_6,1044.5,283.7,1047.0
1881376,stimulus_Ins_HumanRights_2_page_6,1044.9,283.4,1047.0
1881377,stimulus_Ins_HumanRights_2_page_6,1044.4,283.1,1049.0
1881378,stimulus_Ins_HumanRights_2_page_6,1043.8,283.3,1050.0
1881379,stimulus_Ins_HumanRights_2_page_6,1043.1,284.0,1051.0
1881380,stimulus_Ins_HumanRights_2_page_6,1043.2,284.6,1051.0
1881381,stimulus_Ins_HumanRights_2_page_6,1043.3,284.8,1049.0
1881382,stimulus_Ins_HumanRights_2_page_6,1043.6,284.9,1047.0
1881383,stimulus_Ins_HumanRights_2_page_6,1043.8,284.6,1045.0
1881384,stimulus_Ins_HumanRights_2_page_6,1044.0,284.2,1045.0
1881385,stimulus_Ins_HumanRights_2_page_6,1044.0,284.0,1045.0
1881386,stimulus_Ins_HumanRights_2_page_6,1043.9,284.2,1047.0
1881387,stimulus_Ins_HumanRights_2_page_6,1043.9,284.4,1048.0
1881388,stimulus_Ins_HumanRights_2_page_6,1043.8,284.5,1048.0
1881389,stimulus_Ins_HumanRights_2_page_6,1043.8,284.8,1048.0
1881390,stimulus_Ins_HumanRights_2_page_6,1043.8,285.1,1047.0
1881391,stimulus_Ins_HumanRights_2_page_6,1043.8,285.3,1047.0
1881392,stimulus_Ins_HumanRights_2_page_6,1043.9,285.8,1046.0
1881393,stimulus_Ins_HumanRights_2_page_6,1044.1,286.3,1045.0
1881394,stimulus_Ins_HumanRights_2_page_6,1044.2,286.3,1045.0
1881395,stimulus_Ins_HumanRights_2_page_6,1044.3,285.9,1048.0
1881396,stimulus_Ins_HumanRights_2_page_6,1044.3,285.6,1050.0
1881397,stimulus_Ins_HumanRights_2_page_6,1044.2,285.7,1051.0
1881398,stimulus_Ins_HumanRights_2_page_6,1044.0,285.9,1050.0
1881399,stimulus_Ins_HumanRights_2_page_6,1043.8,286.1,1048.0
1881400,stimulus_Ins_HumanRights_2_page_6,1043.9,286.3,1048.0
1881401,stimulus_Ins_HumanRights_2_page_6,1044.1,286.3,1048.0
1881402,stimulus_Ins_HumanRights_2_page_6,1044.2,286.1,1048.0
1881403,stimulus_Ins_HumanRights_2_page_6,1044.1,286.0,1048.0
1881404,stimulus_Ins_HumanRights_2_page_6,1044.1,285.9,1048.0
1881405,stimulus_Ins_HumanRights_2_page_6,1044.2,286.0,1048.0
1881406,stimulus_Ins_HumanRights_2_page_6,1044.3,286.3,1048.0
1881407,stimulus_Ins_HumanRights_2_page_6,1044.3,286.6,1052.0
1881408,stimulus_Ins_HumanRights_2_page_6,1044.3,287.0,1055.0
1881409,stimulus_Ins_HumanRights_2_page_6,1044.2,286.8,1057.0
1881410,stimulus_Ins_HumanRights_2_page_6,1044.1,286.4,1055.0
1881411,stimulus_Ins_HumanRights_2_page_6,1044.0,286.6,1054.0
1881412,stimulus_Ins_HumanRights_2_page_6,1043.9,287.1,1054.0
1881413,stimulus_Ins_HumanRights_2_page_6,1043.8,287.7,1054.0
1881414,stimulus_Ins_HumanRights_2_page_6,1043.6,287.7,1052.0
1881415,stimulus_Ins_HumanRights_2_page_6,1043.7,287.7,1051.0
1881416,stimulus_Ins_HumanRights_2_page_6,1044.0,287.7,1051.0
1881417,stimulus_Ins_HumanRights_2_page_6,1044.4,287.7,1052.0
1881418,stimulus_Ins_HumanRights_2_page_6,1044.4,287.5,1053.0
1881419,stimulus_Ins_HumanRights_2_page_6,1044.3,287.3,1054.0
1881420,stimulus_Ins_HumanRights_2_page_6,1044.0,287.2,1055.0
1881421,stimulus_Ins_HumanRights_2_page_6,1043.9,287.0,1055.0
1881422,stimulus_Ins_HumanRights_2_page_6,1043.7,286.8,1055.0
1881423,stimulus_Ins_HumanRights_2_page_6,1043.6,286.6,1055.0
1881424,stimulus_Ins_HumanRights_2_page_6,1043.7,286.8,1055.0
1881425,stimulus_Ins_HumanRights_2_page_6,1043.7,287.0,1055.0
1881426,stimulus_Ins_HumanRights_2_page_6,1043.7,287.1,1055.0
1881427,stimulus_Ins_HumanRights_2_page_6,1043.7,287.1,1055.0
1881428,stimulus_Ins_HumanRights_2_page_6,1043.7,287.2,1055.0
1881429,stimulus_Ins_HumanRights_2_page_6,1043.7,287.5,1055.0
1881430,stimulus_Ins_HumanRights_2_page_6,1043.6,287.6,1054.0
1881431,stimulus_Ins_HumanRights_2_page_6,1043.6,287.5,1055.0
1881432,stimulus_Ins_HumanRights_2_page_6,1043.7,287.2,1055.0
1881433,stimulus_Ins_HumanRights_2_page_6,1043.7,287.0,1055.0
1881434,stimulus_Ins_HumanRights_2_page_6,1043.7,286.9,1056.0
1881435,stimulus_Ins_HumanRights_2_page_6,1043.6,286.7,1057.0
1881436,stimulus_Ins_HumanRights_2_page_6,1043.8,286.6,1058.0
1881437,stimulus_Ins_HumanRights_2_page_6,1044.0,286.6,1058.0
1881438,stimulus_Ins_HumanRights_2_page_6,1044.3,286.6,1058.0
1881439,stimulus_Ins_HumanRights_2_page_6,1044.4,286.6,1057.0
1881440,stimulus_Ins_HumanRights_2_page_6,1044.4,286.6,1057.0
1881441,stimulus_Ins_HumanRights_2_page_6,1044.4,286.6,1057.0
1881442,stimulus_Ins_HumanRights_2_page_6,1044.2,286.6,1057.0
1881443,stimulus_Ins_HumanRights_2_page_6,1044.1,286.6,1057.0
1881444,stimulus_Ins_HumanRights_2_page_6,1044.0,286.6,1058.0
1881445,stimulus_Ins_HumanRights_2_page_6,1044.0,286.6,1058.0
1881446,stimulus_Ins_HumanRights_2_page_6,1044.0,286.6,1058.0
1881447,stimulus_Ins_HumanRights_2_page_6,1043.8,286.6,1058.0
1881448,stimulus_Ins_HumanRights_2_page_6,1043.7,286.6,1057.0
1881449,stimulus_Ins_HumanRights_2_page_6,1043.5,286.2,1056.0
1881450,stimulus_Ins_HumanRights_2_page_6,1043.4,285.7,1056.0
1881451,stimulus_Ins_HumanRights_2_page_6,1043.2,285.2,1055.0
1881452,stimulus_Ins_HumanRights_2_page_6,1042.7,285.1,1054.0
1881453,stimulus_Ins_HumanRights_2_page_6,1042.0,285.1,1053.0
1881454,stimulus_Ins_HumanRights_2_page_6,1041.4,285.0,1054.0
1881455,stimulus_Ins_HumanRights_2_page_6,1041.7,285.1,1054.0
1881456,stimulus_Ins_HumanRights_2_page_6,1042.9,285.3,1054.0
1881457,stimulus_Ins_HumanRights_2_page_6,1045.0,285.4,1054.0
1881458,stimulus_Ins_HumanRights_2_page_6,1047.5,285.3,1055.0
1881459,stimulus_Ins_HumanRights_2_page_6,1050.6,285.1,1056.0
1881460,stimulus_Ins_HumanRights_2_page_6,1054.8,284.8,1057.0
1881461,stimulus_Ins_HumanRights_2_page_6,1058.9,284.5,1058.0
1881462,stimulus_Ins_HumanRights_2_page_6,1062.7,284.0,1056.0
1881463,stimulus_Ins_HumanRights_2_page_6,1065.5,283.6,1054.0
1881464,stimulus_Ins_HumanRights_2_page_6,1068.6,283.2,1054.0
1881465,stimulus_Ins_HumanRights_2_page_6,1072.3,282.9,1056.0
1881466,stimulus_Ins_HumanRights_2_page_6,1076.6,282.9,1059.0
1881467,stimulus_Ins_HumanRights_2_page_6,1081.5,282.8,1060.0
1881468,stimulus_Ins_HumanRights_2_page_6,1086.4,282.8,1061.0
1881469,stimulus_Ins_HumanRights_2_page_6,1091.2,282.5,1060.0
1881470,stimulus_Ins_HumanRights_2_page_6,1095.6,282.3,1059.0
1881471,stimulus_Ins_HumanRights_2_page_6,1098.9,282.1,1058.0
1881472,stimulus_Ins_HumanRights_2_page_6,1101.2,281.7,1057.0
1881473,stimulus_Ins_HumanRights_2_page_6,1102.3,281.2,1055.0
1881474,stimulus_Ins_HumanRights_2_page_6,1103.1,280.6,1053.0
1881475,stimulus_Ins_HumanRights_2_page_6,1104.0,279.9,1052.0
1881476,stimulus_Ins_HumanRights_2_page_6,1104.9,279.6,1052.0
1881477,stimulus_Ins_HumanRights_2_page_6,1106.7,279.5,1053.0
1881478,stimulus_Ins_HumanRights_2_page_6,1108.1,279.7,1053.0
1881479,stimulus_Ins_HumanRights_2_page_6,1110.1,280.2,1055.0
1881480,stimulus_Ins_HumanRights_2_page_6,1111.5,280.6,1056.0
1881481,stimulus_Ins_HumanRights_2_page_6,1113.2,281.3,1057.0
1881482,stimulus_Ins_HumanRights_2_page_6,1114.2,281.7,1057.0
1881483,stimulus_Ins_HumanRights_2_page_6,1115.3,282.4,1055.0
1881484,stimulus_Ins_HumanRights_2_page_6,1116.1,282.7,1053.0
1881485,stimulus_Ins_HumanRights_2_page_6,1117.4,282.9,1052.0
1881486,stimulus_Ins_HumanRights_2_page_6,1118.5,282.8,1052.0
1881487,stimulus_Ins_HumanRights_2_page_6,1119.8,282.7,1053.0
1881488,stimulus_Ins_HumanRights_2_page_6,1120.3,283.3,1053.0
1881489,stimulus_Ins_HumanRights_2_page_6,1120.9,283.9,1054.0
1881490,stimulus_Ins_HumanRights_2_page_6,1121.4,284.5,1053.0
1881491,stimulus_Ins_HumanRights_2_page_6,1122.0,284.5,1051.0
1881492,stimulus_Ins_HumanRights_2_page_6,1122.1,284.5,1049.0
1881493,stimulus_Ins_HumanRights_2_page_6,1122.1,284.5,1049.0
1881494,stimulus_Ins_HumanRights_2_page_6,1122.0,284.1,1049.0
1881495,stimulus_Ins_HumanRights_2_page_6,1121.9,283.6,1051.0
1881496,stimulus_Ins_HumanRights_2_page_6,1121.7,282.9,1052.0
1881497,stimulus_Ins_HumanRights_2_page_6,1121.5,282.7,1054.0
1881498,stimulus_Ins_HumanRights_2_page_6,1121.4,282.4,1053.0
1881499,stimulus_Ins_HumanRights_2_page_6,1121.5,282.3,1051.0
1881500,stimulus_Ins_HumanRights_2_page_6,1121.4,282.5,1050.0
1881501,stimulus_Ins_HumanRights_2_page_6,1121.4,282.8,1049.0
1881502,stimulus_Ins_HumanRights_2_page_6,1121.4,282.9,1048.0
1881503,stimulus_Ins_HumanRights_2_page_6,1121.4,282.7,1047.0
1881504,stimulus_Ins_HumanRights_2_page_6,1121.5,282.5,1049.0
1881505,stimulus_Ins_HumanRights_2_page_6,1122.0,282.1,1051.0
1881506,stimulus_Ins_HumanRights_2_page_6,1122.5,281.4,1054.0
1881507,stimulus_Ins_HumanRights_2_page_6,1122.8,280.8,1055.0
1881508,stimulus_Ins_HumanRights_2_page_6,1122.8,281.1,1056.0
1881509,stimulus_Ins_HumanRights_2_page_6,1122.7,281.5,1056.0
1881510,stimulus_Ins_HumanRights_2_page_6,1122.8,282.0,1056.0
1881511,stimulus_Ins_HumanRights_2_page_6,1123.0,282.0,1056.0
1881512,stimulus_Ins_HumanRights_2_page_6,1123.2,281.9,1054.0
1881513,stimulus_Ins_HumanRights_2_page_6,1123.2,282.0,1053.0
1881514,stimulus_Ins_HumanRights_2_page_6,1123.0,282.0,1052.0
1881515,stimulus_Ins_HumanRights_2_page_6,1122.8,282.1,1052.0
1881516,stimulus_Ins_HumanRights_2_page_6,1122.8,282.0,1052.0
1881517,stimulus_Ins_HumanRights_2_page_6,1122.9,281.8,1053.0
1881518,stimulus_Ins_HumanRights_2_page_6,1122.9,281.8,1054.0
1881519,stimulus_Ins_HumanRights_2_page_6,1122.8,281.8,1055.0
1881520,stimulus_Ins_HumanRights_2_page_6,1122.7,281.9,1055.0
1881521,stimulus_Ins_HumanRights_2_page_6,1122.7,281.8,1055.0
1881522,stimulus_Ins_HumanRights_2_page_6,1122.7,281.7,1056.0
1881523,stimulus_Ins_HumanRights_2_page_6,1122.8,281.4,1055.0
1881524,stimulus_Ins_HumanRights_2_page_6,1122.8,281.1,1053.0
1881525,stimulus_Ins_HumanRights_2_page_6,1122.5,280.9,1052.0
1881526,stimulus_Ins_HumanRights_2_page_6,1122.2,280.8,1053.0
1881527,stimulus_Ins_HumanRights_2_page_6,1122.1,280.7,1054.0
1881528,stimulus_Ins_HumanRights_2_page_6,1122.3,280.5,1055.0
1881529,stimulus_Ins_HumanRights_2_page_6,1122.5,280.3,1055.0
1881530,stimulus_Ins_HumanRights_2_page_6,1122.5,280.3,1056.0
1881531,stimulus_Ins_HumanRights_2_page_6,1122.3,280.4,1057.0
1881532,stimulus_Ins_HumanRights_2_page_6,1122.2,280.6,1057.0
1881533,stimulus_Ins_HumanRights_2_page_6,1122.3,280.6,1058.0
1881534,stimulus_Ins_HumanRights_2_page_6,1122.3,280.5,1057.0
1881535,stimulus_Ins_HumanRights_2_page_6,1122.2,280.8,1056.0
1881536,stimulus_Ins_HumanRights_2_page_6,1122.3,281.3,1056.0
1881537,stimulus_Ins_HumanRights_2_page_6,1122.4,281.6,1057.0
1881538,stimulus_Ins_HumanRights_2_page_6,1122.6,281.3,1058.0
1881539,stimulus_Ins_HumanRights_2_page_6,1122.5,280.4,1058.0
1881540,stimulus_Ins_HumanRights_2_page_6,1122.4,279.9,1056.0
1881541,stimulus_Ins_HumanRights_2_page_6,1122.3,279.4,1054.0
1881542,stimulus_Ins_HumanRights_2_page_6,1122.3,279.3,1053.0
1881543,stimulus_Ins_HumanRights_2_page_6,1122.4,279.4,1054.0
1881544,stimulus_Ins_HumanRights_2_page_6,1122.4,279.6,1056.0
1881545,stimulus_Ins_HumanRights_2_page_6,1122.4,279.7,1057.0
1881546,stimulus_Ins_HumanRights_2_page_6,1122.2,280.2,1058.0
1881547,stimulus_Ins_HumanRights_2_page_6,1122.1,280.9,1059.0
1881548,stimulus_Ins_HumanRights_2_page_6,1122.1,281.7,1059.0
1881549,stimulus_Ins_HumanRights_2_page_6,1122.3,281.3,1058.0
1881550,stimulus_Ins_HumanRights_2_page_6,1122.5,280.5,1057.0
1881551,stimulus_Ins_HumanRights_2_page_6,1122.4,279.8,1056.0
1881552,stimulus_Ins_HumanRights_2_page_6,1122.4,279.8,1055.0
1881553,stimulus_Ins_HumanRights_2_page_6,1122.1,279.7,1054.0
1881554,stimulus_Ins_HumanRights_2_page_6,1121.8,279.6,1055.0
1881555,stimulus_Ins_HumanRights_2_page_6,1121.6,279.6,1056.0
1881556,stimulus_Ins_HumanRights_2_page_6,1121.9,279.6,1057.0
1881557,stimulus_Ins_HumanRights_2_page_6,1122.2,279.8,1058.0
1881558,stimulus_Ins_HumanRights_2_page_6,1122.5,280.3,1059.0
1881559,stimulus_Ins_HumanRights_2_page_6,1122.5,280.8,1060.0
1881560,stimulus_Ins_HumanRights_2_page_6,1122.5,281.3,1059.0
1881561,stimulus_Ins_HumanRights_2_page_6,1122.5,281.4,1058.0
1881562,stimulus_Ins_HumanRights_2_page_6,1122.2,281.4,1057.0
1881563,stimulus_Ins_HumanRights_2_page_6,1122.0,281.2,1055.0
1881564,stimulus_Ins_HumanRights_2_page_6,1121.9,280.9,1056.0
1881565,stimulus_Ins_HumanRights_2_page_6,1121.8,281.0,1057.0
1881566,stimulus_Ins_HumanRights_2_page_6,1121.9,281.4,1058.0
1881567,stimulus_Ins_HumanRights_2_page_6,1122.0,281.6,1057.0
1881568,stimulus_Ins_HumanRights_2_page_6,1122.3,281.5,1057.0
1881569,stimulus_Ins_HumanRights_2_page_6,1122.3,281.3,1057.0
1881570,stimulus_Ins_HumanRights_2_page_6,1122.3,281.7,1056.0
1881571,stimulus_Ins_HumanRights_2_page_6,1122.3,281.9,1057.0
1881572,stimulus_Ins_HumanRights_2_page_6,1122.2,282.1,1057.0
1881573,stimulus_Ins_HumanRights_2_page_6,1122.1,281.8,1058.0
1881574,stimulus_Ins_HumanRights_2_page_6,1121.9,281.6,1058.0
1881575,stimulus_Ins_HumanRights_2_page_6,1121.8,281.4,1058.0
1881576,stimulus_Ins_HumanRights_2_page_6,1121.7,281.7,1059.0
1881577,stimulus_Ins_HumanRights_2_page_6,1121.7,282.0,1061.0
1881578,stimulus_Ins_HumanRights_2_page_6,1121.6,282.2,1062.0
1881579,stimulus_Ins_HumanRights_2_page_6,1121.6,282.0,1061.0
1881580,stimulus_Ins_HumanRights_2_page_6,1121.5,281.8,1060.0
1881581,stimulus_Ins_HumanRights_2_page_6,1121.6,281.6,1060.0
1881582,stimulus_Ins_HumanRights_2_page_6,1121.7,281.8,1058.0
1881583,stimulus_Ins_HumanRights_2_page_6,1121.8,281.5,1057.0
1881584,stimulus_Ins_HumanRights_2_page_6,1121.8,281.2,1056.0
1881585,stimulus_Ins_HumanRights_2_page_6,1122.1,280.8,1056.0
1881586,stimulus_Ins_HumanRights_2_page_6,1122.5,280.8,1058.0
1881587,stimulus_Ins_HumanRights_2_page_6,1122.7,281.4,1060.0
1881588,stimulus_Ins_HumanRights_2_page_6,1122.5,282.1,1062.0
1881589,stimulus_Ins_HumanRights_2_page_6,1122.2,282.9,1062.0
1881590,stimulus_Ins_HumanRights_2_page_6,1121.9,283.0,1063.0
1881591,stimulus_Ins_HumanRights_2_page_6,1121.8,283.2,1062.0
1881592,stimulus_Ins_HumanRights_2_page_6,1121.8,283.4,1062.0
1881593,stimulus_Ins_HumanRights_2_page_6,1121.9,283.4,1061.0
1881594,stimulus_Ins_HumanRights_2_page_6,1121.9,283.0,1060.0
1881595,stimulus_Ins_HumanRights_2_page_6,1122.0,282.5,1059.0
1881596,stimulus_Ins_HumanRights_2_page_6,1121.7,282.1,1060.0
1881597,stimulus_Ins_HumanRights_2_page_6,1121.4,282.2,1061.0
1881598,stimulus_Ins_HumanRights_2_page_6,1121.1,282.3,1062.0
1881599,stimulus_Ins_HumanRights_2_page_6,1121.0,282.3,1062.0
1881600,stimulus_Ins_HumanRights_2_page_6,1120.9,282.3,1062.0
1881601,stimulus_Ins_HumanRights_2_page_6,1120.8,282.4,1061.0
1881602,stimulus_Ins_HumanRights_2_page_6,1120.9,282.5,1060.0
1881603,stimulus_Ins_HumanRights_2_page_6,1121.2,282.4,1061.0
1881604,stimulus_Ins_HumanRights_2_page_6,1121.4,282.4,1061.0
1881605,stimulus_Ins_HumanRights_2_page_6,1121.5,282.4,1062.0
1881606,stimulus_Ins_HumanRights_2_page_6,1121.9,282.3,1062.0
1881607,stimulus_Ins_HumanRights_2_page_6,1122.3,282.3,1062.0
1881608,stimulus_Ins_HumanRights_2_page_6,1122.5,282.1,1062.0
1881609,stimulus_Ins_HumanRights_2_page_6,1122.3,282.1,1064.0
1881610,stimulus_Ins_HumanRights_2_page_6,1121.7,282.1,1065.0
1881611,stimulus_Ins_HumanRights_2_page_6,1121.2,282.6,1064.0
1881612,stimulus_Ins_HumanRights_2_page_6,1121.2,283.1,1063.0
1881613,stimulus_Ins_HumanRights_2_page_6,1121.6,283.7,1062.0
1881614,stimulus_Ins_HumanRights_2_page_6,1122.0,283.7,1062.0
1881615,stimulus_Ins_HumanRights_2_page_6,1121.8,283.8,1063.0
1881616,stimulus_Ins_HumanRights_2_page_6,1121.6,283.7,1063.0
1881617,stimulus_Ins_HumanRights_2_page_6,1121.6,283.6,1063.0
1881618,stimulus_Ins_HumanRights_2_page_6,1121.9,283.3,1063.0
1881619,stimulus_Ins_HumanRights_2_page_6,1122.3,283.2,1063.0
1881620,stimulus_Ins_HumanRights_2_page_6,1122.3,283.1,1062.0
1881621,stimulus_Ins_HumanRights_2_page_6,1122.0,283.0,1062.0
1881622,stimulus_Ins_HumanRights_2_page_6,1121.7,282.9,1062.0
1881623,stimulus_Ins_HumanRights_2_page_6,1121.8,282.7,1063.0
1881624,stimulus_Ins_HumanRights_2_page_6,1121.8,282.8,1064.0
1881625,stimulus_Ins_HumanRights_2_page_6,1121.6,282.9,1066.0
1881626,stimulus_Ins_HumanRights_2_page_6,1121.4,283.3,1067.0
1881627,stimulus_Ins_HumanRights_2_page_6,1121.1,283.6,1066.0
1881628,stimulus_Ins_HumanRights_2_page_6,1121.0,283.8,1066.0
1881629,stimulus_Ins_HumanRights_2_page_6,1121.0,283.7,1065.0
1881630,stimulus_Ins_HumanRights_2_page_6,1121.0,283.7,1065.0
1881631,stimulus_Ins_HumanRights_2_page_6,1121.1,283.7,1064.0
1881632,stimulus_Ins_HumanRights_2_page_6,1121.3,283.3,1064.0
1881633,stimulus_Ins_HumanRights_2_page_6,1121.4,282.9,1065.0
1881634,stimulus_Ins_HumanRights_2_page_6,1121.5,282.8,1065.0
1881635,stimulus_Ins_HumanRights_2_page_6,1121.7,283.2,1064.0
1881636,stimulus_Ins_HumanRights_2_page_6,1121.8,283.7,1064.0
1881637,stimulus_Ins_HumanRights_2_page_6,1121.9,283.7,1065.0
1881638,stimulus_Ins_HumanRights_2_page_6,1122.1,283.7,1066.0
1881639,stimulus_Ins_HumanRights_2_page_6,1122.4,283.6,1066.0
1881640,stimulus_Ins_HumanRights_2_page_6,1122.7,283.6,1066.0
1881641,stimulus_Ins_HumanRights_2_page_6,1123.9,283.6,1065.0
1881642,stimulus_Ins_HumanRights_2_page_6,1125.3,283.7,1065.0
1881643,stimulus_Ins_HumanRights_2_page_6,1127.4,283.7,1065.0
1881644,stimulus_Ins_HumanRights_2_page_6,1129.5,283.5,1065.0
1881645,stimulus_Ins_HumanRights_2_page_6,1132.0,283.1,1064.0
1881646,stimulus_Ins_HumanRights_2_page_6,1134.7,283.1,1066.0
1881647,stimulus_Ins_HumanRights_2_page_6,1137.1,283.8,1067.0
1881648,stimulus_Ins_HumanRights_2_page_6,1139.1,284.9,1069.0
1881649,stimulus_Ins_HumanRights_2_page_6,1140.4,285.7,1068.0
1881650,stimulus_Ins_HumanRights_2_page_6,1141.4,285.8,1067.0
1881651,stimulus_Ins_HumanRights_2_page_6,1142.0,285.3,1066.0
1881652,stimulus_Ins_HumanRights_2_page_6,1142.2,284.9,1066.0
1881653,stimulus_Ins_HumanRights_2_page_6,1142.1,284.8,1067.0
1881654,stimulus_Ins_HumanRights_2_page_6,1141.7,284.7,1067.0
1881655,stimulus_Ins_HumanRights_2_page_6,1141.3,284.6,1067.0
1881656,stimulus_Ins_HumanRights_2_page_6,1140.8,284.6,1066.0
1881657,stimulus_Ins_HumanRights_2_page_6,1140.7,285.0,1066.0
1881658,stimulus_Ins_HumanRights_2_page_6,1140.5,285.4,1067.0
1881659,stimulus_Ins_HumanRights_2_page_6,1140.3,285.8,1068.0
1881660,stimulus_Ins_HumanRights_2_page_6,1140.1,285.7,1067.0
1881661,stimulus_Ins_HumanRights_2_page_6,1140.1,285.8,1065.0
1881662,stimulus_Ins_HumanRights_2_page_6,1140.1,286.0,1065.0
1881663,stimulus_Ins_HumanRights_2_page_6,1140.1,286.1,1066.0
1881664,stimulus_Ins_HumanRights_2_page_6,1140.1,286.0,1068.0
1881665,stimulus_Ins_HumanRights_2_page_6,1140.1,286.0,1069.0
1881666,stimulus_Ins_HumanRights_2_page_6,1140.0,286.1,1070.0
1881667,stimulus_Ins_HumanRights_2_page_6,1139.9,286.2,1070.0
1881668,stimulus_Ins_HumanRights_2_page_6,1139.8,286.4,1071.0
1881669,stimulus_Ins_HumanRights_2_page_6,1139.7,286.5,1070.0
1881670,stimulus_Ins_HumanRights_2_page_6,1139.4,286.2,1068.0
1881671,stimulus_Ins_HumanRights_2_page_6,1139.2,285.8,1066.0
1881672,stimulus_Ins_HumanRights_2_page_6,1138.9,285.4,1064.0
1881673,stimulus_Ins_HumanRights_2_page_6,1139.0,285.7,1065.0
1881674,stimulus_Ins_HumanRights_2_page_6,1139.1,286.5,1066.0
1881675,stimulus_Ins_HumanRights_2_page_6,1139.3,287.3,1067.0
1881676,stimulus_Ins_HumanRights_2_page_6,1139.5,287.0,1067.0
1881677,stimulus_Ins_HumanRights_2_page_6,1139.3,286.4,1067.0
1881678,stimulus_Ins_HumanRights_2_page_6,1139.0,285.9,1068.0
1881679,stimulus_Ins_HumanRights_2_page_6,1138.7,285.9,1068.0
1881680,stimulus_Ins_HumanRights_2_page_6,1138.6,285.9,1068.0
1881681,stimulus_Ins_HumanRights_2_page_6,1138.6,285.9,1068.0
1881682,stimulus_Ins_HumanRights_2_page_6,1138.7,285.8,1068.0
1881683,stimulus_Ins_HumanRights_2_page_6,1138.9,285.5,1068.0
1881684,stimulus_Ins_HumanRights_2_page_6,1139.1,285.4,1068.0
1881685,stimulus_Ins_HumanRights_2_page_6,1139.1,285.5,1070.0
1881686,stimulus_Ins_HumanRights_2_page_6,1139.1,285.7,1073.0
1881687,stimulus_Ins_HumanRights_2_page_6,1139.1,285.8,1076.0
1881688,stimulus_Ins_HumanRights_2_page_6,1138.8,285.5,1075.0
1881689,stimulus_Ins_HumanRights_2_page_6,1138.4,285.4,1073.0
1881690,stimulus_Ins_HumanRights_2_page_6,1138.5,285.2,1071.0
1881691,stimulus_Ins_HumanRights_2_page_6,1138.9,285.2,1071.0
1881692,stimulus_Ins_HumanRights_2_page_6,1139.1,285.2,1071.0
1881693,stimulus_Ins_HumanRights_2_page_6,1139.0,285.2,1070.0
1881694,stimulus_Ins_HumanRights_2_page_6,1138.8,285.2,1070.0
1881695,stimulus_Ins_HumanRights_2_page_6,1138.7,285.0,1071.0
1881696,stimulus_Ins_HumanRights_2_page_6,1138.6,284.8,1073.0
1881697,stimulus_Ins_HumanRights_2_page_6,1138.6,284.4,1074.0
1881698,stimulus_Ins_HumanRights_2_page_6,1138.7,284.3,1073.0
1881699,stimulus_Ins_HumanRights_2_page_6,1138.8,284.1,1073.0
1881700,stimulus_Ins_HumanRights_2_page_6,1138.9,284.7,1072.0
1881701,stimulus_Ins_HumanRights_2_page_6,1138.8,285.2,1071.0
1881702,stimulus_Ins_HumanRights_2_page_6,1138.8,285.7,1071.0
1881703,stimulus_Ins_HumanRights_2_page_6,1138.7,285.6,1071.0
1881704,stimulus_Ins_HumanRights_2_page_6,1138.6,285.5,1071.0
1881705,stimulus_Ins_HumanRights_2_page_6,1138.5,285.4,1070.0
1881706,stimulus_Ins_HumanRights_2_page_6,1138.5,285.4,1069.0
1881707,stimulus_Ins_HumanRights_2_page_6,1138.7,285.3,1069.0
1881708,stimulus_Ins_HumanRights_2_page_6,1138.8,285.4,1070.0
1881709,stimulus_Ins_HumanRights_2_page_6,1139.0,285.4,1072.0
1881710,stimulus_Ins_HumanRights_2_page_6,1139.1,285.4,1073.0
1881711,stimulus_Ins_HumanRights_2_page_6,1139.1,285.4,1073.0
1881712,stimulus_Ins_HumanRights_2_page_6,1139.2,285.2,1073.0
1881713,stimulus_Ins_HumanRights_2_page_6,1139.2,284.8,1072.0
1881714,stimulus_Ins_HumanRights_2_page_6,1139.3,284.4,1071.0
1881715,stimulus_Ins_HumanRights_2_page_6,1139.3,284.2,1071.0
1881716,stimulus_Ins_HumanRights_2_page_6,1139.3,284.2,1071.0
1881717,stimulus_Ins_HumanRights_2_page_6,1139.2,284.2,1072.0
1881718,stimulus_Ins_HumanRights_2_page_6,1139.1,284.3,1073.0
1881719,stimulus_Ins_HumanRights_2_page_6,1139.0,284.2,1075.0
1881720,stimulus_Ins_HumanRights_2_page_6,1139.0,283.9,1075.0
1881721,stimulus_Ins_HumanRights_2_page_6,1138.9,283.6,1075.0
1881722,stimulus_Ins_HumanRights_2_page_6,1138.9,283.1,1074.0
1881723,stimulus_Ins_HumanRights_2_page_6,1138.9,283.0,1074.0
1881724,stimulus_Ins_HumanRights_2_page_6,1138.7,282.9,1074.0
1881725,stimulus_Ins_HumanRights_2_page_6,1138.6,282.9,1074.0
1881726,stimulus_Ins_HumanRights_2_page_6,1138.5,282.4,1074.0
1881727,stimulus_Ins_HumanRights_2_page_6,1138.4,281.9,1074.0
1881728,stimulus_Ins_HumanRights_2_page_6,1138.3,281.3,1074.0
1881729,stimulus_Ins_HumanRights_2_page_6,1138.5,281.2,1075.0
1881730,stimulus_Ins_HumanRights_2_page_6,1138.7,281.0,1076.0
1881731,stimulus_Ins_HumanRights_2_page_6,1138.9,280.7,1076.0
1881732,stimulus_Ins_HumanRights_2_page_6,1138.9,280.4,1075.0
1881733,stimulus_Ins_HumanRights_2_page_6,1138.9,280.2,1073.0
1881734,stimulus_Ins_HumanRights_2_page_6,1139.0,280.3,1073.0
1881735,stimulus_Ins_HumanRights_2_page_6,1139.1,280.7,1074.0
1881736,stimulus_Ins_HumanRights_2_page_6,1139.2,281.0,1075.0
1881737,stimulus_Ins_HumanRights_2_page_6,1139.2,281.5,1077.0
1881738,stimulus_Ins_HumanRights_2_page_6,1139.2,281.9,1077.0
1881739,stimulus_Ins_HumanRights_2_page_6,1139.2,282.3,1076.0
1881740,stimulus_Ins_HumanRights_2_page_6,1139.2,282.4,1076.0
1881741,stimulus_Ins_HumanRights_2_page_6,1139.2,282.2,1076.0
1881742,stimulus_Ins_HumanRights_2_page_6,1139.1,281.9,1076.0
1881743,stimulus_Ins_HumanRights_2_page_6,1139.0,281.7,1076.0
1881744,stimulus_Ins_HumanRights_2_page_6,1138.7,281.7,1076.0
1881745,stimulus_Ins_HumanRights_2_page_6,1138.5,281.7,1077.0
1881746,stimulus_Ins_HumanRights_2_page_6,1138.3,281.2,1078.0
1881747,stimulus_Ins_HumanRights_2_page_6,1138.3,280.8,1079.0
1881748,stimulus_Ins_HumanRights_2_page_6,1138.7,280.4,1079.0
1881749,stimulus_Ins_HumanRights_2_page_6,1139.1,280.5,1078.0
1881750,stimulus_Ins_HumanRights_2_page_6,1139.6,280.9,1077.0
1881751,stimulus_Ins_HumanRights_2_page_6,1139.7,281.5,1077.0
1881752,stimulus_Ins_HumanRights_2_page_6,1139.8,282.1,1077.0
1881753,stimulus_Ins_HumanRights_2_page_6,1139.7,282.2,1077.0
1881754,stimulus_Ins_HumanRights_2_page_6,1139.2,282.2,1077.0
1881755,stimulus_Ins_HumanRights_2_page_6,1138.6,282.1,1078.0
1881756,stimulus_Ins_HumanRights_2_page_6,1138.5,282.1,1080.0
1881757,stimulus_Ins_HumanRights_2_page_6,1138.8,282.2,1081.0
1881758,stimulus_Ins_HumanRights_2_page_6,1139.1,282.1,1082.0
1881759,stimulus_Ins_HumanRights_2_page_6,1138.8,282.2,1082.0
1881760,stimulus_Ins_HumanRights_2_page_6,1138.7,282.3,1083.0
1881761,stimulus_Ins_HumanRights_2_page_6,1138.5,282.2,1085.0
1881762,stimulus_Ins_HumanRights_2_page_6,1138.5,281.6,1086.0
1881763,stimulus_Ins_HumanRights_2_page_6,1138.4,280.9,1086.0
1881764,stimulus_Ins_HumanRights_2_page_6,1138.1,280.4,1085.0
1881765,stimulus_Ins_HumanRights_2_page_6,1137.8,280.5,1085.0
1881766,stimulus_Ins_HumanRights_2_page_6,1137.6,281.3,1085.0
1881767,stimulus_Ins_HumanRights_2_page_6,1137.8,282.1,1084.0
1881768,stimulus_Ins_HumanRights_2_page_6,1137.9,282.6,1083.0
1881769,stimulus_Ins_HumanRights_2_page_6,1137.9,282.3,1083.0
1881770,stimulus_Ins_HumanRights_2_page_6,1137.9,282.0,1083.0
1881771,stimulus_Ins_HumanRights_2_page_6,1137.9,282.0,1083.0
1881772,stimulus_Ins_HumanRights_2_page_6,1137.7,282.1,1083.0
1881773,stimulus_Ins_HumanRights_2_page_6,1137.5,282.3,1082.0
1881774,stimulus_Ins_HumanRights_2_page_6,1137.3,282.4,1082.0
1881775,stimulus_Ins_HumanRights_2_page_6,1137.5,282.5,1082.0
1881776,stimulus_Ins_HumanRights_2_page_6,1137.6,282.4,1083.0
1881777,stimulus_Ins_HumanRights_2_page_6,1137.7,282.0,1083.0
1881778,stimulus_Ins_HumanRights_2_page_6,1138.0,281.5,1084.0
1881779,stimulus_Ins_HumanRights_2_page_6,1138.4,280.9,1084.0
1881780,stimulus_Ins_HumanRights_2_page_6,1138.1,280.7,1083.0
1881781,stimulus_Ins_HumanRights_2_page_6,1137.6,280.6,1083.0
1881782,stimulus_Ins_HumanRights_2_page_6,1137.2,280.9,1084.0
1881783,stimulus_Ins_HumanRights_2_page_6,1137.2,281.5,1084.0
1881784,stimulus_Ins_HumanRights_2_page_6,1137.3,282.0,1085.0
1881785,stimulus_Ins_HumanRights_2_page_6,1137.4,282.0,1085.0
1881786,stimulus_Ins_HumanRights_2_page_6,1137.4,281.9,1086.0
1881787,stimulus_Ins_HumanRights_2_page_6,1137.3,281.9,1087.0
1881788,stimulus_Ins_HumanRights_2_page_6,1137.3,282.0,1088.0
1881789,stimulus_Ins_HumanRights_2_page_6,1137.2,282.0,1088.0
1881790,stimulus_Ins_HumanRights_2_page_6,1137.2,281.9,1089.0
1881791,stimulus_Ins_HumanRights_2_page_6,1137.1,281.7,1089.0
1881792,stimulus_Ins_HumanRights_2_page_6,1137.1,281.5,1088.0
1881793,stimulus_Ins_HumanRights_2_page_6,1137.3,281.3,1088.0
1881794,stimulus_Ins_HumanRights_2_page_6,1137.4,280.7,1088.0
1881795,stimulus_Ins_HumanRights_2_page_6,1137.5,280.1,1088.0
1881796,stimulus_Ins_HumanRights_2_page_6,1137.6,279.7,1088.0
1881797,stimulus_Ins_HumanRights_2_page_6,1137.8,280.0,1088.0
1881798,stimulus_Ins_HumanRights_2_page_6,1138.0,280.4,1088.0
1881799,stimulus_Ins_HumanRights_2_page_6,1138.2,280.6,1088.0
1881800,stimulus_Ins_HumanRights_2_page_6,1138.2,281.2,1089.0
1881801,stimulus_Ins_HumanRights_2_page_6,1138.3,281.9,1090.0
1881802,stimulus_Ins_HumanRights_2_page_6,1138.3,282.5,1089.0
1881803,stimulus_Ins_HumanRights_2_page_6,1138.1,282.4,1087.0
1881804,stimulus_Ins_HumanRights_2_page_6,1137.9,282.1,1087.0
1881805,stimulus_Ins_HumanRights_2_page_6,1137.7,281.8,1088.0
1881806,stimulus_Ins_HumanRights_2_page_6,1137.7,281.5,1090.0
1881807,stimulus_Ins_HumanRights_2_page_6,1137.5,281.5,1091.0
1881808,stimulus_Ins_HumanRights_2_page_6,1137.3,281.7,1091.0
1881809,stimulus_Ins_HumanRights_2_page_6,1137.1,281.1,1092.0
1881810,stimulus_Ins_HumanRights_2_page_6,1137.2,280.4,1093.0
1881811,stimulus_Ins_HumanRights_2_page_6,1137.3,279.8,1094.0
1881812,stimulus_Ins_HumanRights_2_page_6,1137.3,280.1,1094.0
1881813,stimulus_Ins_HumanRights_2_page_6,1137.1,281.0,1092.0
1881814,stimulus_Ins_HumanRights_2_page_6,1136.9,281.8,1090.0
1881815,stimulus_Ins_HumanRights_2_page_6,1136.8,281.9,1089.0
1881816,stimulus_Ins_HumanRights_2_page_6,1137.0,281.3,1089.0
1881817,stimulus_Ins_HumanRights_2_page_6,1137.2,280.7,1090.0
1881818,stimulus_Ins_HumanRights_2_page_6,1137.3,280.6,1090.0
1881819,stimulus_Ins_HumanRights_2_page_6,1137.0,280.6,1090.0
1881820,stimulus_Ins_HumanRights_2_page_6,1136.7,280.9,1092.0
1881821,stimulus_Ins_HumanRights_2_page_6,1136.7,281.1,1094.0
1881822,stimulus_Ins_HumanRights_2_page_6,1136.7,281.1,1096.0
1881823,stimulus_Ins_HumanRights_2_page_6,1136.9,280.9,1096.0
1881824,stimulus_Ins_HumanRights_2_page_6,1137.0,280.8,1097.0
1881825,stimulus_Ins_HumanRights_2_page_6,1137.2,280.9,1098.0
1881826,stimulus_Ins_HumanRights_2_page_6,1137.2,281.0,1098.0
1881827,stimulus_Ins_HumanRights_2_page_6,1136.8,281.2,1099.0
1881828,stimulus_Ins_HumanRights_2_page_6,1136.3,281.4,1099.0
1881829,stimulus_Ins_HumanRights_2_page_6,1136.3,281.4,1100.0
1881830,stimulus_Ins_HumanRights_2_page_6,1136.6,281.5,1101.0
1881831,stimulus_Ins_HumanRights_2_page_6,1137.0,281.5,1102.0
1881832,stimulus_Ins_HumanRights_2_page_6,1136.5,281.7,1102.0
1881833,stimulus_Ins_HumanRights_2_page_6,1136.1,281.9,1102.0
1881834,stimulus_Ins_HumanRights_2_page_6,1135.5,282.0,1102.0
1881835,stimulus_Ins_HumanRights_2_page_6,1135.4,282.0,1103.0
1881836,stimulus_Ins_HumanRights_2_page_6,1135.4,282.0,1104.0
1881837,stimulus_Ins_HumanRights_2_page_6,1135.6,282.1,1104.0
1881838,stimulus_Ins_HumanRights_2_page_6,1135.8,282.2,1104.0
1881839,stimulus_Ins_HumanRights_2_page_6,1135.4,282.1,1104.0
1881840,stimulus_Ins_HumanRights_2_page_6,1135.0,281.9,1104.0
1881841,stimulus_Ins_HumanRights_2_page_6,1134.8,281.9,1102.0
1881842,stimulus_Ins_HumanRights_2_page_6,1135.1,282.0,1101.0
1881843,stimulus_Ins_HumanRights_2_page_6,1135.3,282.1,1101.0
1881844,stimulus_Ins_HumanRights_2_page_6,1135.2,282.4,1101.0
1881845,stimulus_Ins_HumanRights_2_page_6,1135.1,282.8,1102.0
1881846,stimulus_Ins_HumanRights_2_page_6,1135.1,283.2,1102.0
1881847,stimulus_Ins_HumanRights_2_page_6,1135.1,283.2,1104.0
1881848,stimulus_Ins_HumanRights_2_page_6,1135.1,282.7,1105.0
1881849,stimulus_Ins_HumanRights_2_page_6,1135.1,282.2,1106.0
1881850,stimulus_Ins_HumanRights_2_page_6,1135.1,282.0,1106.0
1881851,stimulus_Ins_HumanRights_2_page_6,1135.1,282.3,1106.0
1881852,stimulus_Ins_HumanRights_2_page_6,1135.1,282.6,1106.0
1881853,stimulus_Ins_HumanRights_2_page_6,1135.0,282.6,1106.0
1881854,stimulus_Ins_HumanRights_2_page_6,1134.7,283.0,1107.0
1881855,stimulus_Ins_HumanRights_2_page_6,1134.3,283.3,1110.0
1881856,stimulus_Ins_HumanRights_2_page_6,1134.3,283.7,1112.0
1881857,stimulus_Ins_HumanRights_2_page_6,1134.7,283.5,1114.0
1881858,stimulus_Ins_HumanRights_2_page_6,1134.9,283.2,1113.0
1881859,stimulus_Ins_HumanRights_2_page_6,1134.8,283.0,1113.0
1881860,stimulus_Ins_HumanRights_2_page_6,1134.7,282.9,1112.0
1881861,stimulus_Ins_HumanRights_2_page_6,1134.7,282.9,1113.0
1881862,stimulus_Ins_HumanRights_2_page_6,1134.7,283.0,1113.0
1881863,stimulus_Ins_HumanRights_2_page_6,1134.7,282.5,1112.0
1881864,stimulus_Ins_HumanRights_2_page_6,1134.7,282.0,1111.0
1881865,stimulus_Ins_HumanRights_2_page_6,1134.7,282.0,1111.0
1881866,stimulus_Ins_HumanRights_2_page_6,1134.6,282.4,1111.0
1881867,stimulus_Ins_HumanRights_2_page_6,1134.4,282.9,1110.0
1881868,stimulus_Ins_HumanRights_2_page_6,1134.2,282.9,1111.0
1881869,stimulus_Ins_HumanRights_2_page_6,1134.2,282.7,1112.0
1881870,stimulus_Ins_HumanRights_2_page_6,1134.1,282.3,1112.0
1881871,stimulus_Ins_HumanRights_2_page_6,1134.1,282.1,1110.0
1881872,stimulus_Ins_HumanRights_2_page_6,1134.1,282.0,1109.0
1881873,stimulus_Ins_HumanRights_2_page_6,1134.1,281.9,1109.0
1881874,stimulus_Ins_HumanRights_2_page_6,1134.1,281.8,1110.0
1881875,stimulus_Ins_HumanRights_2_page_6,1134.0,282.0,1111.0
1881876,stimulus_Ins_HumanRights_2_page_6,1134.0,282.3,1111.0
1881877,stimulus_Ins_HumanRights_2_page_6,1133.8,282.7,1112.0
1881878,stimulus_Ins_HumanRights_2_page_6,1133.6,283.2,1112.0
1881879,stimulus_Ins_HumanRights_2_page_6,1133.5,283.6,1113.0
1881880,stimulus_Ins_HumanRights_2_page_6,1133.4,283.3,1113.0
1881881,stimulus_Ins_HumanRights_2_page_6,1133.3,282.9,1113.0
1881882,stimulus_Ins_HumanRights_2_page_6,1133.3,282.9,1113.0
1881883,stimulus_Ins_HumanRights_2_page_6,1133.2,283.3,1113.0
1881884,stimulus_Ins_HumanRights_2_page_6,1133.1,283.8,1114.0
1881885,stimulus_Ins_HumanRights_2_page_6,1133.0,284.0,1115.0
1881886,stimulus_Ins_HumanRights_2_page_6,1133.0,284.2,1116.0
1881887,stimulus_Ins_HumanRights_2_page_6,1133.2,284.1,1117.0
1881888,stimulus_Ins_HumanRights_2_page_6,1133.4,283.8,1117.0
1881889,stimulus_Ins_HumanRights_2_page_6,1133.3,283.6,1115.0
1881890,stimulus_Ins_HumanRights_2_page_6,1133.1,283.7,1113.0
1881891,stimulus_Ins_HumanRights_2_page_6,1132.9,283.2,1114.0
1881892,stimulus_Ins_HumanRights_2_page_6,1132.9,282.7,1114.0
1881893,stimulus_Ins_HumanRights_2_page_6,1132.6,282.2,1115.0
1881894,stimulus_Ins_HumanRights_2_page_6,1132.4,282.2,1116.0
1881895,stimulus_Ins_HumanRights_2_page_6,1132.1,282.2,1116.0
1881896,stimulus_Ins_HumanRights_2_page_6,1132.0,282.3,1116.0
1881897,stimulus_Ins_HumanRights_2_page_6,1132.0,282.4,1118.0
1881898,stimulus_Ins_HumanRights_2_page_6,1132.0,282.3,1119.0
1881899,stimulus_Ins_HumanRights_2_page_6,1132.1,282.5,1120.0
1881900,stimulus_Ins_HumanRights_2_page_6,1132.2,282.6,1119.0
1881901,stimulus_Ins_HumanRights_2_page_6,1132.4,282.8,1117.0
1881902,stimulus_Ins_HumanRights_2_page_6,1132.5,282.9,1116.0
1881903,stimulus_Ins_HumanRights_2_page_6,1132.6,282.9,1116.0
1881904,stimulus_Ins_HumanRights_2_page_6,1132.6,282.9,1115.0
1881905,stimulus_Ins_HumanRights_2_page_6,1132.7,283.0,1117.0
1881906,stimulus_Ins_HumanRights_2_page_6,1132.7,283.1,1117.0
1881907,stimulus_Ins_HumanRights_2_page_6,1132.8,283.2,1118.0
1881908,stimulus_Ins_HumanRights_2_page_6,1132.9,283.2,1119.0
1881909,stimulus_Ins_HumanRights_2_page_6,1132.7,283.0,1120.0
1881910,stimulus_Ins_HumanRights_2_page_6,1132.4,283.0,1120.0
1881911,stimulus_Ins_HumanRights_2_page_6,1132.4,283.0,1120.0
1881912,stimulus_Ins_HumanRights_2_page_6,1132.6,283.0,1119.0
1881913,stimulus_Ins_HumanRights_2_page_6,1132.9,283.3,1119.0
1881914,stimulus_Ins_HumanRights_2_page_6,1132.8,283.4,1119.0
1881915,stimulus_Ins_HumanRights_2_page_6,1132.7,283.4,1119.0
1881916,stimulus_Ins_HumanRights_2_page_6,1132.5,283.3,1119.0
1881917,stimulus_Ins_HumanRights_2_page_6,1132.4,283.3,1119.0
1881918,stimulus_Ins_HumanRights_2_page_6,1132.4,283.1,1119.0
1881919,stimulus_Ins_HumanRights_2_page_6,1132.6,282.9,1119.0
1881920,stimulus_Ins_HumanRights_2_page_6,1132.8,282.7,1120.0
1881921,stimulus_Ins_HumanRights_2_page_6,1132.9,282.8,1120.0
1881922,stimulus_Ins_HumanRights_2_page_6,1133.1,282.7,1120.0
1881923,stimulus_Ins_HumanRights_2_page_6,1133.3,282.3,1120.0
1881924,stimulus_Ins_HumanRights_2_page_6,1133.5,281.9,1120.0
1881925,stimulus_Ins_HumanRights_2_page_6,1133.4,282.1,1120.0
1881926,stimulus_Ins_HumanRights_2_page_6,1133.1,282.5,1120.0
1881927,stimulus_Ins_HumanRights_2_page_6,1133.0,282.9,1120.0
1881928,stimulus_Ins_HumanRights_2_page_6,1132.8,282.9,1121.0
1881929,stimulus_Ins_HumanRights_2_page_6,1132.8,282.8,1122.0
1881930,stimulus_Ins_HumanRights_2_page_6,1132.8,282.7,1123.0
1881931,stimulus_Ins_HumanRights_2_page_6,1132.7,282.9,1122.0
1881932,stimulus_Ins_HumanRights_2_page_6,1132.7,283.1,1122.0
1881933,stimulus_Ins_HumanRights_2_page_6,1132.8,283.4,1122.0
1881934,stimulus_Ins_HumanRights_2_page_6,1132.9,283.5,1122.0
1881935,stimulus_Ins_HumanRights_2_page_6,1132.9,283.5,1122.0
1881936,stimulus_Ins_HumanRights_2_page_6,1132.8,283.4,1122.0
1881937,stimulus_Ins_HumanRights_2_page_6,1132.6,282.8,1123.0
1881938,stimulus_Ins_HumanRights_2_page_6,1132.4,282.3,1123.0
1881939,stimulus_Ins_HumanRights_2_page_6,1132.2,281.8,1124.0
1881940,stimulus_Ins_HumanRights_2_page_6,1132.1,282.2,1124.0
1881941,stimulus_Ins_HumanRights_2_page_6,1132.1,282.5,1123.0
1881942,stimulus_Ins_HumanRights_2_page_6,1132.1,282.8,1121.0
1881943,stimulus_Ins_HumanRights_2_page_6,1132.1,282.8,1120.0
1881944,stimulus_Ins_HumanRights_2_page_6,1132.3,282.8,1122.0
1881945,stimulus_Ins_HumanRights_2_page_6,1132.5,282.8,1124.0
1881946,stimulus_Ins_HumanRights_2_page_6,1132.7,282.8,1127.0
1881947,stimulus_Ins_HumanRights_2_page_6,1132.7,282.8,1126.0
1881948,stimulus_Ins_HumanRights_2_page_6,1132.7,282.9,1125.0
1881949,stimulus_Ins_HumanRights_2_page_6,1132.7,282.7,1124.0
1881950,stimulus_Ins_HumanRights_2_page_6,1132.2,282.4,1124.0
1881951,stimulus_Ins_HumanRights_2_page_6,1131.8,282.2,1124.0
1881952,stimulus_Ins_HumanRights_2_page_6,1131.4,282.4,1124.0
1881953,stimulus_Ins_HumanRights_2_page_6,1131.4,282.5,1122.0
1881954,stimulus_Ins_HumanRights_2_page_6,1131.5,282.5,1119.0
1881955,stimulus_Ins_HumanRights_2_page_6,1132.2,282.6,1119.0
1881956,stimulus_Ins_HumanRights_2_page_6,1132.8,282.6,1122.0
1881957,stimulus_Ins_HumanRights_2_page_6,1133.2,282.6,1125.0
1881958,stimulus_Ins_HumanRights_2_page_6,1133.0,282.6,1125.0
1881959,stimulus_Ins_HumanRights_2_page_6,1132.7,282.5,1125.0
1881960,stimulus_Ins_HumanRights_2_page_6,1132.6,282.3,1123.0
1881961,stimulus_Ins_HumanRights_2_page_6,1132.2,282.2,1122.0
1881962,stimulus_Ins_HumanRights_2_page_6,1131.9,282.2,1121.0
1881963,stimulus_Ins_HumanRights_2_page_6,1131.9,282.2,1121.0
1881964,stimulus_Ins_HumanRights_2_page_6,1132.3,282.2,1120.0
1881965,stimulus_Ins_HumanRights_2_page_6,1132.7,282.5,1120.0
1881966,stimulus_Ins_HumanRights_2_page_6,1132.8,282.7,1120.0
1881967,stimulus_Ins_HumanRights_2_page_6,1132.6,283.0,1121.0
1881968,stimulus_Ins_HumanRights_2_page_6,1132.5,283.0,1122.0
1881969,stimulus_Ins_HumanRights_2_page_6,1132.5,282.7,1121.0
1881970,stimulus_Ins_HumanRights_2_page_6,1132.5,282.4,1120.0
1881971,stimulus_Ins_HumanRights_2_page_6,1132.5,282.0,1118.0
1881972,stimulus_Ins_HumanRights_2_page_6,1132.4,282.0,1117.0
1881973,stimulus_Ins_HumanRights_2_page_6,1132.4,282.0,1121.0
1881974,stimulus_Ins_HumanRights_2_page_6,1132.5,282.1,1124.0
1881975,stimulus_Ins_HumanRights_2_page_6,1132.4,282.2,1128.0
1881976,stimulus_Ins_HumanRights_2_page_6,1132.4,282.4,1128.0
1881977,stimulus_Ins_HumanRights_2_page_6,1132.3,282.4,1127.0
1881978,stimulus_Ins_HumanRights_2_page_6,1132.2,282.4,1126.0
1881979,stimulus_Ins_HumanRights_2_page_6,1132.1,282.3,1126.0
1881980,stimulus_Ins_HumanRights_2_page_6,1132.0,282.1,1126.0
1881981,stimulus_Ins_HumanRights_2_page_6,1132.0,282.0,1125.0
1881982,stimulus_Ins_HumanRights_2_page_6,1132.1,282.4,1125.0
1881983,stimulus_Ins_HumanRights_2_page_6,1132.0,282.8,1126.0
1881984,stimulus_Ins_HumanRights_2_page_6,1131.9,283.0,1127.0
1881985,stimulus_Ins_HumanRights_2_page_6,1131.9,282.8,1128.0
1881986,stimulus_Ins_HumanRights_2_page_6,1132.2,282.7,1128.0
1881987,stimulus_Ins_HumanRights_2_page_6,1132.5,282.8,1127.0
1881988,stimulus_Ins_HumanRights_2_page_6,1133.0,283.0,1126.0
1881989,stimulus_Ins_HumanRights_2_page_6,1133.2,283.0,1125.0
1881990,stimulus_Ins_HumanRights_2_page_6,1133.0,283.1,1125.0
1881991,stimulus_Ins_HumanRights_2_page_6,1132.7,283.0,1126.0
1881992,stimulus_Ins_HumanRights_2_page_6,1132.3,282.8,1127.0
1881993,stimulus_Ins_HumanRights_2_page_6,1132.1,282.6,1127.0
1881994,stimulus_Ins_HumanRights_2_page_6,1131.9,282.5,1128.0
1881995,stimulus_Ins_HumanRights_2_page_6,1131.7,282.6,1127.0
1881996,stimulus_Ins_HumanRights_2_page_6,1131.9,282.6,1127.0
1881997,stimulus_Ins_HumanRights_2_page_6,1132.0,282.6,1127.0
1881998,stimulus_Ins_HumanRights_2_page_6,1132.2,282.7,1127.0
1881999,stimulus_Ins_HumanRights_2_page_6,1132.3,282.9,1127.0
1882000,stimulus_Ins_HumanRights_2_page_6,1132.3,283.2,1127.0
1882001,stimulus_Ins_HumanRights_2_page_6,1132.2,283.4,1128.0
1882002,stimulus_Ins_HumanRights_2_page_6,1132.1,283.6,1128.0
1882003,stimulus_Ins_HumanRights_2_page_6,1132.0,283.6,1128.0
1882004,stimulus_Ins_HumanRights_2_page_6,1131.9,283.6,1128.0
1882005,stimulus_Ins_HumanRights_2_page_6,1132.0,283.6,1128.0
1882006,stimulus_Ins_HumanRights_2_page_6,1132.3,283.5,1128.0
1882007,stimulus_Ins_HumanRights_2_page_6,1132.6,283.5,1128.0
1882008,stimulus_Ins_HumanRights_2_page_6,1132.9,283.4,1128.0
1882009,stimulus_Ins_HumanRights_2_page_6,1133.0,283.5,1128.0
1882010,stimulus_Ins_HumanRights_2_page_6,1132.8,283.6,1127.0
1882011,stimulus_Ins_HumanRights_2_page_6,1132.5,283.7,1126.0
1882012,stimulus_Ins_HumanRights_2_page_6,1132.4,283.4,1125.0
1882013,stimulus_Ins_HumanRights_2_page_6,1132.7,283.0,1125.0
1882014,stimulus_Ins_HumanRights_2_page_6,1133.0,282.6,1126.0
1882015,stimulus_Ins_HumanRights_2_page_6,1132.7,282.6,1127.0
1882016,stimulus_Ins_HumanRights_2_page_6,1132.3,282.6,1128.0
1882017,stimulus_Ins_HumanRights_2_page_6,1132.0,282.6,1128.0
1882018,stimulus_Ins_HumanRights_2_page_6,1131.9,282.6,1127.0
1882019,stimulus_Ins_HumanRights_2_page_6,1131.7,282.7,1126.0
1882020,stimulus_Ins_HumanRights_2_page_6,1131.3,282.9,1126.0
1882021,stimulus_Ins_HumanRights_2_page_6,1131.1,283.0,1125.0
1882022,stimulus_Ins_HumanRights_2_page_6,1130.9,283.1,1125.0
1882023,stimulus_Ins_HumanRights_2_page_6,1131.2,283.3,1125.0
1882024,stimulus_Ins_HumanRights_2_page_6,1131.4,283.5,1124.0
1882025,stimulus_Ins_HumanRights_2_page_6,1131.4,283.7,1123.0
1882026,stimulus_Ins_HumanRights_2_page_6,1131.1,283.7,1125.0
1882027,stimulus_Ins_HumanRights_2_page_6,1131.1,283.7,1126.0
1882028,stimulus_Ins_HumanRights_2_page_6,1131.4,283.6,1128.0
1882029,stimulus_Ins_HumanRights_2_page_6,1131.7,283.5,1128.0
1882030,stimulus_Ins_HumanRights_2_page_6,1131.6,283.4,1127.0
1882031,stimulus_Ins_HumanRights_2_page_6,1131.5,283.7,1126.0
1882032,stimulus_Ins_HumanRights_2_page_6,1131.5,284.0,1125.0
1882033,stimulus_Ins_HumanRights_2_page_6,1131.5,284.0,1124.0
1882034,stimulus_Ins_HumanRights_2_page_6,1131.5,283.6,1124.0
1882035,stimulus_Ins_HumanRights_2_page_6,1131.5,283.2,1124.0
1882036,stimulus_Ins_HumanRights_2_page_6,1131.5,283.2,1124.0
1882037,stimulus_Ins_HumanRights_2_page_6,1131.5,283.0,1125.0
1882038,stimulus_Ins_HumanRights_2_page_6,1131.2,282.9,1126.0
1882039,stimulus_Ins_HumanRights_2_page_6,1130.8,282.8,1125.0
1882040,stimulus_Ins_HumanRights_2_page_6,1130.4,282.8,1124.0
1882041,stimulus_Ins_HumanRights_2_page_6,1130.4,283.0,1123.0
1882042,stimulus_Ins_HumanRights_2_page_6,1130.5,283.8,1123.0
1882043,stimulus_Ins_HumanRights_2_page_6,1130.5,284.5,1123.0
1882044,stimulus_Ins_HumanRights_2_page_6,1130.6,284.7,1123.0
1882045,stimulus_Ins_HumanRights_2_page_6,1130.6,284.3,1123.0
1882046,stimulus_Ins_HumanRights_2_page_6,1130.6,284.5,1123.0
1882047,stimulus_Ins_HumanRights_2_page_6,1130.8,285.1,1123.0
1882048,stimulus_Ins_HumanRights_2_page_6,1131.0,285.2,1122.0
1882049,stimulus_Ins_HumanRights_2_page_6,1131.2,284.7,1122.0
1882050,stimulus_Ins_HumanRights_2_page_6,1131.4,284.2,1122.0
1882051,stimulus_Ins_HumanRights_2_page_6,1131.1,284.4,1122.0
1882052,stimulus_Ins_HumanRights_2_page_6,1130.6,284.7,1122.0
1882053,stimulus_Ins_HumanRights_2_page_6,1130.6,284.9,1123.0
1882054,stimulus_Ins_HumanRights_2_page_6,1131.0,284.9,1125.0
1882055,stimulus_Ins_HumanRights_2_page_6,1131.4,284.8,1127.0
1882056,stimulus_Ins_HumanRights_2_page_6,1131.2,284.7,1129.0
1882057,stimulus_Ins_HumanRights_2_page_6,1131.0,284.6,1129.0
1882058,stimulus_Ins_HumanRights_2_page_6,1130.9,284.7,1128.0
1882059,stimulus_Ins_HumanRights_2_page_6,1130.9,284.9,1129.0
1882060,stimulus_Ins_HumanRights_2_page_6,1130.9,285.1,1129.0
1882061,stimulus_Ins_HumanRights_2_page_6,1130.9,285.4,1129.0
1882062,stimulus_Ins_HumanRights_2_page_6,1130.8,285.6,1128.0
1882063,stimulus_Ins_HumanRights_2_page_6,1130.7,285.9,1127.0
1882064,stimulus_Ins_HumanRights_2_page_6,1130.8,285.9,1125.0
1882065,stimulus_Ins_HumanRights_2_page_6,1131.1,285.9,1124.0
1882066,stimulus_Ins_HumanRights_2_page_6,1131.3,285.9,1124.0
1882067,stimulus_Ins_HumanRights_2_page_6,1131.4,285.8,1124.0
1882068,stimulus_Ins_HumanRights_2_page_6,1131.5,285.6,1125.0
1882069,stimulus_Ins_HumanRights_2_page_6,1131.6,285.5,1126.0
1882070,stimulus_Ins_HumanRights_2_page_6,1131.5,285.9,1127.0
1882071,stimulus_Ins_HumanRights_2_page_6,1131.4,286.2,1127.0
1882072,stimulus_Ins_HumanRights_2_page_6,1131.3,286.6,1126.0
1882073,stimulus_Ins_HumanRights_2_page_6,1131.5,286.6,1125.0
1882074,stimulus_Ins_HumanRights_2_page_6,1131.6,286.6,1125.0
1882075,stimulus_Ins_HumanRights_2_page_6,1131.7,286.6,1125.0
1882076,stimulus_Ins_HumanRights_2_page_6,1131.8,286.6,1126.0
1882077,stimulus_Ins_HumanRights_2_page_6,1131.9,286.5,1127.0
1882078,stimulus_Ins_HumanRights_2_page_6,1131.9,286.2,1127.0
1882079,stimulus_Ins_HumanRights_2_page_6,1131.9,286.0,1127.0
1882080,stimulus_Ins_HumanRights_2_page_6,1131.7,285.8,1125.0
1882081,stimulus_Ins_HumanRights_2_page_6,1131.6,285.9,1124.0
1882082,stimulus_Ins_HumanRights_2_page_6,1131.6,285.9,1123.0
1882083,stimulus_Ins_HumanRights_2_page_6,1131.7,286.1,1123.0
1882084,stimulus_Ins_HumanRights_2_page_6,1131.8,286.3,1123.0
1882085,stimulus_Ins_HumanRights_2_page_6,1131.9,286.3,1123.0
1882086,stimulus_Ins_HumanRights_2_page_6,1132.1,286.1,1124.0
1882087,stimulus_Ins_HumanRights_2_page_6,1132.2,286.1,1125.0
1882088,stimulus_Ins_HumanRights_2_page_6,1131.7,286.4,1125.0
1882089,stimulus_Ins_HumanRights_2_page_6,1131.3,286.6,1124.0
1882090,stimulus_Ins_HumanRights_2_page_6,1131.2,286.5,1124.0
1882091,stimulus_Ins_HumanRights_2_page_6,1131.6,286.4,1124.0
1882092,stimulus_Ins_HumanRights_2_page_6,1132.0,286.2,1123.0
1882093,stimulus_Ins_HumanRights_2_page_6,1132.2,286.1,1122.0
1882094,stimulus_Ins_HumanRights_2_page_6,1132.3,285.8,1121.0
1882095,stimulus_Ins_HumanRights_2_page_6,1132.5,285.6,1123.0
1882096,stimulus_Ins_HumanRights_2_page_6,1132.7,285.4,1124.0
1882097,stimulus_Ins_HumanRights_2_page_6,1132.8,285.3,1126.0
1882098,stimulus_Ins_HumanRights_2_page_6,1132.8,284.9,1125.0
1882099,stimulus_Ins_HumanRights_2_page_6,1132.7,284.5,1123.0
1882100,stimulus_Ins_HumanRights_2_page_6,1132.5,284.2,1122.0
1882101,stimulus_Ins_HumanRights_2_page_6,1132.2,284.1,1122.0
1882102,stimulus_Ins_HumanRights_2_page_6,1131.9,283.9,1121.0
1882103,stimulus_Ins_HumanRights_2_page_6,1131.8,284.3,1121.0
1882104,stimulus_Ins_HumanRights_2_page_6,1131.8,284.8,1119.0
1882105,stimulus_Ins_HumanRights_2_page_6,1131.9,285.3,1119.0
1882106,stimulus_Ins_HumanRights_2_page_6,1132.1,285.5,1118.0
1882107,stimulus_Ins_HumanRights_2_page_6,1132.1,285.8,1118.0
1882108,stimulus_Ins_HumanRights_2_page_6,1131.9,286.0,1120.0
1882109,stimulus_Ins_HumanRights_2_page_6,1132.0,286.1,1122.0
1882110,stimulus_Ins_HumanRights_2_page_6,1132.2,286.0,1125.0
1882111,stimulus_Ins_HumanRights_2_page_6,1132.3,285.9,1125.0
1882112,stimulus_Ins_HumanRights_2_page_6,1132.2,285.8,1124.0
1882113,stimulus_Ins_HumanRights_2_page_6,1132.0,285.6,1122.0
1882114,stimulus_Ins_HumanRights_2_page_6,1132.0,285.5,1121.0
1882115,stimulus_Ins_HumanRights_2_page_6,1132.1,285.3,1120.0
1882116,stimulus_Ins_HumanRights_2_page_6,1132.3,285.2,1120.0
1882117,stimulus_Ins_HumanRights_2_page_6,1132.3,285.5,1120.0
1882118,stimulus_Ins_HumanRights_2_page_6,1132.3,285.8,1120.0
1882119,stimulus_Ins_HumanRights_2_page_6,1132.4,286.0,1119.0
1882120,stimulus_Ins_HumanRights_2_page_6,1132.4,285.9,1120.0
1882121,stimulus_Ins_HumanRights_2_page_6,1132.4,285.9,1120.0
1882122,stimulus_Ins_HumanRights_2_page_6,1132.3,286.0,1121.0
1882123,stimulus_Ins_HumanRights_2_page_6,1132.5,286.5,1122.0
1882124,stimulus_Ins_HumanRights_2_page_6,1132.8,287.1,1123.0
1882125,stimulus_Ins_HumanRights_2_page_6,1133.1,287.7,1123.0
1882126,stimulus_Ins_HumanRights_2_page_6,1133.1,287.5,1124.0
1882127,stimulus_Ins_HumanRights_2_page_6,1133.0,287.2,1126.0
1882128,stimulus_Ins_HumanRights_2_page_6,1132.9,287.1,1127.0
1882129,stimulus_Ins_HumanRights_2_page_6,1132.8,287.2,1126.0
1882130,stimulus_Ins_HumanRights_2_page_6,1132.8,287.3,1125.0
1882131,stimulus_Ins_HumanRights_2_page_6,1132.7,287.3,1124.0
1882132,stimulus_Ins_HumanRights_2_page_6,1132.9,287.9,1123.0
1882133,stimulus_Ins_HumanRights_2_page_6,1133.0,288.5,1123.0
1882134,stimulus_Ins_HumanRights_2_page_6,1133.2,288.7,1124.0
1882135,stimulus_Ins_HumanRights_2_page_6,1133.1,288.3,1125.0
1882136,stimulus_Ins_HumanRights_2_page_6,1133.0,288.0,1125.0
1882137,stimulus_Ins_HumanRights_2_page_6,1133.0,287.5,1125.0
1882138,stimulus_Ins_HumanRights_2_page_6,1132.9,287.1,1126.0
1882139,stimulus_Ins_HumanRights_2_page_6,1133.0,286.7,1126.0
1882140,stimulus_Ins_HumanRights_2_page_6,1133.1,286.6,1126.0
1882141,stimulus_Ins_HumanRights_2_page_6,1133.3,286.6,1126.0
1882142,stimulus_Ins_HumanRights_2_page_6,1133.4,286.6,1125.0
1882143,stimulus_Ins_HumanRights_2_page_6,1133.4,287.1,1124.0
1882144,stimulus_Ins_HumanRights_2_page_6,1133.4,287.6,1123.0
1882145,stimulus_Ins_HumanRights_2_page_6,1133.5,288.2,1123.0
1882146,stimulus_Ins_HumanRights_2_page_6,1133.5,288.2,1123.0
1882147,stimulus_Ins_HumanRights_2_page_6,1133.6,288.1,1123.0
1882148,stimulus_Ins_HumanRights_2_page_6,1133.5,287.8,1124.0
1882149,stimulus_Ins_HumanRights_2_page_6,1133.5,287.5,1124.0
1882150,stimulus_Ins_HumanRights_2_page_6,1133.6,287.3,1124.0
1882151,stimulus_Ins_HumanRights_2_page_6,1133.5,287.5,1124.0
1882152,stimulus_Ins_HumanRights_2_page_6,1133.3,287.8,1122.0
1882153,stimulus_Ins_HumanRights_2_page_6,1133.1,287.9,1120.0
1882154,stimulus_Ins_HumanRights_2_page_6,1133.2,287.9,1119.0
1882155,stimulus_Ins_HumanRights_2_page_6,1133.3,287.9,1121.0
1882156,stimulus_Ins_HumanRights_2_page_6,1133.5,287.8,1123.0
1882157,stimulus_Ins_HumanRights_2_page_6,1133.6,288.3,1124.0
1882158,stimulus_Ins_HumanRights_2_page_6,1133.8,288.8,1123.0
1882159,stimulus_Ins_HumanRights_2_page_6,1133.8,289.2,1123.0
1882160,stimulus_Ins_HumanRights_2_page_6,1133.8,288.9,1124.0
1882161,stimulus_Ins_HumanRights_2_page_6,1133.6,288.6,1123.0
1882162,stimulus_Ins_HumanRights_2_page_6,1133.5,287.7,1122.0
1882163,stimulus_Ins_HumanRights_2_page_6,1133.4,286.9,1121.0
1882164,stimulus_Ins_HumanRights_2_page_6,1133.3,286.4,1122.0
1882165,stimulus_Ins_HumanRights_2_page_6,1133.3,286.6,1121.0
1882166,stimulus_Ins_HumanRights_2_page_6,1133.2,286.8,1121.0
1882167,stimulus_Ins_HumanRights_2_page_6,1133.2,286.9,1121.0
1882168,stimulus_Ins_HumanRights_2_page_6,1133.3,286.8,1121.0
1882169,stimulus_Ins_HumanRights_2_page_6,1133.4,286.7,1121.0
1882170,stimulus_Ins_HumanRights_2_page_6,1133.6,287.1,1120.0
1882171,stimulus_Ins_HumanRights_2_page_6,1133.6,287.5,1119.0
1882172,stimulus_Ins_HumanRights_2_page_6,1133.6,287.9,1119.0
1882173,stimulus_Ins_HumanRights_2_page_6,1133.6,287.8,1118.0
1882174,stimulus_Ins_HumanRights_2_page_6,1133.5,287.5,1117.0
1882175,stimulus_Ins_HumanRights_2_page_6,1133.4,287.2,1117.0
1882176,stimulus_Ins_HumanRights_2_page_6,1133.3,287.1,1119.0
1882177,stimulus_Ins_HumanRights_2_page_6,1133.2,287.2,1121.0
1882178,stimulus_Ins_HumanRights_2_page_6,1133.2,287.2,1122.0
1882179,stimulus_Ins_HumanRights_2_page_6,1133.4,287.2,1121.0
1882180,stimulus_Ins_HumanRights_2_page_6,1133.7,287.3,1119.0
1882181,stimulus_Ins_HumanRights_2_page_6,1134.0,287.4,1119.0
1882182,stimulus_Ins_HumanRights_2_page_6,1134.0,287.2,1118.0
1882183,stimulus_Ins_HumanRights_2_page_6,1134.0,287.0,1118.0
1882184,stimulus_Ins_HumanRights_2_page_6,1134.0,286.9,1119.0
1882185,stimulus_Ins_HumanRights_2_page_6,1134.1,286.5,1119.0
1882186,stimulus_Ins_HumanRights_2_page_6,1134.2,286.0,1119.0
1882187,stimulus_Ins_HumanRights_2_page_6,1134.1,285.3,1119.0
1882188,stimulus_Ins_HumanRights_2_page_6,1133.9,285.1,1117.0
1882189,stimulus_Ins_HumanRights_2_page_6,1134.0,284.9,1116.0
1882190,stimulus_Ins_HumanRights_2_page_6,1134.2,284.8,1115.0
1882191,stimulus_Ins_HumanRights_2_page_6,1134.1,284.6,1114.0
1882192,stimulus_Ins_HumanRights_2_page_6,1133.8,284.4,1114.0
1882193,stimulus_Ins_HumanRights_2_page_6,1133.3,284.4,1115.0
1882194,stimulus_Ins_HumanRights_2_page_6,1133.1,284.3,1115.0
1882195,stimulus_Ins_HumanRights_2_page_6,1133.1,284.3,1115.0
1882196,stimulus_Ins_HumanRights_2_page_6,1133.2,284.1,1115.0
1882197,stimulus_Ins_HumanRights_2_page_6,1133.3,283.9,1115.0
1882198,stimulus_Ins_HumanRights_2_page_6,1133.3,284.1,1118.0
1882199,stimulus_Ins_HumanRights_2_page_6,1133.3,284.5,1120.0
1882200,stimulus_Ins_HumanRights_2_page_6,1133.2,284.9,1119.0
1882201,stimulus_Ins_HumanRights_2_page_6,1133.2,285.0,1116.0
1882202,stimulus_Ins_HumanRights_2_page_6,1133.2,285.0,1115.0
1882203,stimulus_Ins_HumanRights_2_page_6,1133.1,285.1,1117.0
1882204,stimulus_Ins_HumanRights_2_page_6,1133.1,285.2,1119.0
1882205,stimulus_Ins_HumanRights_2_page_6,1133.0,285.3,1119.0
1882206,stimulus_Ins_HumanRights_2_page_6,1132.9,285.4,1119.0
1882207,stimulus_Ins_HumanRights_2_page_6,1132.9,285.4,1119.0
1882208,stimulus_Ins_HumanRights_2_page_6,1132.8,285.2,1118.0
1882209,stimulus_Ins_HumanRights_2_page_6,1132.9,284.9,1118.0
1882210,stimulus_Ins_HumanRights_2_page_6,1133.0,284.7,1118.0
1882211,stimulus_Ins_HumanRights_2_page_6,1133.0,285.0,1118.0
1882212,stimulus_Ins_HumanRights_2_page_6,1132.7,285.4,1118.0
1882213,stimulus_Ins_HumanRights_2_page_6,1132.5,285.4,1118.0
1882214,stimulus_Ins_HumanRights_2_page_6,1132.1,284.9,1118.0
1882215,stimulus_Ins_HumanRights_2_page_6,1132.1,284.9,1118.0
1882216,stimulus_Ins_HumanRights_2_page_6,1132.3,285.3,1119.0
1882217,stimulus_Ins_HumanRights_2_page_6,1132.5,285.7,1119.0
1882218,stimulus_Ins_HumanRights_2_page_6,1132.7,285.7,1118.0
1882219,stimulus_Ins_HumanRights_2_page_6,1132.6,285.4,1118.0
1882220,stimulus_Ins_HumanRights_2_page_6,1132.4,285.1,1117.0
1882221,stimulus_Ins_HumanRights_2_page_6,1132.3,284.7,1114.0
1882222,stimulus_Ins_HumanRights_2_page_6,1132.4,284.6,1112.0
1882223,stimulus_Ins_HumanRights_2_page_6,1132.7,284.4,1110.0
1882224,stimulus_Ins_HumanRights_2_page_6,1132.9,284.5,1110.0
1882225,stimulus_Ins_HumanRights_2_page_6,1132.9,284.7,1112.0
1882226,stimulus_Ins_HumanRights_2_page_6,1132.7,284.8,1113.0
1882227,stimulus_Ins_HumanRights_2_page_6,1132.5,284.9,1115.0
1882228,stimulus_Ins_HumanRights_2_page_6,1132.3,284.9,1115.0
1882229,stimulus_Ins_HumanRights_2_page_6,1132.1,285.0,1115.0
1882230,stimulus_Ins_HumanRights_2_page_6,1132.0,285.1,1115.0
1882231,stimulus_Ins_HumanRights_2_page_6,1132.0,285.1,1115.0
1882232,stimulus_Ins_HumanRights_2_page_6,1132.0,285.0,1115.0
1882233,stimulus_Ins_HumanRights_2_page_6,1131.9,284.8,1116.0
1882234,stimulus_Ins_HumanRights_2_page_6,1131.9,284.6,1116.0
1882235,stimulus_Ins_HumanRights_2_page_6,1131.8,284.4,1116.0
1882236,stimulus_Ins_HumanRights_2_page_6,1131.8,284.0,1117.0
1882237,stimulus_Ins_HumanRights_2_page_6,1131.9,283.7,1117.0
1882238,stimulus_Ins_HumanRights_2_page_6,1132.0,283.5,1117.0
1882239,stimulus_Ins_HumanRights_2_page_6,1132.1,284.1,1116.0
1882240,stimulus_Ins_HumanRights_2_page_6,1132.0,284.7,1114.0
1882241,stimulus_Ins_HumanRights_2_page_6,1132.0,285.5,1113.0
1882242,stimulus_Ins_HumanRights_2_page_6,1132.0,285.6,1113.0
1882243,stimulus_Ins_HumanRights_2_page_6,1132.1,285.7,1113.0
1882244,stimulus_Ins_HumanRights_2_page_6,1132.4,285.6,1115.0
1882245,stimulus_Ins_HumanRights_2_page_6,1132.6,285.5,1115.0
1882246,stimulus_Ins_HumanRights_2_page_6,1132.9,285.4,1116.0
1882247,stimulus_Ins_HumanRights_2_page_6,1132.7,285.4,1116.0
1882248,stimulus_Ins_HumanRights_2_page_6,1132.4,285.4,1116.0
1882249,stimulus_Ins_HumanRights_2_page_6,1132.1,285.3,1115.0
1882250,stimulus_Ins_HumanRights_2_page_6,1132.0,285.0,1114.0
1882251,stimulus_Ins_HumanRights_2_page_6,1131.9,284.7,1112.0
1882252,stimulus_Ins_HumanRights_2_page_6,1131.8,284.4,1112.0
1882253,stimulus_Ins_HumanRights_2_page_6,1131.8,284.5,1113.0
1882254,stimulus_Ins_HumanRights_2_page_6,1131.8,284.5,1115.0
1882255,stimulus_Ins_HumanRights_2_page_6,1131.8,284.3,1116.0
1882256,stimulus_Ins_HumanRights_2_page_6,1131.9,284.1,1116.0
1882257,stimulus_Ins_HumanRights_2_page_6,1132.0,284.2,1116.0
1882258,stimulus_Ins_HumanRights_2_page_6,1132.1,284.4,1116.0
1882259,stimulus_Ins_HumanRights_2_page_6,1132.1,284.6,1116.0
1882260,stimulus_Ins_HumanRights_2_page_6,1132.1,284.5,1113.0
1882261,stimulus_Ins_HumanRights_2_page_6,1132.2,284.7,1111.0
1882262,stimulus_Ins_HumanRights_2_page_6,1132.4,284.8,1110.0
1882263,stimulus_Ins_HumanRights_2_page_6,1132.6,284.9,1111.0
1882264,stimulus_Ins_HumanRights_2_page_6,1132.7,284.9,1112.0
1882265,stimulus_Ins_HumanRights_2_page_6,1132.6,284.9,1113.0
1882266,stimulus_Ins_HumanRights_2_page_6,1132.5,284.8,1114.0
1882267,stimulus_Ins_HumanRights_2_page_6,1132.4,285.1,1115.0
1882268,stimulus_Ins_HumanRights_2_page_6,1132.3,285.7,1115.0
1882269,stimulus_Ins_HumanRights_2_page_6,1132.4,286.3,1116.0
1882270,stimulus_Ins_HumanRights_2_page_6,1132.4,286.2,1115.0
1882271,stimulus_Ins_HumanRights_2_page_6,1132.4,285.8,1115.0
1882272,stimulus_Ins_HumanRights_2_page_6,1132.3,285.4,1115.0
1882273,stimulus_Ins_HumanRights_2_page_6,1132.2,285.5,1115.0
1882274,stimulus_Ins_HumanRights_2_page_6,1132.2,285.4,1114.0
1882275,stimulus_Ins_HumanRights_2_page_6,1132.2,285.4,1113.0
1882276,stimulus_Ins_HumanRights_2_page_6,1132.2,285.3,1113.0
1882277,stimulus_Ins_HumanRights_2_page_6,1132.0,285.3,1114.0
1882278,stimulus_Ins_HumanRights_2_page_6,1131.8,285.4,1114.0
1882279,stimulus_Ins_HumanRights_2_page_6,1131.7,285.4,1114.0
1882280,stimulus_Ins_HumanRights_2_page_6,1131.8,285.6,1114.0
1882281,stimulus_Ins_HumanRights_2_page_6,1131.9,286.1,1114.0
1882282,stimulus_Ins_HumanRights_2_page_6,1132.1,286.6,1114.0
1882283,stimulus_Ins_HumanRights_2_page_6,1132.1,287.1,1114.0
1882284,stimulus_Ins_HumanRights_2_page_6,1132.1,287.4,1114.0
1882285,stimulus_Ins_HumanRights_2_page_6,1132.1,287.9,1114.0
1882286,stimulus_Ins_HumanRights_2_page_6,1132.1,288.1,1115.0
1882287,stimulus_Ins_HumanRights_2_page_6,1132.0,288.1,1116.0
1882288,stimulus_Ins_HumanRights_2_page_6,1131.9,287.9,1117.0
1882289,stimulus_Ins_HumanRights_2_page_6,1131.9,287.7,1117.0
1882290,stimulus_Ins_HumanRights_2_page_6,1132.0,287.7,1117.0
1882291,stimulus_Ins_HumanRights_2_page_6,1132.2,287.6,1116.0
1882292,stimulus_Ins_HumanRights_2_page_6,1132.3,287.2,1116.0
1882293,stimulus_Ins_HumanRights_2_page_6,1132.4,286.6,1117.0
1882294,stimulus_Ins_HumanRights_2_page_6,1132.5,286.2,1116.0
1882295,stimulus_Ins_HumanRights_2_page_6,1132.4,286.6,1115.0
1882296,stimulus_Ins_HumanRights_2_page_6,1132.3,287.2,1115.0
1882297,stimulus_Ins_HumanRights_2_page_6,1132.2,287.6,1114.0
1882298,stimulus_Ins_HumanRights_2_page_6,1132.2,287.5,1114.0
1882299,stimulus_Ins_HumanRights_2_page_6,1132.2,287.5,1114.0
1882300,stimulus_Ins_HumanRights_2_page_6,1132.3,287.5,1114.0
1882301,stimulus_Ins_HumanRights_2_page_6,1132.4,287.6,1114.0
1882302,stimulus_Ins_HumanRights_2_page_6,1132.3,287.6,1114.0
1882303,stimulus_Ins_HumanRights_2_page_6,1132.3,287.7,1115.0
1882304,stimulus_Ins_HumanRights_2_page_6,1132.1,287.9,1116.0
1882305,stimulus_Ins_HumanRights_2_page_6,1131.9,288.0,1117.0
1882306,stimulus_Ins_HumanRights_2_page_6,1131.7,288.0,1118.0
1882307,stimulus_Ins_HumanRights_2_page_6,1131.7,288.1,1118.0
1882308,stimulus_Ins_HumanRights_2_page_6,1131.4,288.2,1117.0
1882309,stimulus_Ins_HumanRights_2_page_6,1131.0,288.4,1116.0
1882310,stimulus_Ins_HumanRights_2_page_6,1130.6,288.7,1115.0
1882311,stimulus_Ins_HumanRights_2_page_6,1130.8,289.0,1116.0
1882312,stimulus_Ins_HumanRights_2_page_6,1131.2,289.3,1115.0
1882313,stimulus_Ins_HumanRights_2_page_6,1131.6,289.4,1115.0
1882314,stimulus_Ins_HumanRights_2_page_6,1131.5,289.2,1115.0
1882315,stimulus_Ins_HumanRights_2_page_6,1131.5,288.9,1115.0
1882316,stimulus_Ins_HumanRights_2_page_6,1131.5,288.8,1116.0
1882317,stimulus_Ins_HumanRights_2_page_6,1131.5,288.8,1117.0
1882318,stimulus_Ins_HumanRights_2_page_6,1131.6,288.8,1115.0
1882319,stimulus_Ins_HumanRights_2_page_6,1131.6,288.8,1114.0
1882320,stimulus_Ins_HumanRights_2_page_6,1131.5,289.2,1113.0
1882321,stimulus_Ins_HumanRights_2_page_6,1131.5,289.6,1113.0
1882322,stimulus_Ins_HumanRights_2_page_6,1131.4,289.9,1113.0
1882323,stimulus_Ins_HumanRights_2_page_6,1131.2,289.8,1113.0
1882324,stimulus_Ins_HumanRights_2_page_6,1131.4,289.7,1112.0
1882325,stimulus_Ins_HumanRights_2_page_6,1131.8,290.2,1112.0
1882326,stimulus_Ins_HumanRights_2_page_6,1132.0,290.8,1113.0
1882327,stimulus_Ins_HumanRights_2_page_6,1131.8,291.3,1113.0
1882328,stimulus_Ins_HumanRights_2_page_6,1131.5,291.1,1114.0
1882329,stimulus_Ins_HumanRights_2_page_6,1131.3,291.0,1116.0
1882330,stimulus_Ins_HumanRights_2_page_6,1131.5,290.8,1115.0
1882331,stimulus_Ins_HumanRights_2_page_6,1131.7,290.7,1114.0
1882332,stimulus_Ins_HumanRights_2_page_6,1131.9,290.6,1112.0
1882333,stimulus_Ins_HumanRights_2_page_6,1131.7,290.6,1113.0
1882334,stimulus_Ins_HumanRights_2_page_6,1131.4,291.2,1114.0
1882335,stimulus_Ins_HumanRights_2_page_6,1131.4,291.7,1115.0
1882336,stimulus_Ins_HumanRights_2_page_6,1131.4,292.1,1116.0
1882337,stimulus_Ins_HumanRights_2_page_6,1131.5,292.1,1115.0
1882338,stimulus_Ins_HumanRights_2_page_6,1131.4,292.1,1115.0
1882339,stimulus_Ins_HumanRights_2_page_6,1131.3,292.1,1117.0
1882340,stimulus_Ins_HumanRights_2_page_6,1131.3,292.0,1117.0
1882341,stimulus_Ins_HumanRights_2_page_6,1131.5,292.0,1117.0
1882342,stimulus_Ins_HumanRights_2_page_6,1131.7,292.1,1117.0
1882343,stimulus_Ins_HumanRights_2_page_6,1131.8,292.2,1117.0
1882344,stimulus_Ins_HumanRights_2_page_6,1132.2,292.4,1117.0
1882345,stimulus_Ins_HumanRights_2_page_6,1132.5,292.4,1116.0
1882346,stimulus_Ins_HumanRights_2_page_6,1132.4,291.5,1115.0
1882347,stimulus_Ins_HumanRights_2_page_6,1131.2,290.6,1115.0
1882348,stimulus_Ins_HumanRights_2_page_6,1128.9,289.9,1115.0
1882349,stimulus_Ins_HumanRights_2_page_6,1125.9,290.4,1116.0
1882350,stimulus_Ins_HumanRights_2_page_6,1122.0,291.2,1118.0
1882351,stimulus_Ins_HumanRights_2_page_6,1115.5,292.3,1120.0
1882352,stimulus_Ins_HumanRights_2_page_6,1106.8,293.6,1120.0
1882353,stimulus_Ins_HumanRights_2_page_6,1096.8,294.6,1122.0
1882354,stimulus_Ins_HumanRights_2_page_6,1086.4,295.5,1128.0
1882355,stimulus_Ins_HumanRights_2_page_6,1075.1,296.2,1135.0
1882356,stimulus_Ins_HumanRights_2_page_6,1062.9,296.6,1140.0
1882357,stimulus_Ins_HumanRights_2_page_6,1049.7,296.8,1144.0
1882358,stimulus_Ins_HumanRights_2_page_6,1034.8,296.3,1148.0
1882359,stimulus_Ins_HumanRights_2_page_6,1020.5,296.0,1155.0
1882360,stimulus_Ins_HumanRights_2_page_6,1005.1,295.7,1160.0
1882361,stimulus_Ins_HumanRights_2_page_6,990.1,296.3,1164.0
1882362,stimulus_Ins_HumanRights_2_page_6,973.8,296.9,1167.0
1882363,stimulus_Ins_HumanRights_2_page_6,957.9,297.9,1171.0
1882364,stimulus_Ins_HumanRights_2_page_6,944.3,298.7,1175.0
1882365,stimulus_Ins_HumanRights_2_page_6,929.7,299.5,1180.0
1882366,stimulus_Ins_HumanRights_2_page_6,915.6,299.3,1182.0
1882367,stimulus_Ins_HumanRights_2_page_6,900.8,299.2,1183.0
1882368,stimulus_Ins_HumanRights_2_page_6,886.9,298.9,1185.0
1882369,stimulus_Ins_HumanRights_2_page_6,873.3,299.5,1186.0
1882370,stimulus_Ins_HumanRights_2_page_6,859.2,300.7,1188.0
1882371,stimulus_Ins_HumanRights_2_page_6,844.9,302.2,1188.0
1882372,stimulus_Ins_HumanRights_2_page_6,832.2,303.7,1187.0
1882373,stimulus_Ins_HumanRights_2_page_6,819.2,304.9,1188.0
1882374,stimulus_Ins_HumanRights_2_page_6,807.1,306.2,1190.0
1882375,stimulus_Ins_HumanRights_2_page_6,793.9,308.9,1192.0
1882376,stimulus_Ins_HumanRights_2_page_6,780.5,311.1,1193.0
1882377,stimulus_Ins_HumanRights_2_page_6,767.7,313.0,1194.0
1882378,stimulus_Ins_HumanRights_2_page_6,754.1,314.3,1196.0
1882379,stimulus_Ins_HumanRights_2_page_6,741.5,315.6,1198.0
1882380,stimulus_Ins_HumanRights_2_page_6,728.4,317.1,1200.0
1882381,stimulus_Ins_HumanRights_2_page_6,715.5,318.7,1200.0
1882382,stimulus_Ins_HumanRights_2_page_6,701.5,320.3,1200.0
1882383,stimulus_Ins_HumanRights_2_page_6,687.7,322.8,1200.0
1882384,stimulus_Ins_HumanRights_2_page_6,674.7,324.3,1200.0
1882385,stimulus_Ins_HumanRights_2_page_6,662.4,325.7,1200.0
1882386,stimulus_Ins_HumanRights_2_page_6,650.0,327.8,1203.0
1882387,stimulus_Ins_HumanRights_2_page_6,637.1,329.8,1206.0
1882388,stimulus_Ins_HumanRights_2_page_6,623.6,331.9,1207.0
1882389,stimulus_Ins_HumanRights_2_page_6,611.1,333.5,1206.0
1882390,stimulus_Ins_HumanRights_2_page_6,598.7,335.1,1207.0
1882391,stimulus_Ins_HumanRights_2_page_6,587.8,338.2,1207.0
1882392,stimulus_Ins_HumanRights_2_page_6,576.4,340.7,1208.0
1882393,stimulus_Ins_HumanRights_2_page_6,563.8,343.2,1208.0
1882394,stimulus_Ins_HumanRights_2_page_6,552.9,345.1,1207.0
1882395,stimulus_Ins_HumanRights_2_page_6,541.1,345.8,1206.0
1882396,stimulus_Ins_HumanRights_2_page_6,530.5,347.1,1206.0
1882397,stimulus_Ins_HumanRights_2_page_6,519.1,348.3,1205.0
1882398,stimulus_Ins_HumanRights_2_page_6,506.7,349.6,1205.0
1882399,stimulus_Ins_HumanRights_2_page_6,495.1,350.4,1204.0
1882400,stimulus_Ins_HumanRights_2_page_6,483.2,350.7,1204.0
1882401,stimulus_Ins_HumanRights_2_page_6,471.4,351.2,1204.0
1882402,stimulus_Ins_HumanRights_2_page_6,460.3,351.4,1203.0
1882403,stimulus_Ins_HumanRights_2_page_6,448.0,351.4,1203.0
1882404,stimulus_Ins_HumanRights_2_page_6,436.6,351.0,1203.0
1882405,stimulus_Ins_HumanRights_2_page_6,424.0,351.0,1203.0
1882406,stimulus_Ins_HumanRights_2_page_6,413.0,351.1,1202.0
1882407,stimulus_Ins_HumanRights_2_page_6,401.6,352.4,1202.0
1882408,stimulus_Ins_HumanRights_2_page_6,390.4,353.8,1200.0
1882409,stimulus_Ins_HumanRights_2_page_6,378.7,356.0,1198.0
1882410,stimulus_Ins_HumanRights_2_page_6,366.8,358.2,1195.0
1882411,stimulus_Ins_HumanRights_2_page_6,354.7,361.0,1194.0
1882412,stimulus_Ins_HumanRights_2_page_6,342.9,362.7,1193.0
1882413,stimulus_Ins_HumanRights_2_page_6,331.7,364.1,1193.0
1882414,stimulus_Ins_HumanRights_2_page_6,319.9,364.4,1193.0
1882415,stimulus_Ins_HumanRights_2_page_6,307.6,364.6,1192.0
1882416,stimulus_Ins_HumanRights_2_page_6,296.6,364.2,1190.0
1882417,stimulus_Ins_HumanRights_2_page_6,286.7,364.5,1189.0
1882418,stimulus_Ins_HumanRights_2_page_6,277.2,365.0,1188.0
1882419,stimulus_Ins_HumanRights_2_page_6,268.7,366.5,1188.0
1882420,stimulus_Ins_HumanRights_2_page_6,261.3,368.3,1188.0
1882421,stimulus_Ins_HumanRights_2_page_6,254.1,370.5,1187.0
1882422,stimulus_Ins_HumanRights_2_page_6,246.4,372.7,1188.0
1882423,stimulus_Ins_HumanRights_2_page_6,239.8,374.4,1188.0
1882424,stimulus_Ins_HumanRights_2_page_6,233.4,375.7,1188.0
1882425,stimulus_Ins_HumanRights_2_page_6,227.1,376.5,1190.0
1882426,stimulus_Ins_HumanRights_2_page_6,219.2,376.9,1191.0
1882427,stimulus_Ins_HumanRights_2_page_6,211.4,377.3,1194.0
1882428,stimulus_Ins_HumanRights_2_page_6,205.0,377.4,1195.0
1882429,stimulus_Ins_HumanRights_2_page_6,199.9,377.6,1196.0
1882430,stimulus_Ins_HumanRights_2_page_6,194.9,377.4,1197.0
1882431,stimulus_Ins_HumanRights_2_page_6,189.4,377.6,1197.0
1882432,stimulus_Ins_HumanRights_2_page_6,183.9,377.9,1199.0
1882433,stimulus_Ins_HumanRights_2_page_6,179.0,378.3,1199.0
1882434,stimulus_Ins_HumanRights_2_page_6,174.3,377.9,1201.0
1882435,stimulus_Ins_HumanRights_2_page_6,170.8,377.4,1203.0
1882436,stimulus_Ins_HumanRights_2_page_6,168.7,377.1,1205.0
1882437,stimulus_Ins_HumanRights_2_page_6,166.9,377.4,1207.0
1882438,stimulus_Ins_HumanRights_2_page_6,165.1,377.7,1208.0
1882439,stimulus_Ins_HumanRights_2_page_6,162.7,378.0,1208.0
1882440,stimulus_Ins_HumanRights_2_page_6,161.0,378.1,1208.0
1882441,stimulus_Ins_HumanRights_2_page_6,159.7,378.6,1209.0
1882442,stimulus_Ins_HumanRights_2_page_6,159.1,379.2,1210.0
1882443,stimulus_Ins_HumanRights_2_page_6,159.1,380.1,1212.0
1882444,stimulus_Ins_HumanRights_2_page_6,159.4,380.6,1214.0
1882445,stimulus_Ins_HumanRights_2_page_6,160.3,381.2,1216.0
1882446,stimulus_Ins_HumanRights_2_page_6,161.1,381.5,1218.0
1882447,stimulus_Ins_HumanRights_2_page_6,162.5,381.8,1219.0
1882448,stimulus_Ins_HumanRights_2_page_6,163.4,382.4,1220.0
1882449,stimulus_Ins_HumanRights_2_page_6,164.7,383.0,1220.0
1882450,stimulus_Ins_HumanRights_2_page_6,165.3,383.5,1220.0
1882451,stimulus_Ins_HumanRights_2_page_6,165.7,383.8,1219.0
1882452,stimulus_Ins_HumanRights_2_page_6,166.0,384.1,1220.0
1882453,stimulus_Ins_HumanRights_2_page_6,166.1,384.4,1220.0
1882454,stimulus_Ins_HumanRights_2_page_6,166.2,384.4,1220.0
1882455,stimulus_Ins_HumanRights_2_page_6,166.2,384.5,1220.0
1882456,stimulus_Ins_HumanRights_2_page_6,166.3,384.6,1220.0
1882457,stimulus_Ins_HumanRights_2_page_6,166.3,384.7,1219.0
1882458,stimulus_Ins_HumanRights_2_page_6,166.1,384.5,1218.0
1882459,stimulus_Ins_HumanRights_2_page_6,166.0,384.4,1218.0
1882460,stimulus_Ins_HumanRights_2_page_6,165.9,384.3,1218.0
1882461,stimulus_Ins_HumanRights_2_page_6,165.9,384.3,1219.0
1882462,stimulus_Ins_HumanRights_2_page_6,166.3,384.4,1218.0
1882463,stimulus_Ins_HumanRights_2_page_6,166.8,384.5,1218.0
1882464,stimulus_Ins_HumanRights_2_page_6,167.2,384.6,1217.0
1882465,stimulus_Ins_HumanRights_2_page_6,167.7,384.5,1217.0
1882466,stimulus_Ins_HumanRights_2_page_6,167.9,384.5,1217.0
1882467,stimulus_Ins_HumanRights_2_page_6,168.5,384.4,1217.0
1882468,stimulus_Ins_HumanRights_2_page_6,169.5,384.3,1217.0
1882469,stimulus_Ins_HumanRights_2_page_6,170.4,384.2,1217.0
1882470,stimulus_Ins_HumanRights_2_page_6,171.3,384.1,1217.0
1882471,stimulus_Ins_HumanRights_2_page_6,171.7,384.2,1217.0
1882472,stimulus_Ins_HumanRights_2_page_6,172.4,384.4,1217.0
1882473,stimulus_Ins_HumanRights_2_page_6,172.6,384.5,1216.0
1882474,stimulus_Ins_HumanRights_2_page_6,172.8,384.7,1215.0
1882475,stimulus_Ins_HumanRights_2_page_6,173.2,384.7,1215.0
1882476,stimulus_Ins_HumanRights_2_page_6,173.6,384.8,1214.0
1882477,stimulus_Ins_HumanRights_2_page_6,174.1,384.9,1214.0
1882478,stimulus_Ins_HumanRights_2_page_6,174.2,385.1,1213.0
1882479,stimulus_Ins_HumanRights_2_page_6,174.3,385.4,1213.0
1882480,stimulus_Ins_HumanRights_2_page_6,174.0,385.5,1213.0
1882481,stimulus_Ins_HumanRights_2_page_6,173.6,385.6,1213.0
1882482,stimulus_Ins_HumanRights_2_page_6,173.2,385.8,1213.0
1882483,stimulus_Ins_HumanRights_2_page_6,173.1,385.7,1213.0
1882484,stimulus_Ins_HumanRights_2_page_6,173.1,385.5,1213.0
1882485,stimulus_Ins_HumanRights_2_page_6,172.9,385.3,1213.0
1882486,stimulus_Ins_HumanRights_2_page_6,172.7,385.2,1212.0
1882487,stimulus_Ins_HumanRights_2_page_6,172.4,384.9,1212.0
1882488,stimulus_Ins_HumanRights_2_page_6,172.2,384.6,1212.0
1882489,stimulus_Ins_HumanRights_2_page_6,172.1,384.5,1213.0
1882490,stimulus_Ins_HumanRights_2_page_6,172.0,384.6,1213.0
1882491,stimulus_Ins_HumanRights_2_page_6,172.0,384.6,1213.0
1882492,stimulus_Ins_HumanRights_2_page_6,171.9,384.6,1213.0
1882493,stimulus_Ins_HumanRights_2_page_6,171.9,384.6,1213.0
1882494,stimulus_Ins_HumanRights_2_page_6,171.9,384.5,1212.0
1882495,stimulus_Ins_HumanRights_2_page_6,171.8,384.6,1212.0
1882496,stimulus_Ins_HumanRights_2_page_6,171.6,384.6,1212.0
1882497,stimulus_Ins_HumanRights_2_page_6,171.3,384.8,1212.0
1882498,stimulus_Ins_HumanRights_2_page_6,171.1,385.0,1212.0
1882499,stimulus_Ins_HumanRights_2_page_6,171.0,385.2,1212.0
1882500,stimulus_Ins_HumanRights_2_page_6,170.9,385.3,1212.0
1882501,stimulus_Ins_HumanRights_2_page_6,170.8,385.3,1212.0
1882502,stimulus_Ins_HumanRights_2_page_6,170.7,385.3,1213.0
1882503,stimulus_Ins_HumanRights_2_page_6,170.7,385.2,1213.0
1882504,stimulus_Ins_HumanRights_2_page_6,170.6,385.0,1213.0
1882505,stimulus_Ins_HumanRights_2_page_6,170.4,384.8,1213.0
1882506,stimulus_Ins_HumanRights_2_page_6,170.2,384.9,1214.0
1882507,stimulus_Ins_HumanRights_2_page_6,170.1,385.2,1215.0
1882508,stimulus_Ins_HumanRights_2_page_6,170.4,385.5,1216.0
1882509,stimulus_Ins_HumanRights_2_page_6,170.7,385.6,1216.0
1882510,stimulus_Ins_HumanRights_2_page_6,170.9,385.6,1216.0
1882511,stimulus_Ins_HumanRights_2_page_6,170.8,385.6,1215.0
1882512,stimulus_Ins_HumanRights_2_page_6,170.8,385.6,1215.0
1882513,stimulus_Ins_HumanRights_2_page_6,170.9,385.7,1215.0
1882514,stimulus_Ins_HumanRights_2_page_6,171.0,385.7,1215.0
1882515,stimulus_Ins_HumanRights_2_page_6,171.1,385.5,1216.0
1882516,stimulus_Ins_HumanRights_2_page_6,171.1,385.2,1218.0
1882517,stimulus_Ins_HumanRights_2_page_6,171.1,385.0,1219.0
1882518,stimulus_Ins_HumanRights_2_page_6,170.9,384.8,1220.0
1882519,stimulus_Ins_HumanRights_2_page_6,170.8,384.9,1220.0
1882520,stimulus_Ins_HumanRights_2_page_6,171.0,384.9,1219.0
1882521,stimulus_Ins_HumanRights_2_page_6,171.2,384.9,1219.0
1882522,stimulus_Ins_HumanRights_2_page_6,171.4,384.9,1218.0
1882523,stimulus_Ins_HumanRights_2_page_6,171.6,384.9,1218.0
1882524,stimulus_Ins_HumanRights_2_page_6,171.7,385.0,1219.0
1882525,stimulus_Ins_HumanRights_2_page_6,171.8,384.9,1222.0
1882526,stimulus_Ins_HumanRights_2_page_6,171.7,384.7,1225.0
1882527,stimulus_Ins_HumanRights_2_page_6,171.7,384.5,1226.0
1882528,stimulus_Ins_HumanRights_2_page_6,171.7,384.6,1225.0
1882529,stimulus_Ins_HumanRights_2_page_6,171.7,384.6,1224.0
1882530,stimulus_Ins_HumanRights_2_page_6,171.8,384.7,1224.0
1882531,stimulus_Ins_HumanRights_2_page_6,171.8,384.7,1223.0
1882532,stimulus_Ins_HumanRights_2_page_6,171.7,384.6,1223.0
1882533,stimulus_Ins_HumanRights_2_page_6,171.7,385.0,1223.0
1882534,stimulus_Ins_HumanRights_2_page_6,171.6,385.3,1224.0
1882535,stimulus_Ins_HumanRights_2_page_6,171.5,385.6,1225.0
1882536,stimulus_Ins_HumanRights_2_page_6,171.5,385.6,1226.0
1882537,stimulus_Ins_HumanRights_2_page_6,171.5,385.6,1227.0
1882538,stimulus_Ins_HumanRights_2_page_6,171.6,385.5,1226.0
1882539,stimulus_Ins_HumanRights_2_page_6,171.9,385.4,1226.0
1882540,stimulus_Ins_HumanRights_2_page_6,172.4,385.3,1225.0
1882541,stimulus_Ins_HumanRights_2_page_6,173.3,385.1,1225.0
1882542,stimulus_Ins_HumanRights_2_page_6,173.8,384.8,1226.0
1882543,stimulus_Ins_HumanRights_2_page_6,174.3,384.4,1227.0
1882544,stimulus_Ins_HumanRights_2_page_6,174.3,384.2,1228.0
1882545,stimulus_Ins_HumanRights_2_page_6,174.3,384.0,1229.0
1882546,stimulus_Ins_HumanRights_2_page_6,173.0,383.7,1228.0
1882547,stimulus_Ins_HumanRights_2_page_6,171.2,383.4,1227.0
1882548,stimulus_Ins_HumanRights_2_page_6,167.9,382.6,1226.0
1882549,stimulus_Ins_HumanRights_2_page_6,164.4,381.2,1226.0
1882550,stimulus_Ins_HumanRights_2_page_6,160.1,379.2,1227.0
1882551,stimulus_Ins_HumanRights_2_page_6,156.4,376.8,1229.0
1882552,stimulus_Ins_HumanRights_2_page_6,152.3,374.8,1229.0
1882553,stimulus_Ins_HumanRights_2_page_6,147.2,372.7,1228.0
1882554,stimulus_Ins_HumanRights_2_page_6,141.4,370.7,1229.0
1882555,stimulus_Ins_HumanRights_2_page_6,135.9,368.7,1230.0
1882556,stimulus_Ins_HumanRights_2_page_6,132.1,366.8,1231.0
1882557,stimulus_Ins_HumanRights_2_page_6,129.3,365.7,1230.0
1882558,stimulus_Ins_HumanRights_2_page_6,128.2,364.9,1228.0
1882559,stimulus_Ins_HumanRights_2_page_6,127.6,364.6,1228.0
1882560,stimulus_Ins_HumanRights_2_page_6,127.6,364.4,1228.0
1882561,stimulus_Ins_HumanRights_2_page_6,127.9,364.0,1228.0
1882562,stimulus_Ins_HumanRights_2_page_6,128.2,363.6,1229.0
1882563,stimulus_Ins_HumanRights_2_page_6,129.0,363.9,1229.0
1882564,stimulus_Ins_HumanRights_2_page_6,129.9,364.7,1228.0
1882565,stimulus_Ins_HumanRights_2_page_6,131.0,365.6,1229.0
1882566,stimulus_Ins_HumanRights_2_page_6,132.0,366.5,1231.0
1882567,stimulus_Ins_HumanRights_2_page_6,132.6,367.6,1232.0
1882568,stimulus_Ins_HumanRights_2_page_6,133.8,368.9,1232.0
1882569,stimulus_Ins_HumanRights_2_page_6,134.6,369.6,1231.0
1882570,stimulus_Ins_HumanRights_2_page_6,135.5,370.4,1232.0
1882571,stimulus_Ins_HumanRights_2_page_6,135.7,370.8,1233.0
1882572,stimulus_Ins_HumanRights_2_page_6,135.7,371.1,1234.0
1882573,stimulus_Ins_HumanRights_2_page_6,135.4,371.1,1234.0
1882574,stimulus_Ins_HumanRights_2_page_6,135.3,371.2,1235.0
1882575,stimulus_Ins_HumanRights_2_page_6,135.2,371.0,1236.0
1882576,stimulus_Ins_HumanRights_2_page_6,135.1,370.6,1238.0
1882577,stimulus_Ins_HumanRights_2_page_6,134.6,370.0,1239.0
1882578,stimulus_Ins_HumanRights_2_page_6,134.2,369.6,1240.0
1882579,stimulus_Ins_HumanRights_2_page_6,134.0,369.4,1239.0
1882580,stimulus_Ins_HumanRights_2_page_6,134.1,369.4,1236.0
1882581,stimulus_Ins_HumanRights_2_page_6,134.1,369.4,1234.0
1882582,stimulus_Ins_HumanRights_2_page_6,134.0,369.2,1234.0
1882583,stimulus_Ins_HumanRights_2_page_6,134.0,369.0,1235.0
1882584,stimulus_Ins_HumanRights_2_page_6,134.1,368.9,1236.0
1882585,stimulus_Ins_HumanRights_2_page_6,134.2,369.0,1237.0
1882586,stimulus_Ins_HumanRights_2_page_6,134.3,369.2,1236.0
1882587,stimulus_Ins_HumanRights_2_page_6,134.2,369.3,1236.0
1882588,stimulus_Ins_HumanRights_2_page_6,134.0,368.9,1236.0
1882589,stimulus_Ins_HumanRights_2_page_6,134.0,368.5,1236.0
1882590,stimulus_Ins_HumanRights_2_page_6,134.0,368.7,1235.0
1882591,stimulus_Ins_HumanRights_2_page_6,134.1,369.3,1235.0
1882592,stimulus_Ins_HumanRights_2_page_6,134.2,369.4,1235.0
1882593,stimulus_Ins_HumanRights_2_page_6,134.5,369.0,1235.0
1882594,stimulus_Ins_HumanRights_2_page_6,134.8,368.7,1236.0
1882595,stimulus_Ins_HumanRights_2_page_6,134.9,368.9,1236.0
1882596,stimulus_Ins_HumanRights_2_page_6,134.9,369.3,1236.0
1882597,stimulus_Ins_HumanRights_2_page_6,134.9,369.7,1237.0
1882598,stimulus_Ins_HumanRights_2_page_6,135.1,370.1,1237.0
1882599,stimulus_Ins_HumanRights_2_page_6,135.5,370.3,1236.0
1882600,stimulus_Ins_HumanRights_2_page_6,135.7,370.4,1236.0
1882601,stimulus_Ins_HumanRights_2_page_6,135.9,370.4,1235.0
1882602,stimulus_Ins_HumanRights_2_page_6,135.9,370.0,1235.0
1882603,stimulus_Ins_HumanRights_2_page_6,136.0,369.6,1235.0
1882604,stimulus_Ins_HumanRights_2_page_6,136.2,369.2,1235.0
1882605,stimulus_Ins_HumanRights_2_page_6,136.3,369.2,1236.0
1882606,stimulus_Ins_HumanRights_2_page_6,136.3,369.4,1237.0
1882607,stimulus_Ins_HumanRights_2_page_6,136.3,369.8,1237.0
1882608,stimulus_Ins_HumanRights_2_page_6,136.4,370.2,1236.0
1882609,stimulus_Ins_HumanRights_2_page_6,136.4,370.4,1236.0
1882610,stimulus_Ins_HumanRights_2_page_6,136.4,370.4,1235.0
1882611,stimulus_Ins_HumanRights_2_page_6,136.4,370.3,1234.0
1882612,stimulus_Ins_HumanRights_2_page_6,136.4,370.1,1233.0
1882613,stimulus_Ins_HumanRights_2_page_6,136.6,370.0,1233.0
1882614,stimulus_Ins_HumanRights_2_page_6,136.6,369.9,1234.0
1882615,stimulus_Ins_HumanRights_2_page_6,136.5,369.9,1235.0
1882616,stimulus_Ins_HumanRights_2_page_6,136.4,369.8,1237.0
1882617,stimulus_Ins_HumanRights_2_page_6,136.4,369.7,1238.0
1882618,stimulus_Ins_HumanRights_2_page_6,136.3,369.9,1237.0
1882619,stimulus_Ins_HumanRights_2_page_6,136.2,370.2,1237.0
1882620,stimulus_Ins_HumanRights_2_page_6,135.8,370.4,1236.0
1882621,stimulus_Ins_HumanRights_2_page_6,135.5,370.3,1236.0
1882622,stimulus_Ins_HumanRights_2_page_6,135.5,370.3,1237.0
1882623,stimulus_Ins_HumanRights_2_page_6,135.8,370.2,1238.0
1882624,stimulus_Ins_HumanRights_2_page_6,136.0,370.2,1239.0
1882625,stimulus_Ins_HumanRights_2_page_6,136.0,370.2,1238.0
1882626,stimulus_Ins_HumanRights_2_page_6,136.1,370.5,1237.0
1882627,stimulus_Ins_HumanRights_2_page_6,136.1,370.7,1236.0
1882628,stimulus_Ins_HumanRights_2_page_6,136.2,371.0,1236.0
1882629,stimulus_Ins_HumanRights_2_page_6,136.3,371.0,1236.0
1882630,stimulus_Ins_HumanRights_2_page_6,136.3,370.8,1236.0
1882631,stimulus_Ins_HumanRights_2_page_6,136.4,370.7,1236.0
1882632,stimulus_Ins_HumanRights_2_page_6,136.6,370.5,1236.0
1882633,stimulus_Ins_HumanRights_2_page_6,136.7,370.4,1236.0
1882634,stimulus_Ins_HumanRights_2_page_6,136.7,370.6,1236.0
1882635,stimulus_Ins_HumanRights_2_page_6,136.2,370.8,1236.0
1882636,stimulus_Ins_HumanRights_2_page_6,135.8,370.9,1236.0
1882637,stimulus_Ins_HumanRights_2_page_6,135.3,370.8,1236.0
1882638,stimulus_Ins_HumanRights_2_page_6,135.0,371.0,1236.0
1882639,stimulus_Ins_HumanRights_2_page_6,134.7,371.3,1236.0
1882640,stimulus_Ins_HumanRights_2_page_6,134.8,371.5,1236.0
1882641,stimulus_Ins_HumanRights_2_page_6,135.2,371.5,1236.0
1882642,stimulus_Ins_HumanRights_2_page_6,135.6,371.3,1235.0
1882643,stimulus_Ins_HumanRights_2_page_6,135.9,371.1,1236.0
1882644,stimulus_Ins_HumanRights_2_page_6,135.9,370.8,1237.0
1882645,stimulus_Ins_HumanRights_2_page_6,135.8,370.7,1237.0
1882646,stimulus_Ins_HumanRights_2_page_6,135.7,370.7,1237.0
1882647,stimulus_Ins_HumanRights_2_page_6,135.7,370.7,1237.0
1882648,stimulus_Ins_HumanRights_2_page_6,135.8,370.7,1237.0
1882649,stimulus_Ins_HumanRights_2_page_6,135.9,370.6,1237.0
1882650,stimulus_Ins_HumanRights_2_page_6,135.9,370.4,1237.0
1882651,stimulus_Ins_HumanRights_2_page_6,135.6,370.4,1237.0
1882652,stimulus_Ins_HumanRights_2_page_6,135.3,370.5,1237.0
1882653,stimulus_Ins_HumanRights_2_page_6,135.0,370.6,1238.0
1882654,stimulus_Ins_HumanRights_2_page_6,135.5,370.7,1239.0
1882655,stimulus_Ins_HumanRights_2_page_6,136.0,370.8,1240.0
1882656,stimulus_Ins_HumanRights_2_page_6,136.5,370.8,1240.0
1882657,stimulus_Ins_HumanRights_2_page_6,136.5,371.1,1241.0
1882658,stimulus_Ins_HumanRights_2_page_6,136.5,371.3,1241.0
1882659,stimulus_Ins_HumanRights_2_page_6,136.5,371.5,1241.0
1882660,stimulus_Ins_HumanRights_2_page_6,136.3,371.4,1240.0
1882661,stimulus_Ins_HumanRights_2_page_6,136.1,371.3,1239.0
1882662,stimulus_Ins_HumanRights_2_page_6,135.8,371.1,1237.0
1882663,stimulus_Ins_HumanRights_2_page_6,135.8,370.8,1236.0
1882664,stimulus_Ins_HumanRights_2_page_6,135.9,370.5,1238.0
1882665,stimulus_Ins_HumanRights_2_page_6,136.0,370.7,1240.0
1882666,stimulus_Ins_HumanRights_2_page_6,136.1,371.0,1242.0
1882667,stimulus_Ins_HumanRights_2_page_6,136.1,371.1,1241.0
1882668,stimulus_Ins_HumanRights_2_page_6,136.2,371.0,1241.0
1882669,stimulus_Ins_HumanRights_2_page_6,136.3,370.8,1241.0
1882670,stimulus_Ins_HumanRights_2_page_6,136.3,371.0,1240.0
1882671,stimulus_Ins_HumanRights_2_page_6,136.2,371.2,1239.0
1882672,stimulus_Ins_HumanRights_2_page_6,135.8,371.4,1239.0
1882673,stimulus_Ins_HumanRights_2_page_6,135.5,371.5,1240.0
1882674,stimulus_Ins_HumanRights_2_page_6,135.4,371.5,1240.0
1882675,stimulus_Ins_HumanRights_2_page_6,135.5,371.5,1241.0
1882676,stimulus_Ins_HumanRights_2_page_6,135.7,371.3,1241.0
1882677,stimulus_Ins_HumanRights_2_page_6,135.5,371.0,1241.0
1882678,stimulus_Ins_HumanRights_2_page_6,135.0,370.7,1241.0
1882679,stimulus_Ins_HumanRights_2_page_6,134.9,370.6,1241.0
1882680,stimulus_Ins_HumanRights_2_page_6,135.2,370.7,1241.0
1882681,stimulus_Ins_HumanRights_2_page_6,135.2,371.0,1241.0
1882682,stimulus_Ins_HumanRights_2_page_6,135.0,371.3,1240.0
1882683,stimulus_Ins_HumanRights_2_page_6,134.8,371.1,1240.0
1882684,stimulus_Ins_HumanRights_2_page_6,134.9,370.8,1240.0
1882685,stimulus_Ins_HumanRights_2_page_6,134.8,370.6,1241.0
1882686,stimulus_Ins_HumanRights_2_page_6,134.4,370.7,1241.0
1882687,stimulus_Ins_HumanRights_2_page_6,133.9,370.9,1241.0
1882688,stimulus_Ins_HumanRights_2_page_6,133.6,371.0,1241.0
1882689,stimulus_Ins_HumanRights_2_page_6,133.7,371.1,1241.0
1882690,stimulus_Ins_HumanRights_2_page_6,133.8,370.9,1240.0
1882691,stimulus_Ins_HumanRights_2_page_6,133.7,370.5,1239.0
1882692,stimulus_Ins_HumanRights_2_page_6,133.7,370.2,1239.0
1882693,stimulus_Ins_HumanRights_2_page_6,133.6,370.5,1240.0
1882694,stimulus_Ins_HumanRights_2_page_6,133.6,370.7,1241.0
1882695,stimulus_Ins_HumanRights_2_page_6,133.5,370.7,1241.0
1882696,stimulus_Ins_HumanRights_2_page_6,133.5,370.4,1242.0
1882697,stimulus_Ins_HumanRights_2_page_6,133.5,370.2,1243.0
1882698,stimulus_Ins_HumanRights_2_page_6,133.6,370.4,1243.0
1882699,stimulus_Ins_HumanRights_2_page_6,133.5,370.6,1243.0
1882700,stimulus_Ins_HumanRights_2_page_6,133.2,370.8,1243.0
1882701,stimulus_Ins_HumanRights_2_page_6,133.0,370.8,1244.0
1882702,stimulus_Ins_HumanRights_2_page_6,132.9,370.8,1244.0
1882703,stimulus_Ins_HumanRights_2_page_6,132.8,370.8,1244.0
1882704,stimulus_Ins_HumanRights_2_page_6,132.6,370.9,1244.0
1882705,stimulus_Ins_HumanRights_2_page_6,132.5,370.9,1244.0
1882706,stimulus_Ins_HumanRights_2_page_6,132.4,370.9,1243.0
1882707,stimulus_Ins_HumanRights_2_page_6,132.4,370.8,1242.0
1882708,stimulus_Ins_HumanRights_2_page_6,132.5,370.7,1242.0
1882709,stimulus_Ins_HumanRights_2_page_6,132.8,370.8,1241.0
1882710,stimulus_Ins_HumanRights_2_page_6,133.2,370.8,1241.0
1882711,stimulus_Ins_HumanRights_2_page_6,133.5,370.8,1242.0
1882712,stimulus_Ins_HumanRights_2_page_6,133.3,371.0,1243.0
1882713,stimulus_Ins_HumanRights_2_page_6,132.9,371.2,1243.0
1882714,stimulus_Ins_HumanRights_2_page_6,132.6,371.3,1243.0
1882715,stimulus_Ins_HumanRights_2_page_6,132.6,371.3,1242.0
1882716,stimulus_Ins_HumanRights_2_page_6,132.6,371.4,1242.0
1882717,stimulus_Ins_HumanRights_2_page_6,132.4,371.6,1242.0
1882718,stimulus_Ins_HumanRights_2_page_6,132.1,372.0,1243.0
1882719,stimulus_Ins_HumanRights_2_page_6,131.9,372.2,1243.0
1882720,stimulus_Ins_HumanRights_2_page_6,132.0,372.3,1243.0
1882721,stimulus_Ins_HumanRights_2_page_6,132.2,372.2,1243.0
1882722,stimulus_Ins_HumanRights_2_page_6,132.4,372.0,1244.0
1882723,stimulus_Ins_HumanRights_2_page_6,132.4,371.9,1244.0
1882724,stimulus_Ins_HumanRights_2_page_6,132.3,371.7,1245.0
1882725,stimulus_Ins_HumanRights_2_page_6,132.4,371.4,1245.0
1882726,stimulus_Ins_HumanRights_2_page_6,132.5,371.5,1245.0
1882727,stimulus_Ins_HumanRights_2_page_6,132.6,371.8,1245.0
1882728,stimulus_Ins_HumanRights_2_page_6,132.5,372.2,1245.0
1882729,stimulus_Ins_HumanRights_2_page_6,132.5,372.2,1245.0
1882730,stimulus_Ins_HumanRights_2_page_6,132.5,372.2,1245.0
1882731,stimulus_Ins_HumanRights_2_page_6,132.5,372.2,1246.0
1882732,stimulus_Ins_HumanRights_2_page_6,132.7,372.2,1246.0
1882733,stimulus_Ins_HumanRights_2_page_6,132.9,372.2,1246.0
1882734,stimulus_Ins_HumanRights_2_page_6,132.9,372.3,1248.0
1882735,stimulus_Ins_HumanRights_2_page_6,132.6,372.4,1249.0
1882736,stimulus_Ins_HumanRights_2_page_6,132.4,372.4,1250.0
1882737,stimulus_Ins_HumanRights_2_page_6,132.3,372.3,1249.0
1882738,stimulus_Ins_HumanRights_2_page_6,131.8,372.6,1249.0
1882739,stimulus_Ins_HumanRights_2_page_6,130.9,373.0,1249.0
1882740,stimulus_Ins_HumanRights_2_page_6,129.6,373.6,1249.0
1882741,stimulus_Ins_HumanRights_2_page_6,128.7,374.1,1249.0
1882742,stimulus_Ins_HumanRights_2_page_6,128.2,374.4,1246.0
1882743,stimulus_Ins_HumanRights_2_page_6,129.7,374.2,1243.0
1882744,stimulus_Ins_HumanRights_2_page_6,133.1,372.9,1241.0
1882745,stimulus_Ins_HumanRights_2_page_6,137.9,370.5,1242.0
1882746,stimulus_Ins_HumanRights_2_page_6,142.2,367.9,1244.0
1882747,stimulus_Ins_HumanRights_2_page_6,146.5,364.4,1246.0
1882748,stimulus_Ins_HumanRights_2_page_6,152.3,359.8,1249.0
1882749,stimulus_Ins_HumanRights_2_page_6,159.8,353.5,1251.0
1882750,stimulus_Ins_HumanRights_2_page_6,167.9,346.4,1253.0
1882751,stimulus_Ins_HumanRights_2_page_6,175.4,340.2,1255.0
1882752,stimulus_Ins_HumanRights_2_page_6,183.2,334.8,1256.0
1882753,stimulus_Ins_HumanRights_2_page_6,192.0,330.6,1257.0
1882754,stimulus_Ins_HumanRights_2_page_6,200.2,326.3,1258.0
1882755,stimulus_Ins_HumanRights_2_page_6,208.1,322.4,1260.0
1882756,stimulus_Ins_HumanRights_2_page_6,215.3,319.2,1261.0
1882757,stimulus_Ins_HumanRights_2_page_6,223.8,315.9,1261.0
1882758,stimulus_Ins_HumanRights_2_page_6,231.4,312.3,1261.0
1882759,stimulus_Ins_HumanRights_2_page_6,239.5,308.0,1261.0
1882760,stimulus_Ins_HumanRights_2_page_6,247.0,304.5,1260.0
1882761,stimulus_Ins_HumanRights_2_page_6,256.0,302.4,1258.0
1882762,stimulus_Ins_HumanRights_2_page_6,264.6,300.4,1256.0
1882763,stimulus_Ins_HumanRights_2_page_6,274.7,299.0,1256.0
1882764,stimulus_Ins_HumanRights_2_page_6,283.9,295.8,1255.0
1882765,stimulus_Ins_HumanRights_2_page_6,293.8,291.8,1256.0
1882766,stimulus_Ins_HumanRights_2_page_6,303.2,285.0,1256.0
1882767,stimulus_Ins_HumanRights_2_page_6,313.2,278.2,1256.0
1882768,stimulus_Ins_HumanRights_2_page_6,322.7,272.1,1256.0
1882769,stimulus_Ins_HumanRights_2_page_6,332.5,267.8,1256.0
1882770,stimulus_Ins_HumanRights_2_page_6,341.6,265.3,1254.0
1882771,stimulus_Ins_HumanRights_2_page_6,350.1,262.3,1253.0
1882772,stimulus_Ins_HumanRights_2_page_6,358.6,259.2,1250.0
1882773,stimulus_Ins_HumanRights_2_page_6,366.8,255.6,1248.0
1882774,stimulus_Ins_HumanRights_2_page_6,374.9,252.0,1245.0
1882775,stimulus_Ins_HumanRights_2_page_6,382.9,247.2,1243.0
1882776,stimulus_Ins_HumanRights_2_page_6,392.9,240.8,1242.0
1882777,stimulus_Ins_HumanRights_2_page_6,400.9,234.8,1240.0
1882778,stimulus_Ins_HumanRights_2_page_6,409.8,230.9,1237.0
1882779,stimulus_Ins_HumanRights_2_page_6,417.8,228.2,1236.0
1882780,stimulus_Ins_HumanRights_2_page_6,427.8,225.9,1237.0
1882781,stimulus_Ins_HumanRights_2_page_6,436.2,222.3,1238.0
1882782,stimulus_Ins_HumanRights_2_page_6,445.0,218.5,1237.0
1882783,stimulus_Ins_HumanRights_2_page_6,454.7,214.3,1234.0
1882784,stimulus_Ins_HumanRights_2_page_6,464.3,210.0,1231.0
1882785,stimulus_Ins_HumanRights_2_page_6,472.9,205.2,1230.0
1882786,stimulus_Ins_HumanRights_2_page_6,479.7,200.6,1229.0
1882787,stimulus_Ins_HumanRights_2_page_6,488.0,197.7,1229.0
1882788,stimulus_Ins_HumanRights_2_page_6,497.1,196.3,1230.0
1882789,stimulus_Ins_HumanRights_2_page_6,505.1,195.0,1230.0
1882790,stimulus_Ins_HumanRights_2_page_6,511.8,193.5,1229.0
1882791,stimulus_Ins_HumanRights_2_page_6,516.5,192.3,1229.0
1882792,stimulus_Ins_HumanRights_2_page_6,522.5,191.4,1228.0
1882793,stimulus_Ins_HumanRights_2_page_6,528.1,190.4,1226.0
1882794,stimulus_Ins_HumanRights_2_page_6,534.6,188.8,1224.0
1882795,stimulus_Ins_HumanRights_2_page_6,539.5,186.7,1222.0
1882796,stimulus_Ins_HumanRights_2_page_6,543.4,184.7,1223.0
1882797,stimulus_Ins_HumanRights_2_page_6,546.9,183.0,1225.0
1882798,stimulus_Ins_HumanRights_2_page_6,552.1,181.7,1226.0
1882799,stimulus_Ins_HumanRights_2_page_6,557.5,180.1,1228.0
1882800,stimulus_Ins_HumanRights_2_page_6,561.9,178.9,1228.0
1882801,stimulus_Ins_HumanRights_2_page_6,565.6,177.6,1227.0
1882802,stimulus_Ins_HumanRights_2_page_6,569.0,176.2,1227.0
1882803,stimulus_Ins_HumanRights_2_page_6,572.7,174.0,1227.0
1882804,stimulus_Ins_HumanRights_2_page_6,576.1,171.9,1227.0
1882805,stimulus_Ins_HumanRights_2_page_6,579.4,170.4,1227.0
1882806,stimulus_Ins_HumanRights_2_page_6,582.0,169.8,1228.0
1882807,stimulus_Ins_HumanRights_2_page_6,584.4,169.7,1228.0
1882808,stimulus_Ins_HumanRights_2_page_6,586.7,169.4,1228.0
1882809,stimulus_Ins_HumanRights_2_page_6,589.8,169.0,1227.0
1882810,stimulus_Ins_HumanRights_2_page_6,592.1,169.2,1227.0
1882811,stimulus_Ins_HumanRights_2_page_6,594.7,169.9,1227.0
1882812,stimulus_Ins_HumanRights_2_page_6,595.9,170.8,1230.0
1882813,stimulus_Ins_HumanRights_2_page_6,596.7,171.0,1232.0
1882814,stimulus_Ins_HumanRights_2_page_6,597.1,171.1,1233.0
1882815,stimulus_Ins_HumanRights_2_page_6,597.4,171.1,1235.0
1882816,stimulus_Ins_HumanRights_2_page_6,597.6,171.3,1238.0
1882817,stimulus_Ins_HumanRights_2_page_6,597.6,171.6,1241.0
1882818,stimulus_Ins_HumanRights_2_page_6,597.6,172.2,1241.0
1882819,stimulus_Ins_HumanRights_2_page_6,597.7,172.7,1241.0
1882820,stimulus_Ins_HumanRights_2_page_6,597.7,172.5,1242.0
1882821,stimulus_Ins_HumanRights_2_page_6,597.7,172.0,1242.0
1882822,stimulus_Ins_HumanRights_2_page_6,597.8,171.0,1241.0
1882823,stimulus_Ins_HumanRights_2_page_6,597.9,170.4,1241.0
1882824,stimulus_Ins_HumanRights_2_page_6,598.1,169.7,1241.0
1882825,stimulus_Ins_HumanRights_2_page_6,598.3,169.4,1241.0
1882826,stimulus_Ins_HumanRights_2_page_6,598.4,169.3,1242.0
1882827,stimulus_Ins_HumanRights_2_page_6,598.4,169.4,1242.0
1882828,stimulus_Ins_HumanRights_2_page_6,598.4,169.4,1242.0
1882829,stimulus_Ins_HumanRights_2_page_6,598.4,169.3,1241.0
1882830,stimulus_Ins_HumanRights_2_page_6,598.5,169.0,1240.0
1882831,stimulus_Ins_HumanRights_2_page_6,598.6,168.7,1238.0
1882832,stimulus_Ins_HumanRights_2_page_6,598.7,168.6,1237.0
1882833,stimulus_Ins_HumanRights_2_page_6,599.0,168.7,1236.0
1882834,stimulus_Ins_HumanRights_2_page_6,599.3,168.8,1238.0
1882835,stimulus_Ins_HumanRights_2_page_6,599.5,168.8,1239.0
1882836,stimulus_Ins_HumanRights_2_page_6,599.2,168.8,1241.0
1882837,stimulus_Ins_HumanRights_2_page_6,599.0,168.7,1241.0
1882838,stimulus_Ins_HumanRights_2_page_6,598.8,168.7,1241.0
1882839,stimulus_Ins_HumanRights_2_page_6,599.1,168.6,1241.0
1882840,stimulus_Ins_HumanRights_2_page_6,599.4,168.6,1241.0
1882841,stimulus_Ins_HumanRights_2_page_6,599.6,168.6,1240.0
1882842,stimulus_Ins_HumanRights_2_page_6,599.5,168.7,1240.0
1882843,stimulus_Ins_HumanRights_2_page_6,599.4,168.9,1240.0
1882844,stimulus_Ins_HumanRights_2_page_6,599.3,169.0,1241.0
1882845,stimulus_Ins_HumanRights_2_page_6,599.2,169.0,1243.0
1882846,stimulus_Ins_HumanRights_2_page_6,599.1,168.8,1244.0
1882847,stimulus_Ins_HumanRights_2_page_6,598.8,168.7,1244.0
1882848,stimulus_Ins_HumanRights_2_page_6,598.7,168.6,1243.0
1882849,stimulus_Ins_HumanRights_2_page_6,598.4,168.5,1243.0
1882850,stimulus_Ins_HumanRights_2_page_6,598.3,168.5,1243.0
1882851,stimulus_Ins_HumanRights_2_page_6,598.3,168.9,1243.0
1882852,stimulus_Ins_HumanRights_2_page_6,598.5,169.5,1243.0
1882853,stimulus_Ins_HumanRights_2_page_6,598.5,170.1,1243.0
1882854,stimulus_Ins_HumanRights_2_page_6,598.4,170.3,1244.0
1882855,stimulus_Ins_HumanRights_2_page_6,598.3,170.3,1245.0
1882856,stimulus_Ins_HumanRights_2_page_6,598.3,170.1,1245.0
1882857,stimulus_Ins_HumanRights_2_page_6,598.3,170.1,1246.0
1882858,stimulus_Ins_HumanRights_2_page_6,598.1,170.1,1245.0
1882859,stimulus_Ins_HumanRights_2_page_6,598.0,170.3,1245.0
1882860,stimulus_Ins_HumanRights_2_page_6,597.9,170.4,1243.0
1882861,stimulus_Ins_HumanRights_2_page_6,598.0,170.6,1242.0
1882862,stimulus_Ins_HumanRights_2_page_6,598.0,170.7,1242.0
1882863,stimulus_Ins_HumanRights_2_page_6,598.0,170.7,1242.0
1882864,stimulus_Ins_HumanRights_2_page_6,597.9,170.8,1242.0
1882865,stimulus_Ins_HumanRights_2_page_6,598.4,170.8,1242.0
1882866,stimulus_Ins_HumanRights_2_page_6,598.8,170.7,1243.0
1882867,stimulus_Ins_HumanRights_2_page_6,599.3,170.9,1243.0
1882868,stimulus_Ins_HumanRights_2_page_6,599.2,171.2,1243.0
1882869,stimulus_Ins_HumanRights_2_page_6,599.2,171.5,1242.0
1882870,stimulus_Ins_HumanRights_2_page_6,598.8,171.6,1241.0
1882871,stimulus_Ins_HumanRights_2_page_6,598.5,171.5,1240.0
1882872,stimulus_Ins_HumanRights_2_page_6,598.1,171.4,1240.0
1882873,stimulus_Ins_HumanRights_2_page_6,598.0,171.4,1243.0
1882874,stimulus_Ins_HumanRights_2_page_6,598.4,171.7,1245.0
1882875,stimulus_Ins_HumanRights_2_page_6,598.7,172.0,1247.0
1882876,stimulus_Ins_HumanRights_2_page_6,599.1,172.0,1247.0
1882877,stimulus_Ins_HumanRights_2_page_6,599.2,171.5,1247.0
1882878,stimulus_Ins_HumanRights_2_page_6,599.5,171.0,1247.0
1882879,stimulus_Ins_HumanRights_2_page_6,599.8,171.0,1246.0
1882880,stimulus_Ins_HumanRights_2_page_6,599.9,171.3,1245.0
1882881,stimulus_Ins_HumanRights_2_page_6,599.9,171.8,1245.0
1882882,stimulus_Ins_HumanRights_2_page_6,599.9,171.8,1245.0
1882883,stimulus_Ins_HumanRights_2_page_6,599.9,171.8,1247.0
1882884,stimulus_Ins_HumanRights_2_page_6,600.0,171.6,1248.0
1882885,stimulus_Ins_HumanRights_2_page_6,600.1,171.5,1249.0
1882886,stimulus_Ins_HumanRights_2_page_6,600.2,171.7,1250.0
1882887,stimulus_Ins_HumanRights_2_page_6,600.2,172.1,1252.0
1882888,stimulus_Ins_HumanRights_2_page_6,599.9,172.6,1252.0
1882889,stimulus_Ins_HumanRights_2_page_6,599.6,173.3,1253.0
1882890,stimulus_Ins_HumanRights_2_page_6,599.3,173.7,1251.0
1882891,stimulus_Ins_HumanRights_2_page_6,599.4,174.1,1249.0
1882892,stimulus_Ins_HumanRights_2_page_6,599.5,174.1,1248.0
1882893,stimulus_Ins_HumanRights_2_page_6,599.5,174.0,1248.0
1882894,stimulus_Ins_HumanRights_2_page_6,599.5,174.0,1249.0
1882895,stimulus_Ins_HumanRights_2_page_6,599.5,173.9,1250.0
1882896,stimulus_Ins_HumanRights_2_page_6,599.4,173.9,1251.0
1882897,stimulus_Ins_HumanRights_2_page_6,599.2,174.0,1252.0
1882898,stimulus_Ins_HumanRights_2_page_6,599.0,174.1,1250.0
1882899,stimulus_Ins_HumanRights_2_page_6,598.9,174.0,1249.0
1882900,stimulus_Ins_HumanRights_2_page_6,598.9,173.8,1250.0
1882901,stimulus_Ins_HumanRights_2_page_6,598.8,173.6,1251.0
1882902,stimulus_Ins_HumanRights_2_page_6,598.8,173.5,1251.0
1882903,stimulus_Ins_HumanRights_2_page_6,599.1,174.0,1249.0
1882904,stimulus_Ins_HumanRights_2_page_6,599.3,174.6,1248.0
1882905,stimulus_Ins_HumanRights_2_page_6,599.5,174.9,1247.0
1882906,stimulus_Ins_HumanRights_2_page_6,599.4,174.6,1247.0
1882907,stimulus_Ins_HumanRights_2_page_6,599.3,174.6,1246.0
1882908,stimulus_Ins_HumanRights_2_page_6,599.4,174.9,1247.0
1882909,stimulus_Ins_HumanRights_2_page_6,599.2,175.0,1248.0
1882910,stimulus_Ins_HumanRights_2_page_6,599.0,174.8,1249.0
1882911,stimulus_Ins_HumanRights_2_page_6,599.0,174.6,1250.0
1882912,stimulus_Ins_HumanRights_2_page_6,599.0,174.7,1251.0
1882913,stimulus_Ins_HumanRights_2_page_6,599.3,174.7,1251.0
1882914,stimulus_Ins_HumanRights_2_page_6,599.5,174.9,1253.0
1882915,stimulus_Ins_HumanRights_2_page_6,599.6,175.0,1256.0
1882916,stimulus_Ins_HumanRights_2_page_6,599.7,174.9,1258.0
1882917,stimulus_Ins_HumanRights_2_page_6,599.7,174.7,1257.0
1882918,stimulus_Ins_HumanRights_2_page_6,599.4,174.6,1255.0
1882919,stimulus_Ins_HumanRights_2_page_6,599.1,174.7,1253.0
1882920,stimulus_Ins_HumanRights_2_page_6,598.9,175.0,1251.0
1882921,stimulus_Ins_HumanRights_2_page_6,598.7,175.1,1250.0
1882922,stimulus_Ins_HumanRights_2_page_6,598.5,175.2,1250.0
1882923,stimulus_Ins_HumanRights_2_page_6,598.5,175.2,1250.0
1882924,stimulus_Ins_HumanRights_2_page_6,598.7,175.2,1252.0
1882925,stimulus_Ins_HumanRights_2_page_6,598.7,175.2,1254.0
1882926,stimulus_Ins_HumanRights_2_page_6,598.5,175.2,1255.0
1882927,stimulus_Ins_HumanRights_2_page_6,598.2,175.2,1254.0
1882928,stimulus_Ins_HumanRights_2_page_6,598.2,175.4,1253.0
1882929,stimulus_Ins_HumanRights_2_page_6,598.1,175.7,1252.0
1882930,stimulus_Ins_HumanRights_2_page_6,598.0,176.1,1253.0
1882931,stimulus_Ins_HumanRights_2_page_6,597.7,176.0,1254.0
1882932,stimulus_Ins_HumanRights_2_page_6,597.4,175.3,1255.0
1882933,stimulus_Ins_HumanRights_2_page_6,597.1,174.6,1255.0
1882934,stimulus_Ins_HumanRights_2_page_6,597.0,174.2,1254.0
1882935,stimulus_Ins_HumanRights_2_page_6,596.9,174.1,1254.0
1882936,stimulus_Ins_HumanRights_2_page_6,596.9,173.9,1254.0
1882937,stimulus_Ins_HumanRights_2_page_6,596.8,174.0,1254.0
1882938,stimulus_Ins_HumanRights_2_page_6,596.9,174.8,1255.0
1882939,stimulus_Ins_HumanRights_2_page_6,596.9,175.7,1255.0
1882940,stimulus_Ins_HumanRights_2_page_6,596.7,176.3,1255.0
1882941,stimulus_Ins_HumanRights_2_page_6,596.6,175.8,1255.0
1882942,stimulus_Ins_HumanRights_2_page_6,596.4,175.2,1255.0
1882943,stimulus_Ins_HumanRights_2_page_6,596.8,174.9,1257.0
1882944,stimulus_Ins_HumanRights_2_page_6,597.1,175.1,1258.0
1882945,stimulus_Ins_HumanRights_2_page_6,597.3,175.3,1259.0
1882946,stimulus_Ins_HumanRights_2_page_6,597.2,175.1,1260.0
1882947,stimulus_Ins_HumanRights_2_page_6,596.9,175.4,1260.0
1882948,stimulus_Ins_HumanRights_2_page_6,596.8,175.7,1260.0
1882949,stimulus_Ins_HumanRights_2_page_6,596.6,176.0,1259.0
1882950,stimulus_Ins_HumanRights_2_page_6,596.6,175.8,1259.0
1882951,stimulus_Ins_HumanRights_2_page_6,596.5,175.7,1258.0
1882952,stimulus_Ins_HumanRights_2_page_6,596.5,175.5,1257.0
1882953,stimulus_Ins_HumanRights_2_page_6,596.4,175.4,1259.0
1882954,stimulus_Ins_HumanRights_2_page_6,596.1,175.4,1260.0
1882955,stimulus_Ins_HumanRights_2_page_6,595.9,175.4,1262.0
1882956,stimulus_Ins_HumanRights_2_page_6,595.7,175.4,1262.0
1882957,stimulus_Ins_HumanRights_2_page_6,595.6,175.7,1262.0
1882958,stimulus_Ins_HumanRights_2_page_6,595.6,176.0,1263.0
1882959,stimulus_Ins_HumanRights_2_page_6,595.6,176.5,1263.0
1882960,stimulus_Ins_HumanRights_2_page_6,595.6,176.9,1264.0
1882961,stimulus_Ins_HumanRights_2_page_6,595.6,177.2,1264.0
1882962,stimulus_Ins_HumanRights_2_page_6,595.6,177.3,1263.0
1882963,stimulus_Ins_HumanRights_2_page_6,595.6,177.2,1261.0
1882964,stimulus_Ins_HumanRights_2_page_6,595.4,177.1,1259.0
1882965,stimulus_Ins_HumanRights_2_page_6,595.3,176.9,1258.0
1882966,stimulus_Ins_HumanRights_2_page_6,595.2,176.7,1259.0
1882967,stimulus_Ins_HumanRights_2_page_6,595.0,176.5,1260.0
1882968,stimulus_Ins_HumanRights_2_page_6,594.7,176.8,1260.0
1882969,stimulus_Ins_HumanRights_2_page_6,594.3,177.0,1259.0
1882970,stimulus_Ins_HumanRights_2_page_6,594.4,177.4,1258.0
1882971,stimulus_Ins_HumanRights_2_page_6,594.5,177.5,1258.0
1882972,stimulus_Ins_HumanRights_2_page_6,594.5,177.7,1259.0
1882973,stimulus_Ins_HumanRights_2_page_6,594.5,177.9,1259.0
1882974,stimulus_Ins_HumanRights_2_page_6,594.7,178.2,1259.0
1882975,stimulus_Ins_HumanRights_2_page_6,595.0,178.4,1261.0
1882976,stimulus_Ins_HumanRights_2_page_6,595.1,178.8,1263.0
1882977,stimulus_Ins_HumanRights_2_page_6,595.0,179.1,1265.0
1882978,stimulus_Ins_HumanRights_2_page_6,594.6,179.2,1265.0
1882979,stimulus_Ins_HumanRights_2_page_6,594.3,179.2,1265.0
1882980,stimulus_Ins_HumanRights_2_page_6,594.0,179.2,1264.0
1882981,stimulus_Ins_HumanRights_2_page_6,594.0,179.2,1263.0
1882982,stimulus_Ins_HumanRights_2_page_6,594.0,179.5,1262.0
1882983,stimulus_Ins_HumanRights_2_page_6,594.2,179.8,1263.0
1882984,stimulus_Ins_HumanRights_2_page_6,594.4,180.1,1265.0
1882985,stimulus_Ins_HumanRights_2_page_6,594.5,180.1,1267.0
1882986,stimulus_Ins_HumanRights_2_page_6,594.4,180.2,1267.0
1882987,stimulus_Ins_HumanRights_2_page_6,594.2,180.4,1265.0
1882988,stimulus_Ins_HumanRights_2_page_6,594.1,180.5,1264.0
1882989,stimulus_Ins_HumanRights_2_page_6,594.3,180.6,1265.0
1882990,stimulus_Ins_HumanRights_2_page_6,594.6,180.6,1266.0
1882991,stimulus_Ins_HumanRights_2_page_6,594.7,180.6,1266.0
1882992,stimulus_Ins_HumanRights_2_page_6,594.6,180.6,1266.0
1882993,stimulus_Ins_HumanRights_2_page_6,594.5,180.5,1266.0
1882994,stimulus_Ins_HumanRights_2_page_6,594.4,180.3,1266.0
1882995,stimulus_Ins_HumanRights_2_page_6,594.4,180.0,1267.0
1882996,stimulus_Ins_HumanRights_2_page_6,594.4,180.1,1267.0
1882997,stimulus_Ins_HumanRights_2_page_6,594.3,180.1,1268.0
1882998,stimulus_Ins_HumanRights_2_page_6,594.4,180.4,1268.0
1882999,stimulus_Ins_HumanRights_2_page_6,594.5,180.7,1268.0
1883000,stimulus_Ins_HumanRights_2_page_6,594.6,181.0,1268.0
1883001,stimulus_Ins_HumanRights_2_page_6,594.7,181.0,1269.0
1883002,stimulus_Ins_HumanRights_2_page_6,594.7,181.0,1269.0
1883003,stimulus_Ins_HumanRights_2_page_6,594.7,181.0,1269.0
1883004,stimulus_Ins_HumanRights_2_page_6,594.7,181.0,1269.0
1883005,stimulus_Ins_HumanRights_2_page_6,594.7,181.1,1269.0
1883006,stimulus_Ins_HumanRights_2_page_6,594.5,181.2,1269.0
1883007,stimulus_Ins_HumanRights_2_page_6,594.3,181.2,1269.0
1883008,stimulus_Ins_HumanRights_2_page_6,594.2,181.3,1269.0
1883009,stimulus_Ins_HumanRights_2_page_6,594.3,181.3,1270.0
1883010,stimulus_Ins_HumanRights_2_page_6,594.3,181.3,1270.0
1883011,stimulus_Ins_HumanRights_2_page_6,594.3,181.2,1271.0
1883012,stimulus_Ins_HumanRights_2_page_6,594.3,181.1,1273.0
1883013,stimulus_Ins_HumanRights_2_page_6,594.1,181.2,1274.0
1883014,stimulus_Ins_HumanRights_2_page_6,593.9,181.3,1275.0
1883015,stimulus_Ins_HumanRights_2_page_6,593.8,180.9,1275.0
1883016,stimulus_Ins_HumanRights_2_page_6,593.8,180.5,1275.0
1883017,stimulus_Ins_HumanRights_2_page_6,593.9,180.1,1276.0
1883018,stimulus_Ins_HumanRights_2_page_6,593.9,179.9,1276.0
1883019,stimulus_Ins_HumanRights_2_page_6,594.0,179.7,1277.0
1883020,stimulus_Ins_HumanRights_2_page_6,594.2,179.6,1277.0
1883021,stimulus_Ins_HumanRights_2_page_6,594.2,179.8,1277.0
1883022,stimulus_Ins_HumanRights_2_page_6,594.1,180.0,1278.0
1883023,stimulus_Ins_HumanRights_2_page_6,594.2,180.0,1280.0
1883024,stimulus_Ins_HumanRights_2_page_6,594.4,180.0,1281.0
1883025,stimulus_Ins_HumanRights_2_page_6,594.6,180.1,1280.0
1883026,stimulus_Ins_HumanRights_2_page_6,594.5,180.2,1282.0
1883027,stimulus_Ins_HumanRights_2_page_6,594.4,180.2,1284.0
1883028,stimulus_Ins_HumanRights_2_page_6,594.3,180.4,1285.0
1883029,stimulus_Ins_HumanRights_2_page_6,594.4,180.5,1284.0
1883030,stimulus_Ins_HumanRights_2_page_6,594.5,180.5,1282.0
1883031,stimulus_Ins_HumanRights_2_page_6,594.6,179.7,1281.0
1883032,stimulus_Ins_HumanRights_2_page_6,594.5,179.1,1281.0
1883033,stimulus_Ins_HumanRights_2_page_6,594.4,178.5,1281.0
1883034,stimulus_Ins_HumanRights_2_page_6,594.7,178.5,1282.0
1883035,stimulus_Ins_HumanRights_2_page_6,595.4,178.2,1282.0
1883036,stimulus_Ins_HumanRights_2_page_6,596.2,177.5,1282.0
1883037,stimulus_Ins_HumanRights_2_page_6,595.7,176.9,1282.0
1883038,stimulus_Ins_HumanRights_2_page_6,594.6,176.4,1283.0
1883039,stimulus_Ins_HumanRights_2_page_6,592.8,177.2,1284.0
1883040,stimulus_Ins_HumanRights_2_page_6,590.5,178.1,1285.0
1883041,stimulus_Ins_HumanRights_2_page_6,586.9,179.2,1285.0
1883042,stimulus_Ins_HumanRights_2_page_6,582.8,179.5,1285.0
1883043,stimulus_Ins_HumanRights_2_page_6,578.5,180.0,1285.0
1883044,stimulus_Ins_HumanRights_2_page_6,574.1,180.3,1285.0
1883045,stimulus_Ins_HumanRights_2_page_6,569.0,181.5,1288.0
1883046,stimulus_Ins_HumanRights_2_page_6,562.8,182.5,1290.0
1883047,stimulus_Ins_HumanRights_2_page_6,557.2,183.5,1293.0
1883048,stimulus_Ins_HumanRights_2_page_6,552.5,183.7,1293.0
1883049,stimulus_Ins_HumanRights_2_page_6,549.8,184.1,1293.0
1883050,stimulus_Ins_HumanRights_2_page_6,548.2,184.6,1294.0
1883051,stimulus_Ins_HumanRights_2_page_6,547.5,184.8,1295.0
1883052,stimulus_Ins_HumanRights_2_page_6,547.0,184.8,1295.0
1883053,stimulus_Ins_HumanRights_2_page_6,546.7,184.9,1295.0
1883054,stimulus_Ins_HumanRights_2_page_6,547.2,185.5,1296.0
1883055,stimulus_Ins_HumanRights_2_page_6,548.4,186.6,1297.0
1883056,stimulus_Ins_HumanRights_2_page_6,550.0,187.5,1298.0
1883057,stimulus_Ins_HumanRights_2_page_6,551.4,188.3,1300.0
1883058,stimulus_Ins_HumanRights_2_page_6,552.4,189.0,1302.0
1883059,stimulus_Ins_HumanRights_2_page_6,553.3,189.4,1303.0
1883060,stimulus_Ins_HumanRights_2_page_6,553.9,189.8,1302.0
1883061,stimulus_Ins_HumanRights_2_page_6,554.3,189.7,1301.0
1883062,stimulus_Ins_HumanRights_2_page_6,554.5,189.6,1302.0
1883063,stimulus_Ins_HumanRights_2_page_6,554.5,189.6,1302.0
1883064,stimulus_Ins_HumanRights_2_page_6,554.5,189.6,1302.0
1883065,stimulus_Ins_HumanRights_2_page_6,554.1,189.5,1302.0
1883066,stimulus_Ins_HumanRights_2_page_6,553.6,189.4,1303.0
1883067,stimulus_Ins_HumanRights_2_page_6,553.1,189.4,1304.0
1883068,stimulus_Ins_HumanRights_2_page_6,553.1,189.3,1305.0
1883069,stimulus_Ins_HumanRights_2_page_6,552.9,189.2,1306.0
1883070,stimulus_Ins_HumanRights_2_page_6,552.3,189.2,1305.0
1883071,stimulus_Ins_HumanRights_2_page_6,551.8,189.6,1304.0
1883072,stimulus_Ins_HumanRights_2_page_6,551.0,190.1,1303.0
1883073,stimulus_Ins_HumanRights_2_page_6,550.7,190.5,1303.0
1883074,stimulus_Ins_HumanRights_2_page_6,550.4,190.5,1304.0
1883075,stimulus_Ins_HumanRights_2_page_6,550.4,190.4,1305.0
1883076,stimulus_Ins_HumanRights_2_page_6,550.4,190.6,1306.0
1883077,stimulus_Ins_HumanRights_2_page_6,550.4,190.8,1307.0
1883078,stimulus_Ins_HumanRights_2_page_6,550.7,191.0,1308.0
1883079,stimulus_Ins_HumanRights_2_page_6,550.9,191.2,1309.0
1883080,stimulus_Ins_HumanRights_2_page_6,551.1,191.3,1309.0
1883081,stimulus_Ins_HumanRights_2_page_6,551.2,191.4,1309.0
1883082,stimulus_Ins_HumanRights_2_page_6,551.3,191.3,1309.0
1883083,stimulus_Ins_HumanRights_2_page_6,551.3,191.4,1309.0
1883084,stimulus_Ins_HumanRights_2_page_6,551.3,191.5,1310.0
1883085,stimulus_Ins_HumanRights_2_page_6,551.3,191.5,1312.0
1883086,stimulus_Ins_HumanRights_2_page_6,551.2,191.6,1313.0
1883087,stimulus_Ins_HumanRights_2_page_6,551.2,191.6,1312.0
1883088,stimulus_Ins_HumanRights_2_page_6,551.1,191.5,1311.0
1883089,stimulus_Ins_HumanRights_2_page_6,551.2,191.4,1310.0
1883090,stimulus_Ins_HumanRights_2_page_6,551.3,191.5,1310.0
1883091,stimulus_Ins_HumanRights_2_page_6,551.2,191.8,1310.0
1883092,stimulus_Ins_HumanRights_2_page_6,550.9,192.2,1311.0
1883093,stimulus_Ins_HumanRights_2_page_6,550.7,192.3,1312.0
1883094,stimulus_Ins_HumanRights_2_page_6,550.1,192.4,1314.0
1883095,stimulus_Ins_HumanRights_2_page_6,549.5,192.5,1314.0
1883096,stimulus_Ins_HumanRights_2_page_6,549.4,192.5,1313.0
1883097,stimulus_Ins_HumanRights_2_page_6,549.8,192.5,1313.0
1883098,stimulus_Ins_HumanRights_2_page_6,550.1,193.0,1315.0
1883099,stimulus_Ins_HumanRights_2_page_6,550.1,193.4,1316.0
1883100,stimulus_Ins_HumanRights_2_page_6,549.7,193.5,1316.0
1883101,stimulus_Ins_HumanRights_2_page_6,549.4,193.4,1315.0
1883102,stimulus_Ins_HumanRights_2_page_6,549.3,193.2,1314.0
1883103,stimulus_Ins_HumanRights_2_page_6,549.6,193.4,1317.0
1883104,stimulus_Ins_HumanRights_2_page_6,549.9,192.8,1320.0
1883105,stimulus_Ins_HumanRights_2_page_6,549.7,192.2,1324.0
1883106,stimulus_Ins_HumanRights_2_page_6,549.4,191.6,1325.0
1883107,stimulus_Ins_HumanRights_2_page_6,549.0,191.7,1325.0
1883108,stimulus_Ins_HumanRights_2_page_6,548.8,191.7,1325.0
1883109,stimulus_Ins_HumanRights_2_page_6,548.6,191.8,1323.0
1883110,stimulus_Ins_HumanRights_2_page_6,548.6,191.8,1322.0
1883111,stimulus_Ins_HumanRights_2_page_6,548.6,191.9,1323.0
1883112,stimulus_Ins_HumanRights_2_page_6,548.5,191.9,1324.0
1883113,stimulus_Ins_HumanRights_2_page_6,548.4,191.9,1325.0
1883114,stimulus_Ins_HumanRights_2_page_6,548.3,191.8,1324.0
1883115,stimulus_Ins_HumanRights_2_page_6,548.5,191.5,1324.0
1883116,stimulus_Ins_HumanRights_2_page_6,548.8,191.2,1324.0
1883117,stimulus_Ins_HumanRights_2_page_6,549.0,191.1,1325.0
1883118,stimulus_Ins_HumanRights_2_page_6,549.0,191.4,1326.0
1883119,stimulus_Ins_HumanRights_2_page_6,548.9,191.7,1327.0
1883120,stimulus_Ins_HumanRights_2_page_6,548.7,192.0,1328.0
1883121,stimulus_Ins_HumanRights_2_page_6,548.5,192.2,1328.0
1883122,stimulus_Ins_HumanRights_2_page_6,548.6,192.0,1329.0
1883123,stimulus_Ins_HumanRights_2_page_6,548.1,191.7,1330.0
1883124,stimulus_Ins_HumanRights_2_page_6,547.6,191.2,1332.0
1883125,stimulus_Ins_HumanRights_2_page_6,547.1,191.1,1332.0
1883126,stimulus_Ins_HumanRights_2_page_6,547.0,191.2,1332.0
1883127,stimulus_Ins_HumanRights_2_page_6,547.1,191.4,1333.0
1883128,stimulus_Ins_HumanRights_2_page_6,547.3,191.7,1334.0
1883129,stimulus_Ins_HumanRights_2_page_6,547.6,191.6,1335.0
1883130,stimulus_Ins_HumanRights_2_page_6,547.6,191.7,1335.0
1883131,stimulus_Ins_HumanRights_2_page_6,547.4,191.7,1335.0
1883132,stimulus_Ins_HumanRights_2_page_6,547.3,191.8,1335.0
1883133,stimulus_Ins_HumanRights_2_page_6,547.4,191.8,1335.0
1883134,stimulus_Ins_HumanRights_2_page_6,547.4,192.2,1336.0
1883135,stimulus_Ins_HumanRights_2_page_6,547.4,192.5,1338.0
1883136,stimulus_Ins_HumanRights_2_page_6,547.4,192.8,1342.0
1883137,stimulus_Ins_HumanRights_2_page_6,547.8,193.0,1345.0
1883138,stimulus_Ins_HumanRights_2_page_6,548.1,193.1,1347.0
1883139,stimulus_Ins_HumanRights_2_page_6,548.5,193.2,1345.0
1883140,stimulus_Ins_HumanRights_2_page_6,548.6,193.2,1345.0
1883141,stimulus_Ins_HumanRights_2_page_6,548.7,193.2,1345.0
1883142,stimulus_Ins_HumanRights_2_page_6,548.8,193.3,1345.0
1883143,stimulus_Ins_HumanRights_2_page_6,548.8,193.5,1346.0
1883144,stimulus_Ins_HumanRights_2_page_6,548.8,193.3,1346.0
1883145,stimulus_Ins_HumanRights_2_page_6,549.5,193.0,1347.0
1883146,stimulus_Ins_HumanRights_2_page_6,550.2,192.8,1349.0
1883147,stimulus_Ins_HumanRights_2_page_6,550.8,192.9,1350.0
1883148,stimulus_Ins_HumanRights_2_page_6,550.7,193.3,1350.0
1883149,stimulus_Ins_HumanRights_2_page_6,550.7,193.5,1350.0
1883150,stimulus_Ins_HumanRights_2_page_6,550.7,193.8,1350.0
1883151,stimulus_Ins_HumanRights_2_page_6,550.8,193.9,1350.0
1883152,stimulus_Ins_HumanRights_2_page_6,550.6,194.1,1351.0
1883153,stimulus_Ins_HumanRights_2_page_6,550.4,194.0,1351.0
1883154,stimulus_Ins_HumanRights_2_page_6,550.3,193.8,1352.0
1883155,stimulus_Ins_HumanRights_2_page_6,550.5,193.5,1353.0
1883156,stimulus_Ins_HumanRights_2_page_6,550.7,193.4,1355.0
1883157,stimulus_Ins_HumanRights_2_page_6,550.6,193.3,1355.0
1883158,stimulus_Ins_HumanRights_2_page_6,550.4,193.3,1355.0
1883159,stimulus_Ins_HumanRights_2_page_6,550.2,193.4,1356.0
1883160,stimulus_Ins_HumanRights_2_page_6,550.3,193.5,1356.0
1883161,stimulus_Ins_HumanRights_2_page_6,550.5,193.8,1356.0
1883162,stimulus_Ins_HumanRights_2_page_6,550.8,193.9,1359.0
1883163,stimulus_Ins_HumanRights_2_page_6,550.8,193.9,1361.0
1883164,stimulus_Ins_HumanRights_2_page_6,550.7,193.7,1364.0
1883165,stimulus_Ins_HumanRights_2_page_6,550.9,193.6,1364.0
1883166,stimulus_Ins_HumanRights_2_page_6,551.2,193.5,1363.0
1883167,stimulus_Ins_HumanRights_2_page_6,551.5,193.6,1363.0
1883168,stimulus_Ins_HumanRights_2_page_6,551.1,193.6,1362.0
1883169,stimulus_Ins_HumanRights_2_page_6,550.8,193.6,1362.0
1883170,stimulus_Ins_HumanRights_2_page_6,550.4,193.7,1362.0
1883171,stimulus_Ins_HumanRights_2_page_6,550.5,193.8,1364.0
1883172,stimulus_Ins_HumanRights_2_page_6,550.6,193.9,1364.0
1883173,stimulus_Ins_HumanRights_2_page_6,551.1,194.0,1365.0
1883174,stimulus_Ins_HumanRights_2_page_6,551.4,194.0,1367.0
1883175,stimulus_Ins_HumanRights_2_page_6,551.3,194.0,1370.0
1883176,stimulus_Ins_HumanRights_2_page_6,550.8,194.0,1372.0
1883177,stimulus_Ins_HumanRights_2_page_6,550.2,193.9,1372.0
1883178,stimulus_Ins_HumanRights_2_page_6,550.0,193.4,1371.0
1883179,stimulus_Ins_HumanRights_2_page_6,549.8,193.0,1371.0
1883180,stimulus_Ins_HumanRights_2_page_6,549.7,192.9,1371.0
1883181,stimulus_Ins_HumanRights_2_page_6,549.5,193.0,1371.0
1883182,stimulus_Ins_HumanRights_2_page_6,549.5,193.3,1371.0
1883183,stimulus_Ins_HumanRights_2_page_6,549.5,193.8,1372.0
1883184,stimulus_Ins_HumanRights_2_page_6,549.5,194.3,1373.0
1883185,stimulus_Ins_HumanRights_2_page_6,549.6,194.6,1375.0
1883186,stimulus_Ins_HumanRights_2_page_6,549.5,194.6,1375.0
1883187,stimulus_Ins_HumanRights_2_page_6,549.3,194.6,1375.0
1883188,stimulus_Ins_HumanRights_2_page_6,549.2,194.3,1375.0
1883189,stimulus_Ins_HumanRights_2_page_6,548.8,194.0,1375.0
1883190,stimulus_Ins_HumanRights_2_page_6,548.4,193.9,1375.0
1883191,stimulus_Ins_HumanRights_2_page_6,547.9,194.1,1376.0
1883192,stimulus_Ins_HumanRights_2_page_6,547.7,193.8,1377.0
1883193,stimulus_Ins_HumanRights_2_page_6,547.1,192.8,1377.0
1883194,stimulus_Ins_HumanRights_2_page_6,546.6,190.6,1377.0
1883195,stimulus_Ins_HumanRights_2_page_6,546.1,188.5,1377.0
1883196,stimulus_Ins_HumanRights_2_page_6,546.2,185.8,1378.0
1883197,stimulus_Ins_HumanRights_2_page_6,546.4,183.3,1378.0
1883198,stimulus_Ins_HumanRights_2_page_6,546.6,179.3,1377.0
1883199,stimulus_Ins_HumanRights_2_page_6,547.3,174.9,1377.0
1883200,stimulus_Ins_HumanRights_2_page_6,549.4,169.7,1376.0
1883201,stimulus_Ins_HumanRights_2_page_6,551.9,165.5,1378.0
1883202,stimulus_Ins_HumanRights_2_page_6,555.1,162.2,1379.0
1883203,stimulus_Ins_HumanRights_2_page_6,558.0,159.5,1381.0
1883204,stimulus_Ins_HumanRights_2_page_6,560.8,157.3,1382.0
1883205,stimulus_Ins_HumanRights_2_page_6,562.3,154.4,1380.0
1883206,stimulus_Ins_HumanRights_2_page_6,563.5,150.7,1379.0
1883207,stimulus_Ins_HumanRights_2_page_6,564.6,145.5,1377.0
1883208,stimulus_Ins_HumanRights_2_page_6,566.8,141.1,1377.0
1883209,stimulus_Ins_HumanRights_2_page_6,569.0,137.7,1374.0
1883210,stimulus_Ins_HumanRights_2_page_6,572.0,135.8,1372.0
1883211,stimulus_Ins_HumanRights_2_page_6,575.1,134.3,1371.0
1883212,stimulus_Ins_HumanRights_2_page_6,578.1,133.8,1373.0
1883213,stimulus_Ins_HumanRights_2_page_6,581.0,133.6,1374.0
1883214,stimulus_Ins_HumanRights_2_page_6,583.1,133.3,1373.0
1883215,stimulus_Ins_HumanRights_2_page_6,584.4,132.9,1373.0
1883216,stimulus_Ins_HumanRights_2_page_6,585.2,132.0,1374.0
1883217,stimulus_Ins_HumanRights_2_page_6,586.2,130.7,1374.0
1883218,stimulus_Ins_HumanRights_2_page_6,587.4,128.9,1374.0
1883219,stimulus_Ins_HumanRights_2_page_6,588.6,127.6,1374.0
1883220,stimulus_Ins_HumanRights_2_page_6,589.7,126.8,1373.0
1883221,stimulus_Ins_HumanRights_2_page_6,590.8,126.6,1373.0
1883222,stimulus_Ins_HumanRights_2_page_6,591.6,126.4,1372.0
1883223,stimulus_Ins_HumanRights_2_page_6,591.9,126.3,1372.0
1883224,stimulus_Ins_HumanRights_2_page_6,592.0,126.2,1373.0
1883225,stimulus_Ins_HumanRights_2_page_6,592.6,125.6,1374.0
1883226,stimulus_Ins_HumanRights_2_page_6,593.6,124.9,1375.0
1883227,stimulus_Ins_HumanRights_2_page_6,594.9,124.3,1375.0
1883228,stimulus_Ins_HumanRights_2_page_6,596.6,124.5,1375.0
1883229,stimulus_Ins_HumanRights_2_page_6,597.7,125.1,1376.0
1883230,stimulus_Ins_HumanRights_2_page_6,599.0,126.0,1376.0
1883231,stimulus_Ins_HumanRights_2_page_6,600.2,126.7,1378.0
1883232,stimulus_Ins_HumanRights_2_page_6,601.3,127.2,1379.0
1883233,stimulus_Ins_HumanRights_2_page_6,601.9,127.5,1382.0
1883234,stimulus_Ins_HumanRights_2_page_6,601.8,127.7,1384.0
1883235,stimulus_Ins_HumanRights_2_page_6,601.7,127.7,1387.0
1883236,stimulus_Ins_HumanRights_2_page_6,601.3,127.5,1389.0
1883237,stimulus_Ins_HumanRights_2_page_6,600.8,127.0,1390.0
1883238,stimulus_Ins_HumanRights_2_page_6,600.2,126.6,1390.0
1883239,stimulus_Ins_HumanRights_2_page_6,600.0,126.3,1390.0
1883240,stimulus_Ins_HumanRights_2_page_6,600.0,125.8,1390.0
1883241,stimulus_Ins_HumanRights_2_page_6,600.1,125.3,1391.0
1883242,stimulus_Ins_HumanRights_2_page_6,600.5,125.3,1392.0
1883243,stimulus_Ins_HumanRights_2_page_6,600.9,125.8,1392.0
1883244,stimulus_Ins_HumanRights_2_page_6,600.8,126.3,1393.0
1883245,stimulus_Ins_HumanRights_2_page_6,600.2,126.3,1393.0
1883246,stimulus_Ins_HumanRights_2_page_6,599.5,126.3,1394.0
1883247,stimulus_Ins_HumanRights_2_page_6,599.3,126.3,1394.0
1883248,stimulus_Ins_HumanRights_2_page_6,599.1,126.3,1394.0
1883249,stimulus_Ins_HumanRights_2_page_6,599.1,126.4,1395.0
1883250,stimulus_Ins_HumanRights_2_page_6,599.2,126.5,1397.0
1883251,stimulus_Ins_HumanRights_2_page_6,599.4,126.9,1397.0
1883252,stimulus_Ins_HumanRights_2_page_6,599.6,127.1,1396.0
1883253,stimulus_Ins_HumanRights_2_page_6,599.8,127.3,1395.0
1883254,stimulus_Ins_HumanRights_2_page_6,599.9,127.3,1395.0
1883255,stimulus_Ins_HumanRights_2_page_6,599.9,127.4,1395.0
1883256,stimulus_Ins_HumanRights_2_page_6,599.9,127.5,1396.0
1883257,stimulus_Ins_HumanRights_2_page_6,599.9,127.5,1396.0
1883258,stimulus_Ins_HumanRights_2_page_6,600.0,127.2,1396.0
1883259,stimulus_Ins_HumanRights_2_page_6,600.0,126.8,1395.0
1883260,stimulus_Ins_HumanRights_2_page_6,599.7,126.6,1396.0
1883261,stimulus_Ins_HumanRights_2_page_6,599.5,126.6,1397.0
1883262,stimulus_Ins_HumanRights_2_page_6,599.2,126.6,1398.0
1883263,stimulus_Ins_HumanRights_2_page_6,599.2,126.7,1399.0
1883264,stimulus_Ins_HumanRights_2_page_6,599.2,126.7,1399.0
1883265,stimulus_Ins_HumanRights_2_page_6,599.6,126.9,1400.0
1883266,stimulus_Ins_HumanRights_2_page_6,599.9,127.4,1402.0
1883267,stimulus_Ins_HumanRights_2_page_6,600.2,127.9,1404.0
1883268,stimulus_Ins_HumanRights_2_page_6,600.0,128.3,1405.0
1883269,stimulus_Ins_HumanRights_2_page_6,599.9,128.6,1405.0
1883270,stimulus_Ins_HumanRights_2_page_6,599.7,128.8,1404.0
1883271,stimulus_Ins_HumanRights_2_page_6,599.4,128.9,1403.0
1883272,stimulus_Ins_HumanRights_2_page_6,599.2,128.6,1402.0
1883273,stimulus_Ins_HumanRights_2_page_6,599.2,128.4,1403.0
1883274,stimulus_Ins_HumanRights_2_page_6,599.2,128.1,1403.0
1883275,stimulus_Ins_HumanRights_2_page_6,599.2,128.1,1403.0
1883276,stimulus_Ins_HumanRights_2_page_6,598.9,128.2,1404.0
1883277,stimulus_Ins_HumanRights_2_page_6,598.5,128.5,1407.0
1883278,stimulus_Ins_HumanRights_2_page_6,598.4,128.4,1409.0
1883279,stimulus_Ins_HumanRights_2_page_6,598.6,128.1,1412.0
1883280,stimulus_Ins_HumanRights_2_page_6,598.8,127.9,1412.0
1883281,stimulus_Ins_HumanRights_2_page_6,598.5,128.1,1413.0
1883282,stimulus_Ins_HumanRights_2_page_6,598.2,128.3,1412.0
1883283,stimulus_Ins_HumanRights_2_page_6,598.0,128.4,1412.0
1883284,stimulus_Ins_HumanRights_2_page_6,597.9,128.4,1412.0
1883285,stimulus_Ins_HumanRights_2_page_6,597.7,128.9,1414.0
1883286,stimulus_Ins_HumanRights_2_page_6,597.6,129.4,1415.0
1883287,stimulus_Ins_HumanRights_2_page_6,597.7,129.7,1416.0
1883288,stimulus_Ins_HumanRights_2_page_6,597.7,129.6,1415.0
1883289,stimulus_Ins_HumanRights_2_page_6,597.6,129.4,1413.0
1883290,stimulus_Ins_HumanRights_2_page_6,597.2,129.2,1410.0
1883291,stimulus_Ins_HumanRights_2_page_6,597.0,128.9,1410.0
1883292,stimulus_Ins_HumanRights_2_page_6,596.8,129.0,1413.0
1883293,stimulus_Ins_HumanRights_2_page_6,597.0,129.3,1416.0
1883294,stimulus_Ins_HumanRights_2_page_6,597.5,129.2,1417.0
1883295,stimulus_Ins_HumanRights_2_page_6,597.9,128.8,1420.0
1883296,stimulus_Ins_HumanRights_2_page_6,598.2,128.4,1422.0
1883297,stimulus_Ins_HumanRights_2_page_6,598.1,128.6,1424.0
1883298,stimulus_Ins_HumanRights_2_page_6,598.1,128.8,1424.0
1883299,stimulus_Ins_HumanRights_2_page_6,597.9,129.0,1423.0
1883300,stimulus_Ins_HumanRights_2_page_6,597.8,129.3,1421.0
1883301,stimulus_Ins_HumanRights_2_page_6,597.4,129.5,1420.0
1883302,stimulus_Ins_HumanRights_2_page_6,597.2,129.5,1421.0
1883303,stimulus_Ins_HumanRights_2_page_6,597.1,129.5,1421.0
1883304,stimulus_Ins_HumanRights_2_page_6,597.1,130.0,1421.0
1883305,stimulus_Ins_HumanRights_2_page_6,596.9,130.5,1422.0
1883306,stimulus_Ins_HumanRights_2_page_6,596.8,130.5,1423.0
1883307,stimulus_Ins_HumanRights_2_page_6,596.9,130.0,1424.0
1883308,stimulus_Ins_HumanRights_2_page_6,596.9,129.8,1425.0
1883309,stimulus_Ins_HumanRights_2_page_6,597.0,130.2,1425.0
1883310,stimulus_Ins_HumanRights_2_page_6,597.0,130.4,1425.0
1883311,stimulus_Ins_HumanRights_2_page_6,597.2,130.3,1425.0
1883312,stimulus_Ins_HumanRights_2_page_6,597.3,130.3,1425.0
1883313,stimulus_Ins_HumanRights_2_page_6,597.4,130.4,1425.0
1883314,stimulus_Ins_HumanRights_2_page_6,597.4,130.5,1424.0
1883315,stimulus_Ins_HumanRights_2_page_6,597.4,130.6,1426.0
1883316,stimulus_Ins_HumanRights_2_page_6,597.3,130.5,1427.0
1883317,stimulus_Ins_HumanRights_2_page_6,597.2,130.6,1429.0
1883318,stimulus_Ins_HumanRights_2_page_6,596.8,130.6,1428.0
1883319,stimulus_Ins_HumanRights_2_page_6,596.5,130.8,1428.0
1883320,stimulus_Ins_HumanRights_2_page_6,596.5,130.7,1427.0
1883321,stimulus_Ins_HumanRights_2_page_6,596.7,130.6,1428.0
1883322,stimulus_Ins_HumanRights_2_page_6,596.9,130.8,1428.0
1883323,stimulus_Ins_HumanRights_2_page_6,596.9,131.2,1429.0
1883324,stimulus_Ins_HumanRights_2_page_6,597.0,131.4,1432.0
1883325,stimulus_Ins_HumanRights_2_page_6,597.2,131.1,1435.0
1883326,stimulus_Ins_HumanRights_2_page_6,597.3,130.8,1438.0
1883327,stimulus_Ins_HumanRights_2_page_6,597.3,130.9,1437.0
1883328,stimulus_Ins_HumanRights_2_page_6,597.3,131.0,1437.0
1883329,stimulus_Ins_HumanRights_2_page_6,597.2,131.4,1437.0
1883330,stimulus_Ins_HumanRights_2_page_6,597.2,131.5,1436.0
1883331,stimulus_Ins_HumanRights_2_page_6,596.9,131.7,1436.0
1883332,stimulus_Ins_HumanRights_2_page_6,596.7,131.6,1436.0
1883333,stimulus_Ins_HumanRights_2_page_6,596.9,131.6,1436.0
1883334,stimulus_Ins_HumanRights_2_page_6,597.3,131.6,1437.0
1883335,stimulus_Ins_HumanRights_2_page_6,597.8,131.7,1437.0
1883336,stimulus_Ins_HumanRights_2_page_6,597.8,131.7,1437.0
1883337,stimulus_Ins_HumanRights_2_page_6,597.8,131.7,1438.0
1883338,stimulus_Ins_HumanRights_2_page_6,597.5,131.6,1437.0
1883339,stimulus_Ins_HumanRights_2_page_6,597.3,131.5,1436.0
1883340,stimulus_Ins_HumanRights_2_page_6,597.1,131.4,1437.0
1883341,stimulus_Ins_HumanRights_2_page_6,597.3,131.5,1440.0
1883342,stimulus_Ins_HumanRights_2_page_6,597.5,131.7,1442.0
1883343,stimulus_Ins_HumanRights_2_page_6,597.3,131.9,1442.0
1883344,stimulus_Ins_HumanRights_2_page_6,597.0,132.1,1441.0
1883345,stimulus_Ins_HumanRights_2_page_6,596.7,132.4,1440.0
1883346,stimulus_Ins_HumanRights_2_page_6,596.8,132.6,1440.0
1883347,stimulus_Ins_HumanRights_2_page_6,596.9,132.6,1441.0
1883348,stimulus_Ins_HumanRights_2_page_6,596.9,132.6,1442.0
1883349,stimulus_Ins_HumanRights_2_page_6,596.7,132.4,1441.0
1883350,stimulus_Ins_HumanRights_2_page_6,596.4,132.2,1439.0
1883351,stimulus_Ins_HumanRights_2_page_6,596.0,131.8,1438.0
1883352,stimulus_Ins_HumanRights_2_page_6,595.9,131.6,1438.0
1883353,stimulus_Ins_HumanRights_2_page_6,595.9,131.5,1440.0
1883354,stimulus_Ins_HumanRights_2_page_6,596.0,131.6,1442.0
1883355,stimulus_Ins_HumanRights_2_page_6,596.0,131.6,1444.0
1883356,stimulus_Ins_HumanRights_2_page_6,596.0,131.6,1444.0
1883357,stimulus_Ins_HumanRights_2_page_6,595.8,132.0,1445.0
1883358,stimulus_Ins_HumanRights_2_page_6,595.6,132.3,1446.0
1883359,stimulus_Ins_HumanRights_2_page_6,595.4,132.6,1446.0
1883360,stimulus_Ins_HumanRights_2_page_6,595.3,132.7,1447.0
1883361,stimulus_Ins_HumanRights_2_page_6,595.4,132.8,1448.0
1883362,stimulus_Ins_HumanRights_2_page_6,595.3,132.9,1450.0
1883363,stimulus_Ins_HumanRights_2_page_6,595.1,132.9,1449.0
1883364,stimulus_Ins_HumanRights_2_page_6,595.2,133.0,1447.0
1883365,stimulus_Ins_HumanRights_2_page_6,595.5,133.0,1445.0
1883366,stimulus_Ins_HumanRights_2_page_6,595.4,132.7,1446.0
1883367,stimulus_Ins_HumanRights_2_page_6,595.0,132.4,1446.0
1883368,stimulus_Ins_HumanRights_2_page_6,594.7,132.2,1447.0
1883369,stimulus_Ins_HumanRights_2_page_6,595.0,132.3,1448.0
1883370,stimulus_Ins_HumanRights_2_page_6,595.3,132.5,1449.0
1883371,stimulus_Ins_HumanRights_2_page_6,595.1,132.5,1448.0
1883372,stimulus_Ins_HumanRights_2_page_6,594.7,132.5,1447.0
1883373,stimulus_Ins_HumanRights_2_page_6,594.2,132.4,1447.0
1883374,stimulus_Ins_HumanRights_2_page_6,594.1,132.3,1446.0
1883375,stimulus_Ins_HumanRights_2_page_6,593.9,132.2,1446.0
1883376,stimulus_Ins_HumanRights_2_page_6,593.6,132.1,1445.0
1883377,stimulus_Ins_HumanRights_2_page_6,593.2,132.1,1445.0
1883378,stimulus_Ins_HumanRights_2_page_6,592.8,132.1,1445.0
1883379,stimulus_Ins_HumanRights_2_page_6,592.8,132.0,1445.0
1883380,stimulus_Ins_HumanRights_2_page_6,593.1,131.9,1446.0
1883381,stimulus_Ins_HumanRights_2_page_6,593.5,131.7,1448.0
1883382,stimulus_Ins_HumanRights_2_page_6,593.9,131.7,1448.0
1883383,stimulus_Ins_HumanRights_2_page_6,593.6,131.8,1447.0
1883384,stimulus_Ins_HumanRights_2_page_6,593.3,131.9,1446.0
1883385,stimulus_Ins_HumanRights_2_page_6,592.7,131.9,1447.0
1883386,stimulus_Ins_HumanRights_2_page_6,592.4,132.1,1448.0
1883387,stimulus_Ins_HumanRights_2_page_6,592.3,132.2,1449.0
1883388,stimulus_Ins_HumanRights_2_page_6,592.6,132.3,1448.0
1883389,stimulus_Ins_HumanRights_2_page_6,593.0,132.1,1447.0
1883390,stimulus_Ins_HumanRights_2_page_6,593.2,132.0,1446.0
1883391,stimulus_Ins_HumanRights_2_page_6,593.3,131.8,1445.0
1883392,stimulus_Ins_HumanRights_2_page_6,593.4,131.8,1445.0
1883393,stimulus_Ins_HumanRights_2_page_6,593.4,131.8,1445.0
1883394,stimulus_Ins_HumanRights_2_page_6,593.4,131.8,1445.0
1883395,stimulus_Ins_HumanRights_2_page_6,593.4,131.7,1445.0
1883396,stimulus_Ins_HumanRights_2_page_6,593.3,131.7,1446.0
1883397,stimulus_Ins_HumanRights_2_page_6,593.3,132.0,1446.0
1883398,stimulus_Ins_HumanRights_2_page_6,593.3,132.2,1446.0
1883399,stimulus_Ins_HumanRights_2_page_6,593.4,132.5,1445.0
1883400,stimulus_Ins_HumanRights_2_page_6,593.4,132.6,1443.0
1883401,stimulus_Ins_HumanRights_2_page_6,593.1,132.7,1441.0
1883402,stimulus_Ins_HumanRights_2_page_6,592.8,132.7,1441.0
1883403,stimulus_Ins_HumanRights_2_page_6,592.7,132.8,1443.0
1883404,stimulus_Ins_HumanRights_2_page_6,592.9,132.6,1445.0
1883405,stimulus_Ins_HumanRights_2_page_6,593.2,132.5,1447.0
1883406,stimulus_Ins_HumanRights_2_page_6,593.2,132.4,1448.0
1883407,stimulus_Ins_HumanRights_2_page_6,592.9,132.5,1448.0
1883408,stimulus_Ins_HumanRights_2_page_6,592.6,132.5,1449.0
1883409,stimulus_Ins_HumanRights_2_page_6,592.4,132.4,1447.0
1883410,stimulus_Ins_HumanRights_2_page_6,592.6,132.3,1444.0
1883411,stimulus_Ins_HumanRights_2_page_6,592.9,132.4,1444.0
1883412,stimulus_Ins_HumanRights_2_page_6,593.2,132.4,1446.0
1883413,stimulus_Ins_HumanRights_2_page_6,593.3,132.2,1447.0
1883414,stimulus_Ins_HumanRights_2_page_6,593.3,132.0,1447.0
1883415,stimulus_Ins_HumanRights_2_page_6,593.3,131.9,1448.0
1883416,stimulus_Ins_HumanRights_2_page_6,593.2,132.1,1450.0
1883417,stimulus_Ins_HumanRights_2_page_6,593.0,132.3,1451.0
1883418,stimulus_Ins_HumanRights_2_page_6,592.5,132.4,1450.0
1883419,stimulus_Ins_HumanRights_2_page_6,591.6,132.4,1449.0
1883420,stimulus_Ins_HumanRights_2_page_6,590.9,132.4,1448.0
1883421,stimulus_Ins_HumanRights_2_page_6,590.3,132.4,1447.0
1883422,stimulus_Ins_HumanRights_2_page_6,590.2,131.6,1447.0
1883423,stimulus_Ins_HumanRights_2_page_6,591.4,130.7,1448.0
1883424,stimulus_Ins_HumanRights_2_page_6,594.3,130.3,1449.0
1883425,stimulus_Ins_HumanRights_2_page_6,598.6,131.2,1450.0
1883426,stimulus_Ins_HumanRights_2_page_6,602.0,132.2,1451.0
1883427,stimulus_Ins_HumanRights_2_page_6,606.3,134.3,1453.0
1883428,stimulus_Ins_HumanRights_2_page_6,610.8,137.3,1454.0
1883429,stimulus_Ins_HumanRights_2_page_6,618.5,141.9,1455.0
1883430,stimulus_Ins_HumanRights_2_page_6,625.8,146.3,1455.0
1883431,stimulus_Ins_HumanRights_2_page_6,633.7,151.2,1456.0
1883432,stimulus_Ins_HumanRights_2_page_6,642.3,156.0,1460.0
1883433,stimulus_Ins_HumanRights_2_page_6,652.0,160.4,1464.0
1883434,stimulus_Ins_HumanRights_2_page_6,662.2,162.9,1467.0
1883435,stimulus_Ins_HumanRights_2_page_6,671.9,165.4,1472.0
1883436,stimulus_Ins_HumanRights_2_page_6,682.2,168.3,1478.0
1883437,stimulus_Ins_HumanRights_2_page_6,692.3,171.2,1483.0
1883438,stimulus_Ins_HumanRights_2_page_6,702.7,173.5,1484.0
1883439,stimulus_Ins_HumanRights_2_page_6,712.2,174.2,1485.0
1883440,stimulus_Ins_HumanRights_2_page_6,722.2,175.9,1486.0
1883441,stimulus_Ins_HumanRights_2_page_6,732.4,177.6,1486.0
1883442,stimulus_Ins_HumanRights_2_page_6,742.8,179.0,1485.0
1883443,stimulus_Ins_HumanRights_2_page_6,753.8,180.5,1483.0
1883444,stimulus_Ins_HumanRights_2_page_6,763.7,181.7,1481.0
1883445,stimulus_Ins_HumanRights_2_page_6,774.2,183.8,1480.0
1883446,stimulus_Ins_HumanRights_2_page_6,784.8,185.3,1479.0
1883447,stimulus_Ins_HumanRights_2_page_6,794.8,186.1,1477.0
1883448,stimulus_Ins_HumanRights_2_page_6,802.8,187.2,1474.0
1883449,stimulus_Ins_HumanRights_2_page_6,808.7,188.2,1468.0
1883450,stimulus_Ins_HumanRights_2_page_6,814.7,190.1,1465.0
1883451,stimulus_Ins_HumanRights_2_page_6,820.1,190.9,1459.0
1883452,stimulus_Ins_HumanRights_2_page_6,824.0,191.6,1456.0
1883453,stimulus_Ins_HumanRights_2_page_6,825.7,191.8,1454.0
1883454,stimulus_Ins_HumanRights_2_page_6,826.8,193.0,1454.0
1883455,stimulus_Ins_HumanRights_2_page_6,827.7,194.3,1454.0
1883456,stimulus_Ins_HumanRights_2_page_6,828.4,195.6,1454.0
1883457,stimulus_Ins_HumanRights_2_page_6,828.4,196.0,1453.0
1883458,stimulus_Ins_HumanRights_2_page_6,828.4,196.3,1453.0
1883459,stimulus_Ins_HumanRights_2_page_6,828.4,196.7,1456.0
1883460,stimulus_Ins_HumanRights_2_page_6,828.4,197.2,1458.0
1883461,stimulus_Ins_HumanRights_2_page_6,828.0,197.5,1460.0
1883462,stimulus_Ins_HumanRights_2_page_6,827.6,197.8,1462.0
1883463,stimulus_Ins_HumanRights_2_page_6,826.9,198.2,1464.0
1883464,stimulus_Ins_HumanRights_2_page_6,826.7,198.4,1466.0
1883465,stimulus_Ins_HumanRights_2_page_6,826.5,198.2,1467.0
1883466,stimulus_Ins_HumanRights_2_page_6,826.6,197.4,1466.0
1883467,stimulus_Ins_HumanRights_2_page_6,827.0,196.6,1465.0
1883468,stimulus_Ins_HumanRights_2_page_6,827.4,195.9,1464.0
1883469,stimulus_Ins_HumanRights_2_page_6,828.0,195.8,1464.0
1883470,stimulus_Ins_HumanRights_2_page_6,828.4,196.0,1463.0
1883471,stimulus_Ins_HumanRights_2_page_6,828.8,196.3,1461.0
1883472,stimulus_Ins_HumanRights_2_page_6,829.3,196.6,1460.0
1883473,stimulus_Ins_HumanRights_2_page_6,829.8,196.5,1459.0
1883474,stimulus_Ins_HumanRights_2_page_6,830.3,196.4,1459.0
1883475,stimulus_Ins_HumanRights_2_page_6,830.5,196.5,1457.0
1883476,stimulus_Ins_HumanRights_2_page_6,830.9,196.5,1453.0
1883477,stimulus_Ins_HumanRights_2_page_6,831.5,196.5,1449.0
1883478,stimulus_Ins_HumanRights_2_page_6,832.1,196.6,1448.0
1883479,stimulus_Ins_HumanRights_2_page_6,832.3,197.1,1447.0
1883480,stimulus_Ins_HumanRights_2_page_6,832.1,197.5,1446.0
1883481,stimulus_Ins_HumanRights_2_page_6,831.9,197.9,1445.0
1883482,stimulus_Ins_HumanRights_2_page_6,831.9,197.9,1445.0
1883483,stimulus_Ins_HumanRights_2_page_6,832.0,197.7,1446.0
1883484,stimulus_Ins_HumanRights_2_page_6,831.9,197.5,1446.0
1883485,stimulus_Ins_HumanRights_2_page_6,831.8,197.0,1446.0
1883486,stimulus_Ins_HumanRights_2_page_6,831.6,196.4,1446.0
1883487,stimulus_Ins_HumanRights_2_page_6,831.5,195.8,1445.0
1883488,stimulus_Ins_HumanRights_2_page_6,831.3,195.6,1445.0
1883489,stimulus_Ins_HumanRights_2_page_6,830.9,195.5,1444.0
1883490,stimulus_Ins_HumanRights_2_page_6,830.6,195.5,1443.0
1883491,stimulus_Ins_HumanRights_2_page_6,830.5,195.6,1442.0
1883492,stimulus_Ins_HumanRights_2_page_6,830.4,195.7,1443.0
1883493,stimulus_Ins_HumanRights_2_page_6,830.4,195.6,1445.0
1883494,stimulus_Ins_HumanRights_2_page_6,830.3,195.5,1446.0
1883495,stimulus_Ins_HumanRights_2_page_6,829.9,194.6,1447.0
1883496,stimulus_Ins_HumanRights_2_page_6,829.6,193.8,1445.0
1883497,stimulus_Ins_HumanRights_2_page_6,829.2,193.4,1443.0
1883498,stimulus_Ins_HumanRights_2_page_6,829.0,193.8,1441.0
1883499,stimulus_Ins_HumanRights_2_page_6,828.8,194.2,1441.0
1883500,stimulus_Ins_HumanRights_2_page_6,828.6,194.1,1441.0
1883501,stimulus_Ins_HumanRights_2_page_6,828.6,194.1,1442.0
1883502,stimulus_Ins_HumanRights_2_page_6,828.6,194.1,1443.0
1883503,stimulus_Ins_HumanRights_2_page_6,828.7,194.2,1443.0
1883504,stimulus_Ins_HumanRights_2_page_6,828.7,194.3,1443.0
1883505,stimulus_Ins_HumanRights_2_page_6,828.7,194.4,1445.0
1883506,stimulus_Ins_HumanRights_2_page_6,828.7,194.1,1447.0
1883507,stimulus_Ins_HumanRights_2_page_6,828.7,193.8,1448.0
1883508,stimulus_Ins_HumanRights_2_page_6,828.8,193.7,1447.0
1883509,stimulus_Ins_HumanRights_2_page_6,828.8,193.9,1447.0
1883510,stimulus_Ins_HumanRights_2_page_6,829.0,194.0,1446.0
1883511,stimulus_Ins_HumanRights_2_page_6,829.2,194.0,1446.0
1883512,stimulus_Ins_HumanRights_2_page_6,829.3,193.8,1445.0
1883513,stimulus_Ins_HumanRights_2_page_6,829.4,193.6,1444.0
1883514,stimulus_Ins_HumanRights_2_page_6,829.4,193.4,1445.0
1883515,stimulus_Ins_HumanRights_2_page_6,829.2,193.5,1447.0
1883516,stimulus_Ins_HumanRights_2_page_6,829.0,193.5,1448.0
1883517,stimulus_Ins_HumanRights_2_page_6,829.0,193.4,1448.0
1883518,stimulus_Ins_HumanRights_2_page_6,829.0,193.3,1448.0
1883519,stimulus_Ins_HumanRights_2_page_6,829.2,193.2,1447.0
1883520,stimulus_Ins_HumanRights_2_page_6,829.4,193.2,1446.0
1883521,stimulus_Ins_HumanRights_2_page_6,829.5,193.3,1444.0
1883522,stimulus_Ins_HumanRights_2_page_6,829.7,193.5,1444.0
1883523,stimulus_Ins_HumanRights_2_page_6,829.9,193.7,1445.0
1883524,stimulus_Ins_HumanRights_2_page_6,830.1,193.8,1447.0
1883525,stimulus_Ins_HumanRights_2_page_6,830.2,194.0,1449.0
1883526,stimulus_Ins_HumanRights_2_page_6,830.5,194.1,1451.0
1883527,stimulus_Ins_HumanRights_2_page_6,831.4,193.8,1451.0
1883528,stimulus_Ins_HumanRights_2_page_6,832.2,193.6,1451.0
1883529,stimulus_Ins_HumanRights_2_page_6,831.7,193.4,1452.0
1883530,stimulus_Ins_HumanRights_2_page_6,828.5,193.5,1453.0
1883531,stimulus_Ins_HumanRights_2_page_6,822.4,193.0,1455.0
1883532,stimulus_Ins_HumanRights_2_page_6,814.2,192.4,1456.0
1883533,stimulus_Ins_HumanRights_2_page_6,807.4,192.0,1456.0
1883534,stimulus_Ins_HumanRights_2_page_6,799.0,192.4,1463.0
1883535,stimulus_Ins_HumanRights_2_page_6,789.6,192.8,1469.0
1883536,stimulus_Ins_HumanRights_2_page_6,778.4,193.4,1479.0
1883537,stimulus_Ins_HumanRights_2_page_6,765.9,194.0,1483.0
1883538,stimulus_Ins_HumanRights_2_page_6,753.6,193.5,1491.0
1883539,stimulus_Ins_HumanRights_2_page_6,738.7,193.1,1500.0
1883540,stimulus_Ins_HumanRights_2_page_6,723.7,192.4,1511.0
1883541,stimulus_Ins_HumanRights_2_page_6,708.2,192.9,1517.0
1883542,stimulus_Ins_HumanRights_2_page_6,691.7,193.6,1523.0
1883543,stimulus_Ins_HumanRights_2_page_6,676.5,194.6,1530.0
1883544,stimulus_Ins_HumanRights_2_page_6,659.9,195.3,1538.0
1883545,stimulus_Ins_HumanRights_2_page_6,642.6,195.7,1542.0
1883546,stimulus_Ins_HumanRights_2_page_6,625.1,196.1,1544.0
1883547,stimulus_Ins_HumanRights_2_page_6,607.7,196.5,1544.0
1883548,stimulus_Ins_HumanRights_2_page_6,592.0,196.8,1543.0
1883549,stimulus_Ins_HumanRights_2_page_6,576.9,197.2,1543.0
1883550,stimulus_Ins_HumanRights_2_page_6,563.5,197.2,1541.0
1883551,stimulus_Ins_HumanRights_2_page_6,550.3,197.1,1538.0
1883552,stimulus_Ins_HumanRights_2_page_6,540.3,196.3,1535.0
1883553,stimulus_Ins_HumanRights_2_page_6,529.8,195.3,1534.0
1883554,stimulus_Ins_HumanRights_2_page_6,521.9,194.1,1534.0
1883555,stimulus_Ins_HumanRights_2_page_6,513.5,193.4,1533.0
1883556,stimulus_Ins_HumanRights_2_page_6,507.1,192.9,1532.0
1883557,stimulus_Ins_HumanRights_2_page_6,499.9,191.5,1530.0
1883558,stimulus_Ins_HumanRights_2_page_6,491.9,190.3,1527.0
1883559,stimulus_Ins_HumanRights_2_page_6,485.3,189.3,1525.0
1883560,stimulus_Ins_HumanRights_2_page_6,478.7,189.4,1523.0
1883561,stimulus_Ins_HumanRights_2_page_6,471.5,189.3,1522.0
1883562,stimulus_Ins_HumanRights_2_page_6,463.2,189.3,1522.0
1883563,stimulus_Ins_HumanRights_2_page_6,456.1,189.3,1522.0
1883564,stimulus_Ins_HumanRights_2_page_6,449.8,189.0,1523.0
1883565,stimulus_Ins_HumanRights_2_page_6,442.8,188.6,1523.0
1883566,stimulus_Ins_HumanRights_2_page_6,434.3,188.1,1522.0
1883567,stimulus_Ins_HumanRights_2_page_6,425.5,187.3,1520.0
1883568,stimulus_Ins_HumanRights_2_page_6,417.2,186.4,1518.0
1883569,stimulus_Ins_HumanRights_2_page_6,410.5,185.4,1518.0
1883570,stimulus_Ins_HumanRights_2_page_6,405.9,184.7,1518.0
1883571,stimulus_Ins_HumanRights_2_page_6,402.4,184.5,1518.0
1883572,stimulus_Ins_HumanRights_2_page_6,398.6,184.7,1517.0
1883573,stimulus_Ins_HumanRights_2_page_6,394.8,185.3,1516.0
1883574,stimulus_Ins_HumanRights_2_page_6,390.5,186.0,1517.0
1883575,stimulus_Ins_HumanRights_2_page_6,387.1,186.2,1519.0
1883576,stimulus_Ins_HumanRights_2_page_6,384.6,186.1,1521.0
1883577,stimulus_Ins_HumanRights_2_page_6,383.0,186.8,1522.0
1883578,stimulus_Ins_HumanRights_2_page_6,382.3,187.7,1522.0
1883579,stimulus_Ins_HumanRights_2_page_6,382.5,189.2,1521.0
1883580,stimulus_Ins_HumanRights_2_page_6,383.7,190.4,1522.0
1883581,stimulus_Ins_HumanRights_2_page_6,385.8,191.7,1524.0
1883582,stimulus_Ins_HumanRights_2_page_6,387.8,192.7,1526.0
1883583,stimulus_Ins_HumanRights_2_page_6,390.8,194.1,1529.0
1883584,stimulus_Ins_HumanRights_2_page_6,393.7,195.3,1530.0
1883585,stimulus_Ins_HumanRights_2_page_6,396.5,196.1,1532.0
1883586,stimulus_Ins_HumanRights_2_page_6,399.0,195.9,1534.0
1883587,stimulus_Ins_HumanRights_2_page_6,401.1,196.0,1535.0
1883588,stimulus_Ins_HumanRights_2_page_6,402.4,196.4,1535.0
1883589,stimulus_Ins_HumanRights_2_page_6,402.7,196.8,1535.0
1883590,stimulus_Ins_HumanRights_2_page_6,402.6,196.9,1535.0
1883591,stimulus_Ins_HumanRights_2_page_6,402.5,196.7,1536.0
1883592,stimulus_Ins_HumanRights_2_page_6,402.5,196.3,1536.0
1883593,stimulus_Ins_HumanRights_2_page_6,402.2,195.8,1536.0
1883594,stimulus_Ins_HumanRights_2_page_6,401.6,195.5,1535.0
1883595,stimulus_Ins_HumanRights_2_page_6,400.6,195.2,1535.0
1883596,stimulus_Ins_HumanRights_2_page_6,399.7,195.2,1535.0
1883597,stimulus_Ins_HumanRights_2_page_6,398.7,195.2,1535.0
1883598,stimulus_Ins_HumanRights_2_page_6,398.2,195.3,1535.0
1883599,stimulus_Ins_HumanRights_2_page_6,397.4,195.4,1535.0
1883600,stimulus_Ins_HumanRights_2_page_6,396.9,195.3,1533.0
1883601,stimulus_Ins_HumanRights_2_page_6,396.4,194.9,1532.0
1883602,stimulus_Ins_HumanRights_2_page_6,396.5,194.3,1530.0
1883603,stimulus_Ins_HumanRights_2_page_6,396.9,194.0,1530.0
1883604,stimulus_Ins_HumanRights_2_page_6,397.5,193.8,1530.0
1883605,stimulus_Ins_HumanRights_2_page_6,397.8,194.1,1530.0
1883606,stimulus_Ins_HumanRights_2_page_6,398.1,194.9,1530.0
1883607,stimulus_Ins_HumanRights_2_page_6,398.6,195.6,1531.0
1883608,stimulus_Ins_HumanRights_2_page_6,399.2,196.2,1532.0
1883609,stimulus_Ins_HumanRights_2_page_6,399.8,196.4,1533.0
1883610,stimulus_Ins_HumanRights_2_page_6,400.1,197.1,1531.0
1883611,stimulus_Ins_HumanRights_2_page_6,400.4,197.7,1529.0
1883612,stimulus_Ins_HumanRights_2_page_6,400.4,198.4,1528.0
1883613,stimulus_Ins_HumanRights_2_page_6,400.7,198.6,1529.0
1883614,stimulus_Ins_HumanRights_2_page_6,400.9,198.7,1530.0
1883615,stimulus_Ins_HumanRights_2_page_6,401.1,198.9,1531.0
1883616,stimulus_Ins_HumanRights_2_page_6,401.3,199.2,1531.0
1883617,stimulus_Ins_HumanRights_2_page_6,401.4,199.4,1530.0
1883618,stimulus_Ins_HumanRights_2_page_6,401.4,199.7,1530.0
1883619,stimulus_Ins_HumanRights_2_page_6,401.6,200.0,1531.0
1883620,stimulus_Ins_HumanRights_2_page_6,401.7,200.5,1531.0
1883621,stimulus_Ins_HumanRights_2_page_6,401.9,200.8,1531.0
1883622,stimulus_Ins_HumanRights_2_page_6,402.0,201.0,1531.0
1883623,stimulus_Ins_HumanRights_2_page_6,401.9,201.2,1532.0
1883624,stimulus_Ins_HumanRights_2_page_6,401.7,201.2,1532.0
1883625,stimulus_Ins_HumanRights_2_page_6,401.5,201.1,1533.0
1883626,stimulus_Ins_HumanRights_2_page_6,401.5,201.0,1534.0
1883627,stimulus_Ins_HumanRights_2_page_6,401.5,201.0,1534.0
1883628,stimulus_Ins_HumanRights_2_page_6,401.4,201.6,1535.0
1883629,stimulus_Ins_HumanRights_2_page_6,401.4,202.1,1534.0
1883630,stimulus_Ins_HumanRights_2_page_6,401.4,202.0,1534.0
1883631,stimulus_Ins_HumanRights_2_page_6,401.4,201.5,1533.0
1883632,stimulus_Ins_HumanRights_2_page_6,401.4,201.2,1535.0
1883633,stimulus_Ins_HumanRights_2_page_6,401.4,201.4,1537.0
1883634,stimulus_Ins_HumanRights_2_page_6,401.4,201.6,1539.0
1883635,stimulus_Ins_HumanRights_2_page_6,401.5,201.5,1540.0
1883636,stimulus_Ins_HumanRights_2_page_6,401.5,201.4,1541.0
1883637,stimulus_Ins_HumanRights_2_page_6,401.5,201.3,1541.0
1883638,stimulus_Ins_HumanRights_2_page_6,401.3,201.2,1541.0
1883639,stimulus_Ins_HumanRights_2_page_6,401.1,201.2,1541.0
1883640,stimulus_Ins_HumanRights_2_page_6,400.9,201.1,1540.0
1883641,stimulus_Ins_HumanRights_2_page_6,400.8,201.1,1540.0
1883642,stimulus_Ins_HumanRights_2_page_6,400.8,201.3,1539.0
1883643,stimulus_Ins_HumanRights_2_page_6,400.4,201.4,1539.0
1883644,stimulus_Ins_HumanRights_2_page_6,400.0,201.6,1541.0
1883645,stimulus_Ins_HumanRights_2_page_6,399.6,201.7,1544.0
1883646,stimulus_Ins_HumanRights_2_page_6,399.6,201.7,1547.0
1883647,stimulus_Ins_HumanRights_2_page_6,399.9,201.7,1547.0
1883648,stimulus_Ins_HumanRights_2_page_6,400.2,201.7,1546.0
1883649,stimulus_Ins_HumanRights_2_page_6,400.4,201.8,1546.0
1883650,stimulus_Ins_HumanRights_2_page_6,400.2,201.8,1545.0
1883651,stimulus_Ins_HumanRights_2_page_6,400.0,201.9,1546.0
1883652,stimulus_Ins_HumanRights_2_page_6,400.0,201.8,1546.0
1883653,stimulus_Ins_HumanRights_2_page_6,400.2,201.7,1546.0
1883654,stimulus_Ins_HumanRights_2_page_6,400.4,201.6,1545.0
1883655,stimulus_Ins_HumanRights_2_page_6,400.7,201.7,1545.0
1883656,stimulus_Ins_HumanRights_2_page_6,400.8,201.9,1544.0
1883657,stimulus_Ins_HumanRights_2_page_6,400.8,202.2,1544.0
1883658,stimulus_Ins_HumanRights_2_page_6,400.7,202.5,1543.0
1883659,stimulus_Ins_HumanRights_2_page_6,400.6,202.7,1543.0
1883660,stimulus_Ins_HumanRights_2_page_6,400.6,202.6,1543.0
1883661,stimulus_Ins_HumanRights_2_page_6,400.5,202.7,1545.0
1883662,stimulus_Ins_HumanRights_2_page_6,400.9,202.7,1546.0
1883663,stimulus_Ins_HumanRights_2_page_6,401.1,203.3,1546.0
1883664,stimulus_Ins_HumanRights_2_page_6,401.5,203.8,1547.0
1883665,stimulus_Ins_HumanRights_2_page_6,401.5,204.4,1548.0
1883666,stimulus_Ins_HumanRights_2_page_6,401.6,204.5,1548.0
1883667,stimulus_Ins_HumanRights_2_page_6,401.6,204.4,1548.0
1883668,stimulus_Ins_HumanRights_2_page_6,401.7,204.1,1548.0
1883669,stimulus_Ins_HumanRights_2_page_6,401.9,203.8,1547.0
1883670,stimulus_Ins_HumanRights_2_page_6,402.3,203.6,1547.0
1883671,stimulus_Ins_HumanRights_2_page_6,402.6,203.4,1547.0
1883672,stimulus_Ins_HumanRights_2_page_6,402.7,203.4,1548.0
1883673,stimulus_Ins_HumanRights_2_page_6,402.8,203.4,1548.0
1883674,stimulus_Ins_HumanRights_2_page_6,402.9,203.4,1551.0
1883675,stimulus_Ins_HumanRights_2_page_6,403.0,203.4,1552.0
1883676,stimulus_Ins_HumanRights_2_page_6,403.1,203.5,1553.0
1883677,stimulus_Ins_HumanRights_2_page_6,403.4,203.5,1552.0
1883678,stimulus_Ins_HumanRights_2_page_6,403.7,203.5,1552.0
1883679,stimulus_Ins_HumanRights_2_page_6,404.0,203.4,1554.0
1883680,stimulus_Ins_HumanRights_2_page_6,404.2,203.3,1555.0
1883681,stimulus_Ins_HumanRights_2_page_6,404.3,203.1,1557.0
1883682,stimulus_Ins_HumanRights_2_page_6,404.2,202.9,1556.0
1883683,stimulus_Ins_HumanRights_2_page_6,404.1,202.6,1555.0
1883684,stimulus_Ins_HumanRights_2_page_6,404.1,202.5,1557.0
1883685,stimulus_Ins_HumanRights_2_page_6,404.2,202.4,1559.0
1883686,stimulus_Ins_HumanRights_2_page_6,404.3,202.2,1562.0
1883687,stimulus_Ins_HumanRights_2_page_6,404.3,202.0,1563.0
1883688,stimulus_Ins_HumanRights_2_page_6,404.4,201.8,1564.0
1883689,stimulus_Ins_HumanRights_2_page_6,404.2,201.8,1563.0
1883690,stimulus_Ins_HumanRights_2_page_6,404.0,201.8,1562.0
1883691,stimulus_Ins_HumanRights_2_page_6,403.9,202.1,1561.0
1883692,stimulus_Ins_HumanRights_2_page_6,403.9,202.4,1561.0
1883693,stimulus_Ins_HumanRights_2_page_6,404.1,202.7,1561.0
1883694,stimulus_Ins_HumanRights_2_page_6,404.1,202.7,1561.0
1883695,stimulus_Ins_HumanRights_2_page_6,404.1,202.6,1561.0
1883696,stimulus_Ins_HumanRights_2_page_6,404.3,202.4,1561.0
1883697,stimulus_Ins_HumanRights_2_page_6,404.5,202.3,1562.0
1883698,stimulus_Ins_HumanRights_2_page_6,404.7,202.4,1564.0
1883699,stimulus_Ins_HumanRights_2_page_6,404.6,202.5,1565.0
1883700,stimulus_Ins_HumanRights_2_page_6,404.6,202.6,1564.0
1883701,stimulus_Ins_HumanRights_2_page_6,404.6,202.5,1563.0
1883702,stimulus_Ins_HumanRights_2_page_6,404.6,202.5,1562.0
1883703,stimulus_Ins_HumanRights_2_page_6,404.4,202.6,1563.0
1883704,stimulus_Ins_HumanRights_2_page_6,404.4,202.9,1564.0
1883705,stimulus_Ins_HumanRights_2_page_6,404.3,203.3,1564.0
1883706,stimulus_Ins_HumanRights_2_page_6,404.0,203.8,1565.0
1883707,stimulus_Ins_HumanRights_2_page_6,403.6,203.7,1566.0
1883708,stimulus_Ins_HumanRights_2_page_6,402.6,203.5,1567.0
1883709,stimulus_Ins_HumanRights_2_page_6,402.0,203.2,1567.0
1883710,stimulus_Ins_HumanRights_2_page_6,402.0,203.4,1566.0
1883711,stimulus_Ins_HumanRights_2_page_6,402.4,203.5,1565.0
1883712,stimulus_Ins_HumanRights_2_page_6,402.8,203.7,1564.0
1883713,stimulus_Ins_HumanRights_2_page_6,402.5,203.4,1566.0
1883714,stimulus_Ins_HumanRights_2_page_6,402.2,203.1,1569.0
1883715,stimulus_Ins_HumanRights_2_page_6,402.1,202.8,1572.0
1883716,stimulus_Ins_HumanRights_2_page_6,402.0,202.9,1574.0
1883717,stimulus_Ins_HumanRights_2_page_6,402.0,203.0,1576.0
1883718,stimulus_Ins_HumanRights_2_page_6,402.0,203.1,1577.0
1883719,stimulus_Ins_HumanRights_2_page_6,402.1,203.0,1574.0
1883720,stimulus_Ins_HumanRights_2_page_6,402.0,202.9,1571.0
1883721,stimulus_Ins_HumanRights_2_page_6,402.0,202.9,1569.0
1883722,stimulus_Ins_HumanRights_2_page_6,401.9,202.9,1570.0
1883723,stimulus_Ins_HumanRights_2_page_6,401.8,202.9,1573.0
1883724,stimulus_Ins_HumanRights_2_page_6,401.8,202.8,1576.0
1883725,stimulus_Ins_HumanRights_2_page_6,401.8,203.2,1579.0
1883726,stimulus_Ins_HumanRights_2_page_6,401.5,203.6,1581.0
1883727,stimulus_Ins_HumanRights_2_page_6,401.2,203.6,1582.0
1883728,stimulus_Ins_HumanRights_2_page_6,401.1,203.2,1582.0
1883729,stimulus_Ins_HumanRights_2_page_6,401.2,202.9,1582.0
1883730,stimulus_Ins_HumanRights_2_page_6,401.5,203.0,1582.0
1883731,stimulus_Ins_HumanRights_2_page_6,401.7,203.2,1582.0
1883732,stimulus_Ins_HumanRights_2_page_6,401.7,203.4,1583.0
1883733,stimulus_Ins_HumanRights_2_page_6,401.7,203.5,1585.0
1883734,stimulus_Ins_HumanRights_2_page_6,401.7,203.5,1586.0
1883735,stimulus_Ins_HumanRights_2_page_6,401.7,203.3,1586.0
1883736,stimulus_Ins_HumanRights_2_page_6,401.7,203.2,1587.0
1883737,stimulus_Ins_HumanRights_2_page_6,401.7,203.6,1587.0
1883738,stimulus_Ins_HumanRights_2_page_6,401.5,203.9,1588.0
1883739,stimulus_Ins_HumanRights_2_page_6,401.3,204.0,1588.0
1883740,stimulus_Ins_HumanRights_2_page_6,401.0,203.5,1587.0
1883741,stimulus_Ins_HumanRights_2_page_6,400.9,202.9,1587.0
1883742,stimulus_Ins_HumanRights_2_page_6,401.0,202.8,1586.0
1883743,stimulus_Ins_HumanRights_2_page_6,401.3,203.0,1588.0
1883744,stimulus_Ins_HumanRights_2_page_6,401.5,203.2,1589.0
1883745,stimulus_Ins_HumanRights_2_page_6,401.7,203.3,1590.0
1883746,stimulus_Ins_HumanRights_2_page_6,402.0,203.1,1589.0
1883747,stimulus_Ins_HumanRights_2_page_6,402.1,202.9,1589.0
1883748,stimulus_Ins_HumanRights_2_page_6,401.7,202.6,1589.0
1883749,stimulus_Ins_HumanRights_2_page_6,401.2,202.7,1590.0
1883750,stimulus_Ins_HumanRights_2_page_6,401.3,202.8,1591.0
1883751,stimulus_Ins_HumanRights_2_page_6,401.7,203.2,1592.0
1883752,stimulus_Ins_HumanRights_2_page_6,402.2,203.4,1592.0
1883753,stimulus_Ins_HumanRights_2_page_6,402.3,203.5,1593.0
1883754,stimulus_Ins_HumanRights_2_page_6,402.1,203.3,1594.0
1883755,stimulus_Ins_HumanRights_2_page_6,402.0,203.2,1596.0
1883756,stimulus_Ins_HumanRights_2_page_6,401.8,203.3,1597.0
1883757,stimulus_Ins_HumanRights_2_page_6,401.5,203.2,1598.0
1883758,stimulus_Ins_HumanRights_2_page_6,401.2,203.0,1598.0
1883759,stimulus_Ins_HumanRights_2_page_6,401.3,202.8,1599.0
1883760,stimulus_Ins_HumanRights_2_page_6,401.7,202.8,1599.0
1883761,stimulus_Ins_HumanRights_2_page_6,401.5,202.9,1600.0
1883762,stimulus_Ins_HumanRights_2_page_6,400.9,203.0,1600.0
1883763,stimulus_Ins_HumanRights_2_page_6,400.3,203.1,1600.0
1883764,stimulus_Ins_HumanRights_2_page_6,400.2,203.2,1600.0
1883765,stimulus_Ins_HumanRights_2_page_6,400.1,203.0,1599.0
1883766,stimulus_Ins_HumanRights_2_page_6,399.8,202.9,1599.0
1883767,stimulus_Ins_HumanRights_2_page_6,399.5,202.8,1600.0
1883768,stimulus_Ins_HumanRights_2_page_6,399.3,202.8,1600.0
1883769,stimulus_Ins_HumanRights_2_page_6,399.3,202.7,1600.0
1883770,stimulus_Ins_HumanRights_2_page_6,399.3,202.8,1601.0
1883771,stimulus_Ins_HumanRights_2_page_6,399.3,203.0,1603.0
1883772,stimulus_Ins_HumanRights_2_page_6,399.0,203.1,1605.0
1883773,stimulus_Ins_HumanRights_2_page_6,398.6,202.9,1605.0
1883774,stimulus_Ins_HumanRights_2_page_6,398.4,202.8,1604.0
1883775,stimulus_Ins_HumanRights_2_page_6,398.2,202.5,1606.0
1883776,stimulus_Ins_HumanRights_2_page_6,398.0,202.3,1608.0
1883777,stimulus_Ins_HumanRights_2_page_6,397.6,202.6,1609.0
1883778,stimulus_Ins_HumanRights_2_page_6,397.4,203.0,1609.0
1883779,stimulus_Ins_HumanRights_2_page_6,397.2,203.3,1609.0
1883780,stimulus_Ins_HumanRights_2_page_6,397.1,203.3,1608.0
1883781,stimulus_Ins_HumanRights_2_page_6,396.9,203.5,1607.0
1883782,stimulus_Ins_HumanRights_2_page_6,396.8,203.8,1606.0
1883783,stimulus_Ins_HumanRights_2_page_6,396.7,204.1,1607.0
1883784,stimulus_Ins_HumanRights_2_page_6,396.8,204.2,1609.0
1883785,stimulus_Ins_HumanRights_2_page_6,396.8,204.3,1611.0
1883786,stimulus_Ins_HumanRights_2_page_6,396.7,204.4,1612.0
1883787,stimulus_Ins_HumanRights_2_page_6,396.6,204.6,1612.0
1883788,stimulus_Ins_HumanRights_2_page_6,396.5,204.7,1613.0
1883789,stimulus_Ins_HumanRights_2_page_6,396.4,204.7,1614.0
1883790,stimulus_Ins_HumanRights_2_page_6,396.3,204.5,1615.0
1883791,stimulus_Ins_HumanRights_2_page_6,396.2,204.5,1615.0
1883792,stimulus_Ins_HumanRights_2_page_6,396.1,204.3,1613.0
1883793,stimulus_Ins_HumanRights_2_page_6,395.9,204.2,1611.0
1883794,stimulus_Ins_HumanRights_2_page_6,395.7,204.4,1612.0
1883795,stimulus_Ins_HumanRights_2_page_6,395.7,204.8,1615.0
1883796,stimulus_Ins_HumanRights_2_page_6,395.7,205.2,1618.0
1883797,stimulus_Ins_HumanRights_2_page_6,395.7,205.1,1619.0
1883798,stimulus_Ins_HumanRights_2_page_6,395.9,204.8,1618.0
1883799,stimulus_Ins_HumanRights_2_page_6,396.3,204.6,1618.0
1883800,stimulus_Ins_HumanRights_2_page_6,396.8,204.4,1619.0
1883801,stimulus_Ins_HumanRights_2_page_6,397.2,204.3,1620.0
1883802,stimulus_Ins_HumanRights_2_page_6,397.9,204.3,1622.0
1883803,stimulus_Ins_HumanRights_2_page_6,399.3,204.6,1622.0
1883804,stimulus_Ins_HumanRights_2_page_6,400.7,205.1,1622.0
1883805,stimulus_Ins_HumanRights_2_page_6,401.5,206.1,1622.0
1883806,stimulus_Ins_HumanRights_2_page_6,400.9,206.8,1623.0
1883807,stimulus_Ins_HumanRights_2_page_6,398.9,207.4,1625.0
1883808,stimulus_Ins_HumanRights_2_page_6,395.8,207.3,1627.0
1883809,stimulus_Ins_HumanRights_2_page_6,390.6,207.2,1628.0
1883810,stimulus_Ins_HumanRights_2_page_6,384.8,207.2,1627.0
1883811,stimulus_Ins_HumanRights_2_page_6,378.0,207.2,1630.0
1883812,stimulus_Ins_HumanRights_2_page_6,370.4,207.0,1635.0
1883813,stimulus_Ins_HumanRights_2_page_6,361.6,206.7,1640.0
1883814,stimulus_Ins_HumanRights_2_page_6,351.0,206.2,1644.0
1883815,stimulus_Ins_HumanRights_2_page_6,341.3,205.9,1646.0
1883816,stimulus_Ins_HumanRights_2_page_6,331.2,204.5,1648.0
1883817,stimulus_Ins_HumanRights_2_page_6,322.9,203.3,1648.0
1883818,stimulus_Ins_HumanRights_2_page_6,315.0,201.9,1648.0
1883819,stimulus_Ins_HumanRights_2_page_6,307.4,201.5,1647.0
1883820,stimulus_Ins_HumanRights_2_page_6,299.4,201.1,1646.0
1883821,stimulus_Ins_HumanRights_2_page_6,292.5,200.1,1645.0
1883822,stimulus_Ins_HumanRights_2_page_6,286.8,199.1,1645.0
1883823,stimulus_Ins_HumanRights_2_page_6,282.3,198.0,1644.0
1883824,stimulus_Ins_HumanRights_2_page_6,278.5,197.8,1644.0
1883825,stimulus_Ins_HumanRights_2_page_6,276.6,197.7,1643.0
1883826,stimulus_Ins_HumanRights_2_page_6,276.6,198.3,1641.0
1883827,stimulus_Ins_HumanRights_2_page_6,277.6,198.9,1638.0
1883828,stimulus_Ins_HumanRights_2_page_6,278.7,199.6,1634.0
1883829,stimulus_Ins_HumanRights_2_page_6,280.2,200.4,1633.0
1883830,stimulus_Ins_HumanRights_2_page_6,282.2,201.4,1635.0
1883831,stimulus_Ins_HumanRights_2_page_6,284.4,202.6,1638.0
1883832,stimulus_Ins_HumanRights_2_page_6,285.9,203.4,1641.0
1883833,stimulus_Ins_HumanRights_2_page_6,287.4,204.0,1641.0
1883834,stimulus_Ins_HumanRights_2_page_6,288.7,204.5,1641.0
1883835,stimulus_Ins_HumanRights_2_page_6,289.9,205.3,1643.0
1883836,stimulus_Ins_HumanRights_2_page_6,290.2,205.9,1646.0
1883837,stimulus_Ins_HumanRights_2_page_6,290.3,206.3,1648.0
1883838,stimulus_Ins_HumanRights_2_page_6,290.3,206.3,1651.0
1883839,stimulus_Ins_HumanRights_2_page_6,290.3,206.2,1653.0
1883840,stimulus_Ins_HumanRights_2_page_6,290.0,206.2,1655.0
1883841,stimulus_Ins_HumanRights_2_page_6,289.7,206.1,1655.0
1883842,stimulus_Ins_HumanRights_2_page_6,289.4,206.0,1655.0
1883843,stimulus_Ins_HumanRights_2_page_6,289.0,205.8,1654.0
1883844,stimulus_Ins_HumanRights_2_page_6,288.2,205.7,1654.0
1883845,stimulus_Ins_HumanRights_2_page_6,287.3,205.5,1655.0
1883846,stimulus_Ins_HumanRights_2_page_6,287.0,205.3,1656.0
1883847,stimulus_Ins_HumanRights_2_page_6,286.8,205.2,1657.0
1883848,stimulus_Ins_HumanRights_2_page_6,286.7,205.2,1657.0
1883849,stimulus_Ins_HumanRights_2_page_6,286.5,205.2,1656.0
1883850,stimulus_Ins_HumanRights_2_page_6,286.2,205.3,1656.0
1883851,stimulus_Ins_HumanRights_2_page_6,285.8,205.4,1656.0
1883852,stimulus_Ins_HumanRights_2_page_6,285.6,205.4,1656.0
1883853,stimulus_Ins_HumanRights_2_page_6,285.7,205.4,1655.0
1883854,stimulus_Ins_HumanRights_2_page_6,285.9,205.4,1653.0
1883855,stimulus_Ins_HumanRights_2_page_6,286.3,205.6,1651.0
1883856,stimulus_Ins_HumanRights_2_page_6,286.5,205.8,1651.0
1883857,stimulus_Ins_HumanRights_2_page_6,286.7,206.0,1651.0
1883858,stimulus_Ins_HumanRights_2_page_6,286.6,206.0,1651.0
1883859,stimulus_Ins_HumanRights_2_page_6,286.4,206.3,1651.0
1883860,stimulus_Ins_HumanRights_2_page_6,286.4,206.6,1652.0
1883861,stimulus_Ins_HumanRights_2_page_6,286.5,207.0,1654.0
1883862,stimulus_Ins_HumanRights_2_page_6,286.3,207.1,1656.0
1883863,stimulus_Ins_HumanRights_2_page_6,285.9,207.2,1656.0
1883864,stimulus_Ins_HumanRights_2_page_6,285.5,207.2,1657.0
1883865,stimulus_Ins_HumanRights_2_page_6,285.4,207.2,1657.0
1883866,stimulus_Ins_HumanRights_2_page_6,285.5,207.3,1659.0
1883867,stimulus_Ins_HumanRights_2_page_6,285.7,207.4,1661.0
1883868,stimulus_Ins_HumanRights_2_page_6,286.2,207.4,1662.0
1883869,stimulus_Ins_HumanRights_2_page_6,286.5,207.5,1662.0
1883870,stimulus_Ins_HumanRights_2_page_6,286.7,207.5,1662.0
1883871,stimulus_Ins_HumanRights_2_page_6,286.6,207.3,1662.0
1883872,stimulus_Ins_HumanRights_2_page_6,286.6,207.0,1663.0
1883873,stimulus_Ins_HumanRights_2_page_6,286.6,206.8,1663.0
1883874,stimulus_Ins_HumanRights_2_page_6,286.5,207.0,1664.0
1883875,stimulus_Ins_HumanRights_2_page_6,286.4,207.3,1667.0
1883876,stimulus_Ins_HumanRights_2_page_6,286.1,207.5,1669.0
1883877,stimulus_Ins_HumanRights_2_page_6,285.9,207.8,1672.0
1883878,stimulus_Ins_HumanRights_2_page_6,285.8,208.0,1671.0
1883879,stimulus_Ins_HumanRights_2_page_6,285.7,208.2,1670.0
1883880,stimulus_Ins_HumanRights_2_page_6,285.7,208.3,1668.0
1883881,stimulus_Ins_HumanRights_2_page_6,285.7,208.4,1669.0
1883882,stimulus_Ins_HumanRights_2_page_6,285.7,208.1,1671.0
1883883,stimulus_Ins_HumanRights_2_page_6,285.8,207.9,1673.0
1883884,stimulus_Ins_HumanRights_2_page_6,285.9,207.6,1674.0
1883885,stimulus_Ins_HumanRights_2_page_6,285.9,207.7,1676.0
1883886,stimulus_Ins_HumanRights_2_page_6,285.8,207.7,1678.0
1883887,stimulus_Ins_HumanRights_2_page_6,285.4,207.6,1679.0
1883888,stimulus_Ins_HumanRights_2_page_6,284.9,207.5,1679.0
1883889,stimulus_Ins_HumanRights_2_page_6,284.5,207.6,1678.0
1883890,stimulus_Ins_HumanRights_2_page_6,284.5,207.6,1679.0
1883891,stimulus_Ins_HumanRights_2_page_6,284.7,207.6,1679.0
1883892,stimulus_Ins_HumanRights_2_page_6,284.9,207.6,1679.0
1883893,stimulus_Ins_HumanRights_2_page_6,284.9,207.6,1679.0
1883894,stimulus_Ins_HumanRights_2_page_6,284.9,207.4,1681.0
1883895,stimulus_Ins_HumanRights_2_page_6,284.9,207.2,1683.0
1883896,stimulus_Ins_HumanRights_2_page_6,285.0,206.9,1685.0
1883897,stimulus_Ins_HumanRights_2_page_6,285.0,206.9,1685.0
1883898,stimulus_Ins_HumanRights_2_page_6,285.0,206.9,1686.0
1883899,stimulus_Ins_HumanRights_2_page_6,285.0,206.9,1685.0
1883900,stimulus_Ins_HumanRights_2_page_6,284.8,207.0,1685.0
1883901,stimulus_Ins_HumanRights_2_page_6,284.5,207.0,1685.0
1883902,stimulus_Ins_HumanRights_2_page_6,284.2,207.1,1684.0
1883903,stimulus_Ins_HumanRights_2_page_6,284.2,207.2,1685.0
1883904,stimulus_Ins_HumanRights_2_page_6,284.3,207.2,1686.0
1883905,stimulus_Ins_HumanRights_2_page_6,284.3,207.0,1687.0
1883906,stimulus_Ins_HumanRights_2_page_6,284.2,206.7,1688.0
1883907,stimulus_Ins_HumanRights_2_page_6,284.1,206.5,1688.0
1883908,stimulus_Ins_HumanRights_2_page_6,283.8,206.4,1689.0
1883909,stimulus_Ins_HumanRights_2_page_6,283.7,206.5,1690.0
1883910,stimulus_Ins_HumanRights_2_page_6,283.5,206.7,1690.0
1883911,stimulus_Ins_HumanRights_2_page_6,283.6,206.9,1692.0
1883912,stimulus_Ins_HumanRights_2_page_6,283.7,206.9,1693.0
1883913,stimulus_Ins_HumanRights_2_page_6,283.9,207.1,1694.0
1883914,stimulus_Ins_HumanRights_2_page_6,284.1,207.3,1694.0
1883915,stimulus_Ins_HumanRights_2_page_6,284.1,207.5,1694.0
1883916,stimulus_Ins_HumanRights_2_page_6,284.2,207.3,1694.0
1883917,stimulus_Ins_HumanRights_2_page_6,284.2,207.2,1695.0
1883918,stimulus_Ins_HumanRights_2_page_6,284.2,207.0,1696.0
1883919,stimulus_Ins_HumanRights_2_page_6,284.1,206.9,1697.0
1883920,stimulus_Ins_HumanRights_2_page_6,283.9,206.7,1697.0
1883921,stimulus_Ins_HumanRights_2_page_6,283.8,206.5,1697.0
1883922,stimulus_Ins_HumanRights_2_page_6,283.8,206.4,1697.0
1883923,stimulus_Ins_HumanRights_2_page_6,283.5,206.6,1697.0
1883924,stimulus_Ins_HumanRights_2_page_6,283.3,206.7,1698.0
1883925,stimulus_Ins_HumanRights_2_page_6,282.9,206.7,1699.0
1883926,stimulus_Ins_HumanRights_2_page_6,282.9,206.7,1699.0
1883927,stimulus_Ins_HumanRights_2_page_6,283.2,206.7,1702.0
1883928,stimulus_Ins_HumanRights_2_page_6,283.5,206.8,1704.0
1883929,stimulus_Ins_HumanRights_2_page_6,283.5,206.8,1707.0
1883930,stimulus_Ins_HumanRights_2_page_6,283.2,206.9,1707.0
1883931,stimulus_Ins_HumanRights_2_page_6,282.9,207.0,1707.0
1883932,stimulus_Ins_HumanRights_2_page_6,282.9,206.8,1707.0
1883933,stimulus_Ins_HumanRights_2_page_6,283.0,206.6,1707.0
1883934,stimulus_Ins_HumanRights_2_page_6,282.8,206.4,1708.0
1883935,stimulus_Ins_HumanRights_2_page_6,282.5,206.4,1708.0
1883936,stimulus_Ins_HumanRights_2_page_6,282.1,206.4,1708.0
1883937,stimulus_Ins_HumanRights_2_page_6,282.4,206.2,1708.0
1883938,stimulus_Ins_HumanRights_2_page_6,282.7,206.0,1708.0
1883939,stimulus_Ins_HumanRights_2_page_6,283.0,205.8,1708.0
1883940,stimulus_Ins_HumanRights_2_page_6,282.8,205.9,1708.0
1883941,stimulus_Ins_HumanRights_2_page_6,282.6,206.0,1708.0
1883942,stimulus_Ins_HumanRights_2_page_6,282.3,206.0,1707.0
1883943,stimulus_Ins_HumanRights_2_page_6,282.6,206.0,1710.0
1883944,stimulus_Ins_HumanRights_2_page_6,282.8,206.0,1712.0
1883945,stimulus_Ins_HumanRights_2_page_6,283.0,205.7,1714.0
1883946,stimulus_Ins_HumanRights_2_page_6,282.9,205.3,1713.0
1883947,stimulus_Ins_HumanRights_2_page_6,282.8,205.7,1713.0
1883948,stimulus_Ins_HumanRights_2_page_6,282.5,206.5,1713.0
1883949,stimulus_Ins_HumanRights_2_page_6,282.3,206.6,1714.0
1883950,stimulus_Ins_HumanRights_2_page_6,282.2,205.9,1715.0
1883951,stimulus_Ins_HumanRights_2_page_6,282.4,205.2,1716.0
1883952,stimulus_Ins_HumanRights_2_page_6,282.5,205.1,1718.0
1883953,stimulus_Ins_HumanRights_2_page_6,282.4,205.2,1719.0
1883954,stimulus_Ins_HumanRights_2_page_6,282.1,205.2,1720.0
1883955,stimulus_Ins_HumanRights_2_page_6,281.9,205.3,1720.0
1883956,stimulus_Ins_HumanRights_2_page_6,281.8,205.3,1720.0
1883957,stimulus_Ins_HumanRights_2_page_6,281.6,205.5,1720.0
1883958,stimulus_Ins_HumanRights_2_page_6,281.9,205.7,1722.0
1883959,stimulus_Ins_HumanRights_2_page_6,282.4,205.9,1723.0
1883960,stimulus_Ins_HumanRights_2_page_6,282.8,205.9,1725.0
1883961,stimulus_Ins_HumanRights_2_page_6,283.1,205.8,1725.0
1883962,stimulus_Ins_HumanRights_2_page_6,283.4,205.8,1725.0
1883963,stimulus_Ins_HumanRights_2_page_6,283.7,205.7,1725.0
1883964,stimulus_Ins_HumanRights_2_page_6,283.5,205.7,1725.0
1883965,stimulus_Ins_HumanRights_2_page_6,283.2,205.8,1726.0
1883966,stimulus_Ins_HumanRights_2_page_6,283.0,205.4,1727.0
1883967,stimulus_Ins_HumanRights_2_page_6,283.0,205.1,1729.0
1883968,stimulus_Ins_HumanRights_2_page_6,283.1,204.7,1730.0
1883969,stimulus_Ins_HumanRights_2_page_6,283.4,204.7,1732.0
1883970,stimulus_Ins_HumanRights_2_page_6,283.7,204.8,1732.0
1883971,stimulus_Ins_HumanRights_2_page_6,284.1,205.0,1733.0
1883972,stimulus_Ins_HumanRights_2_page_6,284.4,205.1,1733.0
1883973,stimulus_Ins_HumanRights_2_page_6,284.7,205.0,1735.0
1883974,stimulus_Ins_HumanRights_2_page_6,284.7,204.8,1738.0
1883975,stimulus_Ins_HumanRights_2_page_6,284.8,204.8,1740.0
1883976,stimulus_Ins_HumanRights_2_page_6,284.8,205.0,1740.0
1883977,stimulus_Ins_HumanRights_2_page_6,284.8,205.3,1741.0
1883978,stimulus_Ins_HumanRights_2_page_6,284.9,205.4,1741.0
1883979,stimulus_Ins_HumanRights_2_page_6,284.8,205.5,1741.0
1883980,stimulus_Ins_HumanRights_2_page_6,284.9,205.5,1741.0
1883981,stimulus_Ins_HumanRights_2_page_6,285.0,205.5,1741.0
1883982,stimulus_Ins_HumanRights_2_page_6,285.3,205.5,1741.0
1883983,stimulus_Ins_HumanRights_2_page_6,285.4,205.5,1742.0
1883984,stimulus_Ins_HumanRights_2_page_6,285.5,205.7,1743.0
1883985,stimulus_Ins_HumanRights_2_page_6,285.8,205.9,1745.0
1883986,stimulus_Ins_HumanRights_2_page_6,286.1,206.2,1745.0
1883987,stimulus_Ins_HumanRights_2_page_6,285.9,206.3,1746.0
1883988,stimulus_Ins_HumanRights_2_page_6,285.5,206.3,1747.0
1883989,stimulus_Ins_HumanRights_2_page_6,285.0,206.3,1747.0
1883990,stimulus_Ins_HumanRights_2_page_6,285.4,206.4,1748.0
1883991,stimulus_Ins_HumanRights_2_page_6,285.8,206.4,1748.0
1883992,stimulus_Ins_HumanRights_2_page_6,286.2,206.7,1749.0
1883993,stimulus_Ins_HumanRights_2_page_6,286.2,207.0,1749.0
1883994,stimulus_Ins_HumanRights_2_page_6,286.2,207.2,1750.0
1883995,stimulus_Ins_HumanRights_2_page_6,286.4,207.3,1751.0
1883996,stimulus_Ins_HumanRights_2_page_6,286.6,207.4,1752.0
1883997,stimulus_Ins_HumanRights_2_page_6,286.6,207.5,1752.0
1883998,stimulus_Ins_HumanRights_2_page_6,286.5,207.6,1752.0
1883999,stimulus_Ins_HumanRights_2_page_6,286.3,208.3,1752.0
1884000,stimulus_Ins_HumanRights_2_page_6,286.2,209.0,1752.0
1884001,stimulus_Ins_HumanRights_2_page_6,286.3,209.6,1753.0
1884002,stimulus_Ins_HumanRights_2_page_6,286.4,209.6,1753.0
1884003,stimulus_Ins_HumanRights_2_page_6,286.5,209.6,1754.0
1884004,stimulus_Ins_HumanRights_2_page_6,286.5,210.0,1754.0
1884005,stimulus_Ins_HumanRights_2_page_6,286.4,210.4,1754.0
1884006,stimulus_Ins_HumanRights_2_page_6,286.4,210.7,1755.0
1884007,stimulus_Ins_HumanRights_2_page_6,286.5,210.7,1755.0
1884008,stimulus_Ins_HumanRights_2_page_6,286.5,210.6,1755.0
1884009,stimulus_Ins_HumanRights_2_page_6,286.3,210.5,1755.0
1884010,stimulus_Ins_HumanRights_2_page_6,286.0,210.3,1754.0
1884011,stimulus_Ins_HumanRights_2_page_6,286.0,210.4,1755.0
1884012,stimulus_Ins_HumanRights_2_page_6,286.3,210.5,1757.0
1884013,stimulus_Ins_HumanRights_2_page_6,286.7,210.5,1762.0
1884014,stimulus_Ins_HumanRights_2_page_6,286.7,210.6,1765.0
1884015,stimulus_Ins_HumanRights_2_page_6,286.8,210.7,1766.0
1884016,stimulus_Ins_HumanRights_2_page_6,286.8,210.7,1765.0
1884017,stimulus_Ins_HumanRights_2_page_6,286.4,210.6,1763.0
1884018,stimulus_Ins_HumanRights_2_page_6,286.1,210.5,1763.0
1884019,stimulus_Ins_HumanRights_2_page_6,285.8,210.3,1764.0
1884020,stimulus_Ins_HumanRights_2_page_6,285.9,210.1,1764.0
1884021,stimulus_Ins_HumanRights_2_page_6,285.8,209.9,1765.0
1884022,stimulus_Ins_HumanRights_2_page_6,285.7,209.8,1766.0
1884023,stimulus_Ins_HumanRights_2_page_6,285.6,209.7,1768.0
1884024,stimulus_Ins_HumanRights_2_page_6,285.6,209.7,1770.0
1884025,stimulus_Ins_HumanRights_2_page_6,285.6,209.4,1769.0
1884026,stimulus_Ins_HumanRights_2_page_6,285.5,209.0,1768.0
1884027,stimulus_Ins_HumanRights_2_page_6,285.5,208.6,1768.0
1884028,stimulus_Ins_HumanRights_2_page_6,285.5,208.5,1769.0
1884029,stimulus_Ins_HumanRights_2_page_6,285.4,208.7,1769.0
1884030,stimulus_Ins_HumanRights_2_page_6,285.1,209.0,1768.0
1884031,stimulus_Ins_HumanRights_2_page_6,284.5,209.5,1768.0
1884032,stimulus_Ins_HumanRights_2_page_6,283.8,209.7,1768.0
1884033,stimulus_Ins_HumanRights_2_page_6,283.4,210.5,1772.0
1884034,stimulus_Ins_HumanRights_2_page_6,283.3,211.8,1775.0
1884035,stimulus_Ins_HumanRights_2_page_6,285.3,214.0,1778.0
1884036,stimulus_Ins_HumanRights_2_page_6,289.4,216.9,1779.0
1884037,stimulus_Ins_HumanRights_2_page_6,294.6,220.2,1780.0
1884038,stimulus_Ins_HumanRights_2_page_6,299.2,223.1,1781.0
1884039,stimulus_Ins_HumanRights_2_page_6,304.5,225.0,1780.0
1884040,stimulus_Ins_HumanRights_2_page_6,310.9,226.3,1782.0
1884041,stimulus_Ins_HumanRights_2_page_6,319.5,227.6,1786.0
1884042,stimulus_Ins_HumanRights_2_page_6,326.9,231.0,1790.0
1884043,stimulus_Ins_HumanRights_2_page_6,335.0,235.5,1796.0
1884044,stimulus_Ins_HumanRights_2_page_6,342.9,240.3,1801.0
1884045,stimulus_Ins_HumanRights_2_page_6,351.7,245.1,1810.0
1884046,stimulus_Ins_HumanRights_2_page_6,361.5,249.7,1816.0
1884047,stimulus_Ins_HumanRights_2_page_6,372.0,253.5,1822.0
1884048,stimulus_Ins_HumanRights_2_page_6,382.7,256.1,1825.0
1884049,stimulus_Ins_HumanRights_2_page_6,393.9,258.4,1827.0
1884050,stimulus_Ins_HumanRights_2_page_6,404.5,261.2,1831.0
1884051,stimulus_Ins_HumanRights_2_page_6,416.5,264.0,1833.0
1884052,stimulus_Ins_HumanRights_2_page_6,427.1,266.0,1836.0
1884053,stimulus_Ins_HumanRights_2_page_6,437.6,269.6,1838.0
1884054,stimulus_Ins_HumanRights_2_page_6,447.6,273.9,1839.0
1884055,stimulus_Ins_HumanRights_2_page_6,457.5,279.7,1841.0
1884056,stimulus_Ins_HumanRights_2_page_6,468.6,284.8,1842.0
1884057,stimulus_Ins_HumanRights_2_page_6,479.3,290.9,1843.0
1884058,stimulus_Ins_HumanRights_2_page_6,489.8,297.5,1844.0
1884059,stimulus_Ins_HumanRights_2_page_6,500.1,303.9,1843.0
1884060,stimulus_Ins_HumanRights_2_page_6,510.3,310.2,1841.0
1884061,stimulus_Ins_HumanRights_2_page_6,520.8,317.1,1839.0
1884062,stimulus_Ins_HumanRights_2_page_6,530.5,324.0,1839.0
1884063,stimulus_Ins_HumanRights_2_page_6,540.6,332.2,1838.0
1884064,stimulus_Ins_HumanRights_2_page_6,549.6,338.2,1836.0
1884065,stimulus_Ins_HumanRights_2_page_6,559.6,345.7,1834.0
1884066,stimulus_Ins_HumanRights_2_page_6,568.8,351.3,1833.0
1884067,stimulus_Ins_HumanRights_2_page_6,577.4,357.8,1832.0
1884068,stimulus_Ins_HumanRights_2_page_6,585.6,364.2,1830.0
1884069,stimulus_Ins_HumanRights_2_page_6,593.1,371.9,1828.0
1884070,stimulus_Ins_HumanRights_2_page_6,602.2,380.4,1827.0
1884071,stimulus_Ins_HumanRights_2_page_6,610.3,388.9,1828.0
1884072,stimulus_Ins_HumanRights_2_page_6,618.7,396.7,1828.0
1884073,stimulus_Ins_HumanRights_2_page_6,626.7,404.5,1827.0
1884074,stimulus_Ins_HumanRights_2_page_6,634.7,410.8,1825.0
1884075,stimulus_Ins_HumanRights_2_page_6,643.1,417.7,1823.0
1884076,stimulus_Ins_HumanRights_2_page_6,651.5,423.8,1822.0
1884077,stimulus_Ins_HumanRights_2_page_6,660.6,431.2,1822.0
1884078,stimulus_Ins_HumanRights_2_page_6,669.8,437.3,1822.0
1884079,stimulus_Ins_HumanRights_2_page_6,679.4,443.6,1822.0
1884080,stimulus_Ins_HumanRights_2_page_6,690.6,449.3,1821.0
1884081,stimulus_Ins_HumanRights_2_page_6,701.0,456.1,1820.0
1884082,stimulus_Ins_HumanRights_2_page_6,712.1,463.6,1820.0
1884083,stimulus_Ins_HumanRights_2_page_6,722.7,472.0,1819.0
1884084,stimulus_Ins_HumanRights_2_page_6,734.3,479.2,1819.0
1884085,stimulus_Ins_HumanRights_2_page_6,746.4,486.6,1816.0
1884086,stimulus_Ins_HumanRights_2_page_6,757.9,495.4,1815.0
1884087,stimulus_Ins_HumanRights_2_page_6,770.1,504.4,1812.0
1884088,stimulus_Ins_HumanRights_2_page_6,779.2,511.0,1811.0
1884089,stimulus_Ins_HumanRights_2_page_6,788.5,517.3,1809.0
1884090,stimulus_Ins_HumanRights_2_page_6,796.2,524.0,1810.0
1884091,stimulus_Ins_HumanRights_2_page_6,806.1,532.7,1810.0
1884092,stimulus_Ins_HumanRights_2_page_6,814.0,540.2,1812.0
1884093,stimulus_Ins_HumanRights_2_page_6,822.8,546.8,1815.0
1884094,stimulus_Ins_HumanRights_2_page_6,830.2,553.5,1814.0
1884095,stimulus_Ins_HumanRights_2_page_6,839.2,560.6,1810.0
1884096,stimulus_Ins_HumanRights_2_page_6,848.3,570.3,1807.0
1884097,stimulus_Ins_HumanRights_2_page_6,858.1,578.6,1809.0
1884098,stimulus_Ins_HumanRights_2_page_6,868.1,586.9,1814.0
1884099,stimulus_Ins_HumanRights_2_page_6,877.4,594.5,1818.0
1884100,stimulus_Ins_HumanRights_2_page_6,886.7,603.8,1822.0
1884101,stimulus_Ins_HumanRights_2_page_6,895.2,613.3,1821.0
1884102,stimulus_Ins_HumanRights_2_page_6,903.9,620.9,1819.0
1884103,stimulus_Ins_HumanRights_2_page_6,912.2,627.8,1818.0
1884104,stimulus_Ins_HumanRights_2_page_6,919.9,634.8,1818.0
1884105,stimulus_Ins_HumanRights_2_page_6,928.4,643.1,1820.0
1884106,stimulus_Ins_HumanRights_2_page_6,936.0,651.9,1823.0
1884107,stimulus_Ins_HumanRights_2_page_6,943.7,658.9,1819.0
1884108,stimulus_Ins_HumanRights_2_page_6,949.7,665.2,1815.0
1884109,stimulus_Ins_HumanRights_2_page_6,955.9,671.7,1813.0
1884110,stimulus_Ins_HumanRights_2_page_6,963.0,679.3,1815.0
1884111,stimulus_Ins_HumanRights_2_page_6,970.0,687.6,1817.0
1884112,stimulus_Ins_HumanRights_2_page_6,977.4,694.8,1816.0
1884113,stimulus_Ins_HumanRights_2_page_6,984.2,701.9,1816.0
1884114,stimulus_Ins_HumanRights_2_page_6,990.9,708.3,1816.0
1884115,stimulus_Ins_HumanRights_2_page_6,999.2,714.8,1817.0
1884116,stimulus_Ins_HumanRights_2_page_6,1007.5,721.7,1817.0
1884117,stimulus_Ins_HumanRights_2_page_6,1015.7,728.8,1815.0
1884118,stimulus_Ins_HumanRights_2_page_6,1022.7,735.7,1814.0
1884119,stimulus_Ins_HumanRights_2_page_6,1029.0,742.3,1812.0
1884120,stimulus_Ins_HumanRights_2_page_6,1036.0,750.0,1812.0
1884121,stimulus_Ins_HumanRights_2_page_6,1043.1,757.0,1811.0
1884122,stimulus_Ins_HumanRights_2_page_6,1050.8,763.3,1810.0
1884123,stimulus_Ins_HumanRights_2_page_6,1058.2,769.3,1809.0
1884124,stimulus_Ins_HumanRights_2_page_6,1065.7,776.6,1809.0
1884125,stimulus_Ins_HumanRights_2_page_6,1073.0,783.6,1808.0
1884126,stimulus_Ins_HumanRights_2_page_6,1080.3,790.3,1806.0
1884127,stimulus_Ins_HumanRights_2_page_6,1087.0,796.8,1805.0
1884128,stimulus_Ins_HumanRights_2_page_6,1093.8,803.3,1805.0
1884129,stimulus_Ins_HumanRights_2_page_6,1099.7,809.5,1805.0
1884130,stimulus_Ins_HumanRights_2_page_6,1104.7,815.0,1805.0
1884131,stimulus_Ins_HumanRights_2_page_6,1108.8,821.3,1805.0
1884132,stimulus_Ins_HumanRights_2_page_6,1113.4,826.3,1804.0
1884133,stimulus_Ins_HumanRights_2_page_6,1117.7,830.9,1804.0
1884134,stimulus_Ins_HumanRights_2_page_6,1121.3,834.4,1804.0
1884135,stimulus_Ins_HumanRights_2_page_6,1124.7,840.7,1801.0
1884136,stimulus_Ins_HumanRights_2_page_6,1129.0,847.5,1797.0
1884137,stimulus_Ins_HumanRights_2_page_6,1134.2,853.4,1795.0
1884138,stimulus_Ins_HumanRights_2_page_6,1138.5,857.4,1793.0
1884139,stimulus_Ins_HumanRights_2_page_6,1141.8,861.4,1790.0
1884140,stimulus_Ins_HumanRights_2_page_6,1144.6,866.8,1788.0
1884141,stimulus_Ins_HumanRights_2_page_6,1148.7,871.8,1788.0
1884142,stimulus_Ins_HumanRights_2_page_6,1152.5,875.3,1789.0
1884143,stimulus_Ins_HumanRights_2_page_6,1156.9,877.4,1788.0
1884144,stimulus_Ins_HumanRights_2_page_6,1160.1,879.9,1787.0
1884145,stimulus_Ins_HumanRights_2_page_6,1163.8,883.5,1785.0
1884146,stimulus_Ins_HumanRights_2_page_6,1167.3,888.9,1783.0
1884147,stimulus_Ins_HumanRights_2_page_6,1172.0,894.1,1781.0
1884148,stimulus_Ins_HumanRights_2_page_6,1176.5,898.5,1779.0
1884149,stimulus_Ins_HumanRights_2_page_6,1181.3,900.3,1776.0
1884150,stimulus_Ins_HumanRights_2_page_6,1184.9,902.3,1773.0
1884151,stimulus_Ins_HumanRights_2_page_6,1188.3,904.4,1770.0
1884152,stimulus_Ins_HumanRights_2_page_6,1191.1,907.1,1769.0
1884153,stimulus_Ins_HumanRights_2_page_6,1193.1,909.0,1768.0
1884154,stimulus_Ins_HumanRights_2_page_6,1194.7,910.2,1769.0
1884155,stimulus_Ins_HumanRights_2_page_6,1195.8,911.1,1770.0
1884156,stimulus_Ins_HumanRights_2_page_6,1197.1,911.5,1771.0
1884157,stimulus_Ins_HumanRights_2_page_6,1198.4,911.7,1771.0
1884158,stimulus_Ins_HumanRights_2_page_6,1199.0,911.3,1771.0
1884159,stimulus_Ins_HumanRights_2_page_6,1199.2,910.2,1772.0
1884160,stimulus_Ins_HumanRights_2_page_6,1199.0,909.1,1774.0
1884161,stimulus_Ins_HumanRights_2_page_6,1198.6,907.6,1775.0
1884162,stimulus_Ins_HumanRights_2_page_6,1198.1,906.9,1777.0
1884163,stimulus_Ins_HumanRights_2_page_6,1197.7,906.0,1780.0
1884164,stimulus_Ins_HumanRights_2_page_6,1197.1,905.9,1784.0
1884165,stimulus_Ins_HumanRights_2_page_6,1196.7,905.9,1787.0
1884166,stimulus_Ins_HumanRights_2_page_6,1196.0,906.3,1787.0
1884167,stimulus_Ins_HumanRights_2_page_6,1195.6,906.6,1788.0
1884168,stimulus_Ins_HumanRights_2_page_6,1195.2,906.7,1788.0
1884169,stimulus_Ins_HumanRights_2_page_6,1195.1,906.6,1786.0
1884170,stimulus_Ins_HumanRights_2_page_6,1195.1,907.1,1783.0
1884171,stimulus_Ins_HumanRights_2_page_6,1195.2,907.8,1781.0
1884172,stimulus_Ins_HumanRights_2_page_6,1195.2,908.6,1782.0
1884173,stimulus_Ins_HumanRights_2_page_6,1195.4,909.3,1784.0
1884174,stimulus_Ins_HumanRights_2_page_6,1195.6,909.8,1784.0
1884175,stimulus_Ins_HumanRights_2_page_6,1195.9,910.4,1784.0
1884176,stimulus_Ins_HumanRights_2_page_6,1196.0,910.6,1783.0
1884177,stimulus_Ins_HumanRights_2_page_6,1196.0,911.1,1782.0
1884178,stimulus_Ins_HumanRights_2_page_6,1196.0,911.5,1781.0
1884179,stimulus_Ins_HumanRights_2_page_6,1196.2,911.8,1782.0
1884180,stimulus_Ins_HumanRights_2_page_6,1196.4,911.8,1783.0
1884181,stimulus_Ins_HumanRights_2_page_6,1196.6,911.4,1783.0
1884182,stimulus_Ins_HumanRights_2_page_6,1196.8,910.9,1783.0
1884183,stimulus_Ins_HumanRights_2_page_6,1196.5,910.2,1783.0
1884184,stimulus_Ins_HumanRights_2_page_6,1195.9,909.8,1781.0
1884185,stimulus_Ins_HumanRights_2_page_6,1195.3,909.7,1779.0
1884186,stimulus_Ins_HumanRights_2_page_6,1195.0,909.7,1776.0
1884187,stimulus_Ins_HumanRights_2_page_6,1194.8,909.7,1777.0
1884188,stimulus_Ins_HumanRights_2_page_6,1194.6,909.8,1778.0
1884189,stimulus_Ins_HumanRights_2_page_6,1194.4,909.8,1778.0
1884190,stimulus_Ins_HumanRights_2_page_6,1194.4,909.8,1777.0
1884191,stimulus_Ins_HumanRights_2_page_6,1194.2,909.9,1777.0
1884192,stimulus_Ins_HumanRights_2_page_6,1193.9,910.0,1779.0
1884193,stimulus_Ins_HumanRights_2_page_6,1194.0,909.8,1782.0
1884194,stimulus_Ins_HumanRights_2_page_6,1194.2,909.6,1785.0
1884195,stimulus_Ins_HumanRights_2_page_6,1194.3,909.3,1785.0
1884196,stimulus_Ins_HumanRights_2_page_6,1194.1,909.1,1786.0
1884197,stimulus_Ins_HumanRights_2_page_6,1194.0,908.9,1786.0
1884198,stimulus_Ins_HumanRights_2_page_6,1194.0,908.6,1786.0
1884199,stimulus_Ins_HumanRights_2_page_6,1194.0,908.5,1787.0
1884200,stimulus_Ins_HumanRights_2_page_6,1194.0,908.2,1787.0
1884201,stimulus_Ins_HumanRights_2_page_6,1193.9,907.9,1787.0
1884202,stimulus_Ins_HumanRights_2_page_6,1193.8,907.5,1788.0
1884203,stimulus_Ins_HumanRights_2_page_6,1193.5,907.4,1788.0
1884204,stimulus_Ins_HumanRights_2_page_6,1193.1,907.4,1788.0
1884205,stimulus_Ins_HumanRights_2_page_6,1192.8,907.4,1787.0
1884206,stimulus_Ins_HumanRights_2_page_6,1193.0,907.7,1787.0
1884207,stimulus_Ins_HumanRights_2_page_6,1193.3,908.2,1787.0
1884208,stimulus_Ins_HumanRights_2_page_6,1193.6,908.4,1789.0
1884209,stimulus_Ins_HumanRights_2_page_6,1193.6,908.1,1791.0
1884210,stimulus_Ins_HumanRights_2_page_6,1193.6,907.8,1789.0
1884211,stimulus_Ins_HumanRights_2_page_6,1193.6,907.6,1786.0
1884212,stimulus_Ins_HumanRights_2_page_6,1193.6,907.6,1784.0
1884213,stimulus_Ins_HumanRights_2_page_6,1193.7,907.7,1787.0
1884214,stimulus_Ins_HumanRights_2_page_6,1193.8,907.7,1790.0
1884215,stimulus_Ins_HumanRights_2_page_6,1193.9,907.7,1794.0
1884216,stimulus_Ins_HumanRights_2_page_6,1193.8,907.7,1795.0
1884217,stimulus_Ins_HumanRights_2_page_6,1193.7,907.9,1794.0
1884218,stimulus_Ins_HumanRights_2_page_6,1193.4,908.0,1792.0
1884219,stimulus_Ins_HumanRights_2_page_6,1193.2,907.7,1791.0
1884220,stimulus_Ins_HumanRights_2_page_6,1193.0,907.4,1791.0
1884221,stimulus_Ins_HumanRights_2_page_6,1192.8,907.1,1791.0
1884222,stimulus_Ins_HumanRights_2_page_6,1192.8,907.1,1792.0
1884223,stimulus_Ins_HumanRights_2_page_6,1192.8,907.2,1792.0
1884224,stimulus_Ins_HumanRights_2_page_6,1192.7,907.3,1792.0
1884225,stimulus_Ins_HumanRights_2_page_6,1192.8,907.4,1794.0
1884226,stimulus_Ins_HumanRights_2_page_6,1192.9,907.4,1796.0
1884227,stimulus_Ins_HumanRights_2_page_6,1193.1,907.3,1796.0
1884228,stimulus_Ins_HumanRights_2_page_6,1193.3,907.4,1794.0
1884229,stimulus_Ins_HumanRights_2_page_6,1193.4,907.4,1792.0
1884230,stimulus_Ins_HumanRights_2_page_6,1193.3,907.4,1792.0
1884231,stimulus_Ins_HumanRights_2_page_6,1193.2,907.2,1792.0
1884232,stimulus_Ins_HumanRights_2_page_6,1193.2,907.1,1792.0
1884233,stimulus_Ins_HumanRights_2_page_6,1193.3,907.1,1793.0
1884234,stimulus_Ins_HumanRights_2_page_6,1193.3,907.1,1793.0
1884235,stimulus_Ins_HumanRights_2_page_6,1192.8,907.1,1793.0
1884236,stimulus_Ins_HumanRights_2_page_6,1192.2,907.1,1793.0
1884237,stimulus_Ins_HumanRights_2_page_6,1191.9,907.3,1792.0
1884238,stimulus_Ins_HumanRights_2_page_6,1192.1,907.6,1792.0
1884239,stimulus_Ins_HumanRights_2_page_6,1192.4,907.7,1792.0
1884240,stimulus_Ins_HumanRights_2_page_6,1192.4,907.7,1791.0
1884241,stimulus_Ins_HumanRights_2_page_6,1192.5,907.6,1791.0
1884242,stimulus_Ins_HumanRights_2_page_6,1192.6,907.3,1790.0
1884243,stimulus_Ins_HumanRights_2_page_6,1192.7,906.9,1792.0
1884244,stimulus_Ins_HumanRights_2_page_6,1192.6,906.5,1794.0
1884245,stimulus_Ins_HumanRights_2_page_6,1192.6,906.4,1794.0
1884246,stimulus_Ins_HumanRights_2_page_6,1192.8,906.3,1792.0
1884247,stimulus_Ins_HumanRights_2_page_6,1192.8,905.9,1789.0
1884248,stimulus_Ins_HumanRights_2_page_6,1192.9,905.7,1787.0
1884249,stimulus_Ins_HumanRights_2_page_6,1192.9,905.8,1784.0
1884250,stimulus_Ins_HumanRights_2_page_6,1192.8,906.0,1782.0
1884251,stimulus_Ins_HumanRights_2_page_6,1192.8,906.3,1783.0
1884252,stimulus_Ins_HumanRights_2_page_6,1192.8,906.5,1785.0
1884253,stimulus_Ins_HumanRights_2_page_6,1192.9,906.6,1786.0
1884254,stimulus_Ins_HumanRights_2_page_6,1192.9,906.6,1786.0
1884255,stimulus_Ins_HumanRights_2_page_6,1192.9,906.5,1787.0
1884256,stimulus_Ins_HumanRights_2_page_6,1192.8,906.4,1787.0
1884257,stimulus_Ins_HumanRights_2_page_6,1192.8,906.3,1787.0
1884258,stimulus_Ins_HumanRights_2_page_6,1192.8,905.8,1787.0
1884259,stimulus_Ins_HumanRights_2_page_6,1192.8,905.4,1786.0
1884260,stimulus_Ins_HumanRights_2_page_6,1193.0,905.2,1786.0
1884261,stimulus_Ins_HumanRights_2_page_6,1193.3,905.7,1785.0
1884262,stimulus_Ins_HumanRights_2_page_6,1193.3,906.1,1785.0
1884263,stimulus_Ins_HumanRights_2_page_6,1193.2,906.4,1785.0
1884264,stimulus_Ins_HumanRights_2_page_6,1193.0,906.4,1786.0
1884265,stimulus_Ins_HumanRights_2_page_6,1192.6,906.5,1787.0
1884266,stimulus_Ins_HumanRights_2_page_6,1192.3,907.1,1788.0
1884267,stimulus_Ins_HumanRights_2_page_6,1192.3,907.7,1788.0
1884268,stimulus_Ins_HumanRights_2_page_6,1192.9,908.8,1787.0
1884269,stimulus_Ins_HumanRights_2_page_6,1194.3,910.1,1785.0
1884270,stimulus_Ins_HumanRights_2_page_6,1195.9,911.6,1782.0
1884271,stimulus_Ins_HumanRights_2_page_6,1198.5,912.7,1779.0
1884272,stimulus_Ins_HumanRights_2_page_6,1201.7,913.7,1777.0
1884273,stimulus_Ins_HumanRights_2_page_6,1205.7,915.3,1776.0
1884274,stimulus_Ins_HumanRights_2_page_6,1210.6,918.0,1775.0
1884275,stimulus_Ins_HumanRights_2_page_6,1215.4,921.4,1776.0
1884276,stimulus_Ins_HumanRights_2_page_6,1220.8,924.6,1775.0
1884277,stimulus_Ins_HumanRights_2_page_6,1226.4,927.1,1774.0
1884278,stimulus_Ins_HumanRights_2_page_6,1232.2,929.6,1773.0
1884279,stimulus_Ins_HumanRights_2_page_6,1237.4,932.5,1772.0
1884280,stimulus_Ins_HumanRights_2_page_6,1241.5,935.7,1769.0
1884281,stimulus_Ins_HumanRights_2_page_6,1244.2,937.6,1765.0
1884282,stimulus_Ins_HumanRights_2_page_6,1245.9,938.5,1761.0
1884283,stimulus_Ins_HumanRights_2_page_6,1246.6,938.4,1760.0
1884284,stimulus_Ins_HumanRights_2_page_6,1246.8,938.5,1759.0
1884285,stimulus_Ins_HumanRights_2_page_6,1246.5,938.7,1759.0
1884286,stimulus_Ins_HumanRights_2_page_6,1245.6,938.3,1759.0
1884287,stimulus_Ins_HumanRights_2_page_6,1244.1,936.9,1759.0
1884288,stimulus_Ins_HumanRights_2_page_6,1241.8,935.4,1758.0
1884289,stimulus_Ins_HumanRights_2_page_6,1239.5,933.4,1758.0
1884290,stimulus_Ins_HumanRights_2_page_6,1237.6,932.1,1760.0
1884291,stimulus_Ins_HumanRights_2_page_6,1236.1,930.3,1762.0
1884292,stimulus_Ins_HumanRights_2_page_6,1235.2,929.7,1764.0
1884293,stimulus_Ins_HumanRights_2_page_6,1233.7,929.1,1766.0
1884294,stimulus_Ins_HumanRights_2_page_6,1232.7,928.6,1767.0
1884295,stimulus_Ins_HumanRights_2_page_6,1231.6,928.1,1767.0
1884296,stimulus_Ins_HumanRights_2_page_6,1231.5,927.7,1767.0
1884297,stimulus_Ins_HumanRights_2_page_6,1231.4,927.5,1767.0
1884298,stimulus_Ins_HumanRights_2_page_6,1231.8,927.3,1767.0
1884299,stimulus_Ins_HumanRights_2_page_6,1232.3,928.4,1765.0
1884300,stimulus_Ins_HumanRights_2_page_6,1232.9,929.6,1764.0
1884301,stimulus_Ins_HumanRights_2_page_6,1233.7,930.7,1762.0
1884302,stimulus_Ins_HumanRights_2_page_6,1234.3,930.6,1762.0
1884303,stimulus_Ins_HumanRights_2_page_6,1235.0,931.2,1762.0
1884304,stimulus_Ins_HumanRights_2_page_6,1235.5,932.2,1763.0
1884305,stimulus_Ins_HumanRights_2_page_6,1236.0,933.0,1763.0
1884306,stimulus_Ins_HumanRights_2_page_6,1236.3,933.2,1763.0
1884307,stimulus_Ins_HumanRights_2_page_6,1236.4,933.1,1762.0
1884308,stimulus_Ins_HumanRights_2_page_6,1236.5,933.1,1761.0
1884309,stimulus_Ins_HumanRights_2_page_6,1236.5,932.8,1759.0
1884310,stimulus_Ins_HumanRights_2_page_6,1236.4,932.5,1756.0
1884311,stimulus_Ins_HumanRights_2_page_6,1236.4,932.7,1757.0
1884312,stimulus_Ins_HumanRights_2_page_6,1236.1,933.1,1758.0
1884313,stimulus_Ins_HumanRights_2_page_6,1235.7,933.5,1759.0
1884314,stimulus_Ins_HumanRights_2_page_6,1235.2,933.4,1759.0
1884315,stimulus_Ins_HumanRights_2_page_6,1234.9,934.1,1759.0
1884316,stimulus_Ins_HumanRights_2_page_6,1234.5,934.7,1760.0
1884317,stimulus_Ins_HumanRights_2_page_6,1234.2,934.7,1760.0
1884318,stimulus_Ins_HumanRights_2_page_6,1234.0,934.1,1760.0
1884319,stimulus_Ins_HumanRights_2_page_6,1234.1,933.8,1761.0
1884320,stimulus_Ins_HumanRights_2_page_6,1234.2,934.2,1762.0
1884321,stimulus_Ins_HumanRights_2_page_6,1234.2,934.4,1762.0
1884322,stimulus_Ins_HumanRights_2_page_6,1234.2,934.3,1762.0
1884323,stimulus_Ins_HumanRights_2_page_6,1234.2,934.1,1761.0
1884324,stimulus_Ins_HumanRights_2_page_6,1234.2,934.1,1761.0
1884325,stimulus_Ins_HumanRights_2_page_6,1234.3,934.2,1760.0
1884326,stimulus_Ins_HumanRights_2_page_6,1234.6,934.3,1759.0
1884327,stimulus_Ins_HumanRights_2_page_6,1235.2,934.4,1759.0
1884328,stimulus_Ins_HumanRights_2_page_6,1235.5,934.4,1760.0
1884329,stimulus_Ins_HumanRights_2_page_6,1235.7,934.3,1761.0
1884330,stimulus_Ins_HumanRights_2_page_6,1235.5,934.2,1762.0
1884331,stimulus_Ins_HumanRights_2_page_6,1235.2,933.8,1760.0
1884332,stimulus_Ins_HumanRights_2_page_6,1235.0,933.4,1756.0
1884333,stimulus_Ins_HumanRights_2_page_6,1234.9,932.9,1753.0
1884334,stimulus_Ins_HumanRights_2_page_6,1234.7,933.0,1752.0
1884335,stimulus_Ins_HumanRights_2_page_6,1234.5,933.3,1752.0
1884336,stimulus_Ins_HumanRights_2_page_6,1233.9,933.5,1752.0
1884337,stimulus_Ins_HumanRights_2_page_6,1233.5,933.4,1752.0
1884338,stimulus_Ins_HumanRights_2_page_6,1233.1,933.2,1752.0
1884339,stimulus_Ins_HumanRights_2_page_6,1233.2,933.6,1752.0
1884340,stimulus_Ins_HumanRights_2_page_6,1233.3,934.0,1752.0
1884341,stimulus_Ins_HumanRights_2_page_6,1233.3,934.3,1752.0
1884342,stimulus_Ins_HumanRights_2_page_6,1233.2,934.2,1753.0
1884343,stimulus_Ins_HumanRights_2_page_6,1233.2,934.4,1753.0
1884344,stimulus_Ins_HumanRights_2_page_6,1233.3,934.8,1752.0
1884345,stimulus_Ins_HumanRights_2_page_6,1233.5,935.1,1751.0
1884346,stimulus_Ins_HumanRights_2_page_6,1233.6,935.1,1751.0
1884347,stimulus_Ins_HumanRights_2_page_6,1233.4,935.1,1751.0
1884348,stimulus_Ins_HumanRights_2_page_6,1233.1,935.2,1750.0
1884349,stimulus_Ins_HumanRights_2_page_6,1232.8,935.3,1748.0
1884350,stimulus_Ins_HumanRights_2_page_6,1232.7,935.1,1746.0
1884351,stimulus_Ins_HumanRights_2_page_6,1232.5,934.8,1746.0
1884352,stimulus_Ins_HumanRights_2_page_6,1232.5,934.5,1747.0
1884353,stimulus_Ins_HumanRights_2_page_6,1232.6,934.5,1747.0
1884354,stimulus_Ins_HumanRights_2_page_6,1232.6,934.4,1747.0
1884355,stimulus_Ins_HumanRights_2_page_6,1232.6,934.4,1746.0
1884356,stimulus_Ins_HumanRights_2_page_6,1232.7,934.2,1745.0
1884357,stimulus_Ins_HumanRights_2_page_6,1232.8,933.9,1743.0
1884358,stimulus_Ins_HumanRights_2_page_6,1232.9,933.8,1743.0
1884359,stimulus_Ins_HumanRights_2_page_6,1232.8,934.2,1741.0
1884360,stimulus_Ins_HumanRights_2_page_6,1232.5,934.7,1740.0
1884361,stimulus_Ins_HumanRights_2_page_6,1232.3,935.2,1741.0
1884362,stimulus_Ins_HumanRights_2_page_6,1232.0,935.3,1742.0
1884363,stimulus_Ins_HumanRights_2_page_6,1231.9,935.6,1742.0
1884364,stimulus_Ins_HumanRights_2_page_6,1231.9,935.7,1742.0
1884365,stimulus_Ins_HumanRights_2_page_6,1232.0,935.9,1742.0
1884366,stimulus_Ins_HumanRights_2_page_6,1232.1,935.9,1743.0
1884367,stimulus_Ins_HumanRights_2_page_6,1232.2,936.2,1742.0
1884368,stimulus_Ins_HumanRights_2_page_6,1232.1,936.6,1740.0
1884369,stimulus_Ins_HumanRights_2_page_6,1232.0,936.8,1739.0
1884370,stimulus_Ins_HumanRights_2_page_6,1232.0,936.9,1739.0
1884371,stimulus_Ins_HumanRights_2_page_6,1231.9,937.0,1739.0
1884372,stimulus_Ins_HumanRights_2_page_6,1232.0,937.1,1739.0
1884373,stimulus_Ins_HumanRights_2_page_6,1232.1,937.2,1739.0
1884374,stimulus_Ins_HumanRights_2_page_6,1232.2,937.4,1740.0
1884375,stimulus_Ins_HumanRights_2_page_6,1232.0,937.5,1740.0
1884376,stimulus_Ins_HumanRights_2_page_6,1231.7,937.5,1740.0
1884377,stimulus_Ins_HumanRights_2_page_6,1231.5,937.3,1739.0
1884378,stimulus_Ins_HumanRights_2_page_6,1231.2,937.2,1736.0
1884379,stimulus_Ins_HumanRights_2_page_6,1231.0,937.3,1734.0
1884380,stimulus_Ins_HumanRights_2_page_6,1230.9,937.5,1735.0
1884381,stimulus_Ins_HumanRights_2_page_6,1230.9,937.9,1738.0
1884382,stimulus_Ins_HumanRights_2_page_6,1230.9,938.4,1740.0
1884383,stimulus_Ins_HumanRights_2_page_6,1231.0,938.7,1740.0
1884384,stimulus_Ins_HumanRights_2_page_6,1230.8,938.8,1739.0
1884385,stimulus_Ins_HumanRights_2_page_6,1230.5,938.8,1739.0
1884386,stimulus_Ins_HumanRights_2_page_6,1230.2,938.7,1738.0
1884387,stimulus_Ins_HumanRights_2_page_6,1230.1,938.7,1737.0
1884388,stimulus_Ins_HumanRights_2_page_6,1230.2,938.7,1735.0
1884389,stimulus_Ins_HumanRights_2_page_6,1230.5,939.4,1734.0
1884390,stimulus_Ins_HumanRights_2_page_6,1230.7,940.2,1735.0
1884391,stimulus_Ins_HumanRights_2_page_6,1230.7,940.0,1737.0
1884392,stimulus_Ins_HumanRights_2_page_6,1230.5,939.2,1740.0
1884393,stimulus_Ins_HumanRights_2_page_6,1230.3,938.8,1740.0
1884394,stimulus_Ins_HumanRights_2_page_6,1230.2,939.2,1741.0
1884395,stimulus_Ins_HumanRights_2_page_6,1230.1,939.7,1742.0
1884396,stimulus_Ins_HumanRights_2_page_6,1230.0,939.9,1743.0
1884397,stimulus_Ins_HumanRights_2_page_6,1229.9,940.1,1744.0
1884398,stimulus_Ins_HumanRights_2_page_6,1229.6,940.4,1744.0
1884399,stimulus_Ins_HumanRights_2_page_6,1229.3,940.5,1742.0
1884400,stimulus_Ins_HumanRights_2_page_6,1229.2,940.5,1739.0
1884401,stimulus_Ins_HumanRights_2_page_6,1229.4,940.6,1737.0
1884402,stimulus_Ins_HumanRights_2_page_6,1229.6,940.4,1736.0
1884403,stimulus_Ins_HumanRights_2_page_6,1229.4,940.3,1735.0
1884404,stimulus_Ins_HumanRights_2_page_6,1229.0,940.2,1734.0
1884405,stimulus_Ins_HumanRights_2_page_6,1228.4,939.8,1734.0
1884406,stimulus_Ins_HumanRights_2_page_6,1227.8,939.4,1735.0
1884407,stimulus_Ins_HumanRights_2_page_6,1227.5,938.9,1735.0
1884408,stimulus_Ins_HumanRights_2_page_6,1227.7,938.8,1734.0
1884409,stimulus_Ins_HumanRights_2_page_6,1228.1,939.5,1735.0
1884410,stimulus_Ins_HumanRights_2_page_6,1228.7,940.3,1737.0
1884411,stimulus_Ins_HumanRights_2_page_6,1229.2,941.2,1735.0
1884412,stimulus_Ins_HumanRights_2_page_6,1229.4,940.9,1732.0
1884413,stimulus_Ins_HumanRights_2_page_6,1229.4,940.7,1730.0
1884414,stimulus_Ins_HumanRights_2_page_6,1229.4,940.4,1731.0
1884415,stimulus_Ins_HumanRights_2_page_6,1229.4,940.3,1733.0
1884416,stimulus_Ins_HumanRights_2_page_6,1229.7,940.3,1735.0
1884417,stimulus_Ins_HumanRights_2_page_6,1229.8,940.2,1734.0
1884418,stimulus_Ins_HumanRights_2_page_6,1229.8,940.2,1733.0
1884419,stimulus_Ins_HumanRights_2_page_6,1229.6,939.8,1734.0
1884420,stimulus_Ins_HumanRights_2_page_6,1229.5,939.3,1737.0
1884421,stimulus_Ins_HumanRights_2_page_6,1229.7,939.5,1739.0
1884422,stimulus_Ins_HumanRights_2_page_6,1229.7,940.4,1741.0
1884423,stimulus_Ins_HumanRights_2_page_6,1229.8,941.4,1741.0
1884424,stimulus_Ins_HumanRights_2_page_6,1230.0,941.9,1740.0
1884425,stimulus_Ins_HumanRights_2_page_6,1230.2,941.9,1740.0
1884426,stimulus_Ins_HumanRights_2_page_6,1230.1,941.6,1739.0
1884427,stimulus_Ins_HumanRights_2_page_6,1229.7,941.1,1739.0
1884428,stimulus_Ins_HumanRights_2_page_6,1229.2,940.7,1739.0
1884429,stimulus_Ins_HumanRights_2_page_6,1229.1,940.4,1739.0
1884430,stimulus_Ins_HumanRights_2_page_6,1229.2,940.2,1739.0
1884431,stimulus_Ins_HumanRights_2_page_6,1229.2,940.0,1739.0
1884432,stimulus_Ins_HumanRights_2_page_6,1229.5,940.0,1739.0
1884433,stimulus_Ins_HumanRights_2_page_6,1229.6,940.1,1739.0
1884434,stimulus_Ins_HumanRights_2_page_6,1229.9,940.2,1739.0
1884435,stimulus_Ins_HumanRights_2_page_6,1230.0,940.2,1738.0
1884436,stimulus_Ins_HumanRights_2_page_6,1230.1,940.2,1737.0
1884437,stimulus_Ins_HumanRights_2_page_6,1230.3,940.2,1737.0
1884438,stimulus_Ins_HumanRights_2_page_6,1230.5,940.4,1737.0
1884439,stimulus_Ins_HumanRights_2_page_6,1230.7,940.6,1738.0
1884440,stimulus_Ins_HumanRights_2_page_6,1230.4,940.9,1738.0
1884441,stimulus_Ins_HumanRights_2_page_6,1230.1,941.1,1738.0
1884442,stimulus_Ins_HumanRights_2_page_6,1229.9,941.1,1739.0
1884443,stimulus_Ins_HumanRights_2_page_6,1230.2,941.2,1739.0
1884444,stimulus_Ins_HumanRights_2_page_6,1229.9,941.3,1738.0
1884445,stimulus_Ins_HumanRights_2_page_6,1229.5,941.4,1738.0
1884446,stimulus_Ins_HumanRights_2_page_6,1229.3,941.5,1738.0
1884447,stimulus_Ins_HumanRights_2_page_6,1229.4,941.2,1738.0
1884448,stimulus_Ins_HumanRights_2_page_6,1229.5,940.8,1737.0
1884449,stimulus_Ins_HumanRights_2_page_6,1229.5,940.7,1734.0
1884450,stimulus_Ins_HumanRights_2_page_6,1229.5,941.0,1731.0
1884451,stimulus_Ins_HumanRights_2_page_6,1229.6,941.5,1730.0
1884452,stimulus_Ins_HumanRights_2_page_6,1229.7,941.9,1731.0
1884453,stimulus_Ins_HumanRights_2_page_6,1229.5,942.1,1733.0
1884454,stimulus_Ins_HumanRights_2_page_6,1229.2,942.1,1734.0
1884455,stimulus_Ins_HumanRights_2_page_6,1228.8,942.1,1735.0
1884456,stimulus_Ins_HumanRights_2_page_6,1228.6,941.8,1734.0
1884457,stimulus_Ins_HumanRights_2_page_6,1228.4,941.5,1731.0
1884458,stimulus_Ins_HumanRights_2_page_6,1228.2,941.3,1729.0
1884459,stimulus_Ins_HumanRights_2_page_6,1228.2,941.5,1729.0
1884460,stimulus_Ins_HumanRights_2_page_6,1228.4,942.4,1730.0
1884461,stimulus_Ins_HumanRights_2_page_6,1228.5,943.1,1731.0
1884462,stimulus_Ins_HumanRights_2_page_6,1228.6,943.7,1731.0
1884463,stimulus_Ins_HumanRights_2_page_6,1228.7,943.9,1732.0
1884464,stimulus_Ins_HumanRights_2_page_6,1228.8,944.1,1732.0
1884465,stimulus_Ins_HumanRights_2_page_6,1229.0,944.3,1733.0
1884466,stimulus_Ins_HumanRights_2_page_6,1229.0,944.4,1734.0
1884467,stimulus_Ins_HumanRights_2_page_6,1229.0,944.5,1734.0
1884468,stimulus_Ins_HumanRights_2_page_6,1229.1,944.5,1734.0
1884469,stimulus_Ins_HumanRights_2_page_6,1229.1,943.7,1732.0
1884470,stimulus_Ins_HumanRights_2_page_6,1229.4,942.9,1730.0
1884471,stimulus_Ins_HumanRights_2_page_6,1229.6,942.0,1728.0
1884472,stimulus_Ins_HumanRights_2_page_6,1229.6,941.8,1727.0
1884473,stimulus_Ins_HumanRights_2_page_6,1229.6,941.6,1728.0
1884474,stimulus_Ins_HumanRights_2_page_6,1229.8,941.5,1730.0
1884475,stimulus_Ins_HumanRights_2_page_6,1230.2,941.6,1733.0
1884476,stimulus_Ins_HumanRights_2_page_6,1230.5,942.1,1735.0
1884477,stimulus_Ins_HumanRights_2_page_6,1230.6,942.5,1734.0
1884478,stimulus_Ins_HumanRights_2_page_6,1230.9,942.8,1731.0
1884479,stimulus_Ins_HumanRights_2_page_6,1231.3,942.7,1729.0
1884480,stimulus_Ins_HumanRights_2_page_6,1231.4,942.4,1727.0
1884481,stimulus_Ins_HumanRights_2_page_6,1231.0,941.9,1727.0
1884482,stimulus_Ins_HumanRights_2_page_6,1230.5,941.3,1728.0
1884483,stimulus_Ins_HumanRights_2_page_6,1230.5,940.8,1729.0
1884484,stimulus_Ins_HumanRights_2_page_6,1230.8,940.5,1731.0
1884485,stimulus_Ins_HumanRights_2_page_6,1231.1,940.4,1731.0
1884486,stimulus_Ins_HumanRights_2_page_6,1231.0,940.2,1731.0
1884487,stimulus_Ins_HumanRights_2_page_6,1230.6,940.0,1731.0
1884488,stimulus_Ins_HumanRights_2_page_6,1230.3,939.8,1731.0
1884489,stimulus_Ins_HumanRights_2_page_6,1230.3,939.7,1731.0
1884490,stimulus_Ins_HumanRights_2_page_6,1230.4,939.5,1732.0
1884491,stimulus_Ins_HumanRights_2_page_6,1230.4,939.1,1732.0
1884492,stimulus_Ins_HumanRights_2_page_6,1230.5,938.8,1732.0
1884493,stimulus_Ins_HumanRights_2_page_6,1230.7,939.2,1731.0
1884494,stimulus_Ins_HumanRights_2_page_6,1231.1,939.8,1730.0
1884495,stimulus_Ins_HumanRights_2_page_6,1231.3,940.3,1731.0
1884496,stimulus_Ins_HumanRights_2_page_6,1231.3,940.2,1733.0
1884497,stimulus_Ins_HumanRights_2_page_6,1231.3,940.4,1735.0
1884498,stimulus_Ins_HumanRights_2_page_6,1231.1,940.7,1734.0
1884499,stimulus_Ins_HumanRights_2_page_6,1231.0,941.0,1734.0
1884500,stimulus_Ins_HumanRights_2_page_6,1230.8,940.9,1734.0
1884501,stimulus_Ins_HumanRights_2_page_6,1230.8,941.2,1734.0
1884502,stimulus_Ins_HumanRights_2_page_6,1230.9,941.6,1735.0
1884503,stimulus_Ins_HumanRights_2_page_6,1230.9,942.0,1736.0
1884504,stimulus_Ins_HumanRights_2_page_6,1230.9,942.0,1736.0
1884505,stimulus_Ins_HumanRights_2_page_6,1231.0,941.5,1735.0
1884506,stimulus_Ins_HumanRights_2_page_6,1231.0,941.1,1735.0
1884507,stimulus_Ins_HumanRights_2_page_6,1231.0,940.9,1736.0
1884508,stimulus_Ins_HumanRights_2_page_6,1230.9,941.2,1737.0
1884509,stimulus_Ins_HumanRights_2_page_6,1230.9,941.6,1737.0
1884510,stimulus_Ins_HumanRights_2_page_6,1230.8,941.7,1736.0
1884511,stimulus_Ins_HumanRights_2_page_6,1230.7,941.8,1735.0
1884512,stimulus_Ins_HumanRights_2_page_6,1230.6,941.7,1736.0
1884513,stimulus_Ins_HumanRights_2_page_6,1230.7,941.6,1736.0
1884514,stimulus_Ins_HumanRights_2_page_6,1230.8,941.9,1736.0
1884515,stimulus_Ins_HumanRights_2_page_6,1230.9,942.0,1737.0
1884516,stimulus_Ins_HumanRights_2_page_6,1231.0,942.1,1738.0
1884517,stimulus_Ins_HumanRights_2_page_6,1231.1,942.0,1737.0
1884518,stimulus_Ins_HumanRights_2_page_6,1231.1,942.0,1734.0
1884519,stimulus_Ins_HumanRights_2_page_6,1231.0,941.9,1730.0
1884520,stimulus_Ins_HumanRights_2_page_6,1231.0,941.8,1729.0
1884521,stimulus_Ins_HumanRights_2_page_6,1231.0,941.6,1729.0
1884522,stimulus_Ins_HumanRights_2_page_6,1230.9,941.5,1730.0
1884523,stimulus_Ins_HumanRights_2_page_6,1230.9,941.4,1731.0
1884524,stimulus_Ins_HumanRights_2_page_6,1231.1,941.1,1733.0
1884525,stimulus_Ins_HumanRights_2_page_6,1231.2,940.8,1734.0
1884526,stimulus_Ins_HumanRights_2_page_6,1231.3,940.5,1735.0
1884527,stimulus_Ins_HumanRights_2_page_6,1231.3,940.4,1736.0
1884528,stimulus_Ins_HumanRights_2_page_6,1231.3,940.5,1736.0
1884529,stimulus_Ins_HumanRights_2_page_6,1231.3,940.7,1737.0
1884530,stimulus_Ins_HumanRights_2_page_6,1231.3,941.1,1736.0
1884531,stimulus_Ins_HumanRights_2_page_6,1231.4,941.3,1735.0
1884532,stimulus_Ins_HumanRights_2_page_6,1231.4,941.4,1736.0
1884533,stimulus_Ins_HumanRights_2_page_6,1231.5,941.4,1736.0
1884534,stimulus_Ins_HumanRights_2_page_6,1231.6,941.2,1736.0
1884535,stimulus_Ins_HumanRights_2_page_6,1231.6,941.1,1736.0
1884536,stimulus_Ins_HumanRights_2_page_6,1231.6,941.0,1736.0
1884537,stimulus_Ins_HumanRights_2_page_6,1231.6,941.1,1736.0
1884538,stimulus_Ins_HumanRights_2_page_6,1231.5,941.7,1736.0
1884539,stimulus_Ins_HumanRights_2_page_6,1231.5,942.2,1736.0
1884540,stimulus_Ins_HumanRights_2_page_6,1231.5,942.9,1736.0
1884541,stimulus_Ins_HumanRights_2_page_6,1231.5,943.0,1735.0
1884542,stimulus_Ins_HumanRights_2_page_6,1231.5,943.1,1735.0
1884543,stimulus_Ins_HumanRights_2_page_6,1231.6,943.5,1735.0
1884544,stimulus_Ins_HumanRights_2_page_6,1231.7,943.9,1738.0
1884545,stimulus_Ins_HumanRights_2_page_6,1231.8,943.6,1740.0
1884546,stimulus_Ins_HumanRights_2_page_6,1231.5,942.9,1742.0
1884547,stimulus_Ins_HumanRights_2_page_6,1231.2,942.2,1739.0
1884548,stimulus_Ins_HumanRights_2_page_6,1230.9,942.2,1736.0
1884549,stimulus_Ins_HumanRights_2_page_6,1230.9,942.3,1733.0
1884550,stimulus_Ins_HumanRights_2_page_6,1230.5,942.4,1733.0
1884551,stimulus_Ins_HumanRights_2_page_6,1230.1,942.2,1733.0
1884552,stimulus_Ins_HumanRights_2_page_6,1229.7,941.9,1733.0
1884553,stimulus_Ins_HumanRights_2_page_6,1229.8,941.9,1733.0
1884554,stimulus_Ins_HumanRights_2_page_6,1229.7,942.3,1733.0
1884555,stimulus_Ins_HumanRights_2_page_6,1229.6,942.9,1732.0
1884556,stimulus_Ins_HumanRights_2_page_6,1229.4,943.3,1731.0
1884557,stimulus_Ins_HumanRights_2_page_6,1229.4,943.6,1730.0
1884558,stimulus_Ins_HumanRights_2_page_6,1229.6,943.7,1730.0
1884559,stimulus_Ins_HumanRights_2_page_6,1229.6,943.6,1730.0
1884560,stimulus_Ins_HumanRights_2_page_6,1229.7,943.5,1730.0
1884561,stimulus_Ins_HumanRights_2_page_6,1229.6,943.6,1731.0
1884562,stimulus_Ins_HumanRights_2_page_6,1229.7,943.8,1732.0
1884563,stimulus_Ins_HumanRights_2_page_6,1230.1,944.1,1733.0
1884564,stimulus_Ins_HumanRights_2_page_6,1230.4,944.2,1737.0
1884565,stimulus_Ins_HumanRights_2_page_6,1230.5,944.4,1742.0
1884566,stimulus_Ins_HumanRights_2_page_6,1230.5,944.6,1745.0
1884567,stimulus_Ins_HumanRights_2_page_6,1230.5,944.8,1744.0
1884568,stimulus_Ins_HumanRights_2_page_6,1230.3,945.1,1742.0
1884569,stimulus_Ins_HumanRights_2_page_6,1230.1,945.0,1741.0
1884570,stimulus_Ins_HumanRights_2_page_6,1229.9,945.0,1741.0
1884571,stimulus_Ins_HumanRights_2_page_6,1230.0,944.9,1741.0
1884572,stimulus_Ins_HumanRights_2_page_6,1230.1,945.0,1741.0
1884573,stimulus_Ins_HumanRights_2_page_6,1230.1,945.0,1740.0
1884574,stimulus_Ins_HumanRights_2_page_6,1229.9,945.0,1743.0
1884575,stimulus_Ins_HumanRights_2_page_6,1229.8,945.0,1745.0
1884576,stimulus_Ins_HumanRights_2_page_6,1229.8,945.0,1746.0
1884577,stimulus_Ins_HumanRights_2_page_6,1229.4,944.9,1744.0
1884578,stimulus_Ins_HumanRights_2_page_6,1229.0,944.8,1743.0
1884579,stimulus_Ins_HumanRights_2_page_6,1228.8,945.3,1743.0
1884580,stimulus_Ins_HumanRights_2_page_6,1229.0,946.0,1742.0
1884581,stimulus_Ins_HumanRights_2_page_6,1229.1,946.2,1741.0
1884582,stimulus_Ins_HumanRights_2_page_6,1229.0,945.8,1740.0
1884583,stimulus_Ins_HumanRights_2_page_6,1229.0,945.4,1742.0
1884584,stimulus_Ins_HumanRights_2_page_6,1229.3,945.4,1745.0
1884585,stimulus_Ins_HumanRights_2_page_6,1229.8,945.3,1747.0
1884586,stimulus_Ins_HumanRights_2_page_6,1230.2,945.2,1747.0
1884587,stimulus_Ins_HumanRights_2_page_6,1230.3,945.0,1747.0
1884588,stimulus_Ins_HumanRights_2_page_6,1230.1,944.7,1747.0
1884589,stimulus_Ins_HumanRights_2_page_6,1229.9,944.5,1747.0
1884590,stimulus_Ins_HumanRights_2_page_6,1229.8,944.5,1747.0
1884591,stimulus_Ins_HumanRights_2_page_6,1229.8,944.6,1747.0
1884592,stimulus_Ins_HumanRights_2_page_6,1229.6,944.6,1747.0
1884593,stimulus_Ins_HumanRights_2_page_6,1229.5,944.6,1749.0
1884594,stimulus_Ins_HumanRights_2_page_6,1229.7,944.7,1752.0
1884595,stimulus_Ins_HumanRights_2_page_6,1230.0,944.8,1755.0
1884596,stimulus_Ins_HumanRights_2_page_6,1230.3,944.8,1756.0
1884597,stimulus_Ins_HumanRights_2_page_6,1230.1,944.6,1756.0
1884598,stimulus_Ins_HumanRights_2_page_6,1229.9,944.5,1756.0
1884599,stimulus_Ins_HumanRights_2_page_6,1229.5,944.3,1756.0
1884600,stimulus_Ins_HumanRights_2_page_6,1229.3,944.3,1755.0
1884601,stimulus_Ins_HumanRights_2_page_6,1229.1,944.2,1754.0
1884602,stimulus_Ins_HumanRights_2_page_6,1229.1,944.5,1753.0
1884603,stimulus_Ins_HumanRights_2_page_6,1229.3,944.7,1752.0
1884604,stimulus_Ins_HumanRights_2_page_6,1229.3,944.9,1753.0
1884605,stimulus_Ins_HumanRights_2_page_6,1229.3,944.9,1754.0
1884606,stimulus_Ins_HumanRights_2_page_6,1228.9,944.8,1755.0
1884607,stimulus_Ins_HumanRights_2_page_6,1228.5,944.7,1754.0
1884608,stimulus_Ins_HumanRights_2_page_6,1228.4,944.6,1754.0
1884609,stimulus_Ins_HumanRights_2_page_6,1228.8,944.8,1753.0
1884610,stimulus_Ins_HumanRights_2_page_6,1229.2,944.9,1754.0
1884611,stimulus_Ins_HumanRights_2_page_6,1229.3,944.9,1754.0
1884612,stimulus_Ins_HumanRights_2_page_6,1229.3,944.8,1756.0
1884613,stimulus_Ins_HumanRights_2_page_6,1229.3,944.8,1758.0
1884614,stimulus_Ins_HumanRights_2_page_6,1229.2,944.9,1759.0
1884615,stimulus_Ins_HumanRights_2_page_6,1229.1,944.9,1758.0
1884616,stimulus_Ins_HumanRights_2_page_6,1229.0,944.9,1757.0
1884617,stimulus_Ins_HumanRights_2_page_6,1229.0,944.9,1757.0
1884618,stimulus_Ins_HumanRights_2_page_6,1229.1,944.9,1759.0
1884619,stimulus_Ins_HumanRights_2_page_6,1229.2,944.9,1759.0
1884620,stimulus_Ins_HumanRights_2_page_6,1229.3,944.9,1757.0
1884621,stimulus_Ins_HumanRights_2_page_6,1229.1,944.9,1755.0
1884622,stimulus_Ins_HumanRights_2_page_6,1228.7,944.8,1754.0
1884623,stimulus_Ins_HumanRights_2_page_6,1228.4,944.6,1755.0
1884624,stimulus_Ins_HumanRights_2_page_6,1228.5,944.5,1758.0
1884625,stimulus_Ins_HumanRights_2_page_6,1228.8,944.7,1761.0
1884626,stimulus_Ins_HumanRights_2_page_6,1229.0,944.8,1762.0
1884627,stimulus_Ins_HumanRights_2_page_6,1229.1,945.1,1763.0
1884628,stimulus_Ins_HumanRights_2_page_6,1229.0,945.4,1760.0
1884629,stimulus_Ins_HumanRights_2_page_6,1228.8,945.5,1756.0
1884630,stimulus_Ins_HumanRights_2_page_6,1228.5,945.5,1753.0
1884631,stimulus_Ins_HumanRights_2_page_6,1228.6,945.4,1753.0
1884632,stimulus_Ins_HumanRights_2_page_6,1228.7,945.5,1756.0
1884633,stimulus_Ins_HumanRights_2_page_6,1228.6,945.1,1759.0
1884634,stimulus_Ins_HumanRights_2_page_6,1228.4,944.8,1761.0
1884635,stimulus_Ins_HumanRights_2_page_6,1228.1,944.4,1760.0
1884636,stimulus_Ins_HumanRights_2_page_6,1228.2,944.3,1760.0
1884637,stimulus_Ins_HumanRights_2_page_6,1228.5,944.7,1761.0
1884638,stimulus_Ins_HumanRights_2_page_6,1228.7,945.2,1762.0
1884639,stimulus_Ins_HumanRights_2_page_6,1228.7,945.7,1762.0
1884640,stimulus_Ins_HumanRights_2_page_6,1228.5,945.8,1762.0
1884641,stimulus_Ins_HumanRights_2_page_6,1228.4,945.9,1761.0
1884642,stimulus_Ins_HumanRights_2_page_6,1228.7,946.1,1761.0
1884643,stimulus_Ins_HumanRights_2_page_6,1228.9,946.3,1761.0
1884644,stimulus_Ins_HumanRights_2_page_6,1228.8,946.0,1762.0
1884645,stimulus_Ins_HumanRights_2_page_6,1228.5,945.7,1763.0
1884646,stimulus_Ins_HumanRights_2_page_6,1228.7,946.1,1764.0
1884647,stimulus_Ins_HumanRights_2_page_6,1229.3,946.7,1766.0
1884648,stimulus_Ins_HumanRights_2_page_6,1229.7,947.0,1767.0
1884649,stimulus_Ins_HumanRights_2_page_6,1229.3,946.6,1768.0
1884650,stimulus_Ins_HumanRights_2_page_6,1228.7,946.4,1767.0
1884651,stimulus_Ins_HumanRights_2_page_6,1228.3,946.3,1767.0
1884652,stimulus_Ins_HumanRights_2_page_6,1228.5,946.4,1766.0
1884653,stimulus_Ins_HumanRights_2_page_6,1228.9,946.2,1766.0
1884654,stimulus_Ins_HumanRights_2_page_6,1228.9,945.9,1766.0
1884655,stimulus_Ins_HumanRights_2_page_6,1228.4,945.9,1765.0
1884656,stimulus_Ins_HumanRights_2_page_6,1228.1,946.0,1765.0
1884657,stimulus_Ins_HumanRights_2_page_6,1228.1,946.1,1766.0
1884658,stimulus_Ins_HumanRights_2_page_6,1228.1,946.3,1767.0
1884659,stimulus_Ins_HumanRights_2_page_6,1228.1,946.5,1768.0
1884660,stimulus_Ins_HumanRights_2_page_6,1228.1,946.6,1768.0
1884661,stimulus_Ins_HumanRights_2_page_6,1228.1,946.5,1769.0
1884662,stimulus_Ins_HumanRights_2_page_6,1228.2,946.4,1770.0
1884663,stimulus_Ins_HumanRights_2_page_6,1228.6,946.7,1772.0
1884664,stimulus_Ins_HumanRights_2_page_6,1229.1,947.0,1773.0
1884665,stimulus_Ins_HumanRights_2_page_6,1229.4,947.6,1774.0
1884666,stimulus_Ins_HumanRights_2_page_6,1229.4,947.8,1772.0
1884667,stimulus_Ins_HumanRights_2_page_6,1229.3,947.2,1770.0
1884668,stimulus_Ins_HumanRights_2_page_6,1229.1,946.5,1767.0
1884669,stimulus_Ins_HumanRights_2_page_6,1228.8,945.8,1767.0
1884670,stimulus_Ins_HumanRights_2_page_6,1228.7,945.7,1767.0
1884671,stimulus_Ins_HumanRights_2_page_6,1228.4,945.8,1769.0
1884672,stimulus_Ins_HumanRights_2_page_6,1228.0,945.9,1770.0
1884673,stimulus_Ins_HumanRights_2_page_6,1227.5,945.9,1771.0
1884674,stimulus_Ins_HumanRights_2_page_6,1227.5,945.9,1774.0
1884675,stimulus_Ins_HumanRights_2_page_6,1228.2,946.1,1777.0
1884676,stimulus_Ins_HumanRights_2_page_6,1228.8,946.2,1776.0
1884677,stimulus_Ins_HumanRights_2_page_6,1229.3,946.4,1773.0
1884678,stimulus_Ins_HumanRights_2_page_6,1229.1,946.4,1771.0
1884679,stimulus_Ins_HumanRights_2_page_6,1229.0,946.3,1772.0
1884680,stimulus_Ins_HumanRights_2_page_6,1228.9,946.3,1774.0
1884681,stimulus_Ins_HumanRights_2_page_6,1229.0,946.5,1773.0
1884682,stimulus_Ins_HumanRights_2_page_6,1228.9,946.6,1772.0
1884683,stimulus_Ins_HumanRights_2_page_6,1228.7,946.8,1771.0
1884684,stimulus_Ins_HumanRights_2_page_6,1229.0,946.7,1771.0
1884685,stimulus_Ins_HumanRights_2_page_6,1229.5,946.7,1772.0
1884686,stimulus_Ins_HumanRights_2_page_6,1229.6,946.7,1772.0
1884687,stimulus_Ins_HumanRights_2_page_6,1229.1,946.7,1773.0
1884688,stimulus_Ins_HumanRights_2_page_6,1228.8,946.6,1775.0
1884689,stimulus_Ins_HumanRights_2_page_6,1228.7,946.4,1777.0
1884690,stimulus_Ins_HumanRights_2_page_6,1228.6,946.3,1775.0
1884691,stimulus_Ins_HumanRights_2_page_6,1228.8,946.0,1772.0
1884692,stimulus_Ins_HumanRights_2_page_6,1229.1,945.7,1771.0
1884693,stimulus_Ins_HumanRights_2_page_6,1229.5,945.4,1773.0
1884694,stimulus_Ins_HumanRights_2_page_6,1229.5,945.6,1776.0
1884695,stimulus_Ins_HumanRights_2_page_6,1229.7,946.0,1777.0
1884696,stimulus_Ins_HumanRights_2_page_6,1229.8,946.2,1778.0
1884697,stimulus_Ins_HumanRights_2_page_6,1229.5,946.1,1779.0
1884698,stimulus_Ins_HumanRights_2_page_6,1229.3,946.1,1778.0
1884699,stimulus_Ins_HumanRights_2_page_6,1229.0,946.1,1776.0
1884700,stimulus_Ins_HumanRights_2_page_6,1229.1,946.1,1774.0
1884701,stimulus_Ins_HumanRights_2_page_6,1229.1,946.0,1773.0
1884702,stimulus_Ins_HumanRights_2_page_6,1229.2,946.5,1775.0
1884703,stimulus_Ins_HumanRights_2_page_6,1229.3,947.1,1778.0
1884704,stimulus_Ins_HumanRights_2_page_6,1229.7,947.9,1781.0
1884705,stimulus_Ins_HumanRights_2_page_6,1229.9,948.0,1781.0
1884706,stimulus_Ins_HumanRights_2_page_6,1230.1,947.9,1781.0
1884707,stimulus_Ins_HumanRights_2_page_6,1229.7,947.5,1780.0
1884708,stimulus_Ins_HumanRights_2_page_6,1229.3,946.8,1779.0
1884709,stimulus_Ins_HumanRights_2_page_6,1229.0,946.4,1779.0
1884710,stimulus_Ins_HumanRights_2_page_6,1229.1,946.1,1779.0
1884711,stimulus_Ins_HumanRights_2_page_6,1229.3,946.6,1779.0
1884712,stimulus_Ins_HumanRights_2_page_6,1229.6,947.0,1780.0
1884713,stimulus_Ins_HumanRights_2_page_6,1229.8,947.2,1780.0
1884714,stimulus_Ins_HumanRights_2_page_6,1229.6,947.0,1780.0
1884715,stimulus_Ins_HumanRights_2_page_6,1229.3,947.0,1782.0
1884716,stimulus_Ins_HumanRights_2_page_6,1229.0,947.4,1783.0
1884717,stimulus_Ins_HumanRights_2_page_6,1229.0,947.7,1784.0
1884718,stimulus_Ins_HumanRights_2_page_6,1229.1,947.8,1783.0
1884719,stimulus_Ins_HumanRights_2_page_6,1229.1,947.8,1782.0
1884720,stimulus_Ins_HumanRights_2_page_6,1229.2,947.7,1780.0
1884721,stimulus_Ins_HumanRights_2_page_6,1229.1,947.2,1780.0
1884722,stimulus_Ins_HumanRights_2_page_6,1229.0,946.7,1782.0
1884723,stimulus_Ins_HumanRights_2_page_6,1228.9,946.3,1784.0
1884724,stimulus_Ins_HumanRights_2_page_6,1228.9,946.4,1784.0
1884725,stimulus_Ins_HumanRights_2_page_6,1228.9,946.3,1782.0
1884726,stimulus_Ins_HumanRights_2_page_6,1228.8,946.2,1780.0
1884727,stimulus_Ins_HumanRights_2_page_6,1228.7,946.2,1778.0
1884728,stimulus_Ins_HumanRights_2_page_6,1228.6,946.3,1777.0
1884729,stimulus_Ins_HumanRights_2_page_6,1228.6,946.4,1777.0
1884730,stimulus_Ins_HumanRights_2_page_6,1228.9,946.4,1777.0
1884731,stimulus_Ins_HumanRights_2_page_6,1229.4,946.7,1777.0
1884732,stimulus_Ins_HumanRights_2_page_6,1230.2,946.9,1777.0
1884733,stimulus_Ins_HumanRights_2_page_6,1230.6,947.3,1776.0
1884734,stimulus_Ins_HumanRights_2_page_6,1230.9,947.5,1776.0
1884735,stimulus_Ins_HumanRights_2_page_6,1230.7,947.7,1775.0
1884736,stimulus_Ins_HumanRights_2_page_6,1230.5,947.8,1775.0
1884737,stimulus_Ins_HumanRights_2_page_6,1230.2,947.8,1775.0
1884738,stimulus_Ins_HumanRights_2_page_6,1230.3,947.8,1776.0
1884739,stimulus_Ins_HumanRights_2_page_6,1230.4,947.5,1777.0
1884740,stimulus_Ins_HumanRights_2_page_6,1230.6,947.2,1778.0
1884741,stimulus_Ins_HumanRights_2_page_6,1230.9,946.8,1780.0
1884742,stimulus_Ins_HumanRights_2_page_6,1231.2,947.1,1781.0
1884743,stimulus_Ins_HumanRights_2_page_6,1231.4,947.3,1783.0
1884744,stimulus_Ins_HumanRights_2_page_6,1231.3,947.6,1784.0
1884745,stimulus_Ins_HumanRights_2_page_6,1231.2,947.9,1785.0
1884746,stimulus_Ins_HumanRights_2_page_6,1231.7,948.2,1785.0
1884747,stimulus_Ins_HumanRights_2_page_6,1232.1,948.4,1784.0
1884748,stimulus_Ins_HumanRights_2_page_6,1232.2,948.3,1783.0
1884749,stimulus_Ins_HumanRights_2_page_6,1231.7,948.2,1782.0
1884750,stimulus_Ins_HumanRights_2_page_6,1231.2,947.9,1780.0
1884751,stimulus_Ins_HumanRights_2_page_6,1231.0,947.5,1780.0
1884752,stimulus_Ins_HumanRights_2_page_6,1231.0,947.0,1780.0
1884753,stimulus_Ins_HumanRights_2_page_6,1231.4,947.5,1781.0
1884754,stimulus_Ins_HumanRights_2_page_6,1231.8,948.1,1781.0
1884755,stimulus_Ins_HumanRights_2_page_6,1231.5,948.4,1780.0
1884756,stimulus_Ins_HumanRights_2_page_6,1231.0,948.2,1779.0
1884757,stimulus_Ins_HumanRights_2_page_6,1230.8,947.9,1777.0
1884758,stimulus_Ins_HumanRights_2_page_6,1231.1,947.8,1777.0
1884759,stimulus_Ins_HumanRights_2_page_6,1231.4,947.9,1775.0
1884760,stimulus_Ins_HumanRights_2_page_6,1231.4,948.1,1773.0
1884761,stimulus_Ins_HumanRights_2_page_6,1231.4,947.6,1773.0
1884762,stimulus_Ins_HumanRights_2_page_6,1231.3,946.9,1774.0
1884763,stimulus_Ins_HumanRights_2_page_6,1231.2,946.2,1775.0
1884764,stimulus_Ins_HumanRights_2_page_6,1231.2,946.2,1775.0
1884765,stimulus_Ins_HumanRights_2_page_6,1231.2,946.1,1775.0
1884766,stimulus_Ins_HumanRights_2_page_6,1231.3,946.3,1775.0
1884767,stimulus_Ins_HumanRights_2_page_6,1231.4,946.9,1775.0
1884768,stimulus_Ins_HumanRights_2_page_6,1231.5,947.4,1775.0
1884769,stimulus_Ins_HumanRights_2_page_6,1231.6,947.7,1776.0
1884770,stimulus_Ins_HumanRights_2_page_6,1232.0,947.7,1776.0
1884771,stimulus_Ins_HumanRights_2_page_6,1232.3,947.7,1777.0
1884772,stimulus_Ins_HumanRights_2_page_6,1232.3,947.8,1777.0
1884773,stimulus_Ins_HumanRights_2_page_6,1232.0,947.9,1777.0
1884774,stimulus_Ins_HumanRights_2_page_6,1231.6,948.1,1777.0
1884775,stimulus_Ins_HumanRights_2_page_6,1231.6,948.1,1777.0
1884776,stimulus_Ins_HumanRights_2_page_6,1231.5,947.6,1776.0
1884777,stimulus_Ins_HumanRights_2_page_6,1231.3,946.8,1775.0
1884778,stimulus_Ins_HumanRights_2_page_6,1231.2,946.1,1774.0
1884779,stimulus_Ins_HumanRights_2_page_6,1231.1,946.1,1773.0
1884780,stimulus_Ins_HumanRights_2_page_6,1231.2,946.3,1773.0
1884781,stimulus_Ins_HumanRights_2_page_6,1231.4,946.4,1773.0
1884782,stimulus_Ins_HumanRights_2_page_6,1231.7,946.5,1774.0
1884783,stimulus_Ins_HumanRights_2_page_6,1231.8,946.5,1778.0
1884784,stimulus_Ins_HumanRights_2_page_6,1231.8,947.0,1781.0
1884785,stimulus_Ins_HumanRights_2_page_6,1231.9,947.4,1783.0
1884786,stimulus_Ins_HumanRights_2_page_6,1231.8,947.3,1780.0
1884787,stimulus_Ins_HumanRights_2_page_6,1231.7,946.8,1777.0
1884788,stimulus_Ins_HumanRights_2_page_6,1231.8,946.3,1776.0
1884789,stimulus_Ins_HumanRights_2_page_6,1232.0,946.3,1776.0
1884790,stimulus_Ins_HumanRights_2_page_6,1232.1,946.4,1778.0
1884791,stimulus_Ins_HumanRights_2_page_6,1232.1,946.4,1779.0
1884792,stimulus_Ins_HumanRights_2_page_6,1232.1,946.3,1781.0
1884793,stimulus_Ins_HumanRights_2_page_6,1232.1,946.1,1781.0
1884794,stimulus_Ins_HumanRights_2_page_6,1232.1,946.1,1779.0
1884795,stimulus_Ins_HumanRights_2_page_6,1232.1,946.2,1776.0
1884796,stimulus_Ins_HumanRights_2_page_6,1231.9,946.2,1774.0
1884797,stimulus_Ins_HumanRights_2_page_6,1231.7,946.0,1774.0
1884798,stimulus_Ins_HumanRights_2_page_6,1231.5,945.8,1774.0
1884799,stimulus_Ins_HumanRights_2_page_6,1231.7,946.0,1773.0
1884800,stimulus_Ins_HumanRights_2_page_6,1231.8,946.1,1772.0
1884801,stimulus_Ins_HumanRights_2_page_6,1231.9,946.4,1771.0
1884802,stimulus_Ins_HumanRights_2_page_6,1231.9,946.7,1772.0
1884803,stimulus_Ins_HumanRights_2_page_6,1231.9,947.1,1772.0
1884804,stimulus_Ins_HumanRights_2_page_6,1232.1,947.4,1772.0
1884805,stimulus_Ins_HumanRights_2_page_6,1232.2,947.2,1773.0
1884806,stimulus_Ins_HumanRights_2_page_6,1232.3,946.7,1774.0
1884807,stimulus_Ins_HumanRights_2_page_6,1232.4,946.2,1774.0
1884808,stimulus_Ins_HumanRights_2_page_6,1232.5,946.1,1774.0
1884809,stimulus_Ins_HumanRights_2_page_6,1232.5,946.4,1773.0
1884810,stimulus_Ins_HumanRights_2_page_6,1232.3,946.6,1772.0
1884811,stimulus_Ins_HumanRights_2_page_6,1232.2,946.6,1771.0
1884812,stimulus_Ins_HumanRights_2_page_6,1232.3,946.6,1771.0
1884813,stimulus_Ins_HumanRights_2_page_6,1232.5,946.5,1771.0
1884814,stimulus_Ins_HumanRights_2_page_6,1232.6,946.4,1772.0
1884815,stimulus_Ins_HumanRights_2_page_6,1232.7,946.6,1774.0
1884816,stimulus_Ins_HumanRights_2_page_6,1232.5,946.9,1773.0
1884817,stimulus_Ins_HumanRights_2_page_6,1232.1,946.6,1771.0
1884818,stimulus_Ins_HumanRights_2_page_6,1231.9,946.0,1769.0
1884819,stimulus_Ins_HumanRights_2_page_6,1232.0,945.5,1767.0
1884820,stimulus_Ins_HumanRights_2_page_6,1232.1,945.7,1765.0
1884821,stimulus_Ins_HumanRights_2_page_6,1232.4,945.8,1765.0
1884822,stimulus_Ins_HumanRights_2_page_6,1232.7,945.8,1767.0
1884823,stimulus_Ins_HumanRights_2_page_6,1232.9,945.7,1772.0
1884824,stimulus_Ins_HumanRights_2_page_6,1233.0,945.6,1774.0
1884825,stimulus_Ins_HumanRights_2_page_6,1233.0,945.6,1772.0
1884826,stimulus_Ins_HumanRights_2_page_6,1232.7,945.7,1769.0
1884827,stimulus_Ins_HumanRights_2_page_6,1232.4,946.0,1765.0
1884828,stimulus_Ins_HumanRights_2_page_6,1232.0,946.2,1765.0
1884829,stimulus_Ins_HumanRights_2_page_6,1232.2,946.4,1766.0
1884830,stimulus_Ins_HumanRights_2_page_6,1232.7,946.4,1767.0
1884831,stimulus_Ins_HumanRights_2_page_6,1233.2,946.3,1768.0
1884832,stimulus_Ins_HumanRights_2_page_6,1233.2,946.2,1768.0
1884833,stimulus_Ins_HumanRights_2_page_6,1232.9,946.1,1769.0
1884834,stimulus_Ins_HumanRights_2_page_6,1232.7,946.3,1770.0
1884835,stimulus_Ins_HumanRights_2_page_6,1232.8,946.4,1770.0
1884836,stimulus_Ins_HumanRights_2_page_6,1233.0,946.6,1769.0
1884837,stimulus_Ins_HumanRights_2_page_6,1233.2,946.6,1768.0
1884838,stimulus_Ins_HumanRights_2_page_6,1233.4,946.3,1767.0
1884839,stimulus_Ins_HumanRights_2_page_6,1233.4,945.9,1767.0
1884840,stimulus_Ins_HumanRights_2_page_6,1233.3,945.6,1766.0
1884841,stimulus_Ins_HumanRights_2_page_6,1233.0,945.7,1764.0
1884842,stimulus_Ins_HumanRights_2_page_6,1232.7,945.9,1764.0
1884843,stimulus_Ins_HumanRights_2_page_6,1232.6,946.0,1763.0
1884844,stimulus_Ins_HumanRights_2_page_6,1232.6,945.8,1763.0
1884845,stimulus_Ins_HumanRights_2_page_6,1232.6,945.5,1765.0
1884846,stimulus_Ins_HumanRights_2_page_6,1232.7,945.7,1766.0
1884847,stimulus_Ins_HumanRights_2_page_6,1232.8,946.2,1767.0
1884848,stimulus_Ins_HumanRights_2_page_6,1232.9,946.7,1766.0
1884849,stimulus_Ins_HumanRights_2_page_6,1232.8,946.4,1764.0
1884850,stimulus_Ins_HumanRights_2_page_6,1232.5,945.8,1763.0
1884851,stimulus_Ins_HumanRights_2_page_6,1232.6,945.1,1761.0
1884852,stimulus_Ins_HumanRights_2_page_6,1232.8,944.7,1761.0
1884853,stimulus_Ins_HumanRights_2_page_6,1233.1,944.8,1761.0
1884854,stimulus_Ins_HumanRights_2_page_6,1233.2,945.2,1760.0
1884855,stimulus_Ins_HumanRights_2_page_6,1233.3,945.4,1760.0
1884856,stimulus_Ins_HumanRights_2_page_6,1233.4,945.5,1760.0
1884857,stimulus_Ins_HumanRights_2_page_6,1233.3,945.5,1760.0
1884858,stimulus_Ins_HumanRights_2_page_6,1233.2,945.7,1760.0
1884859,stimulus_Ins_HumanRights_2_page_6,1232.9,946.2,1758.0
1884860,stimulus_Ins_HumanRights_2_page_6,1232.7,946.7,1757.0
1884861,stimulus_Ins_HumanRights_2_page_6,1232.4,946.6,1754.0
1884862,stimulus_Ins_HumanRights_2_page_6,1232.3,946.0,1754.0
1884863,stimulus_Ins_HumanRights_2_page_6,1232.4,945.8,1753.0
1884864,stimulus_Ins_HumanRights_2_page_6,1232.6,946.1,1753.0
1884865,stimulus_Ins_HumanRights_2_page_6,1232.7,946.2,1755.0
1884866,stimulus_Ins_HumanRights_2_page_6,1232.8,945.9,1758.0
1884867,stimulus_Ins_HumanRights_2_page_6,1232.8,945.8,1760.0
1884868,stimulus_Ins_HumanRights_2_page_6,1233.0,945.9,1759.0
1884869,stimulus_Ins_HumanRights_2_page_6,1233.1,945.9,1759.0
1884870,stimulus_Ins_HumanRights_2_page_6,1233.3,945.8,1758.0
1884871,stimulus_Ins_HumanRights_2_page_6,1233.3,945.5,1758.0
1884872,stimulus_Ins_HumanRights_2_page_6,1233.7,945.3,1758.0
1884873,stimulus_Ins_HumanRights_2_page_6,1234.1,945.6,1758.0
1884874,stimulus_Ins_HumanRights_2_page_6,1234.5,946.0,1758.0
1884875,stimulus_Ins_HumanRights_2_page_6,1234.6,946.3,1758.0
1884876,stimulus_Ins_HumanRights_2_page_6,1234.6,946.2,1758.0
1884877,stimulus_Ins_HumanRights_2_page_6,1234.7,946.1,1758.0
1884878,stimulus_Ins_HumanRights_2_page_6,1234.8,945.7,1756.0
1884879,stimulus_Ins_HumanRights_2_page_6,1234.7,945.2,1754.0
1884880,stimulus_Ins_HumanRights_2_page_6,1234.1,944.8,1750.0
1884881,stimulus_Ins_HumanRights_2_page_6,1233.5,944.6,1746.0
1884882,stimulus_Ins_HumanRights_2_page_6,1233.3,944.6,1746.0
1884883,stimulus_Ins_HumanRights_2_page_6,1233.8,944.9,1747.0
1884884,stimulus_Ins_HumanRights_2_page_6,1234.4,945.2,1749.0
1884885,stimulus_Ins_HumanRights_2_page_6,1234.7,945.6,1747.0
1884886,stimulus_Ins_HumanRights_2_page_6,1234.5,945.6,1745.0
1884887,stimulus_Ins_HumanRights_2_page_6,1234.1,945.5,1743.0
1884888,stimulus_Ins_HumanRights_2_page_6,1233.8,945.4,1741.0
1884889,stimulus_Ins_HumanRights_2_page_6,1233.5,945.2,1741.0
1884890,stimulus_Ins_HumanRights_2_page_6,1233.5,945.0,1741.0
1884891,stimulus_Ins_HumanRights_2_page_6,1233.6,944.7,1741.0
1884892,stimulus_Ins_HumanRights_2_page_6,1233.7,944.4,1742.0
1884893,stimulus_Ins_HumanRights_2_page_6,1233.8,944.3,1743.0
1884894,stimulus_Ins_HumanRights_2_page_6,1233.9,944.3,1744.0
1884895,stimulus_Ins_HumanRights_2_page_6,1233.9,944.5,1746.0
1884896,stimulus_Ins_HumanRights_2_page_6,1233.7,944.7,1747.0
1884897,stimulus_Ins_HumanRights_2_page_6,1233.5,944.9,1749.0
1884898,stimulus_Ins_HumanRights_2_page_6,1233.3,944.7,1746.0
1884899,stimulus_Ins_HumanRights_2_page_6,1233.1,944.4,1743.0
1884900,stimulus_Ins_HumanRights_2_page_6,1233.1,944.2,1740.0
1884901,stimulus_Ins_HumanRights_2_page_6,1233.1,944.4,1740.0
1884902,stimulus_Ins_HumanRights_2_page_6,1233.2,944.7,1740.0
1884903,stimulus_Ins_HumanRights_2_page_6,1233.3,944.9,1740.0
1884904,stimulus_Ins_HumanRights_2_page_6,1233.5,944.8,1741.0
1884905,stimulus_Ins_HumanRights_2_page_6,1233.6,944.7,1742.0
1884906,stimulus_Ins_HumanRights_2_page_6,1233.7,944.5,1743.0
1884907,stimulus_Ins_HumanRights_2_page_6,1233.7,944.0,1743.0
1884908,stimulus_Ins_HumanRights_2_page_6,1233.6,943.6,1742.0
1884909,stimulus_Ins_HumanRights_2_page_6,1233.2,943.5,1742.0
1884910,stimulus_Ins_HumanRights_2_page_6,1233.1,943.8,1742.0
1884911,stimulus_Ins_HumanRights_2_page_6,1233.0,944.2,1742.0
1884912,stimulus_Ins_HumanRights_2_page_6,1232.8,944.4,1742.0
1884913,stimulus_Ins_HumanRights_2_page_6,1232.5,944.5,1743.0
1884914,stimulus_Ins_HumanRights_2_page_6,1231.5,944.5,1743.0
1884915,stimulus_Ins_HumanRights_2_page_6,1230.2,943.9,1743.0
1884916,stimulus_Ins_HumanRights_2_page_6,1229.0,943.2,1744.0
1884917,stimulus_Ins_HumanRights_2_page_6,1228.1,942.4,1746.0
1884918,stimulus_Ins_HumanRights_2_page_6,1227.6,941.7,1747.0
1884919,stimulus_Ins_HumanRights_2_page_6,1226.4,940.9,1747.0
1884920,stimulus_Ins_HumanRights_2_page_6,1225.2,940.4,1747.0
1884921,stimulus_Ins_HumanRights_2_page_6,1224.0,939.9,1746.0
1884922,stimulus_Ins_HumanRights_2_page_6,1223.4,938.7,1745.0
1884923,stimulus_Ins_HumanRights_2_page_6,1222.9,937.5,1744.0
1884924,stimulus_Ins_HumanRights_2_page_6,1223.1,936.8,1744.0
1884925,stimulus_Ins_HumanRights_2_page_6,1223.7,937.0,1745.0
1884926,stimulus_Ins_HumanRights_2_page_6,1224.3,937.2,1745.0
1884927,stimulus_Ins_HumanRights_2_page_6,1225.5,937.3,1744.0
1884928,stimulus_Ins_HumanRights_2_page_6,1226.4,937.2,1742.0
1884929,stimulus_Ins_HumanRights_2_page_6,1227.4,937.1,1740.0
1884930,stimulus_Ins_HumanRights_2_page_6,1227.9,937.1,1739.0
1884931,stimulus_Ins_HumanRights_2_page_6,1228.4,937.1,1738.0
1884932,stimulus_Ins_HumanRights_2_page_6,1229.1,937.3,1737.0
1884933,stimulus_Ins_HumanRights_2_page_6,1229.4,937.5,1736.0
1884934,stimulus_Ins_HumanRights_2_page_6,1229.7,937.9,1736.0
1884935,stimulus_Ins_HumanRights_2_page_6,1229.7,938.2,1738.0
1884936,stimulus_Ins_HumanRights_2_page_6,1229.8,938.3,1738.0
1884937,stimulus_Ins_HumanRights_2_page_6,1229.8,938.3,1736.0
1884938,stimulus_Ins_HumanRights_2_page_6,1229.9,938.2,1734.0
1884939,stimulus_Ins_HumanRights_2_page_6,1230.0,938.2,1734.0
1884940,stimulus_Ins_HumanRights_2_page_6,1229.5,937.9,1734.0
1884941,stimulus_Ins_HumanRights_2_page_6,1229.1,937.1,1734.0
1884942,stimulus_Ins_HumanRights_2_page_6,1228.6,936.3,1733.0
1884943,stimulus_Ins_HumanRights_2_page_6,1228.6,936.6,1733.0
1884944,stimulus_Ins_HumanRights_2_page_6,1228.9,937.4,1732.0
1884945,stimulus_Ins_HumanRights_2_page_6,1229.3,938.2,1732.0
1884946,stimulus_Ins_HumanRights_2_page_6,1229.8,938.3,1733.0
1884947,stimulus_Ins_HumanRights_2_page_6,1230.1,938.2,1734.0
1884948,stimulus_Ins_HumanRights_2_page_6,1230.0,937.6,1733.0
1884949,stimulus_Ins_HumanRights_2_page_6,1229.7,936.9,1731.0
1884950,stimulus_Ins_HumanRights_2_page_6,1229.4,935.9,1729.0
1884951,stimulus_Ins_HumanRights_2_page_6,1229.3,935.5,1729.0
1884952,stimulus_Ins_HumanRights_2_page_6,1229.3,935.3,1729.0
1884953,stimulus_Ins_HumanRights_2_page_6,1229.4,935.6,1728.0
1884954,stimulus_Ins_HumanRights_2_page_6,1229.7,935.8,1726.0
1884955,stimulus_Ins_HumanRights_2_page_6,1229.9,935.9,1724.0
1884956,stimulus_Ins_HumanRights_2_page_6,1230.0,935.8,1723.0
1884957,stimulus_Ins_HumanRights_2_page_6,1230.1,935.7,1722.0
1884958,stimulus_Ins_HumanRights_2_page_6,1230.3,936.2,1721.0
1884959,stimulus_Ins_HumanRights_2_page_6,1230.6,936.7,1720.0
1884960,stimulus_Ins_HumanRights_2_page_6,1230.6,936.7,1720.0
1884961,stimulus_Ins_HumanRights_2_page_6,1230.4,936.2,1720.0
1884962,stimulus_Ins_HumanRights_2_page_6,1230.3,936.0,1720.0
1884963,stimulus_Ins_HumanRights_2_page_6,1230.2,936.4,1720.0
1884964,stimulus_Ins_HumanRights_2_page_6,1230.1,936.7,1722.0
1884965,stimulus_Ins_HumanRights_2_page_6,1230.0,936.6,1724.0
1884966,stimulus_Ins_HumanRights_2_page_6,1230.1,936.4,1724.0
1884967,stimulus_Ins_HumanRights_2_page_6,1230.2,936.3,1721.0
1884968,stimulus_Ins_HumanRights_2_page_6,1230.2,936.2,1718.0
1884969,stimulus_Ins_HumanRights_2_page_6,1230.2,936.1,1717.0
1884970,stimulus_Ins_HumanRights_2_page_6,1230.3,936.0,1715.0
1884971,stimulus_Ins_HumanRights_2_page_6,1230.3,935.9,1714.0
1884972,stimulus_Ins_HumanRights_2_page_6,1230.3,935.9,1712.0
1884973,stimulus_Ins_HumanRights_2_page_6,1230.3,935.9,1711.0
1884974,stimulus_Ins_HumanRights_2_page_6,1230.3,936.0,1711.0
1884975,stimulus_Ins_HumanRights_2_page_6,1230.3,936.1,1713.0
1884976,stimulus_Ins_HumanRights_2_page_6,1230.4,936.2,1716.0
1884977,stimulus_Ins_HumanRights_2_page_6,1230.4,936.2,1718.0
1884978,stimulus_Ins_HumanRights_2_page_6,1230.2,936.2,1715.0
1884979,stimulus_Ins_HumanRights_2_page_6,1229.9,936.2,1712.0
1884980,stimulus_Ins_HumanRights_2_page_6,1229.8,936.2,1709.0
1884981,stimulus_Ins_HumanRights_2_page_6,1229.9,936.4,1709.0
1884982,stimulus_Ins_HumanRights_2_page_6,1229.9,936.5,1708.0
1884983,stimulus_Ins_HumanRights_2_page_6,1229.8,936.8,1711.0
1884984,stimulus_Ins_HumanRights_2_page_6,1229.7,936.9,1714.0
1884985,stimulus_Ins_HumanRights_2_page_6,1230.0,936.7,1715.0
1884986,stimulus_Ins_HumanRights_2_page_6,1230.2,936.5,1714.0
1884987,stimulus_Ins_HumanRights_2_page_6,1230.1,936.2,1712.0
1884988,stimulus_Ins_HumanRights_2_page_6,1229.6,936.2,1711.0
1884989,stimulus_Ins_HumanRights_2_page_6,1229.6,936.2,1711.0
1884990,stimulus_Ins_HumanRights_2_page_6,1229.9,936.3,1711.0
1884991,stimulus_Ins_HumanRights_2_page_6,1230.2,936.3,1710.0
1884992,stimulus_Ins_HumanRights_2_page_6,1230.2,936.3,1711.0
1884993,stimulus_Ins_HumanRights_2_page_6,1230.1,936.4,1710.0
1884994,stimulus_Ins_HumanRights_2_page_6,1230.1,937.0,1710.0
1884995,stimulus_Ins_HumanRights_2_page_6,1230.1,937.5,1709.0
1884996,stimulus_Ins_HumanRights_2_page_6,1230.1,938.0,1708.0
1884997,stimulus_Ins_HumanRights_2_page_6,1230.0,937.8,1708.0
1884998,stimulus_Ins_HumanRights_2_page_6,1230.0,937.7,1707.0
1884999,stimulus_Ins_HumanRights_2_page_6,1229.8,937.6,1706.0
1885000,stimulus_Ins_HumanRights_2_page_6,1229.7,937.7,1706.0
1885001,stimulus_Ins_HumanRights_2_page_6,1229.5,937.9,1705.0
1885002,stimulus_Ins_HumanRights_2_page_6,1229.5,938.3,1706.0
1885003,stimulus_Ins_HumanRights_2_page_6,1229.5,938.7,1706.0
1885004,stimulus_Ins_HumanRights_2_page_6,1229.5,939.0,1706.0
1885005,stimulus_Ins_HumanRights_2_page_6,1229.6,939.2,1707.0
1885006,stimulus_Ins_HumanRights_2_page_6,1229.7,939.3,1707.0
1885007,stimulus_Ins_HumanRights_2_page_6,1229.9,939.4,1704.0
1885008,stimulus_Ins_HumanRights_2_page_6,1229.9,939.4,1702.0
1885009,stimulus_Ins_HumanRights_2_page_6,1230.0,939.6,1702.0
1885010,stimulus_Ins_HumanRights_2_page_6,1230.0,939.8,1705.0
1885011,stimulus_Ins_HumanRights_2_page_6,1229.9,939.9,1708.0
1885012,stimulus_Ins_HumanRights_2_page_6,1229.4,939.6,1709.0
1885013,stimulus_Ins_HumanRights_2_page_6,1229.0,939.1,1709.0
1885014,stimulus_Ins_HumanRights_2_page_6,1229.0,938.7,1708.0
1885015,stimulus_Ins_HumanRights_2_page_6,1229.4,938.9,1708.0
1885016,stimulus_Ins_HumanRights_2_page_6,1229.7,939.5,1709.0
1885017,stimulus_Ins_HumanRights_2_page_6,1229.9,940.4,1710.0
1885018,stimulus_Ins_HumanRights_2_page_6,1230.0,941.2,1710.0
1885019,stimulus_Ins_HumanRights_2_page_6,1229.9,941.3,1709.0
1885020,stimulus_Ins_HumanRights_2_page_6,1229.8,941.1,1708.0
1885021,stimulus_Ins_HumanRights_2_page_6,1229.9,940.9,1707.0
1885022,stimulus_Ins_HumanRights_2_page_6,1230.2,940.8,1707.0
1885023,stimulus_Ins_HumanRights_2_page_6,1230.4,940.8,1707.0
1885024,stimulus_Ins_HumanRights_2_page_6,1230.2,940.8,1707.0
1885025,stimulus_Ins_HumanRights_2_page_6,1230.0,940.2,1708.0
1885026,stimulus_Ins_HumanRights_2_page_6,1230.0,939.6,1708.0
1885027,stimulus_Ins_HumanRights_2_page_6,1230.1,939.2,1709.0
1885028,stimulus_Ins_HumanRights_2_page_6,1230.1,939.5,1709.0
1885029,stimulus_Ins_HumanRights_2_page_6,1230.2,940.0,1708.0
1885030,stimulus_Ins_HumanRights_2_page_6,1230.2,940.4,1705.0
1885031,stimulus_Ins_HumanRights_2_page_6,1230.1,940.2,1703.0
1885032,stimulus_Ins_HumanRights_2_page_6,1230.0,939.8,1702.0
1885033,stimulus_Ins_HumanRights_2_page_6,1230.1,939.4,1703.0
1885034,stimulus_Ins_HumanRights_2_page_6,1230.3,939.4,1704.0
1885035,stimulus_Ins_HumanRights_2_page_6,1230.5,939.3,1706.0
1885036,stimulus_Ins_HumanRights_2_page_6,1230.6,939.1,1709.0
1885037,stimulus_Ins_HumanRights_2_page_6,1230.6,938.9,1711.0
1885038,stimulus_Ins_HumanRights_2_page_6,1230.8,939.0,1707.0
1885039,stimulus_Ins_HumanRights_2_page_6,1231.0,939.0,1703.0
1885040,stimulus_Ins_HumanRights_2_page_6,1231.3,939.0,1699.0
1885041,stimulus_Ins_HumanRights_2_page_6,1231.3,939.0,1701.0
1885042,stimulus_Ins_HumanRights_2_page_6,1231.2,939.0,1702.0
1885043,stimulus_Ins_HumanRights_2_page_6,1231.2,939.0,1704.0
1885044,stimulus_Ins_HumanRights_2_page_6,1231.0,939.0,1705.0
1885045,stimulus_Ins_HumanRights_2_page_6,1230.9,939.1,1706.0
1885046,stimulus_Ins_HumanRights_2_page_6,1230.9,939.1,1707.0
1885047,stimulus_Ins_HumanRights_2_page_6,1230.8,938.5,1707.0
1885048,stimulus_Ins_HumanRights_2_page_6,1230.7,937.8,1706.0
1885049,stimulus_Ins_HumanRights_2_page_6,1230.7,937.1,1703.0
1885050,stimulus_Ins_HumanRights_2_page_6,1230.7,937.0,1700.0
1885051,stimulus_Ins_HumanRights_2_page_6,1230.7,937.1,1700.0
1885052,stimulus_Ins_HumanRights_2_page_6,1230.8,937.3,1700.0
1885053,stimulus_Ins_HumanRights_2_page_6,1230.7,937.6,1701.0
1885054,stimulus_Ins_HumanRights_2_page_6,1230.6,937.7,1701.0
1885055,stimulus_Ins_HumanRights_2_page_6,1230.6,937.8,1702.0
1885056,stimulus_Ins_HumanRights_2_page_6,1230.7,937.9,1703.0
1885057,stimulus_Ins_HumanRights_2_page_6,1230.7,937.8,1702.0
1885058,stimulus_Ins_HumanRights_2_page_6,1230.6,937.7,1700.0
1885059,stimulus_Ins_HumanRights_2_page_6,1230.6,937.5,1699.0
1885060,stimulus_Ins_HumanRights_2_page_6,1230.6,937.3,1700.0
1885061,stimulus_Ins_HumanRights_2_page_6,1230.9,937.0,1700.0
1885062,stimulus_Ins_HumanRights_2_page_6,1231.5,937.6,1701.0
1885063,stimulus_Ins_HumanRights_2_page_6,1232.0,938.5,1701.0
1885064,stimulus_Ins_HumanRights_2_page_6,1232.0,939.3,1701.0
1885065,stimulus_Ins_HumanRights_2_page_6,1231.8,939.1,1701.0
1885066,stimulus_Ins_HumanRights_2_page_6,1231.6,938.9,1700.0
1885067,stimulus_Ins_HumanRights_2_page_6,1231.5,938.9,1700.0
1885068,stimulus_Ins_HumanRights_2_page_6,1231.4,938.4,1700.0
1885069,stimulus_Ins_HumanRights_2_page_6,1231.3,938.0,1700.0
1885070,stimulus_Ins_HumanRights_2_page_6,1231.2,938.1,1701.0
1885071,stimulus_Ins_HumanRights_2_page_6,1231.3,938.6,1702.0
1885072,stimulus_Ins_HumanRights_2_page_6,1231.6,939.1,1702.0
1885073,stimulus_Ins_HumanRights_2_page_6,1231.9,939.0,1703.0
1885074,stimulus_Ins_HumanRights_2_page_6,1232.1,938.4,1704.0
1885075,stimulus_Ins_HumanRights_2_page_6,1232.1,937.9,1705.0
1885076,stimulus_Ins_HumanRights_2_page_6,1232.0,937.4,1706.0
1885077,stimulus_Ins_HumanRights_2_page_6,1231.9,937.4,1705.0
1885078,stimulus_Ins_HumanRights_2_page_6,1231.9,937.3,1704.0
1885079,stimulus_Ins_HumanRights_2_page_6,1231.9,937.7,1704.0
1885080,stimulus_Ins_HumanRights_2_page_6,1231.9,938.1,1704.0
1885081,stimulus_Ins_HumanRights_2_page_6,1232.0,938.8,1703.0
1885082,stimulus_Ins_HumanRights_2_page_6,1232.0,939.1,1703.0
1885083,stimulus_Ins_HumanRights_2_page_6,1232.0,939.0,1703.0
1885084,stimulus_Ins_HumanRights_2_page_6,1231.9,938.6,1703.0
1885085,stimulus_Ins_HumanRights_2_page_6,1232.2,938.4,1704.0
1885086,stimulus_Ins_HumanRights_2_page_6,1232.5,938.5,1704.0
1885087,stimulus_Ins_HumanRights_2_page_6,1232.7,938.9,1703.0
1885088,stimulus_Ins_HumanRights_2_page_6,1232.5,939.3,1702.0
1885089,stimulus_Ins_HumanRights_2_page_6,1232.4,939.5,1700.0
1885090,stimulus_Ins_HumanRights_2_page_6,1232.3,939.6,1699.0
1885091,stimulus_Ins_HumanRights_2_page_6,1232.3,939.6,1700.0
1885092,stimulus_Ins_HumanRights_2_page_6,1232.3,939.7,1700.0
1885093,stimulus_Ins_HumanRights_2_page_6,1232.2,939.5,1700.0
1885094,stimulus_Ins_HumanRights_2_page_6,1232.1,939.3,1700.0
1885095,stimulus_Ins_HumanRights_2_page_6,1232.0,939.0,1699.0
1885096,stimulus_Ins_HumanRights_2_page_6,1232.0,938.9,1698.0
1885097,stimulus_Ins_HumanRights_2_page_6,1231.9,938.9,1698.0
1885098,stimulus_Ins_HumanRights_2_page_6,1231.8,938.8,1699.0
1885099,stimulus_Ins_HumanRights_2_page_6,1231.9,938.9,1696.0
1885100,stimulus_Ins_HumanRights_2_page_6,1231.9,939.1,1694.0
1885101,stimulus_Ins_HumanRights_2_page_6,1232.1,939.3,1690.0
1885102,stimulus_Ins_HumanRights_2_page_6,1232.2,939.3,1689.0
1885103,stimulus_Ins_HumanRights_2_page_6,1232.4,939.5,1689.0
1885104,stimulus_Ins_HumanRights_2_page_6,1232.1,939.6,1690.0
1885105,stimulus_Ins_HumanRights_2_page_6,1231.8,939.5,1691.0
1885106,stimulus_Ins_HumanRights_2_page_6,1231.7,939.3,1691.0
1885107,stimulus_Ins_HumanRights_2_page_6,1231.9,939.1,1691.0
1885108,stimulus_Ins_HumanRights_2_page_6,1232.2,939.1,1690.0
1885109,stimulus_Ins_HumanRights_2_page_6,1232.1,939.3,1690.0
1885110,stimulus_Ins_HumanRights_2_page_6,1232.1,939.6,1690.0
1885111,stimulus_Ins_HumanRights_2_page_6,1231.9,939.9,1689.0
1885112,stimulus_Ins_HumanRights_2_page_6,1231.8,939.6,1689.0
1885113,stimulus_Ins_HumanRights_2_page_6,1231.6,939.1,1689.0
1885114,stimulus_Ins_HumanRights_2_page_6,1231.5,938.6,1689.0
1885115,stimulus_Ins_HumanRights_2_page_6,1231.6,938.7,1689.0
1885116,stimulus_Ins_HumanRights_2_page_6,1231.7,939.0,1689.0
1885117,stimulus_Ins_HumanRights_2_page_6,1231.9,939.1,1690.0
1885118,stimulus_Ins_HumanRights_2_page_6,1232.0,938.9,1691.0
1885119,stimulus_Ins_HumanRights_2_page_6,1232.1,938.7,1690.0
1885120,stimulus_Ins_HumanRights_2_page_6,1232.3,938.9,1690.0
1885121,stimulus_Ins_HumanRights_2_page_6,1232.5,939.2,1689.0
1885122,stimulus_Ins_HumanRights_2_page_6,1232.6,939.5,1688.0
1885123,stimulus_Ins_HumanRights_2_page_6,1232.6,939.5,1688.0
1885124,stimulus_Ins_HumanRights_2_page_6,1232.7,939.5,1687.0
1885125,stimulus_Ins_HumanRights_2_page_6,1232.7,939.4,1686.0
1885126,stimulus_Ins_HumanRights_2_page_6,1232.8,939.2,1686.0
1885127,stimulus_Ins_HumanRights_2_page_6,1232.7,939.1,1686.0
1885128,stimulus_Ins_HumanRights_2_page_6,1232.6,939.1,1686.0
1885129,stimulus_Ins_HumanRights_2_page_6,1232.5,939.2,1685.0
1885130,stimulus_Ins_HumanRights_2_page_6,1232.4,938.9,1685.0
1885131,stimulus_Ins_HumanRights_2_page_6,1232.3,938.5,1685.0
1885132,stimulus_Ins_HumanRights_2_page_6,1232.2,938.2,1685.0
1885133,stimulus_Ins_HumanRights_2_page_6,1232.1,938.0,1686.0
1885134,stimulus_Ins_HumanRights_2_page_6,1232.1,937.8,1688.0
1885135,stimulus_Ins_HumanRights_2_page_6,1232.4,938.1,1688.0
1885136,stimulus_Ins_HumanRights_2_page_6,1232.7,938.5,1687.0
1885137,stimulus_Ins_HumanRights_2_page_6,1233.2,938.5,1687.0
1885138,stimulus_Ins_HumanRights_2_page_6,1233.3,938.2,1686.0
1885139,stimulus_Ins_HumanRights_2_page_6,1233.5,938.2,1685.0
1885140,stimulus_Ins_HumanRights_2_page_6,1233.3,938.4,1684.0
1885141,stimulus_Ins_HumanRights_2_page_6,1233.2,938.7,1684.0
1885142,stimulus_Ins_HumanRights_2_page_6,1233.1,938.6,1684.0
1885143,stimulus_Ins_HumanRights_2_page_6,1233.2,938.6,1685.0
1885144,stimulus_Ins_HumanRights_2_page_6,1233.3,938.3,1686.0
1885145,stimulus_Ins_HumanRights_2_page_6,1233.3,938.0,1687.0
1885146,stimulus_Ins_HumanRights_2_page_6,1233.3,937.9,1687.0
1885147,stimulus_Ins_HumanRights_2_page_6,1233.3,938.1,1687.0
1885148,stimulus_Ins_HumanRights_2_page_6,1233.1,938.5,1686.0
1885149,stimulus_Ins_HumanRights_2_page_6,1232.8,938.7,1685.0
1885150,stimulus_Ins_HumanRights_2_page_6,1232.5,938.7,1683.0
1885151,stimulus_Ins_HumanRights_2_page_6,1232.3,938.5,1682.0
1885152,stimulus_Ins_HumanRights_2_page_6,1232.2,938.2,1683.0
1885153,stimulus_Ins_HumanRights_2_page_6,1232.1,937.9,1685.0
1885154,stimulus_Ins_HumanRights_2_page_6,1232.1,937.7,1686.0
1885155,stimulus_Ins_HumanRights_2_page_6,1232.3,937.5,1685.0
1885156,stimulus_Ins_HumanRights_2_page_6,1232.6,937.9,1684.0
1885157,stimulus_Ins_HumanRights_2_page_6,1232.9,938.3,1684.0
1885158,stimulus_Ins_HumanRights_2_page_6,1232.9,938.0,1684.0
1885159,stimulus_Ins_HumanRights_2_page_6,1232.8,937.3,1684.0
1885160,stimulus_Ins_HumanRights_2_page_6,1232.8,936.5,1683.0
1885161,stimulus_Ins_HumanRights_2_page_6,1232.8,936.4,1683.0
1885162,stimulus_Ins_HumanRights_2_page_6,1232.8,936.5,1684.0
1885163,stimulus_Ins_HumanRights_2_page_6,1232.9,936.8,1684.0
1885164,stimulus_Ins_HumanRights_2_page_6,1233.1,937.1,1684.0
1885165,stimulus_Ins_HumanRights_2_page_6,1233.2,937.3,1684.0
1885166,stimulus_Ins_HumanRights_2_page_6,1233.3,937.3,1684.0
1885167,stimulus_Ins_HumanRights_2_page_6,1233.4,937.2,1684.0
1885168,stimulus_Ins_HumanRights_2_page_6,1233.5,937.1,1683.0
1885169,stimulus_Ins_HumanRights_2_page_6,1233.6,937.1,1683.0
1885170,stimulus_Ins_HumanRights_2_page_6,1233.5,937.2,1683.0
1885171,stimulus_Ins_HumanRights_2_page_6,1233.3,937.5,1684.0
1885172,stimulus_Ins_HumanRights_2_page_6,1233.2,937.8,1683.0
1885173,stimulus_Ins_HumanRights_2_page_6,1233.2,938.2,1683.0
1885174,stimulus_Ins_HumanRights_2_page_6,1233.3,938.4,1684.0
1885175,stimulus_Ins_HumanRights_2_page_6,1233.2,938.2,1684.0
1885176,stimulus_Ins_HumanRights_2_page_6,1233.3,937.9,1685.0
1885177,stimulus_Ins_HumanRights_2_page_6,1233.5,937.6,1685.0
1885178,stimulus_Ins_HumanRights_2_page_6,1233.5,937.5,1685.0
1885179,stimulus_Ins_HumanRights_2_page_6,1233.3,937.5,1685.0
1885180,stimulus_Ins_HumanRights_2_page_6,1232.9,937.6,1684.0
1885181,stimulus_Ins_HumanRights_2_page_6,1232.7,937.6,1685.0
1885182,stimulus_Ins_HumanRights_2_page_6,1233.0,937.7,1685.0
1885183,stimulus_Ins_HumanRights_2_page_6,1233.4,938.0,1686.0
1885184,stimulus_Ins_HumanRights_2_page_6,1233.8,938.5,1688.0
1885185,stimulus_Ins_HumanRights_2_page_6,1233.8,938.9,1689.0
1885186,stimulus_Ins_HumanRights_2_page_6,1233.8,939.1,1690.0
1885187,stimulus_Ins_HumanRights_2_page_6,1233.9,938.9,1689.0
1885188,stimulus_Ins_HumanRights_2_page_6,1233.7,938.7,1686.0
1885189,stimulus_Ins_HumanRights_2_page_6,1233.5,938.4,1684.0
1885190,stimulus_Ins_HumanRights_2_page_6,1233.3,938.1,1682.0
1885191,stimulus_Ins_HumanRights_2_page_6,1233.3,937.8,1683.0
1885192,stimulus_Ins_HumanRights_2_page_6,1233.4,937.5,1684.0
1885193,stimulus_Ins_HumanRights_2_page_6,1233.4,937.5,1685.0
1885194,stimulus_Ins_HumanRights_2_page_6,1233.2,937.3,1686.0
1885195,stimulus_Ins_HumanRights_2_page_6,1233.0,937.1,1685.0
1885196,stimulus_Ins_HumanRights_2_page_6,1232.8,936.8,1685.0
1885197,stimulus_Ins_HumanRights_2_page_6,1233.2,936.6,1686.0
1885198,stimulus_Ins_HumanRights_2_page_6,1233.6,936.3,1687.0
1885199,stimulus_Ins_HumanRights_2_page_6,1234.0,936.2,1688.0
1885200,stimulus_Ins_HumanRights_2_page_6,1234.0,936.3,1688.0
1885201,stimulus_Ins_HumanRights_2_page_6,1233.7,936.5,1688.0
1885202,stimulus_Ins_HumanRights_2_page_6,1233.2,936.5,1688.0
1885203,stimulus_Ins_HumanRights_2_page_6,1232.7,936.6,1688.0
1885204,stimulus_Ins_HumanRights_2_page_6,1232.6,936.9,1688.0
1885205,stimulus_Ins_HumanRights_2_page_6,1232.6,937.1,1689.0
1885206,stimulus_Ins_HumanRights_2_page_6,1232.7,937.4,1689.0
1885207,stimulus_Ins_HumanRights_2_page_6,1232.7,937.3,1688.0
1885208,stimulus_Ins_HumanRights_2_page_6,1232.6,937.3,1688.0
1885209,stimulus_Ins_HumanRights_2_page_6,1232.6,937.2,1688.0
1885210,stimulus_Ins_HumanRights_2_page_6,1232.8,937.1,1689.0
1885211,stimulus_Ins_HumanRights_2_page_6,1233.3,937.0,1690.0
1885212,stimulus_Ins_HumanRights_2_page_6,1233.7,936.9,1688.0
1885213,stimulus_Ins_HumanRights_2_page_6,1233.6,936.9,1686.0
1885214,stimulus_Ins_HumanRights_2_page_6,1233.3,936.9,1686.0
1885215,stimulus_Ins_HumanRights_2_page_6,1233.1,937.0,1688.0
1885216,stimulus_Ins_HumanRights_2_page_6,1233.3,937.2,1690.0
1885217,stimulus_Ins_HumanRights_2_page_6,1233.4,936.7,1690.0
1885218,stimulus_Ins_HumanRights_2_page_6,1233.2,936.1,1690.0
1885219,stimulus_Ins_HumanRights_2_page_6,1233.0,935.4,1690.0
1885220,stimulus_Ins_HumanRights_2_page_6,1232.8,935.4,1690.0
1885221,stimulus_Ins_HumanRights_2_page_6,1232.8,935.4,1691.0
1885222,stimulus_Ins_HumanRights_2_page_6,1233.1,935.7,1691.0
1885223,stimulus_Ins_HumanRights_2_page_6,1233.5,935.9,1690.0
1885224,stimulus_Ins_HumanRights_2_page_6,1233.8,936.2,1689.0
1885225,stimulus_Ins_HumanRights_2_page_6,1233.8,936.2,1689.0
1885226,stimulus_Ins_HumanRights_2_page_6,1233.6,936.2,1691.0
1885227,stimulus_Ins_HumanRights_2_page_6,1233.3,935.8,1692.0
1885228,stimulus_Ins_HumanRights_2_page_6,1233.1,935.3,1692.0
1885229,stimulus_Ins_HumanRights_2_page_6,1233.1,934.8,1691.0
1885230,stimulus_Ins_HumanRights_2_page_6,1233.2,934.8,1688.0
1885231,stimulus_Ins_HumanRights_2_page_6,1233.2,934.8,1687.0
1885232,stimulus_Ins_HumanRights_2_page_6,1233.1,934.9,1688.0
1885233,stimulus_Ins_HumanRights_2_page_6,1233.3,935.1,1694.0
1885234,stimulus_Ins_HumanRights_2_page_6,1233.5,935.3,1700.0
1885235,stimulus_Ins_HumanRights_2_page_6,1233.8,935.5,1700.0
1885236,stimulus_Ins_HumanRights_2_page_6,1234.0,935.9,1695.0
1885237,stimulus_Ins_HumanRights_2_page_6,1234.2,936.3,1691.0
1885238,stimulus_Ins_HumanRights_2_page_6,1234.3,936.6,1690.0
1885239,stimulus_Ins_HumanRights_2_page_6,1234.3,936.6,1690.0
1885240,stimulus_Ins_HumanRights_2_page_6,1234.3,936.6,1689.0
1885241,stimulus_Ins_HumanRights_2_page_6,1234.3,936.5,1691.0
1885242,stimulus_Ins_HumanRights_2_page_6,1234.2,936.4,1694.0
1885243,stimulus_Ins_HumanRights_2_page_6,1234.1,936.2,1698.0
1885244,stimulus_Ins_HumanRights_2_page_6,1234.1,936.2,1699.0
1885245,stimulus_Ins_HumanRights_2_page_6,1234.2,936.2,1698.0
1885246,stimulus_Ins_HumanRights_2_page_6,1234.1,935.9,1694.0
1885247,stimulus_Ins_HumanRights_2_page_6,1233.9,935.5,1691.0
1885248,stimulus_Ins_HumanRights_2_page_6,1233.8,935.1,1690.0
1885249,stimulus_Ins_HumanRights_2_page_6,1233.7,935.1,1692.0
1885250,stimulus_Ins_HumanRights_2_page_6,1233.6,935.2,1693.0
1885251,stimulus_Ins_HumanRights_2_page_6,1233.4,935.1,1693.0
1885252,stimulus_Ins_HumanRights_2_page_6,1233.3,935.0,1694.0
1885253,stimulus_Ins_HumanRights_2_page_6,1233.3,935.2,1698.0
1885254,stimulus_Ins_HumanRights_2_page_6,1233.4,935.5,1703.0
1885255,stimulus_Ins_HumanRights_2_page_6,1233.6,935.9,1702.0
1885256,stimulus_Ins_HumanRights_2_page_6,1233.8,935.5,1699.0
1885257,stimulus_Ins_HumanRights_2_page_6,1234.0,935.1,1696.0
1885258,stimulus_Ins_HumanRights_2_page_6,1234.0,934.7,1695.0
1885259,stimulus_Ins_HumanRights_2_page_6,1234.0,934.7,1693.0
1885260,stimulus_Ins_HumanRights_2_page_6,1234.1,934.9,1691.0
1885261,stimulus_Ins_HumanRights_2_page_6,1234.2,935.1,1690.0
1885262,stimulus_Ins_HumanRights_2_page_6,1234.3,935.2,1691.0
1885263,stimulus_Ins_HumanRights_2_page_6,1234.0,935.1,1692.0
1885264,stimulus_Ins_HumanRights_2_page_6,1233.7,935.0,1693.0
1885265,stimulus_Ins_HumanRights_2_page_6,1233.5,935.0,1694.0
1885266,stimulus_Ins_HumanRights_2_page_6,1233.5,934.9,1695.0
1885267,stimulus_Ins_HumanRights_2_page_6,1233.5,934.6,1695.0
1885268,stimulus_Ins_HumanRights_2_page_6,1233.4,934.3,1695.0
1885269,stimulus_Ins_HumanRights_2_page_6,1233.4,934.5,1695.0
1885270,stimulus_Ins_HumanRights_2_page_6,1233.7,935.0,1695.0
1885271,stimulus_Ins_HumanRights_2_page_6,1233.9,935.2,1695.0
1885272,stimulus_Ins_HumanRights_2_page_6,1234.1,935.0,1695.0
1885273,stimulus_Ins_HumanRights_2_page_6,1234.1,935.0,1695.0
1885274,stimulus_Ins_HumanRights_2_page_6,1234.1,935.2,1695.0
1885275,stimulus_Ins_HumanRights_2_page_6,1234.3,935.4,1694.0
1885276,stimulus_Ins_HumanRights_2_page_6,1234.5,935.4,1693.0
1885277,stimulus_Ins_HumanRights_2_page_6,1235.0,935.5,1692.0
1885278,stimulus_Ins_HumanRights_2_page_6,1235.3,935.7,1691.0
1885279,stimulus_Ins_HumanRights_2_page_6,1235.7,935.8,1689.0
1885280,stimulus_Ins_HumanRights_2_page_6,1235.3,935.9,1689.0
1885281,stimulus_Ins_HumanRights_2_page_6,1235.0,936.0,1689.0
1885282,stimulus_Ins_HumanRights_2_page_6,1234.7,936.0,1690.0
1885283,stimulus_Ins_HumanRights_2_page_6,1234.8,935.8,1692.0
1885284,stimulus_Ins_HumanRights_2_page_6,1235.0,935.7,1692.0
1885285,stimulus_Ins_HumanRights_2_page_6,1235.2,935.7,1691.0
1885286,stimulus_Ins_HumanRights_2_page_6,1235.0,935.5,1690.0
1885287,stimulus_Ins_HumanRights_2_page_6,1234.7,935.1,1690.0
1885288,stimulus_Ins_HumanRights_2_page_6,1234.3,935.2,1689.0
1885289,stimulus_Ins_HumanRights_2_page_6,1234.4,935.6,1689.0
1885290,stimulus_Ins_HumanRights_2_page_6,1234.7,936.1,1690.0
1885291,stimulus_Ins_HumanRights_2_page_6,1235.0,936.2,1691.0
1885292,stimulus_Ins_HumanRights_2_page_6,1235.1,936.3,1692.0
1885293,stimulus_Ins_HumanRights_2_page_6,1234.9,936.2,1693.0
1885294,stimulus_Ins_HumanRights_2_page_6,1234.7,936.0,1693.0
1885295,stimulus_Ins_HumanRights_2_page_6,1234.6,935.7,1693.0
1885296,stimulus_Ins_HumanRights_2_page_6,1234.7,935.3,1693.0
1885297,stimulus_Ins_HumanRights_2_page_6,1235.0,935.0,1693.0
1885298,stimulus_Ins_HumanRights_2_page_6,1235.4,935.0,1692.0
1885299,stimulus_Ins_HumanRights_2_page_6,1235.8,935.1,1691.0
1885300,stimulus_Ins_HumanRights_2_page_6,1236.0,935.2,1691.0
1885301,stimulus_Ins_HumanRights_2_page_6,1235.9,935.3,1692.0
1885302,stimulus_Ins_HumanRights_2_page_6,1235.8,935.3,1693.0
1885303,stimulus_Ins_HumanRights_2_page_6,1235.6,935.3,1693.0
1885304,stimulus_Ins_HumanRights_2_page_6,1235.6,935.2,1694.0
1885305,stimulus_Ins_HumanRights_2_page_6,1235.5,935.0,1695.0
1885306,stimulus_Ins_HumanRights_2_page_6,1235.4,934.9,1694.0
1885307,stimulus_Ins_HumanRights_2_page_6,1235.2,934.7,1692.0
1885308,stimulus_Ins_HumanRights_2_page_6,1235.2,934.7,1690.0
1885309,stimulus_Ins_HumanRights_2_page_6,1235.0,934.7,1690.0
1885310,stimulus_Ins_HumanRights_2_page_6,1234.9,934.7,1691.0
1885311,stimulus_Ins_HumanRights_2_page_6,1234.9,934.7,1692.0
1885312,stimulus_Ins_HumanRights_2_page_6,1234.9,935.1,1692.0
1885313,stimulus_Ins_HumanRights_2_page_6,1234.9,935.4,1693.0
1885314,stimulus_Ins_HumanRights_2_page_6,1235.3,935.6,1694.0
1885315,stimulus_Ins_HumanRights_2_page_6,1235.7,935.5,1694.0
1885316,stimulus_Ins_HumanRights_2_page_6,1236.1,935.5,1695.0
1885317,stimulus_Ins_HumanRights_2_page_6,1236.1,935.3,1695.0
1885318,stimulus_Ins_HumanRights_2_page_6,1236.3,935.3,1695.0
1885319,stimulus_Ins_HumanRights_2_page_6,1236.5,935.2,1694.0
1885320,stimulus_Ins_HumanRights_2_page_6,1236.5,934.9,1692.0
1885321,stimulus_Ins_HumanRights_2_page_6,1236.5,934.5,1691.0
1885322,stimulus_Ins_HumanRights_2_page_6,1236.4,934.4,1691.0
1885323,stimulus_Ins_HumanRights_2_page_6,1236.3,934.6,1690.0
1885324,stimulus_Ins_HumanRights_2_page_6,1236.1,934.9,1690.0
1885325,stimulus_Ins_HumanRights_2_page_6,1236.3,935.3,1690.0
1885326,stimulus_Ins_HumanRights_2_page_6,1236.6,935.8,1690.0
1885327,stimulus_Ins_HumanRights_2_page_6,1237.0,935.8,1690.0
1885328,stimulus_Ins_HumanRights_2_page_6,1237.0,935.3,1689.0
1885329,stimulus_Ins_HumanRights_2_page_6,1237.1,934.8,1688.0
1885330,stimulus_Ins_HumanRights_2_page_6,1237.2,934.8,1688.0
1885331,stimulus_Ins_HumanRights_2_page_6,1237.0,934.8,1688.0
1885332,stimulus_Ins_HumanRights_2_page_6,1236.8,934.8,1688.0
1885333,stimulus_Ins_HumanRights_2_page_6,1236.7,934.7,1689.0
1885334,stimulus_Ins_HumanRights_2_page_6,1236.8,934.6,1690.0
1885335,stimulus_Ins_HumanRights_2_page_6,1236.9,934.5,1692.0
1885336,stimulus_Ins_HumanRights_2_page_6,1236.9,934.6,1692.0
1885337,stimulus_Ins_HumanRights_2_page_6,1236.8,934.8,1692.0
1885338,stimulus_Ins_HumanRights_2_page_6,1236.9,935.0,1692.0
1885339,stimulus_Ins_HumanRights_2_page_6,1237.1,935.3,1693.0
1885340,stimulus_Ins_HumanRights_2_page_6,1237.3,935.6,1693.0
1885341,stimulus_Ins_HumanRights_2_page_6,1237.5,936.0,1693.0
1885342,stimulus_Ins_HumanRights_2_page_6,1237.5,935.9,1692.0
1885343,stimulus_Ins_HumanRights_2_page_6,1237.6,935.7,1692.0
1885344,stimulus_Ins_HumanRights_2_page_6,1237.3,935.6,1692.0
1885345,stimulus_Ins_HumanRights_2_page_6,1236.9,935.5,1692.0
1885346,stimulus_Ins_HumanRights_2_page_6,1236.6,935.5,1692.0
1885347,stimulus_Ins_HumanRights_2_page_6,1236.6,935.5,1692.0
1885348,stimulus_Ins_HumanRights_2_page_6,1236.3,935.6,1692.0
1885349,stimulus_Ins_HumanRights_2_page_6,1236.0,935.7,1690.0
1885350,stimulus_Ins_HumanRights_2_page_6,1235.9,935.7,1689.0
1885351,stimulus_Ins_HumanRights_2_page_6,1236.0,935.7,1688.0
1885352,stimulus_Ins_HumanRights_2_page_6,1236.1,935.6,1689.0
1885353,stimulus_Ins_HumanRights_2_page_6,1236.2,935.5,1691.0
1885354,stimulus_Ins_HumanRights_2_page_6,1236.2,935.4,1693.0
1885355,stimulus_Ins_HumanRights_2_page_6,1236.1,935.4,1696.0
1885356,stimulus_Ins_HumanRights_2_page_6,1236.1,935.6,1696.0
1885357,stimulus_Ins_HumanRights_2_page_6,1236.1,935.9,1696.0
1885358,stimulus_Ins_HumanRights_2_page_6,1236.0,936.1,1696.0
1885359,stimulus_Ins_HumanRights_2_page_6,1236.0,936.0,1697.0
1885360,stimulus_Ins_HumanRights_2_page_6,1235.9,935.8,1697.0
1885361,stimulus_Ins_HumanRights_2_page_6,1235.9,935.7,1698.0
1885362,stimulus_Ins_HumanRights_2_page_6,1236.1,936.0,1697.0
1885363,stimulus_Ins_HumanRights_2_page_6,1236.0,936.3,1695.0
1885364,stimulus_Ins_HumanRights_2_page_6,1235.7,936.6,1694.0
1885365,stimulus_Ins_HumanRights_2_page_6,1235.8,936.6,1694.0
1885366,stimulus_Ins_HumanRights_2_page_6,1236.2,936.4,1694.0
1885367,stimulus_Ins_HumanRights_2_page_6,1236.4,936.1,1692.0
1885368,stimulus_Ins_HumanRights_2_page_6,1236.2,935.9,1689.0
1885369,stimulus_Ins_HumanRights_2_page_6,1236.0,935.9,1689.0
1885370,stimulus_Ins_HumanRights_2_page_6,1236.0,935.9,1692.0
1885371,stimulus_Ins_HumanRights_2_page_6,1236.0,936.0,1695.0
1885372,stimulus_Ins_HumanRights_2_page_6,1236.0,936.0,1694.0
1885373,stimulus_Ins_HumanRights_2_page_6,1236.2,936.0,1694.0
1885374,stimulus_Ins_HumanRights_2_page_6,1236.4,935.7,1694.0
1885375,stimulus_Ins_HumanRights_2_page_6,1236.4,935.4,1694.0
1885376,stimulus_Ins_HumanRights_2_page_6,1236.2,935.1,1695.0
1885377,stimulus_Ins_HumanRights_2_page_6,1236.0,935.1,1695.0
1885378,stimulus_Ins_HumanRights_2_page_6,1236.0,935.2,1695.0
1885379,stimulus_Ins_HumanRights_2_page_6,1236.3,935.3,1695.0
1885380,stimulus_Ins_HumanRights_2_page_6,1236.5,935.4,1696.0
1885381,stimulus_Ins_HumanRights_2_page_6,1236.8,935.1,1696.0
1885382,stimulus_Ins_HumanRights_2_page_6,1236.8,934.7,1695.0
1885383,stimulus_Ins_HumanRights_2_page_6,1236.8,934.4,1695.0
1885384,stimulus_Ins_HumanRights_2_page_6,1237.0,934.6,1694.0
1885385,stimulus_Ins_HumanRights_2_page_6,1237.1,934.8,1694.0
1885386,stimulus_Ins_HumanRights_2_page_6,1237.2,934.8,1694.0
1885387,stimulus_Ins_HumanRights_2_page_6,1237.2,934.9,1693.0
1885388,stimulus_Ins_HumanRights_2_page_6,1237.1,934.9,1693.0
1885389,stimulus_Ins_HumanRights_2_page_6,1237.0,934.7,1692.0
1885390,stimulus_Ins_HumanRights_2_page_6,1236.8,934.6,1691.0
1885391,stimulus_Ins_HumanRights_2_page_6,1236.7,934.6,1690.0
1885392,stimulus_Ins_HumanRights_2_page_6,1236.7,934.4,1690.0
1885393,stimulus_Ins_HumanRights_2_page_6,1236.7,934.1,1689.0
1885394,stimulus_Ins_HumanRights_2_page_6,1236.7,933.9,1689.0
1885395,stimulus_Ins_HumanRights_2_page_6,1236.7,933.9,1689.0
1885396,stimulus_Ins_HumanRights_2_page_6,1236.7,934.0,1692.0
1885397,stimulus_Ins_HumanRights_2_page_6,1236.8,934.1,1695.0
1885398,stimulus_Ins_HumanRights_2_page_6,1236.8,934.1,1695.0
1885399,stimulus_Ins_HumanRights_2_page_6,1236.7,934.1,1694.0
1885400,stimulus_Ins_HumanRights_2_page_6,1236.5,933.6,1692.0
1885401,stimulus_Ins_HumanRights_2_page_6,1236.2,933.1,1692.0
1885402,stimulus_Ins_HumanRights_2_page_6,1236.1,932.8,1692.0
1885403,stimulus_Ins_HumanRights_2_page_6,1236.1,932.9,1693.0
1885404,stimulus_Ins_HumanRights_2_page_6,1236.2,933.8,1694.0
1885405,stimulus_Ins_HumanRights_2_page_6,1236.4,934.7,1694.0
1885406,stimulus_Ins_HumanRights_2_page_6,1236.5,935.6,1694.0
1885407,stimulus_Ins_HumanRights_2_page_6,1236.5,935.3,1694.0
1885408,stimulus_Ins_HumanRights_2_page_6,1236.5,934.9,1694.0
1885409,stimulus_Ins_HumanRights_2_page_6,1236.6,934.5,1694.0
1885410,stimulus_Ins_HumanRights_2_page_6,1236.7,934.2,1693.0
1885411,stimulus_Ins_HumanRights_2_page_6,1236.8,934.0,1692.0
1885412,stimulus_Ins_HumanRights_2_page_6,1236.9,933.7,1691.0
1885413,stimulus_Ins_HumanRights_2_page_6,1236.9,933.6,1690.0
1885414,stimulus_Ins_HumanRights_2_page_6,1236.8,933.5,1690.0
1885415,stimulus_Ins_HumanRights_2_page_6,1236.7,933.4,1690.0
1885416,stimulus_Ins_HumanRights_2_page_6,1236.8,933.5,1691.0
1885417,stimulus_Ins_HumanRights_2_page_6,1237.0,933.5,1692.0
1885418,stimulus_Ins_HumanRights_2_page_6,1236.9,933.6,1693.0
1885419,stimulus_Ins_HumanRights_2_page_6,1236.6,933.8,1693.0
1885420,stimulus_Ins_HumanRights_2_page_6,1236.4,934.1,1694.0
1885421,stimulus_Ins_HumanRights_2_page_6,1236.4,934.4,1695.0
1885422,stimulus_Ins_HumanRights_2_page_6,1236.5,934.6,1696.0
1885423,stimulus_Ins_HumanRights_2_page_6,1236.6,934.7,1696.0
1885424,stimulus_Ins_HumanRights_2_page_6,1236.6,934.8,1697.0
1885425,stimulus_Ins_HumanRights_2_page_6,1236.5,934.8,1697.0
1885426,stimulus_Ins_HumanRights_2_page_6,1236.4,934.8,1697.0
1885427,stimulus_Ins_HumanRights_2_page_6,1236.3,934.6,1696.0
1885428,stimulus_Ins_HumanRights_2_page_6,1236.3,934.5,1694.0
1885429,stimulus_Ins_HumanRights_2_page_6,1236.4,934.3,1693.0
1885430,stimulus_Ins_HumanRights_2_page_6,1236.5,934.2,1693.0
1885431,stimulus_Ins_HumanRights_2_page_6,1236.5,934.3,1693.0
1885432,stimulus_Ins_HumanRights_2_page_6,1236.5,934.3,1696.0
1885433,stimulus_Ins_HumanRights_2_page_6,1236.3,934.4,1698.0
1885434,stimulus_Ins_HumanRights_2_page_6,1236.0,934.5,1698.0
1885435,stimulus_Ins_HumanRights_2_page_6,1236.0,934.7,1696.0
1885436,stimulus_Ins_HumanRights_2_page_6,1236.3,934.7,1693.0
1885437,stimulus_Ins_HumanRights_2_page_6,1236.7,934.8,1693.0
1885438,stimulus_Ins_HumanRights_2_page_6,1236.8,934.8,1693.0
1885439,stimulus_Ins_HumanRights_2_page_6,1236.8,934.5,1694.0
1885440,stimulus_Ins_HumanRights_2_page_6,1236.8,934.3,1695.0
1885441,stimulus_Ins_HumanRights_2_page_6,1236.6,934.0,1696.0
1885442,stimulus_Ins_HumanRights_2_page_6,1236.3,934.3,1696.0
1885443,stimulus_Ins_HumanRights_2_page_6,1236.1,934.4,1697.0
1885444,stimulus_Ins_HumanRights_2_page_6,1236.1,934.5,1697.0
1885445,stimulus_Ins_HumanRights_2_page_6,1236.1,934.4,1698.0
1885446,stimulus_Ins_HumanRights_2_page_6,1235.9,934.4,1698.0
1885447,stimulus_Ins_HumanRights_2_page_6,1235.7,934.5,1699.0
1885448,stimulus_Ins_HumanRights_2_page_6,1235.7,934.5,1699.0
1885449,stimulus_Ins_HumanRights_2_page_6,1235.8,934.4,1699.0
1885450,stimulus_Ins_HumanRights_2_page_6,1235.9,934.0,1698.0
1885451,stimulus_Ins_HumanRights_2_page_6,1235.7,933.7,1697.0
1885452,stimulus_Ins_HumanRights_2_page_6,1235.6,934.0,1697.0
1885453,stimulus_Ins_HumanRights_2_page_6,1235.6,934.6,1697.0
1885454,stimulus_Ins_HumanRights_2_page_6,1235.6,934.7,1698.0
1885455,stimulus_Ins_HumanRights_2_page_6,1235.5,934.2,1698.0
1885456,stimulus_Ins_HumanRights_2_page_6,1235.4,933.8,1698.0
1885457,stimulus_Ins_HumanRights_2_page_6,1235.6,933.8,1696.0
1885458,stimulus_Ins_HumanRights_2_page_6,1235.9,933.7,1694.0
1885459,stimulus_Ins_HumanRights_2_page_6,1236.1,933.5,1693.0
1885460,stimulus_Ins_HumanRights_2_page_6,1236.1,933.6,1693.0
1885461,stimulus_Ins_HumanRights_2_page_6,1236.1,933.9,1694.0
1885462,stimulus_Ins_HumanRights_2_page_6,1235.8,933.6,1694.0
1885463,stimulus_Ins_HumanRights_2_page_6,1235.5,933.0,1694.0
1885464,stimulus_Ins_HumanRights_2_page_6,1235.4,932.6,1696.0
1885465,stimulus_Ins_HumanRights_2_page_6,1235.4,932.7,1697.0
1885466,stimulus_Ins_HumanRights_2_page_6,1235.6,933.0,1698.0
1885467,stimulus_Ins_HumanRights_2_page_6,1235.7,933.2,1698.0
1885468,stimulus_Ins_HumanRights_2_page_6,1235.6,933.3,1696.0
1885469,stimulus_Ins_HumanRights_2_page_6,1235.4,933.2,1695.0
1885470,stimulus_Ins_HumanRights_2_page_6,1235.3,933.1,1693.0
1885471,stimulus_Ins_HumanRights_2_page_6,1235.4,933.2,1692.0
1885472,stimulus_Ins_HumanRights_2_page_6,1235.5,933.4,1691.0
1885473,stimulus_Ins_HumanRights_2_page_6,1235.8,933.6,1691.0
1885474,stimulus_Ins_HumanRights_2_page_6,1236.1,933.4,1691.0
1885475,stimulus_Ins_HumanRights_2_page_6,1236.4,933.1,1690.0
1885476,stimulus_Ins_HumanRights_2_page_6,1236.3,932.9,1690.0
1885477,stimulus_Ins_HumanRights_2_page_6,1236.1,932.9,1690.0
1885478,stimulus_Ins_HumanRights_2_page_6,1235.9,933.1,1689.0
1885479,stimulus_Ins_HumanRights_2_page_6,1235.8,933.3,1688.0
1885480,stimulus_Ins_HumanRights_2_page_6,1235.8,933.5,1687.0
1885481,stimulus_Ins_HumanRights_2_page_6,1235.9,933.4,1686.0
1885482,stimulus_Ins_HumanRights_2_page_6,1236.1,933.2,1686.0
1885483,stimulus_Ins_HumanRights_2_page_6,1236.3,933.0,1687.0
1885484,stimulus_Ins_HumanRights_2_page_6,1236.3,933.1,1688.0
1885485,stimulus_Ins_HumanRights_2_page_6,1236.3,933.2,1688.0
1885486,stimulus_Ins_HumanRights_2_page_6,1236.3,933.4,1689.0
1885487,stimulus_Ins_HumanRights_2_page_6,1236.4,933.3,1690.0
1885488,stimulus_Ins_HumanRights_2_page_6,1236.3,933.1,1691.0
1885489,stimulus_Ins_HumanRights_2_page_6,1236.2,932.8,1692.0
1885490,stimulus_Ins_HumanRights_2_page_6,1236.1,932.9,1692.0
1885491,stimulus_Ins_HumanRights_2_page_6,1236.1,933.0,1692.0
1885492,stimulus_Ins_HumanRights_2_page_6,1236.2,933.1,1692.0
1885493,stimulus_Ins_HumanRights_2_page_6,1236.3,933.2,1691.0
1885494,stimulus_Ins_HumanRights_2_page_6,1236.4,933.3,1689.0
1885495,stimulus_Ins_HumanRights_2_page_6,1236.5,933.2,1689.0
1885496,stimulus_Ins_HumanRights_2_page_6,1236.5,933.0,1690.0
1885497,stimulus_Ins_HumanRights_2_page_6,1236.3,933.1,1690.0
1885498,stimulus_Ins_HumanRights_2_page_6,1236.1,933.3,1690.0
1885499,stimulus_Ins_HumanRights_2_page_6,1235.9,933.5,1690.0
1885500,stimulus_Ins_HumanRights_2_page_6,1236.0,933.5,1691.0
1885501,stimulus_Ins_HumanRights_2_page_6,1236.1,933.2,1691.0
1885502,stimulus_Ins_HumanRights_2_page_6,1236.0,932.5,1690.0
1885503,stimulus_Ins_HumanRights_2_page_6,1236.0,931.9,1688.0
1885504,stimulus_Ins_HumanRights_2_page_6,1235.9,931.5,1686.0
1885505,stimulus_Ins_HumanRights_2_page_6,1235.9,931.5,1685.0
1885506,stimulus_Ins_HumanRights_2_page_6,1235.9,931.6,1686.0
1885507,stimulus_Ins_HumanRights_2_page_6,1235.9,931.7,1687.0
1885508,stimulus_Ins_HumanRights_2_page_6,1236.0,932.1,1688.0
1885509,stimulus_Ins_HumanRights_2_page_6,1236.0,932.4,1688.0
1885510,stimulus_Ins_HumanRights_2_page_6,1235.9,932.6,1688.0
1885511,stimulus_Ins_HumanRights_2_page_6,1235.9,932.4,1687.0
1885512,stimulus_Ins_HumanRights_2_page_6,1236.0,932.2,1687.0
1885513,stimulus_Ins_HumanRights_2_page_6,1236.2,932.0,1687.0
1885514,stimulus_Ins_HumanRights_2_page_6,1236.4,931.9,1688.0
1885515,stimulus_Ins_HumanRights_2_page_6,1236.4,931.7,1689.0
1885516,stimulus_Ins_HumanRights_2_page_6,1236.4,931.6,1690.0
1885517,stimulus_Ins_HumanRights_2_page_6,1236.3,931.6,1690.0
1885518,stimulus_Ins_HumanRights_2_page_6,1236.4,931.6,1687.0
1885519,stimulus_Ins_HumanRights_2_page_6,1236.5,932.0,1686.0
1885520,stimulus_Ins_HumanRights_2_page_6,1236.5,932.4,1684.0
1885521,stimulus_Ins_HumanRights_2_page_6,1236.5,932.4,1684.0
1885522,stimulus_Ins_HumanRights_2_page_6,1236.2,932.1,1684.0
1885523,stimulus_Ins_HumanRights_2_page_6,1236.0,931.8,1685.0
1885524,stimulus_Ins_HumanRights_2_page_6,1235.9,931.8,1686.0
1885525,stimulus_Ins_HumanRights_2_page_6,1236.0,931.8,1687.0
1885526,stimulus_Ins_HumanRights_2_page_6,1236.1,931.9,1686.0
1885527,stimulus_Ins_HumanRights_2_page_6,1236.2,932.1,1687.0
1885528,stimulus_Ins_HumanRights_2_page_6,1236.2,932.2,1687.0
1885529,stimulus_Ins_HumanRights_2_page_6,1236.4,932.1,1686.0
1885530,stimulus_Ins_HumanRights_2_page_6,1236.5,931.9,1683.0
1885531,stimulus_Ins_HumanRights_2_page_6,1236.6,931.9,1681.0
1885532,stimulus_Ins_HumanRights_2_page_6,1236.4,932.0,1682.0
1885533,stimulus_Ins_HumanRights_2_page_6,1236.2,931.9,1685.0
1885534,stimulus_Ins_HumanRights_2_page_6,1236.1,931.8,1688.0
1885535,stimulus_Ins_HumanRights_2_page_6,1236.1,931.4,1690.0
1885536,stimulus_Ins_HumanRights_2_page_6,1236.0,931.2,1689.0
1885537,stimulus_Ins_HumanRights_2_page_6,1235.9,931.5,1688.0
1885538,stimulus_Ins_HumanRights_2_page_6,1235.9,932.0,1688.0
1885539,stimulus_Ins_HumanRights_2_page_6,1235.9,932.4,1689.0
1885540,stimulus_Ins_HumanRights_2_page_6,1235.9,932.2,1688.0
1885541,stimulus_Ins_HumanRights_2_page_6,1236.0,932.2,1688.0
1885542,stimulus_Ins_HumanRights_2_page_6,1236.0,932.3,1688.0
1885543,stimulus_Ins_HumanRights_2_page_6,1235.9,932.5,1687.0
1885544,stimulus_Ins_HumanRights_2_page_6,1235.8,932.5,1687.0
1885545,stimulus_Ins_HumanRights_2_page_6,1235.6,932.0,1687.0
1885546,stimulus_Ins_HumanRights_2_page_6,1235.6,931.4,1685.0
1885547,stimulus_Ins_HumanRights_2_page_6,1235.7,930.7,1682.0
1885548,stimulus_Ins_HumanRights_2_page_6,1235.9,930.5,1680.0
1885549,stimulus_Ins_HumanRights_2_page_6,1236.0,930.4,1681.0
1885550,stimulus_Ins_HumanRights_2_page_6,1235.9,930.4,1683.0
1885551,stimulus_Ins_HumanRights_2_page_6,1235.8,930.4,1685.0
1885552,stimulus_Ins_HumanRights_2_page_6,1235.7,930.5,1684.0
1885553,stimulus_Ins_HumanRights_2_page_6,1236.0,930.5,1683.0
1885554,stimulus_Ins_HumanRights_2_page_6,1236.7,930.5,1682.0
1885555,stimulus_Ins_HumanRights_2_page_6,1237.3,930.4,1683.0
1885556,stimulus_Ins_HumanRights_2_page_6,1237.3,930.3,1684.0
1885557,stimulus_Ins_HumanRights_2_page_6,1237.2,930.2,1684.0
1885558,stimulus_Ins_HumanRights_2_page_6,1237.1,930.2,1683.0
1885559,stimulus_Ins_HumanRights_2_page_6,1237.3,930.1,1683.0
1885560,stimulus_Ins_HumanRights_2_page_6,1237.3,929.8,1683.0
1885561,stimulus_Ins_HumanRights_2_page_6,1237.4,929.5,1683.0
1885562,stimulus_Ins_HumanRights_2_page_6,1237.4,929.4,1682.0
1885563,stimulus_Ins_HumanRights_2_page_6,1237.5,929.5,1682.0
1885564,stimulus_Ins_HumanRights_2_page_6,1237.6,929.5,1681.0
1885565,stimulus_Ins_HumanRights_2_page_6,1237.8,929.3,1682.0
1885566,stimulus_Ins_HumanRights_2_page_6,1237.9,929.5,1681.0
1885567,stimulus_Ins_HumanRights_2_page_6,1237.9,929.8,1681.0
1885568,stimulus_Ins_HumanRights_2_page_6,1237.8,929.9,1680.0
1885569,stimulus_Ins_HumanRights_2_page_6,1237.6,929.8,1680.0
1885570,stimulus_Ins_HumanRights_2_page_6,1237.4,929.7,1679.0
1885571,stimulus_Ins_HumanRights_2_page_6,1237.7,929.8,1678.0
1885572,stimulus_Ins_HumanRights_2_page_6,1238.0,929.9,1677.0
1885573,stimulus_Ins_HumanRights_2_page_6,1238.3,929.9,1678.0
1885574,stimulus_Ins_HumanRights_2_page_6,1238.3,929.9,1679.0
1885575,stimulus_Ins_HumanRights_2_page_6,1238.5,930.1,1680.0
1885576,stimulus_Ins_HumanRights_2_page_6,1238.6,930.3,1680.0
1885577,stimulus_Ins_HumanRights_2_page_6,1238.6,930.3,1677.0
1885578,stimulus_Ins_HumanRights_2_page_6,1238.4,929.7,1675.0
1885579,stimulus_Ins_HumanRights_2_page_6,1238.3,929.1,1674.0
1885580,stimulus_Ins_HumanRights_2_page_6,1238.2,928.4,1674.0
1885581,stimulus_Ins_HumanRights_2_page_6,1238.2,928.3,1674.0
1885582,stimulus_Ins_HumanRights_2_page_6,1238.2,928.2,1675.0
1885583,stimulus_Ins_HumanRights_2_page_6,1238.2,928.2,1676.0
1885584,stimulus_Ins_HumanRights_2_page_6,1238.3,928.4,1677.0
1885585,stimulus_Ins_HumanRights_2_page_6,1238.4,928.7,1677.0
1885586,stimulus_Ins_HumanRights_2_page_6,1238.0,929.0,1676.0
1885587,stimulus_Ins_HumanRights_2_page_6,1237.5,929.0,1676.0
1885588,stimulus_Ins_HumanRights_2_page_6,1237.3,929.0,1675.0
1885589,stimulus_Ins_HumanRights_2_page_6,1237.5,929.0,1675.0
1885590,stimulus_Ins_HumanRights_2_page_6,1237.6,929.0,1674.0
1885591,stimulus_Ins_HumanRights_2_page_6,1237.4,929.2,1673.0
1885592,stimulus_Ins_HumanRights_2_page_6,1237.2,929.4,1672.0
1885593,stimulus_Ins_HumanRights_2_page_6,1237.1,929.6,1672.0
1885594,stimulus_Ins_HumanRights_2_page_6,1237.2,929.7,1674.0
1885595,stimulus_Ins_HumanRights_2_page_6,1237.3,929.8,1677.0
1885596,stimulus_Ins_HumanRights_2_page_6,1237.3,930.0,1678.0
1885597,stimulus_Ins_HumanRights_2_page_6,1237.3,930.0,1677.0
1885598,stimulus_Ins_HumanRights_2_page_6,1237.2,929.9,1673.0
1885599,stimulus_Ins_HumanRights_2_page_6,1237.2,929.9,1671.0
1885600,stimulus_Ins_HumanRights_2_page_6,1236.8,929.8,1671.0
1885601,stimulus_Ins_HumanRights_2_page_6,1236.5,929.8,1672.0
1885602,stimulus_Ins_HumanRights_2_page_6,1236.2,929.7,1673.0
1885603,stimulus_Ins_HumanRights_2_page_6,1236.3,929.7,1673.0
1885604,stimulus_Ins_HumanRights_2_page_6,1236.3,929.7,1673.0
1885605,stimulus_Ins_HumanRights_2_page_6,1236.2,929.7,1673.0
1885606,stimulus_Ins_HumanRights_2_page_6,1236.4,929.6,1672.0
1885607,stimulus_Ins_HumanRights_2_page_6,1236.6,929.7,1672.0
1885608,stimulus_Ins_HumanRights_2_page_6,1236.6,929.8,1670.0
1885609,stimulus_Ins_HumanRights_2_page_6,1236.3,929.8,1667.0
1885610,stimulus_Ins_HumanRights_2_page_6,1235.9,929.6,1665.0
1885611,stimulus_Ins_HumanRights_2_page_6,1236.2,929.0,1665.0
1885612,stimulus_Ins_HumanRights_2_page_6,1236.4,928.5,1667.0
1885613,stimulus_Ins_HumanRights_2_page_6,1236.5,928.0,1669.0
1885614,stimulus_Ins_HumanRights_2_page_6,1236.4,928.0,1669.0
1885615,stimulus_Ins_HumanRights_2_page_6,1236.2,928.1,1667.0
1885616,stimulus_Ins_HumanRights_2_page_6,1236.1,928.3,1665.0
1885617,stimulus_Ins_HumanRights_2_page_6,1236.1,928.7,1664.0
1885618,stimulus_Ins_HumanRights_2_page_6,1236.3,929.1,1664.0
1885619,stimulus_Ins_HumanRights_2_page_6,1236.4,929.3,1664.0
1885620,stimulus_Ins_HumanRights_2_page_6,1236.5,929.1,1664.0
1885621,stimulus_Ins_HumanRights_2_page_6,1236.5,928.8,1664.0
1885622,stimulus_Ins_HumanRights_2_page_6,1236.4,928.6,1664.0
1885623,stimulus_Ins_HumanRights_2_page_6,1236.2,928.6,1664.0
1885624,stimulus_Ins_HumanRights_2_page_6,1236.2,928.8,1664.0
1885625,stimulus_Ins_HumanRights_2_page_6,1236.2,929.0,1663.0
1885626,stimulus_Ins_HumanRights_2_page_6,1236.2,929.2,1662.0
1885627,stimulus_Ins_HumanRights_2_page_6,1236.2,929.0,1661.0
1885628,stimulus_Ins_HumanRights_2_page_6,1236.3,928.9,1662.0
1885629,stimulus_Ins_HumanRights_2_page_6,1236.5,928.8,1662.0
1885630,stimulus_Ins_HumanRights_2_page_6,1236.7,929.0,1662.0
1885631,stimulus_Ins_HumanRights_2_page_6,1236.8,929.2,1662.0
1885632,stimulus_Ins_HumanRights_2_page_6,1236.8,928.9,1664.0
1885633,stimulus_Ins_HumanRights_2_page_6,1236.9,928.7,1666.0
1885634,stimulus_Ins_HumanRights_2_page_6,1236.8,928.5,1668.0
1885635,stimulus_Ins_HumanRights_2_page_6,1236.6,928.6,1669.0
1885636,stimulus_Ins_HumanRights_2_page_6,1236.5,928.6,1670.0
1885637,stimulus_Ins_HumanRights_2_page_6,1236.7,928.7,1670.0
1885638,stimulus_Ins_HumanRights_2_page_6,1237.0,928.7,1668.0
1885639,stimulus_Ins_HumanRights_2_page_6,1237.2,928.6,1667.0
1885640,stimulus_Ins_HumanRights_2_page_6,1237.4,928.3,1665.0
1885641,stimulus_Ins_HumanRights_2_page_6,1237.4,928.1,1664.0
1885642,stimulus_Ins_HumanRights_2_page_6,1237.4,928.2,1665.0
1885643,stimulus_Ins_HumanRights_2_page_6,1237.4,928.4,1668.0
1885644,stimulus_Ins_HumanRights_2_page_6,1237.4,928.5,1671.0
1885645,stimulus_Ins_HumanRights_2_page_6,1237.4,928.9,1671.0
1885646,stimulus_Ins_HumanRights_2_page_6,1237.5,929.0,1670.0
1885647,stimulus_Ins_HumanRights_2_page_6,1237.6,929.0,1670.0
1885648,stimulus_Ins_HumanRights_2_page_6,1237.6,928.8,1670.0
1885649,stimulus_Ins_HumanRights_2_page_6,1237.6,928.9,1670.0
1885650,stimulus_Ins_HumanRights_2_page_6,1237.8,929.1,1669.0
1885651,stimulus_Ins_HumanRights_2_page_6,1237.8,929.2,1669.0
1885652,stimulus_Ins_HumanRights_2_page_6,1237.9,928.9,1669.0
1885653,stimulus_Ins_HumanRights_2_page_6,1237.9,928.6,1669.0
1885654,stimulus_Ins_HumanRights_2_page_6,1237.7,928.5,1669.0
1885655,stimulus_Ins_HumanRights_2_page_6,1237.6,928.4,1668.0
1885656,stimulus_Ins_HumanRights_2_page_6,1237.6,928.3,1668.0
1885657,stimulus_Ins_HumanRights_2_page_6,1237.7,928.2,1667.0
1885658,stimulus_Ins_HumanRights_2_page_6,1238.0,928.1,1667.0
1885659,stimulus_Ins_HumanRights_2_page_6,1238.5,928.0,1666.0
1885660,stimulus_Ins_HumanRights_2_page_6,1238.9,927.6,1666.0
1885661,stimulus_Ins_HumanRights_2_page_6,1238.5,927.2,1666.0
1885662,stimulus_Ins_HumanRights_2_page_6,1238.0,926.9,1668.0
1885663,stimulus_Ins_HumanRights_2_page_6,1237.5,927.1,1670.0
1885664,stimulus_Ins_HumanRights_2_page_6,1237.6,927.3,1670.0
1885665,stimulus_Ins_HumanRights_2_page_6,1237.8,927.5,1668.0
1885666,stimulus_Ins_HumanRights_2_page_6,1237.9,927.2,1665.0
1885667,stimulus_Ins_HumanRights_2_page_6,1237.9,926.8,1667.0
1885668,stimulus_Ins_HumanRights_2_page_6,1237.9,926.8,1668.0
1885669,stimulus_Ins_HumanRights_2_page_6,1237.9,927.1,1669.0
1885670,stimulus_Ins_HumanRights_2_page_6,1237.8,927.4,1669.0
1885671,stimulus_Ins_HumanRights_2_page_6,1237.9,927.3,1669.0
1885672,stimulus_Ins_HumanRights_2_page_6,1237.9,927.2,1669.0
1885673,stimulus_Ins_HumanRights_2_page_6,1237.7,926.9,1668.0
1885674,stimulus_Ins_HumanRights_2_page_6,1237.5,926.8,1668.0
1885675,stimulus_Ins_HumanRights_2_page_6,1237.2,926.7,1667.0
1885676,stimulus_Ins_HumanRights_2_page_6,1237.1,926.7,1666.0
1885677,stimulus_Ins_HumanRights_2_page_6,1237.0,926.3,1666.0
1885678,stimulus_Ins_HumanRights_2_page_6,1237.3,925.9,1665.0
1885679,stimulus_Ins_HumanRights_2_page_6,1237.6,925.5,1665.0
1885680,stimulus_Ins_HumanRights_2_page_6,1237.9,925.4,1667.0
1885681,stimulus_Ins_HumanRights_2_page_6,1237.7,925.4,1669.0
1885682,stimulus_Ins_HumanRights_2_page_6,1237.4,925.5,1671.0
1885683,stimulus_Ins_HumanRights_2_page_6,1237.3,925.7,1672.0
1885684,stimulus_Ins_HumanRights_2_page_6,1237.2,926.1,1672.0
1885685,stimulus_Ins_HumanRights_2_page_6,1237.1,926.5,1672.0
1885686,stimulus_Ins_HumanRights_2_page_6,1236.9,926.7,1672.0
1885687,stimulus_Ins_HumanRights_2_page_6,1237.0,926.7,1672.0
1885688,stimulus_Ins_HumanRights_2_page_6,1237.1,926.6,1670.0
1885689,stimulus_Ins_HumanRights_2_page_6,1236.9,926.5,1668.0
1885690,stimulus_Ins_HumanRights_2_page_6,1236.5,926.5,1667.0
1885691,stimulus_Ins_HumanRights_2_page_6,1236.2,926.3,1668.0
1885692,stimulus_Ins_HumanRights_2_page_6,1236.3,926.1,1669.0
1885693,stimulus_Ins_HumanRights_2_page_6,1236.5,925.8,1670.0
1885694,stimulus_Ins_HumanRights_2_page_6,1236.8,925.8,1670.0
1885695,stimulus_Ins_HumanRights_2_page_6,1236.9,925.8,1670.0
1885696,stimulus_Ins_HumanRights_2_page_6,1236.9,925.8,1669.0
1885697,stimulus_Ins_HumanRights_2_page_6,1236.8,925.9,1668.0
1885698,stimulus_Ins_HumanRights_2_page_6,1236.7,925.8,1667.0
1885699,stimulus_Ins_HumanRights_2_page_6,1236.4,925.8,1666.0
1885700,stimulus_Ins_HumanRights_2_page_6,1236.1,926.0,1665.0
1885701,stimulus_Ins_HumanRights_2_page_6,1235.9,926.2,1665.0
1885702,stimulus_Ins_HumanRights_2_page_6,1236.0,926.4,1667.0
1885703,stimulus_Ins_HumanRights_2_page_6,1236.1,926.4,1669.0
1885704,stimulus_Ins_HumanRights_2_page_6,1236.3,926.5,1670.0
1885705,stimulus_Ins_HumanRights_2_page_6,1236.6,926.6,1670.0
1885706,stimulus_Ins_HumanRights_2_page_6,1236.9,926.6,1669.0
1885707,stimulus_Ins_HumanRights_2_page_6,1236.9,926.6,1666.0
1885708,stimulus_Ins_HumanRights_2_page_6,1236.9,926.4,1663.0
1885709,stimulus_Ins_HumanRights_2_page_6,1236.8,926.4,1662.0
1885710,stimulus_Ins_HumanRights_2_page_6,1237.0,926.3,1661.0
1885711,stimulus_Ins_HumanRights_2_page_6,1237.3,926.4,1661.0
1885712,stimulus_Ins_HumanRights_2_page_6,1237.4,926.0,1663.0
1885713,stimulus_Ins_HumanRights_2_page_6,1237.3,925.4,1665.0
1885714,stimulus_Ins_HumanRights_2_page_6,1237.2,924.8,1667.0
1885715,stimulus_Ins_HumanRights_2_page_6,1237.1,924.6,1667.0
1885716,stimulus_Ins_HumanRights_2_page_6,1236.9,924.9,1667.0
1885717,stimulus_Ins_HumanRights_2_page_6,1236.6,925.3,1667.0
1885718,stimulus_Ins_HumanRights_2_page_6,1236.4,925.8,1666.0
1885719,stimulus_Ins_HumanRights_2_page_6,1236.3,926.1,1664.0
1885720,stimulus_Ins_HumanRights_2_page_6,1236.3,926.3,1663.0
1885721,stimulus_Ins_HumanRights_2_page_6,1236.4,926.1,1664.0
1885722,stimulus_Ins_HumanRights_2_page_6,1236.7,925.9,1666.0
1885723,stimulus_Ins_HumanRights_2_page_6,1237.0,925.7,1667.0
1885724,stimulus_Ins_HumanRights_2_page_6,1237.3,925.6,1668.0
1885725,stimulus_Ins_HumanRights_2_page_6,1237.4,925.6,1669.0
1885726,stimulus_Ins_HumanRights_2_page_6,1237.4,925.6,1669.0
1885727,stimulus_Ins_HumanRights_2_page_6,1237.3,925.6,1668.0
1885728,stimulus_Ins_HumanRights_2_page_6,1237.1,925.6,1665.0
1885729,stimulus_Ins_HumanRights_2_page_6,1237.0,925.6,1661.0
1885730,stimulus_Ins_HumanRights_2_page_6,1237.0,925.6,1658.0
1885731,stimulus_Ins_HumanRights_2_page_6,1237.1,925.7,1659.0
1885732,stimulus_Ins_HumanRights_2_page_6,1237.1,925.9,1660.0
1885733,stimulus_Ins_HumanRights_2_page_6,1236.9,926.0,1660.0
1885734,stimulus_Ins_HumanRights_2_page_6,1236.8,926.0,1660.0
1885735,stimulus_Ins_HumanRights_2_page_6,1236.8,926.0,1659.0
1885736,stimulus_Ins_HumanRights_2_page_6,1236.9,925.8,1659.0
1885737,stimulus_Ins_HumanRights_2_page_6,1236.8,925.6,1659.0
1885738,stimulus_Ins_HumanRights_2_page_6,1236.9,925.3,1659.0
1885739,stimulus_Ins_HumanRights_2_page_6,1237.0,925.2,1658.0
1885740,stimulus_Ins_HumanRights_2_page_6,1237.2,925.0,1657.0
1885741,stimulus_Ins_HumanRights_2_page_6,1237.3,925.0,1657.0
1885742,stimulus_Ins_HumanRights_2_page_6,1237.3,925.1,1657.0
1885743,stimulus_Ins_HumanRights_2_page_6,1237.4,925.3,1657.0
1885744,stimulus_Ins_HumanRights_2_page_6,1237.5,925.6,1658.0
1885745,stimulus_Ins_HumanRights_2_page_6,1237.6,925.7,1660.0
1885746,stimulus_Ins_HumanRights_2_page_6,1237.6,925.6,1661.0
1885747,stimulus_Ins_HumanRights_2_page_6,1237.3,925.5,1662.0
1885748,stimulus_Ins_HumanRights_2_page_6,1237.1,925.8,1659.0
1885749,stimulus_Ins_HumanRights_2_page_6,1236.9,926.1,1657.0
1885750,stimulus_Ins_HumanRights_2_page_6,1237.2,926.5,1654.0
1885751,stimulus_Ins_HumanRights_2_page_6,1237.5,926.5,1655.0
1885752,stimulus_Ins_HumanRights_2_page_6,1237.9,926.5,1655.0
1885753,stimulus_Ins_HumanRights_2_page_6,1238.0,926.2,1656.0
1885754,stimulus_Ins_HumanRights_2_page_6,1237.9,925.8,1657.0
1885755,stimulus_Ins_HumanRights_2_page_6,1237.6,925.5,1660.0
1885756,stimulus_Ins_HumanRights_2_page_6,1237.2,924.9,1660.0
1885757,stimulus_Ins_HumanRights_2_page_6,1236.9,924.7,1661.0
1885758,stimulus_Ins_HumanRights_2_page_6,1237.0,924.5,1659.0
1885759,stimulus_Ins_HumanRights_2_page_6,1237.3,924.8,1656.0
1885760,stimulus_Ins_HumanRights_2_page_6,1237.7,925.0,1654.0
1885761,stimulus_Ins_HumanRights_2_page_6,1237.5,925.1,1653.0
1885762,stimulus_Ins_HumanRights_2_page_6,1237.2,925.0,1652.0
1885763,stimulus_Ins_HumanRights_2_page_6,1237.0,925.0,1652.0
1885764,stimulus_Ins_HumanRights_2_page_6,1236.9,924.8,1653.0
1885765,stimulus_Ins_HumanRights_2_page_6,1236.9,924.7,1654.0
1885766,stimulus_Ins_HumanRights_2_page_6,1237.0,924.6,1655.0
1885767,stimulus_Ins_HumanRights_2_page_6,1237.1,924.7,1656.0
1885768,stimulus_Ins_HumanRights_2_page_6,1237.2,924.8,1655.0
1885769,stimulus_Ins_HumanRights_2_page_6,1237.5,924.8,1653.0
1885770,stimulus_Ins_HumanRights_2_page_6,1237.8,924.8,1652.0
1885771,stimulus_Ins_HumanRights_2_page_6,1237.8,925.1,1652.0
1885772,stimulus_Ins_HumanRights_2_page_6,1237.6,925.4,1653.0
1885773,stimulus_Ins_HumanRights_2_page_6,1237.2,925.6,1653.0
1885774,stimulus_Ins_HumanRights_2_page_6,1237.1,925.4,1654.0
1885775,stimulus_Ins_HumanRights_2_page_6,1237.1,925.3,1654.0
1885776,stimulus_Ins_HumanRights_2_page_6,1237.1,925.7,1652.0
1885777,stimulus_Ins_HumanRights_2_page_6,1237.0,926.1,1650.0
1885778,stimulus_Ins_HumanRights_2_page_6,1236.7,926.4,1648.0
1885779,stimulus_Ins_HumanRights_2_page_6,1236.5,926.3,1647.0
1885780,stimulus_Ins_HumanRights_2_page_6,1236.3,926.1,1647.0
1885781,stimulus_Ins_HumanRights_2_page_6,1236.6,926.0,1648.0
1885782,stimulus_Ins_HumanRights_2_page_6,1237.0,926.0,1649.0
1885783,stimulus_Ins_HumanRights_2_page_6,1237.2,926.1,1652.0
1885784,stimulus_Ins_HumanRights_2_page_6,1237.2,926.1,1652.0
1885785,stimulus_Ins_HumanRights_2_page_6,1237.0,926.4,1652.0
1885786,stimulus_Ins_HumanRights_2_page_6,1236.9,926.8,1649.0
1885787,stimulus_Ins_HumanRights_2_page_6,1236.9,927.3,1647.0
1885788,stimulus_Ins_HumanRights_2_page_6,1236.8,926.6,1645.0
1885789,stimulus_Ins_HumanRights_2_page_6,1236.7,926.0,1645.0
1885790,stimulus_Ins_HumanRights_2_page_6,1236.6,924.8,1645.0
1885791,stimulus_Ins_HumanRights_2_page_6,1236.5,923.1,1645.0
1885792,stimulus_Ins_HumanRights_2_page_6,1235.7,921.1,1646.0
1885793,stimulus_Ins_HumanRights_2_page_6,1234.9,919.5,1648.0
1885794,stimulus_Ins_HumanRights_2_page_6,1234.2,918.4,1650.0
1885795,stimulus_Ins_HumanRights_2_page_6,1233.9,916.5,1649.0
1885796,stimulus_Ins_HumanRights_2_page_6,1233.5,914.3,1648.0
1885797,stimulus_Ins_HumanRights_2_page_6,1233.0,912.7,1649.0
1885798,stimulus_Ins_HumanRights_2_page_6,1232.2,912.2,1650.0
1885799,stimulus_Ins_HumanRights_2_page_6,1231.6,912.2,1651.0
1885800,stimulus_Ins_HumanRights_2_page_6,1231.1,912.0,1651.0
1885801,stimulus_Ins_HumanRights_2_page_6,1231.1,911.7,1650.0
1885802,stimulus_Ins_HumanRights_2_page_6,1231.4,911.6,1649.0
1885803,stimulus_Ins_HumanRights_2_page_6,1231.9,912.1,1648.0
1885804,stimulus_Ins_HumanRights_2_page_6,1232.5,912.7,1648.0
1885805,stimulus_Ins_HumanRights_2_page_6,1232.9,913.6,1649.0
1885806,stimulus_Ins_HumanRights_2_page_6,1233.1,914.0,1647.0
1885807,stimulus_Ins_HumanRights_2_page_6,1233.2,914.3,1645.0
1885808,stimulus_Ins_HumanRights_2_page_6,1233.9,914.2,1642.0
1885809,stimulus_Ins_HumanRights_2_page_6,1234.6,914.5,1643.0
1885810,stimulus_Ins_HumanRights_2_page_6,1235.4,914.9,1643.0
1885811,stimulus_Ins_HumanRights_2_page_6,1235.5,915.5,1644.0
1885812,stimulus_Ins_HumanRights_2_page_6,1235.4,915.7,1645.0
1885813,stimulus_Ins_HumanRights_2_page_6,1235.3,915.8,1645.0
1885814,stimulus_Ins_HumanRights_2_page_6,1235.0,915.7,1644.0
1885815,stimulus_Ins_HumanRights_2_page_6,1234.9,915.9,1644.0
1885816,stimulus_Ins_HumanRights_2_page_6,1234.9,916.5,1643.0
1885817,stimulus_Ins_HumanRights_2_page_6,1235.0,917.1,1643.0
1885818,stimulus_Ins_HumanRights_2_page_6,1234.8,917.1,1643.0
1885819,stimulus_Ins_HumanRights_2_page_6,1234.6,916.8,1644.0
1885820,stimulus_Ins_HumanRights_2_page_6,1234.3,916.5,1646.0
1885821,stimulus_Ins_HumanRights_2_page_6,1234.3,916.4,1648.0
1885822,stimulus_Ins_HumanRights_2_page_6,1234.3,916.0,1649.0
1885823,stimulus_Ins_HumanRights_2_page_6,1234.2,915.6,1649.0
1885824,stimulus_Ins_HumanRights_2_page_6,1234.3,915.5,1648.0
1885825,stimulus_Ins_HumanRights_2_page_6,1234.3,915.6,1648.0
1885826,stimulus_Ins_HumanRights_2_page_6,1234.2,915.4,1648.0
1885827,stimulus_Ins_HumanRights_2_page_6,1234.3,915.0,1648.0
1885828,stimulus_Ins_HumanRights_2_page_6,1234.3,914.4,1649.0
1885829,stimulus_Ins_HumanRights_2_page_6,1234.4,914.3,1649.0
1885830,stimulus_Ins_HumanRights_2_page_6,1234.3,914.3,1649.0
1885831,stimulus_Ins_HumanRights_2_page_6,1234.3,914.6,1649.0
1885832,stimulus_Ins_HumanRights_2_page_6,1234.4,914.9,1649.0
1885833,stimulus_Ins_HumanRights_2_page_6,1234.5,914.9,1650.0
1885834,stimulus_Ins_HumanRights_2_page_6,1234.7,914.9,1651.0
1885835,stimulus_Ins_HumanRights_2_page_6,1234.6,914.7,1650.0
1885836,stimulus_Ins_HumanRights_2_page_6,1234.5,914.7,1648.0
1885837,stimulus_Ins_HumanRights_2_page_6,1234.4,914.6,1646.0
1885838,stimulus_Ins_HumanRights_2_page_6,1234.4,914.6,1645.0
1885839,stimulus_Ins_HumanRights_2_page_6,1234.3,914.6,1646.0
1885840,stimulus_Ins_HumanRights_2_page_6,1234.2,914.8,1646.0
1885841,stimulus_Ins_HumanRights_2_page_6,1234.2,915.1,1646.0
1885842,stimulus_Ins_HumanRights_2_page_6,1234.3,915.3,1646.0
1885843,stimulus_Ins_HumanRights_2_page_6,1234.2,915.0,1646.0
1885844,stimulus_Ins_HumanRights_2_page_6,1234.1,914.6,1647.0
1885845,stimulus_Ins_HumanRights_2_page_6,1234.0,914.0,1648.0
1885846,stimulus_Ins_HumanRights_2_page_6,1234.0,913.7,1649.0
1885847,stimulus_Ins_HumanRights_2_page_6,1234.1,913.4,1648.0
1885848,stimulus_Ins_HumanRights_2_page_6,1234.3,913.5,1647.0
1885849,stimulus_Ins_HumanRights_2_page_6,1234.5,913.7,1646.0
1885850,stimulus_Ins_HumanRights_2_page_6,1234.6,914.0,1645.0
1885851,stimulus_Ins_HumanRights_2_page_6,1234.6,913.8,1644.0
1885852,stimulus_Ins_HumanRights_2_page_6,1234.5,913.7,1643.0
1885853,stimulus_Ins_HumanRights_2_page_6,1234.2,913.5,1642.0
1885854,stimulus_Ins_HumanRights_2_page_6,1234.1,913.6,1644.0
1885855,stimulus_Ins_HumanRights_2_page_6,1234.1,913.5,1647.0
1885856,stimulus_Ins_HumanRights_2_page_6,1234.2,913.3,1649.0
1885857,stimulus_Ins_HumanRights_2_page_6,1234.4,913.3,1649.0
1885858,stimulus_Ins_HumanRights_2_page_6,1234.3,913.4,1648.0
1885859,stimulus_Ins_HumanRights_2_page_6,1234.1,913.4,1647.0
1885860,stimulus_Ins_HumanRights_2_page_6,1234.1,913.3,1648.0
1885861,stimulus_Ins_HumanRights_2_page_6,1234.2,913.2,1649.0
1885862,stimulus_Ins_HumanRights_2_page_6,1234.4,913.2,1649.0
1885863,stimulus_Ins_HumanRights_2_page_6,1234.4,913.7,1649.0
1885864,stimulus_Ins_HumanRights_2_page_6,1234.4,914.2,1649.0
1885865,stimulus_Ins_HumanRights_2_page_6,1234.3,914.5,1648.0
1885866,stimulus_Ins_HumanRights_2_page_6,1234.2,914.3,1649.0
1885867,stimulus_Ins_HumanRights_2_page_6,1234.2,914.0,1649.0
1885868,stimulus_Ins_HumanRights_2_page_6,1234.2,913.9,1648.0
1885869,stimulus_Ins_HumanRights_2_page_6,1234.2,914.0,1646.0
1885870,stimulus_Ins_HumanRights_2_page_6,1234.1,914.0,1645.0
1885871,stimulus_Ins_HumanRights_2_page_6,1234.1,913.8,1646.0
1885872,stimulus_Ins_HumanRights_2_page_6,1234.0,913.6,1647.0
1885873,stimulus_Ins_HumanRights_2_page_6,1233.8,913.4,1647.0
1885874,stimulus_Ins_HumanRights_2_page_6,1233.7,913.5,1646.0
1885875,stimulus_Ins_HumanRights_2_page_6,1233.6,913.6,1646.0
1885876,stimulus_Ins_HumanRights_2_page_6,1233.7,913.7,1648.0
1885877,stimulus_Ins_HumanRights_2_page_6,1233.9,913.7,1649.0
1885878,stimulus_Ins_HumanRights_2_page_6,1233.9,913.6,1650.0
1885879,stimulus_Ins_HumanRights_2_page_6,1233.8,913.5,1648.0
1885880,stimulus_Ins_HumanRights_2_page_6,1233.7,913.7,1647.0
1885881,stimulus_Ins_HumanRights_2_page_6,1233.8,914.1,1647.0
1885882,stimulus_Ins_HumanRights_2_page_6,1234.1,913.9,1646.0
1885883,stimulus_Ins_HumanRights_2_page_6,1234.4,913.4,1645.0
1885884,stimulus_Ins_HumanRights_2_page_6,1234.3,913.0,1645.0
1885885,stimulus_Ins_HumanRights_2_page_6,1233.9,913.3,1645.0
1885886,stimulus_Ins_HumanRights_2_page_6,1233.6,913.6,1646.0
1885887,stimulus_Ins_HumanRights_2_page_6,1233.8,913.6,1648.0
1885888,stimulus_Ins_HumanRights_2_page_6,1233.9,913.6,1649.0
1885889,stimulus_Ins_HumanRights_2_page_6,1233.9,913.7,1648.0
1885890,stimulus_Ins_HumanRights_2_page_6,1233.9,913.8,1646.0
1885891,stimulus_Ins_HumanRights_2_page_6,1234.0,913.9,1646.0
1885892,stimulus_Ins_HumanRights_2_page_6,1234.1,913.9,1648.0
1885893,stimulus_Ins_HumanRights_2_page_6,1234.2,913.9,1651.0
1885894,stimulus_Ins_HumanRights_2_page_6,1234.3,913.9,1651.0
1885895,stimulus_Ins_HumanRights_2_page_6,1234.4,914.0,1652.0
1885896,stimulus_Ins_HumanRights_2_page_6,1234.2,914.0,1652.0
1885897,stimulus_Ins_HumanRights_2_page_6,1234.0,914.0,1651.0
1885898,stimulus_Ins_HumanRights_2_page_6,1233.5,914.1,1650.0
1885899,stimulus_Ins_HumanRights_2_page_6,1233.3,914.1,1650.0
1885900,stimulus_Ins_HumanRights_2_page_6,1233.1,914.2,1650.0
1885901,stimulus_Ins_HumanRights_2_page_6,1233.1,914.1,1651.0
1885902,stimulus_Ins_HumanRights_2_page_6,1233.1,914.1,1651.0
1885903,stimulus_Ins_HumanRights_2_page_6,1233.1,914.1,1651.0
1885904,stimulus_Ins_HumanRights_2_page_6,1233.2,914.1,1651.0
1885905,stimulus_Ins_HumanRights_2_page_6,1233.3,914.1,1650.0
1885906,stimulus_Ins_HumanRights_2_page_6,1233.3,913.9,1651.0
1885907,stimulus_Ins_HumanRights_2_page_6,1233.3,913.7,1650.0
1885908,stimulus_Ins_HumanRights_2_page_6,1233.3,913.6,1650.0
1885909,stimulus_Ins_HumanRights_2_page_6,1233.3,913.7,1650.0
1885910,stimulus_Ins_HumanRights_2_page_6,1233.3,913.6,1651.0
1885911,stimulus_Ins_HumanRights_2_page_6,1233.3,913.4,1653.0
1885912,stimulus_Ins_HumanRights_2_page_6,1233.2,913.3,1655.0
1885913,stimulus_Ins_HumanRights_2_page_6,1233.3,913.4,1657.0
1885914,stimulus_Ins_HumanRights_2_page_6,1233.3,913.4,1658.0
1885915,stimulus_Ins_HumanRights_2_page_6,1233.4,913.5,1657.0
1885916,stimulus_Ins_HumanRights_2_page_6,1233.4,913.6,1655.0
1885917,stimulus_Ins_HumanRights_2_page_6,1233.4,913.9,1653.0
1885918,stimulus_Ins_HumanRights_2_page_6,1233.3,914.2,1652.0
1885919,stimulus_Ins_HumanRights_2_page_6,1233.2,914.5,1651.0
1885920,stimulus_Ins_HumanRights_2_page_6,1233.1,914.2,1650.0
1885921,stimulus_Ins_HumanRights_2_page_6,1233.2,913.8,1650.0
1885922,stimulus_Ins_HumanRights_2_page_6,1233.2,913.4,1651.0
1885923,stimulus_Ins_HumanRights_2_page_6,1233.3,913.8,1653.0
1885924,stimulus_Ins_HumanRights_2_page_6,1233.0,914.1,1652.0
1885925,stimulus_Ins_HumanRights_2_page_6,1232.9,914.5,1651.0
1885926,stimulus_Ins_HumanRights_2_page_6,1232.8,914.4,1649.0
1885927,stimulus_Ins_HumanRights_2_page_6,1233.1,914.4,1648.0
1885928,stimulus_Ins_HumanRights_2_page_6,1233.3,914.4,1647.0
1885929,stimulus_Ins_HumanRights_2_page_6,1233.4,914.5,1647.0
1885930,stimulus_Ins_HumanRights_2_page_6,1233.4,914.5,1647.0
1885931,stimulus_Ins_HumanRights_2_page_6,1233.4,914.5,1648.0
1885932,stimulus_Ins_HumanRights_2_page_6,1233.4,914.2,1649.0
1885933,stimulus_Ins_HumanRights_2_page_6,1233.4,914.0,1650.0
1885934,stimulus_Ins_HumanRights_2_page_6,1233.4,913.7,1650.0
1885935,stimulus_Ins_HumanRights_2_page_6,1233.5,913.7,1650.0
1885936,stimulus_Ins_HumanRights_2_page_6,1233.5,913.6,1650.0
1885937,stimulus_Ins_HumanRights_2_page_6,1233.4,913.7,1650.0
1885938,stimulus_Ins_HumanRights_2_page_6,1233.3,913.9,1649.0
1885939,stimulus_Ins_HumanRights_2_page_6,1233.3,914.1,1648.0
1885940,stimulus_Ins_HumanRights_2_page_6,1233.2,914.1,1648.0
1885941,stimulus_Ins_HumanRights_2_page_6,1233.2,914.3,1648.0
1885942,stimulus_Ins_HumanRights_2_page_6,1233.3,914.6,1649.0
1885943,stimulus_Ins_HumanRights_2_page_6,1233.4,914.6,1651.0
1885944,stimulus_Ins_HumanRights_2_page_6,1233.5,914.3,1652.0
1885945,stimulus_Ins_HumanRights_2_page_6,1233.6,914.1,1651.0
1885946,stimulus_Ins_HumanRights_2_page_6,1233.6,914.1,1650.0
1885947,stimulus_Ins_HumanRights_2_page_6,1233.7,914.2,1650.0
1885948,stimulus_Ins_HumanRights_2_page_6,1233.8,914.6,1649.0
1885949,stimulus_Ins_HumanRights_2_page_6,1234.1,915.0,1648.0
1885950,stimulus_Ins_HumanRights_2_page_6,1234.4,915.1,1648.0
1885951,stimulus_Ins_HumanRights_2_page_6,1234.1,914.6,1648.0
1885952,stimulus_Ins_HumanRights_2_page_6,1233.7,914.0,1648.0
1885953,stimulus_Ins_HumanRights_2_page_6,1233.3,913.4,1649.0
1885954,stimulus_Ins_HumanRights_2_page_6,1233.3,913.0,1650.0
1885955,stimulus_Ins_HumanRights_2_page_6,1233.2,912.5,1651.0
1885956,stimulus_Ins_HumanRights_2_page_6,1233.2,912.5,1652.0
1885957,stimulus_Ins_HumanRights_2_page_6,1233.2,912.5,1651.0
1885958,stimulus_Ins_HumanRights_2_page_6,1233.5,913.0,1649.0
1885959,stimulus_Ins_HumanRights_2_page_6,1233.8,913.4,1648.0
1885960,stimulus_Ins_HumanRights_2_page_6,1234.2,914.0,1647.0
1885961,stimulus_Ins_HumanRights_2_page_6,1234.3,914.1,1647.0
1885962,stimulus_Ins_HumanRights_2_page_6,1234.3,914.3,1647.0
1885963,stimulus_Ins_HumanRights_2_page_6,1234.4,914.4,1647.0
1885964,stimulus_Ins_HumanRights_2_page_6,1234.3,914.4,1647.0
1885965,stimulus_Ins_HumanRights_2_page_6,1234.3,914.4,1648.0
1885966,stimulus_Ins_HumanRights_2_page_6,1234.2,914.3,1647.0
1885967,stimulus_Ins_HumanRights_2_page_6,1234.1,914.2,1646.0
1885968,stimulus_Ins_HumanRights_2_page_6,1234.1,914.2,1647.0
1885969,stimulus_Ins_HumanRights_2_page_6,1234.3,914.2,1649.0
1885970,stimulus_Ins_HumanRights_2_page_6,1234.4,914.1,1651.0
1885971,stimulus_Ins_HumanRights_2_page_6,1234.3,914.0,1650.0
1885972,stimulus_Ins_HumanRights_2_page_6,1234.2,914.0,1650.0
1885973,stimulus_Ins_HumanRights_2_page_6,1234.0,913.8,1649.0
1885974,stimulus_Ins_HumanRights_2_page_6,1233.9,913.5,1648.0
1885975,stimulus_Ins_HumanRights_2_page_6,1234.0,912.9,1647.0
1885976,stimulus_Ins_HumanRights_2_page_6,1234.3,912.4,1647.0
1885977,stimulus_Ins_HumanRights_2_page_6,1234.6,912.3,1648.0
1885978,stimulus_Ins_HumanRights_2_page_6,1234.8,912.7,1649.0
1885979,stimulus_Ins_HumanRights_2_page_6,1234.7,913.1,1649.0
1885980,stimulus_Ins_HumanRights_2_page_6,1234.6,913.4,1650.0
1885981,stimulus_Ins_HumanRights_2_page_6,1234.5,913.4,1650.0
1885982,stimulus_Ins_HumanRights_2_page_6,1234.6,913.4,1650.0
1885983,stimulus_Ins_HumanRights_2_page_6,1234.7,913.3,1651.0
1885984,stimulus_Ins_HumanRights_2_page_6,1234.7,913.1,1650.0
1885985,stimulus_Ins_HumanRights_2_page_6,1234.6,912.8,1648.0
1885986,stimulus_Ins_HumanRights_2_page_6,1234.6,912.7,1647.0
1885987,stimulus_Ins_HumanRights_2_page_6,1234.5,912.7,1647.0
1885988,stimulus_Ins_HumanRights_2_page_6,1234.5,912.9,1647.0
1885989,stimulus_Ins_HumanRights_2_page_6,1234.5,913.1,1647.0
1885990,stimulus_Ins_HumanRights_2_page_6,1234.5,913.2,1647.0
1885991,stimulus_Ins_HumanRights_2_page_6,1234.5,913.3,1649.0
1885992,stimulus_Ins_HumanRights_2_page_6,1234.6,913.3,1650.0
1885993,stimulus_Ins_HumanRights_2_page_6,1234.6,913.2,1650.0
1885994,stimulus_Ins_HumanRights_2_page_6,1234.7,913.2,1648.0
1885995,stimulus_Ins_HumanRights_2_page_6,1234.6,913.1,1646.0
1885996,stimulus_Ins_HumanRights_2_page_6,1234.5,913.0,1645.0
1885997,stimulus_Ins_HumanRights_2_page_6,1234.4,912.8,1646.0
1885998,stimulus_Ins_HumanRights_2_page_6,1234.4,912.6,1646.0
1885999,stimulus_Ins_HumanRights_2_page_6,1234.5,912.4,1646.0
1886000,stimulus_Ins_HumanRights_2_page_6,1234.8,912.1,1647.0
1886001,stimulus_Ins_HumanRights_2_page_6,1235.1,911.9,1647.0
1886002,stimulus_Ins_HumanRights_2_page_6,1235.0,911.8,1648.0
1886003,stimulus_Ins_HumanRights_2_page_6,1234.8,911.6,1648.0
1886004,stimulus_Ins_HumanRights_2_page_6,1234.7,911.4,1648.0
1886005,stimulus_Ins_HumanRights_2_page_6,1234.7,911.4,1649.0
1886006,stimulus_Ins_HumanRights_2_page_6,1234.5,911.5,1649.0
1886007,stimulus_Ins_HumanRights_2_page_6,1234.2,911.7,1649.0
1886008,stimulus_Ins_HumanRights_2_page_6,1234.0,911.7,1648.0
1886009,stimulus_Ins_HumanRights_2_page_6,1234.0,911.7,1647.0
1886010,stimulus_Ins_HumanRights_2_page_6,1234.0,911.8,1646.0
1886011,stimulus_Ins_HumanRights_2_page_6,1234.2,911.8,1646.0
1886012,stimulus_Ins_HumanRights_2_page_6,1234.3,911.8,1646.0
1886013,stimulus_Ins_HumanRights_2_page_6,1234.2,911.8,1646.0
1886014,stimulus_Ins_HumanRights_2_page_6,1233.9,911.1,1648.0
1886015,stimulus_Ins_HumanRights_2_page_6,1233.6,910.5,1649.0
1886016,stimulus_Ins_HumanRights_2_page_6,1233.5,910.1,1651.0
1886017,stimulus_Ins_HumanRights_2_page_6,1233.5,910.4,1651.0
1886018,stimulus_Ins_HumanRights_2_page_6,1233.8,910.8,1651.0
1886019,stimulus_Ins_HumanRights_2_page_6,1234.1,911.0,1650.0
1886020,stimulus_Ins_HumanRights_2_page_6,1234.0,911.2,1650.0
1886021,stimulus_Ins_HumanRights_2_page_6,1233.7,911.3,1651.0
1886022,stimulus_Ins_HumanRights_2_page_6,1233.3,911.5,1652.0
1886023,stimulus_Ins_HumanRights_2_page_6,1233.4,911.6,1653.0
1886024,stimulus_Ins_HumanRights_2_page_6,1233.4,911.7,1651.0
1886025,stimulus_Ins_HumanRights_2_page_6,1233.5,911.7,1649.0
1886026,stimulus_Ins_HumanRights_2_page_6,1233.6,911.8,1648.0
1886027,stimulus_Ins_HumanRights_2_page_6,1233.7,911.9,1648.0
1886028,stimulus_Ins_HumanRights_2_page_6,1233.9,912.1,1647.0
1886029,stimulus_Ins_HumanRights_2_page_6,1234.1,912.2,1648.0
1886030,stimulus_Ins_HumanRights_2_page_6,1234.2,912.3,1651.0
1886031,stimulus_Ins_HumanRights_2_page_6,1234.0,912.3,1654.0
1886032,stimulus_Ins_HumanRights_2_page_6,1233.8,912.2,1655.0
1886033,stimulus_Ins_HumanRights_2_page_6,1233.5,911.6,1654.0
1886034,stimulus_Ins_HumanRights_2_page_6,1233.1,911.0,1652.0
1886035,stimulus_Ins_HumanRights_2_page_6,1232.8,910.3,1653.0
1886036,stimulus_Ins_HumanRights_2_page_6,1232.7,910.1,1652.0
1886037,stimulus_Ins_HumanRights_2_page_6,1233.0,909.9,1649.0
1886038,stimulus_Ins_HumanRights_2_page_6,1233.4,909.9,1647.0
1886039,stimulus_Ins_HumanRights_2_page_6,1233.6,909.9,1645.0
1886040,stimulus_Ins_HumanRights_2_page_6,1233.4,910.0,1645.0
1886041,stimulus_Ins_HumanRights_2_page_6,1233.1,910.0,1645.0
1886042,stimulus_Ins_HumanRights_2_page_6,1233.0,910.0,1647.0
1886043,stimulus_Ins_HumanRights_2_page_6,1232.9,910.0,1650.0
1886044,stimulus_Ins_HumanRights_2_page_6,1232.9,909.9,1652.0
1886045,stimulus_Ins_HumanRights_2_page_6,1233.0,910.3,1653.0
1886046,stimulus_Ins_HumanRights_2_page_6,1233.2,910.8,1653.0
1886047,stimulus_Ins_HumanRights_2_page_6,1233.4,910.9,1652.0
1886048,stimulus_Ins_HumanRights_2_page_6,1233.7,910.7,1653.0
1886049,stimulus_Ins_HumanRights_2_page_6,1233.8,910.4,1653.0
1886050,stimulus_Ins_HumanRights_2_page_6,1233.6,910.3,1652.0
1886051,stimulus_Ins_HumanRights_2_page_6,1233.2,910.2,1650.0
1886052,stimulus_Ins_HumanRights_2_page_6,1232.8,910.2,1649.0
1886053,stimulus_Ins_HumanRights_2_page_6,1233.0,910.2,1649.0
1886054,stimulus_Ins_HumanRights_2_page_6,1233.2,910.2,1649.0
1886055,stimulus_Ins_HumanRights_2_page_6,1233.5,910.3,1648.0
1886056,stimulus_Ins_HumanRights_2_page_6,1233.7,910.3,1646.0
1886057,stimulus_Ins_HumanRights_2_page_6,1233.6,910.5,1644.0
1886058,stimulus_Ins_HumanRights_2_page_6,1233.6,910.7,1642.0
1886059,stimulus_Ins_HumanRights_2_page_6,1233.6,910.8,1642.0
1886060,stimulus_Ins_HumanRights_2_page_6,1233.7,910.8,1642.0
1886061,stimulus_Ins_HumanRights_2_page_6,1233.7,910.7,1641.0
1886062,stimulus_Ins_HumanRights_2_page_6,1233.7,910.7,1642.0
1886063,stimulus_Ins_HumanRights_2_page_6,1233.4,910.8,1642.0
1886064,stimulus_Ins_HumanRights_2_page_6,1233.1,910.8,1642.0
1886065,stimulus_Ins_HumanRights_2_page_6,1232.9,910.8,1642.0
1886066,stimulus_Ins_HumanRights_2_page_6,1233.0,910.9,1642.0
1886067,stimulus_Ins_HumanRights_2_page_6,1233.1,911.0,1642.0
1886068,stimulus_Ins_HumanRights_2_page_6,1233.2,911.1,1641.0
1886069,stimulus_Ins_HumanRights_2_page_6,1233.3,911.1,1640.0
1886070,stimulus_Ins_HumanRights_2_page_6,1233.2,911.3,1639.0
1886071,stimulus_Ins_HumanRights_2_page_6,1233.2,911.7,1639.0
1886072,stimulus_Ins_HumanRights_2_page_6,1233.2,912.0,1639.0
1886073,stimulus_Ins_HumanRights_2_page_6,1233.3,912.0,1638.0
1886074,stimulus_Ins_HumanRights_2_page_6,1233.4,911.9,1640.0
1886075,stimulus_Ins_HumanRights_2_page_6,1233.3,911.5,1642.0
1886076,stimulus_Ins_HumanRights_2_page_6,1233.2,911.2,1643.0
1886077,stimulus_Ins_HumanRights_2_page_6,1233.4,911.0,1642.0
1886078,stimulus_Ins_HumanRights_2_page_6,1233.7,911.0,1641.0
1886079,stimulus_Ins_HumanRights_2_page_6,1234.1,911.0,1639.0
1886080,stimulus_Ins_HumanRights_2_page_6,1233.9,911.1,1640.0
1886081,stimulus_Ins_HumanRights_2_page_6,1233.5,911.0,1641.0
1886082,stimulus_Ins_HumanRights_2_page_6,1233.1,910.8,1641.0
1886083,stimulus_Ins_HumanRights_2_page_6,1233.3,910.5,1641.0
1886084,stimulus_Ins_HumanRights_2_page_6,1233.6,910.4,1641.0
1886085,stimulus_Ins_HumanRights_2_page_6,1233.9,910.7,1640.0
1886086,stimulus_Ins_HumanRights_2_page_6,1233.9,910.9,1639.0
1886087,stimulus_Ins_HumanRights_2_page_6,1233.9,911.1,1639.0
1886088,stimulus_Ins_HumanRights_2_page_6,1233.9,911.1,1638.0
1886089,stimulus_Ins_HumanRights_2_page_6,1233.8,911.1,1640.0
1886090,stimulus_Ins_HumanRights_2_page_6,1233.6,911.3,1641.0
1886091,stimulus_Ins_HumanRights_2_page_6,1233.5,911.5,1642.0
1886092,stimulus_Ins_HumanRights_2_page_6,1233.5,911.7,1642.0
1886093,stimulus_Ins_HumanRights_2_page_6,1233.5,911.8,1639.0
1886094,stimulus_Ins_HumanRights_2_page_6,1233.5,911.5,1637.0
1886095,stimulus_Ins_HumanRights_2_page_6,1233.7,911.1,1634.0
1886096,stimulus_Ins_HumanRights_2_page_6,1233.8,910.7,1634.0
1886097,stimulus_Ins_HumanRights_2_page_6,1234.0,910.7,1634.0
1886098,stimulus_Ins_HumanRights_2_page_6,1234.0,910.7,1635.0
1886099,stimulus_Ins_HumanRights_2_page_6,1234.0,910.7,1636.0
1886100,stimulus_Ins_HumanRights_2_page_6,1234.0,910.6,1636.0
1886101,stimulus_Ins_HumanRights_2_page_6,1234.2,910.6,1636.0
1886102,stimulus_Ins_HumanRights_2_page_6,1234.4,910.6,1636.0
1886103,stimulus_Ins_HumanRights_2_page_6,1234.3,910.8,1636.0
1886104,stimulus_Ins_HumanRights_2_page_6,1234.0,911.1,1634.0
1886105,stimulus_Ins_HumanRights_2_page_6,1233.8,911.3,1633.0
1886106,stimulus_Ins_HumanRights_2_page_6,1233.8,911.5,1633.0
1886107,stimulus_Ins_HumanRights_2_page_6,1234.0,911.7,1633.0
1886108,stimulus_Ins_HumanRights_2_page_6,1234.1,911.9,1634.0
1886109,stimulus_Ins_HumanRights_2_page_6,1234.2,912.3,1634.0
1886110,stimulus_Ins_HumanRights_2_page_6,1233.8,912.4,1634.0
1886111,stimulus_Ins_HumanRights_2_page_6,1233.5,912.6,1635.0
1886112,stimulus_Ins_HumanRights_2_page_6,1233.3,912.3,1636.0
1886113,stimulus_Ins_HumanRights_2_page_6,1233.4,911.9,1636.0
1886114,stimulus_Ins_HumanRights_2_page_6,1233.6,911.5,1635.0
1886115,stimulus_Ins_HumanRights_2_page_6,1233.9,911.5,1634.0
1886116,stimulus_Ins_HumanRights_2_page_6,1234.1,911.5,1634.0
1886117,stimulus_Ins_HumanRights_2_page_6,1234.2,911.5,1635.0
1886118,stimulus_Ins_HumanRights_2_page_6,1234.3,911.6,1636.0
1886119,stimulus_Ins_HumanRights_2_page_6,1234.6,911.5,1637.0
1886120,stimulus_Ins_HumanRights_2_page_6,1234.8,911.4,1637.0
1886121,stimulus_Ins_HumanRights_2_page_6,1234.8,911.2,1637.0
1886122,stimulus_Ins_HumanRights_2_page_6,1234.8,911.2,1636.0
1886123,stimulus_Ins_HumanRights_2_page_6,1234.8,911.6,1636.0
1886124,stimulus_Ins_HumanRights_2_page_6,1234.8,912.4,1633.0
1886125,stimulus_Ins_HumanRights_2_page_6,1234.8,913.2,1630.0
1886126,stimulus_Ins_HumanRights_2_page_6,1234.7,913.2,1628.0
1886127,stimulus_Ins_HumanRights_2_page_6,1234.6,913.0,1627.0
1886128,stimulus_Ins_HumanRights_2_page_6,1234.6,912.6,1627.0
1886129,stimulus_Ins_HumanRights_2_page_6,1234.8,912.4,1626.0
1886130,stimulus_Ins_HumanRights_2_page_6,1235.0,912.3,1625.0
1886131,stimulus_Ins_HumanRights_2_page_6,1235.3,912.3,1625.0
1886132,stimulus_Ins_HumanRights_2_page_6,1235.3,912.4,1624.0
1886133,stimulus_Ins_HumanRights_2_page_6,1235.3,912.3,1625.0
1886134,stimulus_Ins_HumanRights_2_page_6,1235.6,912.2,1626.0
1886135,stimulus_Ins_HumanRights_2_page_6,1235.9,912.1,1627.0
1886136,stimulus_Ins_HumanRights_2_page_6,1236.3,912.0,1627.0
1886137,stimulus_Ins_HumanRights_2_page_6,1236.0,912.1,1627.0
1886138,stimulus_Ins_HumanRights_2_page_6,1235.7,912.3,1624.0
1886139,stimulus_Ins_HumanRights_2_page_6,1235.5,912.4,1622.0
1886140,stimulus_Ins_HumanRights_2_page_6,1235.6,912.5,1619.0
1886141,stimulus_Ins_HumanRights_2_page_6,1235.7,912.4,1619.0
1886142,stimulus_Ins_HumanRights_2_page_6,1235.8,912.4,1620.0
1886143,stimulus_Ins_HumanRights_2_page_6,1236.0,912.4,1623.0
1886144,stimulus_Ins_HumanRights_2_page_6,1236.2,912.3,1625.0
1886145,stimulus_Ins_HumanRights_2_page_6,1236.3,912.3,1626.0
1886146,stimulus_Ins_HumanRights_2_page_6,1236.4,912.5,1625.0
1886147,stimulus_Ins_HumanRights_2_page_6,1236.5,912.5,1623.0
1886148,stimulus_Ins_HumanRights_2_page_6,1236.6,912.5,1622.0
1886149,stimulus_Ins_HumanRights_2_page_6,1236.8,912.6,1620.0
1886150,stimulus_Ins_HumanRights_2_page_6,1236.9,912.6,1620.0
1886151,stimulus_Ins_HumanRights_2_page_6,1237.0,912.8,1620.0
1886152,stimulus_Ins_HumanRights_2_page_6,1237.1,912.9,1620.0
1886153,stimulus_Ins_HumanRights_2_page_6,1237.1,912.8,1620.0
1886154,stimulus_Ins_HumanRights_2_page_6,1237.2,912.6,1620.0
1886155,stimulus_Ins_HumanRights_2_page_6,1237.3,912.2,1617.0
1886156,stimulus_Ins_HumanRights_2_page_6,1237.3,912.1,1614.0
1886157,stimulus_Ins_HumanRights_2_page_6,1237.3,912.4,1611.0
1886158,stimulus_Ins_HumanRights_2_page_6,1237.3,912.7,1610.0
1886159,stimulus_Ins_HumanRights_2_page_6,1237.5,913.2,1609.0
1886160,stimulus_Ins_HumanRights_2_page_6,1237.6,913.4,1609.0
1886161,stimulus_Ins_HumanRights_2_page_6,1237.7,913.1,1608.0
1886162,stimulus_Ins_HumanRights_2_page_6,1237.8,912.7,1610.0
1886163,stimulus_Ins_HumanRights_2_page_6,1237.7,912.2,1612.0
1886164,stimulus_Ins_HumanRights_2_page_6,1237.6,912.2,1613.0
1886165,stimulus_Ins_HumanRights_2_page_6,1237.6,912.3,1613.0
1886166,stimulus_Ins_HumanRights_2_page_6,1237.5,912.5,1612.0
1886167,stimulus_Ins_HumanRights_2_page_6,1237.5,912.6,1613.0
1886168,stimulus_Ins_HumanRights_2_page_6,1237.4,912.4,1613.0
1886169,stimulus_Ins_HumanRights_2_page_6,1237.5,912.2,1612.0
1886170,stimulus_Ins_HumanRights_2_page_6,1237.6,912.4,1611.0
1886171,stimulus_Ins_HumanRights_2_page_6,1237.7,912.8,1610.0
1886172,stimulus_Ins_HumanRights_2_page_6,1237.8,913.2,1610.0
1886173,stimulus_Ins_HumanRights_2_page_6,1237.8,913.3,1610.0
1886174,stimulus_Ins_HumanRights_2_page_6,1237.9,913.7,1611.0
1886175,stimulus_Ins_HumanRights_2_page_6,1238.0,914.1,1611.0
1886176,stimulus_Ins_HumanRights_2_page_6,1238.1,914.2,1610.0
1886177,stimulus_Ins_HumanRights_2_page_6,1238.1,914.0,1609.0
1886178,stimulus_Ins_HumanRights_2_page_6,1238.2,913.8,1607.0
1886179,stimulus_Ins_HumanRights_2_page_6,1238.4,913.7,1609.0
1886180,stimulus_Ins_HumanRights_2_page_6,1238.5,913.7,1611.0
1886181,stimulus_Ins_HumanRights_2_page_6,1238.6,913.6,1613.0
1886182,stimulus_Ins_HumanRights_2_page_6,1238.5,913.5,1613.0
1886183,stimulus_Ins_HumanRights_2_page_6,1238.4,913.4,1613.0
1886184,stimulus_Ins_HumanRights_2_page_6,1238.2,913.4,1614.0
1886185,stimulus_Ins_HumanRights_2_page_6,1238.2,913.7,1614.0
1886186,stimulus_Ins_HumanRights_2_page_6,1238.3,914.1,1613.0
1886187,stimulus_Ins_HumanRights_2_page_6,1238.4,914.8,1611.0
1886188,stimulus_Ins_HumanRights_2_page_6,1238.6,915.2,1608.0
1886189,stimulus_Ins_HumanRights_2_page_6,1238.8,915.8,1606.0
1886190,stimulus_Ins_HumanRights_2_page_6,1238.9,916.2,1604.0
1886191,stimulus_Ins_HumanRights_2_page_6,1238.8,916.3,1604.0
1886192,stimulus_Ins_HumanRights_2_page_6,1238.6,916.0,1604.0
1886193,stimulus_Ins_HumanRights_2_page_6,1238.6,915.8,1605.0
1886194,stimulus_Ins_HumanRights_2_page_6,1238.7,915.7,1606.0
1886195,stimulus_Ins_HumanRights_2_page_6,1239.0,915.9,1607.0
1886196,stimulus_Ins_HumanRights_2_page_6,1239.1,916.0,1607.0
1886197,stimulus_Ins_HumanRights_2_page_6,1239.2,916.2,1607.0
1886198,stimulus_Ins_HumanRights_2_page_6,1239.3,916.5,1606.0
1886199,stimulus_Ins_HumanRights_2_page_6,1239.5,917.1,1605.0
1886200,stimulus_Ins_HumanRights_2_page_6,1239.6,917.6,1603.0
1886201,stimulus_Ins_HumanRights_2_page_6,1239.6,917.7,1603.0
1886202,stimulus_Ins_HumanRights_2_page_6,1239.6,917.6,1604.0
1886203,stimulus_Ins_HumanRights_2_page_6,1239.6,917.6,1606.0
1886204,stimulus_Ins_HumanRights_2_page_6,1239.8,917.5,1607.0
1886205,stimulus_Ins_HumanRights_2_page_6,1240.0,917.6,1606.0
1886206,stimulus_Ins_HumanRights_2_page_6,1240.1,917.6,1604.0
1886207,stimulus_Ins_HumanRights_2_page_6,1240.1,917.2,1603.0
1886208,stimulus_Ins_HumanRights_2_page_6,1240.0,916.9,1603.0
1886209,stimulus_Ins_HumanRights_2_page_6,1240.0,916.8,1604.0
1886210,stimulus_Ins_HumanRights_2_page_6,1240.0,917.2,1606.0
1886211,stimulus_Ins_HumanRights_2_page_6,1240.1,917.5,1608.0
1886212,stimulus_Ins_HumanRights_2_page_6,1240.1,917.5,1609.0
1886213,stimulus_Ins_HumanRights_2_page_6,1240.3,917.4,1609.0
1886214,stimulus_Ins_HumanRights_2_page_6,1240.5,917.5,1610.0
1886215,stimulus_Ins_HumanRights_2_page_6,1240.7,917.9,1609.0
1886216,stimulus_Ins_HumanRights_2_page_6,1240.8,918.3,1608.0
1886217,stimulus_Ins_HumanRights_2_page_6,1240.9,918.1,1608.0
1886218,stimulus_Ins_HumanRights_2_page_6,1240.9,917.6,1607.0
1886219,stimulus_Ins_HumanRights_2_page_6,1240.9,917.2,1606.0
1886220,stimulus_Ins_HumanRights_2_page_6,1241.0,917.5,1605.0
1886221,stimulus_Ins_HumanRights_2_page_6,1240.9,917.7,1605.0
1886222,stimulus_Ins_HumanRights_2_page_6,1240.8,917.5,1607.0
1886223,stimulus_Ins_HumanRights_2_page_6,1240.7,917.3,1610.0
1886224,stimulus_Ins_HumanRights_2_page_6,1240.9,917.2,1612.0
1886225,stimulus_Ins_HumanRights_2_page_6,1241.3,916.9,1612.0
1886226,stimulus_Ins_HumanRights_2_page_6,1241.6,916.6,1612.0
1886227,stimulus_Ins_HumanRights_2_page_6,1241.6,916.4,1611.0
1886228,stimulus_Ins_HumanRights_2_page_6,1241.9,916.9,1609.0
1886229,stimulus_Ins_HumanRights_2_page_6,1242.1,917.2,1607.0
1886230,stimulus_Ins_HumanRights_2_page_6,1242.4,917.2,1606.0
1886231,stimulus_Ins_HumanRights_2_page_6,1242.4,916.9,1605.0
1886232,stimulus_Ins_HumanRights_2_page_6,1242.4,916.6,1606.0
1886233,stimulus_Ins_HumanRights_2_page_6,1242.4,916.5,1605.0
1886234,stimulus_Ins_HumanRights_2_page_6,1242.5,916.4,1603.0
1886235,stimulus_Ins_HumanRights_2_page_6,1242.4,916.3,1602.0
1886236,stimulus_Ins_HumanRights_2_page_6,1242.2,916.3,1602.0
1886237,stimulus_Ins_HumanRights_2_page_6,1242.0,916.2,1602.0
1886238,stimulus_Ins_HumanRights_2_page_6,1242.1,916.2,1601.0
1886239,stimulus_Ins_HumanRights_2_page_6,1242.2,916.1,1600.0
1886240,stimulus_Ins_HumanRights_2_page_6,1242.2,916.1,1599.0
1886241,stimulus_Ins_HumanRights_2_page_6,1242.2,916.3,1599.0
1886242,stimulus_Ins_HumanRights_2_page_6,1242.4,916.5,1599.0
1886243,stimulus_Ins_HumanRights_2_page_6,1242.6,916.6,1600.0
1886244,stimulus_Ins_HumanRights_2_page_6,1243.0,916.8,1602.0
1886245,stimulus_Ins_HumanRights_2_page_6,1243.3,917.1,1603.0
1886246,stimulus_Ins_HumanRights_2_page_6,1243.5,917.5,1603.0
1886247,stimulus_Ins_HumanRights_2_page_6,1243.4,917.7,1601.0
1886248,stimulus_Ins_HumanRights_2_page_6,1243.3,917.5,1599.0
1886249,stimulus_Ins_HumanRights_2_page_6,1243.3,917.2,1598.0
1886250,stimulus_Ins_HumanRights_2_page_6,1243.1,917.0,1598.0
1886251,stimulus_Ins_HumanRights_2_page_6,1242.9,916.8,1597.0
1886252,stimulus_Ins_HumanRights_2_page_6,1242.6,916.7,1599.0
1886253,stimulus_Ins_HumanRights_2_page_6,1242.4,916.5,1600.0
1886254,stimulus_Ins_HumanRights_2_page_6,1242.5,916.3,1602.0
1886255,stimulus_Ins_HumanRights_2_page_6,1242.7,916.2,1600.0
1886256,stimulus_Ins_HumanRights_2_page_6,1242.7,916.3,1597.0
1886257,stimulus_Ins_HumanRights_2_page_6,1242.6,916.7,1594.0
1886258,stimulus_Ins_HumanRights_2_page_6,1242.6,917.0,1594.0
1886259,stimulus_Ins_HumanRights_2_page_6,1242.7,917.4,1594.0
1886260,stimulus_Ins_HumanRights_2_page_6,1242.8,916.9,1595.0
1886261,stimulus_Ins_HumanRights_2_page_6,1242.8,916.5,1596.0
1886262,stimulus_Ins_HumanRights_2_page_6,1242.8,916.4,1596.0
1886263,stimulus_Ins_HumanRights_2_page_6,1243.0,917.1,1596.0
1886264,stimulus_Ins_HumanRights_2_page_6,1243.3,917.8,1597.0
1886265,stimulus_Ins_HumanRights_2_page_6,1243.3,917.9,1597.0
1886266,stimulus_Ins_HumanRights_2_page_6,1243.3,917.8,1598.0
1886267,stimulus_Ins_HumanRights_2_page_6,1243.1,917.7,1597.0
1886268,stimulus_Ins_HumanRights_2_page_6,1242.9,917.8,1596.0
1886269,stimulus_Ins_HumanRights_2_page_6,1242.5,917.9,1595.0
1886270,stimulus_Ins_HumanRights_2_page_6,1242.2,918.3,1594.0
1886271,stimulus_Ins_HumanRights_2_page_6,1242.0,918.4,1594.0
1886272,stimulus_Ins_HumanRights_2_page_6,1242.0,918.2,1593.0
1886273,stimulus_Ins_HumanRights_2_page_6,1242.2,917.9,1594.0
1886274,stimulus_Ins_HumanRights_2_page_6,1242.4,917.9,1593.0
1886275,stimulus_Ins_HumanRights_2_page_6,1242.6,918.1,1592.0
1886276,stimulus_Ins_HumanRights_2_page_6,1242.8,918.4,1592.0
1886277,stimulus_Ins_HumanRights_2_page_6,1242.9,918.4,1592.0
1886278,stimulus_Ins_HumanRights_2_page_6,1242.8,918.4,1591.0
1886279,stimulus_Ins_HumanRights_2_page_6,1242.6,918.3,1591.0
1886280,stimulus_Ins_HumanRights_2_page_6,1242.4,918.2,1590.0
1886281,stimulus_Ins_HumanRights_2_page_6,1242.6,918.1,1589.0
1886282,stimulus_Ins_HumanRights_2_page_6,1242.7,918.5,1589.0
1886283,stimulus_Ins_HumanRights_2_page_6,1243.0,918.8,1590.0
1886284,stimulus_Ins_HumanRights_2_page_6,1243.2,919.2,1590.0
1886285,stimulus_Ins_HumanRights_2_page_6,1243.3,919.1,1590.0
1886286,stimulus_Ins_HumanRights_2_page_6,1243.2,918.9,1589.0
1886287,stimulus_Ins_HumanRights_2_page_6,1243.0,918.8,1588.0
1886288,stimulus_Ins_HumanRights_2_page_6,1242.9,918.8,1588.0
1886289,stimulus_Ins_HumanRights_2_page_6,1242.9,919.5,1588.0
1886290,stimulus_Ins_HumanRights_2_page_6,1243.0,920.3,1588.0
1886291,stimulus_Ins_HumanRights_2_page_6,1243.2,921.1,1588.0
1886292,stimulus_Ins_HumanRights_2_page_6,1243.2,921.2,1588.0
1886293,stimulus_Ins_HumanRights_2_page_6,1243.3,921.1,1588.0
1886294,stimulus_Ins_HumanRights_2_page_6,1243.3,921.1,1590.0
1886295,stimulus_Ins_HumanRights_2_page_6,1242.8,920.7,1591.0
1886296,stimulus_Ins_HumanRights_2_page_6,1242.3,920.4,1591.0
1886297,stimulus_Ins_HumanRights_2_page_6,1242.2,920.4,1590.0
1886298,stimulus_Ins_HumanRights_2_page_6,1242.9,920.5,1589.0
1886299,stimulus_Ins_HumanRights_2_page_6,1243.6,920.6,1589.0
1886300,stimulus_Ins_HumanRights_2_page_6,1244.1,920.6,1589.0
1886301,stimulus_Ins_HumanRights_2_page_6,1244.1,920.5,1589.0
1886302,stimulus_Ins_HumanRights_2_page_6,1244.0,920.3,1589.0
1886303,stimulus_Ins_HumanRights_2_page_6,1243.8,920.5,1589.0
1886304,stimulus_Ins_HumanRights_2_page_6,1243.5,920.8,1589.0
1886305,stimulus_Ins_HumanRights_2_page_6,1243.4,921.1,1589.0
1886306,stimulus_Ins_HumanRights_2_page_6,1243.5,921.0,1589.0
1886307,stimulus_Ins_HumanRights_2_page_6,1243.6,921.0,1588.0
1886308,stimulus_Ins_HumanRights_2_page_6,1243.6,921.0,1588.0
1886309,stimulus_Ins_HumanRights_2_page_6,1243.6,920.8,1588.0
1886310,stimulus_Ins_HumanRights_2_page_6,1243.9,920.6,1588.0
1886311,stimulus_Ins_HumanRights_2_page_6,1244.2,920.4,1588.0
1886312,stimulus_Ins_HumanRights_2_page_6,1244.6,920.5,1588.0
1886313,stimulus_Ins_HumanRights_2_page_6,1244.7,920.6,1588.0
1886314,stimulus_Ins_HumanRights_2_page_6,1244.9,920.8,1587.0
1886315,stimulus_Ins_HumanRights_2_page_6,1245.1,920.9,1588.0
1886316,stimulus_Ins_HumanRights_2_page_6,1245.2,921.1,1588.0
1886317,stimulus_Ins_HumanRights_2_page_6,1245.2,921.4,1588.0
1886318,stimulus_Ins_HumanRights_2_page_6,1245.2,921.4,1587.0
1886319,stimulus_Ins_HumanRights_2_page_6,1245.4,921.1,1586.0
1886320,stimulus_Ins_HumanRights_2_page_6,1245.6,920.8,1586.0
1886321,stimulus_Ins_HumanRights_2_page_6,1245.8,920.8,1587.0
1886322,stimulus_Ins_HumanRights_2_page_6,1245.8,920.7,1588.0
1886323,stimulus_Ins_HumanRights_2_page_6,1245.9,920.6,1589.0
1886324,stimulus_Ins_HumanRights_2_page_6,1246.0,920.9,1590.0
1886325,stimulus_Ins_HumanRights_2_page_6,1246.1,921.1,1590.0
1886326,stimulus_Ins_HumanRights_2_page_6,1246.0,921.2,1589.0
1886327,stimulus_Ins_HumanRights_2_page_6,1245.8,921.0,1586.0
1886328,stimulus_Ins_HumanRights_2_page_6,1245.8,920.7,1585.0
1886329,stimulus_Ins_HumanRights_2_page_6,1245.7,920.7,1583.0
1886330,stimulus_Ins_HumanRights_2_page_6,1245.7,920.7,1585.0
1886331,stimulus_Ins_HumanRights_2_page_6,1245.6,920.8,1586.0
1886332,stimulus_Ins_HumanRights_2_page_6,1245.6,921.5,1587.0
1886333,stimulus_Ins_HumanRights_2_page_6,1245.6,922.1,1587.0
1886334,stimulus_Ins_HumanRights_2_page_6,1245.7,922.5,1587.0
1886335,stimulus_Ins_HumanRights_2_page_6,1245.7,922.2,1587.0
1886336,stimulus_Ins_HumanRights_2_page_6,1245.7,922.2,1587.0
1886337,stimulus_Ins_HumanRights_2_page_6,1245.6,922.4,1587.0
1886338,stimulus_Ins_HumanRights_2_page_6,1245.4,921.7,1586.0
1886339,stimulus_Ins_HumanRights_2_page_6,1245.4,920.9,1585.0
1886340,stimulus_Ins_HumanRights_2_page_6,1245.5,920.2,1585.0
1886341,stimulus_Ins_HumanRights_2_page_6,1245.7,920.2,1586.0
1886342,stimulus_Ins_HumanRights_2_page_6,1245.6,920.2,1587.0
1886343,stimulus_Ins_HumanRights_2_page_6,1245.5,920.5,1587.0
