time,screen,pixel_x,pixel_y,pupil
1613689,stimulus_Ins_LearningMobility_3_question_3131,407.6,342.6,2102.0
1613690,stimulus_Ins_LearningMobility_3_question_3131,407.9,345.6,2101.0
1613691,stimulus_Ins_LearningMobility_3_question_3131,408.5,348.0,2099.0
1613692,stimulus_Ins_LearningMobility_3_question_3131,408.6,349.7,2099.0
1613693,stimulus_Ins_LearningMobility_3_question_3131,408.8,351.3,2098.0
1613694,stimulus_Ins_LearningMobility_3_question_3131,408.6,353.5,2098.0
1613695,stimulus_Ins_LearningMobility_3_question_3131,408.4,355.6,2098.0
1613696,stimulus_Ins_LearningMobility_3_question_3131,408.2,357.5,2097.0
1613697,stimulus_Ins_LearningMobility_3_question_3131,408.2,358.3,2096.0
1613698,stimulus_Ins_LearningMobility_3_question_3131,408.2,359.1,2094.0
1613699,stimulus_Ins_LearningMobility_3_question_3131,408.3,360.0,2091.0
1613700,stimulus_Ins_LearningMobility_3_question_3131,408.2,360.8,2088.0
1613701,stimulus_Ins_LearningMobility_3_question_3131,408.0,361.9,2086.0
1613702,stimulus_Ins_LearningMobility_3_question_3131,407.7,362.7,2086.0
1613703,stimulus_Ins_LearningMobility_3_question_3131,407.8,363.4,2086.0
1613704,stimulus_Ins_LearningMobility_3_question_3131,408.0,363.9,2085.0
1613705,stimulus_Ins_LearningMobility_3_question_3131,408.2,364.1,2085.0
1613706,stimulus_Ins_LearningMobility_3_question_3131,408.2,363.9,2085.0
1613707,stimulus_Ins_LearningMobility_3_question_3131,407.8,363.8,2084.0
1613708,stimulus_Ins_LearningMobility_3_question_3131,407.4,364.1,2083.0
1613709,stimulus_Ins_LearningMobility_3_question_3131,407.2,364.5,2082.0
1613710,stimulus_Ins_LearningMobility_3_question_3131,407.3,364.9,2081.0
1613711,stimulus_Ins_LearningMobility_3_question_3131,407.5,364.9,2081.0
1613712,stimulus_Ins_LearningMobility_3_question_3131,407.8,364.5,2081.0
1613713,stimulus_Ins_LearningMobility_3_question_3131,407.9,364.0,2082.0
1613714,stimulus_Ins_LearningMobility_3_question_3131,407.9,363.8,2083.0
1613715,stimulus_Ins_LearningMobility_3_question_3131,408.2,364.1,2083.0
1613716,stimulus_Ins_LearningMobility_3_question_3131,408.7,364.7,2084.0
1613717,stimulus_Ins_LearningMobility_3_question_3131,409.2,365.4,2084.0
1613718,stimulus_Ins_LearningMobility_3_question_3131,409.3,366.3,2082.0
1613719,stimulus_Ins_LearningMobility_3_question_3131,409.1,366.8,2079.0
1613720,stimulus_Ins_LearningMobility_3_question_3131,409.4,366.9,2075.0
1613721,stimulus_Ins_LearningMobility_3_question_3131,409.7,367.0,2076.0
1613722,stimulus_Ins_LearningMobility_3_question_3131,410.1,367.0,2079.0
1613723,stimulus_Ins_LearningMobility_3_question_3131,410.2,367.1,2082.0
1613724,stimulus_Ins_LearningMobility_3_question_3131,410.2,367.5,2082.0
1613725,stimulus_Ins_LearningMobility_3_question_3131,410.1,367.9,2080.0
1613726,stimulus_Ins_LearningMobility_3_question_3131,410.0,367.9,2078.0
1613727,stimulus_Ins_LearningMobility_3_question_3131,410.0,367.3,2077.0
1613728,stimulus_Ins_LearningMobility_3_question_3131,410.4,366.7,2077.0
1613729,stimulus_Ins_LearningMobility_3_question_3131,410.7,366.5,2077.0
1613730,stimulus_Ins_LearningMobility_3_question_3131,410.9,366.6,2077.0
1613731,stimulus_Ins_LearningMobility_3_question_3131,410.8,366.7,2076.0
1613732,stimulus_Ins_LearningMobility_3_question_3131,411.0,366.8,2075.0
1613733,stimulus_Ins_LearningMobility_3_question_3131,411.2,367.1,2076.0
1613734,stimulus_Ins_LearningMobility_3_question_3131,411.4,367.5,2078.0
1613735,stimulus_Ins_LearningMobility_3_question_3131,411.6,367.8,2078.0
1613736,stimulus_Ins_LearningMobility_3_question_3131,411.8,367.8,2076.0
1613737,stimulus_Ins_LearningMobility_3_question_3131,411.9,367.7,2074.0
1613738,stimulus_Ins_LearningMobility_3_question_3131,411.8,367.7,2073.0
1613739,stimulus_Ins_LearningMobility_3_question_3131,411.7,367.7,2075.0
1613740,stimulus_Ins_LearningMobility_3_question_3131,411.7,367.7,2077.0
1613741,stimulus_Ins_LearningMobility_3_question_3131,411.7,367.3,2079.0
1613742,stimulus_Ins_LearningMobility_3_question_3131,411.7,367.0,2080.0
1613743,stimulus_Ins_LearningMobility_3_question_3131,411.6,366.5,2080.0
1613744,stimulus_Ins_LearningMobility_3_question_3131,411.6,366.4,2081.0
1613745,stimulus_Ins_LearningMobility_3_question_3131,411.6,366.4,2080.0
1613746,stimulus_Ins_LearningMobility_3_question_3131,411.7,366.7,2079.0
1613747,stimulus_Ins_LearningMobility_3_question_3131,411.8,366.9,2082.0
1613748,stimulus_Ins_LearningMobility_3_question_3131,411.8,366.9,2084.0
1613749,stimulus_Ins_LearningMobility_3_question_3131,411.8,366.8,2084.0
1613750,stimulus_Ins_LearningMobility_3_question_3131,411.8,367.1,2082.0
1613751,stimulus_Ins_LearningMobility_3_question_3131,412.0,367.4,2081.0
1613752,stimulus_Ins_LearningMobility_3_question_3131,412.2,367.7,2083.0
1613753,stimulus_Ins_LearningMobility_3_question_3131,412.9,367.9,2084.0
1613754,stimulus_Ins_LearningMobility_3_question_3131,413.4,368.1,2084.0
1613755,stimulus_Ins_LearningMobility_3_question_3131,413.3,368.1,2083.0
1613756,stimulus_Ins_LearningMobility_3_question_3131,412.6,367.9,2084.0
1613757,stimulus_Ins_LearningMobility_3_question_3131,411.9,367.5,2084.0
1613758,stimulus_Ins_LearningMobility_3_question_3131,411.7,367.3,2083.0
1613759,stimulus_Ins_LearningMobility_3_question_3131,411.7,367.8,2082.0
1613760,stimulus_Ins_LearningMobility_3_question_3131,412.0,368.5,2082.0
1613761,stimulus_Ins_LearningMobility_3_question_3131,412.0,368.9,2081.0
1613762,stimulus_Ins_LearningMobility_3_question_3131,411.8,368.4,2081.0
1613763,stimulus_Ins_LearningMobility_3_question_3131,411.7,367.9,2083.0
1613764,stimulus_Ins_LearningMobility_3_question_3131,411.8,368.1,2084.0
1613765,stimulus_Ins_LearningMobility_3_question_3131,412.0,368.5,2084.0
1613766,stimulus_Ins_LearningMobility_3_question_3131,411.8,368.9,2082.0
1613767,stimulus_Ins_LearningMobility_3_question_3131,411.8,369.1,2080.0
1613768,stimulus_Ins_LearningMobility_3_question_3131,411.7,369.3,2079.0
1613769,stimulus_Ins_LearningMobility_3_question_3131,411.8,369.6,2080.0
1613770,stimulus_Ins_LearningMobility_3_question_3131,412.0,369.6,2081.0
1613771,stimulus_Ins_LearningMobility_3_question_3131,412.2,369.4,2081.0
1613772,stimulus_Ins_LearningMobility_3_question_3131,412.0,369.4,2080.0
1613773,stimulus_Ins_LearningMobility_3_question_3131,411.7,369.5,2080.0
1613774,stimulus_Ins_LearningMobility_3_question_3131,411.5,369.6,2082.0
1613775,stimulus_Ins_LearningMobility_3_question_3131,411.5,369.6,2084.0
1613776,stimulus_Ins_LearningMobility_3_question_3131,411.5,369.5,2085.0
1613777,stimulus_Ins_LearningMobility_3_question_3131,411.6,369.3,2083.0
1613778,stimulus_Ins_LearningMobility_3_question_3131,411.6,369.1,2080.0
1613779,stimulus_Ins_LearningMobility_3_question_3131,411.6,369.5,2078.0
1613780,stimulus_Ins_LearningMobility_3_question_3131,411.5,370.1,2079.0
1613781,stimulus_Ins_LearningMobility_3_question_3131,411.6,370.6,2080.0
1613782,stimulus_Ins_LearningMobility_3_question_3131,411.7,370.5,2080.0
1613783,stimulus_Ins_LearningMobility_3_question_3131,411.8,370.3,2080.0
1613784,stimulus_Ins_LearningMobility_3_question_3131,411.4,370.3,2080.0
1613785,stimulus_Ins_LearningMobility_3_question_3131,411.1,370.3,2079.0
1613786,stimulus_Ins_LearningMobility_3_question_3131,410.7,370.3,2079.0
1613787,stimulus_Ins_LearningMobility_3_question_3131,410.7,370.1,2079.0
1613788,stimulus_Ins_LearningMobility_3_question_3131,410.9,369.9,2078.0
1613789,stimulus_Ins_LearningMobility_3_question_3131,411.3,369.8,2078.0
1613790,stimulus_Ins_LearningMobility_3_question_3131,411.8,370.0,2077.0
1613791,stimulus_Ins_LearningMobility_3_question_3131,411.6,370.1,2077.0
1613792,stimulus_Ins_LearningMobility_3_question_3131,411.2,370.4,2078.0
1613793,stimulus_Ins_LearningMobility_3_question_3131,410.8,370.7,2079.0
1613794,stimulus_Ins_LearningMobility_3_question_3131,410.8,370.7,2080.0
1613795,stimulus_Ins_LearningMobility_3_question_3131,410.8,370.4,2079.0
1613796,stimulus_Ins_LearningMobility_3_question_3131,410.8,370.4,2078.0
1613797,stimulus_Ins_LearningMobility_3_question_3131,410.8,370.7,2078.0
1613798,stimulus_Ins_LearningMobility_3_question_3131,410.8,370.9,2078.0
1613799,stimulus_Ins_LearningMobility_3_question_3131,411.1,370.7,2078.0
1613800,stimulus_Ins_LearningMobility_3_question_3131,411.3,371.1,2077.0
1613801,stimulus_Ins_LearningMobility_3_question_3131,411.4,371.5,2077.0
1613802,stimulus_Ins_LearningMobility_3_question_3131,411.6,371.9,2077.0
1613803,stimulus_Ins_LearningMobility_3_question_3131,411.8,371.8,2077.0
1613804,stimulus_Ins_LearningMobility_3_question_3131,411.8,371.6,2077.0
1613805,stimulus_Ins_LearningMobility_3_question_3131,411.7,371.5,2076.0
1613806,stimulus_Ins_LearningMobility_3_question_3131,411.7,371.5,2074.0
1613807,stimulus_Ins_LearningMobility_3_question_3131,411.9,372.0,2074.0
1613808,stimulus_Ins_LearningMobility_3_question_3131,411.8,372.6,2075.0
1613809,stimulus_Ins_LearningMobility_3_question_3131,411.7,372.8,2077.0
1613810,stimulus_Ins_LearningMobility_3_question_3131,411.3,372.6,2075.0
1613811,stimulus_Ins_LearningMobility_3_question_3131,411.2,372.3,2074.0
1613812,stimulus_Ins_LearningMobility_3_question_3131,411.0,372.3,2072.0
1613813,stimulus_Ins_LearningMobility_3_question_3131,410.8,372.5,2072.0
1613814,stimulus_Ins_LearningMobility_3_question_3131,410.9,372.7,2072.0
1613815,stimulus_Ins_LearningMobility_3_question_3131,411.3,372.8,2072.0
1613816,stimulus_Ins_LearningMobility_3_question_3131,411.7,372.7,2073.0
1613817,stimulus_Ins_LearningMobility_3_question_3131,411.6,372.4,2073.0
1613818,stimulus_Ins_LearningMobility_3_question_3131,411.1,372.0,2073.0
1613819,stimulus_Ins_LearningMobility_3_question_3131,410.6,371.9,2072.0
1613820,stimulus_Ins_LearningMobility_3_question_3131,410.5,372.1,2072.0
1613821,stimulus_Ins_LearningMobility_3_question_3131,410.6,372.4,2071.0
1613822,stimulus_Ins_LearningMobility_3_question_3131,410.7,372.7,2070.0
1613823,stimulus_Ins_LearningMobility_3_question_3131,410.8,372.8,2069.0
1613824,stimulus_Ins_LearningMobility_3_question_3131,410.9,372.7,2069.0
1613825,stimulus_Ins_LearningMobility_3_question_3131,411.1,372.3,2068.0
1613826,stimulus_Ins_LearningMobility_3_question_3131,411.2,372.0,2067.0
1613827,stimulus_Ins_LearningMobility_3_question_3131,411.2,372.2,2066.0
1613828,stimulus_Ins_LearningMobility_3_question_3131,411.0,372.6,2067.0
1613829,stimulus_Ins_LearningMobility_3_question_3131,410.9,373.0,2069.0
1613830,stimulus_Ins_LearningMobility_3_question_3131,410.7,372.9,2068.0
1613831,stimulus_Ins_LearningMobility_3_question_3131,410.6,372.9,2066.0
1613832,stimulus_Ins_LearningMobility_3_question_3131,410.5,373.0,2065.0
1613833,stimulus_Ins_LearningMobility_3_question_3131,410.7,373.1,2065.0
1613834,stimulus_Ins_LearningMobility_3_question_3131,410.8,373.2,2065.0
1613835,stimulus_Ins_LearningMobility_3_question_3131,410.8,373.3,2065.0
1613836,stimulus_Ins_LearningMobility_3_question_3131,410.8,373.2,2066.0
1613837,stimulus_Ins_LearningMobility_3_question_3131,410.8,373.1,2065.0
1613838,stimulus_Ins_LearningMobility_3_question_3131,410.8,373.2,2063.0
1613839,stimulus_Ins_LearningMobility_3_question_3131,410.9,373.5,2062.0
1613840,stimulus_Ins_LearningMobility_3_question_3131,410.9,373.9,2057.0
1613841,stimulus_Ins_LearningMobility_3_question_3131,411.0,374.1,2053.0
1613842,stimulus_Ins_LearningMobility_3_question_3131,411.2,374.2,2052.0
1613843,stimulus_Ins_LearningMobility_3_question_3131,411.4,374.3,2053.0
1613844,stimulus_Ins_LearningMobility_3_question_3131,411.3,374.3,2055.0
1613845,stimulus_Ins_LearningMobility_3_question_3131,411.1,374.1,2055.0
1613846,stimulus_Ins_LearningMobility_3_question_3131,410.8,373.9,2055.0
1613847,stimulus_Ins_LearningMobility_3_question_3131,410.8,373.8,2053.0
1613848,stimulus_Ins_LearningMobility_3_question_3131,410.7,373.9,2051.0
1613849,stimulus_Ins_LearningMobility_3_question_3131,410.7,373.8,2049.0
1613850,stimulus_Ins_LearningMobility_3_question_3131,411.0,373.6,2049.0
1613851,stimulus_Ins_LearningMobility_3_question_3131,411.2,373.6,2048.0
1613852,stimulus_Ins_LearningMobility_3_question_3131,411.5,373.6,2049.0
1613853,stimulus_Ins_LearningMobility_3_question_3131,411.5,373.5,2050.0
1613854,stimulus_Ins_LearningMobility_3_question_3131,411.7,373.4,2051.0
1613855,stimulus_Ins_LearningMobility_3_question_3131,411.7,373.3,2051.0
1613856,stimulus_Ins_LearningMobility_3_question_3131,411.6,373.2,2050.0
1613857,stimulus_Ins_LearningMobility_3_question_3131,411.5,373.1,2048.0
1613858,stimulus_Ins_LearningMobility_3_question_3131,411.4,373.1,2045.0
1613859,stimulus_Ins_LearningMobility_3_question_3131,411.6,372.8,2042.0
1613860,stimulus_Ins_LearningMobility_3_question_3131,411.6,372.7,2040.0
1613861,stimulus_Ins_LearningMobility_3_question_3131,411.3,372.4,2040.0
1613862,stimulus_Ins_LearningMobility_3_question_3131,410.9,372.3,2041.0
1613863,stimulus_Ins_LearningMobility_3_question_3131,410.6,372.3,2042.0
1613864,stimulus_Ins_LearningMobility_3_question_3131,410.7,372.3,2042.0
1613865,stimulus_Ins_LearningMobility_3_question_3131,411.1,372.6,2041.0
1613866,stimulus_Ins_LearningMobility_3_question_3131,411.6,373.3,2040.0
1613867,stimulus_Ins_LearningMobility_3_question_3131,411.5,373.9,2039.0
1613868,stimulus_Ins_LearningMobility_3_question_3131,411.2,374.2,2039.0
1613869,stimulus_Ins_LearningMobility_3_question_3131,410.9,374.1,2039.0
1613870,stimulus_Ins_LearningMobility_3_question_3131,410.8,374.0,2039.0
1613871,stimulus_Ins_LearningMobility_3_question_3131,411.3,374.1,2039.0
1613872,stimulus_Ins_LearningMobility_3_question_3131,412.0,374.3,2038.0
1613873,stimulus_Ins_LearningMobility_3_question_3131,412.5,374.2,2037.0
1613874,stimulus_Ins_LearningMobility_3_question_3131,412.4,373.9,2036.0
1613875,stimulus_Ins_LearningMobility_3_question_3131,411.9,373.5,2036.0
1613876,stimulus_Ins_LearningMobility_3_question_3131,411.3,373.3,2035.0
1613877,stimulus_Ins_LearningMobility_3_question_3131,411.2,373.5,2033.0
1613878,stimulus_Ins_LearningMobility_3_question_3131,411.4,373.9,2032.0
1613879,stimulus_Ins_LearningMobility_3_question_3131,411.6,374.3,2031.0
1613880,stimulus_Ins_LearningMobility_3_question_3131,411.6,374.6,2029.0
1613881,stimulus_Ins_LearningMobility_3_question_3131,411.7,374.8,2027.0
1613882,stimulus_Ins_LearningMobility_3_question_3131,411.8,375.0,2028.0
1613883,stimulus_Ins_LearningMobility_3_question_3131,411.9,375.1,2030.0
1613884,stimulus_Ins_LearningMobility_3_question_3131,412.0,375.1,2032.0
1613885,stimulus_Ins_LearningMobility_3_question_3131,412.1,375.2,2032.0
1613886,stimulus_Ins_LearningMobility_3_question_3131,412.3,375.3,2031.0
1613887,stimulus_Ins_LearningMobility_3_question_3131,413.1,375.3,2031.0
1613888,stimulus_Ins_LearningMobility_3_question_3131,413.7,375.1,2029.0
1613889,stimulus_Ins_LearningMobility_3_question_3131,414.3,375.0,2028.0
1613890,stimulus_Ins_LearningMobility_3_question_3131,414.3,374.8,2022.0
1613891,stimulus_Ins_LearningMobility_3_question_3131,414.7,375.6,2016.0
1613892,stimulus_Ins_LearningMobility_3_question_3131,415.0,376.3,2011.0
1613893,stimulus_Ins_LearningMobility_3_question_3131,414.7,376.4,2011.0
1613894,stimulus_Ins_LearningMobility_3_question_3131,413.8,374.3,2013.0
1613895,stimulus_Ins_LearningMobility_3_question_3131,411.7,371.1,2017.0
1613896,stimulus_Ins_LearningMobility_3_question_3131,408.8,367.3,2021.0
1613897,stimulus_Ins_LearningMobility_3_question_3131,404.5,364.5,2020.0
1613898,stimulus_Ins_LearningMobility_3_question_3131,398.9,361.0,2018.0
1613899,stimulus_Ins_LearningMobility_3_question_3131,392.6,356.3,2017.0
1613900,stimulus_Ins_LearningMobility_3_question_3131,384.8,349.2,2018.0
1613901,stimulus_Ins_LearningMobility_3_question_3131,376.6,341.4,2020.0
1613902,stimulus_Ins_LearningMobility_3_question_3131,367.7,332.8,2020.0
1613903,stimulus_Ins_LearningMobility_3_question_3131,358.7,324.1,2020.0
1613904,stimulus_Ins_LearningMobility_3_question_3131,350.0,314.9,2019.0
1613905,stimulus_Ins_LearningMobility_3_question_3131,341.0,307.0,2017.0
1613906,stimulus_Ins_LearningMobility_3_question_3131,334.0,300.3,2016.0
1613907,stimulus_Ins_LearningMobility_3_question_3131,327.4,295.6,2016.0
1613908,stimulus_Ins_LearningMobility_3_question_3131,322.3,291.3,2012.0
1613909,stimulus_Ins_LearningMobility_3_question_3131,316.8,286.2,2008.0
1613910,stimulus_Ins_LearningMobility_3_question_3131,312.6,279.6,2004.0
1613911,stimulus_Ins_LearningMobility_3_question_3131,308.5,273.1,2002.0
1613912,stimulus_Ins_LearningMobility_3_question_3131,305.9,267.4,2000.0
1613913,stimulus_Ins_LearningMobility_3_question_3131,303.8,262.9,1998.0
1613914,stimulus_Ins_LearningMobility_3_question_3131,301.9,258.6,1994.0
1613915,stimulus_Ins_LearningMobility_3_question_3131,299.5,254.3,1987.0
1613916,stimulus_Ins_LearningMobility_3_question_3131,296.7,250.3,1981.0
1613917,stimulus_Ins_LearningMobility_3_question_3131,294.2,245.8,1979.0
1613918,stimulus_Ins_LearningMobility_3_question_3131,290.9,241.7,1978.0
1613919,stimulus_Ins_LearningMobility_3_question_3131,287.1,238.3,1973.0
1613920,stimulus_Ins_LearningMobility_3_question_3131,282.4,233.4,1969.0
1613921,stimulus_Ins_LearningMobility_3_question_3131,277.9,228.0,1965.0
1613922,stimulus_Ins_LearningMobility_3_question_3131,273.5,221.3,1965.0
1613923,stimulus_Ins_LearningMobility_3_question_3131,268.6,216.0,1962.0
1613924,stimulus_Ins_LearningMobility_3_question_3131,263.2,210.3,1958.0
1613925,stimulus_Ins_LearningMobility_3_question_3131,258.5,205.5,1953.0
1613926,stimulus_Ins_LearningMobility_3_question_3131,255.0,200.9,1949.0
1613927,stimulus_Ins_LearningMobility_3_question_3131,251.9,198.6,1947.0
1613928,stimulus_Ins_LearningMobility_3_question_3131,247.4,196.2,1946.0
1613929,stimulus_Ins_LearningMobility_3_question_3131,243.6,194.9,1940.0
1613930,stimulus_Ins_LearningMobility_3_question_3131,240.2,193.9,1934.0
1613931,stimulus_Ins_LearningMobility_3_question_3131,238.0,194.3,1929.0
1613932,stimulus_Ins_LearningMobility_3_question_3131,235.2,195.3,1930.0
1613933,stimulus_Ins_LearningMobility_3_question_3131,232.5,196.8,1932.0
1613934,stimulus_Ins_LearningMobility_3_question_3131,229.9,197.5,1934.0
1613935,stimulus_Ins_LearningMobility_3_question_3131,228.3,198.8,1932.0
1613936,stimulus_Ins_LearningMobility_3_question_3131,227.4,201.0,1929.0
1613937,stimulus_Ins_LearningMobility_3_question_3131,227.1,203.6,1926.0
1613938,stimulus_Ins_LearningMobility_3_question_3131,225.4,205.5,1925.0
1613939,stimulus_Ins_LearningMobility_3_question_3131,223.8,206.3,1924.0
1613940,stimulus_Ins_LearningMobility_3_question_3131,222.6,206.7,1923.0
1613941,stimulus_Ins_LearningMobility_3_question_3131,223.1,207.0,1923.0
1613942,stimulus_Ins_LearningMobility_3_question_3131,223.6,207.1,1925.0
1613943,stimulus_Ins_LearningMobility_3_question_3131,223.8,206.1,1930.0
1613944,stimulus_Ins_LearningMobility_3_question_3131,223.9,204.7,1936.0
1613945,stimulus_Ins_LearningMobility_3_question_3131,224.3,203.4,1939.0
1613946,stimulus_Ins_LearningMobility_3_question_3131,224.6,202.9,1940.0
1613947,stimulus_Ins_LearningMobility_3_question_3131,225.1,202.1,1938.0
1613948,stimulus_Ins_LearningMobility_3_question_3131,225.2,201.2,1935.0
1613949,stimulus_Ins_LearningMobility_3_question_3131,225.4,200.5,1932.0
1613950,stimulus_Ins_LearningMobility_3_question_3131,225.4,200.6,1932.0
1613951,stimulus_Ins_LearningMobility_3_question_3131,225.3,200.2,1932.0
1613952,stimulus_Ins_LearningMobility_3_question_3131,225.4,199.3,1931.0
1613953,stimulus_Ins_LearningMobility_3_question_3131,225.6,198.4,1931.0
1613954,stimulus_Ins_LearningMobility_3_question_3131,225.7,198.6,1930.0
1613955,stimulus_Ins_LearningMobility_3_question_3131,225.1,199.3,1929.0
1613956,stimulus_Ins_LearningMobility_3_question_3131,224.5,200.1,1930.0
1613957,stimulus_Ins_LearningMobility_3_question_3131,224.0,200.1,1930.0
1613958,stimulus_Ins_LearningMobility_3_question_3131,224.2,200.1,1929.0
1613959,stimulus_Ins_LearningMobility_3_question_3131,224.5,200.4,1928.0
1613960,stimulus_Ins_LearningMobility_3_question_3131,224.5,200.5,1927.0
1613961,stimulus_Ins_LearningMobility_3_question_3131,224.4,200.5,1927.0
1613962,stimulus_Ins_LearningMobility_3_question_3131,224.2,200.4,1926.0
1613963,stimulus_Ins_LearningMobility_3_question_3131,223.9,200.3,1925.0
1613964,stimulus_Ins_LearningMobility_3_question_3131,223.9,200.3,1922.0
1613965,stimulus_Ins_LearningMobility_3_question_3131,224.2,200.3,1921.0
1613966,stimulus_Ins_LearningMobility_3_question_3131,224.4,200.3,1920.0
1613967,stimulus_Ins_LearningMobility_3_question_3131,224.5,200.3,1918.0
1613968,stimulus_Ins_LearningMobility_3_question_3131,224.6,201.0,1914.0
1613969,stimulus_Ins_LearningMobility_3_question_3131,224.7,201.9,1910.0
1613970,stimulus_Ins_LearningMobility_3_question_3131,224.7,202.8,1908.0
1613971,stimulus_Ins_LearningMobility_3_question_3131,224.6,202.6,1908.0
1613972,stimulus_Ins_LearningMobility_3_question_3131,224.5,202.3,1908.0
1613973,stimulus_Ins_LearningMobility_3_question_3131,224.7,201.9,1909.0
1613974,stimulus_Ins_LearningMobility_3_question_3131,224.9,202.3,1909.0
1613975,stimulus_Ins_LearningMobility_3_question_3131,225.1,202.6,1909.0
1613976,stimulus_Ins_LearningMobility_3_question_3131,225.4,202.8,1907.0
1613977,stimulus_Ins_LearningMobility_3_question_3131,225.6,202.5,1904.0
1613978,stimulus_Ins_LearningMobility_3_question_3131,225.7,202.6,1901.0
1613979,stimulus_Ins_LearningMobility_3_question_3131,225.7,203.4,1899.0
1613980,stimulus_Ins_LearningMobility_3_question_3131,225.9,204.3,1896.0
1613981,stimulus_Ins_LearningMobility_3_question_3131,226.2,204.9,1893.0
1613982,stimulus_Ins_LearningMobility_3_question_3131,226.6,205.0,1894.0
1613983,stimulus_Ins_LearningMobility_3_question_3131,226.7,204.9,1894.0
1613984,stimulus_Ins_LearningMobility_3_question_3131,226.8,204.3,1895.0
1613985,stimulus_Ins_LearningMobility_3_question_3131,226.8,203.7,1896.0
1613986,stimulus_Ins_LearningMobility_3_question_3131,226.8,203.7,1894.0
1613987,stimulus_Ins_LearningMobility_3_question_3131,227.3,204.7,1889.0
1613988,stimulus_Ins_LearningMobility_3_question_3131,227.8,205.8,1885.0
1613989,stimulus_Ins_LearningMobility_3_question_3131,228.2,206.2,1882.0
1613990,stimulus_Ins_LearningMobility_3_question_3131,228.0,206.1,1882.0
1613991,stimulus_Ins_LearningMobility_3_question_3131,227.8,206.0,1882.0
1613992,stimulus_Ins_LearningMobility_3_question_3131,228.0,206.0,1881.0
1613993,stimulus_Ins_LearningMobility_3_question_3131,228.3,205.9,1879.0
1613994,stimulus_Ins_LearningMobility_3_question_3131,228.6,205.8,1878.0
1613995,stimulus_Ins_LearningMobility_3_question_3131,228.8,205.7,1877.0
1613996,stimulus_Ins_LearningMobility_3_question_3131,229.0,205.6,1875.0
1613997,stimulus_Ins_LearningMobility_3_question_3131,229.2,205.6,1875.0
1613998,stimulus_Ins_LearningMobility_3_question_3131,229.2,205.6,1874.0
1613999,stimulus_Ins_LearningMobility_3_question_3131,229.1,206.1,1870.0
1614000,stimulus_Ins_LearningMobility_3_question_3131,228.9,206.5,1868.0
1614001,stimulus_Ins_LearningMobility_3_question_3131,228.9,206.5,1866.0
1614002,stimulus_Ins_LearningMobility_3_question_3131,228.8,206.1,1867.0
1614003,stimulus_Ins_LearningMobility_3_question_3131,228.7,205.6,1867.0
1614004,stimulus_Ins_LearningMobility_3_question_3131,228.5,205.5,1866.0
1614005,stimulus_Ins_LearningMobility_3_question_3131,228.5,205.3,1865.0
1614006,stimulus_Ins_LearningMobility_3_question_3131,228.7,205.7,1864.0
1614007,stimulus_Ins_LearningMobility_3_question_3131,229.0,206.0,1864.0
1614008,stimulus_Ins_LearningMobility_3_question_3131,229.5,206.4,1863.0
1614009,stimulus_Ins_LearningMobility_3_question_3131,229.8,206.0,1862.0
1614010,stimulus_Ins_LearningMobility_3_question_3131,230.1,205.7,1859.0
1614011,stimulus_Ins_LearningMobility_3_question_3131,230.1,205.4,1857.0
1614012,stimulus_Ins_LearningMobility_3_question_3131,230.0,205.5,1854.0
1614013,stimulus_Ins_LearningMobility_3_question_3131,229.9,205.6,1855.0
1614014,stimulus_Ins_LearningMobility_3_question_3131,229.8,205.9,1857.0
1614015,stimulus_Ins_LearningMobility_3_question_3131,229.7,206.1,1858.0
1614016,stimulus_Ins_LearningMobility_3_question_3131,229.7,206.1,1858.0
1614017,stimulus_Ins_LearningMobility_3_question_3131,229.8,206.5,1856.0
1614018,stimulus_Ins_LearningMobility_3_question_3131,230.0,207.0,1855.0
1614019,stimulus_Ins_LearningMobility_3_question_3131,230.1,207.4,1854.0
1614020,stimulus_Ins_LearningMobility_3_question_3131,230.1,207.2,1853.0
1614021,stimulus_Ins_LearningMobility_3_question_3131,230.3,206.4,1852.0
1614022,stimulus_Ins_LearningMobility_3_question_3131,230.5,205.8,1852.0
1614023,stimulus_Ins_LearningMobility_3_question_3131,230.7,205.8,1852.0
1614024,stimulus_Ins_LearningMobility_3_question_3131,230.8,206.2,1853.0
1614025,stimulus_Ins_LearningMobility_3_question_3131,231.2,206.5,1853.0
1614026,stimulus_Ins_LearningMobility_3_question_3131,231.7,206.0,1851.0
1614027,stimulus_Ins_LearningMobility_3_question_3131,232.0,205.5,1848.0
1614028,stimulus_Ins_LearningMobility_3_question_3131,232.0,205.6,1845.0
1614029,stimulus_Ins_LearningMobility_3_question_3131,231.9,206.1,1842.0
1614030,stimulus_Ins_LearningMobility_3_question_3131,231.8,206.6,1840.0
1614031,stimulus_Ins_LearningMobility_3_question_3131,231.7,206.7,1839.0
1614032,stimulus_Ins_LearningMobility_3_question_3131,231.5,206.8,1839.0
1614033,stimulus_Ins_LearningMobility_3_question_3131,231.3,206.9,1839.0
1614034,stimulus_Ins_LearningMobility_3_question_3131,231.3,206.9,1839.0
1614035,stimulus_Ins_LearningMobility_3_question_3131,231.5,206.7,1840.0
1614036,stimulus_Ins_LearningMobility_3_question_3131,231.8,206.5,1840.0
1614037,stimulus_Ins_LearningMobility_3_question_3131,232.0,206.0,1838.0
1614038,stimulus_Ins_LearningMobility_3_question_3131,232.2,205.6,1837.0
1614039,stimulus_Ins_LearningMobility_3_question_3131,232.4,205.3,1836.0
1614040,stimulus_Ins_LearningMobility_3_question_3131,232.3,205.3,1836.0
1614041,stimulus_Ins_LearningMobility_3_question_3131,232.3,205.4,1836.0
1614042,stimulus_Ins_LearningMobility_3_question_3131,232.3,205.5,1834.0
1614043,stimulus_Ins_LearningMobility_3_question_3131,232.3,205.6,1833.0
1614044,stimulus_Ins_LearningMobility_3_question_3131,232.3,205.7,1831.0
1614045,stimulus_Ins_LearningMobility_3_question_3131,232.2,205.2,1832.0
1614046,stimulus_Ins_LearningMobility_3_question_3131,232.2,204.8,1833.0
1614047,stimulus_Ins_LearningMobility_3_question_3131,232.1,204.4,1830.0
1614048,stimulus_Ins_LearningMobility_3_question_3131,232.0,204.6,1828.0
1614049,stimulus_Ins_LearningMobility_3_question_3131,231.9,204.8,1825.0
1614050,stimulus_Ins_LearningMobility_3_question_3131,231.9,204.9,1825.0
1614051,stimulus_Ins_LearningMobility_3_question_3131,232.1,204.9,1824.0
1614052,stimulus_Ins_LearningMobility_3_question_3131,232.4,204.8,1824.0
1614053,stimulus_Ins_LearningMobility_3_question_3131,232.7,204.7,1824.0
1614054,stimulus_Ins_LearningMobility_3_question_3131,232.8,204.5,1824.0
1614055,stimulus_Ins_LearningMobility_3_question_3131,232.8,204.6,1823.0
1614056,stimulus_Ins_LearningMobility_3_question_3131,232.7,204.6,1820.0
1614057,stimulus_Ins_LearningMobility_3_question_3131,232.7,204.8,1817.0
1614058,stimulus_Ins_LearningMobility_3_question_3131,232.8,205.0,1816.0
1614059,stimulus_Ins_LearningMobility_3_question_3131,233.1,205.1,1814.0
1614060,stimulus_Ins_LearningMobility_3_question_3131,233.4,204.9,1813.0
1614061,stimulus_Ins_LearningMobility_3_question_3131,233.2,204.6,1811.0
1614062,stimulus_Ins_LearningMobility_3_question_3131,232.8,204.0,1810.0
1614063,stimulus_Ins_LearningMobility_3_question_3131,232.2,203.8,1811.0
1614064,stimulus_Ins_LearningMobility_3_question_3131,232.1,203.7,1811.0
1614065,stimulus_Ins_LearningMobility_3_question_3131,232.4,203.7,1812.0
1614066,stimulus_Ins_LearningMobility_3_question_3131,232.8,203.7,1809.0
1614067,stimulus_Ins_LearningMobility_3_question_3131,232.7,203.8,1807.0
1614068,stimulus_Ins_LearningMobility_3_question_3131,232.2,204.0,1805.0
1614069,stimulus_Ins_LearningMobility_3_question_3131,231.8,204.3,1805.0
1614070,stimulus_Ins_LearningMobility_3_question_3131,232.0,204.4,1804.0
1614071,stimulus_Ins_LearningMobility_3_question_3131,232.4,204.4,1802.0
1614072,stimulus_Ins_LearningMobility_3_question_3131,232.7,204.4,1799.0
1614073,stimulus_Ins_LearningMobility_3_question_3131,232.9,204.3,1798.0
1614074,stimulus_Ins_LearningMobility_3_question_3131,232.9,204.2,1797.0
1614075,stimulus_Ins_LearningMobility_3_question_3131,232.8,204.2,1797.0
1614076,stimulus_Ins_LearningMobility_3_question_3131,233.1,204.3,1796.0
1614077,stimulus_Ins_LearningMobility_3_question_3131,233.5,204.4,1794.0
1614078,stimulus_Ins_LearningMobility_3_question_3131,234.0,204.4,1793.0
1614079,stimulus_Ins_LearningMobility_3_question_3131,233.4,204.4,1791.0
1614080,stimulus_Ins_LearningMobility_3_question_3131,232.0,203.6,1791.0
1614081,stimulus_Ins_LearningMobility_3_question_3131,229.0,202.3,1789.0
1614082,stimulus_Ins_LearningMobility_3_question_3131,225.9,199.9,1788.0
1614083,stimulus_Ins_LearningMobility_3_question_3131,221.9,197.3,1786.0
1614084,stimulus_Ins_LearningMobility_3_question_3131,218.1,194.4,1786.0
1614085,stimulus_Ins_LearningMobility_3_question_3131,213.7,191.9,1784.0
1614086,stimulus_Ins_LearningMobility_3_question_3131,209.1,189.9,1780.0
1614087,stimulus_Ins_LearningMobility_3_question_3131,204.9,188.6,1776.0
1614088,stimulus_Ins_LearningMobility_3_question_3131,200.7,187.2,1774.0
1614089,stimulus_Ins_LearningMobility_3_question_3131,197.0,185.9,1771.0
1614090,stimulus_Ins_LearningMobility_3_question_3131,193.3,184.6,1766.0
1614091,stimulus_Ins_LearningMobility_3_question_3131,190.3,183.4,1761.0
1614092,stimulus_Ins_LearningMobility_3_question_3131,187.9,182.6,1760.0
1614093,stimulus_Ins_LearningMobility_3_question_3131,186.2,181.9,1758.0
1614094,stimulus_Ins_LearningMobility_3_question_3131,184.9,182.0,1756.0
1614095,stimulus_Ins_LearningMobility_3_question_3131,184.4,182.7,1755.0
1614096,stimulus_Ins_LearningMobility_3_question_3131,184.1,183.3,1755.0
1614097,stimulus_Ins_LearningMobility_3_question_3131,183.9,183.9,1755.0
1614098,stimulus_Ins_LearningMobility_3_question_3131,183.7,184.5,1752.0
1614099,stimulus_Ins_LearningMobility_3_question_3131,183.6,185.1,1749.0
1614100,stimulus_Ins_LearningMobility_3_question_3131,183.4,185.7,1746.0
1614101,stimulus_Ins_LearningMobility_3_question_3131,183.3,185.7,1745.0
1614102,stimulus_Ins_LearningMobility_3_question_3131,183.1,185.6,1745.0
1614103,stimulus_Ins_LearningMobility_3_question_3131,183.0,185.5,1746.0
1614104,stimulus_Ins_LearningMobility_3_question_3131,182.8,185.3,1747.0
1614105,stimulus_Ins_LearningMobility_3_question_3131,183.1,185.3,1746.0
1614106,stimulus_Ins_LearningMobility_3_question_3131,183.6,185.3,1744.0
1614107,stimulus_Ins_LearningMobility_3_question_3131,183.9,185.1,1741.0
1614108,stimulus_Ins_LearningMobility_3_question_3131,183.7,184.9,1740.0
1614109,stimulus_Ins_LearningMobility_3_question_3131,183.4,184.7,1740.0
1614110,stimulus_Ins_LearningMobility_3_question_3131,183.6,184.8,1741.0
1614111,stimulus_Ins_LearningMobility_3_question_3131,184.0,184.9,1740.0
1614112,stimulus_Ins_LearningMobility_3_question_3131,184.1,184.9,1738.0
1614113,stimulus_Ins_LearningMobility_3_question_3131,183.9,184.9,1737.0
1614114,stimulus_Ins_LearningMobility_3_question_3131,183.8,184.9,1736.0
1614115,stimulus_Ins_LearningMobility_3_question_3131,184.5,184.8,1735.0
1614116,stimulus_Ins_LearningMobility_3_question_3131,185.1,184.7,1733.0
1614117,stimulus_Ins_LearningMobility_3_question_3131,185.7,184.7,1731.0
1614118,stimulus_Ins_LearningMobility_3_question_3131,185.8,184.9,1731.0
1614119,stimulus_Ins_LearningMobility_3_question_3131,185.9,185.2,1731.0
1614120,stimulus_Ins_LearningMobility_3_question_3131,185.7,185.4,1730.0
1614121,stimulus_Ins_LearningMobility_3_question_3131,185.6,185.3,1730.0
1614122,stimulus_Ins_LearningMobility_3_question_3131,185.8,185.3,1728.0
1614123,stimulus_Ins_LearningMobility_3_question_3131,185.9,185.0,1725.0
1614124,stimulus_Ins_LearningMobility_3_question_3131,186.0,184.8,1723.0
1614125,stimulus_Ins_LearningMobility_3_question_3131,185.9,184.7,1724.0
1614126,stimulus_Ins_LearningMobility_3_question_3131,185.8,184.7,1724.0
1614127,stimulus_Ins_LearningMobility_3_question_3131,185.7,184.7,1724.0
1614128,stimulus_Ins_LearningMobility_3_question_3131,185.7,184.7,1722.0
1614129,stimulus_Ins_LearningMobility_3_question_3131,185.7,184.7,1719.0
1614130,stimulus_Ins_LearningMobility_3_question_3131,185.7,185.0,1717.0
1614131,stimulus_Ins_LearningMobility_3_question_3131,185.8,185.2,1717.0
1614132,stimulus_Ins_LearningMobility_3_question_3131,185.8,185.5,1718.0
1614133,stimulus_Ins_LearningMobility_3_question_3131,185.8,185.6,1719.0
1614134,stimulus_Ins_LearningMobility_3_question_3131,185.7,185.6,1718.0
1614135,stimulus_Ins_LearningMobility_3_question_3131,185.6,185.4,1716.0
1614136,stimulus_Ins_LearningMobility_3_question_3131,185.5,185.1,1713.0
1614137,stimulus_Ins_LearningMobility_3_question_3131,185.5,184.9,1711.0
1614138,stimulus_Ins_LearningMobility_3_question_3131,185.7,184.7,1710.0
1614139,stimulus_Ins_LearningMobility_3_question_3131,185.4,184.5,1708.0
1614140,stimulus_Ins_LearningMobility_3_question_3131,184.9,184.1,1706.0
1614141,stimulus_Ins_LearningMobility_3_question_3131,184.5,183.9,1706.0
1614142,stimulus_Ins_LearningMobility_3_question_3131,184.9,183.7,1708.0
1614143,stimulus_Ins_LearningMobility_3_question_3131,185.4,183.7,1708.0
1614144,stimulus_Ins_LearningMobility_3_question_3131,185.7,183.9,1707.0
1614145,stimulus_Ins_LearningMobility_3_question_3131,185.9,184.4,1706.0
1614146,stimulus_Ins_LearningMobility_3_question_3131,186.0,184.8,1707.0
1614147,stimulus_Ins_LearningMobility_3_question_3131,186.0,184.6,1708.0
1614148,stimulus_Ins_LearningMobility_3_question_3131,185.9,184.1,1707.0
1614149,stimulus_Ins_LearningMobility_3_question_3131,185.9,183.6,1705.0
1614150,stimulus_Ins_LearningMobility_3_question_3131,186.2,183.9,1701.0
1614151,stimulus_Ins_LearningMobility_3_question_3131,186.5,184.3,1700.0
1614152,stimulus_Ins_LearningMobility_3_question_3131,186.4,184.8,1698.0
1614153,stimulus_Ins_LearningMobility_3_question_3131,186.0,184.8,1699.0
1614154,stimulus_Ins_LearningMobility_3_question_3131,185.7,184.9,1698.0
1614155,stimulus_Ins_LearningMobility_3_question_3131,185.7,184.7,1698.0
1614156,stimulus_Ins_LearningMobility_3_question_3131,185.8,184.6,1697.0
1614157,stimulus_Ins_LearningMobility_3_question_3131,185.7,184.6,1697.0
1614158,stimulus_Ins_LearningMobility_3_question_3131,185.6,184.6,1696.0
1614159,stimulus_Ins_LearningMobility_3_question_3131,185.4,184.9,1694.0
1614160,stimulus_Ins_LearningMobility_3_question_3131,185.6,185.1,1692.0
1614161,stimulus_Ins_LearningMobility_3_question_3131,185.7,185.3,1691.0
1614162,stimulus_Ins_LearningMobility_3_question_3131,185.8,185.3,1691.0
1614163,stimulus_Ins_LearningMobility_3_question_3131,185.7,185.3,1691.0
1614164,stimulus_Ins_LearningMobility_3_question_3131,185.7,185.4,1690.0
1614165,stimulus_Ins_LearningMobility_3_question_3131,185.7,185.2,1689.0
1614166,stimulus_Ins_LearningMobility_3_question_3131,185.6,184.9,1687.0
1614167,stimulus_Ins_LearningMobility_3_question_3131,185.6,184.6,1685.0
1614168,stimulus_Ins_LearningMobility_3_question_3131,185.4,184.6,1682.0
1614169,stimulus_Ins_LearningMobility_3_question_3131,185.5,184.6,1681.0
1614170,stimulus_Ins_LearningMobility_3_question_3131,185.3,184.4,1681.0
1614171,stimulus_Ins_LearningMobility_3_question_3131,185.3,184.2,1680.0
1614172,stimulus_Ins_LearningMobility_3_question_3131,185.3,184.1,1680.0
1614173,stimulus_Ins_LearningMobility_3_question_3131,185.1,184.2,1679.0
1614174,stimulus_Ins_LearningMobility_3_question_3131,185.0,184.1,1679.0
1614175,stimulus_Ins_LearningMobility_3_question_3131,184.9,184.0,1677.0
1614176,stimulus_Ins_LearningMobility_3_question_3131,185.0,183.8,1674.0
1614177,stimulus_Ins_LearningMobility_3_question_3131,184.7,183.5,1672.0
1614178,stimulus_Ins_LearningMobility_3_question_3131,184.5,183.1,1670.0
1614179,stimulus_Ins_LearningMobility_3_question_3131,184.5,183.0,1671.0
1614180,stimulus_Ins_LearningMobility_3_question_3131,184.7,183.1,1670.0
1614181,stimulus_Ins_LearningMobility_3_question_3131,184.8,183.2,1669.0
1614182,stimulus_Ins_LearningMobility_3_question_3131,185.0,183.2,1666.0
1614183,stimulus_Ins_LearningMobility_3_question_3131,185.5,183.1,1663.0
1614184,stimulus_Ins_LearningMobility_3_question_3131,185.9,183.0,1664.0
1614185,stimulus_Ins_LearningMobility_3_question_3131,186.0,183.0,1667.0
1614186,stimulus_Ins_LearningMobility_3_question_3131,186.2,182.8,1669.0
1614187,stimulus_Ins_LearningMobility_3_question_3131,186.4,182.7,1667.0
1614188,stimulus_Ins_LearningMobility_3_question_3131,186.7,183.2,1665.0
1614189,stimulus_Ins_LearningMobility_3_question_3131,186.7,183.8,1662.0
1614190,stimulus_Ins_LearningMobility_3_question_3131,186.4,184.3,1662.0
1614191,stimulus_Ins_LearningMobility_3_question_3131,186.2,184.3,1662.0
1614192,stimulus_Ins_LearningMobility_3_question_3131,186.1,184.2,1661.0
1614193,stimulus_Ins_LearningMobility_3_question_3131,186.2,184.0,1660.0
1614194,stimulus_Ins_LearningMobility_3_question_3131,186.2,183.8,1660.0
1614195,stimulus_Ins_LearningMobility_3_question_3131,186.1,183.8,1660.0
1614196,stimulus_Ins_LearningMobility_3_question_3131,186.1,183.8,1659.0
1614197,stimulus_Ins_LearningMobility_3_question_3131,186.1,183.8,1659.0
1614198,stimulus_Ins_LearningMobility_3_question_3131,186.1,183.6,1658.0
1614199,stimulus_Ins_LearningMobility_3_question_3131,186.1,183.6,1657.0
1614200,stimulus_Ins_LearningMobility_3_question_3131,186.1,183.5,1656.0
1614201,stimulus_Ins_LearningMobility_3_question_3131,186.1,183.2,1656.0
1614202,stimulus_Ins_LearningMobility_3_question_3131,186.3,182.8,1656.0
1614203,stimulus_Ins_LearningMobility_3_question_3131,186.8,182.4,1657.0
1614204,stimulus_Ins_LearningMobility_3_question_3131,187.2,182.3,1657.0
1614205,stimulus_Ins_LearningMobility_3_question_3131,187.6,182.3,1657.0
1614206,stimulus_Ins_LearningMobility_3_question_3131,187.9,182.4,1657.0
1614207,stimulus_Ins_LearningMobility_3_question_3131,188.2,182.3,1656.0
1614208,stimulus_Ins_LearningMobility_3_question_3131,187.7,182.2,1654.0
1614209,stimulus_Ins_LearningMobility_3_question_3131,187.1,182.2,1651.0
1614210,stimulus_Ins_LearningMobility_3_question_3131,186.3,182.5,1649.0
1614211,stimulus_Ins_LearningMobility_3_question_3131,186.4,182.6,1648.0
1614212,stimulus_Ins_LearningMobility_3_question_3131,186.5,182.6,1647.0
1614213,stimulus_Ins_LearningMobility_3_question_3131,186.7,182.3,1646.0
1614214,stimulus_Ins_LearningMobility_3_question_3131,186.8,182.2,1645.0
1614215,stimulus_Ins_LearningMobility_3_question_3131,187.0,182.0,1645.0
1614216,stimulus_Ins_LearningMobility_3_question_3131,186.5,181.8,1644.0
1614217,stimulus_Ins_LearningMobility_3_question_3131,185.9,181.7,1642.0
1614218,stimulus_Ins_LearningMobility_3_question_3131,185.3,182.1,1640.0
1614219,stimulus_Ins_LearningMobility_3_question_3131,185.4,182.5,1639.0
1614220,stimulus_Ins_LearningMobility_3_question_3131,185.5,182.9,1639.0
1614221,stimulus_Ins_LearningMobility_3_question_3131,185.6,182.8,1638.0
1614222,stimulus_Ins_LearningMobility_3_question_3131,185.6,182.7,1637.0
1614223,stimulus_Ins_LearningMobility_3_question_3131,185.5,182.6,1636.0
1614224,stimulus_Ins_LearningMobility_3_question_3131,185.5,182.4,1635.0
1614225,stimulus_Ins_LearningMobility_3_question_3131,185.4,182.1,1635.0
1614226,stimulus_Ins_LearningMobility_3_question_3131,185.5,181.9,1635.0
1614227,stimulus_Ins_LearningMobility_3_question_3131,185.7,181.9,1634.0
1614228,stimulus_Ins_LearningMobility_3_question_3131,186.3,182.1,1631.0
1614229,stimulus_Ins_LearningMobility_3_question_3131,186.8,182.3,1629.0
1614230,stimulus_Ins_LearningMobility_3_question_3131,187.1,182.3,1626.0
1614231,stimulus_Ins_LearningMobility_3_question_3131,187.1,182.1,1624.0
1614232,stimulus_Ins_LearningMobility_3_question_3131,187.1,181.8,1625.0
1614233,stimulus_Ins_LearningMobility_3_question_3131,187.0,181.6,1628.0
1614234,stimulus_Ins_LearningMobility_3_question_3131,186.9,181.6,1632.0
1614235,stimulus_Ins_LearningMobility_3_question_3131,186.6,181.5,1634.0
1614236,stimulus_Ins_LearningMobility_3_question_3131,186.5,181.4,1634.0
1614237,stimulus_Ins_LearningMobility_3_question_3131,186.3,181.4,1635.0
1614238,stimulus_Ins_LearningMobility_3_question_3131,186.1,181.5,1636.0
1614239,stimulus_Ins_LearningMobility_3_question_3131,186.0,181.5,1635.0
1614240,stimulus_Ins_LearningMobility_3_question_3131,186.0,181.3,1632.0
1614241,stimulus_Ins_LearningMobility_3_question_3131,186.0,181.0,1629.0
1614242,stimulus_Ins_LearningMobility_3_question_3131,186.1,180.8,1627.0
1614243,stimulus_Ins_LearningMobility_3_question_3131,186.2,180.8,1632.0
1614244,stimulus_Ins_LearningMobility_3_question_3131,186.5,181.0,1637.0
1614245,stimulus_Ins_LearningMobility_3_question_3131,186.7,181.2,1639.0
1614246,stimulus_Ins_LearningMobility_3_question_3131,187.0,181.1,1638.0
1614247,stimulus_Ins_LearningMobility_3_question_3131,187.1,180.9,1634.0
1614248,stimulus_Ins_LearningMobility_3_question_3131,186.8,180.8,1630.0
1614249,stimulus_Ins_LearningMobility_3_question_3131,186.4,180.9,1627.0
1614250,stimulus_Ins_LearningMobility_3_question_3131,185.9,181.0,1628.0
1614251,stimulus_Ins_LearningMobility_3_question_3131,185.9,180.8,1628.0
1614252,stimulus_Ins_LearningMobility_3_question_3131,186.2,180.6,1629.0
1614253,stimulus_Ins_LearningMobility_3_question_3131,186.5,180.8,1630.0
1614254,stimulus_Ins_LearningMobility_3_question_3131,186.8,181.4,1632.0
1614255,stimulus_Ins_LearningMobility_3_question_3131,186.8,181.7,1633.0
1614256,stimulus_Ins_LearningMobility_3_question_3131,186.8,181.1,1633.0
1614257,stimulus_Ins_LearningMobility_3_question_3131,186.7,180.5,1631.0
1614258,stimulus_Ins_LearningMobility_3_question_3131,186.5,180.2,1629.0
1614259,stimulus_Ins_LearningMobility_3_question_3131,186.2,180.2,1627.0
1614260,stimulus_Ins_LearningMobility_3_question_3131,186.0,180.2,1627.0
1614261,stimulus_Ins_LearningMobility_3_question_3131,185.6,180.2,1627.0
1614262,stimulus_Ins_LearningMobility_3_question_3131,185.0,180.1,1627.0
1614263,stimulus_Ins_LearningMobility_3_question_3131,184.6,180.0,1627.0
1614264,stimulus_Ins_LearningMobility_3_question_3131,184.5,179.9,1628.0
1614265,stimulus_Ins_LearningMobility_3_question_3131,184.9,179.8,1629.0
1614266,stimulus_Ins_LearningMobility_3_question_3131,185.7,180.7,1629.0
1614267,stimulus_Ins_LearningMobility_3_question_3131,186.5,181.6,1626.0
1614268,stimulus_Ins_LearningMobility_3_question_3131,187.1,182.6,1623.0
1614269,stimulus_Ins_LearningMobility_3_question_3131,188.2,182.7,1619.0
1614270,stimulus_Ins_LearningMobility_3_question_3131,190.7,182.9,1620.0
1614271,stimulus_Ins_LearningMobility_3_question_3131,194.6,183.2,1621.0
1614272,stimulus_Ins_LearningMobility_3_question_3131,200.2,183.4,1622.0
1614273,stimulus_Ins_LearningMobility_3_question_3131,206.7,183.5,1626.0
1614274,stimulus_Ins_LearningMobility_3_question_3131,214.7,183.4,1630.0
1614275,stimulus_Ins_LearningMobility_3_question_3131,222.6,183.4,1635.0
1614276,stimulus_Ins_LearningMobility_3_question_3131,230.5,184.0,1637.0
1614277,stimulus_Ins_LearningMobility_3_question_3131,239.6,184.7,1636.0
1614278,stimulus_Ins_LearningMobility_3_question_3131,249.5,185.4,1635.0
1614279,stimulus_Ins_LearningMobility_3_question_3131,260.3,185.5,1634.0
1614280,stimulus_Ins_LearningMobility_3_question_3131,270.1,185.7,1634.0
1614281,stimulus_Ins_LearningMobility_3_question_3131,278.8,185.9,1639.0
1614282,stimulus_Ins_LearningMobility_3_question_3131,287.6,186.1,1642.0
1614283,stimulus_Ins_LearningMobility_3_question_3131,295.4,185.9,1646.0
1614284,stimulus_Ins_LearningMobility_3_question_3131,303.4,185.7,1648.0
1614285,stimulus_Ins_LearningMobility_3_question_3131,309.6,185.4,1649.0
1614286,stimulus_Ins_LearningMobility_3_question_3131,315.7,185.3,1651.0
1614287,stimulus_Ins_LearningMobility_3_question_3131,323.1,185.2,1651.0
1614288,stimulus_Ins_LearningMobility_3_question_3131,330.2,185.0,1651.0
1614289,stimulus_Ins_LearningMobility_3_question_3131,337.4,184.6,1651.0
1614290,stimulus_Ins_LearningMobility_3_question_3131,343.0,184.3,1651.0
1614291,stimulus_Ins_LearningMobility_3_question_3131,349.4,184.2,1652.0
1614292,stimulus_Ins_LearningMobility_3_question_3131,354.9,183.8,1652.0
1614293,stimulus_Ins_LearningMobility_3_question_3131,361.4,182.7,1652.0
1614294,stimulus_Ins_LearningMobility_3_question_3131,367.0,181.5,1652.0
1614295,stimulus_Ins_LearningMobility_3_question_3131,372.9,181.1,1652.0
1614296,stimulus_Ins_LearningMobility_3_question_3131,376.5,181.6,1652.0
1614297,stimulus_Ins_LearningMobility_3_question_3131,379.1,182.1,1650.0
1614298,stimulus_Ins_LearningMobility_3_question_3131,380.4,182.5,1647.0
1614299,stimulus_Ins_LearningMobility_3_question_3131,381.0,182.7,1645.0
1614300,stimulus_Ins_LearningMobility_3_question_3131,381.7,182.7,1644.0
1614301,stimulus_Ins_LearningMobility_3_question_3131,381.7,182.7,1644.0
1614302,stimulus_Ins_LearningMobility_3_question_3131,381.8,182.6,1645.0
1614303,stimulus_Ins_LearningMobility_3_question_3131,381.8,182.4,1645.0
1614304,stimulus_Ins_LearningMobility_3_question_3131,381.8,182.1,1648.0
1614305,stimulus_Ins_LearningMobility_3_question_3131,381.6,181.7,1650.0
1614306,stimulus_Ins_LearningMobility_3_question_3131,380.9,181.0,1651.0
1614307,stimulus_Ins_LearningMobility_3_question_3131,380.3,180.4,1647.0
1614308,stimulus_Ins_LearningMobility_3_question_3131,380.0,179.9,1643.0
1614309,stimulus_Ins_LearningMobility_3_question_3131,380.6,179.8,1639.0
1614310,stimulus_Ins_LearningMobility_3_question_3131,381.5,179.9,1638.0
1614311,stimulus_Ins_LearningMobility_3_question_3131,382.3,179.9,1637.0
1614312,stimulus_Ins_LearningMobility_3_question_3131,383.1,179.9,1637.0
1614313,stimulus_Ins_LearningMobility_3_question_3131,383.7,179.9,1638.0
1614314,stimulus_Ins_LearningMobility_3_question_3131,384.2,180.8,1638.0
1614315,stimulus_Ins_LearningMobility_3_question_3131,384.5,181.9,1638.0
1614316,stimulus_Ins_LearningMobility_3_question_3131,384.9,182.5,1636.0
1614317,stimulus_Ins_LearningMobility_3_question_3131,385.1,182.1,1635.0
1614318,stimulus_Ins_LearningMobility_3_question_3131,384.8,181.7,1634.0
1614319,stimulus_Ins_LearningMobility_3_question_3131,384.4,181.8,1633.0
1614320,stimulus_Ins_LearningMobility_3_question_3131,384.1,181.9,1633.0
1614321,stimulus_Ins_LearningMobility_3_question_3131,384.3,182.1,1634.0
1614322,stimulus_Ins_LearningMobility_3_question_3131,384.6,182.4,1635.0
1614323,stimulus_Ins_LearningMobility_3_question_3131,384.8,182.6,1636.0
1614324,stimulus_Ins_LearningMobility_3_question_3131,385.1,182.7,1635.0
1614325,stimulus_Ins_LearningMobility_3_question_3131,385.4,182.8,1635.0
1614326,stimulus_Ins_LearningMobility_3_question_3131,385.5,182.7,1634.0
1614327,stimulus_Ins_LearningMobility_3_question_3131,385.5,182.4,1633.0
1614328,stimulus_Ins_LearningMobility_3_question_3131,385.4,182.2,1633.0
1614329,stimulus_Ins_LearningMobility_3_question_3131,385.4,182.3,1633.0
1614330,stimulus_Ins_LearningMobility_3_question_3131,385.5,182.4,1634.0
1614331,stimulus_Ins_LearningMobility_3_question_3131,385.4,182.3,1634.0
1614332,stimulus_Ins_LearningMobility_3_question_3131,385.1,182.4,1634.0
1614333,stimulus_Ins_LearningMobility_3_question_3131,384.8,182.4,1635.0
1614334,stimulus_Ins_LearningMobility_3_question_3131,384.4,182.6,1635.0
1614335,stimulus_Ins_LearningMobility_3_question_3131,384.1,182.8,1634.0
1614336,stimulus_Ins_LearningMobility_3_question_3131,383.8,183.0,1633.0
1614337,stimulus_Ins_LearningMobility_3_question_3131,383.8,183.1,1631.0
1614338,stimulus_Ins_LearningMobility_3_question_3131,384.5,182.9,1630.0
1614339,stimulus_Ins_LearningMobility_3_question_3131,385.1,182.8,1628.0
1614340,stimulus_Ins_LearningMobility_3_question_3131,385.6,182.7,1628.0
1614341,stimulus_Ins_LearningMobility_3_question_3131,385.6,182.3,1628.0
1614342,stimulus_Ins_LearningMobility_3_question_3131,385.6,181.9,1629.0
1614343,stimulus_Ins_LearningMobility_3_question_3131,385.6,181.4,1629.0
1614344,stimulus_Ins_LearningMobility_3_question_3131,385.6,181.3,1629.0
1614345,stimulus_Ins_LearningMobility_3_question_3131,385.5,181.6,1630.0
1614346,stimulus_Ins_LearningMobility_3_question_3131,385.6,182.0,1630.0
1614347,stimulus_Ins_LearningMobility_3_question_3131,385.6,182.4,1631.0
1614348,stimulus_Ins_LearningMobility_3_question_3131,385.3,182.5,1629.0
1614349,stimulus_Ins_LearningMobility_3_question_3131,385.0,182.6,1627.0
1614350,stimulus_Ins_LearningMobility_3_question_3131,384.7,182.7,1626.0
1614351,stimulus_Ins_LearningMobility_3_question_3131,384.7,182.5,1628.0
1614352,stimulus_Ins_LearningMobility_3_question_3131,384.9,181.7,1631.0
1614353,stimulus_Ins_LearningMobility_3_question_3131,385.1,180.9,1632.0
1614354,stimulus_Ins_LearningMobility_3_question_3131,385.1,180.5,1631.0
1614355,stimulus_Ins_LearningMobility_3_question_3131,385.1,180.8,1629.0
1614356,stimulus_Ins_LearningMobility_3_question_3131,384.8,181.0,1628.0
1614357,stimulus_Ins_LearningMobility_3_question_3131,384.6,181.1,1629.0
1614358,stimulus_Ins_LearningMobility_3_question_3131,384.4,181.1,1630.0
1614359,stimulus_Ins_LearningMobility_3_question_3131,384.3,181.2,1629.0
1614360,stimulus_Ins_LearningMobility_3_question_3131,384.4,181.4,1628.0
1614361,stimulus_Ins_LearningMobility_3_question_3131,384.5,181.6,1626.0
1614362,stimulus_Ins_LearningMobility_3_question_3131,384.5,181.8,1627.0
1614363,stimulus_Ins_LearningMobility_3_question_3131,384.3,182.1,1627.0
1614364,stimulus_Ins_LearningMobility_3_question_3131,384.1,182.2,1626.0
1614365,stimulus_Ins_LearningMobility_3_question_3131,384.1,182.2,1626.0
1614366,stimulus_Ins_LearningMobility_3_question_3131,384.3,182.1,1625.0
1614367,stimulus_Ins_LearningMobility_3_question_3131,384.4,182.0,1625.0
1614368,stimulus_Ins_LearningMobility_3_question_3131,384.4,182.2,1624.0
1614369,stimulus_Ins_LearningMobility_3_question_3131,384.3,182.5,1623.0
1614370,stimulus_Ins_LearningMobility_3_question_3131,384.2,182.9,1622.0
1614371,stimulus_Ins_LearningMobility_3_question_3131,384.1,182.9,1623.0
1614372,stimulus_Ins_LearningMobility_3_question_3131,383.9,182.7,1625.0
1614373,stimulus_Ins_LearningMobility_3_question_3131,383.7,182.5,1626.0
1614374,stimulus_Ins_LearningMobility_3_question_3131,383.5,182.3,1626.0
1614375,stimulus_Ins_LearningMobility_3_question_3131,383.5,182.3,1625.0
1614376,stimulus_Ins_LearningMobility_3_question_3131,383.6,182.2,1624.0
1614377,stimulus_Ins_LearningMobility_3_question_3131,383.8,182.1,1624.0
1614378,stimulus_Ins_LearningMobility_3_question_3131,383.4,182.1,1623.0
1614379,stimulus_Ins_LearningMobility_3_question_3131,382.9,182.1,1622.0
1614380,stimulus_Ins_LearningMobility_3_question_3131,382.3,182.2,1621.0
1614381,stimulus_Ins_LearningMobility_3_question_3131,382.2,182.1,1622.0
1614382,stimulus_Ins_LearningMobility_3_question_3131,382.6,181.9,1623.0
1614383,stimulus_Ins_LearningMobility_3_question_3131,383.0,181.9,1625.0
1614384,stimulus_Ins_LearningMobility_3_question_3131,383.1,182.1,1627.0
1614385,stimulus_Ins_LearningMobility_3_question_3131,382.7,182.3,1628.0
1614386,stimulus_Ins_LearningMobility_3_question_3131,382.3,182.4,1628.0
1614387,stimulus_Ins_LearningMobility_3_question_3131,382.0,182.6,1628.0
1614388,stimulus_Ins_LearningMobility_3_question_3131,381.8,182.9,1628.0
1614389,stimulus_Ins_LearningMobility_3_question_3131,381.7,183.3,1629.0
1614390,stimulus_Ins_LearningMobility_3_question_3131,381.8,183.8,1630.0
1614391,stimulus_Ins_LearningMobility_3_question_3131,381.9,184.1,1630.0
1614392,stimulus_Ins_LearningMobility_3_question_3131,382.1,184.3,1630.0
1614393,stimulus_Ins_LearningMobility_3_question_3131,382.3,184.4,1630.0
1614394,stimulus_Ins_LearningMobility_3_question_3131,382.4,184.2,1629.0
1614395,stimulus_Ins_LearningMobility_3_question_3131,382.5,183.8,1630.0
1614396,stimulus_Ins_LearningMobility_3_question_3131,382.7,183.5,1630.0
1614397,stimulus_Ins_LearningMobility_3_question_3131,382.8,183.6,1630.0
1614398,stimulus_Ins_LearningMobility_3_question_3131,382.3,183.8,1629.0
1614399,stimulus_Ins_LearningMobility_3_question_3131,381.8,183.7,1628.0
1614400,stimulus_Ins_LearningMobility_3_question_3131,381.6,183.4,1627.0
1614401,stimulus_Ins_LearningMobility_3_question_3131,381.9,183.3,1628.0
1614402,stimulus_Ins_LearningMobility_3_question_3131,382.3,183.4,1630.0
1614403,stimulus_Ins_LearningMobility_3_question_3131,382.4,183.5,1631.0
1614404,stimulus_Ins_LearningMobility_3_question_3131,382.6,183.3,1631.0
1614405,stimulus_Ins_LearningMobility_3_question_3131,382.3,183.3,1631.0
1614406,stimulus_Ins_LearningMobility_3_question_3131,381.8,183.3,1631.0
1614407,stimulus_Ins_LearningMobility_3_question_3131,381.3,183.4,1631.0
1614408,stimulus_Ins_LearningMobility_3_question_3131,381.1,183.4,1631.0
1614409,stimulus_Ins_LearningMobility_3_question_3131,381.1,183.3,1630.0
1614410,stimulus_Ins_LearningMobility_3_question_3131,381.2,182.8,1629.0
1614411,stimulus_Ins_LearningMobility_3_question_3131,381.3,182.3,1628.0
1614412,stimulus_Ins_LearningMobility_3_question_3131,381.0,182.3,1628.0
1614413,stimulus_Ins_LearningMobility_3_question_3131,380.6,182.8,1628.0
1614414,stimulus_Ins_LearningMobility_3_question_3131,380.5,183.5,1630.0
1614415,stimulus_Ins_LearningMobility_3_question_3131,380.9,183.9,1633.0
1614416,stimulus_Ins_LearningMobility_3_question_3131,381.3,184.3,1636.0
1614417,stimulus_Ins_LearningMobility_3_question_3131,381.5,184.3,1633.0
1614418,stimulus_Ins_LearningMobility_3_question_3131,381.5,184.4,1630.0
1614419,stimulus_Ins_LearningMobility_3_question_3131,381.4,184.5,1627.0
1614420,stimulus_Ins_LearningMobility_3_question_3131,381.0,184.6,1629.0
1614421,stimulus_Ins_LearningMobility_3_question_3131,380.7,184.6,1630.0
1614422,stimulus_Ins_LearningMobility_3_question_3131,380.6,184.3,1631.0
1614423,stimulus_Ins_LearningMobility_3_question_3131,380.8,183.9,1632.0
1614424,stimulus_Ins_LearningMobility_3_question_3131,381.0,183.5,1633.0
1614425,stimulus_Ins_LearningMobility_3_question_3131,381.0,183.7,1634.0
1614426,stimulus_Ins_LearningMobility_3_question_3131,381.0,184.0,1635.0
1614427,stimulus_Ins_LearningMobility_3_question_3131,381.0,184.2,1634.0
1614428,stimulus_Ins_LearningMobility_3_question_3131,381.0,183.8,1633.0
1614429,stimulus_Ins_LearningMobility_3_question_3131,381.5,183.4,1632.0
1614430,stimulus_Ins_LearningMobility_3_question_3131,381.9,183.0,1632.0
1614431,stimulus_Ins_LearningMobility_3_question_3131,382.3,182.9,1633.0
1614432,stimulus_Ins_LearningMobility_3_question_3131,382.1,182.8,1636.0
1614433,stimulus_Ins_LearningMobility_3_question_3131,382.0,182.8,1637.0
1614434,stimulus_Ins_LearningMobility_3_question_3131,382.0,182.9,1639.0
1614435,stimulus_Ins_LearningMobility_3_question_3131,382.0,182.8,1639.0
1614436,stimulus_Ins_LearningMobility_3_question_3131,381.8,182.5,1638.0
1614437,stimulus_Ins_LearningMobility_3_question_3131,381.6,182.2,1637.0
1614438,stimulus_Ins_LearningMobility_3_question_3131,381.5,182.2,1636.0
1614439,stimulus_Ins_LearningMobility_3_question_3131,381.4,182.2,1636.0
1614440,stimulus_Ins_LearningMobility_3_question_3131,381.4,182.2,1636.0
1614441,stimulus_Ins_LearningMobility_3_question_3131,381.4,182.6,1636.0
1614442,stimulus_Ins_LearningMobility_3_question_3131,381.3,182.7,1636.0
1614443,stimulus_Ins_LearningMobility_3_question_3131,381.4,182.8,1638.0
1614444,stimulus_Ins_LearningMobility_3_question_3131,381.4,182.6,1639.0
1614445,stimulus_Ins_LearningMobility_3_question_3131,381.3,182.5,1641.0
1614446,stimulus_Ins_LearningMobility_3_question_3131,381.2,182.4,1642.0
1614447,stimulus_Ins_LearningMobility_3_question_3131,381.0,182.8,1640.0
1614448,stimulus_Ins_LearningMobility_3_question_3131,381.0,183.2,1637.0
1614449,stimulus_Ins_LearningMobility_3_question_3131,381.1,183.6,1636.0
1614450,stimulus_Ins_LearningMobility_3_question_3131,380.7,183.5,1637.0
1614451,stimulus_Ins_LearningMobility_3_question_3131,380.1,183.6,1637.0
1614452,stimulus_Ins_LearningMobility_3_question_3131,379.5,183.9,1637.0
1614453,stimulus_Ins_LearningMobility_3_question_3131,379.5,183.9,1636.0
1614454,stimulus_Ins_LearningMobility_3_question_3131,379.5,183.8,1635.0
1614455,stimulus_Ins_LearningMobility_3_question_3131,379.6,183.6,1634.0
1614456,stimulus_Ins_LearningMobility_3_question_3131,379.6,183.5,1633.0
1614457,stimulus_Ins_LearningMobility_3_question_3131,379.7,183.3,1633.0
1614458,stimulus_Ins_LearningMobility_3_question_3131,379.9,183.1,1633.0
1614459,stimulus_Ins_LearningMobility_3_question_3131,380.6,183.2,1633.0
1614460,stimulus_Ins_LearningMobility_3_question_3131,381.1,183.4,1635.0
1614461,stimulus_Ins_LearningMobility_3_question_3131,381.0,183.3,1637.0
1614462,stimulus_Ins_LearningMobility_3_question_3131,380.4,183.2,1639.0
1614463,stimulus_Ins_LearningMobility_3_question_3131,379.9,183.1,1640.0
1614464,stimulus_Ins_LearningMobility_3_question_3131,379.9,183.4,1641.0
1614465,stimulus_Ins_LearningMobility_3_question_3131,379.9,183.4,1640.0
1614466,stimulus_Ins_LearningMobility_3_question_3131,379.9,183.4,1638.0
1614467,stimulus_Ins_LearningMobility_3_question_3131,379.8,183.3,1636.0
1614468,stimulus_Ins_LearningMobility_3_question_3131,379.7,183.0,1634.0
1614469,stimulus_Ins_LearningMobility_3_question_3131,379.8,182.7,1635.0
1614470,stimulus_Ins_LearningMobility_3_question_3131,380.0,182.6,1635.0
1614471,stimulus_Ins_LearningMobility_3_question_3131,380.3,182.7,1634.0
1614472,stimulus_Ins_LearningMobility_3_question_3131,380.3,182.8,1632.0
1614473,stimulus_Ins_LearningMobility_3_question_3131,380.3,182.8,1633.0
1614474,stimulus_Ins_LearningMobility_3_question_3131,380.3,182.8,1636.0
1614475,stimulus_Ins_LearningMobility_3_question_3131,380.0,183.2,1638.0
1614476,stimulus_Ins_LearningMobility_3_question_3131,379.7,183.6,1638.0
1614477,stimulus_Ins_LearningMobility_3_question_3131,379.4,184.1,1637.0
1614478,stimulus_Ins_LearningMobility_3_question_3131,379.9,184.1,1637.0
1614479,stimulus_Ins_LearningMobility_3_question_3131,380.5,183.9,1637.0
1614480,stimulus_Ins_LearningMobility_3_question_3131,380.8,183.5,1636.0
1614481,stimulus_Ins_LearningMobility_3_question_3131,380.5,183.2,1636.0
1614482,stimulus_Ins_LearningMobility_3_question_3131,380.1,183.2,1636.0
1614483,stimulus_Ins_LearningMobility_3_question_3131,380.1,183.3,1638.0
1614484,stimulus_Ins_LearningMobility_3_question_3131,380.1,183.4,1639.0
1614485,stimulus_Ins_LearningMobility_3_question_3131,380.2,183.1,1640.0
1614486,stimulus_Ins_LearningMobility_3_question_3131,380.0,182.8,1638.0
1614487,stimulus_Ins_LearningMobility_3_question_3131,379.7,182.9,1637.0
1614488,stimulus_Ins_LearningMobility_3_question_3131,379.4,183.2,1637.0
1614489,stimulus_Ins_LearningMobility_3_question_3131,379.5,183.1,1637.0
1614490,stimulus_Ins_LearningMobility_3_question_3131,379.4,182.7,1634.0
1614491,stimulus_Ins_LearningMobility_3_question_3131,379.3,182.7,1632.0
1614492,stimulus_Ins_LearningMobility_3_question_3131,379.0,183.2,1633.0
1614493,stimulus_Ins_LearningMobility_3_question_3131,378.9,183.5,1636.0
1614494,stimulus_Ins_LearningMobility_3_question_3131,379.2,183.2,1638.0
1614495,stimulus_Ins_LearningMobility_3_question_3131,379.4,183.2,1638.0
1614496,stimulus_Ins_LearningMobility_3_question_3131,379.7,183.4,1637.0
1614497,stimulus_Ins_LearningMobility_3_question_3131,379.7,183.6,1636.0
1614498,stimulus_Ins_LearningMobility_3_question_3131,379.8,183.5,1634.0
1614499,stimulus_Ins_LearningMobility_3_question_3131,379.9,183.4,1633.0
1614500,stimulus_Ins_LearningMobility_3_question_3131,380.1,183.2,1633.0
1614501,stimulus_Ins_LearningMobility_3_question_3131,380.2,183.1,1636.0
1614502,stimulus_Ins_LearningMobility_3_question_3131,380.2,182.9,1639.0
1614503,stimulus_Ins_LearningMobility_3_question_3131,380.0,182.9,1641.0
1614504,stimulus_Ins_LearningMobility_3_question_3131,379.8,183.0,1641.0
1614505,stimulus_Ins_LearningMobility_3_question_3131,379.7,183.2,1640.0
1614506,stimulus_Ins_LearningMobility_3_question_3131,379.7,183.3,1639.0
1614507,stimulus_Ins_LearningMobility_3_question_3131,380.0,183.5,1637.0
1614508,stimulus_Ins_LearningMobility_3_question_3131,380.4,183.7,1636.0
1614509,stimulus_Ins_LearningMobility_3_question_3131,380.6,183.9,1636.0
1614510,stimulus_Ins_LearningMobility_3_question_3131,380.5,183.6,1636.0
1614511,stimulus_Ins_LearningMobility_3_question_3131,380.6,183.3,1636.0
1614512,stimulus_Ins_LearningMobility_3_question_3131,380.6,183.1,1637.0
1614513,stimulus_Ins_LearningMobility_3_question_3131,380.5,183.0,1638.0
1614514,stimulus_Ins_LearningMobility_3_question_3131,380.1,182.9,1638.0
1614515,stimulus_Ins_LearningMobility_3_question_3131,379.7,182.8,1637.0
1614516,stimulus_Ins_LearningMobility_3_question_3131,379.8,182.7,1636.0
1614517,stimulus_Ins_LearningMobility_3_question_3131,380.2,182.8,1634.0
1614518,stimulus_Ins_LearningMobility_3_question_3131,380.6,182.8,1632.0
1614519,stimulus_Ins_LearningMobility_3_question_3131,381.0,182.8,1631.0
1614520,stimulus_Ins_LearningMobility_3_question_3131,381.0,182.8,1631.0
1614521,stimulus_Ins_LearningMobility_3_question_3131,381.1,182.8,1631.0
1614522,stimulus_Ins_LearningMobility_3_question_3131,381.0,182.8,1630.0
1614523,stimulus_Ins_LearningMobility_3_question_3131,381.0,182.8,1630.0
1614524,stimulus_Ins_LearningMobility_3_question_3131,381.0,182.7,1631.0
1614525,stimulus_Ins_LearningMobility_3_question_3131,381.1,182.5,1631.0
1614526,stimulus_Ins_LearningMobility_3_question_3131,381.3,182.5,1632.0
1614527,stimulus_Ins_LearningMobility_3_question_3131,381.6,182.7,1633.0
1614528,stimulus_Ins_LearningMobility_3_question_3131,381.5,183.0,1634.0
1614529,stimulus_Ins_LearningMobility_3_question_3131,381.4,182.8,1634.0
1614530,stimulus_Ins_LearningMobility_3_question_3131,381.3,182.5,1634.0
1614531,stimulus_Ins_LearningMobility_3_question_3131,381.2,182.2,1634.0
1614532,stimulus_Ins_LearningMobility_3_question_3131,380.8,182.3,1634.0
1614533,stimulus_Ins_LearningMobility_3_question_3131,380.5,182.5,1635.0
1614534,stimulus_Ins_LearningMobility_3_question_3131,380.2,182.4,1636.0
1614535,stimulus_Ins_LearningMobility_3_question_3131,380.1,182.1,1637.0
1614536,stimulus_Ins_LearningMobility_3_question_3131,380.1,182.0,1636.0
1614537,stimulus_Ins_LearningMobility_3_question_3131,380.1,182.0,1635.0
1614538,stimulus_Ins_LearningMobility_3_question_3131,380.2,182.1,1633.0
1614539,stimulus_Ins_LearningMobility_3_question_3131,380.3,181.6,1631.0
1614540,stimulus_Ins_LearningMobility_3_question_3131,380.2,181.1,1630.0
1614541,stimulus_Ins_LearningMobility_3_question_3131,379.9,180.6,1628.0
1614542,stimulus_Ins_LearningMobility_3_question_3131,379.8,180.5,1628.0
1614543,stimulus_Ins_LearningMobility_3_question_3131,379.7,180.4,1627.0
1614544,stimulus_Ins_LearningMobility_3_question_3131,379.8,180.6,1627.0
1614545,stimulus_Ins_LearningMobility_3_question_3131,379.7,180.7,1628.0
1614546,stimulus_Ins_LearningMobility_3_question_3131,379.5,180.8,1628.0
1614547,stimulus_Ins_LearningMobility_3_question_3131,379.3,181.0,1628.0
1614548,stimulus_Ins_LearningMobility_3_question_3131,379.3,181.2,1628.0
1614549,stimulus_Ins_LearningMobility_3_question_3131,379.3,181.5,1627.0
1614550,stimulus_Ins_LearningMobility_3_question_3131,379.3,181.5,1628.0
1614551,stimulus_Ins_LearningMobility_3_question_3131,379.1,181.5,1630.0
1614552,stimulus_Ins_LearningMobility_3_question_3131,378.7,181.6,1633.0
1614553,stimulus_Ins_LearningMobility_3_question_3131,378.4,181.3,1637.0
1614554,stimulus_Ins_LearningMobility_3_question_3131,378.3,180.9,1640.0
1614555,stimulus_Ins_LearningMobility_3_question_3131,378.4,180.4,1639.0
1614556,stimulus_Ins_LearningMobility_3_question_3131,378.5,180.2,1637.0
1614557,stimulus_Ins_LearningMobility_3_question_3131,378.6,180.1,1634.0
1614558,stimulus_Ins_LearningMobility_3_question_3131,378.6,180.1,1634.0
1614559,stimulus_Ins_LearningMobility_3_question_3131,378.8,180.2,1633.0
1614560,stimulus_Ins_LearningMobility_3_question_3131,378.9,180.3,1631.0
1614561,stimulus_Ins_LearningMobility_3_question_3131,379.1,180.4,1632.0
1614562,stimulus_Ins_LearningMobility_3_question_3131,379.2,180.4,1634.0
1614563,stimulus_Ins_LearningMobility_3_question_3131,379.2,180.4,1636.0
1614564,stimulus_Ins_LearningMobility_3_question_3131,379.3,180.2,1636.0
1614565,stimulus_Ins_LearningMobility_3_question_3131,379.3,179.9,1635.0
1614566,stimulus_Ins_LearningMobility_3_question_3131,379.4,180.0,1633.0
1614567,stimulus_Ins_LearningMobility_3_question_3131,379.4,180.1,1630.0
1614568,stimulus_Ins_LearningMobility_3_question_3131,379.4,180.2,1628.0
1614569,stimulus_Ins_LearningMobility_3_question_3131,379.4,180.4,1629.0
1614570,stimulus_Ins_LearningMobility_3_question_3131,379.3,180.5,1629.0
1614571,stimulus_Ins_LearningMobility_3_question_3131,379.2,180.6,1629.0
1614572,stimulus_Ins_LearningMobility_3_question_3131,379.1,180.7,1630.0
1614573,stimulus_Ins_LearningMobility_3_question_3131,379.0,180.8,1632.0
1614574,stimulus_Ins_LearningMobility_3_question_3131,378.9,180.9,1635.0
1614575,stimulus_Ins_LearningMobility_3_question_3131,378.9,181.0,1637.0
1614576,stimulus_Ins_LearningMobility_3_question_3131,379.0,180.7,1637.0
1614577,stimulus_Ins_LearningMobility_3_question_3131,378.6,180.4,1636.0
1614578,stimulus_Ins_LearningMobility_3_question_3131,378.3,180.1,1635.0
1614579,stimulus_Ins_LearningMobility_3_question_3131,378.4,180.5,1636.0
1614580,stimulus_Ins_LearningMobility_3_question_3131,379.8,181.0,1639.0
1614581,stimulus_Ins_LearningMobility_3_question_3131,382.2,181.2,1640.0
1614582,stimulus_Ins_LearningMobility_3_question_3131,385.0,180.9,1640.0
1614583,stimulus_Ins_LearningMobility_3_question_3131,389.0,180.8,1639.0
1614584,stimulus_Ins_LearningMobility_3_question_3131,394.3,181.3,1638.0
1614585,stimulus_Ins_LearningMobility_3_question_3131,400.4,181.8,1637.0
1614586,stimulus_Ins_LearningMobility_3_question_3131,406.5,182.1,1637.0
1614587,stimulus_Ins_LearningMobility_3_question_3131,414.2,182.0,1638.0
1614588,stimulus_Ins_LearningMobility_3_question_3131,422.3,181.9,1639.0
1614589,stimulus_Ins_LearningMobility_3_question_3131,430.7,181.9,1642.0
1614590,stimulus_Ins_LearningMobility_3_question_3131,438.1,181.8,1645.0
1614591,stimulus_Ins_LearningMobility_3_question_3131,446.0,181.2,1647.0
1614592,stimulus_Ins_LearningMobility_3_question_3131,454.2,180.6,1651.0
1614593,stimulus_Ins_LearningMobility_3_question_3131,461.9,179.9,1654.0
1614594,stimulus_Ins_LearningMobility_3_question_3131,468.4,179.9,1657.0
1614595,stimulus_Ins_LearningMobility_3_question_3131,474.4,179.8,1658.0
1614596,stimulus_Ins_LearningMobility_3_question_3131,480.1,179.1,1659.0
1614597,stimulus_Ins_LearningMobility_3_question_3131,486.5,178.1,1656.0
1614598,stimulus_Ins_LearningMobility_3_question_3131,491.9,177.1,1654.0
1614599,stimulus_Ins_LearningMobility_3_question_3131,496.7,176.2,1652.0
1614600,stimulus_Ins_LearningMobility_3_question_3131,499.6,175.3,1653.0
1614601,stimulus_Ins_LearningMobility_3_question_3131,502.5,174.2,1654.0
1614602,stimulus_Ins_LearningMobility_3_question_3131,505.2,173.3,1654.0
1614603,stimulus_Ins_LearningMobility_3_question_3131,508.7,172.7,1653.0
1614604,stimulus_Ins_LearningMobility_3_question_3131,512.6,172.4,1651.0
1614605,stimulus_Ins_LearningMobility_3_question_3131,516.0,172.5,1650.0
1614606,stimulus_Ins_LearningMobility_3_question_3131,519.8,173.0,1647.0
1614607,stimulus_Ins_LearningMobility_3_question_3131,522.4,173.6,1644.0
1614608,stimulus_Ins_LearningMobility_3_question_3131,525.4,174.4,1642.0
1614609,stimulus_Ins_LearningMobility_3_question_3131,527.5,174.7,1641.0
1614610,stimulus_Ins_LearningMobility_3_question_3131,529.6,175.0,1641.0
1614611,stimulus_Ins_LearningMobility_3_question_3131,530.7,175.1,1641.0
1614612,stimulus_Ins_LearningMobility_3_question_3131,532.0,175.1,1640.0
1614613,stimulus_Ins_LearningMobility_3_question_3131,532.8,175.5,1640.0
1614614,stimulus_Ins_LearningMobility_3_question_3131,533.7,175.8,1641.0
1614615,stimulus_Ins_LearningMobility_3_question_3131,533.6,176.0,1643.0
1614616,stimulus_Ins_LearningMobility_3_question_3131,533.5,175.7,1644.0
1614617,stimulus_Ins_LearningMobility_3_question_3131,533.2,175.2,1642.0
1614618,stimulus_Ins_LearningMobility_3_question_3131,532.9,174.7,1640.0
1614619,stimulus_Ins_LearningMobility_3_question_3131,532.5,174.6,1639.0
1614620,stimulus_Ins_LearningMobility_3_question_3131,532.4,174.3,1640.0
1614621,stimulus_Ins_LearningMobility_3_question_3131,532.6,173.8,1641.0
1614622,stimulus_Ins_LearningMobility_3_question_3131,533.0,173.2,1643.0
1614623,stimulus_Ins_LearningMobility_3_question_3131,533.3,173.0,1644.0
1614624,stimulus_Ins_LearningMobility_3_question_3131,533.4,172.5,1644.0
1614625,stimulus_Ins_LearningMobility_3_question_3131,533.1,172.1,1643.0
1614626,stimulus_Ins_LearningMobility_3_question_3131,532.9,171.6,1643.0
1614627,stimulus_Ins_LearningMobility_3_question_3131,532.8,171.6,1642.0
1614628,stimulus_Ins_LearningMobility_3_question_3131,533.5,172.2,1642.0
1614629,stimulus_Ins_LearningMobility_3_question_3131,534.2,172.7,1641.0
1614630,stimulus_Ins_LearningMobility_3_question_3131,534.7,173.2,1641.0
1614631,stimulus_Ins_LearningMobility_3_question_3131,534.8,173.2,1640.0
1614632,stimulus_Ins_LearningMobility_3_question_3131,534.8,173.2,1640.0
1614633,stimulus_Ins_LearningMobility_3_question_3131,534.8,173.2,1639.0
1614634,stimulus_Ins_LearningMobility_3_question_3131,534.7,173.1,1639.0
1614635,stimulus_Ins_LearningMobility_3_question_3131,534.7,173.0,1640.0
1614636,stimulus_Ins_LearningMobility_3_question_3131,534.9,172.8,1641.0
1614637,stimulus_Ins_LearningMobility_3_question_3131,535.3,172.7,1642.0
1614638,stimulus_Ins_LearningMobility_3_question_3131,535.7,173.0,1642.0
1614639,stimulus_Ins_LearningMobility_3_question_3131,535.9,173.3,1640.0
1614640,stimulus_Ins_LearningMobility_3_question_3131,535.9,173.7,1639.0
1614641,stimulus_Ins_LearningMobility_3_question_3131,535.9,173.7,1639.0
1614642,stimulus_Ins_LearningMobility_3_question_3131,535.8,173.7,1640.0
1614643,stimulus_Ins_LearningMobility_3_question_3131,535.8,173.8,1641.0
1614644,stimulus_Ins_LearningMobility_3_question_3131,535.2,174.0,1642.0
1614645,stimulus_Ins_LearningMobility_3_question_3131,534.6,174.1,1642.0
1614646,stimulus_Ins_LearningMobility_3_question_3131,534.2,174.2,1640.0
1614647,stimulus_Ins_LearningMobility_3_question_3131,534.3,174.2,1638.0
1614648,stimulus_Ins_LearningMobility_3_question_3131,534.5,174.2,1638.0
1614649,stimulus_Ins_LearningMobility_3_question_3131,534.0,174.1,1640.0
1614650,stimulus_Ins_LearningMobility_3_question_3131,533.5,174.1,1642.0
1614651,stimulus_Ins_LearningMobility_3_question_3131,533.2,174.1,1641.0
1614652,stimulus_Ins_LearningMobility_3_question_3131,533.4,173.5,1639.0
1614653,stimulus_Ins_LearningMobility_3_question_3131,533.6,172.9,1638.0
1614654,stimulus_Ins_LearningMobility_3_question_3131,533.8,172.5,1639.0
1614655,stimulus_Ins_LearningMobility_3_question_3131,533.7,172.8,1641.0
1614656,stimulus_Ins_LearningMobility_3_question_3131,533.6,173.0,1642.0
1614657,stimulus_Ins_LearningMobility_3_question_3131,533.6,173.0,1642.0
1614658,stimulus_Ins_LearningMobility_3_question_3131,533.6,173.6,1640.0
1614659,stimulus_Ins_LearningMobility_3_question_3131,533.7,174.2,1638.0
1614660,stimulus_Ins_LearningMobility_3_question_3131,533.8,174.6,1636.0
1614661,stimulus_Ins_LearningMobility_3_question_3131,533.9,174.5,1636.0
1614662,stimulus_Ins_LearningMobility_3_question_3131,533.8,174.3,1638.0
1614663,stimulus_Ins_LearningMobility_3_question_3131,533.6,174.2,1640.0
1614664,stimulus_Ins_LearningMobility_3_question_3131,533.4,174.1,1642.0
1614665,stimulus_Ins_LearningMobility_3_question_3131,533.2,174.3,1643.0
1614666,stimulus_Ins_LearningMobility_3_question_3131,532.7,174.4,1643.0
1614667,stimulus_Ins_LearningMobility_3_question_3131,532.2,174.5,1643.0
1614668,stimulus_Ins_LearningMobility_3_question_3131,532.4,174.5,1643.0
1614669,stimulus_Ins_LearningMobility_3_question_3131,533.0,174.5,1642.0
1614670,stimulus_Ins_LearningMobility_3_question_3131,533.7,174.4,1643.0
1614671,stimulus_Ins_LearningMobility_3_question_3131,533.7,174.3,1643.0
1614672,stimulus_Ins_LearningMobility_3_question_3131,533.6,173.7,1643.0
1614673,stimulus_Ins_LearningMobility_3_question_3131,533.5,173.2,1643.0
1614674,stimulus_Ins_LearningMobility_3_question_3131,533.2,173.0,1642.0
1614675,stimulus_Ins_LearningMobility_3_question_3131,532.9,173.1,1642.0
1614676,stimulus_Ins_LearningMobility_3_question_3131,532.7,173.1,1643.0
1614677,stimulus_Ins_LearningMobility_3_question_3131,533.2,173.1,1645.0
1614678,stimulus_Ins_LearningMobility_3_question_3131,533.8,173.1,1647.0
1614679,stimulus_Ins_LearningMobility_3_question_3131,534.1,173.1,1647.0
1614680,stimulus_Ins_LearningMobility_3_question_3131,534.0,173.1,1647.0
1614681,stimulus_Ins_LearningMobility_3_question_3131,533.8,173.2,1648.0
1614682,stimulus_Ins_LearningMobility_3_question_3131,533.7,173.1,1648.0
1614683,stimulus_Ins_LearningMobility_3_question_3131,533.8,173.0,1647.0
1614684,stimulus_Ins_LearningMobility_3_question_3131,533.8,172.8,1647.0
1614685,stimulus_Ins_LearningMobility_3_question_3131,533.8,172.7,1646.0
1614686,stimulus_Ins_LearningMobility_3_question_3131,533.9,172.6,1646.0
1614687,stimulus_Ins_LearningMobility_3_question_3131,533.9,172.5,1644.0
1614688,stimulus_Ins_LearningMobility_3_question_3131,534.0,172.3,1642.0
1614689,stimulus_Ins_LearningMobility_3_question_3131,534.1,172.4,1641.0
1614690,stimulus_Ins_LearningMobility_3_question_3131,534.3,172.5,1641.0
1614691,stimulus_Ins_LearningMobility_3_question_3131,534.4,172.6,1641.0
1614692,stimulus_Ins_LearningMobility_3_question_3131,534.3,172.6,1642.0
1614693,stimulus_Ins_LearningMobility_3_question_3131,534.1,172.6,1643.0
1614694,stimulus_Ins_LearningMobility_3_question_3131,533.9,172.6,1645.0
1614695,stimulus_Ins_LearningMobility_3_question_3131,533.9,172.6,1646.0
1614696,stimulus_Ins_LearningMobility_3_question_3131,533.7,172.6,1645.0
1614697,stimulus_Ins_LearningMobility_3_question_3131,533.5,172.3,1643.0
1614698,stimulus_Ins_LearningMobility_3_question_3131,533.3,172.1,1640.0
1614699,stimulus_Ins_LearningMobility_3_question_3131,533.3,172.2,1639.0
1614700,stimulus_Ins_LearningMobility_3_question_3131,533.2,172.5,1639.0
1614701,stimulus_Ins_LearningMobility_3_question_3131,533.2,172.4,1639.0
1614702,stimulus_Ins_LearningMobility_3_question_3131,533.1,171.9,1639.0
1614703,stimulus_Ins_LearningMobility_3_question_3131,533.1,172.0,1639.0
1614704,stimulus_Ins_LearningMobility_3_question_3131,533.0,172.7,1639.0
1614705,stimulus_Ins_LearningMobility_3_question_3131,532.9,173.3,1639.0
1614706,stimulus_Ins_LearningMobility_3_question_3131,532.9,173.4,1639.0
1614707,stimulus_Ins_LearningMobility_3_question_3131,533.0,173.2,1639.0
1614708,stimulus_Ins_LearningMobility_3_question_3131,533.2,173.0,1640.0
1614709,stimulus_Ins_LearningMobility_3_question_3131,533.3,172.9,1640.0
1614710,stimulus_Ins_LearningMobility_3_question_3131,533.3,172.9,1641.0
1614711,stimulus_Ins_LearningMobility_3_question_3131,533.1,172.9,1641.0
1614712,stimulus_Ins_LearningMobility_3_question_3131,532.8,173.1,1642.0
1614713,stimulus_Ins_LearningMobility_3_question_3131,532.5,173.3,1643.0
1614714,stimulus_Ins_LearningMobility_3_question_3131,532.0,173.5,1643.0
1614715,stimulus_Ins_LearningMobility_3_question_3131,531.7,173.4,1643.0
1614716,stimulus_Ins_LearningMobility_3_question_3131,531.4,173.4,1643.0
1614717,stimulus_Ins_LearningMobility_3_question_3131,531.5,173.4,1643.0
1614718,stimulus_Ins_LearningMobility_3_question_3131,531.7,173.4,1643.0
1614719,stimulus_Ins_LearningMobility_3_question_3131,531.8,173.4,1643.0
1614720,stimulus_Ins_LearningMobility_3_question_3131,531.9,173.5,1643.0
1614721,stimulus_Ins_LearningMobility_3_question_3131,531.8,173.6,1642.0
1614722,stimulus_Ins_LearningMobility_3_question_3131,531.6,173.7,1641.0
1614723,stimulus_Ins_LearningMobility_3_question_3131,531.4,173.6,1641.0
1614724,stimulus_Ins_LearningMobility_3_question_3131,531.5,173.5,1643.0
1614725,stimulus_Ins_LearningMobility_3_question_3131,531.6,173.5,1645.0
1614726,stimulus_Ins_LearningMobility_3_question_3131,531.7,173.6,1644.0
1614727,stimulus_Ins_LearningMobility_3_question_3131,531.8,173.7,1641.0
1614728,stimulus_Ins_LearningMobility_3_question_3131,531.9,174.1,1638.0
1614729,stimulus_Ins_LearningMobility_3_question_3131,532.1,174.5,1637.0
1614730,stimulus_Ins_LearningMobility_3_question_3131,532.1,174.6,1636.0
1614731,stimulus_Ins_LearningMobility_3_question_3131,531.8,174.2,1636.0
1614732,stimulus_Ins_LearningMobility_3_question_3131,531.6,173.8,1636.0
1614733,stimulus_Ins_LearningMobility_3_question_3131,531.6,173.7,1638.0
1614734,stimulus_Ins_LearningMobility_3_question_3131,531.9,173.7,1640.0
1614735,stimulus_Ins_LearningMobility_3_question_3131,532.4,173.8,1643.0
1614736,stimulus_Ins_LearningMobility_3_question_3131,532.7,173.9,1643.0
1614737,stimulus_Ins_LearningMobility_3_question_3131,532.9,174.1,1643.0
1614738,stimulus_Ins_LearningMobility_3_question_3131,532.9,174.1,1641.0
1614739,stimulus_Ins_LearningMobility_3_question_3131,532.8,173.6,1639.0
1614740,stimulus_Ins_LearningMobility_3_question_3131,532.6,173.0,1637.0
1614741,stimulus_Ins_LearningMobility_3_question_3131,532.6,172.4,1637.0
1614742,stimulus_Ins_LearningMobility_3_question_3131,532.8,172.2,1639.0
1614743,stimulus_Ins_LearningMobility_3_question_3131,533.3,172.2,1640.0
1614744,stimulus_Ins_LearningMobility_3_question_3131,533.7,172.2,1641.0
1614745,stimulus_Ins_LearningMobility_3_question_3131,533.6,172.3,1641.0
1614746,stimulus_Ins_LearningMobility_3_question_3131,533.2,172.4,1641.0
1614747,stimulus_Ins_LearningMobility_3_question_3131,532.7,172.6,1641.0
1614748,stimulus_Ins_LearningMobility_3_question_3131,532.6,172.7,1640.0
1614749,stimulus_Ins_LearningMobility_3_question_3131,532.5,172.8,1639.0
1614750,stimulus_Ins_LearningMobility_3_question_3131,532.4,172.8,1639.0
1614751,stimulus_Ins_LearningMobility_3_question_3131,532.3,172.8,1639.0
1614752,stimulus_Ins_LearningMobility_3_question_3131,532.4,172.8,1639.0
1614753,stimulus_Ins_LearningMobility_3_question_3131,532.5,172.6,1639.0
1614754,stimulus_Ins_LearningMobility_3_question_3131,532.6,172.4,1639.0
1614755,stimulus_Ins_LearningMobility_3_question_3131,532.7,171.9,1639.0
1614756,stimulus_Ins_LearningMobility_3_question_3131,532.7,171.6,1640.0
1614757,stimulus_Ins_LearningMobility_3_question_3131,532.7,171.4,1640.0
1614758,stimulus_Ins_LearningMobility_3_question_3131,533.1,171.5,1640.0
1614759,stimulus_Ins_LearningMobility_3_question_3131,533.5,171.7,1640.0
1614760,stimulus_Ins_LearningMobility_3_question_3131,533.4,171.7,1639.0
1614761,stimulus_Ins_LearningMobility_3_question_3131,532.7,171.7,1640.0
1614762,stimulus_Ins_LearningMobility_3_question_3131,531.9,171.7,1640.0
1614763,stimulus_Ins_LearningMobility_3_question_3131,531.7,171.8,1640.0
1614764,stimulus_Ins_LearningMobility_3_question_3131,531.6,171.9,1639.0
1614765,stimulus_Ins_LearningMobility_3_question_3131,531.5,172.1,1637.0
1614766,stimulus_Ins_LearningMobility_3_question_3131,531.5,172.3,1638.0
1614767,stimulus_Ins_LearningMobility_3_question_3131,531.5,172.5,1639.0
1614768,stimulus_Ins_LearningMobility_3_question_3131,531.5,172.6,1641.0
1614769,stimulus_Ins_LearningMobility_3_question_3131,531.4,172.7,1639.0
1614770,stimulus_Ins_LearningMobility_3_question_3131,531.4,172.7,1637.0
1614771,stimulus_Ins_LearningMobility_3_question_3131,531.3,172.6,1636.0
1614772,stimulus_Ins_LearningMobility_3_question_3131,531.0,172.8,1636.0
1614773,stimulus_Ins_LearningMobility_3_question_3131,530.9,173.1,1636.0
1614774,stimulus_Ins_LearningMobility_3_question_3131,530.9,173.6,1636.0
1614775,stimulus_Ins_LearningMobility_3_question_3131,531.4,173.9,1636.0
1614776,stimulus_Ins_LearningMobility_3_question_3131,531.9,174.1,1636.0
1614777,stimulus_Ins_LearningMobility_3_question_3131,532.3,174.2,1634.0
1614778,stimulus_Ins_LearningMobility_3_question_3131,532.3,174.3,1632.0
1614779,stimulus_Ins_LearningMobility_3_question_3131,532.3,174.2,1629.0
1614780,stimulus_Ins_LearningMobility_3_question_3131,532.1,174.1,1627.0
1614781,stimulus_Ins_LearningMobility_3_question_3131,531.9,174.0,1628.0
1614782,stimulus_Ins_LearningMobility_3_question_3131,532.0,174.0,1631.0
1614783,stimulus_Ins_LearningMobility_3_question_3131,532.3,174.3,1633.0
1614784,stimulus_Ins_LearningMobility_3_question_3131,532.4,174.4,1633.0
1614785,stimulus_Ins_LearningMobility_3_question_3131,532.3,174.6,1633.0
1614786,stimulus_Ins_LearningMobility_3_question_3131,533.1,174.4,1633.0
1614787,stimulus_Ins_LearningMobility_3_question_3131,533.9,174.4,1633.0
1614788,stimulus_Ins_LearningMobility_3_question_3131,534.8,174.5,1631.0
1614789,stimulus_Ins_LearningMobility_3_question_3131,534.5,174.5,1630.0
1614790,stimulus_Ins_LearningMobility_3_question_3131,534.2,174.6,1628.0
1614791,stimulus_Ins_LearningMobility_3_question_3131,534.0,174.6,1628.0
1614792,stimulus_Ins_LearningMobility_3_question_3131,534.6,174.7,1628.0
1614793,stimulus_Ins_LearningMobility_3_question_3131,535.2,174.7,1631.0
1614794,stimulus_Ins_LearningMobility_3_question_3131,535.7,174.7,1635.0
1614795,stimulus_Ins_LearningMobility_3_question_3131,535.5,174.4,1635.0
1614796,stimulus_Ins_LearningMobility_3_question_3131,535.2,173.6,1632.0
1614797,stimulus_Ins_LearningMobility_3_question_3131,534.3,172.9,1629.0
1614798,stimulus_Ins_LearningMobility_3_question_3131,533.6,172.7,1629.0
1614799,stimulus_Ins_LearningMobility_3_question_3131,532.8,173.2,1629.0
1614800,stimulus_Ins_LearningMobility_3_question_3131,532.5,174.0,1628.0
1614801,stimulus_Ins_LearningMobility_3_question_3131,532.1,174.6,1627.0
1614802,stimulus_Ins_LearningMobility_3_question_3131,531.8,174.8,1626.0
1614803,stimulus_Ins_LearningMobility_3_question_3131,531.1,174.0,1625.0
1614804,stimulus_Ins_LearningMobility_3_question_3131,530.8,173.1,1625.0
1614805,stimulus_Ins_LearningMobility_3_question_3131,530.3,172.6,1624.0
1614806,stimulus_Ins_LearningMobility_3_question_3131,530.2,172.9,1621.0
1614807,stimulus_Ins_LearningMobility_3_question_3131,529.9,173.2,1618.0
1614808,stimulus_Ins_LearningMobility_3_question_3131,529.7,173.2,1616.0
1614809,stimulus_Ins_LearningMobility_3_question_3131,529.3,173.4,1617.0
1614810,stimulus_Ins_LearningMobility_3_question_3131,529.2,173.5,1616.0
1614811,stimulus_Ins_LearningMobility_3_question_3131,529.3,174.3,1614.0
1614812,stimulus_Ins_LearningMobility_3_question_3131,529.6,175.0,1613.0
1614813,stimulus_Ins_LearningMobility_3_question_3131,529.9,175.3,1615.0
1614814,stimulus_Ins_LearningMobility_3_question_3131,530.2,174.6,1618.0
1614815,stimulus_Ins_LearningMobility_3_question_3131,530.6,173.8,1620.0
1614816,stimulus_Ins_LearningMobility_3_question_3131,530.8,174.2,1620.0
1614817,stimulus_Ins_LearningMobility_3_question_3131,530.7,174.8,1621.0
1614818,stimulus_Ins_LearningMobility_3_question_3131,530.3,175.5,1621.0
1614819,stimulus_Ins_LearningMobility_3_question_3131,530.1,175.4,1620.0
1614820,stimulus_Ins_LearningMobility_3_question_3131,529.9,175.3,1619.0
1614821,stimulus_Ins_LearningMobility_3_question_3131,529.8,175.4,1617.0
1614822,stimulus_Ins_LearningMobility_3_question_3131,530.0,175.2,1619.0
1614823,stimulus_Ins_LearningMobility_3_question_3131,530.2,175.0,1621.0
1614824,stimulus_Ins_LearningMobility_3_question_3131,530.6,175.1,1623.0
1614825,stimulus_Ins_LearningMobility_3_question_3131,531.0,175.4,1623.0
1614826,stimulus_Ins_LearningMobility_3_question_3131,531.2,175.2,1624.0
1614827,stimulus_Ins_LearningMobility_3_question_3131,531.3,174.5,1624.0
1614828,stimulus_Ins_LearningMobility_3_question_3131,531.3,173.8,1622.0
1614829,stimulus_Ins_LearningMobility_3_question_3131,531.2,173.7,1620.0
1614830,stimulus_Ins_LearningMobility_3_question_3131,531.3,173.8,1617.0
1614831,stimulus_Ins_LearningMobility_3_question_3131,531.3,174.2,1619.0
1614832,stimulus_Ins_LearningMobility_3_question_3131,531.3,174.6,1621.0
1614833,stimulus_Ins_LearningMobility_3_question_3131,531.1,174.9,1622.0
1614834,stimulus_Ins_LearningMobility_3_question_3131,531.0,174.9,1623.0
1614835,stimulus_Ins_LearningMobility_3_question_3131,531.0,174.9,1625.0
1614836,stimulus_Ins_LearningMobility_3_question_3131,531.3,174.9,1627.0
1614837,stimulus_Ins_LearningMobility_3_question_3131,531.8,174.8,1628.0
1614838,stimulus_Ins_LearningMobility_3_question_3131,532.2,174.8,1627.0
1614839,stimulus_Ins_LearningMobility_3_question_3131,532.2,174.9,1625.0
1614840,stimulus_Ins_LearningMobility_3_question_3131,532.1,174.6,1625.0
1614841,stimulus_Ins_LearningMobility_3_question_3131,532.0,174.0,1625.0
1614842,stimulus_Ins_LearningMobility_3_question_3131,532.2,173.2,1624.0
1614843,stimulus_Ins_LearningMobility_3_question_3131,532.3,172.7,1624.0
1614844,stimulus_Ins_LearningMobility_3_question_3131,531.9,172.5,1624.0
1614845,stimulus_Ins_LearningMobility_3_question_3131,531.4,172.5,1624.0
1614846,stimulus_Ins_LearningMobility_3_question_3131,531.0,172.9,1622.0
1614847,stimulus_Ins_LearningMobility_3_question_3131,531.1,173.3,1620.0
1614848,stimulus_Ins_LearningMobility_3_question_3131,531.4,173.7,1620.0
1614849,stimulus_Ins_LearningMobility_3_question_3131,531.5,173.7,1619.0
1614850,stimulus_Ins_LearningMobility_3_question_3131,531.6,173.5,1618.0
1614851,stimulus_Ins_LearningMobility_3_question_3131,531.4,173.3,1618.0
1614852,stimulus_Ins_LearningMobility_3_question_3131,531.2,172.9,1620.0
1614853,stimulus_Ins_LearningMobility_3_question_3131,531.0,172.7,1622.0
1614854,stimulus_Ins_LearningMobility_3_question_3131,530.8,172.5,1626.0
1614855,stimulus_Ins_LearningMobility_3_question_3131,530.7,172.3,1626.0
1614856,stimulus_Ins_LearningMobility_3_question_3131,530.8,172.4,1625.0
1614857,stimulus_Ins_LearningMobility_3_question_3131,531.0,172.8,1624.0
1614858,stimulus_Ins_LearningMobility_3_question_3131,531.3,173.2,1623.0
1614859,stimulus_Ins_LearningMobility_3_question_3131,531.3,173.3,1620.0
1614860,stimulus_Ins_LearningMobility_3_question_3131,531.3,173.2,1618.0
1614861,stimulus_Ins_LearningMobility_3_question_3131,531.3,173.0,1619.0
1614862,stimulus_Ins_LearningMobility_3_question_3131,531.2,172.8,1619.0
1614863,stimulus_Ins_LearningMobility_3_question_3131,531.2,172.7,1621.0
1614864,stimulus_Ins_LearningMobility_3_question_3131,531.1,173.0,1622.0
1614865,stimulus_Ins_LearningMobility_3_question_3131,531.1,173.4,1623.0
1614866,stimulus_Ins_LearningMobility_3_question_3131,531.1,173.7,1622.0
1614867,stimulus_Ins_LearningMobility_3_question_3131,530.6,173.5,1621.0
1614868,stimulus_Ins_LearningMobility_3_question_3131,530.0,173.4,1620.0
1614869,stimulus_Ins_LearningMobility_3_question_3131,529.8,173.4,1620.0
1614870,stimulus_Ins_LearningMobility_3_question_3131,530.0,173.5,1620.0
1614871,stimulus_Ins_LearningMobility_3_question_3131,530.2,173.8,1621.0
1614872,stimulus_Ins_LearningMobility_3_question_3131,530.1,174.1,1622.0
1614873,stimulus_Ins_LearningMobility_3_question_3131,530.3,173.7,1623.0
1614874,stimulus_Ins_LearningMobility_3_question_3131,530.6,173.1,1624.0
1614875,stimulus_Ins_LearningMobility_3_question_3131,531.0,172.2,1624.0
1614876,stimulus_Ins_LearningMobility_3_question_3131,531.2,172.0,1624.0
1614877,stimulus_Ins_LearningMobility_3_question_3131,531.2,172.7,1623.0
1614878,stimulus_Ins_LearningMobility_3_question_3131,531.1,173.5,1623.0
1614879,stimulus_Ins_LearningMobility_3_question_3131,530.8,174.1,1623.0
1614880,stimulus_Ins_LearningMobility_3_question_3131,530.6,173.8,1623.0
1614881,stimulus_Ins_LearningMobility_3_question_3131,530.5,173.5,1623.0
1614882,stimulus_Ins_LearningMobility_3_question_3131,530.5,173.5,1623.0
1614883,stimulus_Ins_LearningMobility_3_question_3131,530.5,173.2,1623.0
1614884,stimulus_Ins_LearningMobility_3_question_3131,530.5,172.8,1623.0
1614885,stimulus_Ins_LearningMobility_3_question_3131,531.0,172.6,1623.0
1614886,stimulus_Ins_LearningMobility_3_question_3131,531.5,172.9,1623.0
1614887,stimulus_Ins_LearningMobility_3_question_3131,531.8,173.2,1623.0
1614888,stimulus_Ins_LearningMobility_3_question_3131,531.4,173.4,1623.0
1614889,stimulus_Ins_LearningMobility_3_question_3131,530.9,173.3,1623.0
1614890,stimulus_Ins_LearningMobility_3_question_3131,530.6,173.4,1623.0
1614891,stimulus_Ins_LearningMobility_3_question_3131,530.5,173.4,1623.0
1614892,stimulus_Ins_LearningMobility_3_question_3131,530.1,173.5,1622.0
1614893,stimulus_Ins_LearningMobility_3_question_3131,529.7,173.5,1620.0
1614894,stimulus_Ins_LearningMobility_3_question_3131,529.3,174.1,1618.0
1614895,stimulus_Ins_LearningMobility_3_question_3131,530.0,174.7,1618.0
1614896,stimulus_Ins_LearningMobility_3_question_3131,531.2,175.4,1618.0
1614897,stimulus_Ins_LearningMobility_3_question_3131,533.4,175.7,1616.0
1614898,stimulus_Ins_LearningMobility_3_question_3131,535.7,175.9,1615.0
1614899,stimulus_Ins_LearningMobility_3_question_3131,539.2,175.9,1616.0
1614900,stimulus_Ins_LearningMobility_3_question_3131,544.5,175.7,1617.0
1614901,stimulus_Ins_LearningMobility_3_question_3131,551.2,175.5,1616.0
1614902,stimulus_Ins_LearningMobility_3_question_3131,557.7,174.5,1614.0
1614903,stimulus_Ins_LearningMobility_3_question_3131,564.3,173.6,1616.0
1614904,stimulus_Ins_LearningMobility_3_question_3131,571.4,172.9,1620.0
1614905,stimulus_Ins_LearningMobility_3_question_3131,580.6,173.3,1624.0
1614906,stimulus_Ins_LearningMobility_3_question_3131,589.5,173.6,1624.0
1614907,stimulus_Ins_LearningMobility_3_question_3131,597.4,173.7,1623.0
1614908,stimulus_Ins_LearningMobility_3_question_3131,603.8,173.3,1623.0
1614909,stimulus_Ins_LearningMobility_3_question_3131,610.7,173.0,1623.0
1614910,stimulus_Ins_LearningMobility_3_question_3131,618.3,172.6,1623.0
1614911,stimulus_Ins_LearningMobility_3_question_3131,625.7,172.1,1623.0
1614912,stimulus_Ins_LearningMobility_3_question_3131,631.9,171.2,1623.0
1614913,stimulus_Ins_LearningMobility_3_question_3131,637.8,170.2,1624.0
1614914,stimulus_Ins_LearningMobility_3_question_3131,644.4,169.3,1624.0
1614915,stimulus_Ins_LearningMobility_3_question_3131,651.1,169.4,1624.0
1614916,stimulus_Ins_LearningMobility_3_question_3131,657.7,169.6,1622.0
1614917,stimulus_Ins_LearningMobility_3_question_3131,663.4,169.5,1618.0
1614918,stimulus_Ins_LearningMobility_3_question_3131,668.4,168.9,1614.0
1614919,stimulus_Ins_LearningMobility_3_question_3131,673.3,168.0,1612.0
1614920,stimulus_Ins_LearningMobility_3_question_3131,678.6,167.4,1611.0
1614921,stimulus_Ins_LearningMobility_3_question_3131,683.8,166.8,1611.0
1614922,stimulus_Ins_LearningMobility_3_question_3131,688.7,166.4,1610.0
1614923,stimulus_Ins_LearningMobility_3_question_3131,692.2,166.1,1608.0
1614924,stimulus_Ins_LearningMobility_3_question_3131,694.7,165.9,1607.0
1614925,stimulus_Ins_LearningMobility_3_question_3131,696.0,166.0,1606.0
1614926,stimulus_Ins_LearningMobility_3_question_3131,696.8,166.3,1607.0
1614927,stimulus_Ins_LearningMobility_3_question_3131,697.6,166.7,1607.0
1614928,stimulus_Ins_LearningMobility_3_question_3131,697.7,166.8,1605.0
1614929,stimulus_Ins_LearningMobility_3_question_3131,697.8,166.6,1602.0
1614930,stimulus_Ins_LearningMobility_3_question_3131,698.2,166.5,1600.0
1614931,stimulus_Ins_LearningMobility_3_question_3131,698.7,166.6,1599.0
1614932,stimulus_Ins_LearningMobility_3_question_3131,699.4,166.7,1601.0
1614933,stimulus_Ins_LearningMobility_3_question_3131,699.9,166.7,1606.0
1614934,stimulus_Ins_LearningMobility_3_question_3131,700.4,166.5,1610.0
1614935,stimulus_Ins_LearningMobility_3_question_3131,700.6,166.8,1610.0
1614936,stimulus_Ins_LearningMobility_3_question_3131,700.7,167.2,1609.0
1614937,stimulus_Ins_LearningMobility_3_question_3131,700.9,167.4,1607.0
1614938,stimulus_Ins_LearningMobility_3_question_3131,701.1,167.2,1608.0
1614939,stimulus_Ins_LearningMobility_3_question_3131,701.4,166.9,1608.0
1614940,stimulus_Ins_LearningMobility_3_question_3131,701.5,166.8,1608.0
1614941,stimulus_Ins_LearningMobility_3_question_3131,701.4,166.1,1606.0
1614942,stimulus_Ins_LearningMobility_3_question_3131,701.2,165.6,1603.0
1614943,stimulus_Ins_LearningMobility_3_question_3131,701.1,165.0,1601.0
1614944,stimulus_Ins_LearningMobility_3_question_3131,701.4,165.0,1603.0
1614945,stimulus_Ins_LearningMobility_3_question_3131,701.7,165.0,1605.0
1614946,stimulus_Ins_LearningMobility_3_question_3131,702.1,165.1,1606.0
1614947,stimulus_Ins_LearningMobility_3_question_3131,702.3,165.5,1605.0
1614948,stimulus_Ins_LearningMobility_3_question_3131,702.5,165.9,1604.0
1614949,stimulus_Ins_LearningMobility_3_question_3131,702.7,166.2,1603.0
1614950,stimulus_Ins_LearningMobility_3_question_3131,702.8,166.2,1604.0
1614951,stimulus_Ins_LearningMobility_3_question_3131,702.8,166.5,1604.0
1614952,stimulus_Ins_LearningMobility_3_question_3131,702.7,166.9,1604.0
1614953,stimulus_Ins_LearningMobility_3_question_3131,702.6,167.3,1604.0
1614954,stimulus_Ins_LearningMobility_3_question_3131,702.4,167.3,1603.0
1614955,stimulus_Ins_LearningMobility_3_question_3131,702.3,166.8,1603.0
1614956,stimulus_Ins_LearningMobility_3_question_3131,702.2,166.3,1604.0
1614957,stimulus_Ins_LearningMobility_3_question_3131,702.1,165.9,1606.0
1614958,stimulus_Ins_LearningMobility_3_question_3131,701.8,165.8,1606.0
1614959,stimulus_Ins_LearningMobility_3_question_3131,701.5,165.9,1604.0
1614960,stimulus_Ins_LearningMobility_3_question_3131,701.4,166.0,1602.0
1614961,stimulus_Ins_LearningMobility_3_question_3131,701.5,166.5,1603.0
1614962,stimulus_Ins_LearningMobility_3_question_3131,701.8,166.8,1605.0
1614963,stimulus_Ins_LearningMobility_3_question_3131,701.8,166.9,1607.0
1614964,stimulus_Ins_LearningMobility_3_question_3131,701.7,166.7,1608.0
1614965,stimulus_Ins_LearningMobility_3_question_3131,701.6,166.5,1609.0
1614966,stimulus_Ins_LearningMobility_3_question_3131,701.4,166.6,1607.0
1614967,stimulus_Ins_LearningMobility_3_question_3131,701.3,166.8,1606.0
1614968,stimulus_Ins_LearningMobility_3_question_3131,701.2,167.1,1604.0
1614969,stimulus_Ins_LearningMobility_3_question_3131,701.2,167.1,1604.0
1614970,stimulus_Ins_LearningMobility_3_question_3131,701.2,166.9,1604.0
1614971,stimulus_Ins_LearningMobility_3_question_3131,701.2,166.7,1605.0
1614972,stimulus_Ins_LearningMobility_3_question_3131,701.2,166.6,1606.0
1614973,stimulus_Ins_LearningMobility_3_question_3131,701.2,166.6,1607.0
1614974,stimulus_Ins_LearningMobility_3_question_3131,701.1,167.4,1607.0
1614975,stimulus_Ins_LearningMobility_3_question_3131,701.1,168.2,1608.0
1614976,stimulus_Ins_LearningMobility_3_question_3131,701.2,168.6,1609.0
1614977,stimulus_Ins_LearningMobility_3_question_3131,701.4,168.2,1610.0
1614978,stimulus_Ins_LearningMobility_3_question_3131,701.2,167.8,1610.0
1614979,stimulus_Ins_LearningMobility_3_question_3131,700.9,167.6,1607.0
1614980,stimulus_Ins_LearningMobility_3_question_3131,700.6,167.6,1603.0
1614981,stimulus_Ins_LearningMobility_3_question_3131,700.5,167.5,1601.0
1614982,stimulus_Ins_LearningMobility_3_question_3131,700.6,167.4,1601.0
1614983,stimulus_Ins_LearningMobility_3_question_3131,700.6,167.0,1605.0
1614984,stimulus_Ins_LearningMobility_3_question_3131,700.6,166.5,1609.0
1614985,stimulus_Ins_LearningMobility_3_question_3131,700.7,166.3,1612.0
1614986,stimulus_Ins_LearningMobility_3_question_3131,700.8,166.8,1610.0
1614987,stimulus_Ins_LearningMobility_3_question_3131,700.8,167.3,1609.0
1614988,stimulus_Ins_LearningMobility_3_question_3131,700.8,167.5,1606.0
1614989,stimulus_Ins_LearningMobility_3_question_3131,701.0,167.4,1606.0
1614990,stimulus_Ins_LearningMobility_3_question_3131,701.1,167.3,1605.0
1614991,stimulus_Ins_LearningMobility_3_question_3131,701.2,167.4,1606.0
1614992,stimulus_Ins_LearningMobility_3_question_3131,701.3,167.5,1607.0
1614993,stimulus_Ins_LearningMobility_3_question_3131,701.4,167.5,1607.0
1614994,stimulus_Ins_LearningMobility_3_question_3131,701.5,167.5,1608.0
1614995,stimulus_Ins_LearningMobility_3_question_3131,701.4,167.4,1610.0
1614996,stimulus_Ins_LearningMobility_3_question_3131,701.1,167.4,1610.0
1614997,stimulus_Ins_LearningMobility_3_question_3131,700.9,167.4,1609.0
1614998,stimulus_Ins_LearningMobility_3_question_3131,701.0,167.5,1608.0
1614999,stimulus_Ins_LearningMobility_3_question_3131,701.1,167.5,1609.0
1615000,stimulus_Ins_LearningMobility_3_question_3131,701.2,167.5,1609.0
1615001,stimulus_Ins_LearningMobility_3_question_3131,701.3,167.4,1609.0
1615002,stimulus_Ins_LearningMobility_3_question_3131,701.4,167.3,1610.0
1615003,stimulus_Ins_LearningMobility_3_question_3131,701.5,166.8,1612.0
1615004,stimulus_Ins_LearningMobility_3_question_3131,701.1,166.2,1613.0
1615005,stimulus_Ins_LearningMobility_3_question_3131,700.4,166.3,1614.0
1615006,stimulus_Ins_LearningMobility_3_question_3131,699.8,167.0,1615.0
1615007,stimulus_Ins_LearningMobility_3_question_3131,699.7,167.7,1615.0
1615008,stimulus_Ins_LearningMobility_3_question_3131,699.7,167.7,1615.0
1615009,stimulus_Ins_LearningMobility_3_question_3131,699.8,167.7,1615.0
1615010,stimulus_Ins_LearningMobility_3_question_3131,699.8,167.9,1614.0
1615011,stimulus_Ins_LearningMobility_3_question_3131,699.8,168.0,1614.0
1615012,stimulus_Ins_LearningMobility_3_question_3131,699.8,167.8,1614.0
1615013,stimulus_Ins_LearningMobility_3_question_3131,699.7,167.4,1616.0
1615014,stimulus_Ins_LearningMobility_3_question_3131,699.7,166.9,1617.0
1615015,stimulus_Ins_LearningMobility_3_question_3131,699.5,166.9,1619.0
1615016,stimulus_Ins_LearningMobility_3_question_3131,699.4,167.0,1617.0
1615017,stimulus_Ins_LearningMobility_3_question_3131,699.4,166.7,1615.0
1615018,stimulus_Ins_LearningMobility_3_question_3131,699.4,166.3,1613.0
1615019,stimulus_Ins_LearningMobility_3_question_3131,699.3,166.4,1612.0
1615020,stimulus_Ins_LearningMobility_3_question_3131,699.4,166.8,1611.0
1615021,stimulus_Ins_LearningMobility_3_question_3131,699.4,167.3,1611.0
1615022,stimulus_Ins_LearningMobility_3_question_3131,699.5,167.4,1613.0
1615023,stimulus_Ins_LearningMobility_3_question_3131,699.4,167.5,1614.0
1615024,stimulus_Ins_LearningMobility_3_question_3131,699.7,167.6,1616.0
1615025,stimulus_Ins_LearningMobility_3_question_3131,700.1,167.7,1617.0
1615026,stimulus_Ins_LearningMobility_3_question_3131,700.0,167.8,1617.0
1615027,stimulus_Ins_LearningMobility_3_question_3131,699.4,167.9,1616.0
1615028,stimulus_Ins_LearningMobility_3_question_3131,698.9,168.0,1614.0
1615029,stimulus_Ins_LearningMobility_3_question_3131,698.9,168.1,1611.0
1615030,stimulus_Ins_LearningMobility_3_question_3131,699.0,168.1,1612.0
1615031,stimulus_Ins_LearningMobility_3_question_3131,699.2,168.1,1613.0
1615032,stimulus_Ins_LearningMobility_3_question_3131,699.3,168.2,1616.0
1615033,stimulus_Ins_LearningMobility_3_question_3131,699.4,168.3,1617.0
1615034,stimulus_Ins_LearningMobility_3_question_3131,699.1,168.4,1619.0
1615035,stimulus_Ins_LearningMobility_3_question_3131,698.8,168.4,1619.0
1615036,stimulus_Ins_LearningMobility_3_question_3131,698.5,168.3,1619.0
1615037,stimulus_Ins_LearningMobility_3_question_3131,698.5,168.2,1619.0
1615038,stimulus_Ins_LearningMobility_3_question_3131,698.4,168.4,1619.0
1615039,stimulus_Ins_LearningMobility_3_question_3131,698.3,168.5,1617.0
1615040,stimulus_Ins_LearningMobility_3_question_3131,698.3,168.4,1615.0
1615041,stimulus_Ins_LearningMobility_3_question_3131,698.4,168.4,1613.0
1615042,stimulus_Ins_LearningMobility_3_question_3131,698.6,168.3,1614.0
1615043,stimulus_Ins_LearningMobility_3_question_3131,698.9,168.3,1615.0
1615044,stimulus_Ins_LearningMobility_3_question_3131,698.8,167.8,1617.0
1615045,stimulus_Ins_LearningMobility_3_question_3131,698.5,167.2,1617.0
1615046,stimulus_Ins_LearningMobility_3_question_3131,698.5,166.6,1617.0
1615047,stimulus_Ins_LearningMobility_3_question_3131,699.1,166.3,1617.0
1615048,stimulus_Ins_LearningMobility_3_question_3131,699.7,166.3,1614.0
1615049,stimulus_Ins_LearningMobility_3_question_3131,699.9,166.3,1612.0
1615050,stimulus_Ins_LearningMobility_3_question_3131,699.8,166.5,1610.0
1615051,stimulus_Ins_LearningMobility_3_question_3131,699.8,166.7,1611.0
1615052,stimulus_Ins_LearningMobility_3_question_3131,699.8,166.9,1612.0
1615053,stimulus_Ins_LearningMobility_3_question_3131,699.7,166.9,1613.0
1615054,stimulus_Ins_LearningMobility_3_question_3131,699.5,167.1,1613.0
1615055,stimulus_Ins_LearningMobility_3_question_3131,699.1,167.2,1613.0
1615056,stimulus_Ins_LearningMobility_3_question_3131,698.8,167.2,1613.0
1615057,stimulus_Ins_LearningMobility_3_question_3131,698.5,167.1,1613.0
1615058,stimulus_Ins_LearningMobility_3_question_3131,698.6,167.1,1613.0
1615059,stimulus_Ins_LearningMobility_3_question_3131,698.9,167.3,1614.0
1615060,stimulus_Ins_LearningMobility_3_question_3131,699.1,167.6,1614.0
1615061,stimulus_Ins_LearningMobility_3_question_3131,699.4,168.0,1614.0
1615062,stimulus_Ins_LearningMobility_3_question_3131,699.5,168.5,1616.0
1615063,stimulus_Ins_LearningMobility_3_question_3131,699.5,169.0,1618.0
1615064,stimulus_Ins_LearningMobility_3_question_3131,699.6,169.4,1618.0
1615065,stimulus_Ins_LearningMobility_3_question_3131,700.2,168.8,1615.0
1615066,stimulus_Ins_LearningMobility_3_question_3131,700.8,168.2,1613.0
1615067,stimulus_Ins_LearningMobility_3_question_3131,700.7,167.7,1614.0
1615068,stimulus_Ins_LearningMobility_3_question_3131,700.1,167.7,1613.0
1615069,stimulus_Ins_LearningMobility_3_question_3131,699.6,167.7,1612.0
1615070,stimulus_Ins_LearningMobility_3_question_3131,699.7,167.6,1611.0
1615071,stimulus_Ins_LearningMobility_3_question_3131,699.7,167.7,1611.0
1615072,stimulus_Ins_LearningMobility_3_question_3131,699.7,167.8,1611.0
1615073,stimulus_Ins_LearningMobility_3_question_3131,699.8,167.8,1612.0
1615074,stimulus_Ins_LearningMobility_3_question_3131,699.9,167.4,1612.0
1615075,stimulus_Ins_LearningMobility_3_question_3131,700.0,167.1,1612.0
1615076,stimulus_Ins_LearningMobility_3_question_3131,700.0,167.0,1611.0
1615077,stimulus_Ins_LearningMobility_3_question_3131,700.0,167.0,1611.0
1615078,stimulus_Ins_LearningMobility_3_question_3131,699.9,167.2,1610.0
1615079,stimulus_Ins_LearningMobility_3_question_3131,699.8,167.3,1610.0
1615080,stimulus_Ins_LearningMobility_3_question_3131,699.6,167.4,1609.0
1615081,stimulus_Ins_LearningMobility_3_question_3131,699.4,167.0,1609.0
1615082,stimulus_Ins_LearningMobility_3_question_3131,699.3,166.7,1610.0
1615083,stimulus_Ins_LearningMobility_3_question_3131,699.2,166.4,1612.0
1615084,stimulus_Ins_LearningMobility_3_question_3131,699.2,166.6,1614.0
1615085,stimulus_Ins_LearningMobility_3_question_3131,699.2,166.8,1616.0
1615086,stimulus_Ins_LearningMobility_3_question_3131,699.0,167.0,1618.0
1615087,stimulus_Ins_LearningMobility_3_question_3131,698.7,167.3,1619.0
1615088,stimulus_Ins_LearningMobility_3_question_3131,698.6,167.5,1619.0
1615089,stimulus_Ins_LearningMobility_3_question_3131,698.8,167.6,1618.0
1615090,stimulus_Ins_LearningMobility_3_question_3131,698.8,167.5,1617.0
1615091,stimulus_Ins_LearningMobility_3_question_3131,698.7,167.6,1618.0
1615092,stimulus_Ins_LearningMobility_3_question_3131,698.6,167.6,1618.0
1615093,stimulus_Ins_LearningMobility_3_question_3131,698.6,167.7,1618.0
1615094,stimulus_Ins_LearningMobility_3_question_3131,698.2,167.7,1618.0
1615095,stimulus_Ins_LearningMobility_3_question_3131,698.0,167.0,1618.0
1615096,stimulus_Ins_LearningMobility_3_question_3131,697.9,166.3,1619.0
1615097,stimulus_Ins_LearningMobility_3_question_3131,698.1,165.4,1619.0
1615098,stimulus_Ins_LearningMobility_3_question_3131,698.2,165.2,1619.0
1615099,stimulus_Ins_LearningMobility_3_question_3131,698.2,165.1,1617.0
1615100,stimulus_Ins_LearningMobility_3_question_3131,698.2,165.1,1614.0
1615101,stimulus_Ins_LearningMobility_3_question_3131,698.1,165.1,1612.0
1615102,stimulus_Ins_LearningMobility_3_question_3131,698.0,165.1,1613.0
1615103,stimulus_Ins_LearningMobility_3_question_3131,698.0,164.6,1614.0
1615104,stimulus_Ins_LearningMobility_3_question_3131,698.2,164.0,1614.0
1615105,stimulus_Ins_LearningMobility_3_question_3131,698.4,163.1,1615.0
1615106,stimulus_Ins_LearningMobility_3_question_3131,698.5,162.8,1616.0
1615107,stimulus_Ins_LearningMobility_3_question_3131,698.4,162.5,1617.0
1615108,stimulus_Ins_LearningMobility_3_question_3131,698.3,162.5,1617.0
1615109,stimulus_Ins_LearningMobility_3_question_3131,698.1,162.5,1617.0
1615110,stimulus_Ins_LearningMobility_3_question_3131,697.9,162.5,1617.0
1615111,stimulus_Ins_LearningMobility_3_question_3131,698.0,162.4,1617.0
1615112,stimulus_Ins_LearningMobility_3_question_3131,698.3,162.4,1617.0
1615113,stimulus_Ins_LearningMobility_3_question_3131,698.7,162.7,1617.0
1615114,stimulus_Ins_LearningMobility_3_question_3131,699.0,163.4,1617.0
1615115,stimulus_Ins_LearningMobility_3_question_3131,699.4,164.0,1617.0
1615116,stimulus_Ins_LearningMobility_3_question_3131,699.7,164.2,1617.0
1615117,stimulus_Ins_LearningMobility_3_question_3131,699.4,164.0,1617.0
1615118,stimulus_Ins_LearningMobility_3_question_3131,699.1,163.7,1615.0
1615119,stimulus_Ins_LearningMobility_3_question_3131,698.8,163.9,1613.0
1615120,stimulus_Ins_LearningMobility_3_question_3131,698.8,164.2,1611.0
1615121,stimulus_Ins_LearningMobility_3_question_3131,698.8,164.6,1610.0
1615122,stimulus_Ins_LearningMobility_3_question_3131,698.8,164.7,1610.0
1615123,stimulus_Ins_LearningMobility_3_question_3131,698.9,164.9,1610.0
1615124,stimulus_Ins_LearningMobility_3_question_3131,699.6,165.7,1611.0
1615125,stimulus_Ins_LearningMobility_3_question_3131,700.2,166.3,1611.0
1615126,stimulus_Ins_LearningMobility_3_question_3131,700.6,166.8,1612.0
1615127,stimulus_Ins_LearningMobility_3_question_3131,700.5,166.9,1611.0
1615128,stimulus_Ins_LearningMobility_3_question_3131,700.3,167.0,1610.0
1615129,stimulus_Ins_LearningMobility_3_question_3131,700.3,167.1,1608.0
1615130,stimulus_Ins_LearningMobility_3_question_3131,700.2,167.2,1609.0
1615131,stimulus_Ins_LearningMobility_3_question_3131,700.2,167.2,1611.0
1615132,stimulus_Ins_LearningMobility_3_question_3131,700.2,167.2,1612.0
1615133,stimulus_Ins_LearningMobility_3_question_3131,700.3,167.0,1614.0
1615134,stimulus_Ins_LearningMobility_3_question_3131,700.4,166.9,1615.0
1615135,stimulus_Ins_LearningMobility_3_question_3131,700.6,166.3,1615.0
1615136,stimulus_Ins_LearningMobility_3_question_3131,700.7,165.9,1613.0
1615137,stimulus_Ins_LearningMobility_3_question_3131,700.9,165.5,1611.0
1615138,stimulus_Ins_LearningMobility_3_question_3131,701.0,165.5,1610.0
1615139,stimulus_Ins_LearningMobility_3_question_3131,700.7,165.6,1609.0
1615140,stimulus_Ins_LearningMobility_3_question_3131,700.3,165.6,1609.0
1615141,stimulus_Ins_LearningMobility_3_question_3131,699.9,166.1,1610.0
1615142,stimulus_Ins_LearningMobility_3_question_3131,699.7,166.8,1613.0
1615143,stimulus_Ins_LearningMobility_3_question_3131,699.9,167.6,1617.0
1615144,stimulus_Ins_LearningMobility_3_question_3131,700.0,167.9,1621.0
1615145,stimulus_Ins_LearningMobility_3_question_3131,700.0,167.8,1619.0
1615146,stimulus_Ins_LearningMobility_3_question_3131,699.9,167.1,1617.0
1615147,stimulus_Ins_LearningMobility_3_question_3131,699.9,166.5,1614.0
1615148,stimulus_Ins_LearningMobility_3_question_3131,699.9,165.9,1613.0
1615149,stimulus_Ins_LearningMobility_3_question_3131,699.8,165.9,1612.0
1615150,stimulus_Ins_LearningMobility_3_question_3131,699.5,166.0,1611.0
1615151,stimulus_Ins_LearningMobility_3_question_3131,699.2,166.0,1611.0
1615152,stimulus_Ins_LearningMobility_3_question_3131,698.8,166.0,1611.0
1615153,stimulus_Ins_LearningMobility_3_question_3131,698.7,165.8,1613.0
1615154,stimulus_Ins_LearningMobility_3_question_3131,698.8,165.5,1616.0
1615155,stimulus_Ins_LearningMobility_3_question_3131,699.0,165.1,1616.0
1615156,stimulus_Ins_LearningMobility_3_question_3131,699.0,165.0,1615.0
1615157,stimulus_Ins_LearningMobility_3_question_3131,698.9,164.8,1613.0
1615158,stimulus_Ins_LearningMobility_3_question_3131,698.8,164.8,1613.0
1615159,stimulus_Ins_LearningMobility_3_question_3131,698.8,164.6,1613.0
1615160,stimulus_Ins_LearningMobility_3_question_3131,698.8,164.4,1613.0
1615161,stimulus_Ins_LearningMobility_3_question_3131,699.0,164.1,1612.0
1615162,stimulus_Ins_LearningMobility_3_question_3131,699.2,163.9,1612.0
1615163,stimulus_Ins_LearningMobility_3_question_3131,699.4,163.8,1612.0
1615164,stimulus_Ins_LearningMobility_3_question_3131,699.4,163.9,1613.0
1615165,stimulus_Ins_LearningMobility_3_question_3131,699.5,163.6,1614.0
1615166,stimulus_Ins_LearningMobility_3_question_3131,699.4,163.3,1614.0
1615167,stimulus_Ins_LearningMobility_3_question_3131,699.2,163.2,1614.0
1615168,stimulus_Ins_LearningMobility_3_question_3131,698.9,163.5,1614.0
1615169,stimulus_Ins_LearningMobility_3_question_3131,698.8,163.7,1613.0
1615170,stimulus_Ins_LearningMobility_3_question_3131,698.9,164.3,1612.0
1615171,stimulus_Ins_LearningMobility_3_question_3131,698.9,164.8,1611.0
1615172,stimulus_Ins_LearningMobility_3_question_3131,698.9,165.2,1611.0
1615173,stimulus_Ins_LearningMobility_3_question_3131,698.9,165.1,1612.0
1615174,stimulus_Ins_LearningMobility_3_question_3131,698.8,165.2,1612.0
1615175,stimulus_Ins_LearningMobility_3_question_3131,698.7,165.3,1612.0
1615176,stimulus_Ins_LearningMobility_3_question_3131,698.6,165.3,1612.0
1615177,stimulus_Ins_LearningMobility_3_question_3131,698.5,165.2,1612.0
1615178,stimulus_Ins_LearningMobility_3_question_3131,698.6,164.9,1612.0
1615179,stimulus_Ins_LearningMobility_3_question_3131,698.6,164.7,1612.0
1615180,stimulus_Ins_LearningMobility_3_question_3131,698.8,164.5,1612.0
1615181,stimulus_Ins_LearningMobility_3_question_3131,698.9,164.6,1612.0
1615182,stimulus_Ins_LearningMobility_3_question_3131,699.0,164.8,1611.0
1615183,stimulus_Ins_LearningMobility_3_question_3131,699.0,165.0,1611.0
1615184,stimulus_Ins_LearningMobility_3_question_3131,698.9,165.1,1611.0
1615185,stimulus_Ins_LearningMobility_3_question_3131,698.8,165.0,1610.0
1615186,stimulus_Ins_LearningMobility_3_question_3131,699.0,165.6,1608.0
1615187,stimulus_Ins_LearningMobility_3_question_3131,699.3,166.1,1610.0
1615188,stimulus_Ins_LearningMobility_3_question_3131,699.5,166.4,1612.0
1615189,stimulus_Ins_LearningMobility_3_question_3131,699.4,166.0,1612.0
1615190,stimulus_Ins_LearningMobility_3_question_3131,699.2,165.8,1608.0
1615191,stimulus_Ins_LearningMobility_3_question_3131,698.9,165.8,1604.0
1615192,stimulus_Ins_LearningMobility_3_question_3131,698.7,166.0,1602.0
1615193,stimulus_Ins_LearningMobility_3_question_3131,698.9,166.2,1603.0
1615194,stimulus_Ins_LearningMobility_3_question_3131,699.2,166.4,1604.0
1615195,stimulus_Ins_LearningMobility_3_question_3131,699.6,165.9,1608.0
1615196,stimulus_Ins_LearningMobility_3_question_3131,699.7,165.4,1610.0
1615197,stimulus_Ins_LearningMobility_3_question_3131,699.4,165.1,1612.0
1615198,stimulus_Ins_LearningMobility_3_question_3131,698.9,165.4,1611.0
1615199,stimulus_Ins_LearningMobility_3_question_3131,698.4,165.8,1611.0
1615200,stimulus_Ins_LearningMobility_3_question_3131,698.4,166.2,1611.0
1615201,stimulus_Ins_LearningMobility_3_question_3131,698.5,166.9,1612.0
1615202,stimulus_Ins_LearningMobility_3_question_3131,698.6,167.6,1613.0
1615203,stimulus_Ins_LearningMobility_3_question_3131,698.9,167.9,1614.0
1615204,stimulus_Ins_LearningMobility_3_question_3131,699.4,167.7,1616.0
1615205,stimulus_Ins_LearningMobility_3_question_3131,699.9,167.3,1616.0
1615206,stimulus_Ins_LearningMobility_3_question_3131,699.8,167.0,1615.0
1615207,stimulus_Ins_LearningMobility_3_question_3131,699.5,167.1,1614.0
1615208,stimulus_Ins_LearningMobility_3_question_3131,699.3,167.4,1612.0
1615209,stimulus_Ins_LearningMobility_3_question_3131,699.4,167.6,1611.0
1615210,stimulus_Ins_LearningMobility_3_question_3131,699.7,166.9,1610.0
1615211,stimulus_Ins_LearningMobility_3_question_3131,699.6,166.5,1612.0
1615212,stimulus_Ins_LearningMobility_3_question_3131,699.5,166.3,1617.0
1615213,stimulus_Ins_LearningMobility_3_question_3131,699.2,166.7,1622.0
1615214,stimulus_Ins_LearningMobility_3_question_3131,699.3,166.8,1624.0
1615215,stimulus_Ins_LearningMobility_3_question_3131,699.5,167.1,1624.0
1615216,stimulus_Ins_LearningMobility_3_question_3131,699.7,167.4,1625.0
1615217,stimulus_Ins_LearningMobility_3_question_3131,699.8,167.6,1625.0
1615218,stimulus_Ins_LearningMobility_3_question_3131,699.8,167.5,1625.0
1615219,stimulus_Ins_LearningMobility_3_question_3131,699.7,167.2,1626.0
1615220,stimulus_Ins_LearningMobility_3_question_3131,699.1,165.9,1623.0
1615221,stimulus_Ins_LearningMobility_3_question_3131,698.6,164.8,1619.0
1615222,stimulus_Ins_LearningMobility_3_question_3131,698.2,163.6,1618.0
1615223,stimulus_Ins_LearningMobility_3_question_3131,698.2,163.5,1621.0
1615224,stimulus_Ins_LearningMobility_3_question_3131,698.2,163.3,1624.0
1615225,stimulus_Ins_LearningMobility_3_question_3131,698.3,162.9,1624.0
1615226,stimulus_Ins_LearningMobility_3_question_3131,698.4,162.5,1625.0
1615227,stimulus_Ins_LearningMobility_3_question_3131,698.0,162.1,1624.0
1615228,stimulus_Ins_LearningMobility_3_question_3131,697.5,162.0,1623.0
1615229,stimulus_Ins_LearningMobility_3_question_3131,697.0,162.0,1622.0
1615230,stimulus_Ins_LearningMobility_3_question_3131,696.9,162.0,1621.0
1615231,stimulus_Ins_LearningMobility_3_question_3131,696.8,161.8,1621.0
1615232,stimulus_Ins_LearningMobility_3_question_3131,696.9,161.6,1621.0
1615233,stimulus_Ins_LearningMobility_3_question_3131,697.1,161.4,1621.0
1615234,stimulus_Ins_LearningMobility_3_question_3131,697.2,161.3,1621.0
1615235,stimulus_Ins_LearningMobility_3_question_3131,697.3,161.0,1621.0
1615236,stimulus_Ins_LearningMobility_3_question_3131,697.5,160.7,1621.0
1615237,stimulus_Ins_LearningMobility_3_question_3131,697.7,160.9,1620.0
1615238,stimulus_Ins_LearningMobility_3_question_3131,697.8,161.4,1620.0
1615239,stimulus_Ins_LearningMobility_3_question_3131,697.7,161.9,1621.0
1615240,stimulus_Ins_LearningMobility_3_question_3131,697.7,162.1,1623.0
1615241,stimulus_Ins_LearningMobility_3_question_3131,697.6,162.3,1625.0
1615242,stimulus_Ins_LearningMobility_3_question_3131,697.5,162.4,1625.0
1615243,stimulus_Ins_LearningMobility_3_question_3131,697.5,162.5,1625.0
1615244,stimulus_Ins_LearningMobility_3_question_3131,697.5,162.6,1626.0
1615245,stimulus_Ins_LearningMobility_3_question_3131,697.6,162.8,1626.0
1615246,stimulus_Ins_LearningMobility_3_question_3131,697.6,162.9,1626.0
1615247,stimulus_Ins_LearningMobility_3_question_3131,697.5,163.0,1625.0
1615248,stimulus_Ins_LearningMobility_3_question_3131,697.5,163.4,1625.0
1615249,stimulus_Ins_LearningMobility_3_question_3131,697.4,164.2,1625.0
1615250,stimulus_Ins_LearningMobility_3_question_3131,697.3,164.9,1624.0
1615251,stimulus_Ins_LearningMobility_3_question_3131,697.3,165.3,1623.0
1615252,stimulus_Ins_LearningMobility_3_question_3131,697.5,165.4,1623.0
1615253,stimulus_Ins_LearningMobility_3_question_3131,697.7,165.5,1624.0
1615254,stimulus_Ins_LearningMobility_3_question_3131,697.9,165.7,1626.0
1615255,stimulus_Ins_LearningMobility_3_question_3131,698.0,166.1,1628.0
1615256,stimulus_Ins_LearningMobility_3_question_3131,698.0,166.5,1630.0
1615257,stimulus_Ins_LearningMobility_3_question_3131,697.9,166.7,1631.0
1615258,stimulus_Ins_LearningMobility_3_question_3131,697.9,166.8,1628.0
1615259,stimulus_Ins_LearningMobility_3_question_3131,697.9,166.8,1625.0
1615260,stimulus_Ins_LearningMobility_3_question_3131,697.9,166.7,1623.0
1615261,stimulus_Ins_LearningMobility_3_question_3131,697.7,166.5,1625.0
1615262,stimulus_Ins_LearningMobility_3_question_3131,697.6,166.4,1627.0
1615263,stimulus_Ins_LearningMobility_3_question_3131,697.4,166.3,1629.0
1615264,stimulus_Ins_LearningMobility_3_question_3131,697.3,166.4,1631.0
1615265,stimulus_Ins_LearningMobility_3_question_3131,697.4,166.4,1633.0
1615266,stimulus_Ins_LearningMobility_3_question_3131,698.2,165.8,1634.0
1615267,stimulus_Ins_LearningMobility_3_question_3131,698.9,165.2,1634.0
1615268,stimulus_Ins_LearningMobility_3_question_3131,699.2,164.6,1633.0
1615269,stimulus_Ins_LearningMobility_3_question_3131,699.1,164.6,1633.0
1615270,stimulus_Ins_LearningMobility_3_question_3131,698.9,165.3,1633.0
1615271,stimulus_Ins_LearningMobility_3_question_3131,698.8,166.0,1633.0
1615272,stimulus_Ins_LearningMobility_3_question_3131,698.8,166.6,1633.0
1615273,stimulus_Ins_LearningMobility_3_question_3131,699.0,166.4,1633.0
1615274,stimulus_Ins_LearningMobility_3_question_3131,699.3,166.2,1633.0
1615275,stimulus_Ins_LearningMobility_3_question_3131,699.4,166.1,1633.0
1615276,stimulus_Ins_LearningMobility_3_question_3131,699.5,166.1,1633.0
1615277,stimulus_Ins_LearningMobility_3_question_3131,699.5,166.0,1633.0
1615278,stimulus_Ins_LearningMobility_3_question_3131,699.9,165.3,1631.0
1615279,stimulus_Ins_LearningMobility_3_question_3131,700.2,164.6,1630.0
1615280,stimulus_Ins_LearningMobility_3_question_3131,699.4,164.2,1630.0
1615281,stimulus_Ins_LearningMobility_3_question_3131,698.4,164.5,1630.0
1615282,stimulus_Ins_LearningMobility_3_question_3131,697.4,164.9,1632.0
1615283,stimulus_Ins_LearningMobility_3_question_3131,697.4,165.1,1634.0
1615284,stimulus_Ins_LearningMobility_3_question_3131,697.5,165.1,1635.0
1615285,stimulus_Ins_LearningMobility_3_question_3131,697.5,165.4,1635.0
1615286,stimulus_Ins_LearningMobility_3_question_3131,697.3,165.7,1634.0
1615287,stimulus_Ins_LearningMobility_3_question_3131,697.0,166.1,1633.0
1615288,stimulus_Ins_LearningMobility_3_question_3131,696.9,166.2,1632.0
1615289,stimulus_Ins_LearningMobility_3_question_3131,696.7,166.1,1631.0
1615290,stimulus_Ins_LearningMobility_3_question_3131,696.7,165.5,1631.0
1615291,stimulus_Ins_LearningMobility_3_question_3131,696.7,164.9,1633.0
1615292,stimulus_Ins_LearningMobility_3_question_3131,696.8,164.1,1634.0
1615293,stimulus_Ins_LearningMobility_3_question_3131,696.8,163.8,1635.0
1615294,stimulus_Ins_LearningMobility_3_question_3131,696.6,163.4,1636.0
1615295,stimulus_Ins_LearningMobility_3_question_3131,696.3,163.2,1636.0
1615296,stimulus_Ins_LearningMobility_3_question_3131,696.0,163.4,1637.0
1615297,stimulus_Ins_LearningMobility_3_question_3131,695.7,164.1,1637.0
1615298,stimulus_Ins_LearningMobility_3_question_3131,695.5,164.8,1638.0
1615299,stimulus_Ins_LearningMobility_3_question_3131,695.4,164.9,1638.0
1615300,stimulus_Ins_LearningMobility_3_question_3131,695.5,164.1,1638.0
1615301,stimulus_Ins_LearningMobility_3_question_3131,695.6,163.3,1638.0
1615302,stimulus_Ins_LearningMobility_3_question_3131,695.7,162.7,1638.0
1615303,stimulus_Ins_LearningMobility_3_question_3131,695.7,162.6,1639.0
1615304,stimulus_Ins_LearningMobility_3_question_3131,695.7,163.0,1642.0
1615305,stimulus_Ins_LearningMobility_3_question_3131,695.4,163.5,1644.0
1615306,stimulus_Ins_LearningMobility_3_question_3131,695.2,163.5,1643.0
1615307,stimulus_Ins_LearningMobility_3_question_3131,695.0,163.1,1643.0
1615308,stimulus_Ins_LearningMobility_3_question_3131,695.1,162.8,1641.0
1615309,stimulus_Ins_LearningMobility_3_question_3131,695.1,163.0,1640.0
1615310,stimulus_Ins_LearningMobility_3_question_3131,695.3,163.1,1638.0
1615311,stimulus_Ins_LearningMobility_3_question_3131,695.0,163.4,1638.0
1615312,stimulus_Ins_LearningMobility_3_question_3131,694.6,163.6,1637.0
1615313,stimulus_Ins_LearningMobility_3_question_3131,694.2,163.5,1638.0
1615314,stimulus_Ins_LearningMobility_3_question_3131,694.0,163.4,1639.0
1615315,stimulus_Ins_LearningMobility_3_question_3131,693.6,163.3,1641.0
1615316,stimulus_Ins_LearningMobility_3_question_3131,693.2,163.3,1641.0
1615317,stimulus_Ins_LearningMobility_3_question_3131,693.2,163.5,1641.0
1615318,stimulus_Ins_LearningMobility_3_question_3131,693.7,163.7,1641.0
1615319,stimulus_Ins_LearningMobility_3_question_3131,694.3,163.8,1639.0
1615320,stimulus_Ins_LearningMobility_3_question_3131,694.3,163.8,1637.0
1615321,stimulus_Ins_LearningMobility_3_question_3131,694.1,163.9,1637.0
1615322,stimulus_Ins_LearningMobility_3_question_3131,693.7,163.9,1640.0
1615323,stimulus_Ins_LearningMobility_3_question_3131,693.6,163.7,1643.0
1615324,stimulus_Ins_LearningMobility_3_question_3131,693.5,163.6,1643.0
1615325,stimulus_Ins_LearningMobility_3_question_3131,693.5,163.5,1643.0
1615326,stimulus_Ins_LearningMobility_3_question_3131,693.4,163.5,1643.0
1615327,stimulus_Ins_LearningMobility_3_question_3131,693.3,163.6,1642.0
1615328,stimulus_Ins_LearningMobility_3_question_3131,693.2,163.7,1642.0
1615329,stimulus_Ins_LearningMobility_3_question_3131,693.1,163.8,1642.0
1615330,stimulus_Ins_LearningMobility_3_question_3131,693.1,163.6,1642.0
1615331,stimulus_Ins_LearningMobility_3_question_3131,693.0,163.4,1643.0
1615332,stimulus_Ins_LearningMobility_3_question_3131,692.9,163.3,1645.0
1615333,stimulus_Ins_LearningMobility_3_question_3131,692.9,163.5,1648.0
1615334,stimulus_Ins_LearningMobility_3_question_3131,693.0,163.4,1648.0
1615335,stimulus_Ins_LearningMobility_3_question_3131,693.8,163.1,1645.0
1615336,stimulus_Ins_LearningMobility_3_question_3131,694.9,162.9,1641.0
1615337,stimulus_Ins_LearningMobility_3_question_3131,695.9,163.1,1639.0
1615338,stimulus_Ins_LearningMobility_3_question_3131,697.2,163.2,1639.0
1615339,stimulus_Ins_LearningMobility_3_question_3131,698.1,162.0,1639.0
1615340,stimulus_Ins_LearningMobility_3_question_3131,700.1,160.8,1640.0
1615341,stimulus_Ins_LearningMobility_3_question_3131,701.9,160.1,1641.0
1615342,stimulus_Ins_LearningMobility_3_question_3131,705.4,161.0,1642.0
1615343,stimulus_Ins_LearningMobility_3_question_3131,710.3,161.9,1643.0
1615344,stimulus_Ins_LearningMobility_3_question_3131,715.7,162.2,1644.0
1615345,stimulus_Ins_LearningMobility_3_question_3131,722.0,161.8,1645.0
1615346,stimulus_Ins_LearningMobility_3_question_3131,727.9,161.4,1642.0
1615347,stimulus_Ins_LearningMobility_3_question_3131,734.2,161.0,1640.0
1615348,stimulus_Ins_LearningMobility_3_question_3131,739.3,161.2,1639.0
1615349,stimulus_Ins_LearningMobility_3_question_3131,743.6,161.4,1638.0
1615350,stimulus_Ins_LearningMobility_3_question_3131,746.8,161.7,1637.0
1615351,stimulus_Ins_LearningMobility_3_question_3131,750.2,161.3,1636.0
1615352,stimulus_Ins_LearningMobility_3_question_3131,754.3,160.9,1637.0
1615353,stimulus_Ins_LearningMobility_3_question_3131,759.3,160.0,1639.0
1615354,stimulus_Ins_LearningMobility_3_question_3131,763.6,158.5,1641.0
1615355,stimulus_Ins_LearningMobility_3_question_3131,766.4,156.4,1641.0
1615356,stimulus_Ins_LearningMobility_3_question_3131,768.6,154.8,1640.0
1615357,stimulus_Ins_LearningMobility_3_question_3131,769.9,154.4,1637.0
1615358,stimulus_Ins_LearningMobility_3_question_3131,771.1,154.8,1634.0
1615359,stimulus_Ins_LearningMobility_3_question_3131,772.2,156.2,1632.0
1615360,stimulus_Ins_LearningMobility_3_question_3131,773.7,157.1,1632.0
1615361,stimulus_Ins_LearningMobility_3_question_3131,775.9,158.0,1632.0
1615362,stimulus_Ins_LearningMobility_3_question_3131,777.8,158.0,1633.0
1615363,stimulus_Ins_LearningMobility_3_question_3131,780.0,158.4,1635.0
1615364,stimulus_Ins_LearningMobility_3_question_3131,782.0,158.8,1636.0
1615365,stimulus_Ins_LearningMobility_3_question_3131,783.8,159.2,1636.0
1615366,stimulus_Ins_LearningMobility_3_question_3131,785.1,159.4,1636.0
1615367,stimulus_Ins_LearningMobility_3_question_3131,787.2,159.8,1633.0
1615368,stimulus_Ins_LearningMobility_3_question_3131,788.9,160.1,1629.0
1615369,stimulus_Ins_LearningMobility_3_question_3131,790.6,159.7,1625.0
1615370,stimulus_Ins_LearningMobility_3_question_3131,790.8,159.3,1623.0
1615371,stimulus_Ins_LearningMobility_3_question_3131,791.5,158.9,1622.0
1615372,stimulus_Ins_LearningMobility_3_question_3131,792.1,158.9,1623.0
1615373,stimulus_Ins_LearningMobility_3_question_3131,792.8,159.0,1624.0
1615374,stimulus_Ins_LearningMobility_3_question_3131,792.8,158.8,1627.0
1615375,stimulus_Ins_LearningMobility_3_question_3131,792.5,158.4,1629.0
1615376,stimulus_Ins_LearningMobility_3_question_3131,792.2,157.9,1630.0
1615377,stimulus_Ins_LearningMobility_3_question_3131,791.2,157.8,1627.0
1615378,stimulus_Ins_LearningMobility_3_question_3131,790.4,157.6,1624.0
1615379,stimulus_Ins_LearningMobility_3_question_3131,789.4,157.6,1622.0
1615380,stimulus_Ins_LearningMobility_3_question_3131,789.1,157.5,1623.0
1615381,stimulus_Ins_LearningMobility_3_question_3131,789.4,157.5,1623.0
1615382,stimulus_Ins_LearningMobility_3_question_3131,790.1,157.4,1627.0
1615383,stimulus_Ins_LearningMobility_3_question_3131,790.7,157.6,1630.0
1615384,stimulus_Ins_LearningMobility_3_question_3131,791.0,157.8,1633.0
1615385,stimulus_Ins_LearningMobility_3_question_3131,791.0,158.0,1633.0
1615386,stimulus_Ins_LearningMobility_3_question_3131,790.9,158.1,1633.0
1615387,stimulus_Ins_LearningMobility_3_question_3131,790.0,157.6,1632.0
1615388,stimulus_Ins_LearningMobility_3_question_3131,789.2,157.1,1632.0
1615389,stimulus_Ins_LearningMobility_3_question_3131,788.8,156.5,1631.0
1615390,stimulus_Ins_LearningMobility_3_question_3131,789.1,156.5,1630.0
1615391,stimulus_Ins_LearningMobility_3_question_3131,789.4,156.6,1630.0
1615392,stimulus_Ins_LearningMobility_3_question_3131,789.3,156.8,1632.0
1615393,stimulus_Ins_LearningMobility_3_question_3131,789.2,157.0,1635.0
1615394,stimulus_Ins_LearningMobility_3_question_3131,789.1,157.2,1638.0
1615395,stimulus_Ins_LearningMobility_3_question_3131,789.0,157.3,1638.0
1615396,stimulus_Ins_LearningMobility_3_question_3131,789.0,157.4,1637.0
1615397,stimulus_Ins_LearningMobility_3_question_3131,789.3,157.5,1636.0
1615398,stimulus_Ins_LearningMobility_3_question_3131,789.6,157.9,1636.0
1615399,stimulus_Ins_LearningMobility_3_question_3131,789.9,158.3,1635.0
1615400,stimulus_Ins_LearningMobility_3_question_3131,789.8,157.8,1635.0
1615401,stimulus_Ins_LearningMobility_3_question_3131,789.9,156.8,1635.0
1615402,stimulus_Ins_LearningMobility_3_question_3131,789.9,155.8,1636.0
1615403,stimulus_Ins_LearningMobility_3_question_3131,789.9,155.8,1637.0
1615404,stimulus_Ins_LearningMobility_3_question_3131,789.7,155.9,1637.0
1615405,stimulus_Ins_LearningMobility_3_question_3131,789.6,156.0,1636.0
1615406,stimulus_Ins_LearningMobility_3_question_3131,789.4,156.2,1636.0
1615407,stimulus_Ins_LearningMobility_3_question_3131,789.6,156.4,1635.0
1615408,stimulus_Ins_LearningMobility_3_question_3131,790.0,156.5,1634.0
1615409,stimulus_Ins_LearningMobility_3_question_3131,790.3,156.6,1632.0
1615410,stimulus_Ins_LearningMobility_3_question_3131,790.5,156.6,1630.0
1615411,stimulus_Ins_LearningMobility_3_question_3131,790.5,156.7,1629.0
1615412,stimulus_Ins_LearningMobility_3_question_3131,790.4,156.9,1629.0
1615413,stimulus_Ins_LearningMobility_3_question_3131,790.6,157.0,1631.0
1615414,stimulus_Ins_LearningMobility_3_question_3131,790.8,157.1,1632.0
1615415,stimulus_Ins_LearningMobility_3_question_3131,790.5,156.8,1633.0
1615416,stimulus_Ins_LearningMobility_3_question_3131,789.9,156.6,1633.0
1615417,stimulus_Ins_LearningMobility_3_question_3131,789.5,156.4,1633.0
1615418,stimulus_Ins_LearningMobility_3_question_3131,789.6,156.7,1632.0
1615419,stimulus_Ins_LearningMobility_3_question_3131,789.7,157.0,1629.0
1615420,stimulus_Ins_LearningMobility_3_question_3131,789.7,157.2,1626.0
1615421,stimulus_Ins_LearningMobility_3_question_3131,789.8,157.2,1626.0
1615422,stimulus_Ins_LearningMobility_3_question_3131,789.9,157.1,1630.0
1615423,stimulus_Ins_LearningMobility_3_question_3131,790.0,156.8,1634.0
1615424,stimulus_Ins_LearningMobility_3_question_3131,790.4,156.6,1636.0
1615425,stimulus_Ins_LearningMobility_3_question_3131,790.9,156.1,1636.0
1615426,stimulus_Ins_LearningMobility_3_question_3131,791.0,155.8,1635.0
1615427,stimulus_Ins_LearningMobility_3_question_3131,790.7,155.7,1634.0
1615428,stimulus_Ins_LearningMobility_3_question_3131,790.4,156.1,1633.0
1615429,stimulus_Ins_LearningMobility_3_question_3131,790.4,156.3,1634.0
1615430,stimulus_Ins_LearningMobility_3_question_3131,790.6,156.0,1634.0
1615431,stimulus_Ins_LearningMobility_3_question_3131,790.8,155.5,1633.0
1615432,stimulus_Ins_LearningMobility_3_question_3131,791.0,155.5,1632.0
1615433,stimulus_Ins_LearningMobility_3_question_3131,790.9,155.8,1632.0
1615434,stimulus_Ins_LearningMobility_3_question_3131,790.8,156.0,1636.0
1615435,stimulus_Ins_LearningMobility_3_question_3131,790.6,156.2,1640.0
1615436,stimulus_Ins_LearningMobility_3_question_3131,790.6,155.8,1639.0
1615437,stimulus_Ins_LearningMobility_3_question_3131,790.8,155.3,1636.0
1615438,stimulus_Ins_LearningMobility_3_question_3131,791.0,154.8,1633.0
1615439,stimulus_Ins_LearningMobility_3_question_3131,790.8,154.9,1634.0
1615440,stimulus_Ins_LearningMobility_3_question_3131,790.5,155.0,1635.0
1615441,stimulus_Ins_LearningMobility_3_question_3131,790.2,155.1,1635.0
1615442,stimulus_Ins_LearningMobility_3_question_3131,790.3,155.0,1636.0
1615443,stimulus_Ins_LearningMobility_3_question_3131,790.4,154.2,1635.0
1615444,stimulus_Ins_LearningMobility_3_question_3131,790.6,153.3,1634.0
1615445,stimulus_Ins_LearningMobility_3_question_3131,790.7,152.8,1634.0
1615446,stimulus_Ins_LearningMobility_3_question_3131,790.6,153.2,1634.0
1615447,stimulus_Ins_LearningMobility_3_question_3131,790.4,153.5,1634.0
1615448,stimulus_Ins_LearningMobility_3_question_3131,790.3,153.5,1634.0
1615449,stimulus_Ins_LearningMobility_3_question_3131,790.5,153.5,1636.0
1615450,stimulus_Ins_LearningMobility_3_question_3131,790.6,153.5,1637.0
1615451,stimulus_Ins_LearningMobility_3_question_3131,790.6,153.7,1639.0
1615452,stimulus_Ins_LearningMobility_3_question_3131,790.4,153.9,1638.0
1615453,stimulus_Ins_LearningMobility_3_question_3131,790.2,154.1,1638.0
1615454,stimulus_Ins_LearningMobility_3_question_3131,790.1,154.0,1638.0
1615455,stimulus_Ins_LearningMobility_3_question_3131,789.8,153.9,1638.0
1615456,stimulus_Ins_LearningMobility_3_question_3131,789.5,153.8,1638.0
1615457,stimulus_Ins_LearningMobility_3_question_3131,789.1,154.4,1637.0
1615458,stimulus_Ins_LearningMobility_3_question_3131,789.1,155.0,1635.0
1615459,stimulus_Ins_LearningMobility_3_question_3131,789.2,155.5,1632.0
1615460,stimulus_Ins_LearningMobility_3_question_3131,789.4,155.6,1630.0
1615461,stimulus_Ins_LearningMobility_3_question_3131,789.5,155.8,1630.0
1615462,stimulus_Ins_LearningMobility_3_question_3131,789.3,155.9,1631.0
1615463,stimulus_Ins_LearningMobility_3_question_3131,789.3,155.4,1631.0
1615464,stimulus_Ins_LearningMobility_3_question_3131,789.3,154.8,1630.0
1615465,stimulus_Ins_LearningMobility_3_question_3131,789.4,154.5,1628.0
1615466,stimulus_Ins_LearningMobility_3_question_3131,789.4,155.2,1626.0
1615467,stimulus_Ins_LearningMobility_3_question_3131,789.4,156.0,1628.0
1615468,stimulus_Ins_LearningMobility_3_question_3131,789.3,156.5,1630.0
1615469,stimulus_Ins_LearningMobility_3_question_3131,789.3,156.5,1631.0
1615470,stimulus_Ins_LearningMobility_3_question_3131,789.3,156.5,1633.0
1615471,stimulus_Ins_LearningMobility_3_question_3131,789.7,156.6,1635.0
1615472,stimulus_Ins_LearningMobility_3_question_3131,790.0,156.8,1636.0
1615473,stimulus_Ins_LearningMobility_3_question_3131,790.1,157.4,1636.0
1615474,stimulus_Ins_LearningMobility_3_question_3131,789.5,157.8,1637.0
1615475,stimulus_Ins_LearningMobility_3_question_3131,789.0,157.5,1637.0
1615476,stimulus_Ins_LearningMobility_3_question_3131,789.3,156.8,1635.0
1615477,stimulus_Ins_LearningMobility_3_question_3131,789.7,156.4,1633.0
1615478,stimulus_Ins_LearningMobility_3_question_3131,789.6,156.7,1629.0
1615479,stimulus_Ins_LearningMobility_3_question_3131,789.1,157.1,1627.0
1615480,stimulus_Ins_LearningMobility_3_question_3131,788.8,157.8,1626.0
1615481,stimulus_Ins_LearningMobility_3_question_3131,789.0,158.4,1628.0
1615482,stimulus_Ins_LearningMobility_3_question_3131,789.3,158.6,1630.0
1615483,stimulus_Ins_LearningMobility_3_question_3131,789.4,158.4,1634.0
1615484,stimulus_Ins_LearningMobility_3_question_3131,789.2,158.2,1637.0
1615485,stimulus_Ins_LearningMobility_3_question_3131,788.9,157.6,1638.0
1615486,stimulus_Ins_LearningMobility_3_question_3131,788.4,156.9,1636.0
1615487,stimulus_Ins_LearningMobility_3_question_3131,788.2,156.2,1634.0
1615488,stimulus_Ins_LearningMobility_3_question_3131,788.0,156.0,1634.0
1615489,stimulus_Ins_LearningMobility_3_question_3131,787.9,155.8,1634.0
1615490,stimulus_Ins_LearningMobility_3_question_3131,787.9,155.5,1634.0
1615491,stimulus_Ins_LearningMobility_3_question_3131,788.0,155.5,1635.0
1615492,stimulus_Ins_LearningMobility_3_question_3131,788.1,155.5,1636.0
1615493,stimulus_Ins_LearningMobility_3_question_3131,788.0,155.6,1637.0
1615494,stimulus_Ins_LearningMobility_3_question_3131,788.0,155.5,1638.0
1615495,stimulus_Ins_LearningMobility_3_question_3131,787.9,155.4,1638.0
1615496,stimulus_Ins_LearningMobility_3_question_3131,788.0,155.2,1638.0
1615497,stimulus_Ins_LearningMobility_3_question_3131,788.0,155.2,1638.0
1615498,stimulus_Ins_LearningMobility_3_question_3131,788.0,155.1,1638.0
1615499,stimulus_Ins_LearningMobility_3_question_3131,787.9,154.9,1638.0
1615500,stimulus_Ins_LearningMobility_3_question_3131,787.9,154.7,1638.0
1615501,stimulus_Ins_LearningMobility_3_question_3131,787.9,154.8,1638.0
1615502,stimulus_Ins_LearningMobility_3_question_3131,787.8,154.8,1638.0
1615503,stimulus_Ins_LearningMobility_3_question_3131,787.7,154.8,1639.0
1615504,stimulus_Ins_LearningMobility_3_question_3131,787.7,154.6,1640.0
1615505,stimulus_Ins_LearningMobility_3_question_3131,787.7,154.5,1642.0
1615506,stimulus_Ins_LearningMobility_3_question_3131,787.7,154.7,1642.0
1615507,stimulus_Ins_LearningMobility_3_question_3131,787.6,155.3,1641.0
1615508,stimulus_Ins_LearningMobility_3_question_3131,787.6,155.7,1640.0
1615509,stimulus_Ins_LearningMobility_3_question_3131,787.6,155.8,1639.0
1615510,stimulus_Ins_LearningMobility_3_question_3131,787.6,155.9,1638.0
1615511,stimulus_Ins_LearningMobility_3_question_3131,787.6,155.9,1638.0
1615512,stimulus_Ins_LearningMobility_3_question_3131,787.6,155.6,1638.0
1615513,stimulus_Ins_LearningMobility_3_question_3131,787.5,155.1,1640.0
1615514,stimulus_Ins_LearningMobility_3_question_3131,787.5,154.6,1642.0
1615515,stimulus_Ins_LearningMobility_3_question_3131,787.6,154.6,1643.0
1615516,stimulus_Ins_LearningMobility_3_question_3131,787.7,154.5,1643.0
1615517,stimulus_Ins_LearningMobility_3_question_3131,787.9,154.6,1642.0
1615518,stimulus_Ins_LearningMobility_3_question_3131,787.8,155.1,1640.0
1615519,stimulus_Ins_LearningMobility_3_question_3131,787.8,155.6,1638.0
1615520,stimulus_Ins_LearningMobility_3_question_3131,787.8,155.9,1638.0
1615521,stimulus_Ins_LearningMobility_3_question_3131,787.7,155.9,1639.0
1615522,stimulus_Ins_LearningMobility_3_question_3131,787.6,155.8,1639.0
1615523,stimulus_Ins_LearningMobility_3_question_3131,787.5,155.8,1639.0
1615524,stimulus_Ins_LearningMobility_3_question_3131,787.4,155.7,1640.0
1615525,stimulus_Ins_LearningMobility_3_question_3131,787.3,155.6,1640.0
1615526,stimulus_Ins_LearningMobility_3_question_3131,787.4,155.1,1639.0
1615527,stimulus_Ins_LearningMobility_3_question_3131,787.9,154.6,1639.0
1615528,stimulus_Ins_LearningMobility_3_question_3131,788.3,154.3,1639.0
1615529,stimulus_Ins_LearningMobility_3_question_3131,788.2,154.3,1639.0
1615530,stimulus_Ins_LearningMobility_3_question_3131,787.7,154.5,1638.0
1615531,stimulus_Ins_LearningMobility_3_question_3131,787.1,154.7,1637.0
1615532,stimulus_Ins_LearningMobility_3_question_3131,786.9,154.8,1637.0
1615533,stimulus_Ins_LearningMobility_3_question_3131,786.8,154.9,1637.0
1615534,stimulus_Ins_LearningMobility_3_question_3131,786.7,154.8,1637.0
1615535,stimulus_Ins_LearningMobility_3_question_3131,787.0,154.7,1638.0
1615536,stimulus_Ins_LearningMobility_3_question_3131,787.4,154.5,1639.0
1615537,stimulus_Ins_LearningMobility_3_question_3131,787.9,154.1,1638.0
1615538,stimulus_Ins_LearningMobility_3_question_3131,788.1,153.7,1637.0
1615539,stimulus_Ins_LearningMobility_3_question_3131,787.9,153.5,1635.0
1615540,stimulus_Ins_LearningMobility_3_question_3131,787.7,153.7,1635.0
1615541,stimulus_Ins_LearningMobility_3_question_3131,787.5,154.1,1634.0
1615542,stimulus_Ins_LearningMobility_3_question_3131,787.3,154.5,1633.0
1615543,stimulus_Ins_LearningMobility_3_question_3131,787.2,154.6,1633.0
1615544,stimulus_Ins_LearningMobility_3_question_3131,787.6,154.5,1634.0
1615545,stimulus_Ins_LearningMobility_3_question_3131,787.9,154.5,1635.0
1615546,stimulus_Ins_LearningMobility_3_question_3131,788.2,154.6,1635.0
1615547,stimulus_Ins_LearningMobility_3_question_3131,788.1,154.9,1634.0
1615548,stimulus_Ins_LearningMobility_3_question_3131,788.0,155.3,1632.0
1615549,stimulus_Ins_LearningMobility_3_question_3131,788.0,155.5,1629.0
1615550,stimulus_Ins_LearningMobility_3_question_3131,788.0,155.4,1629.0
1615551,stimulus_Ins_LearningMobility_3_question_3131,788.0,155.4,1631.0
1615552,stimulus_Ins_LearningMobility_3_question_3131,787.9,155.3,1632.0
1615553,stimulus_Ins_LearningMobility_3_question_3131,787.8,155.2,1633.0
1615554,stimulus_Ins_LearningMobility_3_question_3131,787.8,155.2,1634.0
1615555,stimulus_Ins_LearningMobility_3_question_3131,787.9,155.6,1635.0
1615556,stimulus_Ins_LearningMobility_3_question_3131,787.9,156.4,1634.0
1615557,stimulus_Ins_LearningMobility_3_question_3131,787.9,157.2,1632.0
1615558,stimulus_Ins_LearningMobility_3_question_3131,788.0,157.1,1630.0
1615559,stimulus_Ins_LearningMobility_3_question_3131,787.9,156.5,1630.0
1615560,stimulus_Ins_LearningMobility_3_question_3131,787.6,156.0,1631.0
1615561,stimulus_Ins_LearningMobility_3_question_3131,787.1,156.2,1633.0
1615562,stimulus_Ins_LearningMobility_3_question_3131,787.0,156.5,1634.0
1615563,stimulus_Ins_LearningMobility_3_question_3131,786.9,156.7,1635.0
1615564,stimulus_Ins_LearningMobility_3_question_3131,787.2,156.4,1635.0
1615565,stimulus_Ins_LearningMobility_3_question_3131,787.4,156.1,1635.0
1615566,stimulus_Ins_LearningMobility_3_question_3131,787.5,155.8,1633.0
1615567,stimulus_Ins_LearningMobility_3_question_3131,787.6,155.6,1632.0
1615568,stimulus_Ins_LearningMobility_3_question_3131,787.6,155.5,1630.0
1615569,stimulus_Ins_LearningMobility_3_question_3131,787.8,155.3,1631.0
1615570,stimulus_Ins_LearningMobility_3_question_3131,788.0,155.0,1632.0
1615571,stimulus_Ins_LearningMobility_3_question_3131,788.1,154.8,1633.0
1615572,stimulus_Ins_LearningMobility_3_question_3131,788.0,154.6,1633.0
1615573,stimulus_Ins_LearningMobility_3_question_3131,787.9,154.6,1632.0
1615574,stimulus_Ins_LearningMobility_3_question_3131,788.0,154.1,1632.0
1615575,stimulus_Ins_LearningMobility_3_question_3131,788.0,153.6,1632.0
1615576,stimulus_Ins_LearningMobility_3_question_3131,788.0,153.2,1633.0
1615577,stimulus_Ins_LearningMobility_3_question_3131,787.9,153.2,1633.0
1615578,stimulus_Ins_LearningMobility_3_question_3131,787.9,153.2,1630.0
1615579,stimulus_Ins_LearningMobility_3_question_3131,788.1,153.2,1627.0
1615580,stimulus_Ins_LearningMobility_3_question_3131,788.2,153.4,1625.0
1615581,stimulus_Ins_LearningMobility_3_question_3131,787.7,153.7,1629.0
1615582,stimulus_Ins_LearningMobility_3_question_3131,787.0,154.0,1632.0
1615583,stimulus_Ins_LearningMobility_3_question_3131,786.8,154.1,1633.0
1615584,stimulus_Ins_LearningMobility_3_question_3131,787.1,154.0,1632.0
1615585,stimulus_Ins_LearningMobility_3_question_3131,787.4,154.0,1631.0
1615586,stimulus_Ins_LearningMobility_3_question_3131,787.5,153.5,1631.0
1615587,stimulus_Ins_LearningMobility_3_question_3131,788.3,152.8,1631.0
1615588,stimulus_Ins_LearningMobility_3_question_3131,789.2,154.0,1631.0
1615589,stimulus_Ins_LearningMobility_3_question_3131,789.9,155.7,1631.0
1615590,stimulus_Ins_LearningMobility_3_question_3131,789.2,157.1,1631.0
1615591,stimulus_Ins_LearningMobility_3_question_3131,787.9,156.7,1631.0
1615592,stimulus_Ins_LearningMobility_3_question_3131,785.3,156.6,1632.0
1615593,stimulus_Ins_LearningMobility_3_question_3131,782.2,156.9,1634.0
1615594,stimulus_Ins_LearningMobility_3_question_3131,777.6,156.3,1635.0
1615595,stimulus_Ins_LearningMobility_3_question_3131,772.7,155.3,1637.0
1615596,stimulus_Ins_LearningMobility_3_question_3131,766.8,154.5,1639.0
1615597,stimulus_Ins_LearningMobility_3_question_3131,759.0,154.9,1640.0
1615598,stimulus_Ins_LearningMobility_3_question_3131,750.0,155.3,1641.0
1615599,stimulus_Ins_LearningMobility_3_question_3131,739.9,155.7,1645.0
1615600,stimulus_Ins_LearningMobility_3_question_3131,731.3,154.6,1649.0
1615601,stimulus_Ins_LearningMobility_3_question_3131,722.6,153.8,1653.0
1615602,stimulus_Ins_LearningMobility_3_question_3131,714.2,152.9,1655.0
1615603,stimulus_Ins_LearningMobility_3_question_3131,705.2,153.3,1658.0
1615604,stimulus_Ins_LearningMobility_3_question_3131,696.0,154.0,1660.0
1615605,stimulus_Ins_LearningMobility_3_question_3131,688.4,154.7,1659.0
1615606,stimulus_Ins_LearningMobility_3_question_3131,681.5,155.3,1659.0
1615607,stimulus_Ins_LearningMobility_3_question_3131,676.2,155.8,1660.0
1615608,stimulus_Ins_LearningMobility_3_question_3131,671.3,156.8,1661.0
1615609,stimulus_Ins_LearningMobility_3_question_3131,666.8,158.4,1662.0
1615610,stimulus_Ins_LearningMobility_3_question_3131,661.7,159.7,1663.0
1615611,stimulus_Ins_LearningMobility_3_question_3131,656.1,160.6,1663.0
1615612,stimulus_Ins_LearningMobility_3_question_3131,651.2,161.0,1664.0
1615613,stimulus_Ins_LearningMobility_3_question_3131,647.2,161.4,1666.0
1615614,stimulus_Ins_LearningMobility_3_question_3131,644.3,161.1,1668.0
1615615,stimulus_Ins_LearningMobility_3_question_3131,641.5,160.7,1667.0
1615616,stimulus_Ins_LearningMobility_3_question_3131,639.0,160.2,1663.0
1615617,stimulus_Ins_LearningMobility_3_question_3131,636.3,160.3,1660.0
1615618,stimulus_Ins_LearningMobility_3_question_3131,634.5,160.4,1660.0
1615619,stimulus_Ins_LearningMobility_3_question_3131,633.7,159.9,1661.0
1615620,stimulus_Ins_LearningMobility_3_question_3131,633.3,159.4,1661.0
1615621,stimulus_Ins_LearningMobility_3_question_3131,633.2,158.8,1663.0
1615622,stimulus_Ins_LearningMobility_3_question_3131,633.2,159.0,1664.0
1615623,stimulus_Ins_LearningMobility_3_question_3131,633.6,159.7,1666.0
1615624,stimulus_Ins_LearningMobility_3_question_3131,634.3,160.3,1666.0
1615625,stimulus_Ins_LearningMobility_3_question_3131,634.9,160.9,1665.0
1615626,stimulus_Ins_LearningMobility_3_question_3131,635.9,161.4,1666.0
1615627,stimulus_Ins_LearningMobility_3_question_3131,636.6,161.9,1666.0
1615628,stimulus_Ins_LearningMobility_3_question_3131,637.6,162.1,1667.0
1615629,stimulus_Ins_LearningMobility_3_question_3131,638.8,162.1,1667.0
1615630,stimulus_Ins_LearningMobility_3_question_3131,639.9,162.0,1668.0
1615631,stimulus_Ins_LearningMobility_3_question_3131,640.7,161.9,1667.0
1615632,stimulus_Ins_LearningMobility_3_question_3131,640.9,161.5,1667.0
1615633,stimulus_Ins_LearningMobility_3_question_3131,641.1,161.2,1668.0
1615634,stimulus_Ins_LearningMobility_3_question_3131,641.4,160.9,1668.0
1615635,stimulus_Ins_LearningMobility_3_question_3131,641.7,160.5,1668.0
1615636,stimulus_Ins_LearningMobility_3_question_3131,641.8,160.2,1667.0
1615637,stimulus_Ins_LearningMobility_3_question_3131,641.8,160.2,1666.0
1615638,stimulus_Ins_LearningMobility_3_question_3131,642.1,160.8,1665.0
1615639,stimulus_Ins_LearningMobility_3_question_3131,642.4,161.4,1665.0
1615640,stimulus_Ins_LearningMobility_3_question_3131,643.0,161.7,1666.0
1615641,stimulus_Ins_LearningMobility_3_question_3131,643.3,161.7,1667.0
1615642,stimulus_Ins_LearningMobility_3_question_3131,643.5,161.7,1667.0
1615643,stimulus_Ins_LearningMobility_3_question_3131,643.5,162.0,1666.0
1615644,stimulus_Ins_LearningMobility_3_question_3131,643.8,162.1,1665.0
1615645,stimulus_Ins_LearningMobility_3_question_3131,644.0,162.1,1665.0
1615646,stimulus_Ins_LearningMobility_3_question_3131,644.3,161.9,1664.0
1615647,stimulus_Ins_LearningMobility_3_question_3131,644.2,161.7,1663.0
1615648,stimulus_Ins_LearningMobility_3_question_3131,644.3,161.6,1661.0
1615649,stimulus_Ins_LearningMobility_3_question_3131,644.2,161.9,1661.0
1615650,stimulus_Ins_LearningMobility_3_question_3131,644.2,162.6,1661.0
1615651,stimulus_Ins_LearningMobility_3_question_3131,643.9,163.5,1661.0
1615652,stimulus_Ins_LearningMobility_3_question_3131,643.2,163.8,1662.0
1615653,stimulus_Ins_LearningMobility_3_question_3131,642.6,163.7,1662.0
1615654,stimulus_Ins_LearningMobility_3_question_3131,642.3,163.3,1661.0
1615655,stimulus_Ins_LearningMobility_3_question_3131,642.4,163.1,1661.0
1615656,stimulus_Ins_LearningMobility_3_question_3131,642.6,163.2,1661.0
1615657,stimulus_Ins_LearningMobility_3_question_3131,642.6,163.6,1662.0
1615658,stimulus_Ins_LearningMobility_3_question_3131,642.7,164.3,1662.0
1615659,stimulus_Ins_LearningMobility_3_question_3131,642.5,165.1,1662.0
1615660,stimulus_Ins_LearningMobility_3_question_3131,642.4,165.6,1662.0
1615661,stimulus_Ins_LearningMobility_3_question_3131,642.6,165.8,1662.0
1615662,stimulus_Ins_LearningMobility_3_question_3131,642.9,166.0,1662.0
1615663,stimulus_Ins_LearningMobility_3_question_3131,643.0,165.9,1663.0
1615664,stimulus_Ins_LearningMobility_3_question_3131,642.8,165.6,1663.0
1615665,stimulus_Ins_LearningMobility_3_question_3131,642.5,165.4,1663.0
1615666,stimulus_Ins_LearningMobility_3_question_3131,642.2,165.6,1664.0
1615667,stimulus_Ins_LearningMobility_3_question_3131,641.8,166.2,1664.0
1615668,stimulus_Ins_LearningMobility_3_question_3131,641.4,166.7,1665.0
1615669,stimulus_Ins_LearningMobility_3_question_3131,641.4,167.0,1665.0
1615670,stimulus_Ins_LearningMobility_3_question_3131,641.4,166.9,1665.0
1615671,stimulus_Ins_LearningMobility_3_question_3131,641.4,166.8,1665.0
1615672,stimulus_Ins_LearningMobility_3_question_3131,641.5,166.8,1666.0
1615673,stimulus_Ins_LearningMobility_3_question_3131,641.6,166.2,1668.0
1615674,stimulus_Ins_LearningMobility_3_question_3131,641.5,165.6,1671.0
1615675,stimulus_Ins_LearningMobility_3_question_3131,641.1,165.2,1670.0
1615676,stimulus_Ins_LearningMobility_3_question_3131,640.9,165.6,1668.0
1615677,stimulus_Ins_LearningMobility_3_question_3131,641.2,166.0,1666.0
1615678,stimulus_Ins_LearningMobility_3_question_3131,641.5,166.2,1668.0
1615679,stimulus_Ins_LearningMobility_3_question_3131,642.5,166.2,1670.0
1615680,stimulus_Ins_LearningMobility_3_question_3131,643.2,166.1,1671.0
1615681,stimulus_Ins_LearningMobility_3_question_3131,643.9,165.7,1670.0
1615682,stimulus_Ins_LearningMobility_3_question_3131,643.4,165.4,1670.0
1615683,stimulus_Ins_LearningMobility_3_question_3131,642.9,165.0,1672.0
1615684,stimulus_Ins_LearningMobility_3_question_3131,642.6,164.9,1675.0
1615685,stimulus_Ins_LearningMobility_3_question_3131,643.1,164.9,1675.0
1615686,stimulus_Ins_LearningMobility_3_question_3131,643.6,164.9,1673.0
1615687,stimulus_Ins_LearningMobility_3_question_3131,643.6,164.9,1670.0
1615688,stimulus_Ins_LearningMobility_3_question_3131,643.3,165.1,1671.0
1615689,stimulus_Ins_LearningMobility_3_question_3131,643.0,165.4,1672.0
1615690,stimulus_Ins_LearningMobility_3_question_3131,643.2,165.7,1672.0
1615691,stimulus_Ins_LearningMobility_3_question_3131,643.5,165.7,1672.0
1615692,stimulus_Ins_LearningMobility_3_question_3131,643.9,165.8,1672.0
1615693,stimulus_Ins_LearningMobility_3_question_3131,644.1,165.9,1673.0
1615694,stimulus_Ins_LearningMobility_3_question_3131,644.4,166.1,1675.0
1615695,stimulus_Ins_LearningMobility_3_question_3131,644.7,166.2,1676.0
1615696,stimulus_Ins_LearningMobility_3_question_3131,644.7,166.2,1676.0
1615697,stimulus_Ins_LearningMobility_3_question_3131,644.7,166.2,1676.0
1615698,stimulus_Ins_LearningMobility_3_question_3131,644.8,166.2,1675.0
1615699,stimulus_Ins_LearningMobility_3_question_3131,645.0,166.2,1675.0
1615700,stimulus_Ins_LearningMobility_3_question_3131,645.2,166.1,1675.0
1615701,stimulus_Ins_LearningMobility_3_question_3131,645.4,166.1,1675.0
1615702,stimulus_Ins_LearningMobility_3_question_3131,645.4,166.1,1675.0
1615703,stimulus_Ins_LearningMobility_3_question_3131,645.3,166.7,1675.0
1615704,stimulus_Ins_LearningMobility_3_question_3131,645.0,167.3,1675.0
1615705,stimulus_Ins_LearningMobility_3_question_3131,644.4,167.7,1675.0
1615706,stimulus_Ins_LearningMobility_3_question_3131,644.0,167.7,1675.0
1615707,stimulus_Ins_LearningMobility_3_question_3131,643.8,167.6,1675.0
1615708,stimulus_Ins_LearningMobility_3_question_3131,643.8,167.2,1675.0
1615709,stimulus_Ins_LearningMobility_3_question_3131,643.8,166.9,1674.0
1615710,stimulus_Ins_LearningMobility_3_question_3131,643.8,166.7,1676.0
1615711,stimulus_Ins_LearningMobility_3_question_3131,643.7,167.0,1677.0
1615712,stimulus_Ins_LearningMobility_3_question_3131,643.6,167.2,1678.0
1615713,stimulus_Ins_LearningMobility_3_question_3131,643.6,167.3,1678.0
1615714,stimulus_Ins_LearningMobility_3_question_3131,643.1,167.5,1679.0
1615715,stimulus_Ins_LearningMobility_3_question_3131,642.5,167.7,1680.0
1615716,stimulus_Ins_LearningMobility_3_question_3131,641.8,167.9,1680.0
1615717,stimulus_Ins_LearningMobility_3_question_3131,641.7,167.8,1679.0
1615718,stimulus_Ins_LearningMobility_3_question_3131,641.4,167.7,1678.0
1615719,stimulus_Ins_LearningMobility_3_question_3131,641.4,167.6,1679.0
1615720,stimulus_Ins_LearningMobility_3_question_3131,641.2,167.4,1679.0
1615721,stimulus_Ins_LearningMobility_3_question_3131,641.1,167.2,1677.0
1615722,stimulus_Ins_LearningMobility_3_question_3131,641.0,166.6,1675.0
1615723,stimulus_Ins_LearningMobility_3_question_3131,641.1,166.0,1677.0
1615724,stimulus_Ins_LearningMobility_3_question_3131,641.5,165.7,1680.0
1615725,stimulus_Ins_LearningMobility_3_question_3131,641.8,165.7,1682.0
1615726,stimulus_Ins_LearningMobility_3_question_3131,642.2,165.8,1680.0
1615727,stimulus_Ins_LearningMobility_3_question_3131,642.2,165.7,1677.0
1615728,stimulus_Ins_LearningMobility_3_question_3131,642.4,165.7,1676.0
1615729,stimulus_Ins_LearningMobility_3_question_3131,642.5,165.8,1677.0
1615730,stimulus_Ins_LearningMobility_3_question_3131,642.7,166.0,1675.0
1615731,stimulus_Ins_LearningMobility_3_question_3131,642.9,166.2,1673.0
1615732,stimulus_Ins_LearningMobility_3_question_3131,642.9,166.1,1673.0
1615733,stimulus_Ins_LearningMobility_3_question_3131,642.7,166.0,1678.0
1615734,stimulus_Ins_LearningMobility_3_question_3131,642.5,165.8,1683.0
1615735,stimulus_Ins_LearningMobility_3_question_3131,642.5,165.9,1684.0
1615736,stimulus_Ins_LearningMobility_3_question_3131,642.8,166.0,1684.0
1615737,stimulus_Ins_LearningMobility_3_question_3131,643.2,166.2,1683.0
1615738,stimulus_Ins_LearningMobility_3_question_3131,643.5,166.4,1683.0
1615739,stimulus_Ins_LearningMobility_3_question_3131,643.4,166.7,1682.0
1615740,stimulus_Ins_LearningMobility_3_question_3131,643.2,166.8,1682.0
1615741,stimulus_Ins_LearningMobility_3_question_3131,643.1,167.0,1683.0
1615742,stimulus_Ins_LearningMobility_3_question_3131,643.0,167.1,1685.0
1615743,stimulus_Ins_LearningMobility_3_question_3131,643.0,167.1,1686.0
1615744,stimulus_Ins_LearningMobility_3_question_3131,643.2,166.9,1686.0
1615745,stimulus_Ins_LearningMobility_3_question_3131,643.4,166.5,1686.0
1615746,stimulus_Ins_LearningMobility_3_question_3131,643.6,166.3,1686.0
1615747,stimulus_Ins_LearningMobility_3_question_3131,643.7,166.2,1686.0
1615748,stimulus_Ins_LearningMobility_3_question_3131,643.8,166.1,1686.0
1615749,stimulus_Ins_LearningMobility_3_question_3131,644.0,166.0,1686.0
1615750,stimulus_Ins_LearningMobility_3_question_3131,644.1,165.8,1686.0
1615751,stimulus_Ins_LearningMobility_3_question_3131,644.1,165.6,1687.0
1615752,stimulus_Ins_LearningMobility_3_question_3131,644.1,165.5,1690.0
1615753,stimulus_Ins_LearningMobility_3_question_3131,644.3,165.9,1692.0
1615754,stimulus_Ins_LearningMobility_3_question_3131,644.4,166.5,1693.0
1615755,stimulus_Ins_LearningMobility_3_question_3131,644.5,167.2,1693.0
1615756,stimulus_Ins_LearningMobility_3_question_3131,644.6,167.3,1692.0
1615757,stimulus_Ins_LearningMobility_3_question_3131,645.1,167.5,1690.0
1615758,stimulus_Ins_LearningMobility_3_question_3131,645.6,167.6,1689.0
1615759,stimulus_Ins_LearningMobility_3_question_3131,645.6,167.7,1689.0
1615760,stimulus_Ins_LearningMobility_3_question_3131,645.2,167.9,1690.0
1615761,stimulus_Ins_LearningMobility_3_question_3131,644.9,168.0,1692.0
1615762,stimulus_Ins_LearningMobility_3_question_3131,644.9,168.1,1694.0
1615763,stimulus_Ins_LearningMobility_3_question_3131,644.9,168.1,1697.0
1615764,stimulus_Ins_LearningMobility_3_question_3131,644.9,168.1,1699.0
1615765,stimulus_Ins_LearningMobility_3_question_3131,644.9,168.3,1697.0
1615766,stimulus_Ins_LearningMobility_3_question_3131,644.8,168.6,1694.0
1615767,stimulus_Ins_LearningMobility_3_question_3131,644.7,169.1,1692.0
1615768,stimulus_Ins_LearningMobility_3_question_3131,644.7,169.4,1695.0
1615769,stimulus_Ins_LearningMobility_3_question_3131,644.7,169.8,1698.0
1615770,stimulus_Ins_LearningMobility_3_question_3131,645.2,169.9,1701.0
1615771,stimulus_Ins_LearningMobility_3_question_3131,645.7,170.0,1700.0
1615772,stimulus_Ins_LearningMobility_3_question_3131,646.1,169.8,1700.0
1615773,stimulus_Ins_LearningMobility_3_question_3131,646.0,169.7,1701.0
1615774,stimulus_Ins_LearningMobility_3_question_3131,645.8,169.7,1700.0
1615775,stimulus_Ins_LearningMobility_3_question_3131,645.8,169.7,1698.0
1615776,stimulus_Ins_LearningMobility_3_question_3131,645.7,169.8,1698.0
1615777,stimulus_Ins_LearningMobility_3_question_3131,645.5,170.0,1698.0
1615778,stimulus_Ins_LearningMobility_3_question_3131,645.3,170.2,1699.0
1615779,stimulus_Ins_LearningMobility_3_question_3131,645.6,170.2,1699.0
1615780,stimulus_Ins_LearningMobility_3_question_3131,646.1,170.1,1700.0
1615781,stimulus_Ins_LearningMobility_3_question_3131,646.3,170.1,1699.0
1615782,stimulus_Ins_LearningMobility_3_question_3131,646.0,170.2,1697.0
1615783,stimulus_Ins_LearningMobility_3_question_3131,645.9,170.1,1698.0
1615784,stimulus_Ins_LearningMobility_3_question_3131,646.0,170.0,1700.0
1615785,stimulus_Ins_LearningMobility_3_question_3131,645.7,170.0,1703.0
1615786,stimulus_Ins_LearningMobility_3_question_3131,645.4,169.9,1703.0
1615787,stimulus_Ins_LearningMobility_3_question_3131,645.1,169.8,1700.0
1615788,stimulus_Ins_LearningMobility_3_question_3131,645.1,169.7,1696.0
1615789,stimulus_Ins_LearningMobility_3_question_3131,645.2,169.1,1695.0
1615790,stimulus_Ins_LearningMobility_3_question_3131,646.0,168.5,1697.0
1615791,stimulus_Ins_LearningMobility_3_question_3131,646.7,168.3,1698.0
1615792,stimulus_Ins_LearningMobility_3_question_3131,647.1,168.7,1699.0
1615793,stimulus_Ins_LearningMobility_3_question_3131,647.0,168.9,1701.0
1615794,stimulus_Ins_LearningMobility_3_question_3131,646.8,168.7,1703.0
1615795,stimulus_Ins_LearningMobility_3_question_3131,646.2,168.5,1704.0
1615796,stimulus_Ins_LearningMobility_3_question_3131,645.4,168.5,1704.0
1615797,stimulus_Ins_LearningMobility_3_question_3131,643.9,168.0,1703.0
1615798,stimulus_Ins_LearningMobility_3_question_3131,641.9,167.6,1700.0
1615799,stimulus_Ins_LearningMobility_3_question_3131,639.8,167.4,1698.0
1615800,stimulus_Ins_LearningMobility_3_question_3131,636.0,167.8,1696.0
1615801,stimulus_Ins_LearningMobility_3_question_3131,631.1,167.4,1703.0
1615802,stimulus_Ins_LearningMobility_3_question_3131,623.4,166.2,1710.0
1615803,stimulus_Ins_LearningMobility_3_question_3131,615.5,164.7,1716.0
1615804,stimulus_Ins_LearningMobility_3_question_3131,607.4,164.0,1719.0
1615805,stimulus_Ins_LearningMobility_3_question_3131,599.9,163.5,1722.0
1615806,stimulus_Ins_LearningMobility_3_question_3131,591.7,162.4,1725.0
1615807,stimulus_Ins_LearningMobility_3_question_3131,581.9,161.0,1725.0
1615808,stimulus_Ins_LearningMobility_3_question_3131,572.5,159.0,1728.0
1615809,stimulus_Ins_LearningMobility_3_question_3131,564.7,157.7,1731.0
1615810,stimulus_Ins_LearningMobility_3_question_3131,557.7,156.8,1737.0
1615811,stimulus_Ins_LearningMobility_3_question_3131,549.9,156.9,1741.0
1615812,stimulus_Ins_LearningMobility_3_question_3131,540.4,157.1,1745.0
1615813,stimulus_Ins_LearningMobility_3_question_3131,531.0,157.4,1747.0
1615814,stimulus_Ins_LearningMobility_3_question_3131,523.2,158.3,1746.0
1615815,stimulus_Ins_LearningMobility_3_question_3131,516.5,160.0,1744.0
1615816,stimulus_Ins_LearningMobility_3_question_3131,510.2,162.4,1742.0
1615817,stimulus_Ins_LearningMobility_3_question_3131,503.7,164.6,1739.0
1615818,stimulus_Ins_LearningMobility_3_question_3131,497.3,166.4,1736.0
1615819,stimulus_Ins_LearningMobility_3_question_3131,492.4,167.3,1736.0
1615820,stimulus_Ins_LearningMobility_3_question_3131,488.0,167.8,1739.0
1615821,stimulus_Ins_LearningMobility_3_question_3131,483.9,167.7,1742.0
1615822,stimulus_Ins_LearningMobility_3_question_3131,479.8,167.6,1743.0
1615823,stimulus_Ins_LearningMobility_3_question_3131,475.3,167.6,1745.0
1615824,stimulus_Ins_LearningMobility_3_question_3131,471.4,167.8,1747.0
1615825,stimulus_Ins_LearningMobility_3_question_3131,467.2,167.9,1749.0
1615826,stimulus_Ins_LearningMobility_3_question_3131,464.4,168.0,1751.0
1615827,stimulus_Ins_LearningMobility_3_question_3131,462.1,168.9,1752.0
1615828,stimulus_Ins_LearningMobility_3_question_3131,459.6,169.7,1746.0
1615829,stimulus_Ins_LearningMobility_3_question_3131,457.1,170.6,1741.0
1615830,stimulus_Ins_LearningMobility_3_question_3131,454.4,170.7,1736.0
1615831,stimulus_Ins_LearningMobility_3_question_3131,453.2,170.8,1735.0
1615832,stimulus_Ins_LearningMobility_3_question_3131,452.4,171.3,1734.0
1615833,stimulus_Ins_LearningMobility_3_question_3131,452.2,172.3,1734.0
1615834,stimulus_Ins_LearningMobility_3_question_3131,452.0,173.2,1736.0
1615835,stimulus_Ins_LearningMobility_3_question_3131,452.4,173.8,1738.0
1615836,stimulus_Ins_LearningMobility_3_question_3131,453.0,174.0,1741.0
1615837,stimulus_Ins_LearningMobility_3_question_3131,453.5,173.7,1741.0
1615838,stimulus_Ins_LearningMobility_3_question_3131,454.0,173.3,1740.0
1615839,stimulus_Ins_LearningMobility_3_question_3131,455.1,172.4,1738.0
1615840,stimulus_Ins_LearningMobility_3_question_3131,456.2,171.9,1736.0
1615841,stimulus_Ins_LearningMobility_3_question_3131,456.8,171.5,1737.0
1615842,stimulus_Ins_LearningMobility_3_question_3131,457.1,171.5,1739.0
1615843,stimulus_Ins_LearningMobility_3_question_3131,458.1,171.6,1742.0
1615844,stimulus_Ins_LearningMobility_3_question_3131,459.2,171.7,1744.0
1615845,stimulus_Ins_LearningMobility_3_question_3131,460.0,171.3,1744.0
1615846,stimulus_Ins_LearningMobility_3_question_3131,460.7,170.8,1740.0
1615847,stimulus_Ins_LearningMobility_3_question_3131,461.3,170.7,1736.0
1615848,stimulus_Ins_LearningMobility_3_question_3131,461.8,171.6,1732.0
1615849,stimulus_Ins_LearningMobility_3_question_3131,461.9,172.5,1731.0
1615850,stimulus_Ins_LearningMobility_3_question_3131,462.1,173.0,1731.0
1615851,stimulus_Ins_LearningMobility_3_question_3131,462.0,173.0,1731.0
1615852,stimulus_Ins_LearningMobility_3_question_3131,461.6,173.1,1731.0
1615853,stimulus_Ins_LearningMobility_3_question_3131,461.2,173.3,1731.0
1615854,stimulus_Ins_LearningMobility_3_question_3131,461.2,173.6,1732.0
1615855,stimulus_Ins_LearningMobility_3_question_3131,461.3,173.6,1733.0
1615856,stimulus_Ins_LearningMobility_3_question_3131,461.3,173.5,1734.0
1615857,stimulus_Ins_LearningMobility_3_question_3131,461.6,173.9,1734.0
1615858,stimulus_Ins_LearningMobility_3_question_3131,461.7,174.4,1732.0
1615859,stimulus_Ins_LearningMobility_3_question_3131,461.9,174.9,1731.0
1615860,stimulus_Ins_LearningMobility_3_question_3131,461.8,174.8,1729.0
1615861,stimulus_Ins_LearningMobility_3_question_3131,462.1,174.5,1732.0
1615862,stimulus_Ins_LearningMobility_3_question_3131,462.3,174.1,1736.0
1615863,stimulus_Ins_LearningMobility_3_question_3131,462.5,174.2,1739.0
1615864,stimulus_Ins_LearningMobility_3_question_3131,462.5,174.5,1739.0
1615865,stimulus_Ins_LearningMobility_3_question_3131,462.9,174.9,1739.0
1615866,stimulus_Ins_LearningMobility_3_question_3131,463.2,175.3,1738.0
1615867,stimulus_Ins_LearningMobility_3_question_3131,463.4,175.4,1737.0
1615868,stimulus_Ins_LearningMobility_3_question_3131,463.4,175.5,1736.0
1615869,stimulus_Ins_LearningMobility_3_question_3131,463.4,175.5,1735.0
1615870,stimulus_Ins_LearningMobility_3_question_3131,462.9,175.4,1734.0
1615871,stimulus_Ins_LearningMobility_3_question_3131,462.6,175.3,1733.0
1615872,stimulus_Ins_LearningMobility_3_question_3131,462.3,174.9,1733.0
1615873,stimulus_Ins_LearningMobility_3_question_3131,462.4,174.6,1733.0
1615874,stimulus_Ins_LearningMobility_3_question_3131,462.4,174.6,1733.0
1615875,stimulus_Ins_LearningMobility_3_question_3131,462.2,174.9,1732.0
1615876,stimulus_Ins_LearningMobility_3_question_3131,462.0,175.2,1732.0
1615877,stimulus_Ins_LearningMobility_3_question_3131,461.9,175.2,1730.0
1615878,stimulus_Ins_LearningMobility_3_question_3131,462.0,175.1,1729.0
1615879,stimulus_Ins_LearningMobility_3_question_3131,462.0,175.2,1727.0
1615880,stimulus_Ins_LearningMobility_3_question_3131,462.0,175.3,1728.0
1615881,stimulus_Ins_LearningMobility_3_question_3131,462.5,175.2,1728.0
1615882,stimulus_Ins_LearningMobility_3_question_3131,463.1,175.0,1730.0
1615883,stimulus_Ins_LearningMobility_3_question_3131,463.7,174.8,1732.0
1615884,stimulus_Ins_LearningMobility_3_question_3131,463.6,174.6,1732.0
1615885,stimulus_Ins_LearningMobility_3_question_3131,463.4,174.4,1732.0
1615886,stimulus_Ins_LearningMobility_3_question_3131,463.2,174.7,1731.0
1615887,stimulus_Ins_LearningMobility_3_question_3131,463.2,175.2,1731.0
1615888,stimulus_Ins_LearningMobility_3_question_3131,463.3,175.9,1731.0
1615889,stimulus_Ins_LearningMobility_3_question_3131,463.3,176.1,1730.0
1615890,stimulus_Ins_LearningMobility_3_question_3131,463.3,176.3,1730.0
1615891,stimulus_Ins_LearningMobility_3_question_3131,463.1,176.3,1730.0
1615892,stimulus_Ins_LearningMobility_3_question_3131,463.0,176.2,1730.0
1615893,stimulus_Ins_LearningMobility_3_question_3131,463.0,176.0,1730.0
1615894,stimulus_Ins_LearningMobility_3_question_3131,463.1,175.9,1730.0
1615895,stimulus_Ins_LearningMobility_3_question_3131,463.1,176.0,1730.0
1615896,stimulus_Ins_LearningMobility_3_question_3131,463.1,175.9,1731.0
1615897,stimulus_Ins_LearningMobility_3_question_3131,463.0,175.9,1731.0
1615898,stimulus_Ins_LearningMobility_3_question_3131,463.0,176.0,1730.0
1615899,stimulus_Ins_LearningMobility_3_question_3131,463.1,176.1,1729.0
1615900,stimulus_Ins_LearningMobility_3_question_3131,463.1,176.3,1729.0
1615901,stimulus_Ins_LearningMobility_3_question_3131,463.6,176.4,1729.0
1615902,stimulus_Ins_LearningMobility_3_question_3131,464.3,176.6,1729.0
1615903,stimulus_Ins_LearningMobility_3_question_3131,465.1,176.3,1730.0
1615904,stimulus_Ins_LearningMobility_3_question_3131,464.9,176.0,1731.0
1615905,stimulus_Ins_LearningMobility_3_question_3131,464.5,175.7,1732.0
1615906,stimulus_Ins_LearningMobility_3_question_3131,464.1,175.7,1733.0
1615907,stimulus_Ins_LearningMobility_3_question_3131,464.2,175.8,1732.0
1615908,stimulus_Ins_LearningMobility_3_question_3131,464.2,175.9,1730.0
1615909,stimulus_Ins_LearningMobility_3_question_3131,464.1,175.9,1729.0
1615910,stimulus_Ins_LearningMobility_3_question_3131,463.9,176.0,1729.0
1615911,stimulus_Ins_LearningMobility_3_question_3131,463.8,175.9,1729.0
1615912,stimulus_Ins_LearningMobility_3_question_3131,463.8,175.9,1729.0
1615913,stimulus_Ins_LearningMobility_3_question_3131,464.4,175.8,1731.0
1615914,stimulus_Ins_LearningMobility_3_question_3131,464.9,175.7,1731.0
1615915,stimulus_Ins_LearningMobility_3_question_3131,465.2,175.6,1730.0
1615916,stimulus_Ins_LearningMobility_3_question_3131,464.7,175.8,1729.0
1615917,stimulus_Ins_LearningMobility_3_question_3131,464.2,176.1,1726.0
1615918,stimulus_Ins_LearningMobility_3_question_3131,463.9,176.4,1724.0
1615919,stimulus_Ins_LearningMobility_3_question_3131,464.4,176.5,1723.0
1615920,stimulus_Ins_LearningMobility_3_question_3131,464.9,176.7,1725.0
1615921,stimulus_Ins_LearningMobility_3_question_3131,465.1,176.7,1727.0
1615922,stimulus_Ins_LearningMobility_3_question_3131,464.9,176.7,1729.0
1615923,stimulus_Ins_LearningMobility_3_question_3131,464.6,176.7,1730.0
1615924,stimulus_Ins_LearningMobility_3_question_3131,464.5,176.6,1731.0
1615925,stimulus_Ins_LearningMobility_3_question_3131,464.3,176.8,1731.0
1615926,stimulus_Ins_LearningMobility_3_question_3131,464.0,177.1,1730.0
1615927,stimulus_Ins_LearningMobility_3_question_3131,463.9,177.3,1729.0
1615928,stimulus_Ins_LearningMobility_3_question_3131,463.8,177.4,1728.0
1615929,stimulus_Ins_LearningMobility_3_question_3131,463.9,177.5,1726.0
1615930,stimulus_Ins_LearningMobility_3_question_3131,463.4,177.1,1725.0
1615931,stimulus_Ins_LearningMobility_3_question_3131,462.8,176.4,1725.0
1615932,stimulus_Ins_LearningMobility_3_question_3131,462.2,175.6,1727.0
1615933,stimulus_Ins_LearningMobility_3_question_3131,462.3,175.2,1729.0
1615934,stimulus_Ins_LearningMobility_3_question_3131,462.6,175.1,1728.0
1615935,stimulus_Ins_LearningMobility_3_question_3131,462.8,175.1,1727.0
1615936,stimulus_Ins_LearningMobility_3_question_3131,462.7,175.0,1727.0
1615937,stimulus_Ins_LearningMobility_3_question_3131,462.2,175.1,1726.0
1615938,stimulus_Ins_LearningMobility_3_question_3131,461.7,175.1,1725.0
1615939,stimulus_Ins_LearningMobility_3_question_3131,461.3,174.4,1725.0
1615940,stimulus_Ins_LearningMobility_3_question_3131,461.4,173.8,1726.0
1615941,stimulus_Ins_LearningMobility_3_question_3131,462.1,174.2,1726.0
1615942,stimulus_Ins_LearningMobility_3_question_3131,462.7,175.1,1725.0
1615943,stimulus_Ins_LearningMobility_3_question_3131,463.4,175.9,1725.0
1615944,stimulus_Ins_LearningMobility_3_question_3131,463.4,175.8,1728.0
1615945,stimulus_Ins_LearningMobility_3_question_3131,463.3,175.4,1730.0
1615946,stimulus_Ins_LearningMobility_3_question_3131,463.3,175.3,1732.0
1615947,stimulus_Ins_LearningMobility_3_question_3131,463.4,175.1,1730.0
1615948,stimulus_Ins_LearningMobility_3_question_3131,463.2,175.2,1729.0
1615949,stimulus_Ins_LearningMobility_3_question_3131,463.0,175.2,1726.0
1615950,stimulus_Ins_LearningMobility_3_question_3131,462.9,175.2,1726.0
1615951,stimulus_Ins_LearningMobility_3_question_3131,462.8,175.5,1726.0
1615952,stimulus_Ins_LearningMobility_3_question_3131,462.6,175.7,1726.0
1615953,stimulus_Ins_LearningMobility_3_question_3131,462.3,175.9,1727.0
1615954,stimulus_Ins_LearningMobility_3_question_3131,462.1,175.8,1726.0
1615955,stimulus_Ins_LearningMobility_3_question_3131,462.1,175.7,1725.0
1615956,stimulus_Ins_LearningMobility_3_question_3131,462.0,175.8,1724.0
1615957,stimulus_Ins_LearningMobility_3_question_3131,462.0,176.0,1724.0
1615958,stimulus_Ins_LearningMobility_3_question_3131,462.0,176.1,1724.0
1615959,stimulus_Ins_LearningMobility_3_question_3131,462.4,176.0,1723.0
1615960,stimulus_Ins_LearningMobility_3_question_3131,462.8,175.9,1722.0
1615961,stimulus_Ins_LearningMobility_3_question_3131,463.2,175.9,1722.0
1615962,stimulus_Ins_LearningMobility_3_question_3131,463.1,176.0,1722.0
1615963,stimulus_Ins_LearningMobility_3_question_3131,463.0,176.1,1723.0
1615964,stimulus_Ins_LearningMobility_3_question_3131,462.9,176.0,1724.0
1615965,stimulus_Ins_LearningMobility_3_question_3131,462.9,176.0,1723.0
1615966,stimulus_Ins_LearningMobility_3_question_3131,463.1,176.0,1722.0
1615967,stimulus_Ins_LearningMobility_3_question_3131,463.3,176.0,1720.0
1615968,stimulus_Ins_LearningMobility_3_question_3131,463.3,176.4,1720.0
1615969,stimulus_Ins_LearningMobility_3_question_3131,463.3,176.9,1720.0
1615970,stimulus_Ins_LearningMobility_3_question_3131,463.2,177.4,1720.0
1615971,stimulus_Ins_LearningMobility_3_question_3131,463.2,177.3,1721.0
1615972,stimulus_Ins_LearningMobility_3_question_3131,463.3,177.3,1721.0
1615973,stimulus_Ins_LearningMobility_3_question_3131,463.4,177.3,1721.0
1615974,stimulus_Ins_LearningMobility_3_question_3131,463.5,177.4,1722.0
1615975,stimulus_Ins_LearningMobility_3_question_3131,463.6,177.2,1721.0
1615976,stimulus_Ins_LearningMobility_3_question_3131,463.8,177.0,1721.0
1615977,stimulus_Ins_LearningMobility_3_question_3131,463.9,177.2,1722.0
1615978,stimulus_Ins_LearningMobility_3_question_3131,463.9,177.9,1723.0
1615979,stimulus_Ins_LearningMobility_3_question_3131,463.8,178.5,1724.0
1615980,stimulus_Ins_LearningMobility_3_question_3131,463.8,178.7,1724.0
1615981,stimulus_Ins_LearningMobility_3_question_3131,463.8,178.5,1724.0
1615982,stimulus_Ins_LearningMobility_3_question_3131,463.9,178.0,1724.0
1615983,stimulus_Ins_LearningMobility_3_question_3131,463.9,177.6,1724.0
1615984,stimulus_Ins_LearningMobility_3_question_3131,463.9,177.4,1725.0
1615985,stimulus_Ins_LearningMobility_3_question_3131,463.8,177.4,1724.0
1615986,stimulus_Ins_LearningMobility_3_question_3131,463.7,177.3,1721.0
1615987,stimulus_Ins_LearningMobility_3_question_3131,463.7,177.2,1717.0
1615988,stimulus_Ins_LearningMobility_3_question_3131,463.7,177.3,1716.0
1615989,stimulus_Ins_LearningMobility_3_question_3131,463.7,177.6,1716.0
1615990,stimulus_Ins_LearningMobility_3_question_3131,463.7,177.8,1716.0
1615991,stimulus_Ins_LearningMobility_3_question_3131,463.7,177.7,1717.0
1615992,stimulus_Ins_LearningMobility_3_question_3131,463.8,177.5,1717.0
1615993,stimulus_Ins_LearningMobility_3_question_3131,464.0,177.3,1718.0
1615994,stimulus_Ins_LearningMobility_3_question_3131,464.0,177.2,1719.0
1615995,stimulus_Ins_LearningMobility_3_question_3131,463.8,177.1,1720.0
1615996,stimulus_Ins_LearningMobility_3_question_3131,463.7,177.1,1720.0
1615997,stimulus_Ins_LearningMobility_3_question_3131,463.7,177.1,1720.0
1615998,stimulus_Ins_LearningMobility_3_question_3131,463.5,177.2,1720.0
1615999,stimulus_Ins_LearningMobility_3_question_3131,463.5,177.3,1719.0
1616000,stimulus_Ins_LearningMobility_3_question_3131,463.4,177.4,1717.0
1616001,stimulus_Ins_LearningMobility_3_question_3131,463.4,177.4,1716.0
1616002,stimulus_Ins_LearningMobility_3_question_3131,463.2,177.2,1716.0
1616003,stimulus_Ins_LearningMobility_3_question_3131,463.2,176.9,1716.0
1616004,stimulus_Ins_LearningMobility_3_question_3131,463.3,176.6,1717.0
1616005,stimulus_Ins_LearningMobility_3_question_3131,463.3,176.7,1719.0
1616006,stimulus_Ins_LearningMobility_3_question_3131,463.3,176.9,1720.0
1616007,stimulus_Ins_LearningMobility_3_question_3131,463.2,177.2,1720.0
1616008,stimulus_Ins_LearningMobility_3_question_3131,463.0,177.4,1720.0
1616009,stimulus_Ins_LearningMobility_3_question_3131,462.5,177.3,1717.0
1616010,stimulus_Ins_LearningMobility_3_question_3131,462.3,176.9,1715.0
1616011,stimulus_Ins_LearningMobility_3_question_3131,462.2,176.5,1714.0
1616012,stimulus_Ins_LearningMobility_3_question_3131,462.4,176.4,1716.0
1616013,stimulus_Ins_LearningMobility_3_question_3131,462.7,176.4,1718.0
1616014,stimulus_Ins_LearningMobility_3_question_3131,462.7,176.3,1720.0
1616015,stimulus_Ins_LearningMobility_3_question_3131,462.7,176.3,1722.0
1616016,stimulus_Ins_LearningMobility_3_question_3131,462.5,176.7,1724.0
1616017,stimulus_Ins_LearningMobility_3_question_3131,462.4,177.1,1722.0
1616018,stimulus_Ins_LearningMobility_3_question_3131,462.3,177.4,1718.0
1616019,stimulus_Ins_LearningMobility_3_question_3131,462.5,177.2,1715.0
1616020,stimulus_Ins_LearningMobility_3_question_3131,462.7,177.0,1715.0
1616021,stimulus_Ins_LearningMobility_3_question_3131,462.7,177.3,1715.0
1616022,stimulus_Ins_LearningMobility_3_question_3131,462.7,177.7,1717.0
1616023,stimulus_Ins_LearningMobility_3_question_3131,462.5,177.8,1719.0
1616024,stimulus_Ins_LearningMobility_3_question_3131,462.3,177.5,1720.0
1616025,stimulus_Ins_LearningMobility_3_question_3131,462.1,177.3,1720.0
1616026,stimulus_Ins_LearningMobility_3_question_3131,462.5,177.7,1720.0
1616027,stimulus_Ins_LearningMobility_3_question_3131,462.9,178.1,1720.0
1616028,stimulus_Ins_LearningMobility_3_question_3131,463.4,178.3,1720.0
1616029,stimulus_Ins_LearningMobility_3_question_3131,463.5,178.0,1720.0
1616030,stimulus_Ins_LearningMobility_3_question_3131,463.5,177.7,1719.0
1616031,stimulus_Ins_LearningMobility_3_question_3131,463.7,177.8,1719.0
1616032,stimulus_Ins_LearningMobility_3_question_3131,464.0,178.1,1719.0
1616033,stimulus_Ins_LearningMobility_3_question_3131,464.2,178.6,1718.0
1616034,stimulus_Ins_LearningMobility_3_question_3131,464.7,178.7,1717.0
1616035,stimulus_Ins_LearningMobility_3_question_3131,465.0,178.9,1716.0
1616036,stimulus_Ins_LearningMobility_3_question_3131,465.3,178.3,1717.0
1616037,stimulus_Ins_LearningMobility_3_question_3131,464.8,177.7,1717.0
1616038,stimulus_Ins_LearningMobility_3_question_3131,463.4,177.1,1717.0
1616039,stimulus_Ins_LearningMobility_3_question_3131,461.2,177.0,1717.0
1616040,stimulus_Ins_LearningMobility_3_question_3131,458.2,176.8,1717.0
1616041,stimulus_Ins_LearningMobility_3_question_3131,453.9,175.7,1718.0
1616042,stimulus_Ins_LearningMobility_3_question_3131,448.5,174.5,1719.0
1616043,stimulus_Ins_LearningMobility_3_question_3131,442.4,173.3,1721.0
1616044,stimulus_Ins_LearningMobility_3_question_3131,436.8,173.0,1720.0
1616045,stimulus_Ins_LearningMobility_3_question_3131,430.7,172.3,1720.0
1616046,stimulus_Ins_LearningMobility_3_question_3131,425.1,171.6,1719.0
1616047,stimulus_Ins_LearningMobility_3_question_3131,419.9,171.0,1718.0
1616048,stimulus_Ins_LearningMobility_3_question_3131,416.0,171.5,1718.0
1616049,stimulus_Ins_LearningMobility_3_question_3131,412.7,172.0,1719.0
1616050,stimulus_Ins_LearningMobility_3_question_3131,410.3,172.5,1720.0
1616051,stimulus_Ins_LearningMobility_3_question_3131,408.7,172.5,1720.0
1616052,stimulus_Ins_LearningMobility_3_question_3131,408.4,172.4,1720.0
1616053,stimulus_Ins_LearningMobility_3_question_3131,408.6,172.3,1719.0
1616054,stimulus_Ins_LearningMobility_3_question_3131,408.7,172.3,1720.0
1616055,stimulus_Ins_LearningMobility_3_question_3131,408.6,172.4,1722.0
1616056,stimulus_Ins_LearningMobility_3_question_3131,408.5,173.0,1721.0
1616057,stimulus_Ins_LearningMobility_3_question_3131,408.5,174.2,1717.0
1616058,stimulus_Ins_LearningMobility_3_question_3131,409.1,175.3,1713.0
1616059,stimulus_Ins_LearningMobility_3_question_3131,409.8,175.7,1712.0
1616060,stimulus_Ins_LearningMobility_3_question_3131,410.6,175.4,1712.0
1616061,stimulus_Ins_LearningMobility_3_question_3131,410.7,175.2,1712.0
1616062,stimulus_Ins_LearningMobility_3_question_3131,410.9,174.9,1714.0
1616063,stimulus_Ins_LearningMobility_3_question_3131,412.0,174.6,1715.0
1616064,stimulus_Ins_LearningMobility_3_question_3131,412.8,174.3,1716.0
1616065,stimulus_Ins_LearningMobility_3_question_3131,413.6,174.3,1716.0
1616066,stimulus_Ins_LearningMobility_3_question_3131,413.7,174.2,1715.0
1616067,stimulus_Ins_LearningMobility_3_question_3131,413.7,174.2,1713.0
1616068,stimulus_Ins_LearningMobility_3_question_3131,413.6,174.2,1713.0
1616069,stimulus_Ins_LearningMobility_3_question_3131,413.6,174.1,1714.0
1616070,stimulus_Ins_LearningMobility_3_question_3131,413.5,174.0,1716.0
1616071,stimulus_Ins_LearningMobility_3_question_3131,413.3,173.8,1717.0
1616072,stimulus_Ins_LearningMobility_3_question_3131,413.1,173.4,1717.0
1616073,stimulus_Ins_LearningMobility_3_question_3131,412.4,173.1,1718.0
1616074,stimulus_Ins_LearningMobility_3_question_3131,412.0,172.6,1718.0
1616075,stimulus_Ins_LearningMobility_3_question_3131,411.6,172.2,1717.0
1616076,stimulus_Ins_LearningMobility_3_question_3131,411.6,171.8,1716.0
1616077,stimulus_Ins_LearningMobility_3_question_3131,411.5,172.3,1715.0
1616078,stimulus_Ins_LearningMobility_3_question_3131,411.4,173.2,1715.0
1616079,stimulus_Ins_LearningMobility_3_question_3131,411.3,173.8,1714.0
1616080,stimulus_Ins_LearningMobility_3_question_3131,411.2,173.7,1713.0
1616081,stimulus_Ins_LearningMobility_3_question_3131,411.3,173.6,1714.0
1616082,stimulus_Ins_LearningMobility_3_question_3131,411.4,173.4,1715.0
1616083,stimulus_Ins_LearningMobility_3_question_3131,411.4,173.3,1716.0
1616084,stimulus_Ins_LearningMobility_3_question_3131,411.9,173.0,1718.0
1616085,stimulus_Ins_LearningMobility_3_question_3131,412.3,173.0,1720.0
1616086,stimulus_Ins_LearningMobility_3_question_3131,412.9,173.0,1722.0
1616087,stimulus_Ins_LearningMobility_3_question_3131,413.0,173.0,1720.0
1616088,stimulus_Ins_LearningMobility_3_question_3131,412.6,173.2,1719.0
1616089,stimulus_Ins_LearningMobility_3_question_3131,412.1,173.4,1718.0
1616090,stimulus_Ins_LearningMobility_3_question_3131,411.6,173.5,1718.0
1616091,stimulus_Ins_LearningMobility_3_question_3131,411.7,173.5,1717.0
1616092,stimulus_Ins_LearningMobility_3_question_3131,411.7,173.4,1717.0
1616093,stimulus_Ins_LearningMobility_3_question_3131,411.7,173.3,1718.0
1616094,stimulus_Ins_LearningMobility_3_question_3131,411.4,173.3,1718.0
1616095,stimulus_Ins_LearningMobility_3_question_3131,411.1,173.3,1719.0
1616096,stimulus_Ins_LearningMobility_3_question_3131,410.8,173.4,1719.0
1616097,stimulus_Ins_LearningMobility_3_question_3131,410.8,173.6,1718.0
1616098,stimulus_Ins_LearningMobility_3_question_3131,410.8,173.7,1717.0
1616099,stimulus_Ins_LearningMobility_3_question_3131,410.8,173.7,1715.0
1616100,stimulus_Ins_LearningMobility_3_question_3131,410.8,173.7,1713.0
1616101,stimulus_Ins_LearningMobility_3_question_3131,410.8,173.7,1716.0
1616102,stimulus_Ins_LearningMobility_3_question_3131,411.1,173.8,1719.0
1616103,stimulus_Ins_LearningMobility_3_question_3131,411.4,173.9,1723.0
1616104,stimulus_Ins_LearningMobility_3_question_3131,411.7,173.8,1722.0
1616105,stimulus_Ins_LearningMobility_3_question_3131,411.8,173.7,1720.0
1616106,stimulus_Ins_LearningMobility_3_question_3131,411.9,173.7,1717.0
1616107,stimulus_Ins_LearningMobility_3_question_3131,411.9,173.6,1718.0
1616108,stimulus_Ins_LearningMobility_3_question_3131,411.9,173.6,1719.0
1616109,stimulus_Ins_LearningMobility_3_question_3131,411.9,173.8,1720.0
1616110,stimulus_Ins_LearningMobility_3_question_3131,411.9,174.0,1720.0
1616111,stimulus_Ins_LearningMobility_3_question_3131,412.0,174.3,1720.0
1616112,stimulus_Ins_LearningMobility_3_question_3131,412.2,174.4,1723.0
1616113,stimulus_Ins_LearningMobility_3_question_3131,412.5,174.5,1726.0
1616114,stimulus_Ins_LearningMobility_3_question_3131,412.8,174.7,1728.0
1616115,stimulus_Ins_LearningMobility_3_question_3131,412.8,174.9,1728.0
1616116,stimulus_Ins_LearningMobility_3_question_3131,412.7,175.1,1727.0
1616117,stimulus_Ins_LearningMobility_3_question_3131,412.7,175.4,1726.0
1616118,stimulus_Ins_LearningMobility_3_question_3131,412.6,175.9,1725.0
1616119,stimulus_Ins_LearningMobility_3_question_3131,412.5,176.4,1724.0
1616120,stimulus_Ins_LearningMobility_3_question_3131,412.4,176.2,1723.0
1616121,stimulus_Ins_LearningMobility_3_question_3131,412.4,175.4,1722.0
1616122,stimulus_Ins_LearningMobility_3_question_3131,412.3,174.6,1720.0
1616123,stimulus_Ins_LearningMobility_3_question_3131,412.2,174.4,1721.0
1616124,stimulus_Ins_LearningMobility_3_question_3131,412.1,174.2,1721.0
1616125,stimulus_Ins_LearningMobility_3_question_3131,412.2,173.9,1721.0
1616126,stimulus_Ins_LearningMobility_3_question_3131,412.3,173.9,1720.0
1616127,stimulus_Ins_LearningMobility_3_question_3131,412.3,174.2,1719.0
1616128,stimulus_Ins_LearningMobility_3_question_3131,412.1,174.6,1719.0
1616129,stimulus_Ins_LearningMobility_3_question_3131,411.9,175.0,1719.0
1616130,stimulus_Ins_LearningMobility_3_question_3131,411.8,175.1,1719.0
1616131,stimulus_Ins_LearningMobility_3_question_3131,411.8,175.5,1719.0
1616132,stimulus_Ins_LearningMobility_3_question_3131,412.2,175.7,1720.0
1616133,stimulus_Ins_LearningMobility_3_question_3131,412.6,175.8,1722.0
1616134,stimulus_Ins_LearningMobility_3_question_3131,412.8,175.7,1724.0
1616135,stimulus_Ins_LearningMobility_3_question_3131,412.6,175.3,1726.0
1616136,stimulus_Ins_LearningMobility_3_question_3131,412.3,175.0,1726.0
1616137,stimulus_Ins_LearningMobility_3_question_3131,412.1,174.8,1725.0
1616138,stimulus_Ins_LearningMobility_3_question_3131,412.1,174.8,1723.0
1616139,stimulus_Ins_LearningMobility_3_question_3131,412.2,174.7,1722.0
1616140,stimulus_Ins_LearningMobility_3_question_3131,412.4,174.6,1722.0
1616141,stimulus_Ins_LearningMobility_3_question_3131,412.4,174.7,1720.0
1616142,stimulus_Ins_LearningMobility_3_question_3131,412.4,174.9,1719.0
1616143,stimulus_Ins_LearningMobility_3_question_3131,412.4,175.1,1719.0
1616144,stimulus_Ins_LearningMobility_3_question_3131,412.3,175.5,1723.0
1616145,stimulus_Ins_LearningMobility_3_question_3131,412.2,175.9,1726.0
1616146,stimulus_Ins_LearningMobility_3_question_3131,412.2,176.1,1728.0
1616147,stimulus_Ins_LearningMobility_3_question_3131,412.3,176.0,1726.0
1616148,stimulus_Ins_LearningMobility_3_question_3131,412.8,175.9,1724.0
1616149,stimulus_Ins_LearningMobility_3_question_3131,413.3,175.6,1722.0
1616150,stimulus_Ins_LearningMobility_3_question_3131,413.7,175.2,1722.0
1616151,stimulus_Ins_LearningMobility_3_question_3131,413.6,174.8,1722.0
1616152,stimulus_Ins_LearningMobility_3_question_3131,413.5,175.0,1724.0
1616153,stimulus_Ins_LearningMobility_3_question_3131,413.2,175.0,1726.0
1616154,stimulus_Ins_LearningMobility_3_question_3131,413.0,175.1,1727.0
1616155,stimulus_Ins_LearningMobility_3_question_3131,412.7,175.2,1726.0
1616156,stimulus_Ins_LearningMobility_3_question_3131,412.7,175.4,1726.0
1616157,stimulus_Ins_LearningMobility_3_question_3131,412.7,175.7,1726.0
1616158,stimulus_Ins_LearningMobility_3_question_3131,412.8,175.8,1725.0
1616159,stimulus_Ins_LearningMobility_3_question_3131,412.7,175.8,1725.0
1616160,stimulus_Ins_LearningMobility_3_question_3131,412.7,175.7,1725.0
1616161,stimulus_Ins_LearningMobility_3_question_3131,412.6,175.6,1726.0
1616162,stimulus_Ins_LearningMobility_3_question_3131,412.6,175.5,1727.0
1616163,stimulus_Ins_LearningMobility_3_question_3131,412.6,175.4,1728.0
1616164,stimulus_Ins_LearningMobility_3_question_3131,412.5,175.6,1728.0
1616165,stimulus_Ins_LearningMobility_3_question_3131,412.3,175.7,1728.0
1616166,stimulus_Ins_LearningMobility_3_question_3131,412.2,175.9,1727.0
1616167,stimulus_Ins_LearningMobility_3_question_3131,412.3,176.1,1727.0
1616168,stimulus_Ins_LearningMobility_3_question_3131,412.4,176.3,1726.0
1616169,stimulus_Ins_LearningMobility_3_question_3131,412.6,176.4,1726.0
1616170,stimulus_Ins_LearningMobility_3_question_3131,412.7,176.2,1726.0
1616171,stimulus_Ins_LearningMobility_3_question_3131,412.8,175.5,1727.0
1616172,stimulus_Ins_LearningMobility_3_question_3131,412.8,175.2,1728.0
1616173,stimulus_Ins_LearningMobility_3_question_3131,412.6,175.0,1728.0
1616174,stimulus_Ins_LearningMobility_3_question_3131,412.3,175.2,1729.0
1616175,stimulus_Ins_LearningMobility_3_question_3131,412.1,175.2,1728.0
1616176,stimulus_Ins_LearningMobility_3_question_3131,412.2,175.1,1728.0
1616177,stimulus_Ins_LearningMobility_3_question_3131,412.2,175.1,1727.0
1616178,stimulus_Ins_LearningMobility_3_question_3131,412.1,175.2,1727.0
1616179,stimulus_Ins_LearningMobility_3_question_3131,412.0,175.4,1727.0
1616180,stimulus_Ins_LearningMobility_3_question_3131,411.9,175.6,1727.0
1616181,stimulus_Ins_LearningMobility_3_question_3131,412.2,176.1,1728.0
1616182,stimulus_Ins_LearningMobility_3_question_3131,412.5,176.6,1730.0
1616183,stimulus_Ins_LearningMobility_3_question_3131,412.9,176.5,1731.0
1616184,stimulus_Ins_LearningMobility_3_question_3131,413.2,175.9,1731.0
1616185,stimulus_Ins_LearningMobility_3_question_3131,413.4,175.3,1731.0
1616186,stimulus_Ins_LearningMobility_3_question_3131,413.1,175.3,1731.0
1616187,stimulus_Ins_LearningMobility_3_question_3131,412.6,175.4,1731.0
1616188,stimulus_Ins_LearningMobility_3_question_3131,412.2,175.5,1731.0
1616189,stimulus_Ins_LearningMobility_3_question_3131,412.3,175.6,1731.0
1616190,stimulus_Ins_LearningMobility_3_question_3131,412.5,175.5,1730.0
1616191,stimulus_Ins_LearningMobility_3_question_3131,412.3,175.5,1730.0
1616192,stimulus_Ins_LearningMobility_3_question_3131,412.0,175.5,1729.0
1616193,stimulus_Ins_LearningMobility_3_question_3131,411.9,175.5,1729.0
1616194,stimulus_Ins_LearningMobility_3_question_3131,412.2,175.7,1730.0
1616195,stimulus_Ins_LearningMobility_3_question_3131,412.4,175.9,1731.0
1616196,stimulus_Ins_LearningMobility_3_question_3131,412.4,175.9,1731.0
1616197,stimulus_Ins_LearningMobility_3_question_3131,412.4,175.7,1731.0
1616198,stimulus_Ins_LearningMobility_3_question_3131,412.5,175.4,1731.0
1616199,stimulus_Ins_LearningMobility_3_question_3131,412.6,175.2,1730.0
1616200,stimulus_Ins_LearningMobility_3_question_3131,412.3,175.0,1730.0
1616201,stimulus_Ins_LearningMobility_3_question_3131,412.2,174.9,1730.0
1616202,stimulus_Ins_LearningMobility_3_question_3131,412.0,174.8,1730.0
1616203,stimulus_Ins_LearningMobility_3_question_3131,412.2,174.9,1731.0
1616204,stimulus_Ins_LearningMobility_3_question_3131,412.4,175.0,1731.0
1616205,stimulus_Ins_LearningMobility_3_question_3131,412.7,175.1,1733.0
1616206,stimulus_Ins_LearningMobility_3_question_3131,412.9,175.2,1737.0
1616207,stimulus_Ins_LearningMobility_3_question_3131,413.1,175.3,1741.0
1616208,stimulus_Ins_LearningMobility_3_question_3131,413.0,175.4,1737.0
1616209,stimulus_Ins_LearningMobility_3_question_3131,412.2,175.8,1731.0
1616210,stimulus_Ins_LearningMobility_3_question_3131,411.2,176.0,1725.0
1616211,stimulus_Ins_LearningMobility_3_question_3131,410.2,176.0,1724.0
1616212,stimulus_Ins_LearningMobility_3_question_3131,410.7,175.7,1726.0
1616213,stimulus_Ins_LearningMobility_3_question_3131,412.1,175.5,1730.0
1616214,stimulus_Ins_LearningMobility_3_question_3131,414.4,175.6,1734.0
1616215,stimulus_Ins_LearningMobility_3_question_3131,417.7,176.3,1735.0
1616216,stimulus_Ins_LearningMobility_3_question_3131,422.0,177.0,1735.0
1616217,stimulus_Ins_LearningMobility_3_question_3131,427.4,177.6,1736.0
1616218,stimulus_Ins_LearningMobility_3_question_3131,432.7,177.5,1737.0
1616219,stimulus_Ins_LearningMobility_3_question_3131,438.0,177.5,1737.0
1616220,stimulus_Ins_LearningMobility_3_question_3131,443.2,177.5,1736.0
1616221,stimulus_Ins_LearningMobility_3_question_3131,449.8,177.5,1737.0
1616222,stimulus_Ins_LearningMobility_3_question_3131,457.4,177.5,1739.0
1616223,stimulus_Ins_LearningMobility_3_question_3131,465.6,177.6,1741.0
1616224,stimulus_Ins_LearningMobility_3_question_3131,472.0,177.6,1741.0
1616225,stimulus_Ins_LearningMobility_3_question_3131,477.7,177.0,1742.0
1616226,stimulus_Ins_LearningMobility_3_question_3131,482.3,176.3,1739.0
1616227,stimulus_Ins_LearningMobility_3_question_3131,487.7,175.9,1736.0
1616228,stimulus_Ins_LearningMobility_3_question_3131,492.6,176.1,1734.0
1616229,stimulus_Ins_LearningMobility_3_question_3131,497.3,176.2,1734.0
1616230,stimulus_Ins_LearningMobility_3_question_3131,501.2,175.9,1733.0
1616231,stimulus_Ins_LearningMobility_3_question_3131,503.9,175.2,1730.0
1616232,stimulus_Ins_LearningMobility_3_question_3131,506.6,174.3,1727.0
1616233,stimulus_Ins_LearningMobility_3_question_3131,508.7,173.4,1726.0
1616234,stimulus_Ins_LearningMobility_3_question_3131,510.9,172.8,1727.0
1616235,stimulus_Ins_LearningMobility_3_question_3131,512.7,172.4,1727.0
1616236,stimulus_Ins_LearningMobility_3_question_3131,513.6,172.6,1724.0
1616237,stimulus_Ins_LearningMobility_3_question_3131,515.1,172.8,1722.0
1616238,stimulus_Ins_LearningMobility_3_question_3131,517.3,172.9,1721.0
1616239,stimulus_Ins_LearningMobility_3_question_3131,519.5,172.8,1720.0
1616240,stimulus_Ins_LearningMobility_3_question_3131,521.0,172.8,1721.0
1616241,stimulus_Ins_LearningMobility_3_question_3131,522.3,172.7,1722.0
1616242,stimulus_Ins_LearningMobility_3_question_3131,523.5,172.6,1724.0
1616243,stimulus_Ins_LearningMobility_3_question_3131,524.6,172.5,1724.0
1616244,stimulus_Ins_LearningMobility_3_question_3131,524.6,172.2,1724.0
1616245,stimulus_Ins_LearningMobility_3_question_3131,524.7,172.0,1723.0
1616246,stimulus_Ins_LearningMobility_3_question_3131,524.7,171.8,1723.0
1616247,stimulus_Ins_LearningMobility_3_question_3131,525.1,171.7,1722.0
1616248,stimulus_Ins_LearningMobility_3_question_3131,525.6,171.4,1720.0
1616249,stimulus_Ins_LearningMobility_3_question_3131,526.0,171.2,1720.0
1616250,stimulus_Ins_LearningMobility_3_question_3131,526.2,170.9,1721.0
1616251,stimulus_Ins_LearningMobility_3_question_3131,526.5,170.8,1722.0
1616252,stimulus_Ins_LearningMobility_3_question_3131,526.7,170.6,1723.0
1616253,stimulus_Ins_LearningMobility_3_question_3131,526.6,170.7,1724.0
1616254,stimulus_Ins_LearningMobility_3_question_3131,526.5,170.8,1724.0
1616255,stimulus_Ins_LearningMobility_3_question_3131,526.4,170.8,1722.0
1616256,stimulus_Ins_LearningMobility_3_question_3131,526.4,170.6,1721.0
1616257,stimulus_Ins_LearningMobility_3_question_3131,526.5,170.4,1720.0
1616258,stimulus_Ins_LearningMobility_3_question_3131,526.6,170.5,1719.0
1616259,stimulus_Ins_LearningMobility_3_question_3131,526.5,171.1,1718.0
1616260,stimulus_Ins_LearningMobility_3_question_3131,526.4,171.6,1717.0
1616261,stimulus_Ins_LearningMobility_3_question_3131,526.3,171.9,1716.0
1616262,stimulus_Ins_LearningMobility_3_question_3131,526.2,171.8,1716.0
1616263,stimulus_Ins_LearningMobility_3_question_3131,525.8,171.9,1716.0
1616264,stimulus_Ins_LearningMobility_3_question_3131,525.5,171.9,1717.0
1616265,stimulus_Ins_LearningMobility_3_question_3131,525.3,171.8,1717.0
1616266,stimulus_Ins_LearningMobility_3_question_3131,525.3,171.6,1716.0
1616267,stimulus_Ins_LearningMobility_3_question_3131,525.2,171.7,1716.0
1616268,stimulus_Ins_LearningMobility_3_question_3131,525.2,171.8,1715.0
1616269,stimulus_Ins_LearningMobility_3_question_3131,525.2,172.0,1714.0
1616270,stimulus_Ins_LearningMobility_3_question_3131,525.3,171.8,1714.0
1616271,stimulus_Ins_LearningMobility_3_question_3131,525.4,171.7,1715.0
1616272,stimulus_Ins_LearningMobility_3_question_3131,525.5,171.8,1716.0
1616273,stimulus_Ins_LearningMobility_3_question_3131,525.8,171.8,1718.0
1616274,stimulus_Ins_LearningMobility_3_question_3131,526.2,171.9,1719.0
1616275,stimulus_Ins_LearningMobility_3_question_3131,526.5,171.8,1719.0
1616276,stimulus_Ins_LearningMobility_3_question_3131,526.1,171.8,1717.0
1616277,stimulus_Ins_LearningMobility_3_question_3131,525.7,171.8,1714.0
1616278,stimulus_Ins_LearningMobility_3_question_3131,525.4,171.9,1712.0
1616279,stimulus_Ins_LearningMobility_3_question_3131,525.3,172.0,1712.0
1616280,stimulus_Ins_LearningMobility_3_question_3131,525.3,172.1,1712.0
1616281,stimulus_Ins_LearningMobility_3_question_3131,525.3,172.0,1712.0
1616282,stimulus_Ins_LearningMobility_3_question_3131,525.3,172.0,1711.0
1616283,stimulus_Ins_LearningMobility_3_question_3131,525.4,172.0,1711.0
1616284,stimulus_Ins_LearningMobility_3_question_3131,525.6,172.1,1711.0
1616285,stimulus_Ins_LearningMobility_3_question_3131,525.9,172.1,1711.0
1616286,stimulus_Ins_LearningMobility_3_question_3131,526.2,172.1,1711.0
1616287,stimulus_Ins_LearningMobility_3_question_3131,525.8,171.7,1710.0
1616288,stimulus_Ins_LearningMobility_3_question_3131,525.5,171.4,1709.0
1616289,stimulus_Ins_LearningMobility_3_question_3131,525.1,171.9,1707.0
1616290,stimulus_Ins_LearningMobility_3_question_3131,525.1,172.8,1705.0
1616291,stimulus_Ins_LearningMobility_3_question_3131,525.1,173.6,1704.0
1616292,stimulus_Ins_LearningMobility_3_question_3131,525.1,173.6,1706.0
1616293,stimulus_Ins_LearningMobility_3_question_3131,525.0,173.6,1708.0
1616294,stimulus_Ins_LearningMobility_3_question_3131,525.0,173.7,1709.0
1616295,stimulus_Ins_LearningMobility_3_question_3131,525.0,173.8,1709.0
1616296,stimulus_Ins_LearningMobility_3_question_3131,525.0,174.1,1709.0
1616297,stimulus_Ins_LearningMobility_3_question_3131,524.8,174.5,1707.0
1616298,stimulus_Ins_LearningMobility_3_question_3131,524.5,174.7,1705.0
1616299,stimulus_Ins_LearningMobility_3_question_3131,524.3,175.0,1703.0
1616300,stimulus_Ins_LearningMobility_3_question_3131,524.0,175.0,1703.0
1616301,stimulus_Ins_LearningMobility_3_question_3131,523.9,174.8,1704.0
1616302,stimulus_Ins_LearningMobility_3_question_3131,523.7,174.5,1704.0
1616303,stimulus_Ins_LearningMobility_3_question_3131,523.8,174.0,1704.0
1616304,stimulus_Ins_LearningMobility_3_question_3131,523.5,173.8,1704.0
1616305,stimulus_Ins_LearningMobility_3_question_3131,523.3,173.7,1704.0
1616306,stimulus_Ins_LearningMobility_3_question_3131,523.2,173.9,1704.0
1616307,stimulus_Ins_LearningMobility_3_question_3131,523.4,174.1,1704.0
1616308,stimulus_Ins_LearningMobility_3_question_3131,523.9,174.1,1705.0
1616309,stimulus_Ins_LearningMobility_3_question_3131,524.3,174.3,1703.0
1616310,stimulus_Ins_LearningMobility_3_question_3131,524.4,174.6,1701.0
1616311,stimulus_Ins_LearningMobility_3_question_3131,524.3,174.9,1700.0
1616312,stimulus_Ins_LearningMobility_3_question_3131,524.2,174.5,1702.0
1616313,stimulus_Ins_LearningMobility_3_question_3131,524.3,174.0,1703.0
1616314,stimulus_Ins_LearningMobility_3_question_3131,524.6,173.4,1704.0
1616315,stimulus_Ins_LearningMobility_3_question_3131,524.8,173.4,1703.0
1616316,stimulus_Ins_LearningMobility_3_question_3131,524.9,173.6,1702.0
1616317,stimulus_Ins_LearningMobility_3_question_3131,524.8,174.1,1701.0
1616318,stimulus_Ins_LearningMobility_3_question_3131,524.7,174.7,1700.0
1616319,stimulus_Ins_LearningMobility_3_question_3131,524.6,175.1,1699.0
1616320,stimulus_Ins_LearningMobility_3_question_3131,524.8,175.1,1696.0
1616321,stimulus_Ins_LearningMobility_3_question_3131,524.9,175.1,1695.0
1616322,stimulus_Ins_LearningMobility_3_question_3131,525.0,175.1,1696.0
1616323,stimulus_Ins_LearningMobility_3_question_3131,525.0,175.0,1699.0
1616324,stimulus_Ins_LearningMobility_3_question_3131,525.0,175.3,1701.0
1616325,stimulus_Ins_LearningMobility_3_question_3131,524.9,175.7,1701.0
1616326,stimulus_Ins_LearningMobility_3_question_3131,524.9,176.2,1698.0
1616327,stimulus_Ins_LearningMobility_3_question_3131,524.9,176.3,1695.0
1616328,stimulus_Ins_LearningMobility_3_question_3131,524.9,176.4,1692.0
1616329,stimulus_Ins_LearningMobility_3_question_3131,525.0,176.4,1692.0
1616330,stimulus_Ins_LearningMobility_3_question_3131,525.0,176.4,1692.0
1616331,stimulus_Ins_LearningMobility_3_question_3131,525.1,176.3,1692.0
1616332,stimulus_Ins_LearningMobility_3_question_3131,525.3,176.0,1694.0
1616333,stimulus_Ins_LearningMobility_3_question_3131,525.5,175.6,1697.0
1616334,stimulus_Ins_LearningMobility_3_question_3131,525.6,175.2,1698.0
1616335,stimulus_Ins_LearningMobility_3_question_3131,525.4,175.2,1695.0
1616336,stimulus_Ins_LearningMobility_3_question_3131,525.1,175.2,1692.0
1616337,stimulus_Ins_LearningMobility_3_question_3131,524.7,175.5,1689.0
1616338,stimulus_Ins_LearningMobility_3_question_3131,524.8,176.3,1687.0
1616339,stimulus_Ins_LearningMobility_3_question_3131,524.8,177.0,1686.0
1616340,stimulus_Ins_LearningMobility_3_question_3131,524.9,177.0,1686.0
1616341,stimulus_Ins_LearningMobility_3_question_3131,524.8,176.8,1687.0
1616342,stimulus_Ins_LearningMobility_3_question_3131,525.0,176.6,1688.0
1616343,stimulus_Ins_LearningMobility_3_question_3131,525.5,176.5,1688.0
1616344,stimulus_Ins_LearningMobility_3_question_3131,525.9,176.2,1688.0
1616345,stimulus_Ins_LearningMobility_3_question_3131,526.0,175.9,1688.0
1616346,stimulus_Ins_LearningMobility_3_question_3131,526.0,175.9,1688.0
1616347,stimulus_Ins_LearningMobility_3_question_3131,526.0,176.1,1687.0
1616348,stimulus_Ins_LearningMobility_3_question_3131,526.1,176.3,1686.0
1616349,stimulus_Ins_LearningMobility_3_question_3131,526.2,176.3,1685.0
1616350,stimulus_Ins_LearningMobility_3_question_3131,526.0,176.4,1685.0
1616351,stimulus_Ins_LearningMobility_3_question_3131,525.6,176.4,1686.0
1616352,stimulus_Ins_LearningMobility_3_question_3131,525.4,176.4,1687.0
1616353,stimulus_Ins_LearningMobility_3_question_3131,525.6,176.3,1688.0
1616354,stimulus_Ins_LearningMobility_3_question_3131,525.8,175.8,1689.0
1616355,stimulus_Ins_LearningMobility_3_question_3131,525.5,175.4,1687.0
1616356,stimulus_Ins_LearningMobility_3_question_3131,525.0,175.1,1686.0
1616357,stimulus_Ins_LearningMobility_3_question_3131,524.6,175.3,1684.0
1616358,stimulus_Ins_LearningMobility_3_question_3131,525.2,175.9,1683.0
1616359,stimulus_Ins_LearningMobility_3_question_3131,525.7,176.4,1683.0
1616360,stimulus_Ins_LearningMobility_3_question_3131,526.0,176.9,1682.0
1616361,stimulus_Ins_LearningMobility_3_question_3131,525.8,177.0,1683.0
1616362,stimulus_Ins_LearningMobility_3_question_3131,525.7,177.0,1684.0
1616363,stimulus_Ins_LearningMobility_3_question_3131,525.7,177.1,1685.0
1616364,stimulus_Ins_LearningMobility_3_question_3131,525.6,177.2,1685.0
1616365,stimulus_Ins_LearningMobility_3_question_3131,525.5,176.9,1685.0
1616366,stimulus_Ins_LearningMobility_3_question_3131,525.1,176.7,1685.0
1616367,stimulus_Ins_LearningMobility_3_question_3131,524.8,176.6,1684.0
1616368,stimulus_Ins_LearningMobility_3_question_3131,524.6,176.9,1683.0
1616369,stimulus_Ins_LearningMobility_3_question_3131,524.7,176.9,1679.0
1616370,stimulus_Ins_LearningMobility_3_question_3131,524.8,176.8,1677.0
1616371,stimulus_Ins_LearningMobility_3_question_3131,525.0,176.6,1676.0
1616372,stimulus_Ins_LearningMobility_3_question_3131,524.9,176.4,1678.0
1616373,stimulus_Ins_LearningMobility_3_question_3131,524.8,176.1,1680.0
1616374,stimulus_Ins_LearningMobility_3_question_3131,524.7,175.8,1684.0
1616375,stimulus_Ins_LearningMobility_3_question_3131,524.6,175.5,1687.0
1616376,stimulus_Ins_LearningMobility_3_question_3131,524.5,175.5,1687.0
1616377,stimulus_Ins_LearningMobility_3_question_3131,524.3,175.6,1682.0
1616378,stimulus_Ins_LearningMobility_3_question_3131,524.3,175.7,1678.0
1616379,stimulus_Ins_LearningMobility_3_question_3131,524.5,175.9,1679.0
1616380,stimulus_Ins_LearningMobility_3_question_3131,524.8,176.0,1679.0
1616381,stimulus_Ins_LearningMobility_3_question_3131,525.0,176.5,1679.0
1616382,stimulus_Ins_LearningMobility_3_question_3131,525.0,177.1,1679.0
1616383,stimulus_Ins_LearningMobility_3_question_3131,525.0,177.1,1679.0
1616384,stimulus_Ins_LearningMobility_3_question_3131,525.1,176.5,1678.0
1616385,stimulus_Ins_LearningMobility_3_question_3131,525.3,175.9,1678.0
1616386,stimulus_Ins_LearningMobility_3_question_3131,525.3,175.9,1678.0
1616387,stimulus_Ins_LearningMobility_3_question_3131,525.2,176.2,1679.0
1616388,stimulus_Ins_LearningMobility_3_question_3131,525.4,176.6,1678.0
1616389,stimulus_Ins_LearningMobility_3_question_3131,525.6,176.9,1676.0
1616390,stimulus_Ins_LearningMobility_3_question_3131,525.9,176.6,1674.0
1616391,stimulus_Ins_LearningMobility_3_question_3131,525.7,176.5,1675.0
1616392,stimulus_Ins_LearningMobility_3_question_3131,525.4,176.6,1676.0
1616393,stimulus_Ins_LearningMobility_3_question_3131,525.1,176.4,1677.0
1616394,stimulus_Ins_LearningMobility_3_question_3131,525.1,176.0,1678.0
1616395,stimulus_Ins_LearningMobility_3_question_3131,525.1,175.6,1679.0
1616396,stimulus_Ins_LearningMobility_3_question_3131,524.9,175.8,1678.0
1616397,stimulus_Ins_LearningMobility_3_question_3131,524.7,176.2,1676.0
1616398,stimulus_Ins_LearningMobility_3_question_3131,524.7,176.6,1674.0
1616399,stimulus_Ins_LearningMobility_3_question_3131,524.6,176.8,1672.0
1616400,stimulus_Ins_LearningMobility_3_question_3131,524.7,176.9,1672.0
1616401,stimulus_Ins_LearningMobility_3_question_3131,524.8,176.9,1673.0
1616402,stimulus_Ins_LearningMobility_3_question_3131,524.8,176.8,1674.0
1616403,stimulus_Ins_LearningMobility_3_question_3131,524.8,177.0,1675.0
1616404,stimulus_Ins_LearningMobility_3_question_3131,524.7,177.2,1677.0
1616405,stimulus_Ins_LearningMobility_3_question_3131,524.5,177.3,1677.0
1616406,stimulus_Ins_LearningMobility_3_question_3131,524.5,177.4,1675.0
1616407,stimulus_Ins_LearningMobility_3_question_3131,524.6,177.4,1673.0
1616408,stimulus_Ins_LearningMobility_3_question_3131,525.0,177.4,1671.0
1616409,stimulus_Ins_LearningMobility_3_question_3131,525.6,177.4,1670.0
1616410,stimulus_Ins_LearningMobility_3_question_3131,526.0,177.3,1670.0
1616411,stimulus_Ins_LearningMobility_3_question_3131,526.1,177.2,1670.0
1616412,stimulus_Ins_LearningMobility_3_question_3131,526.1,177.1,1670.0
1616413,stimulus_Ins_LearningMobility_3_question_3131,526.2,177.0,1670.0
1616414,stimulus_Ins_LearningMobility_3_question_3131,526.2,176.9,1670.0
1616415,stimulus_Ins_LearningMobility_3_question_3131,526.1,176.7,1670.0
1616416,stimulus_Ins_LearningMobility_3_question_3131,526.1,176.6,1670.0
1616417,stimulus_Ins_LearningMobility_3_question_3131,526.0,177.0,1670.0
1616418,stimulus_Ins_LearningMobility_3_question_3131,525.9,177.7,1670.0
1616419,stimulus_Ins_LearningMobility_3_question_3131,525.7,178.3,1670.0
1616420,stimulus_Ins_LearningMobility_3_question_3131,525.7,178.3,1669.0
1616421,stimulus_Ins_LearningMobility_3_question_3131,525.8,178.3,1670.0
1616422,stimulus_Ins_LearningMobility_3_question_3131,525.9,178.2,1670.0
1616423,stimulus_Ins_LearningMobility_3_question_3131,526.0,178.0,1671.0
1616424,stimulus_Ins_LearningMobility_3_question_3131,526.0,177.8,1672.0
1616425,stimulus_Ins_LearningMobility_3_question_3131,526.0,177.7,1672.0
1616426,stimulus_Ins_LearningMobility_3_question_3131,526.4,177.6,1672.0
1616427,stimulus_Ins_LearningMobility_3_question_3131,527.1,177.4,1671.0
1616428,stimulus_Ins_LearningMobility_3_question_3131,527.8,177.4,1669.0
1616429,stimulus_Ins_LearningMobility_3_question_3131,528.1,177.6,1667.0
1616430,stimulus_Ins_LearningMobility_3_question_3131,528.1,177.9,1664.0
1616431,stimulus_Ins_LearningMobility_3_question_3131,528.0,178.0,1664.0
1616432,stimulus_Ins_LearningMobility_3_question_3131,527.9,178.0,1665.0
1616433,stimulus_Ins_LearningMobility_3_question_3131,527.9,178.0,1666.0
1616434,stimulus_Ins_LearningMobility_3_question_3131,527.9,178.0,1668.0
1616435,stimulus_Ins_LearningMobility_3_question_3131,527.8,178.1,1669.0
1616436,stimulus_Ins_LearningMobility_3_question_3131,527.7,178.1,1670.0
1616437,stimulus_Ins_LearningMobility_3_question_3131,527.6,178.2,1670.0
1616438,stimulus_Ins_LearningMobility_3_question_3131,527.2,178.1,1670.0
1616439,stimulus_Ins_LearningMobility_3_question_3131,526.9,178.2,1670.0
1616440,stimulus_Ins_LearningMobility_3_question_3131,526.9,178.2,1668.0
1616441,stimulus_Ins_LearningMobility_3_question_3131,527.1,178.3,1667.0
1616442,stimulus_Ins_LearningMobility_3_question_3131,527.2,177.9,1667.0
1616443,stimulus_Ins_LearningMobility_3_question_3131,527.1,177.5,1670.0
1616444,stimulus_Ins_LearningMobility_3_question_3131,526.7,177.0,1672.0
1616445,stimulus_Ins_LearningMobility_3_question_3131,526.5,176.8,1672.0
1616446,stimulus_Ins_LearningMobility_3_question_3131,526.2,176.7,1672.0
1616447,stimulus_Ins_LearningMobility_3_question_3131,526.2,176.7,1670.0
1616448,stimulus_Ins_LearningMobility_3_question_3131,526.2,177.0,1669.0
1616449,stimulus_Ins_LearningMobility_3_question_3131,526.1,177.3,1667.0
1616450,stimulus_Ins_LearningMobility_3_question_3131,525.9,177.5,1665.0
1616451,stimulus_Ins_LearningMobility_3_question_3131,525.8,177.4,1664.0
1616452,stimulus_Ins_LearningMobility_3_question_3131,525.6,177.3,1665.0
1616453,stimulus_Ins_LearningMobility_3_question_3131,525.6,177.0,1669.0
1616454,stimulus_Ins_LearningMobility_3_question_3131,525.7,176.6,1672.0
1616455,stimulus_Ins_LearningMobility_3_question_3131,525.8,176.6,1674.0
1616456,stimulus_Ins_LearningMobility_3_question_3131,525.7,177.0,1670.0
1616457,stimulus_Ins_LearningMobility_3_question_3131,525.4,177.5,1667.0
1616458,stimulus_Ins_LearningMobility_3_question_3131,525.2,177.8,1662.0
1616459,stimulus_Ins_LearningMobility_3_question_3131,525.6,178.2,1660.0
1616460,stimulus_Ins_LearningMobility_3_question_3131,526.3,178.5,1660.0
1616461,stimulus_Ins_LearningMobility_3_question_3131,527.6,178.2,1662.0
1616462,stimulus_Ins_LearningMobility_3_question_3131,528.5,177.7,1665.0
1616463,stimulus_Ins_LearningMobility_3_question_3131,531.0,176.6,1665.0
1616464,stimulus_Ins_LearningMobility_3_question_3131,534.1,176.1,1666.0
1616465,stimulus_Ins_LearningMobility_3_question_3131,539.4,175.8,1666.0
1616466,stimulus_Ins_LearningMobility_3_question_3131,545.1,176.4,1666.0
1616467,stimulus_Ins_LearningMobility_3_question_3131,552.7,176.9,1666.0
1616468,stimulus_Ins_LearningMobility_3_question_3131,559.3,176.2,1665.0
1616469,stimulus_Ins_LearningMobility_3_question_3131,565.3,174.9,1665.0
1616470,stimulus_Ins_LearningMobility_3_question_3131,570.9,173.6,1666.0
1616471,stimulus_Ins_LearningMobility_3_question_3131,577.8,173.9,1667.0
1616472,stimulus_Ins_LearningMobility_3_question_3131,585.2,174.5,1667.0
1616473,stimulus_Ins_LearningMobility_3_question_3131,592.1,174.5,1666.0
1616474,stimulus_Ins_LearningMobility_3_question_3131,597.4,173.8,1665.0
1616475,stimulus_Ins_LearningMobility_3_question_3131,602.9,173.1,1665.0
1616476,stimulus_Ins_LearningMobility_3_question_3131,608.8,173.2,1665.0
1616477,stimulus_Ins_LearningMobility_3_question_3131,616.0,173.1,1665.0
1616478,stimulus_Ins_LearningMobility_3_question_3131,622.9,172.8,1664.0
1616479,stimulus_Ins_LearningMobility_3_question_3131,628.0,172.1,1662.0
1616480,stimulus_Ins_LearningMobility_3_question_3131,632.3,171.5,1660.0
1616481,stimulus_Ins_LearningMobility_3_question_3131,636.6,170.6,1658.0
1616482,stimulus_Ins_LearningMobility_3_question_3131,641.9,170.1,1658.0
1616483,stimulus_Ins_LearningMobility_3_question_3131,648.4,169.7,1657.0
1616484,stimulus_Ins_LearningMobility_3_question_3131,654.3,169.5,1657.0
1616485,stimulus_Ins_LearningMobility_3_question_3131,659.1,169.4,1654.0
1616486,stimulus_Ins_LearningMobility_3_question_3131,662.7,169.3,1649.0
1616487,stimulus_Ins_LearningMobility_3_question_3131,665.4,169.2,1645.0
1616488,stimulus_Ins_LearningMobility_3_question_3131,668.1,169.1,1643.0
1616489,stimulus_Ins_LearningMobility_3_question_3131,670.4,169.6,1643.0
1616490,stimulus_Ins_LearningMobility_3_question_3131,672.2,170.3,1642.0
1616491,stimulus_Ins_LearningMobility_3_question_3131,674.1,171.1,1642.0
1616492,stimulus_Ins_LearningMobility_3_question_3131,675.4,171.0,1642.0
1616493,stimulus_Ins_LearningMobility_3_question_3131,677.0,170.8,1643.0
1616494,stimulus_Ins_LearningMobility_3_question_3131,677.7,170.5,1643.0
1616495,stimulus_Ins_LearningMobility_3_question_3131,678.3,169.9,1644.0
1616496,stimulus_Ins_LearningMobility_3_question_3131,678.5,169.4,1642.0
1616497,stimulus_Ins_LearningMobility_3_question_3131,678.7,169.0,1640.0
1616498,stimulus_Ins_LearningMobility_3_question_3131,679.1,169.0,1638.0
1616499,stimulus_Ins_LearningMobility_3_question_3131,679.8,169.1,1640.0
1616500,stimulus_Ins_LearningMobility_3_question_3131,680.3,169.0,1641.0
1616501,stimulus_Ins_LearningMobility_3_question_3131,680.5,169.0,1642.0
1616502,stimulus_Ins_LearningMobility_3_question_3131,680.5,169.1,1642.0
1616503,stimulus_Ins_LearningMobility_3_question_3131,680.9,169.1,1642.0
1616504,stimulus_Ins_LearningMobility_3_question_3131,681.3,169.1,1642.0
1616505,stimulus_Ins_LearningMobility_3_question_3131,681.8,169.5,1641.0
1616506,stimulus_Ins_LearningMobility_3_question_3131,682.2,169.8,1641.0
1616507,stimulus_Ins_LearningMobility_3_question_3131,682.5,170.1,1640.0
1616508,stimulus_Ins_LearningMobility_3_question_3131,682.6,170.1,1640.0
1616509,stimulus_Ins_LearningMobility_3_question_3131,682.5,170.0,1641.0
1616510,stimulus_Ins_LearningMobility_3_question_3131,682.6,170.0,1641.0
1616511,stimulus_Ins_LearningMobility_3_question_3131,683.2,170.2,1642.0
1616512,stimulus_Ins_LearningMobility_3_question_3131,683.8,170.5,1641.0
1616513,stimulus_Ins_LearningMobility_3_question_3131,683.8,170.6,1642.0
1616514,stimulus_Ins_LearningMobility_3_question_3131,683.4,170.5,1642.0
1616515,stimulus_Ins_LearningMobility_3_question_3131,682.8,169.6,1642.0
1616516,stimulus_Ins_LearningMobility_3_question_3131,682.4,168.8,1640.0
1616517,stimulus_Ins_LearningMobility_3_question_3131,682.1,168.2,1638.0
1616518,stimulus_Ins_LearningMobility_3_question_3131,681.9,168.3,1635.0
1616519,stimulus_Ins_LearningMobility_3_question_3131,681.9,168.7,1633.0
1616520,stimulus_Ins_LearningMobility_3_question_3131,681.5,169.0,1631.0
1616521,stimulus_Ins_LearningMobility_3_question_3131,681.2,168.9,1630.0
1616522,stimulus_Ins_LearningMobility_3_question_3131,680.7,168.7,1630.0
1616523,stimulus_Ins_LearningMobility_3_question_3131,680.5,168.4,1630.0
1616524,stimulus_Ins_LearningMobility_3_question_3131,680.4,168.4,1630.0
1616525,stimulus_Ins_LearningMobility_3_question_3131,680.4,168.5,1630.0
1616526,stimulus_Ins_LearningMobility_3_question_3131,679.8,168.5,1631.0
1616527,stimulus_Ins_LearningMobility_3_question_3131,679.2,168.6,1631.0
1616528,stimulus_Ins_LearningMobility_3_question_3131,678.8,168.6,1631.0
1616529,stimulus_Ins_LearningMobility_3_question_3131,678.9,168.6,1631.0
1616530,stimulus_Ins_LearningMobility_3_question_3131,678.9,168.5,1632.0
1616531,stimulus_Ins_LearningMobility_3_question_3131,678.9,168.3,1632.0
1616532,stimulus_Ins_LearningMobility_3_question_3131,679.2,168.2,1632.0
1616533,stimulus_Ins_LearningMobility_3_question_3131,679.4,168.2,1631.0
1616534,stimulus_Ins_LearningMobility_3_question_3131,679.6,168.2,1630.0
1616535,stimulus_Ins_LearningMobility_3_question_3131,679.6,168.2,1630.0
1616536,stimulus_Ins_LearningMobility_3_question_3131,679.6,168.2,1632.0
1616537,stimulus_Ins_LearningMobility_3_question_3131,679.6,168.2,1633.0
1616538,stimulus_Ins_LearningMobility_3_question_3131,679.7,168.3,1635.0
1616539,stimulus_Ins_LearningMobility_3_question_3131,679.9,168.5,1634.0
1616540,stimulus_Ins_LearningMobility_3_question_3131,680.2,168.7,1632.0
1616541,stimulus_Ins_LearningMobility_3_question_3131,680.6,168.7,1629.0
1616542,stimulus_Ins_LearningMobility_3_question_3131,681.2,168.7,1626.0
1616543,stimulus_Ins_LearningMobility_3_question_3131,681.8,168.5,1627.0
1616544,stimulus_Ins_LearningMobility_3_question_3131,682.2,168.3,1630.0
1616545,stimulus_Ins_LearningMobility_3_question_3131,682.3,168.2,1632.0
1616546,stimulus_Ins_LearningMobility_3_question_3131,682.5,168.0,1634.0
1616547,stimulus_Ins_LearningMobility_3_question_3131,682.7,167.7,1634.0
1616548,stimulus_Ins_LearningMobility_3_question_3131,682.9,167.4,1632.0
1616549,stimulus_Ins_LearningMobility_3_question_3131,682.9,167.0,1629.0
1616550,stimulus_Ins_LearningMobility_3_question_3131,682.8,167.0,1627.0
1616551,stimulus_Ins_LearningMobility_3_question_3131,682.8,167.0,1627.0
1616552,stimulus_Ins_LearningMobility_3_question_3131,682.7,167.1,1628.0
1616553,stimulus_Ins_LearningMobility_3_question_3131,682.7,167.1,1629.0
1616554,stimulus_Ins_LearningMobility_3_question_3131,682.6,167.1,1628.0
1616555,stimulus_Ins_LearningMobility_3_question_3131,682.6,167.0,1628.0
1616556,stimulus_Ins_LearningMobility_3_question_3131,682.7,167.0,1627.0
1616557,stimulus_Ins_LearningMobility_3_question_3131,682.9,167.0,1626.0
1616558,stimulus_Ins_LearningMobility_3_question_3131,682.9,167.0,1626.0
1616559,stimulus_Ins_LearningMobility_3_question_3131,682.9,166.3,1626.0
1616560,stimulus_Ins_LearningMobility_3_question_3131,682.7,165.8,1626.0
1616561,stimulus_Ins_LearningMobility_3_question_3131,682.6,165.4,1627.0
1616562,stimulus_Ins_LearningMobility_3_question_3131,682.4,165.6,1629.0
1616563,stimulus_Ins_LearningMobility_3_question_3131,682.4,165.8,1630.0
1616564,stimulus_Ins_LearningMobility_3_question_3131,682.4,165.8,1628.0
1616565,stimulus_Ins_LearningMobility_3_question_3131,682.1,165.8,1626.0
1616566,stimulus_Ins_LearningMobility_3_question_3131,681.7,165.9,1626.0
1616567,stimulus_Ins_LearningMobility_3_question_3131,681.4,166.0,1622.0
1616568,stimulus_Ins_LearningMobility_3_question_3131,681.3,166.1,1618.0
1616569,stimulus_Ins_LearningMobility_3_question_3131,681.3,166.3,1613.0
1616570,stimulus_Ins_LearningMobility_3_question_3131,681.3,166.4,1614.0
1616571,stimulus_Ins_LearningMobility_3_question_3131,681.5,166.6,1615.0
1616572,stimulus_Ins_LearningMobility_3_question_3131,681.7,166.7,1617.0
1616573,stimulus_Ins_LearningMobility_3_question_3131,681.8,166.6,1618.0
1616574,stimulus_Ins_LearningMobility_3_question_3131,681.8,166.6,1618.0
1616575,stimulus_Ins_LearningMobility_3_question_3131,681.7,166.6,1618.0
1616576,stimulus_Ins_LearningMobility_3_question_3131,681.6,166.7,1618.0
1616577,stimulus_Ins_LearningMobility_3_question_3131,681.6,166.8,1619.0
1616578,stimulus_Ins_LearningMobility_3_question_3131,681.7,166.8,1620.0
1616579,stimulus_Ins_LearningMobility_3_question_3131,681.8,166.6,1619.0
1616580,stimulus_Ins_LearningMobility_3_question_3131,681.8,166.5,1619.0
1616581,stimulus_Ins_LearningMobility_3_question_3131,681.6,166.4,1619.0
1616582,stimulus_Ins_LearningMobility_3_question_3131,681.6,166.1,1619.0
1616583,stimulus_Ins_LearningMobility_3_question_3131,681.6,165.7,1620.0
1616584,stimulus_Ins_LearningMobility_3_question_3131,681.6,165.5,1619.0
1616585,stimulus_Ins_LearningMobility_3_question_3131,681.5,165.8,1617.0
1616586,stimulus_Ins_LearningMobility_3_question_3131,681.7,166.1,1615.0
1616587,stimulus_Ins_LearningMobility_3_question_3131,681.9,166.2,1614.0
1616588,stimulus_Ins_LearningMobility_3_question_3131,682.0,166.3,1614.0
1616589,stimulus_Ins_LearningMobility_3_question_3131,681.9,166.3,1615.0
1616590,stimulus_Ins_LearningMobility_3_question_3131,681.7,166.4,1615.0
1616591,stimulus_Ins_LearningMobility_3_question_3131,681.6,166.4,1616.0
1616592,stimulus_Ins_LearningMobility_3_question_3131,681.5,166.4,1618.0
1616593,stimulus_Ins_LearningMobility_3_question_3131,681.4,166.4,1620.0
1616594,stimulus_Ins_LearningMobility_3_question_3131,681.7,166.0,1621.0
1616595,stimulus_Ins_LearningMobility_3_question_3131,682.0,165.8,1621.0
1616596,stimulus_Ins_LearningMobility_3_question_3131,682.2,165.5,1621.0
1616597,stimulus_Ins_LearningMobility_3_question_3131,682.1,165.7,1619.0
1616598,stimulus_Ins_LearningMobility_3_question_3131,681.9,166.0,1617.0
1616599,stimulus_Ins_LearningMobility_3_question_3131,681.6,166.3,1615.0
1616600,stimulus_Ins_LearningMobility_3_question_3131,681.4,166.7,1615.0
1616601,stimulus_Ins_LearningMobility_3_question_3131,681.4,166.3,1615.0
1616602,stimulus_Ins_LearningMobility_3_question_3131,681.6,165.9,1615.0
1616603,stimulus_Ins_LearningMobility_3_question_3131,681.7,165.5,1615.0
1616604,stimulus_Ins_LearningMobility_3_question_3131,681.8,165.6,1616.0
1616605,stimulus_Ins_LearningMobility_3_question_3131,681.9,165.6,1616.0
1616606,stimulus_Ins_LearningMobility_3_question_3131,681.5,165.4,1618.0
1616607,stimulus_Ins_LearningMobility_3_question_3131,681.1,165.3,1618.0
1616608,stimulus_Ins_LearningMobility_3_question_3131,680.7,165.6,1619.0
1616609,stimulus_Ins_LearningMobility_3_question_3131,680.6,165.9,1619.0
1616610,stimulus_Ins_LearningMobility_3_question_3131,680.6,166.2,1619.0
1616611,stimulus_Ins_LearningMobility_3_question_3131,681.1,166.2,1618.0
1616612,stimulus_Ins_LearningMobility_3_question_3131,681.7,166.1,1618.0
1616613,stimulus_Ins_LearningMobility_3_question_3131,682.4,166.0,1619.0
1616614,stimulus_Ins_LearningMobility_3_question_3131,682.6,166.1,1620.0
1616615,stimulus_Ins_LearningMobility_3_question_3131,682.3,166.2,1620.0
1616616,stimulus_Ins_LearningMobility_3_question_3131,681.7,166.4,1620.0
1616617,stimulus_Ins_LearningMobility_3_question_3131,681.2,166.4,1620.0
1616618,stimulus_Ins_LearningMobility_3_question_3131,681.2,166.5,1618.0
1616619,stimulus_Ins_LearningMobility_3_question_3131,681.6,166.7,1617.0
1616620,stimulus_Ins_LearningMobility_3_question_3131,682.0,166.9,1616.0
1616621,stimulus_Ins_LearningMobility_3_question_3131,682.5,167.0,1618.0
1616622,stimulus_Ins_LearningMobility_3_question_3131,682.6,166.9,1619.0
1616623,stimulus_Ins_LearningMobility_3_question_3131,682.7,166.9,1623.0
1616624,stimulus_Ins_LearningMobility_3_question_3131,682.7,166.9,1626.0
1616625,stimulus_Ins_LearningMobility_3_question_3131,682.5,166.9,1628.0
1616626,stimulus_Ins_LearningMobility_3_question_3131,682.2,167.0,1625.0
1616627,stimulus_Ins_LearningMobility_3_question_3131,682.0,167.2,1621.0
1616628,stimulus_Ins_LearningMobility_3_question_3131,681.9,167.3,1617.0
1616629,stimulus_Ins_LearningMobility_3_question_3131,681.9,167.4,1614.0
1616630,stimulus_Ins_LearningMobility_3_question_3131,681.5,167.3,1613.0
1616631,stimulus_Ins_LearningMobility_3_question_3131,681.1,167.2,1614.0
1616632,stimulus_Ins_LearningMobility_3_question_3131,680.7,167.2,1617.0
1616633,stimulus_Ins_LearningMobility_3_question_3131,680.5,167.1,1619.0
1616634,stimulus_Ins_LearningMobility_3_question_3131,680.2,167.1,1620.0
1616635,stimulus_Ins_LearningMobility_3_question_3131,679.9,167.3,1620.0
1616636,stimulus_Ins_LearningMobility_3_question_3131,679.8,167.6,1619.0
1616637,stimulus_Ins_LearningMobility_3_question_3131,679.8,168.0,1617.0
1616638,stimulus_Ins_LearningMobility_3_question_3131,680.0,168.2,1615.0
1616639,stimulus_Ins_LearningMobility_3_question_3131,680.1,168.3,1615.0
1616640,stimulus_Ins_LearningMobility_3_question_3131,680.2,168.4,1615.0
1616641,stimulus_Ins_LearningMobility_3_question_3131,680.2,168.4,1615.0
1616642,stimulus_Ins_LearningMobility_3_question_3131,680.1,168.6,1615.0
1616643,stimulus_Ins_LearningMobility_3_question_3131,680.0,168.8,1615.0
1616644,stimulus_Ins_LearningMobility_3_question_3131,679.8,169.0,1615.0
1616645,stimulus_Ins_LearningMobility_3_question_3131,679.7,169.0,1616.0
1616646,stimulus_Ins_LearningMobility_3_question_3131,679.6,169.0,1616.0
1616647,stimulus_Ins_LearningMobility_3_question_3131,679.7,169.0,1615.0
1616648,stimulus_Ins_LearningMobility_3_question_3131,679.8,169.1,1614.0
1616649,stimulus_Ins_LearningMobility_3_question_3131,680.0,169.1,1614.0
1616650,stimulus_Ins_LearningMobility_3_question_3131,680.1,169.2,1612.0
1616651,stimulus_Ins_LearningMobility_3_question_3131,679.8,169.3,1611.0
1616652,stimulus_Ins_LearningMobility_3_question_3131,679.5,169.3,1609.0
1616653,stimulus_Ins_LearningMobility_3_question_3131,679.4,169.4,1610.0
1616654,stimulus_Ins_LearningMobility_3_question_3131,679.7,169.4,1611.0
1616655,stimulus_Ins_LearningMobility_3_question_3131,679.9,169.3,1611.0
1616656,stimulus_Ins_LearningMobility_3_question_3131,679.9,169.3,1612.0
1616657,stimulus_Ins_LearningMobility_3_question_3131,680.0,168.8,1612.0
1616658,stimulus_Ins_LearningMobility_3_question_3131,680.2,168.4,1610.0
1616659,stimulus_Ins_LearningMobility_3_question_3131,680.5,168.0,1608.0
1616660,stimulus_Ins_LearningMobility_3_question_3131,680.6,168.0,1606.0
1616661,stimulus_Ins_LearningMobility_3_question_3131,680.3,168.0,1606.0
1616662,stimulus_Ins_LearningMobility_3_question_3131,679.8,167.9,1605.0
1616663,stimulus_Ins_LearningMobility_3_question_3131,679.4,167.8,1606.0
1616664,stimulus_Ins_LearningMobility_3_question_3131,679.2,168.0,1607.0
1616665,stimulus_Ins_LearningMobility_3_question_3131,679.2,168.2,1607.0
1616666,stimulus_Ins_LearningMobility_3_question_3131,679.2,168.3,1607.0
1616667,stimulus_Ins_LearningMobility_3_question_3131,679.3,168.2,1607.0
1616668,stimulus_Ins_LearningMobility_3_question_3131,679.8,167.9,1606.0
1616669,stimulus_Ins_LearningMobility_3_question_3131,680.3,167.7,1605.0
1616670,stimulus_Ins_LearningMobility_3_question_3131,680.5,167.5,1604.0
1616671,stimulus_Ins_LearningMobility_3_question_3131,680.3,167.7,1603.0
1616672,stimulus_Ins_LearningMobility_3_question_3131,680.2,168.0,1604.0
1616673,stimulus_Ins_LearningMobility_3_question_3131,680.4,168.2,1605.0
1616674,stimulus_Ins_LearningMobility_3_question_3131,680.6,168.3,1606.0
1616675,stimulus_Ins_LearningMobility_3_question_3131,681.0,167.6,1606.0
1616676,stimulus_Ins_LearningMobility_3_question_3131,681.3,166.9,1606.0
1616677,stimulus_Ins_LearningMobility_3_question_3131,681.2,166.5,1604.0
1616678,stimulus_Ins_LearningMobility_3_question_3131,680.9,166.9,1603.0
1616679,stimulus_Ins_LearningMobility_3_question_3131,680.6,167.2,1602.0
1616680,stimulus_Ins_LearningMobility_3_question_3131,680.8,167.2,1602.0
1616681,stimulus_Ins_LearningMobility_3_question_3131,680.9,167.1,1602.0
1616682,stimulus_Ins_LearningMobility_3_question_3131,681.0,167.1,1601.0
1616683,stimulus_Ins_LearningMobility_3_question_3131,681.0,167.1,1601.0
1616684,stimulus_Ins_LearningMobility_3_question_3131,681.0,166.9,1602.0
1616685,stimulus_Ins_LearningMobility_3_question_3131,680.8,166.8,1603.0
1616686,stimulus_Ins_LearningMobility_3_question_3131,680.6,166.8,1604.0
1616687,stimulus_Ins_LearningMobility_3_question_3131,680.5,166.9,1602.0
1616688,stimulus_Ins_LearningMobility_3_question_3131,680.5,167.5,1601.0
1616689,stimulus_Ins_LearningMobility_3_question_3131,680.4,168.0,1601.0
1616690,stimulus_Ins_LearningMobility_3_question_3131,680.5,167.9,1602.0
1616691,stimulus_Ins_LearningMobility_3_question_3131,680.5,167.4,1602.0
1616692,stimulus_Ins_LearningMobility_3_question_3131,680.4,166.9,1603.0
1616693,stimulus_Ins_LearningMobility_3_question_3131,680.3,167.0,1605.0
1616694,stimulus_Ins_LearningMobility_3_question_3131,680.2,167.4,1607.0
1616695,stimulus_Ins_LearningMobility_3_question_3131,680.2,167.8,1606.0
1616696,stimulus_Ins_LearningMobility_3_question_3131,680.0,168.2,1605.0
1616697,stimulus_Ins_LearningMobility_3_question_3131,679.8,168.9,1604.0
1616698,stimulus_Ins_LearningMobility_3_question_3131,679.6,170.2,1604.0
1616699,stimulus_Ins_LearningMobility_3_question_3131,679.4,171.7,1600.0
1616700,stimulus_Ins_LearningMobility_3_question_3131,679.3,172.8,1597.0
1616701,stimulus_Ins_LearningMobility_3_question_3131,679.2,174.1,1594.0
1616702,stimulus_Ins_LearningMobility_3_question_3131,679.2,175.1,1595.0
1616703,stimulus_Ins_LearningMobility_3_question_3131,679.2,175.5,1596.0
1616704,stimulus_Ins_LearningMobility_3_question_3131,679.4,173.7,1596.0
1616705,stimulus_Ins_LearningMobility_3_question_3131,679.7,170.8,1594.0
1616706,stimulus_Ins_LearningMobility_3_question_3131,678.6,168.3,1597.0
1616707,stimulus_Ins_LearningMobility_3_question_3131,677.1,167.2,1601.0
1616708,stimulus_Ins_LearningMobility_3_question_3131,674.2,170.0,1598.0
1616709,stimulus_Ins_LearningMobility_3_question_3131,671.9,176.9,1586.0
1616710,stimulus_Ins_LearningMobility_3_question_3131,669.4,189.0,1569.0
1616711,stimulus_Ins_LearningMobility_3_question_3131,667.5,202.6,1549.0
1616712,stimulus_Ins_LearningMobility_3_question_3131,666.0,217.1,1532.0
1616713,stimulus_Ins_LearningMobility_3_question_3131,665.5,232.1,1511.0
1616714,stimulus_Ins_LearningMobility_3_question_3131,665.5,249.2,1490.0
1616715,stimulus_Ins_LearningMobility_3_question_3131,667.1,268.5,1457.0
1616716,stimulus_Ins_LearningMobility_3_question_3131,670.4,292.0,1421.0
1616717,stimulus_Ins_LearningMobility_3_question_3131,674.2,318.2,1385.0
1616718,stimulus_Ins_LearningMobility_3_question_3131,677.0,347.0,1350.0
1616719,stimulus_Ins_LearningMobility_3_question_3131,680.4,376.6,1310.0
1616720,stimulus_Ins_LearningMobility_3_question_3131,684.6,408.4,1265.0
1616721,stimulus_Ins_LearningMobility_3_question_3131,690.5,443.0,1218.0
1616722,stimulus_Ins_LearningMobility_3_question_3131,694.4,478.4,1169.0
1616723,stimulus_Ins_LearningMobility_3_question_3131,698.5,513.6,1126.0
1616724,stimulus_Ins_LearningMobility_3_question_3131,701.0,549.0,1075.0
1616725,stimulus_Ins_LearningMobility_3_question_3131,704.4,586.8,1021.0
1616726,stimulus_Ins_LearningMobility_3_question_3131,707.1,629.4,955.0
1616727,stimulus_Ins_LearningMobility_3_question_3131,711.1,674.0,885.0
1616728,stimulus_Ins_LearningMobility_3_question_3131,717.4,719.0,820.0
1616729,stimulus_Ins_LearningMobility_3_question_3131,724.4,763.3,756.0
1616730,stimulus_Ins_LearningMobility_3_question_3131,731.6,809.0,693.0
1616731,stimulus_Ins_LearningMobility_3_question_3131,735.5,840.7,647.0
1616732,stimulus_Ins_LearningMobility_3_question_3131,668.0,890.6,514.0
1616733,stimulus_Ins_LearningMobility_3_question_3131,591.4,924.0,404.0
1616734,stimulus_Ins_LearningMobility_3_question_3131,515.0,957.3,294.0
1616735,stimulus_Ins_LearningMobility_3_question_3131,515.0,957.3,294.0
1616736,stimulus_Ins_LearningMobility_3_question_3131,515.0,957.3,294.0
1616737,stimulus_Ins_LearningMobility_3_question_3131,,,0.0
1616738,stimulus_Ins_LearningMobility_3_question_3131,,,0.0
1616739,stimulus_Ins_LearningMobility_3_question_3131,,,0.0
1616740,stimulus_Ins_LearningMobility_3_question_3131,,,0.0
1616741,stimulus_Ins_LearningMobility_3_question_3131,,,0.0
1616742,stimulus_Ins_LearningMobility_3_question_3131,,,0.0
1616743,stimulus_Ins_LearningMobility_3_question_3131,,,0.0
1616744,stimulus_Ins_LearningMobility_3_question_3131,,,0.0
1616745,stimulus_Ins_LearningMobility_3_question_3131,,,0.0
1616746,stimulus_Ins_LearningMobility_3_question_3131,,,0.0
1616747,stimulus_Ins_LearningMobility_3_question_3131,,,0.0
1616748,stimulus_Ins_LearningMobility_3_question_3131,,,0.0
1616749,stimulus_Ins_LearningMobility_3_question_3131,,,0.0
1616750,stimulus_Ins_LearningMobility_3_question_3131,,,0.0
1616751,stimulus_Ins_LearningMobility_3_question_3131,,,0.0
1616752,stimulus_Ins_LearningMobility_3_question_3131,,,0.0
1616753,stimulus_Ins_LearningMobility_3_question_3131,,,0.0
1616754,stimulus_Ins_LearningMobility_3_question_3131,,,0.0
1616755,stimulus_Ins_LearningMobility_3_question_3131,,,0.0
1616756,stimulus_Ins_LearningMobility_3_question_3131,,,0.0
1616757,stimulus_Ins_LearningMobility_3_question_3131,,,0.0
1616758,stimulus_Ins_LearningMobility_3_question_3131,,,0.0
1616759,stimulus_Ins_LearningMobility_3_question_3131,,,0.0
1616760,stimulus_Ins_LearningMobility_3_question_3131,,,0.0
1616761,stimulus_Ins_LearningMobility_3_question_3131,,,0.0
1616762,stimulus_Ins_LearningMobility_3_question_3131,,,0.0
1616763,stimulus_Ins_LearningMobility_3_question_3131,,,0.0
1616764,stimulus_Ins_LearningMobility_3_question_3131,,,0.0
1616765,stimulus_Ins_LearningMobility_3_question_3131,,,0.0
1616766,stimulus_Ins_LearningMobility_3_question_3131,,,0.0
1616767,stimulus_Ins_LearningMobility_3_question_3131,,,0.0
1616768,stimulus_Ins_LearningMobility_3_question_3131,,,0.0
1616769,stimulus_Ins_LearningMobility_3_question_3131,,,0.0
1616770,stimulus_Ins_LearningMobility_3_question_3131,,,0.0
1616771,stimulus_Ins_LearningMobility_3_question_3131,,,0.0
1616772,stimulus_Ins_LearningMobility_3_question_3131,,,0.0
1616773,stimulus_Ins_LearningMobility_3_question_3131,,,0.0
1616774,stimulus_Ins_LearningMobility_3_question_3131,,,0.0
1616775,stimulus_Ins_LearningMobility_3_question_3131,,,0.0
1616776,stimulus_Ins_LearningMobility_3_question_3131,,,0.0
1616777,stimulus_Ins_LearningMobility_3_question_3131,,,0.0
1616778,stimulus_Ins_LearningMobility_3_question_3131,,,0.0
1616779,stimulus_Ins_LearningMobility_3_question_3131,,,0.0
1616780,stimulus_Ins_LearningMobility_3_question_3131,,,0.0
1616781,stimulus_Ins_LearningMobility_3_question_3131,,,0.0
1616782,stimulus_Ins_LearningMobility_3_question_3131,,,0.0
1616783,stimulus_Ins_LearningMobility_3_question_3131,,,0.0
1616784,stimulus_Ins_LearningMobility_3_question_3131,,,0.0
1616785,stimulus_Ins_LearningMobility_3_question_3131,,,0.0
1616786,stimulus_Ins_LearningMobility_3_question_3131,,,0.0
1616787,stimulus_Ins_LearningMobility_3_question_3131,,,0.0
1616788,stimulus_Ins_LearningMobility_3_question_3131,,,0.0
1616789,stimulus_Ins_LearningMobility_3_question_3131,,,0.0
1616790,stimulus_Ins_LearningMobility_3_question_3131,,,0.0
1616791,stimulus_Ins_LearningMobility_3_question_3131,,,0.0
1616792,stimulus_Ins_LearningMobility_3_question_3131,,,0.0
1616793,stimulus_Ins_LearningMobility_3_question_3131,,,0.0
1616794,stimulus_Ins_LearningMobility_3_question_3131,,,0.0
1616795,stimulus_Ins_LearningMobility_3_question_3131,,,0.0
1616796,stimulus_Ins_LearningMobility_3_question_3131,,,0.0
1616797,stimulus_Ins_LearningMobility_3_question_3131,,,0.0
1616798,stimulus_Ins_LearningMobility_3_question_3131,,,0.0
1616799,stimulus_Ins_LearningMobility_3_question_3131,,,0.0
1616800,stimulus_Ins_LearningMobility_3_question_3131,,,0.0
1616801,stimulus_Ins_LearningMobility_3_question_3131,,,0.0
1616802,stimulus_Ins_LearningMobility_3_question_3131,,,0.0
1616803,stimulus_Ins_LearningMobility_3_question_3131,,,0.0
1616804,stimulus_Ins_LearningMobility_3_question_3131,,,0.0
1616805,stimulus_Ins_LearningMobility_3_question_3131,,,0.0
1616806,stimulus_Ins_LearningMobility_3_question_3131,,,0.0
1616807,stimulus_Ins_LearningMobility_3_question_3131,,,0.0
1616808,stimulus_Ins_LearningMobility_3_question_3131,,,0.0
1616809,stimulus_Ins_LearningMobility_3_question_3131,,,0.0
1616810,stimulus_Ins_LearningMobility_3_question_3131,,,0.0
1616811,stimulus_Ins_LearningMobility_3_question_3131,,,0.0
1616812,stimulus_Ins_LearningMobility_3_question_3131,,,0.0
1616813,stimulus_Ins_LearningMobility_3_question_3131,,,0.0
1616814,stimulus_Ins_LearningMobility_3_question_3131,,,0.0
1616815,stimulus_Ins_LearningMobility_3_question_3131,,,0.0
1616816,stimulus_Ins_LearningMobility_3_question_3131,,,0.0
1616817,stimulus_Ins_LearningMobility_3_question_3131,,,0.0
1616818,stimulus_Ins_LearningMobility_3_question_3131,,,0.0
1616819,stimulus_Ins_LearningMobility_3_question_3131,,,0.0
1616820,stimulus_Ins_LearningMobility_3_question_3131,,,0.0
1616821,stimulus_Ins_LearningMobility_3_question_3131,,,0.0
1616822,stimulus_Ins_LearningMobility_3_question_3131,,,0.0
1616823,stimulus_Ins_LearningMobility_3_question_3131,,,0.0
1616824,stimulus_Ins_LearningMobility_3_question_3131,,,0.0
1616825,stimulus_Ins_LearningMobility_3_question_3131,,,0.0
1616826,stimulus_Ins_LearningMobility_3_question_3131,,,0.0
1616827,stimulus_Ins_LearningMobility_3_question_3131,,,0.0
1616828,stimulus_Ins_LearningMobility_3_question_3131,,,0.0
1616829,stimulus_Ins_LearningMobility_3_question_3131,,,0.0
1616830,stimulus_Ins_LearningMobility_3_question_3131,878.8,743.8,763.0
1616831,stimulus_Ins_LearningMobility_3_question_3131,878.8,743.8,763.0
1616832,stimulus_Ins_LearningMobility_3_question_3131,878.2,734.4,776.0
1616833,stimulus_Ins_LearningMobility_3_question_3131,879.5,716.1,800.0
1616834,stimulus_Ins_LearningMobility_3_question_3131,880.6,690.8,834.0
1616835,stimulus_Ins_LearningMobility_3_question_3131,884.0,667.4,864.0
1616836,stimulus_Ins_LearningMobility_3_question_3131,885.4,645.7,891.0
1616837,stimulus_Ins_LearningMobility_3_question_3131,886.9,625.1,916.0
1616838,stimulus_Ins_LearningMobility_3_question_3131,886.0,606.0,946.0
1616839,stimulus_Ins_LearningMobility_3_question_3131,883.7,588.4,972.0
1616840,stimulus_Ins_LearningMobility_3_question_3131,881.1,571.1,999.0
1616841,stimulus_Ins_LearningMobility_3_question_3131,879.0,554.8,1019.0
1616842,stimulus_Ins_LearningMobility_3_question_3131,878.3,538.2,1044.0
1616843,stimulus_Ins_LearningMobility_3_question_3131,877.4,522.6,1067.0
1616844,stimulus_Ins_LearningMobility_3_question_3131,876.6,506.3,1089.0
1616845,stimulus_Ins_LearningMobility_3_question_3131,875.2,491.0,1106.0
1616846,stimulus_Ins_LearningMobility_3_question_3131,873.9,474.4,1124.0
1616847,stimulus_Ins_LearningMobility_3_question_3131,872.3,459.5,1147.0
1616848,stimulus_Ins_LearningMobility_3_question_3131,871.1,445.3,1168.0
1616849,stimulus_Ins_LearningMobility_3_question_3131,870.2,432.0,1185.0
1616850,stimulus_Ins_LearningMobility_3_question_3131,869.8,419.3,1201.0
1616851,stimulus_Ins_LearningMobility_3_question_3131,868.7,405.2,1221.0
1616852,stimulus_Ins_LearningMobility_3_question_3131,867.7,392.4,1241.0
1616853,stimulus_Ins_LearningMobility_3_question_3131,866.5,378.4,1259.0
1616854,stimulus_Ins_LearningMobility_3_question_3131,865.9,367.4,1279.0
1616855,stimulus_Ins_LearningMobility_3_question_3131,866.0,356.7,1300.0
1616856,stimulus_Ins_LearningMobility_3_question_3131,866.6,346.9,1317.0
1616857,stimulus_Ins_LearningMobility_3_question_3131,867.2,335.9,1332.0
1616858,stimulus_Ins_LearningMobility_3_question_3131,867.4,326.3,1343.0
1616859,stimulus_Ins_LearningMobility_3_question_3131,867.3,316.6,1359.0
1616860,stimulus_Ins_LearningMobility_3_question_3131,867.1,305.0,1370.0
1616861,stimulus_Ins_LearningMobility_3_question_3131,866.3,294.2,1386.0
1616862,stimulus_Ins_LearningMobility_3_question_3131,866.0,282.9,1396.0
1616863,stimulus_Ins_LearningMobility_3_question_3131,865.6,273.9,1409.0
1616864,stimulus_Ins_LearningMobility_3_question_3131,864.7,263.9,1418.0
1616865,stimulus_Ins_LearningMobility_3_question_3131,863.8,255.2,1430.0
1616866,stimulus_Ins_LearningMobility_3_question_3131,863.1,248.0,1441.0
1616867,stimulus_Ins_LearningMobility_3_question_3131,862.8,240.1,1453.0
1616868,stimulus_Ins_LearningMobility_3_question_3131,862.4,233.1,1460.0
1616869,stimulus_Ins_LearningMobility_3_question_3131,862.1,225.3,1462.0
1616870,stimulus_Ins_LearningMobility_3_question_3131,862.6,218.5,1468.0
1616871,stimulus_Ins_LearningMobility_3_question_3131,862.4,212.3,1480.0
1616872,stimulus_Ins_LearningMobility_3_question_3131,861.8,205.8,1494.0
1616873,stimulus_Ins_LearningMobility_3_question_3131,861.2,198.8,1506.0
1616874,stimulus_Ins_LearningMobility_3_question_3131,861.4,190.6,1513.0
1616875,stimulus_Ins_LearningMobility_3_question_3131,861.1,183.7,1521.0
1616876,stimulus_Ins_LearningMobility_3_question_3131,860.8,176.6,1525.0
1616877,stimulus_Ins_LearningMobility_3_question_3131,860.1,171.1,1530.0
1616878,stimulus_Ins_LearningMobility_3_question_3131,860.5,165.9,1534.0
1616879,stimulus_Ins_LearningMobility_3_question_3131,860.6,162.7,1539.0
1616880,stimulus_Ins_LearningMobility_3_question_3131,860.7,159.6,1543.0
1616881,stimulus_Ins_LearningMobility_3_question_3131,859.6,157.6,1546.0
1616882,stimulus_Ins_LearningMobility_3_question_3131,858.7,154.1,1551.0
1616883,stimulus_Ins_LearningMobility_3_question_3131,857.7,151.4,1556.0
1616884,stimulus_Ins_LearningMobility_3_question_3131,857.8,148.6,1561.0
1616885,stimulus_Ins_LearningMobility_3_question_3131,857.1,147.4,1564.0
1616886,stimulus_Ins_LearningMobility_3_question_3131,856.6,146.7,1566.0
1616887,stimulus_Ins_LearningMobility_3_question_3131,856.0,145.7,1566.0
1616888,stimulus_Ins_LearningMobility_3_question_3131,855.9,145.4,1565.0
1616889,stimulus_Ins_LearningMobility_3_question_3131,855.9,145.0,1564.0
1616890,stimulus_Ins_LearningMobility_3_question_3131,855.6,145.7,1561.0
1616891,stimulus_Ins_LearningMobility_3_question_3131,855.0,146.8,1559.0
1616892,stimulus_Ins_LearningMobility_3_question_3131,854.4,147.9,1557.0
1616893,stimulus_Ins_LearningMobility_3_question_3131,854.2,148.5,1557.0
1616894,stimulus_Ins_LearningMobility_3_question_3131,854.5,149.8,1555.0
1616895,stimulus_Ins_LearningMobility_3_question_3131,854.8,151.3,1553.0
1616896,stimulus_Ins_LearningMobility_3_question_3131,854.9,153.7,1550.0
1616897,stimulus_Ins_LearningMobility_3_question_3131,854.7,155.1,1548.0
1616898,stimulus_Ins_LearningMobility_3_question_3131,854.5,156.8,1546.0
1616899,stimulus_Ins_LearningMobility_3_question_3131,854.4,158.4,1542.0
1616900,stimulus_Ins_LearningMobility_3_question_3131,854.4,160.4,1541.0
1616901,stimulus_Ins_LearningMobility_3_question_3131,854.5,163.1,1540.0
1616902,stimulus_Ins_LearningMobility_3_question_3131,854.5,165.0,1541.0
1616903,stimulus_Ins_LearningMobility_3_question_3131,854.6,167.4,1541.0
1616904,stimulus_Ins_LearningMobility_3_question_3131,854.7,169.0,1538.0
1616905,stimulus_Ins_LearningMobility_3_question_3131,854.7,170.2,1535.0
1616906,stimulus_Ins_LearningMobility_3_question_3131,854.7,171.3,1533.0
1616907,stimulus_Ins_LearningMobility_3_question_3131,854.5,172.2,1533.0
1616908,stimulus_Ins_LearningMobility_3_question_3131,854.2,173.0,1533.0
1616909,stimulus_Ins_LearningMobility_3_question_3131,853.9,173.0,1533.0
1616910,stimulus_Ins_LearningMobility_3_question_3131,854.0,173.5,1533.0
1616911,stimulus_Ins_LearningMobility_3_question_3131,854.3,174.0,1532.0
1616912,stimulus_Ins_LearningMobility_3_question_3131,854.7,174.4,1531.0
1616913,stimulus_Ins_LearningMobility_3_question_3131,854.7,174.3,1531.0
1616914,stimulus_Ins_LearningMobility_3_question_3131,854.5,174.3,1533.0
1616915,stimulus_Ins_LearningMobility_3_question_3131,854.3,174.3,1534.0
1616916,stimulus_Ins_LearningMobility_3_question_3131,853.8,174.4,1534.0
1616917,stimulus_Ins_LearningMobility_3_question_3131,853.5,174.4,1532.0
1616918,stimulus_Ins_LearningMobility_3_question_3131,853.2,174.6,1531.0
1616919,stimulus_Ins_LearningMobility_3_question_3131,853.2,174.7,1530.0
1616920,stimulus_Ins_LearningMobility_3_question_3131,852.9,174.7,1530.0
1616921,stimulus_Ins_LearningMobility_3_question_3131,852.2,174.6,1530.0
1616922,stimulus_Ins_LearningMobility_3_question_3131,851.5,174.6,1530.0
1616923,stimulus_Ins_LearningMobility_3_question_3131,851.3,174.8,1532.0
1616924,stimulus_Ins_LearningMobility_3_question_3131,851.8,175.0,1533.0
1616925,stimulus_Ins_LearningMobility_3_question_3131,852.4,174.9,1533.0
1616926,stimulus_Ins_LearningMobility_3_question_3131,852.7,174.6,1532.0
1616927,stimulus_Ins_LearningMobility_3_question_3131,852.9,174.4,1530.0
1616928,stimulus_Ins_LearningMobility_3_question_3131,853.1,174.3,1530.0
1616929,stimulus_Ins_LearningMobility_3_question_3131,853.2,174.3,1529.0
1616930,stimulus_Ins_LearningMobility_3_question_3131,853.3,174.2,1530.0
1616931,stimulus_Ins_LearningMobility_3_question_3131,853.3,173.6,1531.0
1616932,stimulus_Ins_LearningMobility_3_question_3131,852.9,172.7,1533.0
1616933,stimulus_Ins_LearningMobility_3_question_3131,852.6,171.8,1535.0
1616934,stimulus_Ins_LearningMobility_3_question_3131,852.5,171.7,1536.0
1616935,stimulus_Ins_LearningMobility_3_question_3131,852.7,171.9,1536.0
1616936,stimulus_Ins_LearningMobility_3_question_3131,852.9,172.9,1534.0
1616937,stimulus_Ins_LearningMobility_3_question_3131,852.8,173.8,1532.0
1616938,stimulus_Ins_LearningMobility_3_question_3131,852.7,174.0,1530.0
1616939,stimulus_Ins_LearningMobility_3_question_3131,852.6,173.3,1530.0
1616940,stimulus_Ins_LearningMobility_3_question_3131,852.5,172.6,1529.0
1616941,stimulus_Ins_LearningMobility_3_question_3131,852.4,172.3,1529.0
1616942,stimulus_Ins_LearningMobility_3_question_3131,852.3,172.0,1532.0
1616943,stimulus_Ins_LearningMobility_3_question_3131,852.2,171.8,1534.0
1616944,stimulus_Ins_LearningMobility_3_question_3131,852.2,172.1,1537.0
1616945,stimulus_Ins_LearningMobility_3_question_3131,852.5,172.4,1537.0
1616946,stimulus_Ins_LearningMobility_3_question_3131,852.9,172.7,1537.0
1616947,stimulus_Ins_LearningMobility_3_question_3131,853.2,173.0,1537.0
1616948,stimulus_Ins_LearningMobility_3_question_3131,853.4,173.1,1535.0
1616949,stimulus_Ins_LearningMobility_3_question_3131,853.4,173.1,1531.0
1616950,stimulus_Ins_LearningMobility_3_question_3131,853.2,173.0,1528.0
1616951,stimulus_Ins_LearningMobility_3_question_3131,853.0,172.9,1528.0
1616952,stimulus_Ins_LearningMobility_3_question_3131,852.7,172.8,1529.0
1616953,stimulus_Ins_LearningMobility_3_question_3131,852.6,172.7,1530.0
1616954,stimulus_Ins_LearningMobility_3_question_3131,852.6,172.7,1529.0
1616955,stimulus_Ins_LearningMobility_3_question_3131,852.6,173.0,1528.0
1616956,stimulus_Ins_LearningMobility_3_question_3131,852.7,173.2,1529.0
1616957,stimulus_Ins_LearningMobility_3_question_3131,853.0,173.4,1532.0
1616958,stimulus_Ins_LearningMobility_3_question_3131,853.2,173.4,1535.0
1616959,stimulus_Ins_LearningMobility_3_question_3131,853.2,173.4,1533.0
1616960,stimulus_Ins_LearningMobility_3_question_3131,853.1,173.2,1531.0
1616961,stimulus_Ins_LearningMobility_3_question_3131,853.2,173.2,1528.0
1616962,stimulus_Ins_LearningMobility_3_question_3131,853.3,173.2,1529.0
1616963,stimulus_Ins_LearningMobility_3_question_3131,853.6,173.3,1530.0
1616964,stimulus_Ins_LearningMobility_3_question_3131,853.7,173.3,1530.0
1616965,stimulus_Ins_LearningMobility_3_question_3131,853.8,173.3,1530.0
1616966,stimulus_Ins_LearningMobility_3_question_3131,853.7,173.2,1529.0
1616967,stimulus_Ins_LearningMobility_3_question_3131,853.7,173.1,1529.0
1616968,stimulus_Ins_LearningMobility_3_question_3131,853.7,173.0,1528.0
1616969,stimulus_Ins_LearningMobility_3_question_3131,853.7,172.8,1526.0
1616970,stimulus_Ins_LearningMobility_3_question_3131,853.7,172.7,1525.0
1616971,stimulus_Ins_LearningMobility_3_question_3131,853.6,172.7,1527.0
1616972,stimulus_Ins_LearningMobility_3_question_3131,853.4,172.4,1530.0
1616973,stimulus_Ins_LearningMobility_3_question_3131,853.2,172.1,1532.0
1616974,stimulus_Ins_LearningMobility_3_question_3131,853.1,171.9,1533.0
1616975,stimulus_Ins_LearningMobility_3_question_3131,853.1,171.8,1532.0
1616976,stimulus_Ins_LearningMobility_3_question_3131,853.4,172.0,1530.0
1616977,stimulus_Ins_LearningMobility_3_question_3131,853.7,172.3,1529.0
1616978,stimulus_Ins_LearningMobility_3_question_3131,854.0,172.5,1527.0
1616979,stimulus_Ins_LearningMobility_3_question_3131,854.0,172.5,1527.0
1616980,stimulus_Ins_LearningMobility_3_question_3131,854.1,172.2,1526.0
1616981,stimulus_Ins_LearningMobility_3_question_3131,854.1,172.1,1526.0
1616982,stimulus_Ins_LearningMobility_3_question_3131,853.9,172.1,1526.0
1616983,stimulus_Ins_LearningMobility_3_question_3131,853.6,172.1,1526.0
1616984,stimulus_Ins_LearningMobility_3_question_3131,853.8,172.0,1526.0
1616985,stimulus_Ins_LearningMobility_3_question_3131,854.2,171.9,1525.0
1616986,stimulus_Ins_LearningMobility_3_question_3131,854.2,171.9,1525.0
1616987,stimulus_Ins_LearningMobility_3_question_3131,853.8,172.0,1526.0
1616988,stimulus_Ins_LearningMobility_3_question_3131,853.4,172.3,1526.0
1616989,stimulus_Ins_LearningMobility_3_question_3131,853.1,172.4,1525.0
1616990,stimulus_Ins_LearningMobility_3_question_3131,852.8,172.5,1523.0
1616991,stimulus_Ins_LearningMobility_3_question_3131,852.9,172.8,1520.0
1616992,stimulus_Ins_LearningMobility_3_question_3131,853.3,173.1,1521.0
1616993,stimulus_Ins_LearningMobility_3_question_3131,853.6,173.3,1523.0
1616994,stimulus_Ins_LearningMobility_3_question_3131,853.3,173.2,1525.0
1616995,stimulus_Ins_LearningMobility_3_question_3131,853.1,173.4,1525.0
1616996,stimulus_Ins_LearningMobility_3_question_3131,852.8,173.7,1525.0
1616997,stimulus_Ins_LearningMobility_3_question_3131,852.6,174.1,1525.0
1616998,stimulus_Ins_LearningMobility_3_question_3131,852.4,174.3,1525.0
1616999,stimulus_Ins_LearningMobility_3_question_3131,852.3,174.3,1525.0
1617000,stimulus_Ins_LearningMobility_3_question_3131,852.2,174.3,1526.0
1617001,stimulus_Ins_LearningMobility_3_question_3131,852.3,174.2,1527.0
1617002,stimulus_Ins_LearningMobility_3_question_3131,852.4,174.0,1529.0
1617003,stimulus_Ins_LearningMobility_3_question_3131,852.6,173.9,1529.0
1617004,stimulus_Ins_LearningMobility_3_question_3131,852.7,173.7,1528.0
1617005,stimulus_Ins_LearningMobility_3_question_3131,852.8,173.5,1527.0
1617006,stimulus_Ins_LearningMobility_3_question_3131,852.9,173.3,1528.0
1617007,stimulus_Ins_LearningMobility_3_question_3131,852.9,173.2,1528.0
1617008,stimulus_Ins_LearningMobility_3_question_3131,852.9,173.0,1529.0
1617009,stimulus_Ins_LearningMobility_3_question_3131,853.0,173.8,1529.0
1617010,stimulus_Ins_LearningMobility_3_question_3131,853.1,174.6,1530.0
1617011,stimulus_Ins_LearningMobility_3_question_3131,852.7,175.6,1530.0
1617012,stimulus_Ins_LearningMobility_3_question_3131,852.3,175.7,1531.0
1617013,stimulus_Ins_LearningMobility_3_question_3131,851.9,175.2,1532.0
1617014,stimulus_Ins_LearningMobility_3_question_3131,852.0,174.7,1531.0
1617015,stimulus_Ins_LearningMobility_3_question_3131,852.1,173.9,1528.0
1617016,stimulus_Ins_LearningMobility_3_question_3131,852.1,173.7,1525.0
1617017,stimulus_Ins_LearningMobility_3_question_3131,852.1,173.5,1523.0
1617018,stimulus_Ins_LearningMobility_3_question_3131,852.0,173.5,1523.0
1617019,stimulus_Ins_LearningMobility_3_question_3131,851.9,173.0,1523.0
1617020,stimulus_Ins_LearningMobility_3_question_3131,851.8,172.6,1523.0
1617021,stimulus_Ins_LearningMobility_3_question_3131,851.8,171.9,1522.0
1617022,stimulus_Ins_LearningMobility_3_question_3131,851.7,171.7,1522.0
1617023,stimulus_Ins_LearningMobility_3_question_3131,851.7,171.5,1522.0
1617024,stimulus_Ins_LearningMobility_3_question_3131,851.7,171.6,1523.0
1617025,stimulus_Ins_LearningMobility_3_question_3131,851.4,171.7,1525.0
1617026,stimulus_Ins_LearningMobility_3_question_3131,851.2,171.8,1526.0
1617027,stimulus_Ins_LearningMobility_3_question_3131,850.9,171.9,1526.0
1617028,stimulus_Ins_LearningMobility_3_question_3131,851.0,172.0,1526.0
1617029,stimulus_Ins_LearningMobility_3_question_3131,851.1,172.1,1526.0
1617030,stimulus_Ins_LearningMobility_3_question_3131,851.2,172.1,1525.0
1617031,stimulus_Ins_LearningMobility_3_question_3131,851.4,171.8,1525.0
1617032,stimulus_Ins_LearningMobility_3_question_3131,851.5,171.5,1525.0
1617033,stimulus_Ins_LearningMobility_3_question_3131,851.5,171.1,1526.0
1617034,stimulus_Ins_LearningMobility_3_question_3131,851.5,170.9,1526.0
1617035,stimulus_Ins_LearningMobility_3_question_3131,851.5,170.8,1526.0
1617036,stimulus_Ins_LearningMobility_3_question_3131,851.7,171.5,1525.0
1617037,stimulus_Ins_LearningMobility_3_question_3131,851.9,172.3,1525.0
1617038,stimulus_Ins_LearningMobility_3_question_3131,851.7,173.1,1525.0
1617039,stimulus_Ins_LearningMobility_3_question_3131,850.8,173.2,1522.0
1617040,stimulus_Ins_LearningMobility_3_question_3131,849.7,172.7,1520.0
1617041,stimulus_Ins_LearningMobility_3_question_3131,848.7,172.2,1518.0
1617042,stimulus_Ins_LearningMobility_3_question_3131,847.6,171.0,1517.0
1617043,stimulus_Ins_LearningMobility_3_question_3131,845.6,170.2,1518.0
1617044,stimulus_Ins_LearningMobility_3_question_3131,843.9,169.3,1520.0
1617045,stimulus_Ins_LearningMobility_3_question_3131,841.4,168.8,1522.0
1617046,stimulus_Ins_LearningMobility_3_question_3131,839.3,168.5,1523.0
1617047,stimulus_Ins_LearningMobility_3_question_3131,836.0,168.4,1523.0
1617048,stimulus_Ins_LearningMobility_3_question_3131,833.0,168.4,1523.0
1617049,stimulus_Ins_LearningMobility_3_question_3131,829.7,168.3,1524.0
1617050,stimulus_Ins_LearningMobility_3_question_3131,827.5,168.2,1525.0
1617051,stimulus_Ins_LearningMobility_3_question_3131,825.9,168.1,1526.0
1617052,stimulus_Ins_LearningMobility_3_question_3131,825.5,168.0,1526.0
1617053,stimulus_Ins_LearningMobility_3_question_3131,825.4,166.8,1527.0
1617054,stimulus_Ins_LearningMobility_3_question_3131,825.6,165.6,1529.0
1617055,stimulus_Ins_LearningMobility_3_question_3131,826.3,164.7,1531.0
1617056,stimulus_Ins_LearningMobility_3_question_3131,827.0,165.2,1531.0
1617057,stimulus_Ins_LearningMobility_3_question_3131,828.5,165.5,1530.0
1617058,stimulus_Ins_LearningMobility_3_question_3131,830.0,165.7,1525.0
1617059,stimulus_Ins_LearningMobility_3_question_3131,831.7,165.5,1522.0
1617060,stimulus_Ins_LearningMobility_3_question_3131,833.0,165.5,1519.0
1617061,stimulus_Ins_LearningMobility_3_question_3131,834.1,165.4,1520.0
1617062,stimulus_Ins_LearningMobility_3_question_3131,835.0,165.4,1522.0
1617063,stimulus_Ins_LearningMobility_3_question_3131,835.3,165.7,1524.0
1617064,stimulus_Ins_LearningMobility_3_question_3131,835.0,166.2,1526.0
1617065,stimulus_Ins_LearningMobility_3_question_3131,834.8,166.6,1525.0
1617066,stimulus_Ins_LearningMobility_3_question_3131,834.8,166.9,1525.0
1617067,stimulus_Ins_LearningMobility_3_question_3131,834.2,167.3,1524.0
1617068,stimulus_Ins_LearningMobility_3_question_3131,833.4,167.6,1525.0
1617069,stimulus_Ins_LearningMobility_3_question_3131,832.7,167.9,1525.0
1617070,stimulus_Ins_LearningMobility_3_question_3131,832.6,167.7,1527.0
1617071,stimulus_Ins_LearningMobility_3_question_3131,832.2,167.5,1528.0
1617072,stimulus_Ins_LearningMobility_3_question_3131,831.8,167.1,1529.0
1617073,stimulus_Ins_LearningMobility_3_question_3131,831.5,166.7,1528.0
1617074,stimulus_Ins_LearningMobility_3_question_3131,831.6,166.4,1529.0
1617075,stimulus_Ins_LearningMobility_3_question_3131,831.7,166.4,1531.0
1617076,stimulus_Ins_LearningMobility_3_question_3131,831.6,166.4,1532.0
1617077,stimulus_Ins_LearningMobility_3_question_3131,831.4,166.0,1531.0
1617078,stimulus_Ins_LearningMobility_3_question_3131,831.4,165.6,1530.0
1617079,stimulus_Ins_LearningMobility_3_question_3131,831.5,165.1,1529.0
1617080,stimulus_Ins_LearningMobility_3_question_3131,831.6,165.6,1529.0
1617081,stimulus_Ins_LearningMobility_3_question_3131,831.5,165.9,1529.0
1617082,stimulus_Ins_LearningMobility_3_question_3131,831.4,166.2,1528.0
1617083,stimulus_Ins_LearningMobility_3_question_3131,831.4,164.9,1528.0
1617084,stimulus_Ins_LearningMobility_3_question_3131,831.5,163.8,1529.0
1617085,stimulus_Ins_LearningMobility_3_question_3131,831.5,163.6,1530.0
1617086,stimulus_Ins_LearningMobility_3_question_3131,831.5,164.5,1530.0
1617087,stimulus_Ins_LearningMobility_3_question_3131,831.2,165.3,1530.0
1617088,stimulus_Ins_LearningMobility_3_question_3131,831.0,165.3,1529.0
1617089,stimulus_Ins_LearningMobility_3_question_3131,831.1,165.6,1529.0
1617090,stimulus_Ins_LearningMobility_3_question_3131,831.4,166.0,1531.0
1617091,stimulus_Ins_LearningMobility_3_question_3131,831.8,166.2,1532.0
1617092,stimulus_Ins_LearningMobility_3_question_3131,831.7,166.0,1534.0
1617093,stimulus_Ins_LearningMobility_3_question_3131,831.6,165.6,1533.0
1617094,stimulus_Ins_LearningMobility_3_question_3131,831.1,165.6,1533.0
1617095,stimulus_Ins_LearningMobility_3_question_3131,830.8,165.8,1534.0
1617096,stimulus_Ins_LearningMobility_3_question_3131,830.4,166.1,1534.0
1617097,stimulus_Ins_LearningMobility_3_question_3131,830.4,166.4,1533.0
1617098,stimulus_Ins_LearningMobility_3_question_3131,830.6,166.7,1532.0
1617099,stimulus_Ins_LearningMobility_3_question_3131,830.8,167.3,1531.0
1617100,stimulus_Ins_LearningMobility_3_question_3131,830.9,167.8,1531.0
1617101,stimulus_Ins_LearningMobility_3_question_3131,830.5,167.4,1532.0
1617102,stimulus_Ins_LearningMobility_3_question_3131,830.1,166.8,1535.0
1617103,stimulus_Ins_LearningMobility_3_question_3131,829.7,166.6,1539.0
1617104,stimulus_Ins_LearningMobility_3_question_3131,829.9,166.9,1542.0
1617105,stimulus_Ins_LearningMobility_3_question_3131,830.2,167.2,1544.0
1617106,stimulus_Ins_LearningMobility_3_question_3131,830.5,167.1,1543.0
1617107,stimulus_Ins_LearningMobility_3_question_3131,830.6,167.0,1542.0
1617108,stimulus_Ins_LearningMobility_3_question_3131,830.9,167.0,1541.0
1617109,stimulus_Ins_LearningMobility_3_question_3131,831.1,167.0,1540.0
1617110,stimulus_Ins_LearningMobility_3_question_3131,831.5,167.0,1541.0
1617111,stimulus_Ins_LearningMobility_3_question_3131,831.6,167.0,1542.0
1617112,stimulus_Ins_LearningMobility_3_question_3131,831.8,167.0,1543.0
1617113,stimulus_Ins_LearningMobility_3_question_3131,831.9,166.8,1542.0
1617114,stimulus_Ins_LearningMobility_3_question_3131,831.5,166.7,1543.0
1617115,stimulus_Ins_LearningMobility_3_question_3131,831.1,166.6,1542.0
1617116,stimulus_Ins_LearningMobility_3_question_3131,831.1,167.3,1541.0
1617117,stimulus_Ins_LearningMobility_3_question_3131,831.7,167.9,1540.0
1617118,stimulus_Ins_LearningMobility_3_question_3131,832.2,168.0,1540.0
1617119,stimulus_Ins_LearningMobility_3_question_3131,832.0,167.6,1541.0
1617120,stimulus_Ins_LearningMobility_3_question_3131,831.6,167.1,1541.0
1617121,stimulus_Ins_LearningMobility_3_question_3131,831.3,166.9,1542.0
1617122,stimulus_Ins_LearningMobility_3_question_3131,831.2,166.7,1542.0
1617123,stimulus_Ins_LearningMobility_3_question_3131,831.2,166.6,1542.0
1617124,stimulus_Ins_LearningMobility_3_question_3131,831.2,166.5,1543.0
1617125,stimulus_Ins_LearningMobility_3_question_3131,831.2,166.5,1544.0
1617126,stimulus_Ins_LearningMobility_3_question_3131,831.1,166.5,1545.0
1617127,stimulus_Ins_LearningMobility_3_question_3131,831.1,166.6,1544.0
1617128,stimulus_Ins_LearningMobility_3_question_3131,831.0,167.1,1543.0
1617129,stimulus_Ins_LearningMobility_3_question_3131,830.9,167.5,1543.0
1617130,stimulus_Ins_LearningMobility_3_question_3131,830.7,168.0,1543.0
1617131,stimulus_Ins_LearningMobility_3_question_3131,830.4,167.8,1544.0
1617132,stimulus_Ins_LearningMobility_3_question_3131,830.1,167.6,1545.0
1617133,stimulus_Ins_LearningMobility_3_question_3131,830.2,167.7,1546.0
1617134,stimulus_Ins_LearningMobility_3_question_3131,830.4,168.1,1546.0
1617135,stimulus_Ins_LearningMobility_3_question_3131,830.5,168.6,1546.0
1617136,stimulus_Ins_LearningMobility_3_question_3131,830.4,168.5,1545.0
1617137,stimulus_Ins_LearningMobility_3_question_3131,830.4,168.2,1546.0
1617138,stimulus_Ins_LearningMobility_3_question_3131,830.4,167.9,1546.0
1617139,stimulus_Ins_LearningMobility_3_question_3131,830.3,167.9,1546.0
1617140,stimulus_Ins_LearningMobility_3_question_3131,830.1,167.9,1546.0
1617141,stimulus_Ins_LearningMobility_3_question_3131,829.8,167.9,1546.0
1617142,stimulus_Ins_LearningMobility_3_question_3131,830.1,167.9,1547.0
1617143,stimulus_Ins_LearningMobility_3_question_3131,830.4,168.0,1548.0
1617144,stimulus_Ins_LearningMobility_3_question_3131,830.7,168.1,1548.0
1617145,stimulus_Ins_LearningMobility_3_question_3131,830.6,168.2,1547.0
1617146,stimulus_Ins_LearningMobility_3_question_3131,830.4,168.4,1547.0
1617147,stimulus_Ins_LearningMobility_3_question_3131,830.3,168.5,1546.0
1617148,stimulus_Ins_LearningMobility_3_question_3131,830.2,168.6,1546.0
1617149,stimulus_Ins_LearningMobility_3_question_3131,830.0,168.5,1545.0
1617150,stimulus_Ins_LearningMobility_3_question_3131,829.8,168.3,1544.0
1617151,stimulus_Ins_LearningMobility_3_question_3131,829.7,168.1,1542.0
1617152,stimulus_Ins_LearningMobility_3_question_3131,829.6,168.2,1542.0
1617153,stimulus_Ins_LearningMobility_3_question_3131,829.5,168.4,1545.0
1617154,stimulus_Ins_LearningMobility_3_question_3131,829.9,168.5,1547.0
1617155,stimulus_Ins_LearningMobility_3_question_3131,830.3,168.3,1546.0
1617156,stimulus_Ins_LearningMobility_3_question_3131,830.6,168.2,1544.0
1617157,stimulus_Ins_LearningMobility_3_question_3131,830.4,168.2,1542.0
1617158,stimulus_Ins_LearningMobility_3_question_3131,830.2,168.2,1543.0
1617159,stimulus_Ins_LearningMobility_3_question_3131,830.1,168.2,1544.0
1617160,stimulus_Ins_LearningMobility_3_question_3131,830.1,168.2,1545.0
1617161,stimulus_Ins_LearningMobility_3_question_3131,829.5,168.2,1547.0
1617162,stimulus_Ins_LearningMobility_3_question_3131,829.0,168.4,1547.0
1617163,stimulus_Ins_LearningMobility_3_question_3131,828.5,169.2,1547.0
1617164,stimulus_Ins_LearningMobility_3_question_3131,829.1,169.9,1547.0
1617165,stimulus_Ins_LearningMobility_3_question_3131,829.6,170.2,1547.0
1617166,stimulus_Ins_LearningMobility_3_question_3131,829.9,170.2,1547.0
1617167,stimulus_Ins_LearningMobility_3_question_3131,829.6,170.2,1546.0
1617168,stimulus_Ins_LearningMobility_3_question_3131,829.6,170.4,1544.0
1617169,stimulus_Ins_LearningMobility_3_question_3131,829.9,170.4,1542.0
1617170,stimulus_Ins_LearningMobility_3_question_3131,830.3,170.4,1539.0
1617171,stimulus_Ins_LearningMobility_3_question_3131,830.3,170.4,1538.0
1617172,stimulus_Ins_LearningMobility_3_question_3131,830.7,170.4,1541.0
1617173,stimulus_Ins_LearningMobility_3_question_3131,831.0,170.5,1543.0
1617174,stimulus_Ins_LearningMobility_3_question_3131,831.2,170.5,1545.0
1617175,stimulus_Ins_LearningMobility_3_question_3131,831.1,170.5,1545.0
1617176,stimulus_Ins_LearningMobility_3_question_3131,831.0,170.5,1545.0
1617177,stimulus_Ins_LearningMobility_3_question_3131,830.7,170.4,1543.0
1617178,stimulus_Ins_LearningMobility_3_question_3131,830.4,170.2,1541.0
1617179,stimulus_Ins_LearningMobility_3_question_3131,830.1,170.0,1540.0
1617180,stimulus_Ins_LearningMobility_3_question_3131,830.0,169.9,1540.0
1617181,stimulus_Ins_LearningMobility_3_question_3131,830.0,169.9,1542.0
1617182,stimulus_Ins_LearningMobility_3_question_3131,829.9,169.8,1544.0
1617183,stimulus_Ins_LearningMobility_3_question_3131,829.8,169.8,1547.0
1617184,stimulus_Ins_LearningMobility_3_question_3131,829.7,169.7,1547.0
1617185,stimulus_Ins_LearningMobility_3_question_3131,829.5,169.8,1547.0
1617186,stimulus_Ins_LearningMobility_3_question_3131,829.5,170.0,1545.0
1617187,stimulus_Ins_LearningMobility_3_question_3131,829.6,170.2,1544.0
1617188,stimulus_Ins_LearningMobility_3_question_3131,829.7,170.0,1543.0
1617189,stimulus_Ins_LearningMobility_3_question_3131,829.6,169.7,1542.0
1617190,stimulus_Ins_LearningMobility_3_question_3131,829.6,169.6,1542.0
1617191,stimulus_Ins_LearningMobility_3_question_3131,829.5,169.9,1541.0
1617192,stimulus_Ins_LearningMobility_3_question_3131,829.5,170.1,1541.0
1617193,stimulus_Ins_LearningMobility_3_question_3131,829.7,169.9,1541.0
1617194,stimulus_Ins_LearningMobility_3_question_3131,829.7,169.3,1540.0
1617195,stimulus_Ins_LearningMobility_3_question_3131,829.5,168.8,1539.0
1617196,stimulus_Ins_LearningMobility_3_question_3131,829.2,168.8,1538.0
1617197,stimulus_Ins_LearningMobility_3_question_3131,828.9,168.9,1538.0
1617198,stimulus_Ins_LearningMobility_3_question_3131,828.8,169.1,1537.0
1617199,stimulus_Ins_LearningMobility_3_question_3131,828.7,169.2,1536.0
1617200,stimulus_Ins_LearningMobility_3_question_3131,828.7,169.2,1535.0
1617201,stimulus_Ins_LearningMobility_3_question_3131,828.5,169.0,1534.0
1617202,stimulus_Ins_LearningMobility_3_question_3131,828.3,168.9,1536.0
1617203,stimulus_Ins_LearningMobility_3_question_3131,828.1,168.9,1537.0
1617204,stimulus_Ins_LearningMobility_3_question_3131,828.1,168.9,1534.0
1617205,stimulus_Ins_LearningMobility_3_question_3131,828.2,168.8,1530.0
1617206,stimulus_Ins_LearningMobility_3_question_3131,828.2,168.8,1526.0
1617207,stimulus_Ins_LearningMobility_3_question_3131,828.1,169.0,1526.0
1617208,stimulus_Ins_LearningMobility_3_question_3131,827.9,169.2,1526.0
1617209,stimulus_Ins_LearningMobility_3_question_3131,827.4,169.5,1524.0
1617210,stimulus_Ins_LearningMobility_3_question_3131,826.9,169.8,1523.0
1617211,stimulus_Ins_LearningMobility_3_question_3131,827.6,170.1,1524.0
1617212,stimulus_Ins_LearningMobility_3_question_3131,828.8,170.4,1526.0
1617213,stimulus_Ins_LearningMobility_3_question_3131,830.5,170.4,1529.0
1617214,stimulus_Ins_LearningMobility_3_question_3131,832.5,170.3,1529.0
1617215,stimulus_Ins_LearningMobility_3_question_3131,836.2,170.0,1529.0
1617216,stimulus_Ins_LearningMobility_3_question_3131,841.3,169.6,1527.0
1617217,stimulus_Ins_LearningMobility_3_question_3131,847.4,169.6,1524.0
1617218,stimulus_Ins_LearningMobility_3_question_3131,854.3,169.5,1521.0
1617219,stimulus_Ins_LearningMobility_3_question_3131,860.6,169.5,1520.0
1617220,stimulus_Ins_LearningMobility_3_question_3131,868.3,169.6,1521.0
1617221,stimulus_Ins_LearningMobility_3_question_3131,876.1,169.6,1523.0
1617222,stimulus_Ins_LearningMobility_3_question_3131,885.7,169.4,1525.0
1617223,stimulus_Ins_LearningMobility_3_question_3131,894.1,168.7,1524.0
1617224,stimulus_Ins_LearningMobility_3_question_3131,902.5,168.3,1524.0
1617225,stimulus_Ins_LearningMobility_3_question_3131,910.5,168.5,1524.0
1617226,stimulus_Ins_LearningMobility_3_question_3131,918.1,168.8,1522.0
1617227,stimulus_Ins_LearningMobility_3_question_3131,925.7,168.7,1520.0
1617228,stimulus_Ins_LearningMobility_3_question_3131,933.0,168.3,1517.0
1617229,stimulus_Ins_LearningMobility_3_question_3131,939.9,167.7,1515.0
1617230,stimulus_Ins_LearningMobility_3_question_3131,946.1,166.6,1512.0
1617231,stimulus_Ins_LearningMobility_3_question_3131,953.3,165.3,1510.0
1617232,stimulus_Ins_LearningMobility_3_question_3131,960.2,164.3,1509.0
1617233,stimulus_Ins_LearningMobility_3_question_3131,966.1,164.0,1506.0
1617234,stimulus_Ins_LearningMobility_3_question_3131,971.9,163.9,1503.0
1617235,stimulus_Ins_LearningMobility_3_question_3131,977.1,163.8,1501.0
1617236,stimulus_Ins_LearningMobility_3_question_3131,983.3,163.8,1500.0
1617237,stimulus_Ins_LearningMobility_3_question_3131,986.9,164.0,1496.0
1617238,stimulus_Ins_LearningMobility_3_question_3131,990.7,163.8,1494.0
1617239,stimulus_Ins_LearningMobility_3_question_3131,993.1,163.5,1492.0
1617240,stimulus_Ins_LearningMobility_3_question_3131,995.8,163.2,1492.0
1617241,stimulus_Ins_LearningMobility_3_question_3131,997.9,163.1,1492.0
1617242,stimulus_Ins_LearningMobility_3_question_3131,999.8,162.9,1492.0
1617243,stimulus_Ins_LearningMobility_3_question_3131,1001.0,162.8,1491.0
1617244,stimulus_Ins_LearningMobility_3_question_3131,1000.8,162.8,1490.0
1617245,stimulus_Ins_LearningMobility_3_question_3131,1000.2,162.7,1488.0
1617246,stimulus_Ins_LearningMobility_3_question_3131,999.5,162.6,1486.0
1617247,stimulus_Ins_LearningMobility_3_question_3131,999.4,163.0,1485.0
1617248,stimulus_Ins_LearningMobility_3_question_3131,999.3,163.6,1483.0
1617249,stimulus_Ins_LearningMobility_3_question_3131,999.0,164.2,1482.0
1617250,stimulus_Ins_LearningMobility_3_question_3131,998.8,164.2,1482.0
1617251,stimulus_Ins_LearningMobility_3_question_3131,998.7,164.0,1481.0
1617252,stimulus_Ins_LearningMobility_3_question_3131,998.7,163.7,1480.0
1617253,stimulus_Ins_LearningMobility_3_question_3131,998.7,163.3,1479.0
1617254,stimulus_Ins_LearningMobility_3_question_3131,998.7,163.6,1479.0
1617255,stimulus_Ins_LearningMobility_3_question_3131,998.7,164.0,1478.0
1617256,stimulus_Ins_LearningMobility_3_question_3131,998.8,164.4,1478.0
1617257,stimulus_Ins_LearningMobility_3_question_3131,998.8,164.4,1477.0
1617258,stimulus_Ins_LearningMobility_3_question_3131,998.9,164.3,1476.0
1617259,stimulus_Ins_LearningMobility_3_question_3131,999.2,164.0,1474.0
1617260,stimulus_Ins_LearningMobility_3_question_3131,999.6,163.7,1472.0
1617261,stimulus_Ins_LearningMobility_3_question_3131,999.9,163.5,1472.0
1617262,stimulus_Ins_LearningMobility_3_question_3131,1000.1,163.3,1471.0
1617263,stimulus_Ins_LearningMobility_3_question_3131,1000.4,163.0,1470.0
1617264,stimulus_Ins_LearningMobility_3_question_3131,1000.8,162.6,1470.0
1617265,stimulus_Ins_LearningMobility_3_question_3131,1001.0,162.4,1469.0
1617266,stimulus_Ins_LearningMobility_3_question_3131,1001.1,162.3,1469.0
1617267,stimulus_Ins_LearningMobility_3_question_3131,1000.5,162.3,1466.0
1617268,stimulus_Ins_LearningMobility_3_question_3131,999.9,162.3,1460.0
1617269,stimulus_Ins_LearningMobility_3_question_3131,999.3,162.9,1455.0
1617270,stimulus_Ins_LearningMobility_3_question_3131,999.5,163.5,1453.0
1617271,stimulus_Ins_LearningMobility_3_question_3131,999.8,164.1,1454.0
1617272,stimulus_Ins_LearningMobility_3_question_3131,1000.1,164.1,1456.0
1617273,stimulus_Ins_LearningMobility_3_question_3131,999.9,164.1,1456.0
1617274,stimulus_Ins_LearningMobility_3_question_3131,999.8,164.2,1456.0
1617275,stimulus_Ins_LearningMobility_3_question_3131,999.7,164.3,1456.0
1617276,stimulus_Ins_LearningMobility_3_question_3131,999.8,164.3,1456.0
1617277,stimulus_Ins_LearningMobility_3_question_3131,999.3,164.3,1456.0
1617278,stimulus_Ins_LearningMobility_3_question_3131,998.7,164.2,1456.0
1617279,stimulus_Ins_LearningMobility_3_question_3131,998.5,164.3,1452.0
1617280,stimulus_Ins_LearningMobility_3_question_3131,998.9,164.5,1449.0
1617281,stimulus_Ins_LearningMobility_3_question_3131,999.3,164.6,1445.0
1617282,stimulus_Ins_LearningMobility_3_question_3131,999.2,164.5,1445.0
1617283,stimulus_Ins_LearningMobility_3_question_3131,999.1,164.0,1445.0
1617284,stimulus_Ins_LearningMobility_3_question_3131,999.1,163.7,1445.0
1617285,stimulus_Ins_LearningMobility_3_question_3131,999.3,163.5,1445.0
1617286,stimulus_Ins_LearningMobility_3_question_3131,999.7,163.5,1442.0
1617287,stimulus_Ins_LearningMobility_3_question_3131,1000.1,163.4,1439.0
1617288,stimulus_Ins_LearningMobility_3_question_3131,1000.4,163.3,1436.0
1617289,stimulus_Ins_LearningMobility_3_question_3131,1000.4,163.3,1434.0
1617290,stimulus_Ins_LearningMobility_3_question_3131,1000.2,163.2,1433.0
1617291,stimulus_Ins_LearningMobility_3_question_3131,999.6,163.4,1433.0
1617292,stimulus_Ins_LearningMobility_3_question_3131,999.1,163.7,1433.0
1617293,stimulus_Ins_LearningMobility_3_question_3131,998.7,163.9,1433.0
1617294,stimulus_Ins_LearningMobility_3_question_3131,998.8,163.8,1434.0
1617295,stimulus_Ins_LearningMobility_3_question_3131,998.7,163.8,1436.0
1617296,stimulus_Ins_LearningMobility_3_question_3131,998.6,163.9,1433.0
1617297,stimulus_Ins_LearningMobility_3_question_3131,998.7,163.9,1430.0
1617298,stimulus_Ins_LearningMobility_3_question_3131,998.9,163.8,1428.0
1617299,stimulus_Ins_LearningMobility_3_question_3131,999.0,163.5,1428.0
1617300,stimulus_Ins_LearningMobility_3_question_3131,998.8,163.5,1429.0
1617301,stimulus_Ins_LearningMobility_3_question_3131,998.5,163.6,1429.0
1617302,stimulus_Ins_LearningMobility_3_question_3131,998.3,163.3,1429.0
1617303,stimulus_Ins_LearningMobility_3_question_3131,998.1,162.8,1430.0
1617304,stimulus_Ins_LearningMobility_3_question_3131,998.2,162.6,1429.0
1617305,stimulus_Ins_LearningMobility_3_question_3131,998.2,163.0,1428.0
1617306,stimulus_Ins_LearningMobility_3_question_3131,998.3,163.3,1426.0
1617307,stimulus_Ins_LearningMobility_3_question_3131,998.5,163.3,1425.0
1617308,stimulus_Ins_LearningMobility_3_question_3131,998.5,163.0,1422.0
1617309,stimulus_Ins_LearningMobility_3_question_3131,998.3,162.4,1419.0
1617310,stimulus_Ins_LearningMobility_3_question_3131,998.4,161.8,1416.0
1617311,stimulus_Ins_LearningMobility_3_question_3131,998.7,161.3,1417.0
1617312,stimulus_Ins_LearningMobility_3_question_3131,999.1,161.6,1415.0
1617313,stimulus_Ins_LearningMobility_3_question_3131,999.1,162.0,1413.0
1617314,stimulus_Ins_LearningMobility_3_question_3131,999.0,162.4,1411.0
1617315,stimulus_Ins_LearningMobility_3_question_3131,998.9,162.6,1412.0
1617316,stimulus_Ins_LearningMobility_3_question_3131,998.6,162.8,1411.0
1617317,stimulus_Ins_LearningMobility_3_question_3131,998.3,162.8,1409.0
1617318,stimulus_Ins_LearningMobility_3_question_3131,997.9,162.7,1407.0
1617319,stimulus_Ins_LearningMobility_3_question_3131,997.7,162.3,1403.0
1617320,stimulus_Ins_LearningMobility_3_question_3131,998.0,161.9,1401.0
1617321,stimulus_Ins_LearningMobility_3_question_3131,998.5,161.6,1402.0
1617322,stimulus_Ins_LearningMobility_3_question_3131,998.8,161.6,1405.0
1617323,stimulus_Ins_LearningMobility_3_question_3131,998.8,161.6,1407.0
1617324,stimulus_Ins_LearningMobility_3_question_3131,998.6,161.8,1408.0
1617325,stimulus_Ins_LearningMobility_3_question_3131,998.6,162.1,1407.0
1617326,stimulus_Ins_LearningMobility_3_question_3131,998.7,162.4,1403.0
1617327,stimulus_Ins_LearningMobility_3_question_3131,998.7,162.5,1398.0
1617328,stimulus_Ins_LearningMobility_3_question_3131,998.9,161.9,1393.0
1617329,stimulus_Ins_LearningMobility_3_question_3131,999.2,161.2,1391.0
1617330,stimulus_Ins_LearningMobility_3_question_3131,999.4,161.0,1391.0
1617331,stimulus_Ins_LearningMobility_3_question_3131,999.1,161.4,1391.0
1617332,stimulus_Ins_LearningMobility_3_question_3131,998.7,162.2,1392.0
1617333,stimulus_Ins_LearningMobility_3_question_3131,998.5,162.6,1393.0
1617334,stimulus_Ins_LearningMobility_3_question_3131,998.7,162.9,1394.0
1617335,stimulus_Ins_LearningMobility_3_question_3131,998.9,162.9,1393.0
1617336,stimulus_Ins_LearningMobility_3_question_3131,998.5,162.4,1391.0
1617337,stimulus_Ins_LearningMobility_3_question_3131,998.1,162.0,1387.0
1617338,stimulus_Ins_LearningMobility_3_question_3131,997.4,161.7,1385.0
1617339,stimulus_Ins_LearningMobility_3_question_3131,997.2,161.9,1384.0
1617340,stimulus_Ins_LearningMobility_3_question_3131,997.2,162.2,1385.0
1617341,stimulus_Ins_LearningMobility_3_question_3131,997.5,162.2,1385.0
1617342,stimulus_Ins_LearningMobility_3_question_3131,997.9,161.8,1384.0
1617343,stimulus_Ins_LearningMobility_3_question_3131,998.2,161.3,1384.0
1617344,stimulus_Ins_LearningMobility_3_question_3131,998.2,161.2,1384.0
1617345,stimulus_Ins_LearningMobility_3_question_3131,998.2,161.5,1384.0
1617346,stimulus_Ins_LearningMobility_3_question_3131,998.6,161.9,1383.0
1617347,stimulus_Ins_LearningMobility_3_question_3131,999.0,162.2,1381.0
1617348,stimulus_Ins_LearningMobility_3_question_3131,999.3,162.2,1379.0
1617349,stimulus_Ins_LearningMobility_3_question_3131,999.0,162.7,1378.0
1617350,stimulus_Ins_LearningMobility_3_question_3131,998.7,163.1,1379.0
1617351,stimulus_Ins_LearningMobility_3_question_3131,998.4,163.4,1380.0
1617352,stimulus_Ins_LearningMobility_3_question_3131,998.3,163.4,1381.0
1617353,stimulus_Ins_LearningMobility_3_question_3131,998.4,163.6,1381.0
1617354,stimulus_Ins_LearningMobility_3_question_3131,998.5,163.8,1379.0
1617355,stimulus_Ins_LearningMobility_3_question_3131,998.7,163.8,1377.0
1617356,stimulus_Ins_LearningMobility_3_question_3131,998.8,163.5,1374.0
1617357,stimulus_Ins_LearningMobility_3_question_3131,998.8,163.3,1374.0
1617358,stimulus_Ins_LearningMobility_3_question_3131,998.8,163.1,1375.0
1617359,stimulus_Ins_LearningMobility_3_question_3131,998.8,163.4,1376.0
1617360,stimulus_Ins_LearningMobility_3_question_3131,998.9,163.6,1376.0
1617361,stimulus_Ins_LearningMobility_3_question_3131,998.9,164.1,1375.0
1617362,stimulus_Ins_LearningMobility_3_question_3131,998.9,164.3,1373.0
1617363,stimulus_Ins_LearningMobility_3_question_3131,998.8,164.7,1370.0
1617364,stimulus_Ins_LearningMobility_3_question_3131,998.8,164.9,1368.0
1617365,stimulus_Ins_LearningMobility_3_question_3131,998.5,164.5,1368.0
1617366,stimulus_Ins_LearningMobility_3_question_3131,998.2,164.0,1368.0
1617367,stimulus_Ins_LearningMobility_3_question_3131,998.3,163.2,1368.0
1617368,stimulus_Ins_LearningMobility_3_question_3131,998.6,163.0,1367.0
1617369,stimulus_Ins_LearningMobility_3_question_3131,999.0,162.8,1366.0
1617370,stimulus_Ins_LearningMobility_3_question_3131,999.0,163.3,1364.0
1617371,stimulus_Ins_LearningMobility_3_question_3131,999.0,163.9,1363.0
1617372,stimulus_Ins_LearningMobility_3_question_3131,999.0,164.1,1362.0
1617373,stimulus_Ins_LearningMobility_3_question_3131,999.0,163.9,1364.0
1617374,stimulus_Ins_LearningMobility_3_question_3131,999.0,163.6,1365.0
1617375,stimulus_Ins_LearningMobility_3_question_3131,998.8,163.2,1365.0
1617376,stimulus_Ins_LearningMobility_3_question_3131,998.8,162.7,1364.0
1617377,stimulus_Ins_LearningMobility_3_question_3131,998.7,162.6,1364.0
1617378,stimulus_Ins_LearningMobility_3_question_3131,999.2,163.0,1363.0
1617379,stimulus_Ins_LearningMobility_3_question_3131,999.5,163.6,1362.0
1617380,stimulus_Ins_LearningMobility_3_question_3131,999.7,163.9,1362.0
1617381,stimulus_Ins_LearningMobility_3_question_3131,999.6,164.1,1362.0
1617382,stimulus_Ins_LearningMobility_3_question_3131,999.4,164.1,1362.0
1617383,stimulus_Ins_LearningMobility_3_question_3131,999.1,164.1,1363.0
1617384,stimulus_Ins_LearningMobility_3_question_3131,998.9,164.2,1363.0
1617385,stimulus_Ins_LearningMobility_3_question_3131,998.9,164.1,1362.0
1617386,stimulus_Ins_LearningMobility_3_question_3131,999.1,163.8,1361.0
1617387,stimulus_Ins_LearningMobility_3_question_3131,999.4,163.6,1360.0
1617388,stimulus_Ins_LearningMobility_3_question_3131,999.6,164.0,1358.0
1617389,stimulus_Ins_LearningMobility_3_question_3131,999.6,164.6,1356.0
1617390,stimulus_Ins_LearningMobility_3_question_3131,999.8,165.2,1354.0
1617391,stimulus_Ins_LearningMobility_3_question_3131,999.9,165.0,1353.0
1617392,stimulus_Ins_LearningMobility_3_question_3131,1000.0,164.8,1355.0
1617393,stimulus_Ins_LearningMobility_3_question_3131,999.7,164.5,1357.0
1617394,stimulus_Ins_LearningMobility_3_question_3131,999.3,164.3,1359.0
1617395,stimulus_Ins_LearningMobility_3_question_3131,998.9,164.1,1359.0
1617396,stimulus_Ins_LearningMobility_3_question_3131,998.9,164.1,1358.0
1617397,stimulus_Ins_LearningMobility_3_question_3131,998.8,164.9,1357.0
1617398,stimulus_Ins_LearningMobility_3_question_3131,998.7,165.7,1357.0
1617399,stimulus_Ins_LearningMobility_3_question_3131,998.6,166.4,1357.0
1617400,stimulus_Ins_LearningMobility_3_question_3131,998.7,166.0,1357.0
1617401,stimulus_Ins_LearningMobility_3_question_3131,998.8,165.7,1357.0
1617402,stimulus_Ins_LearningMobility_3_question_3131,998.9,165.1,1356.0
1617403,stimulus_Ins_LearningMobility_3_question_3131,998.9,164.8,1355.0
1617404,stimulus_Ins_LearningMobility_3_question_3131,998.9,165.4,1355.0
1617405,stimulus_Ins_LearningMobility_3_question_3131,999.0,166.1,1354.0
1617406,stimulus_Ins_LearningMobility_3_question_3131,999.3,167.1,1354.0
1617407,stimulus_Ins_LearningMobility_3_question_3131,999.6,167.3,1353.0
1617408,stimulus_Ins_LearningMobility_3_question_3131,999.7,167.5,1352.0
1617409,stimulus_Ins_LearningMobility_3_question_3131,999.6,167.4,1351.0
1617410,stimulus_Ins_LearningMobility_3_question_3131,999.4,167.6,1350.0
1617411,stimulus_Ins_LearningMobility_3_question_3131,999.3,167.8,1350.0
1617412,stimulus_Ins_LearningMobility_3_question_3131,999.3,167.3,1351.0
1617413,stimulus_Ins_LearningMobility_3_question_3131,999.3,166.7,1352.0
1617414,stimulus_Ins_LearningMobility_3_question_3131,999.4,166.0,1352.0
1617415,stimulus_Ins_LearningMobility_3_question_3131,999.4,165.9,1352.0
1617416,stimulus_Ins_LearningMobility_3_question_3131,999.2,165.8,1350.0
1617417,stimulus_Ins_LearningMobility_3_question_3131,999.1,165.9,1348.0
1617418,stimulus_Ins_LearningMobility_3_question_3131,999.3,166.2,1346.0
1617419,stimulus_Ins_LearningMobility_3_question_3131,999.7,166.5,1346.0
1617420,stimulus_Ins_LearningMobility_3_question_3131,1000.0,166.6,1346.0
1617421,stimulus_Ins_LearningMobility_3_question_3131,999.9,166.8,1346.0
1617422,stimulus_Ins_LearningMobility_3_question_3131,999.7,167.0,1345.0
1617423,stimulus_Ins_LearningMobility_3_question_3131,999.7,167.2,1345.0
1617424,stimulus_Ins_LearningMobility_3_question_3131,999.5,167.2,1344.0
1617425,stimulus_Ins_LearningMobility_3_question_3131,999.4,167.2,1344.0
1617426,stimulus_Ins_LearningMobility_3_question_3131,999.3,167.4,1344.0
1617427,stimulus_Ins_LearningMobility_3_question_3131,999.2,167.5,1341.0
1617428,stimulus_Ins_LearningMobility_3_question_3131,999.2,167.7,1338.0
1617429,stimulus_Ins_LearningMobility_3_question_3131,999.3,167.9,1336.0
1617430,stimulus_Ins_LearningMobility_3_question_3131,999.4,167.3,1337.0
1617431,stimulus_Ins_LearningMobility_3_question_3131,999.5,166.5,1338.0
1617432,stimulus_Ins_LearningMobility_3_question_3131,999.6,165.8,1338.0
1617433,stimulus_Ins_LearningMobility_3_question_3131,999.6,165.9,1338.0
1617434,stimulus_Ins_LearningMobility_3_question_3131,999.6,166.2,1340.0
1617435,stimulus_Ins_LearningMobility_3_question_3131,999.5,166.3,1341.0
1617436,stimulus_Ins_LearningMobility_3_question_3131,999.6,166.3,1339.0
1617437,stimulus_Ins_LearningMobility_3_question_3131,999.8,166.4,1337.0
1617438,stimulus_Ins_LearningMobility_3_question_3131,999.9,167.1,1334.0
1617439,stimulus_Ins_LearningMobility_3_question_3131,999.9,167.8,1335.0
1617440,stimulus_Ins_LearningMobility_3_question_3131,999.9,168.3,1335.0
1617441,stimulus_Ins_LearningMobility_3_question_3131,999.9,168.4,1335.0
1617442,stimulus_Ins_LearningMobility_3_question_3131,1000.0,168.6,1335.0
1617443,stimulus_Ins_LearningMobility_3_question_3131,1000.4,168.5,1335.0
1617444,stimulus_Ins_LearningMobility_3_question_3131,1000.7,168.0,1335.0
1617445,stimulus_Ins_LearningMobility_3_question_3131,1000.8,167.5,1335.0
1617446,stimulus_Ins_LearningMobility_3_question_3131,1000.5,167.2,1330.0
1617447,stimulus_Ins_LearningMobility_3_question_3131,1000.2,167.3,1325.0
1617448,stimulus_Ins_LearningMobility_3_question_3131,1000.0,167.4,1321.0
1617449,stimulus_Ins_LearningMobility_3_question_3131,999.9,167.4,1321.0
1617450,stimulus_Ins_LearningMobility_3_question_3131,999.9,167.4,1322.0
1617451,stimulus_Ins_LearningMobility_3_question_3131,1000.1,167.4,1323.0
1617452,stimulus_Ins_LearningMobility_3_question_3131,1000.3,167.4,1325.0
1617453,stimulus_Ins_LearningMobility_3_question_3131,1000.4,167.2,1326.0
1617454,stimulus_Ins_LearningMobility_3_question_3131,1000.4,167.0,1325.0
1617455,stimulus_Ins_LearningMobility_3_question_3131,1000.2,167.3,1324.0
1617456,stimulus_Ins_LearningMobility_3_question_3131,1000.0,167.8,1323.0
1617457,stimulus_Ins_LearningMobility_3_question_3131,999.6,168.1,1321.0
1617458,stimulus_Ins_LearningMobility_3_question_3131,999.3,168.0,1319.0
1617459,stimulus_Ins_LearningMobility_3_question_3131,999.3,167.9,1317.0
1617460,stimulus_Ins_LearningMobility_3_question_3131,999.6,167.8,1318.0
1617461,stimulus_Ins_LearningMobility_3_question_3131,1000.0,167.7,1320.0
1617462,stimulus_Ins_LearningMobility_3_question_3131,999.8,167.6,1323.0
1617463,stimulus_Ins_LearningMobility_3_question_3131,999.6,167.5,1324.0
1617464,stimulus_Ins_LearningMobility_3_question_3131,999.9,167.1,1323.0
1617465,stimulus_Ins_LearningMobility_3_question_3131,1000.4,166.7,1323.0
1617466,stimulus_Ins_LearningMobility_3_question_3131,1000.8,166.6,1321.0
1617467,stimulus_Ins_LearningMobility_3_question_3131,1000.5,166.7,1321.0
1617468,stimulus_Ins_LearningMobility_3_question_3131,1000.3,166.8,1321.0
1617469,stimulus_Ins_LearningMobility_3_question_3131,1000.1,166.9,1322.0
1617470,stimulus_Ins_LearningMobility_3_question_3131,1000.5,166.8,1323.0
1617471,stimulus_Ins_LearningMobility_3_question_3131,1000.9,167.0,1323.0
1617472,stimulus_Ins_LearningMobility_3_question_3131,1001.3,167.2,1322.0
1617473,stimulus_Ins_LearningMobility_3_question_3131,1001.2,167.6,1321.0
1617474,stimulus_Ins_LearningMobility_3_question_3131,1001.2,167.8,1321.0
1617475,stimulus_Ins_LearningMobility_3_question_3131,1001.1,168.0,1322.0
1617476,stimulus_Ins_LearningMobility_3_question_3131,1001.1,168.0,1323.0
1617477,stimulus_Ins_LearningMobility_3_question_3131,1001.1,167.8,1323.0
1617478,stimulus_Ins_LearningMobility_3_question_3131,1001.2,167.6,1323.0
1617479,stimulus_Ins_LearningMobility_3_question_3131,1001.2,167.4,1323.0
1617480,stimulus_Ins_LearningMobility_3_question_3131,1001.3,167.3,1323.0
1617481,stimulus_Ins_LearningMobility_3_question_3131,1001.3,167.5,1321.0
1617482,stimulus_Ins_LearningMobility_3_question_3131,1001.2,167.6,1319.0
1617483,stimulus_Ins_LearningMobility_3_question_3131,1001.0,167.8,1317.0
1617484,stimulus_Ins_LearningMobility_3_question_3131,1000.8,167.9,1316.0
1617485,stimulus_Ins_LearningMobility_3_question_3131,1000.7,167.3,1316.0
1617486,stimulus_Ins_LearningMobility_3_question_3131,1000.6,166.8,1317.0
1617487,stimulus_Ins_LearningMobility_3_question_3131,1000.6,166.2,1317.0
1617488,stimulus_Ins_LearningMobility_3_question_3131,1000.5,167.0,1318.0
1617489,stimulus_Ins_LearningMobility_3_question_3131,1000.4,167.5,1318.0
1617490,stimulus_Ins_LearningMobility_3_question_3131,1000.3,168.0,1318.0
1617491,stimulus_Ins_LearningMobility_3_question_3131,1000.4,167.8,1317.0
1617492,stimulus_Ins_LearningMobility_3_question_3131,1000.2,167.7,1318.0
1617493,stimulus_Ins_LearningMobility_3_question_3131,1000.0,167.3,1319.0
1617494,stimulus_Ins_LearningMobility_3_question_3131,999.9,166.9,1321.0
1617495,stimulus_Ins_LearningMobility_3_question_3131,999.6,167.1,1322.0
1617496,stimulus_Ins_LearningMobility_3_question_3131,999.3,167.7,1323.0
1617497,stimulus_Ins_LearningMobility_3_question_3131,999.3,168.3,1321.0
1617498,stimulus_Ins_LearningMobility_3_question_3131,999.8,168.4,1318.0
1617499,stimulus_Ins_LearningMobility_3_question_3131,999.9,168.7,1316.0
1617500,stimulus_Ins_LearningMobility_3_question_3131,999.7,169.0,1314.0
1617501,stimulus_Ins_LearningMobility_3_question_3131,999.5,169.3,1314.0
1617502,stimulus_Ins_LearningMobility_3_question_3131,999.6,168.2,1315.0
1617503,stimulus_Ins_LearningMobility_3_question_3131,999.7,167.2,1316.0
1617504,stimulus_Ins_LearningMobility_3_question_3131,999.9,166.3,1317.0
1617505,stimulus_Ins_LearningMobility_3_question_3131,1000.1,166.5,1317.0
1617506,stimulus_Ins_LearningMobility_3_question_3131,1000.1,166.8,1316.0
1617507,stimulus_Ins_LearningMobility_3_question_3131,999.9,167.0,1315.0
1617508,stimulus_Ins_LearningMobility_3_question_3131,999.7,167.2,1313.0
1617509,stimulus_Ins_LearningMobility_3_question_3131,999.7,167.3,1312.0
1617510,stimulus_Ins_LearningMobility_3_question_3131,999.6,167.4,1312.0
1617511,stimulus_Ins_LearningMobility_3_question_3131,999.4,167.4,1312.0
1617512,stimulus_Ins_LearningMobility_3_question_3131,999.2,167.4,1314.0
1617513,stimulus_Ins_LearningMobility_3_question_3131,999.0,167.4,1316.0
1617514,stimulus_Ins_LearningMobility_3_question_3131,998.9,167.4,1317.0
1617515,stimulus_Ins_LearningMobility_3_question_3131,998.8,167.3,1317.0
1617516,stimulus_Ins_LearningMobility_3_question_3131,998.6,167.3,1317.0
1617517,stimulus_Ins_LearningMobility_3_question_3131,998.4,167.2,1317.0
1617518,stimulus_Ins_LearningMobility_3_question_3131,998.3,167.2,1315.0
1617519,stimulus_Ins_LearningMobility_3_question_3131,998.3,167.1,1314.0
1617520,stimulus_Ins_LearningMobility_3_question_3131,998.2,167.1,1312.0
1617521,stimulus_Ins_LearningMobility_3_question_3131,998.6,167.1,1312.0
1617522,stimulus_Ins_LearningMobility_3_question_3131,998.9,167.2,1311.0
1617523,stimulus_Ins_LearningMobility_3_question_3131,999.3,167.4,1313.0
1617524,stimulus_Ins_LearningMobility_3_question_3131,999.4,167.6,1315.0
1617525,stimulus_Ins_LearningMobility_3_question_3131,999.6,167.7,1316.0
1617526,stimulus_Ins_LearningMobility_3_question_3131,999.7,167.6,1314.0
1617527,stimulus_Ins_LearningMobility_3_question_3131,999.5,167.5,1311.0
1617528,stimulus_Ins_LearningMobility_3_question_3131,999.2,167.4,1308.0
1617529,stimulus_Ins_LearningMobility_3_question_3131,999.0,167.2,1307.0
1617530,stimulus_Ins_LearningMobility_3_question_3131,999.0,167.0,1306.0
1617531,stimulus_Ins_LearningMobility_3_question_3131,999.5,166.9,1307.0
1617532,stimulus_Ins_LearningMobility_3_question_3131,1000.0,166.9,1309.0
1617533,stimulus_Ins_LearningMobility_3_question_3131,1000.5,166.8,1310.0
1617534,stimulus_Ins_LearningMobility_3_question_3131,1000.6,166.5,1310.0
1617535,stimulus_Ins_LearningMobility_3_question_3131,1000.9,166.1,1310.0
1617536,stimulus_Ins_LearningMobility_3_question_3131,1001.1,166.1,1310.0
1617537,stimulus_Ins_LearningMobility_3_question_3131,1002.0,166.3,1310.0
1617538,stimulus_Ins_LearningMobility_3_question_3131,1002.6,165.8,1306.0
1617539,stimulus_Ins_LearningMobility_3_question_3131,1003.2,165.0,1303.0
1617540,stimulus_Ins_LearningMobility_3_question_3131,1002.6,164.4,1299.0
1617541,stimulus_Ins_LearningMobility_3_question_3131,1000.6,164.5,1299.0
1617542,stimulus_Ins_LearningMobility_3_question_3131,997.8,164.7,1300.0
1617543,stimulus_Ins_LearningMobility_3_question_3131,993.5,164.0,1303.0
1617544,stimulus_Ins_LearningMobility_3_question_3131,989.2,162.8,1308.0
1617545,stimulus_Ins_LearningMobility_3_question_3131,982.3,161.5,1312.0
1617546,stimulus_Ins_LearningMobility_3_question_3131,973.9,161.1,1314.0
1617547,stimulus_Ins_LearningMobility_3_question_3131,963.7,160.4,1316.0
1617548,stimulus_Ins_LearningMobility_3_question_3131,952.6,160.0,1320.0
1617549,stimulus_Ins_LearningMobility_3_question_3131,939.9,159.7,1324.0
1617550,stimulus_Ins_LearningMobility_3_question_3131,926.0,158.6,1329.0
1617551,stimulus_Ins_LearningMobility_3_question_3131,910.6,157.7,1333.0
1617552,stimulus_Ins_LearningMobility_3_question_3131,895.9,156.2,1340.0
1617553,stimulus_Ins_LearningMobility_3_question_3131,880.7,155.3,1346.0
1617554,stimulus_Ins_LearningMobility_3_question_3131,865.0,153.0,1351.0
1617555,stimulus_Ins_LearningMobility_3_question_3131,849.0,151.0,1353.0
1617556,stimulus_Ins_LearningMobility_3_question_3131,832.0,149.2,1356.0
1617557,stimulus_Ins_LearningMobility_3_question_3131,816.9,148.6,1358.0
1617558,stimulus_Ins_LearningMobility_3_question_3131,799.3,147.7,1360.0
1617559,stimulus_Ins_LearningMobility_3_question_3131,782.7,147.3,1364.0
1617560,stimulus_Ins_LearningMobility_3_question_3131,764.2,146.8,1366.0
1617561,stimulus_Ins_LearningMobility_3_question_3131,748.3,146.5,1369.0
1617562,stimulus_Ins_LearningMobility_3_question_3131,732.5,146.9,1372.0
1617563,stimulus_Ins_LearningMobility_3_question_3131,717.6,147.1,1373.0
1617564,stimulus_Ins_LearningMobility_3_question_3131,703.3,147.4,1373.0
1617565,stimulus_Ins_LearningMobility_3_question_3131,688.2,147.7,1371.0
1617566,stimulus_Ins_LearningMobility_3_question_3131,673.4,148.3,1369.0
1617567,stimulus_Ins_LearningMobility_3_question_3131,656.8,147.8,1366.0
1617568,stimulus_Ins_LearningMobility_3_question_3131,642.3,146.6,1365.0
1617569,stimulus_Ins_LearningMobility_3_question_3131,627.9,144.4,1363.0
1617570,stimulus_Ins_LearningMobility_3_question_3131,615.0,142.2,1362.0
1617571,stimulus_Ins_LearningMobility_3_question_3131,602.2,140.6,1362.0
1617572,stimulus_Ins_LearningMobility_3_question_3131,589.6,139.1,1361.0
1617573,stimulus_Ins_LearningMobility_3_question_3131,577.5,138.5,1360.0
1617574,stimulus_Ins_LearningMobility_3_question_3131,564.6,138.1,1359.0
1617575,stimulus_Ins_LearningMobility_3_question_3131,552.1,139.4,1360.0
1617576,stimulus_Ins_LearningMobility_3_question_3131,539.1,140.6,1360.0
1617577,stimulus_Ins_LearningMobility_3_question_3131,526.0,141.2,1358.0
1617578,stimulus_Ins_LearningMobility_3_question_3131,512.8,140.1,1355.0
1617579,stimulus_Ins_LearningMobility_3_question_3131,500.1,138.6,1352.0
1617580,stimulus_Ins_LearningMobility_3_question_3131,487.3,137.9,1351.0
1617581,stimulus_Ins_LearningMobility_3_question_3131,475.5,137.3,1352.0
1617582,stimulus_Ins_LearningMobility_3_question_3131,463.5,136.3,1352.0
1617583,stimulus_Ins_LearningMobility_3_question_3131,452.2,135.3,1353.0
1617584,stimulus_Ins_LearningMobility_3_question_3131,440.8,135.0,1353.0
1617585,stimulus_Ins_LearningMobility_3_question_3131,430.0,135.3,1354.0
1617586,stimulus_Ins_LearningMobility_3_question_3131,419.6,134.7,1350.0
1617587,stimulus_Ins_LearningMobility_3_question_3131,408.1,134.1,1344.0
1617588,stimulus_Ins_LearningMobility_3_question_3131,396.6,133.5,1338.0
1617589,stimulus_Ins_LearningMobility_3_question_3131,384.7,133.7,1337.0
1617590,stimulus_Ins_LearningMobility_3_question_3131,374.0,134.0,1338.0
1617591,stimulus_Ins_LearningMobility_3_question_3131,363.0,134.4,1340.0
1617592,stimulus_Ins_LearningMobility_3_question_3131,353.0,134.9,1341.0
1617593,stimulus_Ins_LearningMobility_3_question_3131,342.4,135.5,1342.0
1617594,stimulus_Ins_LearningMobility_3_question_3131,332.9,136.5,1342.0
1617595,stimulus_Ins_LearningMobility_3_question_3131,323.2,138.2,1341.0
1617596,stimulus_Ins_LearningMobility_3_question_3131,314.0,140.6,1339.0
1617597,stimulus_Ins_LearningMobility_3_question_3131,304.9,142.4,1339.0
1617598,stimulus_Ins_LearningMobility_3_question_3131,296.3,143.5,1338.0
1617599,stimulus_Ins_LearningMobility_3_question_3131,288.5,144.0,1338.0
1617600,stimulus_Ins_LearningMobility_3_question_3131,280.8,144.5,1340.0
1617601,stimulus_Ins_LearningMobility_3_question_3131,274.0,145.1,1341.0
1617602,stimulus_Ins_LearningMobility_3_question_3131,266.9,145.7,1343.0
1617603,stimulus_Ins_LearningMobility_3_question_3131,260.4,146.3,1344.0
1617604,stimulus_Ins_LearningMobility_3_question_3131,253.7,146.8,1344.0
1617605,stimulus_Ins_LearningMobility_3_question_3131,246.9,147.0,1345.0
1617606,stimulus_Ins_LearningMobility_3_question_3131,240.3,147.3,1345.0
1617607,stimulus_Ins_LearningMobility_3_question_3131,233.7,148.1,1345.0
1617608,stimulus_Ins_LearningMobility_3_question_3131,227.4,149.3,1345.0
1617609,stimulus_Ins_LearningMobility_3_question_3131,221.6,150.5,1345.0
1617610,stimulus_Ins_LearningMobility_3_question_3131,216.3,151.3,1345.0
1617611,stimulus_Ins_LearningMobility_3_question_3131,211.4,152.2,1345.0
1617612,stimulus_Ins_LearningMobility_3_question_3131,206.3,153.3,1345.0
1617613,stimulus_Ins_LearningMobility_3_question_3131,202.7,154.1,1346.0
1617614,stimulus_Ins_LearningMobility_3_question_3131,200.8,154.6,1347.0
1617615,stimulus_Ins_LearningMobility_3_question_3131,200.1,155.1,1349.0
1617616,stimulus_Ins_LearningMobility_3_question_3131,200.0,155.5,1348.0
1617617,stimulus_Ins_LearningMobility_3_question_3131,200.8,155.9,1348.0
1617618,stimulus_Ins_LearningMobility_3_question_3131,202.1,156.3,1348.0
1617619,stimulus_Ins_LearningMobility_3_question_3131,203.9,157.4,1351.0
1617620,stimulus_Ins_LearningMobility_3_question_3131,205.8,158.5,1355.0
1617621,stimulus_Ins_LearningMobility_3_question_3131,208.4,158.7,1359.0
1617622,stimulus_Ins_LearningMobility_3_question_3131,210.8,158.3,1360.0
1617623,stimulus_Ins_LearningMobility_3_question_3131,213.2,158.7,1362.0
1617624,stimulus_Ins_LearningMobility_3_question_3131,214.5,159.6,1365.0
1617625,stimulus_Ins_LearningMobility_3_question_3131,215.1,160.4,1368.0
1617626,stimulus_Ins_LearningMobility_3_question_3131,215.7,160.5,1369.0
1617627,stimulus_Ins_LearningMobility_3_question_3131,216.4,160.7,1367.0
1617628,stimulus_Ins_LearningMobility_3_question_3131,217.2,160.8,1366.0
1617629,stimulus_Ins_LearningMobility_3_question_3131,217.4,160.8,1365.0
1617630,stimulus_Ins_LearningMobility_3_question_3131,217.6,160.8,1363.0
1617631,stimulus_Ins_LearningMobility_3_question_3131,217.6,161.2,1362.0
1617632,stimulus_Ins_LearningMobility_3_question_3131,216.9,161.6,1363.0
1617633,stimulus_Ins_LearningMobility_3_question_3131,216.1,162.1,1365.0
1617634,stimulus_Ins_LearningMobility_3_question_3131,215.6,161.9,1366.0
1617635,stimulus_Ins_LearningMobility_3_question_3131,215.9,161.6,1363.0
1617636,stimulus_Ins_LearningMobility_3_question_3131,216.2,161.8,1360.0
1617637,stimulus_Ins_LearningMobility_3_question_3131,215.9,162.2,1357.0
1617638,stimulus_Ins_LearningMobility_3_question_3131,215.6,162.5,1357.0
1617639,stimulus_Ins_LearningMobility_3_question_3131,215.5,162.1,1356.0
1617640,stimulus_Ins_LearningMobility_3_question_3131,215.6,161.8,1356.0
1617641,stimulus_Ins_LearningMobility_3_question_3131,216.1,161.5,1355.0
1617642,stimulus_Ins_LearningMobility_3_question_3131,216.6,161.4,1355.0
1617643,stimulus_Ins_LearningMobility_3_question_3131,217.0,161.3,1355.0
1617644,stimulus_Ins_LearningMobility_3_question_3131,217.4,162.1,1355.0
1617645,stimulus_Ins_LearningMobility_3_question_3131,218.0,162.7,1354.0
1617646,stimulus_Ins_LearningMobility_3_question_3131,218.6,163.3,1354.0
1617647,stimulus_Ins_LearningMobility_3_question_3131,219.0,163.2,1353.0
1617648,stimulus_Ins_LearningMobility_3_question_3131,219.4,163.1,1351.0
1617649,stimulus_Ins_LearningMobility_3_question_3131,219.8,163.3,1349.0
1617650,stimulus_Ins_LearningMobility_3_question_3131,220.0,163.8,1348.0
1617651,stimulus_Ins_LearningMobility_3_question_3131,220.0,164.2,1349.0
1617652,stimulus_Ins_LearningMobility_3_question_3131,220.0,164.3,1352.0
1617653,stimulus_Ins_LearningMobility_3_question_3131,220.0,164.2,1354.0
1617654,stimulus_Ins_LearningMobility_3_question_3131,220.0,164.2,1355.0
1617655,stimulus_Ins_LearningMobility_3_question_3131,220.0,164.0,1352.0
1617656,stimulus_Ins_LearningMobility_3_question_3131,220.1,163.7,1348.0
1617657,stimulus_Ins_LearningMobility_3_question_3131,220.2,163.6,1345.0
1617658,stimulus_Ins_LearningMobility_3_question_3131,220.2,163.5,1343.0
1617659,stimulus_Ins_LearningMobility_3_question_3131,220.5,163.3,1343.0
1617660,stimulus_Ins_LearningMobility_3_question_3131,220.9,163.2,1343.0
1617661,stimulus_Ins_LearningMobility_3_question_3131,221.4,163.0,1345.0
1617662,stimulus_Ins_LearningMobility_3_question_3131,221.6,163.2,1347.0
1617663,stimulus_Ins_LearningMobility_3_question_3131,221.7,163.5,1347.0
1617664,stimulus_Ins_LearningMobility_3_question_3131,221.7,163.4,1348.0
1617665,stimulus_Ins_LearningMobility_3_question_3131,221.8,163.0,1349.0
1617666,stimulus_Ins_LearningMobility_3_question_3131,221.9,162.6,1350.0
1617667,stimulus_Ins_LearningMobility_3_question_3131,221.9,162.9,1349.0
1617668,stimulus_Ins_LearningMobility_3_question_3131,221.8,163.3,1348.0
1617669,stimulus_Ins_LearningMobility_3_question_3131,221.8,163.9,1347.0
1617670,stimulus_Ins_LearningMobility_3_question_3131,221.7,164.1,1347.0
1617671,stimulus_Ins_LearningMobility_3_question_3131,222.1,163.9,1347.0
1617672,stimulus_Ins_LearningMobility_3_question_3131,222.6,163.6,1347.0
1617673,stimulus_Ins_LearningMobility_3_question_3131,223.0,163.0,1347.0
1617674,stimulus_Ins_LearningMobility_3_question_3131,223.1,162.8,1347.0
1617675,stimulus_Ins_LearningMobility_3_question_3131,223.0,162.4,1347.0
1617676,stimulus_Ins_LearningMobility_3_question_3131,223.0,162.3,1347.0
1617677,stimulus_Ins_LearningMobility_3_question_3131,223.2,162.6,1347.0
1617678,stimulus_Ins_LearningMobility_3_question_3131,223.3,162.9,1348.0
1617679,stimulus_Ins_LearningMobility_3_question_3131,223.5,163.4,1348.0
1617680,stimulus_Ins_LearningMobility_3_question_3131,223.3,163.5,1348.0
1617681,stimulus_Ins_LearningMobility_3_question_3131,223.3,163.4,1348.0
1617682,stimulus_Ins_LearningMobility_3_question_3131,223.6,163.4,1348.0
1617683,stimulus_Ins_LearningMobility_3_question_3131,223.8,163.4,1349.0
1617684,stimulus_Ins_LearningMobility_3_question_3131,224.2,163.3,1350.0
1617685,stimulus_Ins_LearningMobility_3_question_3131,224.3,163.0,1349.0
1617686,stimulus_Ins_LearningMobility_3_question_3131,224.5,162.4,1347.0
1617687,stimulus_Ins_LearningMobility_3_question_3131,224.6,162.1,1345.0
1617688,stimulus_Ins_LearningMobility_3_question_3131,224.6,162.3,1344.0
1617689,stimulus_Ins_LearningMobility_3_question_3131,224.4,162.7,1344.0
1617690,stimulus_Ins_LearningMobility_3_question_3131,224.2,163.1,1345.0
1617691,stimulus_Ins_LearningMobility_3_question_3131,224.4,163.0,1345.0
1617692,stimulus_Ins_LearningMobility_3_question_3131,224.6,163.0,1345.0
1617693,stimulus_Ins_LearningMobility_3_question_3131,225.0,163.0,1346.0
1617694,stimulus_Ins_LearningMobility_3_question_3131,225.3,163.2,1347.0
1617695,stimulus_Ins_LearningMobility_3_question_3131,225.6,163.0,1349.0
1617696,stimulus_Ins_LearningMobility_3_question_3131,225.7,162.7,1350.0
1617697,stimulus_Ins_LearningMobility_3_question_3131,225.7,162.2,1349.0
1617698,stimulus_Ins_LearningMobility_3_question_3131,225.8,162.0,1347.0
1617699,stimulus_Ins_LearningMobility_3_question_3131,225.7,162.2,1345.0
1617700,stimulus_Ins_LearningMobility_3_question_3131,225.5,162.5,1344.0
1617701,stimulus_Ins_LearningMobility_3_question_3131,225.2,162.8,1346.0
1617702,stimulus_Ins_LearningMobility_3_question_3131,225.0,162.7,1347.0
1617703,stimulus_Ins_LearningMobility_3_question_3131,225.0,162.7,1349.0
1617704,stimulus_Ins_LearningMobility_3_question_3131,225.0,162.7,1350.0
1617705,stimulus_Ins_LearningMobility_3_question_3131,225.1,162.6,1349.0
1617706,stimulus_Ins_LearningMobility_3_question_3131,225.4,162.6,1347.0
1617707,stimulus_Ins_LearningMobility_3_question_3131,225.9,162.6,1346.0
1617708,stimulus_Ins_LearningMobility_3_question_3131,226.3,163.0,1346.0
1617709,stimulus_Ins_LearningMobility_3_question_3131,226.3,163.4,1347.0
1617710,stimulus_Ins_LearningMobility_3_question_3131,226.3,163.4,1348.0
1617711,stimulus_Ins_LearningMobility_3_question_3131,226.2,163.0,1348.0
1617712,stimulus_Ins_LearningMobility_3_question_3131,226.0,162.6,1348.0
1617713,stimulus_Ins_LearningMobility_3_question_3131,225.9,162.6,1349.0
1617714,stimulus_Ins_LearningMobility_3_question_3131,225.8,162.7,1349.0
1617715,stimulus_Ins_LearningMobility_3_question_3131,225.8,162.7,1349.0
1617716,stimulus_Ins_LearningMobility_3_question_3131,225.9,162.8,1350.0
1617717,stimulus_Ins_LearningMobility_3_question_3131,226.0,162.9,1352.0
1617718,stimulus_Ins_LearningMobility_3_question_3131,226.2,163.0,1352.0
1617719,stimulus_Ins_LearningMobility_3_question_3131,226.5,163.0,1350.0
1617720,stimulus_Ins_LearningMobility_3_question_3131,226.6,163.0,1349.0
1617721,stimulus_Ins_LearningMobility_3_question_3131,226.5,163.0,1349.0
1617722,stimulus_Ins_LearningMobility_3_question_3131,226.5,162.9,1349.0
1617723,stimulus_Ins_LearningMobility_3_question_3131,226.5,162.8,1349.0
1617724,stimulus_Ins_LearningMobility_3_question_3131,226.1,162.6,1351.0
1617725,stimulus_Ins_LearningMobility_3_question_3131,225.6,162.7,1352.0
1617726,stimulus_Ins_LearningMobility_3_question_3131,225.4,163.0,1353.0
1617727,stimulus_Ins_LearningMobility_3_question_3131,225.7,163.4,1351.0
1617728,stimulus_Ins_LearningMobility_3_question_3131,226.0,163.6,1350.0
1617729,stimulus_Ins_LearningMobility_3_question_3131,226.0,164.1,1347.0
1617730,stimulus_Ins_LearningMobility_3_question_3131,225.9,164.6,1347.0
1617731,stimulus_Ins_LearningMobility_3_question_3131,226.0,164.8,1346.0
1617732,stimulus_Ins_LearningMobility_3_question_3131,226.2,164.6,1346.0
1617733,stimulus_Ins_LearningMobility_3_question_3131,226.3,164.5,1346.0
1617734,stimulus_Ins_LearningMobility_3_question_3131,226.3,164.5,1347.0
1617735,stimulus_Ins_LearningMobility_3_question_3131,226.5,164.3,1349.0
1617736,stimulus_Ins_LearningMobility_3_question_3131,226.9,163.9,1350.0
1617737,stimulus_Ins_LearningMobility_3_question_3131,227.3,163.7,1350.0
1617738,stimulus_Ins_LearningMobility_3_question_3131,227.5,163.9,1348.0
1617739,stimulus_Ins_LearningMobility_3_question_3131,227.3,164.0,1347.0
1617740,stimulus_Ins_LearningMobility_3_question_3131,227.2,163.7,1347.0
1617741,stimulus_Ins_LearningMobility_3_question_3131,227.2,163.3,1348.0
1617742,stimulus_Ins_LearningMobility_3_question_3131,227.2,163.1,1350.0
1617743,stimulus_Ins_LearningMobility_3_question_3131,227.4,162.9,1352.0
1617744,stimulus_Ins_LearningMobility_3_question_3131,227.5,162.8,1354.0
1617745,stimulus_Ins_LearningMobility_3_question_3131,227.6,162.9,1354.0
1617746,stimulus_Ins_LearningMobility_3_question_3131,227.6,163.0,1353.0
1617747,stimulus_Ins_LearningMobility_3_question_3131,227.6,163.5,1353.0
1617748,stimulus_Ins_LearningMobility_3_question_3131,227.6,163.9,1352.0
1617749,stimulus_Ins_LearningMobility_3_question_3131,227.6,164.2,1351.0
1617750,stimulus_Ins_LearningMobility_3_question_3131,227.6,164.2,1350.0
1617751,stimulus_Ins_LearningMobility_3_question_3131,227.7,164.1,1349.0
1617752,stimulus_Ins_LearningMobility_3_question_3131,228.1,164.0,1351.0
1617753,stimulus_Ins_LearningMobility_3_question_3131,228.5,163.8,1354.0
1617754,stimulus_Ins_LearningMobility_3_question_3131,228.5,163.8,1358.0
1617755,stimulus_Ins_LearningMobility_3_question_3131,228.1,163.8,1358.0
1617756,stimulus_Ins_LearningMobility_3_question_3131,227.8,163.9,1357.0
1617757,stimulus_Ins_LearningMobility_3_question_3131,227.9,163.5,1355.0
1617758,stimulus_Ins_LearningMobility_3_question_3131,227.9,163.1,1353.0
1617759,stimulus_Ins_LearningMobility_3_question_3131,227.9,163.3,1353.0
1617760,stimulus_Ins_LearningMobility_3_question_3131,227.8,163.9,1352.0
1617761,stimulus_Ins_LearningMobility_3_question_3131,227.8,164.4,1353.0
1617762,stimulus_Ins_LearningMobility_3_question_3131,227.8,164.3,1355.0
1617763,stimulus_Ins_LearningMobility_3_question_3131,227.7,163.9,1356.0
1617764,stimulus_Ins_LearningMobility_3_question_3131,227.6,163.5,1356.0
1617765,stimulus_Ins_LearningMobility_3_question_3131,227.4,163.1,1355.0
1617766,stimulus_Ins_LearningMobility_3_question_3131,226.9,163.0,1355.0
1617767,stimulus_Ins_LearningMobility_3_question_3131,226.6,163.7,1356.0
1617768,stimulus_Ins_LearningMobility_3_question_3131,226.5,164.4,1356.0
1617769,stimulus_Ins_LearningMobility_3_question_3131,226.8,164.4,1356.0
1617770,stimulus_Ins_LearningMobility_3_question_3131,226.9,163.5,1356.0
1617771,stimulus_Ins_LearningMobility_3_question_3131,227.0,162.7,1357.0
1617772,stimulus_Ins_LearningMobility_3_question_3131,226.9,162.8,1356.0
1617773,stimulus_Ins_LearningMobility_3_question_3131,226.8,163.0,1356.0
1617774,stimulus_Ins_LearningMobility_3_question_3131,226.7,163.5,1357.0
1617775,stimulus_Ins_LearningMobility_3_question_3131,226.4,164.0,1357.0
1617776,stimulus_Ins_LearningMobility_3_question_3131,226.1,164.3,1357.0
1617777,stimulus_Ins_LearningMobility_3_question_3131,226.1,164.3,1357.0
1617778,stimulus_Ins_LearningMobility_3_question_3131,226.6,164.3,1356.0
1617779,stimulus_Ins_LearningMobility_3_question_3131,227.1,164.4,1357.0
1617780,stimulus_Ins_LearningMobility_3_question_3131,227.4,164.7,1357.0
1617781,stimulus_Ins_LearningMobility_3_question_3131,227.5,165.4,1356.0
1617782,stimulus_Ins_LearningMobility_3_question_3131,227.2,166.0,1355.0
1617783,stimulus_Ins_LearningMobility_3_question_3131,227.0,166.3,1354.0
1617784,stimulus_Ins_LearningMobility_3_question_3131,226.9,166.0,1356.0
1617785,stimulus_Ins_LearningMobility_3_question_3131,227.1,165.6,1358.0
1617786,stimulus_Ins_LearningMobility_3_question_3131,227.2,165.3,1358.0
1617787,stimulus_Ins_LearningMobility_3_question_3131,227.1,165.3,1358.0
1617788,stimulus_Ins_LearningMobility_3_question_3131,227.1,165.3,1358.0
1617789,stimulus_Ins_LearningMobility_3_question_3131,227.2,165.3,1359.0
1617790,stimulus_Ins_LearningMobility_3_question_3131,227.3,165.0,1359.0
1617791,stimulus_Ins_LearningMobility_3_question_3131,227.3,164.9,1359.0
1617792,stimulus_Ins_LearningMobility_3_question_3131,227.2,164.9,1359.0
1617793,stimulus_Ins_LearningMobility_3_question_3131,227.4,165.1,1359.0
1617794,stimulus_Ins_LearningMobility_3_question_3131,227.7,165.3,1359.0
1617795,stimulus_Ins_LearningMobility_3_question_3131,228.0,165.3,1360.0
1617796,stimulus_Ins_LearningMobility_3_question_3131,227.9,165.3,1360.0
1617797,stimulus_Ins_LearningMobility_3_question_3131,227.9,165.3,1359.0
1617798,stimulus_Ins_LearningMobility_3_question_3131,228.2,165.2,1358.0
1617799,stimulus_Ins_LearningMobility_3_question_3131,228.6,165.1,1359.0
1617800,stimulus_Ins_LearningMobility_3_question_3131,228.9,165.0,1360.0
1617801,stimulus_Ins_LearningMobility_3_question_3131,228.8,164.9,1361.0
1617802,stimulus_Ins_LearningMobility_3_question_3131,228.7,164.8,1361.0
1617803,stimulus_Ins_LearningMobility_3_question_3131,228.6,164.7,1362.0
1617804,stimulus_Ins_LearningMobility_3_question_3131,228.2,164.7,1363.0
1617805,stimulus_Ins_LearningMobility_3_question_3131,227.6,164.8,1364.0
1617806,stimulus_Ins_LearningMobility_3_question_3131,227.1,164.9,1364.0
1617807,stimulus_Ins_LearningMobility_3_question_3131,227.3,164.9,1364.0
1617808,stimulus_Ins_LearningMobility_3_question_3131,227.6,164.9,1363.0
1617809,stimulus_Ins_LearningMobility_3_question_3131,227.7,164.9,1364.0
1617810,stimulus_Ins_LearningMobility_3_question_3131,227.5,165.1,1364.0
1617811,stimulus_Ins_LearningMobility_3_question_3131,227.6,165.6,1365.0
1617812,stimulus_Ins_LearningMobility_3_question_3131,228.0,166.1,1366.0
1617813,stimulus_Ins_LearningMobility_3_question_3131,227.9,166.3,1367.0
1617814,stimulus_Ins_LearningMobility_3_question_3131,227.6,166.4,1369.0
1617815,stimulus_Ins_LearningMobility_3_question_3131,227.2,166.4,1370.0
1617816,stimulus_Ins_LearningMobility_3_question_3131,227.4,166.1,1370.0
1617817,stimulus_Ins_LearningMobility_3_question_3131,227.6,165.9,1370.0
1617818,stimulus_Ins_LearningMobility_3_question_3131,227.8,165.6,1369.0
1617819,stimulus_Ins_LearningMobility_3_question_3131,227.9,165.5,1367.0
1617820,stimulus_Ins_LearningMobility_3_question_3131,228.0,165.5,1365.0
1617821,stimulus_Ins_LearningMobility_3_question_3131,228.1,165.6,1367.0
1617822,stimulus_Ins_LearningMobility_3_question_3131,228.1,165.7,1369.0
1617823,stimulus_Ins_LearningMobility_3_question_3131,228.2,165.7,1371.0
1617824,stimulus_Ins_LearningMobility_3_question_3131,228.3,165.7,1370.0
1617825,stimulus_Ins_LearningMobility_3_question_3131,228.4,165.7,1370.0
1617826,stimulus_Ins_LearningMobility_3_question_3131,228.2,165.6,1370.0
1617827,stimulus_Ins_LearningMobility_3_question_3131,227.9,165.6,1370.0
1617828,stimulus_Ins_LearningMobility_3_question_3131,227.7,165.5,1370.0
1617829,stimulus_Ins_LearningMobility_3_question_3131,227.9,165.5,1370.0
1617830,stimulus_Ins_LearningMobility_3_question_3131,228.2,165.8,1369.0
1617831,stimulus_Ins_LearningMobility_3_question_3131,228.3,166.0,1369.0
1617832,stimulus_Ins_LearningMobility_3_question_3131,228.3,166.3,1370.0
1617833,stimulus_Ins_LearningMobility_3_question_3131,228.2,166.8,1370.0
1617834,stimulus_Ins_LearningMobility_3_question_3131,228.1,167.4,1371.0
1617835,stimulus_Ins_LearningMobility_3_question_3131,228.0,167.9,1371.0
1617836,stimulus_Ins_LearningMobility_3_question_3131,227.8,167.8,1371.0
1617837,stimulus_Ins_LearningMobility_3_question_3131,227.6,167.6,1371.0
1617838,stimulus_Ins_LearningMobility_3_question_3131,227.6,167.5,1371.0
1617839,stimulus_Ins_LearningMobility_3_question_3131,227.8,167.4,1371.0
1617840,stimulus_Ins_LearningMobility_3_question_3131,228.1,167.4,1371.0
1617841,stimulus_Ins_LearningMobility_3_question_3131,228.2,167.3,1371.0
1617842,stimulus_Ins_LearningMobility_3_question_3131,228.1,167.2,1371.0
1617843,stimulus_Ins_LearningMobility_3_question_3131,228.0,166.9,1374.0
1617844,stimulus_Ins_LearningMobility_3_question_3131,227.9,166.6,1378.0
1617845,stimulus_Ins_LearningMobility_3_question_3131,227.9,166.4,1381.0
1617846,stimulus_Ins_LearningMobility_3_question_3131,227.7,166.4,1381.0
1617847,stimulus_Ins_LearningMobility_3_question_3131,227.5,166.3,1380.0
1617848,stimulus_Ins_LearningMobility_3_question_3131,227.6,166.2,1380.0
1617849,stimulus_Ins_LearningMobility_3_question_3131,227.9,166.4,1379.0
1617850,stimulus_Ins_LearningMobility_3_question_3131,228.1,166.7,1378.0
1617851,stimulus_Ins_LearningMobility_3_question_3131,228.0,166.9,1377.0
1617852,stimulus_Ins_LearningMobility_3_question_3131,228.0,166.8,1380.0
1617853,stimulus_Ins_LearningMobility_3_question_3131,227.9,166.7,1384.0
1617854,stimulus_Ins_LearningMobility_3_question_3131,227.7,166.5,1388.0
1617855,stimulus_Ins_LearningMobility_3_question_3131,227.5,166.4,1389.0
1617856,stimulus_Ins_LearningMobility_3_question_3131,227.3,166.5,1389.0
1617857,stimulus_Ins_LearningMobility_3_question_3131,228.0,166.7,1387.0
1617858,stimulus_Ins_LearningMobility_3_question_3131,228.7,166.9,1386.0
1617859,stimulus_Ins_LearningMobility_3_question_3131,229.3,166.7,1385.0
1617860,stimulus_Ins_LearningMobility_3_question_3131,229.4,166.9,1386.0
1617861,stimulus_Ins_LearningMobility_3_question_3131,229.2,167.2,1387.0
1617862,stimulus_Ins_LearningMobility_3_question_3131,228.9,167.4,1389.0
1617863,stimulus_Ins_LearningMobility_3_question_3131,228.8,166.9,1393.0
1617864,stimulus_Ins_LearningMobility_3_question_3131,228.9,166.4,1396.0
1617865,stimulus_Ins_LearningMobility_3_question_3131,228.9,166.6,1398.0
1617866,stimulus_Ins_LearningMobility_3_question_3131,228.9,167.1,1396.0
1617867,stimulus_Ins_LearningMobility_3_question_3131,228.9,167.6,1395.0
1617868,stimulus_Ins_LearningMobility_3_question_3131,229.1,167.6,1395.0
1617869,stimulus_Ins_LearningMobility_3_question_3131,229.3,167.6,1395.0
1617870,stimulus_Ins_LearningMobility_3_question_3131,229.6,167.5,1394.0
1617871,stimulus_Ins_LearningMobility_3_question_3131,229.6,167.4,1397.0
1617872,stimulus_Ins_LearningMobility_3_question_3131,229.6,167.2,1399.0
1617873,stimulus_Ins_LearningMobility_3_question_3131,229.5,167.1,1400.0
1617874,stimulus_Ins_LearningMobility_3_question_3131,229.4,167.5,1399.0
1617875,stimulus_Ins_LearningMobility_3_question_3131,229.3,168.0,1398.0
1617876,stimulus_Ins_LearningMobility_3_question_3131,229.1,168.5,1399.0
1617877,stimulus_Ins_LearningMobility_3_question_3131,229.1,168.5,1399.0
1617878,stimulus_Ins_LearningMobility_3_question_3131,229.0,168.5,1398.0
1617879,stimulus_Ins_LearningMobility_3_question_3131,229.0,168.4,1398.0
1617880,stimulus_Ins_LearningMobility_3_question_3131,229.2,168.2,1398.0
1617881,stimulus_Ins_LearningMobility_3_question_3131,229.4,168.1,1398.0
1617882,stimulus_Ins_LearningMobility_3_question_3131,229.3,168.0,1399.0
1617883,stimulus_Ins_LearningMobility_3_question_3131,229.2,168.0,1401.0
1617884,stimulus_Ins_LearningMobility_3_question_3131,228.9,168.1,1403.0
1617885,stimulus_Ins_LearningMobility_3_question_3131,229.0,168.3,1404.0
1617886,stimulus_Ins_LearningMobility_3_question_3131,229.2,168.6,1405.0
1617887,stimulus_Ins_LearningMobility_3_question_3131,229.4,169.0,1406.0
1617888,stimulus_Ins_LearningMobility_3_question_3131,229.7,169.5,1406.0
1617889,stimulus_Ins_LearningMobility_3_question_3131,229.6,169.6,1406.0
1617890,stimulus_Ins_LearningMobility_3_question_3131,229.5,169.5,1405.0
1617891,stimulus_Ins_LearningMobility_3_question_3131,229.2,169.4,1406.0
1617892,stimulus_Ins_LearningMobility_3_question_3131,228.9,169.5,1407.0
1617893,stimulus_Ins_LearningMobility_3_question_3131,228.9,169.5,1408.0
1617894,stimulus_Ins_LearningMobility_3_question_3131,229.0,169.3,1408.0
1617895,stimulus_Ins_LearningMobility_3_question_3131,229.2,168.9,1408.0
1617896,stimulus_Ins_LearningMobility_3_question_3131,228.9,169.3,1407.0
1617897,stimulus_Ins_LearningMobility_3_question_3131,228.4,170.0,1407.0
1617898,stimulus_Ins_LearningMobility_3_question_3131,227.9,170.3,1409.0
1617899,stimulus_Ins_LearningMobility_3_question_3131,227.7,169.5,1410.0
1617900,stimulus_Ins_LearningMobility_3_question_3131,227.7,168.6,1412.0
1617901,stimulus_Ins_LearningMobility_3_question_3131,227.8,168.2,1413.0
1617902,stimulus_Ins_LearningMobility_3_question_3131,227.8,168.1,1413.0
1617903,stimulus_Ins_LearningMobility_3_question_3131,227.8,168.3,1412.0
1617904,stimulus_Ins_LearningMobility_3_question_3131,227.7,168.4,1411.0
1617905,stimulus_Ins_LearningMobility_3_question_3131,227.7,168.5,1412.0
1617906,stimulus_Ins_LearningMobility_3_question_3131,227.7,168.9,1413.0
1617907,stimulus_Ins_LearningMobility_3_question_3131,227.6,169.5,1415.0
1617908,stimulus_Ins_LearningMobility_3_question_3131,227.4,170.1,1415.0
1617909,stimulus_Ins_LearningMobility_3_question_3131,227.2,170.0,1414.0
1617910,stimulus_Ins_LearningMobility_3_question_3131,227.1,169.6,1413.0
1617911,stimulus_Ins_LearningMobility_3_question_3131,227.0,169.1,1413.0
1617912,stimulus_Ins_LearningMobility_3_question_3131,227.2,168.7,1414.0
1617913,stimulus_Ins_LearningMobility_3_question_3131,227.4,168.8,1416.0
1617914,stimulus_Ins_LearningMobility_3_question_3131,227.7,168.8,1420.0
1617915,stimulus_Ins_LearningMobility_3_question_3131,227.7,168.8,1422.0
1617916,stimulus_Ins_LearningMobility_3_question_3131,227.8,168.8,1423.0
1617917,stimulus_Ins_LearningMobility_3_question_3131,227.8,168.9,1421.0
1617918,stimulus_Ins_LearningMobility_3_question_3131,227.8,169.1,1419.0
1617919,stimulus_Ins_LearningMobility_3_question_3131,227.8,169.3,1417.0
1617920,stimulus_Ins_LearningMobility_3_question_3131,227.8,169.2,1418.0
1617921,stimulus_Ins_LearningMobility_3_question_3131,227.7,169.1,1419.0
1617922,stimulus_Ins_LearningMobility_3_question_3131,227.6,168.7,1423.0
1617923,stimulus_Ins_LearningMobility_3_question_3131,227.3,168.6,1427.0
1617924,stimulus_Ins_LearningMobility_3_question_3131,226.9,168.9,1430.0
1617925,stimulus_Ins_LearningMobility_3_question_3131,226.6,169.5,1429.0
1617926,stimulus_Ins_LearningMobility_3_question_3131,226.8,170.1,1428.0
1617927,stimulus_Ins_LearningMobility_3_question_3131,227.1,170.2,1425.0
1617928,stimulus_Ins_LearningMobility_3_question_3131,227.4,170.2,1423.0
1617929,stimulus_Ins_LearningMobility_3_question_3131,227.4,169.6,1425.0
1617930,stimulus_Ins_LearningMobility_3_question_3131,226.8,169.1,1429.0
1617931,stimulus_Ins_LearningMobility_3_question_3131,226.3,168.7,1432.0
1617932,stimulus_Ins_LearningMobility_3_question_3131,226.0,168.8,1431.0
1617933,stimulus_Ins_LearningMobility_3_question_3131,226.6,168.7,1432.0
1617934,stimulus_Ins_LearningMobility_3_question_3131,227.2,168.7,1432.0
1617935,stimulus_Ins_LearningMobility_3_question_3131,227.5,168.7,1433.0
1617936,stimulus_Ins_LearningMobility_3_question_3131,227.6,168.7,1433.0
1617937,stimulus_Ins_LearningMobility_3_question_3131,227.3,168.7,1433.0
1617938,stimulus_Ins_LearningMobility_3_question_3131,227.1,168.8,1434.0
1617939,stimulus_Ins_LearningMobility_3_question_3131,226.8,169.0,1434.0
1617940,stimulus_Ins_LearningMobility_3_question_3131,226.8,169.1,1434.0
1617941,stimulus_Ins_LearningMobility_3_question_3131,226.9,169.1,1435.0
1617942,stimulus_Ins_LearningMobility_3_question_3131,226.9,169.1,1435.0
1617943,stimulus_Ins_LearningMobility_3_question_3131,226.8,168.6,1437.0
1617944,stimulus_Ins_LearningMobility_3_question_3131,226.6,168.1,1440.0
1617945,stimulus_Ins_LearningMobility_3_question_3131,226.6,168.1,1443.0
1617946,stimulus_Ins_LearningMobility_3_question_3131,226.8,168.7,1444.0
1617947,stimulus_Ins_LearningMobility_3_question_3131,227.0,169.2,1442.0
1617948,stimulus_Ins_LearningMobility_3_question_3131,226.9,169.2,1439.0
1617949,stimulus_Ins_LearningMobility_3_question_3131,226.8,169.2,1437.0
1617950,stimulus_Ins_LearningMobility_3_question_3131,226.6,169.3,1439.0
1617951,stimulus_Ins_LearningMobility_3_question_3131,226.6,169.3,1440.0
1617952,stimulus_Ins_LearningMobility_3_question_3131,226.5,169.4,1442.0
1617953,stimulus_Ins_LearningMobility_3_question_3131,226.6,169.5,1443.0
1617954,stimulus_Ins_LearningMobility_3_question_3131,226.6,169.8,1445.0
1617955,stimulus_Ins_LearningMobility_3_question_3131,226.6,170.0,1445.0
1617956,stimulus_Ins_LearningMobility_3_question_3131,226.6,170.2,1446.0
1617957,stimulus_Ins_LearningMobility_3_question_3131,226.6,170.2,1446.0
1617958,stimulus_Ins_LearningMobility_3_question_3131,226.3,170.1,1447.0
1617959,stimulus_Ins_LearningMobility_3_question_3131,226.1,169.9,1448.0
1617960,stimulus_Ins_LearningMobility_3_question_3131,225.8,169.6,1448.0
1617961,stimulus_Ins_LearningMobility_3_question_3131,226.0,169.5,1448.0
1617962,stimulus_Ins_LearningMobility_3_question_3131,226.1,169.5,1449.0
1617963,stimulus_Ins_LearningMobility_3_question_3131,226.2,169.7,1451.0
1617964,stimulus_Ins_LearningMobility_3_question_3131,226.2,169.9,1452.0
1617965,stimulus_Ins_LearningMobility_3_question_3131,226.3,169.8,1452.0
1617966,stimulus_Ins_LearningMobility_3_question_3131,226.2,169.5,1453.0
1617967,stimulus_Ins_LearningMobility_3_question_3131,226.1,169.2,1454.0
1617968,stimulus_Ins_LearningMobility_3_question_3131,226.1,169.2,1454.0
1617969,stimulus_Ins_LearningMobility_3_question_3131,226.2,169.3,1454.0
1617970,stimulus_Ins_LearningMobility_3_question_3131,226.3,169.5,1453.0
1617971,stimulus_Ins_LearningMobility_3_question_3131,226.2,169.9,1453.0
1617972,stimulus_Ins_LearningMobility_3_question_3131,226.1,170.1,1452.0
1617973,stimulus_Ins_LearningMobility_3_question_3131,226.1,169.9,1454.0
1617974,stimulus_Ins_LearningMobility_3_question_3131,226.3,169.4,1455.0
1617975,stimulus_Ins_LearningMobility_3_question_3131,226.5,169.0,1457.0
1617976,stimulus_Ins_LearningMobility_3_question_3131,226.0,169.2,1458.0
1617977,stimulus_Ins_LearningMobility_3_question_3131,225.5,169.4,1459.0
1617978,stimulus_Ins_LearningMobility_3_question_3131,224.9,169.5,1459.0
1617979,stimulus_Ins_LearningMobility_3_question_3131,224.8,169.4,1458.0
1617980,stimulus_Ins_LearningMobility_3_question_3131,225.2,169.4,1458.0
1617981,stimulus_Ins_LearningMobility_3_question_3131,225.8,169.4,1458.0
1617982,stimulus_Ins_LearningMobility_3_question_3131,226.2,168.9,1459.0
1617983,stimulus_Ins_LearningMobility_3_question_3131,225.9,168.4,1461.0
1617984,stimulus_Ins_LearningMobility_3_question_3131,225.7,167.8,1464.0
1617985,stimulus_Ins_LearningMobility_3_question_3131,226.0,168.3,1465.0
1617986,stimulus_Ins_LearningMobility_3_question_3131,226.1,168.8,1464.0
1617987,stimulus_Ins_LearningMobility_3_question_3131,226.4,169.4,1464.0
1617988,stimulus_Ins_LearningMobility_3_question_3131,226.5,169.7,1463.0
1617989,stimulus_Ins_LearningMobility_3_question_3131,226.6,169.9,1462.0
1617990,stimulus_Ins_LearningMobility_3_question_3131,226.4,170.1,1461.0
1617991,stimulus_Ins_LearningMobility_3_question_3131,226.1,170.0,1463.0
1617992,stimulus_Ins_LearningMobility_3_question_3131,225.8,169.9,1464.0
1617993,stimulus_Ins_LearningMobility_3_question_3131,225.9,169.8,1466.0
1617994,stimulus_Ins_LearningMobility_3_question_3131,226.0,169.7,1467.0
1617995,stimulus_Ins_LearningMobility_3_question_3131,226.0,169.6,1467.0
1617996,stimulus_Ins_LearningMobility_3_question_3131,225.9,169.6,1467.0
1617997,stimulus_Ins_LearningMobility_3_question_3131,225.7,169.7,1466.0
1617998,stimulus_Ins_LearningMobility_3_question_3131,225.4,169.8,1466.0
1617999,stimulus_Ins_LearningMobility_3_question_3131,225.2,170.3,1465.0
1618000,stimulus_Ins_LearningMobility_3_question_3131,225.3,170.7,1465.0
1618001,stimulus_Ins_LearningMobility_3_question_3131,225.7,171.0,1466.0
1618002,stimulus_Ins_LearningMobility_3_question_3131,225.7,170.9,1468.0
1618003,stimulus_Ins_LearningMobility_3_question_3131,225.4,170.8,1470.0
1618004,stimulus_Ins_LearningMobility_3_question_3131,225.2,170.8,1472.0
1618005,stimulus_Ins_LearningMobility_3_question_3131,225.4,170.8,1472.0
1618006,stimulus_Ins_LearningMobility_3_question_3131,225.6,170.8,1473.0
1618007,stimulus_Ins_LearningMobility_3_question_3131,225.8,170.7,1473.0
1618008,stimulus_Ins_LearningMobility_3_question_3131,226.3,170.7,1473.0
1618009,stimulus_Ins_LearningMobility_3_question_3131,226.7,170.8,1472.0
1618010,stimulus_Ins_LearningMobility_3_question_3131,227.1,170.9,1471.0
1618011,stimulus_Ins_LearningMobility_3_question_3131,227.1,170.8,1471.0
1618012,stimulus_Ins_LearningMobility_3_question_3131,227.4,170.6,1472.0
1618013,stimulus_Ins_LearningMobility_3_question_3131,227.7,170.4,1472.0
1618014,stimulus_Ins_LearningMobility_3_question_3131,227.3,170.2,1472.0
1618015,stimulus_Ins_LearningMobility_3_question_3131,226.6,169.9,1473.0
1618016,stimulus_Ins_LearningMobility_3_question_3131,226.2,169.7,1475.0
1618017,stimulus_Ins_LearningMobility_3_question_3131,226.7,169.8,1476.0
1618018,stimulus_Ins_LearningMobility_3_question_3131,227.1,169.8,1476.0
1618019,stimulus_Ins_LearningMobility_3_question_3131,227.2,169.5,1475.0
1618020,stimulus_Ins_LearningMobility_3_question_3131,227.2,169.4,1475.0
1618021,stimulus_Ins_LearningMobility_3_question_3131,227.2,169.2,1476.0
1618022,stimulus_Ins_LearningMobility_3_question_3131,227.2,169.3,1478.0
1618023,stimulus_Ins_LearningMobility_3_question_3131,227.2,169.3,1479.0
1618024,stimulus_Ins_LearningMobility_3_question_3131,227.2,169.1,1478.0
1618025,stimulus_Ins_LearningMobility_3_question_3131,227.1,168.9,1478.0
1618026,stimulus_Ins_LearningMobility_3_question_3131,227.0,169.3,1478.0
1618027,stimulus_Ins_LearningMobility_3_question_3131,226.9,169.8,1478.0
1618028,stimulus_Ins_LearningMobility_3_question_3131,226.7,170.4,1478.0
1618029,stimulus_Ins_LearningMobility_3_question_3131,226.7,170.4,1478.0
1618030,stimulus_Ins_LearningMobility_3_question_3131,226.8,170.5,1478.0
1618031,stimulus_Ins_LearningMobility_3_question_3131,226.8,170.5,1477.0
1618032,stimulus_Ins_LearningMobility_3_question_3131,226.9,170.4,1478.0
1618033,stimulus_Ins_LearningMobility_3_question_3131,226.9,170.3,1480.0
1618034,stimulus_Ins_LearningMobility_3_question_3131,226.8,170.2,1483.0
1618035,stimulus_Ins_LearningMobility_3_question_3131,226.7,170.1,1486.0
1618036,stimulus_Ins_LearningMobility_3_question_3131,226.8,169.8,1488.0
1618037,stimulus_Ins_LearningMobility_3_question_3131,227.0,169.6,1487.0
1618038,stimulus_Ins_LearningMobility_3_question_3131,227.2,169.4,1488.0
1618039,stimulus_Ins_LearningMobility_3_question_3131,226.8,169.5,1490.0
1618040,stimulus_Ins_LearningMobility_3_question_3131,226.4,169.7,1492.0
1618041,stimulus_Ins_LearningMobility_3_question_3131,226.4,169.7,1493.0
1618042,stimulus_Ins_LearningMobility_3_question_3131,226.9,169.8,1493.0
1618043,stimulus_Ins_LearningMobility_3_question_3131,227.4,169.9,1493.0
1618044,stimulus_Ins_LearningMobility_3_question_3131,227.4,170.0,1493.0
1618045,stimulus_Ins_LearningMobility_3_question_3131,227.4,169.8,1492.0
1618046,stimulus_Ins_LearningMobility_3_question_3131,227.4,169.2,1492.0
1618047,stimulus_Ins_LearningMobility_3_question_3131,227.5,168.6,1492.0
1618048,stimulus_Ins_LearningMobility_3_question_3131,227.4,169.0,1491.0
1618049,stimulus_Ins_LearningMobility_3_question_3131,227.3,169.9,1490.0
1618050,stimulus_Ins_LearningMobility_3_question_3131,227.2,170.8,1489.0
1618051,stimulus_Ins_LearningMobility_3_question_3131,227.2,170.6,1489.0
1618052,stimulus_Ins_LearningMobility_3_question_3131,227.3,170.0,1489.0
1618053,stimulus_Ins_LearningMobility_3_question_3131,226.9,169.5,1490.0
1618054,stimulus_Ins_LearningMobility_3_question_3131,226.2,169.6,1492.0
1618055,stimulus_Ins_LearningMobility_3_question_3131,225.6,169.8,1493.0
1618056,stimulus_Ins_LearningMobility_3_question_3131,225.6,170.0,1493.0
1618057,stimulus_Ins_LearningMobility_3_question_3131,225.8,169.8,1493.0
1618058,stimulus_Ins_LearningMobility_3_question_3131,225.8,170.0,1490.0
1618059,stimulus_Ins_LearningMobility_3_question_3131,225.8,170.2,1488.0
1618060,stimulus_Ins_LearningMobility_3_question_3131,225.8,170.2,1488.0
1618061,stimulus_Ins_LearningMobility_3_question_3131,225.8,169.9,1491.0
1618062,stimulus_Ins_LearningMobility_3_question_3131,225.9,169.6,1494.0
1618063,stimulus_Ins_LearningMobility_3_question_3131,225.5,169.8,1494.0
1618064,stimulus_Ins_LearningMobility_3_question_3131,225.0,170.2,1494.0
1618065,stimulus_Ins_LearningMobility_3_question_3131,224.4,170.6,1494.0
1618066,stimulus_Ins_LearningMobility_3_question_3131,224.3,170.7,1494.0
1618067,stimulus_Ins_LearningMobility_3_question_3131,224.1,170.8,1495.0
1618068,stimulus_Ins_LearningMobility_3_question_3131,224.1,171.1,1495.0
1618069,stimulus_Ins_LearningMobility_3_question_3131,224.1,171.6,1495.0
1618070,stimulus_Ins_LearningMobility_3_question_3131,224.2,172.0,1495.0
1618071,stimulus_Ins_LearningMobility_3_question_3131,224.4,172.3,1496.0
1618072,stimulus_Ins_LearningMobility_3_question_3131,224.4,172.2,1497.0
1618073,stimulus_Ins_LearningMobility_3_question_3131,224.1,172.0,1497.0
1618074,stimulus_Ins_LearningMobility_3_question_3131,223.7,171.9,1497.0
1618075,stimulus_Ins_LearningMobility_3_question_3131,223.3,171.8,1497.0
1618076,stimulus_Ins_LearningMobility_3_question_3131,223.5,171.9,1497.0
1618077,stimulus_Ins_LearningMobility_3_question_3131,223.9,171.7,1497.0
1618078,stimulus_Ins_LearningMobility_3_question_3131,224.4,171.5,1496.0
1618079,stimulus_Ins_LearningMobility_3_question_3131,224.7,171.2,1496.0
1618080,stimulus_Ins_LearningMobility_3_question_3131,225.0,171.2,1496.0
1618081,stimulus_Ins_LearningMobility_3_question_3131,224.8,171.2,1496.0
1618082,stimulus_Ins_LearningMobility_3_question_3131,224.6,171.0,1496.0
1618083,stimulus_Ins_LearningMobility_3_question_3131,224.3,170.9,1496.0
1618084,stimulus_Ins_LearningMobility_3_question_3131,224.3,171.0,1497.0
1618085,stimulus_Ins_LearningMobility_3_question_3131,224.2,171.2,1497.0
1618086,stimulus_Ins_LearningMobility_3_question_3131,224.1,171.3,1497.0
1618087,stimulus_Ins_LearningMobility_3_question_3131,224.0,171.2,1497.0
1618088,stimulus_Ins_LearningMobility_3_question_3131,223.9,171.2,1496.0
1618089,stimulus_Ins_LearningMobility_3_question_3131,223.9,171.2,1497.0
1618090,stimulus_Ins_LearningMobility_3_question_3131,223.8,171.2,1498.0
1618091,stimulus_Ins_LearningMobility_3_question_3131,223.8,171.2,1499.0
1618092,stimulus_Ins_LearningMobility_3_question_3131,223.7,171.3,1501.0
1618093,stimulus_Ins_LearningMobility_3_question_3131,223.7,171.6,1502.0
1618094,stimulus_Ins_LearningMobility_3_question_3131,223.7,171.9,1503.0
1618095,stimulus_Ins_LearningMobility_3_question_3131,223.8,171.7,1502.0
1618096,stimulus_Ins_LearningMobility_3_question_3131,223.8,171.3,1501.0
1618097,stimulus_Ins_LearningMobility_3_question_3131,223.7,170.8,1501.0
1618098,stimulus_Ins_LearningMobility_3_question_3131,223.6,170.7,1499.0
1618099,stimulus_Ins_LearningMobility_3_question_3131,223.6,170.6,1497.0
1618100,stimulus_Ins_LearningMobility_3_question_3131,224.1,170.6,1495.0
1618101,stimulus_Ins_LearningMobility_3_question_3131,224.5,170.6,1495.0
1618102,stimulus_Ins_LearningMobility_3_question_3131,224.5,170.6,1498.0
1618103,stimulus_Ins_LearningMobility_3_question_3131,224.3,170.1,1503.0
1618104,stimulus_Ins_LearningMobility_3_question_3131,224.1,169.6,1508.0
1618105,stimulus_Ins_LearningMobility_3_question_3131,224.1,169.2,1508.0
1618106,stimulus_Ins_LearningMobility_3_question_3131,224.1,169.5,1507.0
1618107,stimulus_Ins_LearningMobility_3_question_3131,224.1,169.8,1506.0
1618108,stimulus_Ins_LearningMobility_3_question_3131,223.9,169.8,1506.0
1618109,stimulus_Ins_LearningMobility_3_question_3131,223.8,169.7,1505.0
1618110,stimulus_Ins_LearningMobility_3_question_3131,223.7,169.8,1504.0
1618111,stimulus_Ins_LearningMobility_3_question_3131,223.6,170.1,1503.0
1618112,stimulus_Ins_LearningMobility_3_question_3131,223.6,170.3,1502.0
1618113,stimulus_Ins_LearningMobility_3_question_3131,223.5,170.4,1502.0
1618114,stimulus_Ins_LearningMobility_3_question_3131,223.4,170.5,1504.0
1618115,stimulus_Ins_LearningMobility_3_question_3131,223.3,170.5,1506.0
1618116,stimulus_Ins_LearningMobility_3_question_3131,223.3,170.6,1507.0
1618117,stimulus_Ins_LearningMobility_3_question_3131,223.3,170.6,1506.0
1618118,stimulus_Ins_LearningMobility_3_question_3131,223.4,170.0,1506.0
1618119,stimulus_Ins_LearningMobility_3_question_3131,223.5,169.3,1506.0
1618120,stimulus_Ins_LearningMobility_3_question_3131,223.7,168.6,1505.0
1618121,stimulus_Ins_LearningMobility_3_question_3131,223.7,168.9,1505.0
1618122,stimulus_Ins_LearningMobility_3_question_3131,223.5,169.3,1505.0
1618123,stimulus_Ins_LearningMobility_3_question_3131,223.2,169.6,1506.0
1618124,stimulus_Ins_LearningMobility_3_question_3131,223.1,169.2,1505.0
1618125,stimulus_Ins_LearningMobility_3_question_3131,223.2,168.7,1505.0
1618126,stimulus_Ins_LearningMobility_3_question_3131,223.4,168.3,1505.0
1618127,stimulus_Ins_LearningMobility_3_question_3131,223.4,168.6,1504.0
1618128,stimulus_Ins_LearningMobility_3_question_3131,223.2,169.3,1504.0
1618129,stimulus_Ins_LearningMobility_3_question_3131,223.5,169.9,1505.0
1618130,stimulus_Ins_LearningMobility_3_question_3131,224.4,170.3,1505.0
1618131,stimulus_Ins_LearningMobility_3_question_3131,225.6,170.6,1505.0
1618132,stimulus_Ins_LearningMobility_3_question_3131,227.6,171.3,1505.0
1618133,stimulus_Ins_LearningMobility_3_question_3131,229.2,172.0,1505.0
1618134,stimulus_Ins_LearningMobility_3_question_3131,232.4,171.5,1506.0
1618135,stimulus_Ins_LearningMobility_3_question_3131,237.1,170.6,1507.0
1618136,stimulus_Ins_LearningMobility_3_question_3131,244.3,170.6,1509.0
1618137,stimulus_Ins_LearningMobility_3_question_3131,252.7,171.4,1514.0
1618138,stimulus_Ins_LearningMobility_3_question_3131,260.8,172.3,1518.0
1618139,stimulus_Ins_LearningMobility_3_question_3131,269.7,172.5,1522.0
1618140,stimulus_Ins_LearningMobility_3_question_3131,278.9,173.9,1526.0
1618141,stimulus_Ins_LearningMobility_3_question_3131,288.9,175.1,1530.0
1618142,stimulus_Ins_LearningMobility_3_question_3131,298.8,176.2,1537.0
1618143,stimulus_Ins_LearningMobility_3_question_3131,308.3,176.1,1541.0
1618144,stimulus_Ins_LearningMobility_3_question_3131,318.7,175.8,1549.0
1618145,stimulus_Ins_LearningMobility_3_question_3131,329.5,175.3,1553.0
1618146,stimulus_Ins_LearningMobility_3_question_3131,340.5,174.9,1557.0
1618147,stimulus_Ins_LearningMobility_3_question_3131,351.6,174.8,1559.0
1618148,stimulus_Ins_LearningMobility_3_question_3131,362.4,174.9,1562.0
1618149,stimulus_Ins_LearningMobility_3_question_3131,373.3,175.1,1564.0
1618150,stimulus_Ins_LearningMobility_3_question_3131,383.3,175.0,1566.0
1618151,stimulus_Ins_LearningMobility_3_question_3131,393.9,174.8,1567.0
1618152,stimulus_Ins_LearningMobility_3_question_3131,404.9,174.6,1567.0
1618153,stimulus_Ins_LearningMobility_3_question_3131,416.2,174.6,1567.0
1618154,stimulus_Ins_LearningMobility_3_question_3131,426.8,174.8,1567.0
1618155,stimulus_Ins_LearningMobility_3_question_3131,437.9,175.1,1568.0
1618156,stimulus_Ins_LearningMobility_3_question_3131,449.3,175.3,1567.0
1618157,stimulus_Ins_LearningMobility_3_question_3131,461.1,175.5,1566.0
1618158,stimulus_Ins_LearningMobility_3_question_3131,472.9,175.6,1565.0
1618159,stimulus_Ins_LearningMobility_3_question_3131,484.1,175.4,1564.0
1618160,stimulus_Ins_LearningMobility_3_question_3131,494.6,175.1,1564.0
1618161,stimulus_Ins_LearningMobility_3_question_3131,505.2,174.8,1564.0
1618162,stimulus_Ins_LearningMobility_3_question_3131,515.1,174.5,1563.0
1618163,stimulus_Ins_LearningMobility_3_question_3131,526.5,174.2,1562.0
1618164,stimulus_Ins_LearningMobility_3_question_3131,537.5,173.9,1560.0
1618165,stimulus_Ins_LearningMobility_3_question_3131,550.0,173.6,1559.0
1618166,stimulus_Ins_LearningMobility_3_question_3131,560.6,173.9,1557.0
1618167,stimulus_Ins_LearningMobility_3_question_3131,569.9,174.1,1554.0
1618168,stimulus_Ins_LearningMobility_3_question_3131,578.7,174.8,1550.0
1618169,stimulus_Ins_LearningMobility_3_question_3131,587.4,174.6,1547.0
1618170,stimulus_Ins_LearningMobility_3_question_3131,593.9,174.5,1547.0
1618171,stimulus_Ins_LearningMobility_3_question_3131,598.4,175.2,1548.0
1618172,stimulus_Ins_LearningMobility_3_question_3131,600.7,176.2,1549.0
1618173,stimulus_Ins_LearningMobility_3_question_3131,604.1,177.2,1549.0
1618174,stimulus_Ins_LearningMobility_3_question_3131,607.1,177.0,1550.0
1618175,stimulus_Ins_LearningMobility_3_question_3131,610.8,176.6,1548.0
1618176,stimulus_Ins_LearningMobility_3_question_3131,613.8,176.2,1545.0
1618177,stimulus_Ins_LearningMobility_3_question_3131,617.1,175.9,1542.0
1618178,stimulus_Ins_LearningMobility_3_question_3131,619.1,175.8,1543.0
1618179,stimulus_Ins_LearningMobility_3_question_3131,620.8,175.7,1543.0
1618180,stimulus_Ins_LearningMobility_3_question_3131,622.3,175.0,1543.0
1618181,stimulus_Ins_LearningMobility_3_question_3131,623.8,174.2,1545.0
1618182,stimulus_Ins_LearningMobility_3_question_3131,624.8,173.4,1547.0
1618183,stimulus_Ins_LearningMobility_3_question_3131,624.9,172.8,1549.0
1618184,stimulus_Ins_LearningMobility_3_question_3131,624.9,172.1,1548.0
1618185,stimulus_Ins_LearningMobility_3_question_3131,624.3,171.5,1546.0
1618186,stimulus_Ins_LearningMobility_3_question_3131,623.6,171.4,1543.0
1618187,stimulus_Ins_LearningMobility_3_question_3131,622.9,171.2,1541.0
1618188,stimulus_Ins_LearningMobility_3_question_3131,622.7,171.0,1540.0
1618189,stimulus_Ins_LearningMobility_3_question_3131,622.1,171.0,1539.0
1618190,stimulus_Ins_LearningMobility_3_question_3131,621.6,171.3,1538.0
1618191,stimulus_Ins_LearningMobility_3_question_3131,620.8,172.0,1538.0
1618192,stimulus_Ins_LearningMobility_3_question_3131,620.5,172.7,1538.0
1618193,stimulus_Ins_LearningMobility_3_question_3131,620.2,173.3,1542.0
1618194,stimulus_Ins_LearningMobility_3_question_3131,620.1,174.0,1545.0
1618195,stimulus_Ins_LearningMobility_3_question_3131,620.3,174.7,1546.0
1618196,stimulus_Ins_LearningMobility_3_question_3131,620.5,175.1,1544.0
1618197,stimulus_Ins_LearningMobility_3_question_3131,620.9,174.9,1542.0
1618198,stimulus_Ins_LearningMobility_3_question_3131,621.0,174.6,1541.0
1618199,stimulus_Ins_LearningMobility_3_question_3131,621.1,174.5,1540.0
1618200,stimulus_Ins_LearningMobility_3_question_3131,621.0,174.5,1539.0
1618201,stimulus_Ins_LearningMobility_3_question_3131,620.7,173.7,1539.0
1618202,stimulus_Ins_LearningMobility_3_question_3131,620.3,173.0,1539.0
1618203,stimulus_Ins_LearningMobility_3_question_3131,619.9,172.4,1539.0
1618204,stimulus_Ins_LearningMobility_3_question_3131,619.7,172.6,1539.0
1618205,stimulus_Ins_LearningMobility_3_question_3131,619.7,172.8,1537.0
1618206,stimulus_Ins_LearningMobility_3_question_3131,619.6,172.6,1535.0
1618207,stimulus_Ins_LearningMobility_3_question_3131,619.5,172.4,1533.0
1618208,stimulus_Ins_LearningMobility_3_question_3131,619.4,172.2,1532.0
1618209,stimulus_Ins_LearningMobility_3_question_3131,619.1,172.0,1531.0
1618210,stimulus_Ins_LearningMobility_3_question_3131,618.9,171.8,1531.0
1618211,stimulus_Ins_LearningMobility_3_question_3131,618.6,171.2,1531.0
1618212,stimulus_Ins_LearningMobility_3_question_3131,618.5,170.8,1532.0
1618213,stimulus_Ins_LearningMobility_3_question_3131,618.2,170.5,1533.0
1618214,stimulus_Ins_LearningMobility_3_question_3131,618.0,170.7,1533.0
1618215,stimulus_Ins_LearningMobility_3_question_3131,617.8,170.9,1532.0
1618216,stimulus_Ins_LearningMobility_3_question_3131,617.8,171.1,1529.0
1618217,stimulus_Ins_LearningMobility_3_question_3131,618.2,170.9,1527.0
1618218,stimulus_Ins_LearningMobility_3_question_3131,618.6,170.6,1525.0
1618219,stimulus_Ins_LearningMobility_3_question_3131,618.9,170.2,1522.0
1618220,stimulus_Ins_LearningMobility_3_question_3131,618.9,170.3,1519.0
1618221,stimulus_Ins_LearningMobility_3_question_3131,618.9,170.5,1517.0
1618222,stimulus_Ins_LearningMobility_3_question_3131,618.7,170.2,1517.0
1618223,stimulus_Ins_LearningMobility_3_question_3131,618.5,169.8,1517.0
1618224,stimulus_Ins_LearningMobility_3_question_3131,618.8,169.3,1517.0
1618225,stimulus_Ins_LearningMobility_3_question_3131,619.2,169.0,1518.0
1618226,stimulus_Ins_LearningMobility_3_question_3131,619.4,168.7,1518.0
1618227,stimulus_Ins_LearningMobility_3_question_3131,619.1,169.1,1517.0
1618228,stimulus_Ins_LearningMobility_3_question_3131,618.7,169.9,1516.0
1618229,stimulus_Ins_LearningMobility_3_question_3131,618.7,170.6,1515.0
1618230,stimulus_Ins_LearningMobility_3_question_3131,618.8,170.7,1515.0
1618231,stimulus_Ins_LearningMobility_3_question_3131,618.8,170.6,1514.0
1618232,stimulus_Ins_LearningMobility_3_question_3131,618.8,170.4,1516.0
1618233,stimulus_Ins_LearningMobility_3_question_3131,618.4,170.3,1517.0
1618234,stimulus_Ins_LearningMobility_3_question_3131,618.0,170.3,1517.0
1618235,stimulus_Ins_LearningMobility_3_question_3131,617.7,170.4,1515.0
1618236,stimulus_Ins_LearningMobility_3_question_3131,617.8,170.4,1513.0
1618237,stimulus_Ins_LearningMobility_3_question_3131,617.8,170.4,1512.0
1618238,stimulus_Ins_LearningMobility_3_question_3131,618.0,170.4,1510.0
1618239,stimulus_Ins_LearningMobility_3_question_3131,618.2,170.3,1508.0
1618240,stimulus_Ins_LearningMobility_3_question_3131,618.1,170.0,1508.0
1618241,stimulus_Ins_LearningMobility_3_question_3131,617.7,169.7,1509.0
1618242,stimulus_Ins_LearningMobility_3_question_3131,617.4,169.5,1509.0
1618243,stimulus_Ins_LearningMobility_3_question_3131,617.4,169.5,1510.0
1618244,stimulus_Ins_LearningMobility_3_question_3131,617.4,169.3,1509.0
1618245,stimulus_Ins_LearningMobility_3_question_3131,617.4,169.2,1508.0
1618246,stimulus_Ins_LearningMobility_3_question_3131,617.3,169.2,1506.0
1618247,stimulus_Ins_LearningMobility_3_question_3131,617.2,169.5,1505.0
1618248,stimulus_Ins_LearningMobility_3_question_3131,616.9,169.8,1503.0
1618249,stimulus_Ins_LearningMobility_3_question_3131,616.8,170.0,1503.0
1618250,stimulus_Ins_LearningMobility_3_question_3131,616.7,170.1,1505.0
1618251,stimulus_Ins_LearningMobility_3_question_3131,616.5,170.2,1507.0
1618252,stimulus_Ins_LearningMobility_3_question_3131,616.3,170.2,1509.0
1618253,stimulus_Ins_LearningMobility_3_question_3131,615.8,170.2,1509.0
1618254,stimulus_Ins_LearningMobility_3_question_3131,615.6,170.2,1508.0
1618255,stimulus_Ins_LearningMobility_3_question_3131,615.6,170.1,1508.0
1618256,stimulus_Ins_LearningMobility_3_question_3131,615.9,170.1,1508.0
1618257,stimulus_Ins_LearningMobility_3_question_3131,616.1,170.1,1507.0
1618258,stimulus_Ins_LearningMobility_3_question_3131,616.1,170.2,1507.0
1618259,stimulus_Ins_LearningMobility_3_question_3131,616.1,170.3,1505.0
1618260,stimulus_Ins_LearningMobility_3_question_3131,615.6,170.4,1505.0
1618261,stimulus_Ins_LearningMobility_3_question_3131,615.1,170.6,1505.0
1618262,stimulus_Ins_LearningMobility_3_question_3131,614.7,170.8,1507.0
1618263,stimulus_Ins_LearningMobility_3_question_3131,614.8,170.5,1508.0
1618264,stimulus_Ins_LearningMobility_3_question_3131,615.1,170.0,1507.0
1618265,stimulus_Ins_LearningMobility_3_question_3131,615.4,169.7,1507.0
1618266,stimulus_Ins_LearningMobility_3_question_3131,615.7,169.9,1508.0
1618267,stimulus_Ins_LearningMobility_3_question_3131,615.7,170.9,1511.0
1618268,stimulus_Ins_LearningMobility_3_question_3131,615.8,171.7,1513.0
1618269,stimulus_Ins_LearningMobility_3_question_3131,615.8,172.3,1512.0
1618270,stimulus_Ins_LearningMobility_3_question_3131,615.8,172.2,1512.0
1618271,stimulus_Ins_LearningMobility_3_question_3131,615.4,172.0,1512.0
1618272,stimulus_Ins_LearningMobility_3_question_3131,615.0,171.8,1512.0
1618273,stimulus_Ins_LearningMobility_3_question_3131,614.3,171.7,1512.0
1618274,stimulus_Ins_LearningMobility_3_question_3131,613.8,171.5,1512.0
1618275,stimulus_Ins_LearningMobility_3_question_3131,613.4,171.5,1511.0
1618276,stimulus_Ins_LearningMobility_3_question_3131,613.2,171.4,1511.0
1618277,stimulus_Ins_LearningMobility_3_question_3131,613.3,171.1,1509.0
1618278,stimulus_Ins_LearningMobility_3_question_3131,613.5,170.8,1507.0
1618279,stimulus_Ins_LearningMobility_3_question_3131,613.8,170.7,1506.0
1618280,stimulus_Ins_LearningMobility_3_question_3131,614.1,171.0,1506.0
1618281,stimulus_Ins_LearningMobility_3_question_3131,614.5,171.3,1506.0
1618282,stimulus_Ins_LearningMobility_3_question_3131,615.0,171.2,1508.0
1618283,stimulus_Ins_LearningMobility_3_question_3131,615.4,171.1,1510.0
1618284,stimulus_Ins_LearningMobility_3_question_3131,615.6,171.0,1511.0
1618285,stimulus_Ins_LearningMobility_3_question_3131,615.6,170.8,1511.0
1618286,stimulus_Ins_LearningMobility_3_question_3131,615.6,170.6,1511.0
1618287,stimulus_Ins_LearningMobility_3_question_3131,615.5,170.7,1511.0
1618288,stimulus_Ins_LearningMobility_3_question_3131,615.1,171.0,1510.0
1618289,stimulus_Ins_LearningMobility_3_question_3131,614.7,171.3,1509.0
1618290,stimulus_Ins_LearningMobility_3_question_3131,614.5,171.3,1509.0
1618291,stimulus_Ins_LearningMobility_3_question_3131,614.6,171.2,1510.0
1618292,stimulus_Ins_LearningMobility_3_question_3131,614.9,171.2,1511.0
1618293,stimulus_Ins_LearningMobility_3_question_3131,615.2,171.2,1511.0
1618294,stimulus_Ins_LearningMobility_3_question_3131,615.6,171.3,1512.0
1618295,stimulus_Ins_LearningMobility_3_question_3131,615.8,171.4,1512.0
1618296,stimulus_Ins_LearningMobility_3_question_3131,615.9,171.3,1512.0
1618297,stimulus_Ins_LearningMobility_3_question_3131,616.0,171.3,1512.0
1618298,stimulus_Ins_LearningMobility_3_question_3131,616.1,171.2,1511.0
1618299,stimulus_Ins_LearningMobility_3_question_3131,616.2,171.3,1511.0
1618300,stimulus_Ins_LearningMobility_3_question_3131,616.4,171.4,1511.0
1618301,stimulus_Ins_LearningMobility_3_question_3131,616.5,171.4,1511.0
1618302,stimulus_Ins_LearningMobility_3_question_3131,616.6,171.2,1512.0
1618303,stimulus_Ins_LearningMobility_3_question_3131,616.7,171.2,1513.0
1618304,stimulus_Ins_LearningMobility_3_question_3131,616.3,171.5,1512.0
1618305,stimulus_Ins_LearningMobility_3_question_3131,615.7,172.1,1511.0
1618306,stimulus_Ins_LearningMobility_3_question_3131,615.3,172.7,1509.0
1618307,stimulus_Ins_LearningMobility_3_question_3131,615.5,173.1,1508.0
1618308,stimulus_Ins_LearningMobility_3_question_3131,615.7,173.3,1506.0
1618309,stimulus_Ins_LearningMobility_3_question_3131,615.8,173.6,1505.0
1618310,stimulus_Ins_LearningMobility_3_question_3131,615.5,173.9,1507.0
1618311,stimulus_Ins_LearningMobility_3_question_3131,615.3,173.7,1509.0
1618312,stimulus_Ins_LearningMobility_3_question_3131,615.1,173.1,1509.0
1618313,stimulus_Ins_LearningMobility_3_question_3131,615.1,172.6,1510.0
1618314,stimulus_Ins_LearningMobility_3_question_3131,615.0,172.6,1511.0
1618315,stimulus_Ins_LearningMobility_3_question_3131,614.6,173.1,1513.0
1618316,stimulus_Ins_LearningMobility_3_question_3131,614.3,173.6,1512.0
1618317,stimulus_Ins_LearningMobility_3_question_3131,614.4,173.8,1510.0
1618318,stimulus_Ins_LearningMobility_3_question_3131,614.7,173.2,1509.0
1618319,stimulus_Ins_LearningMobility_3_question_3131,614.7,172.6,1509.0
1618320,stimulus_Ins_LearningMobility_3_question_3131,614.4,172.6,1510.0
1618321,stimulus_Ins_LearningMobility_3_question_3131,613.9,172.7,1510.0
1618322,stimulus_Ins_LearningMobility_3_question_3131,613.7,172.9,1510.0
1618323,stimulus_Ins_LearningMobility_3_question_3131,613.6,172.9,1511.0
1618324,stimulus_Ins_LearningMobility_3_question_3131,613.6,172.9,1513.0
1618325,stimulus_Ins_LearningMobility_3_question_3131,613.7,172.9,1513.0
1618326,stimulus_Ins_LearningMobility_3_question_3131,613.7,172.9,1511.0
1618327,stimulus_Ins_LearningMobility_3_question_3131,613.7,172.8,1510.0
1618328,stimulus_Ins_LearningMobility_3_question_3131,613.6,172.5,1508.0
1618329,stimulus_Ins_LearningMobility_3_question_3131,613.4,172.2,1506.0
1618330,stimulus_Ins_LearningMobility_3_question_3131,613.1,172.1,1504.0
1618331,stimulus_Ins_LearningMobility_3_question_3131,613.0,172.0,1505.0
1618332,stimulus_Ins_LearningMobility_3_question_3131,613.2,171.8,1505.0
1618333,stimulus_Ins_LearningMobility_3_question_3131,613.5,171.7,1505.0
1618334,stimulus_Ins_LearningMobility_3_question_3131,613.8,171.5,1506.0
1618335,stimulus_Ins_LearningMobility_3_question_3131,614.0,171.6,1508.0
1618336,stimulus_Ins_LearningMobility_3_question_3131,614.4,171.5,1509.0
1618337,stimulus_Ins_LearningMobility_3_question_3131,614.7,171.5,1507.0
1618338,stimulus_Ins_LearningMobility_3_question_3131,614.8,171.4,1506.0
1618339,stimulus_Ins_LearningMobility_3_question_3131,614.7,172.0,1505.0
1618340,stimulus_Ins_LearningMobility_3_question_3131,614.6,172.7,1504.0
1618341,stimulus_Ins_LearningMobility_3_question_3131,614.5,173.0,1504.0
1618342,stimulus_Ins_LearningMobility_3_question_3131,614.4,172.8,1505.0
1618343,stimulus_Ins_LearningMobility_3_question_3131,614.4,172.5,1505.0
1618344,stimulus_Ins_LearningMobility_3_question_3131,614.6,172.8,1504.0
1618345,stimulus_Ins_LearningMobility_3_question_3131,615.3,173.1,1504.0
1618346,stimulus_Ins_LearningMobility_3_question_3131,615.9,173.6,1503.0
1618347,stimulus_Ins_LearningMobility_3_question_3131,616.4,173.8,1503.0
1618348,stimulus_Ins_LearningMobility_3_question_3131,616.4,173.8,1502.0
1618349,stimulus_Ins_LearningMobility_3_question_3131,616.3,173.5,1500.0
1618350,stimulus_Ins_LearningMobility_3_question_3131,616.1,173.4,1499.0
1618351,stimulus_Ins_LearningMobility_3_question_3131,615.9,173.6,1499.0
1618352,stimulus_Ins_LearningMobility_3_question_3131,615.8,173.8,1501.0
1618353,stimulus_Ins_LearningMobility_3_question_3131,615.8,173.6,1504.0
1618354,stimulus_Ins_LearningMobility_3_question_3131,616.4,173.3,1506.0
1618355,stimulus_Ins_LearningMobility_3_question_3131,617.0,173.0,1506.0
1618356,stimulus_Ins_LearningMobility_3_question_3131,617.6,172.9,1505.0
1618357,stimulus_Ins_LearningMobility_3_question_3131,617.6,172.8,1503.0
1618358,stimulus_Ins_LearningMobility_3_question_3131,617.5,172.7,1501.0
1618359,stimulus_Ins_LearningMobility_3_question_3131,617.3,172.8,1499.0
1618360,stimulus_Ins_LearningMobility_3_question_3131,617.1,172.9,1500.0
1618361,stimulus_Ins_LearningMobility_3_question_3131,616.9,173.2,1503.0
1618362,stimulus_Ins_LearningMobility_3_question_3131,616.5,173.4,1505.0
1618363,stimulus_Ins_LearningMobility_3_question_3131,616.1,173.5,1506.0
1618364,stimulus_Ins_LearningMobility_3_question_3131,615.9,173.5,1506.0
1618365,stimulus_Ins_LearningMobility_3_question_3131,616.0,173.5,1506.0
1618366,stimulus_Ins_LearningMobility_3_question_3131,616.0,173.2,1506.0
1618367,stimulus_Ins_LearningMobility_3_question_3131,616.0,173.0,1505.0
1618368,stimulus_Ins_LearningMobility_3_question_3131,616.0,172.8,1504.0
1618369,stimulus_Ins_LearningMobility_3_question_3131,616.2,173.3,1502.0
1618370,stimulus_Ins_LearningMobility_3_question_3131,616.3,173.8,1502.0
1618371,stimulus_Ins_LearningMobility_3_question_3131,616.5,174.2,1502.0
1618372,stimulus_Ins_LearningMobility_3_question_3131,616.5,174.3,1501.0
1618373,stimulus_Ins_LearningMobility_3_question_3131,616.6,174.3,1501.0
1618374,stimulus_Ins_LearningMobility_3_question_3131,616.5,174.2,1501.0
1618375,stimulus_Ins_LearningMobility_3_question_3131,616.6,174.1,1502.0
1618376,stimulus_Ins_LearningMobility_3_question_3131,616.6,173.9,1503.0
1618377,stimulus_Ins_LearningMobility_3_question_3131,616.6,173.9,1503.0
1618378,stimulus_Ins_LearningMobility_3_question_3131,616.3,173.8,1501.0
1618379,stimulus_Ins_LearningMobility_3_question_3131,615.9,173.7,1498.0
1618380,stimulus_Ins_LearningMobility_3_question_3131,615.7,174.1,1497.0
1618381,stimulus_Ins_LearningMobility_3_question_3131,615.7,174.7,1499.0
1618382,stimulus_Ins_LearningMobility_3_question_3131,615.7,175.4,1500.0
1618383,stimulus_Ins_LearningMobility_3_question_3131,615.7,175.2,1500.0
1618384,stimulus_Ins_LearningMobility_3_question_3131,615.7,174.8,1500.0
1618385,stimulus_Ins_LearningMobility_3_question_3131,616.1,174.5,1500.0
1618386,stimulus_Ins_LearningMobility_3_question_3131,616.4,174.6,1500.0
1618387,stimulus_Ins_LearningMobility_3_question_3131,616.9,174.9,1499.0
1618388,stimulus_Ins_LearningMobility_3_question_3131,617.0,175.1,1499.0
1618389,stimulus_Ins_LearningMobility_3_question_3131,617.0,175.3,1498.0
1618390,stimulus_Ins_LearningMobility_3_question_3131,616.8,175.2,1497.0
1618391,stimulus_Ins_LearningMobility_3_question_3131,616.7,175.1,1497.0
1618392,stimulus_Ins_LearningMobility_3_question_3131,616.8,174.9,1497.0
1618393,stimulus_Ins_LearningMobility_3_question_3131,617.0,174.7,1497.0
1618394,stimulus_Ins_LearningMobility_3_question_3131,616.8,174.8,1499.0
1618395,stimulus_Ins_LearningMobility_3_question_3131,615.8,175.1,1501.0
1618396,stimulus_Ins_LearningMobility_3_question_3131,614.3,175.4,1501.0
1618397,stimulus_Ins_LearningMobility_3_question_3131,613.1,175.5,1502.0
1618398,stimulus_Ins_LearningMobility_3_question_3131,610.8,175.7,1502.0
1618399,stimulus_Ins_LearningMobility_3_question_3131,607.8,174.5,1501.0
1618400,stimulus_Ins_LearningMobility_3_question_3131,603.5,173.1,1501.0
1618401,stimulus_Ins_LearningMobility_3_question_3131,598.8,171.6,1503.0
1618402,stimulus_Ins_LearningMobility_3_question_3131,592.6,171.2,1506.0
1618403,stimulus_Ins_LearningMobility_3_question_3131,585.1,170.3,1509.0
1618404,stimulus_Ins_LearningMobility_3_question_3131,577.6,169.5,1510.0
1618405,stimulus_Ins_LearningMobility_3_question_3131,570.2,169.0,1510.0
1618406,stimulus_Ins_LearningMobility_3_question_3131,563.1,167.8,1511.0
1618407,stimulus_Ins_LearningMobility_3_question_3131,556.1,166.4,1511.0
1618408,stimulus_Ins_LearningMobility_3_question_3131,550.3,164.8,1510.0
1618409,stimulus_Ins_LearningMobility_3_question_3131,545.6,164.8,1509.0
1618410,stimulus_Ins_LearningMobility_3_question_3131,542.3,165.0,1509.0
1618411,stimulus_Ins_LearningMobility_3_question_3131,538.7,165.6,1509.0
1618412,stimulus_Ins_LearningMobility_3_question_3131,535.8,165.9,1508.0
1618413,stimulus_Ins_LearningMobility_3_question_3131,533.4,166.0,1507.0
1618414,stimulus_Ins_LearningMobility_3_question_3131,532.4,167.0,1506.0
1618415,stimulus_Ins_LearningMobility_3_question_3131,531.6,168.2,1506.0
1618416,stimulus_Ins_LearningMobility_3_question_3131,530.8,169.4,1505.0
1618417,stimulus_Ins_LearningMobility_3_question_3131,531.2,169.6,1505.0
1618418,stimulus_Ins_LearningMobility_3_question_3131,532.0,169.6,1504.0
1618419,stimulus_Ins_LearningMobility_3_question_3131,532.8,169.6,1505.0
1618420,stimulus_Ins_LearningMobility_3_question_3131,533.1,169.5,1505.0
1618421,stimulus_Ins_LearningMobility_3_question_3131,533.2,169.5,1507.0
1618422,stimulus_Ins_LearningMobility_3_question_3131,533.9,170.1,1508.0
1618423,stimulus_Ins_LearningMobility_3_question_3131,534.7,170.9,1509.0
1618424,stimulus_Ins_LearningMobility_3_question_3131,535.6,171.4,1509.0
1618425,stimulus_Ins_LearningMobility_3_question_3131,535.7,170.9,1510.0
1618426,stimulus_Ins_LearningMobility_3_question_3131,535.9,170.4,1512.0
1618427,stimulus_Ins_LearningMobility_3_question_3131,536.0,170.2,1514.0
1618428,stimulus_Ins_LearningMobility_3_question_3131,536.1,170.3,1513.0
1618429,stimulus_Ins_LearningMobility_3_question_3131,536.1,170.3,1511.0
1618430,stimulus_Ins_LearningMobility_3_question_3131,536.2,170.2,1509.0
1618431,stimulus_Ins_LearningMobility_3_question_3131,536.1,169.9,1508.0
1618432,stimulus_Ins_LearningMobility_3_question_3131,536.0,169.6,1508.0
1618433,stimulus_Ins_LearningMobility_3_question_3131,535.8,169.5,1508.0
1618434,stimulus_Ins_LearningMobility_3_question_3131,535.5,169.6,1509.0
1618435,stimulus_Ins_LearningMobility_3_question_3131,535.4,169.7,1509.0
1618436,stimulus_Ins_LearningMobility_3_question_3131,535.3,169.7,1510.0
1618437,stimulus_Ins_LearningMobility_3_question_3131,535.3,170.0,1511.0
1618438,stimulus_Ins_LearningMobility_3_question_3131,535.6,170.7,1511.0
1618439,stimulus_Ins_LearningMobility_3_question_3131,535.9,171.3,1509.0
1618440,stimulus_Ins_LearningMobility_3_question_3131,536.1,171.7,1507.0
1618441,stimulus_Ins_LearningMobility_3_question_3131,535.8,171.7,1508.0
1618442,stimulus_Ins_LearningMobility_3_question_3131,535.6,171.5,1510.0
1618443,stimulus_Ins_LearningMobility_3_question_3131,535.5,171.2,1512.0
1618444,stimulus_Ins_LearningMobility_3_question_3131,535.5,171.3,1512.0
1618445,stimulus_Ins_LearningMobility_3_question_3131,535.4,171.4,1513.0
1618446,stimulus_Ins_LearningMobility_3_question_3131,535.3,171.5,1513.0
1618447,stimulus_Ins_LearningMobility_3_question_3131,535.1,171.9,1513.0
1618448,stimulus_Ins_LearningMobility_3_question_3131,535.0,172.4,1512.0
1618449,stimulus_Ins_LearningMobility_3_question_3131,535.2,173.1,1510.0
1618450,stimulus_Ins_LearningMobility_3_question_3131,535.5,173.5,1508.0
1618451,stimulus_Ins_LearningMobility_3_question_3131,535.1,173.9,1507.0
1618452,stimulus_Ins_LearningMobility_3_question_3131,534.4,174.3,1509.0
1618453,stimulus_Ins_LearningMobility_3_question_3131,533.7,174.3,1511.0
1618454,stimulus_Ins_LearningMobility_3_question_3131,533.7,174.5,1513.0
1618455,stimulus_Ins_LearningMobility_3_question_3131,533.8,174.7,1512.0
1618456,stimulus_Ins_LearningMobility_3_question_3131,533.8,175.0,1512.0
1618457,stimulus_Ins_LearningMobility_3_question_3131,534.1,175.1,1512.0
1618458,stimulus_Ins_LearningMobility_3_question_3131,534.3,175.1,1512.0
1618459,stimulus_Ins_LearningMobility_3_question_3131,535.2,175.0,1515.0
1618460,stimulus_Ins_LearningMobility_3_question_3131,536.2,174.9,1517.0
1618461,stimulus_Ins_LearningMobility_3_question_3131,537.2,174.8,1519.0
1618462,stimulus_Ins_LearningMobility_3_question_3131,536.9,174.5,1520.0
1618463,stimulus_Ins_LearningMobility_3_question_3131,536.3,174.1,1519.0
1618464,stimulus_Ins_LearningMobility_3_question_3131,535.6,173.7,1518.0
1618465,stimulus_Ins_LearningMobility_3_question_3131,535.6,173.9,1516.0
1618466,stimulus_Ins_LearningMobility_3_question_3131,535.8,174.2,1515.0
1618467,stimulus_Ins_LearningMobility_3_question_3131,536.0,174.3,1514.0
1618468,stimulus_Ins_LearningMobility_3_question_3131,536.0,173.8,1515.0
1618469,stimulus_Ins_LearningMobility_3_question_3131,536.0,173.3,1516.0
1618470,stimulus_Ins_LearningMobility_3_question_3131,535.9,172.9,1516.0
1618471,stimulus_Ins_LearningMobility_3_question_3131,535.8,173.0,1517.0
1618472,stimulus_Ins_LearningMobility_3_question_3131,535.7,173.1,1516.0
1618473,stimulus_Ins_LearningMobility_3_question_3131,535.6,173.1,1516.0
1618474,stimulus_Ins_LearningMobility_3_question_3131,535.3,173.2,1516.0
1618475,stimulus_Ins_LearningMobility_3_question_3131,535.0,172.8,1515.0
1618476,stimulus_Ins_LearningMobility_3_question_3131,534.9,171.8,1514.0
1618477,stimulus_Ins_LearningMobility_3_question_3131,534.9,170.8,1511.0
1618478,stimulus_Ins_LearningMobility_3_question_3131,535.0,170.3,1509.0
1618479,stimulus_Ins_LearningMobility_3_question_3131,534.8,170.7,1508.0
1618480,stimulus_Ins_LearningMobility_3_question_3131,534.6,170.9,1511.0
1618481,stimulus_Ins_LearningMobility_3_question_3131,534.4,171.0,1513.0
1618482,stimulus_Ins_LearningMobility_3_question_3131,534.7,170.8,1514.0
1618483,stimulus_Ins_LearningMobility_3_question_3131,535.1,170.6,1514.0
1618484,stimulus_Ins_LearningMobility_3_question_3131,535.0,170.4,1513.0
1618485,stimulus_Ins_LearningMobility_3_question_3131,534.6,169.8,1512.0
1618486,stimulus_Ins_LearningMobility_3_question_3131,534.2,169.3,1512.0
1618487,stimulus_Ins_LearningMobility_3_question_3131,534.1,169.2,1514.0
1618488,stimulus_Ins_LearningMobility_3_question_3131,534.0,169.6,1513.0
1618489,stimulus_Ins_LearningMobility_3_question_3131,534.0,170.0,1510.0
1618490,stimulus_Ins_LearningMobility_3_question_3131,533.6,170.1,1507.0
1618491,stimulus_Ins_LearningMobility_3_question_3131,533.2,170.1,1507.0
1618492,stimulus_Ins_LearningMobility_3_question_3131,532.7,170.1,1507.0
1618493,stimulus_Ins_LearningMobility_3_question_3131,532.6,170.1,1507.0
1618494,stimulus_Ins_LearningMobility_3_question_3131,532.5,169.7,1507.0
1618495,stimulus_Ins_LearningMobility_3_question_3131,532.4,169.4,1507.0
1618496,stimulus_Ins_LearningMobility_3_question_3131,532.3,169.5,1507.0
1618497,stimulus_Ins_LearningMobility_3_question_3131,532.2,169.9,1508.0
1618498,stimulus_Ins_LearningMobility_3_question_3131,532.1,170.4,1508.0
1618499,stimulus_Ins_LearningMobility_3_question_3131,532.2,170.5,1508.0
1618500,stimulus_Ins_LearningMobility_3_question_3131,532.3,170.7,1508.0
1618501,stimulus_Ins_LearningMobility_3_question_3131,532.5,170.8,1508.0
1618502,stimulus_Ins_LearningMobility_3_question_3131,532.6,171.3,1509.0
1618503,stimulus_Ins_LearningMobility_3_question_3131,532.4,171.7,1509.0
1618504,stimulus_Ins_LearningMobility_3_question_3131,532.2,171.3,1509.0
1618505,stimulus_Ins_LearningMobility_3_question_3131,531.8,170.6,1509.0
1618506,stimulus_Ins_LearningMobility_3_question_3131,531.5,170.6,1507.0
1618507,stimulus_Ins_LearningMobility_3_question_3131,531.0,171.3,1506.0
1618508,stimulus_Ins_LearningMobility_3_question_3131,531.4,172.0,1506.0
1618509,stimulus_Ins_LearningMobility_3_question_3131,532.1,172.0,1508.0
1618510,stimulus_Ins_LearningMobility_3_question_3131,532.5,172.1,1510.0
1618511,stimulus_Ins_LearningMobility_3_question_3131,532.1,172.0,1510.0
1618512,stimulus_Ins_LearningMobility_3_question_3131,531.6,171.9,1512.0
1618513,stimulus_Ins_LearningMobility_3_question_3131,531.4,171.9,1513.0
1618514,stimulus_Ins_LearningMobility_3_question_3131,531.4,171.8,1514.0
1618515,stimulus_Ins_LearningMobility_3_question_3131,531.7,171.9,1514.0
1618516,stimulus_Ins_LearningMobility_3_question_3131,531.9,172.1,1513.0
1618517,stimulus_Ins_LearningMobility_3_question_3131,532.1,172.4,1513.0
1618518,stimulus_Ins_LearningMobility_3_question_3131,532.6,172.8,1513.0
1618519,stimulus_Ins_LearningMobility_3_question_3131,533.1,173.0,1514.0
1618520,stimulus_Ins_LearningMobility_3_question_3131,533.1,173.4,1515.0
1618521,stimulus_Ins_LearningMobility_3_question_3131,532.5,173.6,1515.0
1618522,stimulus_Ins_LearningMobility_3_question_3131,531.9,173.5,1517.0
1618523,stimulus_Ins_LearningMobility_3_question_3131,531.9,173.3,1518.0
1618524,stimulus_Ins_LearningMobility_3_question_3131,532.1,173.1,1520.0
1618525,stimulus_Ins_LearningMobility_3_question_3131,532.2,173.2,1519.0
1618526,stimulus_Ins_LearningMobility_3_question_3131,532.1,173.3,1518.0
1618527,stimulus_Ins_LearningMobility_3_question_3131,532.3,174.1,1516.0
1618528,stimulus_Ins_LearningMobility_3_question_3131,532.8,175.0,1516.0
1618529,stimulus_Ins_LearningMobility_3_question_3131,533.2,175.8,1516.0
1618530,stimulus_Ins_LearningMobility_3_question_3131,533.4,175.8,1517.0
1618531,stimulus_Ins_LearningMobility_3_question_3131,533.3,175.5,1517.0
1618532,stimulus_Ins_LearningMobility_3_question_3131,533.4,175.0,1516.0
1618533,stimulus_Ins_LearningMobility_3_question_3131,533.6,174.5,1516.0
1618534,stimulus_Ins_LearningMobility_3_question_3131,533.8,174.8,1516.0
1618535,stimulus_Ins_LearningMobility_3_question_3131,534.1,175.4,1518.0
1618536,stimulus_Ins_LearningMobility_3_question_3131,534.2,176.0,1521.0
1618537,stimulus_Ins_LearningMobility_3_question_3131,534.2,176.3,1524.0
1618538,stimulus_Ins_LearningMobility_3_question_3131,534.7,176.2,1524.0
1618539,stimulus_Ins_LearningMobility_3_question_3131,535.2,176.1,1524.0
1618540,stimulus_Ins_LearningMobility_3_question_3131,535.8,176.0,1525.0
1618541,stimulus_Ins_LearningMobility_3_question_3131,535.4,175.8,1525.0
1618542,stimulus_Ins_LearningMobility_3_question_3131,535.0,175.7,1526.0
1618543,stimulus_Ins_LearningMobility_3_question_3131,534.7,175.7,1526.0
1618544,stimulus_Ins_LearningMobility_3_question_3131,534.8,175.7,1527.0
1618545,stimulus_Ins_LearningMobility_3_question_3131,534.9,175.6,1528.0
1618546,stimulus_Ins_LearningMobility_3_question_3131,534.9,175.4,1527.0
1618547,stimulus_Ins_LearningMobility_3_question_3131,534.9,175.6,1523.0
1618548,stimulus_Ins_LearningMobility_3_question_3131,534.9,176.0,1519.0
1618549,stimulus_Ins_LearningMobility_3_question_3131,534.6,175.7,1517.0
1618550,stimulus_Ins_LearningMobility_3_question_3131,534.3,175.0,1517.0
1618551,stimulus_Ins_LearningMobility_3_question_3131,533.9,174.3,1517.0
1618552,stimulus_Ins_LearningMobility_3_question_3131,533.9,174.4,1517.0
1618553,stimulus_Ins_LearningMobility_3_question_3131,533.9,174.6,1518.0
1618554,stimulus_Ins_LearningMobility_3_question_3131,533.9,175.0,1519.0
1618555,stimulus_Ins_LearningMobility_3_question_3131,533.9,175.5,1520.0
1618556,stimulus_Ins_LearningMobility_3_question_3131,533.5,175.7,1519.0
1618557,stimulus_Ins_LearningMobility_3_question_3131,533.2,175.6,1519.0
1618558,stimulus_Ins_LearningMobility_3_question_3131,532.9,175.4,1519.0
1618559,stimulus_Ins_LearningMobility_3_question_3131,532.9,175.4,1519.0
1618560,stimulus_Ins_LearningMobility_3_question_3131,533.0,175.5,1519.0
1618561,stimulus_Ins_LearningMobility_3_question_3131,533.2,175.6,1520.0
1618562,stimulus_Ins_LearningMobility_3_question_3131,533.5,175.6,1521.0
1618563,stimulus_Ins_LearningMobility_3_question_3131,533.6,175.5,1523.0
1618564,stimulus_Ins_LearningMobility_3_question_3131,533.5,174.7,1523.0
1618565,stimulus_Ins_LearningMobility_3_question_3131,533.4,173.9,1521.0
1618566,stimulus_Ins_LearningMobility_3_question_3131,533.5,173.2,1520.0
1618567,stimulus_Ins_LearningMobility_3_question_3131,533.5,173.2,1518.0
1618568,stimulus_Ins_LearningMobility_3_question_3131,533.3,174.2,1518.0
1618569,stimulus_Ins_LearningMobility_3_question_3131,533.1,174.9,1518.0
1618570,stimulus_Ins_LearningMobility_3_question_3131,533.0,175.6,1517.0
1618571,stimulus_Ins_LearningMobility_3_question_3131,533.0,175.3,1516.0
1618572,stimulus_Ins_LearningMobility_3_question_3131,533.1,175.1,1515.0
1618573,stimulus_Ins_LearningMobility_3_question_3131,533.1,175.1,1515.0
1618574,stimulus_Ins_LearningMobility_3_question_3131,532.9,175.1,1515.0
1618575,stimulus_Ins_LearningMobility_3_question_3131,532.4,174.9,1515.0
1618576,stimulus_Ins_LearningMobility_3_question_3131,531.9,174.7,1515.0
1618577,stimulus_Ins_LearningMobility_3_question_3131,531.5,174.6,1515.0
1618578,stimulus_Ins_LearningMobility_3_question_3131,531.5,174.8,1515.0
1618579,stimulus_Ins_LearningMobility_3_question_3131,531.4,174.9,1514.0
1618580,stimulus_Ins_LearningMobility_3_question_3131,531.4,175.2,1514.0
1618581,stimulus_Ins_LearningMobility_3_question_3131,531.4,175.2,1513.0
1618582,stimulus_Ins_LearningMobility_3_question_3131,531.4,174.8,1513.0
1618583,stimulus_Ins_LearningMobility_3_question_3131,531.4,174.4,1514.0
1618584,stimulus_Ins_LearningMobility_3_question_3131,531.5,173.6,1514.0
1618585,stimulus_Ins_LearningMobility_3_question_3131,531.4,173.3,1513.0
1618586,stimulus_Ins_LearningMobility_3_question_3131,531.3,173.2,1513.0
1618587,stimulus_Ins_LearningMobility_3_question_3131,531.2,173.4,1514.0
1618588,stimulus_Ins_LearningMobility_3_question_3131,531.2,173.7,1514.0
1618589,stimulus_Ins_LearningMobility_3_question_3131,531.1,173.8,1512.0
1618590,stimulus_Ins_LearningMobility_3_question_3131,531.0,173.9,1510.0
1618591,stimulus_Ins_LearningMobility_3_question_3131,531.2,173.9,1510.0
1618592,stimulus_Ins_LearningMobility_3_question_3131,531.5,173.9,1513.0
1618593,stimulus_Ins_LearningMobility_3_question_3131,531.7,174.0,1516.0
1618594,stimulus_Ins_LearningMobility_3_question_3131,531.8,173.9,1518.0
1618595,stimulus_Ins_LearningMobility_3_question_3131,531.8,173.8,1517.0
1618596,stimulus_Ins_LearningMobility_3_question_3131,531.9,173.8,1516.0
1618597,stimulus_Ins_LearningMobility_3_question_3131,531.9,174.1,1517.0
1618598,stimulus_Ins_LearningMobility_3_question_3131,531.9,174.9,1517.0
1618599,stimulus_Ins_LearningMobility_3_question_3131,531.9,175.5,1516.0
1618600,stimulus_Ins_LearningMobility_3_question_3131,532.6,176.1,1516.0
1618601,stimulus_Ins_LearningMobility_3_question_3131,533.2,176.7,1516.0
1618602,stimulus_Ins_LearningMobility_3_question_3131,533.4,177.3,1517.0
1618603,stimulus_Ins_LearningMobility_3_question_3131,532.9,177.7,1516.0
1618604,stimulus_Ins_LearningMobility_3_question_3131,532.9,177.3,1515.0
1618605,stimulus_Ins_LearningMobility_3_question_3131,533.3,176.9,1514.0
1618606,stimulus_Ins_LearningMobility_3_question_3131,533.6,176.8,1511.0
1618607,stimulus_Ins_LearningMobility_3_question_3131,533.6,176.8,1509.0
1618608,stimulus_Ins_LearningMobility_3_question_3131,533.5,176.8,1508.0
1618609,stimulus_Ins_LearningMobility_3_question_3131,533.4,176.9,1508.0
1618610,stimulus_Ins_LearningMobility_3_question_3131,533.4,177.1,1509.0
1618611,stimulus_Ins_LearningMobility_3_question_3131,533.5,177.3,1511.0
1618612,stimulus_Ins_LearningMobility_3_question_3131,533.8,177.5,1513.0
1618613,stimulus_Ins_LearningMobility_3_question_3131,534.1,177.8,1514.0
1618614,stimulus_Ins_LearningMobility_3_question_3131,534.3,178.5,1516.0
1618615,stimulus_Ins_LearningMobility_3_question_3131,534.4,179.2,1517.0
1618616,stimulus_Ins_LearningMobility_3_question_3131,534.1,179.6,1518.0
1618617,stimulus_Ins_LearningMobility_3_question_3131,533.7,179.5,1516.0
1618618,stimulus_Ins_LearningMobility_3_question_3131,533.0,179.5,1515.0
1618619,stimulus_Ins_LearningMobility_3_question_3131,532.7,179.5,1512.0
1618620,stimulus_Ins_LearningMobility_3_question_3131,532.5,179.3,1511.0
1618621,stimulus_Ins_LearningMobility_3_question_3131,532.4,178.7,1510.0
1618622,stimulus_Ins_LearningMobility_3_question_3131,532.3,178.1,1511.0
1618623,stimulus_Ins_LearningMobility_3_question_3131,532.1,177.9,1511.0
1618624,stimulus_Ins_LearningMobility_3_question_3131,531.9,177.8,1512.0
1618625,stimulus_Ins_LearningMobility_3_question_3131,531.7,178.2,1512.0
1618626,stimulus_Ins_LearningMobility_3_question_3131,531.4,178.6,1511.0
1618627,stimulus_Ins_LearningMobility_3_question_3131,531.4,178.9,1511.0
1618628,stimulus_Ins_LearningMobility_3_question_3131,531.4,178.7,1512.0
1618629,stimulus_Ins_LearningMobility_3_question_3131,531.0,178.4,1511.0
1618630,stimulus_Ins_LearningMobility_3_question_3131,530.6,178.3,1509.0
1618631,stimulus_Ins_LearningMobility_3_question_3131,530.1,178.2,1508.0
1618632,stimulus_Ins_LearningMobility_3_question_3131,530.1,178.2,1508.0
1618633,stimulus_Ins_LearningMobility_3_question_3131,530.1,178.0,1511.0
1618634,stimulus_Ins_LearningMobility_3_question_3131,530.1,177.9,1513.0
1618635,stimulus_Ins_LearningMobility_3_question_3131,530.1,177.9,1515.0
1618636,stimulus_Ins_LearningMobility_3_question_3131,530.1,177.7,1514.0
1618637,stimulus_Ins_LearningMobility_3_question_3131,530.1,177.6,1514.0
1618638,stimulus_Ins_LearningMobility_3_question_3131,530.4,177.3,1511.0
1618639,stimulus_Ins_LearningMobility_3_question_3131,530.6,177.2,1508.0
1618640,stimulus_Ins_LearningMobility_3_question_3131,530.9,177.1,1507.0
1618641,stimulus_Ins_LearningMobility_3_question_3131,531.0,176.7,1508.0
1618642,stimulus_Ins_LearningMobility_3_question_3131,530.5,176.4,1509.0
1618643,stimulus_Ins_LearningMobility_3_question_3131,530.1,175.9,1508.0
1618644,stimulus_Ins_LearningMobility_3_question_3131,529.7,175.4,1508.0
1618645,stimulus_Ins_LearningMobility_3_question_3131,529.7,174.8,1508.0
1618646,stimulus_Ins_LearningMobility_3_question_3131,529.7,174.5,1508.0
1618647,stimulus_Ins_LearningMobility_3_question_3131,529.4,174.5,1508.0
1618648,stimulus_Ins_LearningMobility_3_question_3131,529.2,174.7,1508.0
1618649,stimulus_Ins_LearningMobility_3_question_3131,528.7,174.8,1508.0
1618650,stimulus_Ins_LearningMobility_3_question_3131,528.6,174.6,1507.0
1618651,stimulus_Ins_LearningMobility_3_question_3131,528.2,174.1,1507.0
1618652,stimulus_Ins_LearningMobility_3_question_3131,528.1,173.6,1507.0
1618653,stimulus_Ins_LearningMobility_3_question_3131,528.0,173.5,1507.0
1618654,stimulus_Ins_LearningMobility_3_question_3131,528.0,174.1,1507.0
1618655,stimulus_Ins_LearningMobility_3_question_3131,528.0,174.6,1507.0
1618656,stimulus_Ins_LearningMobility_3_question_3131,528.1,175.1,1506.0
1618657,stimulus_Ins_LearningMobility_3_question_3131,528.5,175.1,1504.0
1618658,stimulus_Ins_LearningMobility_3_question_3131,528.8,175.0,1502.0
1618659,stimulus_Ins_LearningMobility_3_question_3131,529.2,174.9,1503.0
1618660,stimulus_Ins_LearningMobility_3_question_3131,529.4,174.9,1505.0
1618661,stimulus_Ins_LearningMobility_3_question_3131,529.5,174.9,1507.0
1618662,stimulus_Ins_LearningMobility_3_question_3131,529.6,174.9,1507.0
1618663,stimulus_Ins_LearningMobility_3_question_3131,529.7,175.0,1507.0
1618664,stimulus_Ins_LearningMobility_3_question_3131,529.9,175.1,1507.0
1618665,stimulus_Ins_LearningMobility_3_question_3131,530.2,174.9,1507.0
1618666,stimulus_Ins_LearningMobility_3_question_3131,530.4,174.5,1507.0
1618667,stimulus_Ins_LearningMobility_3_question_3131,530.6,174.1,1506.0
1618668,stimulus_Ins_LearningMobility_3_question_3131,530.9,174.0,1504.0
1618669,stimulus_Ins_LearningMobility_3_question_3131,531.5,174.7,1502.0
1618670,stimulus_Ins_LearningMobility_3_question_3131,531.9,175.5,1503.0
1618671,stimulus_Ins_LearningMobility_3_question_3131,532.1,176.1,1505.0
1618672,stimulus_Ins_LearningMobility_3_question_3131,531.8,176.0,1507.0
1618673,stimulus_Ins_LearningMobility_3_question_3131,531.5,175.9,1507.0
1618674,stimulus_Ins_LearningMobility_3_question_3131,531.4,175.9,1507.0
1618675,stimulus_Ins_LearningMobility_3_question_3131,531.5,175.9,1507.0
1618676,stimulus_Ins_LearningMobility_3_question_3131,531.8,175.9,1508.0
1618677,stimulus_Ins_LearningMobility_3_question_3131,532.0,176.0,1507.0
1618678,stimulus_Ins_LearningMobility_3_question_3131,532.3,176.0,1506.0
1618679,stimulus_Ins_LearningMobility_3_question_3131,532.5,176.2,1505.0
1618680,stimulus_Ins_LearningMobility_3_question_3131,532.7,176.5,1506.0
1618681,stimulus_Ins_LearningMobility_3_question_3131,532.9,176.8,1506.0
1618682,stimulus_Ins_LearningMobility_3_question_3131,532.9,176.9,1507.0
1618683,stimulus_Ins_LearningMobility_3_question_3131,533.0,176.8,1507.0
1618684,stimulus_Ins_LearningMobility_3_question_3131,532.9,176.9,1507.0
1618685,stimulus_Ins_LearningMobility_3_question_3131,532.7,176.9,1507.0
1618686,stimulus_Ins_LearningMobility_3_question_3131,532.5,177.2,1507.0
1618687,stimulus_Ins_LearningMobility_3_question_3131,532.4,177.4,1507.0
1618688,stimulus_Ins_LearningMobility_3_question_3131,532.4,177.7,1506.0
1618689,stimulus_Ins_LearningMobility_3_question_3131,532.4,177.8,1504.0
1618690,stimulus_Ins_LearningMobility_3_question_3131,532.3,178.2,1503.0
1618691,stimulus_Ins_LearningMobility_3_question_3131,532.2,178.6,1504.0
1618692,stimulus_Ins_LearningMobility_3_question_3131,532.0,178.9,1504.0
1618693,stimulus_Ins_LearningMobility_3_question_3131,532.5,178.8,1505.0
1618694,stimulus_Ins_LearningMobility_3_question_3131,533.1,178.6,1505.0
1618695,stimulus_Ins_LearningMobility_3_question_3131,533.7,178.3,1504.0
1618696,stimulus_Ins_LearningMobility_3_question_3131,533.8,178.2,1503.0
1618697,stimulus_Ins_LearningMobility_3_question_3131,533.9,178.2,1503.0
1618698,stimulus_Ins_LearningMobility_3_question_3131,533.8,178.2,1504.0
1618699,stimulus_Ins_LearningMobility_3_question_3131,533.2,178.2,1504.0
1618700,stimulus_Ins_LearningMobility_3_question_3131,532.5,178.4,1506.0
1618701,stimulus_Ins_LearningMobility_3_question_3131,532.3,178.7,1507.0
1618702,stimulus_Ins_LearningMobility_3_question_3131,532.6,178.8,1507.0
1618703,stimulus_Ins_LearningMobility_3_question_3131,533.1,178.4,1508.0
1618704,stimulus_Ins_LearningMobility_3_question_3131,533.1,178.0,1510.0
1618705,stimulus_Ins_LearningMobility_3_question_3131,533.0,177.8,1509.0
1618706,stimulus_Ins_LearningMobility_3_question_3131,533.0,177.8,1508.0
1618707,stimulus_Ins_LearningMobility_3_question_3131,533.2,178.1,1506.0
1618708,stimulus_Ins_LearningMobility_3_question_3131,533.3,178.5,1505.0
1618709,stimulus_Ins_LearningMobility_3_question_3131,533.3,178.9,1504.0
1618710,stimulus_Ins_LearningMobility_3_question_3131,533.2,178.8,1502.0
1618711,stimulus_Ins_LearningMobility_3_question_3131,533.0,178.6,1501.0
1618712,stimulus_Ins_LearningMobility_3_question_3131,532.8,178.4,1503.0
1618713,stimulus_Ins_LearningMobility_3_question_3131,532.7,178.7,1505.0
1618714,stimulus_Ins_LearningMobility_3_question_3131,532.6,179.0,1507.0
1618715,stimulus_Ins_LearningMobility_3_question_3131,532.5,179.4,1507.0
1618716,stimulus_Ins_LearningMobility_3_question_3131,532.3,179.4,1507.0
1618717,stimulus_Ins_LearningMobility_3_question_3131,532.1,179.4,1508.0
1618718,stimulus_Ins_LearningMobility_3_question_3131,532.1,179.4,1508.0
1618719,stimulus_Ins_LearningMobility_3_question_3131,532.1,179.4,1508.0
1618720,stimulus_Ins_LearningMobility_3_question_3131,532.1,179.4,1508.0
1618721,stimulus_Ins_LearningMobility_3_question_3131,532.0,179.5,1508.0
1618722,stimulus_Ins_LearningMobility_3_question_3131,531.8,179.5,1508.0
1618723,stimulus_Ins_LearningMobility_3_question_3131,531.1,179.5,1509.0
1618724,stimulus_Ins_LearningMobility_3_question_3131,530.1,179.2,1509.0
1618725,stimulus_Ins_LearningMobility_3_question_3131,529.2,178.8,1505.0
1618726,stimulus_Ins_LearningMobility_3_question_3131,528.9,178.7,1502.0
1618727,stimulus_Ins_LearningMobility_3_question_3131,530.1,179.2,1500.0
1618728,stimulus_Ins_LearningMobility_3_question_3131,533.4,179.7,1500.0
1618729,stimulus_Ins_LearningMobility_3_question_3131,538.0,179.7,1501.0
1618730,stimulus_Ins_LearningMobility_3_question_3131,544.1,179.3,1502.0
1618731,stimulus_Ins_LearningMobility_3_question_3131,549.1,179.0,1503.0
1618732,stimulus_Ins_LearningMobility_3_question_3131,555.2,178.8,1504.0
1618733,stimulus_Ins_LearningMobility_3_question_3131,561.6,178.0,1506.0
1618734,stimulus_Ins_LearningMobility_3_question_3131,570.2,177.2,1509.0
1618735,stimulus_Ins_LearningMobility_3_question_3131,579.7,175.8,1510.0
1618736,stimulus_Ins_LearningMobility_3_question_3131,587.6,175.1,1511.0
1618737,stimulus_Ins_LearningMobility_3_question_3131,595.9,174.4,1511.0
1618738,stimulus_Ins_LearningMobility_3_question_3131,603.4,174.2,1510.0
1618739,stimulus_Ins_LearningMobility_3_question_3131,612.8,174.0,1510.0
1618740,stimulus_Ins_LearningMobility_3_question_3131,620.1,173.9,1509.0
1618741,stimulus_Ins_LearningMobility_3_question_3131,625.9,173.5,1506.0
1618742,stimulus_Ins_LearningMobility_3_question_3131,630.5,172.9,1504.0
1618743,stimulus_Ins_LearningMobility_3_question_3131,635.5,172.9,1503.0
1618744,stimulus_Ins_LearningMobility_3_question_3131,641.3,173.5,1504.0
1618745,stimulus_Ins_LearningMobility_3_question_3131,646.0,174.2,1504.0
1618746,stimulus_Ins_LearningMobility_3_question_3131,649.5,174.5,1501.0
1618747,stimulus_Ins_LearningMobility_3_question_3131,651.9,173.8,1497.0
1618748,stimulus_Ins_LearningMobility_3_question_3131,653.6,173.2,1493.0
1618749,stimulus_Ins_LearningMobility_3_question_3131,656.3,172.6,1493.0
1618750,stimulus_Ins_LearningMobility_3_question_3131,659.2,172.5,1491.0
1618751,stimulus_Ins_LearningMobility_3_question_3131,663.3,172.3,1490.0
1618752,stimulus_Ins_LearningMobility_3_question_3131,666.2,172.1,1490.0
1618753,stimulus_Ins_LearningMobility_3_question_3131,669.1,172.0,1492.0
1618754,stimulus_Ins_LearningMobility_3_question_3131,672.4,171.8,1494.0
1618755,stimulus_Ins_LearningMobility_3_question_3131,675.0,171.8,1495.0
1618756,stimulus_Ins_LearningMobility_3_question_3131,677.3,171.8,1494.0
1618757,stimulus_Ins_LearningMobility_3_question_3131,678.0,171.9,1491.0
1618758,stimulus_Ins_LearningMobility_3_question_3131,678.7,172.0,1487.0
1618759,stimulus_Ins_LearningMobility_3_question_3131,678.7,172.1,1486.0
1618760,stimulus_Ins_LearningMobility_3_question_3131,678.8,172.2,1487.0
1618761,stimulus_Ins_LearningMobility_3_question_3131,678.9,172.3,1488.0
1618762,stimulus_Ins_LearningMobility_3_question_3131,679.0,172.3,1489.0
1618763,stimulus_Ins_LearningMobility_3_question_3131,679.2,172.4,1488.0
1618764,stimulus_Ins_LearningMobility_3_question_3131,679.5,172.4,1487.0
1618765,stimulus_Ins_LearningMobility_3_question_3131,679.9,172.4,1486.0
1618766,stimulus_Ins_LearningMobility_3_question_3131,680.2,172.4,1486.0
1618767,stimulus_Ins_LearningMobility_3_question_3131,680.1,172.5,1484.0
1618768,stimulus_Ins_LearningMobility_3_question_3131,680.2,172.2,1482.0
1618769,stimulus_Ins_LearningMobility_3_question_3131,680.4,171.6,1481.0
1618770,stimulus_Ins_LearningMobility_3_question_3131,680.7,171.1,1482.0
1618771,stimulus_Ins_LearningMobility_3_question_3131,680.3,170.5,1483.0
1618772,stimulus_Ins_LearningMobility_3_question_3131,679.7,170.1,1484.0
1618773,stimulus_Ins_LearningMobility_3_question_3131,679.2,169.4,1485.0
1618774,stimulus_Ins_LearningMobility_3_question_3131,679.2,169.0,1485.0
1618775,stimulus_Ins_LearningMobility_3_question_3131,679.2,168.7,1484.0
1618776,stimulus_Ins_LearningMobility_3_question_3131,679.1,168.6,1483.0
1618777,stimulus_Ins_LearningMobility_3_question_3131,678.9,168.9,1482.0
1618778,stimulus_Ins_LearningMobility_3_question_3131,678.7,169.3,1481.0
1618779,stimulus_Ins_LearningMobility_3_question_3131,678.7,169.3,1480.0
1618780,stimulus_Ins_LearningMobility_3_question_3131,678.4,169.0,1479.0
1618781,stimulus_Ins_LearningMobility_3_question_3131,678.1,168.5,1479.0
1618782,stimulus_Ins_LearningMobility_3_question_3131,677.6,168.4,1478.0
1618783,stimulus_Ins_LearningMobility_3_question_3131,677.4,168.2,1478.0
1618784,stimulus_Ins_LearningMobility_3_question_3131,677.1,168.2,1479.0
1618785,stimulus_Ins_LearningMobility_3_question_3131,677.5,168.2,1481.0
1618786,stimulus_Ins_LearningMobility_3_question_3131,677.8,168.5,1482.0
1618787,stimulus_Ins_LearningMobility_3_question_3131,678.1,168.9,1482.0
1618788,stimulus_Ins_LearningMobility_3_question_3131,678.0,169.2,1482.0
1618789,stimulus_Ins_LearningMobility_3_question_3131,678.0,169.1,1482.0
1618790,stimulus_Ins_LearningMobility_3_question_3131,678.1,168.9,1482.0
1618791,stimulus_Ins_LearningMobility_3_question_3131,678.1,169.0,1482.0
1618792,stimulus_Ins_LearningMobility_3_question_3131,678.0,169.3,1481.0
1618793,stimulus_Ins_LearningMobility_3_question_3131,677.9,169.8,1482.0
1618794,stimulus_Ins_LearningMobility_3_question_3131,677.9,170.1,1484.0
1618795,stimulus_Ins_LearningMobility_3_question_3131,677.9,170.4,1485.0
1618796,stimulus_Ins_LearningMobility_3_question_3131,677.9,170.5,1484.0
1618797,stimulus_Ins_LearningMobility_3_question_3131,678.4,170.6,1482.0
1618798,stimulus_Ins_LearningMobility_3_question_3131,678.8,170.7,1479.0
1618799,stimulus_Ins_LearningMobility_3_question_3131,679.0,170.8,1479.0
1618800,stimulus_Ins_LearningMobility_3_question_3131,678.8,170.7,1479.0
1618801,stimulus_Ins_LearningMobility_3_question_3131,678.5,170.7,1480.0
1618802,stimulus_Ins_LearningMobility_3_question_3131,678.4,170.5,1482.0
1618803,stimulus_Ins_LearningMobility_3_question_3131,678.6,170.3,1483.0
1618804,stimulus_Ins_LearningMobility_3_question_3131,678.7,170.1,1483.0
1618805,stimulus_Ins_LearningMobility_3_question_3131,678.8,169.9,1482.0
1618806,stimulus_Ins_LearningMobility_3_question_3131,679.0,170.0,1481.0
1618807,stimulus_Ins_LearningMobility_3_question_3131,679.5,170.0,1482.0
1618808,stimulus_Ins_LearningMobility_3_question_3131,679.9,170.1,1481.0
1618809,stimulus_Ins_LearningMobility_3_question_3131,680.1,170.1,1480.0
1618810,stimulus_Ins_LearningMobility_3_question_3131,680.4,170.2,1479.0
1618811,stimulus_Ins_LearningMobility_3_question_3131,680.8,170.1,1479.0
1618812,stimulus_Ins_LearningMobility_3_question_3131,681.2,169.9,1481.0
1618813,stimulus_Ins_LearningMobility_3_question_3131,680.9,169.6,1483.0
1618814,stimulus_Ins_LearningMobility_3_question_3131,680.4,169.7,1485.0
1618815,stimulus_Ins_LearningMobility_3_question_3131,680.0,170.0,1485.0
1618816,stimulus_Ins_LearningMobility_3_question_3131,680.1,170.6,1485.0
1618817,stimulus_Ins_LearningMobility_3_question_3131,680.4,171.3,1486.0
1618818,stimulus_Ins_LearningMobility_3_question_3131,680.5,172.0,1485.0
1618819,stimulus_Ins_LearningMobility_3_question_3131,680.6,172.4,1485.0
1618820,stimulus_Ins_LearningMobility_3_question_3131,680.4,172.4,1484.0
1618821,stimulus_Ins_LearningMobility_3_question_3131,680.2,172.4,1484.0
1618822,stimulus_Ins_LearningMobility_3_question_3131,680.1,172.3,1484.0
1618823,stimulus_Ins_LearningMobility_3_question_3131,680.0,172.3,1485.0
1618824,stimulus_Ins_LearningMobility_3_question_3131,680.0,172.4,1486.0
1618825,stimulus_Ins_LearningMobility_3_question_3131,679.9,172.5,1487.0
1618826,stimulus_Ins_LearningMobility_3_question_3131,680.3,172.6,1487.0
1618827,stimulus_Ins_LearningMobility_3_question_3131,680.9,172.6,1486.0
1618828,stimulus_Ins_LearningMobility_3_question_3131,681.1,172.5,1484.0
1618829,stimulus_Ins_LearningMobility_3_question_3131,680.7,172.0,1483.0
1618830,stimulus_Ins_LearningMobility_3_question_3131,680.2,171.6,1486.0
1618831,stimulus_Ins_LearningMobility_3_question_3131,680.5,170.9,1488.0
1618832,stimulus_Ins_LearningMobility_3_question_3131,681.0,170.7,1489.0
1618833,stimulus_Ins_LearningMobility_3_question_3131,680.8,171.2,1488.0
1618834,stimulus_Ins_LearningMobility_3_question_3131,680.3,171.9,1487.0
1618835,stimulus_Ins_LearningMobility_3_question_3131,679.9,172.3,1485.0
1618836,stimulus_Ins_LearningMobility_3_question_3131,680.0,171.9,1484.0
1618837,stimulus_Ins_LearningMobility_3_question_3131,680.0,171.8,1483.0
1618838,stimulus_Ins_LearningMobility_3_question_3131,680.0,171.9,1482.0
1618839,stimulus_Ins_LearningMobility_3_question_3131,679.9,172.1,1483.0
1618840,stimulus_Ins_LearningMobility_3_question_3131,680.3,172.2,1484.0
1618841,stimulus_Ins_LearningMobility_3_question_3131,680.6,172.4,1485.0
1618842,stimulus_Ins_LearningMobility_3_question_3131,680.6,172.6,1486.0
1618843,stimulus_Ins_LearningMobility_3_question_3131,680.3,172.5,1487.0
1618844,stimulus_Ins_LearningMobility_3_question_3131,680.0,172.2,1488.0
1618845,stimulus_Ins_LearningMobility_3_question_3131,680.1,171.8,1487.0
1618846,stimulus_Ins_LearningMobility_3_question_3131,680.2,171.1,1487.0
1618847,stimulus_Ins_LearningMobility_3_question_3131,680.2,170.6,1486.0
1618848,stimulus_Ins_LearningMobility_3_question_3131,679.9,170.9,1484.0
1618849,stimulus_Ins_LearningMobility_3_question_3131,679.7,171.7,1482.0
1618850,stimulus_Ins_LearningMobility_3_question_3131,679.6,172.5,1481.0
1618851,stimulus_Ins_LearningMobility_3_question_3131,679.6,172.5,1481.0
1618852,stimulus_Ins_LearningMobility_3_question_3131,679.7,171.6,1483.0
1618853,stimulus_Ins_LearningMobility_3_question_3131,679.6,170.8,1485.0
1618854,stimulus_Ins_LearningMobility_3_question_3131,679.6,170.0,1486.0
1618855,stimulus_Ins_LearningMobility_3_question_3131,679.6,170.8,1487.0
1618856,stimulus_Ins_LearningMobility_3_question_3131,679.9,171.6,1487.0
1618857,stimulus_Ins_LearningMobility_3_question_3131,680.1,172.4,1488.0
1618858,stimulus_Ins_LearningMobility_3_question_3131,680.1,172.4,1488.0
1618859,stimulus_Ins_LearningMobility_3_question_3131,680.1,172.2,1486.0
1618860,stimulus_Ins_LearningMobility_3_question_3131,680.1,172.0,1484.0
1618861,stimulus_Ins_LearningMobility_3_question_3131,680.2,171.7,1484.0
1618862,stimulus_Ins_LearningMobility_3_question_3131,680.3,171.7,1485.0
1618863,stimulus_Ins_LearningMobility_3_question_3131,680.1,171.7,1487.0
1618864,stimulus_Ins_LearningMobility_3_question_3131,679.9,171.5,1487.0
1618865,stimulus_Ins_LearningMobility_3_question_3131,679.7,171.4,1487.0
1618866,stimulus_Ins_LearningMobility_3_question_3131,679.7,171.2,1487.0
1618867,stimulus_Ins_LearningMobility_3_question_3131,679.8,171.4,1485.0
1618868,stimulus_Ins_LearningMobility_3_question_3131,679.8,171.8,1484.0
1618869,stimulus_Ins_LearningMobility_3_question_3131,679.9,172.3,1482.0
1618870,stimulus_Ins_LearningMobility_3_question_3131,679.6,172.7,1482.0
1618871,stimulus_Ins_LearningMobility_3_question_3131,679.0,172.9,1483.0
1618872,stimulus_Ins_LearningMobility_3_question_3131,678.4,172.9,1484.0
1618873,stimulus_Ins_LearningMobility_3_question_3131,678.0,172.9,1485.0
1618874,stimulus_Ins_LearningMobility_3_question_3131,678.0,172.8,1487.0
1618875,stimulus_Ins_LearningMobility_3_question_3131,677.8,173.5,1489.0
1618876,stimulus_Ins_LearningMobility_3_question_3131,677.6,174.3,1490.0
1618877,stimulus_Ins_LearningMobility_3_question_3131,677.4,175.1,1489.0
1618878,stimulus_Ins_LearningMobility_3_question_3131,677.4,175.2,1488.0
1618879,stimulus_Ins_LearningMobility_3_question_3131,677.5,174.9,1489.0
1618880,stimulus_Ins_LearningMobility_3_question_3131,677.6,174.6,1491.0
1618881,stimulus_Ins_LearningMobility_3_question_3131,677.7,174.2,1492.0
1618882,stimulus_Ins_LearningMobility_3_question_3131,678.0,174.2,1491.0
1618883,stimulus_Ins_LearningMobility_3_question_3131,678.2,174.3,1491.0
1618884,stimulus_Ins_LearningMobility_3_question_3131,678.5,174.4,1492.0
1618885,stimulus_Ins_LearningMobility_3_question_3131,678.4,174.8,1493.0
1618886,stimulus_Ins_LearningMobility_3_question_3131,678.4,175.1,1494.0
1618887,stimulus_Ins_LearningMobility_3_question_3131,678.3,175.5,1493.0
1618888,stimulus_Ins_LearningMobility_3_question_3131,678.1,175.9,1491.0
1618889,stimulus_Ins_LearningMobility_3_question_3131,678.0,176.2,1490.0
1618890,stimulus_Ins_LearningMobility_3_question_3131,677.8,176.5,1488.0
1618891,stimulus_Ins_LearningMobility_3_question_3131,677.6,176.7,1488.0
1618892,stimulus_Ins_LearningMobility_3_question_3131,677.3,176.9,1488.0
1618893,stimulus_Ins_LearningMobility_3_question_3131,677.8,177.1,1489.0
1618894,stimulus_Ins_LearningMobility_3_question_3131,678.3,177.0,1490.0
1618895,stimulus_Ins_LearningMobility_3_question_3131,678.6,176.9,1491.0
1618896,stimulus_Ins_LearningMobility_3_question_3131,678.5,176.6,1490.0
1618897,stimulus_Ins_LearningMobility_3_question_3131,678.3,176.2,1488.0
1618898,stimulus_Ins_LearningMobility_3_question_3131,678.3,175.8,1487.0
1618899,stimulus_Ins_LearningMobility_3_question_3131,678.2,175.6,1486.0
1618900,stimulus_Ins_LearningMobility_3_question_3131,678.1,175.5,1487.0
1618901,stimulus_Ins_LearningMobility_3_question_3131,677.9,175.5,1488.0
1618902,stimulus_Ins_LearningMobility_3_question_3131,677.8,175.4,1489.0
1618903,stimulus_Ins_LearningMobility_3_question_3131,678.1,175.2,1490.0
1618904,stimulus_Ins_LearningMobility_3_question_3131,678.4,175.0,1488.0
1618905,stimulus_Ins_LearningMobility_3_question_3131,678.5,175.0,1484.0
1618906,stimulus_Ins_LearningMobility_3_question_3131,678.0,175.1,1480.0
1618907,stimulus_Ins_LearningMobility_3_question_3131,677.6,175.1,1481.0
1618908,stimulus_Ins_LearningMobility_3_question_3131,677.8,174.9,1482.0
1618909,stimulus_Ins_LearningMobility_3_question_3131,678.1,174.6,1483.0
1618910,stimulus_Ins_LearningMobility_3_question_3131,678.4,174.2,1483.0
1618911,stimulus_Ins_LearningMobility_3_question_3131,678.3,174.1,1482.0
1618912,stimulus_Ins_LearningMobility_3_question_3131,678.2,174.1,1483.0
1618913,stimulus_Ins_LearningMobility_3_question_3131,678.2,174.1,1484.0
1618914,stimulus_Ins_LearningMobility_3_question_3131,678.3,174.0,1486.0
1618915,stimulus_Ins_LearningMobility_3_question_3131,678.5,173.7,1484.0
1618916,stimulus_Ins_LearningMobility_3_question_3131,678.6,173.4,1482.0
1618917,stimulus_Ins_LearningMobility_3_question_3131,678.7,173.2,1480.0
1618918,stimulus_Ins_LearningMobility_3_question_3131,678.8,173.7,1481.0
1618919,stimulus_Ins_LearningMobility_3_question_3131,678.9,174.3,1482.0
1618920,stimulus_Ins_LearningMobility_3_question_3131,678.9,174.8,1483.0
1618921,stimulus_Ins_LearningMobility_3_question_3131,678.9,174.8,1483.0
1618922,stimulus_Ins_LearningMobility_3_question_3131,679.1,173.7,1484.0
1618923,stimulus_Ins_LearningMobility_3_question_3131,679.4,172.7,1484.0
1618924,stimulus_Ins_LearningMobility_3_question_3131,679.5,171.8,1484.0
1618925,stimulus_Ins_LearningMobility_3_question_3131,679.5,171.9,1485.0
1618926,stimulus_Ins_LearningMobility_3_question_3131,679.5,172.0,1485.0
1618927,stimulus_Ins_LearningMobility_3_question_3131,679.4,172.3,1485.0
1618928,stimulus_Ins_LearningMobility_3_question_3131,679.5,172.3,1485.0
1618929,stimulus_Ins_LearningMobility_3_question_3131,679.7,172.4,1485.0
1618930,stimulus_Ins_LearningMobility_3_question_3131,680.0,172.2,1484.0
1618931,stimulus_Ins_LearningMobility_3_question_3131,680.2,172.3,1484.0
1618932,stimulus_Ins_LearningMobility_3_question_3131,680.2,172.5,1486.0
1618933,stimulus_Ins_LearningMobility_3_question_3131,680.2,172.6,1487.0
1618934,stimulus_Ins_LearningMobility_3_question_3131,680.2,172.8,1489.0
1618935,stimulus_Ins_LearningMobility_3_question_3131,680.1,173.1,1489.0
1618936,stimulus_Ins_LearningMobility_3_question_3131,680.0,173.3,1490.0
1618937,stimulus_Ins_LearningMobility_3_question_3131,680.0,173.1,1488.0
1618938,stimulus_Ins_LearningMobility_3_question_3131,680.1,172.8,1487.0
1618939,stimulus_Ins_LearningMobility_3_question_3131,680.2,172.5,1486.0
1618940,stimulus_Ins_LearningMobility_3_question_3131,680.8,172.2,1487.0
1618941,stimulus_Ins_LearningMobility_3_question_3131,681.3,172.2,1488.0
1618942,stimulus_Ins_LearningMobility_3_question_3131,681.3,172.2,1490.0
1618943,stimulus_Ins_LearningMobility_3_question_3131,680.9,172.3,1490.0
1618944,stimulus_Ins_LearningMobility_3_question_3131,680.6,172.5,1490.0
1618945,stimulus_Ins_LearningMobility_3_question_3131,680.8,172.6,1490.0
1618946,stimulus_Ins_LearningMobility_3_question_3131,681.0,172.6,1490.0
1618947,stimulus_Ins_LearningMobility_3_question_3131,681.0,172.6,1489.0
1618948,stimulus_Ins_LearningMobility_3_question_3131,681.1,172.5,1488.0
1618949,stimulus_Ins_LearningMobility_3_question_3131,681.1,172.5,1488.0
1618950,stimulus_Ins_LearningMobility_3_question_3131,681.1,172.4,1489.0
1618951,stimulus_Ins_LearningMobility_3_question_3131,681.1,172.5,1490.0
1618952,stimulus_Ins_LearningMobility_3_question_3131,680.9,172.5,1492.0
1618953,stimulus_Ins_LearningMobility_3_question_3131,680.7,172.7,1492.0
1618954,stimulus_Ins_LearningMobility_3_question_3131,680.5,172.8,1491.0
1618955,stimulus_Ins_LearningMobility_3_question_3131,680.6,172.9,1491.0
1618956,stimulus_Ins_LearningMobility_3_question_3131,681.1,172.6,1491.0
1618957,stimulus_Ins_LearningMobility_3_question_3131,681.5,172.2,1492.0
1618958,stimulus_Ins_LearningMobility_3_question_3131,681.9,172.3,1493.0
1618959,stimulus_Ins_LearningMobility_3_question_3131,682.0,172.8,1490.0
1618960,stimulus_Ins_LearningMobility_3_question_3131,682.2,173.1,1487.0
1618961,stimulus_Ins_LearningMobility_3_question_3131,682.4,172.8,1486.0
1618962,stimulus_Ins_LearningMobility_3_question_3131,682.5,172.5,1490.0
1618963,stimulus_Ins_LearningMobility_3_question_3131,682.6,172.5,1495.0
1618964,stimulus_Ins_LearningMobility_3_question_3131,682.7,172.6,1496.0
1618965,stimulus_Ins_LearningMobility_3_question_3131,682.5,172.2,1496.0
1618966,stimulus_Ins_LearningMobility_3_question_3131,682.2,171.7,1495.0
1618967,stimulus_Ins_LearningMobility_3_question_3131,682.1,171.2,1495.0
1618968,stimulus_Ins_LearningMobility_3_question_3131,682.4,171.4,1493.0
1618969,stimulus_Ins_LearningMobility_3_question_3131,682.4,171.8,1492.0
1618970,stimulus_Ins_LearningMobility_3_question_3131,681.8,172.5,1490.0
1618971,stimulus_Ins_LearningMobility_3_question_3131,681.2,173.0,1490.0
1618972,stimulus_Ins_LearningMobility_3_question_3131,680.7,173.1,1490.0
1618973,stimulus_Ins_LearningMobility_3_question_3131,681.2,172.8,1490.0
1618974,stimulus_Ins_LearningMobility_3_question_3131,681.8,172.4,1492.0
1618975,stimulus_Ins_LearningMobility_3_question_3131,682.1,172.2,1495.0
1618976,stimulus_Ins_LearningMobility_3_question_3131,681.6,172.4,1497.0
1618977,stimulus_Ins_LearningMobility_3_question_3131,681.1,172.7,1497.0
1618978,stimulus_Ins_LearningMobility_3_question_3131,680.9,172.9,1497.0
1618979,stimulus_Ins_LearningMobility_3_question_3131,680.9,172.4,1496.0
1618980,stimulus_Ins_LearningMobility_3_question_3131,681.0,171.9,1494.0
1618981,stimulus_Ins_LearningMobility_3_question_3131,681.0,172.1,1493.0
1618982,stimulus_Ins_LearningMobility_3_question_3131,681.0,173.0,1494.0
1618983,stimulus_Ins_LearningMobility_3_question_3131,680.8,173.8,1495.0
1618984,stimulus_Ins_LearningMobility_3_question_3131,680.9,173.8,1495.0
1618985,stimulus_Ins_LearningMobility_3_question_3131,681.0,173.7,1495.0
1618986,stimulus_Ins_LearningMobility_3_question_3131,681.2,173.6,1493.0
1618987,stimulus_Ins_LearningMobility_3_question_3131,681.2,173.2,1492.0
1618988,stimulus_Ins_LearningMobility_3_question_3131,681.3,172.9,1491.0
1618989,stimulus_Ins_LearningMobility_3_question_3131,681.3,172.5,1491.0
1618990,stimulus_Ins_LearningMobility_3_question_3131,681.3,172.6,1490.0
1618991,stimulus_Ins_LearningMobility_3_question_3131,681.2,172.6,1489.0
1618992,stimulus_Ins_LearningMobility_3_question_3131,681.4,172.4,1490.0
1618993,stimulus_Ins_LearningMobility_3_question_3131,681.7,172.0,1493.0
1618994,stimulus_Ins_LearningMobility_3_question_3131,681.9,171.7,1495.0
1618995,stimulus_Ins_LearningMobility_3_question_3131,681.5,172.1,1496.0
1618996,stimulus_Ins_LearningMobility_3_question_3131,681.1,172.4,1496.0
1618997,stimulus_Ins_LearningMobility_3_question_3131,680.9,172.8,1497.0
1618998,stimulus_Ins_LearningMobility_3_question_3131,681.2,172.8,1496.0
1618999,stimulus_Ins_LearningMobility_3_question_3131,681.4,173.1,1495.0
1619000,stimulus_Ins_LearningMobility_3_question_3131,681.5,173.4,1493.0
1619001,stimulus_Ins_LearningMobility_3_question_3131,681.5,173.7,1495.0
1619002,stimulus_Ins_LearningMobility_3_question_3131,681.5,173.3,1497.0
1619003,stimulus_Ins_LearningMobility_3_question_3131,681.6,172.9,1499.0
1619004,stimulus_Ins_LearningMobility_3_question_3131,681.7,172.7,1499.0
1619005,stimulus_Ins_LearningMobility_3_question_3131,681.3,172.9,1499.0
1619006,stimulus_Ins_LearningMobility_3_question_3131,680.7,174.0,1499.0
1619007,stimulus_Ins_LearningMobility_3_question_3131,680.1,174.9,1499.0
1619008,stimulus_Ins_LearningMobility_3_question_3131,680.0,175.7,1498.0
1619009,stimulus_Ins_LearningMobility_3_question_3131,680.2,175.2,1497.0
1619010,stimulus_Ins_LearningMobility_3_question_3131,680.2,174.7,1496.0
1619011,stimulus_Ins_LearningMobility_3_question_3131,680.3,174.2,1498.0
1619012,stimulus_Ins_LearningMobility_3_question_3131,680.4,174.2,1500.0
1619013,stimulus_Ins_LearningMobility_3_question_3131,680.5,174.5,1502.0
1619014,stimulus_Ins_LearningMobility_3_question_3131,680.5,174.8,1502.0
1619015,stimulus_Ins_LearningMobility_3_question_3131,680.4,175.2,1501.0
1619016,stimulus_Ins_LearningMobility_3_question_3131,680.3,175.3,1501.0
1619017,stimulus_Ins_LearningMobility_3_question_3131,680.3,175.3,1501.0
1619018,stimulus_Ins_LearningMobility_3_question_3131,680.8,175.4,1500.0
1619019,stimulus_Ins_LearningMobility_3_question_3131,681.3,175.5,1499.0
1619020,stimulus_Ins_LearningMobility_3_question_3131,681.8,175.6,1498.0
1619021,stimulus_Ins_LearningMobility_3_question_3131,681.8,175.8,1499.0
1619022,stimulus_Ins_LearningMobility_3_question_3131,681.6,175.1,1500.0
1619023,stimulus_Ins_LearningMobility_3_question_3131,681.4,174.4,1500.0
1619024,stimulus_Ins_LearningMobility_3_question_3131,681.3,173.5,1500.0
1619025,stimulus_Ins_LearningMobility_3_question_3131,681.3,173.4,1499.0
1619026,stimulus_Ins_LearningMobility_3_question_3131,681.3,173.3,1499.0
1619027,stimulus_Ins_LearningMobility_3_question_3131,681.9,173.6,1499.0
1619028,stimulus_Ins_LearningMobility_3_question_3131,682.7,174.0,1499.0
1619029,stimulus_Ins_LearningMobility_3_question_3131,683.4,174.1,1500.0
1619030,stimulus_Ins_LearningMobility_3_question_3131,683.3,173.8,1499.0
1619031,stimulus_Ins_LearningMobility_3_question_3131,682.5,173.4,1499.0
1619032,stimulus_Ins_LearningMobility_3_question_3131,680.7,173.2,1502.0
1619033,stimulus_Ins_LearningMobility_3_question_3131,677.1,174.2,1504.0
1619034,stimulus_Ins_LearningMobility_3_question_3131,673.7,175.4,1507.0
1619035,stimulus_Ins_LearningMobility_3_question_3131,669.3,177.3,1509.0
1619036,stimulus_Ins_LearningMobility_3_question_3131,665.1,180.1,1513.0
1619037,stimulus_Ins_LearningMobility_3_question_3131,658.3,183.8,1516.0
1619038,stimulus_Ins_LearningMobility_3_question_3131,649.9,187.7,1519.0
1619039,stimulus_Ins_LearningMobility_3_question_3131,640.0,191.6,1523.0
1619040,stimulus_Ins_LearningMobility_3_question_3131,630.5,195.0,1527.0
1619041,stimulus_Ins_LearningMobility_3_question_3131,620.7,198.7,1536.0
1619042,stimulus_Ins_LearningMobility_3_question_3131,609.5,200.5,1541.0
1619043,stimulus_Ins_LearningMobility_3_question_3131,597.3,203.4,1548.0
1619044,stimulus_Ins_LearningMobility_3_question_3131,585.2,205.7,1551.0
1619045,stimulus_Ins_LearningMobility_3_question_3131,574.8,209.4,1560.0
1619046,stimulus_Ins_LearningMobility_3_question_3131,563.2,214.3,1566.0
1619047,stimulus_Ins_LearningMobility_3_question_3131,551.9,220.7,1572.0
1619048,stimulus_Ins_LearningMobility_3_question_3131,540.6,228.1,1574.0
1619049,stimulus_Ins_LearningMobility_3_question_3131,529.0,234.0,1576.0
1619050,stimulus_Ins_LearningMobility_3_question_3131,516.8,240.4,1579.0
1619051,stimulus_Ins_LearningMobility_3_question_3131,503.1,245.3,1580.0
1619052,stimulus_Ins_LearningMobility_3_question_3131,491.2,250.7,1584.0
1619053,stimulus_Ins_LearningMobility_3_question_3131,480.2,257.4,1589.0
1619054,stimulus_Ins_LearningMobility_3_question_3131,470.1,265.5,1593.0
1619055,stimulus_Ins_LearningMobility_3_question_3131,460.6,273.5,1594.0
1619056,stimulus_Ins_LearningMobility_3_question_3131,451.7,280.5,1594.0
1619057,stimulus_Ins_LearningMobility_3_question_3131,443.7,287.2,1593.0
1619058,stimulus_Ins_LearningMobility_3_question_3131,435.4,293.6,1593.0
1619059,stimulus_Ins_LearningMobility_3_question_3131,425.6,299.1,1595.0
1619060,stimulus_Ins_LearningMobility_3_question_3131,416.3,302.2,1597.0
1619061,stimulus_Ins_LearningMobility_3_question_3131,406.3,305.4,1599.0
1619062,stimulus_Ins_LearningMobility_3_question_3131,398.5,308.5,1599.0
1619063,stimulus_Ins_LearningMobility_3_question_3131,390.2,312.6,1601.0
1619064,stimulus_Ins_LearningMobility_3_question_3131,382.8,316.7,1602.0
1619065,stimulus_Ins_LearningMobility_3_question_3131,375.6,320.2,1602.0
1619066,stimulus_Ins_LearningMobility_3_question_3131,369.7,324.1,1600.0
1619067,stimulus_Ins_LearningMobility_3_question_3131,362.9,326.7,1598.0
1619068,stimulus_Ins_LearningMobility_3_question_3131,355.4,329.4,1598.0
1619069,stimulus_Ins_LearningMobility_3_question_3131,347.4,331.4,1598.0
1619070,stimulus_Ins_LearningMobility_3_question_3131,340.4,334.7,1597.0
1619071,stimulus_Ins_LearningMobility_3_question_3131,334.7,338.3,1596.0
1619072,stimulus_Ins_LearningMobility_3_question_3131,329.1,341.7,1597.0
1619073,stimulus_Ins_LearningMobility_3_question_3131,323.4,344.1,1598.0
1619074,stimulus_Ins_LearningMobility_3_question_3131,316.7,345.0,1599.0
1619075,stimulus_Ins_LearningMobility_3_question_3131,309.7,345.7,1597.0
1619076,stimulus_Ins_LearningMobility_3_question_3131,304.4,346.7,1595.0
1619077,stimulus_Ins_LearningMobility_3_question_3131,299.0,348.6,1594.0
1619078,stimulus_Ins_LearningMobility_3_question_3131,295.6,351.3,1595.0
1619079,stimulus_Ins_LearningMobility_3_question_3131,292.0,353.4,1597.0
1619080,stimulus_Ins_LearningMobility_3_question_3131,290.5,354.7,1599.0
1619081,stimulus_Ins_LearningMobility_3_question_3131,289.4,355.3,1599.0
1619082,stimulus_Ins_LearningMobility_3_question_3131,289.3,356.0,1598.0
1619083,stimulus_Ins_LearningMobility_3_question_3131,290.0,356.9,1597.0
1619084,stimulus_Ins_LearningMobility_3_question_3131,291.1,357.3,1597.0
1619085,stimulus_Ins_LearningMobility_3_question_3131,292.6,357.6,1597.0
1619086,stimulus_Ins_LearningMobility_3_question_3131,294.1,358.0,1597.0
1619087,stimulus_Ins_LearningMobility_3_question_3131,296.2,358.0,1598.0
1619088,stimulus_Ins_LearningMobility_3_question_3131,298.0,357.8,1599.0
1619089,stimulus_Ins_LearningMobility_3_question_3131,299.5,357.3,1600.0
1619090,stimulus_Ins_LearningMobility_3_question_3131,300.3,356.8,1602.0
1619091,stimulus_Ins_LearningMobility_3_question_3131,301.5,356.4,1603.0
1619092,stimulus_Ins_LearningMobility_3_question_3131,302.2,355.1,1604.0
1619093,stimulus_Ins_LearningMobility_3_question_3131,302.6,354.2,1605.0
1619094,stimulus_Ins_LearningMobility_3_question_3131,302.5,353.2,1606.0
1619095,stimulus_Ins_LearningMobility_3_question_3131,302.1,353.2,1606.0
1619096,stimulus_Ins_LearningMobility_3_question_3131,300.8,353.2,1605.0
1619097,stimulus_Ins_LearningMobility_3_question_3131,299.4,353.2,1605.0
1619098,stimulus_Ins_LearningMobility_3_question_3131,297.8,353.3,1603.0
1619099,stimulus_Ins_LearningMobility_3_question_3131,297.0,353.1,1600.0
1619100,stimulus_Ins_LearningMobility_3_question_3131,296.3,353.0,1599.0
1619101,stimulus_Ins_LearningMobility_3_question_3131,296.1,353.0,1599.0
1619102,stimulus_Ins_LearningMobility_3_question_3131,296.0,353.2,1600.0
1619103,stimulus_Ins_LearningMobility_3_question_3131,296.7,353.4,1600.0
1619104,stimulus_Ins_LearningMobility_3_question_3131,297.4,353.5,1600.0
1619105,stimulus_Ins_LearningMobility_3_question_3131,297.9,353.7,1599.0
1619106,stimulus_Ins_LearningMobility_3_question_3131,297.5,354.0,1597.0
1619107,stimulus_Ins_LearningMobility_3_question_3131,296.8,354.3,1596.0
1619108,stimulus_Ins_LearningMobility_3_question_3131,296.3,354.3,1595.0
1619109,stimulus_Ins_LearningMobility_3_question_3131,296.1,354.2,1593.0
1619110,stimulus_Ins_LearningMobility_3_question_3131,296.6,354.2,1591.0
1619111,stimulus_Ins_LearningMobility_3_question_3131,297.2,354.1,1589.0
1619112,stimulus_Ins_LearningMobility_3_question_3131,297.6,353.8,1592.0
1619113,stimulus_Ins_LearningMobility_3_question_3131,297.6,353.7,1595.0
1619114,stimulus_Ins_LearningMobility_3_question_3131,297.9,353.8,1597.0
1619115,stimulus_Ins_LearningMobility_3_question_3131,298.3,354.0,1598.0
1619116,stimulus_Ins_LearningMobility_3_question_3131,298.8,354.2,1599.0
1619117,stimulus_Ins_LearningMobility_3_question_3131,298.8,354.5,1597.0
1619118,stimulus_Ins_LearningMobility_3_question_3131,298.7,354.8,1593.0
1619119,stimulus_Ins_LearningMobility_3_question_3131,299.2,354.7,1590.0
1619120,stimulus_Ins_LearningMobility_3_question_3131,299.7,354.0,1591.0
1619121,stimulus_Ins_LearningMobility_3_question_3131,300.3,353.2,1594.0
1619122,stimulus_Ins_LearningMobility_3_question_3131,300.7,352.8,1595.0
1619123,stimulus_Ins_LearningMobility_3_question_3131,301.0,352.6,1597.0
1619124,stimulus_Ins_LearningMobility_3_question_3131,301.6,352.5,1595.0
1619125,stimulus_Ins_LearningMobility_3_question_3131,301.7,353.2,1594.0
1619126,stimulus_Ins_LearningMobility_3_question_3131,301.7,354.1,1593.0
1619127,stimulus_Ins_LearningMobility_3_question_3131,301.4,355.1,1593.0
1619128,stimulus_Ins_LearningMobility_3_question_3131,301.2,355.1,1591.0
1619129,stimulus_Ins_LearningMobility_3_question_3131,301.1,355.0,1590.0
1619130,stimulus_Ins_LearningMobility_3_question_3131,300.8,354.7,1588.0
1619131,stimulus_Ins_LearningMobility_3_question_3131,300.5,354.3,1588.0
1619132,stimulus_Ins_LearningMobility_3_question_3131,300.2,354.2,1588.0
1619133,stimulus_Ins_LearningMobility_3_question_3131,300.4,354.1,1591.0
1619134,stimulus_Ins_LearningMobility_3_question_3131,300.6,354.0,1593.0
1619135,stimulus_Ins_LearningMobility_3_question_3131,300.8,354.0,1595.0
1619136,stimulus_Ins_LearningMobility_3_question_3131,300.8,354.0,1595.0
1619137,stimulus_Ins_LearningMobility_3_question_3131,300.9,353.6,1592.0
1619138,stimulus_Ins_LearningMobility_3_question_3131,300.9,353.1,1590.0
1619139,stimulus_Ins_LearningMobility_3_question_3131,300.9,352.7,1587.0
1619140,stimulus_Ins_LearningMobility_3_question_3131,301.0,352.7,1588.0
1619141,stimulus_Ins_LearningMobility_3_question_3131,301.0,352.7,1590.0
1619142,stimulus_Ins_LearningMobility_3_question_3131,301.0,352.7,1590.0
1619143,stimulus_Ins_LearningMobility_3_question_3131,300.9,352.7,1589.0
1619144,stimulus_Ins_LearningMobility_3_question_3131,300.9,352.9,1588.0
1619145,stimulus_Ins_LearningMobility_3_question_3131,300.9,353.2,1588.0
1619146,stimulus_Ins_LearningMobility_3_question_3131,300.9,353.4,1587.0
1619147,stimulus_Ins_LearningMobility_3_question_3131,301.0,352.7,1586.0
1619148,stimulus_Ins_LearningMobility_3_question_3131,301.3,352.0,1585.0
1619149,stimulus_Ins_LearningMobility_3_question_3131,301.6,351.3,1585.0
1619150,stimulus_Ins_LearningMobility_3_question_3131,301.5,351.2,1586.0
1619151,stimulus_Ins_LearningMobility_3_question_3131,301.1,351.1,1586.0
1619152,stimulus_Ins_LearningMobility_3_question_3131,300.6,351.3,1586.0
1619153,stimulus_Ins_LearningMobility_3_question_3131,300.3,351.5,1586.0
1619154,stimulus_Ins_LearningMobility_3_question_3131,300.3,351.5,1586.0
1619155,stimulus_Ins_LearningMobility_3_question_3131,300.9,351.2,1587.0
1619156,stimulus_Ins_LearningMobility_3_question_3131,301.4,351.2,1588.0
1619157,stimulus_Ins_LearningMobility_3_question_3131,301.6,351.5,1588.0
1619158,stimulus_Ins_LearningMobility_3_question_3131,301.6,351.7,1586.0
1619159,stimulus_Ins_LearningMobility_3_question_3131,301.6,351.7,1585.0
1619160,stimulus_Ins_LearningMobility_3_question_3131,301.6,351.7,1585.0
1619161,stimulus_Ins_LearningMobility_3_question_3131,301.1,351.7,1584.0
1619162,stimulus_Ins_LearningMobility_3_question_3131,300.6,351.5,1583.0
1619163,stimulus_Ins_LearningMobility_3_question_3131,300.1,351.3,1584.0
1619164,stimulus_Ins_LearningMobility_3_question_3131,300.7,351.4,1586.0
1619165,stimulus_Ins_LearningMobility_3_question_3131,301.1,351.7,1587.0
1619166,stimulus_Ins_LearningMobility_3_question_3131,301.8,351.9,1588.0
1619167,stimulus_Ins_LearningMobility_3_question_3131,302.1,352.0,1588.0
1619168,stimulus_Ins_LearningMobility_3_question_3131,301.5,351.8,1588.0
1619169,stimulus_Ins_LearningMobility_3_question_3131,300.7,351.6,1589.0
1619170,stimulus_Ins_LearningMobility_3_question_3131,299.9,351.5,1591.0
1619171,stimulus_Ins_LearningMobility_3_question_3131,300.2,351.4,1592.0
1619172,stimulus_Ins_LearningMobility_3_question_3131,300.6,351.3,1593.0
1619173,stimulus_Ins_LearningMobility_3_question_3131,301.0,351.3,1592.0
1619174,stimulus_Ins_LearningMobility_3_question_3131,301.0,351.3,1593.0
1619175,stimulus_Ins_LearningMobility_3_question_3131,301.1,351.4,1593.0
1619176,stimulus_Ins_LearningMobility_3_question_3131,301.2,351.5,1591.0
1619177,stimulus_Ins_LearningMobility_3_question_3131,301.4,351.6,1591.0
1619178,stimulus_Ins_LearningMobility_3_question_3131,301.4,351.8,1591.0
1619179,stimulus_Ins_LearningMobility_3_question_3131,301.4,351.9,1594.0
1619180,stimulus_Ins_LearningMobility_3_question_3131,301.4,351.9,1595.0
1619181,stimulus_Ins_LearningMobility_3_question_3131,301.4,351.9,1596.0
1619182,stimulus_Ins_LearningMobility_3_question_3131,301.5,352.0,1596.0
1619183,stimulus_Ins_LearningMobility_3_question_3131,301.5,352.1,1596.0
1619184,stimulus_Ins_LearningMobility_3_question_3131,301.4,352.0,1595.0
1619185,stimulus_Ins_LearningMobility_3_question_3131,301.4,351.9,1593.0
1619186,stimulus_Ins_LearningMobility_3_question_3131,301.3,351.8,1592.0
1619187,stimulus_Ins_LearningMobility_3_question_3131,301.4,351.7,1593.0
1619188,stimulus_Ins_LearningMobility_3_question_3131,301.4,351.6,1593.0
1619189,stimulus_Ins_LearningMobility_3_question_3131,301.4,351.5,1591.0
1619190,stimulus_Ins_LearningMobility_3_question_3131,301.5,351.5,1589.0
1619191,stimulus_Ins_LearningMobility_3_question_3131,301.6,351.8,1591.0
1619192,stimulus_Ins_LearningMobility_3_question_3131,301.9,352.0,1593.0
1619193,stimulus_Ins_LearningMobility_3_question_3131,302.1,352.1,1595.0
1619194,stimulus_Ins_LearningMobility_3_question_3131,302.3,352.5,1595.0
1619195,stimulus_Ins_LearningMobility_3_question_3131,302.0,352.9,1595.0
1619196,stimulus_Ins_LearningMobility_3_question_3131,301.9,353.3,1595.0
1619197,stimulus_Ins_LearningMobility_3_question_3131,301.8,353.3,1596.0
1619198,stimulus_Ins_LearningMobility_3_question_3131,301.8,353.1,1597.0
1619199,stimulus_Ins_LearningMobility_3_question_3131,301.8,352.3,1597.0
1619200,stimulus_Ins_LearningMobility_3_question_3131,301.9,351.7,1595.0
1619201,stimulus_Ins_LearningMobility_3_question_3131,301.9,351.2,1594.0
1619202,stimulus_Ins_LearningMobility_3_question_3131,301.9,351.3,1593.0
1619203,stimulus_Ins_LearningMobility_3_question_3131,301.8,351.3,1592.0
1619204,stimulus_Ins_LearningMobility_3_question_3131,301.8,351.2,1594.0
1619205,stimulus_Ins_LearningMobility_3_question_3131,301.9,351.1,1596.0
1619206,stimulus_Ins_LearningMobility_3_question_3131,302.3,351.0,1599.0
1619207,stimulus_Ins_LearningMobility_3_question_3131,302.9,351.0,1596.0
1619208,stimulus_Ins_LearningMobility_3_question_3131,303.5,351.1,1592.0
1619209,stimulus_Ins_LearningMobility_3_question_3131,303.4,351.3,1590.0
1619210,stimulus_Ins_LearningMobility_3_question_3131,302.5,351.5,1592.0
1619211,stimulus_Ins_LearningMobility_3_question_3131,301.4,351.1,1593.0
1619212,stimulus_Ins_LearningMobility_3_question_3131,299.4,350.5,1595.0
1619213,stimulus_Ins_LearningMobility_3_question_3131,297.7,349.6,1597.0
1619214,stimulus_Ins_LearningMobility_3_question_3131,295.2,349.1,1599.0
1619215,stimulus_Ins_LearningMobility_3_question_3131,292.6,347.3,1599.0
1619216,stimulus_Ins_LearningMobility_3_question_3131,289.1,345.2,1599.0
1619217,stimulus_Ins_LearningMobility_3_question_3131,285.7,342.8,1599.0
1619218,stimulus_Ins_LearningMobility_3_question_3131,281.9,341.5,1600.0
1619219,stimulus_Ins_LearningMobility_3_question_3131,278.7,340.4,1601.0
1619220,stimulus_Ins_LearningMobility_3_question_3131,275.7,338.6,1601.0
1619221,stimulus_Ins_LearningMobility_3_question_3131,272.5,336.5,1600.0
1619222,stimulus_Ins_LearningMobility_3_question_3131,270.1,335.0,1599.0
1619223,stimulus_Ins_LearningMobility_3_question_3131,268.6,334.1,1598.0
1619224,stimulus_Ins_LearningMobility_3_question_3131,268.4,334.0,1598.0
1619225,stimulus_Ins_LearningMobility_3_question_3131,268.2,334.0,1599.0
1619226,stimulus_Ins_LearningMobility_3_question_3131,268.4,334.0,1598.0
1619227,stimulus_Ins_LearningMobility_3_question_3131,268.6,334.0,1596.0
1619228,stimulus_Ins_LearningMobility_3_question_3131,268.7,333.8,1595.0
1619229,stimulus_Ins_LearningMobility_3_question_3131,269.5,333.6,1594.0
1619230,stimulus_Ins_LearningMobility_3_question_3131,270.4,334.8,1594.0
1619231,stimulus_Ins_LearningMobility_3_question_3131,271.2,336.1,1595.0
1619232,stimulus_Ins_LearningMobility_3_question_3131,271.2,337.4,1596.0
1619233,stimulus_Ins_LearningMobility_3_question_3131,271.2,338.1,1599.0
1619234,stimulus_Ins_LearningMobility_3_question_3131,271.4,338.8,1601.0
1619235,stimulus_Ins_LearningMobility_3_question_3131,271.7,339.4,1603.0
1619236,stimulus_Ins_LearningMobility_3_question_3131,272.0,339.1,1602.0
1619237,stimulus_Ins_LearningMobility_3_question_3131,272.0,338.8,1602.0
1619238,stimulus_Ins_LearningMobility_3_question_3131,272.0,338.7,1602.0
1619239,stimulus_Ins_LearningMobility_3_question_3131,271.9,338.9,1603.0
1619240,stimulus_Ins_LearningMobility_3_question_3131,271.9,338.6,1603.0
1619241,stimulus_Ins_LearningMobility_3_question_3131,271.8,338.2,1604.0
1619242,stimulus_Ins_LearningMobility_3_question_3131,271.8,337.2,1604.0
1619243,stimulus_Ins_LearningMobility_3_question_3131,271.7,336.5,1605.0
1619244,stimulus_Ins_LearningMobility_3_question_3131,271.7,336.0,1606.0
1619245,stimulus_Ins_LearningMobility_3_question_3131,271.8,336.1,1606.0
1619246,stimulus_Ins_LearningMobility_3_question_3131,271.8,336.2,1605.0
1619247,stimulus_Ins_LearningMobility_3_question_3131,271.8,336.3,1604.0
1619248,stimulus_Ins_LearningMobility_3_question_3131,271.7,336.4,1603.0
1619249,stimulus_Ins_LearningMobility_3_question_3131,271.7,336.5,1603.0
1619250,stimulus_Ins_LearningMobility_3_question_3131,271.7,336.3,1602.0
1619251,stimulus_Ins_LearningMobility_3_question_3131,271.7,336.1,1600.0
1619252,stimulus_Ins_LearningMobility_3_question_3131,271.8,336.0,1598.0
1619253,stimulus_Ins_LearningMobility_3_question_3131,271.8,335.9,1596.0
1619254,stimulus_Ins_LearningMobility_3_question_3131,271.7,335.8,1596.0
1619255,stimulus_Ins_LearningMobility_3_question_3131,271.7,336.4,1598.0
1619256,stimulus_Ins_LearningMobility_3_question_3131,271.8,337.0,1599.0
1619257,stimulus_Ins_LearningMobility_3_question_3131,271.9,337.2,1599.0
1619258,stimulus_Ins_LearningMobility_3_question_3131,272.0,336.7,1598.0
1619259,stimulus_Ins_LearningMobility_3_question_3131,272.0,336.1,1597.0
1619260,stimulus_Ins_LearningMobility_3_question_3131,272.1,336.1,1597.0
1619261,stimulus_Ins_LearningMobility_3_question_3131,272.0,336.0,1598.0
1619262,stimulus_Ins_LearningMobility_3_question_3131,271.9,336.2,1599.0
1619263,stimulus_Ins_LearningMobility_3_question_3131,272.0,336.8,1601.0
1619264,stimulus_Ins_LearningMobility_3_question_3131,272.2,337.3,1602.0
1619265,stimulus_Ins_LearningMobility_3_question_3131,272.6,337.5,1604.0
1619266,stimulus_Ins_LearningMobility_3_question_3131,272.7,337.3,1606.0
1619267,stimulus_Ins_LearningMobility_3_question_3131,272.7,337.2,1605.0
1619268,stimulus_Ins_LearningMobility_3_question_3131,272.7,337.2,1604.0
1619269,stimulus_Ins_LearningMobility_3_question_3131,272.8,337.5,1601.0
1619270,stimulus_Ins_LearningMobility_3_question_3131,272.7,337.8,1600.0
1619271,stimulus_Ins_LearningMobility_3_question_3131,272.5,338.2,1598.0
1619272,stimulus_Ins_LearningMobility_3_question_3131,272.3,338.4,1599.0
1619273,stimulus_Ins_LearningMobility_3_question_3131,272.3,338.6,1602.0
1619274,stimulus_Ins_LearningMobility_3_question_3131,272.4,338.7,1605.0
1619275,stimulus_Ins_LearningMobility_3_question_3131,272.6,338.4,1606.0
1619276,stimulus_Ins_LearningMobility_3_question_3131,272.6,338.1,1605.0
1619277,stimulus_Ins_LearningMobility_3_question_3131,272.6,338.2,1603.0
1619278,stimulus_Ins_LearningMobility_3_question_3131,272.8,338.7,1602.0
1619279,stimulus_Ins_LearningMobility_3_question_3131,273.0,339.0,1601.0
1619280,stimulus_Ins_LearningMobility_3_question_3131,273.2,338.8,1600.0
1619281,stimulus_Ins_LearningMobility_3_question_3131,273.2,338.8,1600.0
1619282,stimulus_Ins_LearningMobility_3_question_3131,273.3,338.9,1602.0
1619283,stimulus_Ins_LearningMobility_3_question_3131,273.4,339.2,1604.0
1619284,stimulus_Ins_LearningMobility_3_question_3131,273.5,339.4,1604.0
1619285,stimulus_Ins_LearningMobility_3_question_3131,273.5,339.6,1602.0
1619286,stimulus_Ins_LearningMobility_3_question_3131,273.7,339.7,1600.0
1619287,stimulus_Ins_LearningMobility_3_question_3131,273.9,339.3,1600.0
1619288,stimulus_Ins_LearningMobility_3_question_3131,274.1,339.0,1600.0
1619289,stimulus_Ins_LearningMobility_3_question_3131,274.2,338.6,1600.0
1619290,stimulus_Ins_LearningMobility_3_question_3131,273.5,338.3,1600.0
1619291,stimulus_Ins_LearningMobility_3_question_3131,272.9,337.9,1600.0
1619292,stimulus_Ins_LearningMobility_3_question_3131,272.3,337.6,1600.0
1619293,stimulus_Ins_LearningMobility_3_question_3131,272.4,337.6,1600.0
1619294,stimulus_Ins_LearningMobility_3_question_3131,272.4,337.7,1600.0
1619295,stimulus_Ins_LearningMobility_3_question_3131,272.6,337.8,1601.0
1619296,stimulus_Ins_LearningMobility_3_question_3131,272.7,337.6,1602.0
1619297,stimulus_Ins_LearningMobility_3_question_3131,272.8,337.4,1601.0
1619298,stimulus_Ins_LearningMobility_3_question_3131,272.8,337.0,1601.0
1619299,stimulus_Ins_LearningMobility_3_question_3131,272.9,336.7,1600.0
1619300,stimulus_Ins_LearningMobility_3_question_3131,273.0,336.5,1600.0
1619301,stimulus_Ins_LearningMobility_3_question_3131,273.3,336.7,1600.0
1619302,stimulus_Ins_LearningMobility_3_question_3131,273.5,336.9,1600.0
1619303,stimulus_Ins_LearningMobility_3_question_3131,273.6,337.0,1603.0
1619304,stimulus_Ins_LearningMobility_3_question_3131,273.4,337.0,1607.0
1619305,stimulus_Ins_LearningMobility_3_question_3131,273.0,336.8,1609.0
1619306,stimulus_Ins_LearningMobility_3_question_3131,272.7,336.6,1608.0
1619307,stimulus_Ins_LearningMobility_3_question_3131,272.9,336.5,1607.0
1619308,stimulus_Ins_LearningMobility_3_question_3131,273.4,336.6,1605.0
1619309,stimulus_Ins_LearningMobility_3_question_3131,273.8,336.8,1603.0
1619310,stimulus_Ins_LearningMobility_3_question_3131,273.7,336.8,1601.0
1619311,stimulus_Ins_LearningMobility_3_question_3131,273.4,336.8,1603.0
1619312,stimulus_Ins_LearningMobility_3_question_3131,273.2,336.7,1602.0
1619313,stimulus_Ins_LearningMobility_3_question_3131,273.0,336.7,1601.0
1619314,stimulus_Ins_LearningMobility_3_question_3131,273.1,336.7,1599.0
1619315,stimulus_Ins_LearningMobility_3_question_3131,273.2,336.9,1600.0
1619316,stimulus_Ins_LearningMobility_3_question_3131,273.2,337.0,1601.0
1619317,stimulus_Ins_LearningMobility_3_question_3131,272.9,337.1,1601.0
1619318,stimulus_Ins_LearningMobility_3_question_3131,272.8,337.2,1600.0
1619319,stimulus_Ins_LearningMobility_3_question_3131,272.8,337.6,1600.0
1619320,stimulus_Ins_LearningMobility_3_question_3131,272.9,338.1,1601.0
1619321,stimulus_Ins_LearningMobility_3_question_3131,273.1,338.5,1601.0
1619322,stimulus_Ins_LearningMobility_3_question_3131,273.3,338.4,1603.0
1619323,stimulus_Ins_LearningMobility_3_question_3131,273.0,338.3,1604.0
1619324,stimulus_Ins_LearningMobility_3_question_3131,272.5,338.3,1605.0
1619325,stimulus_Ins_LearningMobility_3_question_3131,272.4,338.2,1605.0
1619326,stimulus_Ins_LearningMobility_3_question_3131,272.9,338.2,1605.0
1619327,stimulus_Ins_LearningMobility_3_question_3131,273.4,338.3,1606.0
1619328,stimulus_Ins_LearningMobility_3_question_3131,273.2,338.4,1607.0
1619329,stimulus_Ins_LearningMobility_3_question_3131,273.0,338.6,1607.0
1619330,stimulus_Ins_LearningMobility_3_question_3131,272.6,338.7,1608.0
1619331,stimulus_Ins_LearningMobility_3_question_3131,272.6,338.6,1608.0
1619332,stimulus_Ins_LearningMobility_3_question_3131,272.9,338.4,1609.0
1619333,stimulus_Ins_LearningMobility_3_question_3131,273.2,338.2,1610.0
1619334,stimulus_Ins_LearningMobility_3_question_3131,273.6,338.3,1611.0
1619335,stimulus_Ins_LearningMobility_3_question_3131,273.4,338.4,1610.0
1619336,stimulus_Ins_LearningMobility_3_question_3131,273.3,338.6,1609.0
1619337,stimulus_Ins_LearningMobility_3_question_3131,273.7,338.7,1608.0
1619338,stimulus_Ins_LearningMobility_3_question_3131,274.0,338.6,1608.0
1619339,stimulus_Ins_LearningMobility_3_question_3131,274.4,338.4,1607.0
1619340,stimulus_Ins_LearningMobility_3_question_3131,274.4,338.2,1608.0
1619341,stimulus_Ins_LearningMobility_3_question_3131,274.6,337.9,1609.0
1619342,stimulus_Ins_LearningMobility_3_question_3131,274.8,337.5,1610.0
1619343,stimulus_Ins_LearningMobility_3_question_3131,274.8,337.4,1610.0
1619344,stimulus_Ins_LearningMobility_3_question_3131,274.8,337.4,1609.0
1619345,stimulus_Ins_LearningMobility_3_question_3131,274.7,337.3,1607.0
1619346,stimulus_Ins_LearningMobility_3_question_3131,274.7,337.2,1608.0
1619347,stimulus_Ins_LearningMobility_3_question_3131,274.6,337.1,1609.0
1619348,stimulus_Ins_LearningMobility_3_question_3131,274.6,337.4,1610.0
1619349,stimulus_Ins_LearningMobility_3_question_3131,274.6,337.6,1607.0
1619350,stimulus_Ins_LearningMobility_3_question_3131,274.6,337.6,1605.0
1619351,stimulus_Ins_LearningMobility_3_question_3131,274.6,337.3,1606.0
1619352,stimulus_Ins_LearningMobility_3_question_3131,274.6,336.8,1609.0
1619353,stimulus_Ins_LearningMobility_3_question_3131,274.3,336.6,1611.0
1619354,stimulus_Ins_LearningMobility_3_question_3131,274.0,336.3,1612.0
1619355,stimulus_Ins_LearningMobility_3_question_3131,273.7,336.2,1612.0
1619356,stimulus_Ins_LearningMobility_3_question_3131,273.6,336.7,1611.0
1619357,stimulus_Ins_LearningMobility_3_question_3131,273.6,337.3,1609.0
1619358,stimulus_Ins_LearningMobility_3_question_3131,273.8,337.9,1607.0
1619359,stimulus_Ins_LearningMobility_3_question_3131,274.1,337.9,1607.0
1619360,stimulus_Ins_LearningMobility_3_question_3131,274.5,337.8,1606.0
1619361,stimulus_Ins_LearningMobility_3_question_3131,275.0,337.7,1606.0
1619362,stimulus_Ins_LearningMobility_3_question_3131,275.3,337.7,1608.0
1619363,stimulus_Ins_LearningMobility_3_question_3131,275.1,337.5,1610.0
1619364,stimulus_Ins_LearningMobility_3_question_3131,274.9,337.2,1612.0
1619365,stimulus_Ins_LearningMobility_3_question_3131,274.6,337.0,1611.0
1619366,stimulus_Ins_LearningMobility_3_question_3131,274.3,337.0,1611.0
1619367,stimulus_Ins_LearningMobility_3_question_3131,273.9,336.8,1610.0
1619368,stimulus_Ins_LearningMobility_3_question_3131,273.5,336.5,1609.0
1619369,stimulus_Ins_LearningMobility_3_question_3131,273.6,336.2,1609.0
1619370,stimulus_Ins_LearningMobility_3_question_3131,273.8,336.3,1610.0
1619371,stimulus_Ins_LearningMobility_3_question_3131,273.9,336.3,1611.0
1619372,stimulus_Ins_LearningMobility_3_question_3131,274.0,336.9,1613.0
1619373,stimulus_Ins_LearningMobility_3_question_3131,273.9,337.4,1614.0
1619374,stimulus_Ins_LearningMobility_3_question_3131,273.8,338.0,1615.0
1619375,stimulus_Ins_LearningMobility_3_question_3131,273.8,337.7,1615.0
1619376,stimulus_Ins_LearningMobility_3_question_3131,274.0,337.1,1614.0
1619377,stimulus_Ins_LearningMobility_3_question_3131,274.1,336.5,1613.0
1619378,stimulus_Ins_LearningMobility_3_question_3131,274.1,336.6,1613.0
1619379,stimulus_Ins_LearningMobility_3_question_3131,274.2,337.1,1613.0
1619380,stimulus_Ins_LearningMobility_3_question_3131,274.2,337.6,1612.0
1619381,stimulus_Ins_LearningMobility_3_question_3131,274.3,337.6,1611.0
1619382,stimulus_Ins_LearningMobility_3_question_3131,274.4,337.5,1612.0
1619383,stimulus_Ins_LearningMobility_3_question_3131,274.4,337.5,1614.0
1619384,stimulus_Ins_LearningMobility_3_question_3131,273.7,337.5,1615.0
1619385,stimulus_Ins_LearningMobility_3_question_3131,273.2,337.6,1615.0
1619386,stimulus_Ins_LearningMobility_3_question_3131,272.8,337.6,1614.0
1619387,stimulus_Ins_LearningMobility_3_question_3131,272.9,337.6,1615.0
1619388,stimulus_Ins_LearningMobility_3_question_3131,273.0,337.3,1613.0
1619389,stimulus_Ins_LearningMobility_3_question_3131,272.7,337.0,1612.0
1619390,stimulus_Ins_LearningMobility_3_question_3131,272.3,336.6,1610.0
1619391,stimulus_Ins_LearningMobility_3_question_3131,271.9,336.7,1611.0
1619392,stimulus_Ins_LearningMobility_3_question_3131,272.4,336.9,1611.0
1619393,stimulus_Ins_LearningMobility_3_question_3131,273.0,337.4,1611.0
1619394,stimulus_Ins_LearningMobility_3_question_3131,273.6,337.8,1612.0
1619395,stimulus_Ins_LearningMobility_3_question_3131,273.7,338.1,1613.0
1619396,stimulus_Ins_LearningMobility_3_question_3131,276.1,338.2,1612.0
1619397,stimulus_Ins_LearningMobility_3_question_3131,279.0,338.3,1610.0
1619398,stimulus_Ins_LearningMobility_3_question_3131,284.2,338.3,1609.0
1619399,stimulus_Ins_LearningMobility_3_question_3131,288.4,338.5,1610.0
1619400,stimulus_Ins_LearningMobility_3_question_3131,293.4,338.8,1609.0
1619401,stimulus_Ins_LearningMobility_3_question_3131,298.3,338.7,1607.0
1619402,stimulus_Ins_LearningMobility_3_question_3131,304.5,338.4,1609.0
1619403,stimulus_Ins_LearningMobility_3_question_3131,311.2,337.1,1613.0
1619404,stimulus_Ins_LearningMobility_3_question_3131,317.9,336.2,1617.0
1619405,stimulus_Ins_LearningMobility_3_question_3131,324.7,334.5,1617.0
1619406,stimulus_Ins_LearningMobility_3_question_3131,331.2,333.9,1617.0
1619407,stimulus_Ins_LearningMobility_3_question_3131,337.5,333.1,1616.0
1619408,stimulus_Ins_LearningMobility_3_question_3131,342.4,333.1,1614.0
1619409,stimulus_Ins_LearningMobility_3_question_3131,346.9,333.0,1612.0
1619410,stimulus_Ins_LearningMobility_3_question_3131,351.0,332.3,1610.0
1619411,stimulus_Ins_LearningMobility_3_question_3131,355.0,331.2,1611.0
1619412,stimulus_Ins_LearningMobility_3_question_3131,358.9,330.1,1614.0
1619413,stimulus_Ins_LearningMobility_3_question_3131,362.3,328.8,1617.0
1619414,stimulus_Ins_LearningMobility_3_question_3131,364.9,327.5,1614.0
1619415,stimulus_Ins_LearningMobility_3_question_3131,366.4,325.8,1610.0
1619416,stimulus_Ins_LearningMobility_3_question_3131,367.4,324.3,1605.0
1619417,stimulus_Ins_LearningMobility_3_question_3131,369.1,323.4,1604.0
1619418,stimulus_Ins_LearningMobility_3_question_3131,370.5,322.9,1602.0
1619419,stimulus_Ins_LearningMobility_3_question_3131,372.2,323.1,1603.0
1619420,stimulus_Ins_LearningMobility_3_question_3131,373.1,323.4,1603.0
1619421,stimulus_Ins_LearningMobility_3_question_3131,374.0,323.5,1603.0
1619422,stimulus_Ins_LearningMobility_3_question_3131,375.1,323.5,1604.0
1619423,stimulus_Ins_LearningMobility_3_question_3131,376.4,323.6,1604.0
1619424,stimulus_Ins_LearningMobility_3_question_3131,378.3,323.9,1606.0
1619425,stimulus_Ins_LearningMobility_3_question_3131,379.3,324.3,1607.0
1619426,stimulus_Ins_LearningMobility_3_question_3131,379.8,324.7,1608.0
1619427,stimulus_Ins_LearningMobility_3_question_3131,379.9,324.8,1607.0
1619428,stimulus_Ins_LearningMobility_3_question_3131,380.0,324.7,1608.0
1619429,stimulus_Ins_LearningMobility_3_question_3131,380.1,324.7,1609.0
1619430,stimulus_Ins_LearningMobility_3_question_3131,380.2,324.5,1611.0
1619431,stimulus_Ins_LearningMobility_3_question_3131,380.2,324.3,1611.0
1619432,stimulus_Ins_LearningMobility_3_question_3131,380.2,324.1,1611.0
1619433,stimulus_Ins_LearningMobility_3_question_3131,380.6,323.9,1610.0
1619434,stimulus_Ins_LearningMobility_3_question_3131,381.0,323.5,1610.0
1619435,stimulus_Ins_LearningMobility_3_question_3131,381.5,323.2,1609.0
1619436,stimulus_Ins_LearningMobility_3_question_3131,381.6,323.0,1607.0
1619437,stimulus_Ins_LearningMobility_3_question_3131,381.6,323.0,1605.0
1619438,stimulus_Ins_LearningMobility_3_question_3131,381.7,323.2,1604.0
1619439,stimulus_Ins_LearningMobility_3_question_3131,382.1,323.4,1603.0
1619440,stimulus_Ins_LearningMobility_3_question_3131,382.5,323.5,1603.0
1619441,stimulus_Ins_LearningMobility_3_question_3131,383.0,323.4,1604.0
1619442,stimulus_Ins_LearningMobility_3_question_3131,383.0,323.1,1604.0
1619443,stimulus_Ins_LearningMobility_3_question_3131,382.9,322.9,1604.0
1619444,stimulus_Ins_LearningMobility_3_question_3131,382.8,322.7,1603.0
1619445,stimulus_Ins_LearningMobility_3_question_3131,383.0,322.9,1602.0
1619446,stimulus_Ins_LearningMobility_3_question_3131,383.4,323.2,1601.0
1619447,stimulus_Ins_LearningMobility_3_question_3131,383.9,323.4,1600.0
1619448,stimulus_Ins_LearningMobility_3_question_3131,383.7,323.6,1601.0
1619449,stimulus_Ins_LearningMobility_3_question_3131,383.3,323.6,1601.0
1619450,stimulus_Ins_LearningMobility_3_question_3131,383.1,323.4,1600.0
1619451,stimulus_Ins_LearningMobility_3_question_3131,383.6,323.2,1599.0
1619452,stimulus_Ins_LearningMobility_3_question_3131,384.1,322.9,1598.0
1619453,stimulus_Ins_LearningMobility_3_question_3131,384.3,322.8,1599.0
1619454,stimulus_Ins_LearningMobility_3_question_3131,384.3,322.7,1600.0
1619455,stimulus_Ins_LearningMobility_3_question_3131,384.3,322.7,1601.0
1619456,stimulus_Ins_LearningMobility_3_question_3131,384.3,323.0,1601.0
1619457,stimulus_Ins_LearningMobility_3_question_3131,384.7,323.3,1599.0
1619458,stimulus_Ins_LearningMobility_3_question_3131,385.2,323.7,1595.0
1619459,stimulus_Ins_LearningMobility_3_question_3131,385.1,323.9,1592.0
1619460,stimulus_Ins_LearningMobility_3_question_3131,384.8,324.2,1591.0
1619461,stimulus_Ins_LearningMobility_3_question_3131,384.5,324.3,1595.0
1619462,stimulus_Ins_LearningMobility_3_question_3131,384.8,324.4,1599.0
1619463,stimulus_Ins_LearningMobility_3_question_3131,385.1,324.3,1602.0
1619464,stimulus_Ins_LearningMobility_3_question_3131,385.3,324.3,1602.0
1619465,stimulus_Ins_LearningMobility_3_question_3131,385.8,324.7,1602.0
1619466,stimulus_Ins_LearningMobility_3_question_3131,386.2,325.1,1601.0
1619467,stimulus_Ins_LearningMobility_3_question_3131,386.8,325.5,1600.0
1619468,stimulus_Ins_LearningMobility_3_question_3131,387.1,325.5,1598.0
1619469,stimulus_Ins_LearningMobility_3_question_3131,387.4,325.5,1596.0
1619470,stimulus_Ins_LearningMobility_3_question_3131,387.5,325.8,1596.0
1619471,stimulus_Ins_LearningMobility_3_question_3131,387.6,326.1,1599.0
1619472,stimulus_Ins_LearningMobility_3_question_3131,387.6,326.4,1602.0
1619473,stimulus_Ins_LearningMobility_3_question_3131,387.3,326.4,1605.0
1619474,stimulus_Ins_LearningMobility_3_question_3131,386.9,326.1,1604.0
1619475,stimulus_Ins_LearningMobility_3_question_3131,386.4,325.8,1604.0
1619476,stimulus_Ins_LearningMobility_3_question_3131,386.3,325.5,1603.0
1619477,stimulus_Ins_LearningMobility_3_question_3131,386.5,325.4,1602.0
1619478,stimulus_Ins_LearningMobility_3_question_3131,386.6,325.4,1600.0
1619479,stimulus_Ins_LearningMobility_3_question_3131,386.5,325.5,1600.0
1619480,stimulus_Ins_LearningMobility_3_question_3131,386.5,325.6,1601.0
1619481,stimulus_Ins_LearningMobility_3_question_3131,386.4,325.5,1602.0
1619482,stimulus_Ins_LearningMobility_3_question_3131,386.3,325.5,1603.0
1619483,stimulus_Ins_LearningMobility_3_question_3131,386.2,325.4,1603.0
1619484,stimulus_Ins_LearningMobility_3_question_3131,386.2,325.5,1602.0
1619485,stimulus_Ins_LearningMobility_3_question_3131,386.2,325.9,1601.0
1619486,stimulus_Ins_LearningMobility_3_question_3131,386.2,326.3,1601.0
1619487,stimulus_Ins_LearningMobility_3_question_3131,386.2,326.9,1601.0
1619488,stimulus_Ins_LearningMobility_3_question_3131,386.2,327.5,1601.0
1619489,stimulus_Ins_LearningMobility_3_question_3131,386.3,327.6,1601.0
1619490,stimulus_Ins_LearningMobility_3_question_3131,386.4,327.3,1601.0
1619491,stimulus_Ins_LearningMobility_3_question_3131,386.3,326.9,1601.0
1619492,stimulus_Ins_LearningMobility_3_question_3131,386.1,326.7,1601.0
1619493,stimulus_Ins_LearningMobility_3_question_3131,385.8,326.5,1601.0
1619494,stimulus_Ins_LearningMobility_3_question_3131,385.7,326.4,1601.0
1619495,stimulus_Ins_LearningMobility_3_question_3131,385.6,326.3,1600.0
1619496,stimulus_Ins_LearningMobility_3_question_3131,385.6,326.4,1600.0
1619497,stimulus_Ins_LearningMobility_3_question_3131,385.6,326.4,1600.0
1619498,stimulus_Ins_LearningMobility_3_question_3131,385.1,326.5,1600.0
1619499,stimulus_Ins_LearningMobility_3_question_3131,384.5,326.5,1600.0
1619500,stimulus_Ins_LearningMobility_3_question_3131,383.8,326.6,1600.0
1619501,stimulus_Ins_LearningMobility_3_question_3131,384.0,326.7,1600.0
1619502,stimulus_Ins_LearningMobility_3_question_3131,384.3,326.7,1600.0
1619503,stimulus_Ins_LearningMobility_3_question_3131,384.5,326.6,1601.0
1619504,stimulus_Ins_LearningMobility_3_question_3131,384.8,326.3,1601.0
1619505,stimulus_Ins_LearningMobility_3_question_3131,385.1,326.1,1601.0
1619506,stimulus_Ins_LearningMobility_3_question_3131,385.1,326.0,1600.0
1619507,stimulus_Ins_LearningMobility_3_question_3131,384.7,326.1,1600.0
1619508,stimulus_Ins_LearningMobility_3_question_3131,384.4,326.4,1599.0
1619509,stimulus_Ins_LearningMobility_3_question_3131,384.3,326.9,1599.0
1619510,stimulus_Ins_LearningMobility_3_question_3131,384.5,327.4,1599.0
1619511,stimulus_Ins_LearningMobility_3_question_3131,384.7,327.7,1599.0
1619512,stimulus_Ins_LearningMobility_3_question_3131,385.0,327.7,1601.0
1619513,stimulus_Ins_LearningMobility_3_question_3131,385.0,327.3,1604.0
1619514,stimulus_Ins_LearningMobility_3_question_3131,385.0,326.8,1605.0
1619515,stimulus_Ins_LearningMobility_3_question_3131,385.0,326.3,1603.0
1619516,stimulus_Ins_LearningMobility_3_question_3131,385.0,326.4,1599.0
1619517,stimulus_Ins_LearningMobility_3_question_3131,385.0,326.7,1597.0
1619518,stimulus_Ins_LearningMobility_3_question_3131,384.8,326.9,1596.0
1619519,stimulus_Ins_LearningMobility_3_question_3131,384.8,327.1,1597.0
1619520,stimulus_Ins_LearningMobility_3_question_3131,384.7,327.2,1599.0
1619521,stimulus_Ins_LearningMobility_3_question_3131,385.1,327.1,1598.0
1619522,stimulus_Ins_LearningMobility_3_question_3131,385.5,326.9,1598.0
1619523,stimulus_Ins_LearningMobility_3_question_3131,385.8,326.8,1597.0
1619524,stimulus_Ins_LearningMobility_3_question_3131,385.7,326.7,1597.0
1619525,stimulus_Ins_LearningMobility_3_question_3131,385.5,326.7,1597.0
1619526,stimulus_Ins_LearningMobility_3_question_3131,385.2,326.9,1596.0
1619527,stimulus_Ins_LearningMobility_3_question_3131,385.1,327.1,1594.0
1619528,stimulus_Ins_LearningMobility_3_question_3131,385.1,327.5,1593.0
1619529,stimulus_Ins_LearningMobility_3_question_3131,385.2,327.7,1592.0
1619530,stimulus_Ins_LearningMobility_3_question_3131,385.5,327.8,1592.0
1619531,stimulus_Ins_LearningMobility_3_question_3131,385.8,327.6,1592.0
1619532,stimulus_Ins_LearningMobility_3_question_3131,386.1,327.4,1592.0
1619533,stimulus_Ins_LearningMobility_3_question_3131,386.1,327.2,1591.0
1619534,stimulus_Ins_LearningMobility_3_question_3131,386.1,326.5,1590.0
1619535,stimulus_Ins_LearningMobility_3_question_3131,386.1,325.8,1589.0
1619536,stimulus_Ins_LearningMobility_3_question_3131,386.0,325.1,1589.0
1619537,stimulus_Ins_LearningMobility_3_question_3131,385.9,325.1,1589.0
1619538,stimulus_Ins_LearningMobility_3_question_3131,385.8,325.1,1590.0
1619539,stimulus_Ins_LearningMobility_3_question_3131,385.5,325.3,1590.0
1619540,stimulus_Ins_LearningMobility_3_question_3131,385.3,325.8,1589.0
1619541,stimulus_Ins_LearningMobility_3_question_3131,385.6,326.2,1589.0
1619542,stimulus_Ins_LearningMobility_3_question_3131,386.1,326.4,1589.0
1619543,stimulus_Ins_LearningMobility_3_question_3131,386.6,326.1,1589.0
1619544,stimulus_Ins_LearningMobility_3_question_3131,386.6,325.7,1590.0
1619545,stimulus_Ins_LearningMobility_3_question_3131,386.5,325.5,1590.0
1619546,stimulus_Ins_LearningMobility_3_question_3131,386.2,325.3,1590.0
1619547,stimulus_Ins_LearningMobility_3_question_3131,385.8,325.3,1591.0
1619548,stimulus_Ins_LearningMobility_3_question_3131,385.4,325.4,1590.0
1619549,stimulus_Ins_LearningMobility_3_question_3131,385.5,325.4,1588.0
1619550,stimulus_Ins_LearningMobility_3_question_3131,385.9,325.6,1587.0
1619551,stimulus_Ins_LearningMobility_3_question_3131,386.2,325.9,1585.0
1619552,stimulus_Ins_LearningMobility_3_question_3131,386.4,326.1,1584.0
1619553,stimulus_Ins_LearningMobility_3_question_3131,386.8,326.2,1584.0
1619554,stimulus_Ins_LearningMobility_3_question_3131,387.1,326.4,1584.0
1619555,stimulus_Ins_LearningMobility_3_question_3131,387.2,326.6,1583.0
1619556,stimulus_Ins_LearningMobility_3_question_3131,386.9,326.8,1583.0
1619557,stimulus_Ins_LearningMobility_3_question_3131,386.6,326.8,1583.0
1619558,stimulus_Ins_LearningMobility_3_question_3131,386.6,326.8,1583.0
1619559,stimulus_Ins_LearningMobility_3_question_3131,386.5,326.7,1584.0
1619560,stimulus_Ins_LearningMobility_3_question_3131,386.2,326.7,1584.0
1619561,stimulus_Ins_LearningMobility_3_question_3131,386.4,326.7,1585.0
1619562,stimulus_Ins_LearningMobility_3_question_3131,386.7,326.7,1585.0
1619563,stimulus_Ins_LearningMobility_3_question_3131,387.0,326.8,1584.0
1619564,stimulus_Ins_LearningMobility_3_question_3131,386.9,326.9,1584.0
1619565,stimulus_Ins_LearningMobility_3_question_3131,386.6,327.0,1584.0
1619566,stimulus_Ins_LearningMobility_3_question_3131,386.0,327.0,1584.0
1619567,stimulus_Ins_LearningMobility_3_question_3131,385.4,326.9,1585.0
1619568,stimulus_Ins_LearningMobility_3_question_3131,385.2,326.7,1586.0
1619569,stimulus_Ins_LearningMobility_3_question_3131,385.4,326.6,1587.0
1619570,stimulus_Ins_LearningMobility_3_question_3131,385.6,326.6,1587.0
1619571,stimulus_Ins_LearningMobility_3_question_3131,385.8,326.9,1586.0
1619572,stimulus_Ins_LearningMobility_3_question_3131,385.9,327.1,1586.0
1619573,stimulus_Ins_LearningMobility_3_question_3131,386.1,327.2,1586.0
1619574,stimulus_Ins_LearningMobility_3_question_3131,386.1,327.3,1586.0
1619575,stimulus_Ins_LearningMobility_3_question_3131,386.0,327.3,1586.0
1619576,stimulus_Ins_LearningMobility_3_question_3131,385.4,327.6,1584.0
1619577,stimulus_Ins_LearningMobility_3_question_3131,384.8,327.8,1582.0
1619578,stimulus_Ins_LearningMobility_3_question_3131,384.2,327.9,1579.0
1619579,stimulus_Ins_LearningMobility_3_question_3131,383.8,327.7,1577.0
1619580,stimulus_Ins_LearningMobility_3_question_3131,383.6,327.4,1576.0
1619581,stimulus_Ins_LearningMobility_3_question_3131,383.4,327.3,1576.0
1619582,stimulus_Ins_LearningMobility_3_question_3131,383.6,327.2,1578.0
1619583,stimulus_Ins_LearningMobility_3_question_3131,383.9,327.0,1581.0
1619584,stimulus_Ins_LearningMobility_3_question_3131,384.2,326.6,1582.0
1619585,stimulus_Ins_LearningMobility_3_question_3131,383.8,325.8,1580.0
1619586,stimulus_Ins_LearningMobility_3_question_3131,383.3,325.1,1577.0
1619587,stimulus_Ins_LearningMobility_3_question_3131,382.8,325.0,1574.0
1619588,stimulus_Ins_LearningMobility_3_question_3131,382.6,325.4,1572.0
1619589,stimulus_Ins_LearningMobility_3_question_3131,382.5,325.6,1572.0
1619590,stimulus_Ins_LearningMobility_3_question_3131,382.5,325.6,1571.0
1619591,stimulus_Ins_LearningMobility_3_question_3131,382.4,325.3,1571.0
1619592,stimulus_Ins_LearningMobility_3_question_3131,382.4,325.2,1573.0
1619593,stimulus_Ins_LearningMobility_3_question_3131,382.2,325.2,1575.0
1619594,stimulus_Ins_LearningMobility_3_question_3131,382.0,325.3,1577.0
1619595,stimulus_Ins_LearningMobility_3_question_3131,382.2,325.3,1576.0
1619596,stimulus_Ins_LearningMobility_3_question_3131,382.6,325.3,1574.0
1619597,stimulus_Ins_LearningMobility_3_question_3131,382.9,325.3,1574.0
1619598,stimulus_Ins_LearningMobility_3_question_3131,382.7,325.7,1574.0
1619599,stimulus_Ins_LearningMobility_3_question_3131,382.5,326.1,1574.0
1619600,stimulus_Ins_LearningMobility_3_question_3131,382.2,326.2,1575.0
1619601,stimulus_Ins_LearningMobility_3_question_3131,382.0,326.0,1574.0
1619602,stimulus_Ins_LearningMobility_3_question_3131,381.9,325.9,1575.0
1619603,stimulus_Ins_LearningMobility_3_question_3131,382.0,326.1,1575.0
1619604,stimulus_Ins_LearningMobility_3_question_3131,382.1,325.9,1574.0
1619605,stimulus_Ins_LearningMobility_3_question_3131,381.9,325.6,1573.0
1619606,stimulus_Ins_LearningMobility_3_question_3131,381.3,325.4,1571.0
1619607,stimulus_Ins_LearningMobility_3_question_3131,380.4,325.4,1571.0
1619608,stimulus_Ins_LearningMobility_3_question_3131,379.9,325.4,1571.0
1619609,stimulus_Ins_LearningMobility_3_question_3131,379.8,325.8,1573.0
1619610,stimulus_Ins_LearningMobility_3_question_3131,380.2,326.3,1575.0
1619611,stimulus_Ins_LearningMobility_3_question_3131,380.5,326.8,1576.0
1619612,stimulus_Ins_LearningMobility_3_question_3131,381.6,326.9,1578.0
1619613,stimulus_Ins_LearningMobility_3_question_3131,382.9,326.8,1580.0
1619614,stimulus_Ins_LearningMobility_3_question_3131,385.9,327.3,1580.0
1619615,stimulus_Ins_LearningMobility_3_question_3131,388.4,327.7,1580.0
1619616,stimulus_Ins_LearningMobility_3_question_3131,391.3,328.0,1580.0
1619617,stimulus_Ins_LearningMobility_3_question_3131,394.6,327.8,1580.0
1619618,stimulus_Ins_LearningMobility_3_question_3131,401.1,327.5,1579.0
1619619,stimulus_Ins_LearningMobility_3_question_3131,409.5,327.5,1579.0
1619620,stimulus_Ins_LearningMobility_3_question_3131,418.1,327.4,1580.0
1619621,stimulus_Ins_LearningMobility_3_question_3131,425.4,327.2,1581.0
1619622,stimulus_Ins_LearningMobility_3_question_3131,433.0,327.1,1582.0
1619623,stimulus_Ins_LearningMobility_3_question_3131,442.6,326.6,1585.0
1619624,stimulus_Ins_LearningMobility_3_question_3131,452.2,325.9,1588.0
1619625,stimulus_Ins_LearningMobility_3_question_3131,460.2,325.3,1592.0
1619626,stimulus_Ins_LearningMobility_3_question_3131,468.5,325.2,1593.0
1619627,stimulus_Ins_LearningMobility_3_question_3131,477.6,325.5,1593.0
1619628,stimulus_Ins_LearningMobility_3_question_3131,488.0,325.7,1592.0
1619629,stimulus_Ins_LearningMobility_3_question_3131,495.6,325.4,1586.0
1619630,stimulus_Ins_LearningMobility_3_question_3131,501.4,324.6,1581.0
1619631,stimulus_Ins_LearningMobility_3_question_3131,507.0,323.7,1578.0
1619632,stimulus_Ins_LearningMobility_3_question_3131,513.4,323.4,1580.0
1619633,stimulus_Ins_LearningMobility_3_question_3131,520.9,323.4,1580.0
1619634,stimulus_Ins_LearningMobility_3_question_3131,526.4,322.8,1579.0
1619635,stimulus_Ins_LearningMobility_3_question_3131,530.5,321.8,1578.0
1619636,stimulus_Ins_LearningMobility_3_question_3131,532.5,320.5,1574.0
1619637,stimulus_Ins_LearningMobility_3_question_3131,535.4,319.4,1570.0
1619638,stimulus_Ins_LearningMobility_3_question_3131,538.7,318.5,1567.0
1619639,stimulus_Ins_LearningMobility_3_question_3131,543.1,317.5,1567.0
1619640,stimulus_Ins_LearningMobility_3_question_3131,546.3,316.5,1568.0
1619641,stimulus_Ins_LearningMobility_3_question_3131,549.0,315.6,1568.0
1619642,stimulus_Ins_LearningMobility_3_question_3131,551.8,315.6,1568.0
1619643,stimulus_Ins_LearningMobility_3_question_3131,554.5,315.9,1568.0
1619644,stimulus_Ins_LearningMobility_3_question_3131,556.7,316.2,1567.0
1619645,stimulus_Ins_LearningMobility_3_question_3131,558.1,316.2,1564.0
1619646,stimulus_Ins_LearningMobility_3_question_3131,559.7,316.3,1562.0
1619647,stimulus_Ins_LearningMobility_3_question_3131,561.0,316.3,1560.0
1619648,stimulus_Ins_LearningMobility_3_question_3131,561.9,316.2,1560.0
1619649,stimulus_Ins_LearningMobility_3_question_3131,562.3,316.0,1560.0
1619650,stimulus_Ins_LearningMobility_3_question_3131,562.7,315.3,1560.0
1619651,stimulus_Ins_LearningMobility_3_question_3131,563.1,314.7,1560.0
1619652,stimulus_Ins_LearningMobility_3_question_3131,563.6,314.3,1560.0
1619653,stimulus_Ins_LearningMobility_3_question_3131,564.0,314.6,1561.0
1619654,stimulus_Ins_LearningMobility_3_question_3131,564.3,315.0,1561.0
1619655,stimulus_Ins_LearningMobility_3_question_3131,564.4,315.3,1561.0
1619656,stimulus_Ins_LearningMobility_3_question_3131,564.8,315.3,1562.0
1619657,stimulus_Ins_LearningMobility_3_question_3131,565.4,315.1,1562.0
1619658,stimulus_Ins_LearningMobility_3_question_3131,566.1,314.8,1560.0
1619659,stimulus_Ins_LearningMobility_3_question_3131,566.7,315.1,1558.0
1619660,stimulus_Ins_LearningMobility_3_question_3131,567.3,315.8,1556.0
1619661,stimulus_Ins_LearningMobility_3_question_3131,567.7,316.4,1558.0
1619662,stimulus_Ins_LearningMobility_3_question_3131,567.8,316.5,1560.0
1619663,stimulus_Ins_LearningMobility_3_question_3131,568.1,316.6,1562.0
1619664,stimulus_Ins_LearningMobility_3_question_3131,568.4,316.9,1560.0
1619665,stimulus_Ins_LearningMobility_3_question_3131,568.7,317.1,1559.0
1619666,stimulus_Ins_LearningMobility_3_question_3131,569.1,317.2,1559.0
1619667,stimulus_Ins_LearningMobility_3_question_3131,569.4,317.4,1561.0
1619668,stimulus_Ins_LearningMobility_3_question_3131,569.7,317.9,1562.0
1619669,stimulus_Ins_LearningMobility_3_question_3131,569.6,318.4,1563.0
1619670,stimulus_Ins_LearningMobility_3_question_3131,569.3,318.6,1562.0
1619671,stimulus_Ins_LearningMobility_3_question_3131,569.1,318.3,1561.0
1619672,stimulus_Ins_LearningMobility_3_question_3131,568.8,317.9,1560.0
1619673,stimulus_Ins_LearningMobility_3_question_3131,568.7,317.5,1559.0
1619674,stimulus_Ins_LearningMobility_3_question_3131,568.6,317.4,1560.0
1619675,stimulus_Ins_LearningMobility_3_question_3131,568.6,317.4,1560.0
1619676,stimulus_Ins_LearningMobility_3_question_3131,568.5,317.5,1560.0
1619677,stimulus_Ins_LearningMobility_3_question_3131,568.5,317.4,1560.0
1619678,stimulus_Ins_LearningMobility_3_question_3131,568.1,317.3,1561.0
1619679,stimulus_Ins_LearningMobility_3_question_3131,567.9,317.2,1563.0
1619680,stimulus_Ins_LearningMobility_3_question_3131,567.7,317.3,1564.0
1619681,stimulus_Ins_LearningMobility_3_question_3131,567.7,317.2,1564.0
1619682,stimulus_Ins_LearningMobility_3_question_3131,567.4,317.2,1565.0
1619683,stimulus_Ins_LearningMobility_3_question_3131,567.1,317.2,1565.0
1619684,stimulus_Ins_LearningMobility_3_question_3131,567.0,317.3,1565.0
1619685,stimulus_Ins_LearningMobility_3_question_3131,567.0,317.2,1565.0
1619686,stimulus_Ins_LearningMobility_3_question_3131,567.0,316.9,1565.0
1619687,stimulus_Ins_LearningMobility_3_question_3131,567.1,316.4,1565.0
1619688,stimulus_Ins_LearningMobility_3_question_3131,567.1,316.1,1565.0
1619689,stimulus_Ins_LearningMobility_3_question_3131,566.9,316.6,1564.0
1619690,stimulus_Ins_LearningMobility_3_question_3131,566.6,317.2,1564.0
1619691,stimulus_Ins_LearningMobility_3_question_3131,566.2,318.0,1564.0
1619692,stimulus_Ins_LearningMobility_3_question_3131,566.1,318.0,1565.0
1619693,stimulus_Ins_LearningMobility_3_question_3131,566.3,317.9,1565.0
1619694,stimulus_Ins_LearningMobility_3_question_3131,566.4,317.7,1565.0
1619695,stimulus_Ins_LearningMobility_3_question_3131,566.4,317.6,1565.0
1619696,stimulus_Ins_LearningMobility_3_question_3131,566.1,317.5,1565.0
1619697,stimulus_Ins_LearningMobility_3_question_3131,565.8,317.4,1565.0
1619698,stimulus_Ins_LearningMobility_3_question_3131,565.6,317.3,1566.0
1619699,stimulus_Ins_LearningMobility_3_question_3131,565.6,317.3,1566.0
1619700,stimulus_Ins_LearningMobility_3_question_3131,565.6,317.4,1566.0
1619701,stimulus_Ins_LearningMobility_3_question_3131,565.6,317.5,1566.0
1619702,stimulus_Ins_LearningMobility_3_question_3131,565.8,317.8,1565.0
1619703,stimulus_Ins_LearningMobility_3_question_3131,566.0,317.9,1565.0
1619704,stimulus_Ins_LearningMobility_3_question_3131,566.2,318.1,1566.0
1619705,stimulus_Ins_LearningMobility_3_question_3131,566.3,318.1,1566.0
1619706,stimulus_Ins_LearningMobility_3_question_3131,566.2,318.2,1564.0
1619707,stimulus_Ins_LearningMobility_3_question_3131,566.2,318.4,1562.0
1619708,stimulus_Ins_LearningMobility_3_question_3131,566.2,318.6,1562.0
1619709,stimulus_Ins_LearningMobility_3_question_3131,566.2,318.6,1562.0
1619710,stimulus_Ins_LearningMobility_3_question_3131,566.1,318.6,1563.0
1619711,stimulus_Ins_LearningMobility_3_question_3131,566.0,318.5,1564.0
1619712,stimulus_Ins_LearningMobility_3_question_3131,566.0,318.9,1566.0
1619713,stimulus_Ins_LearningMobility_3_question_3131,565.9,319.2,1568.0
1619714,stimulus_Ins_LearningMobility_3_question_3131,565.9,319.2,1569.0
1619715,stimulus_Ins_LearningMobility_3_question_3131,565.9,318.9,1569.0
1619716,stimulus_Ins_LearningMobility_3_question_3131,566.0,318.6,1570.0
1619717,stimulus_Ins_LearningMobility_3_question_3131,566.1,318.6,1571.0
1619718,stimulus_Ins_LearningMobility_3_question_3131,566.3,318.5,1571.0
1619719,stimulus_Ins_LearningMobility_3_question_3131,566.6,318.4,1570.0
1619720,stimulus_Ins_LearningMobility_3_question_3131,566.9,318.6,1568.0
1619721,stimulus_Ins_LearningMobility_3_question_3131,567.0,318.8,1568.0
1619722,stimulus_Ins_LearningMobility_3_question_3131,567.0,319.0,1568.0
1619723,stimulus_Ins_LearningMobility_3_question_3131,567.0,318.9,1569.0
1619724,stimulus_Ins_LearningMobility_3_question_3131,567.1,318.9,1569.0
1619725,stimulus_Ins_LearningMobility_3_question_3131,567.3,319.3,1570.0
1619726,stimulus_Ins_LearningMobility_3_question_3131,567.0,319.6,1569.0
1619727,stimulus_Ins_LearningMobility_3_question_3131,566.5,320.1,1568.0
1619728,stimulus_Ins_LearningMobility_3_question_3131,566.4,320.3,1567.0
1619729,stimulus_Ins_LearningMobility_3_question_3131,566.6,320.7,1567.0
1619730,stimulus_Ins_LearningMobility_3_question_3131,566.9,321.0,1568.0
1619731,stimulus_Ins_LearningMobility_3_question_3131,566.8,321.3,1568.0
1619732,stimulus_Ins_LearningMobility_3_question_3131,566.7,321.4,1567.0
1619733,stimulus_Ins_LearningMobility_3_question_3131,566.6,321.2,1567.0
1619734,stimulus_Ins_LearningMobility_3_question_3131,566.6,320.8,1567.0
1619735,stimulus_Ins_LearningMobility_3_question_3131,566.3,320.2,1567.0
1619736,stimulus_Ins_LearningMobility_3_question_3131,566.1,320.1,1566.0
1619737,stimulus_Ins_LearningMobility_3_question_3131,565.9,320.0,1566.0
1619738,stimulus_Ins_LearningMobility_3_question_3131,565.7,320.0,1565.0
1619739,stimulus_Ins_LearningMobility_3_question_3131,565.5,320.1,1566.0
1619740,stimulus_Ins_LearningMobility_3_question_3131,565.3,320.0,1568.0
1619741,stimulus_Ins_LearningMobility_3_question_3131,565.3,319.4,1569.0
1619742,stimulus_Ins_LearningMobility_3_question_3131,565.3,318.6,1570.0
1619743,stimulus_Ins_LearningMobility_3_question_3131,564.9,317.9,1570.0
1619744,stimulus_Ins_LearningMobility_3_question_3131,564.6,317.4,1570.0
1619745,stimulus_Ins_LearningMobility_3_question_3131,563.9,317.2,1569.0
1619746,stimulus_Ins_LearningMobility_3_question_3131,563.4,317.7,1566.0
1619747,stimulus_Ins_LearningMobility_3_question_3131,562.7,318.4,1564.0
1619748,stimulus_Ins_LearningMobility_3_question_3131,562.6,318.6,1563.0
1619749,stimulus_Ins_LearningMobility_3_question_3131,562.6,318.1,1564.0
1619750,stimulus_Ins_LearningMobility_3_question_3131,562.1,318.0,1564.0
1619751,stimulus_Ins_LearningMobility_3_question_3131,561.4,318.4,1564.0
1619752,stimulus_Ins_LearningMobility_3_question_3131,560.7,318.7,1567.0
1619753,stimulus_Ins_LearningMobility_3_question_3131,560.7,318.7,1570.0
1619754,stimulus_Ins_LearningMobility_3_question_3131,560.6,318.7,1573.0
1619755,stimulus_Ins_LearningMobility_3_question_3131,560.5,318.9,1573.0
1619756,stimulus_Ins_LearningMobility_3_question_3131,560.4,319.1,1573.0
1619757,stimulus_Ins_LearningMobility_3_question_3131,560.3,319.5,1573.0
1619758,stimulus_Ins_LearningMobility_3_question_3131,560.4,319.8,1573.0
1619759,stimulus_Ins_LearningMobility_3_question_3131,560.6,320.0,1572.0
1619760,stimulus_Ins_LearningMobility_3_question_3131,560.7,320.0,1571.0
1619761,stimulus_Ins_LearningMobility_3_question_3131,560.8,320.0,1570.0
1619762,stimulus_Ins_LearningMobility_3_question_3131,561.0,320.5,1574.0
1619763,stimulus_Ins_LearningMobility_3_question_3131,561.5,321.1,1577.0
1619764,stimulus_Ins_LearningMobility_3_question_3131,562.0,321.7,1580.0
1619765,stimulus_Ins_LearningMobility_3_question_3131,562.0,321.7,1580.0
1619766,stimulus_Ins_LearningMobility_3_question_3131,561.8,321.7,1579.0
1619767,stimulus_Ins_LearningMobility_3_question_3131,561.7,321.8,1575.0
1619768,stimulus_Ins_LearningMobility_3_question_3131,561.6,321.9,1570.0
1619769,stimulus_Ins_LearningMobility_3_question_3131,561.5,321.9,1569.0
1619770,stimulus_Ins_LearningMobility_3_question_3131,561.8,321.9,1573.0
1619771,stimulus_Ins_LearningMobility_3_question_3131,562.2,321.8,1577.0
1619772,stimulus_Ins_LearningMobility_3_question_3131,562.4,321.7,1579.0
1619773,stimulus_Ins_LearningMobility_3_question_3131,562.3,321.6,1579.0
1619774,stimulus_Ins_LearningMobility_3_question_3131,562.2,321.5,1578.0
1619775,stimulus_Ins_LearningMobility_3_question_3131,561.9,321.4,1577.0
1619776,stimulus_Ins_LearningMobility_3_question_3131,561.8,321.5,1576.0
1619777,stimulus_Ins_LearningMobility_3_question_3131,561.6,322.0,1575.0
1619778,stimulus_Ins_LearningMobility_3_question_3131,561.7,322.3,1575.0
1619779,stimulus_Ins_LearningMobility_3_question_3131,561.7,322.6,1576.0
1619780,stimulus_Ins_LearningMobility_3_question_3131,561.7,322.5,1576.0
1619781,stimulus_Ins_LearningMobility_3_question_3131,561.8,322.5,1575.0
1619782,stimulus_Ins_LearningMobility_3_question_3131,561.7,322.5,1575.0
1619783,stimulus_Ins_LearningMobility_3_question_3131,561.5,322.2,1574.0
1619784,stimulus_Ins_LearningMobility_3_question_3131,561.7,321.9,1576.0
1619785,stimulus_Ins_LearningMobility_3_question_3131,562.0,321.6,1577.0
1619786,stimulus_Ins_LearningMobility_3_question_3131,562.2,321.7,1579.0
1619787,stimulus_Ins_LearningMobility_3_question_3131,562.0,321.8,1579.0
1619788,stimulus_Ins_LearningMobility_3_question_3131,561.8,321.7,1579.0
1619789,stimulus_Ins_LearningMobility_3_question_3131,561.6,321.6,1579.0
1619790,stimulus_Ins_LearningMobility_3_question_3131,561.5,321.5,1578.0
1619791,stimulus_Ins_LearningMobility_3_question_3131,561.5,321.5,1577.0
1619792,stimulus_Ins_LearningMobility_3_question_3131,561.5,321.6,1576.0
1619793,stimulus_Ins_LearningMobility_3_question_3131,561.6,321.6,1575.0
1619794,stimulus_Ins_LearningMobility_3_question_3131,561.7,321.8,1574.0
1619795,stimulus_Ins_LearningMobility_3_question_3131,561.6,322.0,1574.0
1619796,stimulus_Ins_LearningMobility_3_question_3131,561.4,322.1,1574.0
1619797,stimulus_Ins_LearningMobility_3_question_3131,561.2,322.2,1574.0
1619798,stimulus_Ins_LearningMobility_3_question_3131,561.2,322.3,1574.0
1619799,stimulus_Ins_LearningMobility_3_question_3131,560.9,322.6,1575.0
1619800,stimulus_Ins_LearningMobility_3_question_3131,560.6,322.9,1575.0
1619801,stimulus_Ins_LearningMobility_3_question_3131,560.3,322.8,1576.0
1619802,stimulus_Ins_LearningMobility_3_question_3131,560.3,322.5,1577.0
1619803,stimulus_Ins_LearningMobility_3_question_3131,560.2,322.5,1578.0
1619804,stimulus_Ins_LearningMobility_3_question_3131,560.0,322.9,1578.0
1619805,stimulus_Ins_LearningMobility_3_question_3131,559.7,323.3,1578.0
1619806,stimulus_Ins_LearningMobility_3_question_3131,559.6,323.5,1577.0
1619807,stimulus_Ins_LearningMobility_3_question_3131,559.6,323.6,1577.0
1619808,stimulus_Ins_LearningMobility_3_question_3131,559.6,323.7,1577.0
1619809,stimulus_Ins_LearningMobility_3_question_3131,559.7,323.7,1576.0
1619810,stimulus_Ins_LearningMobility_3_question_3131,559.7,323.6,1576.0
1619811,stimulus_Ins_LearningMobility_3_question_3131,559.8,323.4,1576.0
1619812,stimulus_Ins_LearningMobility_3_question_3131,559.8,323.2,1576.0
1619813,stimulus_Ins_LearningMobility_3_question_3131,559.8,322.9,1578.0
1619814,stimulus_Ins_LearningMobility_3_question_3131,559.7,322.7,1581.0
1619815,stimulus_Ins_LearningMobility_3_question_3131,559.6,322.7,1582.0
1619816,stimulus_Ins_LearningMobility_3_question_3131,559.8,323.2,1580.0
1619817,stimulus_Ins_LearningMobility_3_question_3131,560.2,323.9,1579.0
1619818,stimulus_Ins_LearningMobility_3_question_3131,560.5,324.4,1580.0
1619819,stimulus_Ins_LearningMobility_3_question_3131,560.5,324.7,1578.0
1619820,stimulus_Ins_LearningMobility_3_question_3131,560.4,324.8,1576.0
1619821,stimulus_Ins_LearningMobility_3_question_3131,560.3,324.9,1574.0
1619822,stimulus_Ins_LearningMobility_3_question_3131,560.2,324.3,1575.0
1619823,stimulus_Ins_LearningMobility_3_question_3131,560.3,323.8,1575.0
1619824,stimulus_Ins_LearningMobility_3_question_3131,560.4,323.4,1575.0
1619825,stimulus_Ins_LearningMobility_3_question_3131,560.5,323.6,1575.0
1619826,stimulus_Ins_LearningMobility_3_question_3131,560.5,323.8,1575.0
1619827,stimulus_Ins_LearningMobility_3_question_3131,560.6,323.9,1575.0
1619828,stimulus_Ins_LearningMobility_3_question_3131,560.7,323.9,1572.0
1619829,stimulus_Ins_LearningMobility_3_question_3131,560.7,323.5,1569.0
1619830,stimulus_Ins_LearningMobility_3_question_3131,560.5,323.0,1565.0
1619831,stimulus_Ins_LearningMobility_3_question_3131,560.4,322.6,1568.0
1619832,stimulus_Ins_LearningMobility_3_question_3131,560.5,322.6,1571.0
1619833,stimulus_Ins_LearningMobility_3_question_3131,560.5,322.7,1574.0
1619834,stimulus_Ins_LearningMobility_3_question_3131,560.7,322.6,1574.0
1619835,stimulus_Ins_LearningMobility_3_question_3131,560.9,322.4,1574.0
1619836,stimulus_Ins_LearningMobility_3_question_3131,561.0,322.0,1573.0
1619837,stimulus_Ins_LearningMobility_3_question_3131,560.9,321.8,1572.0
1619838,stimulus_Ins_LearningMobility_3_question_3131,560.8,321.6,1569.0
1619839,stimulus_Ins_LearningMobility_3_question_3131,560.8,321.6,1568.0
1619840,stimulus_Ins_LearningMobility_3_question_3131,560.6,321.5,1567.0
1619841,stimulus_Ins_LearningMobility_3_question_3131,560.4,321.5,1569.0
1619842,stimulus_Ins_LearningMobility_3_question_3131,560.2,321.5,1571.0
1619843,stimulus_Ins_LearningMobility_3_question_3131,560.3,321.6,1573.0
1619844,stimulus_Ins_LearningMobility_3_question_3131,560.6,322.3,1574.0
1619845,stimulus_Ins_LearningMobility_3_question_3131,561.3,323.0,1574.0
1619846,stimulus_Ins_LearningMobility_3_question_3131,561.8,323.5,1574.0
1619847,stimulus_Ins_LearningMobility_3_question_3131,561.8,323.4,1572.0
1619848,stimulus_Ins_LearningMobility_3_question_3131,561.4,323.3,1571.0
1619849,stimulus_Ins_LearningMobility_3_question_3131,561.0,323.3,1570.0
1619850,stimulus_Ins_LearningMobility_3_question_3131,561.0,323.1,1570.0
1619851,stimulus_Ins_LearningMobility_3_question_3131,561.0,322.8,1571.0
1619852,stimulus_Ins_LearningMobility_3_question_3131,561.0,322.6,1572.0
1619853,stimulus_Ins_LearningMobility_3_question_3131,560.9,322.8,1573.0
1619854,stimulus_Ins_LearningMobility_3_question_3131,560.8,323.0,1573.0
1619855,stimulus_Ins_LearningMobility_3_question_3131,560.8,323.2,1574.0
1619856,stimulus_Ins_LearningMobility_3_question_3131,560.7,323.5,1574.0
1619857,stimulus_Ins_LearningMobility_3_question_3131,560.6,323.7,1573.0
1619858,stimulus_Ins_LearningMobility_3_question_3131,560.5,323.8,1570.0
1619859,stimulus_Ins_LearningMobility_3_question_3131,560.3,323.6,1566.0
1619860,stimulus_Ins_LearningMobility_3_question_3131,560.1,323.3,1564.0
1619861,stimulus_Ins_LearningMobility_3_question_3131,559.9,323.1,1566.0
1619862,stimulus_Ins_LearningMobility_3_question_3131,560.1,323.2,1568.0
1619863,stimulus_Ins_LearningMobility_3_question_3131,560.4,323.2,1571.0
1619864,stimulus_Ins_LearningMobility_3_question_3131,560.8,323.3,1572.0
1619865,stimulus_Ins_LearningMobility_3_question_3131,560.8,323.7,1574.0
1619866,stimulus_Ins_LearningMobility_3_question_3131,560.9,324.2,1573.0
1619867,stimulus_Ins_LearningMobility_3_question_3131,561.0,324.4,1573.0
1619868,stimulus_Ins_LearningMobility_3_question_3131,561.1,324.3,1572.0
1619869,stimulus_Ins_LearningMobility_3_question_3131,561.1,324.1,1571.0
1619870,stimulus_Ins_LearningMobility_3_question_3131,560.9,324.4,1570.0
1619871,stimulus_Ins_LearningMobility_3_question_3131,560.8,324.5,1570.0
1619872,stimulus_Ins_LearningMobility_3_question_3131,560.7,324.1,1570.0
1619873,stimulus_Ins_LearningMobility_3_question_3131,560.8,323.6,1570.0
1619874,stimulus_Ins_LearningMobility_3_question_3131,560.7,323.3,1570.0
1619875,stimulus_Ins_LearningMobility_3_question_3131,560.7,323.3,1570.0
1619876,stimulus_Ins_LearningMobility_3_question_3131,560.8,323.4,1571.0
1619877,stimulus_Ins_LearningMobility_3_question_3131,560.8,323.4,1571.0
1619878,stimulus_Ins_LearningMobility_3_question_3131,560.9,323.6,1571.0
1619879,stimulus_Ins_LearningMobility_3_question_3131,560.8,323.9,1570.0
1619880,stimulus_Ins_LearningMobility_3_question_3131,560.7,324.2,1569.0
1619881,stimulus_Ins_LearningMobility_3_question_3131,560.5,324.2,1569.0
1619882,stimulus_Ins_LearningMobility_3_question_3131,560.3,324.4,1569.0
1619883,stimulus_Ins_LearningMobility_3_question_3131,560.2,324.6,1570.0
1619884,stimulus_Ins_LearningMobility_3_question_3131,560.4,324.5,1570.0
1619885,stimulus_Ins_LearningMobility_3_question_3131,560.6,323.6,1572.0
1619886,stimulus_Ins_LearningMobility_3_question_3131,560.8,322.7,1574.0
1619887,stimulus_Ins_LearningMobility_3_question_3131,560.7,322.8,1573.0
1619888,stimulus_Ins_LearningMobility_3_question_3131,560.6,323.5,1570.0
1619889,stimulus_Ins_LearningMobility_3_question_3131,560.5,324.2,1567.0
1619890,stimulus_Ins_LearningMobility_3_question_3131,559.8,324.6,1567.0
1619891,stimulus_Ins_LearningMobility_3_question_3131,559.0,325.1,1567.0
1619892,stimulus_Ins_LearningMobility_3_question_3131,558.2,325.5,1569.0
1619893,stimulus_Ins_LearningMobility_3_question_3131,558.2,325.5,1571.0
1619894,stimulus_Ins_LearningMobility_3_question_3131,558.2,325.4,1572.0
1619895,stimulus_Ins_LearningMobility_3_question_3131,558.3,325.4,1572.0
1619896,stimulus_Ins_LearningMobility_3_question_3131,558.3,325.5,1573.0
1619897,stimulus_Ins_LearningMobility_3_question_3131,558.2,325.7,1573.0
1619898,stimulus_Ins_LearningMobility_3_question_3131,558.1,325.9,1573.0
1619899,stimulus_Ins_LearningMobility_3_question_3131,557.9,326.4,1573.0
1619900,stimulus_Ins_LearningMobility_3_question_3131,557.9,326.9,1574.0
1619901,stimulus_Ins_LearningMobility_3_question_3131,557.7,327.3,1575.0
1619902,stimulus_Ins_LearningMobility_3_question_3131,557.6,327.3,1576.0
1619903,stimulus_Ins_LearningMobility_3_question_3131,557.9,327.8,1577.0
1619904,stimulus_Ins_LearningMobility_3_question_3131,558.2,328.5,1576.0
1619905,stimulus_Ins_LearningMobility_3_question_3131,558.6,329.2,1575.0
1619906,stimulus_Ins_LearningMobility_3_question_3131,558.6,329.2,1574.0
1619907,stimulus_Ins_LearningMobility_3_question_3131,558.6,329.1,1576.0
1619908,stimulus_Ins_LearningMobility_3_question_3131,558.8,328.9,1578.0
1619909,stimulus_Ins_LearningMobility_3_question_3131,559.2,329.0,1580.0
1619910,stimulus_Ins_LearningMobility_3_question_3131,559.6,329.1,1579.0
1619911,stimulus_Ins_LearningMobility_3_question_3131,559.8,329.3,1579.0
1619912,stimulus_Ins_LearningMobility_3_question_3131,559.9,329.2,1581.0
1619913,stimulus_Ins_LearningMobility_3_question_3131,560.0,328.7,1582.0
1619914,stimulus_Ins_LearningMobility_3_question_3131,560.3,328.3,1584.0
1619915,stimulus_Ins_LearningMobility_3_question_3131,560.6,328.1,1582.0
1619916,stimulus_Ins_LearningMobility_3_question_3131,560.3,327.6,1580.0
1619917,stimulus_Ins_LearningMobility_3_question_3131,559.9,327.1,1578.0
1619918,stimulus_Ins_LearningMobility_3_question_3131,559.6,326.7,1575.0
1619919,stimulus_Ins_LearningMobility_3_question_3131,559.7,326.9,1572.0
1619920,stimulus_Ins_LearningMobility_3_question_3131,559.9,327.3,1570.0
1619921,stimulus_Ins_LearningMobility_3_question_3131,559.9,327.6,1570.0
1619922,stimulus_Ins_LearningMobility_3_question_3131,559.9,327.8,1573.0
1619923,stimulus_Ins_LearningMobility_3_question_3131,559.9,327.5,1576.0
1619924,stimulus_Ins_LearningMobility_3_question_3131,559.9,327.2,1580.0
1619925,stimulus_Ins_LearningMobility_3_question_3131,559.9,327.2,1580.0
1619926,stimulus_Ins_LearningMobility_3_question_3131,559.8,327.5,1580.0
1619927,stimulus_Ins_LearningMobility_3_question_3131,559.7,328.5,1577.0
1619928,stimulus_Ins_LearningMobility_3_question_3131,560.0,329.1,1574.0
1619929,stimulus_Ins_LearningMobility_3_question_3131,560.3,329.1,1573.0
1619930,stimulus_Ins_LearningMobility_3_question_3131,560.4,328.3,1574.0
1619931,stimulus_Ins_LearningMobility_3_question_3131,560.3,328.3,1575.0
1619932,stimulus_Ins_LearningMobility_3_question_3131,560.1,329.1,1575.0
1619933,stimulus_Ins_LearningMobility_3_question_3131,560.1,329.5,1574.0
1619934,stimulus_Ins_LearningMobility_3_question_3131,560.2,329.1,1574.0
1619935,stimulus_Ins_LearningMobility_3_question_3131,560.4,328.7,1574.0
1619936,stimulus_Ins_LearningMobility_3_question_3131,560.1,328.7,1574.0
1619937,stimulus_Ins_LearningMobility_3_question_3131,559.8,329.1,1574.0
1619938,stimulus_Ins_LearningMobility_3_question_3131,559.2,329.5,1574.0
1619939,stimulus_Ins_LearningMobility_3_question_3131,559.2,329.5,1573.0
1619940,stimulus_Ins_LearningMobility_3_question_3131,559.3,328.7,1571.0
1619941,stimulus_Ins_LearningMobility_3_question_3131,559.6,327.7,1571.0
1619942,stimulus_Ins_LearningMobility_3_question_3131,559.9,326.8,1575.0
1619943,stimulus_Ins_LearningMobility_3_question_3131,561.9,326.6,1579.0
1619944,stimulus_Ins_LearningMobility_3_question_3131,564.9,326.8,1579.0
1619945,stimulus_Ins_LearningMobility_3_question_3131,570.3,327.0,1577.0
1619946,stimulus_Ins_LearningMobility_3_question_3131,575.5,326.8,1575.0
1619947,stimulus_Ins_LearningMobility_3_question_3131,581.2,325.8,1575.0
1619948,stimulus_Ins_LearningMobility_3_question_3131,586.5,324.9,1576.0
1619949,stimulus_Ins_LearningMobility_3_question_3131,592.2,325.0,1577.0
1619950,stimulus_Ins_LearningMobility_3_question_3131,599.6,325.6,1577.0
1619951,stimulus_Ins_LearningMobility_3_question_3131,608.1,325.4,1577.0
1619952,stimulus_Ins_LearningMobility_3_question_3131,615.9,324.2,1575.0
1619953,stimulus_Ins_LearningMobility_3_question_3131,622.8,323.0,1575.0
1619954,stimulus_Ins_LearningMobility_3_question_3131,628.7,322.9,1576.0
1619955,stimulus_Ins_LearningMobility_3_question_3131,636.4,323.0,1576.0
1619956,stimulus_Ins_LearningMobility_3_question_3131,644.0,322.8,1574.0
1619957,stimulus_Ins_LearningMobility_3_question_3131,651.9,322.2,1571.0
1619958,stimulus_Ins_LearningMobility_3_question_3131,657.1,322.1,1568.0
1619959,stimulus_Ins_LearningMobility_3_question_3131,662.0,322.9,1566.0
1619960,stimulus_Ins_LearningMobility_3_question_3131,666.1,323.8,1564.0
1619961,stimulus_Ins_LearningMobility_3_question_3131,671.1,324.3,1563.0
1619962,stimulus_Ins_LearningMobility_3_question_3131,674.9,323.3,1564.0
1619963,stimulus_Ins_LearningMobility_3_question_3131,679.0,322.2,1565.0
1619964,stimulus_Ins_LearningMobility_3_question_3131,682.2,321.3,1564.0
1619965,stimulus_Ins_LearningMobility_3_question_3131,685.2,321.2,1561.0
1619966,stimulus_Ins_LearningMobility_3_question_3131,687.1,321.2,1556.0
1619967,stimulus_Ins_LearningMobility_3_question_3131,689.2,320.7,1553.0
1619968,stimulus_Ins_LearningMobility_3_question_3131,692.0,320.1,1554.0
1619969,stimulus_Ins_LearningMobility_3_question_3131,694.9,319.5,1557.0
1619970,stimulus_Ins_LearningMobility_3_question_3131,698.0,318.7,1560.0
1619971,stimulus_Ins_LearningMobility_3_question_3131,700.7,318.0,1559.0
1619972,stimulus_Ins_LearningMobility_3_question_3131,703.1,316.6,1559.0
1619973,stimulus_Ins_LearningMobility_3_question_3131,704.7,315.7,1558.0
1619974,stimulus_Ins_LearningMobility_3_question_3131,705.5,315.0,1558.0
1619975,stimulus_Ins_LearningMobility_3_question_3131,705.9,315.4,1558.0
1619976,stimulus_Ins_LearningMobility_3_question_3131,706.0,315.8,1556.0
1619977,stimulus_Ins_LearningMobility_3_question_3131,706.6,316.0,1554.0
1619978,stimulus_Ins_LearningMobility_3_question_3131,707.5,316.7,1553.0
1619979,stimulus_Ins_LearningMobility_3_question_3131,708.3,317.3,1552.0
1619980,stimulus_Ins_LearningMobility_3_question_3131,708.8,317.7,1552.0
1619981,stimulus_Ins_LearningMobility_3_question_3131,708.9,317.4,1551.0
1619982,stimulus_Ins_LearningMobility_3_question_3131,708.9,317.0,1551.0
1619983,stimulus_Ins_LearningMobility_3_question_3131,708.9,316.8,1552.0
1619984,stimulus_Ins_LearningMobility_3_question_3131,708.8,316.3,1553.0
1619985,stimulus_Ins_LearningMobility_3_question_3131,708.8,315.9,1554.0
1619986,stimulus_Ins_LearningMobility_3_question_3131,708.9,315.5,1554.0
1619987,stimulus_Ins_LearningMobility_3_question_3131,709.0,315.5,1554.0
1619988,stimulus_Ins_LearningMobility_3_question_3131,709.1,315.4,1554.0
1619989,stimulus_Ins_LearningMobility_3_question_3131,709.1,315.4,1553.0
1619990,stimulus_Ins_LearningMobility_3_question_3131,709.5,315.4,1554.0
1619991,stimulus_Ins_LearningMobility_3_question_3131,710.0,315.2,1554.0
1619992,stimulus_Ins_LearningMobility_3_question_3131,710.5,315.0,1555.0
1619993,stimulus_Ins_LearningMobility_3_question_3131,710.6,314.8,1554.0
1619994,stimulus_Ins_LearningMobility_3_question_3131,710.4,314.9,1554.0
1619995,stimulus_Ins_LearningMobility_3_question_3131,710.0,314.9,1551.0
1619996,stimulus_Ins_LearningMobility_3_question_3131,709.7,315.2,1549.0
1619997,stimulus_Ins_LearningMobility_3_question_3131,709.8,315.6,1547.0
1619998,stimulus_Ins_LearningMobility_3_question_3131,710.0,316.0,1548.0
1619999,stimulus_Ins_LearningMobility_3_question_3131,710.0,316.6,1550.0
1620000,stimulus_Ins_LearningMobility_3_question_3131,709.9,317.3,1551.0
1620001,stimulus_Ins_LearningMobility_3_question_3131,709.8,317.7,1551.0
1620002,stimulus_Ins_LearningMobility_3_question_3131,710.2,317.6,1552.0
1620003,stimulus_Ins_LearningMobility_3_question_3131,710.6,317.0,1553.0
1620004,stimulus_Ins_LearningMobility_3_question_3131,711.0,316.5,1554.0
1620005,stimulus_Ins_LearningMobility_3_question_3131,710.9,316.0,1555.0
1620006,stimulus_Ins_LearningMobility_3_question_3131,710.9,316.0,1556.0
1620007,stimulus_Ins_LearningMobility_3_question_3131,711.0,315.9,1556.0
1620008,stimulus_Ins_LearningMobility_3_question_3131,711.0,316.0,1555.0
1620009,stimulus_Ins_LearningMobility_3_question_3131,711.1,316.0,1554.0
1620010,stimulus_Ins_LearningMobility_3_question_3131,711.2,316.1,1552.0
1620011,stimulus_Ins_LearningMobility_3_question_3131,710.9,316.2,1551.0
1620012,stimulus_Ins_LearningMobility_3_question_3131,710.6,316.8,1552.0
1620013,stimulus_Ins_LearningMobility_3_question_3131,710.4,317.5,1554.0
1620014,stimulus_Ins_LearningMobility_3_question_3131,710.7,317.7,1556.0
1620015,stimulus_Ins_LearningMobility_3_question_3131,711.2,316.6,1556.0
1620016,stimulus_Ins_LearningMobility_3_question_3131,711.6,315.4,1555.0
1620017,stimulus_Ins_LearningMobility_3_question_3131,711.5,315.4,1554.0
1620018,stimulus_Ins_LearningMobility_3_question_3131,711.4,316.2,1554.0
1620019,stimulus_Ins_LearningMobility_3_question_3131,711.3,316.6,1554.0
1620020,stimulus_Ins_LearningMobility_3_question_3131,711.3,316.0,1556.0
1620021,stimulus_Ins_LearningMobility_3_question_3131,711.4,315.5,1557.0
1620022,stimulus_Ins_LearningMobility_3_question_3131,711.5,315.1,1560.0
1620023,stimulus_Ins_LearningMobility_3_question_3131,711.8,314.7,1561.0
1620024,stimulus_Ins_LearningMobility_3_question_3131,712.0,314.5,1562.0
1620025,stimulus_Ins_LearningMobility_3_question_3131,712.2,314.7,1560.0
1620026,stimulus_Ins_LearningMobility_3_question_3131,712.2,315.0,1557.0
1620027,stimulus_Ins_LearningMobility_3_question_3131,712.1,315.3,1554.0
1620028,stimulus_Ins_LearningMobility_3_question_3131,712.1,315.4,1554.0
1620029,stimulus_Ins_LearningMobility_3_question_3131,712.0,315.3,1553.0
1620030,stimulus_Ins_LearningMobility_3_question_3131,712.2,315.0,1551.0
1620031,stimulus_Ins_LearningMobility_3_question_3131,712.4,314.9,1551.0
1620032,stimulus_Ins_LearningMobility_3_question_3131,712.5,314.9,1552.0
1620033,stimulus_Ins_LearningMobility_3_question_3131,712.6,314.9,1554.0
1620034,stimulus_Ins_LearningMobility_3_question_3131,712.7,314.9,1555.0
1620035,stimulus_Ins_LearningMobility_3_question_3131,712.9,314.8,1556.0
1620036,stimulus_Ins_LearningMobility_3_question_3131,712.7,315.3,1556.0
1620037,stimulus_Ins_LearningMobility_3_question_3131,712.4,316.0,1555.0
1620038,stimulus_Ins_LearningMobility_3_question_3131,712.0,316.4,1554.0
1620039,stimulus_Ins_LearningMobility_3_question_3131,711.9,316.2,1552.0
1620040,stimulus_Ins_LearningMobility_3_question_3131,711.9,315.6,1551.0
1620041,stimulus_Ins_LearningMobility_3_question_3131,711.9,315.2,1550.0
1620042,stimulus_Ins_LearningMobility_3_question_3131,711.7,314.9,1552.0
1620043,stimulus_Ins_LearningMobility_3_question_3131,711.5,315.0,1555.0
1620044,stimulus_Ins_LearningMobility_3_question_3131,711.5,315.1,1558.0
1620045,stimulus_Ins_LearningMobility_3_question_3131,711.7,315.7,1559.0
1620046,stimulus_Ins_LearningMobility_3_question_3131,711.8,316.2,1560.0
1620047,stimulus_Ins_LearningMobility_3_question_3131,711.7,316.0,1558.0
1620048,stimulus_Ins_LearningMobility_3_question_3131,711.4,315.5,1555.0
1620049,stimulus_Ins_LearningMobility_3_question_3131,711.2,315.0,1553.0
1620050,stimulus_Ins_LearningMobility_3_question_3131,711.1,314.9,1553.0
1620051,stimulus_Ins_LearningMobility_3_question_3131,711.3,314.7,1553.0
1620052,stimulus_Ins_LearningMobility_3_question_3131,711.6,314.4,1556.0
1620053,stimulus_Ins_LearningMobility_3_question_3131,711.9,314.5,1558.0
1620054,stimulus_Ins_LearningMobility_3_question_3131,711.8,314.8,1557.0
1620055,stimulus_Ins_LearningMobility_3_question_3131,711.3,315.0,1555.0
1620056,stimulus_Ins_LearningMobility_3_question_3131,710.9,315.0,1552.0
1620057,stimulus_Ins_LearningMobility_3_question_3131,710.5,314.9,1552.0
1620058,stimulus_Ins_LearningMobility_3_question_3131,710.4,315.4,1553.0
1620059,stimulus_Ins_LearningMobility_3_question_3131,710.2,316.1,1553.0
1620060,stimulus_Ins_LearningMobility_3_question_3131,710.3,316.5,1553.0
1620061,stimulus_Ins_LearningMobility_3_question_3131,710.4,316.3,1554.0
1620062,stimulus_Ins_LearningMobility_3_question_3131,710.1,316.2,1555.0
1620063,stimulus_Ins_LearningMobility_3_question_3131,709.7,316.5,1556.0
1620064,stimulus_Ins_LearningMobility_3_question_3131,709.7,316.7,1557.0
1620065,stimulus_Ins_LearningMobility_3_question_3131,710.2,316.7,1557.0
1620066,stimulus_Ins_LearningMobility_3_question_3131,710.4,316.4,1556.0
1620067,stimulus_Ins_LearningMobility_3_question_3131,710.0,316.0,1555.0
1620068,stimulus_Ins_LearningMobility_3_question_3131,709.5,315.6,1554.0
1620069,stimulus_Ins_LearningMobility_3_question_3131,709.4,315.7,1554.0
1620070,stimulus_Ins_LearningMobility_3_question_3131,709.5,315.8,1556.0
1620071,stimulus_Ins_LearningMobility_3_question_3131,709.7,315.8,1558.0
1620072,stimulus_Ins_LearningMobility_3_question_3131,709.7,316.0,1558.0
1620073,stimulus_Ins_LearningMobility_3_question_3131,709.6,316.0,1557.0
1620074,stimulus_Ins_LearningMobility_3_question_3131,709.3,316.0,1557.0
1620075,stimulus_Ins_LearningMobility_3_question_3131,708.9,315.5,1559.0
1620076,stimulus_Ins_LearningMobility_3_question_3131,708.6,315.1,1558.0
1620077,stimulus_Ins_LearningMobility_3_question_3131,708.6,314.9,1556.0
1620078,stimulus_Ins_LearningMobility_3_question_3131,708.6,315.1,1552.0
1620079,stimulus_Ins_LearningMobility_3_question_3131,708.6,315.3,1551.0
1620080,stimulus_Ins_LearningMobility_3_question_3131,708.1,315.1,1551.0
1620081,stimulus_Ins_LearningMobility_3_question_3131,707.6,314.7,1553.0
1620082,stimulus_Ins_LearningMobility_3_question_3131,707.2,314.3,1554.0
1620083,stimulus_Ins_LearningMobility_3_question_3131,707.4,314.2,1555.0
1620084,stimulus_Ins_LearningMobility_3_question_3131,707.6,314.7,1555.0
1620085,stimulus_Ins_LearningMobility_3_question_3131,708.0,315.6,1556.0
1620086,stimulus_Ins_LearningMobility_3_question_3131,708.4,316.4,1555.0
1620087,stimulus_Ins_LearningMobility_3_question_3131,708.8,316.8,1554.0
1620088,stimulus_Ins_LearningMobility_3_question_3131,708.5,316.8,1552.0
1620089,stimulus_Ins_LearningMobility_3_question_3131,708.4,316.3,1551.0
1620090,stimulus_Ins_LearningMobility_3_question_3131,708.4,315.8,1550.0
1620091,stimulus_Ins_LearningMobility_3_question_3131,708.5,315.2,1552.0
1620092,stimulus_Ins_LearningMobility_3_question_3131,708.5,315.2,1553.0
1620093,stimulus_Ins_LearningMobility_3_question_3131,708.6,315.2,1554.0
1620094,stimulus_Ins_LearningMobility_3_question_3131,708.3,315.2,1554.0
1620095,stimulus_Ins_LearningMobility_3_question_3131,708.1,315.3,1555.0
1620096,stimulus_Ins_LearningMobility_3_question_3131,708.0,315.4,1556.0
1620097,stimulus_Ins_LearningMobility_3_question_3131,708.3,315.5,1555.0
1620098,stimulus_Ins_LearningMobility_3_question_3131,708.5,316.0,1554.0
1620099,stimulus_Ins_LearningMobility_3_question_3131,708.5,316.4,1553.0
1620100,stimulus_Ins_LearningMobility_3_question_3131,708.6,317.0,1551.0
1620101,stimulus_Ins_LearningMobility_3_question_3131,708.6,317.1,1550.0
1620102,stimulus_Ins_LearningMobility_3_question_3131,708.7,316.6,1551.0
1620103,stimulus_Ins_LearningMobility_3_question_3131,708.7,316.0,1553.0
1620104,stimulus_Ins_LearningMobility_3_question_3131,708.6,315.4,1554.0
1620105,stimulus_Ins_LearningMobility_3_question_3131,708.5,315.4,1554.0
1620106,stimulus_Ins_LearningMobility_3_question_3131,708.4,315.4,1554.0
1620107,stimulus_Ins_LearningMobility_3_question_3131,708.6,315.4,1553.0
1620108,stimulus_Ins_LearningMobility_3_question_3131,708.6,315.4,1551.0
1620109,stimulus_Ins_LearningMobility_3_question_3131,708.6,315.9,1548.0
1620110,stimulus_Ins_LearningMobility_3_question_3131,708.6,316.3,1546.0
1620111,stimulus_Ins_LearningMobility_3_question_3131,708.7,316.7,1546.0
1620112,stimulus_Ins_LearningMobility_3_question_3131,708.9,316.7,1548.0
1620113,stimulus_Ins_LearningMobility_3_question_3131,708.9,316.2,1551.0
1620114,stimulus_Ins_LearningMobility_3_question_3131,708.8,315.7,1554.0
1620115,stimulus_Ins_LearningMobility_3_question_3131,708.5,315.5,1553.0
1620116,stimulus_Ins_LearningMobility_3_question_3131,708.3,315.8,1553.0
1620117,stimulus_Ins_LearningMobility_3_question_3131,708.1,316.1,1551.0
1620118,stimulus_Ins_LearningMobility_3_question_3131,708.0,316.1,1550.0
1620119,stimulus_Ins_LearningMobility_3_question_3131,708.0,316.1,1548.0
1620120,stimulus_Ins_LearningMobility_3_question_3131,708.2,315.8,1549.0
1620121,stimulus_Ins_LearningMobility_3_question_3131,708.4,315.6,1551.0
1620122,stimulus_Ins_LearningMobility_3_question_3131,708.5,315.2,1553.0
1620123,stimulus_Ins_LearningMobility_3_question_3131,708.5,315.1,1554.0
1620124,stimulus_Ins_LearningMobility_3_question_3131,708.4,315.0,1554.0
1620125,stimulus_Ins_LearningMobility_3_question_3131,708.6,315.5,1554.0
1620126,stimulus_Ins_LearningMobility_3_question_3131,708.7,315.9,1555.0
1620127,stimulus_Ins_LearningMobility_3_question_3131,708.8,316.3,1554.0
1620128,stimulus_Ins_LearningMobility_3_question_3131,708.6,316.4,1551.0
1620129,stimulus_Ins_LearningMobility_3_question_3131,708.4,316.4,1549.0
1620130,stimulus_Ins_LearningMobility_3_question_3131,708.3,316.3,1549.0
1620131,stimulus_Ins_LearningMobility_3_question_3131,708.3,316.2,1550.0
1620132,stimulus_Ins_LearningMobility_3_question_3131,708.2,316.1,1553.0
1620133,stimulus_Ins_LearningMobility_3_question_3131,708.1,315.7,1556.0
1620134,stimulus_Ins_LearningMobility_3_question_3131,708.0,315.3,1557.0
1620135,stimulus_Ins_LearningMobility_3_question_3131,707.9,315.1,1557.0
1620136,stimulus_Ins_LearningMobility_3_question_3131,707.8,315.3,1556.0
1620137,stimulus_Ins_LearningMobility_3_question_3131,707.8,315.5,1555.0
1620138,stimulus_Ins_LearningMobility_3_question_3131,707.8,315.8,1552.0
1620139,stimulus_Ins_LearningMobility_3_question_3131,707.7,316.0,1549.0
1620140,stimulus_Ins_LearningMobility_3_question_3131,707.7,316.1,1548.0
1620141,stimulus_Ins_LearningMobility_3_question_3131,707.7,316.3,1551.0
1620142,stimulus_Ins_LearningMobility_3_question_3131,707.8,316.2,1553.0
1620143,stimulus_Ins_LearningMobility_3_question_3131,707.8,316.1,1553.0
1620144,stimulus_Ins_LearningMobility_3_question_3131,707.8,316.0,1553.0
1620145,stimulus_Ins_LearningMobility_3_question_3131,708.3,315.9,1552.0
1620146,stimulus_Ins_LearningMobility_3_question_3131,708.9,315.8,1552.0
1620147,stimulus_Ins_LearningMobility_3_question_3131,708.9,315.7,1551.0
1620148,stimulus_Ins_LearningMobility_3_question_3131,708.4,315.5,1549.0
1620149,stimulus_Ins_LearningMobility_3_question_3131,708.1,315.4,1548.0
1620150,stimulus_Ins_LearningMobility_3_question_3131,708.2,315.4,1548.0
1620151,stimulus_Ins_LearningMobility_3_question_3131,708.2,315.4,1550.0
1620152,stimulus_Ins_LearningMobility_3_question_3131,708.1,315.4,1552.0
1620153,stimulus_Ins_LearningMobility_3_question_3131,708.0,315.4,1553.0
1620154,stimulus_Ins_LearningMobility_3_question_3131,707.9,315.4,1553.0
1620155,stimulus_Ins_LearningMobility_3_question_3131,707.9,315.5,1552.0
1620156,stimulus_Ins_LearningMobility_3_question_3131,707.7,315.6,1553.0
1620157,stimulus_Ins_LearningMobility_3_question_3131,707.7,315.5,1554.0
1620158,stimulus_Ins_LearningMobility_3_question_3131,707.7,315.5,1552.0
1620159,stimulus_Ins_LearningMobility_3_question_3131,707.8,315.7,1551.0
1620160,stimulus_Ins_LearningMobility_3_question_3131,707.7,316.0,1548.0
1620161,stimulus_Ins_LearningMobility_3_question_3131,707.6,316.2,1548.0
1620162,stimulus_Ins_LearningMobility_3_question_3131,707.5,316.7,1550.0
1620163,stimulus_Ins_LearningMobility_3_question_3131,707.5,317.2,1552.0
1620164,stimulus_Ins_LearningMobility_3_question_3131,707.6,317.4,1555.0
1620165,stimulus_Ins_LearningMobility_3_question_3131,708.1,317.0,1556.0
1620166,stimulus_Ins_LearningMobility_3_question_3131,708.5,316.6,1556.0
1620167,stimulus_Ins_LearningMobility_3_question_3131,709.1,316.6,1555.0
1620168,stimulus_Ins_LearningMobility_3_question_3131,709.2,316.7,1553.0
1620169,stimulus_Ins_LearningMobility_3_question_3131,709.2,316.8,1550.0
1620170,stimulus_Ins_LearningMobility_3_question_3131,709.1,316.9,1548.0
1620171,stimulus_Ins_LearningMobility_3_question_3131,709.0,317.0,1548.0
1620172,stimulus_Ins_LearningMobility_3_question_3131,709.1,317.0,1551.0
1620173,stimulus_Ins_LearningMobility_3_question_3131,709.1,316.6,1554.0
1620174,stimulus_Ins_LearningMobility_3_question_3131,709.1,316.2,1553.0
1620175,stimulus_Ins_LearningMobility_3_question_3131,709.1,316.4,1551.0
1620176,stimulus_Ins_LearningMobility_3_question_3131,709.1,316.9,1549.0
1620177,stimulus_Ins_LearningMobility_3_question_3131,709.2,316.9,1549.0
1620178,stimulus_Ins_LearningMobility_3_question_3131,709.2,316.5,1546.0
1620179,stimulus_Ins_LearningMobility_3_question_3131,709.1,316.0,1543.0
1620180,stimulus_Ins_LearningMobility_3_question_3131,709.1,316.2,1543.0
1620181,stimulus_Ins_LearningMobility_3_question_3131,709.1,316.3,1546.0
1620182,stimulus_Ins_LearningMobility_3_question_3131,709.1,316.4,1551.0
1620183,stimulus_Ins_LearningMobility_3_question_3131,708.7,316.2,1552.0
1620184,stimulus_Ins_LearningMobility_3_question_3131,708.4,315.9,1553.0
1620185,stimulus_Ins_LearningMobility_3_question_3131,708.3,315.8,1552.0
1620186,stimulus_Ins_LearningMobility_3_question_3131,708.4,316.1,1552.0
1620187,stimulus_Ins_LearningMobility_3_question_3131,708.7,316.5,1551.0
1620188,stimulus_Ins_LearningMobility_3_question_3131,708.9,316.7,1548.0
1620189,stimulus_Ins_LearningMobility_3_question_3131,709.0,316.8,1546.0
1620190,stimulus_Ins_LearningMobility_3_question_3131,709.0,316.8,1545.0
1620191,stimulus_Ins_LearningMobility_3_question_3131,708.9,317.1,1547.0
1620192,stimulus_Ins_LearningMobility_3_question_3131,708.8,317.2,1548.0
1620193,stimulus_Ins_LearningMobility_3_question_3131,708.8,317.2,1550.0
1620194,stimulus_Ins_LearningMobility_3_question_3131,708.9,317.1,1548.0
1620195,stimulus_Ins_LearningMobility_3_question_3131,709.1,317.1,1545.0
1620196,stimulus_Ins_LearningMobility_3_question_3131,709.2,317.2,1542.0
1620197,stimulus_Ins_LearningMobility_3_question_3131,709.1,317.2,1542.0
1620198,stimulus_Ins_LearningMobility_3_question_3131,709.1,317.1,1543.0
1620199,stimulus_Ins_LearningMobility_3_question_3131,709.1,317.0,1545.0
1620200,stimulus_Ins_LearningMobility_3_question_3131,709.0,317.1,1546.0
1620201,stimulus_Ins_LearningMobility_3_question_3131,708.8,317.2,1547.0
1620202,stimulus_Ins_LearningMobility_3_question_3131,708.6,317.0,1547.0
1620203,stimulus_Ins_LearningMobility_3_question_3131,708.6,316.7,1547.0
1620204,stimulus_Ins_LearningMobility_3_question_3131,708.6,316.8,1547.0
1620205,stimulus_Ins_LearningMobility_3_question_3131,708.6,317.0,1547.0
1620206,stimulus_Ins_LearningMobility_3_question_3131,708.5,317.3,1545.0
1620207,stimulus_Ins_LearningMobility_3_question_3131,708.4,317.1,1544.0
1620208,stimulus_Ins_LearningMobility_3_question_3131,708.3,317.2,1542.0
1620209,stimulus_Ins_LearningMobility_3_question_3131,708.1,316.9,1543.0
1620210,stimulus_Ins_LearningMobility_3_question_3131,708.0,316.6,1543.0
1620211,stimulus_Ins_LearningMobility_3_question_3131,708.0,316.3,1543.0
1620212,stimulus_Ins_LearningMobility_3_question_3131,708.0,315.5,1544.0
1620213,stimulus_Ins_LearningMobility_3_question_3131,708.0,314.8,1544.0
1620214,stimulus_Ins_LearningMobility_3_question_3131,707.9,314.1,1544.0
1620215,stimulus_Ins_LearningMobility_3_question_3131,707.9,314.6,1543.0
1620216,stimulus_Ins_LearningMobility_3_question_3131,707.9,315.1,1542.0
1620217,stimulus_Ins_LearningMobility_3_question_3131,707.8,315.5,1541.0
1620218,stimulus_Ins_LearningMobility_3_question_3131,707.6,315.5,1539.0
1620219,stimulus_Ins_LearningMobility_3_question_3131,707.0,315.6,1539.0
1620220,stimulus_Ins_LearningMobility_3_question_3131,706.5,315.5,1539.0
1620221,stimulus_Ins_LearningMobility_3_question_3131,706.2,315.4,1539.0
1620222,stimulus_Ins_LearningMobility_3_question_3131,706.5,315.4,1539.0
1620223,stimulus_Ins_LearningMobility_3_question_3131,706.7,315.3,1540.0
1620224,stimulus_Ins_LearningMobility_3_question_3131,707.0,315.3,1540.0
1620225,stimulus_Ins_LearningMobility_3_question_3131,706.6,315.6,1541.0
1620226,stimulus_Ins_LearningMobility_3_question_3131,706.3,315.8,1542.0
1620227,stimulus_Ins_LearningMobility_3_question_3131,706.3,316.0,1544.0
1620228,stimulus_Ins_LearningMobility_3_question_3131,707.0,316.0,1544.0
1620229,stimulus_Ins_LearningMobility_3_question_3131,708.6,316.8,1542.0
1620230,stimulus_Ins_LearningMobility_3_question_3131,711.1,317.5,1541.0
1620231,stimulus_Ins_LearningMobility_3_question_3131,714.5,318.3,1542.0
1620232,stimulus_Ins_LearningMobility_3_question_3131,717.5,317.2,1544.0
1620233,stimulus_Ins_LearningMobility_3_question_3131,720.0,316.1,1545.0
1620234,stimulus_Ins_LearningMobility_3_question_3131,724.0,315.4,1548.0
1620235,stimulus_Ins_LearningMobility_3_question_3131,729.8,315.6,1550.0
1620236,stimulus_Ins_LearningMobility_3_question_3131,737.1,315.7,1550.0
1620237,stimulus_Ins_LearningMobility_3_question_3131,744.0,315.5,1548.0
1620238,stimulus_Ins_LearningMobility_3_question_3131,750.7,315.0,1545.0
1620239,stimulus_Ins_LearningMobility_3_question_3131,756.9,314.6,1544.0
1620240,stimulus_Ins_LearningMobility_3_question_3131,763.7,314.7,1543.0
1620241,stimulus_Ins_LearningMobility_3_question_3131,770.7,315.0,1544.0
1620242,stimulus_Ins_LearningMobility_3_question_3131,777.8,316.1,1544.0
1620243,stimulus_Ins_LearningMobility_3_question_3131,785.2,316.5,1544.0
1620244,stimulus_Ins_LearningMobility_3_question_3131,790.9,315.7,1544.0
1620245,stimulus_Ins_LearningMobility_3_question_3131,795.4,314.1,1544.0
1620246,stimulus_Ins_LearningMobility_3_question_3131,798.5,312.6,1540.0
1620247,stimulus_Ins_LearningMobility_3_question_3131,802.7,312.3,1534.0
1620248,stimulus_Ins_LearningMobility_3_question_3131,808.2,312.3,1528.0
1620249,stimulus_Ins_LearningMobility_3_question_3131,812.9,312.5,1525.0
1620250,stimulus_Ins_LearningMobility_3_question_3131,817.4,312.9,1523.0
1620251,stimulus_Ins_LearningMobility_3_question_3131,820.8,313.2,1523.0
1620252,stimulus_Ins_LearningMobility_3_question_3131,823.7,312.8,1523.0
1620253,stimulus_Ins_LearningMobility_3_question_3131,825.6,311.8,1523.0
1620254,stimulus_Ins_LearningMobility_3_question_3131,827.6,310.6,1522.0
1620255,stimulus_Ins_LearningMobility_3_question_3131,829.2,310.1,1520.0
1620256,stimulus_Ins_LearningMobility_3_question_3131,830.5,310.3,1519.0
1620257,stimulus_Ins_LearningMobility_3_question_3131,831.4,310.7,1520.0
1620258,stimulus_Ins_LearningMobility_3_question_3131,832.2,310.9,1521.0
1620259,stimulus_Ins_LearningMobility_3_question_3131,833.4,310.7,1520.0
1620260,stimulus_Ins_LearningMobility_3_question_3131,834.3,311.3,1519.0
1620261,stimulus_Ins_LearningMobility_3_question_3131,835.1,311.9,1520.0
1620262,stimulus_Ins_LearningMobility_3_question_3131,835.4,312.5,1524.0
1620263,stimulus_Ins_LearningMobility_3_question_3131,835.8,312.4,1527.0
1620264,stimulus_Ins_LearningMobility_3_question_3131,836.2,312.3,1528.0
1620265,stimulus_Ins_LearningMobility_3_question_3131,836.3,312.4,1527.0
1620266,stimulus_Ins_LearningMobility_3_question_3131,836.3,313.0,1526.0
1620267,stimulus_Ins_LearningMobility_3_question_3131,836.2,313.7,1524.0
1620268,stimulus_Ins_LearningMobility_3_question_3131,836.3,313.8,1524.0
1620269,stimulus_Ins_LearningMobility_3_question_3131,836.4,313.3,1523.0
1620270,stimulus_Ins_LearningMobility_3_question_3131,836.6,312.8,1523.0
1620271,stimulus_Ins_LearningMobility_3_question_3131,836.6,312.9,1523.0
1620272,stimulus_Ins_LearningMobility_3_question_3131,836.5,313.0,1523.0
1620273,stimulus_Ins_LearningMobility_3_question_3131,836.8,312.9,1523.0
1620274,stimulus_Ins_LearningMobility_3_question_3131,837.2,312.6,1523.0
1620275,stimulus_Ins_LearningMobility_3_question_3131,837.6,312.3,1524.0
1620276,stimulus_Ins_LearningMobility_3_question_3131,837.7,312.7,1525.0
1620277,stimulus_Ins_LearningMobility_3_question_3131,837.6,313.1,1526.0
1620278,stimulus_Ins_LearningMobility_3_question_3131,837.5,313.5,1523.0
1620279,stimulus_Ins_LearningMobility_3_question_3131,837.5,313.5,1519.0
1620280,stimulus_Ins_LearningMobility_3_question_3131,837.5,313.5,1516.0
1620281,stimulus_Ins_LearningMobility_3_question_3131,837.5,313.5,1517.0
1620282,stimulus_Ins_LearningMobility_3_question_3131,837.5,313.5,1518.0
1620283,stimulus_Ins_LearningMobility_3_question_3131,837.7,313.4,1519.0
1620284,stimulus_Ins_LearningMobility_3_question_3131,837.9,312.8,1520.0
1620285,stimulus_Ins_LearningMobility_3_question_3131,838.0,312.3,1522.0
1620286,stimulus_Ins_LearningMobility_3_question_3131,837.8,311.8,1523.0
1620287,stimulus_Ins_LearningMobility_3_question_3131,837.5,312.2,1524.0
1620288,stimulus_Ins_LearningMobility_3_question_3131,837.4,312.4,1521.0
1620289,stimulus_Ins_LearningMobility_3_question_3131,837.4,312.4,1517.0
1620290,stimulus_Ins_LearningMobility_3_question_3131,837.5,311.9,1513.0
1620291,stimulus_Ins_LearningMobility_3_question_3131,837.5,311.6,1514.0
1620292,stimulus_Ins_LearningMobility_3_question_3131,837.4,311.4,1516.0
1620293,stimulus_Ins_LearningMobility_3_question_3131,837.4,311.0,1517.0
1620294,stimulus_Ins_LearningMobility_3_question_3131,837.7,310.6,1518.0
1620295,stimulus_Ins_LearningMobility_3_question_3131,837.9,309.9,1518.0
1620296,stimulus_Ins_LearningMobility_3_question_3131,837.8,309.8,1518.0
1620297,stimulus_Ins_LearningMobility_3_question_3131,837.7,309.7,1517.0
1620298,stimulus_Ins_LearningMobility_3_question_3131,837.5,309.7,1517.0
1620299,stimulus_Ins_LearningMobility_3_question_3131,837.6,309.6,1516.0
1620300,stimulus_Ins_LearningMobility_3_question_3131,838.4,309.6,1517.0
1620301,stimulus_Ins_LearningMobility_3_question_3131,839.1,309.6,1517.0
1620302,stimulus_Ins_LearningMobility_3_question_3131,839.5,309.6,1518.0
1620303,stimulus_Ins_LearningMobility_3_question_3131,839.1,309.5,1518.0
1620304,stimulus_Ins_LearningMobility_3_question_3131,839.0,309.6,1517.0
1620305,stimulus_Ins_LearningMobility_3_question_3131,839.2,309.6,1515.0
1620306,stimulus_Ins_LearningMobility_3_question_3131,839.3,309.6,1513.0
1620307,stimulus_Ins_LearningMobility_3_question_3131,839.1,310.1,1514.0
1620308,stimulus_Ins_LearningMobility_3_question_3131,839.5,310.6,1513.0
1620309,stimulus_Ins_LearningMobility_3_question_3131,839.8,311.3,1512.0
1620310,stimulus_Ins_LearningMobility_3_question_3131,840.3,311.3,1513.0
1620311,stimulus_Ins_LearningMobility_3_question_3131,840.2,311.4,1515.0
1620312,stimulus_Ins_LearningMobility_3_question_3131,840.2,311.4,1518.0
1620313,stimulus_Ins_LearningMobility_3_question_3131,840.1,311.4,1519.0
1620314,stimulus_Ins_LearningMobility_3_question_3131,840.0,311.3,1519.0
1620315,stimulus_Ins_LearningMobility_3_question_3131,840.6,311.1,1521.0
1620316,stimulus_Ins_LearningMobility_3_question_3131,841.2,310.9,1523.0
1620317,stimulus_Ins_LearningMobility_3_question_3131,841.1,310.8,1523.0
1620318,stimulus_Ins_LearningMobility_3_question_3131,840.6,310.7,1520.0
1620319,stimulus_Ins_LearningMobility_3_question_3131,840.0,310.7,1518.0
1620320,stimulus_Ins_LearningMobility_3_question_3131,840.2,310.6,1518.0
1620321,stimulus_Ins_LearningMobility_3_question_3131,840.2,310.6,1518.0
1620322,stimulus_Ins_LearningMobility_3_question_3131,839.9,310.6,1521.0
1620323,stimulus_Ins_LearningMobility_3_question_3131,839.4,310.6,1523.0
1620324,stimulus_Ins_LearningMobility_3_question_3131,838.9,310.6,1525.0
1620325,stimulus_Ins_LearningMobility_3_question_3131,838.7,310.7,1524.0
1620326,stimulus_Ins_LearningMobility_3_question_3131,838.6,310.7,1523.0
1620327,stimulus_Ins_LearningMobility_3_question_3131,838.6,310.8,1524.0
1620328,stimulus_Ins_LearningMobility_3_question_3131,838.6,311.6,1524.0
1620329,stimulus_Ins_LearningMobility_3_question_3131,838.5,312.2,1522.0
1620330,stimulus_Ins_LearningMobility_3_question_3131,838.6,312.9,1520.0
1620331,stimulus_Ins_LearningMobility_3_question_3131,839.2,313.0,1519.0
1620332,stimulus_Ins_LearningMobility_3_question_3131,839.9,313.2,1520.0
1620333,stimulus_Ins_LearningMobility_3_question_3131,840.5,313.2,1521.0
1620334,stimulus_Ins_LearningMobility_3_question_3131,840.5,313.1,1522.0
1620335,stimulus_Ins_LearningMobility_3_question_3131,839.9,312.8,1524.0
1620336,stimulus_Ins_LearningMobility_3_question_3131,839.3,312.4,1527.0
1620337,stimulus_Ins_LearningMobility_3_question_3131,838.7,312.1,1527.0
1620338,stimulus_Ins_LearningMobility_3_question_3131,838.7,312.0,1525.0
1620339,stimulus_Ins_LearningMobility_3_question_3131,838.4,311.9,1524.0
1620340,stimulus_Ins_LearningMobility_3_question_3131,838.0,311.9,1523.0
1620341,stimulus_Ins_LearningMobility_3_question_3131,837.6,311.7,1522.0
1620342,stimulus_Ins_LearningMobility_3_question_3131,837.5,311.7,1521.0
1620343,stimulus_Ins_LearningMobility_3_question_3131,837.4,311.7,1521.0
1620344,stimulus_Ins_LearningMobility_3_question_3131,837.2,311.9,1521.0
1620345,stimulus_Ins_LearningMobility_3_question_3131,837.0,311.9,1521.0
1620346,stimulus_Ins_LearningMobility_3_question_3131,836.8,311.9,1521.0
1620347,stimulus_Ins_LearningMobility_3_question_3131,836.8,311.7,1521.0
1620348,stimulus_Ins_LearningMobility_3_question_3131,836.8,311.5,1520.0
1620349,stimulus_Ins_LearningMobility_3_question_3131,836.9,311.4,1519.0
1620350,stimulus_Ins_LearningMobility_3_question_3131,836.9,311.7,1518.0
1620351,stimulus_Ins_LearningMobility_3_question_3131,836.7,312.0,1518.0
1620352,stimulus_Ins_LearningMobility_3_question_3131,836.5,312.4,1520.0
1620353,stimulus_Ins_LearningMobility_3_question_3131,836.4,312.6,1522.0
1620354,stimulus_Ins_LearningMobility_3_question_3131,836.6,312.9,1522.0
1620355,stimulus_Ins_LearningMobility_3_question_3131,837.0,313.5,1521.0
1620356,stimulus_Ins_LearningMobility_3_question_3131,837.2,314.1,1519.0
1620357,stimulus_Ins_LearningMobility_3_question_3131,837.1,314.5,1519.0
1620358,stimulus_Ins_LearningMobility_3_question_3131,836.8,314.2,1518.0
1620359,stimulus_Ins_LearningMobility_3_question_3131,836.5,313.9,1517.0
1620360,stimulus_Ins_LearningMobility_3_question_3131,836.5,313.6,1516.0
1620361,stimulus_Ins_LearningMobility_3_question_3131,836.6,313.3,1517.0
1620362,stimulus_Ins_LearningMobility_3_question_3131,836.7,313.2,1520.0
1620363,stimulus_Ins_LearningMobility_3_question_3131,836.7,313.4,1522.0
1620364,stimulus_Ins_LearningMobility_3_question_3131,836.5,314.1,1522.0
1620365,stimulus_Ins_LearningMobility_3_question_3131,836.3,314.7,1520.0
1620366,stimulus_Ins_LearningMobility_3_question_3131,836.0,315.1,1519.0
1620367,stimulus_Ins_LearningMobility_3_question_3131,836.0,314.9,1519.0
1620368,stimulus_Ins_LearningMobility_3_question_3131,836.3,314.5,1519.0
1620369,stimulus_Ins_LearningMobility_3_question_3131,836.5,314.1,1520.0
1620370,stimulus_Ins_LearningMobility_3_question_3131,836.8,313.8,1521.0
1620371,stimulus_Ins_LearningMobility_3_question_3131,836.8,313.6,1520.0
1620372,stimulus_Ins_LearningMobility_3_question_3131,836.9,312.9,1519.0
1620373,stimulus_Ins_LearningMobility_3_question_3131,836.8,312.0,1518.0
1620374,stimulus_Ins_LearningMobility_3_question_3131,836.6,311.2,1518.0
1620375,stimulus_Ins_LearningMobility_3_question_3131,836.0,311.0,1517.0
1620376,stimulus_Ins_LearningMobility_3_question_3131,835.5,311.6,1517.0
1620377,stimulus_Ins_LearningMobility_3_question_3131,835.1,312.3,1518.0
1620378,stimulus_Ins_LearningMobility_3_question_3131,835.1,313.0,1520.0
1620379,stimulus_Ins_LearningMobility_3_question_3131,835.5,313.1,1522.0
1620380,stimulus_Ins_LearningMobility_3_question_3131,836.1,313.1,1523.0
1620381,stimulus_Ins_LearningMobility_3_question_3131,836.7,312.9,1523.0
1620382,stimulus_Ins_LearningMobility_3_question_3131,836.3,313.1,1522.0
1620383,stimulus_Ins_LearningMobility_3_question_3131,835.6,313.3,1521.0
1620384,stimulus_Ins_LearningMobility_3_question_3131,835.0,313.6,1520.0
1620385,stimulus_Ins_LearningMobility_3_question_3131,835.0,313.9,1519.0
1620386,stimulus_Ins_LearningMobility_3_question_3131,835.6,314.1,1519.0
1620387,stimulus_Ins_LearningMobility_3_question_3131,836.2,314.1,1518.0
1620388,stimulus_Ins_LearningMobility_3_question_3131,836.5,313.7,1517.0
1620389,stimulus_Ins_LearningMobility_3_question_3131,836.3,313.5,1514.0
1620390,stimulus_Ins_LearningMobility_3_question_3131,836.1,313.4,1513.0
1620391,stimulus_Ins_LearningMobility_3_question_3131,836.3,313.2,1512.0
1620392,stimulus_Ins_LearningMobility_3_question_3131,836.4,312.9,1517.0
1620393,stimulus_Ins_LearningMobility_3_question_3131,836.4,312.7,1522.0
1620394,stimulus_Ins_LearningMobility_3_question_3131,836.5,312.8,1526.0
1620395,stimulus_Ins_LearningMobility_3_question_3131,836.5,313.0,1525.0
1620396,stimulus_Ins_LearningMobility_3_question_3131,836.5,313.0,1524.0
1620397,stimulus_Ins_LearningMobility_3_question_3131,836.4,313.0,1522.0
1620398,stimulus_Ins_LearningMobility_3_question_3131,836.3,313.0,1520.0
1620399,stimulus_Ins_LearningMobility_3_question_3131,836.3,313.0,1518.0
1620400,stimulus_Ins_LearningMobility_3_question_3131,836.4,313.0,1517.0
1620401,stimulus_Ins_LearningMobility_3_question_3131,836.5,313.0,1517.0
1620402,stimulus_Ins_LearningMobility_3_question_3131,836.7,313.0,1518.0
1620403,stimulus_Ins_LearningMobility_3_question_3131,836.6,312.6,1520.0
1620404,stimulus_Ins_LearningMobility_3_question_3131,836.5,312.2,1521.0
1620405,stimulus_Ins_LearningMobility_3_question_3131,836.4,311.8,1522.0
1620406,stimulus_Ins_LearningMobility_3_question_3131,836.3,311.6,1522.0
1620407,stimulus_Ins_LearningMobility_3_question_3131,836.7,311.5,1521.0
1620408,stimulus_Ins_LearningMobility_3_question_3131,837.0,311.5,1520.0
1620409,stimulus_Ins_LearningMobility_3_question_3131,837.4,311.7,1521.0
1620410,stimulus_Ins_LearningMobility_3_question_3131,837.4,311.8,1520.0
1620411,stimulus_Ins_LearningMobility_3_question_3131,837.5,311.9,1518.0
1620412,stimulus_Ins_LearningMobility_3_question_3131,837.5,312.0,1517.0
1620413,stimulus_Ins_LearningMobility_3_question_3131,837.6,312.0,1517.0
1620414,stimulus_Ins_LearningMobility_3_question_3131,837.6,312.0,1518.0
1620415,stimulus_Ins_LearningMobility_3_question_3131,837.6,311.9,1520.0
1620416,stimulus_Ins_LearningMobility_3_question_3131,837.6,311.4,1521.0
1620417,stimulus_Ins_LearningMobility_3_question_3131,837.7,310.8,1518.0
1620418,stimulus_Ins_LearningMobility_3_question_3131,837.7,310.2,1516.0
1620419,stimulus_Ins_LearningMobility_3_question_3131,837.8,310.1,1515.0
1620420,stimulus_Ins_LearningMobility_3_question_3131,837.8,310.2,1516.0
1620421,stimulus_Ins_LearningMobility_3_question_3131,837.7,310.2,1516.0
1620422,stimulus_Ins_LearningMobility_3_question_3131,837.6,310.2,1517.0
1620423,stimulus_Ins_LearningMobility_3_question_3131,837.4,310.1,1517.0
1620424,stimulus_Ins_LearningMobility_3_question_3131,837.1,309.9,1518.0
1620425,stimulus_Ins_LearningMobility_3_question_3131,836.7,309.8,1518.0
1620426,stimulus_Ins_LearningMobility_3_question_3131,836.2,309.9,1516.0
1620427,stimulus_Ins_LearningMobility_3_question_3131,836.1,310.3,1513.0
1620428,stimulus_Ins_LearningMobility_3_question_3131,836.3,310.6,1511.0
1620429,stimulus_Ins_LearningMobility_3_question_3131,836.6,310.8,1509.0
1620430,stimulus_Ins_LearningMobility_3_question_3131,837.0,310.6,1509.0
1620431,stimulus_Ins_LearningMobility_3_question_3131,836.9,310.7,1510.0
1620432,stimulus_Ins_LearningMobility_3_question_3131,836.8,310.9,1512.0
1620433,stimulus_Ins_LearningMobility_3_question_3131,836.1,310.7,1513.0
1620434,stimulus_Ins_LearningMobility_3_question_3131,835.5,310.2,1514.0
1620435,stimulus_Ins_LearningMobility_3_question_3131,834.9,310.6,1513.0
1620436,stimulus_Ins_LearningMobility_3_question_3131,834.8,311.4,1515.0
1620437,stimulus_Ins_LearningMobility_3_question_3131,834.8,312.1,1516.0
1620438,stimulus_Ins_LearningMobility_3_question_3131,834.9,312.1,1516.0
1620439,stimulus_Ins_LearningMobility_3_question_3131,834.9,312.3,1516.0
1620440,stimulus_Ins_LearningMobility_3_question_3131,834.9,312.5,1515.0
1620441,stimulus_Ins_LearningMobility_3_question_3131,834.9,312.6,1514.0
1620442,stimulus_Ins_LearningMobility_3_question_3131,834.9,312.7,1514.0
1620443,stimulus_Ins_LearningMobility_3_question_3131,835.0,312.8,1514.0
1620444,stimulus_Ins_LearningMobility_3_question_3131,835.0,313.0,1513.0
1620445,stimulus_Ins_LearningMobility_3_question_3131,834.9,313.4,1511.0
1620446,stimulus_Ins_LearningMobility_3_question_3131,834.7,313.7,1510.0
1620447,stimulus_Ins_LearningMobility_3_question_3131,834.8,313.6,1509.0
1620448,stimulus_Ins_LearningMobility_3_question_3131,835.2,313.4,1509.0
1620449,stimulus_Ins_LearningMobility_3_question_3131,835.6,313.3,1509.0
1620450,stimulus_Ins_LearningMobility_3_question_3131,835.4,313.2,1509.0
1620451,stimulus_Ins_LearningMobility_3_question_3131,835.1,313.2,1509.0
1620452,stimulus_Ins_LearningMobility_3_question_3131,834.6,313.1,1508.0
1620453,stimulus_Ins_LearningMobility_3_question_3131,834.4,313.0,1508.0
1620454,stimulus_Ins_LearningMobility_3_question_3131,834.2,313.1,1510.0
1620455,stimulus_Ins_LearningMobility_3_question_3131,834.2,313.2,1511.0
1620456,stimulus_Ins_LearningMobility_3_question_3131,834.1,313.3,1512.0
1620457,stimulus_Ins_LearningMobility_3_question_3131,834.4,313.7,1511.0
1620458,stimulus_Ins_LearningMobility_3_question_3131,834.7,314.1,1509.0
1620459,stimulus_Ins_LearningMobility_3_question_3131,835.0,314.5,1509.0
1620460,stimulus_Ins_LearningMobility_3_question_3131,835.0,314.4,1510.0
1620461,stimulus_Ins_LearningMobility_3_question_3131,834.9,314.3,1511.0
1620462,stimulus_Ins_LearningMobility_3_question_3131,834.9,314.2,1513.0
1620463,stimulus_Ins_LearningMobility_3_question_3131,834.7,314.2,1513.0
1620464,stimulus_Ins_LearningMobility_3_question_3131,834.6,314.1,1513.0
1620465,stimulus_Ins_LearningMobility_3_question_3131,834.5,314.1,1513.0
1620466,stimulus_Ins_LearningMobility_3_question_3131,834.5,314.2,1514.0
1620467,stimulus_Ins_LearningMobility_3_question_3131,834.5,314.3,1514.0
1620468,stimulus_Ins_LearningMobility_3_question_3131,834.2,314.4,1514.0
1620469,stimulus_Ins_LearningMobility_3_question_3131,833.9,314.8,1513.0
1620470,stimulus_Ins_LearningMobility_3_question_3131,833.7,315.2,1512.0
1620471,stimulus_Ins_LearningMobility_3_question_3131,834.5,315.5,1512.0
1620472,stimulus_Ins_LearningMobility_3_question_3131,835.3,315.3,1514.0
1620473,stimulus_Ins_LearningMobility_3_question_3131,835.8,315.2,1515.0
1620474,stimulus_Ins_LearningMobility_3_question_3131,835.2,315.2,1516.0
1620475,stimulus_Ins_LearningMobility_3_question_3131,834.4,315.3,1516.0
1620476,stimulus_Ins_LearningMobility_3_question_3131,834.1,315.3,1516.0
1620477,stimulus_Ins_LearningMobility_3_question_3131,834.3,315.5,1516.0
1620478,stimulus_Ins_LearningMobility_3_question_3131,834.8,315.6,1516.0
1620479,stimulus_Ins_LearningMobility_3_question_3131,835.4,315.5,1515.0
1620480,stimulus_Ins_LearningMobility_3_question_3131,835.2,315.3,1514.0
1620481,stimulus_Ins_LearningMobility_3_question_3131,834.8,315.2,1512.0
1620482,stimulus_Ins_LearningMobility_3_question_3131,834.5,315.3,1512.0
1620483,stimulus_Ins_LearningMobility_3_question_3131,834.8,315.0,1512.0
1620484,stimulus_Ins_LearningMobility_3_question_3131,835.1,314.7,1511.0
1620485,stimulus_Ins_LearningMobility_3_question_3131,835.0,314.3,1510.0
1620486,stimulus_Ins_LearningMobility_3_question_3131,834.7,314.2,1509.0
1620487,stimulus_Ins_LearningMobility_3_question_3131,834.5,314.2,1509.0
1620488,stimulus_Ins_LearningMobility_3_question_3131,834.6,314.5,1508.0
1620489,stimulus_Ins_LearningMobility_3_question_3131,834.7,314.9,1508.0
1620490,stimulus_Ins_LearningMobility_3_question_3131,834.9,315.2,1507.0
1620491,stimulus_Ins_LearningMobility_3_question_3131,834.8,315.4,1506.0
1620492,stimulus_Ins_LearningMobility_3_question_3131,834.8,315.5,1505.0
1620493,stimulus_Ins_LearningMobility_3_question_3131,834.7,315.5,1505.0
1620494,stimulus_Ins_LearningMobility_3_question_3131,834.7,315.3,1505.0
1620495,stimulus_Ins_LearningMobility_3_question_3131,834.9,314.8,1506.0
1620496,stimulus_Ins_LearningMobility_3_question_3131,835.1,314.2,1506.0
1620497,stimulus_Ins_LearningMobility_3_question_3131,835.6,313.9,1505.0
1620498,stimulus_Ins_LearningMobility_3_question_3131,835.9,314.4,1505.0
1620499,stimulus_Ins_LearningMobility_3_question_3131,836.1,316.0,1504.0
1620500,stimulus_Ins_LearningMobility_3_question_3131,835.7,318.0,1503.0
1620501,stimulus_Ins_LearningMobility_3_question_3131,835.1,319.5,1503.0
1620502,stimulus_Ins_LearningMobility_3_question_3131,833.1,321.8,1503.0
1620503,stimulus_Ins_LearningMobility_3_question_3131,829.5,324.9,1505.0
1620504,stimulus_Ins_LearningMobility_3_question_3131,824.1,329.7,1511.0
1620505,stimulus_Ins_LearningMobility_3_question_3131,818.0,335.6,1515.0
1620506,stimulus_Ins_LearningMobility_3_question_3131,811.3,343.1,1520.0
1620507,stimulus_Ins_LearningMobility_3_question_3131,803.5,350.7,1524.0
1620508,stimulus_Ins_LearningMobility_3_question_3131,794.9,357.7,1529.0
1620509,stimulus_Ins_LearningMobility_3_question_3131,786.7,364.1,1532.0
1620510,stimulus_Ins_LearningMobility_3_question_3131,779.9,371.2,1532.0
1620511,stimulus_Ins_LearningMobility_3_question_3131,774.3,379.5,1534.0
1620512,stimulus_Ins_LearningMobility_3_question_3131,769.3,388.3,1544.0
1620513,stimulus_Ins_LearningMobility_3_question_3131,764.9,397.4,1553.0
1620514,stimulus_Ins_LearningMobility_3_question_3131,761.3,405.5,1560.0
1620515,stimulus_Ins_LearningMobility_3_question_3131,758.2,413.5,1560.0
1620516,stimulus_Ins_LearningMobility_3_question_3131,755.8,420.6,1558.0
1620517,stimulus_Ins_LearningMobility_3_question_3131,753.8,427.0,1555.0
1620518,stimulus_Ins_LearningMobility_3_question_3131,753.0,432.3,1553.0
1620519,stimulus_Ins_LearningMobility_3_question_3131,752.5,438.9,1552.0
1620520,stimulus_Ins_LearningMobility_3_question_3131,751.7,445.2,1555.0
1620521,stimulus_Ins_LearningMobility_3_question_3131,749.8,452.8,1558.0
1620522,stimulus_Ins_LearningMobility_3_question_3131,747.0,458.7,1557.0
1620523,stimulus_Ins_LearningMobility_3_question_3131,743.2,464.7,1555.0
1620524,stimulus_Ins_LearningMobility_3_question_3131,739.9,468.3,1553.0
1620525,stimulus_Ins_LearningMobility_3_question_3131,736.7,472.2,1554.0
1620526,stimulus_Ins_LearningMobility_3_question_3131,735.2,476.7,1555.0
1620527,stimulus_Ins_LearningMobility_3_question_3131,734.1,482.3,1556.0
1620528,stimulus_Ins_LearningMobility_3_question_3131,732.9,487.5,1555.0
1620529,stimulus_Ins_LearningMobility_3_question_3131,731.7,492.0,1553.0
1620530,stimulus_Ins_LearningMobility_3_question_3131,729.6,496.5,1551.0
1620531,stimulus_Ins_LearningMobility_3_question_3131,728.4,501.2,1551.0
1620532,stimulus_Ins_LearningMobility_3_question_3131,727.3,505.4,1550.0
1620533,stimulus_Ins_LearningMobility_3_question_3131,726.5,509.1,1551.0
1620534,stimulus_Ins_LearningMobility_3_question_3131,725.9,512.3,1552.0
1620535,stimulus_Ins_LearningMobility_3_question_3131,725.4,515.5,1553.0
1620536,stimulus_Ins_LearningMobility_3_question_3131,725.2,518.1,1553.0
1620537,stimulus_Ins_LearningMobility_3_question_3131,724.8,520.0,1552.0
1620538,stimulus_Ins_LearningMobility_3_question_3131,724.3,521.5,1550.0
1620539,stimulus_Ins_LearningMobility_3_question_3131,723.9,522.4,1547.0
1620540,stimulus_Ins_LearningMobility_3_question_3131,723.9,523.5,1546.0
1620541,stimulus_Ins_LearningMobility_3_question_3131,724.1,523.8,1545.0
1620542,stimulus_Ins_LearningMobility_3_question_3131,724.3,523.0,1545.0
1620543,stimulus_Ins_LearningMobility_3_question_3131,724.5,521.7,1546.0
1620544,stimulus_Ins_LearningMobility_3_question_3131,724.4,519.4,1547.0
1620545,stimulus_Ins_LearningMobility_3_question_3131,724.4,517.9,1547.0
1620546,stimulus_Ins_LearningMobility_3_question_3131,725.0,515.8,1546.0
1620547,stimulus_Ins_LearningMobility_3_question_3131,725.6,514.8,1545.0
1620548,stimulus_Ins_LearningMobility_3_question_3131,726.8,514.2,1542.0
1620549,stimulus_Ins_LearningMobility_3_question_3131,727.4,514.5,1539.0
1620550,stimulus_Ins_LearningMobility_3_question_3131,727.7,514.8,1537.0
1620551,stimulus_Ins_LearningMobility_3_question_3131,727.4,514.8,1537.0
1620552,stimulus_Ins_LearningMobility_3_question_3131,727.1,514.7,1537.0
1620553,stimulus_Ins_LearningMobility_3_question_3131,727.0,514.7,1537.0
1620554,stimulus_Ins_LearningMobility_3_question_3131,726.8,515.2,1537.0
1620555,stimulus_Ins_LearningMobility_3_question_3131,726.6,515.9,1537.0
1620556,stimulus_Ins_LearningMobility_3_question_3131,726.4,516.9,1538.0
1620557,stimulus_Ins_LearningMobility_3_question_3131,726.4,517.7,1539.0
1620558,stimulus_Ins_LearningMobility_3_question_3131,726.5,518.3,1540.0
1620559,stimulus_Ins_LearningMobility_3_question_3131,726.6,518.2,1539.0
1620560,stimulus_Ins_LearningMobility_3_question_3131,726.6,518.5,1537.0
1620561,stimulus_Ins_LearningMobility_3_question_3131,726.6,518.8,1535.0
1620562,stimulus_Ins_LearningMobility_3_question_3131,726.6,519.2,1534.0
1620563,stimulus_Ins_LearningMobility_3_question_3131,726.7,519.3,1535.0
1620564,stimulus_Ins_LearningMobility_3_question_3131,726.3,519.5,1536.0
1620565,stimulus_Ins_LearningMobility_3_question_3131,725.7,519.5,1536.0
1620566,stimulus_Ins_LearningMobility_3_question_3131,725.3,519.0,1536.0
1620567,stimulus_Ins_LearningMobility_3_question_3131,725.5,518.5,1536.0
1620568,stimulus_Ins_LearningMobility_3_question_3131,725.6,518.1,1535.0
1620569,stimulus_Ins_LearningMobility_3_question_3131,725.8,518.0,1535.0
1620570,stimulus_Ins_LearningMobility_3_question_3131,726.0,518.0,1533.0
1620571,stimulus_Ins_LearningMobility_3_question_3131,726.3,517.8,1531.0
1620572,stimulus_Ins_LearningMobility_3_question_3131,726.5,517.6,1531.0
1620573,stimulus_Ins_LearningMobility_3_question_3131,726.6,517.6,1531.0
1620574,stimulus_Ins_LearningMobility_3_question_3131,726.6,518.0,1531.0
1620575,stimulus_Ins_LearningMobility_3_question_3131,726.6,518.5,1532.0
1620576,stimulus_Ins_LearningMobility_3_question_3131,726.6,518.9,1533.0
1620577,stimulus_Ins_LearningMobility_3_question_3131,726.6,518.9,1533.0
1620578,stimulus_Ins_LearningMobility_3_question_3131,726.6,518.8,1532.0
1620579,stimulus_Ins_LearningMobility_3_question_3131,726.9,518.4,1531.0
1620580,stimulus_Ins_LearningMobility_3_question_3131,727.3,518.0,1531.0
1620581,stimulus_Ins_LearningMobility_3_question_3131,727.6,517.7,1531.0
1620582,stimulus_Ins_LearningMobility_3_question_3131,727.6,517.9,1532.0
1620583,stimulus_Ins_LearningMobility_3_question_3131,727.6,518.1,1533.0
1620584,stimulus_Ins_LearningMobility_3_question_3131,727.6,518.1,1534.0
1620585,stimulus_Ins_LearningMobility_3_question_3131,727.4,518.1,1534.0
1620586,stimulus_Ins_LearningMobility_3_question_3131,727.2,518.5,1532.0
1620587,stimulus_Ins_LearningMobility_3_question_3131,727.0,518.9,1530.0
1620588,stimulus_Ins_LearningMobility_3_question_3131,727.0,519.4,1526.0
1620589,stimulus_Ins_LearningMobility_3_question_3131,727.0,519.6,1524.0
1620590,stimulus_Ins_LearningMobility_3_question_3131,727.2,519.4,1524.0
1620591,stimulus_Ins_LearningMobility_3_question_3131,727.4,519.0,1526.0
1620592,stimulus_Ins_LearningMobility_3_question_3131,727.7,518.9,1532.0
1620593,stimulus_Ins_LearningMobility_3_question_3131,727.7,519.4,1537.0
1620594,stimulus_Ins_LearningMobility_3_question_3131,727.7,519.9,1539.0
1620595,stimulus_Ins_LearningMobility_3_question_3131,727.6,520.3,1537.0
1620596,stimulus_Ins_LearningMobility_3_question_3131,727.4,520.4,1534.0
1620597,stimulus_Ins_LearningMobility_3_question_3131,727.3,520.2,1533.0
1620598,stimulus_Ins_LearningMobility_3_question_3131,727.3,519.9,1530.0
1620599,stimulus_Ins_LearningMobility_3_question_3131,727.4,519.9,1528.0
1620600,stimulus_Ins_LearningMobility_3_question_3131,727.5,520.2,1529.0
1620601,stimulus_Ins_LearningMobility_3_question_3131,727.6,520.4,1529.0
1620602,stimulus_Ins_LearningMobility_3_question_3131,727.8,520.3,1529.0
1620603,stimulus_Ins_LearningMobility_3_question_3131,728.0,519.7,1531.0
1620604,stimulus_Ins_LearningMobility_3_question_3131,728.2,519.1,1533.0
1620605,stimulus_Ins_LearningMobility_3_question_3131,728.3,518.5,1533.0
1620606,stimulus_Ins_LearningMobility_3_question_3131,728.2,518.5,1531.0
1620607,stimulus_Ins_LearningMobility_3_question_3131,728.0,518.6,1529.0
1620608,stimulus_Ins_LearningMobility_3_question_3131,727.6,518.3,1528.0
1620609,stimulus_Ins_LearningMobility_3_question_3131,727.3,518.0,1528.0
1620610,stimulus_Ins_LearningMobility_3_question_3131,727.0,517.6,1529.0
1620611,stimulus_Ins_LearningMobility_3_question_3131,727.0,517.6,1532.0
1620612,stimulus_Ins_LearningMobility_3_question_3131,727.0,517.6,1535.0
1620613,stimulus_Ins_LearningMobility_3_question_3131,727.3,517.6,1536.0
1620614,stimulus_Ins_LearningMobility_3_question_3131,727.6,517.6,1535.0
1620615,stimulus_Ins_LearningMobility_3_question_3131,727.9,517.5,1534.0
1620616,stimulus_Ins_LearningMobility_3_question_3131,727.9,517.5,1532.0
1620617,stimulus_Ins_LearningMobility_3_question_3131,727.8,517.3,1530.0
1620618,stimulus_Ins_LearningMobility_3_question_3131,727.6,516.8,1529.0
1620619,stimulus_Ins_LearningMobility_3_question_3131,727.6,516.3,1527.0
1620620,stimulus_Ins_LearningMobility_3_question_3131,727.6,515.8,1525.0
1620621,stimulus_Ins_LearningMobility_3_question_3131,727.6,515.8,1523.0
1620622,stimulus_Ins_LearningMobility_3_question_3131,727.6,516.0,1524.0
1620623,stimulus_Ins_LearningMobility_3_question_3131,727.7,516.2,1525.0
1620624,stimulus_Ins_LearningMobility_3_question_3131,727.7,516.4,1525.0
1620625,stimulus_Ins_LearningMobility_3_question_3131,727.8,516.5,1527.0
1620626,stimulus_Ins_LearningMobility_3_question_3131,727.8,516.6,1528.0
1620627,stimulus_Ins_LearningMobility_3_question_3131,727.3,516.7,1530.0
1620628,stimulus_Ins_LearningMobility_3_question_3131,726.9,516.8,1530.0
1620629,stimulus_Ins_LearningMobility_3_question_3131,726.8,516.5,1528.0
1620630,stimulus_Ins_LearningMobility_3_question_3131,727.1,516.1,1527.0
1620631,stimulus_Ins_LearningMobility_3_question_3131,726.9,515.7,1525.0
1620632,stimulus_Ins_LearningMobility_3_question_3131,726.4,515.8,1526.0
1620633,stimulus_Ins_LearningMobility_3_question_3131,725.9,516.0,1526.0
1620634,stimulus_Ins_LearningMobility_3_question_3131,725.8,516.1,1526.0
1620635,stimulus_Ins_LearningMobility_3_question_3131,725.7,516.1,1526.0
1620636,stimulus_Ins_LearningMobility_3_question_3131,725.6,516.0,1526.0
1620637,stimulus_Ins_LearningMobility_3_question_3131,725.6,516.0,1527.0
1620638,stimulus_Ins_LearningMobility_3_question_3131,725.5,516.5,1525.0
1620639,stimulus_Ins_LearningMobility_3_question_3131,725.5,516.9,1523.0
1620640,stimulus_Ins_LearningMobility_3_question_3131,725.2,517.4,1521.0
1620641,stimulus_Ins_LearningMobility_3_question_3131,724.9,517.4,1522.0
1620642,stimulus_Ins_LearningMobility_3_question_3131,724.7,517.4,1522.0
1620643,stimulus_Ins_LearningMobility_3_question_3131,725.0,517.3,1522.0
1620644,stimulus_Ins_LearningMobility_3_question_3131,725.4,517.6,1522.0
1620645,stimulus_Ins_LearningMobility_3_question_3131,725.6,517.9,1521.0
1620646,stimulus_Ins_LearningMobility_3_question_3131,725.7,518.0,1521.0
1620647,stimulus_Ins_LearningMobility_3_question_3131,725.7,517.2,1522.0
1620648,stimulus_Ins_LearningMobility_3_question_3131,725.6,516.4,1523.0
1620649,stimulus_Ins_LearningMobility_3_question_3131,725.6,515.9,1524.0
1620650,stimulus_Ins_LearningMobility_3_question_3131,725.7,516.0,1525.0
1620651,stimulus_Ins_LearningMobility_3_question_3131,725.5,516.5,1525.0
1620652,stimulus_Ins_LearningMobility_3_question_3131,725.2,517.0,1524.0
1620653,stimulus_Ins_LearningMobility_3_question_3131,724.9,517.5,1523.0
1620654,stimulus_Ins_LearningMobility_3_question_3131,725.1,517.7,1524.0
1620655,stimulus_Ins_LearningMobility_3_question_3131,725.4,517.8,1524.0
1620656,stimulus_Ins_LearningMobility_3_question_3131,725.7,518.2,1525.0
1620657,stimulus_Ins_LearningMobility_3_question_3131,725.8,518.4,1525.0
1620658,stimulus_Ins_LearningMobility_3_question_3131,726.0,518.7,1525.0
1620659,stimulus_Ins_LearningMobility_3_question_3131,726.1,518.8,1526.0
1620660,stimulus_Ins_LearningMobility_3_question_3131,726.1,518.5,1527.0
1620661,stimulus_Ins_LearningMobility_3_question_3131,726.0,518.1,1526.0
1620662,stimulus_Ins_LearningMobility_3_question_3131,725.9,517.6,1524.0
1620663,stimulus_Ins_LearningMobility_3_question_3131,726.0,518.0,1523.0
1620664,stimulus_Ins_LearningMobility_3_question_3131,726.3,518.5,1523.0
1620665,stimulus_Ins_LearningMobility_3_question_3131,726.2,518.1,1524.0
1620666,stimulus_Ins_LearningMobility_3_question_3131,725.9,517.2,1525.0
1620667,stimulus_Ins_LearningMobility_3_question_3131,725.4,516.8,1524.0
1620668,stimulus_Ins_LearningMobility_3_question_3131,725.1,517.3,1524.0
1620669,stimulus_Ins_LearningMobility_3_question_3131,724.9,518.1,1523.0
1620670,stimulus_Ins_LearningMobility_3_question_3131,725.7,518.3,1523.0
1620671,stimulus_Ins_LearningMobility_3_question_3131,726.4,518.6,1523.0
1620672,stimulus_Ins_LearningMobility_3_question_3131,726.8,518.5,1527.0
1620673,stimulus_Ins_LearningMobility_3_question_3131,726.3,518.5,1529.0
1620674,stimulus_Ins_LearningMobility_3_question_3131,725.9,518.5,1531.0
1620675,stimulus_Ins_LearningMobility_3_question_3131,725.8,518.6,1530.0
1620676,stimulus_Ins_LearningMobility_3_question_3131,726.1,518.8,1529.0
1620677,stimulus_Ins_LearningMobility_3_question_3131,726.2,519.0,1529.0
1620678,stimulus_Ins_LearningMobility_3_question_3131,726.3,519.2,1528.0
1620679,stimulus_Ins_LearningMobility_3_question_3131,726.3,519.4,1529.0
1620680,stimulus_Ins_LearningMobility_3_question_3131,726.4,520.0,1530.0
1620681,stimulus_Ins_LearningMobility_3_question_3131,726.3,520.5,1532.0
1620682,stimulus_Ins_LearningMobility_3_question_3131,726.3,521.2,1532.0
1620683,stimulus_Ins_LearningMobility_3_question_3131,726.3,521.4,1533.0
1620684,stimulus_Ins_LearningMobility_3_question_3131,726.5,521.5,1533.0
1620685,stimulus_Ins_LearningMobility_3_question_3131,726.7,521.5,1532.0
1620686,stimulus_Ins_LearningMobility_3_question_3131,726.9,521.5,1530.0
1620687,stimulus_Ins_LearningMobility_3_question_3131,726.9,521.2,1529.0
1620688,stimulus_Ins_LearningMobility_3_question_3131,727.0,520.3,1529.0
1620689,stimulus_Ins_LearningMobility_3_question_3131,727.3,519.4,1528.0
1620690,stimulus_Ins_LearningMobility_3_question_3131,728.1,517.9,1528.0
1620691,stimulus_Ins_LearningMobility_3_question_3131,728.7,516.4,1528.0
1620692,stimulus_Ins_LearningMobility_3_question_3131,729.2,515.0,1528.0
1620693,stimulus_Ins_LearningMobility_3_question_3131,729.6,513.4,1528.0
1620694,stimulus_Ins_LearningMobility_3_question_3131,730.1,512.4,1527.0
1620695,stimulus_Ins_LearningMobility_3_question_3131,731.1,510.8,1527.0
1620696,stimulus_Ins_LearningMobility_3_question_3131,731.8,510.3,1527.0
1620697,stimulus_Ins_LearningMobility_3_question_3131,733.1,509.4,1527.0
1620698,stimulus_Ins_LearningMobility_3_question_3131,733.9,508.6,1526.0
1620699,stimulus_Ins_LearningMobility_3_question_3131,735.0,507.7,1525.0
1620700,stimulus_Ins_LearningMobility_3_question_3131,736.0,507.1,1525.0
1620701,stimulus_Ins_LearningMobility_3_question_3131,736.8,506.8,1524.0
1620702,stimulus_Ins_LearningMobility_3_question_3131,738.0,506.6,1523.0
1620703,stimulus_Ins_LearningMobility_3_question_3131,738.6,506.6,1522.0
1620704,stimulus_Ins_LearningMobility_3_question_3131,739.5,506.7,1521.0
1620705,stimulus_Ins_LearningMobility_3_question_3131,739.7,506.9,1520.0
1620706,stimulus_Ins_LearningMobility_3_question_3131,739.6,507.0,1519.0
1620707,stimulus_Ins_LearningMobility_3_question_3131,739.4,506.8,1520.0
1620708,stimulus_Ins_LearningMobility_3_question_3131,739.4,506.7,1521.0
1620709,stimulus_Ins_LearningMobility_3_question_3131,739.7,506.6,1522.0
1620710,stimulus_Ins_LearningMobility_3_question_3131,739.9,506.6,1523.0
1620711,stimulus_Ins_LearningMobility_3_question_3131,739.8,506.7,1523.0
1620712,stimulus_Ins_LearningMobility_3_question_3131,739.7,506.7,1523.0
1620713,stimulus_Ins_LearningMobility_3_question_3131,739.4,506.7,1524.0
1620714,stimulus_Ins_LearningMobility_3_question_3131,739.1,506.8,1526.0
1620715,stimulus_Ins_LearningMobility_3_question_3131,738.9,506.8,1527.0
1620716,stimulus_Ins_LearningMobility_3_question_3131,738.8,506.8,1524.0
1620717,stimulus_Ins_LearningMobility_3_question_3131,738.9,506.8,1521.0
1620718,stimulus_Ins_LearningMobility_3_question_3131,739.0,506.9,1518.0
1620719,stimulus_Ins_LearningMobility_3_question_3131,739.2,507.1,1518.0
1620720,stimulus_Ins_LearningMobility_3_question_3131,739.3,507.3,1518.0
1620721,stimulus_Ins_LearningMobility_3_question_3131,739.3,507.6,1519.0
1620722,stimulus_Ins_LearningMobility_3_question_3131,739.4,507.7,1521.0
1620723,stimulus_Ins_LearningMobility_3_question_3131,739.5,507.8,1523.0
1620724,stimulus_Ins_LearningMobility_3_question_3131,739.4,507.6,1525.0
1620725,stimulus_Ins_LearningMobility_3_question_3131,739.2,507.4,1523.0
1620726,stimulus_Ins_LearningMobility_3_question_3131,739.0,507.1,1521.0
1620727,stimulus_Ins_LearningMobility_3_question_3131,738.8,507.2,1518.0
1620728,stimulus_Ins_LearningMobility_3_question_3131,739.2,507.2,1517.0
1620729,stimulus_Ins_LearningMobility_3_question_3131,739.7,507.3,1517.0
1620730,stimulus_Ins_LearningMobility_3_question_3131,740.0,507.3,1517.0
1620731,stimulus_Ins_LearningMobility_3_question_3131,739.9,507.9,1518.0
1620732,stimulus_Ins_LearningMobility_3_question_3131,739.7,508.4,1518.0
1620733,stimulus_Ins_LearningMobility_3_question_3131,740.3,508.7,1518.0
1620734,stimulus_Ins_LearningMobility_3_question_3131,740.7,508.3,1517.0
1620735,stimulus_Ins_LearningMobility_3_question_3131,741.2,508.5,1514.0
1620736,stimulus_Ins_LearningMobility_3_question_3131,741.2,509.0,1512.0
1620737,stimulus_Ins_LearningMobility_3_question_3131,741.2,509.6,1511.0
1620738,stimulus_Ins_LearningMobility_3_question_3131,741.2,509.6,1510.0
1620739,stimulus_Ins_LearningMobility_3_question_3131,741.2,509.6,1510.0
1620740,stimulus_Ins_LearningMobility_3_question_3131,741.7,509.6,1510.0
1620741,stimulus_Ins_LearningMobility_3_question_3131,742.3,509.6,1510.0
1620742,stimulus_Ins_LearningMobility_3_question_3131,742.3,509.6,1511.0
1620743,stimulus_Ins_LearningMobility_3_question_3131,741.3,509.5,1511.0
1620744,stimulus_Ins_LearningMobility_3_question_3131,740.3,509.5,1512.0
1620745,stimulus_Ins_LearningMobility_3_question_3131,740.8,509.6,1513.0
1620746,stimulus_Ins_LearningMobility_3_question_3131,741.7,509.7,1514.0
1620747,stimulus_Ins_LearningMobility_3_question_3131,742.5,509.6,1515.0
1620748,stimulus_Ins_LearningMobility_3_question_3131,742.2,510.0,1515.0
1620749,stimulus_Ins_LearningMobility_3_question_3131,741.8,510.4,1516.0
1620750,stimulus_Ins_LearningMobility_3_question_3131,741.6,510.3,1518.0
1620751,stimulus_Ins_LearningMobility_3_question_3131,741.3,509.7,1518.0
1620752,stimulus_Ins_LearningMobility_3_question_3131,741.3,508.7,1517.0
1620753,stimulus_Ins_LearningMobility_3_question_3131,741.3,508.4,1516.0
1620754,stimulus_Ins_LearningMobility_3_question_3131,741.5,508.4,1517.0
1620755,stimulus_Ins_LearningMobility_3_question_3131,741.9,508.7,1518.0
1620756,stimulus_Ins_LearningMobility_3_question_3131,742.3,508.9,1516.0
1620757,stimulus_Ins_LearningMobility_3_question_3131,742.4,509.0,1514.0
1620758,stimulus_Ins_LearningMobility_3_question_3131,742.5,509.0,1511.0
1620759,stimulus_Ins_LearningMobility_3_question_3131,742.1,509.1,1510.0
1620760,stimulus_Ins_LearningMobility_3_question_3131,741.7,509.2,1510.0
1620761,stimulus_Ins_LearningMobility_3_question_3131,741.3,509.2,1512.0
1620762,stimulus_Ins_LearningMobility_3_question_3131,741.4,509.0,1515.0
1620763,stimulus_Ins_LearningMobility_3_question_3131,741.4,508.9,1517.0
1620764,stimulus_Ins_LearningMobility_3_question_3131,741.5,508.9,1519.0
1620765,stimulus_Ins_LearningMobility_3_question_3131,741.6,509.4,1519.0
1620766,stimulus_Ins_LearningMobility_3_question_3131,741.7,509.9,1519.0
1620767,stimulus_Ins_LearningMobility_3_question_3131,741.7,510.2,1519.0
1620768,stimulus_Ins_LearningMobility_3_question_3131,741.7,510.2,1518.0
1620769,stimulus_Ins_LearningMobility_3_question_3131,741.8,510.1,1519.0
1620770,stimulus_Ins_LearningMobility_3_question_3131,741.8,510.0,1520.0
1620771,stimulus_Ins_LearningMobility_3_question_3131,741.8,509.8,1520.0
1620772,stimulus_Ins_LearningMobility_3_question_3131,741.6,509.8,1521.0
1620773,stimulus_Ins_LearningMobility_3_question_3131,741.3,509.9,1521.0
1620774,stimulus_Ins_LearningMobility_3_question_3131,741.3,510.1,1521.0
1620775,stimulus_Ins_LearningMobility_3_question_3131,741.6,510.0,1521.0
1620776,stimulus_Ins_LearningMobility_3_question_3131,741.9,510.0,1519.0
1620777,stimulus_Ins_LearningMobility_3_question_3131,741.9,509.8,1518.0
1620778,stimulus_Ins_LearningMobility_3_question_3131,741.9,509.6,1519.0
1620779,stimulus_Ins_LearningMobility_3_question_3131,741.9,509.5,1519.0
1620780,stimulus_Ins_LearningMobility_3_question_3131,741.9,509.5,1519.0
1620781,stimulus_Ins_LearningMobility_3_question_3131,742.0,509.9,1519.0
1620782,stimulus_Ins_LearningMobility_3_question_3131,742.1,510.4,1519.0
1620783,stimulus_Ins_LearningMobility_3_question_3131,741.9,510.3,1519.0
1620784,stimulus_Ins_LearningMobility_3_question_3131,741.6,509.8,1519.0
1620785,stimulus_Ins_LearningMobility_3_question_3131,741.4,509.1,1518.0
1620786,stimulus_Ins_LearningMobility_3_question_3131,741.4,508.8,1518.0
1620787,stimulus_Ins_LearningMobility_3_question_3131,741.1,508.5,1517.0
1620788,stimulus_Ins_LearningMobility_3_question_3131,740.8,508.4,1515.0
1620789,stimulus_Ins_LearningMobility_3_question_3131,740.9,508.3,1513.0
1620790,stimulus_Ins_LearningMobility_3_question_3131,741.3,508.2,1512.0
1620791,stimulus_Ins_LearningMobility_3_question_3131,741.4,508.5,1511.0
1620792,stimulus_Ins_LearningMobility_3_question_3131,741.2,508.7,1512.0
1620793,stimulus_Ins_LearningMobility_3_question_3131,741.0,509.1,1513.0
1620794,stimulus_Ins_LearningMobility_3_question_3131,741.2,509.1,1514.0
1620795,stimulus_Ins_LearningMobility_3_question_3131,741.4,509.0,1515.0
1620796,stimulus_Ins_LearningMobility_3_question_3131,741.5,508.6,1516.0
1620797,stimulus_Ins_LearningMobility_3_question_3131,741.4,508.1,1517.0
1620798,stimulus_Ins_LearningMobility_3_question_3131,741.2,508.1,1517.0
1620799,stimulus_Ins_LearningMobility_3_question_3131,741.2,508.4,1517.0
1620800,stimulus_Ins_LearningMobility_3_question_3131,741.2,509.1,1517.0
1620801,stimulus_Ins_LearningMobility_3_question_3131,741.3,509.5,1518.0
1620802,stimulus_Ins_LearningMobility_3_question_3131,741.2,509.8,1519.0
1620803,stimulus_Ins_LearningMobility_3_question_3131,741.1,509.9,1519.0
1620804,stimulus_Ins_LearningMobility_3_question_3131,740.9,510.0,1519.0
1620805,stimulus_Ins_LearningMobility_3_question_3131,741.0,510.3,1518.0
1620806,stimulus_Ins_LearningMobility_3_question_3131,741.1,510.3,1518.0
1620807,stimulus_Ins_LearningMobility_3_question_3131,741.3,509.8,1519.0
1620808,stimulus_Ins_LearningMobility_3_question_3131,741.4,509.2,1518.0
1620809,stimulus_Ins_LearningMobility_3_question_3131,741.4,508.8,1514.0
1620810,stimulus_Ins_LearningMobility_3_question_3131,741.4,509.0,1511.0
1620811,stimulus_Ins_LearningMobility_3_question_3131,741.3,509.1,1512.0
1620812,stimulus_Ins_LearningMobility_3_question_3131,741.1,509.0,1516.0
1620813,stimulus_Ins_LearningMobility_3_question_3131,740.8,509.0,1520.0
1620814,stimulus_Ins_LearningMobility_3_question_3131,740.6,509.2,1520.0
1620815,stimulus_Ins_LearningMobility_3_question_3131,740.5,509.7,1520.0
1620816,stimulus_Ins_LearningMobility_3_question_3131,740.6,510.1,1520.0
1620817,stimulus_Ins_LearningMobility_3_question_3131,740.8,510.2,1517.0
1620818,stimulus_Ins_LearningMobility_3_question_3131,740.9,509.8,1514.0
1620819,stimulus_Ins_LearningMobility_3_question_3131,740.9,509.5,1512.0
1620820,stimulus_Ins_LearningMobility_3_question_3131,741.0,509.4,1512.0
1620821,stimulus_Ins_LearningMobility_3_question_3131,741.1,509.6,1512.0
1620822,stimulus_Ins_LearningMobility_3_question_3131,741.2,510.0,1512.0
1620823,stimulus_Ins_LearningMobility_3_question_3131,741.1,510.3,1512.0
1620824,stimulus_Ins_LearningMobility_3_question_3131,741.0,510.1,1513.0
1620825,stimulus_Ins_LearningMobility_3_question_3131,741.0,509.9,1513.0
1620826,stimulus_Ins_LearningMobility_3_question_3131,741.0,509.7,1513.0
1620827,stimulus_Ins_LearningMobility_3_question_3131,741.2,510.0,1512.0
1620828,stimulus_Ins_LearningMobility_3_question_3131,741.4,510.3,1511.0
1620829,stimulus_Ins_LearningMobility_3_question_3131,741.4,510.7,1511.0
1620830,stimulus_Ins_LearningMobility_3_question_3131,741.2,510.7,1512.0
1620831,stimulus_Ins_LearningMobility_3_question_3131,741.0,510.5,1513.0
1620832,stimulus_Ins_LearningMobility_3_question_3131,741.1,510.3,1513.0
1620833,stimulus_Ins_LearningMobility_3_question_3131,741.1,510.2,1514.0
1620834,stimulus_Ins_LearningMobility_3_question_3131,741.1,510.1,1514.0
1620835,stimulus_Ins_LearningMobility_3_question_3131,740.9,510.0,1514.0
1620836,stimulus_Ins_LearningMobility_3_question_3131,740.8,509.8,1514.0
1620837,stimulus_Ins_LearningMobility_3_question_3131,740.9,509.7,1513.0
1620838,stimulus_Ins_LearningMobility_3_question_3131,741.1,509.7,1512.0
1620839,stimulus_Ins_LearningMobility_3_question_3131,741.0,509.9,1512.0
1620840,stimulus_Ins_LearningMobility_3_question_3131,740.7,510.2,1513.0
1620841,stimulus_Ins_LearningMobility_3_question_3131,740.4,510.4,1513.0
1620842,stimulus_Ins_LearningMobility_3_question_3131,740.8,510.9,1513.0
1620843,stimulus_Ins_LearningMobility_3_question_3131,741.3,511.4,1515.0
1620844,stimulus_Ins_LearningMobility_3_question_3131,741.6,511.9,1517.0
1620845,stimulus_Ins_LearningMobility_3_question_3131,741.5,511.8,1518.0
1620846,stimulus_Ins_LearningMobility_3_question_3131,741.4,511.8,1516.0
1620847,stimulus_Ins_LearningMobility_3_question_3131,741.0,511.8,1514.0
1620848,stimulus_Ins_LearningMobility_3_question_3131,740.6,511.8,1513.0
1620849,stimulus_Ins_LearningMobility_3_question_3131,740.2,511.9,1512.0
1620850,stimulus_Ins_LearningMobility_3_question_3131,740.1,512.0,1511.0
1620851,stimulus_Ins_LearningMobility_3_question_3131,740.3,511.6,1509.0
1620852,stimulus_Ins_LearningMobility_3_question_3131,740.6,510.9,1509.0
1620853,stimulus_Ins_LearningMobility_3_question_3131,740.8,510.1,1509.0
1620854,stimulus_Ins_LearningMobility_3_question_3131,740.8,509.9,1510.0
1620855,stimulus_Ins_LearningMobility_3_question_3131,740.7,509.9,1511.0
1620856,stimulus_Ins_LearningMobility_3_question_3131,740.6,509.9,1512.0
1620857,stimulus_Ins_LearningMobility_3_question_3131,740.6,510.4,1512.0
1620858,stimulus_Ins_LearningMobility_3_question_3131,740.6,510.8,1512.0
1620859,stimulus_Ins_LearningMobility_3_question_3131,740.7,511.2,1511.0
1620860,stimulus_Ins_LearningMobility_3_question_3131,740.6,511.1,1511.0
1620861,stimulus_Ins_LearningMobility_3_question_3131,740.4,511.0,1511.0
1620862,stimulus_Ins_LearningMobility_3_question_3131,740.4,511.1,1511.0
1620863,stimulus_Ins_LearningMobility_3_question_3131,741.0,511.1,1512.0
1620864,stimulus_Ins_LearningMobility_3_question_3131,741.5,511.1,1512.0
1620865,stimulus_Ins_LearningMobility_3_question_3131,741.7,511.0,1512.0
1620866,stimulus_Ins_LearningMobility_3_question_3131,741.2,511.0,1513.0
1620867,stimulus_Ins_LearningMobility_3_question_3131,740.7,511.0,1512.0
1620868,stimulus_Ins_LearningMobility_3_question_3131,740.5,510.7,1511.0
1620869,stimulus_Ins_LearningMobility_3_question_3131,740.6,510.4,1509.0
1620870,stimulus_Ins_LearningMobility_3_question_3131,740.7,510.0,1509.0
1620871,stimulus_Ins_LearningMobility_3_question_3131,740.6,509.9,1508.0
1620872,stimulus_Ins_LearningMobility_3_question_3131,740.3,509.7,1510.0
1620873,stimulus_Ins_LearningMobility_3_question_3131,740.1,509.5,1512.0
1620874,stimulus_Ins_LearningMobility_3_question_3131,740.0,509.5,1514.0
1620875,stimulus_Ins_LearningMobility_3_question_3131,740.3,509.6,1511.0
1620876,stimulus_Ins_LearningMobility_3_question_3131,740.6,509.7,1509.0
1620877,stimulus_Ins_LearningMobility_3_question_3131,740.9,509.6,1508.0
1620878,stimulus_Ins_LearningMobility_3_question_3131,740.9,509.1,1506.0
1620879,stimulus_Ins_LearningMobility_3_question_3131,740.6,508.7,1505.0
1620880,stimulus_Ins_LearningMobility_3_question_3131,740.2,508.6,1503.0
1620881,stimulus_Ins_LearningMobility_3_question_3131,739.8,508.6,1503.0
1620882,stimulus_Ins_LearningMobility_3_question_3131,739.8,508.8,1507.0
1620883,stimulus_Ins_LearningMobility_3_question_3131,739.8,508.9,1510.0
1620884,stimulus_Ins_LearningMobility_3_question_3131,739.8,509.1,1513.0
1620885,stimulus_Ins_LearningMobility_3_question_3131,740.5,509.1,1513.0
1620886,stimulus_Ins_LearningMobility_3_question_3131,741.1,509.3,1512.0
1620887,stimulus_Ins_LearningMobility_3_question_3131,741.8,509.5,1513.0
1620888,stimulus_Ins_LearningMobility_3_question_3131,741.7,509.5,1513.0
1620889,stimulus_Ins_LearningMobility_3_question_3131,741.3,509.2,1514.0
1620890,stimulus_Ins_LearningMobility_3_question_3131,740.9,509.0,1514.0
1620891,stimulus_Ins_LearningMobility_3_question_3131,740.5,508.7,1513.0
1620892,stimulus_Ins_LearningMobility_3_question_3131,740.5,508.8,1511.0
1620893,stimulus_Ins_LearningMobility_3_question_3131,740.5,508.8,1511.0
1620894,stimulus_Ins_LearningMobility_3_question_3131,740.5,508.7,1512.0
1620895,stimulus_Ins_LearningMobility_3_question_3131,740.4,508.7,1514.0
1620896,stimulus_Ins_LearningMobility_3_question_3131,740.3,508.5,1513.0
1620897,stimulus_Ins_LearningMobility_3_question_3131,740.3,508.4,1513.0
1620898,stimulus_Ins_LearningMobility_3_question_3131,740.3,508.3,1512.0
1620899,stimulus_Ins_LearningMobility_3_question_3131,740.2,508.4,1511.0
1620900,stimulus_Ins_LearningMobility_3_question_3131,740.1,508.4,1510.0
1620901,stimulus_Ins_LearningMobility_3_question_3131,739.9,508.3,1511.0
1620902,stimulus_Ins_LearningMobility_3_question_3131,739.6,508.3,1515.0
1620903,stimulus_Ins_LearningMobility_3_question_3131,739.3,508.6,1518.0
1620904,stimulus_Ins_LearningMobility_3_question_3131,739.0,509.0,1519.0
1620905,stimulus_Ins_LearningMobility_3_question_3131,739.0,509.2,1518.0
1620906,stimulus_Ins_LearningMobility_3_question_3131,739.0,509.1,1516.0
1620907,stimulus_Ins_LearningMobility_3_question_3131,739.0,509.1,1514.0
1620908,stimulus_Ins_LearningMobility_3_question_3131,739.0,509.1,1512.0
1620909,stimulus_Ins_LearningMobility_3_question_3131,739.1,509.3,1511.0
1620910,stimulus_Ins_LearningMobility_3_question_3131,739.1,509.8,1511.0
1620911,stimulus_Ins_LearningMobility_3_question_3131,739.3,510.3,1511.0
1620912,stimulus_Ins_LearningMobility_3_question_3131,739.5,510.5,1511.0
1620913,stimulus_Ins_LearningMobility_3_question_3131,739.6,510.5,1515.0
1620914,stimulus_Ins_LearningMobility_3_question_3131,739.9,510.3,1518.0
1620915,stimulus_Ins_LearningMobility_3_question_3131,740.3,510.0,1517.0
1620916,stimulus_Ins_LearningMobility_3_question_3131,740.6,509.6,1515.0
1620917,stimulus_Ins_LearningMobility_3_question_3131,740.6,509.5,1512.0
1620918,stimulus_Ins_LearningMobility_3_question_3131,740.5,509.5,1511.0
1620919,stimulus_Ins_LearningMobility_3_question_3131,740.6,509.4,1512.0
1620920,stimulus_Ins_LearningMobility_3_question_3131,740.7,509.3,1513.0
1620921,stimulus_Ins_LearningMobility_3_question_3131,740.0,509.4,1514.0
1620922,stimulus_Ins_LearningMobility_3_question_3131,739.3,509.5,1514.0
1620923,stimulus_Ins_LearningMobility_3_question_3131,738.6,509.7,1515.0
1620924,stimulus_Ins_LearningMobility_3_question_3131,738.6,509.6,1518.0
1620925,stimulus_Ins_LearningMobility_3_question_3131,738.3,509.1,1517.0
1620926,stimulus_Ins_LearningMobility_3_question_3131,738.1,508.7,1514.0
1620927,stimulus_Ins_LearningMobility_3_question_3131,738.4,508.0,1511.0
1620928,stimulus_Ins_LearningMobility_3_question_3131,739.5,507.8,1508.0
1620929,stimulus_Ins_LearningMobility_3_question_3131,742.4,507.9,1505.0
1620930,stimulus_Ins_LearningMobility_3_question_3131,745.9,508.2,1504.0
1620931,stimulus_Ins_LearningMobility_3_question_3131,749.8,508.1,1506.0
1620932,stimulus_Ins_LearningMobility_3_question_3131,753.4,507.4,1508.0
1620933,stimulus_Ins_LearningMobility_3_question_3131,757.6,506.8,1510.0
1620934,stimulus_Ins_LearningMobility_3_question_3131,763.4,506.5,1509.0
1620935,stimulus_Ins_LearningMobility_3_question_3131,769.3,506.3,1507.0
1620936,stimulus_Ins_LearningMobility_3_question_3131,775.2,505.8,1506.0
1620937,stimulus_Ins_LearningMobility_3_question_3131,780.1,505.4,1506.0
1620938,stimulus_Ins_LearningMobility_3_question_3131,785.0,505.2,1506.0
1620939,stimulus_Ins_LearningMobility_3_question_3131,790.9,505.0,1506.0
1620940,stimulus_Ins_LearningMobility_3_question_3131,797.1,504.9,1505.0
1620941,stimulus_Ins_LearningMobility_3_question_3131,803.0,503.8,1503.0
1620942,stimulus_Ins_LearningMobility_3_question_3131,807.5,502.7,1502.0
1620943,stimulus_Ins_LearningMobility_3_question_3131,811.7,501.9,1502.0
1620944,stimulus_Ins_LearningMobility_3_question_3131,817.2,502.2,1502.0
1620945,stimulus_Ins_LearningMobility_3_question_3131,821.9,502.4,1503.0
1620946,stimulus_Ins_LearningMobility_3_question_3131,826.8,502.3,1503.0
1620947,stimulus_Ins_LearningMobility_3_question_3131,830.9,501.8,1503.0
1620948,stimulus_Ins_LearningMobility_3_question_3131,835.6,501.3,1503.0
1620949,stimulus_Ins_LearningMobility_3_question_3131,840.0,501.0,1501.0
1620950,stimulus_Ins_LearningMobility_3_question_3131,843.7,500.7,1497.0
1620951,stimulus_Ins_LearningMobility_3_question_3131,847.3,500.3,1494.0
1620952,stimulus_Ins_LearningMobility_3_question_3131,850.3,500.0,1494.0
1620953,stimulus_Ins_LearningMobility_3_question_3131,853.7,499.4,1497.0
1620954,stimulus_Ins_LearningMobility_3_question_3131,856.2,498.9,1501.0
1620955,stimulus_Ins_LearningMobility_3_question_3131,858.3,498.4,1500.0
1620956,stimulus_Ins_LearningMobility_3_question_3131,860.4,498.3,1497.0
1620957,stimulus_Ins_LearningMobility_3_question_3131,862.9,498.3,1494.0
1620958,stimulus_Ins_LearningMobility_3_question_3131,866.0,498.2,1493.0
1620959,stimulus_Ins_LearningMobility_3_question_3131,867.6,498.1,1493.0
1620960,stimulus_Ins_LearningMobility_3_question_3131,869.2,498.0,1493.0
1620961,stimulus_Ins_LearningMobility_3_question_3131,869.8,497.9,1493.0
1620962,stimulus_Ins_LearningMobility_3_question_3131,870.4,497.3,1493.0
1620963,stimulus_Ins_LearningMobility_3_question_3131,870.5,496.8,1490.0
1620964,stimulus_Ins_LearningMobility_3_question_3131,870.6,496.4,1488.0
1620965,stimulus_Ins_LearningMobility_3_question_3131,870.7,496.4,1486.0
1620966,stimulus_Ins_LearningMobility_3_question_3131,870.5,496.5,1486.0
1620967,stimulus_Ins_LearningMobility_3_question_3131,870.3,496.5,1485.0
1620968,stimulus_Ins_LearningMobility_3_question_3131,870.3,495.9,1485.0
1620969,stimulus_Ins_LearningMobility_3_question_3131,870.4,495.3,1486.0
1620970,stimulus_Ins_LearningMobility_3_question_3131,870.4,494.6,1487.0
1620971,stimulus_Ins_LearningMobility_3_question_3131,870.3,494.4,1488.0
1620972,stimulus_Ins_LearningMobility_3_question_3131,870.1,494.2,1489.0
1620973,stimulus_Ins_LearningMobility_3_question_3131,869.9,494.1,1487.0
1620974,stimulus_Ins_LearningMobility_3_question_3131,869.2,494.0,1485.0
1620975,stimulus_Ins_LearningMobility_3_question_3131,868.6,494.0,1482.0
1620976,stimulus_Ins_LearningMobility_3_question_3131,868.1,494.1,1483.0
1620977,stimulus_Ins_LearningMobility_3_question_3131,868.3,494.1,1483.0
1620978,stimulus_Ins_LearningMobility_3_question_3131,868.4,494.1,1483.0
1620979,stimulus_Ins_LearningMobility_3_question_3131,868.4,494.1,1481.0
1620980,stimulus_Ins_LearningMobility_3_question_3131,868.5,494.2,1479.0
1620981,stimulus_Ins_LearningMobility_3_question_3131,868.8,494.3,1478.0
1620982,stimulus_Ins_LearningMobility_3_question_3131,869.4,494.8,1478.0
1620983,stimulus_Ins_LearningMobility_3_question_3131,870.0,495.2,1479.0
1620984,stimulus_Ins_LearningMobility_3_question_3131,869.8,495.5,1482.0
1620985,stimulus_Ins_LearningMobility_3_question_3131,869.4,495.4,1484.0
1620986,stimulus_Ins_LearningMobility_3_question_3131,868.9,494.7,1485.0
1620987,stimulus_Ins_LearningMobility_3_question_3131,868.9,494.0,1484.0
1620988,stimulus_Ins_LearningMobility_3_question_3131,868.8,493.6,1482.0
1620989,stimulus_Ins_LearningMobility_3_question_3131,868.9,493.9,1483.0
1620990,stimulus_Ins_LearningMobility_3_question_3131,869.3,494.6,1483.0
1620991,stimulus_Ins_LearningMobility_3_question_3131,869.8,495.2,1483.0
1620992,stimulus_Ins_LearningMobility_3_question_3131,870.4,495.5,1483.0
1620993,stimulus_Ins_LearningMobility_3_question_3131,870.6,495.4,1482.0
1620994,stimulus_Ins_LearningMobility_3_question_3131,870.6,495.2,1483.0
1620995,stimulus_Ins_LearningMobility_3_question_3131,870.5,494.9,1483.0
1620996,stimulus_Ins_LearningMobility_3_question_3131,870.5,494.8,1484.0
1620997,stimulus_Ins_LearningMobility_3_question_3131,870.4,494.4,1483.0
1620998,stimulus_Ins_LearningMobility_3_question_3131,870.1,493.6,1481.0
1620999,stimulus_Ins_LearningMobility_3_question_3131,869.8,492.9,1479.0
1621000,stimulus_Ins_LearningMobility_3_question_3131,869.7,492.3,1479.0
1621001,stimulus_Ins_LearningMobility_3_question_3131,869.7,492.2,1480.0
1621002,stimulus_Ins_LearningMobility_3_question_3131,869.7,492.0,1481.0
1621003,stimulus_Ins_LearningMobility_3_question_3131,869.8,492.0,1480.0
1621004,stimulus_Ins_LearningMobility_3_question_3131,870.0,491.9,1479.0
1621005,stimulus_Ins_LearningMobility_3_question_3131,870.1,491.9,1478.0
1621006,stimulus_Ins_LearningMobility_3_question_3131,870.2,492.3,1478.0
1621007,stimulus_Ins_LearningMobility_3_question_3131,870.2,492.8,1476.0
1621008,stimulus_Ins_LearningMobility_3_question_3131,870.1,493.1,1474.0
1621009,stimulus_Ins_LearningMobility_3_question_3131,870.3,493.0,1471.0
1621010,stimulus_Ins_LearningMobility_3_question_3131,870.4,493.3,1470.0
1621011,stimulus_Ins_LearningMobility_3_question_3131,870.6,493.6,1471.0
1621012,stimulus_Ins_LearningMobility_3_question_3131,870.6,494.0,1472.0
1621013,stimulus_Ins_LearningMobility_3_question_3131,870.7,494.0,1473.0
1621014,stimulus_Ins_LearningMobility_3_question_3131,871.0,494.1,1472.0
1621015,stimulus_Ins_LearningMobility_3_question_3131,871.2,493.9,1471.0
1621016,stimulus_Ins_LearningMobility_3_question_3131,871.3,493.5,1473.0
1621017,stimulus_Ins_LearningMobility_3_question_3131,870.9,493.8,1475.0
1621018,stimulus_Ins_LearningMobility_3_question_3131,870.6,494.1,1474.0
1621019,stimulus_Ins_LearningMobility_3_question_3131,870.5,494.4,1471.0
1621020,stimulus_Ins_LearningMobility_3_question_3131,870.6,494.2,1470.0
1621021,stimulus_Ins_LearningMobility_3_question_3131,870.7,493.7,1471.0
1621022,stimulus_Ins_LearningMobility_3_question_3131,870.7,493.1,1473.0
1621023,stimulus_Ins_LearningMobility_3_question_3131,870.7,492.6,1472.0
1621024,stimulus_Ins_LearningMobility_3_question_3131,871.0,492.4,1472.0
1621025,stimulus_Ins_LearningMobility_3_question_3131,871.3,492.3,1471.0
1621026,stimulus_Ins_LearningMobility_3_question_3131,871.6,492.4,1471.0
1621027,stimulus_Ins_LearningMobility_3_question_3131,871.7,492.9,1471.0
1621028,stimulus_Ins_LearningMobility_3_question_3131,871.1,493.4,1468.0
1621029,stimulus_Ins_LearningMobility_3_question_3131,870.6,493.6,1465.0
1621030,stimulus_Ins_LearningMobility_3_question_3131,869.9,493.1,1464.0
1621031,stimulus_Ins_LearningMobility_3_question_3131,869.8,492.7,1466.0
1621032,stimulus_Ins_LearningMobility_3_question_3131,870.0,492.4,1468.0
1621033,stimulus_Ins_LearningMobility_3_question_3131,870.4,492.3,1468.0
1621034,stimulus_Ins_LearningMobility_3_question_3131,870.3,492.2,1468.0
1621035,stimulus_Ins_LearningMobility_3_question_3131,869.9,492.3,1468.0
1621036,stimulus_Ins_LearningMobility_3_question_3131,869.4,492.6,1468.0
1621037,stimulus_Ins_LearningMobility_3_question_3131,869.3,492.8,1467.0
1621038,stimulus_Ins_LearningMobility_3_question_3131,869.2,493.0,1466.0
1621039,stimulus_Ins_LearningMobility_3_question_3131,869.1,493.3,1465.0
1621040,stimulus_Ins_LearningMobility_3_question_3131,869.2,493.5,1465.0
1621041,stimulus_Ins_LearningMobility_3_question_3131,869.3,493.6,1466.0
1621042,stimulus_Ins_LearningMobility_3_question_3131,869.5,493.5,1467.0
1621043,stimulus_Ins_LearningMobility_3_question_3131,869.5,493.4,1467.0
1621044,stimulus_Ins_LearningMobility_3_question_3131,869.7,493.3,1468.0
1621045,stimulus_Ins_LearningMobility_3_question_3131,869.7,493.2,1468.0
1621046,stimulus_Ins_LearningMobility_3_question_3131,869.4,493.2,1467.0
1621047,stimulus_Ins_LearningMobility_3_question_3131,868.8,493.2,1466.0
1621048,stimulus_Ins_LearningMobility_3_question_3131,868.3,493.2,1464.0
1621049,stimulus_Ins_LearningMobility_3_question_3131,868.2,493.2,1464.0
1621050,stimulus_Ins_LearningMobility_3_question_3131,868.1,493.3,1464.0
1621051,stimulus_Ins_LearningMobility_3_question_3131,868.1,493.3,1464.0
1621052,stimulus_Ins_LearningMobility_3_question_3131,868.4,493.0,1467.0
1621053,stimulus_Ins_LearningMobility_3_question_3131,868.6,492.7,1470.0
1621054,stimulus_Ins_LearningMobility_3_question_3131,868.7,492.5,1472.0
1621055,stimulus_Ins_LearningMobility_3_question_3131,868.3,492.7,1469.0
1621056,stimulus_Ins_LearningMobility_3_question_3131,867.8,491.9,1466.0
1621057,stimulus_Ins_LearningMobility_3_question_3131,867.4,490.9,1464.0
1621058,stimulus_Ins_LearningMobility_3_question_3131,867.3,490.5,1464.0
1621059,stimulus_Ins_LearningMobility_3_question_3131,867.2,491.4,1464.0
1621060,stimulus_Ins_LearningMobility_3_question_3131,867.1,493.0,1465.0
1621061,stimulus_Ins_LearningMobility_3_question_3131,867.0,494.0,1466.0
1621062,stimulus_Ins_LearningMobility_3_question_3131,867.0,493.8,1467.0
1621063,stimulus_Ins_LearningMobility_3_question_3131,867.1,493.0,1467.0
1621064,stimulus_Ins_LearningMobility_3_question_3131,867.1,492.2,1467.0
1621065,stimulus_Ins_LearningMobility_3_question_3131,867.1,492.3,1467.0
1621066,stimulus_Ins_LearningMobility_3_question_3131,867.0,492.4,1466.0
1621067,stimulus_Ins_LearningMobility_3_question_3131,866.6,492.6,1466.0
1621068,stimulus_Ins_LearningMobility_3_question_3131,866.4,493.2,1465.0
1621069,stimulus_Ins_LearningMobility_3_question_3131,866.2,493.8,1465.0
1621070,stimulus_Ins_LearningMobility_3_question_3131,866.5,493.9,1464.0
1621071,stimulus_Ins_LearningMobility_3_question_3131,866.7,493.3,1464.0
1621072,stimulus_Ins_LearningMobility_3_question_3131,866.8,492.5,1466.0
1621073,stimulus_Ins_LearningMobility_3_question_3131,866.6,492.1,1467.0
1621074,stimulus_Ins_LearningMobility_3_question_3131,866.2,491.7,1469.0
1621075,stimulus_Ins_LearningMobility_3_question_3131,865.8,491.4,1469.0
1621076,stimulus_Ins_LearningMobility_3_question_3131,865.6,491.1,1466.0
1621077,stimulus_Ins_LearningMobility_3_question_3131,865.8,491.0,1464.0
1621078,stimulus_Ins_LearningMobility_3_question_3131,866.0,490.9,1463.0
1621079,stimulus_Ins_LearningMobility_3_question_3131,866.2,491.6,1464.0
1621080,stimulus_Ins_LearningMobility_3_question_3131,866.3,492.3,1466.0
1621081,stimulus_Ins_LearningMobility_3_question_3131,866.3,492.9,1468.0
1621082,stimulus_Ins_LearningMobility_3_question_3131,866.7,492.6,1471.0
1621083,stimulus_Ins_LearningMobility_3_question_3131,867.0,492.4,1471.0
1621084,stimulus_Ins_LearningMobility_3_question_3131,867.2,492.3,1468.0
1621085,stimulus_Ins_LearningMobility_3_question_3131,867.0,491.8,1465.0
1621086,stimulus_Ins_LearningMobility_3_question_3131,866.8,491.6,1463.0
1621087,stimulus_Ins_LearningMobility_3_question_3131,866.8,491.3,1462.0
1621088,stimulus_Ins_LearningMobility_3_question_3131,866.9,491.4,1460.0
1621089,stimulus_Ins_LearningMobility_3_question_3131,867.1,491.4,1460.0
1621090,stimulus_Ins_LearningMobility_3_question_3131,867.2,491.4,1460.0
1621091,stimulus_Ins_LearningMobility_3_question_3131,867.2,491.4,1459.0
1621092,stimulus_Ins_LearningMobility_3_question_3131,867.3,491.4,1460.0
1621093,stimulus_Ins_LearningMobility_3_question_3131,867.4,491.4,1460.0
1621094,stimulus_Ins_LearningMobility_3_question_3131,867.4,491.2,1460.0
1621095,stimulus_Ins_LearningMobility_3_question_3131,867.5,491.1,1461.0
1621096,stimulus_Ins_LearningMobility_3_question_3131,867.9,491.1,1461.0
1621097,stimulus_Ins_LearningMobility_3_question_3131,868.3,491.2,1460.0
1621098,stimulus_Ins_LearningMobility_3_question_3131,868.4,491.2,1459.0
1621099,stimulus_Ins_LearningMobility_3_question_3131,868.0,491.7,1458.0
1621100,stimulus_Ins_LearningMobility_3_question_3131,867.7,492.2,1458.0
1621101,stimulus_Ins_LearningMobility_3_question_3131,867.7,492.7,1458.0
1621102,stimulus_Ins_LearningMobility_3_question_3131,867.8,492.7,1457.0
1621103,stimulus_Ins_LearningMobility_3_question_3131,867.8,492.6,1458.0
1621104,stimulus_Ins_LearningMobility_3_question_3131,867.8,492.6,1460.0
1621105,stimulus_Ins_LearningMobility_3_question_3131,867.8,492.6,1460.0
1621106,stimulus_Ins_LearningMobility_3_question_3131,867.7,492.5,1458.0
1621107,stimulus_Ins_LearningMobility_3_question_3131,867.7,492.4,1457.0
1621108,stimulus_Ins_LearningMobility_3_question_3131,867.8,491.9,1456.0
1621109,stimulus_Ins_LearningMobility_3_question_3131,867.8,491.3,1456.0
1621110,stimulus_Ins_LearningMobility_3_question_3131,867.7,490.8,1457.0
1621111,stimulus_Ins_LearningMobility_3_question_3131,867.7,490.8,1458.0
1621112,stimulus_Ins_LearningMobility_3_question_3131,867.6,490.4,1459.0
1621113,stimulus_Ins_LearningMobility_3_question_3131,867.2,490.1,1460.0
1621114,stimulus_Ins_LearningMobility_3_question_3131,866.9,489.9,1460.0
1621115,stimulus_Ins_LearningMobility_3_question_3131,866.7,490.2,1460.0
1621116,stimulus_Ins_LearningMobility_3_question_3131,866.8,490.3,1461.0
1621117,stimulus_Ins_LearningMobility_3_question_3131,866.9,490.3,1460.0
1621118,stimulus_Ins_LearningMobility_3_question_3131,866.8,490.3,1458.0
1621119,stimulus_Ins_LearningMobility_3_question_3131,866.7,490.3,1456.0
1621120,stimulus_Ins_LearningMobility_3_question_3131,866.6,490.2,1456.0
1621121,stimulus_Ins_LearningMobility_3_question_3131,866.5,490.1,1456.0
1621122,stimulus_Ins_LearningMobility_3_question_3131,866.4,490.2,1456.0
1621123,stimulus_Ins_LearningMobility_3_question_3131,866.4,490.7,1456.0
1621124,stimulus_Ins_LearningMobility_3_question_3131,866.7,491.2,1456.0
1621125,stimulus_Ins_LearningMobility_3_question_3131,867.1,491.5,1455.0
1621126,stimulus_Ins_LearningMobility_3_question_3131,867.5,491.6,1455.0
1621127,stimulus_Ins_LearningMobility_3_question_3131,867.5,491.6,1456.0
1621128,stimulus_Ins_LearningMobility_3_question_3131,867.3,491.4,1457.0
1621129,stimulus_Ins_LearningMobility_3_question_3131,867.1,491.4,1457.0
1621130,stimulus_Ins_LearningMobility_3_question_3131,867.0,491.6,1457.0
1621131,stimulus_Ins_LearningMobility_3_question_3131,866.8,491.6,1456.0
1621132,stimulus_Ins_LearningMobility_3_question_3131,866.7,491.2,1456.0
1621133,stimulus_Ins_LearningMobility_3_question_3131,866.5,490.8,1455.0
1621134,stimulus_Ins_LearningMobility_3_question_3131,866.4,490.5,1454.0
1621135,stimulus_Ins_LearningMobility_3_question_3131,866.3,490.4,1454.0
1621136,stimulus_Ins_LearningMobility_3_question_3131,866.4,490.3,1452.0
1621137,stimulus_Ins_LearningMobility_3_question_3131,866.6,489.9,1451.0
1621138,stimulus_Ins_LearningMobility_3_question_3131,867.0,489.5,1450.0
1621139,stimulus_Ins_LearningMobility_3_question_3131,867.2,489.2,1449.0
1621140,stimulus_Ins_LearningMobility_3_question_3131,867.4,489.5,1448.0
1621141,stimulus_Ins_LearningMobility_3_question_3131,867.3,490.0,1449.0
1621142,stimulus_Ins_LearningMobility_3_question_3131,867.3,490.5,1452.0
1621143,stimulus_Ins_LearningMobility_3_question_3131,867.2,490.9,1455.0
1621144,stimulus_Ins_LearningMobility_3_question_3131,867.1,490.9,1455.0
1621145,stimulus_Ins_LearningMobility_3_question_3131,867.0,490.9,1453.0
1621146,stimulus_Ins_LearningMobility_3_question_3131,866.8,490.7,1452.0
1621147,stimulus_Ins_LearningMobility_3_question_3131,866.9,490.4,1451.0
1621148,stimulus_Ins_LearningMobility_3_question_3131,867.1,490.1,1452.0
1621149,stimulus_Ins_LearningMobility_3_question_3131,867.3,489.9,1452.0
1621150,stimulus_Ins_LearningMobility_3_question_3131,867.2,489.8,1452.0
1621151,stimulus_Ins_LearningMobility_3_question_3131,867.0,489.7,1450.0
1621152,stimulus_Ins_LearningMobility_3_question_3131,866.8,489.7,1448.0
1621153,stimulus_Ins_LearningMobility_3_question_3131,866.7,490.0,1448.0
1621154,stimulus_Ins_LearningMobility_3_question_3131,866.6,490.2,1450.0
1621155,stimulus_Ins_LearningMobility_3_question_3131,866.7,490.5,1453.0
1621156,stimulus_Ins_LearningMobility_3_question_3131,866.9,490.1,1454.0
1621157,stimulus_Ins_LearningMobility_3_question_3131,867.1,489.7,1454.0
1621158,stimulus_Ins_LearningMobility_3_question_3131,867.3,489.5,1453.0
1621159,stimulus_Ins_LearningMobility_3_question_3131,867.4,490.1,1452.0
1621160,stimulus_Ins_LearningMobility_3_question_3131,867.4,490.6,1451.0
1621161,stimulus_Ins_LearningMobility_3_question_3131,867.4,490.9,1450.0
1621162,stimulus_Ins_LearningMobility_3_question_3131,867.3,491.0,1451.0
1621163,stimulus_Ins_LearningMobility_3_question_3131,867.3,491.2,1451.0
1621164,stimulus_Ins_LearningMobility_3_question_3131,867.3,491.4,1451.0
1621165,stimulus_Ins_LearningMobility_3_question_3131,867.3,491.1,1451.0
1621166,stimulus_Ins_LearningMobility_3_question_3131,867.3,490.8,1449.0
1621167,stimulus_Ins_LearningMobility_3_question_3131,867.1,490.5,1447.0
1621168,stimulus_Ins_LearningMobility_3_question_3131,867.0,490.3,1444.0
1621169,stimulus_Ins_LearningMobility_3_question_3131,866.9,490.1,1443.0
1621170,stimulus_Ins_LearningMobility_3_question_3131,867.0,490.4,1443.0
1621171,stimulus_Ins_LearningMobility_3_question_3131,867.3,490.8,1444.0
1621172,stimulus_Ins_LearningMobility_3_question_3131,867.7,491.0,1446.0
1621173,stimulus_Ins_LearningMobility_3_question_3131,868.3,490.6,1447.0
1621174,stimulus_Ins_LearningMobility_3_question_3131,868.5,490.5,1447.0
1621175,stimulus_Ins_LearningMobility_3_question_3131,868.4,490.9,1448.0
1621176,stimulus_Ins_LearningMobility_3_question_3131,868.2,491.8,1447.0
1621177,stimulus_Ins_LearningMobility_3_question_3131,868.0,492.3,1446.0
1621178,stimulus_Ins_LearningMobility_3_question_3131,868.1,492.9,1443.0
1621179,stimulus_Ins_LearningMobility_3_question_3131,868.3,493.0,1440.0
1621180,stimulus_Ins_LearningMobility_3_question_3131,868.6,493.1,1438.0
1621181,stimulus_Ins_LearningMobility_3_question_3131,868.7,493.2,1437.0
1621182,stimulus_Ins_LearningMobility_3_question_3131,868.6,493.1,1439.0
1621183,stimulus_Ins_LearningMobility_3_question_3131,868.5,492.8,1441.0
1621184,stimulus_Ins_LearningMobility_3_question_3131,868.2,491.8,1444.0
1621185,stimulus_Ins_LearningMobility_3_question_3131,868.0,491.0,1444.0
1621186,stimulus_Ins_LearningMobility_3_question_3131,867.9,490.4,1442.0
1621187,stimulus_Ins_LearningMobility_3_question_3131,867.8,490.4,1439.0
1621188,stimulus_Ins_LearningMobility_3_question_3131,867.7,490.5,1436.0
1621189,stimulus_Ins_LearningMobility_3_question_3131,867.6,490.6,1434.0
1621190,stimulus_Ins_LearningMobility_3_question_3131,867.4,490.6,1433.0
1621191,stimulus_Ins_LearningMobility_3_question_3131,867.3,490.4,1432.0
1621192,stimulus_Ins_LearningMobility_3_question_3131,867.1,490.3,1431.0
1621193,stimulus_Ins_LearningMobility_3_question_3131,867.0,490.1,1432.0
1621194,stimulus_Ins_LearningMobility_3_question_3131,866.8,490.1,1433.0
1621195,stimulus_Ins_LearningMobility_3_question_3131,866.7,490.5,1433.0
1621196,stimulus_Ins_LearningMobility_3_question_3131,866.7,490.9,1431.0
1621197,stimulus_Ins_LearningMobility_3_question_3131,866.7,491.2,1430.0
1621198,stimulus_Ins_LearningMobility_3_question_3131,866.7,491.0,1429.0
1621199,stimulus_Ins_LearningMobility_3_question_3131,866.7,490.7,1429.0
1621200,stimulus_Ins_LearningMobility_3_question_3131,867.1,490.6,1430.0
1621201,stimulus_Ins_LearningMobility_3_question_3131,867.5,490.9,1431.0
1621202,stimulus_Ins_LearningMobility_3_question_3131,868.1,491.2,1435.0
1621203,stimulus_Ins_LearningMobility_3_question_3131,868.6,491.5,1437.0
1621204,stimulus_Ins_LearningMobility_3_question_3131,869.1,491.5,1439.0
1621205,stimulus_Ins_LearningMobility_3_question_3131,869.5,491.8,1438.0
1621206,stimulus_Ins_LearningMobility_3_question_3131,869.4,492.2,1436.0
1621207,stimulus_Ins_LearningMobility_3_question_3131,869.0,492.5,1433.0
1621208,stimulus_Ins_LearningMobility_3_question_3131,868.6,492.7,1431.0
1621209,stimulus_Ins_LearningMobility_3_question_3131,868.7,492.7,1431.0
1621210,stimulus_Ins_LearningMobility_3_question_3131,868.6,492.5,1430.0
1621211,stimulus_Ins_LearningMobility_3_question_3131,868.5,492.4,1431.0
1621212,stimulus_Ins_LearningMobility_3_question_3131,868.4,492.6,1433.0
1621213,stimulus_Ins_LearningMobility_3_question_3131,867.9,493.1,1435.0
1621214,stimulus_Ins_LearningMobility_3_question_3131,867.4,493.4,1438.0
1621215,stimulus_Ins_LearningMobility_3_question_3131,867.3,493.4,1438.0
1621216,stimulus_Ins_LearningMobility_3_question_3131,867.7,493.4,1438.0
1621217,stimulus_Ins_LearningMobility_3_question_3131,868.1,494.0,1436.0
1621218,stimulus_Ins_LearningMobility_3_question_3131,868.6,494.6,1434.0
1621219,stimulus_Ins_LearningMobility_3_question_3131,869.1,495.1,1431.0
1621220,stimulus_Ins_LearningMobility_3_question_3131,869.4,495.1,1430.0
1621221,stimulus_Ins_LearningMobility_3_question_3131,869.2,495.1,1433.0
1621222,stimulus_Ins_LearningMobility_3_question_3131,869.1,495.0,1436.0
1621223,stimulus_Ins_LearningMobility_3_question_3131,869.1,494.9,1439.0
1621224,stimulus_Ins_LearningMobility_3_question_3131,869.1,494.7,1439.0
1621225,stimulus_Ins_LearningMobility_3_question_3131,869.2,494.6,1437.0
1621226,stimulus_Ins_LearningMobility_3_question_3131,869.2,494.7,1436.0
1621227,stimulus_Ins_LearningMobility_3_question_3131,869.2,494.9,1435.0
1621228,stimulus_Ins_LearningMobility_3_question_3131,869.1,495.0,1434.0
1621229,stimulus_Ins_LearningMobility_3_question_3131,869.1,495.1,1432.0
1621230,stimulus_Ins_LearningMobility_3_question_3131,868.9,495.1,1431.0
1621231,stimulus_Ins_LearningMobility_3_question_3131,868.6,494.6,1430.0
1621232,stimulus_Ins_LearningMobility_3_question_3131,868.5,494.1,1430.0
1621233,stimulus_Ins_LearningMobility_3_question_3131,868.6,493.8,1431.0
1621234,stimulus_Ins_LearningMobility_3_question_3131,868.5,493.9,1432.0
1621235,stimulus_Ins_LearningMobility_3_question_3131,867.9,493.8,1434.0
1621236,stimulus_Ins_LearningMobility_3_question_3131,867.4,493.6,1435.0
1621237,stimulus_Ins_LearningMobility_3_question_3131,867.7,493.2,1435.0
1621238,stimulus_Ins_LearningMobility_3_question_3131,868.4,493.1,1434.0
1621239,stimulus_Ins_LearningMobility_3_question_3131,868.9,493.2,1431.0
1621240,stimulus_Ins_LearningMobility_3_question_3131,868.7,493.4,1428.0
1621241,stimulus_Ins_LearningMobility_3_question_3131,868.7,493.7,1428.0
1621242,stimulus_Ins_LearningMobility_3_question_3131,868.7,493.5,1431.0
1621243,stimulus_Ins_LearningMobility_3_question_3131,868.6,493.3,1435.0
1621244,stimulus_Ins_LearningMobility_3_question_3131,868.6,493.1,1437.0
1621245,stimulus_Ins_LearningMobility_3_question_3131,868.7,493.0,1437.0
1621246,stimulus_Ins_LearningMobility_3_question_3131,868.9,492.9,1438.0
1621247,stimulus_Ins_LearningMobility_3_question_3131,868.8,492.6,1436.0
1621248,stimulus_Ins_LearningMobility_3_question_3131,868.6,492.4,1433.0
1621249,stimulus_Ins_LearningMobility_3_question_3131,868.4,492.3,1429.0
1621250,stimulus_Ins_LearningMobility_3_question_3131,868.4,492.4,1427.0
1621251,stimulus_Ins_LearningMobility_3_question_3131,868.4,492.7,1427.0
1621252,stimulus_Ins_LearningMobility_3_question_3131,868.4,493.1,1428.0
1621253,stimulus_Ins_LearningMobility_3_question_3131,868.4,493.6,1430.0
1621254,stimulus_Ins_LearningMobility_3_question_3131,868.3,493.9,1431.0
1621255,stimulus_Ins_LearningMobility_3_question_3131,868.4,493.8,1431.0
1621256,stimulus_Ins_LearningMobility_3_question_3131,868.7,493.0,1430.0
1621257,stimulus_Ins_LearningMobility_3_question_3131,869.0,492.1,1429.0
1621258,stimulus_Ins_LearningMobility_3_question_3131,868.7,491.6,1427.0
1621259,stimulus_Ins_LearningMobility_3_question_3131,868.3,491.9,1425.0
1621260,stimulus_Ins_LearningMobility_3_question_3131,868.4,492.3,1424.0
1621261,stimulus_Ins_LearningMobility_3_question_3131,868.9,492.7,1424.0
1621262,stimulus_Ins_LearningMobility_3_question_3131,869.0,492.8,1424.0
1621263,stimulus_Ins_LearningMobility_3_question_3131,868.5,492.1,1426.0
1621264,stimulus_Ins_LearningMobility_3_question_3131,868.0,491.4,1428.0
1621265,stimulus_Ins_LearningMobility_3_question_3131,868.1,491.1,1430.0
1621266,stimulus_Ins_LearningMobility_3_question_3131,868.1,491.7,1429.0
1621267,stimulus_Ins_LearningMobility_3_question_3131,868.1,492.3,1428.0
1621268,stimulus_Ins_LearningMobility_3_question_3131,868.1,492.3,1427.0
1621269,stimulus_Ins_LearningMobility_3_question_3131,868.1,492.3,1426.0
1621270,stimulus_Ins_LearningMobility_3_question_3131,868.1,492.3,1425.0
1621271,stimulus_Ins_LearningMobility_3_question_3131,868.3,492.5,1424.0
1621272,stimulus_Ins_LearningMobility_3_question_3131,868.6,492.6,1424.0
1621273,stimulus_Ins_LearningMobility_3_question_3131,868.8,492.6,1424.0
1621274,stimulus_Ins_LearningMobility_3_question_3131,868.7,492.7,1424.0
1621275,stimulus_Ins_LearningMobility_3_question_3131,868.4,492.8,1424.0
1621276,stimulus_Ins_LearningMobility_3_question_3131,868.1,492.8,1425.0
1621277,stimulus_Ins_LearningMobility_3_question_3131,868.4,492.8,1426.0
1621278,stimulus_Ins_LearningMobility_3_question_3131,868.7,492.7,1426.0
1621279,stimulus_Ins_LearningMobility_3_question_3131,868.9,493.1,1427.0
1621280,stimulus_Ins_LearningMobility_3_question_3131,868.8,493.6,1427.0
1621281,stimulus_Ins_LearningMobility_3_question_3131,868.8,494.1,1428.0
1621282,stimulus_Ins_LearningMobility_3_question_3131,868.7,494.1,1429.0
1621283,stimulus_Ins_LearningMobility_3_question_3131,868.7,494.1,1429.0
1621284,stimulus_Ins_LearningMobility_3_question_3131,868.6,494.1,1429.0
1621285,stimulus_Ins_LearningMobility_3_question_3131,868.6,494.3,1428.0
1621286,stimulus_Ins_LearningMobility_3_question_3131,868.5,494.5,1427.0
1621287,stimulus_Ins_LearningMobility_3_question_3131,868.3,494.2,1426.0
1621288,stimulus_Ins_LearningMobility_3_question_3131,868.2,493.7,1426.0
1621289,stimulus_Ins_LearningMobility_3_question_3131,868.0,493.2,1425.0
1621290,stimulus_Ins_LearningMobility_3_question_3131,867.7,493.2,1424.0
1621291,stimulus_Ins_LearningMobility_3_question_3131,867.5,493.2,1424.0
1621292,stimulus_Ins_LearningMobility_3_question_3131,867.3,493.1,1425.0
1621293,stimulus_Ins_LearningMobility_3_question_3131,867.3,493.2,1427.0
1621294,stimulus_Ins_LearningMobility_3_question_3131,867.7,493.3,1429.0
1621295,stimulus_Ins_LearningMobility_3_question_3131,868.1,493.5,1430.0
1621296,stimulus_Ins_LearningMobility_3_question_3131,868.6,493.5,1430.0
1621297,stimulus_Ins_LearningMobility_3_question_3131,868.5,493.8,1429.0
1621298,stimulus_Ins_LearningMobility_3_question_3131,868.4,494.1,1429.0
1621299,stimulus_Ins_LearningMobility_3_question_3131,868.1,494.4,1429.0
1621300,stimulus_Ins_LearningMobility_3_question_3131,868.1,494.3,1428.0
1621301,stimulus_Ins_LearningMobility_3_question_3131,868.1,494.1,1428.0
1621302,stimulus_Ins_LearningMobility_3_question_3131,868.1,493.4,1428.0
1621303,stimulus_Ins_LearningMobility_3_question_3131,868.1,493.0,1428.0
1621304,stimulus_Ins_LearningMobility_3_question_3131,868.3,492.5,1427.0
1621305,stimulus_Ins_LearningMobility_3_question_3131,868.4,492.5,1427.0
1621306,stimulus_Ins_LearningMobility_3_question_3131,868.3,492.6,1426.0
1621307,stimulus_Ins_LearningMobility_3_question_3131,868.2,492.6,1426.0
1621308,stimulus_Ins_LearningMobility_3_question_3131,868.1,492.2,1427.0
1621309,stimulus_Ins_LearningMobility_3_question_3131,868.2,491.7,1427.0
1621310,stimulus_Ins_LearningMobility_3_question_3131,868.2,491.5,1427.0
1621311,stimulus_Ins_LearningMobility_3_question_3131,868.2,491.8,1426.0
1621312,stimulus_Ins_LearningMobility_3_question_3131,868.5,492.6,1426.0
1621313,stimulus_Ins_LearningMobility_3_question_3131,868.9,493.4,1426.0
1621314,stimulus_Ins_LearningMobility_3_question_3131,869.2,494.0,1426.0
1621315,stimulus_Ins_LearningMobility_3_question_3131,869.1,493.1,1427.0
1621316,stimulus_Ins_LearningMobility_3_question_3131,869.0,492.2,1427.0
1621317,stimulus_Ins_LearningMobility_3_question_3131,869.0,491.5,1427.0
1621318,stimulus_Ins_LearningMobility_3_question_3131,868.9,491.7,1427.0
1621319,stimulus_Ins_LearningMobility_3_question_3131,868.9,491.9,1428.0
1621320,stimulus_Ins_LearningMobility_3_question_3131,868.8,492.0,1429.0
1621321,stimulus_Ins_LearningMobility_3_question_3131,868.7,492.2,1429.0
1621322,stimulus_Ins_LearningMobility_3_question_3131,868.7,492.3,1430.0
1621323,stimulus_Ins_LearningMobility_3_question_3131,868.6,492.4,1431.0
1621324,stimulus_Ins_LearningMobility_3_question_3131,868.2,492.2,1433.0
1621325,stimulus_Ins_LearningMobility_3_question_3131,867.8,492.0,1431.0
1621326,stimulus_Ins_LearningMobility_3_question_3131,867.6,491.8,1432.0
1621327,stimulus_Ins_LearningMobility_3_question_3131,867.5,491.8,1432.0
1621328,stimulus_Ins_LearningMobility_3_question_3131,867.8,491.8,1432.0
1621329,stimulus_Ins_LearningMobility_3_question_3131,868.3,491.8,1431.0
1621330,stimulus_Ins_LearningMobility_3_question_3131,868.4,491.4,1431.0
1621331,stimulus_Ins_LearningMobility_3_question_3131,867.5,490.9,1431.0
1621332,stimulus_Ins_LearningMobility_3_question_3131,866.7,490.6,1432.0
1621333,stimulus_Ins_LearningMobility_3_question_3131,866.8,490.8,1433.0
1621334,stimulus_Ins_LearningMobility_3_question_3131,867.5,490.5,1434.0
1621335,stimulus_Ins_LearningMobility_3_question_3131,867.9,490.1,1434.0
1621336,stimulus_Ins_LearningMobility_3_question_3131,867.6,489.7,1432.0
1621337,stimulus_Ins_LearningMobility_3_question_3131,867.4,489.9,1431.0
1621338,stimulus_Ins_LearningMobility_3_question_3131,867.4,490.0,1428.0
1621339,stimulus_Ins_LearningMobility_3_question_3131,867.1,490.1,1425.0
1621340,stimulus_Ins_LearningMobility_3_question_3131,866.8,490.2,1422.0
1621341,stimulus_Ins_LearningMobility_3_question_3131,866.5,490.7,1423.0
1621342,stimulus_Ins_LearningMobility_3_question_3131,866.6,491.1,1426.0
1621343,stimulus_Ins_LearningMobility_3_question_3131,866.9,491.5,1429.0
1621344,stimulus_Ins_LearningMobility_3_question_3131,867.1,491.5,1431.0
1621345,stimulus_Ins_LearningMobility_3_question_3131,867.2,491.6,1431.0
1621346,stimulus_Ins_LearningMobility_3_question_3131,867.2,492.0,1431.0
1621347,stimulus_Ins_LearningMobility_3_question_3131,867.2,492.4,1431.0
1621348,stimulus_Ins_LearningMobility_3_question_3131,867.1,492.7,1429.0
1621349,stimulus_Ins_LearningMobility_3_question_3131,866.6,492.7,1429.0
1621350,stimulus_Ins_LearningMobility_3_question_3131,866.1,492.8,1428.0
1621351,stimulus_Ins_LearningMobility_3_question_3131,866.8,493.0,1427.0
1621352,stimulus_Ins_LearningMobility_3_question_3131,868.2,492.7,1426.0
1621353,stimulus_Ins_LearningMobility_3_question_3131,870.4,492.2,1426.0
1621354,stimulus_Ins_LearningMobility_3_question_3131,872.8,491.8,1426.0
1621355,stimulus_Ins_LearningMobility_3_question_3131,875.2,491.5,1428.0
1621356,stimulus_Ins_LearningMobility_3_question_3131,877.6,490.7,1429.0
1621357,stimulus_Ins_LearningMobility_3_question_3131,880.2,490.0,1427.0
1621358,stimulus_Ins_LearningMobility_3_question_3131,882.7,489.8,1424.0
1621359,stimulus_Ins_LearningMobility_3_question_3131,887.3,490.1,1423.0
1621360,stimulus_Ins_LearningMobility_3_question_3131,891.5,490.2,1425.0
1621361,stimulus_Ins_LearningMobility_3_question_3131,896.4,489.9,1427.0
1621362,stimulus_Ins_LearningMobility_3_question_3131,900.1,490.5,1427.0
1621363,stimulus_Ins_LearningMobility_3_question_3131,903.2,491.4,1427.0
1621364,stimulus_Ins_LearningMobility_3_question_3131,906.6,492.2,1423.0
1621365,stimulus_Ins_LearningMobility_3_question_3131,908.6,492.1,1419.0
1621366,stimulus_Ins_LearningMobility_3_question_3131,910.0,491.0,1415.0
1621367,stimulus_Ins_LearningMobility_3_question_3131,910.6,489.7,1415.0
1621368,stimulus_Ins_LearningMobility_3_question_3131,910.9,487.8,1414.0
1621369,stimulus_Ins_LearningMobility_3_question_3131,911.2,487.0,1415.0
1621370,stimulus_Ins_LearningMobility_3_question_3131,911.1,486.3,1415.0
1621371,stimulus_Ins_LearningMobility_3_question_3131,911.1,485.5,1415.0
1621372,stimulus_Ins_LearningMobility_3_question_3131,912.0,484.3,1414.0
1621373,stimulus_Ins_LearningMobility_3_question_3131,913.3,482.9,1415.0
1621374,stimulus_Ins_LearningMobility_3_question_3131,915.0,482.3,1415.0
1621375,stimulus_Ins_LearningMobility_3_question_3131,916.1,482.0,1414.0
1621376,stimulus_Ins_LearningMobility_3_question_3131,917.0,482.3,1413.0
1621377,stimulus_Ins_LearningMobility_3_question_3131,917.9,483.1,1411.0
1621378,stimulus_Ins_LearningMobility_3_question_3131,918.5,483.9,1411.0
1621379,stimulus_Ins_LearningMobility_3_question_3131,919.1,484.5,1410.0
1621380,stimulus_Ins_LearningMobility_3_question_3131,919.1,484.6,1410.0
1621381,stimulus_Ins_LearningMobility_3_question_3131,918.9,485.3,1411.0
1621382,stimulus_Ins_LearningMobility_3_question_3131,918.8,486.0,1413.0
1621383,stimulus_Ins_LearningMobility_3_question_3131,918.6,486.6,1415.0
1621384,stimulus_Ins_LearningMobility_3_question_3131,918.6,486.3,1415.0
1621385,stimulus_Ins_LearningMobility_3_question_3131,918.1,486.1,1414.0
1621386,stimulus_Ins_LearningMobility_3_question_3131,917.7,485.9,1413.0
1621387,stimulus_Ins_LearningMobility_3_question_3131,917.5,485.8,1412.0
1621388,stimulus_Ins_LearningMobility_3_question_3131,918.0,485.6,1411.0
1621389,stimulus_Ins_LearningMobility_3_question_3131,918.7,484.9,1411.0
1621390,stimulus_Ins_LearningMobility_3_question_3131,919.2,484.3,1410.0
1621391,stimulus_Ins_LearningMobility_3_question_3131,919.6,484.0,1411.0
1621392,stimulus_Ins_LearningMobility_3_question_3131,919.0,484.1,1411.0
1621393,stimulus_Ins_LearningMobility_3_question_3131,918.5,484.3,1411.0
1621394,stimulus_Ins_LearningMobility_3_question_3131,918.0,484.4,1413.0
1621395,stimulus_Ins_LearningMobility_3_question_3131,917.7,484.6,1414.0
1621396,stimulus_Ins_LearningMobility_3_question_3131,917.5,484.5,1416.0
1621397,stimulus_Ins_LearningMobility_3_question_3131,917.3,484.4,1414.0
1621398,stimulus_Ins_LearningMobility_3_question_3131,917.4,484.9,1413.0
1621399,stimulus_Ins_LearningMobility_3_question_3131,917.6,485.6,1411.0
1621400,stimulus_Ins_LearningMobility_3_question_3131,917.7,486.2,1411.0
1621401,stimulus_Ins_LearningMobility_3_question_3131,917.6,485.8,1411.0
1621402,stimulus_Ins_LearningMobility_3_question_3131,917.7,485.1,1411.0
1621403,stimulus_Ins_LearningMobility_3_question_3131,918.1,484.4,1411.0
1621404,stimulus_Ins_LearningMobility_3_question_3131,918.4,484.2,1410.0
1621405,stimulus_Ins_LearningMobility_3_question_3131,918.5,484.3,1410.0
1621406,stimulus_Ins_LearningMobility_3_question_3131,918.6,484.3,1409.0
1621407,stimulus_Ins_LearningMobility_3_question_3131,918.6,484.9,1408.0
1621408,stimulus_Ins_LearningMobility_3_question_3131,918.6,485.4,1408.0
1621409,stimulus_Ins_LearningMobility_3_question_3131,918.7,486.0,1407.0
1621410,stimulus_Ins_LearningMobility_3_question_3131,918.9,485.9,1407.0
1621411,stimulus_Ins_LearningMobility_3_question_3131,919.0,485.7,1406.0
1621412,stimulus_Ins_LearningMobility_3_question_3131,919.1,485.5,1406.0
1621413,stimulus_Ins_LearningMobility_3_question_3131,919.1,485.3,1407.0
1621414,stimulus_Ins_LearningMobility_3_question_3131,919.1,485.1,1407.0
1621415,stimulus_Ins_LearningMobility_3_question_3131,919.1,485.0,1408.0
1621416,stimulus_Ins_LearningMobility_3_question_3131,919.1,485.0,1408.0
1621417,stimulus_Ins_LearningMobility_3_question_3131,919.0,485.6,1408.0
1621418,stimulus_Ins_LearningMobility_3_question_3131,918.9,486.2,1408.0
1621419,stimulus_Ins_LearningMobility_3_question_3131,919.1,486.7,1407.0
1621420,stimulus_Ins_LearningMobility_3_question_3131,919.4,486.7,1408.0
1621421,stimulus_Ins_LearningMobility_3_question_3131,919.7,486.2,1409.0
1621422,stimulus_Ins_LearningMobility_3_question_3131,919.9,485.7,1410.0
1621423,stimulus_Ins_LearningMobility_3_question_3131,920.1,485.4,1410.0
1621424,stimulus_Ins_LearningMobility_3_question_3131,920.4,485.2,1410.0
1621425,stimulus_Ins_LearningMobility_3_question_3131,920.4,485.1,1410.0
1621426,stimulus_Ins_LearningMobility_3_question_3131,920.4,485.2,1408.0
1621427,stimulus_Ins_LearningMobility_3_question_3131,920.2,485.8,1407.0
1621428,stimulus_Ins_LearningMobility_3_question_3131,920.1,486.3,1406.0
1621429,stimulus_Ins_LearningMobility_3_question_3131,919.9,486.4,1406.0
1621430,stimulus_Ins_LearningMobility_3_question_3131,919.9,486.5,1405.0
1621431,stimulus_Ins_LearningMobility_3_question_3131,919.7,486.8,1406.0
1621432,stimulus_Ins_LearningMobility_3_question_3131,919.5,487.0,1407.0
1621433,stimulus_Ins_LearningMobility_3_question_3131,919.3,487.3,1409.0
1621434,stimulus_Ins_LearningMobility_3_question_3131,919.2,487.3,1409.0
1621435,stimulus_Ins_LearningMobility_3_question_3131,919.1,487.0,1410.0
1621436,stimulus_Ins_LearningMobility_3_question_3131,919.0,486.7,1410.0
1621437,stimulus_Ins_LearningMobility_3_question_3131,919.0,486.5,1408.0
1621438,stimulus_Ins_LearningMobility_3_question_3131,919.0,486.8,1407.0
1621439,stimulus_Ins_LearningMobility_3_question_3131,919.2,486.9,1406.0
1621440,stimulus_Ins_LearningMobility_3_question_3131,919.5,487.0,1407.0
1621441,stimulus_Ins_LearningMobility_3_question_3131,919.6,487.1,1408.0
1621442,stimulus_Ins_LearningMobility_3_question_3131,919.4,487.3,1408.0
1621443,stimulus_Ins_LearningMobility_3_question_3131,919.2,487.5,1407.0
1621444,stimulus_Ins_LearningMobility_3_question_3131,918.6,486.8,1407.0
1621445,stimulus_Ins_LearningMobility_3_question_3131,918.0,486.0,1407.0
1621446,stimulus_Ins_LearningMobility_3_question_3131,917.4,485.5,1407.0
1621447,stimulus_Ins_LearningMobility_3_question_3131,917.4,485.8,1406.0
1621448,stimulus_Ins_LearningMobility_3_question_3131,917.3,486.1,1406.0
1621449,stimulus_Ins_LearningMobility_3_question_3131,917.6,486.0,1407.0
1621450,stimulus_Ins_LearningMobility_3_question_3131,917.9,485.8,1408.0
1621451,stimulus_Ins_LearningMobility_3_question_3131,918.0,485.8,1408.0
1621452,stimulus_Ins_LearningMobility_3_question_3131,917.8,485.5,1409.0
1621453,stimulus_Ins_LearningMobility_3_question_3131,917.4,485.3,1409.0
1621454,stimulus_Ins_LearningMobility_3_question_3131,917.3,485.9,1409.0
1621455,stimulus_Ins_LearningMobility_3_question_3131,917.2,486.7,1409.0
1621456,stimulus_Ins_LearningMobility_3_question_3131,917.3,487.5,1409.0
1621457,stimulus_Ins_LearningMobility_3_question_3131,917.5,487.5,1409.0
1621458,stimulus_Ins_LearningMobility_3_question_3131,917.5,487.4,1407.0
1621459,stimulus_Ins_LearningMobility_3_question_3131,917.5,487.3,1405.0
1621460,stimulus_Ins_LearningMobility_3_question_3131,917.5,487.1,1403.0
1621461,stimulus_Ins_LearningMobility_3_question_3131,917.5,486.5,1404.0
1621462,stimulus_Ins_LearningMobility_3_question_3131,917.9,485.8,1405.0
1621463,stimulus_Ins_LearningMobility_3_question_3131,918.3,485.2,1406.0
1621464,stimulus_Ins_LearningMobility_3_question_3131,918.1,485.3,1406.0
1621465,stimulus_Ins_LearningMobility_3_question_3131,917.6,485.5,1407.0
1621466,stimulus_Ins_LearningMobility_3_question_3131,917.4,486.1,1409.0
1621467,stimulus_Ins_LearningMobility_3_question_3131,917.7,486.4,1408.0
1621468,stimulus_Ins_LearningMobility_3_question_3131,918.0,487.1,1406.0
1621469,stimulus_Ins_LearningMobility_3_question_3131,917.9,487.4,1403.0
1621470,stimulus_Ins_LearningMobility_3_question_3131,917.9,487.0,1403.0
1621471,stimulus_Ins_LearningMobility_3_question_3131,917.8,486.3,1403.0
1621472,stimulus_Ins_LearningMobility_3_question_3131,917.9,485.6,1405.0
1621473,stimulus_Ins_LearningMobility_3_question_3131,917.9,485.5,1406.0
1621474,stimulus_Ins_LearningMobility_3_question_3131,917.9,485.8,1407.0
1621475,stimulus_Ins_LearningMobility_3_question_3131,917.7,486.3,1407.0
1621476,stimulus_Ins_LearningMobility_3_question_3131,917.6,486.7,1406.0
1621477,stimulus_Ins_LearningMobility_3_question_3131,917.5,486.9,1404.0
1621478,stimulus_Ins_LearningMobility_3_question_3131,917.5,486.9,1402.0
1621479,stimulus_Ins_LearningMobility_3_question_3131,917.5,486.9,1400.0
1621480,stimulus_Ins_LearningMobility_3_question_3131,917.5,486.9,1399.0
1621481,stimulus_Ins_LearningMobility_3_question_3131,917.5,486.9,1399.0
1621482,stimulus_Ins_LearningMobility_3_question_3131,917.5,486.4,1400.0
1621483,stimulus_Ins_LearningMobility_3_question_3131,917.5,486.0,1401.0
1621484,stimulus_Ins_LearningMobility_3_question_3131,917.5,485.8,1400.0
1621485,stimulus_Ins_LearningMobility_3_question_3131,917.7,486.1,1400.0
1621486,stimulus_Ins_LearningMobility_3_question_3131,917.9,486.4,1400.0
1621487,stimulus_Ins_LearningMobility_3_question_3131,918.0,486.6,1400.0
1621488,stimulus_Ins_LearningMobility_3_question_3131,918.1,487.0,1400.0
1621489,stimulus_Ins_LearningMobility_3_question_3131,918.2,487.5,1401.0
1621490,stimulus_Ins_LearningMobility_3_question_3131,918.4,487.6,1403.0
1621491,stimulus_Ins_LearningMobility_3_question_3131,918.5,487.9,1405.0
1621492,stimulus_Ins_LearningMobility_3_question_3131,918.6,488.1,1406.0
1621493,stimulus_Ins_LearningMobility_3_question_3131,918.6,488.3,1405.0
1621494,stimulus_Ins_LearningMobility_3_question_3131,918.6,488.6,1404.0
1621495,stimulus_Ins_LearningMobility_3_question_3131,918.5,488.7,1405.0
1621496,stimulus_Ins_LearningMobility_3_question_3131,918.6,488.9,1407.0
1621497,stimulus_Ins_LearningMobility_3_question_3131,918.7,488.8,1405.0
1621498,stimulus_Ins_LearningMobility_3_question_3131,918.9,488.7,1402.0
1621499,stimulus_Ins_LearningMobility_3_question_3131,919.0,488.7,1399.0
1621500,stimulus_Ins_LearningMobility_3_question_3131,919.1,488.9,1401.0
1621501,stimulus_Ins_LearningMobility_3_question_3131,919.1,489.1,1403.0
1621502,stimulus_Ins_LearningMobility_3_question_3131,919.0,489.0,1402.0
1621503,stimulus_Ins_LearningMobility_3_question_3131,919.0,488.8,1404.0
1621504,stimulus_Ins_LearningMobility_3_question_3131,919.0,488.4,1406.0
1621505,stimulus_Ins_LearningMobility_3_question_3131,919.0,487.9,1407.0
1621506,stimulus_Ins_LearningMobility_3_question_3131,919.2,487.6,1405.0
1621507,stimulus_Ins_LearningMobility_3_question_3131,919.3,487.4,1403.0
1621508,stimulus_Ins_LearningMobility_3_question_3131,919.5,487.2,1402.0
1621509,stimulus_Ins_LearningMobility_3_question_3131,919.5,487.0,1402.0
1621510,stimulus_Ins_LearningMobility_3_question_3131,919.5,486.9,1402.0
1621511,stimulus_Ins_LearningMobility_3_question_3131,919.3,486.8,1403.0
1621512,stimulus_Ins_LearningMobility_3_question_3131,919.0,486.7,1405.0
1621513,stimulus_Ins_LearningMobility_3_question_3131,918.9,486.7,1406.0
1621514,stimulus_Ins_LearningMobility_3_question_3131,918.8,485.9,1403.0
1621515,stimulus_Ins_LearningMobility_3_question_3131,918.7,485.1,1401.0
1621516,stimulus_Ins_LearningMobility_3_question_3131,918.6,485.0,1399.0
1621517,stimulus_Ins_LearningMobility_3_question_3131,918.9,485.8,1399.0
1621518,stimulus_Ins_LearningMobility_3_question_3131,919.2,486.3,1399.0
1621519,stimulus_Ins_LearningMobility_3_question_3131,919.5,486.1,1400.0
1621520,stimulus_Ins_LearningMobility_3_question_3131,919.4,485.8,1399.0
1621521,stimulus_Ins_LearningMobility_3_question_3131,919.1,485.4,1398.0
1621522,stimulus_Ins_LearningMobility_3_question_3131,918.9,485.2,1397.0
1621523,stimulus_Ins_LearningMobility_3_question_3131,918.6,484.9,1397.0
1621524,stimulus_Ins_LearningMobility_3_question_3131,918.5,485.4,1397.0
1621525,stimulus_Ins_LearningMobility_3_question_3131,918.4,485.8,1397.0
1621526,stimulus_Ins_LearningMobility_3_question_3131,918.6,486.5,1396.0
1621527,stimulus_Ins_LearningMobility_3_question_3131,918.8,486.7,1394.0
1621528,stimulus_Ins_LearningMobility_3_question_3131,919.2,486.9,1392.0
1621529,stimulus_Ins_LearningMobility_3_question_3131,919.3,486.8,1393.0
1621530,stimulus_Ins_LearningMobility_3_question_3131,919.4,486.8,1393.0
1621531,stimulus_Ins_LearningMobility_3_question_3131,919.4,486.8,1394.0
1621532,stimulus_Ins_LearningMobility_3_question_3131,919.4,486.9,1395.0
1621533,stimulus_Ins_LearningMobility_3_question_3131,919.2,486.9,1396.0
1621534,stimulus_Ins_LearningMobility_3_question_3131,918.9,486.8,1396.0
1621535,stimulus_Ins_LearningMobility_3_question_3131,918.7,486.7,1394.0
1621536,stimulus_Ins_LearningMobility_3_question_3131,918.7,486.8,1393.0
1621537,stimulus_Ins_LearningMobility_3_question_3131,918.4,487.0,1392.0
1621538,stimulus_Ins_LearningMobility_3_question_3131,918.0,487.2,1392.0
1621539,stimulus_Ins_LearningMobility_3_question_3131,918.4,487.4,1392.0
1621540,stimulus_Ins_LearningMobility_3_question_3131,920.2,487.6,1393.0
1621541,stimulus_Ins_LearningMobility_3_question_3131,923.3,487.5,1394.0
1621542,stimulus_Ins_LearningMobility_3_question_3131,927.1,487.1,1396.0
1621543,stimulus_Ins_LearningMobility_3_question_3131,931.7,486.8,1394.0
1621544,stimulus_Ins_LearningMobility_3_question_3131,937.0,487.2,1391.0
1621545,stimulus_Ins_LearningMobility_3_question_3131,941.5,487.7,1388.0
1621546,stimulus_Ins_LearningMobility_3_question_3131,946.1,488.2,1388.0
1621547,stimulus_Ins_LearningMobility_3_question_3131,950.3,488.1,1389.0
1621548,stimulus_Ins_LearningMobility_3_question_3131,956.5,487.5,1389.0
1621549,stimulus_Ins_LearningMobility_3_question_3131,962.6,486.7,1388.0
1621550,stimulus_Ins_LearningMobility_3_question_3131,968.7,485.2,1388.0
1621551,stimulus_Ins_LearningMobility_3_question_3131,974.5,484.1,1388.0
1621552,stimulus_Ins_LearningMobility_3_question_3131,979.4,483.2,1388.0
1621553,stimulus_Ins_LearningMobility_3_question_3131,983.1,483.2,1389.0
1621554,stimulus_Ins_LearningMobility_3_question_3131,986.4,483.3,1390.0
1621555,stimulus_Ins_LearningMobility_3_question_3131,989.7,483.4,1390.0
1621556,stimulus_Ins_LearningMobility_3_question_3131,993.1,483.3,1389.0
1621557,stimulus_Ins_LearningMobility_3_question_3131,995.6,483.3,1386.0
1621558,stimulus_Ins_LearningMobility_3_question_3131,997.5,483.4,1383.0
1621559,stimulus_Ins_LearningMobility_3_question_3131,999.7,483.6,1380.0
1621560,stimulus_Ins_LearningMobility_3_question_3131,1001.8,483.6,1378.0
1621561,stimulus_Ins_LearningMobility_3_question_3131,1003.2,483.6,1375.0
1621562,stimulus_Ins_LearningMobility_3_question_3131,1004.5,483.3,1374.0
1621563,stimulus_Ins_LearningMobility_3_question_3131,1005.4,483.1,1375.0
1621564,stimulus_Ins_LearningMobility_3_question_3131,1006.7,483.0,1376.0
1621565,stimulus_Ins_LearningMobility_3_question_3131,1007.5,482.9,1375.0
1621566,stimulus_Ins_LearningMobility_3_question_3131,1008.6,482.8,1374.0
1621567,stimulus_Ins_LearningMobility_3_question_3131,1009.3,481.9,1373.0
1621568,stimulus_Ins_LearningMobility_3_question_3131,1010.5,480.9,1373.0
1621569,stimulus_Ins_LearningMobility_3_question_3131,1011.0,480.0,1373.0
1621570,stimulus_Ins_LearningMobility_3_question_3131,1012.0,480.2,1374.0
1621571,stimulus_Ins_LearningMobility_3_question_3131,1012.5,480.6,1375.0
1621572,stimulus_Ins_LearningMobility_3_question_3131,1013.3,481.2,1375.0
1621573,stimulus_Ins_LearningMobility_3_question_3131,1013.8,481.5,1375.0
1621574,stimulus_Ins_LearningMobility_3_question_3131,1014.2,481.7,1374.0
1621575,stimulus_Ins_LearningMobility_3_question_3131,1014.1,481.8,1374.0
1621576,stimulus_Ins_LearningMobility_3_question_3131,1014.7,482.0,1373.0
1621577,stimulus_Ins_LearningMobility_3_question_3131,1015.4,482.3,1373.0
1621578,stimulus_Ins_LearningMobility_3_question_3131,1015.2,482.4,1373.0
1621579,stimulus_Ins_LearningMobility_3_question_3131,1014.2,482.2,1373.0
1621580,stimulus_Ins_LearningMobility_3_question_3131,1013.2,482.7,1371.0
1621581,stimulus_Ins_LearningMobility_3_question_3131,1013.1,483.2,1369.0
1621582,stimulus_Ins_LearningMobility_3_question_3131,1013.2,483.9,1369.0
1621583,stimulus_Ins_LearningMobility_3_question_3131,1013.4,484.0,1371.0
1621584,stimulus_Ins_LearningMobility_3_question_3131,1013.7,483.7,1374.0
1621585,stimulus_Ins_LearningMobility_3_question_3131,1014.0,482.6,1376.0
1621586,stimulus_Ins_LearningMobility_3_question_3131,1014.4,481.5,1376.0
1621587,stimulus_Ins_LearningMobility_3_question_3131,1014.1,480.7,1376.0
1621588,stimulus_Ins_LearningMobility_3_question_3131,1013.8,480.7,1373.0
1621589,stimulus_Ins_LearningMobility_3_question_3131,1013.7,480.6,1370.0
1621590,stimulus_Ins_LearningMobility_3_question_3131,1014.0,480.6,1367.0
1621591,stimulus_Ins_LearningMobility_3_question_3131,1014.3,480.6,1368.0
1621592,stimulus_Ins_LearningMobility_3_question_3131,1014.4,481.2,1370.0
1621593,stimulus_Ins_LearningMobility_3_question_3131,1014.6,481.7,1372.0
1621594,stimulus_Ins_LearningMobility_3_question_3131,1014.8,482.0,1374.0
1621595,stimulus_Ins_LearningMobility_3_question_3131,1014.9,482.0,1374.0
1621596,stimulus_Ins_LearningMobility_3_question_3131,1014.8,482.3,1374.0
1621597,stimulus_Ins_LearningMobility_3_question_3131,1014.7,482.9,1371.0
1621598,stimulus_Ins_LearningMobility_3_question_3131,1014.6,483.4,1368.0
1621599,stimulus_Ins_LearningMobility_3_question_3131,1014.5,483.3,1368.0
1621600,stimulus_Ins_LearningMobility_3_question_3131,1014.4,482.4,1371.0
1621601,stimulus_Ins_LearningMobility_3_question_3131,1014.4,481.7,1375.0
1621602,stimulus_Ins_LearningMobility_3_question_3131,1014.6,481.6,1375.0
1621603,stimulus_Ins_LearningMobility_3_question_3131,1014.9,481.8,1376.0
1621604,stimulus_Ins_LearningMobility_3_question_3131,1015.1,481.8,1376.0
1621605,stimulus_Ins_LearningMobility_3_question_3131,1015.1,481.7,1376.0
1621606,stimulus_Ins_LearningMobility_3_question_3131,1015.0,482.2,1376.0
1621607,stimulus_Ins_LearningMobility_3_question_3131,1015.1,483.0,1374.0
1621608,stimulus_Ins_LearningMobility_3_question_3131,1015.1,483.7,1371.0
1621609,stimulus_Ins_LearningMobility_3_question_3131,1014.8,483.8,1368.0
1621610,stimulus_Ins_LearningMobility_3_question_3131,1014.4,483.9,1368.0
1621611,stimulus_Ins_LearningMobility_3_question_3131,1014.1,484.0,1369.0
1621612,stimulus_Ins_LearningMobility_3_question_3131,1014.0,484.0,1370.0
1621613,stimulus_Ins_LearningMobility_3_question_3131,1014.0,483.7,1371.0
1621614,stimulus_Ins_LearningMobility_3_question_3131,1014.0,483.6,1371.0
1621615,stimulus_Ins_LearningMobility_3_question_3131,1014.2,483.4,1371.0
1621616,stimulus_Ins_LearningMobility_3_question_3131,1014.4,483.4,1372.0
1621617,stimulus_Ins_LearningMobility_3_question_3131,1014.5,483.5,1372.0
1621618,stimulus_Ins_LearningMobility_3_question_3131,1014.6,483.2,1372.0
1621619,stimulus_Ins_LearningMobility_3_question_3131,1014.7,482.8,1372.0
1621620,stimulus_Ins_LearningMobility_3_question_3131,1014.7,482.4,1372.0
1621621,stimulus_Ins_LearningMobility_3_question_3131,1014.4,482.3,1371.0
1621622,stimulus_Ins_LearningMobility_3_question_3131,1014.1,482.5,1372.0
1621623,stimulus_Ins_LearningMobility_3_question_3131,1013.9,482.7,1372.0
1621624,stimulus_Ins_LearningMobility_3_question_3131,1014.0,482.8,1372.0
1621625,stimulus_Ins_LearningMobility_3_question_3131,1014.0,482.5,1372.0
1621626,stimulus_Ins_LearningMobility_3_question_3131,1014.1,482.2,1372.0
1621627,stimulus_Ins_LearningMobility_3_question_3131,1014.1,482.3,1372.0
1621628,stimulus_Ins_LearningMobility_3_question_3131,1014.1,482.7,1372.0
1621629,stimulus_Ins_LearningMobility_3_question_3131,1014.0,482.8,1371.0
1621630,stimulus_Ins_LearningMobility_3_question_3131,1014.0,482.4,1371.0
1621631,stimulus_Ins_LearningMobility_3_question_3131,1014.2,482.1,1371.0
1621632,stimulus_Ins_LearningMobility_3_question_3131,1014.4,482.3,1372.0
1621633,stimulus_Ins_LearningMobility_3_question_3131,1014.6,482.1,1373.0
1621634,stimulus_Ins_LearningMobility_3_question_3131,1014.7,482.0,1374.0
1621635,stimulus_Ins_LearningMobility_3_question_3131,1014.4,481.8,1373.0
1621636,stimulus_Ins_LearningMobility_3_question_3131,1014.2,481.6,1373.0
1621637,stimulus_Ins_LearningMobility_3_question_3131,1013.9,481.3,1372.0
1621638,stimulus_Ins_LearningMobility_3_question_3131,1013.6,480.9,1373.0
1621639,stimulus_Ins_LearningMobility_3_question_3131,1013.2,480.8,1370.0
1621640,stimulus_Ins_LearningMobility_3_question_3131,1012.9,480.9,1368.0
1621641,stimulus_Ins_LearningMobility_3_question_3131,1012.9,481.0,1365.0
1621642,stimulus_Ins_LearningMobility_3_question_3131,1012.9,481.0,1366.0
1621643,stimulus_Ins_LearningMobility_3_question_3131,1012.8,481.1,1368.0
1621644,stimulus_Ins_LearningMobility_3_question_3131,1012.7,481.2,1369.0
1621645,stimulus_Ins_LearningMobility_3_question_3131,1012.6,481.2,1369.0
1621646,stimulus_Ins_LearningMobility_3_question_3131,1012.6,481.1,1369.0
1621647,stimulus_Ins_LearningMobility_3_question_3131,1012.9,481.6,1369.0
1621648,stimulus_Ins_LearningMobility_3_question_3131,1013.1,482.1,1369.0
1621649,stimulus_Ins_LearningMobility_3_question_3131,1013.0,482.2,1368.0
1621650,stimulus_Ins_LearningMobility_3_question_3131,1012.9,481.4,1368.0
1621651,stimulus_Ins_LearningMobility_3_question_3131,1012.7,480.5,1367.0
1621652,stimulus_Ins_LearningMobility_3_question_3131,1012.8,480.0,1366.0
1621653,stimulus_Ins_LearningMobility_3_question_3131,1012.8,480.2,1365.0
1621654,stimulus_Ins_LearningMobility_3_question_3131,1012.8,480.4,1366.0
1621655,stimulus_Ins_LearningMobility_3_question_3131,1013.0,480.6,1366.0
1621656,stimulus_Ins_LearningMobility_3_question_3131,1013.2,480.6,1368.0
1621657,stimulus_Ins_LearningMobility_3_question_3131,1013.4,480.5,1370.0
1621658,stimulus_Ins_LearningMobility_3_question_3131,1013.4,480.5,1369.0
1621659,stimulus_Ins_LearningMobility_3_question_3131,1013.0,480.5,1366.0
1621660,stimulus_Ins_LearningMobility_3_question_3131,1012.7,481.1,1364.0
1621661,stimulus_Ins_LearningMobility_3_question_3131,1012.6,481.7,1367.0
1621662,stimulus_Ins_LearningMobility_3_question_3131,1012.6,482.1,1370.0
1621663,stimulus_Ins_LearningMobility_3_question_3131,1012.8,482.1,1372.0
1621664,stimulus_Ins_LearningMobility_3_question_3131,1013.0,482.2,1372.0
1621665,stimulus_Ins_LearningMobility_3_question_3131,1013.3,482.2,1372.0
1621666,stimulus_Ins_LearningMobility_3_question_3131,1013.3,482.2,1373.0
1621667,stimulus_Ins_LearningMobility_3_question_3131,1013.1,482.1,1374.0
1621668,stimulus_Ins_LearningMobility_3_question_3131,1012.9,482.4,1373.0
1621669,stimulus_Ins_LearningMobility_3_question_3131,1012.9,482.8,1370.0
1621670,stimulus_Ins_LearningMobility_3_question_3131,1013.1,483.2,1369.0
1621671,stimulus_Ins_LearningMobility_3_question_3131,1013.5,483.3,1369.0
1621672,stimulus_Ins_LearningMobility_3_question_3131,1013.7,483.4,1370.0
1621673,stimulus_Ins_LearningMobility_3_question_3131,1013.2,483.6,1372.0
1621674,stimulus_Ins_LearningMobility_3_question_3131,1012.6,483.3,1374.0
1621675,stimulus_Ins_LearningMobility_3_question_3131,1012.1,482.6,1375.0
1621676,stimulus_Ins_LearningMobility_3_question_3131,1012.4,481.9,1374.0
1621677,stimulus_Ins_LearningMobility_3_question_3131,1012.7,481.6,1372.0
1621678,stimulus_Ins_LearningMobility_3_question_3131,1012.9,481.4,1373.0
1621679,stimulus_Ins_LearningMobility_3_question_3131,1012.6,481.9,1374.0
1621680,stimulus_Ins_LearningMobility_3_question_3131,1012.5,482.4,1376.0
1621681,stimulus_Ins_LearningMobility_3_question_3131,1012.5,482.7,1377.0
1621682,stimulus_Ins_LearningMobility_3_question_3131,1012.6,482.4,1377.0
1621683,stimulus_Ins_LearningMobility_3_question_3131,1012.7,482.2,1377.0
1621684,stimulus_Ins_LearningMobility_3_question_3131,1012.7,482.1,1376.0
1621685,stimulus_Ins_LearningMobility_3_question_3131,1012.6,482.7,1376.0
1621686,stimulus_Ins_LearningMobility_3_question_3131,1012.6,483.3,1374.0
1621687,stimulus_Ins_LearningMobility_3_question_3131,1012.7,483.9,1373.0
1621688,stimulus_Ins_LearningMobility_3_question_3131,1012.8,484.1,1373.0
1621689,stimulus_Ins_LearningMobility_3_question_3131,1012.9,484.4,1373.0
1621690,stimulus_Ins_LearningMobility_3_question_3131,1012.9,484.3,1373.0
1621691,stimulus_Ins_LearningMobility_3_question_3131,1013.0,483.8,1373.0
1621692,stimulus_Ins_LearningMobility_3_question_3131,1013.0,483.3,1374.0
1621693,stimulus_Ins_LearningMobility_3_question_3131,1013.1,483.5,1375.0
1621694,stimulus_Ins_LearningMobility_3_question_3131,1013.2,483.8,1376.0
1621695,stimulus_Ins_LearningMobility_3_question_3131,1013.2,484.0,1376.0
1621696,stimulus_Ins_LearningMobility_3_question_3131,1013.2,483.9,1377.0
1621697,stimulus_Ins_LearningMobility_3_question_3131,1013.3,483.8,1377.0
1621698,stimulus_Ins_LearningMobility_3_question_3131,1013.3,483.8,1377.0
1621699,stimulus_Ins_LearningMobility_3_question_3131,1013.3,483.8,1375.0
1621700,stimulus_Ins_LearningMobility_3_question_3131,1013.2,484.3,1374.0
1621701,stimulus_Ins_LearningMobility_3_question_3131,1013.1,484.8,1373.0
1621702,stimulus_Ins_LearningMobility_3_question_3131,1013.1,485.1,1373.0
1621703,stimulus_Ins_LearningMobility_3_question_3131,1013.0,484.8,1374.0
1621704,stimulus_Ins_LearningMobility_3_question_3131,1013.0,484.1,1377.0
1621705,stimulus_Ins_LearningMobility_3_question_3131,1012.8,483.7,1378.0
1621706,stimulus_Ins_LearningMobility_3_question_3131,1012.7,483.5,1377.0
1621707,stimulus_Ins_LearningMobility_3_question_3131,1012.5,483.5,1375.0
1621708,stimulus_Ins_LearningMobility_3_question_3131,1012.3,483.6,1372.0
1621709,stimulus_Ins_LearningMobility_3_question_3131,1012.9,483.6,1372.0
1621710,stimulus_Ins_LearningMobility_3_question_3131,1013.6,483.5,1372.0
1621711,stimulus_Ins_LearningMobility_3_question_3131,1013.7,483.4,1373.0
1621712,stimulus_Ins_LearningMobility_3_question_3131,1013.0,483.1,1373.0
1621713,stimulus_Ins_LearningMobility_3_question_3131,1012.4,482.8,1374.0
1621714,stimulus_Ins_LearningMobility_3_question_3131,1012.6,482.6,1374.0
1621715,stimulus_Ins_LearningMobility_3_question_3131,1012.9,482.3,1374.0
1621716,stimulus_Ins_LearningMobility_3_question_3131,1013.2,482.3,1373.0
1621717,stimulus_Ins_LearningMobility_3_question_3131,1013.2,482.3,1372.0
1621718,stimulus_Ins_LearningMobility_3_question_3131,1013.0,483.0,1370.0
1621719,stimulus_Ins_LearningMobility_3_question_3131,1012.8,483.4,1370.0
1621720,stimulus_Ins_LearningMobility_3_question_3131,1012.7,483.3,1369.0
1621721,stimulus_Ins_LearningMobility_3_question_3131,1012.7,482.8,1370.0
1621722,stimulus_Ins_LearningMobility_3_question_3131,1012.7,482.0,1374.0
1621723,stimulus_Ins_LearningMobility_3_question_3131,1012.8,481.7,1377.0
1621724,stimulus_Ins_LearningMobility_3_question_3131,1013.0,482.2,1379.0
1621725,stimulus_Ins_LearningMobility_3_question_3131,1013.3,482.8,1376.0
1621726,stimulus_Ins_LearningMobility_3_question_3131,1013.3,482.7,1374.0
1621727,stimulus_Ins_LearningMobility_3_question_3131,1013.1,482.1,1371.0
1621728,stimulus_Ins_LearningMobility_3_question_3131,1012.8,481.7,1370.0
1621729,stimulus_Ins_LearningMobility_3_question_3131,1012.9,482.4,1368.0
1621730,stimulus_Ins_LearningMobility_3_question_3131,1013.1,483.0,1367.0
1621731,stimulus_Ins_LearningMobility_3_question_3131,1013.2,483.2,1367.0
1621732,stimulus_Ins_LearningMobility_3_question_3131,1013.0,482.9,1367.0
1621733,stimulus_Ins_LearningMobility_3_question_3131,1012.8,482.5,1368.0
1621734,stimulus_Ins_LearningMobility_3_question_3131,1012.7,482.1,1370.0
1621735,stimulus_Ins_LearningMobility_3_question_3131,1012.5,482.1,1372.0
1621736,stimulus_Ins_LearningMobility_3_question_3131,1012.4,482.1,1371.0
1621737,stimulus_Ins_LearningMobility_3_question_3131,1012.4,482.2,1370.0
1621738,stimulus_Ins_LearningMobility_3_question_3131,1012.9,482.1,1368.0
1621739,stimulus_Ins_LearningMobility_3_question_3131,1013.5,482.0,1366.0
1621740,stimulus_Ins_LearningMobility_3_question_3131,1014.6,481.7,1366.0
1621741,stimulus_Ins_LearningMobility_3_question_3131,1015.0,481.4,1367.0
1621742,stimulus_Ins_LearningMobility_3_question_3131,1015.5,481.3,1368.0
1621743,stimulus_Ins_LearningMobility_3_question_3131,1014.6,481.8,1370.0
1621744,stimulus_Ins_LearningMobility_3_question_3131,1012.0,482.4,1372.0
1621745,stimulus_Ins_LearningMobility_3_question_3131,1007.4,483.0,1374.0
1621746,stimulus_Ins_LearningMobility_3_question_3131,1001.5,483.3,1375.0
1621747,stimulus_Ins_LearningMobility_3_question_3131,995.4,483.8,1377.0
1621748,stimulus_Ins_LearningMobility_3_question_3131,988.8,485.6,1379.0
1621749,stimulus_Ins_LearningMobility_3_question_3131,980.2,487.9,1383.0
1621750,stimulus_Ins_LearningMobility_3_question_3131,969.1,490.8,1389.0
1621751,stimulus_Ins_LearningMobility_3_question_3131,956.2,492.9,1392.0
1621752,stimulus_Ins_LearningMobility_3_question_3131,944.8,494.6,1396.0
1621753,stimulus_Ins_LearningMobility_3_question_3131,933.6,496.1,1401.0
1621754,stimulus_Ins_LearningMobility_3_question_3131,922.5,497.4,1407.0
1621755,stimulus_Ins_LearningMobility_3_question_3131,909.2,500.3,1411.0
1621756,stimulus_Ins_LearningMobility_3_question_3131,897.3,504.5,1417.0
1621757,stimulus_Ins_LearningMobility_3_question_3131,886.9,510.0,1424.0
1621758,stimulus_Ins_LearningMobility_3_question_3131,877.1,515.1,1430.0
1621759,stimulus_Ins_LearningMobility_3_question_3131,867.0,519.3,1430.0
1621760,stimulus_Ins_LearningMobility_3_question_3131,855.5,522.8,1429.0
1621761,stimulus_Ins_LearningMobility_3_question_3131,846.1,526.9,1429.0
1621762,stimulus_Ins_LearningMobility_3_question_3131,837.3,531.0,1431.0
1621763,stimulus_Ins_LearningMobility_3_question_3131,829.9,535.2,1435.0
1621764,stimulus_Ins_LearningMobility_3_question_3131,822.0,538.5,1438.0
1621765,stimulus_Ins_LearningMobility_3_question_3131,814.0,541.3,1440.0
1621766,stimulus_Ins_LearningMobility_3_question_3131,806.8,543.7,1440.0
1621767,stimulus_Ins_LearningMobility_3_question_3131,801.0,544.9,1440.0
1621768,stimulus_Ins_LearningMobility_3_question_3131,796.2,546.7,1440.0
1621769,stimulus_Ins_LearningMobility_3_question_3131,792.3,547.9,1439.0
1621770,stimulus_Ins_LearningMobility_3_question_3131,787.3,549.2,1439.0
1621771,stimulus_Ins_LearningMobility_3_question_3131,782.5,550.1,1439.0
1621772,stimulus_Ins_LearningMobility_3_question_3131,776.9,551.5,1439.0
1621773,stimulus_Ins_LearningMobility_3_question_3131,772.3,553.1,1439.0
1621774,stimulus_Ins_LearningMobility_3_question_3131,766.7,554.3,1437.0
1621775,stimulus_Ins_LearningMobility_3_question_3131,761.4,555.2,1435.0
1621776,stimulus_Ins_LearningMobility_3_question_3131,757.0,556.2,1434.0
1621777,stimulus_Ins_LearningMobility_3_question_3131,753.9,557.3,1432.0
1621778,stimulus_Ins_LearningMobility_3_question_3131,750.6,558.2,1430.0
1621779,stimulus_Ins_LearningMobility_3_question_3131,746.1,559.5,1429.0
1621780,stimulus_Ins_LearningMobility_3_question_3131,741.9,562.0,1430.0
1621781,stimulus_Ins_LearningMobility_3_question_3131,738.9,564.2,1433.0
1621782,stimulus_Ins_LearningMobility_3_question_3131,736.3,566.2,1437.0
1621783,stimulus_Ins_LearningMobility_3_question_3131,734.1,567.4,1440.0
1621784,stimulus_Ins_LearningMobility_3_question_3131,732.5,568.7,1441.0
1621785,stimulus_Ins_LearningMobility_3_question_3131,732.2,569.7,1441.0
1621786,stimulus_Ins_LearningMobility_3_question_3131,733.2,571.2,1440.0
1621787,stimulus_Ins_LearningMobility_3_question_3131,734.3,572.6,1439.0
1621788,stimulus_Ins_LearningMobility_3_question_3131,735.2,572.7,1438.0
1621789,stimulus_Ins_LearningMobility_3_question_3131,736.4,572.0,1438.0
1621790,stimulus_Ins_LearningMobility_3_question_3131,738.6,571.0,1439.0
1621791,stimulus_Ins_LearningMobility_3_question_3131,741.4,570.0,1439.0
1621792,stimulus_Ins_LearningMobility_3_question_3131,743.4,569.0,1438.0
1621793,stimulus_Ins_LearningMobility_3_question_3131,744.8,568.3,1438.0
1621794,stimulus_Ins_LearningMobility_3_question_3131,745.6,567.6,1436.0
1621795,stimulus_Ins_LearningMobility_3_question_3131,745.7,566.7,1433.0
1621796,stimulus_Ins_LearningMobility_3_question_3131,745.2,565.9,1430.0
1621797,stimulus_Ins_LearningMobility_3_question_3131,744.6,565.8,1429.0
1621798,stimulus_Ins_LearningMobility_3_question_3131,744.2,566.0,1429.0
1621799,stimulus_Ins_LearningMobility_3_question_3131,744.0,566.2,1429.0
1621800,stimulus_Ins_LearningMobility_3_question_3131,743.4,566.3,1426.0
1621801,stimulus_Ins_LearningMobility_3_question_3131,743.0,566.9,1424.0
1621802,stimulus_Ins_LearningMobility_3_question_3131,742.7,567.4,1424.0
1621803,stimulus_Ins_LearningMobility_3_question_3131,742.8,567.9,1425.0
1621804,stimulus_Ins_LearningMobility_3_question_3131,742.8,568.5,1427.0
1621805,stimulus_Ins_LearningMobility_3_question_3131,743.0,569.1,1428.0
1621806,stimulus_Ins_LearningMobility_3_question_3131,743.7,569.4,1429.0
1621807,stimulus_Ins_LearningMobility_3_question_3131,744.4,569.1,1430.0
1621808,stimulus_Ins_LearningMobility_3_question_3131,745.0,568.9,1430.0
1621809,stimulus_Ins_LearningMobility_3_question_3131,745.0,569.0,1431.0
1621810,stimulus_Ins_LearningMobility_3_question_3131,745.2,569.9,1432.0
1621811,stimulus_Ins_LearningMobility_3_question_3131,745.4,570.9,1434.0
1621812,stimulus_Ins_LearningMobility_3_question_3131,745.6,571.7,1434.0
1621813,stimulus_Ins_LearningMobility_3_question_3131,746.0,571.7,1434.0
1621814,stimulus_Ins_LearningMobility_3_question_3131,746.3,571.8,1434.0
1621815,stimulus_Ins_LearningMobility_3_question_3131,746.5,571.0,1433.0
1621816,stimulus_Ins_LearningMobility_3_question_3131,746.6,570.3,1432.0
1621817,stimulus_Ins_LearningMobility_3_question_3131,746.9,570.4,1431.0
1621818,stimulus_Ins_LearningMobility_3_question_3131,747.3,571.4,1429.0
1621819,stimulus_Ins_LearningMobility_3_question_3131,747.3,572.4,1426.0
1621820,stimulus_Ins_LearningMobility_3_question_3131,747.3,572.6,1424.0
1621821,stimulus_Ins_LearningMobility_3_question_3131,747.4,572.8,1422.0
1621822,stimulus_Ins_LearningMobility_3_question_3131,747.8,573.0,1423.0
1621823,stimulus_Ins_LearningMobility_3_question_3131,748.7,573.2,1424.0
1621824,stimulus_Ins_LearningMobility_3_question_3131,749.5,573.4,1423.0
1621825,stimulus_Ins_LearningMobility_3_question_3131,750.1,572.8,1425.0
1621826,stimulus_Ins_LearningMobility_3_question_3131,750.1,571.9,1428.0
1621827,stimulus_Ins_LearningMobility_3_question_3131,750.1,571.1,1431.0
1621828,stimulus_Ins_LearningMobility_3_question_3131,750.1,571.4,1428.0
1621829,stimulus_Ins_LearningMobility_3_question_3131,750.1,572.0,1425.0
1621830,stimulus_Ins_LearningMobility_3_question_3131,750.1,572.4,1423.0
1621831,stimulus_Ins_LearningMobility_3_question_3131,750.1,572.4,1423.0
1621832,stimulus_Ins_LearningMobility_3_question_3131,749.7,572.4,1422.0
1621833,stimulus_Ins_LearningMobility_3_question_3131,749.3,572.5,1422.0
1621834,stimulus_Ins_LearningMobility_3_question_3131,749.2,572.8,1423.0
1621835,stimulus_Ins_LearningMobility_3_question_3131,749.5,573.1,1423.0
1621836,stimulus_Ins_LearningMobility_3_question_3131,749.7,573.4,1423.0
1621837,stimulus_Ins_LearningMobility_3_question_3131,749.6,573.3,1422.0
1621838,stimulus_Ins_LearningMobility_3_question_3131,749.5,573.0,1420.0
1621839,stimulus_Ins_LearningMobility_3_question_3131,749.6,572.6,1419.0
1621840,stimulus_Ins_LearningMobility_3_question_3131,749.6,572.6,1419.0
1621841,stimulus_Ins_LearningMobility_3_question_3131,749.7,572.6,1419.0
1621842,stimulus_Ins_LearningMobility_3_question_3131,749.6,572.6,1421.0
1621843,stimulus_Ins_LearningMobility_3_question_3131,749.3,572.6,1423.0
1621844,stimulus_Ins_LearningMobility_3_question_3131,749.1,572.8,1425.0
1621845,stimulus_Ins_LearningMobility_3_question_3131,749.4,573.3,1425.0
1621846,stimulus_Ins_LearningMobility_3_question_3131,749.6,573.7,1424.0
1621847,stimulus_Ins_LearningMobility_3_question_3131,749.9,573.9,1422.0
1621848,stimulus_Ins_LearningMobility_3_question_3131,749.9,573.6,1420.0
1621849,stimulus_Ins_LearningMobility_3_question_3131,749.9,573.3,1420.0
1621850,stimulus_Ins_LearningMobility_3_question_3131,749.9,573.2,1420.0
1621851,stimulus_Ins_LearningMobility_3_question_3131,749.8,573.2,1421.0
1621852,stimulus_Ins_LearningMobility_3_question_3131,749.8,573.2,1422.0
1621853,stimulus_Ins_LearningMobility_3_question_3131,749.8,573.0,1423.0
1621854,stimulus_Ins_LearningMobility_3_question_3131,749.9,572.8,1424.0
1621855,stimulus_Ins_LearningMobility_3_question_3131,750.2,572.7,1425.0
1621856,stimulus_Ins_LearningMobility_3_question_3131,750.5,572.7,1426.0
1621857,stimulus_Ins_LearningMobility_3_question_3131,750.3,572.8,1426.0
1621858,stimulus_Ins_LearningMobility_3_question_3131,749.9,572.8,1426.0
1621859,stimulus_Ins_LearningMobility_3_question_3131,749.7,572.9,1426.0
1621860,stimulus_Ins_LearningMobility_3_question_3131,749.8,572.5,1426.0
1621861,stimulus_Ins_LearningMobility_3_question_3131,749.9,572.1,1427.0
1621862,stimulus_Ins_LearningMobility_3_question_3131,749.9,571.7,1427.0
1621863,stimulus_Ins_LearningMobility_3_question_3131,749.9,571.7,1427.0
1621864,stimulus_Ins_LearningMobility_3_question_3131,749.9,571.8,1426.0
1621865,stimulus_Ins_LearningMobility_3_question_3131,749.6,571.9,1426.0
1621866,stimulus_Ins_LearningMobility_3_question_3131,749.4,572.1,1427.0
1621867,stimulus_Ins_LearningMobility_3_question_3131,749.1,572.2,1427.0
1621868,stimulus_Ins_LearningMobility_3_question_3131,749.2,572.2,1426.0
1621869,stimulus_Ins_LearningMobility_3_question_3131,749.3,571.9,1425.0
1621870,stimulus_Ins_LearningMobility_3_question_3131,749.3,571.6,1423.0
1621871,stimulus_Ins_LearningMobility_3_question_3131,749.4,571.3,1423.0
1621872,stimulus_Ins_LearningMobility_3_question_3131,749.6,571.3,1424.0
1621873,stimulus_Ins_LearningMobility_3_question_3131,749.9,571.1,1425.0
1621874,stimulus_Ins_LearningMobility_3_question_3131,750.2,570.9,1425.0
1621875,stimulus_Ins_LearningMobility_3_question_3131,750.2,570.9,1425.0
1621876,stimulus_Ins_LearningMobility_3_question_3131,750.3,571.1,1424.0
1621877,stimulus_Ins_LearningMobility_3_question_3131,750.9,571.2,1423.0
1621878,stimulus_Ins_LearningMobility_3_question_3131,751.4,571.1,1421.0
1621879,stimulus_Ins_LearningMobility_3_question_3131,751.8,571.1,1420.0
1621880,stimulus_Ins_LearningMobility_3_question_3131,751.7,571.2,1418.0
1621881,stimulus_Ins_LearningMobility_3_question_3131,751.7,571.3,1418.0
1621882,stimulus_Ins_LearningMobility_3_question_3131,751.8,571.4,1419.0
1621883,stimulus_Ins_LearningMobility_3_question_3131,751.9,571.4,1420.0
1621884,stimulus_Ins_LearningMobility_3_question_3131,752.1,571.5,1421.0
1621885,stimulus_Ins_LearningMobility_3_question_3131,752.1,572.0,1421.0
1621886,stimulus_Ins_LearningMobility_3_question_3131,752.0,572.6,1421.0
1621887,stimulus_Ins_LearningMobility_3_question_3131,751.8,572.9,1420.0
1621888,stimulus_Ins_LearningMobility_3_question_3131,751.7,572.5,1420.0
1621889,stimulus_Ins_LearningMobility_3_question_3131,751.7,572.1,1420.0
1621890,stimulus_Ins_LearningMobility_3_question_3131,752.2,572.1,1420.0
1621891,stimulus_Ins_LearningMobility_3_question_3131,752.6,572.2,1422.0
1621892,stimulus_Ins_LearningMobility_3_question_3131,752.7,572.2,1423.0
1621893,stimulus_Ins_LearningMobility_3_question_3131,752.3,572.2,1425.0
1621894,stimulus_Ins_LearningMobility_3_question_3131,751.8,572.3,1426.0
1621895,stimulus_Ins_LearningMobility_3_question_3131,751.7,572.4,1426.0
1621896,stimulus_Ins_LearningMobility_3_question_3131,751.9,571.9,1427.0
1621897,stimulus_Ins_LearningMobility_3_question_3131,752.0,571.4,1424.0
1621898,stimulus_Ins_LearningMobility_3_question_3131,752.0,571.1,1422.0
1621899,stimulus_Ins_LearningMobility_3_question_3131,752.0,571.4,1421.0
1621900,stimulus_Ins_LearningMobility_3_question_3131,752.0,571.6,1422.0
1621901,stimulus_Ins_LearningMobility_3_question_3131,752.1,571.6,1425.0
1621902,stimulus_Ins_LearningMobility_3_question_3131,752.2,571.3,1427.0
1621903,stimulus_Ins_LearningMobility_3_question_3131,752.0,571.2,1429.0
1621904,stimulus_Ins_LearningMobility_3_question_3131,751.7,571.4,1429.0
1621905,stimulus_Ins_LearningMobility_3_question_3131,751.7,571.7,1428.0
1621906,stimulus_Ins_LearningMobility_3_question_3131,751.9,572.1,1428.0
1621907,stimulus_Ins_LearningMobility_3_question_3131,752.2,572.1,1428.0
1621908,stimulus_Ins_LearningMobility_3_question_3131,752.2,572.1,1427.0
1621909,stimulus_Ins_LearningMobility_3_question_3131,751.8,572.1,1427.0
1621910,stimulus_Ins_LearningMobility_3_question_3131,751.3,572.1,1426.0
1621911,stimulus_Ins_LearningMobility_3_question_3131,751.3,572.6,1426.0
1621912,stimulus_Ins_LearningMobility_3_question_3131,751.6,573.0,1427.0
1621913,stimulus_Ins_LearningMobility_3_question_3131,752.0,573.4,1427.0
1621914,stimulus_Ins_LearningMobility_3_question_3131,752.2,573.4,1426.0
1621915,stimulus_Ins_LearningMobility_3_question_3131,752.0,573.3,1427.0
1621916,stimulus_Ins_LearningMobility_3_question_3131,751.8,573.1,1427.0
1621917,stimulus_Ins_LearningMobility_3_question_3131,751.6,573.1,1426.0
1621918,stimulus_Ins_LearningMobility_3_question_3131,751.7,573.2,1424.0
1621919,stimulus_Ins_LearningMobility_3_question_3131,751.8,573.1,1422.0
1621920,stimulus_Ins_LearningMobility_3_question_3131,751.7,572.8,1421.0
1621921,stimulus_Ins_LearningMobility_3_question_3131,752.0,572.7,1421.0
1621922,stimulus_Ins_LearningMobility_3_question_3131,752.4,572.7,1424.0
1621923,stimulus_Ins_LearningMobility_3_question_3131,752.8,572.7,1427.0
1621924,stimulus_Ins_LearningMobility_3_question_3131,752.6,572.7,1430.0
1621925,stimulus_Ins_LearningMobility_3_question_3131,752.5,572.8,1430.0
1621926,stimulus_Ins_LearningMobility_3_question_3131,752.4,572.9,1429.0
1621927,stimulus_Ins_LearningMobility_3_question_3131,752.4,573.3,1427.0
1621928,stimulus_Ins_LearningMobility_3_question_3131,752.5,573.7,1425.0
1621929,stimulus_Ins_LearningMobility_3_question_3131,752.6,574.0,1424.0
1621930,stimulus_Ins_LearningMobility_3_question_3131,752.6,574.0,1426.0
1621931,stimulus_Ins_LearningMobility_3_question_3131,753.1,574.4,1428.0
1621932,stimulus_Ins_LearningMobility_3_question_3131,753.5,574.8,1429.0
1621933,stimulus_Ins_LearningMobility_3_question_3131,753.8,574.4,1429.0
1621934,stimulus_Ins_LearningMobility_3_question_3131,753.4,573.7,1427.0
1621935,stimulus_Ins_LearningMobility_3_question_3131,753.1,573.3,1426.0
1621936,stimulus_Ins_LearningMobility_3_question_3131,752.9,573.7,1424.0
1621937,stimulus_Ins_LearningMobility_3_question_3131,753.0,574.0,1424.0
1621938,stimulus_Ins_LearningMobility_3_question_3131,753.0,573.9,1423.0
1621939,stimulus_Ins_LearningMobility_3_question_3131,753.0,573.6,1422.0
1621940,stimulus_Ins_LearningMobility_3_question_3131,753.0,573.5,1423.0
1621941,stimulus_Ins_LearningMobility_3_question_3131,753.1,573.5,1424.0
1621942,stimulus_Ins_LearningMobility_3_question_3131,753.2,573.7,1426.0
1621943,stimulus_Ins_LearningMobility_3_question_3131,753.3,573.8,1427.0
1621944,stimulus_Ins_LearningMobility_3_question_3131,753.2,573.9,1427.0
1621945,stimulus_Ins_LearningMobility_3_question_3131,753.1,574.0,1427.0
1621946,stimulus_Ins_LearningMobility_3_question_3131,752.5,574.1,1425.0
1621947,stimulus_Ins_LearningMobility_3_question_3131,751.9,574.2,1424.0
1621948,stimulus_Ins_LearningMobility_3_question_3131,751.3,574.0,1423.0
1621949,stimulus_Ins_LearningMobility_3_question_3131,751.2,573.5,1423.0
1621950,stimulus_Ins_LearningMobility_3_question_3131,751.0,572.9,1423.0
1621951,stimulus_Ins_LearningMobility_3_question_3131,751.1,572.7,1423.0
1621952,stimulus_Ins_LearningMobility_3_question_3131,751.6,572.6,1422.0
1621953,stimulus_Ins_LearningMobility_3_question_3131,752.0,572.6,1421.0
1621954,stimulus_Ins_LearningMobility_3_question_3131,752.2,572.6,1422.0
1621955,stimulus_Ins_LearningMobility_3_question_3131,752.0,572.8,1423.0
1621956,stimulus_Ins_LearningMobility_3_question_3131,751.9,573.5,1424.0
1621957,stimulus_Ins_LearningMobility_3_question_3131,751.9,574.2,1424.0
1621958,stimulus_Ins_LearningMobility_3_question_3131,751.9,574.8,1424.0
1621959,stimulus_Ins_LearningMobility_3_question_3131,751.7,575.0,1424.0
1621960,stimulus_Ins_LearningMobility_3_question_3131,751.5,575.4,1425.0
1621961,stimulus_Ins_LearningMobility_3_question_3131,751.5,575.8,1427.0
1621962,stimulus_Ins_LearningMobility_3_question_3131,751.8,575.5,1430.0
1621963,stimulus_Ins_LearningMobility_3_question_3131,751.8,575.0,1433.0
1621964,stimulus_Ins_LearningMobility_3_question_3131,751.4,574.5,1435.0
1621965,stimulus_Ins_LearningMobility_3_question_3131,751.0,574.6,1434.0
1621966,stimulus_Ins_LearningMobility_3_question_3131,751.0,574.6,1432.0
1621967,stimulus_Ins_LearningMobility_3_question_3131,750.9,574.6,1429.0
1621968,stimulus_Ins_LearningMobility_3_question_3131,751.1,574.5,1429.0
1621969,stimulus_Ins_LearningMobility_3_question_3131,751.3,574.5,1429.0
1621970,stimulus_Ins_LearningMobility_3_question_3131,751.1,574.5,1429.0
1621971,stimulus_Ins_LearningMobility_3_question_3131,750.8,574.6,1430.0
1621972,stimulus_Ins_LearningMobility_3_question_3131,750.4,574.3,1431.0
1621973,stimulus_Ins_LearningMobility_3_question_3131,750.3,573.9,1431.0
1621974,stimulus_Ins_LearningMobility_3_question_3131,750.5,573.6,1432.0
1621975,stimulus_Ins_LearningMobility_3_question_3131,750.8,573.9,1433.0
1621976,stimulus_Ins_LearningMobility_3_question_3131,751.2,574.1,1432.0
1621977,stimulus_Ins_LearningMobility_3_question_3131,751.3,574.0,1431.0
1621978,stimulus_Ins_LearningMobility_3_question_3131,750.6,573.6,1431.0
1621979,stimulus_Ins_LearningMobility_3_question_3131,749.8,573.2,1432.0
1621980,stimulus_Ins_LearningMobility_3_question_3131,748.9,573.2,1432.0
1621981,stimulus_Ins_LearningMobility_3_question_3131,749.3,573.3,1434.0
1621982,stimulus_Ins_LearningMobility_3_question_3131,749.6,573.4,1435.0
1621983,stimulus_Ins_LearningMobility_3_question_3131,749.8,573.4,1436.0
1621984,stimulus_Ins_LearningMobility_3_question_3131,749.5,573.4,1436.0
1621985,stimulus_Ins_LearningMobility_3_question_3131,749.2,573.6,1434.0
1621986,stimulus_Ins_LearningMobility_3_question_3131,749.1,573.7,1433.0
1621987,stimulus_Ins_LearningMobility_3_question_3131,749.2,573.9,1432.0
1621988,stimulus_Ins_LearningMobility_3_question_3131,749.2,574.3,1431.0
1621989,stimulus_Ins_LearningMobility_3_question_3131,749.2,574.7,1429.0
1621990,stimulus_Ins_LearningMobility_3_question_3131,749.2,574.7,1427.0
1621991,stimulus_Ins_LearningMobility_3_question_3131,749.4,574.3,1427.0
1621992,stimulus_Ins_LearningMobility_3_question_3131,749.6,573.9,1428.0
1621993,stimulus_Ins_LearningMobility_3_question_3131,749.7,573.8,1430.0
1621994,stimulus_Ins_LearningMobility_3_question_3131,749.7,573.5,1431.0
1621995,stimulus_Ins_LearningMobility_3_question_3131,749.5,573.4,1432.0
1621996,stimulus_Ins_LearningMobility_3_question_3131,749.3,573.5,1431.0
1621997,stimulus_Ins_LearningMobility_3_question_3131,749.1,573.6,1431.0
1621998,stimulus_Ins_LearningMobility_3_question_3131,749.5,573.7,1431.0
1621999,stimulus_Ins_LearningMobility_3_question_3131,749.9,573.7,1430.0
1622000,stimulus_Ins_LearningMobility_3_question_3131,750.2,573.6,1431.0
1622001,stimulus_Ins_LearningMobility_3_question_3131,750.1,573.7,1434.0
1622002,stimulus_Ins_LearningMobility_3_question_3131,750.0,573.9,1437.0
1622003,stimulus_Ins_LearningMobility_3_question_3131,750.1,574.0,1439.0
1622004,stimulus_Ins_LearningMobility_3_question_3131,749.9,574.2,1439.0
1622005,stimulus_Ins_LearningMobility_3_question_3131,749.7,574.4,1438.0
1622006,stimulus_Ins_LearningMobility_3_question_3131,749.4,574.6,1438.0
1622007,stimulus_Ins_LearningMobility_3_question_3131,749.3,574.9,1438.0
1622008,stimulus_Ins_LearningMobility_3_question_3131,749.2,575.3,1436.0
1622009,stimulus_Ins_LearningMobility_3_question_3131,749.2,575.8,1434.0
1622010,stimulus_Ins_LearningMobility_3_question_3131,749.4,576.0,1432.0
1622011,stimulus_Ins_LearningMobility_3_question_3131,749.4,576.1,1432.0
1622012,stimulus_Ins_LearningMobility_3_question_3131,749.4,576.0,1432.0
1622013,stimulus_Ins_LearningMobility_3_question_3131,749.6,575.9,1433.0
1622014,stimulus_Ins_LearningMobility_3_question_3131,750.0,575.9,1433.0
1622015,stimulus_Ins_LearningMobility_3_question_3131,749.9,575.2,1434.0
1622016,stimulus_Ins_LearningMobility_3_question_3131,749.5,574.6,1435.0
1622017,stimulus_Ins_LearningMobility_3_question_3131,749.6,574.2,1435.0
1622018,stimulus_Ins_LearningMobility_3_question_3131,750.0,574.7,1433.0
1622019,stimulus_Ins_LearningMobility_3_question_3131,750.5,575.5,1432.0
1622020,stimulus_Ins_LearningMobility_3_question_3131,750.2,576.0,1431.0
1622021,stimulus_Ins_LearningMobility_3_question_3131,749.9,576.2,1430.0
1622022,stimulus_Ins_LearningMobility_3_question_3131,749.3,576.4,1428.0
1622023,stimulus_Ins_LearningMobility_3_question_3131,749.0,576.6,1429.0
1622024,stimulus_Ins_LearningMobility_3_question_3131,749.2,576.5,1432.0
1622025,stimulus_Ins_LearningMobility_3_question_3131,750.0,576.4,1434.0
1622026,stimulus_Ins_LearningMobility_3_question_3131,750.8,576.3,1434.0
1622027,stimulus_Ins_LearningMobility_3_question_3131,750.5,576.2,1433.0
1622028,stimulus_Ins_LearningMobility_3_question_3131,749.9,576.1,1433.0
1622029,stimulus_Ins_LearningMobility_3_question_3131,749.2,576.0,1433.0
1622030,stimulus_Ins_LearningMobility_3_question_3131,749.2,576.3,1433.0
1622031,stimulus_Ins_LearningMobility_3_question_3131,748.9,576.7,1433.0
1622032,stimulus_Ins_LearningMobility_3_question_3131,748.8,576.5,1433.0
1622033,stimulus_Ins_LearningMobility_3_question_3131,749.3,575.9,1433.0
1622034,stimulus_Ins_LearningMobility_3_question_3131,750.1,575.2,1434.0
1622035,stimulus_Ins_LearningMobility_3_question_3131,750.5,575.1,1434.0
1622036,stimulus_Ins_LearningMobility_3_question_3131,750.3,575.6,1435.0
1622037,stimulus_Ins_LearningMobility_3_question_3131,750.1,576.3,1431.0
1622038,stimulus_Ins_LearningMobility_3_question_3131,750.2,576.7,1428.0
1622039,stimulus_Ins_LearningMobility_3_question_3131,750.1,576.4,1426.0
1622040,stimulus_Ins_LearningMobility_3_question_3131,750.1,575.7,1429.0
1622041,stimulus_Ins_LearningMobility_3_question_3131,750.0,575.3,1432.0
1622042,stimulus_Ins_LearningMobility_3_question_3131,749.9,574.9,1433.0
1622043,stimulus_Ins_LearningMobility_3_question_3131,749.8,574.9,1433.0
1622044,stimulus_Ins_LearningMobility_3_question_3131,749.8,574.7,1432.0
1622045,stimulus_Ins_LearningMobility_3_question_3131,749.8,574.5,1430.0
1622046,stimulus_Ins_LearningMobility_3_question_3131,749.9,575.0,1428.0
1622047,stimulus_Ins_LearningMobility_3_question_3131,750.1,575.6,1427.0
1622048,stimulus_Ins_LearningMobility_3_question_3131,750.6,576.2,1427.0
1622049,stimulus_Ins_LearningMobility_3_question_3131,751.0,576.3,1427.0
1622050,stimulus_Ins_LearningMobility_3_question_3131,751.3,576.4,1427.0
1622051,stimulus_Ins_LearningMobility_3_question_3131,751.2,576.5,1428.0
1622052,stimulus_Ins_LearningMobility_3_question_3131,751.2,576.7,1429.0
1622053,stimulus_Ins_LearningMobility_3_question_3131,751.0,576.7,1429.0
1622054,stimulus_Ins_LearningMobility_3_question_3131,750.8,576.7,1429.0
1622055,stimulus_Ins_LearningMobility_3_question_3131,750.6,576.5,1428.0
1622056,stimulus_Ins_LearningMobility_3_question_3131,750.4,576.6,1428.0
1622057,stimulus_Ins_LearningMobility_3_question_3131,750.5,576.6,1428.0
1622058,stimulus_Ins_LearningMobility_3_question_3131,750.7,576.7,1427.0
1622059,stimulus_Ins_LearningMobility_3_question_3131,751.0,577.0,1428.0
1622060,stimulus_Ins_LearningMobility_3_question_3131,751.1,577.3,1429.0
1622061,stimulus_Ins_LearningMobility_3_question_3131,751.2,577.5,1430.0
1622062,stimulus_Ins_LearningMobility_3_question_3131,751.0,577.4,1429.0
1622063,stimulus_Ins_LearningMobility_3_question_3131,750.9,577.3,1430.0
1622064,stimulus_Ins_LearningMobility_3_question_3131,750.8,577.3,1431.0
1622065,stimulus_Ins_LearningMobility_3_question_3131,750.7,577.2,1433.0
1622066,stimulus_Ins_LearningMobility_3_question_3131,750.6,576.7,1434.0
1622067,stimulus_Ins_LearningMobility_3_question_3131,750.6,576.3,1432.0
1622068,stimulus_Ins_LearningMobility_3_question_3131,750.6,575.9,1430.0
1622069,stimulus_Ins_LearningMobility_3_question_3131,750.6,575.9,1429.0
1622070,stimulus_Ins_LearningMobility_3_question_3131,750.8,575.9,1429.0
1622071,stimulus_Ins_LearningMobility_3_question_3131,751.1,575.9,1427.0
1622072,stimulus_Ins_LearningMobility_3_question_3131,751.4,575.9,1427.0
1622073,stimulus_Ins_LearningMobility_3_question_3131,751.6,576.0,1429.0
1622074,stimulus_Ins_LearningMobility_3_question_3131,751.5,575.9,1431.0
1622075,stimulus_Ins_LearningMobility_3_question_3131,751.2,575.9,1431.0
1622076,stimulus_Ins_LearningMobility_3_question_3131,751.0,575.8,1429.0
1622077,stimulus_Ins_LearningMobility_3_question_3131,750.9,575.8,1428.0
1622078,stimulus_Ins_LearningMobility_3_question_3131,751.0,575.7,1428.0
1622079,stimulus_Ins_LearningMobility_3_question_3131,750.9,575.3,1429.0
1622080,stimulus_Ins_LearningMobility_3_question_3131,750.7,574.9,1430.0
1622081,stimulus_Ins_LearningMobility_3_question_3131,750.4,575.0,1431.0
1622082,stimulus_Ins_LearningMobility_3_question_3131,750.5,575.5,1431.0
1622083,stimulus_Ins_LearningMobility_3_question_3131,750.6,576.1,1431.0
1622084,stimulus_Ins_LearningMobility_3_question_3131,750.7,576.1,1431.0
1622085,stimulus_Ins_LearningMobility_3_question_3131,750.8,576.2,1429.0
1622086,stimulus_Ins_LearningMobility_3_question_3131,751.0,576.2,1427.0
1622087,stimulus_Ins_LearningMobility_3_question_3131,751.0,575.6,1425.0
1622088,stimulus_Ins_LearningMobility_3_question_3131,750.8,575.1,1425.0
1622089,stimulus_Ins_LearningMobility_3_question_3131,750.4,574.8,1425.0
1622090,stimulus_Ins_LearningMobility_3_question_3131,750.2,575.1,1425.0
1622091,stimulus_Ins_LearningMobility_3_question_3131,750.2,575.2,1424.0
1622092,stimulus_Ins_LearningMobility_3_question_3131,750.3,575.3,1428.0
1622093,stimulus_Ins_LearningMobility_3_question_3131,750.1,575.4,1431.0
1622094,stimulus_Ins_LearningMobility_3_question_3131,750.0,575.9,1432.0
1622095,stimulus_Ins_LearningMobility_3_question_3131,749.9,576.3,1430.0
1622096,stimulus_Ins_LearningMobility_3_question_3131,749.7,576.3,1428.0
1622097,stimulus_Ins_LearningMobility_3_question_3131,749.5,576.0,1428.0
1622098,stimulus_Ins_LearningMobility_3_question_3131,749.3,575.2,1428.0
1622099,stimulus_Ins_LearningMobility_3_question_3131,749.2,574.6,1428.0
1622100,stimulus_Ins_LearningMobility_3_question_3131,749.1,574.2,1428.0
1622101,stimulus_Ins_LearningMobility_3_question_3131,748.8,574.1,1429.0
1622102,stimulus_Ins_LearningMobility_3_question_3131,748.6,574.2,1431.0
1622103,stimulus_Ins_LearningMobility_3_question_3131,748.6,574.5,1432.0
1622104,stimulus_Ins_LearningMobility_3_question_3131,749.0,575.6,1433.0
1622105,stimulus_Ins_LearningMobility_3_question_3131,749.4,576.4,1433.0
1622106,stimulus_Ins_LearningMobility_3_question_3131,749.6,576.8,1434.0
1622107,stimulus_Ins_LearningMobility_3_question_3131,749.6,576.4,1435.0
1622108,stimulus_Ins_LearningMobility_3_question_3131,749.6,576.5,1435.0
1622109,stimulus_Ins_LearningMobility_3_question_3131,749.4,576.9,1434.0
1622110,stimulus_Ins_LearningMobility_3_question_3131,749.0,577.4,1433.0
1622111,stimulus_Ins_LearningMobility_3_question_3131,748.7,577.4,1433.0
1622112,stimulus_Ins_LearningMobility_3_question_3131,748.5,577.4,1433.0
1622113,stimulus_Ins_LearningMobility_3_question_3131,748.4,577.0,1434.0
1622114,stimulus_Ins_LearningMobility_3_question_3131,748.3,576.7,1436.0
1622115,stimulus_Ins_LearningMobility_3_question_3131,748.1,576.3,1437.0
1622116,stimulus_Ins_LearningMobility_3_question_3131,748.1,576.3,1437.0
1622117,stimulus_Ins_LearningMobility_3_question_3131,747.8,576.4,1436.0
1622118,stimulus_Ins_LearningMobility_3_question_3131,747.5,576.6,1436.0
1622119,stimulus_Ins_LearningMobility_3_question_3131,747.2,576.6,1436.0
1622120,stimulus_Ins_LearningMobility_3_question_3131,746.9,576.5,1437.0
1622121,stimulus_Ins_LearningMobility_3_question_3131,746.7,576.3,1438.0
1622122,stimulus_Ins_LearningMobility_3_question_3131,746.5,576.2,1438.0
1622123,stimulus_Ins_LearningMobility_3_question_3131,746.7,576.2,1439.0
1622124,stimulus_Ins_LearningMobility_3_question_3131,747.3,576.4,1439.0
1622125,stimulus_Ins_LearningMobility_3_question_3131,748.3,576.6,1438.0
1622126,stimulus_Ins_LearningMobility_3_question_3131,750.4,576.9,1437.0
1622127,stimulus_Ins_LearningMobility_3_question_3131,752.5,577.2,1435.0
1622128,stimulus_Ins_LearningMobility_3_question_3131,755.0,577.2,1434.0
1622129,stimulus_Ins_LearningMobility_3_question_3131,757.9,576.9,1433.0
1622130,stimulus_Ins_LearningMobility_3_question_3131,761.0,575.8,1432.0
1622131,stimulus_Ins_LearningMobility_3_question_3131,764.9,574.9,1432.0
1622132,stimulus_Ins_LearningMobility_3_question_3131,770.0,574.4,1432.0
1622133,stimulus_Ins_LearningMobility_3_question_3131,776.3,575.3,1435.0
1622134,stimulus_Ins_LearningMobility_3_question_3131,783.8,576.2,1437.0
1622135,stimulus_Ins_LearningMobility_3_question_3131,791.0,577.2,1437.0
1622136,stimulus_Ins_LearningMobility_3_question_3131,797.9,577.5,1435.0
1622137,stimulus_Ins_LearningMobility_3_question_3131,803.2,577.8,1430.0
1622138,stimulus_Ins_LearningMobility_3_question_3131,806.5,577.1,1428.0
1622139,stimulus_Ins_LearningMobility_3_question_3131,810.0,575.6,1427.0
1622140,stimulus_Ins_LearningMobility_3_question_3131,813.0,574.1,1430.0
1622141,stimulus_Ins_LearningMobility_3_question_3131,818.1,572.7,1431.0
1622142,stimulus_Ins_LearningMobility_3_question_3131,822.1,572.0,1430.0
1622143,stimulus_Ins_LearningMobility_3_question_3131,827.0,571.3,1429.0
1622144,stimulus_Ins_LearningMobility_3_question_3131,831.0,572.0,1428.0
1622145,stimulus_Ins_LearningMobility_3_question_3131,835.4,572.8,1426.0
1622146,stimulus_Ins_LearningMobility_3_question_3131,838.5,573.4,1423.0
1622147,stimulus_Ins_LearningMobility_3_question_3131,841.2,572.7,1420.0
1622148,stimulus_Ins_LearningMobility_3_question_3131,842.6,572.4,1418.0
1622149,stimulus_Ins_LearningMobility_3_question_3131,843.7,572.3,1417.0
1622150,stimulus_Ins_LearningMobility_3_question_3131,844.0,572.5,1417.0
1622151,stimulus_Ins_LearningMobility_3_question_3131,843.9,571.7,1418.0
1622152,stimulus_Ins_LearningMobility_3_question_3131,844.2,570.3,1420.0
1622153,stimulus_Ins_LearningMobility_3_question_3131,844.5,568.9,1423.0
1622154,stimulus_Ins_LearningMobility_3_question_3131,845.8,568.5,1425.0
1622155,stimulus_Ins_LearningMobility_3_question_3131,847.3,568.6,1425.0
1622156,stimulus_Ins_LearningMobility_3_question_3131,848.9,568.6,1424.0
1622157,stimulus_Ins_LearningMobility_3_question_3131,849.6,568.6,1424.0
1622158,stimulus_Ins_LearningMobility_3_question_3131,849.7,568.6,1423.0
1622159,stimulus_Ins_LearningMobility_3_question_3131,850.4,568.6,1422.0
1622160,stimulus_Ins_LearningMobility_3_question_3131,851.3,568.5,1420.0
1622161,stimulus_Ins_LearningMobility_3_question_3131,852.1,568.7,1420.0
1622162,stimulus_Ins_LearningMobility_3_question_3131,852.2,569.6,1421.0
1622163,stimulus_Ins_LearningMobility_3_question_3131,852.0,570.5,1423.0
1622164,stimulus_Ins_LearningMobility_3_question_3131,851.9,571.3,1424.0
1622165,stimulus_Ins_LearningMobility_3_question_3131,852.0,571.2,1425.0
1622166,stimulus_Ins_LearningMobility_3_question_3131,852.3,571.1,1425.0
1622167,stimulus_Ins_LearningMobility_3_question_3131,852.6,571.2,1424.0
1622168,stimulus_Ins_LearningMobility_3_question_3131,853.0,571.2,1422.0
1622169,stimulus_Ins_LearningMobility_3_question_3131,853.2,571.3,1420.0
1622170,stimulus_Ins_LearningMobility_3_question_3131,853.6,571.3,1419.0
1622171,stimulus_Ins_LearningMobility_3_question_3131,853.9,571.4,1419.0
1622172,stimulus_Ins_LearningMobility_3_question_3131,854.2,570.9,1419.0
1622173,stimulus_Ins_LearningMobility_3_question_3131,854.3,570.5,1422.0
1622174,stimulus_Ins_LearningMobility_3_question_3131,854.3,570.5,1425.0
1622175,stimulus_Ins_LearningMobility_3_question_3131,854.4,571.2,1427.0
1622176,stimulus_Ins_LearningMobility_3_question_3131,854.5,572.2,1427.0
1622177,stimulus_Ins_LearningMobility_3_question_3131,854.6,572.6,1425.0
1622178,stimulus_Ins_LearningMobility_3_question_3131,854.5,572.0,1424.0
1622179,stimulus_Ins_LearningMobility_3_question_3131,854.4,571.2,1422.0
1622180,stimulus_Ins_LearningMobility_3_question_3131,854.3,570.8,1421.0
1622181,stimulus_Ins_LearningMobility_3_question_3131,854.3,571.2,1421.0
1622182,stimulus_Ins_LearningMobility_3_question_3131,854.3,571.7,1420.0
1622183,stimulus_Ins_LearningMobility_3_question_3131,854.4,571.9,1421.0
1622184,stimulus_Ins_LearningMobility_3_question_3131,854.4,572.1,1422.0
1622185,stimulus_Ins_LearningMobility_3_question_3131,854.4,571.4,1423.0
1622186,stimulus_Ins_LearningMobility_3_question_3131,854.2,570.6,1423.0
1622187,stimulus_Ins_LearningMobility_3_question_3131,854.2,569.8,1421.0
1622188,stimulus_Ins_LearningMobility_3_question_3131,854.1,569.8,1419.0
1622189,stimulus_Ins_LearningMobility_3_question_3131,854.1,569.7,1417.0
1622190,stimulus_Ins_LearningMobility_3_question_3131,854.2,570.2,1417.0
1622191,stimulus_Ins_LearningMobility_3_question_3131,854.2,570.8,1418.0
1622192,stimulus_Ins_LearningMobility_3_question_3131,854.3,571.2,1418.0
1622193,stimulus_Ins_LearningMobility_3_question_3131,854.4,571.1,1419.0
1622194,stimulus_Ins_LearningMobility_3_question_3131,854.6,571.1,1421.0
1622195,stimulus_Ins_LearningMobility_3_question_3131,854.8,571.2,1423.0
1622196,stimulus_Ins_LearningMobility_3_question_3131,855.0,571.2,1423.0
1622197,stimulus_Ins_LearningMobility_3_question_3131,855.3,571.3,1423.0
1622198,stimulus_Ins_LearningMobility_3_question_3131,855.5,571.3,1421.0
1622199,stimulus_Ins_LearningMobility_3_question_3131,855.6,571.4,1420.0
1622200,stimulus_Ins_LearningMobility_3_question_3131,855.5,571.3,1419.0
1622201,stimulus_Ins_LearningMobility_3_question_3131,855.3,571.3,1419.0
1622202,stimulus_Ins_LearningMobility_3_question_3131,855.3,571.3,1419.0
1622203,stimulus_Ins_LearningMobility_3_question_3131,855.3,571.3,1418.0
1622204,stimulus_Ins_LearningMobility_3_question_3131,855.3,571.4,1418.0
1622205,stimulus_Ins_LearningMobility_3_question_3131,855.1,571.5,1417.0
1622206,stimulus_Ins_LearningMobility_3_question_3131,854.9,571.7,1416.0
1622207,stimulus_Ins_LearningMobility_3_question_3131,854.9,571.1,1415.0
1622208,stimulus_Ins_LearningMobility_3_question_3131,854.9,570.5,1414.0
1622209,stimulus_Ins_LearningMobility_3_question_3131,854.8,570.0,1414.0
1622210,stimulus_Ins_LearningMobility_3_question_3131,854.7,570.2,1415.0
1622211,stimulus_Ins_LearningMobility_3_question_3131,854.7,570.3,1416.0
1622212,stimulus_Ins_LearningMobility_3_question_3131,854.7,570.0,1417.0
1622213,stimulus_Ins_LearningMobility_3_question_3131,854.8,569.7,1418.0
1622214,stimulus_Ins_LearningMobility_3_question_3131,854.8,570.1,1419.0
1622215,stimulus_Ins_LearningMobility_3_question_3131,854.7,570.7,1421.0
1622216,stimulus_Ins_LearningMobility_3_question_3131,854.5,571.3,1422.0
1622217,stimulus_Ins_LearningMobility_3_question_3131,854.2,571.3,1422.0
1622218,stimulus_Ins_LearningMobility_3_question_3131,854.1,571.2,1421.0
1622219,stimulus_Ins_LearningMobility_3_question_3131,854.0,571.3,1420.0
1622220,stimulus_Ins_LearningMobility_3_question_3131,854.2,571.3,1418.0
1622221,stimulus_Ins_LearningMobility_3_question_3131,854.4,570.8,1416.0
1622222,stimulus_Ins_LearningMobility_3_question_3131,854.5,570.2,1415.0
1622223,stimulus_Ins_LearningMobility_3_question_3131,854.4,569.7,1414.0
1622224,stimulus_Ins_LearningMobility_3_question_3131,854.3,569.6,1415.0
1622225,stimulus_Ins_LearningMobility_3_question_3131,854.2,569.7,1415.0
1622226,stimulus_Ins_LearningMobility_3_question_3131,853.9,570.4,1415.0
1622227,stimulus_Ins_LearningMobility_3_question_3131,853.6,571.1,1416.0
1622228,stimulus_Ins_LearningMobility_3_question_3131,853.3,571.6,1417.0
1622229,stimulus_Ins_LearningMobility_3_question_3131,853.4,571.1,1418.0
1622230,stimulus_Ins_LearningMobility_3_question_3131,853.4,570.7,1416.0
1622231,stimulus_Ins_LearningMobility_3_question_3131,853.5,570.5,1415.0
1622232,stimulus_Ins_LearningMobility_3_question_3131,853.6,570.5,1413.0
1622233,stimulus_Ins_LearningMobility_3_question_3131,853.6,570.0,1412.0
1622234,stimulus_Ins_LearningMobility_3_question_3131,853.6,569.5,1410.0
1622235,stimulus_Ins_LearningMobility_3_question_3131,853.7,569.6,1410.0
1622236,stimulus_Ins_LearningMobility_3_question_3131,853.7,570.2,1409.0
1622237,stimulus_Ins_LearningMobility_3_question_3131,853.6,570.9,1409.0
1622238,stimulus_Ins_LearningMobility_3_question_3131,853.6,571.0,1408.0
1622239,stimulus_Ins_LearningMobility_3_question_3131,853.6,570.9,1408.0
1622240,stimulus_Ins_LearningMobility_3_question_3131,853.5,570.9,1408.0
1622241,stimulus_Ins_LearningMobility_3_question_3131,853.6,570.9,1408.0
1622242,stimulus_Ins_LearningMobility_3_question_3131,853.7,571.0,1408.0
1622243,stimulus_Ins_LearningMobility_3_question_3131,853.7,571.1,1409.0
1622244,stimulus_Ins_LearningMobility_3_question_3131,853.9,570.6,1411.0
1622245,stimulus_Ins_LearningMobility_3_question_3131,854.0,569.9,1411.0
1622246,stimulus_Ins_LearningMobility_3_question_3131,854.0,569.2,1410.0
1622247,stimulus_Ins_LearningMobility_3_question_3131,853.8,570.0,1408.0
1622248,stimulus_Ins_LearningMobility_3_question_3131,853.7,571.0,1408.0
1622249,stimulus_Ins_LearningMobility_3_question_3131,853.7,572.0,1408.0
1622250,stimulus_Ins_LearningMobility_3_question_3131,853.8,571.8,1408.0
1622251,stimulus_Ins_LearningMobility_3_question_3131,853.8,571.5,1407.0
1622252,stimulus_Ins_LearningMobility_3_question_3131,853.5,571.0,1408.0
1622253,stimulus_Ins_LearningMobility_3_question_3131,853.2,570.6,1410.0
1622254,stimulus_Ins_LearningMobility_3_question_3131,852.9,570.2,1409.0
1622255,stimulus_Ins_LearningMobility_3_question_3131,853.0,569.9,1407.0
1622256,stimulus_Ins_LearningMobility_3_question_3131,853.2,570.1,1404.0
1622257,stimulus_Ins_LearningMobility_3_question_3131,853.3,570.4,1403.0
1622258,stimulus_Ins_LearningMobility_3_question_3131,853.4,570.9,1404.0
1622259,stimulus_Ins_LearningMobility_3_question_3131,853.3,571.0,1405.0
1622260,stimulus_Ins_LearningMobility_3_question_3131,852.8,571.0,1407.0
1622261,stimulus_Ins_LearningMobility_3_question_3131,852.3,570.7,1408.0
1622262,stimulus_Ins_LearningMobility_3_question_3131,852.3,570.3,1408.0
1622263,stimulus_Ins_LearningMobility_3_question_3131,852.7,570.2,1409.0
1622264,stimulus_Ins_LearningMobility_3_question_3131,853.2,570.5,1409.0
1622265,stimulus_Ins_LearningMobility_3_question_3131,853.3,570.8,1409.0
1622266,stimulus_Ins_LearningMobility_3_question_3131,853.3,570.9,1409.0
1622267,stimulus_Ins_LearningMobility_3_question_3131,853.3,570.9,1409.0
1622268,stimulus_Ins_LearningMobility_3_question_3131,853.8,571.0,1409.0
1622269,stimulus_Ins_LearningMobility_3_question_3131,854.4,571.0,1409.0
1622270,stimulus_Ins_LearningMobility_3_question_3131,854.8,570.9,1409.0
1622271,stimulus_Ins_LearningMobility_3_question_3131,854.6,570.9,1410.0
1622272,stimulus_Ins_LearningMobility_3_question_3131,854.4,570.9,1410.0
1622273,stimulus_Ins_LearningMobility_3_question_3131,854.2,571.1,1410.0
1622274,stimulus_Ins_LearningMobility_3_question_3131,854.1,571.3,1410.0
1622275,stimulus_Ins_LearningMobility_3_question_3131,854.1,571.5,1411.0
1622276,stimulus_Ins_LearningMobility_3_question_3131,853.7,571.5,1411.0
1622277,stimulus_Ins_LearningMobility_3_question_3131,853.3,571.6,1410.0
1622278,stimulus_Ins_LearningMobility_3_question_3131,852.9,571.8,1409.0
1622279,stimulus_Ins_LearningMobility_3_question_3131,852.8,571.9,1407.0
1622280,stimulus_Ins_LearningMobility_3_question_3131,852.8,571.9,1407.0
1622281,stimulus_Ins_LearningMobility_3_question_3131,852.7,571.8,1406.0
1622282,stimulus_Ins_LearningMobility_3_question_3131,852.6,571.8,1405.0
1622283,stimulus_Ins_LearningMobility_3_question_3131,852.5,571.7,1404.0
1622284,stimulus_Ins_LearningMobility_3_question_3131,852.6,571.9,1404.0
1622285,stimulus_Ins_LearningMobility_3_question_3131,853.0,572.0,1404.0
1622286,stimulus_Ins_LearningMobility_3_question_3131,853.5,572.1,1408.0
1622287,stimulus_Ins_LearningMobility_3_question_3131,854.0,572.1,1411.0
1622288,stimulus_Ins_LearningMobility_3_question_3131,854.1,572.2,1414.0
1622289,stimulus_Ins_LearningMobility_3_question_3131,854.1,572.1,1413.0
1622290,stimulus_Ins_LearningMobility_3_question_3131,854.0,571.9,1410.0
1622291,stimulus_Ins_LearningMobility_3_question_3131,853.9,571.9,1407.0
1622292,stimulus_Ins_LearningMobility_3_question_3131,853.9,572.1,1407.0
1622293,stimulus_Ins_LearningMobility_3_question_3131,853.9,572.2,1410.0
1622294,stimulus_Ins_LearningMobility_3_question_3131,854.0,571.9,1412.0
1622295,stimulus_Ins_LearningMobility_3_question_3131,854.0,571.3,1412.0
1622296,stimulus_Ins_LearningMobility_3_question_3131,853.8,570.5,1411.0
1622297,stimulus_Ins_LearningMobility_3_question_3131,853.6,570.0,1409.0
1622298,stimulus_Ins_LearningMobility_3_question_3131,853.3,569.7,1406.0
1622299,stimulus_Ins_LearningMobility_3_question_3131,853.2,569.8,1403.0
1622300,stimulus_Ins_LearningMobility_3_question_3131,853.0,570.1,1401.0
1622301,stimulus_Ins_LearningMobility_3_question_3131,853.0,570.3,1399.0
1622302,stimulus_Ins_LearningMobility_3_question_3131,853.1,570.4,1401.0
1622303,stimulus_Ins_LearningMobility_3_question_3131,853.4,570.4,1404.0
1622304,stimulus_Ins_LearningMobility_3_question_3131,853.8,570.4,1407.0
1622305,stimulus_Ins_LearningMobility_3_question_3131,853.7,570.4,1408.0
1622306,stimulus_Ins_LearningMobility_3_question_3131,853.2,570.4,1408.0
1622307,stimulus_Ins_LearningMobility_3_question_3131,852.7,571.0,1409.0
1622308,stimulus_Ins_LearningMobility_3_question_3131,852.9,571.7,1407.0
1622309,stimulus_Ins_LearningMobility_3_question_3131,853.3,572.3,1404.0
1622310,stimulus_Ins_LearningMobility_3_question_3131,853.6,572.4,1402.0
1622311,stimulus_Ins_LearningMobility_3_question_3131,853.6,572.4,1402.0
1622312,stimulus_Ins_LearningMobility_3_question_3131,853.6,572.4,1402.0
1622313,stimulus_Ins_LearningMobility_3_question_3131,853.6,572.2,1402.0
1622314,stimulus_Ins_LearningMobility_3_question_3131,853.5,572.1,1404.0
1622315,stimulus_Ins_LearningMobility_3_question_3131,853.3,571.6,1406.0
1622316,stimulus_Ins_LearningMobility_3_question_3131,853.1,571.1,1407.0
1622317,stimulus_Ins_LearningMobility_3_question_3131,853.0,570.6,1406.0
1622318,stimulus_Ins_LearningMobility_3_question_3131,852.9,570.0,1404.0
1622319,stimulus_Ins_LearningMobility_3_question_3131,852.9,569.4,1403.0
1622320,stimulus_Ins_LearningMobility_3_question_3131,853.0,569.1,1401.0
1622321,stimulus_Ins_LearningMobility_3_question_3131,853.1,569.5,1401.0
1622322,stimulus_Ins_LearningMobility_3_question_3131,853.0,570.3,1402.0
1622323,stimulus_Ins_LearningMobility_3_question_3131,852.9,570.7,1404.0
1622324,stimulus_Ins_LearningMobility_3_question_3131,852.7,570.8,1406.0
1622325,stimulus_Ins_LearningMobility_3_question_3131,852.6,570.7,1405.0
1622326,stimulus_Ins_LearningMobility_3_question_3131,852.4,570.8,1405.0
1622327,stimulus_Ins_LearningMobility_3_question_3131,852.3,570.9,1405.0
1622328,stimulus_Ins_LearningMobility_3_question_3131,852.3,571.0,1404.0
1622329,stimulus_Ins_LearningMobility_3_question_3131,852.5,571.0,1402.0
1622330,stimulus_Ins_LearningMobility_3_question_3131,852.7,571.0,1401.0
1622331,stimulus_Ins_LearningMobility_3_question_3131,852.9,570.9,1400.0
1622332,stimulus_Ins_LearningMobility_3_question_3131,852.9,570.8,1401.0
1622333,stimulus_Ins_LearningMobility_3_question_3131,852.9,570.6,1402.0
1622334,stimulus_Ins_LearningMobility_3_question_3131,853.0,570.4,1403.0
1622335,stimulus_Ins_LearningMobility_3_question_3131,853.1,570.4,1403.0
1622336,stimulus_Ins_LearningMobility_3_question_3131,853.1,570.8,1404.0
1622337,stimulus_Ins_LearningMobility_3_question_3131,853.1,571.1,1404.0
1622338,stimulus_Ins_LearningMobility_3_question_3131,853.1,571.4,1404.0
1622339,stimulus_Ins_LearningMobility_3_question_3131,853.2,571.5,1405.0
1622340,stimulus_Ins_LearningMobility_3_question_3131,853.3,571.7,1405.0
1622341,stimulus_Ins_LearningMobility_3_question_3131,853.3,572.0,1405.0
1622342,stimulus_Ins_LearningMobility_3_question_3131,853.3,572.3,1405.0
1622343,stimulus_Ins_LearningMobility_3_question_3131,853.4,572.5,1405.0
1622344,stimulus_Ins_LearningMobility_3_question_3131,853.8,572.6,1404.0
1622345,stimulus_Ins_LearningMobility_3_question_3131,854.2,572.8,1404.0
1622346,stimulus_Ins_LearningMobility_3_question_3131,854.4,572.5,1404.0
1622347,stimulus_Ins_LearningMobility_3_question_3131,854.3,572.2,1404.0
1622348,stimulus_Ins_LearningMobility_3_question_3131,854.2,572.3,1404.0
1622349,stimulus_Ins_LearningMobility_3_question_3131,854.2,572.9,1404.0
1622350,stimulus_Ins_LearningMobility_3_question_3131,854.1,573.3,1405.0
1622351,stimulus_Ins_LearningMobility_3_question_3131,854.0,572.9,1406.0
1622352,stimulus_Ins_LearningMobility_3_question_3131,853.9,572.4,1406.0
1622353,stimulus_Ins_LearningMobility_3_question_3131,853.7,572.2,1406.0
1622354,stimulus_Ins_LearningMobility_3_question_3131,853.6,572.2,1405.0
1622355,stimulus_Ins_LearningMobility_3_question_3131,853.5,572.7,1403.0
1622356,stimulus_Ins_LearningMobility_3_question_3131,853.4,573.1,1402.0
1622357,stimulus_Ins_LearningMobility_3_question_3131,853.6,573.7,1401.0
1622358,stimulus_Ins_LearningMobility_3_question_3131,853.9,574.0,1400.0
1622359,stimulus_Ins_LearningMobility_3_question_3131,854.1,573.8,1400.0
1622360,stimulus_Ins_LearningMobility_3_question_3131,854.2,573.3,1402.0
1622361,stimulus_Ins_LearningMobility_3_question_3131,854.1,573.0,1403.0
1622362,stimulus_Ins_LearningMobility_3_question_3131,854.1,573.1,1404.0
1622363,stimulus_Ins_LearningMobility_3_question_3131,854.1,573.1,1406.0
1622364,stimulus_Ins_LearningMobility_3_question_3131,854.2,573.0,1406.0
1622365,stimulus_Ins_LearningMobility_3_question_3131,854.2,572.6,1404.0
1622366,stimulus_Ins_LearningMobility_3_question_3131,854.2,572.3,1402.0
1622367,stimulus_Ins_LearningMobility_3_question_3131,854.4,572.4,1401.0
1622368,stimulus_Ins_LearningMobility_3_question_3131,854.7,572.6,1402.0
1622369,stimulus_Ins_LearningMobility_3_question_3131,854.9,573.0,1402.0
1622370,stimulus_Ins_LearningMobility_3_question_3131,854.9,573.0,1401.0
1622371,stimulus_Ins_LearningMobility_3_question_3131,854.9,573.1,1401.0
1622372,stimulus_Ins_LearningMobility_3_question_3131,854.6,573.1,1402.0
1622373,stimulus_Ins_LearningMobility_3_question_3131,854.3,573.1,1402.0
1622374,stimulus_Ins_LearningMobility_3_question_3131,854.0,573.1,1401.0
1622375,stimulus_Ins_LearningMobility_3_question_3131,853.9,573.3,1399.0
1622376,stimulus_Ins_LearningMobility_3_question_3131,853.9,573.6,1399.0
1622377,stimulus_Ins_LearningMobility_3_question_3131,854.0,573.8,1400.0
1622378,stimulus_Ins_LearningMobility_3_question_3131,854.1,573.8,1400.0
1622379,stimulus_Ins_LearningMobility_3_question_3131,854.4,574.0,1401.0
1622380,stimulus_Ins_LearningMobility_3_question_3131,854.5,574.1,1401.0
1622381,stimulus_Ins_LearningMobility_3_question_3131,854.6,574.1,1401.0
1622382,stimulus_Ins_LearningMobility_3_question_3131,854.7,573.9,1402.0
1622383,stimulus_Ins_LearningMobility_3_question_3131,855.0,573.7,1403.0
1622384,stimulus_Ins_LearningMobility_3_question_3131,855.3,573.6,1403.0
1622385,stimulus_Ins_LearningMobility_3_question_3131,855.6,573.8,1403.0
1622386,stimulus_Ins_LearningMobility_3_question_3131,855.4,574.0,1403.0
1622387,stimulus_Ins_LearningMobility_3_question_3131,854.9,574.1,1403.0
1622388,stimulus_Ins_LearningMobility_3_question_3131,853.2,573.6,1403.0
1622389,stimulus_Ins_LearningMobility_3_question_3131,850.9,573.0,1401.0
1622390,stimulus_Ins_LearningMobility_3_question_3131,847.2,572.6,1400.0
1622391,stimulus_Ins_LearningMobility_3_question_3131,844.1,572.6,1398.0
1622392,stimulus_Ins_LearningMobility_3_question_3131,840.1,572.9,1400.0
1622393,stimulus_Ins_LearningMobility_3_question_3131,836.7,573.5,1402.0
1622394,stimulus_Ins_LearningMobility_3_question_3131,830.0,574.2,1404.0
1622395,stimulus_Ins_LearningMobility_3_question_3131,822.4,574.9,1405.0
1622396,stimulus_Ins_LearningMobility_3_question_3131,812.8,575.0,1405.0
1622397,stimulus_Ins_LearningMobility_3_question_3131,803.7,575.1,1406.0
1622398,stimulus_Ins_LearningMobility_3_question_3131,795.6,575.1,1411.0
1622399,stimulus_Ins_LearningMobility_3_question_3131,787.7,575.3,1416.0
1622400,stimulus_Ins_LearningMobility_3_question_3131,781.3,575.4,1420.0
1622401,stimulus_Ins_LearningMobility_3_question_3131,774.1,575.5,1421.0
1622402,stimulus_Ins_LearningMobility_3_question_3131,768.1,575.5,1421.0
1622403,stimulus_Ins_LearningMobility_3_question_3131,762.7,575.3,1424.0
1622404,stimulus_Ins_LearningMobility_3_question_3131,758.1,575.2,1426.0
1622405,stimulus_Ins_LearningMobility_3_question_3131,753.6,575.1,1429.0
1622406,stimulus_Ins_LearningMobility_3_question_3131,750.2,574.6,1430.0
1622407,stimulus_Ins_LearningMobility_3_question_3131,747.9,574.2,1428.0
1622408,stimulus_Ins_LearningMobility_3_question_3131,746.9,573.7,1426.0
1622409,stimulus_Ins_LearningMobility_3_question_3131,746.0,573.5,1423.0
1622410,stimulus_Ins_LearningMobility_3_question_3131,745.4,572.8,1423.0
1622411,stimulus_Ins_LearningMobility_3_question_3131,745.4,572.2,1422.0
1622412,stimulus_Ins_LearningMobility_3_question_3131,745.6,573.0,1422.0
1622413,stimulus_Ins_LearningMobility_3_question_3131,745.4,574.1,1424.0
1622414,stimulus_Ins_LearningMobility_3_question_3131,745.0,575.0,1427.0
1622415,stimulus_Ins_LearningMobility_3_question_3131,744.6,574.9,1428.0
1622416,stimulus_Ins_LearningMobility_3_question_3131,744.4,575.0,1427.0
1622417,stimulus_Ins_LearningMobility_3_question_3131,743.7,575.3,1426.0
1622418,stimulus_Ins_LearningMobility_3_question_3131,743.0,575.9,1423.0
1622419,stimulus_Ins_LearningMobility_3_question_3131,742.4,576.2,1421.0
1622420,stimulus_Ins_LearningMobility_3_question_3131,742.1,576.5,1421.0
1622421,stimulus_Ins_LearningMobility_3_question_3131,742.2,576.4,1423.0
1622422,stimulus_Ins_LearningMobility_3_question_3131,742.8,576.3,1425.0
1622423,stimulus_Ins_LearningMobility_3_question_3131,743.3,576.1,1425.0
1622424,stimulus_Ins_LearningMobility_3_question_3131,743.6,576.1,1425.0
1622425,stimulus_Ins_LearningMobility_3_question_3131,744.0,576.2,1424.0
1622426,stimulus_Ins_LearningMobility_3_question_3131,744.4,576.5,1424.0
1622427,stimulus_Ins_LearningMobility_3_question_3131,744.6,576.8,1423.0
1622428,stimulus_Ins_LearningMobility_3_question_3131,744.5,576.8,1423.0
1622429,stimulus_Ins_LearningMobility_3_question_3131,744.4,576.6,1422.0
1622430,stimulus_Ins_LearningMobility_3_question_3131,744.4,576.4,1422.0
1622431,stimulus_Ins_LearningMobility_3_question_3131,744.8,576.5,1421.0
1622432,stimulus_Ins_LearningMobility_3_question_3131,745.2,576.7,1423.0
1622433,stimulus_Ins_LearningMobility_3_question_3131,745.4,577.1,1424.0
1622434,stimulus_Ins_LearningMobility_3_question_3131,745.3,577.3,1424.0
1622435,stimulus_Ins_LearningMobility_3_question_3131,745.2,577.3,1422.0
1622436,stimulus_Ins_LearningMobility_3_question_3131,745.2,577.1,1420.0
1622437,stimulus_Ins_LearningMobility_3_question_3131,745.3,576.9,1420.0
1622438,stimulus_Ins_LearningMobility_3_question_3131,745.4,577.1,1419.0
1622439,stimulus_Ins_LearningMobility_3_question_3131,745.4,577.4,1418.0
1622440,stimulus_Ins_LearningMobility_3_question_3131,745.4,577.8,1417.0
1622441,stimulus_Ins_LearningMobility_3_question_3131,745.4,577.9,1418.0
1622442,stimulus_Ins_LearningMobility_3_question_3131,745.5,577.9,1418.0
1622443,stimulus_Ins_LearningMobility_3_question_3131,745.4,577.8,1420.0
1622444,stimulus_Ins_LearningMobility_3_question_3131,745.2,578.0,1421.0
1622445,stimulus_Ins_LearningMobility_3_question_3131,745.1,578.3,1422.0
1622446,stimulus_Ins_LearningMobility_3_question_3131,745.2,578.4,1421.0
1622447,stimulus_Ins_LearningMobility_3_question_3131,745.2,578.3,1420.0
1622448,stimulus_Ins_LearningMobility_3_question_3131,745.1,578.3,1419.0
1622449,stimulus_Ins_LearningMobility_3_question_3131,744.8,578.4,1419.0
1622450,stimulus_Ins_LearningMobility_3_question_3131,744.5,578.5,1419.0
1622451,stimulus_Ins_LearningMobility_3_question_3131,744.3,578.6,1420.0
1622452,stimulus_Ins_LearningMobility_3_question_3131,744.5,578.5,1419.0
1622453,stimulus_Ins_LearningMobility_3_question_3131,744.9,578.5,1418.0
1622454,stimulus_Ins_LearningMobility_3_question_3131,745.3,578.4,1417.0
1622455,stimulus_Ins_LearningMobility_3_question_3131,745.2,578.5,1418.0
1622456,stimulus_Ins_LearningMobility_3_question_3131,745.3,578.3,1419.0
1622457,stimulus_Ins_LearningMobility_3_question_3131,745.3,578.2,1419.0
1622458,stimulus_Ins_LearningMobility_3_question_3131,745.3,578.4,1420.0
1622459,stimulus_Ins_LearningMobility_3_question_3131,745.2,578.7,1420.0
1622460,stimulus_Ins_LearningMobility_3_question_3131,745.2,579.1,1420.0
1622461,stimulus_Ins_LearningMobility_3_question_3131,745.1,579.0,1420.0
1622462,stimulus_Ins_LearningMobility_3_question_3131,745.0,578.9,1420.0
1622463,stimulus_Ins_LearningMobility_3_question_3131,744.9,578.9,1419.0
1622464,stimulus_Ins_LearningMobility_3_question_3131,744.8,578.9,1419.0
1622465,stimulus_Ins_LearningMobility_3_question_3131,744.9,579.0,1418.0
1622466,stimulus_Ins_LearningMobility_3_question_3131,744.9,578.4,1418.0
1622467,stimulus_Ins_LearningMobility_3_question_3131,744.9,577.8,1418.0
1622468,stimulus_Ins_LearningMobility_3_question_3131,744.8,577.9,1417.0
1622469,stimulus_Ins_LearningMobility_3_question_3131,744.6,578.6,1416.0
1622470,stimulus_Ins_LearningMobility_3_question_3131,744.4,579.4,1415.0
1622471,stimulus_Ins_LearningMobility_3_question_3131,744.1,579.4,1416.0
1622472,stimulus_Ins_LearningMobility_3_question_3131,743.7,579.5,1418.0
1622473,stimulus_Ins_LearningMobility_3_question_3131,743.3,579.6,1419.0
1622474,stimulus_Ins_LearningMobility_3_question_3131,742.8,579.4,1419.0
1622475,stimulus_Ins_LearningMobility_3_question_3131,742.6,579.0,1419.0
1622476,stimulus_Ins_LearningMobility_3_question_3131,742.6,578.9,1418.0
1622477,stimulus_Ins_LearningMobility_3_question_3131,742.9,579.1,1417.0
1622478,stimulus_Ins_LearningMobility_3_question_3131,742.9,579.4,1416.0
1622479,stimulus_Ins_LearningMobility_3_question_3131,742.8,579.6,1415.0
1622480,stimulus_Ins_LearningMobility_3_question_3131,743.1,579.2,1414.0
1622481,stimulus_Ins_LearningMobility_3_question_3131,743.5,578.8,1413.0
1622482,stimulus_Ins_LearningMobility_3_question_3131,744.0,578.6,1414.0
1622483,stimulus_Ins_LearningMobility_3_question_3131,744.4,578.8,1418.0
1622484,stimulus_Ins_LearningMobility_3_question_3131,744.8,578.4,1422.0
1622485,stimulus_Ins_LearningMobility_3_question_3131,745.1,577.3,1424.0
1622486,stimulus_Ins_LearningMobility_3_question_3131,745.2,576.3,1422.0
1622487,stimulus_Ins_LearningMobility_3_question_3131,745.3,575.7,1419.0
1622488,stimulus_Ins_LearningMobility_3_question_3131,745.3,575.5,1418.0
1622489,stimulus_Ins_LearningMobility_3_question_3131,745.1,575.3,1418.0
1622490,stimulus_Ins_LearningMobility_3_question_3131,744.9,575.8,1418.0
1622491,stimulus_Ins_LearningMobility_3_question_3131,744.7,576.3,1418.0
1622492,stimulus_Ins_LearningMobility_3_question_3131,745.1,576.6,1418.0
1622493,stimulus_Ins_LearningMobility_3_question_3131,745.6,576.3,1421.0
1622494,stimulus_Ins_LearningMobility_3_question_3131,746.0,576.0,1424.0
1622495,stimulus_Ins_LearningMobility_3_question_3131,746.0,575.8,1426.0
1622496,stimulus_Ins_LearningMobility_3_question_3131,745.9,575.3,1426.0
1622497,stimulus_Ins_LearningMobility_3_question_3131,746.0,574.9,1422.0
1622498,stimulus_Ins_LearningMobility_3_question_3131,746.0,575.2,1419.0
1622499,stimulus_Ins_LearningMobility_3_question_3131,745.9,575.8,1419.0
1622500,stimulus_Ins_LearningMobility_3_question_3131,745.9,576.6,1422.0
1622501,stimulus_Ins_LearningMobility_3_question_3131,745.9,576.7,1424.0
1622502,stimulus_Ins_LearningMobility_3_question_3131,745.9,576.6,1423.0
1622503,stimulus_Ins_LearningMobility_3_question_3131,745.9,576.2,1424.0
1622504,stimulus_Ins_LearningMobility_3_question_3131,746.1,576.0,1426.0
1622505,stimulus_Ins_LearningMobility_3_question_3131,746.4,576.0,1429.0
1622506,stimulus_Ins_LearningMobility_3_question_3131,746.7,576.0,1427.0
1622507,stimulus_Ins_LearningMobility_3_question_3131,746.6,575.8,1425.0
1622508,stimulus_Ins_LearningMobility_3_question_3131,746.7,575.8,1423.0
1622509,stimulus_Ins_LearningMobility_3_question_3131,746.8,575.9,1423.0
1622510,stimulus_Ins_LearningMobility_3_question_3131,746.8,576.2,1424.0
1622511,stimulus_Ins_LearningMobility_3_question_3131,746.7,576.4,1425.0
1622512,stimulus_Ins_LearningMobility_3_question_3131,746.1,575.8,1426.0
1622513,stimulus_Ins_LearningMobility_3_question_3131,745.4,575.1,1427.0
1622514,stimulus_Ins_LearningMobility_3_question_3131,745.4,574.9,1427.0
1622515,stimulus_Ins_LearningMobility_3_question_3131,745.9,575.3,1428.0
1622516,stimulus_Ins_LearningMobility_3_question_3131,746.9,576.0,1431.0
1622517,stimulus_Ins_LearningMobility_3_question_3131,747.4,576.7,1433.0
1622518,stimulus_Ins_LearningMobility_3_question_3131,747.5,577.5,1435.0
1622519,stimulus_Ins_LearningMobility_3_question_3131,746.6,578.1,1435.0
1622520,stimulus_Ins_LearningMobility_3_question_3131,745.6,578.0,1435.0
1622521,stimulus_Ins_LearningMobility_3_question_3131,745.2,577.8,1435.0
1622522,stimulus_Ins_LearningMobility_3_question_3131,745.2,577.6,1435.0
1622523,stimulus_Ins_LearningMobility_3_question_3131,745.0,577.3,1435.0
1622524,stimulus_Ins_LearningMobility_3_question_3131,744.4,577.0,1435.0
1622525,stimulus_Ins_LearningMobility_3_question_3131,744.1,576.7,1435.0
1622526,stimulus_Ins_LearningMobility_3_question_3131,743.8,576.5,1433.0
1622527,stimulus_Ins_LearningMobility_3_question_3131,743.8,576.6,1432.0
1622528,stimulus_Ins_LearningMobility_3_question_3131,743.9,576.8,1433.0
1622529,stimulus_Ins_LearningMobility_3_question_3131,744.0,577.0,1434.0
1622530,stimulus_Ins_LearningMobility_3_question_3131,744.2,577.0,1433.0
1622531,stimulus_Ins_LearningMobility_3_question_3131,744.1,576.7,1432.0
1622532,stimulus_Ins_LearningMobility_3_question_3131,744.0,576.1,1431.0
1622533,stimulus_Ins_LearningMobility_3_question_3131,743.9,575.5,1431.0
1622534,stimulus_Ins_LearningMobility_3_question_3131,743.9,575.6,1432.0
1622535,stimulus_Ins_LearningMobility_3_question_3131,744.0,576.0,1434.0
1622536,stimulus_Ins_LearningMobility_3_question_3131,744.1,576.4,1435.0
1622537,stimulus_Ins_LearningMobility_3_question_3131,744.0,575.8,1436.0
1622538,stimulus_Ins_LearningMobility_3_question_3131,743.7,575.3,1436.0
1622539,stimulus_Ins_LearningMobility_3_question_3131,743.5,575.3,1434.0
1622540,stimulus_Ins_LearningMobility_3_question_3131,743.5,575.8,1434.0
1622541,stimulus_Ins_LearningMobility_3_question_3131,743.5,576.3,1435.0
1622542,stimulus_Ins_LearningMobility_3_question_3131,743.4,576.3,1436.0
1622543,stimulus_Ins_LearningMobility_3_question_3131,743.4,576.3,1437.0
1622544,stimulus_Ins_LearningMobility_3_question_3131,743.0,576.0,1436.0
1622545,stimulus_Ins_LearningMobility_3_question_3131,742.7,575.8,1437.0
1622546,stimulus_Ins_LearningMobility_3_question_3131,742.4,575.6,1437.0
1622547,stimulus_Ins_LearningMobility_3_question_3131,742.8,575.6,1438.0
1622548,stimulus_Ins_LearningMobility_3_question_3131,743.2,575.6,1437.0
1622549,stimulus_Ins_LearningMobility_3_question_3131,743.7,575.9,1436.0
1622550,stimulus_Ins_LearningMobility_3_question_3131,743.6,576.2,1436.0
1622551,stimulus_Ins_LearningMobility_3_question_3131,743.3,576.2,1438.0
1622552,stimulus_Ins_LearningMobility_3_question_3131,743.1,575.9,1440.0
1622553,stimulus_Ins_LearningMobility_3_question_3131,743.2,575.7,1442.0
1622554,stimulus_Ins_LearningMobility_3_question_3131,743.4,576.0,1444.0
1622555,stimulus_Ins_LearningMobility_3_question_3131,743.5,576.5,1447.0
1622556,stimulus_Ins_LearningMobility_3_question_3131,743.7,576.8,1447.0
1622557,stimulus_Ins_LearningMobility_3_question_3131,743.8,577.1,1447.0
1622558,stimulus_Ins_LearningMobility_3_question_3131,743.9,577.5,1447.0
1622559,stimulus_Ins_LearningMobility_3_question_3131,744.4,577.9,1446.0
1622560,stimulus_Ins_LearningMobility_3_question_3131,744.8,578.3,1447.0
1622561,stimulus_Ins_LearningMobility_3_question_3131,745.1,578.3,1449.0
1622562,stimulus_Ins_LearningMobility_3_question_3131,744.7,578.2,1451.0
1622563,stimulus_Ins_LearningMobility_3_question_3131,744.3,578.1,1452.0
1622564,stimulus_Ins_LearningMobility_3_question_3131,744.3,578.0,1452.0
1622565,stimulus_Ins_LearningMobility_3_question_3131,744.6,577.9,1453.0
1622566,stimulus_Ins_LearningMobility_3_question_3131,744.9,577.9,1452.0
1622567,stimulus_Ins_LearningMobility_3_question_3131,745.2,578.1,1451.0
1622568,stimulus_Ins_LearningMobility_3_question_3131,745.5,578.3,1449.0
1622569,stimulus_Ins_LearningMobility_3_question_3131,745.6,577.9,1449.0
1622570,stimulus_Ins_LearningMobility_3_question_3131,745.4,577.4,1449.0
1622571,stimulus_Ins_LearningMobility_3_question_3131,745.3,577.2,1449.0
1622572,stimulus_Ins_LearningMobility_3_question_3131,745.2,577.6,1450.0
1622573,stimulus_Ins_LearningMobility_3_question_3131,745.0,578.2,1451.0
1622574,stimulus_Ins_LearningMobility_3_question_3131,744.5,578.5,1451.0
1622575,stimulus_Ins_LearningMobility_3_question_3131,744.0,578.7,1452.0
1622576,stimulus_Ins_LearningMobility_3_question_3131,743.7,578.7,1453.0
1622577,stimulus_Ins_LearningMobility_3_question_3131,743.7,578.5,1453.0
1622578,stimulus_Ins_LearningMobility_3_question_3131,744.0,578.0,1454.0
1622579,stimulus_Ins_LearningMobility_3_question_3131,744.9,577.5,1454.0
1622580,stimulus_Ins_LearningMobility_3_question_3131,747.9,577.2,1455.0
1622581,stimulus_Ins_LearningMobility_3_question_3131,752.8,577.4,1455.0
1622582,stimulus_Ins_LearningMobility_3_question_3131,759.0,577.5,1455.0
1622583,stimulus_Ins_LearningMobility_3_question_3131,764.9,577.5,1455.0
1622584,stimulus_Ins_LearningMobility_3_question_3131,769.7,577.3,1456.0
1622585,stimulus_Ins_LearningMobility_3_question_3131,775.5,577.0,1457.0
1622586,stimulus_Ins_LearningMobility_3_question_3131,782.4,576.7,1459.0
1622587,stimulus_Ins_LearningMobility_3_question_3131,790.8,576.3,1459.0
1622588,stimulus_Ins_LearningMobility_3_question_3131,798.0,575.5,1457.0
1622589,stimulus_Ins_LearningMobility_3_question_3131,803.5,574.7,1455.0
1622590,stimulus_Ins_LearningMobility_3_question_3131,809.7,573.9,1456.0
1622591,stimulus_Ins_LearningMobility_3_question_3131,817.1,573.4,1460.0
1622592,stimulus_Ins_LearningMobility_3_question_3131,825.1,572.9,1463.0
1622593,stimulus_Ins_LearningMobility_3_question_3131,832.1,572.6,1464.0
1622594,stimulus_Ins_LearningMobility_3_question_3131,837.5,572.3,1462.0
1622595,stimulus_Ins_LearningMobility_3_question_3131,841.2,571.9,1459.0
1622596,stimulus_Ins_LearningMobility_3_question_3131,843.2,571.2,1456.0
1622597,stimulus_Ins_LearningMobility_3_question_3131,844.7,570.6,1454.0
1622598,stimulus_Ins_LearningMobility_3_question_3131,847.1,570.3,1454.0
1622599,stimulus_Ins_LearningMobility_3_question_3131,849.9,570.6,1454.0
1622600,stimulus_Ins_LearningMobility_3_question_3131,852.0,570.9,1454.0
1622601,stimulus_Ins_LearningMobility_3_question_3131,854.3,570.8,1456.0
1622602,stimulus_Ins_LearningMobility_3_question_3131,856.7,570.6,1457.0
1622603,stimulus_Ins_LearningMobility_3_question_3131,859.3,570.3,1458.0
1622604,stimulus_Ins_LearningMobility_3_question_3131,861.0,570.2,1457.0
1622605,stimulus_Ins_LearningMobility_3_question_3131,862.0,570.2,1456.0
1622606,stimulus_Ins_LearningMobility_3_question_3131,863.0,570.2,1456.0
1622607,stimulus_Ins_LearningMobility_3_question_3131,863.8,570.2,1455.0
1622608,stimulus_Ins_LearningMobility_3_question_3131,864.4,570.4,1455.0
1622609,stimulus_Ins_LearningMobility_3_question_3131,864.8,570.7,1455.0
1622610,stimulus_Ins_LearningMobility_3_question_3131,865.0,570.8,1456.0
1622611,stimulus_Ins_LearningMobility_3_question_3131,865.2,570.9,1458.0
1622612,stimulus_Ins_LearningMobility_3_question_3131,865.3,571.3,1461.0
1622613,stimulus_Ins_LearningMobility_3_question_3131,865.5,571.6,1464.0
1622614,stimulus_Ins_LearningMobility_3_question_3131,865.6,571.8,1466.0
1622615,stimulus_Ins_LearningMobility_3_question_3131,865.7,571.8,1466.0
1622616,stimulus_Ins_LearningMobility_3_question_3131,866.0,571.8,1466.0
1622617,stimulus_Ins_LearningMobility_3_question_3131,866.3,571.8,1465.0
1622618,stimulus_Ins_LearningMobility_3_question_3131,866.6,571.8,1464.0
1622619,stimulus_Ins_LearningMobility_3_question_3131,866.7,571.8,1464.0
1622620,stimulus_Ins_LearningMobility_3_question_3131,866.6,571.9,1465.0
1622621,stimulus_Ins_LearningMobility_3_question_3131,866.4,572.0,1467.0
1622622,stimulus_Ins_LearningMobility_3_question_3131,866.2,572.1,1470.0
1622623,stimulus_Ins_LearningMobility_3_question_3131,866.4,571.7,1471.0
1622624,stimulus_Ins_LearningMobility_3_question_3131,866.8,571.3,1470.0
1622625,stimulus_Ins_LearningMobility_3_question_3131,867.1,571.1,1467.0
1622626,stimulus_Ins_LearningMobility_3_question_3131,867.1,571.2,1463.0
1622627,stimulus_Ins_LearningMobility_3_question_3131,867.2,571.4,1462.0
1622628,stimulus_Ins_LearningMobility_3_question_3131,867.5,571.4,1464.0
1622629,stimulus_Ins_LearningMobility_3_question_3131,867.4,571.5,1466.0
1622630,stimulus_Ins_LearningMobility_3_question_3131,867.1,571.6,1467.0
1622631,stimulus_Ins_LearningMobility_3_question_3131,866.7,571.6,1469.0
1622632,stimulus_Ins_LearningMobility_3_question_3131,866.6,571.4,1469.0
1622633,stimulus_Ins_LearningMobility_3_question_3131,866.5,571.0,1469.0
1622634,stimulus_Ins_LearningMobility_3_question_3131,866.4,570.7,1470.0
1622635,stimulus_Ins_LearningMobility_3_question_3131,866.2,570.5,1472.0
1622636,stimulus_Ins_LearningMobility_3_question_3131,866.0,570.6,1473.0
1622637,stimulus_Ins_LearningMobility_3_question_3131,866.0,571.4,1473.0
1622638,stimulus_Ins_LearningMobility_3_question_3131,865.9,572.2,1472.0
1622639,stimulus_Ins_LearningMobility_3_question_3131,865.8,572.5,1471.0
1622640,stimulus_Ins_LearningMobility_3_question_3131,865.6,571.9,1470.0
1622641,stimulus_Ins_LearningMobility_3_question_3131,865.5,571.9,1470.0
1622642,stimulus_Ins_LearningMobility_3_question_3131,865.6,572.5,1470.0
1622643,stimulus_Ins_LearningMobility_3_question_3131,865.6,573.3,1472.0
1622644,stimulus_Ins_LearningMobility_3_question_3131,865.4,573.4,1474.0
1622645,stimulus_Ins_LearningMobility_3_question_3131,865.1,573.3,1475.0
1622646,stimulus_Ins_LearningMobility_3_question_3131,864.9,573.0,1474.0
1622647,stimulus_Ins_LearningMobility_3_question_3131,864.9,572.0,1474.0
1622648,stimulus_Ins_LearningMobility_3_question_3131,865.0,571.1,1474.0
1622649,stimulus_Ins_LearningMobility_3_question_3131,864.6,570.4,1474.0
1622650,stimulus_Ins_LearningMobility_3_question_3131,864.1,570.5,1475.0
1622651,stimulus_Ins_LearningMobility_3_question_3131,863.6,570.8,1474.0
1622652,stimulus_Ins_LearningMobility_3_question_3131,863.5,571.1,1474.0
1622653,stimulus_Ins_LearningMobility_3_question_3131,863.4,571.3,1473.0
1622654,stimulus_Ins_LearningMobility_3_question_3131,863.4,571.3,1473.0
1622655,stimulus_Ins_LearningMobility_3_question_3131,863.5,571.5,1472.0
1622656,stimulus_Ins_LearningMobility_3_question_3131,863.5,571.6,1474.0
1622657,stimulus_Ins_LearningMobility_3_question_3131,863.5,571.4,1476.0
1622658,stimulus_Ins_LearningMobility_3_question_3131,863.5,571.0,1477.0
1622659,stimulus_Ins_LearningMobility_3_question_3131,863.7,570.5,1476.0
1622660,stimulus_Ins_LearningMobility_3_question_3131,863.9,570.2,1475.0
1622661,stimulus_Ins_LearningMobility_3_question_3131,864.4,569.9,1475.0
1622662,stimulus_Ins_LearningMobility_3_question_3131,864.6,569.6,1475.0
1622663,stimulus_Ins_LearningMobility_3_question_3131,864.8,569.5,1476.0
1622664,stimulus_Ins_LearningMobility_3_question_3131,865.1,569.8,1480.0
1622665,stimulus_Ins_LearningMobility_3_question_3131,865.4,570.5,1483.0
1622666,stimulus_Ins_LearningMobility_3_question_3131,866.1,571.2,1486.0
1622667,stimulus_Ins_LearningMobility_3_question_3131,866.4,571.4,1486.0
1622668,stimulus_Ins_LearningMobility_3_question_3131,866.8,571.4,1486.0
1622669,stimulus_Ins_LearningMobility_3_question_3131,866.9,571.4,1486.0
1622670,stimulus_Ins_LearningMobility_3_question_3131,867.1,571.5,1485.0
1622671,stimulus_Ins_LearningMobility_3_question_3131,867.4,572.0,1484.0
1622672,stimulus_Ins_LearningMobility_3_question_3131,867.6,572.4,1487.0
1622673,stimulus_Ins_LearningMobility_3_question_3131,867.7,572.7,1491.0
1622674,stimulus_Ins_LearningMobility_3_question_3131,867.8,572.7,1494.0
1622675,stimulus_Ins_LearningMobility_3_question_3131,867.4,572.7,1492.0
1622676,stimulus_Ins_LearningMobility_3_question_3131,867.0,572.7,1491.0
1622677,stimulus_Ins_LearningMobility_3_question_3131,866.6,572.1,1491.0
1622678,stimulus_Ins_LearningMobility_3_question_3131,866.8,571.4,1493.0
1622679,stimulus_Ins_LearningMobility_3_question_3131,867.0,570.7,1496.0
1622680,stimulus_Ins_LearningMobility_3_question_3131,867.5,571.6,1497.0
1622681,stimulus_Ins_LearningMobility_3_question_3131,867.6,572.8,1496.0
1622682,stimulus_Ins_LearningMobility_3_question_3131,867.7,573.8,1494.0
1622683,stimulus_Ins_LearningMobility_3_question_3131,867.7,574.0,1494.0
1622684,stimulus_Ins_LearningMobility_3_question_3131,867.7,573.9,1495.0
1622685,stimulus_Ins_LearningMobility_3_question_3131,867.7,573.1,1496.0
1622686,stimulus_Ins_LearningMobility_3_question_3131,867.6,572.3,1498.0
1622687,stimulus_Ins_LearningMobility_3_question_3131,867.1,571.4,1499.0
1622688,stimulus_Ins_LearningMobility_3_question_3131,866.6,571.2,1500.0
1622689,stimulus_Ins_LearningMobility_3_question_3131,866.1,571.6,1501.0
1622690,stimulus_Ins_LearningMobility_3_question_3131,866.0,572.0,1500.0
1622691,stimulus_Ins_LearningMobility_3_question_3131,865.6,572.5,1498.0
1622692,stimulus_Ins_LearningMobility_3_question_3131,865.2,572.2,1498.0
1622693,stimulus_Ins_LearningMobility_3_question_3131,864.9,571.8,1501.0
1622694,stimulus_Ins_LearningMobility_3_question_3131,864.9,571.3,1504.0
1622695,stimulus_Ins_LearningMobility_3_question_3131,864.6,571.2,1505.0
1622696,stimulus_Ins_LearningMobility_3_question_3131,864.3,571.5,1505.0
1622697,stimulus_Ins_LearningMobility_3_question_3131,863.8,571.9,1505.0
1622698,stimulus_Ins_LearningMobility_3_question_3131,863.6,571.9,1503.0
1622699,stimulus_Ins_LearningMobility_3_question_3131,863.4,571.4,1502.0
1622700,stimulus_Ins_LearningMobility_3_question_3131,863.5,571.5,1501.0
1622701,stimulus_Ins_LearningMobility_3_question_3131,863.5,571.9,1501.0
1622702,stimulus_Ins_LearningMobility_3_question_3131,863.4,572.3,1502.0
1622703,stimulus_Ins_LearningMobility_3_question_3131,863.3,572.6,1503.0
1622704,stimulus_Ins_LearningMobility_3_question_3131,863.3,573.0,1504.0
1622705,stimulus_Ins_LearningMobility_3_question_3131,863.2,573.4,1505.0
1622706,stimulus_Ins_LearningMobility_3_question_3131,863.1,573.4,1506.0
1622707,stimulus_Ins_LearningMobility_3_question_3131,863.4,573.4,1506.0
1622708,stimulus_Ins_LearningMobility_3_question_3131,863.7,572.8,1505.0
1622709,stimulus_Ins_LearningMobility_3_question_3131,863.5,571.9,1505.0
1622710,stimulus_Ins_LearningMobility_3_question_3131,863.0,570.9,1506.0
1622711,stimulus_Ins_LearningMobility_3_question_3131,862.6,571.6,1506.0
1622712,stimulus_Ins_LearningMobility_3_question_3131,862.8,572.3,1508.0
1622713,stimulus_Ins_LearningMobility_3_question_3131,863.1,573.1,1510.0
1622714,stimulus_Ins_LearningMobility_3_question_3131,863.2,572.8,1513.0
1622715,stimulus_Ins_LearningMobility_3_question_3131,863.1,572.5,1514.0
1622716,stimulus_Ins_LearningMobility_3_question_3131,863.0,572.3,1513.0
1622717,stimulus_Ins_LearningMobility_3_question_3131,863.0,572.1,1511.0
1622718,stimulus_Ins_LearningMobility_3_question_3131,862.7,572.0,1511.0
1622719,stimulus_Ins_LearningMobility_3_question_3131,862.4,571.9,1512.0
1622720,stimulus_Ins_LearningMobility_3_question_3131,862.5,571.9,1513.0
1622721,stimulus_Ins_LearningMobility_3_question_3131,862.9,572.0,1513.0
1622722,stimulus_Ins_LearningMobility_3_question_3131,863.4,572.1,1513.0
1622723,stimulus_Ins_LearningMobility_3_question_3131,863.6,572.2,1514.0
1622724,stimulus_Ins_LearningMobility_3_question_3131,863.7,572.4,1515.0
1622725,stimulus_Ins_LearningMobility_3_question_3131,863.6,572.6,1515.0
1622726,stimulus_Ins_LearningMobility_3_question_3131,863.5,572.5,1514.0
1622727,stimulus_Ins_LearningMobility_3_question_3131,863.3,572.1,1513.0
1622728,stimulus_Ins_LearningMobility_3_question_3131,863.1,571.6,1514.0
1622729,stimulus_Ins_LearningMobility_3_question_3131,862.9,571.4,1517.0
1622730,stimulus_Ins_LearningMobility_3_question_3131,862.8,571.2,1518.0
1622731,stimulus_Ins_LearningMobility_3_question_3131,862.8,571.0,1519.0
1622732,stimulus_Ins_LearningMobility_3_question_3131,862.8,570.9,1518.0
1622733,stimulus_Ins_LearningMobility_3_question_3131,863.0,570.8,1518.0
1622734,stimulus_Ins_LearningMobility_3_question_3131,863.2,571.7,1518.0
1622735,stimulus_Ins_LearningMobility_3_question_3131,863.1,572.5,1518.0
1622736,stimulus_Ins_LearningMobility_3_question_3131,862.9,573.3,1518.0
1622737,stimulus_Ins_LearningMobility_3_question_3131,862.6,573.5,1517.0
1622738,stimulus_Ins_LearningMobility_3_question_3131,862.6,573.9,1515.0
1622739,stimulus_Ins_LearningMobility_3_question_3131,863.0,573.8,1514.0
1622740,stimulus_Ins_LearningMobility_3_question_3131,863.3,573.4,1514.0
1622741,stimulus_Ins_LearningMobility_3_question_3131,863.5,572.5,1515.0
1622742,stimulus_Ins_LearningMobility_3_question_3131,863.5,572.0,1516.0
1622743,stimulus_Ins_LearningMobility_3_question_3131,863.5,571.6,1518.0
1622744,stimulus_Ins_LearningMobility_3_question_3131,863.6,571.8,1519.0
1622745,stimulus_Ins_LearningMobility_3_question_3131,863.6,571.8,1520.0
1622746,stimulus_Ins_LearningMobility_3_question_3131,864.5,571.8,1520.0
1622747,stimulus_Ins_LearningMobility_3_question_3131,865.7,571.8,1519.0
1622748,stimulus_Ins_LearningMobility_3_question_3131,867.0,571.8,1519.0
1622749,stimulus_Ins_LearningMobility_3_question_3131,867.3,571.9,1519.0
1622750,stimulus_Ins_LearningMobility_3_question_3131,866.4,572.4,1520.0
1622751,stimulus_Ins_LearningMobility_3_question_3131,864.0,573.7,1522.0
1622752,stimulus_Ins_LearningMobility_3_question_3131,859.3,576.0,1525.0
1622753,stimulus_Ins_LearningMobility_3_question_3131,852.9,577.9,1530.0
1622754,stimulus_Ins_LearningMobility_3_question_3131,845.5,580.4,1534.0
1622755,stimulus_Ins_LearningMobility_3_question_3131,837.7,583.2,1538.0
1622756,stimulus_Ins_LearningMobility_3_question_3131,828.6,587.3,1542.0
1622757,stimulus_Ins_LearningMobility_3_question_3131,817.3,590.4,1546.0
1622758,stimulus_Ins_LearningMobility_3_question_3131,803.8,593.4,1554.0
1622759,stimulus_Ins_LearningMobility_3_question_3131,791.1,597.6,1559.0
1622760,stimulus_Ins_LearningMobility_3_question_3131,778.3,603.9,1571.0
1622761,stimulus_Ins_LearningMobility_3_question_3131,765.0,611.7,1583.0
1622762,stimulus_Ins_LearningMobility_3_question_3131,750.0,619.2,1599.0
1622763,stimulus_Ins_LearningMobility_3_question_3131,735.3,625.4,1609.0
1622764,stimulus_Ins_LearningMobility_3_question_3131,721.2,631.9,1618.0
1622765,stimulus_Ins_LearningMobility_3_question_3131,706.9,638.2,1625.0
1622766,stimulus_Ins_LearningMobility_3_question_3131,693.7,646.0,1633.0
1622767,stimulus_Ins_LearningMobility_3_question_3131,681.3,653.5,1636.0
1622768,stimulus_Ins_LearningMobility_3_question_3131,670.1,662.2,1638.0
1622769,stimulus_Ins_LearningMobility_3_question_3131,657.7,671.1,1642.0
1622770,stimulus_Ins_LearningMobility_3_question_3131,645.0,679.2,1646.0
1622771,stimulus_Ins_LearningMobility_3_question_3131,632.9,687.2,1648.0
1622772,stimulus_Ins_LearningMobility_3_question_3131,620.7,693.3,1649.0
1622773,stimulus_Ins_LearningMobility_3_question_3131,609.0,700.1,1647.0
1622774,stimulus_Ins_LearningMobility_3_question_3131,598.7,705.4,1645.0
1622775,stimulus_Ins_LearningMobility_3_question_3131,588.7,711.2,1646.0
1622776,stimulus_Ins_LearningMobility_3_question_3131,578.6,716.7,1649.0
1622777,stimulus_Ins_LearningMobility_3_question_3131,566.6,722.2,1650.0
1622778,stimulus_Ins_LearningMobility_3_question_3131,554.2,726.2,1647.0
1622779,stimulus_Ins_LearningMobility_3_question_3131,541.7,730.0,1644.0
1622780,stimulus_Ins_LearningMobility_3_question_3131,527.4,733.3,1643.0
1622781,stimulus_Ins_LearningMobility_3_question_3131,514.6,738.6,1642.0
1622782,stimulus_Ins_LearningMobility_3_question_3131,503.4,744.9,1643.0
1622783,stimulus_Ins_LearningMobility_3_question_3131,494.3,753.0,1644.0
1622784,stimulus_Ins_LearningMobility_3_question_3131,484.7,761.4,1647.0
1622785,stimulus_Ins_LearningMobility_3_question_3131,475.9,769.5,1649.0
1622786,stimulus_Ins_LearningMobility_3_question_3131,467.9,777.4,1650.0
1622787,stimulus_Ins_LearningMobility_3_question_3131,459.6,785.6,1650.0
1622788,stimulus_Ins_LearningMobility_3_question_3131,449.9,793.7,1648.0
1622789,stimulus_Ins_LearningMobility_3_question_3131,440.0,800.8,1645.0
1622790,stimulus_Ins_LearningMobility_3_question_3131,432.6,807.0,1642.0
1622791,stimulus_Ins_LearningMobility_3_question_3131,426.4,811.5,1642.0
1622792,stimulus_Ins_LearningMobility_3_question_3131,420.5,815.2,1642.0
1622793,stimulus_Ins_LearningMobility_3_question_3131,413.1,817.0,1642.0
1622794,stimulus_Ins_LearningMobility_3_question_3131,405.3,818.4,1642.0
1622795,stimulus_Ins_LearningMobility_3_question_3131,397.8,819.7,1644.0
1622796,stimulus_Ins_LearningMobility_3_question_3131,392.1,822.5,1645.0
1622797,stimulus_Ins_LearningMobility_3_question_3131,386.0,825.0,1646.0
1622798,stimulus_Ins_LearningMobility_3_question_3131,379.3,827.2,1645.0
1622799,stimulus_Ins_LearningMobility_3_question_3131,372.8,827.8,1646.0
1622800,stimulus_Ins_LearningMobility_3_question_3131,366.8,828.0,1647.0
1622801,stimulus_Ins_LearningMobility_3_question_3131,363.1,827.7,1646.0
1622802,stimulus_Ins_LearningMobility_3_question_3131,360.1,828.0,1644.0
1622803,stimulus_Ins_LearningMobility_3_question_3131,359.0,828.5,1645.0
1622804,stimulus_Ins_LearningMobility_3_question_3131,358.8,828.9,1647.0
1622805,stimulus_Ins_LearningMobility_3_question_3131,358.3,828.9,1650.0
1622806,stimulus_Ins_LearningMobility_3_question_3131,357.8,829.4,1650.0
1622807,stimulus_Ins_LearningMobility_3_question_3131,356.3,830.3,1650.0
1622808,stimulus_Ins_LearningMobility_3_question_3131,354.2,831.3,1650.0
1622809,stimulus_Ins_LearningMobility_3_question_3131,351.2,831.6,1651.0
1622810,stimulus_Ins_LearningMobility_3_question_3131,348.4,831.6,1651.0
1622811,stimulus_Ins_LearningMobility_3_question_3131,346.1,831.7,1651.0
1622812,stimulus_Ins_LearningMobility_3_question_3131,344.7,833.4,1653.0
1622813,stimulus_Ins_LearningMobility_3_question_3131,343.6,835.1,1655.0
1622814,stimulus_Ins_LearningMobility_3_question_3131,342.8,836.8,1655.0
1622815,stimulus_Ins_LearningMobility_3_question_3131,342.1,836.9,1653.0
1622816,stimulus_Ins_LearningMobility_3_question_3131,341.9,836.9,1650.0
1622817,stimulus_Ins_LearningMobility_3_question_3131,343.0,836.9,1649.0
1622818,stimulus_Ins_LearningMobility_3_question_3131,344.7,837.0,1647.0
1622819,stimulus_Ins_LearningMobility_3_question_3131,346.7,836.7,1647.0
1622820,stimulus_Ins_LearningMobility_3_question_3131,348.1,836.1,1650.0
1622821,stimulus_Ins_LearningMobility_3_question_3131,349.9,835.5,1652.0
1622822,stimulus_Ins_LearningMobility_3_question_3131,351.3,835.2,1655.0
1622823,stimulus_Ins_LearningMobility_3_question_3131,352.5,835.1,1656.0
1622824,stimulus_Ins_LearningMobility_3_question_3131,353.3,834.8,1658.0
1622825,stimulus_Ins_LearningMobility_3_question_3131,354.5,834.4,1660.0
1622826,stimulus_Ins_LearningMobility_3_question_3131,355.8,834.0,1660.0
1622827,stimulus_Ins_LearningMobility_3_question_3131,356.7,833.8,1659.0
1622828,stimulus_Ins_LearningMobility_3_question_3131,356.2,834.2,1657.0
1622829,stimulus_Ins_LearningMobility_3_question_3131,354.7,834.7,1653.0
1622830,stimulus_Ins_LearningMobility_3_question_3131,352.9,835.3,1650.0
1622831,stimulus_Ins_LearningMobility_3_question_3131,351.7,835.4,1647.0
1622832,stimulus_Ins_LearningMobility_3_question_3131,351.2,835.5,1647.0
1622833,stimulus_Ins_LearningMobility_3_question_3131,351.2,836.0,1647.0
1622834,stimulus_Ins_LearningMobility_3_question_3131,351.0,836.4,1647.0
1622835,stimulus_Ins_LearningMobility_3_question_3131,350.9,836.8,1647.0
1622836,stimulus_Ins_LearningMobility_3_question_3131,350.8,836.8,1647.0
1622837,stimulus_Ins_LearningMobility_3_question_3131,350.9,836.8,1645.0
1622838,stimulus_Ins_LearningMobility_3_question_3131,350.3,836.3,1643.0
1622839,stimulus_Ins_LearningMobility_3_question_3131,349.6,835.8,1640.0
1622840,stimulus_Ins_LearningMobility_3_question_3131,349.0,835.3,1638.0
1622841,stimulus_Ins_LearningMobility_3_question_3131,349.4,835.4,1635.0
1622842,stimulus_Ins_LearningMobility_3_question_3131,349.7,835.6,1636.0
1622843,stimulus_Ins_LearningMobility_3_question_3131,349.9,835.8,1639.0
1622844,stimulus_Ins_LearningMobility_3_question_3131,350.1,835.7,1642.0
1622845,stimulus_Ins_LearningMobility_3_question_3131,350.4,835.5,1641.0
1622846,stimulus_Ins_LearningMobility_3_question_3131,350.8,835.4,1638.0
1622847,stimulus_Ins_LearningMobility_3_question_3131,351.0,835.4,1634.0
1622848,stimulus_Ins_LearningMobility_3_question_3131,351.6,835.2,1633.0
1622849,stimulus_Ins_LearningMobility_3_question_3131,352.2,834.9,1632.0
1622850,stimulus_Ins_LearningMobility_3_question_3131,353.0,834.9,1632.0
1622851,stimulus_Ins_LearningMobility_3_question_3131,353.4,834.9,1632.0
1622852,stimulus_Ins_LearningMobility_3_question_3131,353.8,835.0,1635.0
1622853,stimulus_Ins_LearningMobility_3_question_3131,354.0,835.1,1638.0
1622854,stimulus_Ins_LearningMobility_3_question_3131,354.1,835.2,1641.0
1622855,stimulus_Ins_LearningMobility_3_question_3131,354.2,835.5,1641.0
1622856,stimulus_Ins_LearningMobility_3_question_3131,354.9,835.9,1641.0
1622857,stimulus_Ins_LearningMobility_3_question_3131,355.6,836.3,1641.0
1622858,stimulus_Ins_LearningMobility_3_question_3131,356.2,836.5,1641.0
1622859,stimulus_Ins_LearningMobility_3_question_3131,356.2,836.6,1641.0
1622860,stimulus_Ins_LearningMobility_3_question_3131,356.2,836.7,1641.0
1622861,stimulus_Ins_LearningMobility_3_question_3131,356.1,836.7,1643.0
1622862,stimulus_Ins_LearningMobility_3_question_3131,355.9,836.7,1644.0
1622863,stimulus_Ins_LearningMobility_3_question_3131,355.9,837.0,1642.0
1622864,stimulus_Ins_LearningMobility_3_question_3131,356.0,837.3,1639.0
1622865,stimulus_Ins_LearningMobility_3_question_3131,356.3,837.5,1638.0
1622866,stimulus_Ins_LearningMobility_3_question_3131,356.5,837.6,1638.0
1622867,stimulus_Ins_LearningMobility_3_question_3131,356.5,837.6,1638.0
1622868,stimulus_Ins_LearningMobility_3_question_3131,356.4,837.5,1637.0
1622869,stimulus_Ins_LearningMobility_3_question_3131,356.1,837.5,1635.0
1622870,stimulus_Ins_LearningMobility_3_question_3131,355.7,837.5,1635.0
1622871,stimulus_Ins_LearningMobility_3_question_3131,355.4,837.4,1635.0
1622872,stimulus_Ins_LearningMobility_3_question_3131,355.3,837.3,1636.0
1622873,stimulus_Ins_LearningMobility_3_question_3131,355.3,837.3,1635.0
1622874,stimulus_Ins_LearningMobility_3_question_3131,355.5,837.2,1634.0
1622875,stimulus_Ins_LearningMobility_3_question_3131,355.6,837.7,1633.0
1622876,stimulus_Ins_LearningMobility_3_question_3131,355.8,838.1,1633.0
1622877,stimulus_Ins_LearningMobility_3_question_3131,355.9,838.4,1634.0
1622878,stimulus_Ins_LearningMobility_3_question_3131,355.9,838.2,1634.0
1622879,stimulus_Ins_LearningMobility_3_question_3131,355.9,837.9,1634.0
1622880,stimulus_Ins_LearningMobility_3_question_3131,355.6,837.7,1634.0
1622881,stimulus_Ins_LearningMobility_3_question_3131,355.2,837.3,1633.0
1622882,stimulus_Ins_LearningMobility_3_question_3131,354.8,836.9,1632.0
1622883,stimulus_Ins_LearningMobility_3_question_3131,354.8,836.6,1632.0
1622884,stimulus_Ins_LearningMobility_3_question_3131,354.7,836.2,1633.0
1622885,stimulus_Ins_LearningMobility_3_question_3131,354.6,835.8,1634.0
1622886,stimulus_Ins_LearningMobility_3_question_3131,354.6,835.6,1633.0
1622887,stimulus_Ins_LearningMobility_3_question_3131,354.6,836.3,1632.0
1622888,stimulus_Ins_LearningMobility_3_question_3131,354.9,836.9,1631.0
1622889,stimulus_Ins_LearningMobility_3_question_3131,355.1,837.5,1630.0
1622890,stimulus_Ins_LearningMobility_3_question_3131,355.4,837.2,1630.0
1622891,stimulus_Ins_LearningMobility_3_question_3131,355.4,836.9,1630.0
1622892,stimulus_Ins_LearningMobility_3_question_3131,355.4,836.6,1630.0
1622893,stimulus_Ins_LearningMobility_3_question_3131,355.3,836.5,1631.0
1622894,stimulus_Ins_LearningMobility_3_question_3131,355.2,836.4,1632.0
1622895,stimulus_Ins_LearningMobility_3_question_3131,355.3,836.4,1633.0
1622896,stimulus_Ins_LearningMobility_3_question_3131,355.3,835.6,1633.0
1622897,stimulus_Ins_LearningMobility_3_question_3131,355.3,834.7,1632.0
1622898,stimulus_Ins_LearningMobility_3_question_3131,355.3,834.4,1631.0
1622899,stimulus_Ins_LearningMobility_3_question_3131,355.3,834.8,1629.0
1622900,stimulus_Ins_LearningMobility_3_question_3131,355.0,835.2,1629.0
1622901,stimulus_Ins_LearningMobility_3_question_3131,354.7,835.1,1629.0
1622902,stimulus_Ins_LearningMobility_3_question_3131,355.2,835.2,1629.0
1622903,stimulus_Ins_LearningMobility_3_question_3131,356.2,835.4,1629.0
1622904,stimulus_Ins_LearningMobility_3_question_3131,357.0,835.6,1629.0
1622905,stimulus_Ins_LearningMobility_3_question_3131,356.8,835.9,1630.0
1622906,stimulus_Ins_LearningMobility_3_question_3131,356.7,836.1,1630.0
1622907,stimulus_Ins_LearningMobility_3_question_3131,356.7,836.3,1630.0
1622908,stimulus_Ins_LearningMobility_3_question_3131,356.9,836.6,1630.0
1622909,stimulus_Ins_LearningMobility_3_question_3131,357.1,836.8,1629.0
1622910,stimulus_Ins_LearningMobility_3_question_3131,357.2,836.6,1628.0
1622911,stimulus_Ins_LearningMobility_3_question_3131,357.6,836.2,1629.0
1622912,stimulus_Ins_LearningMobility_3_question_3131,358.0,835.9,1630.0
1622913,stimulus_Ins_LearningMobility_3_question_3131,358.4,835.9,1632.0
1622914,stimulus_Ins_LearningMobility_3_question_3131,358.1,836.3,1633.0
1622915,stimulus_Ins_LearningMobility_3_question_3131,357.6,836.6,1632.0
1622916,stimulus_Ins_LearningMobility_3_question_3131,357.1,836.3,1630.0
1622917,stimulus_Ins_LearningMobility_3_question_3131,356.7,835.6,1628.0
1622918,stimulus_Ins_LearningMobility_3_question_3131,356.7,834.9,1627.0
1622919,stimulus_Ins_LearningMobility_3_question_3131,356.9,835.0,1625.0
1622920,stimulus_Ins_LearningMobility_3_question_3131,357.1,835.1,1624.0
1622921,stimulus_Ins_LearningMobility_3_question_3131,357.2,835.2,1624.0
1622922,stimulus_Ins_LearningMobility_3_question_3131,357.2,835.0,1625.0
1622923,stimulus_Ins_LearningMobility_3_question_3131,357.2,835.0,1629.0
1622924,stimulus_Ins_LearningMobility_3_question_3131,357.3,835.2,1631.0
1622925,stimulus_Ins_LearningMobility_3_question_3131,357.7,835.6,1633.0
1622926,stimulus_Ins_LearningMobility_3_question_3131,358.2,836.1,1631.0
1622927,stimulus_Ins_LearningMobility_3_question_3131,358.3,836.1,1630.0
1622928,stimulus_Ins_LearningMobility_3_question_3131,358.0,836.0,1628.0
1622929,stimulus_Ins_LearningMobility_3_question_3131,357.6,836.2,1629.0
1622930,stimulus_Ins_LearningMobility_3_question_3131,357.7,836.5,1629.0
1622931,stimulus_Ins_LearningMobility_3_question_3131,357.9,836.9,1630.0
1622932,stimulus_Ins_LearningMobility_3_question_3131,358.0,836.8,1631.0
1622933,stimulus_Ins_LearningMobility_3_question_3131,357.9,836.6,1631.0
1622934,stimulus_Ins_LearningMobility_3_question_3131,357.6,835.4,1631.0
1622935,stimulus_Ins_LearningMobility_3_question_3131,357.1,834.4,1631.0
1622936,stimulus_Ins_LearningMobility_3_question_3131,356.7,834.3,1630.0
1622937,stimulus_Ins_LearningMobility_3_question_3131,356.9,835.2,1630.0
1622938,stimulus_Ins_LearningMobility_3_question_3131,357.3,835.9,1630.0
1622939,stimulus_Ins_LearningMobility_3_question_3131,357.6,835.8,1630.0
1622940,stimulus_Ins_LearningMobility_3_question_3131,357.6,835.6,1630.0
1622941,stimulus_Ins_LearningMobility_3_question_3131,358.1,835.1,1630.0
1622942,stimulus_Ins_LearningMobility_3_question_3131,358.9,834.7,1630.0
1622943,stimulus_Ins_LearningMobility_3_question_3131,359.7,834.2,1630.0
1622944,stimulus_Ins_LearningMobility_3_question_3131,360.2,834.2,1631.0
1622945,stimulus_Ins_LearningMobility_3_question_3131,360.7,834.2,1631.0
1622946,stimulus_Ins_LearningMobility_3_question_3131,361.1,834.4,1631.0
1622947,stimulus_Ins_LearningMobility_3_question_3131,361.1,834.5,1631.0
1622948,stimulus_Ins_LearningMobility_3_question_3131,360.6,834.5,1631.0
1622949,stimulus_Ins_LearningMobility_3_question_3131,359.5,834.5,1631.0
1622950,stimulus_Ins_LearningMobility_3_question_3131,356.0,833.7,1631.0
1622951,stimulus_Ins_LearningMobility_3_question_3131,350.7,832.7,1632.0
1622952,stimulus_Ins_LearningMobility_3_question_3131,343.1,831.7,1634.0
1622953,stimulus_Ins_LearningMobility_3_question_3131,336.4,831.3,1637.0
1622954,stimulus_Ins_LearningMobility_3_question_3131,329.7,831.1,1638.0
1622955,stimulus_Ins_LearningMobility_3_question_3131,323.0,830.5,1639.0
1622956,stimulus_Ins_LearningMobility_3_question_3131,315.6,829.6,1639.0
1622957,stimulus_Ins_LearningMobility_3_question_3131,307.8,828.9,1640.0
1622958,stimulus_Ins_LearningMobility_3_question_3131,300.5,828.7,1640.0
1622959,stimulus_Ins_LearningMobility_3_question_3131,294.4,827.6,1641.0
1622960,stimulus_Ins_LearningMobility_3_question_3131,288.7,826.4,1641.0
1622961,stimulus_Ins_LearningMobility_3_question_3131,284.2,825.2,1643.0
1622962,stimulus_Ins_LearningMobility_3_question_3131,280.3,825.2,1646.0
1622963,stimulus_Ins_LearningMobility_3_question_3131,277.7,825.1,1648.0
1622964,stimulus_Ins_LearningMobility_3_question_3131,276.5,825.0,1648.0
1622965,stimulus_Ins_LearningMobility_3_question_3131,275.7,825.9,1648.0
1622966,stimulus_Ins_LearningMobility_3_question_3131,275.2,826.9,1645.0
1622967,stimulus_Ins_LearningMobility_3_question_3131,274.7,827.9,1643.0
1622968,stimulus_Ins_LearningMobility_3_question_3131,274.3,827.8,1641.0
1622969,stimulus_Ins_LearningMobility_3_question_3131,274.1,827.6,1639.0
1622970,stimulus_Ins_LearningMobility_3_question_3131,274.0,828.0,1638.0
1622971,stimulus_Ins_LearningMobility_3_question_3131,273.8,828.5,1637.0
1622972,stimulus_Ins_LearningMobility_3_question_3131,273.7,829.0,1639.0
1622973,stimulus_Ins_LearningMobility_3_question_3131,273.6,828.9,1641.0
1622974,stimulus_Ins_LearningMobility_3_question_3131,273.5,829.0,1644.0
1622975,stimulus_Ins_LearningMobility_3_question_3131,273.2,829.1,1645.0
1622976,stimulus_Ins_LearningMobility_3_question_3131,272.3,829.0,1645.0
1622977,stimulus_Ins_LearningMobility_3_question_3131,271.4,828.7,1645.0
1622978,stimulus_Ins_LearningMobility_3_question_3131,270.9,828.0,1643.0
1622979,stimulus_Ins_LearningMobility_3_question_3131,271.0,827.1,1642.0
1622980,stimulus_Ins_LearningMobility_3_question_3131,271.0,826.3,1641.0
1622981,stimulus_Ins_LearningMobility_3_question_3131,271.2,825.9,1641.0
1622982,stimulus_Ins_LearningMobility_3_question_3131,271.6,825.9,1641.0
1622983,stimulus_Ins_LearningMobility_3_question_3131,272.1,826.1,1642.0
1622984,stimulus_Ins_LearningMobility_3_question_3131,272.4,826.3,1644.0
1622985,stimulus_Ins_LearningMobility_3_question_3131,272.9,826.6,1644.0
1622986,stimulus_Ins_LearningMobility_3_question_3131,273.2,826.7,1640.0
1622987,stimulus_Ins_LearningMobility_3_question_3131,273.8,826.9,1637.0
1622988,stimulus_Ins_LearningMobility_3_question_3131,274.1,826.9,1637.0
1622989,stimulus_Ins_LearningMobility_3_question_3131,274.3,827.1,1636.0
1622990,stimulus_Ins_LearningMobility_3_question_3131,274.1,827.2,1637.0
1622991,stimulus_Ins_LearningMobility_3_question_3131,273.8,827.2,1639.0
1622992,stimulus_Ins_LearningMobility_3_question_3131,273.4,826.4,1640.0
1622993,stimulus_Ins_LearningMobility_3_question_3131,273.0,825.6,1643.0
1622994,stimulus_Ins_LearningMobility_3_question_3131,272.9,825.0,1646.0
1622995,stimulus_Ins_LearningMobility_3_question_3131,273.2,825.1,1647.0
1622996,stimulus_Ins_LearningMobility_3_question_3131,273.8,826.1,1645.0
1622997,stimulus_Ins_LearningMobility_3_question_3131,274.2,827.2,1643.0
1622998,stimulus_Ins_LearningMobility_3_question_3131,274.4,828.2,1643.0
1622999,stimulus_Ins_LearningMobility_3_question_3131,274.4,828.1,1643.0
1623000,stimulus_Ins_LearningMobility_3_question_3131,274.1,827.9,1643.0
1623001,stimulus_Ins_LearningMobility_3_question_3131,273.9,827.1,1643.0
1623002,stimulus_Ins_LearningMobility_3_question_3131,273.8,826.5,1643.0
1623003,stimulus_Ins_LearningMobility_3_question_3131,274.0,825.8,1644.0
1623004,stimulus_Ins_LearningMobility_3_question_3131,274.4,825.8,1645.0
1623005,stimulus_Ins_LearningMobility_3_question_3131,274.7,825.7,1647.0
1623006,stimulus_Ins_LearningMobility_3_question_3131,274.7,825.6,1650.0
1623007,stimulus_Ins_LearningMobility_3_question_3131,274.3,826.0,1652.0
1623008,stimulus_Ins_LearningMobility_3_question_3131,274.0,826.4,1651.0
1623009,stimulus_Ins_LearningMobility_3_question_3131,274.0,827.4,1650.0
1623010,stimulus_Ins_LearningMobility_3_question_3131,274.3,828.0,1649.0
1623011,stimulus_Ins_LearningMobility_3_question_3131,274.6,828.5,1649.0
1623012,stimulus_Ins_LearningMobility_3_question_3131,274.7,828.6,1649.0
1623013,stimulus_Ins_LearningMobility_3_question_3131,274.8,828.6,1649.0
1623014,stimulus_Ins_LearningMobility_3_question_3131,274.8,828.7,1649.0
1623015,stimulus_Ins_LearningMobility_3_question_3131,274.7,828.4,1649.0
1623016,stimulus_Ins_LearningMobility_3_question_3131,274.7,828.1,1649.0
1623017,stimulus_Ins_LearningMobility_3_question_3131,274.8,827.8,1649.0
1623018,stimulus_Ins_LearningMobility_3_question_3131,274.8,827.7,1648.0
1623019,stimulus_Ins_LearningMobility_3_question_3131,274.7,827.6,1648.0
1623020,stimulus_Ins_LearningMobility_3_question_3131,274.6,827.5,1648.0
1623021,stimulus_Ins_LearningMobility_3_question_3131,274.9,827.5,1648.0
1623022,stimulus_Ins_LearningMobility_3_question_3131,275.3,827.4,1647.0
1623023,stimulus_Ins_LearningMobility_3_question_3131,275.6,827.3,1647.0
1623024,stimulus_Ins_LearningMobility_3_question_3131,275.5,827.2,1647.0
1623025,stimulus_Ins_LearningMobility_3_question_3131,275.3,827.4,1647.0
1623026,stimulus_Ins_LearningMobility_3_question_3131,275.1,827.8,1645.0
1623027,stimulus_Ins_LearningMobility_3_question_3131,275.0,828.1,1644.0
1623028,stimulus_Ins_LearningMobility_3_question_3131,275.1,828.1,1644.0
1623029,stimulus_Ins_LearningMobility_3_question_3131,275.1,828.0,1644.0
1623030,stimulus_Ins_LearningMobility_3_question_3131,275.3,828.9,1644.0
1623031,stimulus_Ins_LearningMobility_3_question_3131,275.5,829.9,1646.0
1623032,stimulus_Ins_LearningMobility_3_question_3131,275.6,830.7,1647.0
1623033,stimulus_Ins_LearningMobility_3_question_3131,275.0,830.2,1648.0
1623034,stimulus_Ins_LearningMobility_3_question_3131,274.4,829.6,1648.0
1623035,stimulus_Ins_LearningMobility_3_question_3131,273.9,829.3,1648.0
1623036,stimulus_Ins_LearningMobility_3_question_3131,273.9,829.2,1647.0
1623037,stimulus_Ins_LearningMobility_3_question_3131,274.0,829.3,1646.0
1623038,stimulus_Ins_LearningMobility_3_question_3131,274.4,828.9,1646.0
1623039,stimulus_Ins_LearningMobility_3_question_3131,274.9,828.5,1647.0
1623040,stimulus_Ins_LearningMobility_3_question_3131,274.7,828.3,1647.0
1623041,stimulus_Ins_LearningMobility_3_question_3131,274.0,828.5,1648.0
1623042,stimulus_Ins_LearningMobility_3_question_3131,273.5,828.9,1648.0
1623043,stimulus_Ins_LearningMobility_3_question_3131,273.6,829.2,1649.0
1623044,stimulus_Ins_LearningMobility_3_question_3131,274.1,829.5,1650.0
1623045,stimulus_Ins_LearningMobility_3_question_3131,274.5,829.7,1648.0
1623046,stimulus_Ins_LearningMobility_3_question_3131,274.2,829.8,1646.0
1623047,stimulus_Ins_LearningMobility_3_question_3131,273.7,829.8,1644.0
1623048,stimulus_Ins_LearningMobility_3_question_3131,273.2,829.7,1644.0
1623049,stimulus_Ins_LearningMobility_3_question_3131,273.7,829.9,1641.0
1623050,stimulus_Ins_LearningMobility_3_question_3131,274.2,830.0,1639.0
1623051,stimulus_Ins_LearningMobility_3_question_3131,274.2,829.9,1638.0
1623052,stimulus_Ins_LearningMobility_3_question_3131,273.9,829.7,1642.0
1623053,stimulus_Ins_LearningMobility_3_question_3131,273.6,829.4,1646.0
1623054,stimulus_Ins_LearningMobility_3_question_3131,273.8,829.2,1651.0
1623055,stimulus_Ins_LearningMobility_3_question_3131,274.0,829.5,1653.0
1623056,stimulus_Ins_LearningMobility_3_question_3131,274.3,830.0,1653.0
1623057,stimulus_Ins_LearningMobility_3_question_3131,274.4,830.5,1649.0
1623058,stimulus_Ins_LearningMobility_3_question_3131,274.4,830.6,1644.0
1623059,stimulus_Ins_LearningMobility_3_question_3131,274.4,830.5,1642.0
1623060,stimulus_Ins_LearningMobility_3_question_3131,274.6,830.3,1641.0
1623061,stimulus_Ins_LearningMobility_3_question_3131,274.7,830.1,1643.0
1623062,stimulus_Ins_LearningMobility_3_question_3131,274.6,829.5,1645.0
1623063,stimulus_Ins_LearningMobility_3_question_3131,274.0,829.1,1647.0
1623064,stimulus_Ins_LearningMobility_3_question_3131,273.5,829.2,1648.0
1623065,stimulus_Ins_LearningMobility_3_question_3131,273.3,829.7,1649.0
1623066,stimulus_Ins_LearningMobility_3_question_3131,273.3,829.7,1649.0
1623067,stimulus_Ins_LearningMobility_3_question_3131,273.3,829.1,1649.0
1623068,stimulus_Ins_LearningMobility_3_question_3131,273.5,829.3,1649.0
1623069,stimulus_Ins_LearningMobility_3_question_3131,273.8,830.3,1648.0
1623070,stimulus_Ins_LearningMobility_3_question_3131,274.1,831.2,1648.0
1623071,stimulus_Ins_LearningMobility_3_question_3131,273.9,831.2,1648.0
1623072,stimulus_Ins_LearningMobility_3_question_3131,273.5,830.8,1650.0
1623073,stimulus_Ins_LearningMobility_3_question_3131,273.2,830.4,1652.0
1623074,stimulus_Ins_LearningMobility_3_question_3131,273.2,830.2,1654.0
1623075,stimulus_Ins_LearningMobility_3_question_3131,273.2,830.6,1652.0
1623076,stimulus_Ins_LearningMobility_3_question_3131,273.2,831.3,1648.0
1623077,stimulus_Ins_LearningMobility_3_question_3131,273.2,832.0,1645.0
1623078,stimulus_Ins_LearningMobility_3_question_3131,273.2,831.8,1644.0
1623079,stimulus_Ins_LearningMobility_3_question_3131,273.2,831.3,1647.0
1623080,stimulus_Ins_LearningMobility_3_question_3131,273.3,830.7,1649.0
1623081,stimulus_Ins_LearningMobility_3_question_3131,273.3,830.5,1650.0
1623082,stimulus_Ins_LearningMobility_3_question_3131,273.4,830.4,1650.0
1623083,stimulus_Ins_LearningMobility_3_question_3131,273.4,830.5,1651.0
1623084,stimulus_Ins_LearningMobility_3_question_3131,273.5,830.8,1651.0
1623085,stimulus_Ins_LearningMobility_3_question_3131,273.6,830.7,1652.0
1623086,stimulus_Ins_LearningMobility_3_question_3131,273.6,830.3,1651.0
1623087,stimulus_Ins_LearningMobility_3_question_3131,273.6,829.8,1650.0
1623088,stimulus_Ins_LearningMobility_3_question_3131,273.5,829.8,1650.0
1623089,stimulus_Ins_LearningMobility_3_question_3131,273.5,830.2,1649.0
1623090,stimulus_Ins_LearningMobility_3_question_3131,273.4,830.8,1649.0
1623091,stimulus_Ins_LearningMobility_3_question_3131,273.4,831.7,1649.0
1623092,stimulus_Ins_LearningMobility_3_question_3131,273.4,832.0,1651.0
1623093,stimulus_Ins_LearningMobility_3_question_3131,273.3,832.4,1652.0
1623094,stimulus_Ins_LearningMobility_3_question_3131,273.3,832.6,1653.0
1623095,stimulus_Ins_LearningMobility_3_question_3131,273.3,832.8,1653.0
1623096,stimulus_Ins_LearningMobility_3_question_3131,273.4,832.6,1653.0
1623097,stimulus_Ins_LearningMobility_3_question_3131,273.3,831.8,1654.0
1623098,stimulus_Ins_LearningMobility_3_question_3131,273.2,830.9,1654.0
1623099,stimulus_Ins_LearningMobility_3_question_3131,273.1,830.3,1654.0
1623100,stimulus_Ins_LearningMobility_3_question_3131,273.1,830.4,1654.0
1623101,stimulus_Ins_LearningMobility_3_question_3131,273.1,830.6,1654.0
1623102,stimulus_Ins_LearningMobility_3_question_3131,272.9,830.9,1654.0
1623103,stimulus_Ins_LearningMobility_3_question_3131,272.8,831.0,1653.0
1623104,stimulus_Ins_LearningMobility_3_question_3131,272.7,830.9,1652.0
1623105,stimulus_Ins_LearningMobility_3_question_3131,272.8,830.8,1652.0
1623106,stimulus_Ins_LearningMobility_3_question_3131,272.9,830.9,1652.0
1623107,stimulus_Ins_LearningMobility_3_question_3131,272.9,830.9,1653.0
1623108,stimulus_Ins_LearningMobility_3_question_3131,272.9,830.9,1653.0
1623109,stimulus_Ins_LearningMobility_3_question_3131,273.2,830.8,1654.0
1623110,stimulus_Ins_LearningMobility_3_question_3131,273.6,831.2,1654.0
1623111,stimulus_Ins_LearningMobility_3_question_3131,273.8,831.7,1654.0
1623112,stimulus_Ins_LearningMobility_3_question_3131,273.8,832.2,1656.0
1623113,stimulus_Ins_LearningMobility_3_question_3131,273.7,832.2,1659.0
1623114,stimulus_Ins_LearningMobility_3_question_3131,273.7,832.3,1662.0
1623115,stimulus_Ins_LearningMobility_3_question_3131,273.7,832.3,1663.0
1623116,stimulus_Ins_LearningMobility_3_question_3131,273.5,832.1,1663.0
1623117,stimulus_Ins_LearningMobility_3_question_3131,273.1,831.9,1663.0
1623118,stimulus_Ins_LearningMobility_3_question_3131,272.8,831.7,1662.0
1623119,stimulus_Ins_LearningMobility_3_question_3131,273.3,831.7,1660.0
1623120,stimulus_Ins_LearningMobility_3_question_3131,273.8,831.4,1658.0
1623121,stimulus_Ins_LearningMobility_3_question_3131,274.2,831.0,1657.0
1623122,stimulus_Ins_LearningMobility_3_question_3131,274.1,830.7,1658.0
1623123,stimulus_Ins_LearningMobility_3_question_3131,274.2,830.8,1661.0
1623124,stimulus_Ins_LearningMobility_3_question_3131,274.4,830.9,1664.0
1623125,stimulus_Ins_LearningMobility_3_question_3131,274.5,830.9,1666.0
1623126,stimulus_Ins_LearningMobility_3_question_3131,274.4,830.9,1665.0
1623127,stimulus_Ins_LearningMobility_3_question_3131,274.5,830.8,1663.0
1623128,stimulus_Ins_LearningMobility_3_question_3131,274.5,830.7,1662.0
1623129,stimulus_Ins_LearningMobility_3_question_3131,274.6,830.8,1661.0
1623130,stimulus_Ins_LearningMobility_3_question_3131,274.5,831.1,1660.0
1623131,stimulus_Ins_LearningMobility_3_question_3131,274.3,831.4,1660.0
1623132,stimulus_Ins_LearningMobility_3_question_3131,274.1,831.6,1661.0
1623133,stimulus_Ins_LearningMobility_3_question_3131,274.0,831.8,1664.0
1623134,stimulus_Ins_LearningMobility_3_question_3131,274.1,832.0,1667.0
1623135,stimulus_Ins_LearningMobility_3_question_3131,274.2,832.1,1670.0
1623136,stimulus_Ins_LearningMobility_3_question_3131,273.8,831.9,1669.0
1623137,stimulus_Ins_LearningMobility_3_question_3131,273.3,831.7,1669.0
1623138,stimulus_Ins_LearningMobility_3_question_3131,272.9,831.5,1668.0
1623139,stimulus_Ins_LearningMobility_3_question_3131,272.9,831.4,1668.0
1623140,stimulus_Ins_LearningMobility_3_question_3131,272.9,831.7,1668.0
1623141,stimulus_Ins_LearningMobility_3_question_3131,272.9,832.0,1669.0
1623142,stimulus_Ins_LearningMobility_3_question_3131,273.0,832.2,1671.0
1623143,stimulus_Ins_LearningMobility_3_question_3131,273.2,832.0,1672.0
1623144,stimulus_Ins_LearningMobility_3_question_3131,273.3,831.6,1672.0
1623145,stimulus_Ins_LearningMobility_3_question_3131,273.0,831.4,1671.0
1623146,stimulus_Ins_LearningMobility_3_question_3131,272.8,831.2,1670.0
1623147,stimulus_Ins_LearningMobility_3_question_3131,272.7,831.2,1669.0
1623148,stimulus_Ins_LearningMobility_3_question_3131,273.0,831.5,1669.0
1623149,stimulus_Ins_LearningMobility_3_question_3131,273.3,831.8,1669.0
1623150,stimulus_Ins_LearningMobility_3_question_3131,273.4,832.1,1668.0
1623151,stimulus_Ins_LearningMobility_3_question_3131,273.3,831.9,1668.0
1623152,stimulus_Ins_LearningMobility_3_question_3131,273.1,831.5,1668.0
1623153,stimulus_Ins_LearningMobility_3_question_3131,273.2,831.1,1668.0
1623154,stimulus_Ins_LearningMobility_3_question_3131,273.3,831.1,1669.0
1623155,stimulus_Ins_LearningMobility_3_question_3131,273.0,831.2,1669.0
1623156,stimulus_Ins_LearningMobility_3_question_3131,272.5,831.3,1670.0
1623157,stimulus_Ins_LearningMobility_3_question_3131,272.4,831.4,1670.0
1623158,stimulus_Ins_LearningMobility_3_question_3131,272.7,831.6,1667.0
1623159,stimulus_Ins_LearningMobility_3_question_3131,273.1,831.2,1665.0
1623160,stimulus_Ins_LearningMobility_3_question_3131,272.8,830.7,1666.0
1623161,stimulus_Ins_LearningMobility_3_question_3131,272.3,830.4,1666.0
1623162,stimulus_Ins_LearningMobility_3_question_3131,271.9,830.6,1666.0
1623163,stimulus_Ins_LearningMobility_3_question_3131,271.7,831.0,1667.0
1623164,stimulus_Ins_LearningMobility_3_question_3131,271.6,831.1,1667.0
1623165,stimulus_Ins_LearningMobility_3_question_3131,271.3,831.2,1667.0
1623166,stimulus_Ins_LearningMobility_3_question_3131,271.1,830.7,1667.0
1623167,stimulus_Ins_LearningMobility_3_question_3131,270.8,830.0,1666.0
1623168,stimulus_Ins_LearningMobility_3_question_3131,270.7,829.3,1665.0
1623169,stimulus_Ins_LearningMobility_3_question_3131,271.1,828.9,1664.0
1623170,stimulus_Ins_LearningMobility_3_question_3131,271.7,828.7,1664.0
1623171,stimulus_Ins_LearningMobility_3_question_3131,272.4,829.2,1664.0
1623172,stimulus_Ins_LearningMobility_3_question_3131,272.6,829.8,1664.0
1623173,stimulus_Ins_LearningMobility_3_question_3131,272.7,830.3,1665.0
1623174,stimulus_Ins_LearningMobility_3_question_3131,272.6,830.4,1666.0
1623175,stimulus_Ins_LearningMobility_3_question_3131,272.5,830.5,1666.0
1623176,stimulus_Ins_LearningMobility_3_question_3131,272.5,830.6,1666.0
1623177,stimulus_Ins_LearningMobility_3_question_3131,272.4,830.6,1666.0
1623178,stimulus_Ins_LearningMobility_3_question_3131,272.2,830.6,1666.0
1623179,stimulus_Ins_LearningMobility_3_question_3131,272.1,830.6,1665.0
1623180,stimulus_Ins_LearningMobility_3_question_3131,272.3,830.6,1665.0
1623181,stimulus_Ins_LearningMobility_3_question_3131,272.6,830.6,1666.0
1623182,stimulus_Ins_LearningMobility_3_question_3131,272.8,830.7,1666.0
1623183,stimulus_Ins_LearningMobility_3_question_3131,272.4,830.4,1668.0
1623184,stimulus_Ins_LearningMobility_3_question_3131,272.0,830.1,1668.0
1623185,stimulus_Ins_LearningMobility_3_question_3131,271.7,829.7,1669.0
1623186,stimulus_Ins_LearningMobility_3_question_3131,271.5,829.5,1668.0
1623187,stimulus_Ins_LearningMobility_3_question_3131,271.2,830.3,1669.0
1623188,stimulus_Ins_LearningMobility_3_question_3131,271.3,831.3,1669.0
1623189,stimulus_Ins_LearningMobility_3_question_3131,271.8,832.3,1669.0
1623190,stimulus_Ins_LearningMobility_3_question_3131,272.2,832.3,1668.0
1623191,stimulus_Ins_LearningMobility_3_question_3131,272.1,832.3,1668.0
1623192,stimulus_Ins_LearningMobility_3_question_3131,272.0,832.1,1667.0
1623193,stimulus_Ins_LearningMobility_3_question_3131,271.9,831.7,1668.0
1623194,stimulus_Ins_LearningMobility_3_question_3131,271.9,831.3,1670.0
1623195,stimulus_Ins_LearningMobility_3_question_3131,272.0,831.0,1671.0
1623196,stimulus_Ins_LearningMobility_3_question_3131,272.0,830.8,1671.0
1623197,stimulus_Ins_LearningMobility_3_question_3131,272.0,830.6,1669.0
1623198,stimulus_Ins_LearningMobility_3_question_3131,271.9,830.3,1668.0
1623199,stimulus_Ins_LearningMobility_3_question_3131,271.8,829.9,1666.0
1623200,stimulus_Ins_LearningMobility_3_question_3131,271.7,829.8,1666.0
1623201,stimulus_Ins_LearningMobility_3_question_3131,271.6,829.7,1667.0
1623202,stimulus_Ins_LearningMobility_3_question_3131,271.7,829.8,1668.0
1623203,stimulus_Ins_LearningMobility_3_question_3131,271.3,830.1,1670.0
1623204,stimulus_Ins_LearningMobility_3_question_3131,270.8,830.5,1670.0
1623205,stimulus_Ins_LearningMobility_3_question_3131,270.3,830.7,1670.0
1623206,stimulus_Ins_LearningMobility_3_question_3131,270.1,830.8,1670.0
1623207,stimulus_Ins_LearningMobility_3_question_3131,270.4,831.8,1669.0
1623208,stimulus_Ins_LearningMobility_3_question_3131,270.6,832.8,1669.0
1623209,stimulus_Ins_LearningMobility_3_question_3131,271.9,833.6,1669.0
1623210,stimulus_Ins_LearningMobility_3_question_3131,273.3,833.2,1672.0
1623211,stimulus_Ins_LearningMobility_3_question_3131,276.1,832.8,1674.0
1623212,stimulus_Ins_LearningMobility_3_question_3131,279.2,832.5,1675.0
1623213,stimulus_Ins_LearningMobility_3_question_3131,284.4,832.0,1673.0
1623214,stimulus_Ins_LearningMobility_3_question_3131,289.9,830.8,1672.0
1623215,stimulus_Ins_LearningMobility_3_question_3131,296.4,829.6,1673.0
1623216,stimulus_Ins_LearningMobility_3_question_3131,301.9,828.4,1673.0
1623217,stimulus_Ins_LearningMobility_3_question_3131,308.3,828.0,1671.0
1623218,stimulus_Ins_LearningMobility_3_question_3131,314.6,827.1,1669.0
1623219,stimulus_Ins_LearningMobility_3_question_3131,321.6,826.3,1668.0
1623220,stimulus_Ins_LearningMobility_3_question_3131,328.6,825.3,1668.0
1623221,stimulus_Ins_LearningMobility_3_question_3131,335.4,824.1,1667.0
1623222,stimulus_Ins_LearningMobility_3_question_3131,341.8,823.1,1667.0
1623223,stimulus_Ins_LearningMobility_3_question_3131,346.3,822.1,1666.0
1623224,stimulus_Ins_LearningMobility_3_question_3131,349.4,821.7,1665.0
1623225,stimulus_Ins_LearningMobility_3_question_3131,350.7,820.4,1664.0
1623226,stimulus_Ins_LearningMobility_3_question_3131,351.5,819.3,1662.0
1623227,stimulus_Ins_LearningMobility_3_question_3131,353.1,818.6,1661.0
1623228,stimulus_Ins_LearningMobility_3_question_3131,356.0,818.6,1660.0
1623229,stimulus_Ins_LearningMobility_3_question_3131,359.9,818.4,1661.0
1623230,stimulus_Ins_LearningMobility_3_question_3131,363.5,818.1,1660.0
1623231,stimulus_Ins_LearningMobility_3_question_3131,366.6,817.8,1658.0
1623232,stimulus_Ins_LearningMobility_3_question_3131,369.1,817.6,1656.0
1623233,stimulus_Ins_LearningMobility_3_question_3131,370.7,817.5,1655.0
1623234,stimulus_Ins_LearningMobility_3_question_3131,371.8,816.3,1653.0
1623235,stimulus_Ins_LearningMobility_3_question_3131,372.9,815.1,1653.0
1623236,stimulus_Ins_LearningMobility_3_question_3131,373.7,814.0,1651.0
1623237,stimulus_Ins_LearningMobility_3_question_3131,374.8,813.8,1651.0
1623238,stimulus_Ins_LearningMobility_3_question_3131,375.4,813.5,1650.0
1623239,stimulus_Ins_LearningMobility_3_question_3131,376.1,813.8,1650.0
1623240,stimulus_Ins_LearningMobility_3_question_3131,376.5,814.3,1648.0
1623241,stimulus_Ins_LearningMobility_3_question_3131,377.0,814.7,1647.0
1623242,stimulus_Ins_LearningMobility_3_question_3131,378.0,814.7,1649.0
1623243,stimulus_Ins_LearningMobility_3_question_3131,378.6,814.4,1651.0
1623244,stimulus_Ins_LearningMobility_3_question_3131,379.2,814.1,1654.0
1623245,stimulus_Ins_LearningMobility_3_question_3131,379.1,813.9,1654.0
1623246,stimulus_Ins_LearningMobility_3_question_3131,379.1,814.2,1654.0
1623247,stimulus_Ins_LearningMobility_3_question_3131,379.5,814.5,1655.0
1623248,stimulus_Ins_LearningMobility_3_question_3131,380.0,815.0,1651.0
1623249,stimulus_Ins_LearningMobility_3_question_3131,380.6,815.3,1648.0
1623250,stimulus_Ins_LearningMobility_3_question_3131,380.8,815.5,1645.0
1623251,stimulus_Ins_LearningMobility_3_question_3131,380.9,815.6,1645.0
1623252,stimulus_Ins_LearningMobility_3_question_3131,381.0,815.7,1646.0
1623253,stimulus_Ins_LearningMobility_3_question_3131,381.0,815.9,1646.0
1623254,stimulus_Ins_LearningMobility_3_question_3131,381.0,815.9,1645.0
1623255,stimulus_Ins_LearningMobility_3_question_3131,380.8,815.9,1646.0
1623256,stimulus_Ins_LearningMobility_3_question_3131,380.6,815.9,1648.0
1623257,stimulus_Ins_LearningMobility_3_question_3131,380.3,816.0,1649.0
1623258,stimulus_Ins_LearningMobility_3_question_3131,380.3,816.4,1648.0
1623259,stimulus_Ins_LearningMobility_3_question_3131,380.3,817.0,1647.0
1623260,stimulus_Ins_LearningMobility_3_question_3131,380.3,817.5,1647.0
1623261,stimulus_Ins_LearningMobility_3_question_3131,380.4,817.3,1647.0
1623262,stimulus_Ins_LearningMobility_3_question_3131,380.0,816.8,1647.0
1623263,stimulus_Ins_LearningMobility_3_question_3131,379.6,816.3,1648.0
1623264,stimulus_Ins_LearningMobility_3_question_3131,379.3,816.2,1649.0
1623265,stimulus_Ins_LearningMobility_3_question_3131,379.3,816.2,1648.0
1623266,stimulus_Ins_LearningMobility_3_question_3131,379.3,816.2,1646.0
1623267,stimulus_Ins_LearningMobility_3_question_3131,379.2,816.2,1644.0
1623268,stimulus_Ins_LearningMobility_3_question_3131,378.8,816.3,1643.0
1623269,stimulus_Ins_LearningMobility_3_question_3131,378.4,816.4,1641.0
1623270,stimulus_Ins_LearningMobility_3_question_3131,378.4,816.4,1639.0
1623271,stimulus_Ins_LearningMobility_3_question_3131,378.6,816.3,1639.0
1623272,stimulus_Ins_LearningMobility_3_question_3131,379.0,816.3,1641.0
1623273,stimulus_Ins_LearningMobility_3_question_3131,379.1,816.4,1642.0
1623274,stimulus_Ins_LearningMobility_3_question_3131,379.2,816.6,1644.0
1623275,stimulus_Ins_LearningMobility_3_question_3131,379.3,816.7,1646.0
1623276,stimulus_Ins_LearningMobility_3_question_3131,379.4,816.7,1647.0
1623277,stimulus_Ins_LearningMobility_3_question_3131,379.2,817.4,1646.0
1623278,stimulus_Ins_LearningMobility_3_question_3131,379.1,818.0,1643.0
1623279,stimulus_Ins_LearningMobility_3_question_3131,379.1,818.5,1641.0
1623280,stimulus_Ins_LearningMobility_3_question_3131,379.1,818.3,1642.0
1623281,stimulus_Ins_LearningMobility_3_question_3131,379.1,818.2,1645.0
1623282,stimulus_Ins_LearningMobility_3_question_3131,379.2,818.5,1647.0
1623283,stimulus_Ins_LearningMobility_3_question_3131,379.2,818.9,1646.0
1623284,stimulus_Ins_LearningMobility_3_question_3131,379.3,819.1,1645.0
1623285,stimulus_Ins_LearningMobility_3_question_3131,379.4,819.1,1645.0
1623286,stimulus_Ins_LearningMobility_3_question_3131,379.6,819.0,1645.0
1623287,stimulus_Ins_LearningMobility_3_question_3131,379.7,819.0,1645.0
1623288,stimulus_Ins_LearningMobility_3_question_3131,379.7,819.1,1645.0
1623289,stimulus_Ins_LearningMobility_3_question_3131,379.7,819.4,1643.0
1623290,stimulus_Ins_LearningMobility_3_question_3131,379.4,819.8,1641.0
1623291,stimulus_Ins_LearningMobility_3_question_3131,379.0,820.1,1641.0
1623292,stimulus_Ins_LearningMobility_3_question_3131,378.5,820.1,1643.0
1623293,stimulus_Ins_LearningMobility_3_question_3131,378.4,820.0,1646.0
1623294,stimulus_Ins_LearningMobility_3_question_3131,378.6,819.9,1646.0
1623295,stimulus_Ins_LearningMobility_3_question_3131,378.7,819.7,1646.0
1623296,stimulus_Ins_LearningMobility_3_question_3131,378.6,819.4,1645.0
1623297,stimulus_Ins_LearningMobility_3_question_3131,378.4,819.0,1645.0
1623298,stimulus_Ins_LearningMobility_3_question_3131,378.8,818.7,1645.0
1623299,stimulus_Ins_LearningMobility_3_question_3131,379.4,818.9,1643.0
1623300,stimulus_Ins_LearningMobility_3_question_3131,379.5,819.3,1641.0
1623301,stimulus_Ins_LearningMobility_3_question_3131,379.1,819.6,1640.0
1623302,stimulus_Ins_LearningMobility_3_question_3131,378.7,819.6,1641.0
1623303,stimulus_Ins_LearningMobility_3_question_3131,378.7,819.6,1642.0
1623304,stimulus_Ins_LearningMobility_3_question_3131,378.7,819.4,1643.0
1623305,stimulus_Ins_LearningMobility_3_question_3131,378.2,819.0,1642.0
1623306,stimulus_Ins_LearningMobility_3_question_3131,377.7,818.7,1642.0
1623307,stimulus_Ins_LearningMobility_3_question_3131,377.1,818.7,1640.0
1623308,stimulus_Ins_LearningMobility_3_question_3131,377.0,818.8,1638.0
1623309,stimulus_Ins_LearningMobility_3_question_3131,376.9,818.8,1637.0
1623310,stimulus_Ins_LearningMobility_3_question_3131,376.6,818.9,1637.0
1623311,stimulus_Ins_LearningMobility_3_question_3131,376.3,819.0,1637.0
1623312,stimulus_Ins_LearningMobility_3_question_3131,375.8,819.1,1637.0
1623313,stimulus_Ins_LearningMobility_3_question_3131,375.3,819.1,1637.0
1623314,stimulus_Ins_LearningMobility_3_question_3131,375.0,819.1,1637.0
1623315,stimulus_Ins_LearningMobility_3_question_3131,375.1,819.2,1637.0
1623316,stimulus_Ins_LearningMobility_3_question_3131,375.2,819.1,1636.0
1623317,stimulus_Ins_LearningMobility_3_question_3131,375.3,818.8,1633.0
1623318,stimulus_Ins_LearningMobility_3_question_3131,375.3,818.6,1630.0
1623319,stimulus_Ins_LearningMobility_3_question_3131,375.4,818.6,1631.0
1623320,stimulus_Ins_LearningMobility_3_question_3131,375.4,818.5,1633.0
1623321,stimulus_Ins_LearningMobility_3_question_3131,375.4,818.5,1636.0
1623322,stimulus_Ins_LearningMobility_3_question_3131,375.5,818.4,1636.0
1623323,stimulus_Ins_LearningMobility_3_question_3131,375.4,818.6,1637.0
1623324,stimulus_Ins_LearningMobility_3_question_3131,375.3,819.2,1637.0
1623325,stimulus_Ins_LearningMobility_3_question_3131,375.2,819.9,1637.0
1623326,stimulus_Ins_LearningMobility_3_question_3131,374.9,820.3,1635.0
1623327,stimulus_Ins_LearningMobility_3_question_3131,374.5,820.3,1635.0
1623328,stimulus_Ins_LearningMobility_3_question_3131,374.8,820.4,1635.0
1623329,stimulus_Ins_LearningMobility_3_question_3131,375.2,820.2,1635.0
1623330,stimulus_Ins_LearningMobility_3_question_3131,375.7,819.9,1636.0
1623331,stimulus_Ins_LearningMobility_3_question_3131,375.6,819.5,1635.0
1623332,stimulus_Ins_LearningMobility_3_question_3131,375.8,820.0,1636.0
1623333,stimulus_Ins_LearningMobility_3_question_3131,376.0,820.8,1636.0
1623334,stimulus_Ins_LearningMobility_3_question_3131,376.2,821.2,1636.0
1623335,stimulus_Ins_LearningMobility_3_question_3131,376.4,820.8,1635.0
1623336,stimulus_Ins_LearningMobility_3_question_3131,376.0,820.6,1635.0
1623337,stimulus_Ins_LearningMobility_3_question_3131,375.7,820.9,1635.0
1623338,stimulus_Ins_LearningMobility_3_question_3131,375.7,821.4,1636.0
1623339,stimulus_Ins_LearningMobility_3_question_3131,376.0,821.9,1636.0
1623340,stimulus_Ins_LearningMobility_3_question_3131,376.2,822.5,1636.0
1623341,stimulus_Ins_LearningMobility_3_question_3131,376.1,822.8,1636.0
1623342,stimulus_Ins_LearningMobility_3_question_3131,375.9,823.1,1637.0
1623343,stimulus_Ins_LearningMobility_3_question_3131,376.0,823.1,1638.0
1623344,stimulus_Ins_LearningMobility_3_question_3131,375.7,823.2,1640.0
1623345,stimulus_Ins_LearningMobility_3_question_3131,375.3,823.2,1640.0
1623346,stimulus_Ins_LearningMobility_3_question_3131,375.0,823.1,1640.0
1623347,stimulus_Ins_LearningMobility_3_question_3131,375.3,823.1,1640.0
1623348,stimulus_Ins_LearningMobility_3_question_3131,376.0,822.8,1640.0
1623349,stimulus_Ins_LearningMobility_3_question_3131,376.7,822.6,1640.0
1623350,stimulus_Ins_LearningMobility_3_question_3131,377.0,822.4,1639.0
1623351,stimulus_Ins_LearningMobility_3_question_3131,377.1,823.1,1639.0
1623352,stimulus_Ins_LearningMobility_3_question_3131,377.1,823.8,1638.0
1623353,stimulus_Ins_LearningMobility_3_question_3131,376.8,824.2,1638.0
1623354,stimulus_Ins_LearningMobility_3_question_3131,376.5,823.6,1638.0
1623355,stimulus_Ins_LearningMobility_3_question_3131,376.2,823.1,1637.0
1623356,stimulus_Ins_LearningMobility_3_question_3131,376.2,822.4,1636.0
1623357,stimulus_Ins_LearningMobility_3_question_3131,376.2,821.9,1634.0
1623358,stimulus_Ins_LearningMobility_3_question_3131,376.2,821.3,1634.0
1623359,stimulus_Ins_LearningMobility_3_question_3131,376.0,821.3,1632.0
1623360,stimulus_Ins_LearningMobility_3_question_3131,375.9,821.6,1629.0
1623361,stimulus_Ins_LearningMobility_3_question_3131,375.6,822.0,1627.0
1623362,stimulus_Ins_LearningMobility_3_question_3131,375.5,822.3,1628.0
1623363,stimulus_Ins_LearningMobility_3_question_3131,375.9,822.2,1628.0
1623364,stimulus_Ins_LearningMobility_3_question_3131,376.4,822.4,1627.0
1623365,stimulus_Ins_LearningMobility_3_question_3131,377.0,822.7,1628.0
1623366,stimulus_Ins_LearningMobility_3_question_3131,376.9,823.1,1630.0
1623367,stimulus_Ins_LearningMobility_3_question_3131,376.9,823.2,1630.0
1623368,stimulus_Ins_LearningMobility_3_question_3131,376.8,823.4,1627.0
1623369,stimulus_Ins_LearningMobility_3_question_3131,377.0,823.6,1625.0
1623370,stimulus_Ins_LearningMobility_3_question_3131,377.2,823.8,1624.0
1623371,stimulus_Ins_LearningMobility_3_question_3131,377.7,823.8,1625.0
1623372,stimulus_Ins_LearningMobility_3_question_3131,378.0,823.7,1625.0
1623373,stimulus_Ins_LearningMobility_3_question_3131,378.2,823.1,1626.0
1623374,stimulus_Ins_LearningMobility_3_question_3131,378.1,822.4,1627.0
1623375,stimulus_Ins_LearningMobility_3_question_3131,377.9,821.9,1628.0
1623376,stimulus_Ins_LearningMobility_3_question_3131,377.5,821.8,1628.0
1623377,stimulus_Ins_LearningMobility_3_question_3131,377.2,822.5,1627.0
1623378,stimulus_Ins_LearningMobility_3_question_3131,376.9,822.9,1626.0
1623379,stimulus_Ins_LearningMobility_3_question_3131,376.9,823.0,1626.0
1623380,stimulus_Ins_LearningMobility_3_question_3131,377.0,822.2,1624.0
1623381,stimulus_Ins_LearningMobility_3_question_3131,377.0,821.8,1623.0
1623382,stimulus_Ins_LearningMobility_3_question_3131,376.4,821.1,1623.0
1623383,stimulus_Ins_LearningMobility_3_question_3131,375.7,820.7,1624.0
1623384,stimulus_Ins_LearningMobility_3_question_3131,374.8,820.3,1626.0
1623385,stimulus_Ins_LearningMobility_3_question_3131,374.6,820.3,1625.0
1623386,stimulus_Ins_LearningMobility_3_question_3131,374.5,821.4,1625.0
1623387,stimulus_Ins_LearningMobility_3_question_3131,374.5,822.5,1623.0
1623388,stimulus_Ins_LearningMobility_3_question_3131,374.5,823.6,1622.0
1623389,stimulus_Ins_LearningMobility_3_question_3131,374.6,823.4,1622.0
1623390,stimulus_Ins_LearningMobility_3_question_3131,374.7,823.4,1625.0
1623391,stimulus_Ins_LearningMobility_3_question_3131,374.7,823.5,1627.0
1623392,stimulus_Ins_LearningMobility_3_question_3131,374.7,823.6,1627.0
1623393,stimulus_Ins_LearningMobility_3_question_3131,374.6,823.5,1628.0
1623394,stimulus_Ins_LearningMobility_3_question_3131,374.4,823.5,1629.0
1623395,stimulus_Ins_LearningMobility_3_question_3131,374.3,823.5,1631.0
1623396,stimulus_Ins_LearningMobility_3_question_3131,374.2,823.7,1632.0
1623397,stimulus_Ins_LearningMobility_3_question_3131,374.1,823.8,1630.0
1623398,stimulus_Ins_LearningMobility_3_question_3131,374.0,823.9,1629.0
1623399,stimulus_Ins_LearningMobility_3_question_3131,374.2,824.1,1627.0
1623400,stimulus_Ins_LearningMobility_3_question_3131,374.6,824.2,1627.0
1623401,stimulus_Ins_LearningMobility_3_question_3131,375.0,824.3,1629.0
1623402,stimulus_Ins_LearningMobility_3_question_3131,375.1,824.3,1630.0
1623403,stimulus_Ins_LearningMobility_3_question_3131,375.0,824.1,1631.0
1623404,stimulus_Ins_LearningMobility_3_question_3131,374.9,824.0,1632.0
1623405,stimulus_Ins_LearningMobility_3_question_3131,374.8,824.0,1634.0
1623406,stimulus_Ins_LearningMobility_3_question_3131,374.9,824.3,1635.0
1623407,stimulus_Ins_LearningMobility_3_question_3131,375.0,824.5,1635.0
1623408,stimulus_Ins_LearningMobility_3_question_3131,375.0,824.5,1634.0
1623409,stimulus_Ins_LearningMobility_3_question_3131,375.0,824.6,1633.0
1623410,stimulus_Ins_LearningMobility_3_question_3131,375.4,824.7,1632.0
1623411,stimulus_Ins_LearningMobility_3_question_3131,375.8,824.7,1632.0
1623412,stimulus_Ins_LearningMobility_3_question_3131,376.2,824.6,1631.0
1623413,stimulus_Ins_LearningMobility_3_question_3131,375.9,824.5,1632.0
1623414,stimulus_Ins_LearningMobility_3_question_3131,375.6,824.6,1634.0
1623415,stimulus_Ins_LearningMobility_3_question_3131,375.4,824.9,1636.0
1623416,stimulus_Ins_LearningMobility_3_question_3131,375.4,825.0,1637.0
1623417,stimulus_Ins_LearningMobility_3_question_3131,375.5,825.0,1637.0
1623418,stimulus_Ins_LearningMobility_3_question_3131,375.5,824.9,1635.0
1623419,stimulus_Ins_LearningMobility_3_question_3131,375.6,824.9,1634.0
1623420,stimulus_Ins_LearningMobility_3_question_3131,375.7,824.9,1634.0
1623421,stimulus_Ins_LearningMobility_3_question_3131,375.5,824.9,1634.0
1623422,stimulus_Ins_LearningMobility_3_question_3131,375.3,824.8,1635.0
1623423,stimulus_Ins_LearningMobility_3_question_3131,375.4,824.7,1635.0
1623424,stimulus_Ins_LearningMobility_3_question_3131,375.7,824.7,1635.0
1623425,stimulus_Ins_LearningMobility_3_question_3131,375.8,824.4,1635.0
1623426,stimulus_Ins_LearningMobility_3_question_3131,375.7,824.1,1636.0
1623427,stimulus_Ins_LearningMobility_3_question_3131,375.6,824.4,1636.0
1623428,stimulus_Ins_LearningMobility_3_question_3131,375.6,825.1,1632.0
1623429,stimulus_Ins_LearningMobility_3_question_3131,375.6,825.7,1628.0
1623430,stimulus_Ins_LearningMobility_3_question_3131,375.6,825.5,1625.0
1623431,stimulus_Ins_LearningMobility_3_question_3131,375.2,824.9,1625.0
1623432,stimulus_Ins_LearningMobility_3_question_3131,374.9,824.4,1624.0
1623433,stimulus_Ins_LearningMobility_3_question_3131,374.7,824.1,1626.0
1623434,stimulus_Ins_LearningMobility_3_question_3131,375.0,824.6,1628.0
1623435,stimulus_Ins_LearningMobility_3_question_3131,375.3,825.2,1629.0
1623436,stimulus_Ins_LearningMobility_3_question_3131,375.1,825.5,1627.0
1623437,stimulus_Ins_LearningMobility_3_question_3131,374.9,825.5,1626.0
1623438,stimulus_Ins_LearningMobility_3_question_3131,374.6,825.5,1624.0
1623439,stimulus_Ins_LearningMobility_3_question_3131,374.7,825.4,1623.0
1623440,stimulus_Ins_LearningMobility_3_question_3131,374.4,825.1,1624.0
1623441,stimulus_Ins_LearningMobility_3_question_3131,374.1,824.8,1627.0
1623442,stimulus_Ins_LearningMobility_3_question_3131,373.7,824.4,1629.0
1623443,stimulus_Ins_LearningMobility_3_question_3131,373.5,824.5,1630.0
1623444,stimulus_Ins_LearningMobility_3_question_3131,373.4,824.5,1630.0
1623445,stimulus_Ins_LearningMobility_3_question_3131,373.4,824.6,1629.0
1623446,stimulus_Ins_LearningMobility_3_question_3131,373.5,824.6,1628.0
1623447,stimulus_Ins_LearningMobility_3_question_3131,373.9,824.6,1627.0
1623448,stimulus_Ins_LearningMobility_3_question_3131,374.2,824.5,1627.0
1623449,stimulus_Ins_LearningMobility_3_question_3131,374.4,824.3,1627.0
1623450,stimulus_Ins_LearningMobility_3_question_3131,374.5,824.4,1627.0
1623451,stimulus_Ins_LearningMobility_3_question_3131,374.5,824.4,1628.0
1623452,stimulus_Ins_LearningMobility_3_question_3131,374.5,824.5,1630.0
1623453,stimulus_Ins_LearningMobility_3_question_3131,374.6,824.4,1630.0
1623454,stimulus_Ins_LearningMobility_3_question_3131,374.6,824.5,1629.0
1623455,stimulus_Ins_LearningMobility_3_question_3131,374.6,824.4,1628.0
1623456,stimulus_Ins_LearningMobility_3_question_3131,374.6,824.4,1628.0
1623457,stimulus_Ins_LearningMobility_3_question_3131,374.3,824.3,1627.0
1623458,stimulus_Ins_LearningMobility_3_question_3131,373.8,824.2,1627.0
1623459,stimulus_Ins_LearningMobility_3_question_3131,373.4,824.2,1627.0
1623460,stimulus_Ins_LearningMobility_3_question_3131,373.2,824.3,1628.0
1623461,stimulus_Ins_LearningMobility_3_question_3131,373.3,824.4,1629.0
1623462,stimulus_Ins_LearningMobility_3_question_3131,373.5,824.5,1630.0
1623463,stimulus_Ins_LearningMobility_3_question_3131,373.7,824.6,1630.0
1623464,stimulus_Ins_LearningMobility_3_question_3131,373.9,824.6,1631.0
1623465,stimulus_Ins_LearningMobility_3_question_3131,374.0,824.6,1632.0
1623466,stimulus_Ins_LearningMobility_3_question_3131,373.9,824.5,1632.0
1623467,stimulus_Ins_LearningMobility_3_question_3131,373.9,824.6,1632.0
1623468,stimulus_Ins_LearningMobility_3_question_3131,373.9,824.7,1631.0
1623469,stimulus_Ins_LearningMobility_3_question_3131,373.9,824.8,1630.0
1623470,stimulus_Ins_LearningMobility_3_question_3131,373.7,824.9,1628.0
1623471,stimulus_Ins_LearningMobility_3_question_3131,373.5,824.5,1629.0
1623472,stimulus_Ins_LearningMobility_3_question_3131,373.4,824.1,1630.0
1623473,stimulus_Ins_LearningMobility_3_question_3131,373.9,823.9,1634.0
1623474,stimulus_Ins_LearningMobility_3_question_3131,374.5,824.1,1637.0
1623475,stimulus_Ins_LearningMobility_3_question_3131,375.1,824.4,1638.0
1623476,stimulus_Ins_LearningMobility_3_question_3131,375.1,824.6,1634.0
1623477,stimulus_Ins_LearningMobility_3_question_3131,374.6,824.6,1631.0
1623478,stimulus_Ins_LearningMobility_3_question_3131,374.1,824.7,1629.0
1623479,stimulus_Ins_LearningMobility_3_question_3131,373.3,824.8,1628.0
1623480,stimulus_Ins_LearningMobility_3_question_3131,373.0,824.9,1627.0
1623481,stimulus_Ins_LearningMobility_3_question_3131,372.8,824.7,1627.0
1623482,stimulus_Ins_LearningMobility_3_question_3131,372.8,824.4,1631.0
1623483,stimulus_Ins_LearningMobility_3_question_3131,372.7,824.3,1635.0
1623484,stimulus_Ins_LearningMobility_3_question_3131,372.7,824.4,1639.0
1623485,stimulus_Ins_LearningMobility_3_question_3131,372.6,824.6,1639.0
1623486,stimulus_Ins_LearningMobility_3_question_3131,372.6,824.7,1637.0
1623487,stimulus_Ins_LearningMobility_3_question_3131,372.6,824.8,1634.0
1623488,stimulus_Ins_LearningMobility_3_question_3131,372.4,824.8,1633.0
1623489,stimulus_Ins_LearningMobility_3_question_3131,372.3,824.8,1633.0
1623490,stimulus_Ins_LearningMobility_3_question_3131,372.2,824.6,1634.0
1623491,stimulus_Ins_LearningMobility_3_question_3131,372.3,824.4,1636.0
1623492,stimulus_Ins_LearningMobility_3_question_3131,372.3,824.1,1639.0
1623493,stimulus_Ins_LearningMobility_3_question_3131,372.8,824.0,1640.0
1623494,stimulus_Ins_LearningMobility_3_question_3131,373.2,824.5,1639.0
1623495,stimulus_Ins_LearningMobility_3_question_3131,373.0,825.1,1638.0
1623496,stimulus_Ins_LearningMobility_3_question_3131,372.4,825.7,1637.0
1623497,stimulus_Ins_LearningMobility_3_question_3131,372.0,825.7,1635.0
1623498,stimulus_Ins_LearningMobility_3_question_3131,372.6,825.8,1634.0
1623499,stimulus_Ins_LearningMobility_3_question_3131,373.2,826.0,1632.0
1623500,stimulus_Ins_LearningMobility_3_question_3131,373.5,825.7,1631.0
1623501,stimulus_Ins_LearningMobility_3_question_3131,372.9,825.2,1632.0
1623502,stimulus_Ins_LearningMobility_3_question_3131,372.4,824.5,1635.0
1623503,stimulus_Ins_LearningMobility_3_question_3131,372.1,824.4,1637.0
1623504,stimulus_Ins_LearningMobility_3_question_3131,373.2,824.3,1639.0
1623505,stimulus_Ins_LearningMobility_3_question_3131,374.2,824.4,1639.0
1623506,stimulus_Ins_LearningMobility_3_question_3131,374.6,824.4,1640.0
1623507,stimulus_Ins_LearningMobility_3_question_3131,373.8,824.4,1640.0
1623508,stimulus_Ins_LearningMobility_3_question_3131,373.1,824.4,1641.0
1623509,stimulus_Ins_LearningMobility_3_question_3131,373.0,824.7,1641.0
1623510,stimulus_Ins_LearningMobility_3_question_3131,373.3,824.9,1641.0
1623511,stimulus_Ins_LearningMobility_3_question_3131,373.7,825.1,1641.0
1623512,stimulus_Ins_LearningMobility_3_question_3131,374.2,824.7,1641.0
1623513,stimulus_Ins_LearningMobility_3_question_3131,374.5,824.5,1640.0
1623514,stimulus_Ins_LearningMobility_3_question_3131,375.8,824.5,1640.0
1623515,stimulus_Ins_LearningMobility_3_question_3131,378.6,825.0,1641.0
1623516,stimulus_Ins_LearningMobility_3_question_3131,382.5,825.4,1641.0
1623517,stimulus_Ins_LearningMobility_3_question_3131,386.1,826.0,1642.0
1623518,stimulus_Ins_LearningMobility_3_question_3131,389.9,826.2,1642.0
1623519,stimulus_Ins_LearningMobility_3_question_3131,395.2,826.4,1641.0
1623520,stimulus_Ins_LearningMobility_3_question_3131,401.8,826.2,1641.0
1623521,stimulus_Ins_LearningMobility_3_question_3131,408.3,825.5,1644.0
1623522,stimulus_Ins_LearningMobility_3_question_3131,414.9,824.6,1650.0
1623523,stimulus_Ins_LearningMobility_3_question_3131,422.5,823.1,1656.0
1623524,stimulus_Ins_LearningMobility_3_question_3131,432.9,822.3,1658.0
1623525,stimulus_Ins_LearningMobility_3_question_3131,443.3,821.6,1657.0
1623526,stimulus_Ins_LearningMobility_3_question_3131,453.3,821.5,1656.0
1623527,stimulus_Ins_LearningMobility_3_question_3131,462.1,821.5,1656.0
1623528,stimulus_Ins_LearningMobility_3_question_3131,470.1,821.2,1658.0
1623529,stimulus_Ins_LearningMobility_3_question_3131,477.4,820.8,1660.0
1623530,stimulus_Ins_LearningMobility_3_question_3131,483.1,820.2,1660.0
1623531,stimulus_Ins_LearningMobility_3_question_3131,488.4,818.7,1658.0
1623532,stimulus_Ins_LearningMobility_3_question_3131,493.0,816.3,1655.0
1623533,stimulus_Ins_LearningMobility_3_question_3131,496.3,813.0,1653.0
1623534,stimulus_Ins_LearningMobility_3_question_3131,500.5,810.7,1653.0
1623535,stimulus_Ins_LearningMobility_3_question_3131,505.9,809.5,1654.0
1623536,stimulus_Ins_LearningMobility_3_question_3131,512.8,809.5,1655.0
1623537,stimulus_Ins_LearningMobility_3_question_3131,519.0,809.5,1650.0
1623538,stimulus_Ins_LearningMobility_3_question_3131,525.2,809.2,1646.0
1623539,stimulus_Ins_LearningMobility_3_question_3131,530.5,808.5,1643.0
1623540,stimulus_Ins_LearningMobility_3_question_3131,535.6,807.9,1643.0
1623541,stimulus_Ins_LearningMobility_3_question_3131,538.3,807.7,1644.0
1623542,stimulus_Ins_LearningMobility_3_question_3131,541.0,807.7,1644.0
1623543,stimulus_Ins_LearningMobility_3_question_3131,542.2,807.5,1644.0
1623544,stimulus_Ins_LearningMobility_3_question_3131,543.7,807.2,1646.0
1623545,stimulus_Ins_LearningMobility_3_question_3131,544.9,806.6,1648.0
1623546,stimulus_Ins_LearningMobility_3_question_3131,546.5,805.7,1650.0
1623547,stimulus_Ins_LearningMobility_3_question_3131,548.0,804.9,1651.0
1623548,stimulus_Ins_LearningMobility_3_question_3131,549.2,804.4,1651.0
1623549,stimulus_Ins_LearningMobility_3_question_3131,549.8,804.2,1652.0
1623550,stimulus_Ins_LearningMobility_3_question_3131,550.5,803.5,1652.0
1623551,stimulus_Ins_LearningMobility_3_question_3131,551.5,802.9,1653.0
1623552,stimulus_Ins_LearningMobility_3_question_3131,552.2,802.3,1651.0
1623553,stimulus_Ins_LearningMobility_3_question_3131,552.5,802.2,1650.0
1623554,stimulus_Ins_LearningMobility_3_question_3131,552.3,802.1,1652.0
1623555,stimulus_Ins_LearningMobility_3_question_3131,552.0,801.9,1654.0
1623556,stimulus_Ins_LearningMobility_3_question_3131,551.7,801.8,1655.0
1623557,stimulus_Ins_LearningMobility_3_question_3131,551.4,801.9,1653.0
1623558,stimulus_Ins_LearningMobility_3_question_3131,552.2,802.1,1651.0
1623559,stimulus_Ins_LearningMobility_3_question_3131,553.5,802.4,1652.0
1623560,stimulus_Ins_LearningMobility_3_question_3131,554.8,802.4,1652.0
1623561,stimulus_Ins_LearningMobility_3_question_3131,555.0,802.4,1654.0
1623562,stimulus_Ins_LearningMobility_3_question_3131,555.3,802.4,1655.0
1623563,stimulus_Ins_LearningMobility_3_question_3131,555.6,802.3,1657.0
1623564,stimulus_Ins_LearningMobility_3_question_3131,556.1,802.5,1658.0
1623565,stimulus_Ins_LearningMobility_3_question_3131,556.6,802.9,1660.0
1623566,stimulus_Ins_LearningMobility_3_question_3131,556.9,803.4,1660.0
1623567,stimulus_Ins_LearningMobility_3_question_3131,557.0,803.6,1660.0
1623568,stimulus_Ins_LearningMobility_3_question_3131,556.7,803.7,1658.0
1623569,stimulus_Ins_LearningMobility_3_question_3131,556.3,803.7,1655.0
1623570,stimulus_Ins_LearningMobility_3_question_3131,556.2,803.6,1654.0
1623571,stimulus_Ins_LearningMobility_3_question_3131,556.5,803.5,1656.0
1623572,stimulus_Ins_LearningMobility_3_question_3131,556.7,803.4,1656.0
1623573,stimulus_Ins_LearningMobility_3_question_3131,556.8,803.4,1654.0
1623574,stimulus_Ins_LearningMobility_3_question_3131,556.7,803.4,1654.0
1623575,stimulus_Ins_LearningMobility_3_question_3131,556.6,803.3,1657.0
1623576,stimulus_Ins_LearningMobility_3_question_3131,556.5,803.1,1659.0
1623577,stimulus_Ins_LearningMobility_3_question_3131,556.5,802.9,1660.0
1623578,stimulus_Ins_LearningMobility_3_question_3131,556.5,802.2,1659.0
1623579,stimulus_Ins_LearningMobility_3_question_3131,555.9,801.6,1658.0
1623580,stimulus_Ins_LearningMobility_3_question_3131,555.4,800.7,1657.0
1623581,stimulus_Ins_LearningMobility_3_question_3131,554.7,800.2,1657.0
1623582,stimulus_Ins_LearningMobility_3_question_3131,554.5,799.8,1657.0
1623583,stimulus_Ins_LearningMobility_3_question_3131,554.3,799.8,1657.0
1623584,stimulus_Ins_LearningMobility_3_question_3131,554.2,799.9,1657.0
1623585,stimulus_Ins_LearningMobility_3_question_3131,554.0,800.0,1656.0
1623586,stimulus_Ins_LearningMobility_3_question_3131,553.9,800.0,1657.0
1623587,stimulus_Ins_LearningMobility_3_question_3131,553.7,799.9,1658.0
1623588,stimulus_Ins_LearningMobility_3_question_3131,553.4,799.9,1659.0
1623589,stimulus_Ins_LearningMobility_3_question_3131,553.2,800.0,1658.0
1623590,stimulus_Ins_LearningMobility_3_question_3131,553.4,800.1,1657.0
1623591,stimulus_Ins_LearningMobility_3_question_3131,553.6,799.9,1655.0
1623592,stimulus_Ins_LearningMobility_3_question_3131,553.6,799.7,1654.0
1623593,stimulus_Ins_LearningMobility_3_question_3131,553.6,799.5,1657.0
1623594,stimulus_Ins_LearningMobility_3_question_3131,553.9,799.6,1660.0
1623595,stimulus_Ins_LearningMobility_3_question_3131,554.4,799.7,1663.0
1623596,stimulus_Ins_LearningMobility_3_question_3131,554.9,799.9,1662.0
1623597,stimulus_Ins_LearningMobility_3_question_3131,555.8,800.4,1661.0
1623598,stimulus_Ins_LearningMobility_3_question_3131,556.7,800.7,1661.0
1623599,stimulus_Ins_LearningMobility_3_question_3131,556.9,801.1,1660.0
1623600,stimulus_Ins_LearningMobility_3_question_3131,556.4,801.3,1658.0
1623601,stimulus_Ins_LearningMobility_3_question_3131,556.4,801.6,1657.0
1623602,stimulus_Ins_LearningMobility_3_question_3131,556.9,801.1,1660.0
1623603,stimulus_Ins_LearningMobility_3_question_3131,557.4,800.4,1662.0
1623604,stimulus_Ins_LearningMobility_3_question_3131,557.4,799.7,1664.0
1623605,stimulus_Ins_LearningMobility_3_question_3131,557.5,799.8,1664.0
1623606,stimulus_Ins_LearningMobility_3_question_3131,557.3,799.9,1665.0
1623607,stimulus_Ins_LearningMobility_3_question_3131,557.1,800.1,1664.0
1623608,stimulus_Ins_LearningMobility_3_question_3131,556.9,800.2,1660.0
1623609,stimulus_Ins_LearningMobility_3_question_3131,557.0,800.3,1657.0
1623610,stimulus_Ins_LearningMobility_3_question_3131,557.7,800.2,1658.0
1623611,stimulus_Ins_LearningMobility_3_question_3131,558.3,800.1,1661.0
1623612,stimulus_Ins_LearningMobility_3_question_3131,558.8,800.5,1666.0
1623613,stimulus_Ins_LearningMobility_3_question_3131,559.2,801.0,1669.0
1623614,stimulus_Ins_LearningMobility_3_question_3131,559.5,801.5,1672.0
1623615,stimulus_Ins_LearningMobility_3_question_3131,559.7,801.5,1674.0
1623616,stimulus_Ins_LearningMobility_3_question_3131,559.1,801.5,1674.0
1623617,stimulus_Ins_LearningMobility_3_question_3131,558.6,801.7,1673.0
1623618,stimulus_Ins_LearningMobility_3_question_3131,558.2,801.7,1672.0
1623619,stimulus_Ins_LearningMobility_3_question_3131,558.0,801.8,1672.0
1623620,stimulus_Ins_LearningMobility_3_question_3131,557.7,801.8,1671.0
1623621,stimulus_Ins_LearningMobility_3_question_3131,557.3,801.8,1670.0
1623622,stimulus_Ins_LearningMobility_3_question_3131,557.0,801.8,1673.0
1623623,stimulus_Ins_LearningMobility_3_question_3131,557.2,801.9,1676.0
1623624,stimulus_Ins_LearningMobility_3_question_3131,557.6,801.2,1678.0
1623625,stimulus_Ins_LearningMobility_3_question_3131,558.1,800.5,1678.0
1623626,stimulus_Ins_LearningMobility_3_question_3131,558.1,799.8,1678.0
1623627,stimulus_Ins_LearningMobility_3_question_3131,558.2,799.8,1681.0
1623628,stimulus_Ins_LearningMobility_3_question_3131,557.8,800.1,1683.0
1623629,stimulus_Ins_LearningMobility_3_question_3131,557.2,800.2,1686.0
1623630,stimulus_Ins_LearningMobility_3_question_3131,556.4,800.2,1687.0
1623631,stimulus_Ins_LearningMobility_3_question_3131,556.2,800.2,1687.0
1623632,stimulus_Ins_LearningMobility_3_question_3131,556.1,800.8,1687.0
1623633,stimulus_Ins_LearningMobility_3_question_3131,556.2,801.3,1687.0
1623634,stimulus_Ins_LearningMobility_3_question_3131,556.5,801.6,1689.0
1623635,stimulus_Ins_LearningMobility_3_question_3131,556.6,801.1,1691.0
1623636,stimulus_Ins_LearningMobility_3_question_3131,556.9,800.5,1695.0
1623637,stimulus_Ins_LearningMobility_3_question_3131,557.1,799.9,1696.0
1623638,stimulus_Ins_LearningMobility_3_question_3131,557.3,800.0,1696.0
1623639,stimulus_Ins_LearningMobility_3_question_3131,557.3,800.0,1694.0
1623640,stimulus_Ins_LearningMobility_3_question_3131,557.4,800.1,1693.0
1623641,stimulus_Ins_LearningMobility_3_question_3131,557.4,800.2,1694.0
1623642,stimulus_Ins_LearningMobility_3_question_3131,557.1,800.3,1694.0
1623643,stimulus_Ins_LearningMobility_3_question_3131,556.7,800.3,1694.0
1623644,stimulus_Ins_LearningMobility_3_question_3131,556.3,800.3,1694.0
1623645,stimulus_Ins_LearningMobility_3_question_3131,556.1,800.5,1694.0
1623646,stimulus_Ins_LearningMobility_3_question_3131,556.0,800.8,1694.0
1623647,stimulus_Ins_LearningMobility_3_question_3131,556.0,801.1,1694.0
1623648,stimulus_Ins_LearningMobility_3_question_3131,556.3,801.2,1694.0
1623649,stimulus_Ins_LearningMobility_3_question_3131,556.7,801.2,1694.0
1623650,stimulus_Ins_LearningMobility_3_question_3131,557.0,801.2,1694.0
1623651,stimulus_Ins_LearningMobility_3_question_3131,556.9,801.2,1696.0
1623652,stimulus_Ins_LearningMobility_3_question_3131,557.0,801.2,1697.0
1623653,stimulus_Ins_LearningMobility_3_question_3131,557.1,801.3,1700.0
1623654,stimulus_Ins_LearningMobility_3_question_3131,557.2,801.0,1701.0
1623655,stimulus_Ins_LearningMobility_3_question_3131,557.2,800.7,1701.0
1623656,stimulus_Ins_LearningMobility_3_question_3131,557.0,800.4,1701.0
1623657,stimulus_Ins_LearningMobility_3_question_3131,557.1,800.6,1701.0
1623658,stimulus_Ins_LearningMobility_3_question_3131,557.1,800.8,1703.0
1623659,stimulus_Ins_LearningMobility_3_question_3131,557.2,801.1,1704.0
1623660,stimulus_Ins_LearningMobility_3_question_3131,556.9,800.9,1704.0
1623661,stimulus_Ins_LearningMobility_3_question_3131,556.8,800.6,1703.0
1623662,stimulus_Ins_LearningMobility_3_question_3131,556.9,800.2,1704.0
1623663,stimulus_Ins_LearningMobility_3_question_3131,557.1,800.1,1706.0
1623664,stimulus_Ins_LearningMobility_3_question_3131,557.1,800.2,1708.0
1623665,stimulus_Ins_LearningMobility_3_question_3131,557.0,800.2,1708.0
1623666,stimulus_Ins_LearningMobility_3_question_3131,556.9,800.0,1709.0
1623667,stimulus_Ins_LearningMobility_3_question_3131,556.9,799.4,1710.0
1623668,stimulus_Ins_LearningMobility_3_question_3131,556.9,798.8,1711.0
1623669,stimulus_Ins_LearningMobility_3_question_3131,556.8,798.6,1710.0
1623670,stimulus_Ins_LearningMobility_3_question_3131,556.9,798.8,1709.0
1623671,stimulus_Ins_LearningMobility_3_question_3131,556.8,799.1,1709.0
1623672,stimulus_Ins_LearningMobility_3_question_3131,556.7,799.3,1709.0
1623673,stimulus_Ins_LearningMobility_3_question_3131,556.6,799.4,1709.0
1623674,stimulus_Ins_LearningMobility_3_question_3131,556.5,799.4,1712.0
1623675,stimulus_Ins_LearningMobility_3_question_3131,556.2,799.3,1715.0
1623676,stimulus_Ins_LearningMobility_3_question_3131,555.9,799.1,1717.0
1623677,stimulus_Ins_LearningMobility_3_question_3131,555.7,798.7,1716.0
1623678,stimulus_Ins_LearningMobility_3_question_3131,555.5,798.6,1714.0
1623679,stimulus_Ins_LearningMobility_3_question_3131,555.8,799.0,1715.0
1623680,stimulus_Ins_LearningMobility_3_question_3131,556.2,799.5,1716.0
1623681,stimulus_Ins_LearningMobility_3_question_3131,556.7,800.1,1718.0
1623682,stimulus_Ins_LearningMobility_3_question_3131,556.8,800.2,1721.0
1623683,stimulus_Ins_LearningMobility_3_question_3131,557.0,800.2,1723.0
1623684,stimulus_Ins_LearningMobility_3_question_3131,557.2,800.4,1723.0
1623685,stimulus_Ins_LearningMobility_3_question_3131,557.3,800.6,1722.0
1623686,stimulus_Ins_LearningMobility_3_question_3131,557.2,800.8,1722.0
1623687,stimulus_Ins_LearningMobility_3_question_3131,557.1,800.6,1721.0
1623688,stimulus_Ins_LearningMobility_3_question_3131,557.0,800.2,1721.0
1623689,stimulus_Ins_LearningMobility_3_question_3131,556.6,799.7,1720.0
1623690,stimulus_Ins_LearningMobility_3_question_3131,556.3,799.4,1720.0
1623691,stimulus_Ins_LearningMobility_3_question_3131,556.0,799.0,1720.0
1623692,stimulus_Ins_LearningMobility_3_question_3131,556.1,798.7,1721.0
1623693,stimulus_Ins_LearningMobility_3_question_3131,556.3,798.4,1725.0
1623694,stimulus_Ins_LearningMobility_3_question_3131,556.1,798.4,1729.0
1623695,stimulus_Ins_LearningMobility_3_question_3131,555.9,798.3,1733.0
1623696,stimulus_Ins_LearningMobility_3_question_3131,555.9,798.3,1733.0
1623697,stimulus_Ins_LearningMobility_3_question_3131,556.2,798.3,1733.0
1623698,stimulus_Ins_LearningMobility_3_question_3131,556.4,798.5,1731.0
1623699,stimulus_Ins_LearningMobility_3_question_3131,556.2,798.6,1729.0
1623700,stimulus_Ins_LearningMobility_3_question_3131,556.0,798.7,1728.0
1623701,stimulus_Ins_LearningMobility_3_question_3131,555.8,798.8,1727.0
1623702,stimulus_Ins_LearningMobility_3_question_3131,555.4,798.9,1726.0
1623703,stimulus_Ins_LearningMobility_3_question_3131,554.6,798.9,1726.0
1623704,stimulus_Ins_LearningMobility_3_question_3131,553.5,798.9,1727.0
1623705,stimulus_Ins_LearningMobility_3_question_3131,552.7,798.8,1727.0
1623706,stimulus_Ins_LearningMobility_3_question_3131,552.7,798.8,1727.0
1623707,stimulus_Ins_LearningMobility_3_question_3131,552.9,798.7,1727.0
1623708,stimulus_Ins_LearningMobility_3_question_3131,553.2,798.6,1723.0
1623709,stimulus_Ins_LearningMobility_3_question_3131,553.1,798.6,1719.0
1623710,stimulus_Ins_LearningMobility_3_question_3131,553.0,798.5,1719.0
1623711,stimulus_Ins_LearningMobility_3_question_3131,552.3,798.4,1723.0
1623712,stimulus_Ins_LearningMobility_3_question_3131,551.6,798.2,1727.0
1623713,stimulus_Ins_LearningMobility_3_question_3131,551.1,798.3,1728.0
1623714,stimulus_Ins_LearningMobility_3_question_3131,551.4,798.4,1730.0
1623715,stimulus_Ins_LearningMobility_3_question_3131,551.8,798.6,1730.0
1623716,stimulus_Ins_LearningMobility_3_question_3131,552.4,799.7,1730.0
1623717,stimulus_Ins_LearningMobility_3_question_3131,552.6,800.7,1730.0
1623718,stimulus_Ins_LearningMobility_3_question_3131,552.2,801.3,1730.0
1623719,stimulus_Ins_LearningMobility_3_question_3131,551.7,801.1,1730.0
1623720,stimulus_Ins_LearningMobility_3_question_3131,551.5,800.8,1730.0
1623721,stimulus_Ins_LearningMobility_3_question_3131,551.8,800.5,1731.0
1623722,stimulus_Ins_LearningMobility_3_question_3131,552.0,800.2,1731.0
1623723,stimulus_Ins_LearningMobility_3_question_3131,552.0,800.0,1732.0
1623724,stimulus_Ins_LearningMobility_3_question_3131,552.0,800.0,1733.0
1623725,stimulus_Ins_LearningMobility_3_question_3131,552.0,800.0,1734.0
1623726,stimulus_Ins_LearningMobility_3_question_3131,552.0,800.8,1734.0
1623727,stimulus_Ins_LearningMobility_3_question_3131,552.6,801.7,1735.0
1623728,stimulus_Ins_LearningMobility_3_question_3131,553.2,802.5,1735.0
1623729,stimulus_Ins_LearningMobility_3_question_3131,553.8,802.5,1734.0
1623730,stimulus_Ins_LearningMobility_3_question_3131,553.8,802.4,1734.0
1623731,stimulus_Ins_LearningMobility_3_question_3131,554.1,802.4,1734.0
1623732,stimulus_Ins_LearningMobility_3_question_3131,554.4,802.5,1738.0
1623733,stimulus_Ins_LearningMobility_3_question_3131,554.5,802.6,1741.0
1623734,stimulus_Ins_LearningMobility_3_question_3131,554.3,802.7,1743.0
1623735,stimulus_Ins_LearningMobility_3_question_3131,554.1,802.5,1743.0
1623736,stimulus_Ins_LearningMobility_3_question_3131,554.1,802.4,1743.0
1623737,stimulus_Ins_LearningMobility_3_question_3131,554.2,802.4,1743.0
1623738,stimulus_Ins_LearningMobility_3_question_3131,554.7,802.7,1743.0
1623739,stimulus_Ins_LearningMobility_3_question_3131,555.1,803.3,1743.0
1623740,stimulus_Ins_LearningMobility_3_question_3131,555.4,804.1,1743.0
1623741,stimulus_Ins_LearningMobility_3_question_3131,555.3,804.6,1744.0
1623742,stimulus_Ins_LearningMobility_3_question_3131,555.7,804.5,1745.0
1623743,stimulus_Ins_LearningMobility_3_question_3131,556.0,803.4,1745.0
1623744,stimulus_Ins_LearningMobility_3_question_3131,556.2,802.4,1746.0
1623745,stimulus_Ins_LearningMobility_3_question_3131,555.9,801.7,1747.0
1623746,stimulus_Ins_LearningMobility_3_question_3131,555.7,801.7,1747.0
1623747,stimulus_Ins_LearningMobility_3_question_3131,555.4,801.8,1747.0
1623748,stimulus_Ins_LearningMobility_3_question_3131,555.2,802.4,1746.0
1623749,stimulus_Ins_LearningMobility_3_question_3131,555.2,803.3,1746.0
1623750,stimulus_Ins_LearningMobility_3_question_3131,555.6,804.1,1746.0
1623751,stimulus_Ins_LearningMobility_3_question_3131,555.9,804.3,1748.0
1623752,stimulus_Ins_LearningMobility_3_question_3131,556.2,804.4,1753.0
1623753,stimulus_Ins_LearningMobility_3_question_3131,556.0,803.7,1757.0
1623754,stimulus_Ins_LearningMobility_3_question_3131,555.8,803.0,1757.0
1623755,stimulus_Ins_LearningMobility_3_question_3131,555.7,803.1,1756.0
1623756,stimulus_Ins_LearningMobility_3_question_3131,555.9,804.0,1755.0
1623757,stimulus_Ins_LearningMobility_3_question_3131,555.7,804.3,1756.0
1623758,stimulus_Ins_LearningMobility_3_question_3131,555.5,803.7,1757.0
1623759,stimulus_Ins_LearningMobility_3_question_3131,555.2,803.1,1757.0
1623760,stimulus_Ins_LearningMobility_3_question_3131,555.1,802.8,1756.0
1623761,stimulus_Ins_LearningMobility_3_question_3131,555.0,802.7,1755.0
1623762,stimulus_Ins_LearningMobility_3_question_3131,555.1,802.6,1757.0
1623763,stimulus_Ins_LearningMobility_3_question_3131,555.6,802.5,1760.0
1623764,stimulus_Ins_LearningMobility_3_question_3131,556.1,803.1,1762.0
1623765,stimulus_Ins_LearningMobility_3_question_3131,556.5,803.7,1763.0
1623766,stimulus_Ins_LearningMobility_3_question_3131,556.6,804.1,1763.0
1623767,stimulus_Ins_LearningMobility_3_question_3131,556.3,804.0,1763.0
1623768,stimulus_Ins_LearningMobility_3_question_3131,556.0,803.8,1763.0
1623769,stimulus_Ins_LearningMobility_3_question_3131,555.7,803.8,1762.0
1623770,stimulus_Ins_LearningMobility_3_question_3131,555.6,803.9,1762.0
1623771,stimulus_Ins_LearningMobility_3_question_3131,555.6,803.9,1764.0
1623772,stimulus_Ins_LearningMobility_3_question_3131,555.6,803.1,1766.0
1623773,stimulus_Ins_LearningMobility_3_question_3131,555.5,802.4,1767.0
1623774,stimulus_Ins_LearningMobility_3_question_3131,555.6,801.7,1767.0
1623775,stimulus_Ins_LearningMobility_3_question_3131,556.0,801.7,1768.0
1623776,stimulus_Ins_LearningMobility_3_question_3131,556.6,802.3,1768.0
1623777,stimulus_Ins_LearningMobility_3_question_3131,557.1,803.0,1766.0
1623778,stimulus_Ins_LearningMobility_3_question_3131,557.1,803.7,1762.0
1623779,stimulus_Ins_LearningMobility_3_question_3131,556.9,803.7,1759.0
1623780,stimulus_Ins_LearningMobility_3_question_3131,556.7,803.2,1760.0
1623781,stimulus_Ins_LearningMobility_3_question_3131,557.0,802.6,1763.0
1623782,stimulus_Ins_LearningMobility_3_question_3131,557.3,801.9,1766.0
1623783,stimulus_Ins_LearningMobility_3_question_3131,557.4,801.7,1769.0
1623784,stimulus_Ins_LearningMobility_3_question_3131,557.3,801.5,1771.0
1623785,stimulus_Ins_LearningMobility_3_question_3131,557.5,801.3,1773.0
1623786,stimulus_Ins_LearningMobility_3_question_3131,557.8,801.2,1773.0
1623787,stimulus_Ins_LearningMobility_3_question_3131,558.0,801.5,1773.0
1623788,stimulus_Ins_LearningMobility_3_question_3131,558.0,801.9,1774.0
1623789,stimulus_Ins_LearningMobility_3_question_3131,557.9,802.0,1774.0
1623790,stimulus_Ins_LearningMobility_3_question_3131,557.8,801.6,1774.0
1623791,stimulus_Ins_LearningMobility_3_question_3131,557.7,800.8,1774.0
1623792,stimulus_Ins_LearningMobility_3_question_3131,557.6,800.1,1775.0
1623793,stimulus_Ins_LearningMobility_3_question_3131,557.5,799.6,1776.0
1623794,stimulus_Ins_LearningMobility_3_question_3131,557.3,799.6,1776.0
1623795,stimulus_Ins_LearningMobility_3_question_3131,557.1,800.0,1776.0
1623796,stimulus_Ins_LearningMobility_3_question_3131,557.1,800.6,1776.0
1623797,stimulus_Ins_LearningMobility_3_question_3131,557.2,801.1,1776.0
1623798,stimulus_Ins_LearningMobility_3_question_3131,557.3,801.1,1778.0
1623799,stimulus_Ins_LearningMobility_3_question_3131,557.7,800.9,1780.0
1623800,stimulus_Ins_LearningMobility_3_question_3131,558.0,800.8,1781.0
1623801,stimulus_Ins_LearningMobility_3_question_3131,558.4,800.8,1781.0
1623802,stimulus_Ins_LearningMobility_3_question_3131,558.8,800.3,1782.0
1623803,stimulus_Ins_LearningMobility_3_question_3131,559.1,799.7,1784.0
1623804,stimulus_Ins_LearningMobility_3_question_3131,559.2,798.4,1787.0
1623805,stimulus_Ins_LearningMobility_3_question_3131,558.9,797.7,1787.0
1623806,stimulus_Ins_LearningMobility_3_question_3131,557.1,797.2,1788.0
1623807,stimulus_Ins_LearningMobility_3_question_3131,555.3,797.6,1788.0
1623808,stimulus_Ins_LearningMobility_3_question_3131,551.2,797.9,1789.0
1623809,stimulus_Ins_LearningMobility_3_question_3131,547.5,797.5,1791.0
1623810,stimulus_Ins_LearningMobility_3_question_3131,540.9,796.6,1793.0
1623811,stimulus_Ins_LearningMobility_3_question_3131,533.8,794.4,1798.0
1623812,stimulus_Ins_LearningMobility_3_question_3131,524.2,792.2,1802.0
1623813,stimulus_Ins_LearningMobility_3_question_3131,512.6,788.7,1808.0
1623814,stimulus_Ins_LearningMobility_3_question_3131,501.0,785.5,1811.0
1623815,stimulus_Ins_LearningMobility_3_question_3131,489.7,782.2,1817.0
1623816,stimulus_Ins_LearningMobility_3_question_3131,479.2,779.6,1821.0
1623817,stimulus_Ins_LearningMobility_3_question_3131,468.1,777.9,1825.0
1623818,stimulus_Ins_LearningMobility_3_question_3131,455.0,776.7,1830.0
1623819,stimulus_Ins_LearningMobility_3_question_3131,443.8,776.1,1835.0
1623820,stimulus_Ins_LearningMobility_3_question_3131,433.1,774.6,1842.0
1623821,stimulus_Ins_LearningMobility_3_question_3131,425.5,773.4,1845.0
1623822,stimulus_Ins_LearningMobility_3_question_3131,417.5,772.1,1848.0
1623823,stimulus_Ins_LearningMobility_3_question_3131,410.9,771.7,1850.0
1623824,stimulus_Ins_LearningMobility_3_question_3131,405.0,771.3,1852.0
1623825,stimulus_Ins_LearningMobility_3_question_3131,400.1,771.1,1852.0
1623826,stimulus_Ins_LearningMobility_3_question_3131,396.9,771.0,1851.0
1623827,stimulus_Ins_LearningMobility_3_question_3131,394.5,770.8,1851.0
1623828,stimulus_Ins_LearningMobility_3_question_3131,392.4,770.8,1850.0
1623829,stimulus_Ins_LearningMobility_3_question_3131,388.5,770.9,1850.0
1623830,stimulus_Ins_LearningMobility_3_question_3131,383.5,770.7,1851.0
1623831,stimulus_Ins_LearningMobility_3_question_3131,378.6,770.5,1852.0
1623832,stimulus_Ins_LearningMobility_3_question_3131,374.5,770.3,1856.0
1623833,stimulus_Ins_LearningMobility_3_question_3131,370.8,770.3,1858.0
1623834,stimulus_Ins_LearningMobility_3_question_3131,367.6,770.3,1861.0
1623835,stimulus_Ins_LearningMobility_3_question_3131,365.4,770.8,1862.0
1623836,stimulus_Ins_LearningMobility_3_question_3131,363.1,771.6,1863.0
1623837,stimulus_Ins_LearningMobility_3_question_3131,361.0,772.4,1863.0
1623838,stimulus_Ins_LearningMobility_3_question_3131,358.4,772.9,1863.0
1623839,stimulus_Ins_LearningMobility_3_question_3131,356.6,773.3,1863.0
1623840,stimulus_Ins_LearningMobility_3_question_3131,355.1,773.7,1862.0
1623841,stimulus_Ins_LearningMobility_3_question_3131,354.2,774.7,1861.0
1623842,stimulus_Ins_LearningMobility_3_question_3131,353.4,775.7,1862.0
1623843,stimulus_Ins_LearningMobility_3_question_3131,353.0,776.6,1862.0
1623844,stimulus_Ins_LearningMobility_3_question_3131,352.6,776.9,1862.0
1623845,stimulus_Ins_LearningMobility_3_question_3131,352.5,776.7,1862.0
1623846,stimulus_Ins_LearningMobility_3_question_3131,353.2,776.4,1863.0
1623847,stimulus_Ins_LearningMobility_3_question_3131,354.3,776.9,1863.0
1623848,stimulus_Ins_LearningMobility_3_question_3131,356.2,777.9,1862.0
1623849,stimulus_Ins_LearningMobility_3_question_3131,357.4,778.9,1863.0
1623850,stimulus_Ins_LearningMobility_3_question_3131,359.0,779.1,1864.0
1623851,stimulus_Ins_LearningMobility_3_question_3131,360.2,779.1,1865.0
1623852,stimulus_Ins_LearningMobility_3_question_3131,361.1,778.3,1866.0
1623853,stimulus_Ins_LearningMobility_3_question_3131,361.4,777.6,1868.0
1623854,stimulus_Ins_LearningMobility_3_question_3131,361.0,776.9,1869.0
1623855,stimulus_Ins_LearningMobility_3_question_3131,360.8,777.0,1869.0
1623856,stimulus_Ins_LearningMobility_3_question_3131,361.2,777.9,1868.0
1623857,stimulus_Ins_LearningMobility_3_question_3131,361.5,778.7,1866.0
1623858,stimulus_Ins_LearningMobility_3_question_3131,361.7,778.4,1864.0
1623859,stimulus_Ins_LearningMobility_3_question_3131,361.2,777.3,1863.0
1623860,stimulus_Ins_LearningMobility_3_question_3131,361.1,776.2,1864.0
1623861,stimulus_Ins_LearningMobility_3_question_3131,361.2,776.1,1865.0
1623862,stimulus_Ins_LearningMobility_3_question_3131,361.4,775.8,1866.0
1623863,stimulus_Ins_LearningMobility_3_question_3131,361.5,775.0,1867.0
1623864,stimulus_Ins_LearningMobility_3_question_3131,361.1,774.2,1867.0
1623865,stimulus_Ins_LearningMobility_3_question_3131,360.7,774.7,1867.0
1623866,stimulus_Ins_LearningMobility_3_question_3131,360.3,775.7,1867.0
1623867,stimulus_Ins_LearningMobility_3_question_3131,360.6,776.6,1866.0
1623868,stimulus_Ins_LearningMobility_3_question_3131,360.9,776.5,1865.0
1623869,stimulus_Ins_LearningMobility_3_question_3131,360.9,776.2,1865.0
1623870,stimulus_Ins_LearningMobility_3_question_3131,360.7,775.6,1865.0
1623871,stimulus_Ins_LearningMobility_3_question_3131,360.5,774.8,1867.0
1623872,stimulus_Ins_LearningMobility_3_question_3131,360.6,773.9,1869.0
1623873,stimulus_Ins_LearningMobility_3_question_3131,360.8,773.4,1871.0
1623874,stimulus_Ins_LearningMobility_3_question_3131,360.9,773.5,1871.0
1623875,stimulus_Ins_LearningMobility_3_question_3131,361.1,774.4,1871.0
1623876,stimulus_Ins_LearningMobility_3_question_3131,361.2,775.1,1871.0
1623877,stimulus_Ins_LearningMobility_3_question_3131,361.2,775.6,1871.0
1623878,stimulus_Ins_LearningMobility_3_question_3131,361.2,775.6,1871.0
1623879,stimulus_Ins_LearningMobility_3_question_3131,361.3,775.7,1871.0
1623880,stimulus_Ins_LearningMobility_3_question_3131,361.4,775.7,1871.0
1623881,stimulus_Ins_LearningMobility_3_question_3131,361.5,775.6,1871.0
1623882,stimulus_Ins_LearningMobility_3_question_3131,361.6,775.3,1871.0
1623883,stimulus_Ins_LearningMobility_3_question_3131,361.6,775.1,1871.0
1623884,stimulus_Ins_LearningMobility_3_question_3131,361.7,775.0,1872.0
1623885,stimulus_Ins_LearningMobility_3_question_3131,361.8,775.0,1873.0
1623886,stimulus_Ins_LearningMobility_3_question_3131,362.1,775.2,1873.0
1623887,stimulus_Ins_LearningMobility_3_question_3131,362.2,775.3,1873.0
1623888,stimulus_Ins_LearningMobility_3_question_3131,362.4,775.6,1873.0
1623889,stimulus_Ins_LearningMobility_3_question_3131,362.4,776.1,1873.0
1623890,stimulus_Ins_LearningMobility_3_question_3131,363.1,776.5,1874.0
1623891,stimulus_Ins_LearningMobility_3_question_3131,363.7,776.6,1874.0
1623892,stimulus_Ins_LearningMobility_3_question_3131,364.3,776.1,1875.0
1623893,stimulus_Ins_LearningMobility_3_question_3131,363.8,775.6,1876.0
1623894,stimulus_Ins_LearningMobility_3_question_3131,363.5,774.3,1877.0
1623895,stimulus_Ins_LearningMobility_3_question_3131,363.3,773.6,1878.0
1623896,stimulus_Ins_LearningMobility_3_question_3131,363.3,773.4,1879.0
1623897,stimulus_Ins_LearningMobility_3_question_3131,363.4,773.9,1879.0
1623898,stimulus_Ins_LearningMobility_3_question_3131,363.2,774.4,1879.0
1623899,stimulus_Ins_LearningMobility_3_question_3131,363.0,774.4,1880.0
1623900,stimulus_Ins_LearningMobility_3_question_3131,363.2,774.3,1881.0
1623901,stimulus_Ins_LearningMobility_3_question_3131,363.6,774.2,1884.0
1623902,stimulus_Ins_LearningMobility_3_question_3131,363.8,774.1,1885.0
1623903,stimulus_Ins_LearningMobility_3_question_3131,363.5,774.1,1887.0
1623904,stimulus_Ins_LearningMobility_3_question_3131,363.2,773.9,1887.0
1623905,stimulus_Ins_LearningMobility_3_question_3131,363.2,773.7,1885.0
1623906,stimulus_Ins_LearningMobility_3_question_3131,363.2,774.6,1883.0
1623907,stimulus_Ins_LearningMobility_3_question_3131,363.5,775.7,1882.0
1623908,stimulus_Ins_LearningMobility_3_question_3131,363.7,776.2,1882.0
1623909,stimulus_Ins_LearningMobility_3_question_3131,364.1,775.6,1883.0
1623910,stimulus_Ins_LearningMobility_3_question_3131,364.1,775.0,1884.0
1623911,stimulus_Ins_LearningMobility_3_question_3131,364.0,774.9,1886.0
1623912,stimulus_Ins_LearningMobility_3_question_3131,363.7,774.9,1889.0
1623913,stimulus_Ins_LearningMobility_3_question_3131,363.2,774.8,1891.0
1623914,stimulus_Ins_LearningMobility_3_question_3131,362.9,774.7,1891.0
1623915,stimulus_Ins_LearningMobility_3_question_3131,362.8,774.6,1889.0
1623916,stimulus_Ins_LearningMobility_3_question_3131,362.8,774.4,1888.0
1623917,stimulus_Ins_LearningMobility_3_question_3131,362.8,774.3,1887.0
1623918,stimulus_Ins_LearningMobility_3_question_3131,362.9,774.2,1887.0
1623919,stimulus_Ins_LearningMobility_3_question_3131,363.1,774.4,1888.0
1623920,stimulus_Ins_LearningMobility_3_question_3131,363.3,774.9,1889.0
1623921,stimulus_Ins_LearningMobility_3_question_3131,363.2,775.3,1890.0
1623922,stimulus_Ins_LearningMobility_3_question_3131,362.5,775.1,1891.0
1623923,stimulus_Ins_LearningMobility_3_question_3131,361.8,774.7,1890.0
1623924,stimulus_Ins_LearningMobility_3_question_3131,361.2,774.1,1891.0
1623925,stimulus_Ins_LearningMobility_3_question_3131,361.6,774.0,1892.0
1623926,stimulus_Ins_LearningMobility_3_question_3131,362.3,774.0,1893.0
1623927,stimulus_Ins_LearningMobility_3_question_3131,362.8,774.2,1893.0
1623928,stimulus_Ins_LearningMobility_3_question_3131,363.0,774.3,1892.0
1623929,stimulus_Ins_LearningMobility_3_question_3131,363.0,774.3,1892.0
1623930,stimulus_Ins_LearningMobility_3_question_3131,363.2,775.4,1891.0
1623931,stimulus_Ins_LearningMobility_3_question_3131,363.3,776.4,1891.0
1623932,stimulus_Ins_LearningMobility_3_question_3131,363.3,776.7,1891.0
1623933,stimulus_Ins_LearningMobility_3_question_3131,363.4,776.1,1891.0
1623934,stimulus_Ins_LearningMobility_3_question_3131,363.5,774.9,1893.0
1623935,stimulus_Ins_LearningMobility_3_question_3131,363.2,774.4,1895.0
1623936,stimulus_Ins_LearningMobility_3_question_3131,362.8,773.8,1898.0
1623937,stimulus_Ins_LearningMobility_3_question_3131,362.3,773.8,1899.0
1623938,stimulus_Ins_LearningMobility_3_question_3131,362.2,773.9,1898.0
1623939,stimulus_Ins_LearningMobility_3_question_3131,362.3,774.0,1897.0
1623940,stimulus_Ins_LearningMobility_3_question_3131,362.5,774.1,1896.0
1623941,stimulus_Ins_LearningMobility_3_question_3131,362.6,774.2,1895.0
1623942,stimulus_Ins_LearningMobility_3_question_3131,362.6,774.3,1894.0
1623943,stimulus_Ins_LearningMobility_3_question_3131,362.5,774.5,1896.0
1623944,stimulus_Ins_LearningMobility_3_question_3131,362.4,774.5,1899.0
1623945,stimulus_Ins_LearningMobility_3_question_3131,362.5,774.5,1903.0
1623946,stimulus_Ins_LearningMobility_3_question_3131,362.6,774.5,1904.0
1623947,stimulus_Ins_LearningMobility_3_question_3131,362.6,774.4,1902.0
1623948,stimulus_Ins_LearningMobility_3_question_3131,362.5,775.1,1900.0
1623949,stimulus_Ins_LearningMobility_3_question_3131,363.1,775.8,1896.0
1623950,stimulus_Ins_LearningMobility_3_question_3131,363.4,776.5,1894.0
1623951,stimulus_Ins_LearningMobility_3_question_3131,363.8,776.3,1893.0
1623952,stimulus_Ins_LearningMobility_3_question_3131,363.6,775.4,1894.0
1623953,stimulus_Ins_LearningMobility_3_question_3131,363.8,774.4,1896.0
1623954,stimulus_Ins_LearningMobility_3_question_3131,364.2,773.6,1900.0
1623955,stimulus_Ins_LearningMobility_3_question_3131,364.5,773.5,1903.0
1623956,stimulus_Ins_LearningMobility_3_question_3131,364.6,773.4,1903.0
1623957,stimulus_Ins_LearningMobility_3_question_3131,364.5,774.1,1902.0
1623958,stimulus_Ins_LearningMobility_3_question_3131,364.4,774.9,1901.0
1623959,stimulus_Ins_LearningMobility_3_question_3131,364.6,775.7,1902.0
1623960,stimulus_Ins_LearningMobility_3_question_3131,364.8,775.4,1903.0
1623961,stimulus_Ins_LearningMobility_3_question_3131,365.1,775.1,1903.0
1623962,stimulus_Ins_LearningMobility_3_question_3131,365.2,774.5,1903.0
1623963,stimulus_Ins_LearningMobility_3_question_3131,365.4,774.0,1903.0
1623964,stimulus_Ins_LearningMobility_3_question_3131,365.5,773.7,1903.0
1623965,stimulus_Ins_LearningMobility_3_question_3131,365.6,773.6,1903.0
1623966,stimulus_Ins_LearningMobility_3_question_3131,365.6,773.8,1904.0
1623967,stimulus_Ins_LearningMobility_3_question_3131,365.4,774.6,1904.0
1623968,stimulus_Ins_LearningMobility_3_question_3131,365.3,775.4,1904.0
1623969,stimulus_Ins_LearningMobility_3_question_3131,365.6,775.6,1904.0
1623970,stimulus_Ins_LearningMobility_3_question_3131,365.9,775.0,1904.0
1623971,stimulus_Ins_LearningMobility_3_question_3131,366.3,774.7,1904.0
1623972,stimulus_Ins_LearningMobility_3_question_3131,366.3,774.8,1903.0
1623973,stimulus_Ins_LearningMobility_3_question_3131,366.3,774.8,1905.0
1623974,stimulus_Ins_LearningMobility_3_question_3131,366.3,774.2,1908.0
1623975,stimulus_Ins_LearningMobility_3_question_3131,366.3,773.7,1909.0
1623976,stimulus_Ins_LearningMobility_3_question_3131,366.2,773.4,1909.0
1623977,stimulus_Ins_LearningMobility_3_question_3131,366.1,773.4,1909.0
1623978,stimulus_Ins_LearningMobility_3_question_3131,366.0,773.4,1909.0
1623979,stimulus_Ins_LearningMobility_3_question_3131,366.0,774.2,1908.0
1623980,stimulus_Ins_LearningMobility_3_question_3131,365.9,775.1,1907.0
1623981,stimulus_Ins_LearningMobility_3_question_3131,365.9,775.4,1906.0
1623982,stimulus_Ins_LearningMobility_3_question_3131,366.0,774.8,1906.0
1623983,stimulus_Ins_LearningMobility_3_question_3131,366.1,774.2,1908.0
1623984,stimulus_Ins_LearningMobility_3_question_3131,365.5,774.3,1910.0
1623985,stimulus_Ins_LearningMobility_3_question_3131,365.1,774.3,1910.0
1623986,stimulus_Ins_LearningMobility_3_question_3131,365.0,774.7,1910.0
1623987,stimulus_Ins_LearningMobility_3_question_3131,365.5,775.1,1910.0
1623988,stimulus_Ins_LearningMobility_3_question_3131,366.0,775.4,1910.0
1623989,stimulus_Ins_LearningMobility_3_question_3131,366.1,775.4,1909.0
1623990,stimulus_Ins_LearningMobility_3_question_3131,366.1,776.3,1908.0
1623991,stimulus_Ins_LearningMobility_3_question_3131,365.7,777.2,1911.0
1623992,stimulus_Ins_LearningMobility_3_question_3131,365.3,776.8,1915.0
1623993,stimulus_Ins_LearningMobility_3_question_3131,364.9,775.4,1918.0
1623994,stimulus_Ins_LearningMobility_3_question_3131,365.0,774.3,1918.0
1623995,stimulus_Ins_LearningMobility_3_question_3131,365.2,774.8,1918.0
1623996,stimulus_Ins_LearningMobility_3_question_3131,365.2,775.3,1918.0
1623997,stimulus_Ins_LearningMobility_3_question_3131,365.2,775.5,1917.0
1623998,stimulus_Ins_LearningMobility_3_question_3131,365.1,775.5,1916.0
1623999,stimulus_Ins_LearningMobility_3_question_3131,365.1,775.4,1916.0
1624000,stimulus_Ins_LearningMobility_3_question_3131,365.0,775.2,1916.0
1624001,stimulus_Ins_LearningMobility_3_question_3131,364.9,774.9,1916.0
1624002,stimulus_Ins_LearningMobility_3_question_3131,364.9,774.7,1917.0
1624003,stimulus_Ins_LearningMobility_3_question_3131,364.9,774.7,1917.0
1624004,stimulus_Ins_LearningMobility_3_question_3131,365.0,774.7,1918.0
1624005,stimulus_Ins_LearningMobility_3_question_3131,365.1,775.3,1919.0
1624006,stimulus_Ins_LearningMobility_3_question_3131,365.1,775.8,1919.0
1624007,stimulus_Ins_LearningMobility_3_question_3131,365.2,776.1,1919.0
1624008,stimulus_Ins_LearningMobility_3_question_3131,365.3,775.5,1918.0
1624009,stimulus_Ins_LearningMobility_3_question_3131,365.3,775.0,1916.0
1624010,stimulus_Ins_LearningMobility_3_question_3131,365.3,774.7,1914.0
1624011,stimulus_Ins_LearningMobility_3_question_3131,365.3,774.7,1913.0
1624012,stimulus_Ins_LearningMobility_3_question_3131,365.4,774.8,1917.0
1624013,stimulus_Ins_LearningMobility_3_question_3131,365.5,774.8,1921.0
1624014,stimulus_Ins_LearningMobility_3_question_3131,365.5,774.6,1923.0
1624015,stimulus_Ins_LearningMobility_3_question_3131,365.5,774.5,1922.0
1624016,stimulus_Ins_LearningMobility_3_question_3131,365.5,774.5,1922.0
1624017,stimulus_Ins_LearningMobility_3_question_3131,365.7,774.7,1921.0
1624018,stimulus_Ins_LearningMobility_3_question_3131,365.8,774.7,1921.0
1624019,stimulus_Ins_LearningMobility_3_question_3131,365.9,774.9,1920.0
1624020,stimulus_Ins_LearningMobility_3_question_3131,365.9,775.0,1919.0
1624021,stimulus_Ins_LearningMobility_3_question_3131,366.0,774.7,1920.0
1624022,stimulus_Ins_LearningMobility_3_question_3131,366.1,774.1,1922.0
1624023,stimulus_Ins_LearningMobility_3_question_3131,365.9,773.4,1924.0
1624024,stimulus_Ins_LearningMobility_3_question_3131,365.7,773.2,1925.0
1624025,stimulus_Ins_LearningMobility_3_question_3131,365.6,773.3,1925.0
1624026,stimulus_Ins_LearningMobility_3_question_3131,365.8,773.4,1925.0
1624027,stimulus_Ins_LearningMobility_3_question_3131,366.0,773.4,1923.0
1624028,stimulus_Ins_LearningMobility_3_question_3131,366.3,773.6,1922.0
1624029,stimulus_Ins_LearningMobility_3_question_3131,366.6,775.0,1921.0
1624030,stimulus_Ins_LearningMobility_3_question_3131,367.0,776.5,1920.0
1624031,stimulus_Ins_LearningMobility_3_question_3131,367.1,776.8,1923.0
1624032,stimulus_Ins_LearningMobility_3_question_3131,367.2,775.9,1926.0
1624033,stimulus_Ins_LearningMobility_3_question_3131,366.5,774.9,1929.0
1624034,stimulus_Ins_LearningMobility_3_question_3131,365.7,774.8,1927.0
1624035,stimulus_Ins_LearningMobility_3_question_3131,365.6,774.6,1926.0
1624036,stimulus_Ins_LearningMobility_3_question_3131,366.2,775.0,1925.0
1624037,stimulus_Ins_LearningMobility_3_question_3131,366.8,775.4,1923.0
1624038,stimulus_Ins_LearningMobility_3_question_3131,366.8,775.9,1921.0
1624039,stimulus_Ins_LearningMobility_3_question_3131,366.7,775.9,1920.0
1624040,stimulus_Ins_LearningMobility_3_question_3131,366.5,775.4,1920.0
1624041,stimulus_Ins_LearningMobility_3_question_3131,366.3,775.1,1920.0
1624042,stimulus_Ins_LearningMobility_3_question_3131,366.1,774.8,1921.0
1624043,stimulus_Ins_LearningMobility_3_question_3131,365.8,774.1,1924.0
1624044,stimulus_Ins_LearningMobility_3_question_3131,365.8,773.2,1926.0
1624045,stimulus_Ins_LearningMobility_3_question_3131,366.5,773.1,1928.0
1624046,stimulus_Ins_LearningMobility_3_question_3131,367.2,773.8,1928.0
1624047,stimulus_Ins_LearningMobility_3_question_3131,367.6,774.6,1926.0
1624048,stimulus_Ins_LearningMobility_3_question_3131,367.2,774.6,1925.0
1624049,stimulus_Ins_LearningMobility_3_question_3131,366.8,774.6,1924.0
1624050,stimulus_Ins_LearningMobility_3_question_3131,366.7,775.2,1924.0
1624051,stimulus_Ins_LearningMobility_3_question_3131,366.9,775.8,1925.0
1624052,stimulus_Ins_LearningMobility_3_question_3131,366.8,776.2,1926.0
1624053,stimulus_Ins_LearningMobility_3_question_3131,366.8,776.0,1925.0
1624054,stimulus_Ins_LearningMobility_3_question_3131,366.7,775.6,1926.0
1624055,stimulus_Ins_LearningMobility_3_question_3131,366.7,775.3,1926.0
1624056,stimulus_Ins_LearningMobility_3_question_3131,366.7,775.0,1927.0
1624057,stimulus_Ins_LearningMobility_3_question_3131,366.6,774.8,1927.0
1624058,stimulus_Ins_LearningMobility_3_question_3131,366.6,774.5,1927.0
1624059,stimulus_Ins_LearningMobility_3_question_3131,366.7,774.2,1926.0
1624060,stimulus_Ins_LearningMobility_3_question_3131,367.1,774.1,1926.0
1624061,stimulus_Ins_LearningMobility_3_question_3131,367.4,773.8,1926.0
1624062,stimulus_Ins_LearningMobility_3_question_3131,367.5,773.4,1926.0
1624063,stimulus_Ins_LearningMobility_3_question_3131,366.8,773.0,1928.0
1624064,stimulus_Ins_LearningMobility_3_question_3131,366.2,772.8,1930.0
1624065,stimulus_Ins_LearningMobility_3_question_3131,366.1,772.8,1931.0
1624066,stimulus_Ins_LearningMobility_3_question_3131,366.5,773.1,1930.0
1624067,stimulus_Ins_LearningMobility_3_question_3131,367.0,773.6,1930.0
1624068,stimulus_Ins_LearningMobility_3_question_3131,367.0,774.0,1928.0
1624069,stimulus_Ins_LearningMobility_3_question_3131,366.8,774.0,1927.0
1624070,stimulus_Ins_LearningMobility_3_question_3131,366.3,774.0,1925.0
1624071,stimulus_Ins_LearningMobility_3_question_3131,366.0,774.3,1924.0
1624072,stimulus_Ins_LearningMobility_3_question_3131,366.1,774.7,1924.0
1624073,stimulus_Ins_LearningMobility_3_question_3131,366.5,773.9,1928.0
1624074,stimulus_Ins_LearningMobility_3_question_3131,366.9,772.8,1932.0
1624075,stimulus_Ins_LearningMobility_3_question_3131,366.9,771.6,1935.0
1624076,stimulus_Ins_LearningMobility_3_question_3131,367.0,771.4,1936.0
1624077,stimulus_Ins_LearningMobility_3_question_3131,367.1,771.5,1935.0
1624078,stimulus_Ins_LearningMobility_3_question_3131,367.3,771.8,1934.0
1624079,stimulus_Ins_LearningMobility_3_question_3131,367.5,772.4,1933.0
1624080,stimulus_Ins_LearningMobility_3_question_3131,367.6,773.0,1932.0
1624081,stimulus_Ins_LearningMobility_3_question_3131,367.3,773.4,1931.0
1624082,stimulus_Ins_LearningMobility_3_question_3131,367.1,773.2,1932.0
1624083,stimulus_Ins_LearningMobility_3_question_3131,367.1,772.7,1933.0
1624084,stimulus_Ins_LearningMobility_3_question_3131,367.3,772.1,1933.0
1624085,stimulus_Ins_LearningMobility_3_question_3131,367.5,772.4,1932.0
1624086,stimulus_Ins_LearningMobility_3_question_3131,367.7,772.8,1932.0
1624087,stimulus_Ins_LearningMobility_3_question_3131,367.8,773.1,1933.0
1624088,stimulus_Ins_LearningMobility_3_question_3131,367.7,772.9,1933.0
1624089,stimulus_Ins_LearningMobility_3_question_3131,367.5,772.4,1935.0
1624090,stimulus_Ins_LearningMobility_3_question_3131,367.3,771.3,1937.0
1624091,stimulus_Ins_LearningMobility_3_question_3131,367.0,770.4,1937.0
1624092,stimulus_Ins_LearningMobility_3_question_3131,366.7,770.5,1935.0
1624093,stimulus_Ins_LearningMobility_3_question_3131,366.5,771.2,1934.0
1624094,stimulus_Ins_LearningMobility_3_question_3131,366.8,772.1,1934.0
1624095,stimulus_Ins_LearningMobility_3_question_3131,367.1,772.3,1935.0
1624096,stimulus_Ins_LearningMobility_3_question_3131,367.3,772.4,1935.0
1624097,stimulus_Ins_LearningMobility_3_question_3131,367.3,772.3,1934.0
1624098,stimulus_Ins_LearningMobility_3_question_3131,367.6,772.3,1934.0
1624099,stimulus_Ins_LearningMobility_3_question_3131,367.9,772.1,1934.0
1624100,stimulus_Ins_LearningMobility_3_question_3131,368.2,771.6,1936.0
1624101,stimulus_Ins_LearningMobility_3_question_3131,367.9,771.4,1938.0
1624102,stimulus_Ins_LearningMobility_3_question_3131,367.7,771.4,1938.0
1624103,stimulus_Ins_LearningMobility_3_question_3131,367.6,771.5,1937.0
1624104,stimulus_Ins_LearningMobility_3_question_3131,367.8,771.3,1936.0
1624105,stimulus_Ins_LearningMobility_3_question_3131,367.9,771.1,1936.0
1624106,stimulus_Ins_LearningMobility_3_question_3131,368.1,770.6,1936.0
1624107,stimulus_Ins_LearningMobility_3_question_3131,368.2,770.2,1936.0
1624108,stimulus_Ins_LearningMobility_3_question_3131,368.4,770.3,1935.0
1624109,stimulus_Ins_LearningMobility_3_question_3131,368.4,770.9,1933.0
1624110,stimulus_Ins_LearningMobility_3_question_3131,368.5,771.4,1931.0
1624111,stimulus_Ins_LearningMobility_3_question_3131,368.5,771.8,1932.0
1624112,stimulus_Ins_LearningMobility_3_question_3131,368.6,772.3,1931.0
1624113,stimulus_Ins_LearningMobility_3_question_3131,368.6,772.7,1931.0
1624114,stimulus_Ins_LearningMobility_3_question_3131,369.0,772.4,1934.0
1624115,stimulus_Ins_LearningMobility_3_question_3131,369.4,771.9,1938.0
1624116,stimulus_Ins_LearningMobility_3_question_3131,369.7,772.0,1940.0
1624117,stimulus_Ins_LearningMobility_3_question_3131,369.7,772.6,1939.0
1624118,stimulus_Ins_LearningMobility_3_question_3131,369.7,773.8,1938.0
1624119,stimulus_Ins_LearningMobility_3_question_3131,369.6,774.4,1935.0
1624120,stimulus_Ins_LearningMobility_3_question_3131,369.4,774.1,1932.0
1624121,stimulus_Ins_LearningMobility_3_question_3131,369.3,773.3,1931.0
1624122,stimulus_Ins_LearningMobility_3_question_3131,369.2,772.5,1933.0
1624123,stimulus_Ins_LearningMobility_3_question_3131,369.5,772.6,1935.0
1624124,stimulus_Ins_LearningMobility_3_question_3131,369.7,772.6,1936.0
1624125,stimulus_Ins_LearningMobility_3_question_3131,369.6,772.8,1937.0
1624126,stimulus_Ins_LearningMobility_3_question_3131,369.2,772.9,1937.0
1624127,stimulus_Ins_LearningMobility_3_question_3131,369.1,773.1,1937.0
1624128,stimulus_Ins_LearningMobility_3_question_3131,369.4,773.1,1936.0
1624129,stimulus_Ins_LearningMobility_3_question_3131,369.7,773.0,1937.0
1624130,stimulus_Ins_LearningMobility_3_question_3131,369.8,772.8,1937.0
1624131,stimulus_Ins_LearningMobility_3_question_3131,369.8,771.8,1938.0
1624132,stimulus_Ins_LearningMobility_3_question_3131,369.8,770.9,1938.0
1624133,stimulus_Ins_LearningMobility_3_question_3131,369.8,770.1,1939.0
1624134,stimulus_Ins_LearningMobility_3_question_3131,369.8,770.0,1939.0
1624135,stimulus_Ins_LearningMobility_3_question_3131,369.9,770.4,1940.0
1624136,stimulus_Ins_LearningMobility_3_question_3131,370.0,770.8,1940.0
1624137,stimulus_Ins_LearningMobility_3_question_3131,370.0,771.7,1939.0
1624138,stimulus_Ins_LearningMobility_3_question_3131,369.8,772.3,1938.0
1624139,stimulus_Ins_LearningMobility_3_question_3131,369.6,772.7,1939.0
1624140,stimulus_Ins_LearningMobility_3_question_3131,369.4,772.9,1939.0
1624141,stimulus_Ins_LearningMobility_3_question_3131,369.4,773.1,1940.0
1624142,stimulus_Ins_LearningMobility_3_question_3131,369.8,772.6,1941.0
1624143,stimulus_Ins_LearningMobility_3_question_3131,370.2,771.9,1942.0
1624144,stimulus_Ins_LearningMobility_3_question_3131,370.1,771.6,1942.0
1624145,stimulus_Ins_LearningMobility_3_question_3131,369.6,772.0,1941.0
1624146,stimulus_Ins_LearningMobility_3_question_3131,369.1,771.8,1940.0
1624147,stimulus_Ins_LearningMobility_3_question_3131,369.1,771.1,1938.0
1624148,stimulus_Ins_LearningMobility_3_question_3131,369.2,771.6,1938.0
1624149,stimulus_Ins_LearningMobility_3_question_3131,369.2,772.8,1937.0
1624150,stimulus_Ins_LearningMobility_3_question_3131,369.2,772.8,1937.0
1624151,stimulus_Ins_LearningMobility_3_question_3131,369.2,771.6,1940.0
1624152,stimulus_Ins_LearningMobility_3_question_3131,369.1,770.3,1942.0
1624153,stimulus_Ins_LearningMobility_3_question_3131,369.1,770.3,1943.0
1624154,stimulus_Ins_LearningMobility_3_question_3131,369.1,770.3,1941.0
1624155,stimulus_Ins_LearningMobility_3_question_3131,369.1,770.7,1940.0
1624156,stimulus_Ins_LearningMobility_3_question_3131,369.1,771.1,1940.0
1624157,stimulus_Ins_LearningMobility_3_question_3131,369.1,771.5,1939.0
1624158,stimulus_Ins_LearningMobility_3_question_3131,369.0,771.6,1939.0
1624159,stimulus_Ins_LearningMobility_3_question_3131,369.0,771.8,1939.0
1624160,stimulus_Ins_LearningMobility_3_question_3131,369.1,771.9,1940.0
1624161,stimulus_Ins_LearningMobility_3_question_3131,369.1,771.9,1940.0
1624162,stimulus_Ins_LearningMobility_3_question_3131,369.1,771.2,1942.0
1624163,stimulus_Ins_LearningMobility_3_question_3131,369.3,770.7,1944.0
1624164,stimulus_Ins_LearningMobility_3_question_3131,369.4,770.2,1945.0
1624165,stimulus_Ins_LearningMobility_3_question_3131,369.4,770.3,1945.0
1624166,stimulus_Ins_LearningMobility_3_question_3131,369.3,770.5,1943.0
1624167,stimulus_Ins_LearningMobility_3_question_3131,369.1,770.4,1941.0
1624168,stimulus_Ins_LearningMobility_3_question_3131,368.9,770.4,1940.0
1624169,stimulus_Ins_LearningMobility_3_question_3131,368.6,770.2,1941.0
1624170,stimulus_Ins_LearningMobility_3_question_3131,368.4,770.3,1942.0
1624171,stimulus_Ins_LearningMobility_3_question_3131,368.1,770.4,1944.0
1624172,stimulus_Ins_LearningMobility_3_question_3131,367.9,770.5,1944.0
1624173,stimulus_Ins_LearningMobility_3_question_3131,367.7,770.5,1944.0
1624174,stimulus_Ins_LearningMobility_3_question_3131,367.7,770.6,1945.0
1624175,stimulus_Ins_LearningMobility_3_question_3131,367.8,770.6,1946.0
1624176,stimulus_Ins_LearningMobility_3_question_3131,367.7,770.6,1947.0
1624177,stimulus_Ins_LearningMobility_3_question_3131,367.6,770.5,1946.0
1624178,stimulus_Ins_LearningMobility_3_question_3131,367.4,770.3,1942.0
1624179,stimulus_Ins_LearningMobility_3_question_3131,366.8,770.2,1939.0
1624180,stimulus_Ins_LearningMobility_3_question_3131,366.4,770.2,1936.0
1624181,stimulus_Ins_LearningMobility_3_question_3131,366.3,770.3,1936.0
1624182,stimulus_Ins_LearningMobility_3_question_3131,366.5,770.4,1935.0
1624183,stimulus_Ins_LearningMobility_3_question_3131,366.7,770.5,1936.0
1624184,stimulus_Ins_LearningMobility_3_question_3131,366.7,770.4,1938.0
1624185,stimulus_Ins_LearningMobility_3_question_3131,367.0,770.2,1941.0
1624186,stimulus_Ins_LearningMobility_3_question_3131,367.2,769.8,1944.0
1624187,stimulus_Ins_LearningMobility_3_question_3131,367.9,769.1,1945.0
1624188,stimulus_Ins_LearningMobility_3_question_3131,368.4,768.6,1946.0
1624189,stimulus_Ins_LearningMobility_3_question_3131,369.0,769.0,1945.0
1624190,stimulus_Ins_LearningMobility_3_question_3131,368.9,770.0,1943.0
1624191,stimulus_Ins_LearningMobility_3_question_3131,368.8,771.0,1943.0
1624192,stimulus_Ins_LearningMobility_3_question_3131,368.8,771.1,1946.0
1624193,stimulus_Ins_LearningMobility_3_question_3131,369.0,769.9,1949.0
1624194,stimulus_Ins_LearningMobility_3_question_3131,369.8,768.8,1952.0
1624195,stimulus_Ins_LearningMobility_3_question_3131,370.5,768.2,1951.0
1624196,stimulus_Ins_LearningMobility_3_question_3131,371.2,768.7,1949.0
1624197,stimulus_Ins_LearningMobility_3_question_3131,371.4,769.5,1948.0
1624198,stimulus_Ins_LearningMobility_3_question_3131,371.5,769.9,1946.0
1624199,stimulus_Ins_LearningMobility_3_question_3131,371.5,770.3,1944.0
1624200,stimulus_Ins_LearningMobility_3_question_3131,371.5,770.6,1943.0
1624201,stimulus_Ins_LearningMobility_3_question_3131,371.5,770.8,1943.0
1624202,stimulus_Ins_LearningMobility_3_question_3131,371.3,770.6,1947.0
1624203,stimulus_Ins_LearningMobility_3_question_3131,371.2,770.4,1951.0
1624204,stimulus_Ins_LearningMobility_3_question_3131,371.6,770.1,1955.0
1624205,stimulus_Ins_LearningMobility_3_question_3131,372.2,770.1,1956.0
1624206,stimulus_Ins_LearningMobility_3_question_3131,372.9,770.4,1956.0
1624207,stimulus_Ins_LearningMobility_3_question_3131,373.1,770.8,1955.0
1624208,stimulus_Ins_LearningMobility_3_question_3131,373.2,771.0,1955.0
1624209,stimulus_Ins_LearningMobility_3_question_3131,373.2,770.8,1953.0
1624210,stimulus_Ins_LearningMobility_3_question_3131,372.9,770.6,1951.0
1624211,stimulus_Ins_LearningMobility_3_question_3131,372.6,770.5,1951.0
1624212,stimulus_Ins_LearningMobility_3_question_3131,372.3,770.6,1954.0
1624213,stimulus_Ins_LearningMobility_3_question_3131,372.3,770.7,1957.0
1624214,stimulus_Ins_LearningMobility_3_question_3131,372.3,770.9,1955.0
1624215,stimulus_Ins_LearningMobility_3_question_3131,372.3,771.0,1953.0
1624216,stimulus_Ins_LearningMobility_3_question_3131,372.7,771.1,1950.0
1624217,stimulus_Ins_LearningMobility_3_question_3131,373.1,771.1,1951.0
1624218,stimulus_Ins_LearningMobility_3_question_3131,373.4,771.0,1951.0
1624219,stimulus_Ins_LearningMobility_3_question_3131,373.2,770.9,1951.0
1624220,stimulus_Ins_LearningMobility_3_question_3131,373.2,770.7,1950.0
1624221,stimulus_Ins_LearningMobility_3_question_3131,373.4,770.4,1949.0
1624222,stimulus_Ins_LearningMobility_3_question_3131,373.4,770.0,1950.0
1624223,stimulus_Ins_LearningMobility_3_question_3131,373.4,769.5,1953.0
1624224,stimulus_Ins_LearningMobility_3_question_3131,373.0,769.3,1955.0
1624225,stimulus_Ins_LearningMobility_3_question_3131,372.5,769.3,1957.0
1624226,stimulus_Ins_LearningMobility_3_question_3131,372.0,769.4,1956.0
1624227,stimulus_Ins_LearningMobility_3_question_3131,371.8,769.9,1956.0
1624228,stimulus_Ins_LearningMobility_3_question_3131,371.8,770.2,1955.0
1624229,stimulus_Ins_LearningMobility_3_question_3131,371.9,770.4,1955.0
1624230,stimulus_Ins_LearningMobility_3_question_3131,371.9,770.2,1955.0
1624231,stimulus_Ins_LearningMobility_3_question_3131,371.9,769.9,1956.0
1624232,stimulus_Ins_LearningMobility_3_question_3131,372.3,769.9,1957.0
1624233,stimulus_Ins_LearningMobility_3_question_3131,372.7,769.8,1958.0
1624234,stimulus_Ins_LearningMobility_3_question_3131,373.3,769.7,1960.0
1624235,stimulus_Ins_LearningMobility_3_question_3131,373.4,769.7,1963.0
1624236,stimulus_Ins_LearningMobility_3_question_3131,373.4,769.6,1963.0
1624237,stimulus_Ins_LearningMobility_3_question_3131,373.1,769.0,1962.0
1624238,stimulus_Ins_LearningMobility_3_question_3131,372.0,768.3,1961.0
1624239,stimulus_Ins_LearningMobility_3_question_3131,371.1,767.9,1958.0
1624240,stimulus_Ins_LearningMobility_3_question_3131,370.6,768.3,1956.0
1624241,stimulus_Ins_LearningMobility_3_question_3131,370.8,768.7,1955.0
1624242,stimulus_Ins_LearningMobility_3_question_3131,370.5,768.9,1955.0
1624243,stimulus_Ins_LearningMobility_3_question_3131,370.1,768.8,1956.0
1624244,stimulus_Ins_LearningMobility_3_question_3131,369.6,768.5,1956.0
1624245,stimulus_Ins_LearningMobility_3_question_3131,369.5,768.2,1957.0
1624246,stimulus_Ins_LearningMobility_3_question_3131,369.3,767.7,1957.0
1624247,stimulus_Ins_LearningMobility_3_question_3131,368.9,767.5,1956.0
1624248,stimulus_Ins_LearningMobility_3_question_3131,368.3,767.4,1955.0
1624249,stimulus_Ins_LearningMobility_3_question_3131,367.9,767.4,1956.0
1624250,stimulus_Ins_LearningMobility_3_question_3131,367.5,767.4,1957.0
1624251,stimulus_Ins_LearningMobility_3_question_3131,367.5,767.5,1957.0
1624252,stimulus_Ins_LearningMobility_3_question_3131,367.6,767.5,1956.0
1624253,stimulus_Ins_LearningMobility_3_question_3131,367.9,767.6,1957.0
1624254,stimulus_Ins_LearningMobility_3_question_3131,368.3,767.7,1959.0
1624255,stimulus_Ins_LearningMobility_3_question_3131,368.7,767.7,1961.0
1624256,stimulus_Ins_LearningMobility_3_question_3131,368.0,767.8,1961.0
1624257,stimulus_Ins_LearningMobility_3_question_3131,367.3,768.0,1959.0
1624258,stimulus_Ins_LearningMobility_3_question_3131,367.2,768.6,1958.0
1624259,stimulus_Ins_LearningMobility_3_question_3131,368.1,769.5,1957.0
1624260,stimulus_Ins_LearningMobility_3_question_3131,368.9,770.1,1957.0
1624261,stimulus_Ins_LearningMobility_3_question_3131,369.3,770.0,1959.0
1624262,stimulus_Ins_LearningMobility_3_question_3131,369.4,769.5,1963.0
1624263,stimulus_Ins_LearningMobility_3_question_3131,369.2,768.7,1966.0
1624264,stimulus_Ins_LearningMobility_3_question_3131,368.8,768.2,1967.0
1624265,stimulus_Ins_LearningMobility_3_question_3131,368.4,767.7,1968.0
1624266,stimulus_Ins_LearningMobility_3_question_3131,368.4,767.8,1969.0
1624267,stimulus_Ins_LearningMobility_3_question_3131,369.3,768.2,1967.0
1624268,stimulus_Ins_LearningMobility_3_question_3131,370.2,768.7,1964.0
1624269,stimulus_Ins_LearningMobility_3_question_3131,371.1,769.1,1961.0
1624270,stimulus_Ins_LearningMobility_3_question_3131,371.1,769.2,1961.0
1624271,stimulus_Ins_LearningMobility_3_question_3131,371.0,768.9,1961.0
1624272,stimulus_Ins_LearningMobility_3_question_3131,370.9,768.5,1962.0
1624273,stimulus_Ins_LearningMobility_3_question_3131,370.8,768.4,1964.0
1624274,stimulus_Ins_LearningMobility_3_question_3131,370.7,768.5,1966.0
1624275,stimulus_Ins_LearningMobility_3_question_3131,370.7,768.3,1967.0
1624276,stimulus_Ins_LearningMobility_3_question_3131,370.7,768.0,1967.0
1624277,stimulus_Ins_LearningMobility_3_question_3131,370.7,768.0,1966.0
1624278,stimulus_Ins_LearningMobility_3_question_3131,370.8,768.3,1966.0
1624279,stimulus_Ins_LearningMobility_3_question_3131,370.9,768.7,1963.0
1624280,stimulus_Ins_LearningMobility_3_question_3131,371.0,768.9,1960.0
1624281,stimulus_Ins_LearningMobility_3_question_3131,371.1,769.0,1957.0
1624282,stimulus_Ins_LearningMobility_3_question_3131,371.6,768.9,1960.0
1624283,stimulus_Ins_LearningMobility_3_question_3131,372.0,768.9,1962.0
1624284,stimulus_Ins_LearningMobility_3_question_3131,372.4,769.0,1963.0
1624285,stimulus_Ins_LearningMobility_3_question_3131,372.4,768.9,1961.0
1624286,stimulus_Ins_LearningMobility_3_question_3131,371.9,768.7,1958.0
1624287,stimulus_Ins_LearningMobility_3_question_3131,371.2,768.5,1957.0
1624288,stimulus_Ins_LearningMobility_3_question_3131,370.6,768.6,1957.0
1624289,stimulus_Ins_LearningMobility_3_question_3131,371.0,769.1,1956.0
1624290,stimulus_Ins_LearningMobility_3_question_3131,371.3,769.7,1953.0
1624291,stimulus_Ins_LearningMobility_3_question_3131,371.2,769.2,1952.0
1624292,stimulus_Ins_LearningMobility_3_question_3131,370.8,768.4,1954.0
1624293,stimulus_Ins_LearningMobility_3_question_3131,370.2,767.7,1956.0
1624294,stimulus_Ins_LearningMobility_3_question_3131,369.8,767.8,1956.0
1624295,stimulus_Ins_LearningMobility_3_question_3131,369.4,768.0,1956.0
1624296,stimulus_Ins_LearningMobility_3_question_3131,369.2,768.2,1956.0
1624297,stimulus_Ins_LearningMobility_3_question_3131,368.6,768.6,1955.0
1624298,stimulus_Ins_LearningMobility_3_question_3131,368.0,768.9,1956.0
1624299,stimulus_Ins_LearningMobility_3_question_3131,367.5,769.0,1958.0
1624300,stimulus_Ins_LearningMobility_3_question_3131,367.1,768.8,1959.0
1624301,stimulus_Ins_LearningMobility_3_question_3131,366.7,768.7,1959.0
1624302,stimulus_Ins_LearningMobility_3_question_3131,366.2,768.8,1960.0
1624303,stimulus_Ins_LearningMobility_3_question_3131,366.1,768.9,1960.0
1624304,stimulus_Ins_LearningMobility_3_question_3131,366.1,768.9,1960.0
1624305,stimulus_Ins_LearningMobility_3_question_3131,366.2,768.0,1962.0
1624306,stimulus_Ins_LearningMobility_3_question_3131,366.1,767.0,1965.0
1624307,stimulus_Ins_LearningMobility_3_question_3131,365.9,767.1,1967.0
1624308,stimulus_Ins_LearningMobility_3_question_3131,365.7,768.2,1966.0
1624309,stimulus_Ins_LearningMobility_3_question_3131,365.7,769.4,1966.0
1624310,stimulus_Ins_LearningMobility_3_question_3131,365.7,769.6,1962.0
1624311,stimulus_Ins_LearningMobility_3_question_3131,365.7,769.4,1959.0
1624312,stimulus_Ins_LearningMobility_3_question_3131,365.6,769.1,1956.0
1624313,stimulus_Ins_LearningMobility_3_question_3131,365.6,769.3,1956.0
1624314,stimulus_Ins_LearningMobility_3_question_3131,365.8,769.8,1958.0
1624315,stimulus_Ins_LearningMobility_3_question_3131,366.0,770.3,1961.0
1624316,stimulus_Ins_LearningMobility_3_question_3131,366.2,770.0,1964.0
1624317,stimulus_Ins_LearningMobility_3_question_3131,366.3,769.5,1963.0
1624318,stimulus_Ins_LearningMobility_3_question_3131,366.3,769.0,1962.0
1624319,stimulus_Ins_LearningMobility_3_question_3131,366.2,769.2,1961.0
1624320,stimulus_Ins_LearningMobility_3_question_3131,366.1,769.7,1961.0
1624321,stimulus_Ins_LearningMobility_3_question_3131,366.2,769.5,1961.0
1624322,stimulus_Ins_LearningMobility_3_question_3131,366.2,768.8,1963.0
1624323,stimulus_Ins_LearningMobility_3_question_3131,366.3,768.3,1965.0
1624324,stimulus_Ins_LearningMobility_3_question_3131,366.6,769.0,1967.0
1624325,stimulus_Ins_LearningMobility_3_question_3131,366.8,769.8,1967.0
1624326,stimulus_Ins_LearningMobility_3_question_3131,366.8,770.2,1967.0
1624327,stimulus_Ins_LearningMobility_3_question_3131,366.6,770.1,1966.0
1624328,stimulus_Ins_LearningMobility_3_question_3131,366.2,770.0,1965.0
1624329,stimulus_Ins_LearningMobility_3_question_3131,366.0,769.9,1965.0
1624330,stimulus_Ins_LearningMobility_3_question_3131,365.7,770.1,1963.0
1624331,stimulus_Ins_LearningMobility_3_question_3131,365.6,770.4,1962.0
1624332,stimulus_Ins_LearningMobility_3_question_3131,365.5,770.3,1962.0
1624333,stimulus_Ins_LearningMobility_3_question_3131,365.4,769.9,1961.0
1624334,stimulus_Ins_LearningMobility_3_question_3131,365.4,769.8,1961.0
1624335,stimulus_Ins_LearningMobility_3_question_3131,365.5,770.3,1960.0
1624336,stimulus_Ins_LearningMobility_3_question_3131,365.7,770.5,1960.0
1624337,stimulus_Ins_LearningMobility_3_question_3131,366.0,770.4,1962.0
1624338,stimulus_Ins_LearningMobility_3_question_3131,366.2,770.3,1965.0
1624339,stimulus_Ins_LearningMobility_3_question_3131,365.7,770.2,1966.0
1624340,stimulus_Ins_LearningMobility_3_question_3131,365.1,770.0,1965.0
1624341,stimulus_Ins_LearningMobility_3_question_3131,364.8,769.9,1965.0
1624342,stimulus_Ins_LearningMobility_3_question_3131,365.1,770.0,1965.0
1624343,stimulus_Ins_LearningMobility_3_question_3131,365.4,769.8,1965.0
1624344,stimulus_Ins_LearningMobility_3_question_3131,365.5,769.4,1966.0
1624345,stimulus_Ins_LearningMobility_3_question_3131,365.6,768.7,1967.0
1624346,stimulus_Ins_LearningMobility_3_question_3131,365.7,768.3,1967.0
1624347,stimulus_Ins_LearningMobility_3_question_3131,365.7,768.5,1966.0
1624348,stimulus_Ins_LearningMobility_3_question_3131,365.8,769.0,1967.0
1624349,stimulus_Ins_LearningMobility_3_question_3131,366.0,769.5,1967.0
1624350,stimulus_Ins_LearningMobility_3_question_3131,366.2,769.6,1967.0
1624351,stimulus_Ins_LearningMobility_3_question_3131,366.0,769.7,1968.0
1624352,stimulus_Ins_LearningMobility_3_question_3131,365.7,769.8,1968.0
1624353,stimulus_Ins_LearningMobility_3_question_3131,365.2,769.2,1968.0
1624354,stimulus_Ins_LearningMobility_3_question_3131,364.9,768.6,1970.0
1624355,stimulus_Ins_LearningMobility_3_question_3131,365.0,768.1,1971.0
1624356,stimulus_Ins_LearningMobility_3_question_3131,365.1,768.4,1971.0
1624357,stimulus_Ins_LearningMobility_3_question_3131,365.3,768.8,1968.0
1624358,stimulus_Ins_LearningMobility_3_question_3131,365.2,769.2,1965.0
1624359,stimulus_Ins_LearningMobility_3_question_3131,365.3,769.6,1962.0
1624360,stimulus_Ins_LearningMobility_3_question_3131,365.4,769.2,1964.0
1624361,stimulus_Ins_LearningMobility_3_question_3131,365.6,768.6,1967.0
1624362,stimulus_Ins_LearningMobility_3_question_3131,365.1,767.6,1969.0
1624363,stimulus_Ins_LearningMobility_3_question_3131,364.6,767.0,1969.0
1624364,stimulus_Ins_LearningMobility_3_question_3131,364.0,766.5,1970.0
1624365,stimulus_Ins_LearningMobility_3_question_3131,364.1,766.5,1972.0
1624366,stimulus_Ins_LearningMobility_3_question_3131,364.2,766.5,1975.0
1624367,stimulus_Ins_LearningMobility_3_question_3131,365.0,767.1,1974.0
1624368,stimulus_Ins_LearningMobility_3_question_3131,365.7,767.8,1971.0
1624369,stimulus_Ins_LearningMobility_3_question_3131,367.3,768.4,1967.0
1624370,stimulus_Ins_LearningMobility_3_question_3131,369.1,768.4,1966.0
1624371,stimulus_Ins_LearningMobility_3_question_3131,372.1,768.1,1967.0
1624372,stimulus_Ins_LearningMobility_3_question_3131,375.4,767.5,1969.0
1624373,stimulus_Ins_LearningMobility_3_question_3131,378.1,766.9,1971.0
1624374,stimulus_Ins_LearningMobility_3_question_3131,383.4,767.6,1971.0
1624375,stimulus_Ins_LearningMobility_3_question_3131,390.1,768.6,1970.0
1624376,stimulus_Ins_LearningMobility_3_question_3131,399.8,770.3,1971.0
1624377,stimulus_Ins_LearningMobility_3_question_3131,408.0,771.0,1973.0
1624378,stimulus_Ins_LearningMobility_3_question_3131,416.3,771.9,1974.0
1624379,stimulus_Ins_LearningMobility_3_question_3131,424.3,772.4,1973.0
1624380,stimulus_Ins_LearningMobility_3_question_3131,433.6,773.7,1974.0
1624381,stimulus_Ins_LearningMobility_3_question_3131,442.7,774.7,1977.0
1624382,stimulus_Ins_LearningMobility_3_question_3131,452.3,774.8,1979.0
1624383,stimulus_Ins_LearningMobility_3_question_3131,460.6,774.2,1980.0
1624384,stimulus_Ins_LearningMobility_3_question_3131,468.0,773.6,1982.0
1624385,stimulus_Ins_LearningMobility_3_question_3131,474.1,773.8,1980.0
1624386,stimulus_Ins_LearningMobility_3_question_3131,479.6,774.0,1977.0
1624387,stimulus_Ins_LearningMobility_3_question_3131,485.6,773.8,1976.0
1624388,stimulus_Ins_LearningMobility_3_question_3131,491.0,773.8,1977.0
1624389,stimulus_Ins_LearningMobility_3_question_3131,496.2,773.8,1977.0
1624390,stimulus_Ins_LearningMobility_3_question_3131,500.3,773.1,1976.0
1624391,stimulus_Ins_LearningMobility_3_question_3131,502.8,771.4,1973.0
1624392,stimulus_Ins_LearningMobility_3_question_3131,505.0,769.8,1970.0
1624393,stimulus_Ins_LearningMobility_3_question_3131,507.6,769.1,1967.0
1624394,stimulus_Ins_LearningMobility_3_question_3131,511.5,769.2,1965.0
1624395,stimulus_Ins_LearningMobility_3_question_3131,516.0,769.2,1963.0
1624396,stimulus_Ins_LearningMobility_3_question_3131,519.7,769.2,1962.0
1624397,stimulus_Ins_LearningMobility_3_question_3131,524.1,769.2,1961.0
1624398,stimulus_Ins_LearningMobility_3_question_3131,527.2,769.1,1958.0
1624399,stimulus_Ins_LearningMobility_3_question_3131,529.7,769.1,1955.0
1624400,stimulus_Ins_LearningMobility_3_question_3131,530.3,769.7,1953.0
1624401,stimulus_Ins_LearningMobility_3_question_3131,530.5,770.4,1954.0
1624402,stimulus_Ins_LearningMobility_3_question_3131,530.9,771.0,1954.0
1624403,stimulus_Ins_LearningMobility_3_question_3131,531.8,771.1,1955.0
1624404,stimulus_Ins_LearningMobility_3_question_3131,532.5,771.1,1956.0
1624405,stimulus_Ins_LearningMobility_3_question_3131,533.1,771.2,1953.0
1624406,stimulus_Ins_LearningMobility_3_question_3131,533.1,771.3,1950.0
1624407,stimulus_Ins_LearningMobility_3_question_3131,533.1,771.7,1946.0
1624408,stimulus_Ins_LearningMobility_3_question_3131,532.5,772.0,1947.0
1624409,stimulus_Ins_LearningMobility_3_question_3131,532.0,772.1,1948.0
1624410,stimulus_Ins_LearningMobility_3_question_3131,531.5,771.7,1950.0
1624411,stimulus_Ins_LearningMobility_3_question_3131,531.6,770.9,1952.0
1624412,stimulus_Ins_LearningMobility_3_question_3131,531.4,770.6,1953.0
1624413,stimulus_Ins_LearningMobility_3_question_3131,531.2,770.4,1953.0
1624414,stimulus_Ins_LearningMobility_3_question_3131,531.6,770.3,1953.0
1624415,stimulus_Ins_LearningMobility_3_question_3131,532.2,770.1,1953.0
1624416,stimulus_Ins_LearningMobility_3_question_3131,532.8,769.9,1952.0
1624417,stimulus_Ins_LearningMobility_3_question_3131,532.9,770.4,1951.0
1624418,stimulus_Ins_LearningMobility_3_question_3131,532.8,770.9,1950.0
1624419,stimulus_Ins_LearningMobility_3_question_3131,532.7,771.3,1949.0
1624420,stimulus_Ins_LearningMobility_3_question_3131,533.0,771.3,1950.0
1624421,stimulus_Ins_LearningMobility_3_question_3131,533.3,771.5,1951.0
1624422,stimulus_Ins_LearningMobility_3_question_3131,533.6,771.6,1952.0
1624423,stimulus_Ins_LearningMobility_3_question_3131,533.6,771.7,1952.0
1624424,stimulus_Ins_LearningMobility_3_question_3131,533.5,771.7,1949.0
1624425,stimulus_Ins_LearningMobility_3_question_3131,533.4,771.8,1947.0
1624426,stimulus_Ins_LearningMobility_3_question_3131,533.2,772.1,1944.0
1624427,stimulus_Ins_LearningMobility_3_question_3131,533.0,772.3,1943.0
1624428,stimulus_Ins_LearningMobility_3_question_3131,533.0,772.4,1944.0
1624429,stimulus_Ins_LearningMobility_3_question_3131,533.0,772.1,1946.0
1624430,stimulus_Ins_LearningMobility_3_question_3131,533.0,771.7,1947.0
1624431,stimulus_Ins_LearningMobility_3_question_3131,533.1,771.5,1947.0
1624432,stimulus_Ins_LearningMobility_3_question_3131,533.1,771.4,1946.0
1624433,stimulus_Ins_LearningMobility_3_question_3131,533.2,771.5,1949.0
1624434,stimulus_Ins_LearningMobility_3_question_3131,533.4,771.5,1953.0
1624435,stimulus_Ins_LearningMobility_3_question_3131,533.8,772.6,1955.0
1624436,stimulus_Ins_LearningMobility_3_question_3131,534.2,773.7,1953.0
1624437,stimulus_Ins_LearningMobility_3_question_3131,534.3,774.8,1951.0
1624438,stimulus_Ins_LearningMobility_3_question_3131,534.3,774.9,1951.0
1624439,stimulus_Ins_LearningMobility_3_question_3131,534.2,774.3,1949.0
1624440,stimulus_Ins_LearningMobility_3_question_3131,534.2,773.6,1948.0
1624441,stimulus_Ins_LearningMobility_3_question_3131,534.2,772.9,1947.0
1624442,stimulus_Ins_LearningMobility_3_question_3131,534.4,772.2,1946.0
1624443,stimulus_Ins_LearningMobility_3_question_3131,534.6,771.5,1947.0
1624444,stimulus_Ins_LearningMobility_3_question_3131,534.3,771.5,1948.0
1624445,stimulus_Ins_LearningMobility_3_question_3131,533.9,772.0,1949.0
1624446,stimulus_Ins_LearningMobility_3_question_3131,533.7,772.5,1947.0
1624447,stimulus_Ins_LearningMobility_3_question_3131,534.0,772.5,1946.0
1624448,stimulus_Ins_LearningMobility_3_question_3131,534.1,772.9,1943.0
1624449,stimulus_Ins_LearningMobility_3_question_3131,533.6,773.3,1939.0
1624450,stimulus_Ins_LearningMobility_3_question_3131,533.2,773.4,1939.0
1624451,stimulus_Ins_LearningMobility_3_question_3131,533.1,772.9,1942.0
1624452,stimulus_Ins_LearningMobility_3_question_3131,533.6,772.3,1946.0
1624453,stimulus_Ins_LearningMobility_3_question_3131,534.1,772.1,1948.0
1624454,stimulus_Ins_LearningMobility_3_question_3131,534.4,772.0,1950.0
1624455,stimulus_Ins_LearningMobility_3_question_3131,534.6,772.0,1947.0
1624456,stimulus_Ins_LearningMobility_3_question_3131,534.7,771.9,1945.0
1624457,stimulus_Ins_LearningMobility_3_question_3131,534.5,771.8,1943.0
1624458,stimulus_Ins_LearningMobility_3_question_3131,534.2,771.8,1943.0
1624459,stimulus_Ins_LearningMobility_3_question_3131,534.0,771.8,1943.0
1624460,stimulus_Ins_LearningMobility_3_question_3131,533.8,771.8,1944.0
1624461,stimulus_Ins_LearningMobility_3_question_3131,533.6,771.9,1944.0
1624462,stimulus_Ins_LearningMobility_3_question_3131,533.6,772.1,1945.0
1624463,stimulus_Ins_LearningMobility_3_question_3131,533.7,772.3,1947.0
1624464,stimulus_Ins_LearningMobility_3_question_3131,533.9,772.3,1948.0
1624465,stimulus_Ins_LearningMobility_3_question_3131,533.9,772.1,1948.0
1624466,stimulus_Ins_LearningMobility_3_question_3131,533.9,771.9,1947.0
1624467,stimulus_Ins_LearningMobility_3_question_3131,533.8,771.8,1946.0
1624468,stimulus_Ins_LearningMobility_3_question_3131,533.6,772.1,1943.0
1624469,stimulus_Ins_LearningMobility_3_question_3131,533.4,772.5,1941.0
1624470,stimulus_Ins_LearningMobility_3_question_3131,533.4,773.0,1939.0
1624471,stimulus_Ins_LearningMobility_3_question_3131,533.4,773.1,1939.0
1624472,stimulus_Ins_LearningMobility_3_question_3131,533.4,773.2,1942.0
1624473,stimulus_Ins_LearningMobility_3_question_3131,533.6,773.3,1945.0
1624474,stimulus_Ins_LearningMobility_3_question_3131,533.8,773.7,1948.0
1624475,stimulus_Ins_LearningMobility_3_question_3131,533.9,774.0,1948.0
1624476,stimulus_Ins_LearningMobility_3_question_3131,533.1,774.0,1948.0
1624477,stimulus_Ins_LearningMobility_3_question_3131,532.2,773.3,1948.0
1624478,stimulus_Ins_LearningMobility_3_question_3131,531.8,772.7,1948.0
1624479,stimulus_Ins_LearningMobility_3_question_3131,532.3,772.3,1948.0
1624480,stimulus_Ins_LearningMobility_3_question_3131,532.7,772.3,1947.0
1624481,stimulus_Ins_LearningMobility_3_question_3131,532.7,772.3,1947.0
1624482,stimulus_Ins_LearningMobility_3_question_3131,532.8,771.9,1946.0
1624483,stimulus_Ins_LearningMobility_3_question_3131,532.9,771.6,1947.0
1624484,stimulus_Ins_LearningMobility_3_question_3131,533.0,771.4,1948.0
1624485,stimulus_Ins_LearningMobility_3_question_3131,532.9,771.7,1948.0
1624486,stimulus_Ins_LearningMobility_3_question_3131,532.8,771.9,1948.0
1624487,stimulus_Ins_LearningMobility_3_question_3131,532.6,772.0,1945.0
1624488,stimulus_Ins_LearningMobility_3_question_3131,532.3,772.3,1940.0
1624489,stimulus_Ins_LearningMobility_3_question_3131,532.2,773.2,1934.0
1624490,stimulus_Ins_LearningMobility_3_question_3131,532.3,774.0,1931.0
1624491,stimulus_Ins_LearningMobility_3_question_3131,532.4,774.2,1934.0
1624492,stimulus_Ins_LearningMobility_3_question_3131,532.5,773.9,1937.0
1624493,stimulus_Ins_LearningMobility_3_question_3131,532.6,774.1,1940.0
1624494,stimulus_Ins_LearningMobility_3_question_3131,532.6,774.6,1939.0
1624495,stimulus_Ins_LearningMobility_3_question_3131,532.6,774.7,1937.0
1624496,stimulus_Ins_LearningMobility_3_question_3131,532.7,774.2,1937.0
1624497,stimulus_Ins_LearningMobility_3_question_3131,532.7,773.8,1938.0
1624498,stimulus_Ins_LearningMobility_3_question_3131,532.9,774.7,1940.0
1624499,stimulus_Ins_LearningMobility_3_question_3131,533.0,775.6,1940.0
1624500,stimulus_Ins_LearningMobility_3_question_3131,532.9,775.9,1940.0
1624501,stimulus_Ins_LearningMobility_3_question_3131,532.7,775.5,1940.0
1624502,stimulus_Ins_LearningMobility_3_question_3131,532.4,775.0,1941.0
1624503,stimulus_Ins_LearningMobility_3_question_3131,531.8,774.7,1942.0
1624504,stimulus_Ins_LearningMobility_3_question_3131,531.4,774.5,1943.0
1624505,stimulus_Ins_LearningMobility_3_question_3131,531.2,774.2,1944.0
1624506,stimulus_Ins_LearningMobility_3_question_3131,531.2,774.2,1944.0
1624507,stimulus_Ins_LearningMobility_3_question_3131,531.7,774.8,1944.0
1624508,stimulus_Ins_LearningMobility_3_question_3131,532.2,775.5,1943.0
1624509,stimulus_Ins_LearningMobility_3_question_3131,532.6,775.8,1942.0
1624510,stimulus_Ins_LearningMobility_3_question_3131,532.7,775.3,1941.0
1624511,stimulus_Ins_LearningMobility_3_question_3131,532.1,774.7,1941.0
1624512,stimulus_Ins_LearningMobility_3_question_3131,531.5,774.4,1942.0
1624513,stimulus_Ins_LearningMobility_3_question_3131,530.9,774.6,1943.0
1624514,stimulus_Ins_LearningMobility_3_question_3131,530.8,774.9,1943.0
1624515,stimulus_Ins_LearningMobility_3_question_3131,530.7,775.3,1943.0
1624516,stimulus_Ins_LearningMobility_3_question_3131,530.5,775.4,1944.0
1624517,stimulus_Ins_LearningMobility_3_question_3131,530.5,775.3,1945.0
1624518,stimulus_Ins_LearningMobility_3_question_3131,530.5,775.2,1944.0
1624519,stimulus_Ins_LearningMobility_3_question_3131,530.5,775.0,1943.0
1624520,stimulus_Ins_LearningMobility_3_question_3131,530.8,774.9,1942.0
1624521,stimulus_Ins_LearningMobility_3_question_3131,531.0,774.7,1942.0
1624522,stimulus_Ins_LearningMobility_3_question_3131,531.8,775.1,1942.0
1624523,stimulus_Ins_LearningMobility_3_question_3131,532.4,775.6,1942.0
1624524,stimulus_Ins_LearningMobility_3_question_3131,532.9,775.7,1942.0
1624525,stimulus_Ins_LearningMobility_3_question_3131,533.5,775.2,1941.0
1624526,stimulus_Ins_LearningMobility_3_question_3131,534.0,775.0,1938.0
1624527,stimulus_Ins_LearningMobility_3_question_3131,534.4,775.4,1935.0
1624528,stimulus_Ins_LearningMobility_3_question_3131,534.1,775.8,1934.0
1624529,stimulus_Ins_LearningMobility_3_question_3131,533.7,776.0,1933.0
1624530,stimulus_Ins_LearningMobility_3_question_3131,533.3,776.0,1933.0
1624531,stimulus_Ins_LearningMobility_3_question_3131,532.9,775.9,1934.0
1624532,stimulus_Ins_LearningMobility_3_question_3131,533.0,775.8,1935.0
1624533,stimulus_Ins_LearningMobility_3_question_3131,533.5,775.8,1938.0
1624534,stimulus_Ins_LearningMobility_3_question_3131,534.0,775.5,1940.0
1624535,stimulus_Ins_LearningMobility_3_question_3131,533.8,775.2,1942.0
1624536,stimulus_Ins_LearningMobility_3_question_3131,533.5,775.0,1942.0
1624537,stimulus_Ins_LearningMobility_3_question_3131,533.5,775.2,1943.0
1624538,stimulus_Ins_LearningMobility_3_question_3131,533.7,775.7,1943.0
1624539,stimulus_Ins_LearningMobility_3_question_3131,533.9,776.1,1943.0
1624540,stimulus_Ins_LearningMobility_3_question_3131,534.0,776.4,1943.0
1624541,stimulus_Ins_LearningMobility_3_question_3131,534.0,776.3,1943.0
1624542,stimulus_Ins_LearningMobility_3_question_3131,533.9,776.0,1943.0
1624543,stimulus_Ins_LearningMobility_3_question_3131,533.8,775.7,1943.0
1624544,stimulus_Ins_LearningMobility_3_question_3131,533.6,775.3,1944.0
1624545,stimulus_Ins_LearningMobility_3_question_3131,533.5,774.9,1945.0
1624546,stimulus_Ins_LearningMobility_3_question_3131,533.5,775.1,1946.0
1624547,stimulus_Ins_LearningMobility_3_question_3131,533.7,775.7,1945.0
1624548,stimulus_Ins_LearningMobility_3_question_3131,533.7,775.6,1944.0
1624549,stimulus_Ins_LearningMobility_3_question_3131,533.7,775.0,1942.0
1624550,stimulus_Ins_LearningMobility_3_question_3131,533.5,774.1,1941.0
1624551,stimulus_Ins_LearningMobility_3_question_3131,533.4,773.9,1943.0
1624552,stimulus_Ins_LearningMobility_3_question_3131,533.4,774.0,1945.0
1624553,stimulus_Ins_LearningMobility_3_question_3131,533.6,774.2,1948.0
1624554,stimulus_Ins_LearningMobility_3_question_3131,532.8,774.5,1950.0
1624555,stimulus_Ins_LearningMobility_3_question_3131,532.0,774.6,1951.0
1624556,stimulus_Ins_LearningMobility_3_question_3131,531.8,775.0,1947.0
1624557,stimulus_Ins_LearningMobility_3_question_3131,532.6,775.7,1944.0
1624558,stimulus_Ins_LearningMobility_3_question_3131,533.3,776.4,1940.0
1624559,stimulus_Ins_LearningMobility_3_question_3131,533.3,776.8,1941.0
1624560,stimulus_Ins_LearningMobility_3_question_3131,533.4,776.7,1941.0
1624561,stimulus_Ins_LearningMobility_3_question_3131,533.5,776.7,1942.0
1624562,stimulus_Ins_LearningMobility_3_question_3131,533.3,776.0,1944.0
1624563,stimulus_Ins_LearningMobility_3_question_3131,532.9,775.3,1947.0
1624564,stimulus_Ins_LearningMobility_3_question_3131,532.3,774.6,1948.0
1624565,stimulus_Ins_LearningMobility_3_question_3131,532.3,775.1,1946.0
1624566,stimulus_Ins_LearningMobility_3_question_3131,532.2,775.3,1943.0
1624567,stimulus_Ins_LearningMobility_3_question_3131,532.3,775.3,1942.0
1624568,stimulus_Ins_LearningMobility_3_question_3131,532.4,774.9,1941.0
1624569,stimulus_Ins_LearningMobility_3_question_3131,532.5,774.9,1941.0
1624570,stimulus_Ins_LearningMobility_3_question_3131,532.7,775.1,1941.0
1624571,stimulus_Ins_LearningMobility_3_question_3131,532.7,775.3,1942.0
1624572,stimulus_Ins_LearningMobility_3_question_3131,532.7,775.4,1942.0
1624573,stimulus_Ins_LearningMobility_3_question_3131,532.7,775.3,1943.0
1624574,stimulus_Ins_LearningMobility_3_question_3131,532.6,775.2,1944.0
1624575,stimulus_Ins_LearningMobility_3_question_3131,532.8,775.1,1944.0
1624576,stimulus_Ins_LearningMobility_3_question_3131,533.2,775.3,1940.0
1624577,stimulus_Ins_LearningMobility_3_question_3131,533.6,776.0,1937.0
1624578,stimulus_Ins_LearningMobility_3_question_3131,533.7,776.7,1935.0
1624579,stimulus_Ins_LearningMobility_3_question_3131,533.5,777.3,1935.0
1624580,stimulus_Ins_LearningMobility_3_question_3131,533.1,777.4,1934.0
1624581,stimulus_Ins_LearningMobility_3_question_3131,532.7,777.3,1934.0
1624582,stimulus_Ins_LearningMobility_3_question_3131,532.4,776.8,1934.0
1624583,stimulus_Ins_LearningMobility_3_question_3131,532.2,776.4,1934.0
1624584,stimulus_Ins_LearningMobility_3_question_3131,531.9,776.1,1934.0
1624585,stimulus_Ins_LearningMobility_3_question_3131,531.5,776.0,1935.0
1624586,stimulus_Ins_LearningMobility_3_question_3131,531.4,775.6,1937.0
1624587,stimulus_Ins_LearningMobility_3_question_3131,531.5,775.2,1936.0
1624588,stimulus_Ins_LearningMobility_3_question_3131,531.8,774.9,1933.0
1624589,stimulus_Ins_LearningMobility_3_question_3131,531.9,774.6,1931.0
1624590,stimulus_Ins_LearningMobility_3_question_3131,531.7,774.4,1931.0
1624591,stimulus_Ins_LearningMobility_3_question_3131,531.5,774.5,1930.0
1624592,stimulus_Ins_LearningMobility_3_question_3131,531.5,774.6,1933.0
1624593,stimulus_Ins_LearningMobility_3_question_3131,531.6,774.2,1935.0
1624594,stimulus_Ins_LearningMobility_3_question_3131,531.7,773.8,1937.0
1624595,stimulus_Ins_LearningMobility_3_question_3131,531.8,773.7,1936.0
1624596,stimulus_Ins_LearningMobility_3_question_3131,532.3,774.4,1935.0
1624597,stimulus_Ins_LearningMobility_3_question_3131,532.8,775.0,1936.0
1624598,stimulus_Ins_LearningMobility_3_question_3131,532.6,775.5,1937.0
1624599,stimulus_Ins_LearningMobility_3_question_3131,532.0,775.6,1935.0
1624600,stimulus_Ins_LearningMobility_3_question_3131,531.7,775.5,1931.0
1624601,stimulus_Ins_LearningMobility_3_question_3131,531.8,775.3,1928.0
1624602,stimulus_Ins_LearningMobility_3_question_3131,532.1,775.3,1930.0
1624603,stimulus_Ins_LearningMobility_3_question_3131,532.3,775.6,1933.0
1624604,stimulus_Ins_LearningMobility_3_question_3131,532.6,775.5,1936.0
1624605,stimulus_Ins_LearningMobility_3_question_3131,532.5,775.0,1937.0
1624606,stimulus_Ins_LearningMobility_3_question_3131,532.3,774.4,1936.0
1624607,stimulus_Ins_LearningMobility_3_question_3131,532.1,774.1,1935.0
1624608,stimulus_Ins_LearningMobility_3_question_3131,532.1,774.0,1933.0
1624609,stimulus_Ins_LearningMobility_3_question_3131,532.1,774.2,1932.0
1624610,stimulus_Ins_LearningMobility_3_question_3131,532.2,774.7,1931.0
1624611,stimulus_Ins_LearningMobility_3_question_3131,532.5,775.2,1932.0
1624612,stimulus_Ins_LearningMobility_3_question_3131,532.8,775.4,1935.0
1624613,stimulus_Ins_LearningMobility_3_question_3131,532.9,775.4,1937.0
1624614,stimulus_Ins_LearningMobility_3_question_3131,532.6,775.5,1938.0
1624615,stimulus_Ins_LearningMobility_3_question_3131,532.3,775.6,1939.0
1624616,stimulus_Ins_LearningMobility_3_question_3131,532.3,775.8,1937.0
1624617,stimulus_Ins_LearningMobility_3_question_3131,532.3,776.0,1936.0
1624618,stimulus_Ins_LearningMobility_3_question_3131,532.2,776.3,1931.0
1624619,stimulus_Ins_LearningMobility_3_question_3131,532.3,776.5,1929.0
1624620,stimulus_Ins_LearningMobility_3_question_3131,532.4,776.3,1927.0
1624621,stimulus_Ins_LearningMobility_3_question_3131,532.5,776.1,1927.0
1624622,stimulus_Ins_LearningMobility_3_question_3131,532.6,775.8,1928.0
1624623,stimulus_Ins_LearningMobility_3_question_3131,532.7,775.5,1928.0
1624624,stimulus_Ins_LearningMobility_3_question_3131,532.5,775.1,1929.0
1624625,stimulus_Ins_LearningMobility_3_question_3131,532.3,775.3,1930.0
1624626,stimulus_Ins_LearningMobility_3_question_3131,532.1,775.8,1929.0
1624627,stimulus_Ins_LearningMobility_3_question_3131,532.1,776.3,1928.0
1624628,stimulus_Ins_LearningMobility_3_question_3131,532.1,776.3,1927.0
1624629,stimulus_Ins_LearningMobility_3_question_3131,532.1,776.3,1927.0
1624630,stimulus_Ins_LearningMobility_3_question_3131,532.0,776.4,1927.0
1624631,stimulus_Ins_LearningMobility_3_question_3131,532.0,776.1,1927.0
1624632,stimulus_Ins_LearningMobility_3_question_3131,532.0,775.5,1927.0
1624633,stimulus_Ins_LearningMobility_3_question_3131,531.9,774.8,1927.0
1624634,stimulus_Ins_LearningMobility_3_question_3131,531.8,775.3,1925.0
1624635,stimulus_Ins_LearningMobility_3_question_3131,531.9,776.2,1924.0
1624636,stimulus_Ins_LearningMobility_3_question_3131,532.0,777.1,1923.0
1624637,stimulus_Ins_LearningMobility_3_question_3131,532.2,777.2,1921.0
1624638,stimulus_Ins_LearningMobility_3_question_3131,532.5,777.2,1919.0
1624639,stimulus_Ins_LearningMobility_3_question_3131,532.8,777.0,1917.0
1624640,stimulus_Ins_LearningMobility_3_question_3131,532.9,777.2,1918.0
1624641,stimulus_Ins_LearningMobility_3_question_3131,532.9,777.6,1919.0
1624642,stimulus_Ins_LearningMobility_3_question_3131,532.7,777.3,1921.0
1624643,stimulus_Ins_LearningMobility_3_question_3131,532.5,776.8,1924.0
1624644,stimulus_Ins_LearningMobility_3_question_3131,532.3,776.3,1927.0
1624645,stimulus_Ins_LearningMobility_3_question_3131,532.2,776.2,1928.0
1624646,stimulus_Ins_LearningMobility_3_question_3131,532.2,776.0,1925.0
1624647,stimulus_Ins_LearningMobility_3_question_3131,532.4,776.3,1920.0
1624648,stimulus_Ins_LearningMobility_3_question_3131,532.5,777.1,1917.0
1624649,stimulus_Ins_LearningMobility_3_question_3131,532.5,778.1,1916.0
1624650,stimulus_Ins_LearningMobility_3_question_3131,532.6,778.9,1916.0
1624651,stimulus_Ins_LearningMobility_3_question_3131,532.7,779.3,1917.0
1624652,stimulus_Ins_LearningMobility_3_question_3131,533.0,779.1,1918.0
1624653,stimulus_Ins_LearningMobility_3_question_3131,533.3,778.5,1920.0
1624654,stimulus_Ins_LearningMobility_3_question_3131,533.4,777.5,1920.0
1624655,stimulus_Ins_LearningMobility_3_question_3131,533.3,777.0,1920.0
1624656,stimulus_Ins_LearningMobility_3_question_3131,533.2,776.2,1920.0
1624657,stimulus_Ins_LearningMobility_3_question_3131,532.9,775.8,1920.0
1624658,stimulus_Ins_LearningMobility_3_question_3131,532.7,775.3,1920.0
1624659,stimulus_Ins_LearningMobility_3_question_3131,532.4,775.4,1919.0
1624660,stimulus_Ins_LearningMobility_3_question_3131,532.3,775.7,1918.0
1624661,stimulus_Ins_LearningMobility_3_question_3131,532.5,776.4,1917.0
1624662,stimulus_Ins_LearningMobility_3_question_3131,532.8,776.9,1921.0
1624663,stimulus_Ins_LearningMobility_3_question_3131,533.0,777.1,1925.0
1624664,stimulus_Ins_LearningMobility_3_question_3131,532.4,776.5,1927.0
1624665,stimulus_Ins_LearningMobility_3_question_3131,531.8,775.8,1924.0
1624666,stimulus_Ins_LearningMobility_3_question_3131,531.8,775.4,1922.0
1624667,stimulus_Ins_LearningMobility_3_question_3131,532.3,775.4,1922.0
1624668,stimulus_Ins_LearningMobility_3_question_3131,532.8,775.6,1922.0
1624669,stimulus_Ins_LearningMobility_3_question_3131,532.7,775.9,1922.0
1624670,stimulus_Ins_LearningMobility_3_question_3131,532.5,776.3,1922.0
1624671,stimulus_Ins_LearningMobility_3_question_3131,532.3,776.8,1920.0
1624672,stimulus_Ins_LearningMobility_3_question_3131,532.2,777.3,1919.0
1624673,stimulus_Ins_LearningMobility_3_question_3131,532.3,777.5,1919.0
1624674,stimulus_Ins_LearningMobility_3_question_3131,532.5,777.4,1921.0
1624675,stimulus_Ins_LearningMobility_3_question_3131,532.6,777.4,1922.0
1624676,stimulus_Ins_LearningMobility_3_question_3131,532.7,777.3,1922.0
1624677,stimulus_Ins_LearningMobility_3_question_3131,532.7,777.1,1923.0
1624678,stimulus_Ins_LearningMobility_3_question_3131,532.6,777.1,1921.0
1624679,stimulus_Ins_LearningMobility_3_question_3131,532.5,777.2,1919.0
1624680,stimulus_Ins_LearningMobility_3_question_3131,532.4,777.4,1916.0
1624681,stimulus_Ins_LearningMobility_3_question_3131,532.2,777.3,1916.0
1624682,stimulus_Ins_LearningMobility_3_question_3131,532.2,777.4,1916.0
1624683,stimulus_Ins_LearningMobility_3_question_3131,532.2,777.5,1916.0
1624684,stimulus_Ins_LearningMobility_3_question_3131,532.1,777.2,1918.0
1624685,stimulus_Ins_LearningMobility_3_question_3131,531.9,776.7,1919.0
1624686,stimulus_Ins_LearningMobility_3_question_3131,532.0,776.2,1920.0
1624687,stimulus_Ins_LearningMobility_3_question_3131,532.3,776.3,1917.0
1624688,stimulus_Ins_LearningMobility_3_question_3131,532.6,776.5,1915.0
1624689,stimulus_Ins_LearningMobility_3_question_3131,532.9,777.0,1915.0
1624690,stimulus_Ins_LearningMobility_3_question_3131,533.2,777.4,1915.0
1624691,stimulus_Ins_LearningMobility_3_question_3131,533.5,777.3,1915.0
1624692,stimulus_Ins_LearningMobility_3_question_3131,533.6,776.8,1916.0
1624693,stimulus_Ins_LearningMobility_3_question_3131,533.7,776.4,1918.0
1624694,stimulus_Ins_LearningMobility_3_question_3131,533.6,776.4,1919.0
1624695,stimulus_Ins_LearningMobility_3_question_3131,533.5,777.1,1920.0
1624696,stimulus_Ins_LearningMobility_3_question_3131,533.3,777.8,1918.0
1624697,stimulus_Ins_LearningMobility_3_question_3131,533.3,778.2,1916.0
1624698,stimulus_Ins_LearningMobility_3_question_3131,533.3,777.8,1914.0
1624699,stimulus_Ins_LearningMobility_3_question_3131,533.1,777.4,1914.0
1624700,stimulus_Ins_LearningMobility_3_question_3131,533.0,777.4,1914.0
1624701,stimulus_Ins_LearningMobility_3_question_3131,532.8,776.9,1914.0
1624702,stimulus_Ins_LearningMobility_3_question_3131,532.3,776.3,1914.0
1624703,stimulus_Ins_LearningMobility_3_question_3131,531.8,775.8,1913.0
1624704,stimulus_Ins_LearningMobility_3_question_3131,531.3,775.8,1914.0
1624705,stimulus_Ins_LearningMobility_3_question_3131,531.3,776.0,1914.0
1624706,stimulus_Ins_LearningMobility_3_question_3131,531.2,776.3,1914.0
1624707,stimulus_Ins_LearningMobility_3_question_3131,531.1,776.7,1913.0
1624708,stimulus_Ins_LearningMobility_3_question_3131,531.0,777.0,1911.0
1624709,stimulus_Ins_LearningMobility_3_question_3131,531.0,777.5,1909.0
1624710,stimulus_Ins_LearningMobility_3_question_3131,531.1,777.9,1908.0
1624711,stimulus_Ins_LearningMobility_3_question_3131,531.3,778.4,1908.0
1624712,stimulus_Ins_LearningMobility_3_question_3131,531.4,778.5,1911.0
1624713,stimulus_Ins_LearningMobility_3_question_3131,531.3,778.5,1914.0
1624714,stimulus_Ins_LearningMobility_3_question_3131,531.1,778.3,1916.0
1624715,stimulus_Ins_LearningMobility_3_question_3131,531.1,777.9,1916.0
1624716,stimulus_Ins_LearningMobility_3_question_3131,531.3,777.6,1915.0
1624717,stimulus_Ins_LearningMobility_3_question_3131,531.4,777.9,1914.0
1624718,stimulus_Ins_LearningMobility_3_question_3131,531.3,778.2,1914.0
1624719,stimulus_Ins_LearningMobility_3_question_3131,531.2,778.5,1914.0
1624720,stimulus_Ins_LearningMobility_3_question_3131,530.8,778.4,1914.0
1624721,stimulus_Ins_LearningMobility_3_question_3131,530.3,778.2,1913.0
1624722,stimulus_Ins_LearningMobility_3_question_3131,530.4,778.0,1913.0
1624723,stimulus_Ins_LearningMobility_3_question_3131,530.7,777.9,1915.0
1624724,stimulus_Ins_LearningMobility_3_question_3131,530.9,777.7,1917.0
1624725,stimulus_Ins_LearningMobility_3_question_3131,530.7,777.6,1919.0
1624726,stimulus_Ins_LearningMobility_3_question_3131,530.9,777.8,1920.0
1624727,stimulus_Ins_LearningMobility_3_question_3131,531.1,778.1,1918.0
1624728,stimulus_Ins_LearningMobility_3_question_3131,531.3,778.4,1916.0
1624729,stimulus_Ins_LearningMobility_3_question_3131,531.1,778.4,1914.0
1624730,stimulus_Ins_LearningMobility_3_question_3131,530.9,778.4,1915.0
1624731,stimulus_Ins_LearningMobility_3_question_3131,530.8,778.5,1918.0
1624732,stimulus_Ins_LearningMobility_3_question_3131,531.0,778.6,1921.0
1624733,stimulus_Ins_LearningMobility_3_question_3131,531.4,778.7,1924.0
1624734,stimulus_Ins_LearningMobility_3_question_3131,531.7,778.8,1923.0
1624735,stimulus_Ins_LearningMobility_3_question_3131,531.8,779.0,1921.0
1624736,stimulus_Ins_LearningMobility_3_question_3131,531.7,779.1,1919.0
1624737,stimulus_Ins_LearningMobility_3_question_3131,531.2,779.1,1917.0
1624738,stimulus_Ins_LearningMobility_3_question_3131,530.8,779.1,1917.0
1624739,stimulus_Ins_LearningMobility_3_question_3131,530.6,779.1,1917.0
1624740,stimulus_Ins_LearningMobility_3_question_3131,531.0,779.1,1917.0
1624741,stimulus_Ins_LearningMobility_3_question_3131,531.3,779.1,1919.0
1624742,stimulus_Ins_LearningMobility_3_question_3131,531.3,779.1,1923.0
1624743,stimulus_Ins_LearningMobility_3_question_3131,530.9,779.1,1928.0
1624744,stimulus_Ins_LearningMobility_3_question_3131,530.4,778.4,1930.0
1624745,stimulus_Ins_LearningMobility_3_question_3131,529.9,777.8,1929.0
1624746,stimulus_Ins_LearningMobility_3_question_3131,529.9,777.4,1926.0
1624747,stimulus_Ins_LearningMobility_3_question_3131,529.9,777.6,1923.0
1624748,stimulus_Ins_LearningMobility_3_question_3131,529.9,777.9,1922.0
1624749,stimulus_Ins_LearningMobility_3_question_3131,529.7,778.1,1921.0
1624750,stimulus_Ins_LearningMobility_3_question_3131,529.6,778.3,1922.0
1624751,stimulus_Ins_LearningMobility_3_question_3131,529.7,778.4,1924.0
1624752,stimulus_Ins_LearningMobility_3_question_3131,529.9,778.8,1924.0
1624753,stimulus_Ins_LearningMobility_3_question_3131,530.0,779.0,1922.0
1624754,stimulus_Ins_LearningMobility_3_question_3131,529.9,778.9,1921.0
1624755,stimulus_Ins_LearningMobility_3_question_3131,529.9,777.9,1921.0
1624756,stimulus_Ins_LearningMobility_3_question_3131,529.9,777.0,1921.0
1624757,stimulus_Ins_LearningMobility_3_question_3131,529.8,777.0,1920.0
1624758,stimulus_Ins_LearningMobility_3_question_3131,529.7,777.6,1919.0
1624759,stimulus_Ins_LearningMobility_3_question_3131,529.5,778.2,1919.0
1624760,stimulus_Ins_LearningMobility_3_question_3131,529.6,777.7,1919.0
1624761,stimulus_Ins_LearningMobility_3_question_3131,529.6,777.2,1918.0
1624762,stimulus_Ins_LearningMobility_3_question_3131,529.2,776.6,1918.0
1624763,stimulus_Ins_LearningMobility_3_question_3131,528.8,776.4,1918.0
1624764,stimulus_Ins_LearningMobility_3_question_3131,528.4,776.2,1919.0
1624765,stimulus_Ins_LearningMobility_3_question_3131,528.4,776.5,1918.0
1624766,stimulus_Ins_LearningMobility_3_question_3131,528.4,777.0,1916.0
1624767,stimulus_Ins_LearningMobility_3_question_3131,528.3,777.5,1914.0
1624768,stimulus_Ins_LearningMobility_3_question_3131,528.2,777.4,1913.0
1624769,stimulus_Ins_LearningMobility_3_question_3131,527.9,777.2,1913.0
1624770,stimulus_Ins_LearningMobility_3_question_3131,527.8,777.0,1912.0
1624771,stimulus_Ins_LearningMobility_3_question_3131,527.6,776.5,1913.0
1624772,stimulus_Ins_LearningMobility_3_question_3131,527.6,776.2,1915.0
1624773,stimulus_Ins_LearningMobility_3_question_3131,527.6,776.0,1917.0
1624774,stimulus_Ins_LearningMobility_3_question_3131,527.6,776.0,1919.0
1624775,stimulus_Ins_LearningMobility_3_question_3131,527.7,776.1,1921.0
1624776,stimulus_Ins_LearningMobility_3_question_3131,527.9,776.1,1922.0
1624777,stimulus_Ins_LearningMobility_3_question_3131,528.1,776.1,1922.0
1624778,stimulus_Ins_LearningMobility_3_question_3131,528.2,776.0,1922.0
1624779,stimulus_Ins_LearningMobility_3_question_3131,528.4,776.0,1921.0
1624780,stimulus_Ins_LearningMobility_3_question_3131,528.5,775.9,1920.0
1624781,stimulus_Ins_LearningMobility_3_question_3131,528.5,775.5,1921.0
1624782,stimulus_Ins_LearningMobility_3_question_3131,528.4,775.3,1921.0
1624783,stimulus_Ins_LearningMobility_3_question_3131,528.3,775.2,1922.0
1624784,stimulus_Ins_LearningMobility_3_question_3131,528.2,774.9,1922.0
1624785,stimulus_Ins_LearningMobility_3_question_3131,528.0,774.5,1922.0
1624786,stimulus_Ins_LearningMobility_3_question_3131,527.9,774.6,1922.0
1624787,stimulus_Ins_LearningMobility_3_question_3131,527.8,775.2,1921.0
1624788,stimulus_Ins_LearningMobility_3_question_3131,527.8,775.9,1921.0
1624789,stimulus_Ins_LearningMobility_3_question_3131,527.8,775.9,1921.0
1624790,stimulus_Ins_LearningMobility_3_question_3131,527.7,775.9,1921.0
1624791,stimulus_Ins_LearningMobility_3_question_3131,527.6,775.7,1922.0
1624792,stimulus_Ins_LearningMobility_3_question_3131,527.6,775.7,1922.0
1624793,stimulus_Ins_LearningMobility_3_question_3131,527.6,775.7,1922.0
1624794,stimulus_Ins_LearningMobility_3_question_3131,528.2,775.8,1922.0
1624795,stimulus_Ins_LearningMobility_3_question_3131,528.8,775.8,1923.0
1624796,stimulus_Ins_LearningMobility_3_question_3131,528.7,775.8,1923.0
1624797,stimulus_Ins_LearningMobility_3_question_3131,527.9,775.7,1924.0
1624798,stimulus_Ins_LearningMobility_3_question_3131,527.1,775.6,1924.0
1624799,stimulus_Ins_LearningMobility_3_question_3131,527.0,776.2,1924.0
1624800,stimulus_Ins_LearningMobility_3_question_3131,527.0,777.1,1924.0
1624801,stimulus_Ins_LearningMobility_3_question_3131,527.2,778.1,1923.0
1624802,stimulus_Ins_LearningMobility_3_question_3131,527.5,778.3,1921.0
1624803,stimulus_Ins_LearningMobility_3_question_3131,527.7,778.1,1920.0
1624804,stimulus_Ins_LearningMobility_3_question_3131,527.9,777.8,1919.0
1624805,stimulus_Ins_LearningMobility_3_question_3131,528.1,777.6,1919.0
1624806,stimulus_Ins_LearningMobility_3_question_3131,528.2,777.6,1919.0
1624807,stimulus_Ins_LearningMobility_3_question_3131,528.3,777.7,1919.0
1624808,stimulus_Ins_LearningMobility_3_question_3131,528.4,777.8,1921.0
1624809,stimulus_Ins_LearningMobility_3_question_3131,528.2,777.8,1923.0
1624810,stimulus_Ins_LearningMobility_3_question_3131,527.7,777.8,1924.0
1624811,stimulus_Ins_LearningMobility_3_question_3131,527.2,778.5,1923.0
1624812,stimulus_Ins_LearningMobility_3_question_3131,527.7,779.1,1922.0
1624813,stimulus_Ins_LearningMobility_3_question_3131,528.4,779.7,1923.0
1624814,stimulus_Ins_LearningMobility_3_question_3131,528.9,779.6,1923.0
1624815,stimulus_Ins_LearningMobility_3_question_3131,529.3,779.5,1923.0
1624816,stimulus_Ins_LearningMobility_3_question_3131,529.7,779.5,1924.0
1624817,stimulus_Ins_LearningMobility_3_question_3131,530.1,779.5,1924.0
1624818,stimulus_Ins_LearningMobility_3_question_3131,530.0,779.5,1925.0
1624819,stimulus_Ins_LearningMobility_3_question_3131,530.0,780.6,1924.0
1624820,stimulus_Ins_LearningMobility_3_question_3131,530.0,781.7,1924.0
1624821,stimulus_Ins_LearningMobility_3_question_3131,530.0,782.5,1923.0
1624822,stimulus_Ins_LearningMobility_3_question_3131,529.9,782.0,1925.0
1624823,stimulus_Ins_LearningMobility_3_question_3131,529.8,781.3,1926.0
1624824,stimulus_Ins_LearningMobility_3_question_3131,529.7,780.8,1927.0
1624825,stimulus_Ins_LearningMobility_3_question_3131,529.6,780.7,1927.0
1624826,stimulus_Ins_LearningMobility_3_question_3131,529.5,780.6,1928.0
1624827,stimulus_Ins_LearningMobility_3_question_3131,529.8,780.4,1930.0
1624828,stimulus_Ins_LearningMobility_3_question_3131,530.0,780.3,1929.0
1624829,stimulus_Ins_LearningMobility_3_question_3131,530.4,780.3,1927.0
1624830,stimulus_Ins_LearningMobility_3_question_3131,530.6,780.3,1925.0
1624831,stimulus_Ins_LearningMobility_3_question_3131,530.8,780.5,1925.0
1624832,stimulus_Ins_LearningMobility_3_question_3131,530.9,780.8,1924.0
1624833,stimulus_Ins_LearningMobility_3_question_3131,530.8,781.1,1923.0
1624834,stimulus_Ins_LearningMobility_3_question_3131,530.7,781.0,1923.0
1624835,stimulus_Ins_LearningMobility_3_question_3131,531.1,780.7,1924.0
1624836,stimulus_Ins_LearningMobility_3_question_3131,531.7,781.4,1924.0
1624837,stimulus_Ins_LearningMobility_3_question_3131,532.4,782.2,1921.0
1624838,stimulus_Ins_LearningMobility_3_question_3131,532.5,782.4,1919.0
1624839,stimulus_Ins_LearningMobility_3_question_3131,532.1,781.9,1916.0
1624840,stimulus_Ins_LearningMobility_3_question_3131,531.6,781.4,1916.0
1624841,stimulus_Ins_LearningMobility_3_question_3131,531.3,781.5,1916.0
1624842,stimulus_Ins_LearningMobility_3_question_3131,531.5,781.4,1919.0
1624843,stimulus_Ins_LearningMobility_3_question_3131,531.6,781.2,1923.0
1624844,stimulus_Ins_LearningMobility_3_question_3131,531.5,780.8,1926.0
1624845,stimulus_Ins_LearningMobility_3_question_3131,531.1,780.3,1926.0
1624846,stimulus_Ins_LearningMobility_3_question_3131,530.6,780.1,1926.0
1624847,stimulus_Ins_LearningMobility_3_question_3131,530.0,780.2,1924.0
1624848,stimulus_Ins_LearningMobility_3_question_3131,529.5,780.3,1923.0
1624849,stimulus_Ins_LearningMobility_3_question_3131,528.7,780.3,1922.0
1624850,stimulus_Ins_LearningMobility_3_question_3131,528.2,780.7,1921.0
1624851,stimulus_Ins_LearningMobility_3_question_3131,528.0,781.5,1919.0
1624852,stimulus_Ins_LearningMobility_3_question_3131,528.1,782.7,1918.0
1624853,stimulus_Ins_LearningMobility_3_question_3131,528.2,783.5,1918.0
1624854,stimulus_Ins_LearningMobility_3_question_3131,528.7,783.5,1921.0
1624855,stimulus_Ins_LearningMobility_3_question_3131,529.2,783.0,1925.0
1624856,stimulus_Ins_LearningMobility_3_question_3131,529.7,782.6,1926.0
1624857,stimulus_Ins_LearningMobility_3_question_3131,529.8,782.8,1923.0
1624858,stimulus_Ins_LearningMobility_3_question_3131,529.8,783.2,1920.0
1624859,stimulus_Ins_LearningMobility_3_question_3131,529.8,783.6,1920.0
1624860,stimulus_Ins_LearningMobility_3_question_3131,530.2,783.8,1919.0
1624861,stimulus_Ins_LearningMobility_3_question_3131,530.6,783.8,1921.0
1624862,stimulus_Ins_LearningMobility_3_question_3131,530.9,783.7,1923.0
1624863,stimulus_Ins_LearningMobility_3_question_3131,530.8,782.8,1927.0
1624864,stimulus_Ins_LearningMobility_3_question_3131,530.6,781.9,1928.0
1624865,stimulus_Ins_LearningMobility_3_question_3131,530.4,781.2,1928.0
1624866,stimulus_Ins_LearningMobility_3_question_3131,529.9,781.5,1927.0
1624867,stimulus_Ins_LearningMobility_3_question_3131,529.4,781.8,1926.0
1624868,stimulus_Ins_LearningMobility_3_question_3131,528.9,781.6,1927.0
1624869,stimulus_Ins_LearningMobility_3_question_3131,528.6,781.3,1928.0
1624870,stimulus_Ins_LearningMobility_3_question_3131,528.5,780.9,1929.0
1624871,stimulus_Ins_LearningMobility_3_question_3131,527.6,780.2,1928.0
1624872,stimulus_Ins_LearningMobility_3_question_3131,526.7,779.5,1928.0
1624873,stimulus_Ins_LearningMobility_3_question_3131,525.8,779.2,1929.0
1624874,stimulus_Ins_LearningMobility_3_question_3131,525.9,779.8,1929.0
1624875,stimulus_Ins_LearningMobility_3_question_3131,525.7,780.4,1929.0
1624876,stimulus_Ins_LearningMobility_3_question_3131,525.5,780.9,1927.0
1624877,stimulus_Ins_LearningMobility_3_question_3131,525.5,782.0,1925.0
1624878,stimulus_Ins_LearningMobility_3_question_3131,526.3,783.1,1923.0
1624879,stimulus_Ins_LearningMobility_3_question_3131,527.3,783.9,1924.0
1624880,stimulus_Ins_LearningMobility_3_question_3131,528.5,784.1,1926.0
1624881,stimulus_Ins_LearningMobility_3_question_3131,529.1,784.4,1928.0
1624882,stimulus_Ins_LearningMobility_3_question_3131,529.5,784.7,1929.0
1624883,stimulus_Ins_LearningMobility_3_question_3131,529.6,784.7,1931.0
1624884,stimulus_Ins_LearningMobility_3_question_3131,529.3,784.4,1932.0
1624885,stimulus_Ins_LearningMobility_3_question_3131,528.9,784.2,1933.0
1624886,stimulus_Ins_LearningMobility_3_question_3131,528.6,784.1,1933.0
1624887,stimulus_Ins_LearningMobility_3_question_3131,528.6,784.3,1933.0
1624888,stimulus_Ins_LearningMobility_3_question_3131,529.0,784.5,1933.0
1624889,stimulus_Ins_LearningMobility_3_question_3131,529.4,784.5,1933.0
1624890,stimulus_Ins_LearningMobility_3_question_3131,529.8,784.5,1932.0
1624891,stimulus_Ins_LearningMobility_3_question_3131,529.8,784.5,1934.0
1624892,stimulus_Ins_LearningMobility_3_question_3131,529.8,784.4,1936.0
1624893,stimulus_Ins_LearningMobility_3_question_3131,529.8,784.1,1937.0
1624894,stimulus_Ins_LearningMobility_3_question_3131,529.8,783.8,1935.0
1624895,stimulus_Ins_LearningMobility_3_question_3131,529.8,783.6,1934.0
1624896,stimulus_Ins_LearningMobility_3_question_3131,529.9,783.1,1933.0
1624897,stimulus_Ins_LearningMobility_3_question_3131,529.8,782.6,1933.0
1624898,stimulus_Ins_LearningMobility_3_question_3131,529.8,782.5,1933.0
1624899,stimulus_Ins_LearningMobility_3_question_3131,529.8,782.9,1931.0
1624900,stimulus_Ins_LearningMobility_3_question_3131,529.6,782.3,1928.0
1624901,stimulus_Ins_LearningMobility_3_question_3131,529.3,781.4,1928.0
1624902,stimulus_Ins_LearningMobility_3_question_3131,529.1,780.6,1929.0
1624903,stimulus_Ins_LearningMobility_3_question_3131,529.0,781.1,1932.0
1624904,stimulus_Ins_LearningMobility_3_question_3131,529.1,781.9,1936.0
1624905,stimulus_Ins_LearningMobility_3_question_3131,529.1,782.7,1939.0
1624906,stimulus_Ins_LearningMobility_3_question_3131,529.0,783.4,1940.0
1624907,stimulus_Ins_LearningMobility_3_question_3131,529.2,783.6,1940.0
1624908,stimulus_Ins_LearningMobility_3_question_3131,529.4,784.6,1940.0
1624909,stimulus_Ins_LearningMobility_3_question_3131,529.6,785.4,1939.0
1624910,stimulus_Ins_LearningMobility_3_question_3131,529.6,786.3,1937.0
1624911,stimulus_Ins_LearningMobility_3_question_3131,529.8,786.3,1935.0
1624912,stimulus_Ins_LearningMobility_3_question_3131,529.7,785.8,1935.0
1624913,stimulus_Ins_LearningMobility_3_question_3131,529.6,785.3,1936.0
1624914,stimulus_Ins_LearningMobility_3_question_3131,529.6,785.2,1933.0
1624915,stimulus_Ins_LearningMobility_3_question_3131,529.6,785.6,1929.0
1624916,stimulus_Ins_LearningMobility_3_question_3131,529.7,785.6,1926.0
1624917,stimulus_Ins_LearningMobility_3_question_3131,529.8,785.3,1926.0
1624918,stimulus_Ins_LearningMobility_3_question_3131,530.0,785.1,1925.0
1624919,stimulus_Ins_LearningMobility_3_question_3131,530.2,785.1,1925.0
1624920,stimulus_Ins_LearningMobility_3_question_3131,530.4,785.2,1925.0
1624921,stimulus_Ins_LearningMobility_3_question_3131,531.1,785.3,1926.0
1624922,stimulus_Ins_LearningMobility_3_question_3131,531.8,785.2,1926.0
1624923,stimulus_Ins_LearningMobility_3_question_3131,532.1,785.2,1925.0
1624924,stimulus_Ins_LearningMobility_3_question_3131,531.9,785.2,1924.0
1624925,stimulus_Ins_LearningMobility_3_question_3131,531.4,784.6,1924.0
1624926,stimulus_Ins_LearningMobility_3_question_3131,531.1,784.0,1925.0
1624927,stimulus_Ins_LearningMobility_3_question_3131,530.8,783.4,1926.0
1624928,stimulus_Ins_LearningMobility_3_question_3131,530.4,783.5,1926.0
1624929,stimulus_Ins_LearningMobility_3_question_3131,529.9,783.7,1925.0
1624930,stimulus_Ins_LearningMobility_3_question_3131,529.4,783.8,1925.0
1624931,stimulus_Ins_LearningMobility_3_question_3131,529.4,784.1,1926.0
1624932,stimulus_Ins_LearningMobility_3_question_3131,528.8,784.2,1928.0
1624933,stimulus_Ins_LearningMobility_3_question_3131,528.2,784.3,1928.0
1624934,stimulus_Ins_LearningMobility_3_question_3131,527.9,784.4,1928.0
1624935,stimulus_Ins_LearningMobility_3_question_3131,527.9,784.6,1927.0
1624936,stimulus_Ins_LearningMobility_3_question_3131,527.9,785.1,1927.0
1624937,stimulus_Ins_LearningMobility_3_question_3131,527.8,785.8,1927.0
1624938,stimulus_Ins_LearningMobility_3_question_3131,528.1,786.4,1928.0
1624939,stimulus_Ins_LearningMobility_3_question_3131,528.4,786.6,1930.0
1624940,stimulus_Ins_LearningMobility_3_question_3131,528.7,786.5,1932.0
1624941,stimulus_Ins_LearningMobility_3_question_3131,528.9,786.5,1932.0
1624942,stimulus_Ins_LearningMobility_3_question_3131,529.4,786.9,1931.0
1624943,stimulus_Ins_LearningMobility_3_question_3131,529.8,787.2,1930.0
1624944,stimulus_Ins_LearningMobility_3_question_3131,529.8,787.4,1929.0
1624945,stimulus_Ins_LearningMobility_3_question_3131,529.6,787.4,1928.0
1624946,stimulus_Ins_LearningMobility_3_question_3131,530.2,787.9,1926.0
1624947,stimulus_Ins_LearningMobility_3_question_3131,531.1,788.5,1926.0
1624948,stimulus_Ins_LearningMobility_3_question_3131,532.0,789.1,1925.0
1624949,stimulus_Ins_LearningMobility_3_question_3131,532.1,789.1,1925.0
1624950,stimulus_Ins_LearningMobility_3_question_3131,532.2,789.1,1924.0
1624951,stimulus_Ins_LearningMobility_3_question_3131,533.0,788.5,1926.0
1624952,stimulus_Ins_LearningMobility_3_question_3131,533.7,787.8,1928.0
1624953,stimulus_Ins_LearningMobility_3_question_3131,534.2,787.2,1932.0
1624954,stimulus_Ins_LearningMobility_3_question_3131,533.3,787.0,1933.0
1624955,stimulus_Ins_LearningMobility_3_question_3131,531.3,786.7,1934.0
1624956,stimulus_Ins_LearningMobility_3_question_3131,527.0,786.5,1933.0
1624957,stimulus_Ins_LearningMobility_3_question_3131,521.2,787.4,1933.0
1624958,stimulus_Ins_LearningMobility_3_question_3131,513.8,788.4,1933.0
1624959,stimulus_Ins_LearningMobility_3_question_3131,508.0,789.5,1935.0
1624960,stimulus_Ins_LearningMobility_3_question_3131,501.6,789.0,1937.0
1624961,stimulus_Ins_LearningMobility_3_question_3131,494.5,788.0,1939.0
1624962,stimulus_Ins_LearningMobility_3_question_3131,484.9,787.0,1941.0
1624963,stimulus_Ins_LearningMobility_3_question_3131,474.4,785.5,1943.0
1624964,stimulus_Ins_LearningMobility_3_question_3131,463.7,784.2,1945.0
1624965,stimulus_Ins_LearningMobility_3_question_3131,452.6,783.1,1946.0
1624966,stimulus_Ins_LearningMobility_3_question_3131,444.0,783.1,1947.0
1624967,stimulus_Ins_LearningMobility_3_question_3131,436.8,783.8,1948.0
1624968,stimulus_Ins_LearningMobility_3_question_3131,431.8,784.6,1948.0
1624969,stimulus_Ins_LearningMobility_3_question_3131,425.5,785.7,1945.0
1624970,stimulus_Ins_LearningMobility_3_question_3131,419.3,787.2,1940.0
1624971,stimulus_Ins_LearningMobility_3_question_3131,413.6,788.5,1935.0
1624972,stimulus_Ins_LearningMobility_3_question_3131,409.4,790.0,1932.0
1624973,stimulus_Ins_LearningMobility_3_question_3131,405.8,791.6,1931.0
1624974,stimulus_Ins_LearningMobility_3_question_3131,403.2,794.0,1931.0
1624975,stimulus_Ins_LearningMobility_3_question_3131,401.0,796.2,1931.0
1624976,stimulus_Ins_LearningMobility_3_question_3131,400.0,798.3,1931.0
1624977,stimulus_Ins_LearningMobility_3_question_3131,398.6,799.6,1929.0
1624978,stimulus_Ins_LearningMobility_3_question_3131,397.9,801.1,1926.0
1624979,stimulus_Ins_LearningMobility_3_question_3131,397.1,802.1,1922.0
1624980,stimulus_Ins_LearningMobility_3_question_3131,396.1,803.0,1919.0
1624981,stimulus_Ins_LearningMobility_3_question_3131,394.7,802.9,1916.0
1624982,stimulus_Ins_LearningMobility_3_question_3131,392.3,802.7,1916.0
1624983,stimulus_Ins_LearningMobility_3_question_3131,390.3,802.5,1919.0
1624984,stimulus_Ins_LearningMobility_3_question_3131,388.7,801.8,1922.0
1624985,stimulus_Ins_LearningMobility_3_question_3131,388.0,801.2,1922.0
1624986,stimulus_Ins_LearningMobility_3_question_3131,387.9,801.4,1922.0
1624987,stimulus_Ins_LearningMobility_3_question_3131,387.9,802.2,1923.0
1624988,stimulus_Ins_LearningMobility_3_question_3131,387.9,803.3,1924.0
1624989,stimulus_Ins_LearningMobility_3_question_3131,388.1,804.3,1923.0
1624990,stimulus_Ins_LearningMobility_3_question_3131,388.6,805.4,1922.0
1624991,stimulus_Ins_LearningMobility_3_question_3131,389.2,804.7,1921.0
1624992,stimulus_Ins_LearningMobility_3_question_3131,390.0,803.4,1924.0
1624993,stimulus_Ins_LearningMobility_3_question_3131,390.7,802.0,1926.0
1624994,stimulus_Ins_LearningMobility_3_question_3131,391.3,802.0,1927.0
1624995,stimulus_Ins_LearningMobility_3_question_3131,392.0,802.0,1927.0
1624996,stimulus_Ins_LearningMobility_3_question_3131,392.9,802.0,1927.0
1624997,stimulus_Ins_LearningMobility_3_question_3131,393.9,802.1,1928.0
1624998,stimulus_Ins_LearningMobility_3_question_3131,394.8,802.3,1928.0
1624999,stimulus_Ins_LearningMobility_3_question_3131,395.4,802.3,1928.0
1625000,stimulus_Ins_LearningMobility_3_question_3131,395.8,802.0,1927.0
1625001,stimulus_Ins_LearningMobility_3_question_3131,396.1,801.7,1927.0
1625002,stimulus_Ins_LearningMobility_3_question_3131,396.4,801.4,1928.0
1625003,stimulus_Ins_LearningMobility_3_question_3131,396.6,800.9,1929.0
1625004,stimulus_Ins_LearningMobility_3_question_3131,396.5,799.8,1929.0
1625005,stimulus_Ins_LearningMobility_3_question_3131,396.2,798.7,1929.0
1625006,stimulus_Ins_LearningMobility_3_question_3131,396.0,798.3,1928.0
1625007,stimulus_Ins_LearningMobility_3_question_3131,395.9,798.4,1928.0
1625008,stimulus_Ins_LearningMobility_3_question_3131,395.8,798.3,1926.0
1625009,stimulus_Ins_LearningMobility_3_question_3131,395.4,798.0,1924.0
1625010,stimulus_Ins_LearningMobility_3_question_3131,395.1,797.5,1923.0
1625011,stimulus_Ins_LearningMobility_3_question_3131,395.2,797.3,1925.0
1625012,stimulus_Ins_LearningMobility_3_question_3131,395.4,796.9,1927.0
1625013,stimulus_Ins_LearningMobility_3_question_3131,395.5,796.1,1928.0
1625014,stimulus_Ins_LearningMobility_3_question_3131,395.3,795.3,1931.0
1625015,stimulus_Ins_LearningMobility_3_question_3131,395.2,794.8,1933.0
1625016,stimulus_Ins_LearningMobility_3_question_3131,395.3,794.8,1935.0
1625017,stimulus_Ins_LearningMobility_3_question_3131,395.3,794.8,1935.0
1625018,stimulus_Ins_LearningMobility_3_question_3131,395.6,794.8,1934.0
1625019,stimulus_Ins_LearningMobility_3_question_3131,395.8,794.0,1932.0
1625020,stimulus_Ins_LearningMobility_3_question_3131,396.0,793.1,1931.0
1625021,stimulus_Ins_LearningMobility_3_question_3131,395.9,792.9,1931.0
1625022,stimulus_Ins_LearningMobility_3_question_3131,395.8,793.6,1932.0
1625023,stimulus_Ins_LearningMobility_3_question_3131,395.5,793.5,1932.0
1625024,stimulus_Ins_LearningMobility_3_question_3131,395.2,792.8,1932.0
1625025,stimulus_Ins_LearningMobility_3_question_3131,394.6,792.2,1933.0
1625026,stimulus_Ins_LearningMobility_3_question_3131,394.1,792.5,1933.0
1625027,stimulus_Ins_LearningMobility_3_question_3131,393.7,792.9,1930.0
1625028,stimulus_Ins_LearningMobility_3_question_3131,393.7,793.4,1929.0
1625029,stimulus_Ins_LearningMobility_3_question_3131,393.8,793.6,1927.0
1625030,stimulus_Ins_LearningMobility_3_question_3131,393.8,793.8,1927.0
1625031,stimulus_Ins_LearningMobility_3_question_3131,393.9,793.7,1928.0
1625032,stimulus_Ins_LearningMobility_3_question_3131,394.1,793.6,1929.0
1625033,stimulus_Ins_LearningMobility_3_question_3131,394.3,793.5,1931.0
1625034,stimulus_Ins_LearningMobility_3_question_3131,394.4,793.2,1932.0
1625035,stimulus_Ins_LearningMobility_3_question_3131,394.1,792.9,1932.0
1625036,stimulus_Ins_LearningMobility_3_question_3131,393.8,792.6,1932.0
1625037,stimulus_Ins_LearningMobility_3_question_3131,393.4,792.6,1931.0
1625038,stimulus_Ins_LearningMobility_3_question_3131,393.2,792.6,1930.0
1625039,stimulus_Ins_LearningMobility_3_question_3131,393.5,792.8,1929.0
1625040,stimulus_Ins_LearningMobility_3_question_3131,394.0,793.1,1931.0
1625041,stimulus_Ins_LearningMobility_3_question_3131,394.1,793.2,1933.0
1625042,stimulus_Ins_LearningMobility_3_question_3131,393.5,793.3,1935.0
1625043,stimulus_Ins_LearningMobility_3_question_3131,392.7,793.3,1936.0
1625044,stimulus_Ins_LearningMobility_3_question_3131,392.3,793.3,1938.0
1625045,stimulus_Ins_LearningMobility_3_question_3131,392.3,793.3,1940.0
1625046,stimulus_Ins_LearningMobility_3_question_3131,392.3,793.3,1939.0
1625047,stimulus_Ins_LearningMobility_3_question_3131,392.3,793.4,1939.0
1625048,stimulus_Ins_LearningMobility_3_question_3131,392.4,793.6,1939.0
1625049,stimulus_Ins_LearningMobility_3_question_3131,392.4,793.6,1938.0
1625050,stimulus_Ins_LearningMobility_3_question_3131,392.3,793.4,1936.0
1625051,stimulus_Ins_LearningMobility_3_question_3131,392.2,793.2,1935.0
1625052,stimulus_Ins_LearningMobility_3_question_3131,392.5,793.0,1935.0
1625053,stimulus_Ins_LearningMobility_3_question_3131,392.8,793.0,1937.0
1625054,stimulus_Ins_LearningMobility_3_question_3131,392.8,793.1,1938.0
1625055,stimulus_Ins_LearningMobility_3_question_3131,392.5,793.2,1939.0
1625056,stimulus_Ins_LearningMobility_3_question_3131,392.2,792.6,1938.0
1625057,stimulus_Ins_LearningMobility_3_question_3131,392.4,791.9,1938.0
1625058,stimulus_Ins_LearningMobility_3_question_3131,392.7,791.6,1937.0
1625059,stimulus_Ins_LearningMobility_3_question_3131,393.0,792.0,1937.0
1625060,stimulus_Ins_LearningMobility_3_question_3131,393.1,792.5,1938.0
1625061,stimulus_Ins_LearningMobility_3_question_3131,393.1,792.2,1940.0
1625062,stimulus_Ins_LearningMobility_3_question_3131,393.2,791.6,1940.0
1625063,stimulus_Ins_LearningMobility_3_question_3131,393.2,791.0,1940.0
1625064,stimulus_Ins_LearningMobility_3_question_3131,393.0,790.8,1939.0
1625065,stimulus_Ins_LearningMobility_3_question_3131,392.3,790.9,1941.0
1625066,stimulus_Ins_LearningMobility_3_question_3131,391.5,790.7,1943.0
1625067,stimulus_Ins_LearningMobility_3_question_3131,391.1,790.6,1944.0
1625068,stimulus_Ins_LearningMobility_3_question_3131,391.5,790.4,1944.0
1625069,stimulus_Ins_LearningMobility_3_question_3131,392.1,790.2,1943.0
1625070,stimulus_Ins_LearningMobility_3_question_3131,392.6,790.2,1942.0
1625071,stimulus_Ins_LearningMobility_3_question_3131,392.3,790.2,1942.0
1625072,stimulus_Ins_LearningMobility_3_question_3131,391.8,790.4,1942.0
1625073,stimulus_Ins_LearningMobility_3_question_3131,391.2,790.3,1943.0
1625074,stimulus_Ins_LearningMobility_3_question_3131,390.8,790.0,1944.0
1625075,stimulus_Ins_LearningMobility_3_question_3131,390.5,789.5,1946.0
1625076,stimulus_Ins_LearningMobility_3_question_3131,390.3,788.8,1946.0
1625077,stimulus_Ins_LearningMobility_3_question_3131,390.3,788.3,1946.0
1625078,stimulus_Ins_LearningMobility_3_question_3131,390.3,788.1,1946.0
1625079,stimulus_Ins_LearningMobility_3_question_3131,390.3,787.2,1945.0
1625080,stimulus_Ins_LearningMobility_3_question_3131,390.5,786.2,1944.0
1625081,stimulus_Ins_LearningMobility_3_question_3131,391.0,786.0,1945.0
1625082,stimulus_Ins_LearningMobility_3_question_3131,391.4,786.8,1945.0
1625083,stimulus_Ins_LearningMobility_3_question_3131,391.7,787.6,1945.0
1625084,stimulus_Ins_LearningMobility_3_question_3131,391.6,787.5,1945.0
1625085,stimulus_Ins_LearningMobility_3_question_3131,391.6,787.5,1946.0
1625086,stimulus_Ins_LearningMobility_3_question_3131,391.6,787.1,1947.0
1625087,stimulus_Ins_LearningMobility_3_question_3131,391.6,786.8,1948.0
1625088,stimulus_Ins_LearningMobility_3_question_3131,391.6,786.4,1950.0
1625089,stimulus_Ins_LearningMobility_3_question_3131,391.9,786.6,1951.0
1625090,stimulus_Ins_LearningMobility_3_question_3131,392.1,786.8,1951.0
1625091,stimulus_Ins_LearningMobility_3_question_3131,392.3,786.9,1951.0
1625092,stimulus_Ins_LearningMobility_3_question_3131,392.4,787.0,1950.0
1625093,stimulus_Ins_LearningMobility_3_question_3131,392.6,787.1,1950.0
1625094,stimulus_Ins_LearningMobility_3_question_3131,392.7,787.2,1949.0
1625095,stimulus_Ins_LearningMobility_3_question_3131,392.7,787.3,1950.0
1625096,stimulus_Ins_LearningMobility_3_question_3131,392.6,787.4,1951.0
1625097,stimulus_Ins_LearningMobility_3_question_3131,392.6,786.8,1950.0
1625098,stimulus_Ins_LearningMobility_3_question_3131,392.6,786.2,1950.0
1625099,stimulus_Ins_LearningMobility_3_question_3131,393.0,785.6,1951.0
1625100,stimulus_Ins_LearningMobility_3_question_3131,393.4,785.6,1952.0
1625101,stimulus_Ins_LearningMobility_3_question_3131,393.8,786.7,1951.0
1625102,stimulus_Ins_LearningMobility_3_question_3131,393.9,787.8,1949.0
1625103,stimulus_Ins_LearningMobility_3_question_3131,393.9,788.8,1950.0
1625104,stimulus_Ins_LearningMobility_3_question_3131,393.8,788.6,1954.0
1625105,stimulus_Ins_LearningMobility_3_question_3131,393.7,788.4,1956.0
1625106,stimulus_Ins_LearningMobility_3_question_3131,393.8,788.3,1953.0
1625107,stimulus_Ins_LearningMobility_3_question_3131,394.0,788.9,1950.0
1625108,stimulus_Ins_LearningMobility_3_question_3131,394.2,789.5,1948.0
1625109,stimulus_Ins_LearningMobility_3_question_3131,394.3,789.9,1947.0
1625110,stimulus_Ins_LearningMobility_3_question_3131,394.2,789.6,1947.0
1625111,stimulus_Ins_LearningMobility_3_question_3131,394.0,788.7,1947.0
1625112,stimulus_Ins_LearningMobility_3_question_3131,393.5,787.7,1949.0
1625113,stimulus_Ins_LearningMobility_3_question_3131,393.0,786.7,1951.0
1625114,stimulus_Ins_LearningMobility_3_question_3131,392.6,787.0,1951.0
1625115,stimulus_Ins_LearningMobility_3_question_3131,392.3,787.5,1949.0
1625116,stimulus_Ins_LearningMobility_3_question_3131,392.2,788.0,1946.0
1625117,stimulus_Ins_LearningMobility_3_question_3131,392.0,788.2,1947.0
1625118,stimulus_Ins_LearningMobility_3_question_3131,392.1,788.5,1947.0
1625119,stimulus_Ins_LearningMobility_3_question_3131,392.1,788.8,1949.0
1625120,stimulus_Ins_LearningMobility_3_question_3131,392.1,789.0,1951.0
1625121,stimulus_Ins_LearningMobility_3_question_3131,392.1,789.2,1953.0
1625122,stimulus_Ins_LearningMobility_3_question_3131,392.0,789.4,1953.0
1625123,stimulus_Ins_LearningMobility_3_question_3131,391.9,789.5,1954.0
1625124,stimulus_Ins_LearningMobility_3_question_3131,391.8,789.4,1955.0
1625125,stimulus_Ins_LearningMobility_3_question_3131,391.7,789.2,1956.0
1625126,stimulus_Ins_LearningMobility_3_question_3131,391.8,788.4,1958.0
1625127,stimulus_Ins_LearningMobility_3_question_3131,391.9,787.6,1959.0
1625128,stimulus_Ins_LearningMobility_3_question_3131,392.2,787.2,1959.0
1625129,stimulus_Ins_LearningMobility_3_question_3131,392.3,787.5,1958.0
1625130,stimulus_Ins_LearningMobility_3_question_3131,392.3,788.0,1957.0
1625131,stimulus_Ins_LearningMobility_3_question_3131,392.1,788.3,1958.0
1625132,stimulus_Ins_LearningMobility_3_question_3131,391.7,788.4,1960.0
1625133,stimulus_Ins_LearningMobility_3_question_3131,391.4,788.6,1961.0
1625134,stimulus_Ins_LearningMobility_3_question_3131,391.2,789.1,1963.0
1625135,stimulus_Ins_LearningMobility_3_question_3131,391.7,789.5,1964.0
1625136,stimulus_Ins_LearningMobility_3_question_3131,392.2,790.0,1966.0
1625137,stimulus_Ins_LearningMobility_3_question_3131,392.6,790.3,1967.0
1625138,stimulus_Ins_LearningMobility_3_question_3131,391.9,790.7,1962.0
1625139,stimulus_Ins_LearningMobility_3_question_3131,391.0,790.4,1956.0
1625140,stimulus_Ins_LearningMobility_3_question_3131,390.1,789.9,1950.0
1625141,stimulus_Ins_LearningMobility_3_question_3131,390.0,789.4,1948.0
1625142,stimulus_Ins_LearningMobility_3_question_3131,390.0,789.3,1947.0
1625143,stimulus_Ins_LearningMobility_3_question_3131,389.9,789.4,1947.0
1625144,stimulus_Ins_LearningMobility_3_question_3131,389.8,789.6,1947.0
1625145,stimulus_Ins_LearningMobility_3_question_3131,389.8,789.5,1948.0
1625146,stimulus_Ins_LearningMobility_3_question_3131,390.0,789.6,1949.0
1625147,stimulus_Ins_LearningMobility_3_question_3131,390.4,789.7,1949.0
1625148,stimulus_Ins_LearningMobility_3_question_3131,390.8,789.8,1949.0
1625149,stimulus_Ins_LearningMobility_3_question_3131,390.9,789.8,1950.0
1625150,stimulus_Ins_LearningMobility_3_question_3131,390.9,790.3,1952.0
1625151,stimulus_Ins_LearningMobility_3_question_3131,390.9,790.7,1954.0
1625152,stimulus_Ins_LearningMobility_3_question_3131,390.9,791.2,1956.0
1625153,stimulus_Ins_LearningMobility_3_question_3131,390.4,791.4,1956.0
1625154,stimulus_Ins_LearningMobility_3_question_3131,389.8,791.6,1956.0
1625155,stimulus_Ins_LearningMobility_3_question_3131,389.2,791.6,1956.0
1625156,stimulus_Ins_LearningMobility_3_question_3131,389.2,791.4,1955.0
1625157,stimulus_Ins_LearningMobility_3_question_3131,389.4,790.7,1955.0
1625158,stimulus_Ins_LearningMobility_3_question_3131,389.5,790.1,1955.0
1625159,stimulus_Ins_LearningMobility_3_question_3131,389.6,790.2,1955.0
1625160,stimulus_Ins_LearningMobility_3_question_3131,389.4,790.7,1955.0
1625161,stimulus_Ins_LearningMobility_3_question_3131,389.3,791.3,1957.0
1625162,stimulus_Ins_LearningMobility_3_question_3131,389.0,791.4,1958.0
1625163,stimulus_Ins_LearningMobility_3_question_3131,388.9,791.2,1962.0
1625164,stimulus_Ins_LearningMobility_3_question_3131,389.3,791.0,1966.0
1625165,stimulus_Ins_LearningMobility_3_question_3131,389.7,790.6,1970.0
1625166,stimulus_Ins_LearningMobility_3_question_3131,390.1,790.3,1971.0
1625167,stimulus_Ins_LearningMobility_3_question_3131,390.3,790.0,1970.0
1625168,stimulus_Ins_LearningMobility_3_question_3131,390.5,789.7,1969.0
1625169,stimulus_Ins_LearningMobility_3_question_3131,390.6,789.6,1968.0
1625170,stimulus_Ins_LearningMobility_3_question_3131,390.5,789.6,1966.0
1625171,stimulus_Ins_LearningMobility_3_question_3131,390.5,789.7,1964.0
1625172,stimulus_Ins_LearningMobility_3_question_3131,390.9,789.9,1964.0
1625173,stimulus_Ins_LearningMobility_3_question_3131,391.4,790.2,1966.0
1625174,stimulus_Ins_LearningMobility_3_question_3131,391.7,790.4,1967.0
1625175,stimulus_Ins_LearningMobility_3_question_3131,391.8,790.5,1967.0
1625176,stimulus_Ins_LearningMobility_3_question_3131,391.8,790.3,1966.0
1625177,stimulus_Ins_LearningMobility_3_question_3131,391.6,790.1,1965.0
1625178,stimulus_Ins_LearningMobility_3_question_3131,391.4,789.9,1963.0
1625179,stimulus_Ins_LearningMobility_3_question_3131,391.1,789.7,1961.0
1625180,stimulus_Ins_LearningMobility_3_question_3131,391.2,789.5,1959.0
1625181,stimulus_Ins_LearningMobility_3_question_3131,391.4,789.4,1959.0
1625182,stimulus_Ins_LearningMobility_3_question_3131,391.6,789.4,1961.0
1625183,stimulus_Ins_LearningMobility_3_question_3131,391.6,789.3,1964.0
1625184,stimulus_Ins_LearningMobility_3_question_3131,391.6,789.2,1965.0
1625185,stimulus_Ins_LearningMobility_3_question_3131,391.6,788.7,1966.0
1625186,stimulus_Ins_LearningMobility_3_question_3131,391.7,788.2,1966.0
1625187,stimulus_Ins_LearningMobility_3_question_3131,391.8,787.8,1966.0
1625188,stimulus_Ins_LearningMobility_3_question_3131,391.8,788.2,1964.0
1625189,stimulus_Ins_LearningMobility_3_question_3131,391.6,788.4,1962.0
1625190,stimulus_Ins_LearningMobility_3_question_3131,391.5,788.5,1960.0
1625191,stimulus_Ins_LearningMobility_3_question_3131,391.3,788.3,1960.0
1625192,stimulus_Ins_LearningMobility_3_question_3131,391.2,788.2,1963.0
1625193,stimulus_Ins_LearningMobility_3_question_3131,391.4,788.3,1967.0
1625194,stimulus_Ins_LearningMobility_3_question_3131,391.7,788.7,1970.0
1625195,stimulus_Ins_LearningMobility_3_question_3131,392.0,789.1,1972.0
1625196,stimulus_Ins_LearningMobility_3_question_3131,391.5,789.3,1974.0
1625197,stimulus_Ins_LearningMobility_3_question_3131,391.1,789.6,1972.0
1625198,stimulus_Ins_LearningMobility_3_question_3131,390.6,790.0,1968.0
1625199,stimulus_Ins_LearningMobility_3_question_3131,390.9,790.5,1965.0
1625200,stimulus_Ins_LearningMobility_3_question_3131,391.1,790.7,1966.0
1625201,stimulus_Ins_LearningMobility_3_question_3131,391.1,790.3,1967.0
1625202,stimulus_Ins_LearningMobility_3_question_3131,390.9,789.9,1969.0
1625203,stimulus_Ins_LearningMobility_3_question_3131,390.8,789.4,1971.0
1625204,stimulus_Ins_LearningMobility_3_question_3131,390.7,789.4,1973.0
1625205,stimulus_Ins_LearningMobility_3_question_3131,390.6,789.3,1973.0
1625206,stimulus_Ins_LearningMobility_3_question_3131,390.8,789.1,1973.0
1625207,stimulus_Ins_LearningMobility_3_question_3131,391.0,788.6,1972.0
1625208,stimulus_Ins_LearningMobility_3_question_3131,391.2,788.1,1972.0
1625209,stimulus_Ins_LearningMobility_3_question_3131,391.2,788.3,1971.0
1625210,stimulus_Ins_LearningMobility_3_question_3131,391.1,789.0,1970.0
1625211,stimulus_Ins_LearningMobility_3_question_3131,391.0,789.2,1971.0
1625212,stimulus_Ins_LearningMobility_3_question_3131,390.9,788.5,1972.0
1625213,stimulus_Ins_LearningMobility_3_question_3131,390.9,787.8,1974.0
1625214,stimulus_Ins_LearningMobility_3_question_3131,390.9,787.6,1975.0
1625215,stimulus_Ins_LearningMobility_3_question_3131,390.9,787.6,1975.0
1625216,stimulus_Ins_LearningMobility_3_question_3131,390.6,787.6,1975.0
1625217,stimulus_Ins_LearningMobility_3_question_3131,390.3,787.6,1975.0
1625218,stimulus_Ins_LearningMobility_3_question_3131,390.1,788.2,1974.0
1625219,stimulus_Ins_LearningMobility_3_question_3131,390.3,788.8,1974.0
1625220,stimulus_Ins_LearningMobility_3_question_3131,390.4,789.3,1974.0
1625221,stimulus_Ins_LearningMobility_3_question_3131,390.4,788.5,1977.0
1625222,stimulus_Ins_LearningMobility_3_question_3131,390.4,787.7,1981.0
1625223,stimulus_Ins_LearningMobility_3_question_3131,390.4,787.1,1985.0
1625224,stimulus_Ins_LearningMobility_3_question_3131,390.5,787.2,1985.0
1625225,stimulus_Ins_LearningMobility_3_question_3131,390.7,787.3,1984.0
1625226,stimulus_Ins_LearningMobility_3_question_3131,390.9,787.3,1984.0
1625227,stimulus_Ins_LearningMobility_3_question_3131,391.1,787.2,1984.0
1625228,stimulus_Ins_LearningMobility_3_question_3131,391.2,787.1,1984.0
1625229,stimulus_Ins_LearningMobility_3_question_3131,391.4,787.1,1985.0
1625230,stimulus_Ins_LearningMobility_3_question_3131,390.8,787.0,1987.0
1625231,stimulus_Ins_LearningMobility_3_question_3131,390.1,787.0,1988.0
1625232,stimulus_Ins_LearningMobility_3_question_3131,389.5,787.3,1988.0
1625233,stimulus_Ins_LearningMobility_3_question_3131,389.4,787.5,1988.0
1625234,stimulus_Ins_LearningMobility_3_question_3131,389.5,787.4,1989.0
1625235,stimulus_Ins_LearningMobility_3_question_3131,389.5,787.2,1990.0
1625236,stimulus_Ins_LearningMobility_3_question_3131,389.4,787.1,1989.0
1625237,stimulus_Ins_LearningMobility_3_question_3131,389.4,787.4,1988.0
1625238,stimulus_Ins_LearningMobility_3_question_3131,389.6,787.6,1987.0
1625239,stimulus_Ins_LearningMobility_3_question_3131,389.8,787.7,1985.0
1625240,stimulus_Ins_LearningMobility_3_question_3131,390.0,787.6,1983.0
1625241,stimulus_Ins_LearningMobility_3_question_3131,389.7,786.9,1981.0
1625242,stimulus_Ins_LearningMobility_3_question_3131,389.3,786.2,1984.0
1625243,stimulus_Ins_LearningMobility_3_question_3131,388.9,785.3,1986.0
1625244,stimulus_Ins_LearningMobility_3_question_3131,388.7,785.2,1988.0
1625245,stimulus_Ins_LearningMobility_3_question_3131,388.3,785.1,1987.0
1625246,stimulus_Ins_LearningMobility_3_question_3131,388.0,785.1,1986.0
1625247,stimulus_Ins_LearningMobility_3_question_3131,387.7,785.4,1984.0
1625248,stimulus_Ins_LearningMobility_3_question_3131,387.5,785.7,1982.0
1625249,stimulus_Ins_LearningMobility_3_question_3131,387.1,785.6,1982.0
1625250,stimulus_Ins_LearningMobility_3_question_3131,386.8,785.2,1984.0
1625251,stimulus_Ins_LearningMobility_3_question_3131,386.5,784.7,1985.0
1625252,stimulus_Ins_LearningMobility_3_question_3131,386.2,784.7,1986.0
1625253,stimulus_Ins_LearningMobility_3_question_3131,385.6,784.7,1987.0
1625254,stimulus_Ins_LearningMobility_3_question_3131,385.3,784.4,1988.0
1625255,stimulus_Ins_LearningMobility_3_question_3131,384.9,784.1,1989.0
1625256,stimulus_Ins_LearningMobility_3_question_3131,385.0,783.5,1989.0
1625257,stimulus_Ins_LearningMobility_3_question_3131,385.4,783.2,1988.0
1625258,stimulus_Ins_LearningMobility_3_question_3131,385.8,783.0,1987.0
1625259,stimulus_Ins_LearningMobility_3_question_3131,386.3,783.4,1987.0
1625260,stimulus_Ins_LearningMobility_3_question_3131,386.6,783.8,1988.0
1625261,stimulus_Ins_LearningMobility_3_question_3131,386.9,784.1,1990.0
1625262,stimulus_Ins_LearningMobility_3_question_3131,387.3,784.1,1993.0
1625263,stimulus_Ins_LearningMobility_3_question_3131,387.8,784.1,1997.0
1625264,stimulus_Ins_LearningMobility_3_question_3131,388.2,784.1,1998.0
1625265,stimulus_Ins_LearningMobility_3_question_3131,388.5,784.2,1998.0
1625266,stimulus_Ins_LearningMobility_3_question_3131,388.8,784.3,1997.0
1625267,stimulus_Ins_LearningMobility_3_question_3131,389.0,784.4,1997.0
1625268,stimulus_Ins_LearningMobility_3_question_3131,389.1,784.4,1998.0
1625269,stimulus_Ins_LearningMobility_3_question_3131,389.1,784.3,2000.0
1625270,stimulus_Ins_LearningMobility_3_question_3131,389.2,784.3,2001.0
1625271,stimulus_Ins_LearningMobility_3_question_3131,389.2,784.3,2002.0
1625272,stimulus_Ins_LearningMobility_3_question_3131,389.2,784.3,2002.0
1625273,stimulus_Ins_LearningMobility_3_question_3131,389.2,784.4,2003.0
1625274,stimulus_Ins_LearningMobility_3_question_3131,389.3,784.4,2003.0
1625275,stimulus_Ins_LearningMobility_3_question_3131,389.3,784.4,2003.0
1625276,stimulus_Ins_LearningMobility_3_question_3131,389.2,784.9,2001.0
1625277,stimulus_Ins_LearningMobility_3_question_3131,389.1,785.3,2001.0
1625278,stimulus_Ins_LearningMobility_3_question_3131,389.1,785.5,2001.0
1625279,stimulus_Ins_LearningMobility_3_question_3131,389.2,785.0,2002.0
1625280,stimulus_Ins_LearningMobility_3_question_3131,389.5,784.6,2004.0
1625281,stimulus_Ins_LearningMobility_3_question_3131,389.7,784.5,2006.0
1625282,stimulus_Ins_LearningMobility_3_question_3131,389.8,784.5,2007.0
1625283,stimulus_Ins_LearningMobility_3_question_3131,389.4,784.8,2008.0
1625284,stimulus_Ins_LearningMobility_3_question_3131,389.1,785.0,2008.0
1625285,stimulus_Ins_LearningMobility_3_question_3131,388.5,785.1,2007.0
1625286,stimulus_Ins_LearningMobility_3_question_3131,388.2,785.3,2007.0
1625287,stimulus_Ins_LearningMobility_3_question_3131,387.8,785.3,2008.0
1625288,stimulus_Ins_LearningMobility_3_question_3131,387.8,785.3,2007.0
1625289,stimulus_Ins_LearningMobility_3_question_3131,387.8,785.1,2006.0
1625290,stimulus_Ins_LearningMobility_3_question_3131,387.8,785.1,2004.0
1625291,stimulus_Ins_LearningMobility_3_question_3131,387.8,785.2,2006.0
1625292,stimulus_Ins_LearningMobility_3_question_3131,387.8,785.1,2008.0
1625293,stimulus_Ins_LearningMobility_3_question_3131,387.9,785.0,2009.0
1625294,stimulus_Ins_LearningMobility_3_question_3131,388.1,785.8,2010.0
1625295,stimulus_Ins_LearningMobility_3_question_3131,388.4,786.7,2010.0
1625296,stimulus_Ins_LearningMobility_3_question_3131,388.3,787.6,2010.0
1625297,stimulus_Ins_LearningMobility_3_question_3131,387.6,787.2,2009.0
1625298,stimulus_Ins_LearningMobility_3_question_3131,386.9,786.9,2008.0
1625299,stimulus_Ins_LearningMobility_3_question_3131,386.4,786.5,2007.0
1625300,stimulus_Ins_LearningMobility_3_question_3131,386.2,786.4,2005.0
1625301,stimulus_Ins_LearningMobility_3_question_3131,386.1,786.2,2003.0
1625302,stimulus_Ins_LearningMobility_3_question_3131,386.3,786.5,2003.0
1625303,stimulus_Ins_LearningMobility_3_question_3131,386.5,786.8,2005.0
1625304,stimulus_Ins_LearningMobility_3_question_3131,386.6,787.1,2006.0
1625305,stimulus_Ins_LearningMobility_3_question_3131,386.7,786.9,2007.0
1625306,stimulus_Ins_LearningMobility_3_question_3131,386.6,786.7,2007.0
1625307,stimulus_Ins_LearningMobility_3_question_3131,387.0,786.6,2006.0
1625308,stimulus_Ins_LearningMobility_3_question_3131,387.4,786.5,2006.0
1625309,stimulus_Ins_LearningMobility_3_question_3131,387.6,786.2,2007.0
1625310,stimulus_Ins_LearningMobility_3_question_3131,387.2,785.8,2008.0
1625311,stimulus_Ins_LearningMobility_3_question_3131,386.9,785.5,2009.0
1625312,stimulus_Ins_LearningMobility_3_question_3131,386.9,785.3,2009.0
1625313,stimulus_Ins_LearningMobility_3_question_3131,387.1,785.0,2010.0
1625314,stimulus_Ins_LearningMobility_3_question_3131,387.7,784.7,2014.0
1625315,stimulus_Ins_LearningMobility_3_question_3131,388.7,784.4,2018.0
1625316,stimulus_Ins_LearningMobility_3_question_3131,389.6,784.1,2020.0
1625317,stimulus_Ins_LearningMobility_3_question_3131,390.2,783.9,2019.0
1625318,stimulus_Ins_LearningMobility_3_question_3131,390.8,784.1,2018.0
1625319,stimulus_Ins_LearningMobility_3_question_3131,393.0,784.9,2017.0
1625320,stimulus_Ins_LearningMobility_3_question_3131,397.4,786.1,2016.0
1625321,stimulus_Ins_LearningMobility_3_question_3131,403.1,787.0,2017.0
1625322,stimulus_Ins_LearningMobility_3_question_3131,409.7,787.5,2023.0
1625323,stimulus_Ins_LearningMobility_3_question_3131,416.2,787.5,2030.0
1625324,stimulus_Ins_LearningMobility_3_question_3131,423.6,788.1,2035.0
1625325,stimulus_Ins_LearningMobility_3_question_3131,433.0,788.9,2036.0
1625326,stimulus_Ins_LearningMobility_3_question_3131,443.3,789.7,2037.0
1625327,stimulus_Ins_LearningMobility_3_question_3131,453.2,791.4,2037.0
1625328,stimulus_Ins_LearningMobility_3_question_3131,462.5,794.2,2037.0
1625329,stimulus_Ins_LearningMobility_3_question_3131,472.2,796.8,2035.0
1625330,stimulus_Ins_LearningMobility_3_question_3131,481.9,797.6,2034.0
1625331,stimulus_Ins_LearningMobility_3_question_3131,489.6,797.1,2033.0
1625332,stimulus_Ins_LearningMobility_3_question_3131,497.7,797.9,2035.0
1625333,stimulus_Ins_LearningMobility_3_question_3131,507.2,799.4,2036.0
1625334,stimulus_Ins_LearningMobility_3_question_3131,517.9,800.9,2036.0
1625335,stimulus_Ins_LearningMobility_3_question_3131,527.1,801.7,2031.0
1625336,stimulus_Ins_LearningMobility_3_question_3131,535.3,802.4,2027.0
1625337,stimulus_Ins_LearningMobility_3_question_3131,542.7,803.1,2024.0
1625338,stimulus_Ins_LearningMobility_3_question_3131,550.3,803.0,2021.0
1625339,stimulus_Ins_LearningMobility_3_question_3131,557.8,802.8,2017.0
1625340,stimulus_Ins_LearningMobility_3_question_3131,565.1,802.8,2009.0
1625341,stimulus_Ins_LearningMobility_3_question_3131,570.3,803.0,2004.0
1625342,stimulus_Ins_LearningMobility_3_question_3131,573.9,803.2,2000.0
1625343,stimulus_Ins_LearningMobility_3_question_3131,577.1,804.1,2000.0
1625344,stimulus_Ins_LearningMobility_3_question_3131,581.4,804.9,2002.0
1625345,stimulus_Ins_LearningMobility_3_question_3131,584.2,805.7,2004.0
1625346,stimulus_Ins_LearningMobility_3_question_3131,587.1,805.6,2005.0
1625347,stimulus_Ins_LearningMobility_3_question_3131,589.1,805.7,2004.0
1625348,stimulus_Ins_LearningMobility_3_question_3131,591.2,805.9,2002.0
1625349,stimulus_Ins_LearningMobility_3_question_3131,591.7,806.2,1999.0
1625350,stimulus_Ins_LearningMobility_3_question_3131,591.9,806.5,1997.0
1625351,stimulus_Ins_LearningMobility_3_question_3131,592.1,806.6,1998.0
1625352,stimulus_Ins_LearningMobility_3_question_3131,592.2,806.7,2003.0
1625353,stimulus_Ins_LearningMobility_3_question_3131,592.2,805.6,2007.0
1625354,stimulus_Ins_LearningMobility_3_question_3131,591.4,804.5,2009.0
1625355,stimulus_Ins_LearningMobility_3_question_3131,590.9,803.3,2008.0
1625356,stimulus_Ins_LearningMobility_3_question_3131,590.4,803.3,2008.0
1625357,stimulus_Ins_LearningMobility_3_question_3131,590.6,803.4,2008.0
1625358,stimulus_Ins_LearningMobility_3_question_3131,590.8,803.8,2008.0
1625359,stimulus_Ins_LearningMobility_3_question_3131,591.0,804.2,2008.0
1625360,stimulus_Ins_LearningMobility_3_question_3131,591.3,804.7,2008.0
1625361,stimulus_Ins_LearningMobility_3_question_3131,591.2,804.8,2008.0
1625362,stimulus_Ins_LearningMobility_3_question_3131,591.4,804.9,2011.0
1625363,stimulus_Ins_LearningMobility_3_question_3131,591.7,804.8,2013.0
1625364,stimulus_Ins_LearningMobility_3_question_3131,592.6,804.6,2015.0
1625365,stimulus_Ins_LearningMobility_3_question_3131,593.2,804.4,2015.0
1625366,stimulus_Ins_LearningMobility_3_question_3131,593.7,804.4,2012.0
1625367,stimulus_Ins_LearningMobility_3_question_3131,593.8,804.8,2009.0
1625368,stimulus_Ins_LearningMobility_3_question_3131,594.4,805.3,2006.0
1625369,stimulus_Ins_LearningMobility_3_question_3131,594.9,806.2,2006.0
1625370,stimulus_Ins_LearningMobility_3_question_3131,595.4,806.9,2005.0
1625371,stimulus_Ins_LearningMobility_3_question_3131,595.7,807.6,2004.0
1625372,stimulus_Ins_LearningMobility_3_question_3131,596.1,807.9,2004.0
1625373,stimulus_Ins_LearningMobility_3_question_3131,596.3,807.8,2006.0
1625374,stimulus_Ins_LearningMobility_3_question_3131,595.8,807.8,2008.0
1625375,stimulus_Ins_LearningMobility_3_question_3131,595.2,808.0,2008.0
1625376,stimulus_Ins_LearningMobility_3_question_3131,594.8,808.3,2007.0
1625377,stimulus_Ins_LearningMobility_3_question_3131,594.2,808.3,2003.0
1625378,stimulus_Ins_LearningMobility_3_question_3131,593.6,808.0,2000.0
1625379,stimulus_Ins_LearningMobility_3_question_3131,593.0,807.7,1997.0
1625380,stimulus_Ins_LearningMobility_3_question_3131,593.1,807.8,1997.0
1625381,stimulus_Ins_LearningMobility_3_question_3131,593.1,807.9,1998.0
1625382,stimulus_Ins_LearningMobility_3_question_3131,593.2,807.2,1998.0
1625383,stimulus_Ins_LearningMobility_3_question_3131,593.3,806.5,1998.0
1625384,stimulus_Ins_LearningMobility_3_question_3131,593.3,805.7,2000.0
1625385,stimulus_Ins_LearningMobility_3_question_3131,593.6,805.2,2003.0
1625386,stimulus_Ins_LearningMobility_3_question_3131,593.8,804.6,2003.0
1625387,stimulus_Ins_LearningMobility_3_question_3131,594.0,804.2,2000.0
1625388,stimulus_Ins_LearningMobility_3_question_3131,594.4,804.1,1997.0
1625389,stimulus_Ins_LearningMobility_3_question_3131,595.1,803.7,1995.0
1625390,stimulus_Ins_LearningMobility_3_question_3131,595.7,803.3,1998.0
1625391,stimulus_Ins_LearningMobility_3_question_3131,596.0,802.8,2000.0
1625392,stimulus_Ins_LearningMobility_3_question_3131,596.2,802.7,2006.0
1625393,stimulus_Ins_LearningMobility_3_question_3131,596.4,802.6,2009.0
1625394,stimulus_Ins_LearningMobility_3_question_3131,596.5,802.6,2011.0
1625395,stimulus_Ins_LearningMobility_3_question_3131,596.6,802.6,2011.0
1625396,stimulus_Ins_LearningMobility_3_question_3131,596.5,802.3,2011.0
1625397,stimulus_Ins_LearningMobility_3_question_3131,596.4,801.9,2011.0
1625398,stimulus_Ins_LearningMobility_3_question_3131,596.3,801.8,2013.0
1625399,stimulus_Ins_LearningMobility_3_question_3131,596.5,802.1,2013.0
1625400,stimulus_Ins_LearningMobility_3_question_3131,596.6,802.4,2015.0
1625401,stimulus_Ins_LearningMobility_3_question_3131,596.8,802.5,2017.0
1625402,stimulus_Ins_LearningMobility_3_question_3131,596.7,802.6,2018.0
1625403,stimulus_Ins_LearningMobility_3_question_3131,596.6,802.6,2019.0
1625404,stimulus_Ins_LearningMobility_3_question_3131,596.3,802.6,2019.0
1625405,stimulus_Ins_LearningMobility_3_question_3131,595.9,802.6,2018.0
1625406,stimulus_Ins_LearningMobility_3_question_3131,595.6,803.7,2017.0
1625407,stimulus_Ins_LearningMobility_3_question_3131,595.2,804.9,2015.0
1625408,stimulus_Ins_LearningMobility_3_question_3131,594.9,805.9,2013.0
1625409,stimulus_Ins_LearningMobility_3_question_3131,594.6,805.8,2012.0
1625410,stimulus_Ins_LearningMobility_3_question_3131,594.6,805.7,2010.0
1625411,stimulus_Ins_LearningMobility_3_question_3131,594.6,805.9,2008.0
1625412,stimulus_Ins_LearningMobility_3_question_3131,594.6,805.7,2006.0
1625413,stimulus_Ins_LearningMobility_3_question_3131,594.5,805.5,2006.0
1625414,stimulus_Ins_LearningMobility_3_question_3131,594.4,805.3,2007.0
1625415,stimulus_Ins_LearningMobility_3_question_3131,594.4,805.2,2006.0
1625416,stimulus_Ins_LearningMobility_3_question_3131,594.4,805.2,2006.0
1625417,stimulus_Ins_LearningMobility_3_question_3131,593.8,804.8,2005.0
1625418,stimulus_Ins_LearningMobility_3_question_3131,593.2,804.4,2004.0
1625419,stimulus_Ins_LearningMobility_3_question_3131,592.6,803.3,2005.0
1625420,stimulus_Ins_LearningMobility_3_question_3131,592.7,802.9,2006.0
1625421,stimulus_Ins_LearningMobility_3_question_3131,592.8,802.4,2008.0
1625422,stimulus_Ins_LearningMobility_3_question_3131,593.0,802.4,2007.0
1625423,stimulus_Ins_LearningMobility_3_question_3131,592.9,801.9,2011.0
1625424,stimulus_Ins_LearningMobility_3_question_3131,592.8,801.6,2015.0
1625425,stimulus_Ins_LearningMobility_3_question_3131,592.8,801.5,2018.0
1625426,stimulus_Ins_LearningMobility_3_question_3131,592.9,801.9,2017.0
1625427,stimulus_Ins_LearningMobility_3_question_3131,592.9,801.3,2016.0
1625428,stimulus_Ins_LearningMobility_3_question_3131,593.0,800.6,2016.0
1625429,stimulus_Ins_LearningMobility_3_question_3131,593.2,799.8,2015.0
1625430,stimulus_Ins_LearningMobility_3_question_3131,593.6,799.9,2013.0
1625431,stimulus_Ins_LearningMobility_3_question_3131,593.6,799.7,2010.0
1625432,stimulus_Ins_LearningMobility_3_question_3131,593.6,799.4,2010.0
1625433,stimulus_Ins_LearningMobility_3_question_3131,593.6,799.5,2013.0
1625434,stimulus_Ins_LearningMobility_3_question_3131,593.7,799.7,2015.0
1625435,stimulus_Ins_LearningMobility_3_question_3131,593.9,799.9,2017.0
1625436,stimulus_Ins_LearningMobility_3_question_3131,594.2,799.8,2017.0
1625437,stimulus_Ins_LearningMobility_3_question_3131,594.6,799.8,2017.0
1625438,stimulus_Ins_LearningMobility_3_question_3131,594.7,799.9,2016.0
1625439,stimulus_Ins_LearningMobility_3_question_3131,594.8,800.2,2016.0
1625440,stimulus_Ins_LearningMobility_3_question_3131,595.3,800.7,2015.0
1625441,stimulus_Ins_LearningMobility_3_question_3131,595.8,801.3,2015.0
1625442,stimulus_Ins_LearningMobility_3_question_3131,596.2,801.7,2016.0
1625443,stimulus_Ins_LearningMobility_3_question_3131,596.1,801.9,2019.0
1625444,stimulus_Ins_LearningMobility_3_question_3131,596.0,802.0,2021.0
1625445,stimulus_Ins_LearningMobility_3_question_3131,596.0,802.2,2022.0
1625446,stimulus_Ins_LearningMobility_3_question_3131,596.0,802.4,2022.0
1625447,stimulus_Ins_LearningMobility_3_question_3131,596.0,803.0,2018.0
1625448,stimulus_Ins_LearningMobility_3_question_3131,596.1,803.3,2014.0
1625449,stimulus_Ins_LearningMobility_3_question_3131,596.0,803.8,2013.0
1625450,stimulus_Ins_LearningMobility_3_question_3131,595.9,804.1,2015.0
1625451,stimulus_Ins_LearningMobility_3_question_3131,595.8,804.2,2018.0
1625452,stimulus_Ins_LearningMobility_3_question_3131,595.8,803.7,2017.0
1625453,stimulus_Ins_LearningMobility_3_question_3131,595.6,803.2,2017.0
1625454,stimulus_Ins_LearningMobility_3_question_3131,595.4,802.9,2020.0
1625455,stimulus_Ins_LearningMobility_3_question_3131,595.2,803.2,2023.0
1625456,stimulus_Ins_LearningMobility_3_question_3131,595.3,803.4,2022.0
1625457,stimulus_Ins_LearningMobility_3_question_3131,595.4,803.8,2019.0
1625458,stimulus_Ins_LearningMobility_3_question_3131,595.1,804.0,2015.0
1625459,stimulus_Ins_LearningMobility_3_question_3131,594.7,804.2,2014.0
1625460,stimulus_Ins_LearningMobility_3_question_3131,594.2,804.2,2012.0
1625461,stimulus_Ins_LearningMobility_3_question_3131,594.3,803.8,2012.0
1625462,stimulus_Ins_LearningMobility_3_question_3131,594.5,803.6,2014.0
1625463,stimulus_Ins_LearningMobility_3_question_3131,594.6,803.5,2016.0
1625464,stimulus_Ins_LearningMobility_3_question_3131,594.5,803.5,2015.0
1625465,stimulus_Ins_LearningMobility_3_question_3131,594.6,803.5,2013.0
1625466,stimulus_Ins_LearningMobility_3_question_3131,595.0,803.5,2013.0
1625467,stimulus_Ins_LearningMobility_3_question_3131,595.2,803.4,2013.0
1625468,stimulus_Ins_LearningMobility_3_question_3131,595.0,803.3,2014.0
1625469,stimulus_Ins_LearningMobility_3_question_3131,594.5,802.6,2014.0
1625470,stimulus_Ins_LearningMobility_3_question_3131,594.2,801.9,2015.0
1625471,stimulus_Ins_LearningMobility_3_question_3131,594.2,801.4,2011.0
1625472,stimulus_Ins_LearningMobility_3_question_3131,594.2,801.7,2007.0
1625473,stimulus_Ins_LearningMobility_3_question_3131,593.3,801.9,2009.0
1625474,stimulus_Ins_LearningMobility_3_question_3131,592.4,801.7,2015.0
1625475,stimulus_Ins_LearningMobility_3_question_3131,591.7,801.3,2021.0
1625476,stimulus_Ins_LearningMobility_3_question_3131,591.7,800.9,2021.0
1625477,stimulus_Ins_LearningMobility_3_question_3131,591.7,800.9,2019.0
1625478,stimulus_Ins_LearningMobility_3_question_3131,591.4,800.3,2016.0
1625479,stimulus_Ins_LearningMobility_3_question_3131,591.1,799.8,2013.0
1625480,stimulus_Ins_LearningMobility_3_question_3131,590.9,799.9,2012.0
1625481,stimulus_Ins_LearningMobility_3_question_3131,591.0,800.5,2012.0
1625482,stimulus_Ins_LearningMobility_3_question_3131,591.0,800.6,2015.0
1625483,stimulus_Ins_LearningMobility_3_question_3131,590.8,800.1,2019.0
1625484,stimulus_Ins_LearningMobility_3_question_3131,590.7,799.5,2023.0
1625485,stimulus_Ins_LearningMobility_3_question_3131,590.6,799.5,2021.0
1625486,stimulus_Ins_LearningMobility_3_question_3131,591.1,799.5,2020.0
1625487,stimulus_Ins_LearningMobility_3_question_3131,591.6,799.6,2018.0
1625488,stimulus_Ins_LearningMobility_3_question_3131,592.3,799.7,2015.0
1625489,stimulus_Ins_LearningMobility_3_question_3131,592.4,799.8,2012.0
1625490,stimulus_Ins_LearningMobility_3_question_3131,592.6,799.8,2013.0
1625491,stimulus_Ins_LearningMobility_3_question_3131,592.6,799.8,2016.0
1625492,stimulus_Ins_LearningMobility_3_question_3131,592.6,799.7,2020.0
1625493,stimulus_Ins_LearningMobility_3_question_3131,592.6,799.7,2020.0
1625494,stimulus_Ins_LearningMobility_3_question_3131,592.8,799.1,2021.0
1625495,stimulus_Ins_LearningMobility_3_question_3131,592.8,798.2,2021.0
1625496,stimulus_Ins_LearningMobility_3_question_3131,593.0,797.4,2021.0
1625497,stimulus_Ins_LearningMobility_3_question_3131,592.9,796.9,2020.0
1625498,stimulus_Ins_LearningMobility_3_question_3131,592.9,796.7,2019.0
1625499,stimulus_Ins_LearningMobility_3_question_3131,592.9,797.1,2020.0
1625500,stimulus_Ins_LearningMobility_3_question_3131,593.0,797.8,2020.0
1625501,stimulus_Ins_LearningMobility_3_question_3131,593.0,798.6,2021.0
1625502,stimulus_Ins_LearningMobility_3_question_3131,593.1,799.6,2021.0
1625503,stimulus_Ins_LearningMobility_3_question_3131,593.3,800.6,2022.0
1625504,stimulus_Ins_LearningMobility_3_question_3131,593.4,800.9,2024.0
1625505,stimulus_Ins_LearningMobility_3_question_3131,593.6,800.4,2026.0
1625506,stimulus_Ins_LearningMobility_3_question_3131,593.6,800.0,2027.0
1625507,stimulus_Ins_LearningMobility_3_question_3131,593.6,800.2,2027.0
1625508,stimulus_Ins_LearningMobility_3_question_3131,593.5,800.7,2025.0
1625509,stimulus_Ins_LearningMobility_3_question_3131,593.5,801.7,2021.0
1625510,stimulus_Ins_LearningMobility_3_question_3131,593.6,802.6,2018.0
1625511,stimulus_Ins_LearningMobility_3_question_3131,593.7,803.4,2018.0
1625512,stimulus_Ins_LearningMobility_3_question_3131,593.8,803.6,2018.0
1625513,stimulus_Ins_LearningMobility_3_question_3131,593.9,803.6,2019.0
1625514,stimulus_Ins_LearningMobility_3_question_3131,594.1,803.3,2019.0
1625515,stimulus_Ins_LearningMobility_3_question_3131,594.3,802.9,2019.0
1625516,stimulus_Ins_LearningMobility_3_question_3131,594.3,802.5,2019.0
1625517,stimulus_Ins_LearningMobility_3_question_3131,593.6,802.2,2019.0
1625518,stimulus_Ins_LearningMobility_3_question_3131,592.8,801.9,2019.0
1625519,stimulus_Ins_LearningMobility_3_question_3131,592.2,801.7,2018.0
1625520,stimulus_Ins_LearningMobility_3_question_3131,592.1,801.7,2017.0
1625521,stimulus_Ins_LearningMobility_3_question_3131,591.9,801.2,2018.0
1625522,stimulus_Ins_LearningMobility_3_question_3131,591.8,800.6,2018.0
1625523,stimulus_Ins_LearningMobility_3_question_3131,592.0,799.9,2019.0
1625524,stimulus_Ins_LearningMobility_3_question_3131,592.2,799.2,2023.0
1625525,stimulus_Ins_LearningMobility_3_question_3131,592.6,798.9,2028.0
1625526,stimulus_Ins_LearningMobility_3_question_3131,592.9,799.0,2028.0
1625527,stimulus_Ins_LearningMobility_3_question_3131,593.5,799.7,2024.0
1625528,stimulus_Ins_LearningMobility_3_question_3131,593.9,800.0,2020.0
1625529,stimulus_Ins_LearningMobility_3_question_3131,594.0,799.9,2019.0
1625530,stimulus_Ins_LearningMobility_3_question_3131,593.5,799.3,2022.0
1625531,stimulus_Ins_LearningMobility_3_question_3131,593.1,798.8,2025.0
1625532,stimulus_Ins_LearningMobility_3_question_3131,592.8,798.2,2029.0
1625533,stimulus_Ins_LearningMobility_3_question_3131,592.8,798.0,2029.0
1625534,stimulus_Ins_LearningMobility_3_question_3131,592.8,798.3,2027.0
1625535,stimulus_Ins_LearningMobility_3_question_3131,593.2,798.8,2025.0
1625536,stimulus_Ins_LearningMobility_3_question_3131,593.5,799.2,2023.0
1625537,stimulus_Ins_LearningMobility_3_question_3131,593.8,799.2,2023.0
1625538,stimulus_Ins_LearningMobility_3_question_3131,593.9,799.2,2022.0
1625539,stimulus_Ins_LearningMobility_3_question_3131,593.9,799.1,2023.0
1625540,stimulus_Ins_LearningMobility_3_question_3131,593.7,799.0,2024.0
1625541,stimulus_Ins_LearningMobility_3_question_3131,593.4,798.9,2025.0
1625542,stimulus_Ins_LearningMobility_3_question_3131,593.2,798.8,2025.0
1625543,stimulus_Ins_LearningMobility_3_question_3131,592.6,798.8,2026.0
1625544,stimulus_Ins_LearningMobility_3_question_3131,592.0,799.1,2027.0
1625545,stimulus_Ins_LearningMobility_3_question_3131,591.5,799.5,2029.0
1625546,stimulus_Ins_LearningMobility_3_question_3131,591.4,800.1,2030.0
1625547,stimulus_Ins_LearningMobility_3_question_3131,591.3,800.2,2031.0
1625548,stimulus_Ins_LearningMobility_3_question_3131,591.1,800.4,2030.0
1625549,stimulus_Ins_LearningMobility_3_question_3131,591.0,800.7,2029.0
1625550,stimulus_Ins_LearningMobility_3_question_3131,590.9,800.9,2026.0
1625551,stimulus_Ins_LearningMobility_3_question_3131,590.9,801.0,2024.0
1625552,stimulus_Ins_LearningMobility_3_question_3131,590.9,800.9,2027.0
1625553,stimulus_Ins_LearningMobility_3_question_3131,590.9,800.7,2031.0
1625554,stimulus_Ins_LearningMobility_3_question_3131,591.2,800.8,2036.0
1625555,stimulus_Ins_LearningMobility_3_question_3131,591.6,801.6,2033.0
1625556,stimulus_Ins_LearningMobility_3_question_3131,591.9,802.3,2030.0
1625557,stimulus_Ins_LearningMobility_3_question_3131,591.4,803.0,2029.0
1625558,stimulus_Ins_LearningMobility_3_question_3131,590.9,802.9,2031.0
1625559,stimulus_Ins_LearningMobility_3_question_3131,591.1,802.8,2033.0
1625560,stimulus_Ins_LearningMobility_3_question_3131,591.8,802.8,2033.0
1625561,stimulus_Ins_LearningMobility_3_question_3131,592.4,802.8,2033.0
1625562,stimulus_Ins_LearningMobility_3_question_3131,592.3,802.6,2033.0
1625563,stimulus_Ins_LearningMobility_3_question_3131,592.0,802.4,2033.0
1625564,stimulus_Ins_LearningMobility_3_question_3131,591.5,802.2,2033.0
1625565,stimulus_Ins_LearningMobility_3_question_3131,591.1,802.1,2033.0
1625566,stimulus_Ins_LearningMobility_3_question_3131,590.5,802.1,2031.0
1625567,stimulus_Ins_LearningMobility_3_question_3131,590.4,802.1,2029.0
1625568,stimulus_Ins_LearningMobility_3_question_3131,590.6,802.2,2026.0
1625569,stimulus_Ins_LearningMobility_3_question_3131,590.8,801.8,2024.0
1625570,stimulus_Ins_LearningMobility_3_question_3131,591.1,801.3,2022.0
1625571,stimulus_Ins_LearningMobility_3_question_3131,591.4,801.0,2022.0
1625572,stimulus_Ins_LearningMobility_3_question_3131,591.8,801.2,2025.0
1625573,stimulus_Ins_LearningMobility_3_question_3131,592.3,801.4,2028.0
1625574,stimulus_Ins_LearningMobility_3_question_3131,592.5,801.6,2031.0
1625575,stimulus_Ins_LearningMobility_3_question_3131,592.5,801.6,2031.0
1625576,stimulus_Ins_LearningMobility_3_question_3131,592.5,801.5,2031.0
1625577,stimulus_Ins_LearningMobility_3_question_3131,592.6,801.1,2031.0
1625578,stimulus_Ins_LearningMobility_3_question_3131,592.8,800.8,2031.0
1625579,stimulus_Ins_LearningMobility_3_question_3131,592.9,800.6,2029.0
1625580,stimulus_Ins_LearningMobility_3_question_3131,592.9,800.5,2028.0
1625581,stimulus_Ins_LearningMobility_3_question_3131,592.6,800.3,2028.0
1625582,stimulus_Ins_LearningMobility_3_question_3131,592.2,799.6,2028.0
1625583,stimulus_Ins_LearningMobility_3_question_3131,592.0,799.0,2028.0
1625584,stimulus_Ins_LearningMobility_3_question_3131,591.9,798.7,2028.0
1625585,stimulus_Ins_LearningMobility_3_question_3131,591.9,799.1,2028.0
1625586,stimulus_Ins_LearningMobility_3_question_3131,591.9,799.4,2029.0
1625587,stimulus_Ins_LearningMobility_3_question_3131,592.1,799.4,2029.0
1625588,stimulus_Ins_LearningMobility_3_question_3131,592.3,799.2,2028.0
1625589,stimulus_Ins_LearningMobility_3_question_3131,592.5,799.4,2029.0
1625590,stimulus_Ins_LearningMobility_3_question_3131,592.2,799.7,2030.0
1625591,stimulus_Ins_LearningMobility_3_question_3131,591.9,800.0,2031.0
1625592,stimulus_Ins_LearningMobility_3_question_3131,591.4,800.0,2031.0
1625593,stimulus_Ins_LearningMobility_3_question_3131,591.1,799.3,2031.0
1625594,stimulus_Ins_LearningMobility_3_question_3131,590.5,798.5,2033.0
1625595,stimulus_Ins_LearningMobility_3_question_3131,590.0,797.6,2034.0
1625596,stimulus_Ins_LearningMobility_3_question_3131,589.9,797.5,2034.0
1625597,stimulus_Ins_LearningMobility_3_question_3131,590.1,797.5,2033.0
1625598,stimulus_Ins_LearningMobility_3_question_3131,590.2,797.5,2032.0
1625599,stimulus_Ins_LearningMobility_3_question_3131,590.2,798.2,2032.0
1625600,stimulus_Ins_LearningMobility_3_question_3131,589.9,798.9,2033.0
1625601,stimulus_Ins_LearningMobility_3_question_3131,589.7,799.6,2033.0
1625602,stimulus_Ins_LearningMobility_3_question_3131,589.4,799.7,2033.0
1625603,stimulus_Ins_LearningMobility_3_question_3131,589.2,799.7,2033.0
1625604,stimulus_Ins_LearningMobility_3_question_3131,589.1,799.4,2032.0
1625605,stimulus_Ins_LearningMobility_3_question_3131,589.2,798.9,2030.0
1625606,stimulus_Ins_LearningMobility_3_question_3131,588.8,798.5,2029.0
1625607,stimulus_Ins_LearningMobility_3_question_3131,588.4,799.0,2030.0
1625608,stimulus_Ins_LearningMobility_3_question_3131,588.4,799.6,2031.0
1625609,stimulus_Ins_LearningMobility_3_question_3131,588.9,800.1,2032.0
1625610,stimulus_Ins_LearningMobility_3_question_3131,589.3,800.1,2031.0
1625611,stimulus_Ins_LearningMobility_3_question_3131,589.2,800.3,2032.0
1625612,stimulus_Ins_LearningMobility_3_question_3131,589.1,800.4,2035.0
1625613,stimulus_Ins_LearningMobility_3_question_3131,589.0,800.3,2039.0
1625614,stimulus_Ins_LearningMobility_3_question_3131,588.9,800.1,2043.0
1625615,stimulus_Ins_LearningMobility_3_question_3131,588.8,800.0,2043.0
1625616,stimulus_Ins_LearningMobility_3_question_3131,588.8,800.1,2040.0
1625617,stimulus_Ins_LearningMobility_3_question_3131,588.9,800.2,2037.0
1625618,stimulus_Ins_LearningMobility_3_question_3131,588.9,800.3,2036.0
1625619,stimulus_Ins_LearningMobility_3_question_3131,588.9,800.4,2035.0
1625620,stimulus_Ins_LearningMobility_3_question_3131,589.1,800.5,2033.0
1625621,stimulus_Ins_LearningMobility_3_question_3131,589.2,800.6,2033.0
1625622,stimulus_Ins_LearningMobility_3_question_3131,589.6,800.7,2035.0
1625623,stimulus_Ins_LearningMobility_3_question_3131,589.9,800.7,2036.0
1625624,stimulus_Ins_LearningMobility_3_question_3131,590.2,800.6,2037.0
1625625,stimulus_Ins_LearningMobility_3_question_3131,590.0,800.8,2038.0
1625626,stimulus_Ins_LearningMobility_3_question_3131,589.9,801.1,2037.0
1625627,stimulus_Ins_LearningMobility_3_question_3131,589.7,801.6,2034.0
1625628,stimulus_Ins_LearningMobility_3_question_3131,589.7,801.9,2030.0
1625629,stimulus_Ins_LearningMobility_3_question_3131,589.8,802.0,2028.0
1625630,stimulus_Ins_LearningMobility_3_question_3131,589.9,802.0,2030.0
1625631,stimulus_Ins_LearningMobility_3_question_3131,590.0,801.1,2033.0
1625632,stimulus_Ins_LearningMobility_3_question_3131,590.1,800.3,2035.0
1625633,stimulus_Ins_LearningMobility_3_question_3131,590.1,799.6,2035.0
1625634,stimulus_Ins_LearningMobility_3_question_3131,590.1,799.7,2035.0
1625635,stimulus_Ins_LearningMobility_3_question_3131,589.8,799.8,2036.0
1625636,stimulus_Ins_LearningMobility_3_question_3131,589.6,799.8,2037.0
1625637,stimulus_Ins_LearningMobility_3_question_3131,589.4,800.0,2037.0
1625638,stimulus_Ins_LearningMobility_3_question_3131,589.5,800.1,2037.0
1625639,stimulus_Ins_LearningMobility_3_question_3131,589.6,800.2,2037.0
1625640,stimulus_Ins_LearningMobility_3_question_3131,589.6,800.2,2036.0
1625641,stimulus_Ins_LearningMobility_3_question_3131,589.7,800.3,2037.0
1625642,stimulus_Ins_LearningMobility_3_question_3131,589.8,800.7,2039.0
1625643,stimulus_Ins_LearningMobility_3_question_3131,590.1,801.0,2042.0
1625644,stimulus_Ins_LearningMobility_3_question_3131,590.2,800.8,2045.0
1625645,stimulus_Ins_LearningMobility_3_question_3131,589.8,800.7,2045.0
1625646,stimulus_Ins_LearningMobility_3_question_3131,589.3,800.5,2044.0
1625647,stimulus_Ins_LearningMobility_3_question_3131,588.8,800.4,2042.0
1625648,stimulus_Ins_LearningMobility_3_question_3131,588.8,800.3,2040.0
1625649,stimulus_Ins_LearningMobility_3_question_3131,588.7,800.3,2039.0
1625650,stimulus_Ins_LearningMobility_3_question_3131,588.8,800.4,2039.0
1625651,stimulus_Ins_LearningMobility_3_question_3131,588.8,800.4,2038.0
1625652,stimulus_Ins_LearningMobility_3_question_3131,588.9,800.4,2037.0
1625653,stimulus_Ins_LearningMobility_3_question_3131,588.9,800.4,2036.0
1625654,stimulus_Ins_LearningMobility_3_question_3131,588.9,800.2,2037.0
1625655,stimulus_Ins_LearningMobility_3_question_3131,588.9,800.0,2039.0
1625656,stimulus_Ins_LearningMobility_3_question_3131,588.8,800.0,2039.0
1625657,stimulus_Ins_LearningMobility_3_question_3131,588.6,800.7,2038.0
1625658,stimulus_Ins_LearningMobility_3_question_3131,588.2,801.1,2038.0
1625659,stimulus_Ins_LearningMobility_3_question_3131,587.6,801.5,2037.0
1625660,stimulus_Ins_LearningMobility_3_question_3131,586.9,801.5,2036.0
1625661,stimulus_Ins_LearningMobility_3_question_3131,586.6,801.4,2034.0
1625662,stimulus_Ins_LearningMobility_3_question_3131,586.5,801.5,2033.0
1625663,stimulus_Ins_LearningMobility_3_question_3131,586.4,801.6,2034.0
1625664,stimulus_Ins_LearningMobility_3_question_3131,586.2,801.5,2039.0
1625665,stimulus_Ins_LearningMobility_3_question_3131,586.0,801.3,2042.0
1625666,stimulus_Ins_LearningMobility_3_question_3131,586.2,801.6,2046.0
1625667,stimulus_Ins_LearningMobility_3_question_3131,586.6,802.1,2046.0
1625668,stimulus_Ins_LearningMobility_3_question_3131,587.0,802.5,2046.0
1625669,stimulus_Ins_LearningMobility_3_question_3131,587.0,802.6,2044.0
1625670,stimulus_Ins_LearningMobility_3_question_3131,587.0,802.8,2041.0
1625671,stimulus_Ins_LearningMobility_3_question_3131,587.0,803.0,2039.0
1625672,stimulus_Ins_LearningMobility_3_question_3131,587.1,803.1,2042.0
1625673,stimulus_Ins_LearningMobility_3_question_3131,587.3,802.9,2044.0
1625674,stimulus_Ins_LearningMobility_3_question_3131,587.5,802.7,2046.0
1625675,stimulus_Ins_LearningMobility_3_question_3131,587.1,802.4,2046.0
1625676,stimulus_Ins_LearningMobility_3_question_3131,586.6,802.1,2046.0
1625677,stimulus_Ins_LearningMobility_3_question_3131,586.7,801.9,2046.0
1625678,stimulus_Ins_LearningMobility_3_question_3131,587.2,802.0,2045.0
1625679,stimulus_Ins_LearningMobility_3_question_3131,587.9,802.1,2043.0
1625680,stimulus_Ins_LearningMobility_3_question_3131,588.0,802.1,2041.0
1625681,stimulus_Ins_LearningMobility_3_question_3131,588.1,802.1,2041.0
1625682,stimulus_Ins_LearningMobility_3_question_3131,587.9,802.0,2044.0
1625683,stimulus_Ins_LearningMobility_3_question_3131,587.7,801.8,2045.0
1625684,stimulus_Ins_LearningMobility_3_question_3131,587.8,801.8,2047.0
1625685,stimulus_Ins_LearningMobility_3_question_3131,588.0,801.8,2046.0
1625686,stimulus_Ins_LearningMobility_3_question_3131,588.5,801.9,2046.0
1625687,stimulus_Ins_LearningMobility_3_question_3131,588.8,801.8,2046.0
1625688,stimulus_Ins_LearningMobility_3_question_3131,589.1,801.9,2046.0
1625689,stimulus_Ins_LearningMobility_3_question_3131,589.0,802.0,2044.0
1625690,stimulus_Ins_LearningMobility_3_question_3131,589.0,802.2,2041.0
1625691,stimulus_Ins_LearningMobility_3_question_3131,588.9,802.3,2037.0
1625692,stimulus_Ins_LearningMobility_3_question_3131,588.7,802.2,2038.0
1625693,stimulus_Ins_LearningMobility_3_question_3131,588.4,801.9,2043.0
1625694,stimulus_Ins_LearningMobility_3_question_3131,588.3,801.5,2048.0
1625695,stimulus_Ins_LearningMobility_3_question_3131,588.3,801.9,2048.0
1625696,stimulus_Ins_LearningMobility_3_question_3131,588.3,802.4,2046.0
1625697,stimulus_Ins_LearningMobility_3_question_3131,588.8,802.8,2043.0
1625698,stimulus_Ins_LearningMobility_3_question_3131,589.0,802.7,2042.0
1625699,stimulus_Ins_LearningMobility_3_question_3131,589.3,802.6,2042.0
1625700,stimulus_Ins_LearningMobility_3_question_3131,589.2,802.5,2043.0
1625701,stimulus_Ins_LearningMobility_3_question_3131,589.2,802.4,2044.0
1625702,stimulus_Ins_LearningMobility_3_question_3131,589.2,802.2,2046.0
1625703,stimulus_Ins_LearningMobility_3_question_3131,589.4,802.0,2048.0
1625704,stimulus_Ins_LearningMobility_3_question_3131,589.8,802.2,2051.0
1625705,stimulus_Ins_LearningMobility_3_question_3131,590.3,802.4,2050.0
1625706,stimulus_Ins_LearningMobility_3_question_3131,590.6,802.3,2049.0
1625707,stimulus_Ins_LearningMobility_3_question_3131,590.5,801.9,2048.0
1625708,stimulus_Ins_LearningMobility_3_question_3131,590.2,801.4,2048.0
1625709,stimulus_Ins_LearningMobility_3_question_3131,590.0,801.2,2049.0
1625710,stimulus_Ins_LearningMobility_3_question_3131,590.2,801.6,2049.0
1625711,stimulus_Ins_LearningMobility_3_question_3131,590.5,802.2,2050.0
1625712,stimulus_Ins_LearningMobility_3_question_3131,590.9,802.9,2050.0
1625713,stimulus_Ins_LearningMobility_3_question_3131,590.7,801.9,2051.0
1625714,stimulus_Ins_LearningMobility_3_question_3131,590.4,800.9,2051.0
1625715,stimulus_Ins_LearningMobility_3_question_3131,590.1,800.4,2052.0
1625716,stimulus_Ins_LearningMobility_3_question_3131,590.6,801.0,2053.0
1625717,stimulus_Ins_LearningMobility_3_question_3131,591.0,801.4,2052.0
1625718,stimulus_Ins_LearningMobility_3_question_3131,591.4,801.1,2049.0
1625719,stimulus_Ins_LearningMobility_3_question_3131,591.3,800.7,2047.0
1625720,stimulus_Ins_LearningMobility_3_question_3131,590.5,800.3,2046.0
1625721,stimulus_Ins_LearningMobility_3_question_3131,589.7,800.1,2048.0
1625722,stimulus_Ins_LearningMobility_3_question_3131,589.0,800.1,2049.0
1625723,stimulus_Ins_LearningMobility_3_question_3131,589.1,800.4,2051.0
1625724,stimulus_Ins_LearningMobility_3_question_3131,589.2,800.7,2052.0
1625725,stimulus_Ins_LearningMobility_3_question_3131,589.3,800.7,2054.0
1625726,stimulus_Ins_LearningMobility_3_question_3131,588.9,800.1,2055.0
1625727,stimulus_Ins_LearningMobility_3_question_3131,588.2,799.5,2056.0
1625728,stimulus_Ins_LearningMobility_3_question_3131,587.4,799.1,2053.0
1625729,stimulus_Ins_LearningMobility_3_question_3131,587.0,799.4,2048.0
1625730,stimulus_Ins_LearningMobility_3_question_3131,587.3,799.8,2042.0
1625731,stimulus_Ins_LearningMobility_3_question_3131,587.7,799.9,2041.0
1625732,stimulus_Ins_LearningMobility_3_question_3131,589.7,799.7,2043.0
1625733,stimulus_Ins_LearningMobility_3_question_3131,592.1,799.5,2050.0
1625734,stimulus_Ins_LearningMobility_3_question_3131,596.9,799.2,2055.0
1625735,stimulus_Ins_LearningMobility_3_question_3131,602.5,799.7,2057.0
1625736,stimulus_Ins_LearningMobility_3_question_3131,609.7,800.2,2055.0
1625737,stimulus_Ins_LearningMobility_3_question_3131,616.1,800.9,2053.0
1625738,stimulus_Ins_LearningMobility_3_question_3131,622.5,801.2,2053.0
1625739,stimulus_Ins_LearningMobility_3_question_3131,629.7,801.3,2053.0
1625740,stimulus_Ins_LearningMobility_3_question_3131,638.4,801.3,2054.0
1625741,stimulus_Ins_LearningMobility_3_question_3131,648.1,801.1,2054.0
1625742,stimulus_Ins_LearningMobility_3_question_3131,657.2,800.9,2054.0
1625743,stimulus_Ins_LearningMobility_3_question_3131,665.6,800.7,2054.0
1625744,stimulus_Ins_LearningMobility_3_question_3131,672.0,800.6,2054.0
1625745,stimulus_Ins_LearningMobility_3_question_3131,678.5,800.5,2055.0
1625746,stimulus_Ins_LearningMobility_3_question_3131,683.9,799.9,2055.0
1625747,stimulus_Ins_LearningMobility_3_question_3131,689.0,799.1,2051.0
1625748,stimulus_Ins_LearningMobility_3_question_3131,692.5,797.4,2046.0
1625749,stimulus_Ins_LearningMobility_3_question_3131,696.4,796.3,2041.0
1625750,stimulus_Ins_LearningMobility_3_question_3131,700.1,795.2,2037.0
1625751,stimulus_Ins_LearningMobility_3_question_3131,703.0,795.0,2033.0
1625752,stimulus_Ins_LearningMobility_3_question_3131,704.3,794.9,2031.0
1625753,stimulus_Ins_LearningMobility_3_question_3131,704.9,794.6,2033.0
1625754,stimulus_Ins_LearningMobility_3_question_3131,705.8,794.4,2033.0
1625755,stimulus_Ins_LearningMobility_3_question_3131,707.5,794.1,2032.0
1625756,stimulus_Ins_LearningMobility_3_question_3131,709.8,794.0,2029.0
1625757,stimulus_Ins_LearningMobility_3_question_3131,711.9,794.0,2027.0
1625758,stimulus_Ins_LearningMobility_3_question_3131,713.8,794.2,2026.0
1625759,stimulus_Ins_LearningMobility_3_question_3131,715.7,794.4,2025.0
1625760,stimulus_Ins_LearningMobility_3_question_3131,717.5,794.7,2024.0
1625761,stimulus_Ins_LearningMobility_3_question_3131,719.0,795.0,2024.0
1625762,stimulus_Ins_LearningMobility_3_question_3131,720.0,795.8,2025.0
1625763,stimulus_Ins_LearningMobility_3_question_3131,720.3,796.6,2026.0
1625764,stimulus_Ins_LearningMobility_3_question_3131,720.4,797.5,2026.0
1625765,stimulus_Ins_LearningMobility_3_question_3131,720.4,797.7,2026.0
1625766,stimulus_Ins_LearningMobility_3_question_3131,720.6,797.8,2026.0
1625767,stimulus_Ins_LearningMobility_3_question_3131,720.9,797.8,2026.0
1625768,stimulus_Ins_LearningMobility_3_question_3131,720.6,797.7,2026.0
1625769,stimulus_Ins_LearningMobility_3_question_3131,720.2,797.6,2025.0
1625770,stimulus_Ins_LearningMobility_3_question_3131,719.9,796.9,2024.0
1625771,stimulus_Ins_LearningMobility_3_question_3131,720.0,796.1,2024.0
1625772,stimulus_Ins_LearningMobility_3_question_3131,720.1,796.0,2023.0
1625773,stimulus_Ins_LearningMobility_3_question_3131,720.1,796.5,2022.0
1625774,stimulus_Ins_LearningMobility_3_question_3131,720.0,797.0,2021.0
1625775,stimulus_Ins_LearningMobility_3_question_3131,719.9,797.1,2020.0
1625776,stimulus_Ins_LearningMobility_3_question_3131,719.8,798.2,2020.0
1625777,stimulus_Ins_LearningMobility_3_question_3131,719.7,799.0,2020.0
1625778,stimulus_Ins_LearningMobility_3_question_3131,720.1,799.5,2020.0
1625779,stimulus_Ins_LearningMobility_3_question_3131,720.6,799.1,2019.0
1625780,stimulus_Ins_LearningMobility_3_question_3131,720.8,799.0,2017.0
1625781,stimulus_Ins_LearningMobility_3_question_3131,720.5,799.0,2015.0
1625782,stimulus_Ins_LearningMobility_3_question_3131,720.1,798.9,2015.0
1625783,stimulus_Ins_LearningMobility_3_question_3131,720.1,798.9,2016.0
1625784,stimulus_Ins_LearningMobility_3_question_3131,720.1,798.7,2016.0
1625785,stimulus_Ins_LearningMobility_3_question_3131,720.1,798.5,2016.0
1625786,stimulus_Ins_LearningMobility_3_question_3131,720.0,798.5,2013.0
1625787,stimulus_Ins_LearningMobility_3_question_3131,720.3,798.6,2009.0
1625788,stimulus_Ins_LearningMobility_3_question_3131,720.8,798.9,2005.0
1625789,stimulus_Ins_LearningMobility_3_question_3131,721.3,799.1,2002.0
1625790,stimulus_Ins_LearningMobility_3_question_3131,721.3,799.4,2002.0
1625791,stimulus_Ins_LearningMobility_3_question_3131,721.4,799.7,2001.0
1625792,stimulus_Ins_LearningMobility_3_question_3131,721.6,799.8,2002.0
1625793,stimulus_Ins_LearningMobility_3_question_3131,721.8,800.0,2005.0
1625794,stimulus_Ins_LearningMobility_3_question_3131,722.0,800.0,2007.0
1625795,stimulus_Ins_LearningMobility_3_question_3131,721.8,800.1,2009.0
1625796,stimulus_Ins_LearningMobility_3_question_3131,721.7,800.1,2012.0
1625797,stimulus_Ins_LearningMobility_3_question_3131,721.5,799.9,2014.0
1625798,stimulus_Ins_LearningMobility_3_question_3131,721.4,799.6,2016.0
1625799,stimulus_Ins_LearningMobility_3_question_3131,721.6,799.4,2016.0
1625800,stimulus_Ins_LearningMobility_3_question_3131,721.8,799.2,2016.0
1625801,stimulus_Ins_LearningMobility_3_question_3131,721.6,799.1,2016.0
1625802,stimulus_Ins_LearningMobility_3_question_3131,721.2,799.0,2016.0
1625803,stimulus_Ins_LearningMobility_3_question_3131,720.5,799.0,2017.0
1625804,stimulus_Ins_LearningMobility_3_question_3131,720.2,798.9,2017.0
1625805,stimulus_Ins_LearningMobility_3_question_3131,719.9,798.6,2019.0
1625806,stimulus_Ins_LearningMobility_3_question_3131,719.9,798.3,2022.0
1625807,stimulus_Ins_LearningMobility_3_question_3131,719.9,798.2,2022.0
1625808,stimulus_Ins_LearningMobility_3_question_3131,719.9,798.3,2021.0
1625809,stimulus_Ins_LearningMobility_3_question_3131,719.9,798.5,2018.0
1625810,stimulus_Ins_LearningMobility_3_question_3131,719.7,798.5,2018.0
1625811,stimulus_Ins_LearningMobility_3_question_3131,719.5,798.5,2018.0
1625812,stimulus_Ins_LearningMobility_3_question_3131,719.3,798.5,2017.0
1625813,stimulus_Ins_LearningMobility_3_question_3131,719.4,798.6,2015.0
1625814,stimulus_Ins_LearningMobility_3_question_3131,719.5,798.6,2015.0
1625815,stimulus_Ins_LearningMobility_3_question_3131,719.5,798.7,2017.0
1625816,stimulus_Ins_LearningMobility_3_question_3131,719.5,798.7,2015.0
1625817,stimulus_Ins_LearningMobility_3_question_3131,719.4,798.8,2012.0
1625818,stimulus_Ins_LearningMobility_3_question_3131,719.4,798.9,2008.0
1625819,stimulus_Ins_LearningMobility_3_question_3131,719.5,799.0,2009.0
1625820,stimulus_Ins_LearningMobility_3_question_3131,719.6,799.1,2010.0
1625821,stimulus_Ins_LearningMobility_3_question_3131,719.9,799.1,2010.0
1625822,stimulus_Ins_LearningMobility_3_question_3131,720.0,799.2,2010.0
1625823,stimulus_Ins_LearningMobility_3_question_3131,720.4,799.2,2009.0
1625824,stimulus_Ins_LearningMobility_3_question_3131,720.7,799.2,2008.0
1625825,stimulus_Ins_LearningMobility_3_question_3131,720.9,798.9,2007.0
1625826,stimulus_Ins_LearningMobility_3_question_3131,720.9,798.6,2009.0
1625827,stimulus_Ins_LearningMobility_3_question_3131,720.8,798.5,2011.0
1625828,stimulus_Ins_LearningMobility_3_question_3131,721.2,798.5,2012.0
1625829,stimulus_Ins_LearningMobility_3_question_3131,721.6,798.2,2012.0
1625830,stimulus_Ins_LearningMobility_3_question_3131,722.1,797.8,2011.0
1625831,stimulus_Ins_LearningMobility_3_question_3131,722.2,797.4,2010.0
1625832,stimulus_Ins_LearningMobility_3_question_3131,722.0,797.5,2010.0
1625833,stimulus_Ins_LearningMobility_3_question_3131,721.7,797.4,2009.0
1625834,stimulus_Ins_LearningMobility_3_question_3131,721.2,797.3,2008.0
1625835,stimulus_Ins_LearningMobility_3_question_3131,721.1,797.2,2010.0
1625836,stimulus_Ins_LearningMobility_3_question_3131,721.0,797.2,2013.0
1625837,stimulus_Ins_LearningMobility_3_question_3131,721.0,797.2,2016.0
1625838,stimulus_Ins_LearningMobility_3_question_3131,720.8,796.9,2015.0
1625839,stimulus_Ins_LearningMobility_3_question_3131,720.6,796.7,2015.0
1625840,stimulus_Ins_LearningMobility_3_question_3131,720.6,797.1,2014.0
1625841,stimulus_Ins_LearningMobility_3_question_3131,720.8,797.7,2016.0
1625842,stimulus_Ins_LearningMobility_3_question_3131,720.8,798.2,2017.0
1625843,stimulus_Ins_LearningMobility_3_question_3131,720.7,797.8,2018.0
1625844,stimulus_Ins_LearningMobility_3_question_3131,720.5,797.4,2018.0
1625845,stimulus_Ins_LearningMobility_3_question_3131,720.2,797.5,2015.0
1625846,stimulus_Ins_LearningMobility_3_question_3131,720.0,797.8,2013.0
1625847,stimulus_Ins_LearningMobility_3_question_3131,719.7,797.9,2011.0
1625848,stimulus_Ins_LearningMobility_3_question_3131,719.7,797.6,2010.0
1625849,stimulus_Ins_LearningMobility_3_question_3131,719.8,797.5,2009.0
1625850,stimulus_Ins_LearningMobility_3_question_3131,719.8,797.0,2010.0
1625851,stimulus_Ins_LearningMobility_3_question_3131,719.7,796.5,2011.0
1625852,stimulus_Ins_LearningMobility_3_question_3131,719.6,796.7,2012.0
1625853,stimulus_Ins_LearningMobility_3_question_3131,719.7,797.4,2012.0
1625854,stimulus_Ins_LearningMobility_3_question_3131,719.6,798.2,2013.0
1625855,stimulus_Ins_LearningMobility_3_question_3131,719.5,798.2,2013.0
1625856,stimulus_Ins_LearningMobility_3_question_3131,719.6,798.6,2013.0
1625857,stimulus_Ins_LearningMobility_3_question_3131,719.8,799.1,2013.0
1625858,stimulus_Ins_LearningMobility_3_question_3131,720.1,799.7,2010.0
1625859,stimulus_Ins_LearningMobility_3_question_3131,720.2,800.1,2008.0
1625860,stimulus_Ins_LearningMobility_3_question_3131,720.2,800.2,2005.0
1625861,stimulus_Ins_LearningMobility_3_question_3131,720.2,800.4,2005.0
1625862,stimulus_Ins_LearningMobility_3_question_3131,720.1,800.4,2005.0
1625863,stimulus_Ins_LearningMobility_3_question_3131,720.1,800.2,2006.0
1625864,stimulus_Ins_LearningMobility_3_question_3131,720.1,799.8,2006.0
1625865,stimulus_Ins_LearningMobility_3_question_3131,720.2,799.3,2007.0
1625866,stimulus_Ins_LearningMobility_3_question_3131,719.9,798.5,2010.0
1625867,stimulus_Ins_LearningMobility_3_question_3131,719.6,797.8,2012.0
1625868,stimulus_Ins_LearningMobility_3_question_3131,719.4,797.9,2011.0
1625869,stimulus_Ins_LearningMobility_3_question_3131,719.6,798.6,2006.0
1625870,stimulus_Ins_LearningMobility_3_question_3131,719.7,799.2,2001.0
1625871,stimulus_Ins_LearningMobility_3_question_3131,719.7,799.1,2001.0
1625872,stimulus_Ins_LearningMobility_3_question_3131,719.7,799.0,2003.0
1625873,stimulus_Ins_LearningMobility_3_question_3131,719.7,798.8,2008.0
1625874,stimulus_Ins_LearningMobility_3_question_3131,719.7,798.5,2011.0
1625875,stimulus_Ins_LearningMobility_3_question_3131,719.9,798.3,2013.0
1625876,stimulus_Ins_LearningMobility_3_question_3131,720.2,798.3,2010.0
1625877,stimulus_Ins_LearningMobility_3_question_3131,720.5,798.9,2008.0
1625878,stimulus_Ins_LearningMobility_3_question_3131,720.4,799.5,2006.0
1625879,stimulus_Ins_LearningMobility_3_question_3131,720.1,800.3,2007.0
1625880,stimulus_Ins_LearningMobility_3_question_3131,719.5,800.7,2007.0
1625881,stimulus_Ins_LearningMobility_3_question_3131,718.8,801.0,2007.0
1625882,stimulus_Ins_LearningMobility_3_question_3131,718.2,801.3,2007.0
1625883,stimulus_Ins_LearningMobility_3_question_3131,717.8,801.4,2007.0
1625884,stimulus_Ins_LearningMobility_3_question_3131,717.8,800.5,2007.0
1625885,stimulus_Ins_LearningMobility_3_question_3131,717.8,799.5,2008.0
1625886,stimulus_Ins_LearningMobility_3_question_3131,717.8,798.6,2008.0
1625887,stimulus_Ins_LearningMobility_3_question_3131,717.9,798.9,2008.0
1625888,stimulus_Ins_LearningMobility_3_question_3131,717.9,799.2,2008.0
1625889,stimulus_Ins_LearningMobility_3_question_3131,717.9,799.4,2008.0
1625890,stimulus_Ins_LearningMobility_3_question_3131,717.8,799.8,2008.0
1625891,stimulus_Ins_LearningMobility_3_question_3131,717.7,800.2,2007.0
1625892,stimulus_Ins_LearningMobility_3_question_3131,717.8,800.6,2008.0
1625893,stimulus_Ins_LearningMobility_3_question_3131,717.8,800.7,2010.0
1625894,stimulus_Ins_LearningMobility_3_question_3131,717.9,800.5,2012.0
1625895,stimulus_Ins_LearningMobility_3_question_3131,718.0,800.0,2011.0
1625896,stimulus_Ins_LearningMobility_3_question_3131,718.1,799.6,2011.0
1625897,stimulus_Ins_LearningMobility_3_question_3131,718.2,799.4,2009.0
1625898,stimulus_Ins_LearningMobility_3_question_3131,718.1,799.3,2007.0
1625899,stimulus_Ins_LearningMobility_3_question_3131,718.0,799.3,2005.0
1625900,stimulus_Ins_LearningMobility_3_question_3131,718.4,799.2,2004.0
1625901,stimulus_Ins_LearningMobility_3_question_3131,718.8,799.1,2003.0
1625902,stimulus_Ins_LearningMobility_3_question_3131,719.1,799.0,2002.0
1625903,stimulus_Ins_LearningMobility_3_question_3131,718.9,798.6,2001.0
1625904,stimulus_Ins_LearningMobility_3_question_3131,718.9,798.4,2005.0
1625905,stimulus_Ins_LearningMobility_3_question_3131,718.9,798.2,2008.0
1625906,stimulus_Ins_LearningMobility_3_question_3131,719.2,798.1,2012.0
1625907,stimulus_Ins_LearningMobility_3_question_3131,719.5,798.0,2013.0
1625908,stimulus_Ins_LearningMobility_3_question_3131,719.8,798.1,2008.0
1625909,stimulus_Ins_LearningMobility_3_question_3131,719.8,798.4,2003.0
1625910,stimulus_Ins_LearningMobility_3_question_3131,719.8,798.7,1999.0
1625911,stimulus_Ins_LearningMobility_3_question_3131,719.5,798.8,2000.0
1625912,stimulus_Ins_LearningMobility_3_question_3131,719.0,798.7,2001.0
1625913,stimulus_Ins_LearningMobility_3_question_3131,718.4,798.6,2003.0
1625914,stimulus_Ins_LearningMobility_3_question_3131,718.1,798.7,2002.0
1625915,stimulus_Ins_LearningMobility_3_question_3131,718.0,798.6,2000.0
1625916,stimulus_Ins_LearningMobility_3_question_3131,718.0,798.5,1998.0
1625917,stimulus_Ins_LearningMobility_3_question_3131,718.0,798.8,1997.0
1625918,stimulus_Ins_LearningMobility_3_question_3131,717.8,799.5,1996.0
1625919,stimulus_Ins_LearningMobility_3_question_3131,717.6,800.2,1995.0
1625920,stimulus_Ins_LearningMobility_3_question_3131,717.4,800.3,1995.0
1625921,stimulus_Ins_LearningMobility_3_question_3131,717.5,800.8,1995.0
1625922,stimulus_Ins_LearningMobility_3_question_3131,717.6,801.3,1995.0
1625923,stimulus_Ins_LearningMobility_3_question_3131,717.9,801.8,1996.0
1625924,stimulus_Ins_LearningMobility_3_question_3131,718.0,801.8,1996.0
1625925,stimulus_Ins_LearningMobility_3_question_3131,717.9,801.7,1997.0
1625926,stimulus_Ins_LearningMobility_3_question_3131,717.6,801.5,1999.0
1625927,stimulus_Ins_LearningMobility_3_question_3131,717.4,801.3,2000.0
1625928,stimulus_Ins_LearningMobility_3_question_3131,717.5,801.7,1999.0
1625929,stimulus_Ins_LearningMobility_3_question_3131,717.7,802.1,1998.0
1625930,stimulus_Ins_LearningMobility_3_question_3131,717.8,802.4,1998.0
1625931,stimulus_Ins_LearningMobility_3_question_3131,717.9,802.2,1999.0
1625932,stimulus_Ins_LearningMobility_3_question_3131,718.0,801.9,2000.0
1625933,stimulus_Ins_LearningMobility_3_question_3131,718.1,801.7,2000.0
1625934,stimulus_Ins_LearningMobility_3_question_3131,718.1,800.9,2000.0
1625935,stimulus_Ins_LearningMobility_3_question_3131,718.0,800.2,2001.0
1625936,stimulus_Ins_LearningMobility_3_question_3131,718.0,799.5,2001.0
1625937,stimulus_Ins_LearningMobility_3_question_3131,718.0,799.3,2001.0
1625938,stimulus_Ins_LearningMobility_3_question_3131,718.4,799.2,2001.0
1625939,stimulus_Ins_LearningMobility_3_question_3131,719.0,799.7,2001.0
1625940,stimulus_Ins_LearningMobility_3_question_3131,719.5,800.3,2004.0
1625941,stimulus_Ins_LearningMobility_3_question_3131,719.4,800.3,2006.0
1625942,stimulus_Ins_LearningMobility_3_question_3131,719.3,799.7,2008.0
1625943,stimulus_Ins_LearningMobility_3_question_3131,719.2,799.1,2008.0
1625944,stimulus_Ins_LearningMobility_3_question_3131,719.1,798.5,2009.0
1625945,stimulus_Ins_LearningMobility_3_question_3131,719.1,797.8,2011.0
1625946,stimulus_Ins_LearningMobility_3_question_3131,718.8,797.1,2013.0
1625947,stimulus_Ins_LearningMobility_3_question_3131,718.6,797.1,2014.0
1625948,stimulus_Ins_LearningMobility_3_question_3131,718.6,797.1,2014.0
1625949,stimulus_Ins_LearningMobility_3_question_3131,718.9,797.0,2014.0
1625950,stimulus_Ins_LearningMobility_3_question_3131,719.0,796.8,2017.0
1625951,stimulus_Ins_LearningMobility_3_question_3131,718.9,796.7,2020.0
1625952,stimulus_Ins_LearningMobility_3_question_3131,718.9,796.9,2022.0
1625953,stimulus_Ins_LearningMobility_3_question_3131,718.8,796.8,2022.0
1625954,stimulus_Ins_LearningMobility_3_question_3131,718.8,796.6,2023.0
1625955,stimulus_Ins_LearningMobility_3_question_3131,718.8,797.0,2021.0
1625956,stimulus_Ins_LearningMobility_3_question_3131,718.8,797.8,2019.0
1625957,stimulus_Ins_LearningMobility_3_question_3131,719.0,798.5,2017.0
1625958,stimulus_Ins_LearningMobility_3_question_3131,719.1,798.2,2017.0
1625959,stimulus_Ins_LearningMobility_3_question_3131,718.9,797.9,2017.0
1625960,stimulus_Ins_LearningMobility_3_question_3131,718.7,797.8,2016.0
1625961,stimulus_Ins_LearningMobility_3_question_3131,718.2,797.0,2018.0
1625962,stimulus_Ins_LearningMobility_3_question_3131,717.6,796.2,2020.0
1625963,stimulus_Ins_LearningMobility_3_question_3131,717.0,795.3,2022.0
1625964,stimulus_Ins_LearningMobility_3_question_3131,716.9,795.8,2022.0
1625965,stimulus_Ins_LearningMobility_3_question_3131,717.1,796.4,2021.0
1625966,stimulus_Ins_LearningMobility_3_question_3131,716.8,796.7,2020.0
1625967,stimulus_Ins_LearningMobility_3_question_3131,716.2,796.2,2019.0
1625968,stimulus_Ins_LearningMobility_3_question_3131,715.6,795.8,2019.0
1625969,stimulus_Ins_LearningMobility_3_question_3131,715.6,795.6,2018.0
1625970,stimulus_Ins_LearningMobility_3_question_3131,715.6,795.6,2018.0
1625971,stimulus_Ins_LearningMobility_3_question_3131,715.5,795.6,2018.0
1625972,stimulus_Ins_LearningMobility_3_question_3131,715.5,795.5,2018.0
1625973,stimulus_Ins_LearningMobility_3_question_3131,716.1,795.4,2019.0
1625974,stimulus_Ins_LearningMobility_3_question_3131,716.7,795.3,2021.0
1625975,stimulus_Ins_LearningMobility_3_question_3131,717.2,795.0,2023.0
1625976,stimulus_Ins_LearningMobility_3_question_3131,717.3,794.8,2023.0
1625977,stimulus_Ins_LearningMobility_3_question_3131,718.1,794.5,2021.0
1625978,stimulus_Ins_LearningMobility_3_question_3131,718.7,794.3,2020.0
1625979,stimulus_Ins_LearningMobility_3_question_3131,719.4,794.5,2019.0
1625980,stimulus_Ins_LearningMobility_3_question_3131,719.4,795.3,2018.0
1625981,stimulus_Ins_LearningMobility_3_question_3131,719.5,796.2,2019.0
1625982,stimulus_Ins_LearningMobility_3_question_3131,719.6,796.9,2022.0
1625983,stimulus_Ins_LearningMobility_3_question_3131,719.4,797.0,2024.0
1625984,stimulus_Ins_LearningMobility_3_question_3131,719.2,796.9,2025.0
1625985,stimulus_Ins_LearningMobility_3_question_3131,719.0,796.8,2024.0
1625986,stimulus_Ins_LearningMobility_3_question_3131,719.0,797.0,2024.0
1625987,stimulus_Ins_LearningMobility_3_question_3131,719.0,797.2,2023.0
1625988,stimulus_Ins_LearningMobility_3_question_3131,718.7,797.3,2022.0
1625989,stimulus_Ins_LearningMobility_3_question_3131,718.4,797.2,2021.0
1625990,stimulus_Ins_LearningMobility_3_question_3131,718.1,797.0,2021.0
1625991,stimulus_Ins_LearningMobility_3_question_3131,718.2,797.1,2022.0
1625992,stimulus_Ins_LearningMobility_3_question_3131,718.3,797.2,2023.0
1625993,stimulus_Ins_LearningMobility_3_question_3131,718.2,797.1,2023.0
1625994,stimulus_Ins_LearningMobility_3_question_3131,718.3,796.8,2021.0
1625995,stimulus_Ins_LearningMobility_3_question_3131,718.5,797.4,2020.0
1625996,stimulus_Ins_LearningMobility_3_question_3131,718.7,798.5,2019.0
1625997,stimulus_Ins_LearningMobility_3_question_3131,717.9,799.9,2021.0
1625998,stimulus_Ins_LearningMobility_3_question_3131,715.4,800.3,2023.0
1625999,stimulus_Ins_LearningMobility_3_question_3131,710.2,800.7,2021.0
1626000,stimulus_Ins_LearningMobility_3_question_3131,704.2,800.9,2018.0
1626001,stimulus_Ins_LearningMobility_3_question_3131,698.3,801.1,2018.0
1626002,stimulus_Ins_LearningMobility_3_question_3131,692.3,801.4,2022.0
1626003,stimulus_Ins_LearningMobility_3_question_3131,684.8,801.7,2027.0
1626004,stimulus_Ins_LearningMobility_3_question_3131,675.0,801.1,2029.0
1626005,stimulus_Ins_LearningMobility_3_question_3131,664.9,800.5,2031.0
1626006,stimulus_Ins_LearningMobility_3_question_3131,654.8,799.9,2033.0
1626007,stimulus_Ins_LearningMobility_3_question_3131,645.6,800.3,2035.0
1626008,stimulus_Ins_LearningMobility_3_question_3131,635.7,800.6,2038.0
1626009,stimulus_Ins_LearningMobility_3_question_3131,625.5,801.4,2040.0
1626010,stimulus_Ins_LearningMobility_3_question_3131,615.8,802.1,2038.0
1626011,stimulus_Ins_LearningMobility_3_question_3131,607.4,802.6,2035.0
1626012,stimulus_Ins_LearningMobility_3_question_3131,600.4,802.4,2032.0
1626013,stimulus_Ins_LearningMobility_3_question_3131,594.1,803.0,2034.0
1626014,stimulus_Ins_LearningMobility_3_question_3131,588.9,804.1,2038.0
1626015,stimulus_Ins_LearningMobility_3_question_3131,583.5,805.3,2041.0
1626016,stimulus_Ins_LearningMobility_3_question_3131,579.5,806.0,2044.0
1626017,stimulus_Ins_LearningMobility_3_question_3131,576.0,806.8,2041.0
1626018,stimulus_Ins_LearningMobility_3_question_3131,573.2,808.0,2035.0
1626019,stimulus_Ins_LearningMobility_3_question_3131,571.5,809.7,2026.0
1626020,stimulus_Ins_LearningMobility_3_question_3131,570.4,811.7,2021.0
1626021,stimulus_Ins_LearningMobility_3_question_3131,570.4,813.1,2018.0
1626022,stimulus_Ins_LearningMobility_3_question_3131,570.5,813.9,2019.0
1626023,stimulus_Ins_LearningMobility_3_question_3131,570.4,814.3,2021.0
1626024,stimulus_Ins_LearningMobility_3_question_3131,570.4,814.8,2025.0
1626025,stimulus_Ins_LearningMobility_3_question_3131,569.7,815.3,2028.0
1626026,stimulus_Ins_LearningMobility_3_question_3131,568.7,815.6,2029.0
1626027,stimulus_Ins_LearningMobility_3_question_3131,567.8,816.4,2028.0
1626028,stimulus_Ins_LearningMobility_3_question_3131,567.5,817.6,2027.0
1626029,stimulus_Ins_LearningMobility_3_question_3131,567.2,818.7,2028.0
1626030,stimulus_Ins_LearningMobility_3_question_3131,566.8,819.0,2029.0
1626031,stimulus_Ins_LearningMobility_3_question_3131,566.3,818.7,2030.0
1626032,stimulus_Ins_LearningMobility_3_question_3131,567.0,818.4,2030.0
1626033,stimulus_Ins_LearningMobility_3_question_3131,568.3,818.5,2031.0
1626034,stimulus_Ins_LearningMobility_3_question_3131,569.9,818.4,2032.0
1626035,stimulus_Ins_LearningMobility_3_question_3131,570.7,817.5,2032.0
1626036,stimulus_Ins_LearningMobility_3_question_3131,572.2,816.5,2029.0
1626037,stimulus_Ins_LearningMobility_3_question_3131,573.3,815.7,2026.0
1626038,stimulus_Ins_LearningMobility_3_question_3131,574.6,816.0,2023.0
1626039,stimulus_Ins_LearningMobility_3_question_3131,574.8,816.9,2023.0
1626040,stimulus_Ins_LearningMobility_3_question_3131,575.1,817.5,2020.0
1626041,stimulus_Ins_LearningMobility_3_question_3131,575.7,817.7,2017.0
1626042,stimulus_Ins_LearningMobility_3_question_3131,576.1,816.9,2015.0
1626043,stimulus_Ins_LearningMobility_3_question_3131,576.4,816.1,2018.0
1626044,stimulus_Ins_LearningMobility_3_question_3131,576.1,815.4,2021.0
1626045,stimulus_Ins_LearningMobility_3_question_3131,575.9,814.8,2024.0
1626046,stimulus_Ins_LearningMobility_3_question_3131,575.7,813.8,2025.0
1626047,stimulus_Ins_LearningMobility_3_question_3131,575.8,813.2,2025.0
1626048,stimulus_Ins_LearningMobility_3_question_3131,575.9,813.0,2021.0
1626049,stimulus_Ins_LearningMobility_3_question_3131,575.8,813.2,2018.0
1626050,stimulus_Ins_LearningMobility_3_question_3131,575.6,813.3,2014.0
1626051,stimulus_Ins_LearningMobility_3_question_3131,575.1,812.9,2019.0
1626052,stimulus_Ins_LearningMobility_3_question_3131,574.8,812.0,2025.0
1626053,stimulus_Ins_LearningMobility_3_question_3131,574.5,811.1,2031.0
1626054,stimulus_Ins_LearningMobility_3_question_3131,574.5,810.4,2030.0
1626055,stimulus_Ins_LearningMobility_3_question_3131,573.9,810.3,2027.0
1626056,stimulus_Ins_LearningMobility_3_question_3131,573.3,810.2,2024.0
1626057,stimulus_Ins_LearningMobility_3_question_3131,572.8,810.4,2022.0
1626058,stimulus_Ins_LearningMobility_3_question_3131,572.7,810.6,2022.0
1626059,stimulus_Ins_LearningMobility_3_question_3131,572.6,810.8,2022.0
1626060,stimulus_Ins_LearningMobility_3_question_3131,572.4,810.2,2023.0
1626061,stimulus_Ins_LearningMobility_3_question_3131,572.2,809.6,2026.0
1626062,stimulus_Ins_LearningMobility_3_question_3131,572.0,808.7,2028.0
1626063,stimulus_Ins_LearningMobility_3_question_3131,572.1,808.5,2030.0
1626064,stimulus_Ins_LearningMobility_3_question_3131,572.4,808.9,2029.0
1626065,stimulus_Ins_LearningMobility_3_question_3131,572.7,809.5,2031.0
1626066,stimulus_Ins_LearningMobility_3_question_3131,572.9,810.1,2033.0
1626067,stimulus_Ins_LearningMobility_3_question_3131,573.1,810.1,2035.0
1626068,stimulus_Ins_LearningMobility_3_question_3131,573.2,809.8,2035.0
1626069,stimulus_Ins_LearningMobility_3_question_3131,572.9,809.6,2037.0
1626070,stimulus_Ins_LearningMobility_3_question_3131,572.1,809.8,2039.0
1626071,stimulus_Ins_LearningMobility_3_question_3131,571.2,810.1,2042.0
1626072,stimulus_Ins_LearningMobility_3_question_3131,570.7,810.4,2042.0
1626073,stimulus_Ins_LearningMobility_3_question_3131,570.9,810.4,2043.0
1626074,stimulus_Ins_LearningMobility_3_question_3131,571.5,810.3,2044.0
1626075,stimulus_Ins_LearningMobility_3_question_3131,572.1,810.0,2045.0
1626076,stimulus_Ins_LearningMobility_3_question_3131,572.3,809.0,2045.0
1626077,stimulus_Ins_LearningMobility_3_question_3131,572.6,808.1,2045.0
1626078,stimulus_Ins_LearningMobility_3_question_3131,572.7,808.2,2044.0
1626079,stimulus_Ins_LearningMobility_3_question_3131,572.9,809.0,2042.0
1626080,stimulus_Ins_LearningMobility_3_question_3131,573.0,809.8,2041.0
1626081,stimulus_Ins_LearningMobility_3_question_3131,573.4,809.8,2040.0
1626082,stimulus_Ins_LearningMobility_3_question_3131,574.2,810.0,2038.0
1626083,stimulus_Ins_LearningMobility_3_question_3131,574.9,810.3,2036.0
1626084,stimulus_Ins_LearningMobility_3_question_3131,575.2,810.5,2035.0
1626085,stimulus_Ins_LearningMobility_3_question_3131,575.0,810.5,2035.0
1626086,stimulus_Ins_LearningMobility_3_question_3131,574.7,810.5,2036.0
1626087,stimulus_Ins_LearningMobility_3_question_3131,574.5,810.7,2036.0
1626088,stimulus_Ins_LearningMobility_3_question_3131,574.5,811.3,2033.0
1626089,stimulus_Ins_LearningMobility_3_question_3131,573.8,811.9,2030.0
1626090,stimulus_Ins_LearningMobility_3_question_3131,573.1,812.4,2029.0
1626091,stimulus_Ins_LearningMobility_3_question_3131,572.5,812.5,2032.0
1626092,stimulus_Ins_LearningMobility_3_question_3131,572.6,812.5,2035.0
1626093,stimulus_Ins_LearningMobility_3_question_3131,572.5,812.4,2036.0
1626094,stimulus_Ins_LearningMobility_3_question_3131,572.1,812.3,2038.0
1626095,stimulus_Ins_LearningMobility_3_question_3131,571.7,812.3,2043.0
1626096,stimulus_Ins_LearningMobility_3_question_3131,570.8,812.1,2046.0
1626097,stimulus_Ins_LearningMobility_3_question_3131,570.2,812.0,2047.0
1626098,stimulus_Ins_LearningMobility_3_question_3131,569.7,812.5,2046.0
1626099,stimulus_Ins_LearningMobility_3_question_3131,569.8,813.2,2045.0
1626100,stimulus_Ins_LearningMobility_3_question_3131,570.0,813.7,2044.0
1626101,stimulus_Ins_LearningMobility_3_question_3131,569.9,812.9,2043.0
1626102,stimulus_Ins_LearningMobility_3_question_3131,569.9,812.1,2042.0
1626103,stimulus_Ins_LearningMobility_3_question_3131,570.0,812.1,2042.0
1626104,stimulus_Ins_LearningMobility_3_question_3131,570.5,812.7,2045.0
1626105,stimulus_Ins_LearningMobility_3_question_3131,571.4,813.4,2049.0
1626106,stimulus_Ins_LearningMobility_3_question_3131,572.5,813.6,2051.0
1626107,stimulus_Ins_LearningMobility_3_question_3131,573.4,813.7,2048.0
1626108,stimulus_Ins_LearningMobility_3_question_3131,573.7,813.7,2045.0
1626109,stimulus_Ins_LearningMobility_3_question_3131,573.3,813.8,2042.0
1626110,stimulus_Ins_LearningMobility_3_question_3131,572.8,814.0,2039.0
1626111,stimulus_Ins_LearningMobility_3_question_3131,572.4,814.1,2038.0
1626112,stimulus_Ins_LearningMobility_3_question_3131,572.4,814.0,2039.0
1626113,stimulus_Ins_LearningMobility_3_question_3131,572.5,813.8,2043.0
1626114,stimulus_Ins_LearningMobility_3_question_3131,572.4,814.1,2046.0
1626115,stimulus_Ins_LearningMobility_3_question_3131,572.4,814.6,2049.0
1626116,stimulus_Ins_LearningMobility_3_question_3131,571.9,815.1,2049.0
1626117,stimulus_Ins_LearningMobility_3_question_3131,571.4,814.4,2048.0
1626118,stimulus_Ins_LearningMobility_3_question_3131,570.8,813.8,2047.0
1626119,stimulus_Ins_LearningMobility_3_question_3131,570.5,813.5,2045.0
1626120,stimulus_Ins_LearningMobility_3_question_3131,570.2,814.0,2045.0
1626121,stimulus_Ins_LearningMobility_3_question_3131,569.9,814.6,2045.0
1626122,stimulus_Ins_LearningMobility_3_question_3131,569.7,815.0,2046.0
1626123,stimulus_Ins_LearningMobility_3_question_3131,569.3,815.2,2046.0
1626124,stimulus_Ins_LearningMobility_3_question_3131,568.6,815.2,2047.0
1626125,stimulus_Ins_LearningMobility_3_question_3131,567.9,815.1,2048.0
1626126,stimulus_Ins_LearningMobility_3_question_3131,567.8,814.7,2050.0
1626127,stimulus_Ins_LearningMobility_3_question_3131,568.2,814.4,2051.0
1626128,stimulus_Ins_LearningMobility_3_question_3131,568.6,814.2,2051.0
1626129,stimulus_Ins_LearningMobility_3_question_3131,568.6,814.1,2050.0
1626130,stimulus_Ins_LearningMobility_3_question_3131,568.7,814.1,2049.0
1626131,stimulus_Ins_LearningMobility_3_question_3131,569.3,814.0,2049.0
1626132,stimulus_Ins_LearningMobility_3_question_3131,569.9,814.1,2051.0
1626133,stimulus_Ins_LearningMobility_3_question_3131,570.4,814.2,2053.0
1626134,stimulus_Ins_LearningMobility_3_question_3131,570.4,814.3,2057.0
1626135,stimulus_Ins_LearningMobility_3_question_3131,570.6,814.3,2059.0
1626136,stimulus_Ins_LearningMobility_3_question_3131,570.8,814.3,2059.0
1626137,stimulus_Ins_LearningMobility_3_question_3131,571.1,814.6,2056.0
1626138,stimulus_Ins_LearningMobility_3_question_3131,571.0,815.2,2055.0
1626139,stimulus_Ins_LearningMobility_3_question_3131,571.0,815.7,2056.0
1626140,stimulus_Ins_LearningMobility_3_question_3131,570.9,815.7,2057.0
1626141,stimulus_Ins_LearningMobility_3_question_3131,570.7,815.1,2056.0
1626142,stimulus_Ins_LearningMobility_3_question_3131,570.7,814.6,2056.0
1626143,stimulus_Ins_LearningMobility_3_question_3131,570.8,814.4,2056.0
1626144,stimulus_Ins_LearningMobility_3_question_3131,570.8,814.2,2056.0
1626145,stimulus_Ins_LearningMobility_3_question_3131,570.5,813.7,2056.0
1626146,stimulus_Ins_LearningMobility_3_question_3131,570.2,813.6,2055.0
1626147,stimulus_Ins_LearningMobility_3_question_3131,570.1,814.0,2052.0
1626148,stimulus_Ins_LearningMobility_3_question_3131,570.3,814.7,2050.0
1626149,stimulus_Ins_LearningMobility_3_question_3131,570.6,814.4,2052.0
1626150,stimulus_Ins_LearningMobility_3_question_3131,571.0,813.8,2056.0
1626151,stimulus_Ins_LearningMobility_3_question_3131,571.1,813.2,2059.0
1626152,stimulus_Ins_LearningMobility_3_question_3131,571.2,813.1,2059.0
1626153,stimulus_Ins_LearningMobility_3_question_3131,571.2,813.4,2062.0
1626154,stimulus_Ins_LearningMobility_3_question_3131,571.7,813.8,2064.0
1626155,stimulus_Ins_LearningMobility_3_question_3131,572.3,814.3,2065.0
1626156,stimulus_Ins_LearningMobility_3_question_3131,572.8,814.4,2063.0
1626157,stimulus_Ins_LearningMobility_3_question_3131,572.8,814.4,2061.0
1626158,stimulus_Ins_LearningMobility_3_question_3131,572.5,814.4,2060.0
1626159,stimulus_Ins_LearningMobility_3_question_3131,572.3,814.4,2059.0
1626160,stimulus_Ins_LearningMobility_3_question_3131,572.0,814.2,2058.0
1626161,stimulus_Ins_LearningMobility_3_question_3131,571.9,813.7,2057.0
1626162,stimulus_Ins_LearningMobility_3_question_3131,571.8,813.2,2057.0
1626163,stimulus_Ins_LearningMobility_3_question_3131,571.7,812.5,2059.0
1626164,stimulus_Ins_LearningMobility_3_question_3131,571.6,811.9,2060.0
1626165,stimulus_Ins_LearningMobility_3_question_3131,571.5,811.6,2061.0
1626166,stimulus_Ins_LearningMobility_3_question_3131,571.5,811.9,2059.0
1626167,stimulus_Ins_LearningMobility_3_question_3131,571.6,812.2,2057.0
1626168,stimulus_Ins_LearningMobility_3_question_3131,571.6,812.4,2056.0
1626169,stimulus_Ins_LearningMobility_3_question_3131,571.5,812.4,2056.0
1626170,stimulus_Ins_LearningMobility_3_question_3131,571.4,812.1,2057.0
1626171,stimulus_Ins_LearningMobility_3_question_3131,571.2,811.6,2059.0
1626172,stimulus_Ins_LearningMobility_3_question_3131,571.1,811.2,2061.0
1626173,stimulus_Ins_LearningMobility_3_question_3131,570.9,811.1,2063.0
1626174,stimulus_Ins_LearningMobility_3_question_3131,570.9,810.7,2063.0
1626175,stimulus_Ins_LearningMobility_3_question_3131,570.9,810.3,2063.0
1626176,stimulus_Ins_LearningMobility_3_question_3131,571.0,809.9,2063.0
1626177,stimulus_Ins_LearningMobility_3_question_3131,571.0,810.1,2062.0
1626178,stimulus_Ins_LearningMobility_3_question_3131,571.0,810.3,2062.0
1626179,stimulus_Ins_LearningMobility_3_question_3131,571.1,810.6,2062.0
1626180,stimulus_Ins_LearningMobility_3_question_3131,571.2,810.6,2062.0
1626181,stimulus_Ins_LearningMobility_3_question_3131,571.3,810.2,2064.0
1626182,stimulus_Ins_LearningMobility_3_question_3131,571.5,809.6,2067.0
1626183,stimulus_Ins_LearningMobility_3_question_3131,571.6,809.0,2070.0
1626184,stimulus_Ins_LearningMobility_3_question_3131,571.7,809.1,2071.0
1626185,stimulus_Ins_LearningMobility_3_question_3131,571.6,809.3,2071.0
1626186,stimulus_Ins_LearningMobility_3_question_3131,571.6,809.5,2071.0
1626187,stimulus_Ins_LearningMobility_3_question_3131,571.6,809.4,2068.0
1626188,stimulus_Ins_LearningMobility_3_question_3131,571.5,809.3,2065.0
1626189,stimulus_Ins_LearningMobility_3_question_3131,571.4,809.1,2063.0
1626190,stimulus_Ins_LearningMobility_3_question_3131,571.4,808.4,2062.0
1626191,stimulus_Ins_LearningMobility_3_question_3131,571.4,807.8,2061.0
1626192,stimulus_Ins_LearningMobility_3_question_3131,571.1,807.5,2062.0
1626193,stimulus_Ins_LearningMobility_3_question_3131,570.8,807.5,2062.0
1626194,stimulus_Ins_LearningMobility_3_question_3131,570.5,807.5,2065.0
1626195,stimulus_Ins_LearningMobility_3_question_3131,570.5,808.0,2068.0
1626196,stimulus_Ins_LearningMobility_3_question_3131,570.3,808.6,2069.0
1626197,stimulus_Ins_LearningMobility_3_question_3131,569.8,808.7,2069.0
1626198,stimulus_Ins_LearningMobility_3_question_3131,569.0,808.4,2068.0
1626199,stimulus_Ins_LearningMobility_3_question_3131,568.5,808.2,2068.0
1626200,stimulus_Ins_LearningMobility_3_question_3131,567.9,808.6,2068.0
1626201,stimulus_Ins_LearningMobility_3_question_3131,567.5,808.8,2068.0
1626202,stimulus_Ins_LearningMobility_3_question_3131,566.8,808.5,2067.0
1626203,stimulus_Ins_LearningMobility_3_question_3131,566.4,808.3,2069.0
1626204,stimulus_Ins_LearningMobility_3_question_3131,566.1,807.9,2073.0
1626205,stimulus_Ins_LearningMobility_3_question_3131,566.2,807.8,2075.0
1626206,stimulus_Ins_LearningMobility_3_question_3131,566.4,807.7,2074.0
1626207,stimulus_Ins_LearningMobility_3_question_3131,566.6,807.7,2073.0
1626208,stimulus_Ins_LearningMobility_3_question_3131,567.4,808.4,2069.0
1626209,stimulus_Ins_LearningMobility_3_question_3131,568.0,809.2,2066.0
1626210,stimulus_Ins_LearningMobility_3_question_3131,568.5,810.5,2063.0
1626211,stimulus_Ins_LearningMobility_3_question_3131,568.6,811.0,2062.0
1626212,stimulus_Ins_LearningMobility_3_question_3131,568.7,810.9,2063.0
1626213,stimulus_Ins_LearningMobility_3_question_3131,569.0,809.9,2065.0
1626214,stimulus_Ins_LearningMobility_3_question_3131,569.2,808.9,2066.0
1626215,stimulus_Ins_LearningMobility_3_question_3131,569.5,808.9,2067.0
1626216,stimulus_Ins_LearningMobility_3_question_3131,569.7,809.5,2068.0
1626217,stimulus_Ins_LearningMobility_3_question_3131,570.0,810.2,2068.0
1626218,stimulus_Ins_LearningMobility_3_question_3131,570.2,810.8,2069.0
1626219,stimulus_Ins_LearningMobility_3_question_3131,570.7,811.0,2068.0
1626220,stimulus_Ins_LearningMobility_3_question_3131,571.5,810.4,2068.0
1626221,stimulus_Ins_LearningMobility_3_question_3131,572.2,809.5,2067.0
1626222,stimulus_Ins_LearningMobility_3_question_3131,571.7,808.6,2067.0
1626223,stimulus_Ins_LearningMobility_3_question_3131,570.8,808.5,2067.0
1626224,stimulus_Ins_LearningMobility_3_question_3131,569.8,808.3,2068.0
1626225,stimulus_Ins_LearningMobility_3_question_3131,569.8,808.2,2069.0
1626226,stimulus_Ins_LearningMobility_3_question_3131,569.8,808.3,2069.0
1626227,stimulus_Ins_LearningMobility_3_question_3131,569.8,808.3,2068.0
1626228,stimulus_Ins_LearningMobility_3_question_3131,569.1,808.0,2067.0
1626229,stimulus_Ins_LearningMobility_3_question_3131,568.4,807.7,2064.0
1626230,stimulus_Ins_LearningMobility_3_question_3131,567.7,807.6,2062.0
1626231,stimulus_Ins_LearningMobility_3_question_3131,567.6,807.0,2060.0
1626232,stimulus_Ins_LearningMobility_3_question_3131,567.6,806.2,2062.0
1626233,stimulus_Ins_LearningMobility_3_question_3131,567.8,805.6,2064.0
1626234,stimulus_Ins_LearningMobility_3_question_3131,568.1,805.6,2062.0
1626235,stimulus_Ins_LearningMobility_3_question_3131,568.6,805.7,2060.0
1626236,stimulus_Ins_LearningMobility_3_question_3131,568.9,805.5,2055.0
1626237,stimulus_Ins_LearningMobility_3_question_3131,569.5,805.7,2054.0
1626238,stimulus_Ins_LearningMobility_3_question_3131,569.7,805.9,2052.0
1626239,stimulus_Ins_LearningMobility_3_question_3131,569.8,806.0,2052.0
1626240,stimulus_Ins_LearningMobility_3_question_3131,569.8,806.2,2052.0
1626241,stimulus_Ins_LearningMobility_3_question_3131,569.8,806.4,2052.0
1626242,stimulus_Ins_LearningMobility_3_question_3131,570.0,806.5,2052.0
1626243,stimulus_Ins_LearningMobility_3_question_3131,570.3,806.4,2054.0
1626244,stimulus_Ins_LearningMobility_3_question_3131,571.2,806.6,2058.0
1626245,stimulus_Ins_LearningMobility_3_question_3131,571.9,806.9,2063.0
1626246,stimulus_Ins_LearningMobility_3_question_3131,572.2,807.2,2066.0
1626247,stimulus_Ins_LearningMobility_3_question_3131,572.0,807.2,2066.0
1626248,stimulus_Ins_LearningMobility_3_question_3131,571.8,807.5,2066.0
1626249,stimulus_Ins_LearningMobility_3_question_3131,571.3,807.8,2065.0
1626250,stimulus_Ins_LearningMobility_3_question_3131,570.8,808.2,2064.0
1626251,stimulus_Ins_LearningMobility_3_question_3131,570.3,808.3,2062.0
1626252,stimulus_Ins_LearningMobility_3_question_3131,569.8,808.3,2060.0
1626253,stimulus_Ins_LearningMobility_3_question_3131,569.2,808.2,2061.0
1626254,stimulus_Ins_LearningMobility_3_question_3131,568.1,808.4,2064.0
1626255,stimulus_Ins_LearningMobility_3_question_3131,567.5,808.7,2065.0
1626256,stimulus_Ins_LearningMobility_3_question_3131,567.1,809.0,2064.0
1626257,stimulus_Ins_LearningMobility_3_question_3131,567.3,808.9,2063.0
1626258,stimulus_Ins_LearningMobility_3_question_3131,567.4,808.2,2061.0
1626259,stimulus_Ins_LearningMobility_3_question_3131,567.0,807.6,2059.0
1626260,stimulus_Ins_LearningMobility_3_question_3131,566.7,807.3,2057.0
1626261,stimulus_Ins_LearningMobility_3_question_3131,567.0,807.2,2055.0
1626262,stimulus_Ins_LearningMobility_3_question_3131,568.0,807.0,2054.0
1626263,stimulus_Ins_LearningMobility_3_question_3131,569.0,806.7,2055.0
1626264,stimulus_Ins_LearningMobility_3_question_3131,569.3,806.2,2056.0
1626265,stimulus_Ins_LearningMobility_3_question_3131,569.7,805.9,2058.0
1626266,stimulus_Ins_LearningMobility_3_question_3131,570.1,805.2,2058.0
1626267,stimulus_Ins_LearningMobility_3_question_3131,570.8,804.7,2057.0
1626268,stimulus_Ins_LearningMobility_3_question_3131,571.2,804.3,2052.0
1626269,stimulus_Ins_LearningMobility_3_question_3131,571.5,804.4,2047.0
1626270,stimulus_Ins_LearningMobility_3_question_3131,571.3,804.7,2046.0
1626271,stimulus_Ins_LearningMobility_3_question_3131,571.6,805.0,2047.0
1626272,stimulus_Ins_LearningMobility_3_question_3131,572.1,805.1,2049.0
1626273,stimulus_Ins_LearningMobility_3_question_3131,572.5,805.0,2050.0
1626274,stimulus_Ins_LearningMobility_3_question_3131,572.4,804.8,2052.0
1626275,stimulus_Ins_LearningMobility_3_question_3131,572.2,804.9,2053.0
1626276,stimulus_Ins_LearningMobility_3_question_3131,571.7,805.1,2052.0
1626277,stimulus_Ins_LearningMobility_3_question_3131,570.9,805.7,2050.0
1626278,stimulus_Ins_LearningMobility_3_question_3131,570.1,806.3,2048.0
1626279,stimulus_Ins_LearningMobility_3_question_3131,569.7,806.6,2047.0
1626280,stimulus_Ins_LearningMobility_3_question_3131,569.8,806.5,2046.0
1626281,stimulus_Ins_LearningMobility_3_question_3131,569.9,806.4,2047.0
1626282,stimulus_Ins_LearningMobility_3_question_3131,569.8,806.2,2053.0
1626283,stimulus_Ins_LearningMobility_3_question_3131,569.8,806.0,2057.0
1626284,stimulus_Ins_LearningMobility_3_question_3131,569.7,805.8,2061.0
1626285,stimulus_Ins_LearningMobility_3_question_3131,569.8,805.8,2061.0
1626286,stimulus_Ins_LearningMobility_3_question_3131,569.8,805.9,2061.0
1626287,stimulus_Ins_LearningMobility_3_question_3131,569.6,805.9,2060.0
1626288,stimulus_Ins_LearningMobility_3_question_3131,569.5,805.9,2057.0
1626289,stimulus_Ins_LearningMobility_3_question_3131,569.5,805.9,2055.0
1626290,stimulus_Ins_LearningMobility_3_question_3131,569.8,806.1,2054.0
1626291,stimulus_Ins_LearningMobility_3_question_3131,570.4,806.3,2054.0
1626292,stimulus_Ins_LearningMobility_3_question_3131,571.0,806.4,2054.0
1626293,stimulus_Ins_LearningMobility_3_question_3131,571.3,806.2,2053.0
1626294,stimulus_Ins_LearningMobility_3_question_3131,571.2,806.2,2053.0
1626295,stimulus_Ins_LearningMobility_3_question_3131,571.3,806.4,2054.0
1626296,stimulus_Ins_LearningMobility_3_question_3131,571.6,806.6,2053.0
1626297,stimulus_Ins_LearningMobility_3_question_3131,571.8,806.8,2050.0
1626298,stimulus_Ins_LearningMobility_3_question_3131,571.9,807.3,2046.0
1626299,stimulus_Ins_LearningMobility_3_question_3131,572.0,807.8,2043.0
1626300,stimulus_Ins_LearningMobility_3_question_3131,572.3,808.3,2041.0
1626301,stimulus_Ins_LearningMobility_3_question_3131,572.7,808.4,2043.0
1626302,stimulus_Ins_LearningMobility_3_question_3131,573.1,808.5,2047.0
1626303,stimulus_Ins_LearningMobility_3_question_3131,573.1,808.6,2050.0
1626304,stimulus_Ins_LearningMobility_3_question_3131,573.0,808.6,2051.0
1626305,stimulus_Ins_LearningMobility_3_question_3131,572.9,807.9,2052.0
1626306,stimulus_Ins_LearningMobility_3_question_3131,572.8,807.2,2051.0
1626307,stimulus_Ins_LearningMobility_3_question_3131,572.6,806.7,2047.0
1626308,stimulus_Ins_LearningMobility_3_question_3131,572.4,807.1,2044.0
1626309,stimulus_Ins_LearningMobility_3_question_3131,573.1,807.7,2041.0
1626310,stimulus_Ins_LearningMobility_3_question_3131,574.0,808.1,2040.0
1626311,stimulus_Ins_LearningMobility_3_question_3131,574.6,808.5,2040.0
1626312,stimulus_Ins_LearningMobility_3_question_3131,574.4,808.6,2040.0
1626313,stimulus_Ins_LearningMobility_3_question_3131,574.2,808.6,2042.0
1626314,stimulus_Ins_LearningMobility_3_question_3131,574.2,808.5,2045.0
1626315,stimulus_Ins_LearningMobility_3_question_3131,574.2,808.3,2047.0
1626316,stimulus_Ins_LearningMobility_3_question_3131,574.1,808.3,2047.0
1626317,stimulus_Ins_LearningMobility_3_question_3131,574.0,808.3,2047.0
1626318,stimulus_Ins_LearningMobility_3_question_3131,574.0,808.2,2046.0
1626319,stimulus_Ins_LearningMobility_3_question_3131,574.4,808.1,2045.0
1626320,stimulus_Ins_LearningMobility_3_question_3131,574.8,808.0,2045.0
1626321,stimulus_Ins_LearningMobility_3_question_3131,575.2,807.9,2045.0
1626322,stimulus_Ins_LearningMobility_3_question_3131,575.3,808.1,2045.0
1626323,stimulus_Ins_LearningMobility_3_question_3131,575.4,808.4,2046.0
1626324,stimulus_Ins_LearningMobility_3_question_3131,575.2,807.8,2048.0
1626325,stimulus_Ins_LearningMobility_3_question_3131,575.0,806.9,2049.0
1626326,stimulus_Ins_LearningMobility_3_question_3131,575.0,806.0,2050.0
1626327,stimulus_Ins_LearningMobility_3_question_3131,575.0,806.0,2048.0
1626328,stimulus_Ins_LearningMobility_3_question_3131,575.1,806.5,2046.0
1626329,stimulus_Ins_LearningMobility_3_question_3131,575.2,806.9,2044.0
1626330,stimulus_Ins_LearningMobility_3_question_3131,575.2,807.3,2045.0
1626331,stimulus_Ins_LearningMobility_3_question_3131,575.1,807.2,2047.0
1626332,stimulus_Ins_LearningMobility_3_question_3131,575.0,807.2,2048.0
1626333,stimulus_Ins_LearningMobility_3_question_3131,574.8,806.6,2050.0
1626334,stimulus_Ins_LearningMobility_3_question_3131,574.8,806.0,2053.0
1626335,stimulus_Ins_LearningMobility_3_question_3131,574.7,805.6,2055.0
1626336,stimulus_Ins_LearningMobility_3_question_3131,574.7,805.9,2054.0
1626337,stimulus_Ins_LearningMobility_3_question_3131,574.8,806.3,2054.0
1626338,stimulus_Ins_LearningMobility_3_question_3131,574.7,806.5,2053.0
1626339,stimulus_Ins_LearningMobility_3_question_3131,574.4,806.7,2051.0
1626340,stimulus_Ins_LearningMobility_3_question_3131,574.1,807.0,2050.0
1626341,stimulus_Ins_LearningMobility_3_question_3131,573.8,807.2,2050.0
1626342,stimulus_Ins_LearningMobility_3_question_3131,573.5,807.0,2053.0
1626343,stimulus_Ins_LearningMobility_3_question_3131,573.3,806.8,2055.0
1626344,stimulus_Ins_LearningMobility_3_question_3131,573.2,806.8,2058.0
1626345,stimulus_Ins_LearningMobility_3_question_3131,573.8,807.1,2058.0
1626346,stimulus_Ins_LearningMobility_3_question_3131,574.3,807.4,2055.0
1626347,stimulus_Ins_LearningMobility_3_question_3131,574.8,807.5,2053.0
1626348,stimulus_Ins_LearningMobility_3_question_3131,574.9,807.5,2050.0
1626349,stimulus_Ins_LearningMobility_3_question_3131,575.3,807.9,2050.0
1626350,stimulus_Ins_LearningMobility_3_question_3131,575.6,808.4,2049.0
1626351,stimulus_Ins_LearningMobility_3_question_3131,575.2,809.1,2046.0
1626352,stimulus_Ins_LearningMobility_3_question_3131,574.6,809.4,2044.0
1626353,stimulus_Ins_LearningMobility_3_question_3131,574.0,809.1,2042.0
1626354,stimulus_Ins_LearningMobility_3_question_3131,574.2,808.5,2043.0
1626355,stimulus_Ins_LearningMobility_3_question_3131,574.5,807.9,2047.0
1626356,stimulus_Ins_LearningMobility_3_question_3131,574.9,808.0,2050.0
1626357,stimulus_Ins_LearningMobility_3_question_3131,574.9,808.1,2053.0
1626358,stimulus_Ins_LearningMobility_3_question_3131,574.8,808.2,2053.0
1626359,stimulus_Ins_LearningMobility_3_question_3131,574.8,808.3,2053.0
1626360,stimulus_Ins_LearningMobility_3_question_3131,574.7,808.4,2053.0
1626361,stimulus_Ins_LearningMobility_3_question_3131,574.7,808.5,2053.0
1626362,stimulus_Ins_LearningMobility_3_question_3131,574.7,808.3,2054.0
1626363,stimulus_Ins_LearningMobility_3_question_3131,574.7,807.9,2054.0
1626364,stimulus_Ins_LearningMobility_3_question_3131,574.6,807.5,2054.0
1626365,stimulus_Ins_LearningMobility_3_question_3131,574.6,807.3,2052.0
1626366,stimulus_Ins_LearningMobility_3_question_3131,574.6,807.1,2050.0
1626367,stimulus_Ins_LearningMobility_3_question_3131,574.6,807.0,2048.0
1626368,stimulus_Ins_LearningMobility_3_question_3131,574.6,807.0,2048.0
1626369,stimulus_Ins_LearningMobility_3_question_3131,574.7,807.5,2048.0
1626370,stimulus_Ins_LearningMobility_3_question_3131,574.9,807.8,2049.0
1626371,stimulus_Ins_LearningMobility_3_question_3131,575.1,808.1,2050.0
1626372,stimulus_Ins_LearningMobility_3_question_3131,574.8,807.2,2050.0
1626373,stimulus_Ins_LearningMobility_3_question_3131,573.8,806.3,2046.0
1626374,stimulus_Ins_LearningMobility_3_question_3131,572.9,805.4,2043.0
1626375,stimulus_Ins_LearningMobility_3_question_3131,572.4,805.5,2041.0
1626376,stimulus_Ins_LearningMobility_3_question_3131,572.5,805.6,2042.0
1626377,stimulus_Ins_LearningMobility_3_question_3131,572.3,805.7,2043.0
1626378,stimulus_Ins_LearningMobility_3_question_3131,572.1,805.8,2041.0
1626379,stimulus_Ins_LearningMobility_3_question_3131,571.8,805.8,2039.0
1626380,stimulus_Ins_LearningMobility_3_question_3131,571.8,805.7,2038.0
1626381,stimulus_Ins_LearningMobility_3_question_3131,571.7,805.6,2038.0
1626382,stimulus_Ins_LearningMobility_3_question_3131,571.6,804.8,2039.0
1626383,stimulus_Ins_LearningMobility_3_question_3131,571.5,803.9,2040.0
1626384,stimulus_Ins_LearningMobility_3_question_3131,571.7,803.0,2042.0
1626385,stimulus_Ins_LearningMobility_3_question_3131,572.2,803.3,2044.0
1626386,stimulus_Ins_LearningMobility_3_question_3131,572.7,803.9,2042.0
1626387,stimulus_Ins_LearningMobility_3_question_3131,573.1,804.6,2037.0
1626388,stimulus_Ins_LearningMobility_3_question_3131,573.3,805.3,2032.0
1626389,stimulus_Ins_LearningMobility_3_question_3131,573.4,806.0,2031.0
1626390,stimulus_Ins_LearningMobility_3_question_3131,573.4,806.5,2031.0
1626391,stimulus_Ins_LearningMobility_3_question_3131,573.4,806.5,2032.0
1626392,stimulus_Ins_LearningMobility_3_question_3131,573.3,806.6,2034.0
1626393,stimulus_Ins_LearningMobility_3_question_3131,573.4,806.8,2035.0
1626394,stimulus_Ins_LearningMobility_3_question_3131,573.6,807.0,2035.0
1626395,stimulus_Ins_LearningMobility_3_question_3131,573.7,806.5,2034.0
1626396,stimulus_Ins_LearningMobility_3_question_3131,573.8,805.5,2032.0
1626397,stimulus_Ins_LearningMobility_3_question_3131,573.7,804.6,2030.0
1626398,stimulus_Ins_LearningMobility_3_question_3131,573.7,804.6,2028.0
1626399,stimulus_Ins_LearningMobility_3_question_3131,573.8,805.1,2026.0
1626400,stimulus_Ins_LearningMobility_3_question_3131,573.8,805.6,2024.0
1626401,stimulus_Ins_LearningMobility_3_question_3131,573.6,805.8,2023.0
1626402,stimulus_Ins_LearningMobility_3_question_3131,573.3,805.8,2027.0
1626403,stimulus_Ins_LearningMobility_3_question_3131,572.9,805.2,2031.0
1626404,stimulus_Ins_LearningMobility_3_question_3131,572.7,804.6,2035.0
1626405,stimulus_Ins_LearningMobility_3_question_3131,573.2,803.9,2033.0
1626406,stimulus_Ins_LearningMobility_3_question_3131,573.8,803.9,2031.0
1626407,stimulus_Ins_LearningMobility_3_question_3131,574.3,803.9,2028.0
1626408,stimulus_Ins_LearningMobility_3_question_3131,574.5,804.0,2028.0
1626409,stimulus_Ins_LearningMobility_3_question_3131,574.9,804.8,2027.0
1626410,stimulus_Ins_LearningMobility_3_question_3131,575.2,805.5,2026.0
1626411,stimulus_Ins_LearningMobility_3_question_3131,575.4,806.2,2024.0
1626412,stimulus_Ins_LearningMobility_3_question_3131,575.2,806.7,2024.0
1626413,stimulus_Ins_LearningMobility_3_question_3131,575.1,807.1,2025.0
1626414,stimulus_Ins_LearningMobility_3_question_3131,575.0,807.6,2026.0
1626415,stimulus_Ins_LearningMobility_3_question_3131,575.0,806.9,2029.0
1626416,stimulus_Ins_LearningMobility_3_question_3131,574.9,806.2,2032.0
1626417,stimulus_Ins_LearningMobility_3_question_3131,574.7,805.4,2034.0
1626418,stimulus_Ins_LearningMobility_3_question_3131,574.5,805.5,2032.0
1626419,stimulus_Ins_LearningMobility_3_question_3131,574.5,806.3,2031.0
1626420,stimulus_Ins_LearningMobility_3_question_3131,574.6,807.1,2030.0
1626421,stimulus_Ins_LearningMobility_3_question_3131,574.7,807.5,2029.0
1626422,stimulus_Ins_LearningMobility_3_question_3131,574.9,807.2,2029.0
1626423,stimulus_Ins_LearningMobility_3_question_3131,575.1,806.8,2029.0
1626424,stimulus_Ins_LearningMobility_3_question_3131,575.3,806.9,2031.0
1626425,stimulus_Ins_LearningMobility_3_question_3131,575.6,806.9,2033.0
1626426,stimulus_Ins_LearningMobility_3_question_3131,575.7,807.0,2034.0
1626427,stimulus_Ins_LearningMobility_3_question_3131,575.4,807.2,2034.0
1626428,stimulus_Ins_LearningMobility_3_question_3131,575.0,807.5,2032.0
1626429,stimulus_Ins_LearningMobility_3_question_3131,574.3,807.9,2028.0
1626430,stimulus_Ins_LearningMobility_3_question_3131,573.9,807.9,2027.0
1626431,stimulus_Ins_LearningMobility_3_question_3131,574.2,807.7,2029.0
1626432,stimulus_Ins_LearningMobility_3_question_3131,574.8,807.5,2031.0
1626433,stimulus_Ins_LearningMobility_3_question_3131,574.8,807.4,2034.0
1626434,stimulus_Ins_LearningMobility_3_question_3131,574.3,807.6,2038.0
1626435,stimulus_Ins_LearningMobility_3_question_3131,573.7,807.9,2041.0
1626436,stimulus_Ins_LearningMobility_3_question_3131,573.5,808.1,2042.0
1626437,stimulus_Ins_LearningMobility_3_question_3131,573.4,808.7,2039.0
1626438,stimulus_Ins_LearningMobility_3_question_3131,573.4,809.3,2035.0
1626439,stimulus_Ins_LearningMobility_3_question_3131,573.0,809.3,2034.0
1626440,stimulus_Ins_LearningMobility_3_question_3131,572.5,808.9,2037.0
1626441,stimulus_Ins_LearningMobility_3_question_3131,572.3,808.5,2039.0
1626442,stimulus_Ins_LearningMobility_3_question_3131,572.9,808.9,2038.0
1626443,stimulus_Ins_LearningMobility_3_question_3131,573.4,809.1,2036.0
1626444,stimulus_Ins_LearningMobility_3_question_3131,573.7,809.5,2036.0
1626445,stimulus_Ins_LearningMobility_3_question_3131,573.6,809.6,2037.0
1626446,stimulus_Ins_LearningMobility_3_question_3131,573.5,809.0,2038.0
1626447,stimulus_Ins_LearningMobility_3_question_3131,573.4,808.4,2036.0
1626448,stimulus_Ins_LearningMobility_3_question_3131,573.2,807.7,2034.0
1626449,stimulus_Ins_LearningMobility_3_question_3131,572.8,807.6,2032.0
1626450,stimulus_Ins_LearningMobility_3_question_3131,572.6,807.5,2032.0
1626451,stimulus_Ins_LearningMobility_3_question_3131,572.5,807.4,2031.0
1626452,stimulus_Ins_LearningMobility_3_question_3131,572.6,807.3,2030.0
1626453,stimulus_Ins_LearningMobility_3_question_3131,572.0,806.8,2031.0
1626454,stimulus_Ins_LearningMobility_3_question_3131,571.4,806.3,2033.0
1626455,stimulus_Ins_LearningMobility_3_question_3131,571.1,805.7,2034.0
1626456,stimulus_Ins_LearningMobility_3_question_3131,572.1,805.5,2034.0
1626457,stimulus_Ins_LearningMobility_3_question_3131,573.2,806.2,2034.0
1626458,stimulus_Ins_LearningMobility_3_question_3131,574.0,807.1,2034.0
1626459,stimulus_Ins_LearningMobility_3_question_3131,573.8,808.1,2034.0
1626460,stimulus_Ins_LearningMobility_3_question_3131,573.5,808.1,2033.0
1626461,stimulus_Ins_LearningMobility_3_question_3131,573.2,808.1,2032.0
1626462,stimulus_Ins_LearningMobility_3_question_3131,573.8,808.1,2031.0
1626463,stimulus_Ins_LearningMobility_3_question_3131,574.5,807.7,2032.0
1626464,stimulus_Ins_LearningMobility_3_question_3131,574.9,807.4,2034.0
1626465,stimulus_Ins_LearningMobility_3_question_3131,574.8,807.2,2036.0
1626466,stimulus_Ins_LearningMobility_3_question_3131,574.6,807.1,2035.0
1626467,stimulus_Ins_LearningMobility_3_question_3131,574.3,806.9,2035.0
1626468,stimulus_Ins_LearningMobility_3_question_3131,574.0,807.3,2034.0
1626469,stimulus_Ins_LearningMobility_3_question_3131,573.7,807.9,2033.0
1626470,stimulus_Ins_LearningMobility_3_question_3131,573.7,808.0,2032.0
1626471,stimulus_Ins_LearningMobility_3_question_3131,573.5,807.5,2032.0
1626472,stimulus_Ins_LearningMobility_3_question_3131,573.4,807.0,2033.0
1626473,stimulus_Ins_LearningMobility_3_question_3131,573.5,807.0,2032.0
1626474,stimulus_Ins_LearningMobility_3_question_3131,574.0,807.0,2029.0
1626475,stimulus_Ins_LearningMobility_3_question_3131,574.5,807.2,2026.0
1626476,stimulus_Ins_LearningMobility_3_question_3131,574.9,807.3,2026.0
1626477,stimulus_Ins_LearningMobility_3_question_3131,575.1,807.4,2026.0
1626478,stimulus_Ins_LearningMobility_3_question_3131,574.9,807.2,2027.0
1626479,stimulus_Ins_LearningMobility_3_question_3131,574.6,807.1,2027.0
1626480,stimulus_Ins_LearningMobility_3_question_3131,574.4,807.1,2025.0
1626481,stimulus_Ins_LearningMobility_3_question_3131,574.7,807.4,2022.0
1626482,stimulus_Ins_LearningMobility_3_question_3131,575.0,807.8,2019.0
1626483,stimulus_Ins_LearningMobility_3_question_3131,575.3,807.8,2022.0
1626484,stimulus_Ins_LearningMobility_3_question_3131,575.4,807.1,2025.0
1626485,stimulus_Ins_LearningMobility_3_question_3131,575.5,806.5,2028.0
1626486,stimulus_Ins_LearningMobility_3_question_3131,575.5,806.1,2028.0
1626487,stimulus_Ins_LearningMobility_3_question_3131,575.6,806.1,2029.0
1626488,stimulus_Ins_LearningMobility_3_question_3131,575.5,806.1,2028.0
1626489,stimulus_Ins_LearningMobility_3_question_3131,575.5,806.1,2025.0
1626490,stimulus_Ins_LearningMobility_3_question_3131,575.5,806.1,2023.0
1626491,stimulus_Ins_LearningMobility_3_question_3131,575.5,806.2,2021.0
1626492,stimulus_Ins_LearningMobility_3_question_3131,575.4,806.5,2019.0
1626493,stimulus_Ins_LearningMobility_3_question_3131,575.3,806.7,2017.0
1626494,stimulus_Ins_LearningMobility_3_question_3131,575.1,806.8,2017.0
1626495,stimulus_Ins_LearningMobility_3_question_3131,575.0,806.8,2019.0
1626496,stimulus_Ins_LearningMobility_3_question_3131,574.9,806.6,2020.0
1626497,stimulus_Ins_LearningMobility_3_question_3131,574.8,806.3,2022.0
1626498,stimulus_Ins_LearningMobility_3_question_3131,575.6,806.0,2023.0
1626499,stimulus_Ins_LearningMobility_3_question_3131,576.6,806.3,2026.0
1626500,stimulus_Ins_LearningMobility_3_question_3131,579.2,806.3,2028.0
1626501,stimulus_Ins_LearningMobility_3_question_3131,582.3,806.4,2031.0
1626502,stimulus_Ins_LearningMobility_3_question_3131,588.0,806.3,2031.0
1626503,stimulus_Ins_LearningMobility_3_question_3131,594.3,807.3,2030.0
1626504,stimulus_Ins_LearningMobility_3_question_3131,601.5,808.6,2029.0
1626505,stimulus_Ins_LearningMobility_3_question_3131,607.9,809.9,2028.0
1626506,stimulus_Ins_LearningMobility_3_question_3131,614.7,810.3,2029.0
1626507,stimulus_Ins_LearningMobility_3_question_3131,622.8,810.8,2029.0
1626508,stimulus_Ins_LearningMobility_3_question_3131,631.7,811.0,2029.0
1626509,stimulus_Ins_LearningMobility_3_question_3131,640.9,811.1,2029.0
1626510,stimulus_Ins_LearningMobility_3_question_3131,648.4,810.8,2026.0
1626511,stimulus_Ins_LearningMobility_3_question_3131,655.3,810.6,2022.0
1626512,stimulus_Ins_LearningMobility_3_question_3131,661.6,810.0,2022.0
1626513,stimulus_Ins_LearningMobility_3_question_3131,668.1,809.0,2023.0
1626514,stimulus_Ins_LearningMobility_3_question_3131,674.2,807.9,2025.0
1626515,stimulus_Ins_LearningMobility_3_question_3131,680.0,807.4,2022.0
1626516,stimulus_Ins_LearningMobility_3_question_3131,685.7,807.5,2019.0
1626517,stimulus_Ins_LearningMobility_3_question_3131,690.8,807.6,2013.0
1626518,stimulus_Ins_LearningMobility_3_question_3131,694.3,807.6,2010.0
1626519,stimulus_Ins_LearningMobility_3_question_3131,696.8,807.4,2007.0
1626520,stimulus_Ins_LearningMobility_3_question_3131,699.1,807.2,2007.0
1626521,stimulus_Ins_LearningMobility_3_question_3131,701.8,807.0,2007.0
1626522,stimulus_Ins_LearningMobility_3_question_3131,704.6,807.7,2006.0
1626523,stimulus_Ins_LearningMobility_3_question_3131,707.6,808.5,2005.0
1626524,stimulus_Ins_LearningMobility_3_question_3131,709.7,808.6,2004.0
1626525,stimulus_Ins_LearningMobility_3_question_3131,711.7,807.8,2004.0
1626526,stimulus_Ins_LearningMobility_3_question_3131,713.6,807.2,2004.0
1626527,stimulus_Ins_LearningMobility_3_question_3131,715.5,807.4,2003.0
1626528,stimulus_Ins_LearningMobility_3_question_3131,716.5,807.0,2001.0
1626529,stimulus_Ins_LearningMobility_3_question_3131,716.6,806.5,1999.0
1626530,stimulus_Ins_LearningMobility_3_question_3131,716.8,805.9,2000.0
1626531,stimulus_Ins_LearningMobility_3_question_3131,717.1,805.8,2001.0
1626532,stimulus_Ins_LearningMobility_3_question_3131,717.3,806.4,1999.0
1626533,stimulus_Ins_LearningMobility_3_question_3131,716.9,807.1,1996.0
1626534,stimulus_Ins_LearningMobility_3_question_3131,716.4,807.8,1993.0
1626535,stimulus_Ins_LearningMobility_3_question_3131,716.0,807.9,1994.0
1626536,stimulus_Ins_LearningMobility_3_question_3131,716.0,807.8,1996.0
1626537,stimulus_Ins_LearningMobility_3_question_3131,716.0,807.5,1999.0
1626538,stimulus_Ins_LearningMobility_3_question_3131,715.8,807.2,2001.0
1626539,stimulus_Ins_LearningMobility_3_question_3131,715.9,806.8,2004.0
1626540,stimulus_Ins_LearningMobility_3_question_3131,715.9,806.5,2005.0
1626541,stimulus_Ins_LearningMobility_3_question_3131,715.8,806.4,2005.0
1626542,stimulus_Ins_LearningMobility_3_question_3131,715.9,806.5,2005.0
1626543,stimulus_Ins_LearningMobility_3_question_3131,716.0,806.8,2004.0
1626544,stimulus_Ins_LearningMobility_3_question_3131,716.3,806.9,2004.0
1626545,stimulus_Ins_LearningMobility_3_question_3131,716.4,806.9,2004.0
1626546,stimulus_Ins_LearningMobility_3_question_3131,716.5,806.7,2004.0
1626547,stimulus_Ins_LearningMobility_3_question_3131,716.6,806.5,2003.0
1626548,stimulus_Ins_LearningMobility_3_question_3131,716.3,806.4,2002.0
1626549,stimulus_Ins_LearningMobility_3_question_3131,715.8,806.9,2001.0
1626550,stimulus_Ins_LearningMobility_3_question_3131,715.2,807.5,1998.0
1626551,stimulus_Ins_LearningMobility_3_question_3131,715.1,808.5,1995.0
1626552,stimulus_Ins_LearningMobility_3_question_3131,715.3,808.9,1993.0
1626553,stimulus_Ins_LearningMobility_3_question_3131,715.5,809.2,1993.0
1626554,stimulus_Ins_LearningMobility_3_question_3131,715.6,808.8,1995.0
1626555,stimulus_Ins_LearningMobility_3_question_3131,715.6,808.4,1997.0
1626556,stimulus_Ins_LearningMobility_3_question_3131,715.8,808.1,1995.0
1626557,stimulus_Ins_LearningMobility_3_question_3131,716.1,808.3,1992.0
1626558,stimulus_Ins_LearningMobility_3_question_3131,716.5,808.6,1989.0
1626559,stimulus_Ins_LearningMobility_3_question_3131,716.6,808.9,1988.0
1626560,stimulus_Ins_LearningMobility_3_question_3131,717.1,809.5,1986.0
1626561,stimulus_Ins_LearningMobility_3_question_3131,717.7,810.1,1984.0
1626562,stimulus_Ins_LearningMobility_3_question_3131,718.1,810.1,1984.0
1626563,stimulus_Ins_LearningMobility_3_question_3131,718.5,809.5,1987.0
1626564,stimulus_Ins_LearningMobility_3_question_3131,718.9,808.4,1991.0
1626565,stimulus_Ins_LearningMobility_3_question_3131,719.3,808.0,1995.0
1626566,stimulus_Ins_LearningMobility_3_question_3131,718.7,807.5,1995.0
1626567,stimulus_Ins_LearningMobility_3_question_3131,718.1,807.7,1992.0
1626568,stimulus_Ins_LearningMobility_3_question_3131,717.6,807.9,1989.0
1626569,stimulus_Ins_LearningMobility_3_question_3131,717.9,808.0,1989.0
1626570,stimulus_Ins_LearningMobility_3_question_3131,718.1,808.0,1989.0
1626571,stimulus_Ins_LearningMobility_3_question_3131,718.2,807.8,1990.0
1626572,stimulus_Ins_LearningMobility_3_question_3131,718.1,807.6,1991.0
1626573,stimulus_Ins_LearningMobility_3_question_3131,718.0,807.4,1992.0
1626574,stimulus_Ins_LearningMobility_3_question_3131,717.9,807.3,1994.0
1626575,stimulus_Ins_LearningMobility_3_question_3131,717.9,807.2,1994.0
1626576,stimulus_Ins_LearningMobility_3_question_3131,717.8,807.0,1994.0
1626577,stimulus_Ins_LearningMobility_3_question_3131,717.6,806.9,1993.0
1626578,stimulus_Ins_LearningMobility_3_question_3131,717.0,806.4,1993.0
1626579,stimulus_Ins_LearningMobility_3_question_3131,716.5,805.8,1993.0
1626580,stimulus_Ins_LearningMobility_3_question_3131,716.1,805.3,1993.0
1626581,stimulus_Ins_LearningMobility_3_question_3131,716.0,805.4,1994.0
1626582,stimulus_Ins_LearningMobility_3_question_3131,716.2,805.3,1995.0
1626583,stimulus_Ins_LearningMobility_3_question_3131,716.7,804.9,1996.0
1626584,stimulus_Ins_LearningMobility_3_question_3131,717.2,804.3,1998.0
1626585,stimulus_Ins_LearningMobility_3_question_3131,717.3,803.8,1999.0
1626586,stimulus_Ins_LearningMobility_3_question_3131,717.0,803.6,1999.0
1626587,stimulus_Ins_LearningMobility_3_question_3131,716.8,803.6,1998.0
1626588,stimulus_Ins_LearningMobility_3_question_3131,716.8,803.6,1998.0
1626589,stimulus_Ins_LearningMobility_3_question_3131,716.8,803.6,1999.0
1626590,stimulus_Ins_LearningMobility_3_question_3131,716.8,803.6,1999.0
1626591,stimulus_Ins_LearningMobility_3_question_3131,716.7,803.7,1998.0
1626592,stimulus_Ins_LearningMobility_3_question_3131,716.8,803.8,1997.0
1626593,stimulus_Ins_LearningMobility_3_question_3131,716.9,803.8,1996.0
1626594,stimulus_Ins_LearningMobility_3_question_3131,716.9,803.8,1996.0
1626595,stimulus_Ins_LearningMobility_3_question_3131,716.7,803.7,1996.0
1626596,stimulus_Ins_LearningMobility_3_question_3131,716.5,803.5,1997.0
1626597,stimulus_Ins_LearningMobility_3_question_3131,716.3,803.4,1998.0
1626598,stimulus_Ins_LearningMobility_3_question_3131,715.6,803.1,1998.0
1626599,stimulus_Ins_LearningMobility_3_question_3131,715.0,802.9,1999.0
1626600,stimulus_Ins_LearningMobility_3_question_3131,714.7,802.7,2000.0
1626601,stimulus_Ins_LearningMobility_3_question_3131,715.0,802.7,2002.0
1626602,stimulus_Ins_LearningMobility_3_question_3131,715.3,802.7,2003.0
1626603,stimulus_Ins_LearningMobility_3_question_3131,715.2,802.7,2003.0
1626604,stimulus_Ins_LearningMobility_3_question_3131,714.8,802.7,2003.0
1626605,stimulus_Ins_LearningMobility_3_question_3131,714.3,802.6,2003.0
1626606,stimulus_Ins_LearningMobility_3_question_3131,713.9,802.8,2003.0
1626607,stimulus_Ins_LearningMobility_3_question_3131,713.7,802.9,2004.0
1626608,stimulus_Ins_LearningMobility_3_question_3131,713.5,802.8,2005.0
1626609,stimulus_Ins_LearningMobility_3_question_3131,713.3,802.5,2004.0
1626610,stimulus_Ins_LearningMobility_3_question_3131,713.3,802.2,2002.0
1626611,stimulus_Ins_LearningMobility_3_question_3131,713.4,802.3,2000.0
1626612,stimulus_Ins_LearningMobility_3_question_3131,713.5,802.3,2000.0
1626613,stimulus_Ins_LearningMobility_3_question_3131,713.6,802.6,2000.0
1626614,stimulus_Ins_LearningMobility_3_question_3131,713.6,803.0,2002.0
1626615,stimulus_Ins_LearningMobility_3_question_3131,713.6,802.7,2005.0
1626616,stimulus_Ins_LearningMobility_3_question_3131,713.8,802.1,2008.0
1626617,stimulus_Ins_LearningMobility_3_question_3131,714.1,801.6,2008.0
1626618,stimulus_Ins_LearningMobility_3_question_3131,714.4,801.7,2008.0
1626619,stimulus_Ins_LearningMobility_3_question_3131,714.3,801.6,2007.0
1626620,stimulus_Ins_LearningMobility_3_question_3131,714.3,801.4,2007.0
1626621,stimulus_Ins_LearningMobility_3_question_3131,714.1,801.1,2007.0
1626622,stimulus_Ins_LearningMobility_3_question_3131,713.7,800.9,2008.0
1626623,stimulus_Ins_LearningMobility_3_question_3131,713.5,800.6,2007.0
1626624,stimulus_Ins_LearningMobility_3_question_3131,713.4,800.4,2007.0
1626625,stimulus_Ins_LearningMobility_3_question_3131,713.6,800.3,2008.0
1626626,stimulus_Ins_LearningMobility_3_question_3131,713.7,800.2,2009.0
1626627,stimulus_Ins_LearningMobility_3_question_3131,713.9,800.1,2008.0
1626628,stimulus_Ins_LearningMobility_3_question_3131,714.0,800.1,2004.0
1626629,stimulus_Ins_LearningMobility_3_question_3131,714.0,800.7,2000.0
1626630,stimulus_Ins_LearningMobility_3_question_3131,714.1,801.2,1998.0
1626631,stimulus_Ins_LearningMobility_3_question_3131,714.1,801.6,1998.0
1626632,stimulus_Ins_LearningMobility_3_question_3131,714.0,801.6,1999.0
1626633,stimulus_Ins_LearningMobility_3_question_3131,714.0,801.2,1999.0
1626634,stimulus_Ins_LearningMobility_3_question_3131,713.9,800.6,2002.0
1626635,stimulus_Ins_LearningMobility_3_question_3131,713.8,800.1,2005.0
1626636,stimulus_Ins_LearningMobility_3_question_3131,713.6,800.4,2008.0
1626637,stimulus_Ins_LearningMobility_3_question_3131,713.5,800.7,2007.0
1626638,stimulus_Ins_LearningMobility_3_question_3131,713.4,800.9,2004.0
1626639,stimulus_Ins_LearningMobility_3_question_3131,713.4,800.9,2001.0
1626640,stimulus_Ins_LearningMobility_3_question_3131,713.4,800.9,1999.0
1626641,stimulus_Ins_LearningMobility_3_question_3131,713.2,801.0,1999.0
1626642,stimulus_Ins_LearningMobility_3_question_3131,713.1,800.4,2002.0
1626643,stimulus_Ins_LearningMobility_3_question_3131,712.9,799.7,2006.0
1626644,stimulus_Ins_LearningMobility_3_question_3131,712.7,799.0,2010.0
1626645,stimulus_Ins_LearningMobility_3_question_3131,712.6,799.1,2009.0
1626646,stimulus_Ins_LearningMobility_3_question_3131,712.6,799.2,2009.0
1626647,stimulus_Ins_LearningMobility_3_question_3131,712.6,799.3,2008.0
1626648,stimulus_Ins_LearningMobility_3_question_3131,712.6,799.5,2007.0
1626649,stimulus_Ins_LearningMobility_3_question_3131,712.6,800.3,2006.0
1626650,stimulus_Ins_LearningMobility_3_question_3131,712.7,801.2,2004.0
1626651,stimulus_Ins_LearningMobility_3_question_3131,712.9,802.2,2003.0
1626652,stimulus_Ins_LearningMobility_3_question_3131,713.0,801.3,2006.0
1626653,stimulus_Ins_LearningMobility_3_question_3131,713.0,800.1,2008.0
1626654,stimulus_Ins_LearningMobility_3_question_3131,712.9,799.0,2011.0
1626655,stimulus_Ins_LearningMobility_3_question_3131,712.7,798.7,2011.0
1626656,stimulus_Ins_LearningMobility_3_question_3131,712.2,798.3,2012.0
1626657,stimulus_Ins_LearningMobility_3_question_3131,711.6,797.8,2012.0
1626658,stimulus_Ins_LearningMobility_3_question_3131,711.2,798.5,2011.0
1626659,stimulus_Ins_LearningMobility_3_question_3131,711.6,799.4,2009.0
1626660,stimulus_Ins_LearningMobility_3_question_3131,711.9,800.1,2008.0
1626661,stimulus_Ins_LearningMobility_3_question_3131,712.1,799.8,2007.0
1626662,stimulus_Ins_LearningMobility_3_question_3131,712.1,799.6,2008.0
1626663,stimulus_Ins_LearningMobility_3_question_3131,712.1,798.9,2011.0
1626664,stimulus_Ins_LearningMobility_3_question_3131,712.1,798.2,2014.0
1626665,stimulus_Ins_LearningMobility_3_question_3131,711.8,797.5,2016.0
1626666,stimulus_Ins_LearningMobility_3_question_3131,711.3,797.5,2016.0
1626667,stimulus_Ins_LearningMobility_3_question_3131,710.9,797.4,2015.0
1626668,stimulus_Ins_LearningMobility_3_question_3131,710.8,797.5,2014.0
1626669,stimulus_Ins_LearningMobility_3_question_3131,710.7,797.6,2013.0
1626670,stimulus_Ins_LearningMobility_3_question_3131,710.6,797.6,2012.0
1626671,stimulus_Ins_LearningMobility_3_question_3131,710.5,797.7,2013.0
1626672,stimulus_Ins_LearningMobility_3_question_3131,710.3,797.9,2013.0
1626673,stimulus_Ins_LearningMobility_3_question_3131,709.6,798.1,2014.0
1626674,stimulus_Ins_LearningMobility_3_question_3131,709.0,798.3,2014.0
1626675,stimulus_Ins_LearningMobility_3_question_3131,708.9,798.5,2014.0
1626676,stimulus_Ins_LearningMobility_3_question_3131,709.5,798.5,2016.0
1626677,stimulus_Ins_LearningMobility_3_question_3131,709.9,798.3,2017.0
1626678,stimulus_Ins_LearningMobility_3_question_3131,709.5,798.3,2019.0
1626679,stimulus_Ins_LearningMobility_3_question_3131,709.2,798.3,2019.0
1626680,stimulus_Ins_LearningMobility_3_question_3131,709.1,798.3,2018.0
1626681,stimulus_Ins_LearningMobility_3_question_3131,709.0,798.4,2016.0
1626682,stimulus_Ins_LearningMobility_3_question_3131,708.7,798.2,2016.0
1626683,stimulus_Ins_LearningMobility_3_question_3131,708.2,798.0,2018.0
1626684,stimulus_Ins_LearningMobility_3_question_3131,707.8,797.7,2020.0
1626685,stimulus_Ins_LearningMobility_3_question_3131,707.5,796.4,2020.0
1626686,stimulus_Ins_LearningMobility_3_question_3131,707.6,795.2,2021.0
1626687,stimulus_Ins_LearningMobility_3_question_3131,707.7,794.0,2021.0
1626688,stimulus_Ins_LearningMobility_3_question_3131,707.9,794.0,2018.0
1626689,stimulus_Ins_LearningMobility_3_question_3131,708.1,794.8,2015.0
1626690,stimulus_Ins_LearningMobility_3_question_3131,708.4,795.5,2012.0
1626691,stimulus_Ins_LearningMobility_3_question_3131,708.6,795.9,2013.0
1626692,stimulus_Ins_LearningMobility_3_question_3131,708.6,795.5,2014.0
1626693,stimulus_Ins_LearningMobility_3_question_3131,708.5,795.1,2015.0
1626694,stimulus_Ins_LearningMobility_3_question_3131,708.5,795.1,2017.0
1626695,stimulus_Ins_LearningMobility_3_question_3131,709.0,795.1,2019.0
1626696,stimulus_Ins_LearningMobility_3_question_3131,709.5,795.3,2021.0
1626697,stimulus_Ins_LearningMobility_3_question_3131,710.4,795.5,2019.0
1626698,stimulus_Ins_LearningMobility_3_question_3131,710.8,795.6,2017.0
1626699,stimulus_Ins_LearningMobility_3_question_3131,711.2,795.5,2015.0
1626700,stimulus_Ins_LearningMobility_3_question_3131,711.2,795.4,2014.0
1626701,stimulus_Ins_LearningMobility_3_question_3131,711.1,795.4,2015.0
1626702,stimulus_Ins_LearningMobility_3_question_3131,710.9,795.0,2019.0
1626703,stimulus_Ins_LearningMobility_3_question_3131,710.4,794.6,2024.0
1626704,stimulus_Ins_LearningMobility_3_question_3131,710.0,794.2,2028.0
1626705,stimulus_Ins_LearningMobility_3_question_3131,709.7,794.3,2029.0
1626706,stimulus_Ins_LearningMobility_3_question_3131,709.7,794.4,2030.0
1626707,stimulus_Ins_LearningMobility_3_question_3131,709.7,794.3,2031.0
1626708,stimulus_Ins_LearningMobility_3_question_3131,709.7,794.2,2028.0
1626709,stimulus_Ins_LearningMobility_3_question_3131,709.7,794.1,2025.0
1626710,stimulus_Ins_LearningMobility_3_question_3131,709.7,794.1,2025.0
1626711,stimulus_Ins_LearningMobility_3_question_3131,709.7,794.2,2027.0
1626712,stimulus_Ins_LearningMobility_3_question_3131,709.1,794.2,2029.0
1626713,stimulus_Ins_LearningMobility_3_question_3131,708.4,793.3,2030.0
1626714,stimulus_Ins_LearningMobility_3_question_3131,707.7,792.3,2030.0
1626715,stimulus_Ins_LearningMobility_3_question_3131,707.7,791.6,2031.0
1626716,stimulus_Ins_LearningMobility_3_question_3131,707.8,791.8,2033.0
1626717,stimulus_Ins_LearningMobility_3_question_3131,707.8,791.7,2032.0
1626718,stimulus_Ins_LearningMobility_3_question_3131,707.5,791.2,2029.0
1626719,stimulus_Ins_LearningMobility_3_question_3131,707.3,791.0,2027.0
1626720,stimulus_Ins_LearningMobility_3_question_3131,707.1,791.4,2027.0
1626721,stimulus_Ins_LearningMobility_3_question_3131,707.1,791.9,2027.0
1626722,stimulus_Ins_LearningMobility_3_question_3131,707.0,792.5,2027.0
1626723,stimulus_Ins_LearningMobility_3_question_3131,707.1,792.9,2027.0
1626724,stimulus_Ins_LearningMobility_3_question_3131,707.2,793.0,2027.0
1626725,stimulus_Ins_LearningMobility_3_question_3131,707.2,793.0,2028.0
1626726,stimulus_Ins_LearningMobility_3_question_3131,707.2,793.1,2029.0
1626727,stimulus_Ins_LearningMobility_3_question_3131,707.2,793.4,2030.0
1626728,stimulus_Ins_LearningMobility_3_question_3131,707.3,793.7,2029.0
1626729,stimulus_Ins_LearningMobility_3_question_3131,707.7,793.8,2028.0
1626730,stimulus_Ins_LearningMobility_3_question_3131,708.5,793.7,2026.0
1626731,stimulus_Ins_LearningMobility_3_question_3131,709.5,793.7,2024.0
1626732,stimulus_Ins_LearningMobility_3_question_3131,710.1,793.6,2026.0
1626733,stimulus_Ins_LearningMobility_3_question_3131,710.5,793.6,2030.0
1626734,stimulus_Ins_LearningMobility_3_question_3131,708.6,793.7,2033.0
1626735,stimulus_Ins_LearningMobility_3_question_3131,704.3,793.8,2032.0
1626736,stimulus_Ins_LearningMobility_3_question_3131,698.5,794.3,2032.0
1626737,stimulus_Ins_LearningMobility_3_question_3131,692.6,795.1,2033.0
1626738,stimulus_Ins_LearningMobility_3_question_3131,686.0,795.7,2035.0
1626739,stimulus_Ins_LearningMobility_3_question_3131,675.8,796.1,2036.0
1626740,stimulus_Ins_LearningMobility_3_question_3131,664.2,796.4,2035.0
1626741,stimulus_Ins_LearningMobility_3_question_3131,651.4,796.9,2034.0
1626742,stimulus_Ins_LearningMobility_3_question_3131,638.5,797.3,2034.0
1626743,stimulus_Ins_LearningMobility_3_question_3131,622.6,797.4,2039.0
1626744,stimulus_Ins_LearningMobility_3_question_3131,606.2,797.3,2051.0
1626745,stimulus_Ins_LearningMobility_3_question_3131,589.1,797.4,2062.0
1626746,stimulus_Ins_LearningMobility_3_question_3131,573.4,798.1,2068.0
1626747,stimulus_Ins_LearningMobility_3_question_3131,557.6,799.7,2068.0
1626748,stimulus_Ins_LearningMobility_3_question_3131,543.6,802.3,2069.0
1626749,stimulus_Ins_LearningMobility_3_question_3131,531.6,805.5,2069.0
1626750,stimulus_Ins_LearningMobility_3_question_3131,518.2,808.5,2068.0
1626751,stimulus_Ins_LearningMobility_3_question_3131,504.9,812.4,2067.0
1626752,stimulus_Ins_LearningMobility_3_question_3131,489.7,816.1,2067.0
1626753,stimulus_Ins_LearningMobility_3_question_3131,475.2,821.8,2066.0
1626754,stimulus_Ins_LearningMobility_3_question_3131,459.9,825.7,2060.0
1626755,stimulus_Ins_LearningMobility_3_question_3131,445.9,830.5,2054.0
1626756,stimulus_Ins_LearningMobility_3_question_3131,431.6,833.3,2042.0
1626757,stimulus_Ins_LearningMobility_3_question_3131,416.4,835.9,2034.0
1626758,stimulus_Ins_LearningMobility_3_question_3131,402.8,837.8,2026.0
1626759,stimulus_Ins_LearningMobility_3_question_3131,390.3,839.6,2021.0
1626760,stimulus_Ins_LearningMobility_3_question_3131,379.4,843.0,2015.0
1626761,stimulus_Ins_LearningMobility_3_question_3131,368.8,846.1,2010.0
1626762,stimulus_Ins_LearningMobility_3_question_3131,358.9,849.2,2009.0
1626763,stimulus_Ins_LearningMobility_3_question_3131,349.5,851.4,2009.0
1626764,stimulus_Ins_LearningMobility_3_question_3131,338.8,853.4,2010.0
1626765,stimulus_Ins_LearningMobility_3_question_3131,329.1,855.2,2009.0
1626766,stimulus_Ins_LearningMobility_3_question_3131,320.7,857.4,2009.0
1626767,stimulus_Ins_LearningMobility_3_question_3131,312.7,860.0,2008.0
1626768,stimulus_Ins_LearningMobility_3_question_3131,304.9,864.0,2004.0
1626769,stimulus_Ins_LearningMobility_3_question_3131,297.4,867.0,2000.0
1626770,stimulus_Ins_LearningMobility_3_question_3131,290.1,869.4,1996.0
1626771,stimulus_Ins_LearningMobility_3_question_3131,282.9,870.5,1996.0
1626772,stimulus_Ins_LearningMobility_3_question_3131,275.9,872.0,1994.0
1626773,stimulus_Ins_LearningMobility_3_question_3131,270.1,873.6,1993.0
1626774,stimulus_Ins_LearningMobility_3_question_3131,264.8,875.5,1992.0
1626775,stimulus_Ins_LearningMobility_3_question_3131,261.0,876.8,1993.0
1626776,stimulus_Ins_LearningMobility_3_question_3131,257.9,878.0,1996.0
1626777,stimulus_Ins_LearningMobility_3_question_3131,255.5,878.4,2000.0
1626778,stimulus_Ins_LearningMobility_3_question_3131,252.2,878.8,2004.0
1626779,stimulus_Ins_LearningMobility_3_question_3131,249.1,878.6,2006.0
1626780,stimulus_Ins_LearningMobility_3_question_3131,247.1,878.4,2006.0
1626781,stimulus_Ins_LearningMobility_3_question_3131,245.1,878.3,2006.0
1626782,stimulus_Ins_LearningMobility_3_question_3131,243.8,877.4,2006.0
1626783,stimulus_Ins_LearningMobility_3_question_3131,242.4,875.9,2008.0
1626784,stimulus_Ins_LearningMobility_3_question_3131,241.7,874.0,2012.0
1626785,stimulus_Ins_LearningMobility_3_question_3131,241.0,873.0,2017.0
1626786,stimulus_Ins_LearningMobility_3_question_3131,241.4,871.2,2020.0
1626787,stimulus_Ins_LearningMobility_3_question_3131,243.5,869.9,2019.0
1626788,stimulus_Ins_LearningMobility_3_question_3131,245.7,867.9,2020.0
1626789,stimulus_Ins_LearningMobility_3_question_3131,247.9,866.9,2025.0
1626790,stimulus_Ins_LearningMobility_3_question_3131,249.2,864.8,2031.0
1626791,stimulus_Ins_LearningMobility_3_question_3131,251.1,863.1,2036.0
1626792,stimulus_Ins_LearningMobility_3_question_3131,252.3,860.7,2037.0
1626793,stimulus_Ins_LearningMobility_3_question_3131,253.4,859.4,2040.0
1626794,stimulus_Ins_LearningMobility_3_question_3131,254.4,857.8,2046.0
1626795,stimulus_Ins_LearningMobility_3_question_3131,255.0,856.2,2052.0
1626796,stimulus_Ins_LearningMobility_3_question_3131,255.7,854.6,2054.0
1626797,stimulus_Ins_LearningMobility_3_question_3131,255.7,853.4,2054.0
1626798,stimulus_Ins_LearningMobility_3_question_3131,255.8,853.1,2054.0
1626799,stimulus_Ins_LearningMobility_3_question_3131,255.8,852.9,2053.0
1626800,stimulus_Ins_LearningMobility_3_question_3131,255.6,852.0,2052.0
1626801,stimulus_Ins_LearningMobility_3_question_3131,255.3,851.4,2051.0
1626802,stimulus_Ins_LearningMobility_3_question_3131,255.0,849.8,2054.0
1626803,stimulus_Ins_LearningMobility_3_question_3131,254.7,848.9,2057.0
1626804,stimulus_Ins_LearningMobility_3_question_3131,254.5,847.9,2063.0
1626805,stimulus_Ins_LearningMobility_3_question_3131,254.5,847.5,2067.0
1626806,stimulus_Ins_LearningMobility_3_question_3131,254.7,847.1,2071.0
1626807,stimulus_Ins_LearningMobility_3_question_3131,255.0,847.0,2071.0
1626808,stimulus_Ins_LearningMobility_3_question_3131,255.0,847.2,2068.0
1626809,stimulus_Ins_LearningMobility_3_question_3131,255.0,846.5,2066.0
1626810,stimulus_Ins_LearningMobility_3_question_3131,255.7,845.6,2064.0
1626811,stimulus_Ins_LearningMobility_3_question_3131,256.3,844.6,2065.0
1626812,stimulus_Ins_LearningMobility_3_question_3131,256.6,844.3,2065.0
1626813,stimulus_Ins_LearningMobility_3_question_3131,256.3,843.7,2065.0
1626814,stimulus_Ins_LearningMobility_3_question_3131,256.4,843.1,2067.0
1626815,stimulus_Ins_LearningMobility_3_question_3131,256.9,842.3,2067.0
1626816,stimulus_Ins_LearningMobility_3_question_3131,257.4,841.6,2067.0
1626817,stimulus_Ins_LearningMobility_3_question_3131,257.4,841.3,2068.0
1626818,stimulus_Ins_LearningMobility_3_question_3131,258.0,841.1,2070.0
1626819,stimulus_Ins_LearningMobility_3_question_3131,258.5,841.0,2070.0
1626820,stimulus_Ins_LearningMobility_3_question_3131,258.9,841.0,2070.0
1626821,stimulus_Ins_LearningMobility_3_question_3131,258.8,840.5,2070.0
1626822,stimulus_Ins_LearningMobility_3_question_3131,258.7,839.6,2072.0
1626823,stimulus_Ins_LearningMobility_3_question_3131,258.9,838.5,2074.0
1626824,stimulus_Ins_LearningMobility_3_question_3131,259.1,837.9,2077.0
1626825,stimulus_Ins_LearningMobility_3_question_3131,259.4,837.6,2080.0
1626826,stimulus_Ins_LearningMobility_3_question_3131,259.6,837.4,2078.0
1626827,stimulus_Ins_LearningMobility_3_question_3131,259.7,837.4,2076.0
1626828,stimulus_Ins_LearningMobility_3_question_3131,259.6,837.2,2075.0
1626829,stimulus_Ins_LearningMobility_3_question_3131,259.4,837.0,2076.0
1626830,stimulus_Ins_LearningMobility_3_question_3131,259.1,836.7,2076.0
1626831,stimulus_Ins_LearningMobility_3_question_3131,258.4,836.0,2076.0
1626832,stimulus_Ins_LearningMobility_3_question_3131,258.1,835.3,2077.0
1626833,stimulus_Ins_LearningMobility_3_question_3131,258.1,834.7,2077.0
1626834,stimulus_Ins_LearningMobility_3_question_3131,258.4,834.2,2078.0
1626835,stimulus_Ins_LearningMobility_3_question_3131,258.7,833.6,2080.0
1626836,stimulus_Ins_LearningMobility_3_question_3131,258.9,832.9,2083.0
1626837,stimulus_Ins_LearningMobility_3_question_3131,258.8,831.9,2086.0
1626838,stimulus_Ins_LearningMobility_3_question_3131,258.5,830.9,2088.0
1626839,stimulus_Ins_LearningMobility_3_question_3131,258.3,830.2,2085.0
1626840,stimulus_Ins_LearningMobility_3_question_3131,258.4,830.3,2082.0
1626841,stimulus_Ins_LearningMobility_3_question_3131,258.5,830.6,2080.0
1626842,stimulus_Ins_LearningMobility_3_question_3131,258.6,830.8,2083.0
1626843,stimulus_Ins_LearningMobility_3_question_3131,258.8,831.0,2088.0
1626844,stimulus_Ins_LearningMobility_3_question_3131,258.9,831.1,2093.0
1626845,stimulus_Ins_LearningMobility_3_question_3131,259.1,830.6,2095.0
1626846,stimulus_Ins_LearningMobility_3_question_3131,259.2,830.0,2091.0
1626847,stimulus_Ins_LearningMobility_3_question_3131,259.0,829.6,2087.0
1626848,stimulus_Ins_LearningMobility_3_question_3131,259.1,829.7,2083.0
1626849,stimulus_Ins_LearningMobility_3_question_3131,259.5,829.7,2083.0
1626850,stimulus_Ins_LearningMobility_3_question_3131,259.9,829.4,2084.0
1626851,stimulus_Ins_LearningMobility_3_question_3131,260.3,829.2,2085.0
1626852,stimulus_Ins_LearningMobility_3_question_3131,260.4,829.1,2086.0
1626853,stimulus_Ins_LearningMobility_3_question_3131,260.5,828.6,2088.0
1626854,stimulus_Ins_LearningMobility_3_question_3131,260.6,828.0,2090.0
1626855,stimulus_Ins_LearningMobility_3_question_3131,260.5,827.3,2091.0
1626856,stimulus_Ins_LearningMobility_3_question_3131,260.4,827.1,2091.0
1626857,stimulus_Ins_LearningMobility_3_question_3131,261.1,826.9,2092.0
1626858,stimulus_Ins_LearningMobility_3_question_3131,261.8,826.8,2093.0
1626859,stimulus_Ins_LearningMobility_3_question_3131,262.5,826.6,2094.0
1626860,stimulus_Ins_LearningMobility_3_question_3131,262.3,826.9,2094.0
1626861,stimulus_Ins_LearningMobility_3_question_3131,261.9,827.3,2094.0
1626862,stimulus_Ins_LearningMobility_3_question_3131,261.5,827.3,2095.0
1626863,stimulus_Ins_LearningMobility_3_question_3131,261.3,826.7,2095.0
1626864,stimulus_Ins_LearningMobility_3_question_3131,261.4,826.0,2097.0
1626865,stimulus_Ins_LearningMobility_3_question_3131,261.5,825.5,2099.0
1626866,stimulus_Ins_LearningMobility_3_question_3131,261.2,825.2,2099.0
1626867,stimulus_Ins_LearningMobility_3_question_3131,260.9,825.0,2097.0
1626868,stimulus_Ins_LearningMobility_3_question_3131,260.6,825.2,2095.0
1626869,stimulus_Ins_LearningMobility_3_question_3131,260.7,825.4,2095.0
1626870,stimulus_Ins_LearningMobility_3_question_3131,260.5,824.9,2095.0
1626871,stimulus_Ins_LearningMobility_3_question_3131,260.3,824.0,2095.0
1626872,stimulus_Ins_LearningMobility_3_question_3131,260.0,823.4,2094.0
1626873,stimulus_Ins_LearningMobility_3_question_3131,259.7,823.6,2095.0
1626874,stimulus_Ins_LearningMobility_3_question_3131,259.3,823.0,2095.0
1626875,stimulus_Ins_LearningMobility_3_question_3131,258.8,822.1,2096.0
1626876,stimulus_Ins_LearningMobility_3_question_3131,258.6,821.3,2095.0
1626877,stimulus_Ins_LearningMobility_3_question_3131,258.5,821.2,2095.0
1626878,stimulus_Ins_LearningMobility_3_question_3131,259.1,822.3,2095.0
1626879,stimulus_Ins_LearningMobility_3_question_3131,259.8,823.5,2096.0
1626880,stimulus_Ins_LearningMobility_3_question_3131,259.7,824.0,2096.0
1626881,stimulus_Ins_LearningMobility_3_question_3131,259.0,823.4,2096.0
1626882,stimulus_Ins_LearningMobility_3_question_3131,258.8,822.7,2096.0
1626883,stimulus_Ins_LearningMobility_3_question_3131,259.3,822.7,2097.0
1626884,stimulus_Ins_LearningMobility_3_question_3131,259.1,822.8,2099.0
1626885,stimulus_Ins_LearningMobility_3_question_3131,258.5,822.9,2101.0
1626886,stimulus_Ins_LearningMobility_3_question_3131,258.7,823.3,2102.0
1626887,stimulus_Ins_LearningMobility_3_question_3131,259.5,823.7,2102.0
1626888,stimulus_Ins_LearningMobility_3_question_3131,260.2,824.0,2102.0
1626889,stimulus_Ins_LearningMobility_3_question_3131,260.7,824.0,2102.0
1626890,stimulus_Ins_LearningMobility_3_question_3131,261.2,823.7,2101.0
1626891,stimulus_Ins_LearningMobility_3_question_3131,261.6,823.4,2101.0
1626892,stimulus_Ins_LearningMobility_3_question_3131,261.7,823.1,2102.0
1626893,stimulus_Ins_LearningMobility_3_question_3131,261.2,823.1,2102.0
1626894,stimulus_Ins_LearningMobility_3_question_3131,260.5,822.8,2103.0
1626895,stimulus_Ins_LearningMobility_3_question_3131,259.8,822.6,2104.0
1626896,stimulus_Ins_LearningMobility_3_question_3131,260.2,822.4,2104.0
1626897,stimulus_Ins_LearningMobility_3_question_3131,260.7,822.5,2105.0
1626898,stimulus_Ins_LearningMobility_3_question_3131,261.0,822.6,2104.0
1626899,stimulus_Ins_LearningMobility_3_question_3131,260.5,822.2,2105.0
1626900,stimulus_Ins_LearningMobility_3_question_3131,260.0,821.8,2106.0
1626901,stimulus_Ins_LearningMobility_3_question_3131,259.5,821.1,2107.0
1626902,stimulus_Ins_LearningMobility_3_question_3131,259.5,820.9,2107.0
1626903,stimulus_Ins_LearningMobility_3_question_3131,259.4,820.8,2106.0
1626904,stimulus_Ins_LearningMobility_3_question_3131,258.8,820.9,2104.0
1626905,stimulus_Ins_LearningMobility_3_question_3131,258.1,821.0,2103.0
1626906,stimulus_Ins_LearningMobility_3_question_3131,257.4,820.7,2104.0
1626907,stimulus_Ins_LearningMobility_3_question_3131,257.5,820.4,2103.0
1626908,stimulus_Ins_LearningMobility_3_question_3131,258.2,820.6,2104.0
1626909,stimulus_Ins_LearningMobility_3_question_3131,258.8,820.9,2104.0
1626910,stimulus_Ins_LearningMobility_3_question_3131,259.3,821.3,2104.0
1626911,stimulus_Ins_LearningMobility_3_question_3131,259.2,821.3,2103.0
1626912,stimulus_Ins_LearningMobility_3_question_3131,259.0,821.3,2103.0
1626913,stimulus_Ins_LearningMobility_3_question_3131,259.5,821.2,2106.0
1626914,stimulus_Ins_LearningMobility_3_question_3131,260.0,821.1,2110.0
1626915,stimulus_Ins_LearningMobility_3_question_3131,260.4,820.9,2112.0
1626916,stimulus_Ins_LearningMobility_3_question_3131,260.3,820.7,2113.0
1626917,stimulus_Ins_LearningMobility_3_question_3131,260.2,820.9,2112.0
1626918,stimulus_Ins_LearningMobility_3_question_3131,260.3,821.1,2109.0
1626919,stimulus_Ins_LearningMobility_3_question_3131,260.3,820.8,2106.0
1626920,stimulus_Ins_LearningMobility_3_question_3131,260.4,820.3,2105.0
1626921,stimulus_Ins_LearningMobility_3_question_3131,260.3,819.8,2107.0
1626922,stimulus_Ins_LearningMobility_3_question_3131,260.0,819.7,2109.0
1626923,stimulus_Ins_LearningMobility_3_question_3131,259.8,819.1,2109.0
1626924,stimulus_Ins_LearningMobility_3_question_3131,259.9,818.2,2111.0
1626925,stimulus_Ins_LearningMobility_3_question_3131,260.1,817.5,2114.0
1626926,stimulus_Ins_LearningMobility_3_question_3131,260.4,817.3,2114.0
1626927,stimulus_Ins_LearningMobility_3_question_3131,260.4,818.1,2111.0
1626928,stimulus_Ins_LearningMobility_3_question_3131,260.4,819.0,2108.0
1626929,stimulus_Ins_LearningMobility_3_question_3131,260.4,819.8,2108.0
1626930,stimulus_Ins_LearningMobility_3_question_3131,260.5,819.3,2108.0
1626931,stimulus_Ins_LearningMobility_3_question_3131,260.7,818.8,2107.0
1626932,stimulus_Ins_LearningMobility_3_question_3131,260.7,817.6,2112.0
1626933,stimulus_Ins_LearningMobility_3_question_3131,260.6,817.0,2116.0
1626934,stimulus_Ins_LearningMobility_3_question_3131,260.2,816.3,2120.0
1626935,stimulus_Ins_LearningMobility_3_question_3131,259.9,816.5,2118.0
1626936,stimulus_Ins_LearningMobility_3_question_3131,260.3,816.6,2115.0
1626937,stimulus_Ins_LearningMobility_3_question_3131,260.8,816.7,2113.0
1626938,stimulus_Ins_LearningMobility_3_question_3131,261.4,816.6,2113.0
1626939,stimulus_Ins_LearningMobility_3_question_3131,261.3,816.9,2113.0
1626940,stimulus_Ins_LearningMobility_3_question_3131,260.9,817.3,2112.0
1626941,stimulus_Ins_LearningMobility_3_question_3131,260.5,817.7,2111.0
1626942,stimulus_Ins_LearningMobility_3_question_3131,260.3,817.8,2111.0
1626943,stimulus_Ins_LearningMobility_3_question_3131,260.5,818.1,2111.0
1626944,stimulus_Ins_LearningMobility_3_question_3131,261.1,818.4,2111.0
1626945,stimulus_Ins_LearningMobility_3_question_3131,261.5,818.6,2109.0
1626946,stimulus_Ins_LearningMobility_3_question_3131,261.8,818.7,2106.0
1626947,stimulus_Ins_LearningMobility_3_question_3131,261.8,818.8,2104.0
1626948,stimulus_Ins_LearningMobility_3_question_3131,261.9,818.5,2104.0
1626949,stimulus_Ins_LearningMobility_3_question_3131,262.1,818.2,2104.0
1626950,stimulus_Ins_LearningMobility_3_question_3131,262.3,818.4,2105.0
1626951,stimulus_Ins_LearningMobility_3_question_3131,262.5,818.9,2106.0
1626952,stimulus_Ins_LearningMobility_3_question_3131,262.7,819.2,2106.0
1626953,stimulus_Ins_LearningMobility_3_question_3131,262.5,819.0,2107.0
1626954,stimulus_Ins_LearningMobility_3_question_3131,262.2,818.4,2106.0
1626955,stimulus_Ins_LearningMobility_3_question_3131,261.8,817.9,2106.0
1626956,stimulus_Ins_LearningMobility_3_question_3131,261.9,817.5,2106.0
1626957,stimulus_Ins_LearningMobility_3_question_3131,262.0,817.5,2106.0
1626958,stimulus_Ins_LearningMobility_3_question_3131,262.1,818.0,2107.0
1626959,stimulus_Ins_LearningMobility_3_question_3131,262.0,818.4,2105.0
1626960,stimulus_Ins_LearningMobility_3_question_3131,261.7,818.0,2104.0
1626961,stimulus_Ins_LearningMobility_3_question_3131,261.4,817.2,2101.0
1626962,stimulus_Ins_LearningMobility_3_question_3131,261.1,816.2,2100.0
1626963,stimulus_Ins_LearningMobility_3_question_3131,260.8,816.0,2099.0
1626964,stimulus_Ins_LearningMobility_3_question_3131,260.8,815.8,2098.0
1626965,stimulus_Ins_LearningMobility_3_question_3131,261.4,815.9,2096.0
1626966,stimulus_Ins_LearningMobility_3_question_3131,262.1,816.1,2094.0
1626967,stimulus_Ins_LearningMobility_3_question_3131,262.6,816.1,2094.0
1626968,stimulus_Ins_LearningMobility_3_question_3131,262.6,816.1,2096.0
1626969,stimulus_Ins_LearningMobility_3_question_3131,262.3,816.3,2095.0
1626970,stimulus_Ins_LearningMobility_3_question_3131,261.9,816.5,2093.0
1626971,stimulus_Ins_LearningMobility_3_question_3131,261.5,816.3,2091.0
1626972,stimulus_Ins_LearningMobility_3_question_3131,261.6,815.9,2091.0
1626973,stimulus_Ins_LearningMobility_3_question_3131,261.8,816.0,2091.0
1626974,stimulus_Ins_LearningMobility_3_question_3131,262.1,816.5,2092.0
1626975,stimulus_Ins_LearningMobility_3_question_3131,262.0,817.1,2093.0
1626976,stimulus_Ins_LearningMobility_3_question_3131,261.7,817.1,2094.0
1626977,stimulus_Ins_LearningMobility_3_question_3131,261.5,816.4,2094.0
1626978,stimulus_Ins_LearningMobility_3_question_3131,261.9,815.7,2094.0
1626979,stimulus_Ins_LearningMobility_3_question_3131,262.7,815.5,2094.0
1626980,stimulus_Ins_LearningMobility_3_question_3131,263.3,816.1,2095.0
1626981,stimulus_Ins_LearningMobility_3_question_3131,263.7,816.6,2097.0
1626982,stimulus_Ins_LearningMobility_3_question_3131,263.8,816.6,2100.0
1626983,stimulus_Ins_LearningMobility_3_question_3131,263.8,816.5,2101.0
1626984,stimulus_Ins_LearningMobility_3_question_3131,263.9,816.3,2102.0
1626985,stimulus_Ins_LearningMobility_3_question_3131,263.9,816.4,2102.0
1626986,stimulus_Ins_LearningMobility_3_question_3131,263.9,816.5,2103.0
1626987,stimulus_Ins_LearningMobility_3_question_3131,264.1,816.9,2103.0
1626988,stimulus_Ins_LearningMobility_3_question_3131,264.2,817.0,2100.0
1626989,stimulus_Ins_LearningMobility_3_question_3131,264.4,817.0,2098.0
1626990,stimulus_Ins_LearningMobility_3_question_3131,264.5,816.7,2096.0
1626991,stimulus_Ins_LearningMobility_3_question_3131,264.8,816.5,2096.0
1626992,stimulus_Ins_LearningMobility_3_question_3131,265.0,816.3,2097.0
1626993,stimulus_Ins_LearningMobility_3_question_3131,264.8,816.3,2097.0
1626994,stimulus_Ins_LearningMobility_3_question_3131,264.4,816.4,2098.0
1626995,stimulus_Ins_LearningMobility_3_question_3131,264.1,816.6,2099.0
1626996,stimulus_Ins_LearningMobility_3_question_3131,264.1,816.7,2099.0
1626997,stimulus_Ins_LearningMobility_3_question_3131,264.1,817.0,2098.0
1626998,stimulus_Ins_LearningMobility_3_question_3131,264.1,817.2,2098.0
1626999,stimulus_Ins_LearningMobility_3_question_3131,264.1,817.1,2098.0
1627000,stimulus_Ins_LearningMobility_3_question_3131,263.7,816.4,2098.0
1627001,stimulus_Ins_LearningMobility_3_question_3131,263.2,815.4,2098.0
1627002,stimulus_Ins_LearningMobility_3_question_3131,263.1,814.9,2098.0
1627003,stimulus_Ins_LearningMobility_3_question_3131,263.3,814.8,2098.0
1627004,stimulus_Ins_LearningMobility_3_question_3131,263.6,815.1,2098.0
1627005,stimulus_Ins_LearningMobility_3_question_3131,263.6,815.3,2098.0
1627006,stimulus_Ins_LearningMobility_3_question_3131,263.5,815.1,2098.0
1627007,stimulus_Ins_LearningMobility_3_question_3131,263.5,814.8,2098.0
1627008,stimulus_Ins_LearningMobility_3_question_3131,263.5,814.5,2096.0
1627009,stimulus_Ins_LearningMobility_3_question_3131,263.5,814.4,2095.0
1627010,stimulus_Ins_LearningMobility_3_question_3131,263.6,814.5,2093.0
1627011,stimulus_Ins_LearningMobility_3_question_3131,263.5,814.9,2094.0
1627012,stimulus_Ins_LearningMobility_3_question_3131,263.5,815.2,2094.0
1627013,stimulus_Ins_LearningMobility_3_question_3131,263.6,814.8,2093.0
1627014,stimulus_Ins_LearningMobility_3_question_3131,263.7,814.2,2093.0
1627015,stimulus_Ins_LearningMobility_3_question_3131,263.7,813.6,2092.0
1627016,stimulus_Ins_LearningMobility_3_question_3131,263.4,813.6,2092.0
1627017,stimulus_Ins_LearningMobility_3_question_3131,263.0,813.6,2093.0
1627018,stimulus_Ins_LearningMobility_3_question_3131,262.7,814.1,2092.0
1627019,stimulus_Ins_LearningMobility_3_question_3131,262.7,814.8,2092.0
1627020,stimulus_Ins_LearningMobility_3_question_3131,262.5,815.0,2092.0
1627021,stimulus_Ins_LearningMobility_3_question_3131,262.3,814.6,2088.0
1627022,stimulus_Ins_LearningMobility_3_question_3131,262.7,814.4,2085.0
1627023,stimulus_Ins_LearningMobility_3_question_3131,263.3,814.5,2084.0
1627024,stimulus_Ins_LearningMobility_3_question_3131,263.7,814.5,2087.0
1627025,stimulus_Ins_LearningMobility_3_question_3131,263.5,814.4,2090.0
1627026,stimulus_Ins_LearningMobility_3_question_3131,263.2,814.3,2089.0
1627027,stimulus_Ins_LearningMobility_3_question_3131,263.1,814.2,2088.0
1627028,stimulus_Ins_LearningMobility_3_question_3131,262.9,814.0,2086.0
1627029,stimulus_Ins_LearningMobility_3_question_3131,262.8,813.9,2086.0
1627030,stimulus_Ins_LearningMobility_3_question_3131,262.3,813.7,2086.0
1627031,stimulus_Ins_LearningMobility_3_question_3131,261.8,813.6,2086.0
1627032,stimulus_Ins_LearningMobility_3_question_3131,261.3,813.6,2086.0
1627033,stimulus_Ins_LearningMobility_3_question_3131,261.4,813.6,2086.0
1627034,stimulus_Ins_LearningMobility_3_question_3131,261.8,813.9,2086.0
1627035,stimulus_Ins_LearningMobility_3_question_3131,262.2,814.3,2088.0
1627036,stimulus_Ins_LearningMobility_3_question_3131,262.9,814.6,2089.0
1627037,stimulus_Ins_LearningMobility_3_question_3131,264.0,814.7,2087.0
1627038,stimulus_Ins_LearningMobility_3_question_3131,265.7,814.8,2084.0
1627039,stimulus_Ins_LearningMobility_3_question_3131,267.1,814.3,2082.0
1627040,stimulus_Ins_LearningMobility_3_question_3131,269.2,813.7,2081.0
1627041,stimulus_Ins_LearningMobility_3_question_3131,272.8,813.1,2081.0
1627042,stimulus_Ins_LearningMobility_3_question_3131,277.9,813.1,2080.0
1627043,stimulus_Ins_LearningMobility_3_question_3131,284.5,812.2,2083.0
1627044,stimulus_Ins_LearningMobility_3_question_3131,292.3,811.2,2087.0
1627045,stimulus_Ins_LearningMobility_3_question_3131,299.6,810.2,2086.0
1627046,stimulus_Ins_LearningMobility_3_question_3131,306.3,810.3,2082.0
1627047,stimulus_Ins_LearningMobility_3_question_3131,311.8,810.4,2079.0
1627048,stimulus_Ins_LearningMobility_3_question_3131,318.1,810.4,2078.0
1627049,stimulus_Ins_LearningMobility_3_question_3131,325.1,810.2,2077.0
1627050,stimulus_Ins_LearningMobility_3_question_3131,332.1,810.1,2076.0
1627051,stimulus_Ins_LearningMobility_3_question_3131,339.2,810.1,2076.0
1627052,stimulus_Ins_LearningMobility_3_question_3131,344.4,809.8,2076.0
1627053,stimulus_Ins_LearningMobility_3_question_3131,348.4,809.0,2075.0
1627054,stimulus_Ins_LearningMobility_3_question_3131,352.1,808.2,2074.0
1627055,stimulus_Ins_LearningMobility_3_question_3131,354.6,807.8,2071.0
1627056,stimulus_Ins_LearningMobility_3_question_3131,356.3,807.9,2068.0
1627057,stimulus_Ins_LearningMobility_3_question_3131,357.3,808.1,2063.0
1627058,stimulus_Ins_LearningMobility_3_question_3131,358.7,807.8,2060.0
1627059,stimulus_Ins_LearningMobility_3_question_3131,360.3,807.5,2059.0
1627060,stimulus_Ins_LearningMobility_3_question_3131,362.2,807.5,2057.0
1627061,stimulus_Ins_LearningMobility_3_question_3131,364.8,808.5,2055.0
1627062,stimulus_Ins_LearningMobility_3_question_3131,367.9,809.4,2053.0
1627063,stimulus_Ins_LearningMobility_3_question_3131,370.0,808.8,2052.0
1627064,stimulus_Ins_LearningMobility_3_question_3131,371.6,807.4,2051.0
1627065,stimulus_Ins_LearningMobility_3_question_3131,372.6,806.1,2048.0
1627066,stimulus_Ins_LearningMobility_3_question_3131,374.0,806.2,2046.0
1627067,stimulus_Ins_LearningMobility_3_question_3131,374.7,806.5,2044.0
1627068,stimulus_Ins_LearningMobility_3_question_3131,375.6,806.8,2043.0
1627069,stimulus_Ins_LearningMobility_3_question_3131,376.4,807.2,2041.0
1627070,stimulus_Ins_LearningMobility_3_question_3131,376.9,807.3,2040.0
1627071,stimulus_Ins_LearningMobility_3_question_3131,377.2,807.6,2040.0
1627072,stimulus_Ins_LearningMobility_3_question_3131,377.7,807.8,2040.0
1627073,stimulus_Ins_LearningMobility_3_question_3131,378.3,808.0,2039.0
1627074,stimulus_Ins_LearningMobility_3_question_3131,378.8,807.9,2039.0
1627075,stimulus_Ins_LearningMobility_3_question_3131,378.9,807.8,2039.0
1627076,stimulus_Ins_LearningMobility_3_question_3131,379.0,807.8,2039.0
1627077,stimulus_Ins_LearningMobility_3_question_3131,379.0,807.9,2039.0
1627078,stimulus_Ins_LearningMobility_3_question_3131,378.8,807.9,2038.0
1627079,stimulus_Ins_LearningMobility_3_question_3131,378.5,808.2,2038.0
1627080,stimulus_Ins_LearningMobility_3_question_3131,378.3,808.5,2037.0
1627081,stimulus_Ins_LearningMobility_3_question_3131,378.6,809.0,2037.0
1627082,stimulus_Ins_LearningMobility_3_question_3131,379.1,809.3,2036.0
1627083,stimulus_Ins_LearningMobility_3_question_3131,379.7,809.5,2036.0
1627084,stimulus_Ins_LearningMobility_3_question_3131,379.7,809.1,2038.0
1627085,stimulus_Ins_LearningMobility_3_question_3131,379.2,808.7,2040.0
1627086,stimulus_Ins_LearningMobility_3_question_3131,378.8,808.2,2042.0
1627087,stimulus_Ins_LearningMobility_3_question_3131,378.6,808.6,2042.0
1627088,stimulus_Ins_LearningMobility_3_question_3131,378.6,809.5,2042.0
1627089,stimulus_Ins_LearningMobility_3_question_3131,378.6,810.4,2042.0
1627090,stimulus_Ins_LearningMobility_3_question_3131,378.4,810.7,2039.0
1627091,stimulus_Ins_LearningMobility_3_question_3131,378.0,810.3,2037.0
1627092,stimulus_Ins_LearningMobility_3_question_3131,377.6,809.8,2035.0
1627093,stimulus_Ins_LearningMobility_3_question_3131,377.3,809.2,2035.0
1627094,stimulus_Ins_LearningMobility_3_question_3131,377.3,808.6,2036.0
1627095,stimulus_Ins_LearningMobility_3_question_3131,377.7,808.0,2037.0
1627096,stimulus_Ins_LearningMobility_3_question_3131,378.1,807.6,2037.0
1627097,stimulus_Ins_LearningMobility_3_question_3131,378.9,807.4,2036.0
1627098,stimulus_Ins_LearningMobility_3_question_3131,379.2,807.5,2036.0
1627099,stimulus_Ins_LearningMobility_3_question_3131,379.6,807.6,2035.0
1627100,stimulus_Ins_LearningMobility_3_question_3131,379.7,807.7,2034.0
1627101,stimulus_Ins_LearningMobility_3_question_3131,379.4,806.8,2033.0
1627102,stimulus_Ins_LearningMobility_3_question_3131,379.1,805.9,2033.0
1627103,stimulus_Ins_LearningMobility_3_question_3131,379.0,805.0,2034.0
1627104,stimulus_Ins_LearningMobility_3_question_3131,379.1,805.2,2034.0
1627105,stimulus_Ins_LearningMobility_3_question_3131,379.2,805.3,2033.0
1627106,stimulus_Ins_LearningMobility_3_question_3131,379.4,805.4,2032.0
1627107,stimulus_Ins_LearningMobility_3_question_3131,379.6,805.6,2032.0
1627108,stimulus_Ins_LearningMobility_3_question_3131,379.3,805.9,2030.0
1627109,stimulus_Ins_LearningMobility_3_question_3131,379.0,806.2,2028.0
1627110,stimulus_Ins_LearningMobility_3_question_3131,378.8,806.1,2027.0
1627111,stimulus_Ins_LearningMobility_3_question_3131,378.9,805.9,2028.0
1627112,stimulus_Ins_LearningMobility_3_question_3131,379.0,805.9,2030.0
1627113,stimulus_Ins_LearningMobility_3_question_3131,379.4,806.0,2031.0
1627114,stimulus_Ins_LearningMobility_3_question_3131,379.9,806.3,2033.0
1627115,stimulus_Ins_LearningMobility_3_question_3131,380.4,805.7,2033.0
1627116,stimulus_Ins_LearningMobility_3_question_3131,380.6,805.0,2031.0
1627117,stimulus_Ins_LearningMobility_3_question_3131,380.1,804.4,2029.0
1627118,stimulus_Ins_LearningMobility_3_question_3131,379.5,804.5,2027.0
1627119,stimulus_Ins_LearningMobility_3_question_3131,379.0,804.8,2027.0
1627120,stimulus_Ins_LearningMobility_3_question_3131,379.2,805.2,2027.0
1627121,stimulus_Ins_LearningMobility_3_question_3131,379.4,805.6,2026.0
1627122,stimulus_Ins_LearningMobility_3_question_3131,379.5,805.9,2026.0
1627123,stimulus_Ins_LearningMobility_3_question_3131,379.6,806.2,2025.0
1627124,stimulus_Ins_LearningMobility_3_question_3131,379.5,805.1,2025.0
1627125,stimulus_Ins_LearningMobility_3_question_3131,379.3,803.7,2024.0
1627126,stimulus_Ins_LearningMobility_3_question_3131,379.2,803.2,2023.0
1627127,stimulus_Ins_LearningMobility_3_question_3131,379.2,804.2,2023.0
1627128,stimulus_Ins_LearningMobility_3_question_3131,379.1,805.2,2023.0
1627129,stimulus_Ins_LearningMobility_3_question_3131,379.0,805.2,2024.0
1627130,stimulus_Ins_LearningMobility_3_question_3131,378.9,805.1,2024.0
1627131,stimulus_Ins_LearningMobility_3_question_3131,378.9,805.0,2024.0
1627132,stimulus_Ins_LearningMobility_3_question_3131,379.0,805.0,2024.0
1627133,stimulus_Ins_LearningMobility_3_question_3131,379.3,805.0,2023.0
1627134,stimulus_Ins_LearningMobility_3_question_3131,379.5,804.9,2023.0
1627135,stimulus_Ins_LearningMobility_3_question_3131,379.4,804.9,2023.0
1627136,stimulus_Ins_LearningMobility_3_question_3131,379.0,804.8,2023.0
1627137,stimulus_Ins_LearningMobility_3_question_3131,378.5,804.7,2023.0
1627138,stimulus_Ins_LearningMobility_3_question_3131,378.3,804.5,2024.0
1627139,stimulus_Ins_LearningMobility_3_question_3131,378.3,803.5,2025.0
1627140,stimulus_Ins_LearningMobility_3_question_3131,378.3,802.6,2025.0
1627141,stimulus_Ins_LearningMobility_3_question_3131,378.2,801.7,2023.0
1627142,stimulus_Ins_LearningMobility_3_question_3131,377.7,801.5,2020.0
1627143,stimulus_Ins_LearningMobility_3_question_3131,377.2,801.1,2017.0
1627144,stimulus_Ins_LearningMobility_3_question_3131,376.8,800.5,2018.0
1627145,stimulus_Ins_LearningMobility_3_question_3131,376.8,799.9,2020.0
1627146,stimulus_Ins_LearningMobility_3_question_3131,376.9,799.5,2020.0
1627147,stimulus_Ins_LearningMobility_3_question_3131,376.8,799.3,2016.0
1627148,stimulus_Ins_LearningMobility_3_question_3131,376.5,799.1,2011.0
1627149,stimulus_Ins_LearningMobility_3_question_3131,376.5,798.9,2009.0
1627150,stimulus_Ins_LearningMobility_3_question_3131,376.6,798.9,2009.0
1627151,stimulus_Ins_LearningMobility_3_question_3131,376.9,799.1,2010.0
1627152,stimulus_Ins_LearningMobility_3_question_3131,377.3,799.1,2012.0
1627153,stimulus_Ins_LearningMobility_3_question_3131,377.5,798.5,2016.0
1627154,stimulus_Ins_LearningMobility_3_question_3131,377.7,797.8,2019.0
1627155,stimulus_Ins_LearningMobility_3_question_3131,377.5,797.4,2019.0
1627156,stimulus_Ins_LearningMobility_3_question_3131,377.3,797.3,2017.0
1627157,stimulus_Ins_LearningMobility_3_question_3131,377.3,797.3,2014.0
1627158,stimulus_Ins_LearningMobility_3_question_3131,377.2,797.3,2014.0
1627159,stimulus_Ins_LearningMobility_3_question_3131,377.2,797.2,2014.0
1627160,stimulus_Ins_LearningMobility_3_question_3131,377.2,797.2,2013.0
1627161,stimulus_Ins_LearningMobility_3_question_3131,377.2,797.2,2011.0
1627162,stimulus_Ins_LearningMobility_3_question_3131,377.2,797.3,2009.0
1627163,stimulus_Ins_LearningMobility_3_question_3131,377.5,797.3,2008.0
1627164,stimulus_Ins_LearningMobility_3_question_3131,378.1,797.4,2009.0
1627165,stimulus_Ins_LearningMobility_3_question_3131,378.7,798.2,2010.0
1627166,stimulus_Ins_LearningMobility_3_question_3131,379.0,799.0,2010.0
1627167,stimulus_Ins_LearningMobility_3_question_3131,378.9,799.9,2009.0
1627168,stimulus_Ins_LearningMobility_3_question_3131,378.8,799.7,2008.0
1627169,stimulus_Ins_LearningMobility_3_question_3131,378.6,799.4,2004.0
1627170,stimulus_Ins_LearningMobility_3_question_3131,378.4,799.2,2002.0
1627171,stimulus_Ins_LearningMobility_3_question_3131,378.7,799.5,2002.0
1627172,stimulus_Ins_LearningMobility_3_question_3131,379.0,799.9,2004.0
1627173,stimulus_Ins_LearningMobility_3_question_3131,379.4,800.3,2005.0
1627174,stimulus_Ins_LearningMobility_3_question_3131,379.6,800.1,2003.0
1627175,stimulus_Ins_LearningMobility_3_question_3131,379.1,799.7,2003.0
1627176,stimulus_Ins_LearningMobility_3_question_3131,378.4,799.0,2004.0
1627177,stimulus_Ins_LearningMobility_3_question_3131,377.8,798.4,2005.0
1627178,stimulus_Ins_LearningMobility_3_question_3131,377.4,798.1,2005.0
1627179,stimulus_Ins_LearningMobility_3_question_3131,377.1,798.3,2003.0
1627180,stimulus_Ins_LearningMobility_3_question_3131,376.9,798.6,1999.0
1627181,stimulus_Ins_LearningMobility_3_question_3131,377.0,798.7,1996.0
1627182,stimulus_Ins_LearningMobility_3_question_3131,377.1,799.0,1995.0
1627183,stimulus_Ins_LearningMobility_3_question_3131,376.9,799.2,1995.0
1627184,stimulus_Ins_LearningMobility_3_question_3131,376.6,799.3,1996.0
1627185,stimulus_Ins_LearningMobility_3_question_3131,376.4,798.4,1998.0
1627186,stimulus_Ins_LearningMobility_3_question_3131,376.7,797.6,2000.0
1627187,stimulus_Ins_LearningMobility_3_question_3131,377.0,797.1,2001.0
1627188,stimulus_Ins_LearningMobility_3_question_3131,377.3,797.3,2000.0
1627189,stimulus_Ins_LearningMobility_3_question_3131,377.3,797.5,1999.0
1627190,stimulus_Ins_LearningMobility_3_question_3131,377.3,797.5,1999.0
1627191,stimulus_Ins_LearningMobility_3_question_3131,376.8,796.7,1999.0
1627192,stimulus_Ins_LearningMobility_3_question_3131,376.2,795.9,1999.0
1627193,stimulus_Ins_LearningMobility_3_question_3131,375.6,795.1,1999.0
1627194,stimulus_Ins_LearningMobility_3_question_3131,375.5,795.1,1998.0
1627195,stimulus_Ins_LearningMobility_3_question_3131,375.7,795.0,1998.0
1627196,stimulus_Ins_LearningMobility_3_question_3131,376.1,795.2,1998.0
1627197,stimulus_Ins_LearningMobility_3_question_3131,376.4,795.3,1997.0
1627198,stimulus_Ins_LearningMobility_3_question_3131,376.4,795.6,1996.0
1627199,stimulus_Ins_LearningMobility_3_question_3131,376.5,795.7,1995.0
1627200,stimulus_Ins_LearningMobility_3_question_3131,376.8,795.7,1995.0
1627201,stimulus_Ins_LearningMobility_3_question_3131,377.0,796.2,1996.0
1627202,stimulus_Ins_LearningMobility_3_question_3131,377.1,796.6,1996.0
1627203,stimulus_Ins_LearningMobility_3_question_3131,376.6,797.1,1997.0
1627204,stimulus_Ins_LearningMobility_3_question_3131,376.2,796.2,1996.0
1627205,stimulus_Ins_LearningMobility_3_question_3131,375.7,795.4,1996.0
1627206,stimulus_Ins_LearningMobility_3_question_3131,375.7,794.3,1996.0
1627207,stimulus_Ins_LearningMobility_3_question_3131,376.4,794.0,1998.0
1627208,stimulus_Ins_LearningMobility_3_question_3131,377.0,793.7,1999.0
1627209,stimulus_Ins_LearningMobility_3_question_3131,377.1,793.5,1998.0
1627210,stimulus_Ins_LearningMobility_3_question_3131,376.5,793.3,1997.0
1627211,stimulus_Ins_LearningMobility_3_question_3131,375.9,793.0,1996.0
1627212,stimulus_Ins_LearningMobility_3_question_3131,375.9,792.7,1993.0
1627213,stimulus_Ins_LearningMobility_3_question_3131,375.9,792.4,1990.0
1627214,stimulus_Ins_LearningMobility_3_question_3131,375.6,792.3,1989.0
1627215,stimulus_Ins_LearningMobility_3_question_3131,375.2,792.4,1991.0
1627216,stimulus_Ins_LearningMobility_3_question_3131,374.9,792.7,1993.0
1627217,stimulus_Ins_LearningMobility_3_question_3131,374.8,792.9,1991.0
1627218,stimulus_Ins_LearningMobility_3_question_3131,374.7,793.1,1987.0
1627219,stimulus_Ins_LearningMobility_3_question_3131,374.7,793.8,1984.0
1627220,stimulus_Ins_LearningMobility_3_question_3131,374.7,794.4,1983.0
1627221,stimulus_Ins_LearningMobility_3_question_3131,374.7,795.1,1983.0
1627222,stimulus_Ins_LearningMobility_3_question_3131,374.7,795.0,1984.0
1627223,stimulus_Ins_LearningMobility_3_question_3131,374.6,795.0,1984.0
1627224,stimulus_Ins_LearningMobility_3_question_3131,375.1,795.4,1984.0
1627225,stimulus_Ins_LearningMobility_3_question_3131,375.5,795.7,1983.0
1627226,stimulus_Ins_LearningMobility_3_question_3131,376.0,796.0,1981.0
1627227,stimulus_Ins_LearningMobility_3_question_3131,376.3,795.9,1979.0
1627228,stimulus_Ins_LearningMobility_3_question_3131,376.8,795.8,1978.0
1627229,stimulus_Ins_LearningMobility_3_question_3131,377.1,796.0,1978.0
1627230,stimulus_Ins_LearningMobility_3_question_3131,377.1,796.3,1976.0
1627231,stimulus_Ins_LearningMobility_3_question_3131,377.1,796.6,1974.0
1627232,stimulus_Ins_LearningMobility_3_question_3131,377.0,796.6,1974.0
1627233,stimulus_Ins_LearningMobility_3_question_3131,376.8,796.4,1976.0
1627234,stimulus_Ins_LearningMobility_3_question_3131,376.3,795.8,1979.0
1627235,stimulus_Ins_LearningMobility_3_question_3131,375.9,795.1,1980.0
1627236,stimulus_Ins_LearningMobility_3_question_3131,375.6,794.5,1980.0
1627237,stimulus_Ins_LearningMobility_3_question_3131,375.5,795.3,1977.0
1627238,stimulus_Ins_LearningMobility_3_question_3131,375.4,796.1,1974.0
1627239,stimulus_Ins_LearningMobility_3_question_3131,375.8,797.0,1971.0
1627240,stimulus_Ins_LearningMobility_3_question_3131,376.2,797.1,1971.0
1627241,stimulus_Ins_LearningMobility_3_question_3131,376.5,797.3,1969.0
1627242,stimulus_Ins_LearningMobility_3_question_3131,376.3,796.8,1968.0
1627243,stimulus_Ins_LearningMobility_3_question_3131,376.1,796.1,1967.0
1627244,stimulus_Ins_LearningMobility_3_question_3131,376.0,796.3,1967.0
1627245,stimulus_Ins_LearningMobility_3_question_3131,375.7,797.1,1966.0
1627246,stimulus_Ins_LearningMobility_3_question_3131,375.5,797.1,1966.0
1627247,stimulus_Ins_LearningMobility_3_question_3131,375.6,796.4,1966.0
1627248,stimulus_Ins_LearningMobility_3_question_3131,375.7,795.6,1964.0
1627249,stimulus_Ins_LearningMobility_3_question_3131,375.7,795.2,1962.0
1627250,stimulus_Ins_LearningMobility_3_question_3131,375.3,794.8,1960.0
1627251,stimulus_Ins_LearningMobility_3_question_3131,375.0,794.3,1960.0
1627252,stimulus_Ins_LearningMobility_3_question_3131,375.0,794.3,1960.0
1627253,stimulus_Ins_LearningMobility_3_question_3131,375.1,794.3,1959.0
1627254,stimulus_Ins_LearningMobility_3_question_3131,375.2,793.8,1961.0
1627255,stimulus_Ins_LearningMobility_3_question_3131,375.2,793.4,1963.0
1627256,stimulus_Ins_LearningMobility_3_question_3131,375.5,793.0,1965.0
1627257,stimulus_Ins_LearningMobility_3_question_3131,375.6,793.1,1965.0
1627258,stimulus_Ins_LearningMobility_3_question_3131,375.8,793.1,1963.0
1627259,stimulus_Ins_LearningMobility_3_question_3131,375.8,792.9,1962.0
1627260,stimulus_Ins_LearningMobility_3_question_3131,376.1,792.3,1960.0
1627261,stimulus_Ins_LearningMobility_3_question_3131,376.7,791.7,1958.0
1627262,stimulus_Ins_LearningMobility_3_question_3131,377.2,791.6,1956.0
1627263,stimulus_Ins_LearningMobility_3_question_3131,377.6,791.9,1955.0
1627264,stimulus_Ins_LearningMobility_3_question_3131,377.7,792.2,1955.0
1627265,stimulus_Ins_LearningMobility_3_question_3131,377.7,792.1,1955.0
1627266,stimulus_Ins_LearningMobility_3_question_3131,377.9,792.5,1955.0
1627267,stimulus_Ins_LearningMobility_3_question_3131,378.0,792.9,1954.0
1627268,stimulus_Ins_LearningMobility_3_question_3131,378.4,793.4,1954.0
1627269,stimulus_Ins_LearningMobility_3_question_3131,378.7,793.6,1953.0
1627270,stimulus_Ins_LearningMobility_3_question_3131,378.9,793.6,1952.0
1627271,stimulus_Ins_LearningMobility_3_question_3131,378.9,793.4,1954.0
1627272,stimulus_Ins_LearningMobility_3_question_3131,378.8,793.0,1956.0
1627273,stimulus_Ins_LearningMobility_3_question_3131,378.7,792.6,1958.0
1627274,stimulus_Ins_LearningMobility_3_question_3131,378.6,792.4,1958.0
1627275,stimulus_Ins_LearningMobility_3_question_3131,378.6,792.2,1959.0
1627276,stimulus_Ins_LearningMobility_3_question_3131,378.7,792.2,1960.0
1627277,stimulus_Ins_LearningMobility_3_question_3131,378.7,792.9,1957.0
1627278,stimulus_Ins_LearningMobility_3_question_3131,378.8,793.8,1953.0
1627279,stimulus_Ins_LearningMobility_3_question_3131,378.8,794.7,1949.0
1627280,stimulus_Ins_LearningMobility_3_question_3131,378.7,794.7,1947.0
1627281,stimulus_Ins_LearningMobility_3_question_3131,378.5,793.9,1947.0
1627282,stimulus_Ins_LearningMobility_3_question_3131,378.3,793.3,1948.0
1627283,stimulus_Ins_LearningMobility_3_question_3131,378.3,792.9,1952.0
1627284,stimulus_Ins_LearningMobility_3_question_3131,378.5,793.3,1955.0
1627285,stimulus_Ins_LearningMobility_3_question_3131,379.0,793.9,1957.0
1627286,stimulus_Ins_LearningMobility_3_question_3131,379.5,794.5,1956.0
1627287,stimulus_Ins_LearningMobility_3_question_3131,380.0,795.0,1955.0
1627288,stimulus_Ins_LearningMobility_3_question_3131,379.4,795.1,1953.0
1627289,stimulus_Ins_LearningMobility_3_question_3131,378.8,795.1,1948.0
1627290,stimulus_Ins_LearningMobility_3_question_3131,377.9,795.1,1944.0
1627291,stimulus_Ins_LearningMobility_3_question_3131,377.5,795.2,1944.0
1627292,stimulus_Ins_LearningMobility_3_question_3131,377.1,795.0,1945.0
1627293,stimulus_Ins_LearningMobility_3_question_3131,377.2,795.1,1947.0
1627294,stimulus_Ins_LearningMobility_3_question_3131,377.6,795.3,1946.0
1627295,stimulus_Ins_LearningMobility_3_question_3131,377.9,795.7,1944.0
1627296,stimulus_Ins_LearningMobility_3_question_3131,377.9,795.1,1943.0
1627297,stimulus_Ins_LearningMobility_3_question_3131,377.5,794.1,1944.0
1627298,stimulus_Ins_LearningMobility_3_question_3131,377.2,793.0,1944.0
1627299,stimulus_Ins_LearningMobility_3_question_3131,377.0,792.7,1944.0
1627300,stimulus_Ins_LearningMobility_3_question_3131,376.7,792.4,1944.0
1627301,stimulus_Ins_LearningMobility_3_question_3131,376.4,791.7,1944.0
1627302,stimulus_Ins_LearningMobility_3_question_3131,376.2,791.0,1943.0
1627303,stimulus_Ins_LearningMobility_3_question_3131,376.1,789.8,1941.0
1627304,stimulus_Ins_LearningMobility_3_question_3131,376.1,789.3,1939.0
1627305,stimulus_Ins_LearningMobility_3_question_3131,376.4,789.5,1939.0
1627306,stimulus_Ins_LearningMobility_3_question_3131,376.6,790.2,1940.0
1627307,stimulus_Ins_LearningMobility_3_question_3131,376.8,790.4,1942.0
1627308,stimulus_Ins_LearningMobility_3_question_3131,376.8,790.0,1944.0
1627309,stimulus_Ins_LearningMobility_3_question_3131,376.9,789.5,1945.0
1627310,stimulus_Ins_LearningMobility_3_question_3131,377.1,789.4,1943.0
1627311,stimulus_Ins_LearningMobility_3_question_3131,377.4,789.3,1942.0
1627312,stimulus_Ins_LearningMobility_3_question_3131,377.3,789.2,1940.0
1627313,stimulus_Ins_LearningMobility_3_question_3131,377.2,789.1,1941.0
1627314,stimulus_Ins_LearningMobility_3_question_3131,377.0,788.7,1942.0
1627315,stimulus_Ins_LearningMobility_3_question_3131,376.9,788.3,1943.0
1627316,stimulus_Ins_LearningMobility_3_question_3131,376.8,788.0,1944.0
1627317,stimulus_Ins_LearningMobility_3_question_3131,376.6,787.7,1943.0
1627318,stimulus_Ins_LearningMobility_3_question_3131,376.5,787.5,1942.0
1627319,stimulus_Ins_LearningMobility_3_question_3131,376.4,787.0,1941.0
1627320,stimulus_Ins_LearningMobility_3_question_3131,376.1,787.0,1941.0
1627321,stimulus_Ins_LearningMobility_3_question_3131,375.9,787.0,1940.0
1627322,stimulus_Ins_LearningMobility_3_question_3131,375.7,787.1,1940.0
1627323,stimulus_Ins_LearningMobility_3_question_3131,375.5,786.4,1940.0
1627324,stimulus_Ins_LearningMobility_3_question_3131,375.3,785.0,1943.0
1627325,stimulus_Ins_LearningMobility_3_question_3131,375.2,783.7,1945.0
1627326,stimulus_Ins_LearningMobility_3_question_3131,375.4,783.2,1947.0
1627327,stimulus_Ins_LearningMobility_3_question_3131,375.3,783.4,1946.0
1627328,stimulus_Ins_LearningMobility_3_question_3131,375.1,783.5,1945.0
1627329,stimulus_Ins_LearningMobility_3_question_3131,374.9,783.5,1945.0
1627330,stimulus_Ins_LearningMobility_3_question_3131,374.9,783.2,1945.0
1627331,stimulus_Ins_LearningMobility_3_question_3131,375.0,783.0,1945.0
1627332,stimulus_Ins_LearningMobility_3_question_3131,375.0,783.0,1944.0
1627333,stimulus_Ins_LearningMobility_3_question_3131,375.0,783.1,1942.0
1627334,stimulus_Ins_LearningMobility_3_question_3131,374.8,782.9,1941.0
1627335,stimulus_Ins_LearningMobility_3_question_3131,374.6,782.1,1942.0
1627336,stimulus_Ins_LearningMobility_3_question_3131,374.4,781.1,1943.0
1627337,stimulus_Ins_LearningMobility_3_question_3131,373.9,780.6,1942.0
1627338,stimulus_Ins_LearningMobility_3_question_3131,373.5,780.6,1938.0
1627339,stimulus_Ins_LearningMobility_3_question_3131,373.2,780.9,1935.0
1627340,stimulus_Ins_LearningMobility_3_question_3131,373.3,781.2,1933.0
1627341,stimulus_Ins_LearningMobility_3_question_3131,372.7,781.3,1932.0
1627342,stimulus_Ins_LearningMobility_3_question_3131,372.0,781.1,1931.0
1627343,stimulus_Ins_LearningMobility_3_question_3131,372.7,780.7,1934.0
1627344,stimulus_Ins_LearningMobility_3_question_3131,374.0,780.4,1938.0
1627345,stimulus_Ins_LearningMobility_3_question_3131,375.4,780.4,1941.0
1627346,stimulus_Ins_LearningMobility_3_question_3131,375.4,780.5,1940.0
1627347,stimulus_Ins_LearningMobility_3_question_3131,375.5,780.6,1938.0
1627348,stimulus_Ins_LearningMobility_3_question_3131,375.7,780.7,1936.0
1627349,stimulus_Ins_LearningMobility_3_question_3131,375.9,781.1,1935.0
1627350,stimulus_Ins_LearningMobility_3_question_3131,375.9,781.5,1933.0
1627351,stimulus_Ins_LearningMobility_3_question_3131,376.3,781.8,1933.0
1627352,stimulus_Ins_LearningMobility_3_question_3131,376.6,781.7,1932.0
1627353,stimulus_Ins_LearningMobility_3_question_3131,377.1,781.7,1932.0
1627354,stimulus_Ins_LearningMobility_3_question_3131,377.7,781.7,1936.0
1627355,stimulus_Ins_LearningMobility_3_question_3131,378.4,781.7,1940.0
1627356,stimulus_Ins_LearningMobility_3_question_3131,378.8,782.0,1944.0
1627357,stimulus_Ins_LearningMobility_3_question_3131,378.5,783.1,1944.0
1627358,stimulus_Ins_LearningMobility_3_question_3131,378.0,784.3,1942.0
1627359,stimulus_Ins_LearningMobility_3_question_3131,377.3,784.6,1939.0
1627360,stimulus_Ins_LearningMobility_3_question_3131,375.5,784.1,1937.0
1627361,stimulus_Ins_LearningMobility_3_question_3131,372.3,781.9,1935.0
1627362,stimulus_Ins_LearningMobility_3_question_3131,368.3,780.2,1934.0
1627363,stimulus_Ins_LearningMobility_3_question_3131,365.5,777.3,1933.0
1627364,stimulus_Ins_LearningMobility_3_question_3131,363.2,775.2,1931.0
1627365,stimulus_Ins_LearningMobility_3_question_3131,361.4,771.9,1931.0
1627366,stimulus_Ins_LearningMobility_3_question_3131,358.7,769.6,1928.0
1627367,stimulus_Ins_LearningMobility_3_question_3131,356.4,766.2,1927.0
1627368,stimulus_Ins_LearningMobility_3_question_3131,353.5,762.8,1926.0
1627369,stimulus_Ins_LearningMobility_3_question_3131,350.4,757.6,1922.0
1627370,stimulus_Ins_LearningMobility_3_question_3131,347.7,753.4,1916.0
1627371,stimulus_Ins_LearningMobility_3_question_3131,346.3,749.7,1910.0
1627372,stimulus_Ins_LearningMobility_3_question_3131,346.3,746.5,1909.0
1627373,stimulus_Ins_LearningMobility_3_question_3131,346.3,743.9,1908.0
1627374,stimulus_Ins_LearningMobility_3_question_3131,346.3,741.2,1908.0
1627375,stimulus_Ins_LearningMobility_3_question_3131,346.2,738.4,1907.0
1627376,stimulus_Ins_LearningMobility_3_question_3131,346.2,735.5,1903.0
1627377,stimulus_Ins_LearningMobility_3_question_3131,346.0,730.9,1898.0
1627378,stimulus_Ins_LearningMobility_3_question_3131,345.5,726.6,1896.0
1627379,stimulus_Ins_LearningMobility_3_question_3131,343.9,721.4,1899.0
1627380,stimulus_Ins_LearningMobility_3_question_3131,341.6,717.6,1901.0
1627381,stimulus_Ins_LearningMobility_3_question_3131,339.2,714.1,1899.0
1627382,stimulus_Ins_LearningMobility_3_question_3131,335.3,710.0,1896.0
1627383,stimulus_Ins_LearningMobility_3_question_3131,330.8,704.3,1894.0
1627384,stimulus_Ins_LearningMobility_3_question_3131,325.2,698.8,1893.0
1627385,stimulus_Ins_LearningMobility_3_question_3131,321.0,693.2,1892.0
1627386,stimulus_Ins_LearningMobility_3_question_3131,317.5,690.2,1893.0
1627387,stimulus_Ins_LearningMobility_3_question_3131,314.5,687.5,1894.0
1627388,stimulus_Ins_LearningMobility_3_question_3131,312.6,685.0,1894.0
1627389,stimulus_Ins_LearningMobility_3_question_3131,310.7,681.5,1892.0
1627390,stimulus_Ins_LearningMobility_3_question_3131,309.7,678.0,1888.0
1627391,stimulus_Ins_LearningMobility_3_question_3131,308.0,676.3,1886.0
1627392,stimulus_Ins_LearningMobility_3_question_3131,306.7,673.9,1884.0
1627393,stimulus_Ins_LearningMobility_3_question_3131,304.2,671.1,1885.0
1627394,stimulus_Ins_LearningMobility_3_question_3131,302.1,666.3,1889.0
1627395,stimulus_Ins_LearningMobility_3_question_3131,299.6,661.2,1892.0
1627396,stimulus_Ins_LearningMobility_3_question_3131,298.0,655.6,1895.0
1627397,stimulus_Ins_LearningMobility_3_question_3131,296.7,649.9,1894.0
1627398,stimulus_Ins_LearningMobility_3_question_3131,295.5,643.3,1888.0
1627399,stimulus_Ins_LearningMobility_3_question_3131,293.6,635.4,1882.0
1627400,stimulus_Ins_LearningMobility_3_question_3131,291.9,626.5,1877.0
1627401,stimulus_Ins_LearningMobility_3_question_3131,291.2,619.2,1877.0
1627402,stimulus_Ins_LearningMobility_3_question_3131,290.0,612.7,1876.0
1627403,stimulus_Ins_LearningMobility_3_question_3131,287.5,606.3,1877.0
1627404,stimulus_Ins_LearningMobility_3_question_3131,283.7,598.1,1879.0
1627405,stimulus_Ins_LearningMobility_3_question_3131,281.1,588.9,1881.0
1627406,stimulus_Ins_LearningMobility_3_question_3131,279.9,580.2,1882.0
1627407,stimulus_Ins_LearningMobility_3_question_3131,280.1,573.3,1882.0
1627408,stimulus_Ins_LearningMobility_3_question_3131,279.8,566.6,1882.0
1627409,stimulus_Ins_LearningMobility_3_question_3131,279.2,560.3,1882.0
1627410,stimulus_Ins_LearningMobility_3_question_3131,277.9,553.2,1883.0
1627411,stimulus_Ins_LearningMobility_3_question_3131,277.0,546.7,1884.0
1627412,stimulus_Ins_LearningMobility_3_question_3131,276.5,540.3,1887.0
1627413,stimulus_Ins_LearningMobility_3_question_3131,276.1,535.3,1890.0
1627414,stimulus_Ins_LearningMobility_3_question_3131,275.6,531.6,1893.0
1627415,stimulus_Ins_LearningMobility_3_question_3131,274.5,530.1,1893.0
1627416,stimulus_Ins_LearningMobility_3_question_3131,273.3,529.5,1893.0
1627417,stimulus_Ins_LearningMobility_3_question_3131,272.1,528.7,1897.0
1627418,stimulus_Ins_LearningMobility_3_question_3131,270.7,526.2,1901.0
1627419,stimulus_Ins_LearningMobility_3_question_3131,269.9,522.4,1905.0
1627420,stimulus_Ins_LearningMobility_3_question_3131,269.5,519.4,1910.0
1627421,stimulus_Ins_LearningMobility_3_question_3131,269.8,516.2,1914.0
1627422,stimulus_Ins_LearningMobility_3_question_3131,270.1,512.5,1919.0
1627423,stimulus_Ins_LearningMobility_3_question_3131,270.7,507.1,1925.0
1627424,stimulus_Ins_LearningMobility_3_question_3131,271.5,502.3,1932.0
1627425,stimulus_Ins_LearningMobility_3_question_3131,272.0,498.5,1937.0
1627426,stimulus_Ins_LearningMobility_3_question_3131,272.5,495.7,1938.0
1627427,stimulus_Ins_LearningMobility_3_question_3131,272.6,492.4,1938.0
1627428,stimulus_Ins_LearningMobility_3_question_3131,272.8,489.9,1937.0
1627429,stimulus_Ins_LearningMobility_3_question_3131,272.9,487.1,1938.0
1627430,stimulus_Ins_LearningMobility_3_question_3131,273.0,485.4,1940.0
1627431,stimulus_Ins_LearningMobility_3_question_3131,273.4,483.3,1945.0
1627432,stimulus_Ins_LearningMobility_3_question_3131,273.5,482.3,1951.0
1627433,stimulus_Ins_LearningMobility_3_question_3131,273.7,481.9,1957.0
1627434,stimulus_Ins_LearningMobility_3_question_3131,273.6,481.9,1960.0
1627435,stimulus_Ins_LearningMobility_3_question_3131,273.7,482.0,1961.0
1627436,stimulus_Ins_LearningMobility_3_question_3131,273.7,482.1,1962.0
1627437,stimulus_Ins_LearningMobility_3_question_3131,273.8,483.1,1962.0
1627438,stimulus_Ins_LearningMobility_3_question_3131,273.7,484.1,1962.0
1627439,stimulus_Ins_LearningMobility_3_question_3131,273.7,484.6,1962.0
1627440,stimulus_Ins_LearningMobility_3_question_3131,273.8,483.6,1961.0
1627441,stimulus_Ins_LearningMobility_3_question_3131,274.0,482.5,1961.0
1627442,stimulus_Ins_LearningMobility_3_question_3131,273.9,482.1,1959.0
1627443,stimulus_Ins_LearningMobility_3_question_3131,273.2,482.5,1958.0
1627444,stimulus_Ins_LearningMobility_3_question_3131,272.6,482.8,1958.0
1627445,stimulus_Ins_LearningMobility_3_question_3131,272.3,482.7,1958.0
1627446,stimulus_Ins_LearningMobility_3_question_3131,272.4,483.2,1956.0
1627447,stimulus_Ins_LearningMobility_3_question_3131,272.4,484.8,1953.0
1627448,stimulus_Ins_LearningMobility_3_question_3131,272.4,486.8,1950.0
1627449,stimulus_Ins_LearningMobility_3_question_3131,272.5,488.4,1948.0
1627450,stimulus_Ins_LearningMobility_3_question_3131,272.7,490.5,1943.0
1627451,stimulus_Ins_LearningMobility_3_question_3131,273.3,492.4,1938.0
1627452,stimulus_Ins_LearningMobility_3_question_3131,273.8,494.3,1935.0
1627453,stimulus_Ins_LearningMobility_3_question_3131,274.3,495.9,1935.0
1627454,stimulus_Ins_LearningMobility_3_question_3131,274.2,497.5,1936.0
1627455,stimulus_Ins_LearningMobility_3_question_3131,274.2,498.9,1935.0
1627456,stimulus_Ins_LearningMobility_3_question_3131,274.6,500.2,1934.0
1627457,stimulus_Ins_LearningMobility_3_question_3131,275.0,501.7,1933.0
1627458,stimulus_Ins_LearningMobility_3_question_3131,275.0,503.1,1932.0
1627459,stimulus_Ins_LearningMobility_3_question_3131,274.5,505.1,1930.0
1627460,stimulus_Ins_LearningMobility_3_question_3131,273.8,506.5,1927.0
1627461,stimulus_Ins_LearningMobility_3_question_3131,273.5,507.9,1924.0
1627462,stimulus_Ins_LearningMobility_3_question_3131,273.3,507.9,1924.0
1627463,stimulus_Ins_LearningMobility_3_question_3131,273.0,508.9,1923.0
1627464,stimulus_Ins_LearningMobility_3_question_3131,272.8,509.9,1922.0
1627465,stimulus_Ins_LearningMobility_3_question_3131,272.5,511.0,1924.0
1627466,stimulus_Ins_LearningMobility_3_question_3131,272.4,511.1,1925.0
1627467,stimulus_Ins_LearningMobility_3_question_3131,272.3,511.9,1926.0
1627468,stimulus_Ins_LearningMobility_3_question_3131,272.2,512.6,1925.0
1627469,stimulus_Ins_LearningMobility_3_question_3131,272.1,513.5,1924.0
1627470,stimulus_Ins_LearningMobility_3_question_3131,272.2,513.6,1922.0
1627471,stimulus_Ins_LearningMobility_3_question_3131,272.3,513.7,1918.0
1627472,stimulus_Ins_LearningMobility_3_question_3131,272.4,514.1,1914.0
1627473,stimulus_Ins_LearningMobility_3_question_3131,272.3,514.7,1917.0
1627474,stimulus_Ins_LearningMobility_3_question_3131,272.6,515.5,1921.0
1627475,stimulus_Ins_LearningMobility_3_question_3131,272.9,515.8,1926.0
1627476,stimulus_Ins_LearningMobility_3_question_3131,273.4,516.0,1925.0
1627477,stimulus_Ins_LearningMobility_3_question_3131,273.6,516.0,1925.0
1627478,stimulus_Ins_LearningMobility_3_question_3131,273.7,516.0,1925.0
1627479,stimulus_Ins_LearningMobility_3_question_3131,273.6,515.9,1925.0
1627480,stimulus_Ins_LearningMobility_3_question_3131,273.6,515.9,1925.0
1627481,stimulus_Ins_LearningMobility_3_question_3131,273.7,515.8,1924.0
1627482,stimulus_Ins_LearningMobility_3_question_3131,273.9,515.9,1925.0
1627483,stimulus_Ins_LearningMobility_3_question_3131,274.1,516.1,1926.0
1627484,stimulus_Ins_LearningMobility_3_question_3131,274.3,516.2,1927.0
1627485,stimulus_Ins_LearningMobility_3_question_3131,274.5,516.3,1927.0
1627486,stimulus_Ins_LearningMobility_3_question_3131,274.8,516.2,1928.0
1627487,stimulus_Ins_LearningMobility_3_question_3131,274.9,516.1,1928.0
1627488,stimulus_Ins_LearningMobility_3_question_3131,274.8,516.4,1927.0
1627489,stimulus_Ins_LearningMobility_3_question_3131,274.8,516.9,1925.0
1627490,stimulus_Ins_LearningMobility_3_question_3131,275.1,517.4,1923.0
1627491,stimulus_Ins_LearningMobility_3_question_3131,275.4,517.5,1924.0
1627492,stimulus_Ins_LearningMobility_3_question_3131,275.4,517.6,1925.0
1627493,stimulus_Ins_LearningMobility_3_question_3131,275.2,517.7,1926.0
1627494,stimulus_Ins_LearningMobility_3_question_3131,275.0,517.7,1926.0
1627495,stimulus_Ins_LearningMobility_3_question_3131,275.0,517.4,1927.0
1627496,stimulus_Ins_LearningMobility_3_question_3131,274.8,516.9,1928.0
1627497,stimulus_Ins_LearningMobility_3_question_3131,274.5,516.3,1929.0
1627498,stimulus_Ins_LearningMobility_3_question_3131,274.2,516.8,1930.0
1627499,stimulus_Ins_LearningMobility_3_question_3131,274.6,517.7,1930.0
1627500,stimulus_Ins_LearningMobility_3_question_3131,275.1,518.5,1928.0
1627501,stimulus_Ins_LearningMobility_3_question_3131,275.6,518.6,1927.0
1627502,stimulus_Ins_LearningMobility_3_question_3131,275.6,518.5,1928.0
1627503,stimulus_Ins_LearningMobility_3_question_3131,275.5,518.4,1929.0
1627504,stimulus_Ins_LearningMobility_3_question_3131,275.7,518.4,1930.0
1627505,stimulus_Ins_LearningMobility_3_question_3131,276.0,518.7,1930.0
1627506,stimulus_Ins_LearningMobility_3_question_3131,276.3,519.1,1930.0
1627507,stimulus_Ins_LearningMobility_3_question_3131,276.3,519.2,1930.0
1627508,stimulus_Ins_LearningMobility_3_question_3131,276.1,519.0,1929.0
1627509,stimulus_Ins_LearningMobility_3_question_3131,275.9,518.9,1929.0
1627510,stimulus_Ins_LearningMobility_3_question_3131,275.7,519.0,1928.0
1627511,stimulus_Ins_LearningMobility_3_question_3131,275.8,519.1,1928.0
1627512,stimulus_Ins_LearningMobility_3_question_3131,275.4,518.6,1927.0
1627513,stimulus_Ins_LearningMobility_3_question_3131,275.1,518.0,1927.0
1627514,stimulus_Ins_LearningMobility_3_question_3131,274.8,517.3,1927.0
1627515,stimulus_Ins_LearningMobility_3_question_3131,274.8,517.1,1928.0
1627516,stimulus_Ins_LearningMobility_3_question_3131,274.7,516.8,1929.0
1627517,stimulus_Ins_LearningMobility_3_question_3131,274.7,516.7,1929.0
1627518,stimulus_Ins_LearningMobility_3_question_3131,274.6,517.0,1930.0
1627519,stimulus_Ins_LearningMobility_3_question_3131,274.7,517.3,1930.0
1627520,stimulus_Ins_LearningMobility_3_question_3131,274.8,517.4,1930.0
1627521,stimulus_Ins_LearningMobility_3_question_3131,274.9,517.3,1927.0
1627522,stimulus_Ins_LearningMobility_3_question_3131,274.9,517.2,1925.0
1627523,stimulus_Ins_LearningMobility_3_question_3131,274.7,517.2,1923.0
1627524,stimulus_Ins_LearningMobility_3_question_3131,274.4,517.1,1924.0
1627525,stimulus_Ins_LearningMobility_3_question_3131,273.9,517.0,1926.0
1627526,stimulus_Ins_LearningMobility_3_question_3131,273.6,517.0,1927.0
1627527,stimulus_Ins_LearningMobility_3_question_3131,273.4,517.0,1925.0
1627528,stimulus_Ins_LearningMobility_3_question_3131,273.2,517.0,1923.0
1627529,stimulus_Ins_LearningMobility_3_question_3131,273.0,517.0,1921.0
1627530,stimulus_Ins_LearningMobility_3_question_3131,273.3,517.5,1920.0
1627531,stimulus_Ins_LearningMobility_3_question_3131,273.7,518.1,1920.0
1627532,stimulus_Ins_LearningMobility_3_question_3131,274.2,518.6,1920.0
1627533,stimulus_Ins_LearningMobility_3_question_3131,275.1,519.3,1923.0
1627534,stimulus_Ins_LearningMobility_3_question_3131,276.0,520.3,1928.0
1627535,stimulus_Ins_LearningMobility_3_question_3131,276.9,521.4,1933.0
1627536,stimulus_Ins_LearningMobility_3_question_3131,276.0,521.3,1935.0
1627537,stimulus_Ins_LearningMobility_3_question_3131,274.2,519.9,1934.0
1627538,stimulus_Ins_LearningMobility_3_question_3131,271.6,518.5,1935.0
1627539,stimulus_Ins_LearningMobility_3_question_3131,268.3,516.4,1936.0
1627540,stimulus_Ins_LearningMobility_3_question_3131,264.4,514.4,1937.0
1627541,stimulus_Ins_LearningMobility_3_question_3131,259.4,510.1,1938.0
1627542,stimulus_Ins_LearningMobility_3_question_3131,254.8,505.9,1937.0
1627543,stimulus_Ins_LearningMobility_3_question_3131,249.3,501.9,1937.0
1627544,stimulus_Ins_LearningMobility_3_question_3131,243.6,499.2,1938.0
1627545,stimulus_Ins_LearningMobility_3_question_3131,236.8,496.6,1939.0
1627546,stimulus_Ins_LearningMobility_3_question_3131,230.7,494.3,1940.0
1627547,stimulus_Ins_LearningMobility_3_question_3131,224.1,492.8,1940.0
1627548,stimulus_Ins_LearningMobility_3_question_3131,218.9,491.1,1940.0
1627549,stimulus_Ins_LearningMobility_3_question_3131,213.7,490.2,1941.0
1627550,stimulus_Ins_LearningMobility_3_question_3131,211.0,489.4,1942.0
1627551,stimulus_Ins_LearningMobility_3_question_3131,209.1,489.9,1944.0
1627552,stimulus_Ins_LearningMobility_3_question_3131,208.6,490.4,1944.0
1627553,stimulus_Ins_LearningMobility_3_question_3131,208.4,492.1,1944.0
1627554,stimulus_Ins_LearningMobility_3_question_3131,207.5,494.1,1943.0
1627555,stimulus_Ins_LearningMobility_3_question_3131,206.5,496.2,1942.0
1627556,stimulus_Ins_LearningMobility_3_question_3131,205.1,497.3,1941.0
1627557,stimulus_Ins_LearningMobility_3_question_3131,204.3,497.8,1941.0
1627558,stimulus_Ins_LearningMobility_3_question_3131,202.9,498.0,1937.0
1627559,stimulus_Ins_LearningMobility_3_question_3131,202.1,497.8,1933.0
1627560,stimulus_Ins_LearningMobility_3_question_3131,200.9,498.1,1928.0
1627561,stimulus_Ins_LearningMobility_3_question_3131,200.2,498.6,1928.0
1627562,stimulus_Ins_LearningMobility_3_question_3131,198.6,498.0,1931.0
1627563,stimulus_Ins_LearningMobility_3_question_3131,197.0,496.9,1936.0
1627564,stimulus_Ins_LearningMobility_3_question_3131,194.6,495.8,1942.0
1627565,stimulus_Ins_LearningMobility_3_question_3131,192.9,495.1,1946.0
1627566,stimulus_Ins_LearningMobility_3_question_3131,191.4,494.5,1947.0
1627567,stimulus_Ins_LearningMobility_3_question_3131,190.4,494.2,1945.0
1627568,stimulus_Ins_LearningMobility_3_question_3131,189.8,494.9,1944.0
1627569,stimulus_Ins_LearningMobility_3_question_3131,189.5,495.6,1943.0
1627570,stimulus_Ins_LearningMobility_3_question_3131,189.5,495.9,1943.0
1627571,stimulus_Ins_LearningMobility_3_question_3131,189.5,496.4,1943.0
1627572,stimulus_Ins_LearningMobility_3_question_3131,190.3,496.9,1943.0
1627573,stimulus_Ins_LearningMobility_3_question_3131,191.0,497.3,1945.0
1627574,stimulus_Ins_LearningMobility_3_question_3131,192.0,497.3,1947.0
1627575,stimulus_Ins_LearningMobility_3_question_3131,192.3,497.2,1946.0
1627576,stimulus_Ins_LearningMobility_3_question_3131,192.9,497.2,1945.0
1627577,stimulus_Ins_LearningMobility_3_question_3131,193.5,497.3,1943.0
1627578,stimulus_Ins_LearningMobility_3_question_3131,194.4,497.4,1943.0
1627579,stimulus_Ins_LearningMobility_3_question_3131,194.8,497.8,1943.0
1627580,stimulus_Ins_LearningMobility_3_question_3131,194.9,498.2,1943.0
1627581,stimulus_Ins_LearningMobility_3_question_3131,194.7,498.5,1943.0
1627582,stimulus_Ins_LearningMobility_3_question_3131,194.6,498.5,1943.0
1627583,stimulus_Ins_LearningMobility_3_question_3131,194.8,498.5,1943.0
1627584,stimulus_Ins_LearningMobility_3_question_3131,195.0,498.6,1943.0
1627585,stimulus_Ins_LearningMobility_3_question_3131,195.2,498.8,1943.0
1627586,stimulus_Ins_LearningMobility_3_question_3131,195.2,499.1,1942.0
1627587,stimulus_Ins_LearningMobility_3_question_3131,195.2,499.3,1940.0
1627588,stimulus_Ins_LearningMobility_3_question_3131,195.1,499.4,1940.0
1627589,stimulus_Ins_LearningMobility_3_question_3131,194.9,499.4,1941.0
1627590,stimulus_Ins_LearningMobility_3_question_3131,194.7,499.4,1941.0
1627591,stimulus_Ins_LearningMobility_3_question_3131,194.7,499.4,1939.0
1627592,stimulus_Ins_LearningMobility_3_question_3131,194.6,499.5,1938.0
1627593,stimulus_Ins_LearningMobility_3_question_3131,194.4,499.5,1939.0
1627594,stimulus_Ins_LearningMobility_3_question_3131,194.1,499.6,1942.0
1627595,stimulus_Ins_LearningMobility_3_question_3131,194.0,499.8,1943.0
1627596,stimulus_Ins_LearningMobility_3_question_3131,194.1,500.0,1943.0
1627597,stimulus_Ins_LearningMobility_3_question_3131,193.9,499.8,1941.0
1627598,stimulus_Ins_LearningMobility_3_question_3131,193.7,499.5,1939.0
1627599,stimulus_Ins_LearningMobility_3_question_3131,193.6,499.3,1941.0
1627600,stimulus_Ins_LearningMobility_3_question_3131,193.7,499.3,1942.0
1627601,stimulus_Ins_LearningMobility_3_question_3131,193.8,499.9,1944.0
1627602,stimulus_Ins_LearningMobility_3_question_3131,193.8,500.4,1943.0
1627603,stimulus_Ins_LearningMobility_3_question_3131,193.7,500.8,1942.0
1627604,stimulus_Ins_LearningMobility_3_question_3131,193.6,500.8,1941.0
1627605,stimulus_Ins_LearningMobility_3_question_3131,193.8,500.7,1940.0
1627606,stimulus_Ins_LearningMobility_3_question_3131,194.2,500.6,1939.0
1627607,stimulus_Ins_LearningMobility_3_question_3131,194.7,500.4,1938.0
1627608,stimulus_Ins_LearningMobility_3_question_3131,194.4,500.5,1937.0
1627609,stimulus_Ins_LearningMobility_3_question_3131,194.0,500.6,1937.0
1627610,stimulus_Ins_LearningMobility_3_question_3131,193.6,500.9,1935.0
1627611,stimulus_Ins_LearningMobility_3_question_3131,193.7,501.1,1934.0
1627612,stimulus_Ins_LearningMobility_3_question_3131,193.8,501.2,1935.0
1627613,stimulus_Ins_LearningMobility_3_question_3131,193.9,501.2,1936.0
1627614,stimulus_Ins_LearningMobility_3_question_3131,193.8,501.2,1938.0
1627615,stimulus_Ins_LearningMobility_3_question_3131,193.8,501.2,1937.0
1627616,stimulus_Ins_LearningMobility_3_question_3131,193.8,501.3,1936.0
1627617,stimulus_Ins_LearningMobility_3_question_3131,193.8,501.3,1935.0
1627618,stimulus_Ins_LearningMobility_3_question_3131,193.5,501.3,1934.0
1627619,stimulus_Ins_LearningMobility_3_question_3131,193.2,501.3,1934.0
1627620,stimulus_Ins_LearningMobility_3_question_3131,192.9,501.3,1933.0
1627621,stimulus_Ins_LearningMobility_3_question_3131,192.9,501.4,1932.0
1627622,stimulus_Ins_LearningMobility_3_question_3131,192.9,501.4,1930.0
1627623,stimulus_Ins_LearningMobility_3_question_3131,192.9,501.2,1929.0
1627624,stimulus_Ins_LearningMobility_3_question_3131,192.9,500.5,1930.0
1627625,stimulus_Ins_LearningMobility_3_question_3131,192.8,499.9,1932.0
1627626,stimulus_Ins_LearningMobility_3_question_3131,192.7,499.9,1932.0
1627627,stimulus_Ins_LearningMobility_3_question_3131,192.5,500.4,1930.0
1627628,stimulus_Ins_LearningMobility_3_question_3131,192.4,500.9,1928.0
1627629,stimulus_Ins_LearningMobility_3_question_3131,192.6,500.5,1927.0
1627630,stimulus_Ins_LearningMobility_3_question_3131,192.9,500.1,1927.0
1627631,stimulus_Ins_LearningMobility_3_question_3131,193.1,499.7,1927.0
1627632,stimulus_Ins_LearningMobility_3_question_3131,193.0,499.8,1929.0
1627633,stimulus_Ins_LearningMobility_3_question_3131,193.0,500.0,1932.0
1627634,stimulus_Ins_LearningMobility_3_question_3131,193.1,500.1,1932.0
1627635,stimulus_Ins_LearningMobility_3_question_3131,193.2,500.1,1929.0
1627636,stimulus_Ins_LearningMobility_3_question_3131,193.3,500.0,1927.0
1627637,stimulus_Ins_LearningMobility_3_question_3131,193.3,499.6,1927.0
1627638,stimulus_Ins_LearningMobility_3_question_3131,193.3,499.2,1926.0
1627639,stimulus_Ins_LearningMobility_3_question_3131,193.2,499.1,1925.0
1627640,stimulus_Ins_LearningMobility_3_question_3131,193.2,499.3,1924.0
1627641,stimulus_Ins_LearningMobility_3_question_3131,193.3,499.5,1925.0
1627642,stimulus_Ins_LearningMobility_3_question_3131,193.4,499.4,1928.0
1627643,stimulus_Ins_LearningMobility_3_question_3131,193.4,499.4,1930.0
1627644,stimulus_Ins_LearningMobility_3_question_3131,193.2,499.4,1931.0
1627645,stimulus_Ins_LearningMobility_3_question_3131,193.0,499.5,1931.0
1627646,stimulus_Ins_LearningMobility_3_question_3131,192.9,499.6,1931.0
1627647,stimulus_Ins_LearningMobility_3_question_3131,192.8,499.6,1930.0
1627648,stimulus_Ins_LearningMobility_3_question_3131,192.8,499.5,1929.0
1627649,stimulus_Ins_LearningMobility_3_question_3131,192.8,499.5,1927.0
1627650,stimulus_Ins_LearningMobility_3_question_3131,193.0,499.4,1926.0
1627651,stimulus_Ins_LearningMobility_3_question_3131,193.2,499.3,1926.0
1627652,stimulus_Ins_LearningMobility_3_question_3131,193.3,499.2,1926.0
1627653,stimulus_Ins_LearningMobility_3_question_3131,193.6,499.2,1927.0
1627654,stimulus_Ins_LearningMobility_3_question_3131,193.8,499.4,1928.0
1627655,stimulus_Ins_LearningMobility_3_question_3131,193.9,499.6,1931.0
1627656,stimulus_Ins_LearningMobility_3_question_3131,193.8,499.7,1932.0
1627657,stimulus_Ins_LearningMobility_3_question_3131,193.4,499.6,1933.0
1627658,stimulus_Ins_LearningMobility_3_question_3131,193.1,499.5,1933.0
1627659,stimulus_Ins_LearningMobility_3_question_3131,192.7,499.3,1933.0
1627660,stimulus_Ins_LearningMobility_3_question_3131,192.8,499.8,1931.0
1627661,stimulus_Ins_LearningMobility_3_question_3131,192.7,500.3,1930.0
1627662,stimulus_Ins_LearningMobility_3_question_3131,192.8,500.9,1930.0
1627663,stimulus_Ins_LearningMobility_3_question_3131,192.9,501.1,1930.0
1627664,stimulus_Ins_LearningMobility_3_question_3131,193.0,500.9,1931.0
1627665,stimulus_Ins_LearningMobility_3_question_3131,193.1,500.4,1932.0
1627666,stimulus_Ins_LearningMobility_3_question_3131,193.4,499.9,1933.0
1627667,stimulus_Ins_LearningMobility_3_question_3131,193.8,499.9,1931.0
1627668,stimulus_Ins_LearningMobility_3_question_3131,194.2,500.4,1929.0
1627669,stimulus_Ins_LearningMobility_3_question_3131,194.2,501.0,1927.0
1627670,stimulus_Ins_LearningMobility_3_question_3131,194.2,501.7,1926.0
1627671,stimulus_Ins_LearningMobility_3_question_3131,194.0,502.0,1926.0
1627672,stimulus_Ins_LearningMobility_3_question_3131,193.9,502.1,1926.0
1627673,stimulus_Ins_LearningMobility_3_question_3131,193.9,501.9,1926.0
1627674,stimulus_Ins_LearningMobility_3_question_3131,194.0,501.5,1927.0
1627675,stimulus_Ins_LearningMobility_3_question_3131,194.2,501.3,1928.0
1627676,stimulus_Ins_LearningMobility_3_question_3131,194.3,501.3,1930.0
1627677,stimulus_Ins_LearningMobility_3_question_3131,194.4,501.4,1930.0
1627678,stimulus_Ins_LearningMobility_3_question_3131,194.5,501.4,1930.0
1627679,stimulus_Ins_LearningMobility_3_question_3131,194.5,501.6,1930.0
1627680,stimulus_Ins_LearningMobility_3_question_3131,194.5,501.7,1930.0
1627681,stimulus_Ins_LearningMobility_3_question_3131,194.5,501.8,1930.0
1627682,stimulus_Ins_LearningMobility_3_question_3131,194.5,501.8,1930.0
1627683,stimulus_Ins_LearningMobility_3_question_3131,194.5,501.7,1929.0
1627684,stimulus_Ins_LearningMobility_3_question_3131,194.5,501.7,1929.0
1627685,stimulus_Ins_LearningMobility_3_question_3131,194.6,501.6,1930.0
1627686,stimulus_Ins_LearningMobility_3_question_3131,194.5,501.6,1931.0
1627687,stimulus_Ins_LearningMobility_3_question_3131,194.8,501.9,1931.0
1627688,stimulus_Ins_LearningMobility_3_question_3131,195.1,502.3,1928.0
1627689,stimulus_Ins_LearningMobility_3_question_3131,195.3,502.7,1924.0
1627690,stimulus_Ins_LearningMobility_3_question_3131,195.2,502.7,1919.0
1627691,stimulus_Ins_LearningMobility_3_question_3131,195.0,502.9,1918.0
1627692,stimulus_Ins_LearningMobility_3_question_3131,194.7,503.1,1919.0
1627693,stimulus_Ins_LearningMobility_3_question_3131,194.5,503.2,1920.0
1627694,stimulus_Ins_LearningMobility_3_question_3131,194.4,503.1,1924.0
1627695,stimulus_Ins_LearningMobility_3_question_3131,194.8,503.0,1927.0
1627696,stimulus_Ins_LearningMobility_3_question_3131,195.1,502.8,1928.0
1627697,stimulus_Ins_LearningMobility_3_question_3131,194.9,502.8,1924.0
1627698,stimulus_Ins_LearningMobility_3_question_3131,194.0,502.7,1918.0
1627699,stimulus_Ins_LearningMobility_3_question_3131,193.0,502.7,1915.0
1627700,stimulus_Ins_LearningMobility_3_question_3131,192.7,502.5,1914.0
1627701,stimulus_Ins_LearningMobility_3_question_3131,192.9,502.2,1914.0
1627702,stimulus_Ins_LearningMobility_3_question_3131,193.1,501.9,1917.0
1627703,stimulus_Ins_LearningMobility_3_question_3131,193.1,501.9,1920.0
1627704,stimulus_Ins_LearningMobility_3_question_3131,192.8,501.9,1921.0
1627705,stimulus_Ins_LearningMobility_3_question_3131,192.5,501.5,1919.0
1627706,stimulus_Ins_LearningMobility_3_question_3131,192.4,501.1,1917.0
1627707,stimulus_Ins_LearningMobility_3_question_3131,192.5,500.8,1917.0
1627708,stimulus_Ins_LearningMobility_3_question_3131,192.6,501.2,1917.0
1627709,stimulus_Ins_LearningMobility_3_question_3131,192.7,501.6,1917.0
1627710,stimulus_Ins_LearningMobility_3_question_3131,192.7,501.7,1918.0
1627711,stimulus_Ins_LearningMobility_3_question_3131,192.8,501.6,1917.0
1627712,stimulus_Ins_LearningMobility_3_question_3131,192.9,501.4,1916.0
1627713,stimulus_Ins_LearningMobility_3_question_3131,192.5,501.3,1916.0
1627714,stimulus_Ins_LearningMobility_3_question_3131,192.0,501.3,1917.0
1627715,stimulus_Ins_LearningMobility_3_question_3131,191.6,501.6,1917.0
1627716,stimulus_Ins_LearningMobility_3_question_3131,191.8,501.8,1916.0
1627717,stimulus_Ins_LearningMobility_3_question_3131,192.0,502.1,1913.0
1627718,stimulus_Ins_LearningMobility_3_question_3131,192.1,502.4,1914.0
1627719,stimulus_Ins_LearningMobility_3_question_3131,191.9,502.7,1916.0
1627720,stimulus_Ins_LearningMobility_3_question_3131,191.8,502.8,1917.0
1627721,stimulus_Ins_LearningMobility_3_question_3131,192.0,502.5,1916.0
1627722,stimulus_Ins_LearningMobility_3_question_3131,192.3,502.1,1918.0
1627723,stimulus_Ins_LearningMobility_3_question_3131,192.6,502.1,1920.0
1627724,stimulus_Ins_LearningMobility_3_question_3131,192.6,502.1,1922.0
1627725,stimulus_Ins_LearningMobility_3_question_3131,192.7,502.2,1922.0
1627726,stimulus_Ins_LearningMobility_3_question_3131,193.1,502.4,1921.0
1627727,stimulus_Ins_LearningMobility_3_question_3131,193.5,502.6,1920.0
1627728,stimulus_Ins_LearningMobility_3_question_3131,193.9,502.9,1918.0
1627729,stimulus_Ins_LearningMobility_3_question_3131,194.0,503.0,1917.0
1627730,stimulus_Ins_LearningMobility_3_question_3131,194.0,502.6,1916.0
1627731,stimulus_Ins_LearningMobility_3_question_3131,194.1,502.3,1916.0
1627732,stimulus_Ins_LearningMobility_3_question_3131,194.2,502.2,1917.0
1627733,stimulus_Ins_LearningMobility_3_question_3131,194.2,502.3,1919.0
1627734,stimulus_Ins_LearningMobility_3_question_3131,194.3,502.3,1920.0
1627735,stimulus_Ins_LearningMobility_3_question_3131,194.7,502.2,1917.0
1627736,stimulus_Ins_LearningMobility_3_question_3131,195.0,502.4,1915.0
1627737,stimulus_Ins_LearningMobility_3_question_3131,195.4,502.7,1911.0
1627738,stimulus_Ins_LearningMobility_3_question_3131,195.4,503.4,1909.0
1627739,stimulus_Ins_LearningMobility_3_question_3131,195.4,503.8,1906.0
1627740,stimulus_Ins_LearningMobility_3_question_3131,195.6,503.9,1906.0
1627741,stimulus_Ins_LearningMobility_3_question_3131,195.9,503.5,1905.0
1627742,stimulus_Ins_LearningMobility_3_question_3131,196.9,503.3,1904.0
1627743,stimulus_Ins_LearningMobility_3_question_3131,199.9,503.3,1907.0
1627744,stimulus_Ins_LearningMobility_3_question_3131,205.1,503.6,1910.0
1627745,stimulus_Ins_LearningMobility_3_question_3131,211.3,503.7,1913.0
1627746,stimulus_Ins_LearningMobility_3_question_3131,216.2,503.0,1912.0
1627747,stimulus_Ins_LearningMobility_3_question_3131,220.8,502.2,1910.0
1627748,stimulus_Ins_LearningMobility_3_question_3131,227.6,501.5,1909.0
1627749,stimulus_Ins_LearningMobility_3_question_3131,236.7,501.9,1906.0
1627750,stimulus_Ins_LearningMobility_3_question_3131,245.3,502.0,1903.0
1627751,stimulus_Ins_LearningMobility_3_question_3131,252.3,502.1,1902.0
1627752,stimulus_Ins_LearningMobility_3_question_3131,258.3,502.0,1904.0
1627753,stimulus_Ins_LearningMobility_3_question_3131,266.3,502.2,1906.0
1627754,stimulus_Ins_LearningMobility_3_question_3131,274.6,502.3,1906.0
1627755,stimulus_Ins_LearningMobility_3_question_3131,281.5,501.8,1907.0
1627756,stimulus_Ins_LearningMobility_3_question_3131,287.1,501.3,1907.0
1627757,stimulus_Ins_LearningMobility_3_question_3131,292.2,500.7,1907.0
1627758,stimulus_Ins_LearningMobility_3_question_3131,298.6,500.5,1904.0
1627759,stimulus_Ins_LearningMobility_3_question_3131,304.5,500.2,1902.0
1627760,stimulus_Ins_LearningMobility_3_question_3131,310.0,500.0,1899.0
1627761,stimulus_Ins_LearningMobility_3_question_3131,313.6,499.3,1897.0
1627762,stimulus_Ins_LearningMobility_3_question_3131,316.4,497.8,1896.0
1627763,stimulus_Ins_LearningMobility_3_question_3131,318.6,496.4,1894.0
1627764,stimulus_Ins_LearningMobility_3_question_3131,322.6,495.8,1894.0
1627765,stimulus_Ins_LearningMobility_3_question_3131,326.8,495.8,1893.0
1627766,stimulus_Ins_LearningMobility_3_question_3131,330.8,495.8,1890.0
1627767,stimulus_Ins_LearningMobility_3_question_3131,334.3,495.8,1888.0
1627768,stimulus_Ins_LearningMobility_3_question_3131,337.7,495.8,1886.0
1627769,stimulus_Ins_LearningMobility_3_question_3131,340.8,495.8,1882.0
1627770,stimulus_Ins_LearningMobility_3_question_3131,342.6,495.9,1879.0
1627771,stimulus_Ins_LearningMobility_3_question_3131,344.1,496.0,1877.0
1627772,stimulus_Ins_LearningMobility_3_question_3131,345.0,496.0,1877.0
1627773,stimulus_Ins_LearningMobility_3_question_3131,345.8,495.9,1878.0
1627774,stimulus_Ins_LearningMobility_3_question_3131,345.7,495.6,1879.0
1627775,stimulus_Ins_LearningMobility_3_question_3131,345.5,494.7,1879.0
1627776,stimulus_Ins_LearningMobility_3_question_3131,344.8,493.9,1880.0
1627777,stimulus_Ins_LearningMobility_3_question_3131,344.3,493.6,1880.0
1627778,stimulus_Ins_LearningMobility_3_question_3131,343.6,493.7,1878.0
1627779,stimulus_Ins_LearningMobility_3_question_3131,343.3,493.8,1875.0
1627780,stimulus_Ins_LearningMobility_3_question_3131,343.1,493.7,1872.0
1627781,stimulus_Ins_LearningMobility_3_question_3131,343.5,493.7,1871.0
1627782,stimulus_Ins_LearningMobility_3_question_3131,343.9,493.8,1870.0
1627783,stimulus_Ins_LearningMobility_3_question_3131,344.4,493.8,1869.0
1627784,stimulus_Ins_LearningMobility_3_question_3131,344.4,493.7,1870.0
1627785,stimulus_Ins_LearningMobility_3_question_3131,344.4,493.7,1872.0
1627786,stimulus_Ins_LearningMobility_3_question_3131,344.5,493.8,1874.0
1627787,stimulus_Ins_LearningMobility_3_question_3131,344.7,494.2,1873.0
1627788,stimulus_Ins_LearningMobility_3_question_3131,344.9,494.6,1871.0
1627789,stimulus_Ins_LearningMobility_3_question_3131,344.8,494.9,1867.0
1627790,stimulus_Ins_LearningMobility_3_question_3131,344.6,494.7,1864.0
1627791,stimulus_Ins_LearningMobility_3_question_3131,344.5,494.4,1862.0
1627792,stimulus_Ins_LearningMobility_3_question_3131,344.5,494.2,1861.0
1627793,stimulus_Ins_LearningMobility_3_question_3131,344.5,494.1,1861.0
1627794,stimulus_Ins_LearningMobility_3_question_3131,344.5,494.2,1863.0
1627795,stimulus_Ins_LearningMobility_3_question_3131,344.5,494.3,1865.0
1627796,stimulus_Ins_LearningMobility_3_question_3131,344.6,494.3,1863.0
1627797,stimulus_Ins_LearningMobility_3_question_3131,344.5,494.3,1858.0
1627798,stimulus_Ins_LearningMobility_3_question_3131,344.4,494.2,1851.0
1627799,stimulus_Ins_LearningMobility_3_question_3131,344.2,494.1,1848.0
1627800,stimulus_Ins_LearningMobility_3_question_3131,344.2,494.3,1846.0
1627801,stimulus_Ins_LearningMobility_3_question_3131,344.1,494.3,1846.0
1627802,stimulus_Ins_LearningMobility_3_question_3131,344.2,494.2,1846.0
1627803,stimulus_Ins_LearningMobility_3_question_3131,344.3,494.1,1846.0
1627804,stimulus_Ins_LearningMobility_3_question_3131,344.3,493.6,1846.0
1627805,stimulus_Ins_LearningMobility_3_question_3131,344.1,492.8,1846.0
1627806,stimulus_Ins_LearningMobility_3_question_3131,344.0,492.0,1846.0
1627807,stimulus_Ins_LearningMobility_3_question_3131,344.2,491.7,1846.0
1627808,stimulus_Ins_LearningMobility_3_question_3131,344.6,491.6,1844.0
1627809,stimulus_Ins_LearningMobility_3_question_3131,345.7,492.6,1843.0
1627810,stimulus_Ins_LearningMobility_3_question_3131,346.7,493.6,1842.0
1627811,stimulus_Ins_LearningMobility_3_question_3131,347.6,494.5,1844.0
1627812,stimulus_Ins_LearningMobility_3_question_3131,347.9,494.5,1846.0
1627813,stimulus_Ins_LearningMobility_3_question_3131,348.2,494.5,1848.0
1627814,stimulus_Ins_LearningMobility_3_question_3131,348.4,494.5,1848.0
1627815,stimulus_Ins_LearningMobility_3_question_3131,348.7,494.4,1847.0
1627816,stimulus_Ins_LearningMobility_3_question_3131,348.8,494.3,1846.0
1627817,stimulus_Ins_LearningMobility_3_question_3131,349.0,494.5,1841.0
1627818,stimulus_Ins_LearningMobility_3_question_3131,349.1,494.7,1836.0
1627819,stimulus_Ins_LearningMobility_3_question_3131,349.0,495.0,1831.0
1627820,stimulus_Ins_LearningMobility_3_question_3131,348.9,495.0,1830.0
1627821,stimulus_Ins_LearningMobility_3_question_3131,348.7,495.0,1828.0
1627822,stimulus_Ins_LearningMobility_3_question_3131,348.7,495.0,1828.0
1627823,stimulus_Ins_LearningMobility_3_question_3131,348.2,494.8,1828.0
1627824,stimulus_Ins_LearningMobility_3_question_3131,347.8,494.6,1830.0
1627825,stimulus_Ins_LearningMobility_3_question_3131,347.3,494.5,1833.0
1627826,stimulus_Ins_LearningMobility_3_question_3131,347.2,494.6,1835.0
1627827,stimulus_Ins_LearningMobility_3_question_3131,346.9,494.8,1835.0
1627828,stimulus_Ins_LearningMobility_3_question_3131,346.7,494.9,1833.0
1627829,stimulus_Ins_LearningMobility_3_question_3131,346.5,494.8,1829.0
1627830,stimulus_Ins_LearningMobility_3_question_3131,346.4,494.6,1825.0
1627831,stimulus_Ins_LearningMobility_3_question_3131,346.2,494.4,1825.0
1627832,stimulus_Ins_LearningMobility_3_question_3131,346.2,494.3,1825.0
1627833,stimulus_Ins_LearningMobility_3_question_3131,346.1,494.2,1824.0
1627834,stimulus_Ins_LearningMobility_3_question_3131,346.0,493.7,1823.0
1627835,stimulus_Ins_LearningMobility_3_question_3131,345.9,493.2,1822.0
1627836,stimulus_Ins_LearningMobility_3_question_3131,345.9,492.7,1820.0
1627837,stimulus_Ins_LearningMobility_3_question_3131,345.9,492.6,1818.0
1627838,stimulus_Ins_LearningMobility_3_question_3131,345.8,492.5,1816.0
1627839,stimulus_Ins_LearningMobility_3_question_3131,345.8,492.0,1814.0
1627840,stimulus_Ins_LearningMobility_3_question_3131,345.7,491.6,1814.0
1627841,stimulus_Ins_LearningMobility_3_question_3131,345.6,491.3,1813.0
1627842,stimulus_Ins_LearningMobility_3_question_3131,345.6,491.5,1813.0
1627843,stimulus_Ins_LearningMobility_3_question_3131,346.0,491.8,1813.0
1627844,stimulus_Ins_LearningMobility_3_question_3131,346.5,492.1,1814.0
1627845,stimulus_Ins_LearningMobility_3_question_3131,347.0,492.0,1813.0
1627846,stimulus_Ins_LearningMobility_3_question_3131,347.1,491.9,1812.0
1627847,stimulus_Ins_LearningMobility_3_question_3131,347.3,491.7,1810.0
1627848,stimulus_Ins_LearningMobility_3_question_3131,347.6,491.8,1809.0
1627849,stimulus_Ins_LearningMobility_3_question_3131,347.8,491.8,1807.0
1627850,stimulus_Ins_LearningMobility_3_question_3131,347.8,492.0,1805.0
1627851,stimulus_Ins_LearningMobility_3_question_3131,347.8,492.3,1804.0
1627852,stimulus_Ins_LearningMobility_3_question_3131,347.8,492.1,1803.0
1627853,stimulus_Ins_LearningMobility_3_question_3131,347.8,491.7,1803.0
1627854,stimulus_Ins_LearningMobility_3_question_3131,347.8,491.3,1802.0
1627855,stimulus_Ins_LearningMobility_3_question_3131,347.8,491.3,1800.0
1627856,stimulus_Ins_LearningMobility_3_question_3131,347.8,491.7,1797.0
1627857,stimulus_Ins_LearningMobility_3_question_3131,347.8,491.9,1797.0
1627858,stimulus_Ins_LearningMobility_3_question_3131,347.7,492.1,1799.0
1627859,stimulus_Ins_LearningMobility_3_question_3131,347.6,491.9,1799.0
1627860,stimulus_Ins_LearningMobility_3_question_3131,347.6,491.7,1796.0
1627861,stimulus_Ins_LearningMobility_3_question_3131,348.2,491.7,1794.0
1627862,stimulus_Ins_LearningMobility_3_question_3131,348.9,491.8,1793.0
1627863,stimulus_Ins_LearningMobility_3_question_3131,349.1,491.9,1793.0
1627864,stimulus_Ins_LearningMobility_3_question_3131,348.6,491.9,1793.0
1627865,stimulus_Ins_LearningMobility_3_question_3131,348.1,491.9,1793.0
1627866,stimulus_Ins_LearningMobility_3_question_3131,348.2,491.9,1794.0
1627867,stimulus_Ins_LearningMobility_3_question_3131,348.3,491.9,1793.0
1627868,stimulus_Ins_LearningMobility_3_question_3131,348.7,491.9,1793.0
1627869,stimulus_Ins_LearningMobility_3_question_3131,348.9,491.9,1792.0
1627870,stimulus_Ins_LearningMobility_3_question_3131,349.1,491.8,1791.0
1627871,stimulus_Ins_LearningMobility_3_question_3131,349.0,492.0,1790.0
1627872,stimulus_Ins_LearningMobility_3_question_3131,348.9,492.1,1789.0
1627873,stimulus_Ins_LearningMobility_3_question_3131,348.9,491.9,1789.0
1627874,stimulus_Ins_LearningMobility_3_question_3131,348.9,491.5,1788.0
1627875,stimulus_Ins_LearningMobility_3_question_3131,348.9,491.1,1789.0
1627876,stimulus_Ins_LearningMobility_3_question_3131,348.9,491.4,1789.0
1627877,stimulus_Ins_LearningMobility_3_question_3131,349.1,491.8,1787.0
1627878,stimulus_Ins_LearningMobility_3_question_3131,349.4,492.2,1786.0
1627879,stimulus_Ins_LearningMobility_3_question_3131,349.2,491.7,1784.0
1627880,stimulus_Ins_LearningMobility_3_question_3131,348.8,491.2,1784.0
1627881,stimulus_Ins_LearningMobility_3_question_3131,348.3,490.9,1784.0
1627882,stimulus_Ins_LearningMobility_3_question_3131,348.1,491.4,1785.0
1627883,stimulus_Ins_LearningMobility_3_question_3131,347.9,491.6,1786.0
1627884,stimulus_Ins_LearningMobility_3_question_3131,347.9,491.6,1787.0
1627885,stimulus_Ins_LearningMobility_3_question_3131,347.9,491.2,1787.0
1627886,stimulus_Ins_LearningMobility_3_question_3131,347.9,491.7,1787.0
1627887,stimulus_Ins_LearningMobility_3_question_3131,348.3,492.4,1787.0
1627888,stimulus_Ins_LearningMobility_3_question_3131,348.7,492.9,1787.0
1627889,stimulus_Ins_LearningMobility_3_question_3131,348.6,492.8,1788.0
1627890,stimulus_Ins_LearningMobility_3_question_3131,348.2,492.6,1787.0
1627891,stimulus_Ins_LearningMobility_3_question_3131,347.8,492.4,1787.0
1627892,stimulus_Ins_LearningMobility_3_question_3131,347.9,492.1,1786.0
1627893,stimulus_Ins_LearningMobility_3_question_3131,348.0,491.8,1784.0
1627894,stimulus_Ins_LearningMobility_3_question_3131,348.1,492.1,1783.0
1627895,stimulus_Ins_LearningMobility_3_question_3131,348.2,492.5,1780.0
1627896,stimulus_Ins_LearningMobility_3_question_3131,348.1,492.9,1777.0
1627897,stimulus_Ins_LearningMobility_3_question_3131,348.1,492.4,1773.0
1627898,stimulus_Ins_LearningMobility_3_question_3131,348.3,491.8,1770.0
1627899,stimulus_Ins_LearningMobility_3_question_3131,348.6,491.2,1769.0
1627900,stimulus_Ins_LearningMobility_3_question_3131,350.1,491.2,1768.0
1627901,stimulus_Ins_LearningMobility_3_question_3131,351.8,491.3,1768.0
1627902,stimulus_Ins_LearningMobility_3_question_3131,354.3,491.6,1768.0
1627903,stimulus_Ins_LearningMobility_3_question_3131,357.7,492.0,1769.0
1627904,stimulus_Ins_LearningMobility_3_question_3131,361.5,492.3,1770.0
1627905,stimulus_Ins_LearningMobility_3_question_3131,365.8,492.0,1767.0
1627906,stimulus_Ins_LearningMobility_3_question_3131,370.1,491.7,1763.0
1627907,stimulus_Ins_LearningMobility_3_question_3131,375.6,491.6,1761.0
1627908,stimulus_Ins_LearningMobility_3_question_3131,381.2,491.9,1763.0
1627909,stimulus_Ins_LearningMobility_3_question_3131,386.5,491.3,1765.0
1627910,stimulus_Ins_LearningMobility_3_question_3131,391.4,490.5,1764.0
1627911,stimulus_Ins_LearningMobility_3_question_3131,396.2,489.8,1762.0
1627912,stimulus_Ins_LearningMobility_3_question_3131,400.6,490.0,1758.0
1627913,stimulus_Ins_LearningMobility_3_question_3131,404.0,490.2,1755.0
1627914,stimulus_Ins_LearningMobility_3_question_3131,406.3,490.4,1753.0
1627915,stimulus_Ins_LearningMobility_3_question_3131,408.3,490.3,1751.0
1627916,stimulus_Ins_LearningMobility_3_question_3131,409.4,490.3,1750.0
1627917,stimulus_Ins_LearningMobility_3_question_3131,410.5,490.2,1749.0
1627918,stimulus_Ins_LearningMobility_3_question_3131,410.7,490.4,1749.0
1627919,stimulus_Ins_LearningMobility_3_question_3131,410.8,490.7,1749.0
1627920,stimulus_Ins_LearningMobility_3_question_3131,410.8,491.0,1750.0
1627921,stimulus_Ins_LearningMobility_3_question_3131,410.8,491.3,1749.0
1627922,stimulus_Ins_LearningMobility_3_question_3131,410.8,491.4,1748.0
1627923,stimulus_Ins_LearningMobility_3_question_3131,410.7,490.6,1747.0
1627924,stimulus_Ins_LearningMobility_3_question_3131,410.9,489.8,1747.0
1627925,stimulus_Ins_LearningMobility_3_question_3131,411.6,489.0,1746.0
1627926,stimulus_Ins_LearningMobility_3_question_3131,412.6,489.1,1746.0
1627927,stimulus_Ins_LearningMobility_3_question_3131,413.4,488.8,1746.0
1627928,stimulus_Ins_LearningMobility_3_question_3131,413.7,488.5,1746.0
1627929,stimulus_Ins_LearningMobility_3_question_3131,413.8,488.2,1745.0
1627930,stimulus_Ins_LearningMobility_3_question_3131,414.2,488.4,1742.0
1627931,stimulus_Ins_LearningMobility_3_question_3131,414.8,488.5,1740.0
1627932,stimulus_Ins_LearningMobility_3_question_3131,415.3,488.6,1740.0
1627933,stimulus_Ins_LearningMobility_3_question_3131,415.5,488.9,1740.0
1627934,stimulus_Ins_LearningMobility_3_question_3131,415.6,489.2,1739.0
1627935,stimulus_Ins_LearningMobility_3_question_3131,415.6,489.3,1737.0
1627936,stimulus_Ins_LearningMobility_3_question_3131,415.3,489.3,1736.0
1627937,stimulus_Ins_LearningMobility_3_question_3131,414.8,488.9,1736.0
1627938,stimulus_Ins_LearningMobility_3_question_3131,414.1,488.4,1731.0
1627939,stimulus_Ins_LearningMobility_3_question_3131,413.8,487.9,1726.0
1627940,stimulus_Ins_LearningMobility_3_question_3131,413.7,487.9,1722.0
1627941,stimulus_Ins_LearningMobility_3_question_3131,413.8,488.0,1722.0
1627942,stimulus_Ins_LearningMobility_3_question_3131,413.8,488.4,1722.0
1627943,stimulus_Ins_LearningMobility_3_question_3131,413.8,488.8,1722.0
1627944,stimulus_Ins_LearningMobility_3_question_3131,413.8,489.3,1722.0
1627945,stimulus_Ins_LearningMobility_3_question_3131,413.9,489.4,1721.0
1627946,stimulus_Ins_LearningMobility_3_question_3131,414.1,489.5,1721.0
1627947,stimulus_Ins_LearningMobility_3_question_3131,414.3,489.4,1720.0
1627948,stimulus_Ins_LearningMobility_3_question_3131,414.2,489.5,1721.0
1627949,stimulus_Ins_LearningMobility_3_question_3131,413.9,489.7,1721.0
1627950,stimulus_Ins_LearningMobility_3_question_3131,413.7,489.9,1721.0
1627951,stimulus_Ins_LearningMobility_3_question_3131,413.8,490.3,1722.0
1627952,stimulus_Ins_LearningMobility_3_question_3131,413.9,490.7,1722.0
1627953,stimulus_Ins_LearningMobility_3_question_3131,413.9,490.5,1722.0
1627954,stimulus_Ins_LearningMobility_3_question_3131,414.0,489.8,1722.0
1627955,stimulus_Ins_LearningMobility_3_question_3131,414.1,489.2,1722.0
1627956,stimulus_Ins_LearningMobility_3_question_3131,414.1,489.1,1723.0
1627957,stimulus_Ins_LearningMobility_3_question_3131,414.1,489.2,1723.0
1627958,stimulus_Ins_LearningMobility_3_question_3131,414.2,489.3,1722.0
1627959,stimulus_Ins_LearningMobility_3_question_3131,414.2,489.4,1721.0
1627960,stimulus_Ins_LearningMobility_3_question_3131,414.2,489.4,1718.0
1627961,stimulus_Ins_LearningMobility_3_question_3131,414.2,489.5,1715.0
1627962,stimulus_Ins_LearningMobility_3_question_3131,414.2,489.5,1713.0
1627963,stimulus_Ins_LearningMobility_3_question_3131,414.3,489.9,1714.0
1627964,stimulus_Ins_LearningMobility_3_question_3131,414.4,490.3,1716.0
1627965,stimulus_Ins_LearningMobility_3_question_3131,414.6,490.3,1717.0
1627966,stimulus_Ins_LearningMobility_3_question_3131,414.7,489.9,1718.0
1627967,stimulus_Ins_LearningMobility_3_question_3131,414.7,489.8,1718.0
1627968,stimulus_Ins_LearningMobility_3_question_3131,414.7,490.2,1717.0
1627969,stimulus_Ins_LearningMobility_3_question_3131,414.7,490.5,1715.0
1627970,stimulus_Ins_LearningMobility_3_question_3131,414.6,490.4,1714.0
1627971,stimulus_Ins_LearningMobility_3_question_3131,414.4,490.3,1713.0
1627972,stimulus_Ins_LearningMobility_3_question_3131,414.4,490.3,1713.0
1627973,stimulus_Ins_LearningMobility_3_question_3131,414.5,490.4,1713.0
1627974,stimulus_Ins_LearningMobility_3_question_3131,415.0,490.5,1713.0
1627975,stimulus_Ins_LearningMobility_3_question_3131,415.9,490.6,1713.0
1627976,stimulus_Ins_LearningMobility_3_question_3131,416.7,490.6,1712.0
1627977,stimulus_Ins_LearningMobility_3_question_3131,416.8,490.7,1709.0
1627978,stimulus_Ins_LearningMobility_3_question_3131,416.7,491.0,1706.0
1627979,stimulus_Ins_LearningMobility_3_question_3131,416.5,491.4,1702.0
1627980,stimulus_Ins_LearningMobility_3_question_3131,416.6,491.8,1701.0
1627981,stimulus_Ins_LearningMobility_3_question_3131,416.6,491.9,1702.0
1627982,stimulus_Ins_LearningMobility_3_question_3131,416.6,491.8,1704.0
1627983,stimulus_Ins_LearningMobility_3_question_3131,416.6,491.6,1707.0
1627984,stimulus_Ins_LearningMobility_3_question_3131,416.5,491.4,1709.0
1627985,stimulus_Ins_LearningMobility_3_question_3131,416.7,491.3,1709.0
1627986,stimulus_Ins_LearningMobility_3_question_3131,417.0,491.4,1709.0
1627987,stimulus_Ins_LearningMobility_3_question_3131,417.3,491.6,1709.0
1627988,stimulus_Ins_LearningMobility_3_question_3131,417.0,491.9,1707.0
1627989,stimulus_Ins_LearningMobility_3_question_3131,416.7,492.2,1706.0
1627990,stimulus_Ins_LearningMobility_3_question_3131,416.7,492.3,1703.0
1627991,stimulus_Ins_LearningMobility_3_question_3131,417.0,492.2,1701.0
1627992,stimulus_Ins_LearningMobility_3_question_3131,417.3,492.1,1700.0
1627993,stimulus_Ins_LearningMobility_3_question_3131,416.7,492.1,1701.0
1627994,stimulus_Ins_LearningMobility_3_question_3131,416.0,492.1,1702.0
1627995,stimulus_Ins_LearningMobility_3_question_3131,415.4,492.0,1703.0
1627996,stimulus_Ins_LearningMobility_3_question_3131,415.4,491.8,1703.0
1627997,stimulus_Ins_LearningMobility_3_question_3131,416.0,491.5,1702.0
1627998,stimulus_Ins_LearningMobility_3_question_3131,416.5,491.3,1702.0
1627999,stimulus_Ins_LearningMobility_3_question_3131,416.8,491.1,1701.0
1628000,stimulus_Ins_LearningMobility_3_question_3131,416.5,491.1,1701.0
1628001,stimulus_Ins_LearningMobility_3_question_3131,416.4,491.1,1701.0
1628002,stimulus_Ins_LearningMobility_3_question_3131,416.7,491.1,1701.0
1628003,stimulus_Ins_LearningMobility_3_question_3131,417.0,490.9,1702.0
1628004,stimulus_Ins_LearningMobility_3_question_3131,417.3,490.5,1702.0
1628005,stimulus_Ins_LearningMobility_3_question_3131,417.2,490.1,1700.0
1628006,stimulus_Ins_LearningMobility_3_question_3131,416.5,489.9,1698.0
1628007,stimulus_Ins_LearningMobility_3_question_3131,415.8,489.7,1697.0
1628008,stimulus_Ins_LearningMobility_3_question_3131,415.6,489.5,1698.0
1628009,stimulus_Ins_LearningMobility_3_question_3131,416.0,489.3,1698.0
1628010,stimulus_Ins_LearningMobility_3_question_3131,416.5,489.3,1697.0
1628011,stimulus_Ins_LearningMobility_3_question_3131,416.4,489.4,1695.0
1628012,stimulus_Ins_LearningMobility_3_question_3131,416.0,488.8,1694.0
1628013,stimulus_Ins_LearningMobility_3_question_3131,415.6,488.2,1693.0
1628014,stimulus_Ins_LearningMobility_3_question_3131,415.1,487.7,1695.0
1628015,stimulus_Ins_LearningMobility_3_question_3131,415.1,487.8,1697.0
1628016,stimulus_Ins_LearningMobility_3_question_3131,415.1,487.9,1698.0
1628017,stimulus_Ins_LearningMobility_3_question_3131,415.2,488.1,1698.0
1628018,stimulus_Ins_LearningMobility_3_question_3131,415.4,488.3,1698.0
1628019,stimulus_Ins_LearningMobility_3_question_3131,415.5,488.3,1697.0
1628020,stimulus_Ins_LearningMobility_3_question_3131,415.3,488.8,1698.0
1628021,stimulus_Ins_LearningMobility_3_question_3131,415.5,489.3,1696.0
1628022,stimulus_Ins_LearningMobility_3_question_3131,415.8,489.8,1695.0
1628023,stimulus_Ins_LearningMobility_3_question_3131,415.9,489.7,1695.0
1628024,stimulus_Ins_LearningMobility_3_question_3131,415.6,489.6,1696.0
1628025,stimulus_Ins_LearningMobility_3_question_3131,415.0,489.3,1698.0
1628026,stimulus_Ins_LearningMobility_3_question_3131,414.7,488.8,1698.0
1628027,stimulus_Ins_LearningMobility_3_question_3131,414.6,488.4,1698.0
1628028,stimulus_Ins_LearningMobility_3_question_3131,414.7,488.1,1698.0
1628029,stimulus_Ins_LearningMobility_3_question_3131,415.1,488.0,1697.0
1628030,stimulus_Ins_LearningMobility_3_question_3131,415.5,487.9,1697.0
1628031,stimulus_Ins_LearningMobility_3_question_3131,416.0,488.4,1696.0
1628032,stimulus_Ins_LearningMobility_3_question_3131,416.6,489.0,1696.0
1628033,stimulus_Ins_LearningMobility_3_question_3131,417.2,489.5,1696.0
1628034,stimulus_Ins_LearningMobility_3_question_3131,417.5,489.9,1700.0
1628035,stimulus_Ins_LearningMobility_3_question_3131,417.5,490.5,1702.0
1628036,stimulus_Ins_LearningMobility_3_question_3131,417.4,491.1,1704.0
1628037,stimulus_Ins_LearningMobility_3_question_3131,417.2,491.4,1704.0
1628038,stimulus_Ins_LearningMobility_3_question_3131,417.2,491.4,1703.0
1628039,stimulus_Ins_LearningMobility_3_question_3131,417.4,491.4,1702.0
1628040,stimulus_Ins_LearningMobility_3_question_3131,417.8,491.5,1701.0
1628041,stimulus_Ins_LearningMobility_3_question_3131,418.2,491.6,1701.0
1628042,stimulus_Ins_LearningMobility_3_question_3131,418.6,491.6,1701.0
1628043,stimulus_Ins_LearningMobility_3_question_3131,418.7,491.7,1703.0
1628044,stimulus_Ins_LearningMobility_3_question_3131,418.4,492.0,1704.0
1628045,stimulus_Ins_LearningMobility_3_question_3131,418.0,492.2,1706.0
1628046,stimulus_Ins_LearningMobility_3_question_3131,417.7,492.2,1704.0
1628047,stimulus_Ins_LearningMobility_3_question_3131,417.9,492.1,1702.0
1628048,stimulus_Ins_LearningMobility_3_question_3131,418.4,492.1,1701.0
1628049,stimulus_Ins_LearningMobility_3_question_3131,418.8,492.3,1700.0
1628050,stimulus_Ins_LearningMobility_3_question_3131,419.1,492.5,1699.0
1628051,stimulus_Ins_LearningMobility_3_question_3131,418.9,492.8,1699.0
1628052,stimulus_Ins_LearningMobility_3_question_3131,419.0,492.9,1699.0
1628053,stimulus_Ins_LearningMobility_3_question_3131,419.1,493.0,1700.0
1628054,stimulus_Ins_LearningMobility_3_question_3131,419.1,493.1,1701.0
1628055,stimulus_Ins_LearningMobility_3_question_3131,418.9,493.1,1701.0
1628056,stimulus_Ins_LearningMobility_3_question_3131,418.8,493.4,1702.0
1628057,stimulus_Ins_LearningMobility_3_question_3131,418.8,493.7,1702.0
1628058,stimulus_Ins_LearningMobility_3_question_3131,418.9,494.0,1702.0
1628059,stimulus_Ins_LearningMobility_3_question_3131,419.0,494.1,1702.0
1628060,stimulus_Ins_LearningMobility_3_question_3131,419.2,494.2,1701.0
1628061,stimulus_Ins_LearningMobility_3_question_3131,419.2,494.3,1701.0
1628062,stimulus_Ins_LearningMobility_3_question_3131,419.1,493.9,1701.0
1628063,stimulus_Ins_LearningMobility_3_question_3131,419.0,493.3,1702.0
1628064,stimulus_Ins_LearningMobility_3_question_3131,418.8,492.8,1702.0
1628065,stimulus_Ins_LearningMobility_3_question_3131,418.4,492.7,1701.0
1628066,stimulus_Ins_LearningMobility_3_question_3131,417.9,492.7,1700.0
1628067,stimulus_Ins_LearningMobility_3_question_3131,417.6,492.7,1700.0
1628068,stimulus_Ins_LearningMobility_3_question_3131,417.8,493.2,1700.0
1628069,stimulus_Ins_LearningMobility_3_question_3131,418.0,493.4,1699.0
1628070,stimulus_Ins_LearningMobility_3_question_3131,418.1,493.7,1699.0
1628071,stimulus_Ins_LearningMobility_3_question_3131,418.3,493.5,1699.0
1628072,stimulus_Ins_LearningMobility_3_question_3131,418.6,493.4,1700.0
1628073,stimulus_Ins_LearningMobility_3_question_3131,418.7,493.3,1700.0
1628074,stimulus_Ins_LearningMobility_3_question_3131,418.6,493.2,1700.0
1628075,stimulus_Ins_LearningMobility_3_question_3131,418.5,493.3,1700.0
1628076,stimulus_Ins_LearningMobility_3_question_3131,418.6,493.3,1700.0
1628077,stimulus_Ins_LearningMobility_3_question_3131,418.4,493.3,1699.0
1628078,stimulus_Ins_LearningMobility_3_question_3131,418.1,493.4,1698.0
1628079,stimulus_Ins_LearningMobility_3_question_3131,417.9,493.7,1697.0
1628080,stimulus_Ins_LearningMobility_3_question_3131,417.9,493.9,1697.0
1628081,stimulus_Ins_LearningMobility_3_question_3131,418.2,493.9,1698.0
1628082,stimulus_Ins_LearningMobility_3_question_3131,418.5,493.7,1697.0
1628083,stimulus_Ins_LearningMobility_3_question_3131,418.8,493.5,1697.0
1628084,stimulus_Ins_LearningMobility_3_question_3131,418.9,493.3,1697.0
1628085,stimulus_Ins_LearningMobility_3_question_3131,419.0,493.1,1699.0
1628086,stimulus_Ins_LearningMobility_3_question_3131,419.3,493.0,1701.0
1628087,stimulus_Ins_LearningMobility_3_question_3131,419.4,492.9,1702.0
1628088,stimulus_Ins_LearningMobility_3_question_3131,419.5,492.9,1700.0
1628089,stimulus_Ins_LearningMobility_3_question_3131,419.4,492.9,1699.0
1628090,stimulus_Ins_LearningMobility_3_question_3131,419.3,493.1,1696.0
1628091,stimulus_Ins_LearningMobility_3_question_3131,419.2,493.3,1694.0
1628092,stimulus_Ins_LearningMobility_3_question_3131,419.2,493.4,1694.0
1628093,stimulus_Ins_LearningMobility_3_question_3131,419.3,493.3,1697.0
1628094,stimulus_Ins_LearningMobility_3_question_3131,419.4,493.3,1699.0
1628095,stimulus_Ins_LearningMobility_3_question_3131,419.0,493.3,1699.0
1628096,stimulus_Ins_LearningMobility_3_question_3131,418.5,493.3,1700.0
1628097,stimulus_Ins_LearningMobility_3_question_3131,418.1,493.6,1700.0
1628098,stimulus_Ins_LearningMobility_3_question_3131,418.1,493.8,1699.0
1628099,stimulus_Ins_LearningMobility_3_question_3131,418.2,494.2,1697.0
1628100,stimulus_Ins_LearningMobility_3_question_3131,418.3,494.4,1695.0
1628101,stimulus_Ins_LearningMobility_3_question_3131,418.3,494.3,1694.0
1628102,stimulus_Ins_LearningMobility_3_question_3131,418.4,494.0,1695.0
1628103,stimulus_Ins_LearningMobility_3_question_3131,418.5,493.8,1695.0
1628104,stimulus_Ins_LearningMobility_3_question_3131,418.6,493.9,1695.0
1628105,stimulus_Ins_LearningMobility_3_question_3131,418.7,493.7,1695.0
1628106,stimulus_Ins_LearningMobility_3_question_3131,418.8,493.5,1694.0
1628107,stimulus_Ins_LearningMobility_3_question_3131,418.8,493.5,1693.0
1628108,stimulus_Ins_LearningMobility_3_question_3131,418.3,493.7,1692.0
1628109,stimulus_Ins_LearningMobility_3_question_3131,417.8,494.1,1690.0
1628110,stimulus_Ins_LearningMobility_3_question_3131,417.6,494.1,1688.0
1628111,stimulus_Ins_LearningMobility_3_question_3131,417.8,494.0,1687.0
1628112,stimulus_Ins_LearningMobility_3_question_3131,418.0,494.3,1687.0
1628113,stimulus_Ins_LearningMobility_3_question_3131,418.0,494.8,1687.0
1628114,stimulus_Ins_LearningMobility_3_question_3131,417.9,495.5,1690.0
1628115,stimulus_Ins_LearningMobility_3_question_3131,417.8,495.7,1693.0
1628116,stimulus_Ins_LearningMobility_3_question_3131,417.6,495.3,1694.0
1628117,stimulus_Ins_LearningMobility_3_question_3131,417.5,494.6,1692.0
1628118,stimulus_Ins_LearningMobility_3_question_3131,417.6,493.8,1690.0
1628119,stimulus_Ins_LearningMobility_3_question_3131,417.7,493.6,1690.0
1628120,stimulus_Ins_LearningMobility_3_question_3131,417.8,494.1,1690.0
1628121,stimulus_Ins_LearningMobility_3_question_3131,417.8,494.8,1690.0
1628122,stimulus_Ins_LearningMobility_3_question_3131,417.6,495.3,1690.0
1628123,stimulus_Ins_LearningMobility_3_question_3131,417.2,494.9,1688.0
1628124,stimulus_Ins_LearningMobility_3_question_3131,416.8,494.4,1687.0
1628125,stimulus_Ins_LearningMobility_3_question_3131,416.8,494.3,1685.0
1628126,stimulus_Ins_LearningMobility_3_question_3131,416.9,494.9,1686.0
1628127,stimulus_Ins_LearningMobility_3_question_3131,416.8,495.5,1686.0
1628128,stimulus_Ins_LearningMobility_3_question_3131,416.5,495.2,1686.0
1628129,stimulus_Ins_LearningMobility_3_question_3131,416.5,494.5,1686.0
1628130,stimulus_Ins_LearningMobility_3_question_3131,416.9,493.9,1686.0
1628131,stimulus_Ins_LearningMobility_3_question_3131,417.2,494.0,1685.0
1628132,stimulus_Ins_LearningMobility_3_question_3131,417.3,494.1,1683.0
1628133,stimulus_Ins_LearningMobility_3_question_3131,417.5,493.9,1681.0
1628134,stimulus_Ins_LearningMobility_3_question_3131,417.7,493.7,1681.0
1628135,stimulus_Ins_LearningMobility_3_question_3131,417.7,493.5,1682.0
1628136,stimulus_Ins_LearningMobility_3_question_3131,417.4,493.8,1684.0
1628137,stimulus_Ins_LearningMobility_3_question_3131,417.1,494.5,1683.0
1628138,stimulus_Ins_LearningMobility_3_question_3131,417.3,495.1,1681.0
1628139,stimulus_Ins_LearningMobility_3_question_3131,417.7,495.5,1681.0
1628140,stimulus_Ins_LearningMobility_3_question_3131,418.1,495.4,1683.0
1628141,stimulus_Ins_LearningMobility_3_question_3131,418.2,495.4,1683.0
1628142,stimulus_Ins_LearningMobility_3_question_3131,418.3,495.3,1681.0
1628143,stimulus_Ins_LearningMobility_3_question_3131,418.2,495.2,1679.0
1628144,stimulus_Ins_LearningMobility_3_question_3131,418.2,495.1,1679.0
1628145,stimulus_Ins_LearningMobility_3_question_3131,418.1,494.4,1680.0
1628146,stimulus_Ins_LearningMobility_3_question_3131,418.0,493.7,1680.0
1628147,stimulus_Ins_LearningMobility_3_question_3131,417.9,492.9,1681.0
1628148,stimulus_Ins_LearningMobility_3_question_3131,417.8,493.4,1680.0
1628149,stimulus_Ins_LearningMobility_3_question_3131,417.6,494.1,1678.0
1628150,stimulus_Ins_LearningMobility_3_question_3131,417.4,494.9,1676.0
1628151,stimulus_Ins_LearningMobility_3_question_3131,417.3,495.1,1675.0
1628152,stimulus_Ins_LearningMobility_3_question_3131,416.6,495.3,1678.0
1628153,stimulus_Ins_LearningMobility_3_question_3131,415.8,495.1,1681.0
1628154,stimulus_Ins_LearningMobility_3_question_3131,413.5,494.7,1684.0
1628155,stimulus_Ins_LearningMobility_3_question_3131,411.3,494.3,1684.0
1628156,stimulus_Ins_LearningMobility_3_question_3131,408.1,494.2,1684.0
1628157,stimulus_Ins_LearningMobility_3_question_3131,404.7,494.1,1685.0
1628158,stimulus_Ins_LearningMobility_3_question_3131,399.8,494.4,1688.0
1628159,stimulus_Ins_LearningMobility_3_question_3131,393.9,494.7,1691.0
1628160,stimulus_Ins_LearningMobility_3_question_3131,387.2,495.0,1693.0
1628161,stimulus_Ins_LearningMobility_3_question_3131,380.1,495.0,1694.0
1628162,stimulus_Ins_LearningMobility_3_question_3131,372.4,493.9,1694.0
1628163,stimulus_Ins_LearningMobility_3_question_3131,365.1,492.5,1693.0
1628164,stimulus_Ins_LearningMobility_3_question_3131,358.8,491.1,1695.0
1628165,stimulus_Ins_LearningMobility_3_question_3131,352.8,490.3,1697.0
1628166,stimulus_Ins_LearningMobility_3_question_3131,346.3,489.7,1699.0
1628167,stimulus_Ins_LearningMobility_3_question_3131,339.9,489.1,1697.0
1628168,stimulus_Ins_LearningMobility_3_question_3131,335.4,489.2,1695.0
1628169,stimulus_Ins_LearningMobility_3_question_3131,331.8,489.4,1695.0
1628170,stimulus_Ins_LearningMobility_3_question_3131,329.1,488.6,1694.0
1628171,stimulus_Ins_LearningMobility_3_question_3131,326.3,487.5,1691.0
1628172,stimulus_Ins_LearningMobility_3_question_3131,323.6,486.4,1688.0
1628173,stimulus_Ins_LearningMobility_3_question_3131,321.9,487.1,1686.0
1628174,stimulus_Ins_LearningMobility_3_question_3131,320.6,487.8,1688.0
1628175,stimulus_Ins_LearningMobility_3_question_3131,320.6,488.4,1690.0
1628176,stimulus_Ins_LearningMobility_3_question_3131,320.6,488.4,1692.0
1628177,stimulus_Ins_LearningMobility_3_question_3131,321.1,488.9,1690.0
1628178,stimulus_Ins_LearningMobility_3_question_3131,321.8,489.3,1688.0
1628179,stimulus_Ins_LearningMobility_3_question_3131,322.6,489.8,1687.0
1628180,stimulus_Ins_LearningMobility_3_question_3131,323.3,489.3,1688.0
1628181,stimulus_Ins_LearningMobility_3_question_3131,323.7,488.8,1690.0
1628182,stimulus_Ins_LearningMobility_3_question_3131,324.5,488.3,1692.0
1628183,stimulus_Ins_LearningMobility_3_question_3131,324.9,488.3,1694.0
1628184,stimulus_Ins_LearningMobility_3_question_3131,325.3,488.2,1695.0
1628185,stimulus_Ins_LearningMobility_3_question_3131,325.3,488.5,1696.0
1628186,stimulus_Ins_LearningMobility_3_question_3131,325.3,488.8,1695.0
1628187,stimulus_Ins_LearningMobility_3_question_3131,325.3,489.1,1694.0
1628188,stimulus_Ins_LearningMobility_3_question_3131,325.4,489.1,1692.0
1628189,stimulus_Ins_LearningMobility_3_question_3131,325.9,489.2,1691.0
1628190,stimulus_Ins_LearningMobility_3_question_3131,326.4,489.2,1690.0
1628191,stimulus_Ins_LearningMobility_3_question_3131,326.7,489.2,1691.0
1628192,stimulus_Ins_LearningMobility_3_question_3131,326.5,489.5,1690.0
1628193,stimulus_Ins_LearningMobility_3_question_3131,326.3,489.8,1690.0
1628194,stimulus_Ins_LearningMobility_3_question_3131,326.4,489.6,1691.0
1628195,stimulus_Ins_LearningMobility_3_question_3131,326.1,489.0,1692.0
1628196,stimulus_Ins_LearningMobility_3_question_3131,325.9,488.4,1690.0
1628197,stimulus_Ins_LearningMobility_3_question_3131,326.0,489.2,1689.0
1628198,stimulus_Ins_LearningMobility_3_question_3131,326.4,490.0,1687.0
1628199,stimulus_Ins_LearningMobility_3_question_3131,326.8,490.8,1687.0
1628200,stimulus_Ins_LearningMobility_3_question_3131,326.8,490.8,1687.0
1628201,stimulus_Ins_LearningMobility_3_question_3131,327.0,490.4,1687.0
1628202,stimulus_Ins_LearningMobility_3_question_3131,327.1,490.0,1689.0
1628203,stimulus_Ins_LearningMobility_3_question_3131,327.0,490.1,1691.0
1628204,stimulus_Ins_LearningMobility_3_question_3131,326.8,490.5,1692.0
1628205,stimulus_Ins_LearningMobility_3_question_3131,326.7,490.9,1692.0
1628206,stimulus_Ins_LearningMobility_3_question_3131,326.6,490.8,1690.0
1628207,stimulus_Ins_LearningMobility_3_question_3131,326.6,490.8,1688.0
1628208,stimulus_Ins_LearningMobility_3_question_3131,326.5,490.8,1687.0
1628209,stimulus_Ins_LearningMobility_3_question_3131,326.4,490.8,1688.0
1628210,stimulus_Ins_LearningMobility_3_question_3131,326.5,490.8,1689.0
1628211,stimulus_Ins_LearningMobility_3_question_3131,326.5,490.7,1689.0
1628212,stimulus_Ins_LearningMobility_3_question_3131,326.1,490.6,1686.0
1628213,stimulus_Ins_LearningMobility_3_question_3131,325.8,490.5,1683.0
1628214,stimulus_Ins_LearningMobility_3_question_3131,325.8,490.5,1681.0
1628215,stimulus_Ins_LearningMobility_3_question_3131,326.1,490.5,1681.0
1628216,stimulus_Ins_LearningMobility_3_question_3131,326.5,490.5,1683.0
1628217,stimulus_Ins_LearningMobility_3_question_3131,326.5,490.5,1685.0
1628218,stimulus_Ins_LearningMobility_3_question_3131,326.4,490.5,1685.0
1628219,stimulus_Ins_LearningMobility_3_question_3131,326.3,490.4,1679.0
1628220,stimulus_Ins_LearningMobility_3_question_3131,326.5,490.6,1673.0
1628221,stimulus_Ins_LearningMobility_3_question_3131,326.8,490.9,1670.0
1628222,stimulus_Ins_LearningMobility_3_question_3131,327.1,491.2,1670.0
1628223,stimulus_Ins_LearningMobility_3_question_3131,327.0,491.6,1672.0
1628224,stimulus_Ins_LearningMobility_3_question_3131,326.3,492.0,1674.0
1628225,stimulus_Ins_LearningMobility_3_question_3131,325.7,492.0,1675.0
1628226,stimulus_Ins_LearningMobility_3_question_3131,325.0,491.6,1675.0
1628227,stimulus_Ins_LearningMobility_3_question_3131,324.9,491.2,1675.0
1628228,stimulus_Ins_LearningMobility_3_question_3131,325.5,491.4,1675.0
1628229,stimulus_Ins_LearningMobility_3_question_3131,326.0,491.6,1674.0
1628230,stimulus_Ins_LearningMobility_3_question_3131,326.4,491.7,1674.0
1628231,stimulus_Ins_LearningMobility_3_question_3131,326.3,491.6,1673.0
1628232,stimulus_Ins_LearningMobility_3_question_3131,326.1,491.6,1672.0
1628233,stimulus_Ins_LearningMobility_3_question_3131,326.0,491.6,1671.0
1628234,stimulus_Ins_LearningMobility_3_question_3131,326.3,491.8,1670.0
1628235,stimulus_Ins_LearningMobility_3_question_3131,326.9,492.2,1669.0
1628236,stimulus_Ins_LearningMobility_3_question_3131,327.6,492.7,1668.0
1628237,stimulus_Ins_LearningMobility_3_question_3131,327.6,492.9,1669.0
1628238,stimulus_Ins_LearningMobility_3_question_3131,327.3,492.8,1668.0
1628239,stimulus_Ins_LearningMobility_3_question_3131,327.0,492.7,1667.0
1628240,stimulus_Ins_LearningMobility_3_question_3131,327.0,492.7,1666.0
1628241,stimulus_Ins_LearningMobility_3_question_3131,327.0,492.7,1666.0
1628242,stimulus_Ins_LearningMobility_3_question_3131,327.1,492.6,1666.0
1628243,stimulus_Ins_LearningMobility_3_question_3131,327.2,492.5,1667.0
1628244,stimulus_Ins_LearningMobility_3_question_3131,327.3,492.4,1668.0
1628245,stimulus_Ins_LearningMobility_3_question_3131,327.4,492.4,1668.0
1628246,stimulus_Ins_LearningMobility_3_question_3131,327.4,492.5,1666.0
1628247,stimulus_Ins_LearningMobility_3_question_3131,327.0,492.5,1664.0
1628248,stimulus_Ins_LearningMobility_3_question_3131,326.7,493.0,1665.0
1628249,stimulus_Ins_LearningMobility_3_question_3131,326.6,493.4,1665.0
1628250,stimulus_Ins_LearningMobility_3_question_3131,326.9,493.7,1665.0
1628251,stimulus_Ins_LearningMobility_3_question_3131,327.2,493.6,1665.0
1628252,stimulus_Ins_LearningMobility_3_question_3131,327.3,493.5,1664.0
1628253,stimulus_Ins_LearningMobility_3_question_3131,327.3,493.5,1664.0
1628254,stimulus_Ins_LearningMobility_3_question_3131,327.5,493.8,1666.0
1628255,stimulus_Ins_LearningMobility_3_question_3131,327.8,494.0,1667.0
1628256,stimulus_Ins_LearningMobility_3_question_3131,328.0,494.2,1668.0
1628257,stimulus_Ins_LearningMobility_3_question_3131,328.1,494.1,1667.0
1628258,stimulus_Ins_LearningMobility_3_question_3131,328.0,494.0,1666.0
1628259,stimulus_Ins_LearningMobility_3_question_3131,327.9,493.9,1666.0
1628260,stimulus_Ins_LearningMobility_3_question_3131,328.0,493.9,1667.0
1628261,stimulus_Ins_LearningMobility_3_question_3131,328.2,493.9,1667.0
1628262,stimulus_Ins_LearningMobility_3_question_3131,328.4,493.9,1667.0
1628263,stimulus_Ins_LearningMobility_3_question_3131,328.5,493.9,1668.0
1628264,stimulus_Ins_LearningMobility_3_question_3131,328.6,493.8,1670.0
1628265,stimulus_Ins_LearningMobility_3_question_3131,328.6,493.7,1672.0
1628266,stimulus_Ins_LearningMobility_3_question_3131,328.2,493.8,1671.0
1628267,stimulus_Ins_LearningMobility_3_question_3131,327.9,494.1,1669.0
1628268,stimulus_Ins_LearningMobility_3_question_3131,327.7,494.9,1667.0
1628269,stimulus_Ins_LearningMobility_3_question_3131,328.0,495.5,1667.0
1628270,stimulus_Ins_LearningMobility_3_question_3131,328.2,495.9,1667.0
1628271,stimulus_Ins_LearningMobility_3_question_3131,328.4,495.8,1667.0
1628272,stimulus_Ins_LearningMobility_3_question_3131,328.6,495.7,1667.0
1628273,stimulus_Ins_LearningMobility_3_question_3131,328.8,495.2,1668.0
1628274,stimulus_Ins_LearningMobility_3_question_3131,328.9,494.8,1666.0
1628275,stimulus_Ins_LearningMobility_3_question_3131,328.8,494.3,1665.0
1628276,stimulus_Ins_LearningMobility_3_question_3131,328.6,494.0,1666.0
1628277,stimulus_Ins_LearningMobility_3_question_3131,328.6,493.8,1669.0
1628278,stimulus_Ins_LearningMobility_3_question_3131,328.6,493.8,1669.0
1628279,stimulus_Ins_LearningMobility_3_question_3131,328.9,494.9,1666.0
1628280,stimulus_Ins_LearningMobility_3_question_3131,329.2,495.8,1663.0
1628281,stimulus_Ins_LearningMobility_3_question_3131,329.4,496.6,1663.0
1628282,stimulus_Ins_LearningMobility_3_question_3131,329.4,496.6,1664.0
1628283,stimulus_Ins_LearningMobility_3_question_3131,329.5,496.6,1664.0
1628284,stimulus_Ins_LearningMobility_3_question_3131,329.5,496.7,1665.0
1628285,stimulus_Ins_LearningMobility_3_question_3131,329.5,496.8,1666.0
1628286,stimulus_Ins_LearningMobility_3_question_3131,329.6,496.9,1667.0
1628287,stimulus_Ins_LearningMobility_3_question_3131,329.7,496.9,1667.0
1628288,stimulus_Ins_LearningMobility_3_question_3131,329.9,496.9,1666.0
1628289,stimulus_Ins_LearningMobility_3_question_3131,330.1,496.9,1666.0
1628290,stimulus_Ins_LearningMobility_3_question_3131,330.1,497.0,1665.0
1628291,stimulus_Ins_LearningMobility_3_question_3131,330.2,497.2,1663.0
1628292,stimulus_Ins_LearningMobility_3_question_3131,330.2,497.2,1662.0
1628293,stimulus_Ins_LearningMobility_3_question_3131,329.6,496.3,1662.0
1628294,stimulus_Ins_LearningMobility_3_question_3131,328.6,495.3,1662.0
1628295,stimulus_Ins_LearningMobility_3_question_3131,327.7,494.4,1662.0
1628296,stimulus_Ins_LearningMobility_3_question_3131,327.6,494.4,1661.0
1628297,stimulus_Ins_LearningMobility_3_question_3131,327.7,494.8,1661.0
1628298,stimulus_Ins_LearningMobility_3_question_3131,327.8,495.1,1660.0
1628299,stimulus_Ins_LearningMobility_3_question_3131,327.6,495.7,1660.0
1628300,stimulus_Ins_LearningMobility_3_question_3131,327.0,495.9,1659.0
1628301,stimulus_Ins_LearningMobility_3_question_3131,326.4,496.9,1655.0
1628302,stimulus_Ins_LearningMobility_3_question_3131,326.6,497.6,1651.0
1628303,stimulus_Ins_LearningMobility_3_question_3131,327.5,497.8,1650.0
1628304,stimulus_Ins_LearningMobility_3_question_3131,328.5,497.4,1653.0
1628305,stimulus_Ins_LearningMobility_3_question_3131,328.7,497.0,1656.0
1628306,stimulus_Ins_LearningMobility_3_question_3131,328.6,497.1,1658.0
1628307,stimulus_Ins_LearningMobility_3_question_3131,328.6,497.2,1658.0
1628308,stimulus_Ins_LearningMobility_3_question_3131,327.9,497.3,1657.0
1628309,stimulus_Ins_LearningMobility_3_question_3131,327.2,497.3,1656.0
1628310,stimulus_Ins_LearningMobility_3_question_3131,326.6,497.3,1654.0
1628311,stimulus_Ins_LearningMobility_3_question_3131,326.9,497.3,1654.0
1628312,stimulus_Ins_LearningMobility_3_question_3131,326.8,497.2,1654.0
1628313,stimulus_Ins_LearningMobility_3_question_3131,326.5,497.1,1654.0
1628314,stimulus_Ins_LearningMobility_3_question_3131,326.6,497.0,1656.0
1628315,stimulus_Ins_LearningMobility_3_question_3131,327.3,497.2,1659.0
1628316,stimulus_Ins_LearningMobility_3_question_3131,328.0,497.4,1661.0
1628317,stimulus_Ins_LearningMobility_3_question_3131,328.3,497.9,1663.0
1628318,stimulus_Ins_LearningMobility_3_question_3131,328.1,498.3,1663.0
1628319,stimulus_Ins_LearningMobility_3_question_3131,327.9,498.6,1662.0
1628320,stimulus_Ins_LearningMobility_3_question_3131,328.0,498.6,1662.0
1628321,stimulus_Ins_LearningMobility_3_question_3131,328.3,498.6,1662.0
1628322,stimulus_Ins_LearningMobility_3_question_3131,328.6,498.6,1662.0
1628323,stimulus_Ins_LearningMobility_3_question_3131,328.5,498.6,1662.0
1628324,stimulus_Ins_LearningMobility_3_question_3131,328.4,498.6,1662.0
1628325,stimulus_Ins_LearningMobility_3_question_3131,328.4,498.6,1662.0
1628326,stimulus_Ins_LearningMobility_3_question_3131,328.4,498.5,1662.0
1628327,stimulus_Ins_LearningMobility_3_question_3131,328.4,498.5,1662.0
1628328,stimulus_Ins_LearningMobility_3_question_3131,328.3,498.6,1662.0
1628329,stimulus_Ins_LearningMobility_3_question_3131,328.0,498.8,1660.0
1628330,stimulus_Ins_LearningMobility_3_question_3131,327.8,499.1,1658.0
1628331,stimulus_Ins_LearningMobility_3_question_3131,327.5,499.2,1657.0
1628332,stimulus_Ins_LearningMobility_3_question_3131,327.4,499.4,1657.0
1628333,stimulus_Ins_LearningMobility_3_question_3131,327.5,499.5,1657.0
1628334,stimulus_Ins_LearningMobility_3_question_3131,327.7,499.6,1658.0
1628335,stimulus_Ins_LearningMobility_3_question_3131,327.8,499.5,1659.0
1628336,stimulus_Ins_LearningMobility_3_question_3131,328.1,499.5,1661.0
1628337,stimulus_Ins_LearningMobility_3_question_3131,328.6,499.9,1662.0
1628338,stimulus_Ins_LearningMobility_3_question_3131,329.1,500.2,1663.0
1628339,stimulus_Ins_LearningMobility_3_question_3131,329.1,500.6,1663.0
1628340,stimulus_Ins_LearningMobility_3_question_3131,329.0,500.3,1661.0
1628341,stimulus_Ins_LearningMobility_3_question_3131,329.0,500.4,1659.0
1628342,stimulus_Ins_LearningMobility_3_question_3131,329.2,500.4,1659.0
1628343,stimulus_Ins_LearningMobility_3_question_3131,328.9,500.4,1659.0
1628344,stimulus_Ins_LearningMobility_3_question_3131,328.5,499.8,1660.0
1628345,stimulus_Ins_LearningMobility_3_question_3131,328.4,499.3,1662.0
1628346,stimulus_Ins_LearningMobility_3_question_3131,328.7,499.2,1663.0
1628347,stimulus_Ins_LearningMobility_3_question_3131,328.8,499.4,1663.0
1628348,stimulus_Ins_LearningMobility_3_question_3131,328.5,499.4,1662.0
1628349,stimulus_Ins_LearningMobility_3_question_3131,328.6,499.1,1661.0
1628350,stimulus_Ins_LearningMobility_3_question_3131,329.0,498.8,1659.0
1628351,stimulus_Ins_LearningMobility_3_question_3131,328.7,498.9,1657.0
1628352,stimulus_Ins_LearningMobility_3_question_3131,328.1,499.4,1654.0
1628353,stimulus_Ins_LearningMobility_3_question_3131,327.5,499.9,1656.0
1628354,stimulus_Ins_LearningMobility_3_question_3131,327.6,499.7,1658.0
1628355,stimulus_Ins_LearningMobility_3_question_3131,327.6,499.0,1659.0
1628356,stimulus_Ins_LearningMobility_3_question_3131,327.8,498.3,1660.0
1628357,stimulus_Ins_LearningMobility_3_question_3131,327.9,498.5,1660.0
1628358,stimulus_Ins_LearningMobility_3_question_3131,328.0,498.8,1660.0
1628359,stimulus_Ins_LearningMobility_3_question_3131,327.9,499.1,1659.0
1628360,stimulus_Ins_LearningMobility_3_question_3131,328.0,499.2,1657.0
1628361,stimulus_Ins_LearningMobility_3_question_3131,328.1,499.0,1656.0
1628362,stimulus_Ins_LearningMobility_3_question_3131,327.9,499.0,1656.0
1628363,stimulus_Ins_LearningMobility_3_question_3131,327.6,498.7,1656.0
1628364,stimulus_Ins_LearningMobility_3_question_3131,327.2,498.6,1657.0
1628365,stimulus_Ins_LearningMobility_3_question_3131,327.0,499.2,1657.0
1628366,stimulus_Ins_LearningMobility_3_question_3131,326.8,499.8,1657.0
1628367,stimulus_Ins_LearningMobility_3_question_3131,326.6,500.6,1655.0
1628368,stimulus_Ins_LearningMobility_3_question_3131,326.5,500.6,1654.0
1628369,stimulus_Ins_LearningMobility_3_question_3131,326.2,500.5,1652.0
1628370,stimulus_Ins_LearningMobility_3_question_3131,325.8,500.3,1653.0
1628371,stimulus_Ins_LearningMobility_3_question_3131,325.4,500.1,1653.0
1628372,stimulus_Ins_LearningMobility_3_question_3131,325.6,500.2,1653.0
1628373,stimulus_Ins_LearningMobility_3_question_3131,326.0,500.3,1653.0
1628374,stimulus_Ins_LearningMobility_3_question_3131,326.4,500.3,1653.0
1628375,stimulus_Ins_LearningMobility_3_question_3131,326.4,500.4,1653.0
1628376,stimulus_Ins_LearningMobility_3_question_3131,326.3,500.5,1653.0
1628377,stimulus_Ins_LearningMobility_3_question_3131,326.3,500.7,1653.0
1628378,stimulus_Ins_LearningMobility_3_question_3131,326.2,501.0,1652.0
1628379,stimulus_Ins_LearningMobility_3_question_3131,326.2,501.2,1651.0
1628380,stimulus_Ins_LearningMobility_3_question_3131,326.4,501.5,1651.0
1628381,stimulus_Ins_LearningMobility_3_question_3131,326.5,501.6,1652.0
1628382,stimulus_Ins_LearningMobility_3_question_3131,326.8,501.6,1652.0
1628383,stimulus_Ins_LearningMobility_3_question_3131,326.9,501.6,1653.0
1628384,stimulus_Ins_LearningMobility_3_question_3131,326.9,501.6,1655.0
1628385,stimulus_Ins_LearningMobility_3_question_3131,326.6,501.6,1655.0
1628386,stimulus_Ins_LearningMobility_3_question_3131,326.4,501.7,1653.0
1628387,stimulus_Ins_LearningMobility_3_question_3131,326.8,502.4,1652.0
1628388,stimulus_Ins_LearningMobility_3_question_3131,327.2,503.2,1652.0
1628389,stimulus_Ins_LearningMobility_3_question_3131,327.6,504.0,1651.0
1628390,stimulus_Ins_LearningMobility_3_question_3131,327.8,504.1,1651.0
1628391,stimulus_Ins_LearningMobility_3_question_3131,328.0,504.3,1650.0
1628392,stimulus_Ins_LearningMobility_3_question_3131,328.2,504.4,1650.0
1628393,stimulus_Ins_LearningMobility_3_question_3131,328.3,504.6,1651.0
1628394,stimulus_Ins_LearningMobility_3_question_3131,328.3,504.7,1650.0
1628395,stimulus_Ins_LearningMobility_3_question_3131,328.5,504.6,1651.0
1628396,stimulus_Ins_LearningMobility_3_question_3131,328.7,504.6,1652.0
1628397,stimulus_Ins_LearningMobility_3_question_3131,328.6,504.6,1652.0
1628398,stimulus_Ins_LearningMobility_3_question_3131,328.4,504.6,1652.0
1628399,stimulus_Ins_LearningMobility_3_question_3131,328.2,504.6,1651.0
1628400,stimulus_Ins_LearningMobility_3_question_3131,328.2,504.8,1652.0
1628401,stimulus_Ins_LearningMobility_3_question_3131,328.4,505.0,1652.0
1628402,stimulus_Ins_LearningMobility_3_question_3131,328.6,504.6,1652.0
1628403,stimulus_Ins_LearningMobility_3_question_3131,328.9,503.9,1654.0
1628404,stimulus_Ins_LearningMobility_3_question_3131,329.2,503.1,1655.0
1628405,stimulus_Ins_LearningMobility_3_question_3131,329.3,503.2,1655.0
1628406,stimulus_Ins_LearningMobility_3_question_3131,329.3,503.6,1655.0
1628407,stimulus_Ins_LearningMobility_3_question_3131,329.2,504.2,1654.0
1628408,stimulus_Ins_LearningMobility_3_question_3131,329.2,504.7,1653.0
1628409,stimulus_Ins_LearningMobility_3_question_3131,329.2,505.3,1651.0
1628410,stimulus_Ins_LearningMobility_3_question_3131,329.1,505.8,1651.0
1628411,stimulus_Ins_LearningMobility_3_question_3131,328.9,506.4,1653.0
1628412,stimulus_Ins_LearningMobility_3_question_3131,329.0,506.2,1656.0
1628413,stimulus_Ins_LearningMobility_3_question_3131,329.1,505.5,1660.0
1628414,stimulus_Ins_LearningMobility_3_question_3131,329.2,504.7,1661.0
1628415,stimulus_Ins_LearningMobility_3_question_3131,329.0,504.5,1661.0
1628416,stimulus_Ins_LearningMobility_3_question_3131,328.7,504.5,1661.0
1628417,stimulus_Ins_LearningMobility_3_question_3131,328.3,504.4,1661.0
1628418,stimulus_Ins_LearningMobility_3_question_3131,328.3,504.4,1660.0
1628419,stimulus_Ins_LearningMobility_3_question_3131,328.1,504.4,1658.0
1628420,stimulus_Ins_LearningMobility_3_question_3131,327.9,504.4,1656.0
1628421,stimulus_Ins_LearningMobility_3_question_3131,327.9,504.5,1655.0
1628422,stimulus_Ins_LearningMobility_3_question_3131,328.3,504.6,1654.0
1628423,stimulus_Ins_LearningMobility_3_question_3131,328.8,504.7,1655.0
1628424,stimulus_Ins_LearningMobility_3_question_3131,329.1,504.7,1656.0
1628425,stimulus_Ins_LearningMobility_3_question_3131,328.9,504.7,1656.0
1628426,stimulus_Ins_LearningMobility_3_question_3131,328.8,504.5,1657.0
1628427,stimulus_Ins_LearningMobility_3_question_3131,328.7,504.3,1658.0
1628428,stimulus_Ins_LearningMobility_3_question_3131,328.3,504.2,1659.0
1628429,stimulus_Ins_LearningMobility_3_question_3131,327.7,504.2,1657.0
1628430,stimulus_Ins_LearningMobility_3_question_3131,327.4,504.3,1657.0
1628431,stimulus_Ins_LearningMobility_3_question_3131,327.8,504.3,1657.0
1628432,stimulus_Ins_LearningMobility_3_question_3131,328.2,504.3,1655.0
1628433,stimulus_Ins_LearningMobility_3_question_3131,328.3,503.9,1653.0
1628434,stimulus_Ins_LearningMobility_3_question_3131,328.0,503.6,1654.0
1628435,stimulus_Ins_LearningMobility_3_question_3131,327.8,503.1,1656.0
1628436,stimulus_Ins_LearningMobility_3_question_3131,327.8,502.9,1658.0
1628437,stimulus_Ins_LearningMobility_3_question_3131,327.4,502.7,1657.0
1628438,stimulus_Ins_LearningMobility_3_question_3131,326.9,502.6,1654.0
1628439,stimulus_Ins_LearningMobility_3_question_3131,326.2,502.6,1652.0
1628440,stimulus_Ins_LearningMobility_3_question_3131,326.0,502.6,1653.0
1628441,stimulus_Ins_LearningMobility_3_question_3131,326.3,503.7,1654.0
1628442,stimulus_Ins_LearningMobility_3_question_3131,326.6,504.9,1655.0
1628443,stimulus_Ins_LearningMobility_3_question_3131,326.8,506.1,1656.0
1628444,stimulus_Ins_LearningMobility_3_question_3131,326.7,506.1,1657.0
1628445,stimulus_Ins_LearningMobility_3_question_3131,326.5,506.0,1658.0
1628446,stimulus_Ins_LearningMobility_3_question_3131,326.4,505.9,1658.0
1628447,stimulus_Ins_LearningMobility_3_question_3131,326.2,505.9,1658.0
1628448,stimulus_Ins_LearningMobility_3_question_3131,326.1,505.9,1658.0
1628449,stimulus_Ins_LearningMobility_3_question_3131,326.0,505.9,1658.0
1628450,stimulus_Ins_LearningMobility_3_question_3131,326.1,506.5,1657.0
1628451,stimulus_Ins_LearningMobility_3_question_3131,326.2,507.0,1659.0
1628452,stimulus_Ins_LearningMobility_3_question_3131,326.2,507.5,1660.0
1628453,stimulus_Ins_LearningMobility_3_question_3131,326.2,507.6,1662.0
1628454,stimulus_Ins_LearningMobility_3_question_3131,326.2,507.4,1663.0
1628455,stimulus_Ins_LearningMobility_3_question_3131,326.1,507.3,1662.0
1628456,stimulus_Ins_LearningMobility_3_question_3131,325.8,507.1,1662.0
1628457,stimulus_Ins_LearningMobility_3_question_3131,325.5,507.2,1661.0
1628458,stimulus_Ins_LearningMobility_3_question_3131,325.4,507.2,1661.0
1628459,stimulus_Ins_LearningMobility_3_question_3131,325.5,507.2,1661.0
1628460,stimulus_Ins_LearningMobility_3_question_3131,325.4,507.1,1663.0
1628461,stimulus_Ins_LearningMobility_3_question_3131,325.3,507.1,1664.0
1628462,stimulus_Ins_LearningMobility_3_question_3131,325.3,507.1,1664.0
1628463,stimulus_Ins_LearningMobility_3_question_3131,325.3,507.1,1664.0
1628464,stimulus_Ins_LearningMobility_3_question_3131,325.4,507.1,1666.0
1628465,stimulus_Ins_LearningMobility_3_question_3131,325.5,507.0,1667.0
1628466,stimulus_Ins_LearningMobility_3_question_3131,325.6,507.0,1667.0
1628467,stimulus_Ins_LearningMobility_3_question_3131,325.6,507.0,1667.0
1628468,stimulus_Ins_LearningMobility_3_question_3131,325.7,506.9,1667.0
1628469,stimulus_Ins_LearningMobility_3_question_3131,325.8,506.9,1668.0
1628470,stimulus_Ins_LearningMobility_3_question_3131,325.9,506.9,1668.0
1628471,stimulus_Ins_LearningMobility_3_question_3131,325.9,506.9,1668.0
1628472,stimulus_Ins_LearningMobility_3_question_3131,325.9,506.8,1668.0
1628473,stimulus_Ins_LearningMobility_3_question_3131,325.9,506.5,1668.0
1628474,stimulus_Ins_LearningMobility_3_question_3131,325.9,506.2,1668.0
1628475,stimulus_Ins_LearningMobility_3_question_3131,326.3,506.1,1670.0
1628476,stimulus_Ins_LearningMobility_3_question_3131,326.7,506.3,1671.0
1628477,stimulus_Ins_LearningMobility_3_question_3131,327.0,507.0,1672.0
1628478,stimulus_Ins_LearningMobility_3_question_3131,327.2,507.6,1672.0
1628479,stimulus_Ins_LearningMobility_3_question_3131,327.4,507.9,1673.0
1628480,stimulus_Ins_LearningMobility_3_question_3131,327.7,508.0,1674.0
1628481,stimulus_Ins_LearningMobility_3_question_3131,327.7,508.1,1674.0
1628482,stimulus_Ins_LearningMobility_3_question_3131,327.7,508.3,1675.0
1628483,stimulus_Ins_LearningMobility_3_question_3131,327.7,508.1,1675.0
1628484,stimulus_Ins_LearningMobility_3_question_3131,327.0,507.9,1675.0
1628485,stimulus_Ins_LearningMobility_3_question_3131,326.2,507.8,1675.0
1628486,stimulus_Ins_LearningMobility_3_question_3131,325.5,507.7,1675.0
1628487,stimulus_Ins_LearningMobility_3_question_3131,325.3,507.6,1675.0
1628488,stimulus_Ins_LearningMobility_3_question_3131,324.6,507.4,1673.0
1628489,stimulus_Ins_LearningMobility_3_question_3131,323.9,507.3,1672.0
1628490,stimulus_Ins_LearningMobility_3_question_3131,323.3,507.3,1670.0
1628491,stimulus_Ins_LearningMobility_3_question_3131,323.2,507.4,1669.0
1628492,stimulus_Ins_LearningMobility_3_question_3131,323.1,507.4,1668.0
1628493,stimulus_Ins_LearningMobility_3_question_3131,323.0,507.3,1668.0
1628494,stimulus_Ins_LearningMobility_3_question_3131,323.1,507.0,1668.0
1628495,stimulus_Ins_LearningMobility_3_question_3131,323.2,506.6,1668.0
1628496,stimulus_Ins_LearningMobility_3_question_3131,322.8,506.3,1668.0
1628497,stimulus_Ins_LearningMobility_3_question_3131,322.3,506.3,1670.0
1628498,stimulus_Ins_LearningMobility_3_question_3131,321.8,506.5,1670.0
1628499,stimulus_Ins_LearningMobility_3_question_3131,321.8,506.7,1668.0
1628500,stimulus_Ins_LearningMobility_3_question_3131,321.8,507.2,1667.0
1628501,stimulus_Ins_LearningMobility_3_question_3131,321.8,507.6,1668.0
1628502,stimulus_Ins_LearningMobility_3_question_3131,322.1,508.0,1669.0
1628503,stimulus_Ins_LearningMobility_3_question_3131,322.4,507.8,1670.0
1628504,stimulus_Ins_LearningMobility_3_question_3131,322.6,507.6,1673.0
1628505,stimulus_Ins_LearningMobility_3_question_3131,322.6,507.5,1675.0
1628506,stimulus_Ins_LearningMobility_3_question_3131,322.6,507.5,1676.0
1628507,stimulus_Ins_LearningMobility_3_question_3131,322.6,507.8,1675.0
1628508,stimulus_Ins_LearningMobility_3_question_3131,322.6,508.1,1675.0
1628509,stimulus_Ins_LearningMobility_3_question_3131,322.3,508.4,1675.0
1628510,stimulus_Ins_LearningMobility_3_question_3131,322.0,508.4,1674.0
1628511,stimulus_Ins_LearningMobility_3_question_3131,322.0,508.4,1672.0
1628512,stimulus_Ins_LearningMobility_3_question_3131,322.2,508.4,1671.0
1628513,stimulus_Ins_LearningMobility_3_question_3131,322.4,508.4,1673.0
1628514,stimulus_Ins_LearningMobility_3_question_3131,322.7,508.3,1674.0
1628515,stimulus_Ins_LearningMobility_3_question_3131,323.1,508.3,1675.0
1628516,stimulus_Ins_LearningMobility_3_question_3131,323.2,508.3,1676.0
1628517,stimulus_Ins_LearningMobility_3_question_3131,322.9,508.3,1676.0
1628518,stimulus_Ins_LearningMobility_3_question_3131,322.6,508.4,1676.0
1628519,stimulus_Ins_LearningMobility_3_question_3131,322.5,508.4,1676.0
1628520,stimulus_Ins_LearningMobility_3_question_3131,322.5,508.7,1676.0
1628521,stimulus_Ins_LearningMobility_3_question_3131,322.8,508.8,1677.0
1628522,stimulus_Ins_LearningMobility_3_question_3131,323.0,509.0,1678.0
1628523,stimulus_Ins_LearningMobility_3_question_3131,323.3,509.0,1679.0
1628524,stimulus_Ins_LearningMobility_3_question_3131,323.2,509.3,1681.0
1628525,stimulus_Ins_LearningMobility_3_question_3131,323.2,509.4,1684.0
1628526,stimulus_Ins_LearningMobility_3_question_3131,323.5,509.4,1687.0
1628527,stimulus_Ins_LearningMobility_3_question_3131,323.8,509.4,1687.0
1628528,stimulus_Ins_LearningMobility_3_question_3131,324.0,509.5,1685.0
1628529,stimulus_Ins_LearningMobility_3_question_3131,324.0,510.3,1682.0
1628530,stimulus_Ins_LearningMobility_3_question_3131,323.9,511.0,1683.0
1628531,stimulus_Ins_LearningMobility_3_question_3131,323.9,511.6,1684.0
1628532,stimulus_Ins_LearningMobility_3_question_3131,323.9,511.6,1684.0
1628533,stimulus_Ins_LearningMobility_3_question_3131,324.1,511.6,1685.0
1628534,stimulus_Ins_LearningMobility_3_question_3131,324.3,511.6,1687.0
1628535,stimulus_Ins_LearningMobility_3_question_3131,324.4,511.6,1688.0
1628536,stimulus_Ins_LearningMobility_3_question_3131,324.4,511.4,1688.0
1628537,stimulus_Ins_LearningMobility_3_question_3131,325.0,511.1,1687.0
1628538,stimulus_Ins_LearningMobility_3_question_3131,325.6,510.3,1686.0
1628539,stimulus_Ins_LearningMobility_3_question_3131,326.0,509.5,1686.0
1628540,stimulus_Ins_LearningMobility_3_question_3131,325.8,508.7,1686.0
1628541,stimulus_Ins_LearningMobility_3_question_3131,325.6,508.3,1687.0
1628542,stimulus_Ins_LearningMobility_3_question_3131,325.4,508.1,1688.0
1628543,stimulus_Ins_LearningMobility_3_question_3131,324.3,508.3,1689.0
1628544,stimulus_Ins_LearningMobility_3_question_3131,323.1,509.1,1689.0
1628545,stimulus_Ins_LearningMobility_3_question_3131,322.0,510.5,1691.0
1628546,stimulus_Ins_LearningMobility_3_question_3131,321.6,514.0,1693.0
1628547,stimulus_Ins_LearningMobility_3_question_3131,321.4,518.7,1696.0
1628548,stimulus_Ins_LearningMobility_3_question_3131,321.8,525.3,1696.0
1628549,stimulus_Ins_LearningMobility_3_question_3131,323.5,531.4,1696.0
1628550,stimulus_Ins_LearningMobility_3_question_3131,325.9,538.2,1697.0
1628551,stimulus_Ins_LearningMobility_3_question_3131,328.4,545.2,1698.0
1628552,stimulus_Ins_LearningMobility_3_question_3131,330.3,554.4,1702.0
1628553,stimulus_Ins_LearningMobility_3_question_3131,332.9,563.2,1705.0
1628554,stimulus_Ins_LearningMobility_3_question_3131,336.5,573.2,1708.0
1628555,stimulus_Ins_LearningMobility_3_question_3131,340.3,580.8,1708.0
1628556,stimulus_Ins_LearningMobility_3_question_3131,345.8,591.4,1710.0
1628557,stimulus_Ins_LearningMobility_3_question_3131,350.1,601.0,1713.0
1628558,stimulus_Ins_LearningMobility_3_question_3131,355.9,612.2,1716.0
1628559,stimulus_Ins_LearningMobility_3_question_3131,360.6,621.0,1717.0
1628560,stimulus_Ins_LearningMobility_3_question_3131,367.0,629.8,1718.0
1628561,stimulus_Ins_LearningMobility_3_question_3131,372.6,639.3,1721.0
1628562,stimulus_Ins_LearningMobility_3_question_3131,376.7,648.1,1723.0
1628563,stimulus_Ins_LearningMobility_3_question_3131,380.3,657.0,1729.0
1628564,stimulus_Ins_LearningMobility_3_question_3131,383.6,664.4,1732.0
1628565,stimulus_Ins_LearningMobility_3_question_3131,387.2,672.9,1735.0
1628566,stimulus_Ins_LearningMobility_3_question_3131,390.0,682.9,1734.0
1628567,stimulus_Ins_LearningMobility_3_question_3131,392.0,694.2,1731.0
1628568,stimulus_Ins_LearningMobility_3_question_3131,393.4,705.0,1728.0
1628569,stimulus_Ins_LearningMobility_3_question_3131,395.5,714.2,1726.0
1628570,stimulus_Ins_LearningMobility_3_question_3131,399.4,723.0,1727.0
1628571,stimulus_Ins_LearningMobility_3_question_3131,405.0,733.0,1728.0
1628572,stimulus_Ins_LearningMobility_3_question_3131,410.0,742.5,1729.0
1628573,stimulus_Ins_LearningMobility_3_question_3131,414.0,751.9,1729.0
1628574,stimulus_Ins_LearningMobility_3_question_3131,417.7,760.6,1726.0
1628575,stimulus_Ins_LearningMobility_3_question_3131,421.5,768.8,1723.0
1628576,stimulus_Ins_LearningMobility_3_question_3131,426.3,777.7,1720.0
1628577,stimulus_Ins_LearningMobility_3_question_3131,430.5,786.5,1716.0
1628578,stimulus_Ins_LearningMobility_3_question_3131,435.7,797.1,1713.0
1628579,stimulus_Ins_LearningMobility_3_question_3131,440.5,806.7,1710.0
1628580,stimulus_Ins_LearningMobility_3_question_3131,445.2,816.4,1710.0
1628581,stimulus_Ins_LearningMobility_3_question_3131,449.1,824.1,1710.0
1628582,stimulus_Ins_LearningMobility_3_question_3131,452.4,831.2,1711.0
1628583,stimulus_Ins_LearningMobility_3_question_3131,454.9,837.4,1713.0
1628584,stimulus_Ins_LearningMobility_3_question_3131,456.1,842.9,1713.0
1628585,stimulus_Ins_LearningMobility_3_question_3131,456.5,847.7,1714.0
1628586,stimulus_Ins_LearningMobility_3_question_3131,456.9,850.6,1714.0
1628587,stimulus_Ins_LearningMobility_3_question_3131,457.1,852.4,1712.0
1628588,stimulus_Ins_LearningMobility_3_question_3131,457.4,852.6,1710.0
1628589,stimulus_Ins_LearningMobility_3_question_3131,457.7,851.6,1709.0
1628590,stimulus_Ins_LearningMobility_3_question_3131,457.8,850.2,1709.0
1628591,stimulus_Ins_LearningMobility_3_question_3131,457.6,846.5,1709.0
1628592,stimulus_Ins_LearningMobility_3_question_3131,457.5,842.3,1712.0
1628593,stimulus_Ins_LearningMobility_3_question_3131,457.1,836.5,1715.0
1628594,stimulus_Ins_LearningMobility_3_question_3131,456.9,831.8,1719.0
1628595,stimulus_Ins_LearningMobility_3_question_3131,456.7,828.3,1719.0
1628596,stimulus_Ins_LearningMobility_3_question_3131,456.5,824.6,1722.0
1628597,stimulus_Ins_LearningMobility_3_question_3131,456.4,821.9,1725.0
1628598,stimulus_Ins_LearningMobility_3_question_3131,455.7,819.7,1729.0
1628599,stimulus_Ins_LearningMobility_3_question_3131,454.9,818.7,1729.0
1628600,stimulus_Ins_LearningMobility_3_question_3131,454.2,817.7,1727.0
1628601,stimulus_Ins_LearningMobility_3_question_3131,453.7,817.4,1726.0
1628602,stimulus_Ins_LearningMobility_3_question_3131,453.5,817.8,1723.0
1628603,stimulus_Ins_LearningMobility_3_question_3131,453.2,818.3,1723.0
1628604,stimulus_Ins_LearningMobility_3_question_3131,453.2,818.2,1723.0
1628605,stimulus_Ins_LearningMobility_3_question_3131,453.5,818.2,1723.0
1628606,stimulus_Ins_LearningMobility_3_question_3131,453.8,818.3,1723.0
1628607,stimulus_Ins_LearningMobility_3_question_3131,453.9,818.4,1720.0
1628608,stimulus_Ins_LearningMobility_3_question_3131,453.6,818.5,1718.0
1628609,stimulus_Ins_LearningMobility_3_question_3131,453.4,818.5,1715.0
1628610,stimulus_Ins_LearningMobility_3_question_3131,453.3,818.4,1715.0
1628611,stimulus_Ins_LearningMobility_3_question_3131,453.3,818.3,1716.0
1628612,stimulus_Ins_LearningMobility_3_question_3131,453.3,817.7,1716.0
1628613,stimulus_Ins_LearningMobility_3_question_3131,452.8,817.2,1716.0
1628614,stimulus_Ins_LearningMobility_3_question_3131,452.3,816.1,1718.0
1628615,stimulus_Ins_LearningMobility_3_question_3131,451.9,815.3,1720.0
1628616,stimulus_Ins_LearningMobility_3_question_3131,452.0,814.6,1721.0
1628617,stimulus_Ins_LearningMobility_3_question_3131,452.5,814.5,1721.0
1628618,stimulus_Ins_LearningMobility_3_question_3131,453.0,814.5,1723.0
1628619,stimulus_Ins_LearningMobility_3_question_3131,453.3,814.4,1724.0
1628620,stimulus_Ins_LearningMobility_3_question_3131,453.0,813.5,1725.0
1628621,stimulus_Ins_LearningMobility_3_question_3131,452.6,812.7,1724.0
1628622,stimulus_Ins_LearningMobility_3_question_3131,452.3,811.8,1723.0
1628623,stimulus_Ins_LearningMobility_3_question_3131,452.3,811.8,1723.0
1628624,stimulus_Ins_LearningMobility_3_question_3131,452.3,811.7,1723.0
1628625,stimulus_Ins_LearningMobility_3_question_3131,452.2,811.7,1724.0
1628626,stimulus_Ins_LearningMobility_3_question_3131,452.1,811.7,1723.0
1628627,stimulus_Ins_LearningMobility_3_question_3131,452.1,811.0,1722.0
1628628,stimulus_Ins_LearningMobility_3_question_3131,452.0,810.3,1721.0
1628629,stimulus_Ins_LearningMobility_3_question_3131,452.1,809.6,1721.0
1628630,stimulus_Ins_LearningMobility_3_question_3131,452.2,809.6,1721.0
1628631,stimulus_Ins_LearningMobility_3_question_3131,452.3,809.7,1721.0
1628632,stimulus_Ins_LearningMobility_3_question_3131,452.2,808.8,1721.0
1628633,stimulus_Ins_LearningMobility_3_question_3131,452.3,808.2,1720.0
1628634,stimulus_Ins_LearningMobility_3_question_3131,452.3,807.8,1720.0
1628635,stimulus_Ins_LearningMobility_3_question_3131,452.5,808.2,1720.0
1628636,stimulus_Ins_LearningMobility_3_question_3131,452.7,808.4,1720.0
1628637,stimulus_Ins_LearningMobility_3_question_3131,452.7,808.4,1721.0
1628638,stimulus_Ins_LearningMobility_3_question_3131,452.3,808.5,1720.0
1628639,stimulus_Ins_LearningMobility_3_question_3131,451.7,808.0,1719.0
1628640,stimulus_Ins_LearningMobility_3_question_3131,451.2,807.0,1719.0
1628641,stimulus_Ins_LearningMobility_3_question_3131,451.0,805.9,1719.0
1628642,stimulus_Ins_LearningMobility_3_question_3131,450.9,805.4,1720.0
1628643,stimulus_Ins_LearningMobility_3_question_3131,450.8,805.2,1723.0
1628644,stimulus_Ins_LearningMobility_3_question_3131,450.7,805.0,1724.0
1628645,stimulus_Ins_LearningMobility_3_question_3131,450.8,804.8,1725.0
1628646,stimulus_Ins_LearningMobility_3_question_3131,450.9,804.7,1724.0
1628647,stimulus_Ins_LearningMobility_3_question_3131,451.3,804.9,1724.0
1628648,stimulus_Ins_LearningMobility_3_question_3131,451.6,805.1,1724.0
1628649,stimulus_Ins_LearningMobility_3_question_3131,451.6,805.4,1725.0
1628650,stimulus_Ins_LearningMobility_3_question_3131,451.5,805.3,1725.0
1628651,stimulus_Ins_LearningMobility_3_question_3131,451.4,804.8,1726.0
1628652,stimulus_Ins_LearningMobility_3_question_3131,451.5,804.2,1728.0
1628653,stimulus_Ins_LearningMobility_3_question_3131,451.5,803.7,1731.0
1628654,stimulus_Ins_LearningMobility_3_question_3131,451.3,802.6,1733.0
1628655,stimulus_Ins_LearningMobility_3_question_3131,451.1,801.6,1734.0
1628656,stimulus_Ins_LearningMobility_3_question_3131,450.7,800.6,1734.0
1628657,stimulus_Ins_LearningMobility_3_question_3131,450.4,800.6,1732.0
1628658,stimulus_Ins_LearningMobility_3_question_3131,450.0,801.1,1729.0
1628659,stimulus_Ins_LearningMobility_3_question_3131,449.7,801.6,1725.0
1628660,stimulus_Ins_LearningMobility_3_question_3131,449.3,802.0,1724.0
1628661,stimulus_Ins_LearningMobility_3_question_3131,449.1,801.7,1724.0
1628662,stimulus_Ins_LearningMobility_3_question_3131,449.1,801.0,1724.0
1628663,stimulus_Ins_LearningMobility_3_question_3131,449.1,800.3,1725.0
1628664,stimulus_Ins_LearningMobility_3_question_3131,449.0,799.8,1727.0
1628665,stimulus_Ins_LearningMobility_3_question_3131,448.9,799.8,1729.0
1628666,stimulus_Ins_LearningMobility_3_question_3131,448.8,799.9,1730.0
1628667,stimulus_Ins_LearningMobility_3_question_3131,448.8,799.9,1730.0
1628668,stimulus_Ins_LearningMobility_3_question_3131,448.9,800.2,1730.0
1628669,stimulus_Ins_LearningMobility_3_question_3131,448.7,800.4,1728.0
1628670,stimulus_Ins_LearningMobility_3_question_3131,448.5,800.3,1726.0
1628671,stimulus_Ins_LearningMobility_3_question_3131,448.6,800.1,1724.0
1628672,stimulus_Ins_LearningMobility_3_question_3131,448.9,799.9,1725.0
1628673,stimulus_Ins_LearningMobility_3_question_3131,449.1,799.9,1727.0
1628674,stimulus_Ins_LearningMobility_3_question_3131,448.8,799.5,1727.0
1628675,stimulus_Ins_LearningMobility_3_question_3131,448.5,799.1,1727.0
1628676,stimulus_Ins_LearningMobility_3_question_3131,448.3,798.8,1728.0
1628677,stimulus_Ins_LearningMobility_3_question_3131,448.5,798.8,1728.0
1628678,stimulus_Ins_LearningMobility_3_question_3131,448.8,799.9,1729.0
1628679,stimulus_Ins_LearningMobility_3_question_3131,449.1,800.9,1729.0
1628680,stimulus_Ins_LearningMobility_3_question_3131,449.4,801.7,1730.0
1628681,stimulus_Ins_LearningMobility_3_question_3131,449.5,801.4,1730.0
1628682,stimulus_Ins_LearningMobility_3_question_3131,449.6,801.0,1730.0
1628683,stimulus_Ins_LearningMobility_3_question_3131,449.6,800.4,1730.0
1628684,stimulus_Ins_LearningMobility_3_question_3131,449.5,800.0,1729.0
1628685,stimulus_Ins_LearningMobility_3_question_3131,449.8,799.8,1729.0
1628686,stimulus_Ins_LearningMobility_3_question_3131,450.0,799.7,1730.0
1628687,stimulus_Ins_LearningMobility_3_question_3131,450.1,799.6,1730.0
1628688,stimulus_Ins_LearningMobility_3_question_3131,450.0,799.6,1730.0
1628689,stimulus_Ins_LearningMobility_3_question_3131,449.9,799.7,1728.0
1628690,stimulus_Ins_LearningMobility_3_question_3131,449.7,799.7,1727.0
1628691,stimulus_Ins_LearningMobility_3_question_3131,449.3,799.6,1728.0
1628692,stimulus_Ins_LearningMobility_3_question_3131,449.2,799.3,1731.0
1628693,stimulus_Ins_LearningMobility_3_question_3131,449.1,799.2,1735.0
1628694,stimulus_Ins_LearningMobility_3_question_3131,449.0,799.2,1738.0
1628695,stimulus_Ins_LearningMobility_3_question_3131,448.7,799.0,1741.0
1628696,stimulus_Ins_LearningMobility_3_question_3131,448.3,798.8,1742.0
1628697,stimulus_Ins_LearningMobility_3_question_3131,448.6,799.0,1742.0
1628698,stimulus_Ins_LearningMobility_3_question_3131,449.5,799.9,1738.0
1628699,stimulus_Ins_LearningMobility_3_question_3131,450.3,800.7,1733.0
1628700,stimulus_Ins_LearningMobility_3_question_3131,450.7,800.8,1728.0
1628701,stimulus_Ins_LearningMobility_3_question_3131,450.6,800.1,1729.0
1628702,stimulus_Ins_LearningMobility_3_question_3131,450.5,799.4,1729.0
1628703,stimulus_Ins_LearningMobility_3_question_3131,450.4,798.9,1732.0
1628704,stimulus_Ins_LearningMobility_3_question_3131,450.3,798.9,1735.0
1628705,stimulus_Ins_LearningMobility_3_question_3131,450.2,798.9,1738.0
1628706,stimulus_Ins_LearningMobility_3_question_3131,449.7,798.9,1739.0
1628707,stimulus_Ins_LearningMobility_3_question_3131,449.3,799.1,1739.0
1628708,stimulus_Ins_LearningMobility_3_question_3131,448.9,799.3,1739.0
1628709,stimulus_Ins_LearningMobility_3_question_3131,449.6,799.4,1739.0
1628710,stimulus_Ins_LearningMobility_3_question_3131,450.3,799.3,1739.0
1628711,stimulus_Ins_LearningMobility_3_question_3131,450.9,799.2,1739.0
1628712,stimulus_Ins_LearningMobility_3_question_3131,451.0,799.2,1737.0
1628713,stimulus_Ins_LearningMobility_3_question_3131,451.0,799.3,1735.0
1628714,stimulus_Ins_LearningMobility_3_question_3131,450.8,799.4,1734.0
1628715,stimulus_Ins_LearningMobility_3_question_3131,450.7,799.4,1734.0
1628716,stimulus_Ins_LearningMobility_3_question_3131,450.7,799.2,1735.0
1628717,stimulus_Ins_LearningMobility_3_question_3131,450.8,799.0,1737.0
1628718,stimulus_Ins_LearningMobility_3_question_3131,451.0,799.0,1739.0
1628719,stimulus_Ins_LearningMobility_3_question_3131,451.0,798.9,1740.0
1628720,stimulus_Ins_LearningMobility_3_question_3131,451.1,799.2,1737.0
1628721,stimulus_Ins_LearningMobility_3_question_3131,451.0,799.7,1735.0
1628722,stimulus_Ins_LearningMobility_3_question_3131,450.9,800.3,1732.0
1628723,stimulus_Ins_LearningMobility_3_question_3131,450.6,800.4,1733.0
1628724,stimulus_Ins_LearningMobility_3_question_3131,450.3,800.2,1734.0
1628725,stimulus_Ins_LearningMobility_3_question_3131,450.0,799.6,1735.0
1628726,stimulus_Ins_LearningMobility_3_question_3131,449.9,799.1,1738.0
1628727,stimulus_Ins_LearningMobility_3_question_3131,449.9,799.3,1740.0
1628728,stimulus_Ins_LearningMobility_3_question_3131,449.9,799.8,1740.0
1628729,stimulus_Ins_LearningMobility_3_question_3131,449.9,800.2,1737.0
1628730,stimulus_Ins_LearningMobility_3_question_3131,449.9,799.6,1734.0
1628731,stimulus_Ins_LearningMobility_3_question_3131,449.9,798.2,1734.0
1628732,stimulus_Ins_LearningMobility_3_question_3131,449.9,797.1,1733.0
1628733,stimulus_Ins_LearningMobility_3_question_3131,450.0,797.6,1733.0
1628734,stimulus_Ins_LearningMobility_3_question_3131,450.2,798.9,1734.0
1628735,stimulus_Ins_LearningMobility_3_question_3131,450.2,799.7,1736.0
1628736,stimulus_Ins_LearningMobility_3_question_3131,450.2,799.1,1738.0
1628737,stimulus_Ins_LearningMobility_3_question_3131,450.2,798.4,1740.0
1628738,stimulus_Ins_LearningMobility_3_question_3131,450.4,798.1,1741.0
1628739,stimulus_Ins_LearningMobility_3_question_3131,451.5,797.9,1740.0
1628740,stimulus_Ins_LearningMobility_3_question_3131,453.4,797.7,1739.0
1628741,stimulus_Ins_LearningMobility_3_question_3131,455.7,797.5,1737.0
1628742,stimulus_Ins_LearningMobility_3_question_3131,457.7,795.9,1735.0
1628743,stimulus_Ins_LearningMobility_3_question_3131,460.3,794.1,1733.0
1628744,stimulus_Ins_LearningMobility_3_question_3131,464.1,792.5,1735.0
1628745,stimulus_Ins_LearningMobility_3_question_3131,470.3,791.8,1739.0
1628746,stimulus_Ins_LearningMobility_3_question_3131,477.7,791.3,1742.0
1628747,stimulus_Ins_LearningMobility_3_question_3131,486.9,790.8,1741.0
1628748,stimulus_Ins_LearningMobility_3_question_3131,495.2,790.8,1738.0
1628749,stimulus_Ins_LearningMobility_3_question_3131,503.3,790.5,1733.0
1628750,stimulus_Ins_LearningMobility_3_question_3131,508.8,790.1,1729.0
1628751,stimulus_Ins_LearningMobility_3_question_3131,513.6,788.9,1728.0
1628752,stimulus_Ins_LearningMobility_3_question_3131,517.9,787.8,1729.0
1628753,stimulus_Ins_LearningMobility_3_question_3131,523.1,786.5,1728.0
1628754,stimulus_Ins_LearningMobility_3_question_3131,528.1,785.9,1728.0
1628755,stimulus_Ins_LearningMobility_3_question_3131,532.7,785.2,1729.0
1628756,stimulus_Ins_LearningMobility_3_question_3131,536.8,784.8,1730.0
1628757,stimulus_Ins_LearningMobility_3_question_3131,541.3,784.7,1731.0
1628758,stimulus_Ins_LearningMobility_3_question_3131,545.0,785.1,1727.0
1628759,stimulus_Ins_LearningMobility_3_question_3131,547.5,785.6,1723.0
1628760,stimulus_Ins_LearningMobility_3_question_3131,548.5,785.8,1718.0
1628761,stimulus_Ins_LearningMobility_3_question_3131,549.2,785.9,1716.0
1628762,stimulus_Ins_LearningMobility_3_question_3131,550.0,786.0,1714.0
1628763,stimulus_Ins_LearningMobility_3_question_3131,550.9,786.1,1714.0
1628764,stimulus_Ins_LearningMobility_3_question_3131,552.0,786.3,1713.0
1628765,stimulus_Ins_LearningMobility_3_question_3131,552.9,786.4,1713.0
1628766,stimulus_Ins_LearningMobility_3_question_3131,554.0,786.5,1712.0
1628767,stimulus_Ins_LearningMobility_3_question_3131,554.8,786.3,1712.0
1628768,stimulus_Ins_LearningMobility_3_question_3131,555.6,786.3,1711.0
1628769,stimulus_Ins_LearningMobility_3_question_3131,556.4,786.5,1710.0
1628770,stimulus_Ins_LearningMobility_3_question_3131,557.6,786.8,1708.0
1628771,stimulus_Ins_LearningMobility_3_question_3131,558.5,786.3,1706.0
1628772,stimulus_Ins_LearningMobility_3_question_3131,558.9,786.0,1707.0
1628773,stimulus_Ins_LearningMobility_3_question_3131,558.9,785.7,1709.0
1628774,stimulus_Ins_LearningMobility_3_question_3131,559.0,784.8,1714.0
1628775,stimulus_Ins_LearningMobility_3_question_3131,559.0,783.8,1717.0
1628776,stimulus_Ins_LearningMobility_3_question_3131,559.0,783.0,1718.0
1628777,stimulus_Ins_LearningMobility_3_question_3131,559.6,783.8,1715.0
1628778,stimulus_Ins_LearningMobility_3_question_3131,560.2,784.7,1711.0
1628779,stimulus_Ins_LearningMobility_3_question_3131,560.9,785.2,1709.0
1628780,stimulus_Ins_LearningMobility_3_question_3131,561.0,785.2,1709.0
1628781,stimulus_Ins_LearningMobility_3_question_3131,561.0,785.2,1706.0
1628782,stimulus_Ins_LearningMobility_3_question_3131,561.5,785.2,1704.0
1628783,stimulus_Ins_LearningMobility_3_question_3131,562.1,785.1,1706.0
1628784,stimulus_Ins_LearningMobility_3_question_3131,562.8,785.0,1710.0
1628785,stimulus_Ins_LearningMobility_3_question_3131,563.2,785.0,1713.0
1628786,stimulus_Ins_LearningMobility_3_question_3131,563.5,785.1,1713.0
1628787,stimulus_Ins_LearningMobility_3_question_3131,563.7,785.3,1713.0
1628788,stimulus_Ins_LearningMobility_3_question_3131,563.4,785.8,1713.0
1628789,stimulus_Ins_LearningMobility_3_question_3131,562.9,786.1,1712.0
1628790,stimulus_Ins_LearningMobility_3_question_3131,562.7,786.5,1713.0
1628791,stimulus_Ins_LearningMobility_3_question_3131,563.1,786.5,1713.0
1628792,stimulus_Ins_LearningMobility_3_question_3131,563.4,786.2,1714.0
1628793,stimulus_Ins_LearningMobility_3_question_3131,563.5,785.9,1715.0
1628794,stimulus_Ins_LearningMobility_3_question_3131,563.4,785.3,1716.0
1628795,stimulus_Ins_LearningMobility_3_question_3131,563.3,785.0,1717.0
1628796,stimulus_Ins_LearningMobility_3_question_3131,563.2,784.8,1718.0
1628797,stimulus_Ins_LearningMobility_3_question_3131,563.2,784.7,1718.0
1628798,stimulus_Ins_LearningMobility_3_question_3131,563.3,784.8,1716.0
1628799,stimulus_Ins_LearningMobility_3_question_3131,563.4,784.8,1713.0
1628800,stimulus_Ins_LearningMobility_3_question_3131,563.4,784.7,1711.0
1628801,stimulus_Ins_LearningMobility_3_question_3131,563.3,784.4,1711.0
1628802,stimulus_Ins_LearningMobility_3_question_3131,563.3,784.1,1712.0
1628803,stimulus_Ins_LearningMobility_3_question_3131,563.4,784.0,1713.0
1628804,stimulus_Ins_LearningMobility_3_question_3131,563.4,783.7,1714.0
1628805,stimulus_Ins_LearningMobility_3_question_3131,563.4,783.5,1712.0
1628806,stimulus_Ins_LearningMobility_3_question_3131,563.0,783.3,1709.0
1628807,stimulus_Ins_LearningMobility_3_question_3131,562.6,783.2,1706.0
1628808,stimulus_Ins_LearningMobility_3_question_3131,562.3,783.2,1706.0
1628809,stimulus_Ins_LearningMobility_3_question_3131,562.4,783.3,1706.0
1628810,stimulus_Ins_LearningMobility_3_question_3131,562.6,783.4,1706.0
1628811,stimulus_Ins_LearningMobility_3_question_3131,562.7,782.9,1707.0
1628812,stimulus_Ins_LearningMobility_3_question_3131,562.7,782.2,1707.0
1628813,stimulus_Ins_LearningMobility_3_question_3131,563.0,781.5,1709.0
1628814,stimulus_Ins_LearningMobility_3_question_3131,563.3,781.3,1710.0
1628815,stimulus_Ins_LearningMobility_3_question_3131,563.6,781.6,1711.0
1628816,stimulus_Ins_LearningMobility_3_question_3131,563.5,782.0,1710.0
1628817,stimulus_Ins_LearningMobility_3_question_3131,563.4,782.4,1710.0
1628818,stimulus_Ins_LearningMobility_3_question_3131,563.4,782.5,1710.0
1628819,stimulus_Ins_LearningMobility_3_question_3131,563.4,782.5,1709.0
1628820,stimulus_Ins_LearningMobility_3_question_3131,563.3,782.6,1708.0
1628821,stimulus_Ins_LearningMobility_3_question_3131,563.2,782.7,1706.0
1628822,stimulus_Ins_LearningMobility_3_question_3131,563.2,782.5,1705.0
1628823,stimulus_Ins_LearningMobility_3_question_3131,563.1,782.2,1707.0
1628824,stimulus_Ins_LearningMobility_3_question_3131,563.1,781.7,1708.0
1628825,stimulus_Ins_LearningMobility_3_question_3131,563.1,781.4,1709.0
1628826,stimulus_Ins_LearningMobility_3_question_3131,563.3,781.2,1709.0
1628827,stimulus_Ins_LearningMobility_3_question_3131,563.5,781.2,1708.0
1628828,stimulus_Ins_LearningMobility_3_question_3131,563.6,781.3,1708.0
1628829,stimulus_Ins_LearningMobility_3_question_3131,563.6,781.5,1708.0
1628830,stimulus_Ins_LearningMobility_3_question_3131,563.6,782.2,1708.0
1628831,stimulus_Ins_LearningMobility_3_question_3131,563.7,782.8,1707.0
1628832,stimulus_Ins_LearningMobility_3_question_3131,563.8,783.2,1707.0
1628833,stimulus_Ins_LearningMobility_3_question_3131,564.1,783.1,1709.0
1628834,stimulus_Ins_LearningMobility_3_question_3131,564.4,783.2,1712.0
1628835,stimulus_Ins_LearningMobility_3_question_3131,565.1,783.3,1715.0
1628836,stimulus_Ins_LearningMobility_3_question_3131,565.3,782.7,1716.0
1628837,stimulus_Ins_LearningMobility_3_question_3131,565.6,782.0,1718.0
1628838,stimulus_Ins_LearningMobility_3_question_3131,565.5,781.8,1720.0
1628839,stimulus_Ins_LearningMobility_3_question_3131,564.9,782.2,1718.0
1628840,stimulus_Ins_LearningMobility_3_question_3131,564.3,782.5,1715.0
1628841,stimulus_Ins_LearningMobility_3_question_3131,563.6,781.6,1710.0
1628842,stimulus_Ins_LearningMobility_3_question_3131,563.6,780.7,1709.0
1628843,stimulus_Ins_LearningMobility_3_question_3131,563.7,780.0,1709.0
1628844,stimulus_Ins_LearningMobility_3_question_3131,563.8,779.9,1709.0
1628845,stimulus_Ins_LearningMobility_3_question_3131,564.0,780.1,1710.0
1628846,stimulus_Ins_LearningMobility_3_question_3131,564.0,780.2,1710.0
1628847,stimulus_Ins_LearningMobility_3_question_3131,564.2,780.5,1709.0
1628848,stimulus_Ins_LearningMobility_3_question_3131,564.2,780.6,1708.0
1628849,stimulus_Ins_LearningMobility_3_question_3131,564.4,781.5,1705.0
1628850,stimulus_Ins_LearningMobility_3_question_3131,564.4,782.3,1704.0
1628851,stimulus_Ins_LearningMobility_3_question_3131,564.4,782.2,1703.0
1628852,stimulus_Ins_LearningMobility_3_question_3131,564.3,781.4,1703.0
1628853,stimulus_Ins_LearningMobility_3_question_3131,564.2,780.5,1704.0
1628854,stimulus_Ins_LearningMobility_3_question_3131,564.3,780.9,1705.0
1628855,stimulus_Ins_LearningMobility_3_question_3131,564.4,781.4,1705.0
1628856,stimulus_Ins_LearningMobility_3_question_3131,564.3,781.4,1705.0
1628857,stimulus_Ins_LearningMobility_3_question_3131,564.0,781.0,1704.0
1628858,stimulus_Ins_LearningMobility_3_question_3131,563.7,781.0,1702.0
1628859,stimulus_Ins_LearningMobility_3_question_3131,563.7,781.4,1699.0
1628860,stimulus_Ins_LearningMobility_3_question_3131,563.7,781.3,1696.0
1628861,stimulus_Ins_LearningMobility_3_question_3131,563.8,780.8,1698.0
1628862,stimulus_Ins_LearningMobility_3_question_3131,564.0,780.3,1700.0
1628863,stimulus_Ins_LearningMobility_3_question_3131,564.1,780.3,1702.0
1628864,stimulus_Ins_LearningMobility_3_question_3131,563.9,780.4,1702.0
1628865,stimulus_Ins_LearningMobility_3_question_3131,563.6,780.5,1703.0
1628866,stimulus_Ins_LearningMobility_3_question_3131,562.8,780.0,1704.0
1628867,stimulus_Ins_LearningMobility_3_question_3131,562.3,779.4,1704.0
1628868,stimulus_Ins_LearningMobility_3_question_3131,561.9,779.6,1702.0
1628869,stimulus_Ins_LearningMobility_3_question_3131,561.9,780.5,1699.0
1628870,stimulus_Ins_LearningMobility_3_question_3131,561.7,781.3,1696.0
1628871,stimulus_Ins_LearningMobility_3_question_3131,561.4,781.0,1698.0
1628872,stimulus_Ins_LearningMobility_3_question_3131,561.3,780.9,1700.0
1628873,stimulus_Ins_LearningMobility_3_question_3131,561.4,780.7,1703.0
1628874,stimulus_Ins_LearningMobility_3_question_3131,561.7,780.9,1704.0
1628875,stimulus_Ins_LearningMobility_3_question_3131,561.8,780.6,1706.0
1628876,stimulus_Ins_LearningMobility_3_question_3131,561.8,780.4,1707.0
1628877,stimulus_Ins_LearningMobility_3_question_3131,561.7,780.3,1708.0
1628878,stimulus_Ins_LearningMobility_3_question_3131,561.8,780.9,1708.0
1628879,stimulus_Ins_LearningMobility_3_question_3131,562.2,781.3,1707.0
1628880,stimulus_Ins_LearningMobility_3_question_3131,562.7,781.3,1709.0
1628881,stimulus_Ins_LearningMobility_3_question_3131,563.1,780.8,1711.0
1628882,stimulus_Ins_LearningMobility_3_question_3131,563.3,780.4,1712.0
1628883,stimulus_Ins_LearningMobility_3_question_3131,563.2,780.5,1711.0
1628884,stimulus_Ins_LearningMobility_3_question_3131,563.0,780.5,1710.0
1628885,stimulus_Ins_LearningMobility_3_question_3131,562.7,780.6,1710.0
1628886,stimulus_Ins_LearningMobility_3_question_3131,562.5,780.9,1710.0
1628887,stimulus_Ins_LearningMobility_3_question_3131,562.2,781.3,1709.0
1628888,stimulus_Ins_LearningMobility_3_question_3131,562.1,782.0,1708.0
1628889,stimulus_Ins_LearningMobility_3_question_3131,561.9,782.4,1708.0
1628890,stimulus_Ins_LearningMobility_3_question_3131,561.9,782.1,1708.0
1628891,stimulus_Ins_LearningMobility_3_question_3131,561.8,781.5,1709.0
1628892,stimulus_Ins_LearningMobility_3_question_3131,561.8,781.0,1710.0
1628893,stimulus_Ins_LearningMobility_3_question_3131,561.9,781.1,1709.0
1628894,stimulus_Ins_LearningMobility_3_question_3131,562.0,781.3,1708.0
1628895,stimulus_Ins_LearningMobility_3_question_3131,562.0,781.2,1710.0
1628896,stimulus_Ins_LearningMobility_3_question_3131,562.1,781.1,1713.0
1628897,stimulus_Ins_LearningMobility_3_question_3131,562.2,781.0,1716.0
1628898,stimulus_Ins_LearningMobility_3_question_3131,562.4,781.1,1717.0
1628899,stimulus_Ins_LearningMobility_3_question_3131,562.5,781.1,1717.0
1628900,stimulus_Ins_LearningMobility_3_question_3131,562.5,781.1,1716.0
1628901,stimulus_Ins_LearningMobility_3_question_3131,562.6,781.2,1715.0
1628902,stimulus_Ins_LearningMobility_3_question_3131,563.0,781.3,1716.0
1628903,stimulus_Ins_LearningMobility_3_question_3131,563.5,781.2,1717.0
1628904,stimulus_Ins_LearningMobility_3_question_3131,564.0,781.0,1718.0
1628905,stimulus_Ins_LearningMobility_3_question_3131,563.9,780.9,1718.0
1628906,stimulus_Ins_LearningMobility_3_question_3131,563.8,781.0,1717.0
1628907,stimulus_Ins_LearningMobility_3_question_3131,563.0,781.3,1717.0
1628908,stimulus_Ins_LearningMobility_3_question_3131,562.1,781.6,1714.0
1628909,stimulus_Ins_LearningMobility_3_question_3131,561.3,781.8,1713.0
1628910,stimulus_Ins_LearningMobility_3_question_3131,561.1,781.7,1711.0
1628911,stimulus_Ins_LearningMobility_3_question_3131,561.1,781.7,1712.0
1628912,stimulus_Ins_LearningMobility_3_question_3131,561.2,781.7,1713.0
1628913,stimulus_Ins_LearningMobility_3_question_3131,561.5,781.5,1716.0
1628914,stimulus_Ins_LearningMobility_3_question_3131,561.9,781.2,1719.0
1628915,stimulus_Ins_LearningMobility_3_question_3131,561.9,781.1,1721.0
1628916,stimulus_Ins_LearningMobility_3_question_3131,561.7,781.1,1720.0
1628917,stimulus_Ins_LearningMobility_3_question_3131,561.5,780.8,1720.0
1628918,stimulus_Ins_LearningMobility_3_question_3131,561.5,780.5,1718.0
1628919,stimulus_Ins_LearningMobility_3_question_3131,561.4,780.2,1716.0
1628920,stimulus_Ins_LearningMobility_3_question_3131,561.3,780.4,1715.0
1628921,stimulus_Ins_LearningMobility_3_question_3131,561.2,781.2,1715.0
1628922,stimulus_Ins_LearningMobility_3_question_3131,561.3,781.8,1714.0
1628923,stimulus_Ins_LearningMobility_3_question_3131,561.4,781.7,1714.0
1628924,stimulus_Ins_LearningMobility_3_question_3131,561.9,781.1,1717.0
1628925,stimulus_Ins_LearningMobility_3_question_3131,562.4,780.4,1720.0
1628926,stimulus_Ins_LearningMobility_3_question_3131,562.7,780.1,1723.0
1628927,stimulus_Ins_LearningMobility_3_question_3131,562.5,779.9,1723.0
1628928,stimulus_Ins_LearningMobility_3_question_3131,562.1,779.8,1724.0
1628929,stimulus_Ins_LearningMobility_3_question_3131,562.1,780.7,1725.0
1628930,stimulus_Ins_LearningMobility_3_question_3131,562.0,781.5,1724.0
1628931,stimulus_Ins_LearningMobility_3_question_3131,562.1,782.3,1723.0
1628932,stimulus_Ins_LearningMobility_3_question_3131,562.3,782.3,1724.0
1628933,stimulus_Ins_LearningMobility_3_question_3131,562.4,782.2,1726.0
1628934,stimulus_Ins_LearningMobility_3_question_3131,562.6,781.8,1730.0
1628935,stimulus_Ins_LearningMobility_3_question_3131,562.7,781.4,1733.0
1628936,stimulus_Ins_LearningMobility_3_question_3131,562.7,781.0,1735.0
1628937,stimulus_Ins_LearningMobility_3_question_3131,562.7,781.2,1735.0
1628938,stimulus_Ins_LearningMobility_3_question_3131,562.4,781.4,1735.0
1628939,stimulus_Ins_LearningMobility_3_question_3131,562.0,781.5,1734.0
1628940,stimulus_Ins_LearningMobility_3_question_3131,561.7,781.7,1734.0
1628941,stimulus_Ins_LearningMobility_3_question_3131,561.7,781.6,1733.0
1628942,stimulus_Ins_LearningMobility_3_question_3131,561.7,781.4,1732.0
1628943,stimulus_Ins_LearningMobility_3_question_3131,561.7,780.7,1733.0
1628944,stimulus_Ins_LearningMobility_3_question_3131,561.7,780.2,1735.0
1628945,stimulus_Ins_LearningMobility_3_question_3131,561.7,779.7,1737.0
1628946,stimulus_Ins_LearningMobility_3_question_3131,561.9,780.0,1737.0
1628947,stimulus_Ins_LearningMobility_3_question_3131,562.2,780.4,1737.0
1628948,stimulus_Ins_LearningMobility_3_question_3131,562.2,780.8,1736.0
1628949,stimulus_Ins_LearningMobility_3_question_3131,561.8,781.1,1735.0
1628950,stimulus_Ins_LearningMobility_3_question_3131,561.4,781.3,1734.0
1628951,stimulus_Ins_LearningMobility_3_question_3131,561.3,781.4,1733.0
1628952,stimulus_Ins_LearningMobility_3_question_3131,561.2,781.5,1732.0
1628953,stimulus_Ins_LearningMobility_3_question_3131,561.0,781.5,1732.0
1628954,stimulus_Ins_LearningMobility_3_question_3131,560.7,781.7,1732.0
1628955,stimulus_Ins_LearningMobility_3_question_3131,560.3,781.4,1732.0
1628956,stimulus_Ins_LearningMobility_3_question_3131,560.0,781.0,1732.0
1628957,stimulus_Ins_LearningMobility_3_question_3131,559.9,780.7,1733.0
1628958,stimulus_Ins_LearningMobility_3_question_3131,560.0,781.0,1734.0
1628959,stimulus_Ins_LearningMobility_3_question_3131,559.7,780.6,1736.0
1628960,stimulus_Ins_LearningMobility_3_question_3131,558.9,780.0,1739.0
1628961,stimulus_Ins_LearningMobility_3_question_3131,558.1,779.5,1739.0
1628962,stimulus_Ins_LearningMobility_3_question_3131,557.5,779.1,1735.0
1628963,stimulus_Ins_LearningMobility_3_question_3131,557.3,778.7,1734.0
1628964,stimulus_Ins_LearningMobility_3_question_3131,557.4,778.3,1735.0
1628965,stimulus_Ins_LearningMobility_3_question_3131,557.8,778.7,1739.0
1628966,stimulus_Ins_LearningMobility_3_question_3131,558.2,779.0,1742.0
1628967,stimulus_Ins_LearningMobility_3_question_3131,558.3,779.0,1744.0
1628968,stimulus_Ins_LearningMobility_3_question_3131,558.4,778.9,1744.0
1628969,stimulus_Ins_LearningMobility_3_question_3131,558.4,778.7,1744.0
1628970,stimulus_Ins_LearningMobility_3_question_3131,558.4,778.3,1744.0
1628971,stimulus_Ins_LearningMobility_3_question_3131,558.6,777.7,1745.0
1628972,stimulus_Ins_LearningMobility_3_question_3131,558.7,777.2,1746.0
1628973,stimulus_Ins_LearningMobility_3_question_3131,558.7,776.8,1748.0
1628974,stimulus_Ins_LearningMobility_3_question_3131,558.7,776.6,1748.0
1628975,stimulus_Ins_LearningMobility_3_question_3131,559.1,776.4,1749.0
1628976,stimulus_Ins_LearningMobility_3_question_3131,559.5,776.5,1750.0
1628977,stimulus_Ins_LearningMobility_3_question_3131,559.7,776.4,1750.0
1628978,stimulus_Ins_LearningMobility_3_question_3131,559.8,776.3,1750.0
1628979,stimulus_Ins_LearningMobility_3_question_3131,560.2,776.1,1749.0
1628980,stimulus_Ins_LearningMobility_3_question_3131,560.7,776.1,1748.0
1628981,stimulus_Ins_LearningMobility_3_question_3131,561.2,776.9,1749.0
1628982,stimulus_Ins_LearningMobility_3_question_3131,561.4,777.7,1750.0
1628983,stimulus_Ins_LearningMobility_3_question_3131,561.6,778.6,1752.0
1628984,stimulus_Ins_LearningMobility_3_question_3131,561.6,778.6,1755.0
1628985,stimulus_Ins_LearningMobility_3_question_3131,561.4,778.4,1757.0
1628986,stimulus_Ins_LearningMobility_3_question_3131,561.1,778.2,1759.0
1628987,stimulus_Ins_LearningMobility_3_question_3131,561.1,777.9,1760.0
1628988,stimulus_Ins_LearningMobility_3_question_3131,561.2,777.7,1760.0
1628989,stimulus_Ins_LearningMobility_3_question_3131,561.2,777.5,1760.0
1628990,stimulus_Ins_LearningMobility_3_question_3131,561.4,777.3,1761.0
1628991,stimulus_Ins_LearningMobility_3_question_3131,561.8,777.1,1761.0
1628992,stimulus_Ins_LearningMobility_3_question_3131,562.2,777.3,1762.0
1628993,stimulus_Ins_LearningMobility_3_question_3131,562.2,777.6,1762.0
1628994,stimulus_Ins_LearningMobility_3_question_3131,562.1,778.0,1764.0
1628995,stimulus_Ins_LearningMobility_3_question_3131,562.0,778.0,1765.0
1628996,stimulus_Ins_LearningMobility_3_question_3131,561.9,778.7,1764.0
1628997,stimulus_Ins_LearningMobility_3_question_3131,561.9,779.4,1763.0
1628998,stimulus_Ins_LearningMobility_3_question_3131,562.0,779.9,1762.0
1628999,stimulus_Ins_LearningMobility_3_question_3131,562.2,779.8,1763.0
1629000,stimulus_Ins_LearningMobility_3_question_3131,562.0,779.8,1764.0
1629001,stimulus_Ins_LearningMobility_3_question_3131,561.7,779.9,1765.0
1629002,stimulus_Ins_LearningMobility_3_question_3131,561.3,780.1,1765.0
1629003,stimulus_Ins_LearningMobility_3_question_3131,560.8,780.3,1769.0
1629004,stimulus_Ins_LearningMobility_3_question_3131,560.3,780.2,1773.0
1629005,stimulus_Ins_LearningMobility_3_question_3131,559.9,780.0,1776.0
1629006,stimulus_Ins_LearningMobility_3_question_3131,560.1,779.9,1773.0
1629007,stimulus_Ins_LearningMobility_3_question_3131,560.3,780.0,1768.0
1629008,stimulus_Ins_LearningMobility_3_question_3131,560.6,781.0,1765.0
1629009,stimulus_Ins_LearningMobility_3_question_3131,561.2,782.1,1766.0
1629010,stimulus_Ins_LearningMobility_3_question_3131,564.1,783.2,1769.0
1629011,stimulus_Ins_LearningMobility_3_question_3131,569.0,783.8,1771.0
1629012,stimulus_Ins_LearningMobility_3_question_3131,576.0,784.3,1772.0
1629013,stimulus_Ins_LearningMobility_3_question_3131,582.2,785.0,1773.0
1629014,stimulus_Ins_LearningMobility_3_question_3131,588.5,785.1,1773.0
1629015,stimulus_Ins_LearningMobility_3_question_3131,595.2,786.6,1773.0
1629016,stimulus_Ins_LearningMobility_3_question_3131,605.1,788.3,1772.0
1629017,stimulus_Ins_LearningMobility_3_question_3131,615.4,789.8,1772.0
1629018,stimulus_Ins_LearningMobility_3_question_3131,625.3,790.1,1770.0
1629019,stimulus_Ins_LearningMobility_3_question_3131,633.0,790.3,1769.0
1629020,stimulus_Ins_LearningMobility_3_question_3131,641.3,790.6,1770.0
1629021,stimulus_Ins_LearningMobility_3_question_3131,649.7,790.7,1773.0
1629022,stimulus_Ins_LearningMobility_3_question_3131,659.0,790.6,1777.0
1629023,stimulus_Ins_LearningMobility_3_question_3131,667.5,790.6,1778.0
1629024,stimulus_Ins_LearningMobility_3_question_3131,675.0,790.6,1776.0
1629025,stimulus_Ins_LearningMobility_3_question_3131,681.0,790.3,1775.0
1629026,stimulus_Ins_LearningMobility_3_question_3131,686.7,789.7,1775.0
1629027,stimulus_Ins_LearningMobility_3_question_3131,692.9,789.7,1777.0
1629028,stimulus_Ins_LearningMobility_3_question_3131,698.4,790.1,1776.0
1629029,stimulus_Ins_LearningMobility_3_question_3131,704.6,790.6,1770.0
1629030,stimulus_Ins_LearningMobility_3_question_3131,708.4,790.6,1765.0
1629031,stimulus_Ins_LearningMobility_3_question_3131,711.5,790.7,1764.0
1629032,stimulus_Ins_LearningMobility_3_question_3131,712.6,791.0,1767.0
1629033,stimulus_Ins_LearningMobility_3_question_3131,714.9,791.8,1770.0
1629034,stimulus_Ins_LearningMobility_3_question_3131,717.2,792.6,1770.0
1629035,stimulus_Ins_LearningMobility_3_question_3131,719.2,793.0,1767.0
1629036,stimulus_Ins_LearningMobility_3_question_3131,720.4,793.0,1763.0
1629037,stimulus_Ins_LearningMobility_3_question_3131,721.2,792.9,1766.0
1629038,stimulus_Ins_LearningMobility_3_question_3131,722.4,793.7,1768.0
1629039,stimulus_Ins_LearningMobility_3_question_3131,723.7,794.9,1771.0
1629040,stimulus_Ins_LearningMobility_3_question_3131,724.9,796.0,1772.0
1629041,stimulus_Ins_LearningMobility_3_question_3131,725.4,796.3,1772.0
1629042,stimulus_Ins_LearningMobility_3_question_3131,725.8,796.0,1771.0
1629043,stimulus_Ins_LearningMobility_3_question_3131,726.1,795.4,1772.0
1629044,stimulus_Ins_LearningMobility_3_question_3131,726.0,794.7,1774.0
1629045,stimulus_Ins_LearningMobility_3_question_3131,725.5,793.8,1776.0
1629046,stimulus_Ins_LearningMobility_3_question_3131,725.0,793.3,1777.0
1629047,stimulus_Ins_LearningMobility_3_question_3131,725.1,793.0,1778.0
1629048,stimulus_Ins_LearningMobility_3_question_3131,725.4,793.3,1778.0
1629049,stimulus_Ins_LearningMobility_3_question_3131,726.1,793.8,1777.0
1629050,stimulus_Ins_LearningMobility_3_question_3131,726.6,794.3,1776.0
1629051,stimulus_Ins_LearningMobility_3_question_3131,727.1,794.4,1778.0
1629052,stimulus_Ins_LearningMobility_3_question_3131,727.2,795.0,1780.0
1629053,stimulus_Ins_LearningMobility_3_question_3131,727.4,795.6,1782.0
1629054,stimulus_Ins_LearningMobility_3_question_3131,727.3,795.3,1783.0
1629055,stimulus_Ins_LearningMobility_3_question_3131,727.4,794.5,1785.0
1629056,stimulus_Ins_LearningMobility_3_question_3131,727.6,793.7,1785.0
1629057,stimulus_Ins_LearningMobility_3_question_3131,727.8,793.7,1784.0
1629058,stimulus_Ins_LearningMobility_3_question_3131,727.8,793.8,1782.0
1629059,stimulus_Ins_LearningMobility_3_question_3131,727.6,793.6,1780.0
1629060,stimulus_Ins_LearningMobility_3_question_3131,727.4,793.4,1777.0
1629061,stimulus_Ins_LearningMobility_3_question_3131,727.4,793.2,1774.0
1629062,stimulus_Ins_LearningMobility_3_question_3131,727.5,793.1,1772.0
1629063,stimulus_Ins_LearningMobility_3_question_3131,727.4,793.0,1772.0
1629064,stimulus_Ins_LearningMobility_3_question_3131,727.1,792.9,1774.0
1629065,stimulus_Ins_LearningMobility_3_question_3131,726.7,792.7,1778.0
1629066,stimulus_Ins_LearningMobility_3_question_3131,726.6,792.7,1780.0
1629067,stimulus_Ins_LearningMobility_3_question_3131,726.5,792.6,1782.0
1629068,stimulus_Ins_LearningMobility_3_question_3131,726.5,792.7,1782.0
1629069,stimulus_Ins_LearningMobility_3_question_3131,726.5,792.7,1781.0
1629070,stimulus_Ins_LearningMobility_3_question_3131,726.5,792.7,1781.0
1629071,stimulus_Ins_LearningMobility_3_question_3131,726.5,792.7,1780.0
1629072,stimulus_Ins_LearningMobility_3_question_3131,726.5,792.8,1779.0
1629073,stimulus_Ins_LearningMobility_3_question_3131,726.3,792.9,1780.0
1629074,stimulus_Ins_LearningMobility_3_question_3131,726.1,792.8,1781.0
1629075,stimulus_Ins_LearningMobility_3_question_3131,726.1,792.7,1783.0
1629076,stimulus_Ins_LearningMobility_3_question_3131,726.3,792.5,1783.0
1629077,stimulus_Ins_LearningMobility_3_question_3131,726.5,792.4,1784.0
1629078,stimulus_Ins_LearningMobility_3_question_3131,726.3,792.2,1784.0
1629079,stimulus_Ins_LearningMobility_3_question_3131,726.1,792.2,1784.0
1629080,stimulus_Ins_LearningMobility_3_question_3131,726.1,792.4,1782.0
1629081,stimulus_Ins_LearningMobility_3_question_3131,726.2,793.1,1780.0
1629082,stimulus_Ins_LearningMobility_3_question_3131,726.4,793.8,1781.0
1629083,stimulus_Ins_LearningMobility_3_question_3131,726.4,793.6,1784.0
1629084,stimulus_Ins_LearningMobility_3_question_3131,726.3,793.1,1787.0
1629085,stimulus_Ins_LearningMobility_3_question_3131,726.2,792.4,1787.0
1629086,stimulus_Ins_LearningMobility_3_question_3131,726.0,792.3,1786.0
1629087,stimulus_Ins_LearningMobility_3_question_3131,725.9,792.4,1786.0
1629088,stimulus_Ins_LearningMobility_3_question_3131,726.4,792.6,1786.0
1629089,stimulus_Ins_LearningMobility_3_question_3131,726.9,792.7,1786.0
1629090,stimulus_Ins_LearningMobility_3_question_3131,726.9,792.4,1786.0
1629091,stimulus_Ins_LearningMobility_3_question_3131,726.5,792.0,1786.0
1629092,stimulus_Ins_LearningMobility_3_question_3131,726.3,791.0,1789.0
1629093,stimulus_Ins_LearningMobility_3_question_3131,726.4,790.1,1791.0
1629094,stimulus_Ins_LearningMobility_3_question_3131,726.6,789.3,1793.0
1629095,stimulus_Ins_LearningMobility_3_question_3131,726.7,789.3,1793.0
1629096,stimulus_Ins_LearningMobility_3_question_3131,726.9,789.4,1795.0
1629097,stimulus_Ins_LearningMobility_3_question_3131,726.9,789.5,1797.0
1629098,stimulus_Ins_LearningMobility_3_question_3131,727.0,789.7,1797.0
1629099,stimulus_Ins_LearningMobility_3_question_3131,727.0,790.1,1798.0
1629100,stimulus_Ins_LearningMobility_3_question_3131,726.8,790.5,1798.0
1629101,stimulus_Ins_LearningMobility_3_question_3131,726.3,790.8,1798.0
1629102,stimulus_Ins_LearningMobility_3_question_3131,726.0,791.5,1799.0
1629103,stimulus_Ins_LearningMobility_3_question_3131,725.7,792.1,1800.0
1629104,stimulus_Ins_LearningMobility_3_question_3131,726.1,792.5,1800.0
1629105,stimulus_Ins_LearningMobility_3_question_3131,726.4,792.3,1801.0
1629106,stimulus_Ins_LearningMobility_3_question_3131,726.3,791.9,1803.0
1629107,stimulus_Ins_LearningMobility_3_question_3131,725.9,791.9,1804.0
1629108,stimulus_Ins_LearningMobility_3_question_3131,725.3,792.1,1803.0
1629109,stimulus_Ins_LearningMobility_3_question_3131,725.1,792.2,1802.0
1629110,stimulus_Ins_LearningMobility_3_question_3131,724.9,792.3,1800.0
1629111,stimulus_Ins_LearningMobility_3_question_3131,725.0,792.4,1800.0
1629112,stimulus_Ins_LearningMobility_3_question_3131,725.5,792.7,1799.0
1629113,stimulus_Ins_LearningMobility_3_question_3131,725.7,792.9,1801.0
1629114,stimulus_Ins_LearningMobility_3_question_3131,725.9,793.0,1805.0
1629115,stimulus_Ins_LearningMobility_3_question_3131,725.9,793.1,1809.0
1629116,stimulus_Ins_LearningMobility_3_question_3131,726.2,793.1,1811.0
1629117,stimulus_Ins_LearningMobility_3_question_3131,726.5,792.8,1808.0
1629118,stimulus_Ins_LearningMobility_3_question_3131,726.6,792.6,1805.0
1629119,stimulus_Ins_LearningMobility_3_question_3131,726.5,792.3,1804.0
1629120,stimulus_Ins_LearningMobility_3_question_3131,726.0,792.4,1804.0
1629121,stimulus_Ins_LearningMobility_3_question_3131,725.4,792.4,1804.0
1629122,stimulus_Ins_LearningMobility_3_question_3131,725.0,792.4,1806.0
1629123,stimulus_Ins_LearningMobility_3_question_3131,724.9,792.4,1808.0
1629124,stimulus_Ins_LearningMobility_3_question_3131,724.8,792.5,1811.0
1629125,stimulus_Ins_LearningMobility_3_question_3131,724.7,792.7,1811.0
1629126,stimulus_Ins_LearningMobility_3_question_3131,724.5,792.9,1810.0
1629127,stimulus_Ins_LearningMobility_3_question_3131,724.2,793.1,1810.0
1629128,stimulus_Ins_LearningMobility_3_question_3131,724.0,793.3,1809.0
1629129,stimulus_Ins_LearningMobility_3_question_3131,724.3,793.5,1809.0
1629130,stimulus_Ins_LearningMobility_3_question_3131,724.4,793.7,1809.0
1629131,stimulus_Ins_LearningMobility_3_question_3131,724.3,793.7,1811.0
1629132,stimulus_Ins_LearningMobility_3_question_3131,724.0,793.7,1812.0
1629133,stimulus_Ins_LearningMobility_3_question_3131,723.9,793.6,1814.0
1629134,stimulus_Ins_LearningMobility_3_question_3131,723.6,793.1,1814.0
1629135,stimulus_Ins_LearningMobility_3_question_3131,723.4,792.6,1815.0
1629136,stimulus_Ins_LearningMobility_3_question_3131,723.0,792.1,1814.0
1629137,stimulus_Ins_LearningMobility_3_question_3131,722.9,792.4,1813.0
1629138,stimulus_Ins_LearningMobility_3_question_3131,723.1,792.7,1813.0
1629139,stimulus_Ins_LearningMobility_3_question_3131,723.4,793.0,1813.0
1629140,stimulus_Ins_LearningMobility_3_question_3131,723.6,793.3,1814.0
1629141,stimulus_Ins_LearningMobility_3_question_3131,723.5,793.6,1815.0
1629142,stimulus_Ins_LearningMobility_3_question_3131,723.3,793.7,1815.0
1629143,stimulus_Ins_LearningMobility_3_question_3131,723.2,793.5,1817.0
1629144,stimulus_Ins_LearningMobility_3_question_3131,723.3,793.2,1818.0
1629145,stimulus_Ins_LearningMobility_3_question_3131,723.5,794.1,1819.0
1629146,stimulus_Ins_LearningMobility_3_question_3131,723.7,795.0,1820.0
1629147,stimulus_Ins_LearningMobility_3_question_3131,723.8,795.3,1820.0
1629148,stimulus_Ins_LearningMobility_3_question_3131,723.8,794.8,1820.0
1629149,stimulus_Ins_LearningMobility_3_question_3131,723.4,794.3,1820.0
1629150,stimulus_Ins_LearningMobility_3_question_3131,722.9,794.3,1819.0
1629151,stimulus_Ins_LearningMobility_3_question_3131,722.4,794.1,1817.0
1629152,stimulus_Ins_LearningMobility_3_question_3131,722.2,793.7,1815.0
1629153,stimulus_Ins_LearningMobility_3_question_3131,722.1,793.3,1814.0
1629154,stimulus_Ins_LearningMobility_3_question_3131,722.1,793.0,1818.0
1629155,stimulus_Ins_LearningMobility_3_question_3131,722.2,792.9,1822.0
1629156,stimulus_Ins_LearningMobility_3_question_3131,722.3,792.7,1827.0
1629157,stimulus_Ins_LearningMobility_3_question_3131,722.4,792.5,1828.0
1629158,stimulus_Ins_LearningMobility_3_question_3131,722.5,793.1,1825.0
1629159,stimulus_Ins_LearningMobility_3_question_3131,722.5,793.9,1820.0
1629160,stimulus_Ins_LearningMobility_3_question_3131,722.5,794.5,1815.0
1629161,stimulus_Ins_LearningMobility_3_question_3131,722.6,794.3,1814.0
1629162,stimulus_Ins_LearningMobility_3_question_3131,722.6,794.2,1815.0
1629163,stimulus_Ins_LearningMobility_3_question_3131,722.5,793.3,1820.0
1629164,stimulus_Ins_LearningMobility_3_question_3131,722.3,792.3,1824.0
1629165,stimulus_Ins_LearningMobility_3_question_3131,722.2,792.3,1826.0
1629166,stimulus_Ins_LearningMobility_3_question_3131,722.2,793.2,1825.0
1629167,stimulus_Ins_LearningMobility_3_question_3131,722.3,794.0,1823.0
1629168,stimulus_Ins_LearningMobility_3_question_3131,722.3,793.9,1822.0
1629169,stimulus_Ins_LearningMobility_3_question_3131,722.4,793.7,1821.0
1629170,stimulus_Ins_LearningMobility_3_question_3131,722.5,793.7,1822.0
1629171,stimulus_Ins_LearningMobility_3_question_3131,722.4,794.1,1823.0
1629172,stimulus_Ins_LearningMobility_3_question_3131,722.3,794.5,1824.0
1629173,stimulus_Ins_LearningMobility_3_question_3131,722.2,794.9,1825.0
1629174,stimulus_Ins_LearningMobility_3_question_3131,722.3,794.3,1826.0
1629175,stimulus_Ins_LearningMobility_3_question_3131,722.3,793.8,1827.0
1629176,stimulus_Ins_LearningMobility_3_question_3131,722.4,793.2,1827.0
1629177,stimulus_Ins_LearningMobility_3_question_3131,722.4,793.3,1827.0
1629178,stimulus_Ins_LearningMobility_3_question_3131,722.4,793.5,1826.0
1629179,stimulus_Ins_LearningMobility_3_question_3131,722.4,793.7,1824.0
1629180,stimulus_Ins_LearningMobility_3_question_3131,722.4,793.9,1823.0
1629181,stimulus_Ins_LearningMobility_3_question_3131,722.4,794.1,1823.0
1629182,stimulus_Ins_LearningMobility_3_question_3131,722.5,793.9,1823.0
1629183,stimulus_Ins_LearningMobility_3_question_3131,722.5,793.8,1825.0
1629184,stimulus_Ins_LearningMobility_3_question_3131,722.6,793.8,1825.0
1629185,stimulus_Ins_LearningMobility_3_question_3131,722.9,794.0,1825.0
1629186,stimulus_Ins_LearningMobility_3_question_3131,723.2,794.0,1825.0
1629187,stimulus_Ins_LearningMobility_3_question_3131,723.9,793.9,1826.0
1629188,stimulus_Ins_LearningMobility_3_question_3131,724.5,794.6,1826.0
1629189,stimulus_Ins_LearningMobility_3_question_3131,725.0,795.4,1826.0
1629190,stimulus_Ins_LearningMobility_3_question_3131,725.0,796.1,1825.0
1629191,stimulus_Ins_LearningMobility_3_question_3131,724.9,796.0,1825.0
1629192,stimulus_Ins_LearningMobility_3_question_3131,724.8,795.7,1825.0
1629193,stimulus_Ins_LearningMobility_3_question_3131,724.5,795.3,1826.0
1629194,stimulus_Ins_LearningMobility_3_question_3131,724.3,794.8,1827.0
1629195,stimulus_Ins_LearningMobility_3_question_3131,724.2,795.3,1828.0
1629196,stimulus_Ins_LearningMobility_3_question_3131,724.3,796.0,1830.0
1629197,stimulus_Ins_LearningMobility_3_question_3131,724.1,795.9,1830.0
1629198,stimulus_Ins_LearningMobility_3_question_3131,723.8,795.1,1830.0
1629199,stimulus_Ins_LearningMobility_3_question_3131,724.0,794.8,1829.0
1629200,stimulus_Ins_LearningMobility_3_question_3131,724.4,795.2,1828.0
1629201,stimulus_Ins_LearningMobility_3_question_3131,724.7,795.7,1827.0
1629202,stimulus_Ins_LearningMobility_3_question_3131,724.5,795.5,1826.0
1629203,stimulus_Ins_LearningMobility_3_question_3131,724.5,795.2,1825.0
1629204,stimulus_Ins_LearningMobility_3_question_3131,724.7,794.9,1825.0
1629205,stimulus_Ins_LearningMobility_3_question_3131,724.8,795.1,1825.0
1629206,stimulus_Ins_LearningMobility_3_question_3131,724.6,795.4,1825.0
1629207,stimulus_Ins_LearningMobility_3_question_3131,724.6,795.7,1823.0
1629208,stimulus_Ins_LearningMobility_3_question_3131,724.8,796.4,1821.0
1629209,stimulus_Ins_LearningMobility_3_question_3131,725.0,796.9,1819.0
1629210,stimulus_Ins_LearningMobility_3_question_3131,725.3,797.4,1820.0
1629211,stimulus_Ins_LearningMobility_3_question_3131,725.4,797.0,1821.0
1629212,stimulus_Ins_LearningMobility_3_question_3131,725.3,796.7,1822.0
1629213,stimulus_Ins_LearningMobility_3_question_3131,725.1,796.5,1823.0
1629214,stimulus_Ins_LearningMobility_3_question_3131,724.9,796.5,1823.0
1629215,stimulus_Ins_LearningMobility_3_question_3131,724.8,796.6,1823.0
1629216,stimulus_Ins_LearningMobility_3_question_3131,724.8,796.6,1822.0
1629217,stimulus_Ins_LearningMobility_3_question_3131,724.7,796.2,1822.0
1629218,stimulus_Ins_LearningMobility_3_question_3131,724.6,795.4,1822.0
1629219,stimulus_Ins_LearningMobility_3_question_3131,724.5,794.6,1822.0
1629220,stimulus_Ins_LearningMobility_3_question_3131,724.3,795.4,1822.0
1629221,stimulus_Ins_LearningMobility_3_question_3131,724.1,796.6,1821.0
1629222,stimulus_Ins_LearningMobility_3_question_3131,724.7,797.8,1821.0
1629223,stimulus_Ins_LearningMobility_3_question_3131,725.4,797.7,1822.0
1629224,stimulus_Ins_LearningMobility_3_question_3131,725.9,797.4,1823.0
1629225,stimulus_Ins_LearningMobility_3_question_3131,725.8,797.2,1825.0
1629226,stimulus_Ins_LearningMobility_3_question_3131,725.7,797.0,1827.0
1629227,stimulus_Ins_LearningMobility_3_question_3131,725.7,797.0,1827.0
1629228,stimulus_Ins_LearningMobility_3_question_3131,725.3,796.9,1822.0
1629229,stimulus_Ins_LearningMobility_3_question_3131,724.6,796.9,1819.0
1629230,stimulus_Ins_LearningMobility_3_question_3131,723.9,796.9,1818.0
1629231,stimulus_Ins_LearningMobility_3_question_3131,723.5,797.0,1819.0
1629232,stimulus_Ins_LearningMobility_3_question_3131,724.2,797.1,1821.0
1629233,stimulus_Ins_LearningMobility_3_question_3131,724.8,796.7,1823.0
1629234,stimulus_Ins_LearningMobility_3_question_3131,725.5,796.3,1826.0
1629235,stimulus_Ins_LearningMobility_3_question_3131,725.2,796.0,1828.0
1629236,stimulus_Ins_LearningMobility_3_question_3131,725.0,796.1,1829.0
1629237,stimulus_Ins_LearningMobility_3_question_3131,724.8,796.3,1828.0
1629238,stimulus_Ins_LearningMobility_3_question_3131,724.4,796.3,1827.0
1629239,stimulus_Ins_LearningMobility_3_question_3131,724.0,796.3,1823.0
1629240,stimulus_Ins_LearningMobility_3_question_3131,723.2,796.2,1820.0
1629241,stimulus_Ins_LearningMobility_3_question_3131,722.9,796.2,1818.0
1629242,stimulus_Ins_LearningMobility_3_question_3131,722.6,796.2,1819.0
1629243,stimulus_Ins_LearningMobility_3_question_3131,722.7,796.2,1821.0
1629244,stimulus_Ins_LearningMobility_3_question_3131,722.8,795.5,1824.0
1629245,stimulus_Ins_LearningMobility_3_question_3131,722.7,795.1,1828.0
1629246,stimulus_Ins_LearningMobility_3_question_3131,722.5,794.9,1827.0
1629247,stimulus_Ins_LearningMobility_3_question_3131,722.4,795.3,1825.0
1629248,stimulus_Ins_LearningMobility_3_question_3131,722.1,795.5,1823.0
1629249,stimulus_Ins_LearningMobility_3_question_3131,721.7,795.5,1820.0
1629250,stimulus_Ins_LearningMobility_3_question_3131,721.3,795.5,1818.0
1629251,stimulus_Ins_LearningMobility_3_question_3131,721.1,795.6,1815.0
1629252,stimulus_Ins_LearningMobility_3_question_3131,720.9,795.7,1815.0
1629253,stimulus_Ins_LearningMobility_3_question_3131,720.8,795.8,1815.0
1629254,stimulus_Ins_LearningMobility_3_question_3131,720.8,795.7,1817.0
1629255,stimulus_Ins_LearningMobility_3_question_3131,720.9,795.3,1819.0
1629256,stimulus_Ins_LearningMobility_3_question_3131,720.9,794.9,1820.0
1629257,stimulus_Ins_LearningMobility_3_question_3131,720.6,794.8,1819.0
1629258,stimulus_Ins_LearningMobility_3_question_3131,720.2,794.9,1817.0
1629259,stimulus_Ins_LearningMobility_3_question_3131,720.1,795.5,1817.0
1629260,stimulus_Ins_LearningMobility_3_question_3131,720.3,796.1,1816.0
1629261,stimulus_Ins_LearningMobility_3_question_3131,720.7,796.5,1815.0
1629262,stimulus_Ins_LearningMobility_3_question_3131,720.9,796.4,1815.0
1629263,stimulus_Ins_LearningMobility_3_question_3131,721.1,796.2,1816.0
1629264,stimulus_Ins_LearningMobility_3_question_3131,721.1,796.3,1816.0
1629265,stimulus_Ins_LearningMobility_3_question_3131,721.2,796.5,1817.0
1629266,stimulus_Ins_LearningMobility_3_question_3131,721.2,796.8,1817.0
1629267,stimulus_Ins_LearningMobility_3_question_3131,721.2,796.8,1817.0
1629268,stimulus_Ins_LearningMobility_3_question_3131,721.3,796.9,1816.0
1629269,stimulus_Ins_LearningMobility_3_question_3131,721.5,796.9,1815.0
1629270,stimulus_Ins_LearningMobility_3_question_3131,721.7,797.4,1815.0
1629271,stimulus_Ins_LearningMobility_3_question_3131,721.9,798.0,1814.0
1629272,stimulus_Ins_LearningMobility_3_question_3131,722.0,798.5,1813.0
1629273,stimulus_Ins_LearningMobility_3_question_3131,722.1,799.0,1813.0
1629274,stimulus_Ins_LearningMobility_3_question_3131,722.1,799.5,1814.0
1629275,stimulus_Ins_LearningMobility_3_question_3131,722.3,800.1,1812.0
1629276,stimulus_Ins_LearningMobility_3_question_3131,722.5,800.2,1810.0
1629277,stimulus_Ins_LearningMobility_3_question_3131,722.9,800.4,1807.0
1629278,stimulus_Ins_LearningMobility_3_question_3131,723.2,800.3,1808.0
1629279,stimulus_Ins_LearningMobility_3_question_3131,723.4,800.5,1808.0
1629280,stimulus_Ins_LearningMobility_3_question_3131,723.4,800.7,1808.0
1629281,stimulus_Ins_LearningMobility_3_question_3131,723.3,800.9,1807.0
1629282,stimulus_Ins_LearningMobility_3_question_3131,723.3,801.1,1806.0
1629283,stimulus_Ins_LearningMobility_3_question_3131,723.1,801.2,1807.0
1629284,stimulus_Ins_LearningMobility_3_question_3131,722.8,800.9,1810.0
1629285,stimulus_Ins_LearningMobility_3_question_3131,722.6,800.6,1812.0
1629286,stimulus_Ins_LearningMobility_3_question_3131,722.5,800.4,1812.0
1629287,stimulus_Ins_LearningMobility_3_question_3131,722.5,800.6,1812.0
1629288,stimulus_Ins_LearningMobility_3_question_3131,722.5,800.7,1813.0
1629289,stimulus_Ins_LearningMobility_3_question_3131,722.4,800.4,1812.0
1629290,stimulus_Ins_LearningMobility_3_question_3131,722.4,800.1,1809.0
1629291,stimulus_Ins_LearningMobility_3_question_3131,722.3,799.5,1808.0
1629292,stimulus_Ins_LearningMobility_3_question_3131,722.3,799.3,1808.0
1629293,stimulus_Ins_LearningMobility_3_question_3131,722.3,798.8,1809.0
1629294,stimulus_Ins_LearningMobility_3_question_3131,722.3,798.5,1810.0
1629295,stimulus_Ins_LearningMobility_3_question_3131,722.4,798.8,1811.0
1629296,stimulus_Ins_LearningMobility_3_question_3131,722.5,799.5,1811.0
1629297,stimulus_Ins_LearningMobility_3_question_3131,723.0,800.3,1810.0
1629298,stimulus_Ins_LearningMobility_3_question_3131,723.7,800.8,1809.0
1629299,stimulus_Ins_LearningMobility_3_question_3131,724.3,801.1,1808.0
1629300,stimulus_Ins_LearningMobility_3_question_3131,724.6,801.2,1808.0
1629301,stimulus_Ins_LearningMobility_3_question_3131,724.3,801.3,1808.0
1629302,stimulus_Ins_LearningMobility_3_question_3131,724.0,801.3,1810.0
1629303,stimulus_Ins_LearningMobility_3_question_3131,723.7,801.1,1813.0
1629304,stimulus_Ins_LearningMobility_3_question_3131,723.6,800.7,1815.0
1629305,stimulus_Ins_LearningMobility_3_question_3131,723.5,800.5,1818.0
1629306,stimulus_Ins_LearningMobility_3_question_3131,723.3,800.5,1820.0
1629307,stimulus_Ins_LearningMobility_3_question_3131,723.2,800.8,1823.0
1629308,stimulus_Ins_LearningMobility_3_question_3131,723.1,801.3,1818.0
1629309,stimulus_Ins_LearningMobility_3_question_3131,723.3,801.8,1811.0
1629310,stimulus_Ins_LearningMobility_3_question_3131,723.5,802.4,1806.0
1629311,stimulus_Ins_LearningMobility_3_question_3131,723.7,802.4,1808.0
1629312,stimulus_Ins_LearningMobility_3_question_3131,723.7,802.2,1810.0
1629313,stimulus_Ins_LearningMobility_3_question_3131,723.7,801.9,1810.0
1629314,stimulus_Ins_LearningMobility_3_question_3131,723.8,801.8,1811.0
1629315,stimulus_Ins_LearningMobility_3_question_3131,724.0,801.9,1811.0
1629316,stimulus_Ins_LearningMobility_3_question_3131,724.1,802.1,1811.0
1629317,stimulus_Ins_LearningMobility_3_question_3131,724.1,802.3,1810.0
1629318,stimulus_Ins_LearningMobility_3_question_3131,723.7,802.4,1810.0
1629319,stimulus_Ins_LearningMobility_3_question_3131,723.0,802.5,1809.0
1629320,stimulus_Ins_LearningMobility_3_question_3131,722.4,802.4,1809.0
1629321,stimulus_Ins_LearningMobility_3_question_3131,722.6,802.2,1809.0
1629322,stimulus_Ins_LearningMobility_3_question_3131,722.9,802.0,1808.0
1629323,stimulus_Ins_LearningMobility_3_question_3131,723.2,801.9,1809.0
1629324,stimulus_Ins_LearningMobility_3_question_3131,723.0,801.9,1810.0
1629325,stimulus_Ins_LearningMobility_3_question_3131,722.7,802.0,1811.0
1629326,stimulus_Ins_LearningMobility_3_question_3131,722.7,801.8,1812.0
1629327,stimulus_Ins_LearningMobility_3_question_3131,722.9,801.5,1810.0
1629328,stimulus_Ins_LearningMobility_3_question_3131,723.2,801.5,1809.0
1629329,stimulus_Ins_LearningMobility_3_question_3131,723.5,802.6,1806.0
1629330,stimulus_Ins_LearningMobility_3_question_3131,723.7,803.6,1802.0
1629331,stimulus_Ins_LearningMobility_3_question_3131,723.8,804.2,1799.0
1629332,stimulus_Ins_LearningMobility_3_question_3131,723.6,803.8,1799.0
1629333,stimulus_Ins_LearningMobility_3_question_3131,723.3,803.0,1801.0
1629334,stimulus_Ins_LearningMobility_3_question_3131,723.2,802.5,1803.0
1629335,stimulus_Ins_LearningMobility_3_question_3131,723.0,802.1,1805.0
1629336,stimulus_Ins_LearningMobility_3_question_3131,722.6,802.2,1807.0
1629337,stimulus_Ins_LearningMobility_3_question_3131,722.1,802.2,1807.0
1629338,stimulus_Ins_LearningMobility_3_question_3131,721.6,802.3,1806.0
1629339,stimulus_Ins_LearningMobility_3_question_3131,721.4,802.2,1804.0
1629340,stimulus_Ins_LearningMobility_3_question_3131,722.0,802.2,1802.0
1629341,stimulus_Ins_LearningMobility_3_question_3131,722.5,802.2,1801.0
1629342,stimulus_Ins_LearningMobility_3_question_3131,723.2,802.2,1802.0
1629343,stimulus_Ins_LearningMobility_3_question_3131,723.3,802.2,1804.0
1629344,stimulus_Ins_LearningMobility_3_question_3131,723.0,801.9,1806.0
1629345,stimulus_Ins_LearningMobility_3_question_3131,722.6,801.6,1806.0
1629346,stimulus_Ins_LearningMobility_3_question_3131,722.0,801.3,1806.0
1629347,stimulus_Ins_LearningMobility_3_question_3131,721.9,801.8,1806.0
1629348,stimulus_Ins_LearningMobility_3_question_3131,722.0,802.6,1805.0
1629349,stimulus_Ins_LearningMobility_3_question_3131,722.0,803.3,1804.0
1629350,stimulus_Ins_LearningMobility_3_question_3131,721.9,803.4,1803.0
1629351,stimulus_Ins_LearningMobility_3_question_3131,721.7,803.3,1803.0
1629352,stimulus_Ins_LearningMobility_3_question_3131,721.6,803.3,1804.0
1629353,stimulus_Ins_LearningMobility_3_question_3131,721.4,802.9,1808.0
1629354,stimulus_Ins_LearningMobility_3_question_3131,721.1,802.3,1812.0
1629355,stimulus_Ins_LearningMobility_3_question_3131,721.0,801.7,1815.0
1629356,stimulus_Ins_LearningMobility_3_question_3131,721.0,802.3,1815.0
1629357,stimulus_Ins_LearningMobility_3_question_3131,721.3,803.0,1813.0
1629358,stimulus_Ins_LearningMobility_3_question_3131,721.6,803.8,1811.0
1629359,stimulus_Ins_LearningMobility_3_question_3131,721.9,803.9,1808.0
1629360,stimulus_Ins_LearningMobility_3_question_3131,722.0,803.9,1807.0
1629361,stimulus_Ins_LearningMobility_3_question_3131,722.1,804.0,1807.0
1629362,stimulus_Ins_LearningMobility_3_question_3131,721.7,803.7,1807.0
1629363,stimulus_Ins_LearningMobility_3_question_3131,721.3,803.3,1809.0
1629364,stimulus_Ins_LearningMobility_3_question_3131,721.0,802.4,1810.0
1629365,stimulus_Ins_LearningMobility_3_question_3131,721.0,801.7,1810.0
1629366,stimulus_Ins_LearningMobility_3_question_3131,721.1,801.4,1810.0
1629367,stimulus_Ins_LearningMobility_3_question_3131,721.1,801.6,1810.0
1629368,stimulus_Ins_LearningMobility_3_question_3131,721.1,802.3,1809.0
1629369,stimulus_Ins_LearningMobility_3_question_3131,721.1,802.8,1806.0
1629370,stimulus_Ins_LearningMobility_3_question_3131,721.0,803.1,1804.0
1629371,stimulus_Ins_LearningMobility_3_question_3131,720.9,802.8,1802.0
1629372,stimulus_Ins_LearningMobility_3_question_3131,720.7,802.6,1804.0
1629373,stimulus_Ins_LearningMobility_3_question_3131,720.5,802.1,1805.0
1629374,stimulus_Ins_LearningMobility_3_question_3131,720.1,801.6,1807.0
1629375,stimulus_Ins_LearningMobility_3_question_3131,719.9,801.1,1808.0
1629376,stimulus_Ins_LearningMobility_3_question_3131,719.9,801.2,1808.0
1629377,stimulus_Ins_LearningMobility_3_question_3131,719.7,801.6,1807.0
1629378,stimulus_Ins_LearningMobility_3_question_3131,719.5,801.8,1806.0
1629379,stimulus_Ins_LearningMobility_3_question_3131,719.3,801.9,1805.0
1629380,stimulus_Ins_LearningMobility_3_question_3131,719.6,801.8,1804.0
1629381,stimulus_Ins_LearningMobility_3_question_3131,719.9,802.0,1803.0
1629382,stimulus_Ins_LearningMobility_3_question_3131,719.8,801.9,1803.0
1629383,stimulus_Ins_LearningMobility_3_question_3131,719.3,801.6,1803.0
1629384,stimulus_Ins_LearningMobility_3_question_3131,719.1,801.3,1804.0
1629385,stimulus_Ins_LearningMobility_3_question_3131,719.2,801.2,1805.0
1629386,stimulus_Ins_LearningMobility_3_question_3131,719.4,801.4,1807.0
1629387,stimulus_Ins_LearningMobility_3_question_3131,719.5,801.3,1808.0
1629388,stimulus_Ins_LearningMobility_3_question_3131,720.0,801.2,1808.0
1629389,stimulus_Ins_LearningMobility_3_question_3131,720.4,801.3,1805.0
1629390,stimulus_Ins_LearningMobility_3_question_3131,720.7,801.5,1803.0
1629391,stimulus_Ins_LearningMobility_3_question_3131,720.5,801.7,1800.0
1629392,stimulus_Ins_LearningMobility_3_question_3131,720.3,801.4,1800.0
1629393,stimulus_Ins_LearningMobility_3_question_3131,720.1,801.1,1802.0
1629394,stimulus_Ins_LearningMobility_3_question_3131,720.0,800.6,1803.0
1629395,stimulus_Ins_LearningMobility_3_question_3131,720.1,800.5,1804.0
1629396,stimulus_Ins_LearningMobility_3_question_3131,720.1,800.4,1804.0
1629397,stimulus_Ins_LearningMobility_3_question_3131,720.2,800.4,1804.0
1629398,stimulus_Ins_LearningMobility_3_question_3131,720.3,800.6,1804.0
1629399,stimulus_Ins_LearningMobility_3_question_3131,720.4,800.8,1804.0
1629400,stimulus_Ins_LearningMobility_3_question_3131,720.6,801.0,1805.0
1629401,stimulus_Ins_LearningMobility_3_question_3131,720.7,801.1,1804.0
1629402,stimulus_Ins_LearningMobility_3_question_3131,720.7,800.9,1803.0
1629403,stimulus_Ins_LearningMobility_3_question_3131,720.7,800.7,1805.0
1629404,stimulus_Ins_LearningMobility_3_question_3131,720.6,800.5,1808.0
1629405,stimulus_Ins_LearningMobility_3_question_3131,720.6,800.6,1811.0
1629406,stimulus_Ins_LearningMobility_3_question_3131,720.7,800.6,1812.0
1629407,stimulus_Ins_LearningMobility_3_question_3131,720.7,800.4,1812.0
1629408,stimulus_Ins_LearningMobility_3_question_3131,720.6,800.2,1811.0
1629409,stimulus_Ins_LearningMobility_3_question_3131,720.6,800.8,1810.0
1629410,stimulus_Ins_LearningMobility_3_question_3131,720.6,801.3,1808.0
1629411,stimulus_Ins_LearningMobility_3_question_3131,720.7,802.0,1808.0
1629412,stimulus_Ins_LearningMobility_3_question_3131,720.8,802.0,1808.0
1629413,stimulus_Ins_LearningMobility_3_question_3131,720.8,802.1,1808.0
1629414,stimulus_Ins_LearningMobility_3_question_3131,720.8,802.2,1808.0
1629415,stimulus_Ins_LearningMobility_3_question_3131,720.8,802.4,1808.0
1629416,stimulus_Ins_LearningMobility_3_question_3131,720.9,802.6,1808.0
1629417,stimulus_Ins_LearningMobility_3_question_3131,720.9,802.7,1808.0
1629418,stimulus_Ins_LearningMobility_3_question_3131,721.0,802.8,1808.0
1629419,stimulus_Ins_LearningMobility_3_question_3131,721.1,802.6,1807.0
1629420,stimulus_Ins_LearningMobility_3_question_3131,720.9,802.2,1808.0
1629421,stimulus_Ins_LearningMobility_3_question_3131,720.7,801.9,1808.0
1629422,stimulus_Ins_LearningMobility_3_question_3131,720.5,802.0,1807.0
1629423,stimulus_Ins_LearningMobility_3_question_3131,720.5,802.2,1805.0
1629424,stimulus_Ins_LearningMobility_3_question_3131,720.5,802.2,1804.0
1629425,stimulus_Ins_LearningMobility_3_question_3131,720.5,802.0,1806.0
1629426,stimulus_Ins_LearningMobility_3_question_3131,720.5,801.9,1807.0
1629427,stimulus_Ins_LearningMobility_3_question_3131,720.5,802.1,1807.0
1629428,stimulus_Ins_LearningMobility_3_question_3131,720.2,802.4,1806.0
1629429,stimulus_Ins_LearningMobility_3_question_3131,719.9,802.6,1806.0
1629430,stimulus_Ins_LearningMobility_3_question_3131,719.5,802.7,1805.0
1629431,stimulus_Ins_LearningMobility_3_question_3131,719.6,802.8,1805.0
1629432,stimulus_Ins_LearningMobility_3_question_3131,719.9,802.9,1803.0
1629433,stimulus_Ins_LearningMobility_3_question_3131,720.2,803.0,1802.0
1629434,stimulus_Ins_LearningMobility_3_question_3131,720.5,803.0,1803.0
1629435,stimulus_Ins_LearningMobility_3_question_3131,720.4,802.9,1805.0
1629436,stimulus_Ins_LearningMobility_3_question_3131,719.9,802.9,1807.0
1629437,stimulus_Ins_LearningMobility_3_question_3131,719.5,802.9,1807.0
1629438,stimulus_Ins_LearningMobility_3_question_3131,719.2,803.4,1806.0
1629439,stimulus_Ins_LearningMobility_3_question_3131,719.5,804.3,1805.0
1629440,stimulus_Ins_LearningMobility_3_question_3131,719.8,805.2,1804.0
1629441,stimulus_Ins_LearningMobility_3_question_3131,719.8,805.7,1802.0
1629442,stimulus_Ins_LearningMobility_3_question_3131,719.6,805.7,1802.0
1629443,stimulus_Ins_LearningMobility_3_question_3131,719.3,805.6,1802.0
1629444,stimulus_Ins_LearningMobility_3_question_3131,718.8,805.1,1805.0
1629445,stimulus_Ins_LearningMobility_3_question_3131,718.6,804.6,1808.0
1629446,stimulus_Ins_LearningMobility_3_question_3131,718.4,804.2,1810.0
1629447,stimulus_Ins_LearningMobility_3_question_3131,718.5,804.5,1809.0
1629448,stimulus_Ins_LearningMobility_3_question_3131,718.5,804.8,1807.0
1629449,stimulus_Ins_LearningMobility_3_question_3131,718.6,805.2,1804.0
1629450,stimulus_Ins_LearningMobility_3_question_3131,718.6,805.4,1801.0
1629451,stimulus_Ins_LearningMobility_3_question_3131,718.6,805.6,1802.0
1629452,stimulus_Ins_LearningMobility_3_question_3131,718.6,805.8,1804.0
1629453,stimulus_Ins_LearningMobility_3_question_3131,717.9,805.8,1806.0
1629454,stimulus_Ins_LearningMobility_3_question_3131,717.2,805.7,1807.0
1629455,stimulus_Ins_LearningMobility_3_question_3131,716.5,805.5,1809.0
1629456,stimulus_Ins_LearningMobility_3_question_3131,717.1,805.5,1812.0
1629457,stimulus_Ins_LearningMobility_3_question_3131,717.8,805.5,1813.0
1629458,stimulus_Ins_LearningMobility_3_question_3131,718.4,805.6,1813.0
1629459,stimulus_Ins_LearningMobility_3_question_3131,718.6,805.9,1813.0
1629460,stimulus_Ins_LearningMobility_3_question_3131,718.7,806.3,1814.0
1629461,stimulus_Ins_LearningMobility_3_question_3131,719.0,806.9,1814.0
1629462,stimulus_Ins_LearningMobility_3_question_3131,719.4,807.0,1814.0
1629463,stimulus_Ins_LearningMobility_3_question_3131,719.7,807.1,1814.0
1629464,stimulus_Ins_LearningMobility_3_question_3131,719.8,807.0,1815.0
1629465,stimulus_Ins_LearningMobility_3_question_3131,719.8,806.8,1814.0
1629466,stimulus_Ins_LearningMobility_3_question_3131,719.2,806.6,1813.0
1629467,stimulus_Ins_LearningMobility_3_question_3131,718.6,806.6,1812.0
1629468,stimulus_Ins_LearningMobility_3_question_3131,718.0,806.6,1810.0
1629469,stimulus_Ins_LearningMobility_3_question_3131,718.1,806.6,1808.0
1629470,stimulus_Ins_LearningMobility_3_question_3131,718.0,806.2,1806.0
1629471,stimulus_Ins_LearningMobility_3_question_3131,718.0,805.7,1807.0
1629472,stimulus_Ins_LearningMobility_3_question_3131,717.9,805.0,1808.0
1629473,stimulus_Ins_LearningMobility_3_question_3131,718.0,804.8,1810.0
1629474,stimulus_Ins_LearningMobility_3_question_3131,718.0,804.6,1812.0
1629475,stimulus_Ins_LearningMobility_3_question_3131,718.2,804.6,1812.0
1629476,stimulus_Ins_LearningMobility_3_question_3131,718.4,804.7,1812.0
1629477,stimulus_Ins_LearningMobility_3_question_3131,718.4,804.7,1811.0
1629478,stimulus_Ins_LearningMobility_3_question_3131,718.3,805.0,1810.0
1629479,stimulus_Ins_LearningMobility_3_question_3131,718.1,805.2,1809.0
1629480,stimulus_Ins_LearningMobility_3_question_3131,717.9,805.4,1808.0
1629481,stimulus_Ins_LearningMobility_3_question_3131,718.0,805.6,1809.0
1629482,stimulus_Ins_LearningMobility_3_question_3131,718.2,805.8,1810.0
1629483,stimulus_Ins_LearningMobility_3_question_3131,718.4,806.1,1811.0
1629484,stimulus_Ins_LearningMobility_3_question_3131,718.6,806.1,1811.0
1629485,stimulus_Ins_LearningMobility_3_question_3131,718.7,806.0,1811.0
1629486,stimulus_Ins_LearningMobility_3_question_3131,718.6,805.8,1811.0
1629487,stimulus_Ins_LearningMobility_3_question_3131,718.6,805.7,1811.0
1629488,stimulus_Ins_LearningMobility_3_question_3131,718.7,805.7,1809.0
1629489,stimulus_Ins_LearningMobility_3_question_3131,718.7,805.8,1807.0
1629490,stimulus_Ins_LearningMobility_3_question_3131,718.6,806.0,1805.0
1629491,stimulus_Ins_LearningMobility_3_question_3131,718.3,805.6,1805.0
1629492,stimulus_Ins_LearningMobility_3_question_3131,718.0,805.2,1806.0
1629493,stimulus_Ins_LearningMobility_3_question_3131,717.9,804.9,1807.0
1629494,stimulus_Ins_LearningMobility_3_question_3131,717.8,804.8,1810.0
1629495,stimulus_Ins_LearningMobility_3_question_3131,717.8,804.6,1813.0
1629496,stimulus_Ins_LearningMobility_3_question_3131,717.7,804.4,1815.0
1629497,stimulus_Ins_LearningMobility_3_question_3131,717.6,804.5,1814.0
1629498,stimulus_Ins_LearningMobility_3_question_3131,717.8,805.0,1813.0
1629499,stimulus_Ins_LearningMobility_3_question_3131,717.9,805.5,1812.0
1629500,stimulus_Ins_LearningMobility_3_question_3131,717.9,805.9,1811.0
1629501,stimulus_Ins_LearningMobility_3_question_3131,718.0,805.6,1808.0
1629502,stimulus_Ins_LearningMobility_3_question_3131,718.0,805.4,1807.0
1629503,stimulus_Ins_LearningMobility_3_question_3131,718.2,805.0,1808.0
1629504,stimulus_Ins_LearningMobility_3_question_3131,718.2,804.8,1810.0
1629505,stimulus_Ins_LearningMobility_3_question_3131,718.3,804.7,1811.0
1629506,stimulus_Ins_LearningMobility_3_question_3131,718.4,805.1,1809.0
1629507,stimulus_Ins_LearningMobility_3_question_3131,718.5,805.5,1807.0
1629508,stimulus_Ins_LearningMobility_3_question_3131,718.6,805.6,1807.0
1629509,stimulus_Ins_LearningMobility_3_question_3131,718.5,805.7,1807.0
1629510,stimulus_Ins_LearningMobility_3_question_3131,718.4,805.8,1806.0
1629511,stimulus_Ins_LearningMobility_3_question_3131,718.3,805.9,1803.0
1629512,stimulus_Ins_LearningMobility_3_question_3131,717.9,805.5,1804.0
1629513,stimulus_Ins_LearningMobility_3_question_3131,717.5,805.0,1808.0
1629514,stimulus_Ins_LearningMobility_3_question_3131,717.2,804.4,1812.0
1629515,stimulus_Ins_LearningMobility_3_question_3131,717.3,803.9,1813.0
1629516,stimulus_Ins_LearningMobility_3_question_3131,717.5,803.5,1813.0
1629517,stimulus_Ins_LearningMobility_3_question_3131,717.6,803.6,1812.0
1629518,stimulus_Ins_LearningMobility_3_question_3131,717.6,803.8,1812.0
1629519,stimulus_Ins_LearningMobility_3_question_3131,717.7,804.1,1810.0
1629520,stimulus_Ins_LearningMobility_3_question_3131,717.7,804.2,1808.0
1629521,stimulus_Ins_LearningMobility_3_question_3131,717.7,804.2,1806.0
1629522,stimulus_Ins_LearningMobility_3_question_3131,717.4,804.1,1806.0
1629523,stimulus_Ins_LearningMobility_3_question_3131,717.1,803.9,1808.0
1629524,stimulus_Ins_LearningMobility_3_question_3131,717.1,803.8,1810.0
1629525,stimulus_Ins_LearningMobility_3_question_3131,717.6,804.0,1813.0
1629526,stimulus_Ins_LearningMobility_3_question_3131,718.0,804.4,1810.0
1629527,stimulus_Ins_LearningMobility_3_question_3131,717.7,804.5,1807.0
1629528,stimulus_Ins_LearningMobility_3_question_3131,717.3,804.6,1805.0
1629529,stimulus_Ins_LearningMobility_3_question_3131,717.2,804.3,1806.0
1629530,stimulus_Ins_LearningMobility_3_question_3131,717.5,804.2,1806.0
1629531,stimulus_Ins_LearningMobility_3_question_3131,717.4,804.2,1806.0
1629532,stimulus_Ins_LearningMobility_3_question_3131,717.0,803.8,1806.0
1629533,stimulus_Ins_LearningMobility_3_question_3131,716.6,803.4,1807.0
1629534,stimulus_Ins_LearningMobility_3_question_3131,716.6,803.0,1808.0
1629535,stimulus_Ins_LearningMobility_3_question_3131,716.5,803.0,1809.0
1629536,stimulus_Ins_LearningMobility_3_question_3131,716.5,803.2,1809.0
1629537,stimulus_Ins_LearningMobility_3_question_3131,716.6,803.6,1809.0
1629538,stimulus_Ins_LearningMobility_3_question_3131,716.7,803.9,1810.0
1629539,stimulus_Ins_LearningMobility_3_question_3131,716.8,804.2,1811.0
1629540,stimulus_Ins_LearningMobility_3_question_3131,716.9,804.6,1811.0
1629541,stimulus_Ins_LearningMobility_3_question_3131,717.0,805.0,1810.0
1629542,stimulus_Ins_LearningMobility_3_question_3131,716.9,804.8,1807.0
1629543,stimulus_Ins_LearningMobility_3_question_3131,716.7,804.5,1804.0
1629544,stimulus_Ins_LearningMobility_3_question_3131,716.8,804.2,1801.0
1629545,stimulus_Ins_LearningMobility_3_question_3131,717.3,804.2,1802.0
1629546,stimulus_Ins_LearningMobility_3_question_3131,717.7,804.3,1803.0
1629547,stimulus_Ins_LearningMobility_3_question_3131,717.9,804.7,1805.0
1629548,stimulus_Ins_LearningMobility_3_question_3131,718.1,805.2,1803.0
1629549,stimulus_Ins_LearningMobility_3_question_3131,718.3,805.4,1802.0
1629550,stimulus_Ins_LearningMobility_3_question_3131,718.3,805.1,1800.0
1629551,stimulus_Ins_LearningMobility_3_question_3131,717.8,804.7,1800.0
1629552,stimulus_Ins_LearningMobility_3_question_3131,717.6,805.2,1799.0
1629553,stimulus_Ins_LearningMobility_3_question_3131,717.4,805.8,1799.0
1629554,stimulus_Ins_LearningMobility_3_question_3131,717.4,805.7,1800.0
1629555,stimulus_Ins_LearningMobility_3_question_3131,717.2,805.0,1800.0
1629556,stimulus_Ins_LearningMobility_3_question_3131,716.8,804.2,1801.0
1629557,stimulus_Ins_LearningMobility_3_question_3131,716.6,804.0,1801.0
1629558,stimulus_Ins_LearningMobility_3_question_3131,716.6,804.4,1800.0
1629559,stimulus_Ins_LearningMobility_3_question_3131,716.8,805.0,1800.0
1629560,stimulus_Ins_LearningMobility_3_question_3131,717.0,805.5,1801.0
1629561,stimulus_Ins_LearningMobility_3_question_3131,716.9,805.3,1801.0
1629562,stimulus_Ins_LearningMobility_3_question_3131,716.9,805.0,1802.0
1629563,stimulus_Ins_LearningMobility_3_question_3131,716.9,804.7,1801.0
1629564,stimulus_Ins_LearningMobility_3_question_3131,716.9,804.6,1801.0
1629565,stimulus_Ins_LearningMobility_3_question_3131,717.0,804.7,1800.0
1629566,stimulus_Ins_LearningMobility_3_question_3131,717.1,804.7,1800.0
1629567,stimulus_Ins_LearningMobility_3_question_3131,716.9,804.5,1799.0
1629568,stimulus_Ins_LearningMobility_3_question_3131,716.5,804.2,1799.0
1629569,stimulus_Ins_LearningMobility_3_question_3131,716.1,803.9,1798.0
1629570,stimulus_Ins_LearningMobility_3_question_3131,715.9,803.5,1798.0
1629571,stimulus_Ins_LearningMobility_3_question_3131,715.7,803.2,1797.0
1629572,stimulus_Ins_LearningMobility_3_question_3131,715.8,803.4,1797.0
1629573,stimulus_Ins_LearningMobility_3_question_3131,715.8,803.7,1798.0
1629574,stimulus_Ins_LearningMobility_3_question_3131,716.2,804.0,1799.0
1629575,stimulus_Ins_LearningMobility_3_question_3131,716.5,804.1,1801.0
1629576,stimulus_Ins_LearningMobility_3_question_3131,716.5,804.3,1802.0
1629577,stimulus_Ins_LearningMobility_3_question_3131,716.2,804.4,1803.0
1629578,stimulus_Ins_LearningMobility_3_question_3131,716.0,804.4,1804.0
1629579,stimulus_Ins_LearningMobility_3_question_3131,716.3,804.3,1800.0
1629580,stimulus_Ins_LearningMobility_3_question_3131,716.7,804.8,1795.0
1629581,stimulus_Ins_LearningMobility_3_question_3131,716.9,805.4,1792.0
1629582,stimulus_Ins_LearningMobility_3_question_3131,716.9,805.5,1794.0
1629583,stimulus_Ins_LearningMobility_3_question_3131,716.9,805.1,1796.0
1629584,stimulus_Ins_LearningMobility_3_question_3131,716.9,804.5,1797.0
1629585,stimulus_Ins_LearningMobility_3_question_3131,717.0,804.3,1799.0
1629586,stimulus_Ins_LearningMobility_3_question_3131,716.9,804.0,1800.0
1629587,stimulus_Ins_LearningMobility_3_question_3131,716.9,804.0,1801.0
1629588,stimulus_Ins_LearningMobility_3_question_3131,716.8,803.9,1799.0
1629589,stimulus_Ins_LearningMobility_3_question_3131,716.2,803.9,1798.0
1629590,stimulus_Ins_LearningMobility_3_question_3131,715.7,804.0,1796.0
1629591,stimulus_Ins_LearningMobility_3_question_3131,715.4,803.8,1796.0
1629592,stimulus_Ins_LearningMobility_3_question_3131,715.5,803.6,1796.0
1629593,stimulus_Ins_LearningMobility_3_question_3131,715.6,803.4,1796.0
1629594,stimulus_Ins_LearningMobility_3_question_3131,715.7,803.4,1796.0
1629595,stimulus_Ins_LearningMobility_3_question_3131,715.7,803.5,1797.0
1629596,stimulus_Ins_LearningMobility_3_question_3131,715.8,803.6,1798.0
1629597,stimulus_Ins_LearningMobility_3_question_3131,716.1,803.7,1798.0
1629598,stimulus_Ins_LearningMobility_3_question_3131,716.3,803.7,1798.0
1629599,stimulus_Ins_LearningMobility_3_question_3131,716.3,803.8,1798.0
1629600,stimulus_Ins_LearningMobility_3_question_3131,716.0,803.1,1798.0
1629601,stimulus_Ins_LearningMobility_3_question_3131,715.8,802.5,1798.0
1629602,stimulus_Ins_LearningMobility_3_question_3131,715.8,802.6,1796.0
1629603,stimulus_Ins_LearningMobility_3_question_3131,715.8,803.3,1793.0
1629604,stimulus_Ins_LearningMobility_3_question_3131,715.8,803.9,1790.0
1629605,stimulus_Ins_LearningMobility_3_question_3131,715.7,803.8,1791.0
1629606,stimulus_Ins_LearningMobility_3_question_3131,715.6,803.8,1793.0
1629607,stimulus_Ins_LearningMobility_3_question_3131,715.4,803.3,1794.0
1629608,stimulus_Ins_LearningMobility_3_question_3131,715.3,802.9,1795.0
1629609,stimulus_Ins_LearningMobility_3_question_3131,715.6,802.3,1794.0
1629610,stimulus_Ins_LearningMobility_3_question_3131,715.8,802.2,1794.0
1629611,stimulus_Ins_LearningMobility_3_question_3131,716.1,802.0,1794.0
1629612,stimulus_Ins_LearningMobility_3_question_3131,716.1,801.8,1792.0
1629613,stimulus_Ins_LearningMobility_3_question_3131,716.2,801.6,1791.0
1629614,stimulus_Ins_LearningMobility_3_question_3131,716.3,801.4,1790.0
1629615,stimulus_Ins_LearningMobility_3_question_3131,716.3,801.4,1791.0
1629616,stimulus_Ins_LearningMobility_3_question_3131,716.2,801.4,1792.0
1629617,stimulus_Ins_LearningMobility_3_question_3131,716.2,801.5,1792.0
1629618,stimulus_Ins_LearningMobility_3_question_3131,716.3,801.7,1790.0
1629619,stimulus_Ins_LearningMobility_3_question_3131,716.2,801.9,1788.0
1629620,stimulus_Ins_LearningMobility_3_question_3131,716.1,801.9,1785.0
1629621,stimulus_Ins_LearningMobility_3_question_3131,715.9,801.8,1785.0
1629622,stimulus_Ins_LearningMobility_3_question_3131,716.0,801.4,1785.0
1629623,stimulus_Ins_LearningMobility_3_question_3131,716.3,801.1,1786.0
1629624,stimulus_Ins_LearningMobility_3_question_3131,716.7,801.2,1787.0
1629625,stimulus_Ins_LearningMobility_3_question_3131,717.2,801.5,1789.0
1629626,stimulus_Ins_LearningMobility_3_question_3131,717.3,801.7,1790.0
1629627,stimulus_Ins_LearningMobility_3_question_3131,717.4,801.7,1790.0
1629628,stimulus_Ins_LearningMobility_3_question_3131,717.4,801.4,1791.0
1629629,stimulus_Ins_LearningMobility_3_question_3131,717.4,801.3,1791.0
1629630,stimulus_Ins_LearningMobility_3_question_3131,717.5,801.3,1789.0
1629631,stimulus_Ins_LearningMobility_3_question_3131,717.4,801.6,1788.0
1629632,stimulus_Ins_LearningMobility_3_question_3131,717.3,801.9,1786.0
1629633,stimulus_Ins_LearningMobility_3_question_3131,716.9,802.1,1786.0
1629634,stimulus_Ins_LearningMobility_3_question_3131,716.6,802.4,1786.0
1629635,stimulus_Ins_LearningMobility_3_question_3131,716.1,802.7,1788.0
1629636,stimulus_Ins_LearningMobility_3_question_3131,715.8,802.8,1790.0
1629637,stimulus_Ins_LearningMobility_3_question_3131,715.6,802.8,1790.0
1629638,stimulus_Ins_LearningMobility_3_question_3131,716.0,802.7,1787.0
1629639,stimulus_Ins_LearningMobility_3_question_3131,716.4,803.2,1784.0
1629640,stimulus_Ins_LearningMobility_3_question_3131,716.8,803.6,1781.0
1629641,stimulus_Ins_LearningMobility_3_question_3131,716.9,804.5,1780.0
1629642,stimulus_Ins_LearningMobility_3_question_3131,716.5,805.0,1781.0
1629643,stimulus_Ins_LearningMobility_3_question_3131,716.2,805.3,1785.0
1629644,stimulus_Ins_LearningMobility_3_question_3131,715.8,805.2,1789.0
1629645,stimulus_Ins_LearningMobility_3_question_3131,715.9,805.2,1790.0
1629646,stimulus_Ins_LearningMobility_3_question_3131,716.3,805.5,1790.0
1629647,stimulus_Ins_LearningMobility_3_question_3131,716.7,805.6,1790.0
1629648,stimulus_Ins_LearningMobility_3_question_3131,717.1,805.7,1791.0
1629649,stimulus_Ins_LearningMobility_3_question_3131,717.0,805.6,1790.0
1629650,stimulus_Ins_LearningMobility_3_question_3131,717.0,805.6,1789.0
1629651,stimulus_Ins_LearningMobility_3_question_3131,716.9,805.5,1788.0
1629652,stimulus_Ins_LearningMobility_3_question_3131,716.8,805.5,1788.0
1629653,stimulus_Ins_LearningMobility_3_question_3131,716.1,805.6,1788.0
1629654,stimulus_Ins_LearningMobility_3_question_3131,715.3,805.6,1788.0
1629655,stimulus_Ins_LearningMobility_3_question_3131,714.6,805.6,1788.0
1629656,stimulus_Ins_LearningMobility_3_question_3131,714.5,805.6,1792.0
1629657,stimulus_Ins_LearningMobility_3_question_3131,714.6,805.7,1796.0
1629658,stimulus_Ins_LearningMobility_3_question_3131,714.7,805.8,1798.0
1629659,stimulus_Ins_LearningMobility_3_question_3131,715.0,805.8,1795.0
1629660,stimulus_Ins_LearningMobility_3_question_3131,715.3,805.7,1791.0
1629661,stimulus_Ins_LearningMobility_3_question_3131,715.1,805.1,1788.0
1629662,stimulus_Ins_LearningMobility_3_question_3131,714.7,804.6,1787.0
1629663,stimulus_Ins_LearningMobility_3_question_3131,714.2,804.1,1786.0
1629664,stimulus_Ins_LearningMobility_3_question_3131,714.8,804.1,1787.0
1629665,stimulus_Ins_LearningMobility_3_question_3131,715.3,804.1,1789.0
1629666,stimulus_Ins_LearningMobility_3_question_3131,715.9,804.1,1791.0
1629667,stimulus_Ins_LearningMobility_3_question_3131,716.0,804.0,1792.0
1629668,stimulus_Ins_LearningMobility_3_question_3131,716.1,803.8,1792.0
1629669,stimulus_Ins_LearningMobility_3_question_3131,716.3,803.8,1792.0
1629670,stimulus_Ins_LearningMobility_3_question_3131,716.4,804.0,1793.0
1629671,stimulus_Ins_LearningMobility_3_question_3131,716.4,804.2,1793.0
1629672,stimulus_Ins_LearningMobility_3_question_3131,716.3,804.4,1793.0
1629673,stimulus_Ins_LearningMobility_3_question_3131,716.1,804.1,1792.0
1629674,stimulus_Ins_LearningMobility_3_question_3131,715.9,803.5,1791.0
1629675,stimulus_Ins_LearningMobility_3_question_3131,715.7,802.9,1790.0
1629676,stimulus_Ins_LearningMobility_3_question_3131,715.8,802.6,1790.0
1629677,stimulus_Ins_LearningMobility_3_question_3131,716.5,803.2,1790.0
1629678,stimulus_Ins_LearningMobility_3_question_3131,717.2,803.8,1790.0
1629679,stimulus_Ins_LearningMobility_3_question_3131,717.8,804.6,1791.0
1629680,stimulus_Ins_LearningMobility_3_question_3131,718.0,804.7,1791.0
1629681,stimulus_Ins_LearningMobility_3_question_3131,717.7,804.6,1789.0
1629682,stimulus_Ins_LearningMobility_3_question_3131,717.2,804.6,1787.0
1629683,stimulus_Ins_LearningMobility_3_question_3131,716.6,804.6,1786.0
1629684,stimulus_Ins_LearningMobility_3_question_3131,716.1,804.8,1786.0
1629685,stimulus_Ins_LearningMobility_3_question_3131,715.6,804.7,1786.0
1629686,stimulus_Ins_LearningMobility_3_question_3131,715.4,804.6,1787.0
1629687,stimulus_Ins_LearningMobility_3_question_3131,715.7,804.4,1787.0
1629688,stimulus_Ins_LearningMobility_3_question_3131,716.1,804.5,1786.0
1629689,stimulus_Ins_LearningMobility_3_question_3131,715.9,804.6,1784.0
1629690,stimulus_Ins_LearningMobility_3_question_3131,715.5,804.8,1782.0
1629691,stimulus_Ins_LearningMobility_3_question_3131,715.2,804.8,1781.0
1629692,stimulus_Ins_LearningMobility_3_question_3131,715.2,804.9,1780.0
1629693,stimulus_Ins_LearningMobility_3_question_3131,715.2,805.1,1782.0
1629694,stimulus_Ins_LearningMobility_3_question_3131,715.3,805.7,1784.0
1629695,stimulus_Ins_LearningMobility_3_question_3131,715.0,805.9,1787.0
1629696,stimulus_Ins_LearningMobility_3_question_3131,714.7,805.9,1789.0
1629697,stimulus_Ins_LearningMobility_3_question_3131,714.4,806.0,1790.0
1629698,stimulus_Ins_LearningMobility_3_question_3131,714.0,806.5,1789.0
1629699,stimulus_Ins_LearningMobility_3_question_3131,713.5,807.0,1786.0
1629700,stimulus_Ins_LearningMobility_3_question_3131,713.0,807.2,1785.0
1629701,stimulus_Ins_LearningMobility_3_question_3131,713.2,807.3,1787.0
1629702,stimulus_Ins_LearningMobility_3_question_3131,713.5,807.3,1790.0
1629703,stimulus_Ins_LearningMobility_3_question_3131,714.0,807.3,1791.0
1629704,stimulus_Ins_LearningMobility_3_question_3131,714.3,807.2,1792.0
1629705,stimulus_Ins_LearningMobility_3_question_3131,714.8,807.0,1793.0
1629706,stimulus_Ins_LearningMobility_3_question_3131,715.2,807.4,1793.0
1629707,stimulus_Ins_LearningMobility_3_question_3131,715.4,808.0,1794.0
1629708,stimulus_Ins_LearningMobility_3_question_3131,715.5,808.8,1792.0
1629709,stimulus_Ins_LearningMobility_3_question_3131,715.7,809.0,1789.0
1629710,stimulus_Ins_LearningMobility_3_question_3131,716.0,809.1,1787.0
1629711,stimulus_Ins_LearningMobility_3_question_3131,716.4,809.1,1787.0
1629712,stimulus_Ins_LearningMobility_3_question_3131,716.0,808.7,1786.0
1629713,stimulus_Ins_LearningMobility_3_question_3131,715.4,808.0,1788.0
1629714,stimulus_Ins_LearningMobility_3_question_3131,714.7,807.2,1790.0
1629715,stimulus_Ins_LearningMobility_3_question_3131,714.5,806.8,1792.0
1629716,stimulus_Ins_LearningMobility_3_question_3131,714.4,806.8,1791.0
1629717,stimulus_Ins_LearningMobility_3_question_3131,714.5,807.0,1793.0
1629718,stimulus_Ins_LearningMobility_3_question_3131,714.5,807.3,1795.0
1629719,stimulus_Ins_LearningMobility_3_question_3131,714.5,807.6,1796.0
1629720,stimulus_Ins_LearningMobility_3_question_3131,714.5,807.7,1795.0
1629721,stimulus_Ins_LearningMobility_3_question_3131,714.8,807.8,1793.0
1629722,stimulus_Ins_LearningMobility_3_question_3131,715.0,807.8,1793.0
1629723,stimulus_Ins_LearningMobility_3_question_3131,714.9,807.6,1793.0
1629724,stimulus_Ins_LearningMobility_3_question_3131,714.7,807.5,1793.0
1629725,stimulus_Ins_LearningMobility_3_question_3131,714.5,807.6,1796.0
1629726,stimulus_Ins_LearningMobility_3_question_3131,714.7,807.9,1798.0
1629727,stimulus_Ins_LearningMobility_3_question_3131,714.9,807.6,1800.0
1629728,stimulus_Ins_LearningMobility_3_question_3131,715.0,806.9,1799.0
1629729,stimulus_Ins_LearningMobility_3_question_3131,715.1,806.2,1798.0
1629730,stimulus_Ins_LearningMobility_3_question_3131,715.1,806.1,1798.0
1629731,stimulus_Ins_LearningMobility_3_question_3131,715.1,806.4,1798.0
1629732,stimulus_Ins_LearningMobility_3_question_3131,715.1,806.8,1796.0
1629733,stimulus_Ins_LearningMobility_3_question_3131,715.1,807.2,1796.0
1629734,stimulus_Ins_LearningMobility_3_question_3131,715.1,807.2,1796.0
1629735,stimulus_Ins_LearningMobility_3_question_3131,715.2,807.1,1798.0
1629736,stimulus_Ins_LearningMobility_3_question_3131,715.3,807.0,1800.0
1629737,stimulus_Ins_LearningMobility_3_question_3131,715.2,806.9,1799.0
1629738,stimulus_Ins_LearningMobility_3_question_3131,715.3,806.8,1798.0
1629739,stimulus_Ins_LearningMobility_3_question_3131,715.4,806.8,1795.0
1629740,stimulus_Ins_LearningMobility_3_question_3131,715.6,807.2,1794.0
1629741,stimulus_Ins_LearningMobility_3_question_3131,715.5,807.6,1793.0
1629742,stimulus_Ins_LearningMobility_3_question_3131,715.4,807.6,1792.0
1629743,stimulus_Ins_LearningMobility_3_question_3131,715.2,806.7,1792.0
1629744,stimulus_Ins_LearningMobility_3_question_3131,715.1,805.9,1793.0
1629745,stimulus_Ins_LearningMobility_3_question_3131,715.2,805.6,1794.0
1629746,stimulus_Ins_LearningMobility_3_question_3131,715.3,806.1,1796.0
1629747,stimulus_Ins_LearningMobility_3_question_3131,715.1,806.6,1796.0
1629748,stimulus_Ins_LearningMobility_3_question_3131,714.9,807.0,1796.0
1629749,stimulus_Ins_LearningMobility_3_question_3131,714.7,807.0,1794.0
1629750,stimulus_Ins_LearningMobility_3_question_3131,714.9,807.4,1792.0
1629751,stimulus_Ins_LearningMobility_3_question_3131,715.1,807.8,1791.0
1629752,stimulus_Ins_LearningMobility_3_question_3131,715.2,808.1,1792.0
1629753,stimulus_Ins_LearningMobility_3_question_3131,715.1,808.0,1793.0
1629754,stimulus_Ins_LearningMobility_3_question_3131,715.0,807.0,1794.0
1629755,stimulus_Ins_LearningMobility_3_question_3131,714.9,805.9,1796.0
1629756,stimulus_Ins_LearningMobility_3_question_3131,714.8,804.9,1801.0
1629757,stimulus_Ins_LearningMobility_3_question_3131,714.7,805.7,1803.0
1629758,stimulus_Ins_LearningMobility_3_question_3131,714.6,806.6,1803.0
1629759,stimulus_Ins_LearningMobility_3_question_3131,714.4,806.8,1801.0
1629760,stimulus_Ins_LearningMobility_3_question_3131,714.3,805.9,1799.0
1629761,stimulus_Ins_LearningMobility_3_question_3131,714.2,804.9,1799.0
1629762,stimulus_Ins_LearningMobility_3_question_3131,713.8,804.8,1800.0
1629763,stimulus_Ins_LearningMobility_3_question_3131,713.4,805.3,1800.0
1629764,stimulus_Ins_LearningMobility_3_question_3131,713.1,805.7,1800.0
1629765,stimulus_Ins_LearningMobility_3_question_3131,713.2,805.3,1800.0
1629766,stimulus_Ins_LearningMobility_3_question_3131,713.3,804.8,1799.0
1629767,stimulus_Ins_LearningMobility_3_question_3131,714.1,804.6,1799.0
1629768,stimulus_Ins_LearningMobility_3_question_3131,714.9,805.0,1800.0
1629769,stimulus_Ins_LearningMobility_3_question_3131,715.8,805.9,1800.0
1629770,stimulus_Ins_LearningMobility_3_question_3131,715.9,806.4,1800.0
1629771,stimulus_Ins_LearningMobility_3_question_3131,715.6,806.4,1800.0
1629772,stimulus_Ins_LearningMobility_3_question_3131,715.1,806.0,1800.0
1629773,stimulus_Ins_LearningMobility_3_question_3131,714.7,805.5,1801.0
1629774,stimulus_Ins_LearningMobility_3_question_3131,714.6,805.5,1801.0
1629775,stimulus_Ins_LearningMobility_3_question_3131,714.6,805.5,1801.0
1629776,stimulus_Ins_LearningMobility_3_question_3131,714.7,805.2,1800.0
1629777,stimulus_Ins_LearningMobility_3_question_3131,714.7,804.8,1800.0
1629778,stimulus_Ins_LearningMobility_3_question_3131,714.9,805.1,1797.0
1629779,stimulus_Ins_LearningMobility_3_question_3131,715.1,805.8,1795.0
1629780,stimulus_Ins_LearningMobility_3_question_3131,715.2,806.5,1792.0
1629781,stimulus_Ins_LearningMobility_3_question_3131,715.3,806.4,1793.0
1629782,stimulus_Ins_LearningMobility_3_question_3131,715.4,806.2,1793.0
1629783,stimulus_Ins_LearningMobility_3_question_3131,715.5,806.0,1793.0
1629784,stimulus_Ins_LearningMobility_3_question_3131,715.6,805.9,1792.0
1629785,stimulus_Ins_LearningMobility_3_question_3131,715.6,805.5,1791.0
1629786,stimulus_Ins_LearningMobility_3_question_3131,715.5,805.1,1789.0
1629787,stimulus_Ins_LearningMobility_3_question_3131,715.3,804.7,1789.0
1629788,stimulus_Ins_LearningMobility_3_question_3131,715.1,804.5,1788.0
1629789,stimulus_Ins_LearningMobility_3_question_3131,714.7,804.4,1787.0
1629790,stimulus_Ins_LearningMobility_3_question_3131,714.3,804.3,1788.0
1629791,stimulus_Ins_LearningMobility_3_question_3131,713.7,804.1,1789.0
1629792,stimulus_Ins_LearningMobility_3_question_3131,713.3,804.0,1791.0
1629793,stimulus_Ins_LearningMobility_3_question_3131,713.4,804.0,1791.0
1629794,stimulus_Ins_LearningMobility_3_question_3131,713.8,804.6,1791.0
1629795,stimulus_Ins_LearningMobility_3_question_3131,714.1,805.1,1792.0
1629796,stimulus_Ins_LearningMobility_3_question_3131,714.3,805.4,1793.0
1629797,stimulus_Ins_LearningMobility_3_question_3131,714.7,805.2,1794.0
1629798,stimulus_Ins_LearningMobility_3_question_3131,715.0,804.3,1793.0
1629799,stimulus_Ins_LearningMobility_3_question_3131,715.1,803.6,1793.0
1629800,stimulus_Ins_LearningMobility_3_question_3131,715.0,803.1,1792.0
1629801,stimulus_Ins_LearningMobility_3_question_3131,715.0,803.1,1792.0
1629802,stimulus_Ins_LearningMobility_3_question_3131,715.0,803.2,1793.0
1629803,stimulus_Ins_LearningMobility_3_question_3131,714.9,803.0,1793.0
1629804,stimulus_Ins_LearningMobility_3_question_3131,714.8,802.7,1792.0
1629805,stimulus_Ins_LearningMobility_3_question_3131,714.9,802.4,1792.0
1629806,stimulus_Ins_LearningMobility_3_question_3131,714.9,802.1,1791.0
1629807,stimulus_Ins_LearningMobility_3_question_3131,714.9,801.9,1790.0
1629808,stimulus_Ins_LearningMobility_3_question_3131,714.8,801.8,1790.0
1629809,stimulus_Ins_LearningMobility_3_question_3131,714.4,801.7,1791.0
1629810,stimulus_Ins_LearningMobility_3_question_3131,714.2,801.7,1792.0
1629811,stimulus_Ins_LearningMobility_3_question_3131,713.8,801.9,1791.0
1629812,stimulus_Ins_LearningMobility_3_question_3131,713.5,801.9,1791.0
1629813,stimulus_Ins_LearningMobility_3_question_3131,712.8,801.8,1791.0
1629814,stimulus_Ins_LearningMobility_3_question_3131,712.4,801.7,1792.0
1629815,stimulus_Ins_LearningMobility_3_question_3131,712.1,801.3,1796.0
1629816,stimulus_Ins_LearningMobility_3_question_3131,712.3,801.1,1799.0
1629817,stimulus_Ins_LearningMobility_3_question_3131,712.5,800.9,1802.0
1629818,stimulus_Ins_LearningMobility_3_question_3131,712.5,801.0,1800.0
1629819,stimulus_Ins_LearningMobility_3_question_3131,712.3,800.9,1799.0
1629820,stimulus_Ins_LearningMobility_3_question_3131,712.2,800.8,1797.0
1629821,stimulus_Ins_LearningMobility_3_question_3131,712.7,800.8,1796.0
1629822,stimulus_Ins_LearningMobility_3_question_3131,713.3,800.8,1797.0
1629823,stimulus_Ins_LearningMobility_3_question_3131,714.1,800.4,1800.0
1629824,stimulus_Ins_LearningMobility_3_question_3131,714.4,799.9,1803.0
1629825,stimulus_Ins_LearningMobility_3_question_3131,714.7,799.4,1804.0
1629826,stimulus_Ins_LearningMobility_3_question_3131,714.9,799.6,1803.0
1629827,stimulus_Ins_LearningMobility_3_question_3131,715.0,799.7,1801.0
1629828,stimulus_Ins_LearningMobility_3_question_3131,715.0,800.5,1800.0
1629829,stimulus_Ins_LearningMobility_3_question_3131,715.0,801.1,1800.0
1629830,stimulus_Ins_LearningMobility_3_question_3131,715.3,801.7,1802.0
1629831,stimulus_Ins_LearningMobility_3_question_3131,715.5,801.2,1804.0
1629832,stimulus_Ins_LearningMobility_3_question_3131,715.7,800.6,1806.0
1629833,stimulus_Ins_LearningMobility_3_question_3131,715.5,800.1,1806.0
1629834,stimulus_Ins_LearningMobility_3_question_3131,715.4,800.0,1806.0
1629835,stimulus_Ins_LearningMobility_3_question_3131,715.3,800.0,1804.0
1629836,stimulus_Ins_LearningMobility_3_question_3131,715.3,800.0,1802.0
1629837,stimulus_Ins_LearningMobility_3_question_3131,715.4,800.5,1801.0
1629838,stimulus_Ins_LearningMobility_3_question_3131,715.5,800.9,1801.0
1629839,stimulus_Ins_LearningMobility_3_question_3131,715.5,801.3,1802.0
1629840,stimulus_Ins_LearningMobility_3_question_3131,715.5,801.2,1802.0
1629841,stimulus_Ins_LearningMobility_3_question_3131,715.5,801.1,1802.0
1629842,stimulus_Ins_LearningMobility_3_question_3131,715.5,801.1,1802.0
1629843,stimulus_Ins_LearningMobility_3_question_3131,715.6,801.1,1802.0
1629844,stimulus_Ins_LearningMobility_3_question_3131,715.8,801.0,1803.0
1629845,stimulus_Ins_LearningMobility_3_question_3131,716.1,800.9,1804.0
1629846,stimulus_Ins_LearningMobility_3_question_3131,716.1,801.0,1805.0
1629847,stimulus_Ins_LearningMobility_3_question_3131,715.9,801.3,1805.0
1629848,stimulus_Ins_LearningMobility_3_question_3131,715.2,801.8,1804.0
1629849,stimulus_Ins_LearningMobility_3_question_3131,714.1,802.3,1803.0
1629850,stimulus_Ins_LearningMobility_3_question_3131,712.3,802.6,1804.0
1629851,stimulus_Ins_LearningMobility_3_question_3131,710.1,802.0,1806.0
1629852,stimulus_Ins_LearningMobility_3_question_3131,707.0,800.5,1808.0
1629853,stimulus_Ins_LearningMobility_3_question_3131,703.9,798.4,1808.0
1629854,stimulus_Ins_LearningMobility_3_question_3131,700.9,796.8,1806.0
1629855,stimulus_Ins_LearningMobility_3_question_3131,699.0,796.0,1806.0
1629856,stimulus_Ins_LearningMobility_3_question_3131,695.9,794.8,1806.0
1629857,stimulus_Ins_LearningMobility_3_question_3131,692.5,793.5,1807.0
1629858,stimulus_Ins_LearningMobility_3_question_3131,688.3,792.3,1808.0
1629859,stimulus_Ins_LearningMobility_3_question_3131,684.6,792.0,1808.0
1629860,stimulus_Ins_LearningMobility_3_question_3131,681.0,791.9,1809.0
1629861,stimulus_Ins_LearningMobility_3_question_3131,677.8,790.9,1808.0
1629862,stimulus_Ins_LearningMobility_3_question_3131,675.2,790.0,1809.0
1629863,stimulus_Ins_LearningMobility_3_question_3131,673.7,789.2,1811.0
1629864,stimulus_Ins_LearningMobility_3_question_3131,672.9,789.2,1813.0
1629865,stimulus_Ins_LearningMobility_3_question_3131,672.9,789.2,1813.0
1629866,stimulus_Ins_LearningMobility_3_question_3131,672.9,789.2,1813.0
1629867,stimulus_Ins_LearningMobility_3_question_3131,672.9,789.2,1813.0
1629868,stimulus_Ins_LearningMobility_3_question_3131,673.3,789.2,1813.0
1629869,stimulus_Ins_LearningMobility_3_question_3131,673.9,789.5,1809.0
1629870,stimulus_Ins_LearningMobility_3_question_3131,675.3,790.1,1805.0
1629871,stimulus_Ins_LearningMobility_3_question_3131,676.4,790.7,1801.0
1629872,stimulus_Ins_LearningMobility_3_question_3131,677.3,790.6,1802.0
1629873,stimulus_Ins_LearningMobility_3_question_3131,677.4,790.3,1806.0
1629874,stimulus_Ins_LearningMobility_3_question_3131,678.1,790.0,1810.0
1629875,stimulus_Ins_LearningMobility_3_question_3131,678.7,790.2,1814.0
1629876,stimulus_Ins_LearningMobility_3_question_3131,679.3,790.9,1812.0
1629877,stimulus_Ins_LearningMobility_3_question_3131,679.9,791.9,1810.0
1629878,stimulus_Ins_LearningMobility_3_question_3131,680.4,792.8,1808.0
1629879,stimulus_Ins_LearningMobility_3_question_3131,680.9,793.3,1807.0
1629880,stimulus_Ins_LearningMobility_3_question_3131,680.9,793.3,1806.0
1629881,stimulus_Ins_LearningMobility_3_question_3131,681.0,793.4,1804.0
1629882,stimulus_Ins_LearningMobility_3_question_3131,681.1,793.0,1808.0
1629883,stimulus_Ins_LearningMobility_3_question_3131,681.0,792.5,1811.0
1629884,stimulus_Ins_LearningMobility_3_question_3131,680.8,791.5,1815.0
1629885,stimulus_Ins_LearningMobility_3_question_3131,680.5,790.8,1816.0
1629886,stimulus_Ins_LearningMobility_3_question_3131,680.3,790.1,1818.0
1629887,stimulus_Ins_LearningMobility_3_question_3131,680.2,789.8,1819.0
1629888,stimulus_Ins_LearningMobility_3_question_3131,680.1,789.8,1818.0
1629889,stimulus_Ins_LearningMobility_3_question_3131,679.8,789.5,1817.0
1629890,stimulus_Ins_LearningMobility_3_question_3131,679.3,789.1,1813.0
1629891,stimulus_Ins_LearningMobility_3_question_3131,679.0,788.9,1811.0
1629892,stimulus_Ins_LearningMobility_3_question_3131,678.9,789.0,1811.0
1629893,stimulus_Ins_LearningMobility_3_question_3131,679.0,789.1,1814.0
1629894,stimulus_Ins_LearningMobility_3_question_3131,679.1,788.6,1818.0
1629895,stimulus_Ins_LearningMobility_3_question_3131,679.1,788.1,1820.0
1629896,stimulus_Ins_LearningMobility_3_question_3131,679.1,787.6,1821.0
1629897,stimulus_Ins_LearningMobility_3_question_3131,679.2,787.7,1821.0
1629898,stimulus_Ins_LearningMobility_3_question_3131,679.3,787.8,1820.0
1629899,stimulus_Ins_LearningMobility_3_question_3131,679.3,787.8,1820.0
1629900,stimulus_Ins_LearningMobility_3_question_3131,679.2,787.8,1820.0
1629901,stimulus_Ins_LearningMobility_3_question_3131,679.1,787.8,1820.0
1629902,stimulus_Ins_LearningMobility_3_question_3131,679.4,787.7,1821.0
1629903,stimulus_Ins_LearningMobility_3_question_3131,679.7,787.6,1823.0
1629904,stimulus_Ins_LearningMobility_3_question_3131,679.9,787.4,1825.0
1629905,stimulus_Ins_LearningMobility_3_question_3131,679.8,787.4,1827.0
1629906,stimulus_Ins_LearningMobility_3_question_3131,679.6,787.4,1829.0
1629907,stimulus_Ins_LearningMobility_3_question_3131,679.8,787.4,1831.0
1629908,stimulus_Ins_LearningMobility_3_question_3131,680.1,788.0,1830.0
1629909,stimulus_Ins_LearningMobility_3_question_3131,680.4,789.0,1827.0
1629910,stimulus_Ins_LearningMobility_3_question_3131,680.4,789.9,1824.0
1629911,stimulus_Ins_LearningMobility_3_question_3131,680.2,790.2,1822.0
1629912,stimulus_Ins_LearningMobility_3_question_3131,679.9,790.1,1820.0
1629913,stimulus_Ins_LearningMobility_3_question_3131,679.8,789.8,1821.0
1629914,stimulus_Ins_LearningMobility_3_question_3131,679.8,789.6,1822.0
1629915,stimulus_Ins_LearningMobility_3_question_3131,680.1,789.5,1823.0
1629916,stimulus_Ins_LearningMobility_3_question_3131,680.4,789.6,1823.0
1629917,stimulus_Ins_LearningMobility_3_question_3131,680.5,789.4,1825.0
1629918,stimulus_Ins_LearningMobility_3_question_3131,680.5,789.1,1825.0
1629919,stimulus_Ins_LearningMobility_3_question_3131,680.4,788.7,1824.0
1629920,stimulus_Ins_LearningMobility_3_question_3131,680.4,788.5,1822.0
1629921,stimulus_Ins_LearningMobility_3_question_3131,680.4,788.2,1824.0
1629922,stimulus_Ins_LearningMobility_3_question_3131,680.6,789.1,1826.0
1629923,stimulus_Ins_LearningMobility_3_question_3131,680.6,790.1,1828.0
1629924,stimulus_Ins_LearningMobility_3_question_3131,680.6,790.8,1829.0
1629925,stimulus_Ins_LearningMobility_3_question_3131,680.6,790.3,1831.0
1629926,stimulus_Ins_LearningMobility_3_question_3131,680.7,789.7,1836.0
1629927,stimulus_Ins_LearningMobility_3_question_3131,680.7,788.8,1840.0
1629928,stimulus_Ins_LearningMobility_3_question_3131,680.6,788.2,1840.0
1629929,stimulus_Ins_LearningMobility_3_question_3131,680.6,788.1,1837.0
1629930,stimulus_Ins_LearningMobility_3_question_3131,680.5,788.3,1834.0
1629931,stimulus_Ins_LearningMobility_3_question_3131,680.3,788.4,1832.0
1629932,stimulus_Ins_LearningMobility_3_question_3131,680.4,788.3,1830.0
1629933,stimulus_Ins_LearningMobility_3_question_3131,680.7,788.5,1830.0
1629934,stimulus_Ins_LearningMobility_3_question_3131,681.0,788.7,1833.0
1629935,stimulus_Ins_LearningMobility_3_question_3131,681.1,789.0,1836.0
1629936,stimulus_Ins_LearningMobility_3_question_3131,681.1,788.7,1838.0
1629937,stimulus_Ins_LearningMobility_3_question_3131,681.1,788.5,1839.0
1629938,stimulus_Ins_LearningMobility_3_question_3131,681.0,788.7,1839.0
1629939,stimulus_Ins_LearningMobility_3_question_3131,681.0,789.3,1839.0
1629940,stimulus_Ins_LearningMobility_3_question_3131,681.1,790.2,1839.0
1629941,stimulus_Ins_LearningMobility_3_question_3131,681.2,790.7,1838.0
1629942,stimulus_Ins_LearningMobility_3_question_3131,681.2,790.2,1839.0
1629943,stimulus_Ins_LearningMobility_3_question_3131,681.0,789.4,1840.0
1629944,stimulus_Ins_LearningMobility_3_question_3131,680.9,788.7,1841.0
1629945,stimulus_Ins_LearningMobility_3_question_3131,680.9,788.7,1842.0
1629946,stimulus_Ins_LearningMobility_3_question_3131,681.0,788.8,1843.0
1629947,stimulus_Ins_LearningMobility_3_question_3131,681.1,788.9,1843.0
1629948,stimulus_Ins_LearningMobility_3_question_3131,681.3,789.4,1842.0
1629949,stimulus_Ins_LearningMobility_3_question_3131,681.5,789.7,1841.0
1629950,stimulus_Ins_LearningMobility_3_question_3131,681.8,790.0,1840.0
1629951,stimulus_Ins_LearningMobility_3_question_3131,682.0,790.1,1842.0
1629952,stimulus_Ins_LearningMobility_3_question_3131,682.2,790.2,1843.0
1629953,stimulus_Ins_LearningMobility_3_question_3131,682.3,790.3,1846.0
1629954,stimulus_Ins_LearningMobility_3_question_3131,682.4,790.2,1847.0
1629955,stimulus_Ins_LearningMobility_3_question_3131,682.4,790.0,1849.0
1629956,stimulus_Ins_LearningMobility_3_question_3131,682.3,789.8,1850.0
1629957,stimulus_Ins_LearningMobility_3_question_3131,682.2,789.8,1850.0
1629958,stimulus_Ins_LearningMobility_3_question_3131,682.2,789.9,1850.0
1629959,stimulus_Ins_LearningMobility_3_question_3131,682.2,789.9,1848.0
1629960,stimulus_Ins_LearningMobility_3_question_3131,682.3,790.5,1846.0
1629961,stimulus_Ins_LearningMobility_3_question_3131,682.3,791.1,1844.0
1629962,stimulus_Ins_LearningMobility_3_question_3131,682.4,791.4,1841.0
1629963,stimulus_Ins_LearningMobility_3_question_3131,682.3,790.6,1839.0
1629964,stimulus_Ins_LearningMobility_3_question_3131,682.2,789.8,1839.0
1629965,stimulus_Ins_LearningMobility_3_question_3131,682.2,789.4,1840.0
1629966,stimulus_Ins_LearningMobility_3_question_3131,682.2,789.4,1839.0
1629967,stimulus_Ins_LearningMobility_3_question_3131,682.2,789.2,1836.0
1629968,stimulus_Ins_LearningMobility_3_question_3131,682.3,789.1,1833.0
1629969,stimulus_Ins_LearningMobility_3_question_3131,682.4,789.0,1832.0
1629970,stimulus_Ins_LearningMobility_3_question_3131,682.3,789.0,1832.0
1629971,stimulus_Ins_LearningMobility_3_question_3131,682.1,789.2,1831.0
1629972,stimulus_Ins_LearningMobility_3_question_3131,682.2,789.3,1832.0
1629973,stimulus_Ins_LearningMobility_3_question_3131,682.5,789.4,1834.0
1629974,stimulus_Ins_LearningMobility_3_question_3131,682.8,789.1,1838.0
1629975,stimulus_Ins_LearningMobility_3_question_3131,682.8,788.9,1839.0
1629976,stimulus_Ins_LearningMobility_3_question_3131,682.8,789.3,1840.0
1629977,stimulus_Ins_LearningMobility_3_question_3131,682.7,789.8,1839.0
1629978,stimulus_Ins_LearningMobility_3_question_3131,683.1,790.2,1839.0
1629979,stimulus_Ins_LearningMobility_3_question_3131,683.4,789.3,1839.0
1629980,stimulus_Ins_LearningMobility_3_question_3131,683.6,788.4,1838.0
1629981,stimulus_Ins_LearningMobility_3_question_3131,683.1,787.5,1837.0
1629982,stimulus_Ins_LearningMobility_3_question_3131,682.7,787.5,1837.0
1629983,stimulus_Ins_LearningMobility_3_question_3131,682.0,787.6,1838.0
1629984,stimulus_Ins_LearningMobility_3_question_3131,681.4,787.6,1841.0
1629985,stimulus_Ins_LearningMobility_3_question_3131,681.0,787.6,1844.0
1629986,stimulus_Ins_LearningMobility_3_question_3131,681.0,787.5,1846.0
1629987,stimulus_Ins_LearningMobility_3_question_3131,680.8,787.5,1847.0
1629988,stimulus_Ins_LearningMobility_3_question_3131,680.5,787.2,1847.0
1629989,stimulus_Ins_LearningMobility_3_question_3131,680.5,787.0,1847.0
1629990,stimulus_Ins_LearningMobility_3_question_3131,680.7,786.7,1846.0
1629991,stimulus_Ins_LearningMobility_3_question_3131,681.2,786.7,1847.0
1629992,stimulus_Ins_LearningMobility_3_question_3131,681.5,787.0,1848.0
1629993,stimulus_Ins_LearningMobility_3_question_3131,681.5,787.2,1849.0
1629994,stimulus_Ins_LearningMobility_3_question_3131,681.0,787.1,1852.0
1629995,stimulus_Ins_LearningMobility_3_question_3131,680.4,786.6,1855.0
1629996,stimulus_Ins_LearningMobility_3_question_3131,680.5,786.1,1858.0
1629997,stimulus_Ins_LearningMobility_3_question_3131,680.9,785.9,1858.0
1629998,stimulus_Ins_LearningMobility_3_question_3131,681.2,785.7,1858.0
1629999,stimulus_Ins_LearningMobility_3_question_3131,681.1,785.5,1858.0
1630000,stimulus_Ins_LearningMobility_3_question_3131,681.0,785.5,1857.0
1630001,stimulus_Ins_LearningMobility_3_question_3131,680.9,786.1,1856.0
1630002,stimulus_Ins_LearningMobility_3_question_3131,681.0,786.7,1856.0
1630003,stimulus_Ins_LearningMobility_3_question_3131,681.0,786.9,1856.0
1630004,stimulus_Ins_LearningMobility_3_question_3131,681.1,786.7,1858.0
1630005,stimulus_Ins_LearningMobility_3_question_3131,681.4,786.4,1861.0
1630006,stimulus_Ins_LearningMobility_3_question_3131,681.8,786.3,1864.0
1630007,stimulus_Ins_LearningMobility_3_question_3131,682.0,786.2,1864.0
1630008,stimulus_Ins_LearningMobility_3_question_3131,682.0,786.3,1863.0
1630009,stimulus_Ins_LearningMobility_3_question_3131,682.1,786.4,1862.0
1630010,stimulus_Ins_LearningMobility_3_question_3131,682.1,786.4,1862.0
1630011,stimulus_Ins_LearningMobility_3_question_3131,682.2,786.2,1863.0
1630012,stimulus_Ins_LearningMobility_3_question_3131,682.2,786.2,1863.0
1630013,stimulus_Ins_LearningMobility_3_question_3131,682.3,786.2,1863.0
1630014,stimulus_Ins_LearningMobility_3_question_3131,682.3,785.8,1863.0
1630015,stimulus_Ins_LearningMobility_3_question_3131,682.4,785.3,1863.0
1630016,stimulus_Ins_LearningMobility_3_question_3131,682.3,784.8,1864.0
1630017,stimulus_Ins_LearningMobility_3_question_3131,682.2,785.1,1864.0
1630018,stimulus_Ins_LearningMobility_3_question_3131,681.9,785.4,1861.0
1630019,stimulus_Ins_LearningMobility_3_question_3131,681.8,785.7,1859.0
1630020,stimulus_Ins_LearningMobility_3_question_3131,682.0,785.9,1856.0
1630021,stimulus_Ins_LearningMobility_3_question_3131,682.2,786.2,1855.0
1630022,stimulus_Ins_LearningMobility_3_question_3131,682.5,786.5,1855.0
1630023,stimulus_Ins_LearningMobility_3_question_3131,682.7,786.5,1856.0
1630024,stimulus_Ins_LearningMobility_3_question_3131,683.1,786.5,1859.0
1630025,stimulus_Ins_LearningMobility_3_question_3131,683.5,786.4,1862.0
1630026,stimulus_Ins_LearningMobility_3_question_3131,684.1,786.3,1864.0
1630027,stimulus_Ins_LearningMobility_3_question_3131,684.4,787.2,1864.0
1630028,stimulus_Ins_LearningMobility_3_question_3131,684.3,788.2,1864.0
1630029,stimulus_Ins_LearningMobility_3_question_3131,683.9,789.1,1863.0
1630030,stimulus_Ins_LearningMobility_3_question_3131,683.4,788.7,1861.0
1630031,stimulus_Ins_LearningMobility_3_question_3131,683.7,788.2,1862.0
1630032,stimulus_Ins_LearningMobility_3_question_3131,684.0,788.0,1864.0
1630033,stimulus_Ins_LearningMobility_3_question_3131,684.4,788.3,1867.0
1630034,stimulus_Ins_LearningMobility_3_question_3131,684.4,788.6,1867.0
1630035,stimulus_Ins_LearningMobility_3_question_3131,684.5,788.6,1867.0
1630036,stimulus_Ins_LearningMobility_3_question_3131,684.7,788.6,1866.0
1630037,stimulus_Ins_LearningMobility_3_question_3131,684.8,788.2,1867.0
1630038,stimulus_Ins_LearningMobility_3_question_3131,684.7,787.9,1866.0
1630039,stimulus_Ins_LearningMobility_3_question_3131,684.7,787.6,1863.0
1630040,stimulus_Ins_LearningMobility_3_question_3131,684.6,787.5,1861.0
1630041,stimulus_Ins_LearningMobility_3_question_3131,684.7,788.4,1860.0
1630042,stimulus_Ins_LearningMobility_3_question_3131,684.8,789.5,1859.0
1630043,stimulus_Ins_LearningMobility_3_question_3131,685.0,790.1,1861.0
1630044,stimulus_Ins_LearningMobility_3_question_3131,685.0,789.6,1865.0
1630045,stimulus_Ins_LearningMobility_3_question_3131,684.8,789.1,1868.0
1630046,stimulus_Ins_LearningMobility_3_question_3131,684.7,789.2,1869.0
1630047,stimulus_Ins_LearningMobility_3_question_3131,684.5,789.3,1867.0
1630048,stimulus_Ins_LearningMobility_3_question_3131,684.4,789.4,1866.0
1630049,stimulus_Ins_LearningMobility_3_question_3131,684.3,789.4,1866.0
1630050,stimulus_Ins_LearningMobility_3_question_3131,684.2,789.8,1866.0
1630051,stimulus_Ins_LearningMobility_3_question_3131,684.0,790.1,1867.0
1630052,stimulus_Ins_LearningMobility_3_question_3131,683.8,790.5,1868.0
1630053,stimulus_Ins_LearningMobility_3_question_3131,683.7,790.7,1869.0
1630054,stimulus_Ins_LearningMobility_3_question_3131,684.0,791.0,1868.0
1630055,stimulus_Ins_LearningMobility_3_question_3131,684.1,790.7,1867.0
1630056,stimulus_Ins_LearningMobility_3_question_3131,684.2,790.2,1866.0
1630057,stimulus_Ins_LearningMobility_3_question_3131,684.0,789.9,1868.0
1630058,stimulus_Ins_LearningMobility_3_question_3131,683.8,790.1,1870.0
1630059,stimulus_Ins_LearningMobility_3_question_3131,683.6,790.6,1870.0
1630060,stimulus_Ins_LearningMobility_3_question_3131,683.3,790.9,1869.0
1630061,stimulus_Ins_LearningMobility_3_question_3131,683.1,791.1,1869.0
1630062,stimulus_Ins_LearningMobility_3_question_3131,683.1,791.0,1869.0
1630063,stimulus_Ins_LearningMobility_3_question_3131,683.1,791.1,1872.0
1630064,stimulus_Ins_LearningMobility_3_question_3131,683.3,791.2,1874.0
1630065,stimulus_Ins_LearningMobility_3_question_3131,683.5,791.3,1876.0
1630066,stimulus_Ins_LearningMobility_3_question_3131,683.4,791.3,1877.0
1630067,stimulus_Ins_LearningMobility_3_question_3131,683.0,791.1,1877.0
1630068,stimulus_Ins_LearningMobility_3_question_3131,682.6,790.9,1876.0
1630069,stimulus_Ins_LearningMobility_3_question_3131,682.5,791.4,1874.0
1630070,stimulus_Ins_LearningMobility_3_question_3131,682.5,792.2,1873.0
1630071,stimulus_Ins_LearningMobility_3_question_3131,682.6,792.9,1873.0
1630072,stimulus_Ins_LearningMobility_3_question_3131,682.5,792.6,1874.0
1630073,stimulus_Ins_LearningMobility_3_question_3131,682.4,792.6,1876.0
1630074,stimulus_Ins_LearningMobility_3_question_3131,682.2,792.7,1877.0
1630075,stimulus_Ins_LearningMobility_3_question_3131,682.1,792.8,1877.0
1630076,stimulus_Ins_LearningMobility_3_question_3131,682.1,792.5,1877.0
1630077,stimulus_Ins_LearningMobility_3_question_3131,682.0,792.2,1878.0
1630078,stimulus_Ins_LearningMobility_3_question_3131,681.8,792.2,1878.0
1630079,stimulus_Ins_LearningMobility_3_question_3131,681.8,792.5,1879.0
1630080,stimulus_Ins_LearningMobility_3_question_3131,681.9,792.8,1879.0
1630081,stimulus_Ins_LearningMobility_3_question_3131,682.1,792.4,1879.0
1630082,stimulus_Ins_LearningMobility_3_question_3131,682.0,791.8,1879.0
1630083,stimulus_Ins_LearningMobility_3_question_3131,681.9,791.6,1879.0
1630084,stimulus_Ins_LearningMobility_3_question_3131,681.8,791.9,1879.0
1630085,stimulus_Ins_LearningMobility_3_question_3131,682.0,792.6,1878.0
1630086,stimulus_Ins_LearningMobility_3_question_3131,682.2,792.8,1878.0
1630087,stimulus_Ins_LearningMobility_3_question_3131,682.4,793.1,1878.0
1630088,stimulus_Ins_LearningMobility_3_question_3131,682.4,793.0,1877.0
1630089,stimulus_Ins_LearningMobility_3_question_3131,682.3,792.9,1875.0
1630090,stimulus_Ins_LearningMobility_3_question_3131,682.1,793.0,1873.0
1630091,stimulus_Ins_LearningMobility_3_question_3131,681.8,793.3,1872.0
1630092,stimulus_Ins_LearningMobility_3_question_3131,681.7,793.6,1873.0
1630093,stimulus_Ins_LearningMobility_3_question_3131,681.7,793.5,1874.0
1630094,stimulus_Ins_LearningMobility_3_question_3131,681.9,793.5,1876.0
1630095,stimulus_Ins_LearningMobility_3_question_3131,682.7,793.7,1878.0
1630096,stimulus_Ins_LearningMobility_3_question_3131,683.4,794.2,1879.0
1630097,stimulus_Ins_LearningMobility_3_question_3131,683.9,794.7,1878.0
1630098,stimulus_Ins_LearningMobility_3_question_3131,683.8,794.2,1876.0
1630099,stimulus_Ins_LearningMobility_3_question_3131,683.5,793.5,1873.0
1630100,stimulus_Ins_LearningMobility_3_question_3131,683.2,792.9,1870.0
1630101,stimulus_Ins_LearningMobility_3_question_3131,683.0,793.0,1867.0
1630102,stimulus_Ins_LearningMobility_3_question_3131,682.6,793.2,1864.0
1630103,stimulus_Ins_LearningMobility_3_question_3131,682.2,793.3,1863.0
1630104,stimulus_Ins_LearningMobility_3_question_3131,681.6,792.9,1865.0
1630105,stimulus_Ins_LearningMobility_3_question_3131,681.5,792.5,1868.0
1630106,stimulus_Ins_LearningMobility_3_question_3131,681.4,792.2,1871.0
1630107,stimulus_Ins_LearningMobility_3_question_3131,681.4,792.3,1873.0
1630108,stimulus_Ins_LearningMobility_3_question_3131,681.7,792.4,1874.0
1630109,stimulus_Ins_LearningMobility_3_question_3131,682.1,792.8,1874.0
1630110,stimulus_Ins_LearningMobility_3_question_3131,682.5,793.1,1875.0
1630111,stimulus_Ins_LearningMobility_3_question_3131,682.6,793.2,1876.0
1630112,stimulus_Ins_LearningMobility_3_question_3131,682.3,793.1,1877.0
1630113,stimulus_Ins_LearningMobility_3_question_3131,681.9,793.5,1878.0
1630114,stimulus_Ins_LearningMobility_3_question_3131,681.5,794.2,1879.0
1630115,stimulus_Ins_LearningMobility_3_question_3131,681.5,794.5,1880.0
1630116,stimulus_Ins_LearningMobility_3_question_3131,681.4,794.1,1881.0
1630117,stimulus_Ins_LearningMobility_3_question_3131,681.2,793.6,1879.0
1630118,stimulus_Ins_LearningMobility_3_question_3131,681.0,793.4,1877.0
1630119,stimulus_Ins_LearningMobility_3_question_3131,681.0,793.9,1873.0
1630120,stimulus_Ins_LearningMobility_3_question_3131,680.8,794.4,1870.0
1630121,stimulus_Ins_LearningMobility_3_question_3131,680.8,794.9,1869.0
1630122,stimulus_Ins_LearningMobility_3_question_3131,680.8,794.7,1871.0
1630123,stimulus_Ins_LearningMobility_3_question_3131,680.9,794.4,1874.0
1630124,stimulus_Ins_LearningMobility_3_question_3131,681.0,794.1,1875.0
1630125,stimulus_Ins_LearningMobility_3_question_3131,681.1,794.0,1875.0
1630126,stimulus_Ins_LearningMobility_3_question_3131,681.0,793.9,1875.0
1630127,stimulus_Ins_LearningMobility_3_question_3131,680.9,794.0,1874.0
1630128,stimulus_Ins_LearningMobility_3_question_3131,680.8,794.3,1874.0
1630129,stimulus_Ins_LearningMobility_3_question_3131,680.7,794.7,1874.0
1630130,stimulus_Ins_LearningMobility_3_question_3131,680.6,794.9,1874.0
1630131,stimulus_Ins_LearningMobility_3_question_3131,680.4,795.1,1874.0
1630132,stimulus_Ins_LearningMobility_3_question_3131,680.4,795.2,1875.0
1630133,stimulus_Ins_LearningMobility_3_question_3131,679.9,794.5,1875.0
1630134,stimulus_Ins_LearningMobility_3_question_3131,679.4,793.8,1876.0
1630135,stimulus_Ins_LearningMobility_3_question_3131,679.1,793.0,1876.0
1630136,stimulus_Ins_LearningMobility_3_question_3131,679.3,792.8,1875.0
1630137,stimulus_Ins_LearningMobility_3_question_3131,679.6,792.7,1873.0
1630138,stimulus_Ins_LearningMobility_3_question_3131,679.7,792.5,1872.0
1630139,stimulus_Ins_LearningMobility_3_question_3131,679.8,792.2,1871.0
1630140,stimulus_Ins_LearningMobility_3_question_3131,679.2,791.9,1871.0
1630141,stimulus_Ins_LearningMobility_3_question_3131,678.7,791.8,1872.0
1630142,stimulus_Ins_LearningMobility_3_question_3131,678.3,791.7,1872.0
1630143,stimulus_Ins_LearningMobility_3_question_3131,678.8,791.7,1871.0
1630144,stimulus_Ins_LearningMobility_3_question_3131,679.3,791.4,1870.0
1630145,stimulus_Ins_LearningMobility_3_question_3131,679.5,791.3,1873.0
1630146,stimulus_Ins_LearningMobility_3_question_3131,679.4,791.2,1875.0
1630147,stimulus_Ins_LearningMobility_3_question_3131,679.2,791.2,1878.0
1630148,stimulus_Ins_LearningMobility_3_question_3131,679.1,791.1,1877.0
1630149,stimulus_Ins_LearningMobility_3_question_3131,679.0,791.0,1876.0
1630150,stimulus_Ins_LearningMobility_3_question_3131,679.0,791.2,1876.0
1630151,stimulus_Ins_LearningMobility_3_question_3131,679.1,791.4,1876.0
1630152,stimulus_Ins_LearningMobility_3_question_3131,679.3,791.8,1876.0
1630153,stimulus_Ins_LearningMobility_3_question_3131,679.6,792.1,1876.0
1630154,stimulus_Ins_LearningMobility_3_question_3131,679.9,792.4,1876.0
1630155,stimulus_Ins_LearningMobility_3_question_3131,680.1,792.5,1876.0
1630156,stimulus_Ins_LearningMobility_3_question_3131,680.0,791.8,1876.0
1630157,stimulus_Ins_LearningMobility_3_question_3131,679.8,791.1,1876.0
1630158,stimulus_Ins_LearningMobility_3_question_3131,679.7,790.7,1876.0
1630159,stimulus_Ins_LearningMobility_3_question_3131,679.7,791.3,1876.0
1630160,stimulus_Ins_LearningMobility_3_question_3131,679.7,792.1,1875.0
1630161,stimulus_Ins_LearningMobility_3_question_3131,679.9,792.7,1874.0
1630162,stimulus_Ins_LearningMobility_3_question_3131,680.0,792.8,1873.0
1630163,stimulus_Ins_LearningMobility_3_question_3131,680.1,792.3,1874.0
1630164,stimulus_Ins_LearningMobility_3_question_3131,679.9,791.9,1875.0
1630165,stimulus_Ins_LearningMobility_3_question_3131,679.7,791.3,1877.0
1630166,stimulus_Ins_LearningMobility_3_question_3131,679.7,791.1,1876.0
1630167,stimulus_Ins_LearningMobility_3_question_3131,679.8,791.4,1876.0
1630168,stimulus_Ins_LearningMobility_3_question_3131,679.8,792.0,1875.0
1630169,stimulus_Ins_LearningMobility_3_question_3131,679.5,792.4,1876.0
1630170,stimulus_Ins_LearningMobility_3_question_3131,679.1,792.3,1876.0
1630171,stimulus_Ins_LearningMobility_3_question_3131,678.7,792.5,1876.0
1630172,stimulus_Ins_LearningMobility_3_question_3131,679.0,792.8,1876.0
1630173,stimulus_Ins_LearningMobility_3_question_3131,679.2,793.1,1877.0
1630174,stimulus_Ins_LearningMobility_3_question_3131,679.5,793.0,1879.0
1630175,stimulus_Ins_LearningMobility_3_question_3131,679.3,792.2,1879.0
1630176,stimulus_Ins_LearningMobility_3_question_3131,679.2,791.5,1879.0
1630177,stimulus_Ins_LearningMobility_3_question_3131,678.5,790.9,1879.0
1630178,stimulus_Ins_LearningMobility_3_question_3131,678.0,791.0,1879.0
1630179,stimulus_Ins_LearningMobility_3_question_3131,678.0,791.2,1879.0
1630180,stimulus_Ins_LearningMobility_3_question_3131,678.5,791.5,1879.0
1630181,stimulus_Ins_LearningMobility_3_question_3131,678.9,791.7,1879.0
1630182,stimulus_Ins_LearningMobility_3_question_3131,678.9,791.9,1879.0
1630183,stimulus_Ins_LearningMobility_3_question_3131,678.9,791.9,1880.0
1630184,stimulus_Ins_LearningMobility_3_question_3131,678.8,791.8,1881.0
1630185,stimulus_Ins_LearningMobility_3_question_3131,678.6,791.7,1882.0
1630186,stimulus_Ins_LearningMobility_3_question_3131,678.4,791.5,1883.0
1630187,stimulus_Ins_LearningMobility_3_question_3131,678.3,791.3,1883.0
1630188,stimulus_Ins_LearningMobility_3_question_3131,678.2,791.1,1880.0
1630189,stimulus_Ins_LearningMobility_3_question_3131,678.1,791.0,1878.0
1630190,stimulus_Ins_LearningMobility_3_question_3131,678.1,790.4,1878.0
1630191,stimulus_Ins_LearningMobility_3_question_3131,678.1,789.9,1881.0
1630192,stimulus_Ins_LearningMobility_3_question_3131,678.2,790.2,1883.0
1630193,stimulus_Ins_LearningMobility_3_question_3131,678.2,791.0,1882.0
1630194,stimulus_Ins_LearningMobility_3_question_3131,678.1,791.7,1881.0
1630195,stimulus_Ins_LearningMobility_3_question_3131,677.9,791.7,1881.0
1630196,stimulus_Ins_LearningMobility_3_question_3131,677.7,791.7,1883.0
1630197,stimulus_Ins_LearningMobility_3_question_3131,677.5,791.6,1885.0
1630198,stimulus_Ins_LearningMobility_3_question_3131,677.4,792.2,1885.0
1630199,stimulus_Ins_LearningMobility_3_question_3131,677.4,793.0,1883.0
1630200,stimulus_Ins_LearningMobility_3_question_3131,677.2,792.7,1882.0
1630201,stimulus_Ins_LearningMobility_3_question_3131,676.9,791.5,1884.0
1630202,stimulus_Ins_LearningMobility_3_question_3131,676.9,790.3,1886.0
1630203,stimulus_Ins_LearningMobility_3_question_3131,677.2,790.0,1886.0
1630204,stimulus_Ins_LearningMobility_3_question_3131,677.4,790.4,1886.0
1630205,stimulus_Ins_LearningMobility_3_question_3131,677.3,790.8,1886.0
1630206,stimulus_Ins_LearningMobility_3_question_3131,677.2,791.2,1887.0
1630207,stimulus_Ins_LearningMobility_3_question_3131,677.1,791.2,1888.0
1630208,stimulus_Ins_LearningMobility_3_question_3131,677.1,791.4,1888.0
1630209,stimulus_Ins_LearningMobility_3_question_3131,677.1,791.7,1887.0
1630210,stimulus_Ins_LearningMobility_3_question_3131,677.1,792.0,1886.0
1630211,stimulus_Ins_LearningMobility_3_question_3131,677.3,792.2,1886.0
1630212,stimulus_Ins_LearningMobility_3_question_3131,677.6,792.1,1887.0
1630213,stimulus_Ins_LearningMobility_3_question_3131,678.0,792.0,1888.0
1630214,stimulus_Ins_LearningMobility_3_question_3131,678.1,791.9,1889.0
1630215,stimulus_Ins_LearningMobility_3_question_3131,678.0,791.1,1890.0
1630216,stimulus_Ins_LearningMobility_3_question_3131,678.4,790.2,1890.0
1630217,stimulus_Ins_LearningMobility_3_question_3131,678.7,789.5,1889.0
1630218,stimulus_Ins_LearningMobility_3_question_3131,679.1,789.4,1888.0
1630219,stimulus_Ins_LearningMobility_3_question_3131,679.1,789.7,1887.0
1630220,stimulus_Ins_LearningMobility_3_question_3131,679.2,790.2,1889.0
1630221,stimulus_Ins_LearningMobility_3_question_3131,678.9,790.9,1892.0
1630222,stimulus_Ins_LearningMobility_3_question_3131,678.7,791.4,1895.0
1630223,stimulus_Ins_LearningMobility_3_question_3131,678.9,791.7,1896.0
1630224,stimulus_Ins_LearningMobility_3_question_3131,679.4,791.8,1896.0
1630225,stimulus_Ins_LearningMobility_3_question_3131,680.0,791.8,1896.0
1630226,stimulus_Ins_LearningMobility_3_question_3131,680.0,791.7,1895.0
1630227,stimulus_Ins_LearningMobility_3_question_3131,679.9,791.4,1893.0
1630228,stimulus_Ins_LearningMobility_3_question_3131,679.6,791.1,1891.0
1630229,stimulus_Ins_LearningMobility_3_question_3131,679.1,791.0,1891.0
1630230,stimulus_Ins_LearningMobility_3_question_3131,678.7,791.1,1891.0
1630231,stimulus_Ins_LearningMobility_3_question_3131,678.6,791.0,1890.0
1630232,stimulus_Ins_LearningMobility_3_question_3131,678.6,790.9,1888.0
1630233,stimulus_Ins_LearningMobility_3_question_3131,678.6,790.9,1886.0
1630234,stimulus_Ins_LearningMobility_3_question_3131,678.8,791.0,1888.0
1630235,stimulus_Ins_LearningMobility_3_question_3131,679.2,791.2,1891.0
1630236,stimulus_Ins_LearningMobility_3_question_3131,679.7,791.4,1892.0
1630237,stimulus_Ins_LearningMobility_3_question_3131,680.0,791.7,1891.0
1630238,stimulus_Ins_LearningMobility_3_question_3131,679.9,791.7,1889.0
1630239,stimulus_Ins_LearningMobility_3_question_3131,679.7,791.6,1889.0
1630240,stimulus_Ins_LearningMobility_3_question_3131,679.5,791.4,1888.0
1630241,stimulus_Ins_LearningMobility_3_question_3131,679.3,791.8,1887.0
1630242,stimulus_Ins_LearningMobility_3_question_3131,679.1,792.0,1886.0
1630243,stimulus_Ins_LearningMobility_3_question_3131,678.8,792.1,1888.0
1630244,stimulus_Ins_LearningMobility_3_question_3131,678.7,791.9,1889.0
1630245,stimulus_Ins_LearningMobility_3_question_3131,678.9,792.2,1890.0
1630246,stimulus_Ins_LearningMobility_3_question_3131,679.2,792.5,1889.0
1630247,stimulus_Ins_LearningMobility_3_question_3131,679.5,792.8,1889.0
1630248,stimulus_Ins_LearningMobility_3_question_3131,679.5,792.6,1889.0
1630249,stimulus_Ins_LearningMobility_3_question_3131,679.4,792.9,1888.0
1630250,stimulus_Ins_LearningMobility_3_question_3131,679.3,793.2,1887.0
1630251,stimulus_Ins_LearningMobility_3_question_3131,679.4,793.3,1886.0
1630252,stimulus_Ins_LearningMobility_3_question_3131,679.5,793.1,1885.0
1630253,stimulus_Ins_LearningMobility_3_question_3131,679.7,792.9,1885.0
1630254,stimulus_Ins_LearningMobility_3_question_3131,679.9,793.0,1885.0
1630255,stimulus_Ins_LearningMobility_3_question_3131,680.1,792.6,1887.0
1630256,stimulus_Ins_LearningMobility_3_question_3131,680.1,792.2,1889.0
1630257,stimulus_Ins_LearningMobility_3_question_3131,679.9,792.4,1890.0
1630258,stimulus_Ins_LearningMobility_3_question_3131,679.4,793.0,1891.0
1630259,stimulus_Ins_LearningMobility_3_question_3131,678.9,793.8,1891.0
1630260,stimulus_Ins_LearningMobility_3_question_3131,678.7,794.5,1888.0
1630261,stimulus_Ins_LearningMobility_3_question_3131,679.0,795.3,1886.0
1630262,stimulus_Ins_LearningMobility_3_question_3131,679.4,795.5,1884.0
1630263,stimulus_Ins_LearningMobility_3_question_3131,679.5,795.1,1885.0
1630264,stimulus_Ins_LearningMobility_3_question_3131,679.5,794.7,1886.0
1630265,stimulus_Ins_LearningMobility_3_question_3131,679.4,794.5,1888.0
1630266,stimulus_Ins_LearningMobility_3_question_3131,679.6,794.5,1890.0
1630267,stimulus_Ins_LearningMobility_3_question_3131,680.0,794.5,1892.0
1630268,stimulus_Ins_LearningMobility_3_question_3131,680.5,794.6,1891.0
1630269,stimulus_Ins_LearningMobility_3_question_3131,680.4,794.8,1888.0
1630270,stimulus_Ins_LearningMobility_3_question_3131,680.1,795.0,1885.0
1630271,stimulus_Ins_LearningMobility_3_question_3131,679.8,795.1,1884.0
1630272,stimulus_Ins_LearningMobility_3_question_3131,679.8,795.1,1885.0
1630273,stimulus_Ins_LearningMobility_3_question_3131,679.8,794.9,1886.0
1630274,stimulus_Ins_LearningMobility_3_question_3131,679.8,794.7,1888.0
1630275,stimulus_Ins_LearningMobility_3_question_3131,679.5,794.4,1890.0
1630276,stimulus_Ins_LearningMobility_3_question_3131,679.2,794.3,1891.0
1630277,stimulus_Ins_LearningMobility_3_question_3131,679.2,795.1,1892.0
1630278,stimulus_Ins_LearningMobility_3_question_3131,679.5,795.8,1893.0
1630279,stimulus_Ins_LearningMobility_3_question_3131,679.6,795.9,1895.0
1630280,stimulus_Ins_LearningMobility_3_question_3131,679.4,795.2,1895.0
1630281,stimulus_Ins_LearningMobility_3_question_3131,679.2,795.0,1894.0
1630282,stimulus_Ins_LearningMobility_3_question_3131,679.3,795.5,1892.0
1630283,stimulus_Ins_LearningMobility_3_question_3131,679.6,796.0,1892.0
1630284,stimulus_Ins_LearningMobility_3_question_3131,679.9,795.9,1894.0
1630285,stimulus_Ins_LearningMobility_3_question_3131,680.2,795.7,1895.0
1630286,stimulus_Ins_LearningMobility_3_question_3131,680.2,795.6,1896.0
1630287,stimulus_Ins_LearningMobility_3_question_3131,680.3,795.5,1896.0
1630288,stimulus_Ins_LearningMobility_3_question_3131,680.4,796.1,1894.0
1630289,stimulus_Ins_LearningMobility_3_question_3131,680.5,796.8,1891.0
1630290,stimulus_Ins_LearningMobility_3_question_3131,680.6,796.8,1888.0
1630291,stimulus_Ins_LearningMobility_3_question_3131,680.5,796.2,1888.0
1630292,stimulus_Ins_LearningMobility_3_question_3131,680.3,795.6,1891.0
1630293,stimulus_Ins_LearningMobility_3_question_3131,680.2,795.6,1894.0
1630294,stimulus_Ins_LearningMobility_3_question_3131,680.0,795.6,1898.0
1630295,stimulus_Ins_LearningMobility_3_question_3131,679.8,795.5,1899.0
1630296,stimulus_Ins_LearningMobility_3_question_3131,679.7,795.4,1900.0
1630297,stimulus_Ins_LearningMobility_3_question_3131,679.8,795.3,1902.0
1630298,stimulus_Ins_LearningMobility_3_question_3131,679.9,795.2,1900.0
1630299,stimulus_Ins_LearningMobility_3_question_3131,679.9,795.3,1894.0
1630300,stimulus_Ins_LearningMobility_3_question_3131,679.4,795.4,1888.0
1630301,stimulus_Ins_LearningMobility_3_question_3131,679.0,795.7,1886.0
1630302,stimulus_Ins_LearningMobility_3_question_3131,678.7,795.9,1888.0
1630303,stimulus_Ins_LearningMobility_3_question_3131,678.9,795.5,1891.0
1630304,stimulus_Ins_LearningMobility_3_question_3131,679.1,795.2,1894.0
1630305,stimulus_Ins_LearningMobility_3_question_3131,679.0,794.9,1896.0
1630306,stimulus_Ins_LearningMobility_3_question_3131,678.8,794.9,1895.0
1630307,stimulus_Ins_LearningMobility_3_question_3131,678.8,795.0,1894.0
1630308,stimulus_Ins_LearningMobility_3_question_3131,678.7,794.9,1893.0
1630309,stimulus_Ins_LearningMobility_3_question_3131,678.7,794.7,1893.0
1630310,stimulus_Ins_LearningMobility_3_question_3131,678.6,794.5,1893.0
1630311,stimulus_Ins_LearningMobility_3_question_3131,678.5,794.4,1894.0
1630312,stimulus_Ins_LearningMobility_3_question_3131,678.4,794.4,1894.0
1630313,stimulus_Ins_LearningMobility_3_question_3131,678.3,794.4,1894.0
1630314,stimulus_Ins_LearningMobility_3_question_3131,678.0,793.7,1894.0
1630315,stimulus_Ins_LearningMobility_3_question_3131,677.7,792.8,1894.0
1630316,stimulus_Ins_LearningMobility_3_question_3131,677.4,792.0,1893.0
1630317,stimulus_Ins_LearningMobility_3_question_3131,677.2,792.1,1893.0
1630318,stimulus_Ins_LearningMobility_3_question_3131,677.2,792.4,1891.0
1630319,stimulus_Ins_LearningMobility_3_question_3131,677.2,792.7,1890.0
1630320,stimulus_Ins_LearningMobility_3_question_3131,677.1,792.9,1892.0
1630321,stimulus_Ins_LearningMobility_3_question_3131,677.0,792.9,1894.0
1630322,stimulus_Ins_LearningMobility_3_question_3131,676.9,792.9,1895.0
1630323,stimulus_Ins_LearningMobility_3_question_3131,676.9,793.0,1895.0
1630324,stimulus_Ins_LearningMobility_3_question_3131,676.8,793.1,1895.0
1630325,stimulus_Ins_LearningMobility_3_question_3131,676.3,793.3,1894.0
1630326,stimulus_Ins_LearningMobility_3_question_3131,675.9,793.4,1893.0
1630327,stimulus_Ins_LearningMobility_3_question_3131,676.0,793.6,1893.0
1630328,stimulus_Ins_LearningMobility_3_question_3131,676.5,793.7,1892.0
1630329,stimulus_Ins_LearningMobility_3_question_3131,677.1,793.9,1892.0
1630330,stimulus_Ins_LearningMobility_3_question_3131,677.2,793.8,1891.0
1630331,stimulus_Ins_LearningMobility_3_question_3131,676.8,793.7,1889.0
1630332,stimulus_Ins_LearningMobility_3_question_3131,676.3,794.0,1888.0
1630333,stimulus_Ins_LearningMobility_3_question_3131,675.8,794.7,1888.0
1630334,stimulus_Ins_LearningMobility_3_question_3131,676.1,795.2,1888.0
1630335,stimulus_Ins_LearningMobility_3_question_3131,676.3,795.4,1888.0
1630336,stimulus_Ins_LearningMobility_3_question_3131,676.4,795.9,1889.0
1630337,stimulus_Ins_LearningMobility_3_question_3131,676.1,796.4,1891.0
1630338,stimulus_Ins_LearningMobility_3_question_3131,675.8,797.0,1891.0
1630339,stimulus_Ins_LearningMobility_3_question_3131,675.6,797.1,1892.0
1630340,stimulus_Ins_LearningMobility_3_question_3131,675.7,797.1,1893.0
1630341,stimulus_Ins_LearningMobility_3_question_3131,675.8,797.2,1891.0
1630342,stimulus_Ins_LearningMobility_3_question_3131,675.9,797.2,1889.0
1630343,stimulus_Ins_LearningMobility_3_question_3131,675.9,797.2,1888.0
1630344,stimulus_Ins_LearningMobility_3_question_3131,675.9,797.2,1892.0
1630345,stimulus_Ins_LearningMobility_3_question_3131,675.9,797.3,1896.0
1630346,stimulus_Ins_LearningMobility_3_question_3131,675.9,797.4,1897.0
1630347,stimulus_Ins_LearningMobility_3_question_3131,676.0,797.5,1895.0
1630348,stimulus_Ins_LearningMobility_3_question_3131,676.2,797.6,1892.0
1630349,stimulus_Ins_LearningMobility_3_question_3131,676.4,797.9,1892.0
1630350,stimulus_Ins_LearningMobility_3_question_3131,676.4,798.3,1892.0
1630351,stimulus_Ins_LearningMobility_3_question_3131,676.4,798.6,1892.0
1630352,stimulus_Ins_LearningMobility_3_question_3131,676.1,798.4,1892.0
1630353,stimulus_Ins_LearningMobility_3_question_3131,676.0,798.0,1891.0
1630354,stimulus_Ins_LearningMobility_3_question_3131,676.2,797.6,1892.0
1630355,stimulus_Ins_LearningMobility_3_question_3131,676.5,797.4,1895.0
1630356,stimulus_Ins_LearningMobility_3_question_3131,676.8,797.3,1898.0
1630357,stimulus_Ins_LearningMobility_3_question_3131,676.7,797.1,1898.0
1630358,stimulus_Ins_LearningMobility_3_question_3131,676.2,797.1,1897.0
1630359,stimulus_Ins_LearningMobility_3_question_3131,675.7,797.0,1896.0
1630360,stimulus_Ins_LearningMobility_3_question_3131,675.2,797.0,1896.0
1630361,stimulus_Ins_LearningMobility_3_question_3131,675.1,797.1,1896.0
1630362,stimulus_Ins_LearningMobility_3_question_3131,675.0,797.2,1896.0
1630363,stimulus_Ins_LearningMobility_3_question_3131,674.9,797.1,1897.0
1630364,stimulus_Ins_LearningMobility_3_question_3131,675.0,797.0,1897.0
1630365,stimulus_Ins_LearningMobility_3_question_3131,675.0,796.8,1898.0
1630366,stimulus_Ins_LearningMobility_3_question_3131,675.3,797.0,1898.0
1630367,stimulus_Ins_LearningMobility_3_question_3131,675.6,797.2,1899.0
1630368,stimulus_Ins_LearningMobility_3_question_3131,675.9,797.3,1899.0
1630369,stimulus_Ins_LearningMobility_3_question_3131,676.0,797.2,1897.0
1630370,stimulus_Ins_LearningMobility_3_question_3131,676.0,797.6,1895.0
1630371,stimulus_Ins_LearningMobility_3_question_3131,675.9,798.0,1894.0
1630372,stimulus_Ins_LearningMobility_3_question_3131,675.8,798.4,1895.0
1630373,stimulus_Ins_LearningMobility_3_question_3131,675.8,798.4,1895.0
1630374,stimulus_Ins_LearningMobility_3_question_3131,676.0,798.0,1897.0
1630375,stimulus_Ins_LearningMobility_3_question_3131,676.2,797.6,1900.0
1630376,stimulus_Ins_LearningMobility_3_question_3131,676.2,797.1,1902.0
1630377,stimulus_Ins_LearningMobility_3_question_3131,676.1,796.9,1902.0
1630378,stimulus_Ins_LearningMobility_3_question_3131,675.8,796.7,1901.0
1630379,stimulus_Ins_LearningMobility_3_question_3131,675.5,796.7,1898.0
1630380,stimulus_Ins_LearningMobility_3_question_3131,675.3,796.6,1895.0
1630381,stimulus_Ins_LearningMobility_3_question_3131,675.4,796.5,1892.0
1630382,stimulus_Ins_LearningMobility_3_question_3131,675.6,796.5,1890.0
1630383,stimulus_Ins_LearningMobility_3_question_3131,675.6,796.3,1888.0
1630384,stimulus_Ins_LearningMobility_3_question_3131,675.6,796.1,1887.0
1630385,stimulus_Ins_LearningMobility_3_question_3131,675.6,795.7,1890.0
1630386,stimulus_Ins_LearningMobility_3_question_3131,675.6,795.4,1892.0
1630387,stimulus_Ins_LearningMobility_3_question_3131,675.6,794.9,1894.0
1630388,stimulus_Ins_LearningMobility_3_question_3131,675.6,794.5,1893.0
1630389,stimulus_Ins_LearningMobility_3_question_3131,675.7,794.2,1893.0
1630390,stimulus_Ins_LearningMobility_3_question_3131,675.8,794.2,1894.0
1630391,stimulus_Ins_LearningMobility_3_question_3131,675.8,794.2,1893.0
1630392,stimulus_Ins_LearningMobility_3_question_3131,675.7,794.5,1893.0
1630393,stimulus_Ins_LearningMobility_3_question_3131,675.7,794.8,1892.0
1630394,stimulus_Ins_LearningMobility_3_question_3131,675.5,795.5,1893.0
1630395,stimulus_Ins_LearningMobility_3_question_3131,675.4,796.0,1894.0
1630396,stimulus_Ins_LearningMobility_3_question_3131,675.3,796.4,1895.0
1630397,stimulus_Ins_LearningMobility_3_question_3131,675.0,796.4,1895.0
1630398,stimulus_Ins_LearningMobility_3_question_3131,674.5,796.1,1896.0
1630399,stimulus_Ins_LearningMobility_3_question_3131,674.0,795.7,1895.0
1630400,stimulus_Ins_LearningMobility_3_question_3131,673.9,795.5,1892.0
1630401,stimulus_Ins_LearningMobility_3_question_3131,674.3,796.4,1889.0
1630402,stimulus_Ins_LearningMobility_3_question_3131,674.8,797.7,1886.0
1630403,stimulus_Ins_LearningMobility_3_question_3131,675.3,798.9,1887.0
1630404,stimulus_Ins_LearningMobility_3_question_3131,675.4,799.1,1887.0
1630405,stimulus_Ins_LearningMobility_3_question_3131,675.2,799.1,1887.0
1630406,stimulus_Ins_LearningMobility_3_question_3131,675.0,799.0,1887.0
1630407,stimulus_Ins_LearningMobility_3_question_3131,674.8,799.0,1886.0
1630408,stimulus_Ins_LearningMobility_3_question_3131,674.9,799.0,1886.0
1630409,stimulus_Ins_LearningMobility_3_question_3131,675.0,799.0,1886.0
1630410,stimulus_Ins_LearningMobility_3_question_3131,675.1,799.0,1886.0
1630411,stimulus_Ins_LearningMobility_3_question_3131,675.2,799.0,1885.0
1630412,stimulus_Ins_LearningMobility_3_question_3131,675.1,799.0,1885.0
1630413,stimulus_Ins_LearningMobility_3_question_3131,675.0,799.4,1884.0
1630414,stimulus_Ins_LearningMobility_3_question_3131,674.9,799.8,1883.0
1630415,stimulus_Ins_LearningMobility_3_question_3131,674.3,800.0,1886.0
1630416,stimulus_Ins_LearningMobility_3_question_3131,673.7,799.9,1888.0
1630417,stimulus_Ins_LearningMobility_3_question_3131,673.1,800.3,1890.0
1630418,stimulus_Ins_LearningMobility_3_question_3131,673.1,800.8,1889.0
1630419,stimulus_Ins_LearningMobility_3_question_3131,673.1,801.3,1889.0
1630420,stimulus_Ins_LearningMobility_3_question_3131,672.9,800.9,1889.0
1630421,stimulus_Ins_LearningMobility_3_question_3131,672.8,800.4,1889.0
1630422,stimulus_Ins_LearningMobility_3_question_3131,672.7,799.8,1889.0
1630423,stimulus_Ins_LearningMobility_3_question_3131,672.7,799.7,1889.0
1630424,stimulus_Ins_LearningMobility_3_question_3131,672.8,799.6,1889.0
1630425,stimulus_Ins_LearningMobility_3_question_3131,673.4,799.9,1891.0
1630426,stimulus_Ins_LearningMobility_3_question_3131,674.0,800.3,1893.0
1630427,stimulus_Ins_LearningMobility_3_question_3131,673.9,800.3,1895.0
1630428,stimulus_Ins_LearningMobility_3_question_3131,673.3,800.0,1896.0
1630429,stimulus_Ins_LearningMobility_3_question_3131,672.9,799.5,1896.0
1630430,stimulus_Ins_LearningMobility_3_question_3131,672.9,799.5,1896.0
1630431,stimulus_Ins_LearningMobility_3_question_3131,673.0,799.5,1896.0
1630432,stimulus_Ins_LearningMobility_3_question_3131,672.9,799.3,1897.0
1630433,stimulus_Ins_LearningMobility_3_question_3131,672.9,799.2,1898.0
1630434,stimulus_Ins_LearningMobility_3_question_3131,672.9,799.2,1898.0
1630435,stimulus_Ins_LearningMobility_3_question_3131,673.0,799.3,1898.0
1630436,stimulus_Ins_LearningMobility_3_question_3131,673.1,799.4,1898.0
1630437,stimulus_Ins_LearningMobility_3_question_3131,673.2,799.4,1898.0
1630438,stimulus_Ins_LearningMobility_3_question_3131,673.1,799.4,1897.0
1630439,stimulus_Ins_LearningMobility_3_question_3131,673.0,799.3,1895.0
1630440,stimulus_Ins_LearningMobility_3_question_3131,673.0,799.4,1893.0
1630441,stimulus_Ins_LearningMobility_3_question_3131,673.5,799.5,1893.0
1630442,stimulus_Ins_LearningMobility_3_question_3131,674.1,799.6,1893.0
1630443,stimulus_Ins_LearningMobility_3_question_3131,674.5,799.6,1893.0
1630444,stimulus_Ins_LearningMobility_3_question_3131,674.5,799.7,1893.0
1630445,stimulus_Ins_LearningMobility_3_question_3131,674.3,799.7,1895.0
1630446,stimulus_Ins_LearningMobility_3_question_3131,674.3,799.6,1896.0
1630447,stimulus_Ins_LearningMobility_3_question_3131,674.2,799.6,1898.0
1630448,stimulus_Ins_LearningMobility_3_question_3131,674.2,799.5,1897.0
1630449,stimulus_Ins_LearningMobility_3_question_3131,674.1,799.4,1896.0
1630450,stimulus_Ins_LearningMobility_3_question_3131,674.2,799.2,1895.0
1630451,stimulus_Ins_LearningMobility_3_question_3131,674.3,799.1,1895.0
1630452,stimulus_Ins_LearningMobility_3_question_3131,674.3,799.0,1893.0
1630453,stimulus_Ins_LearningMobility_3_question_3131,674.6,799.0,1890.0
1630454,stimulus_Ins_LearningMobility_3_question_3131,674.9,799.6,1887.0
1630455,stimulus_Ins_LearningMobility_3_question_3131,675.3,800.2,1888.0
1630456,stimulus_Ins_LearningMobility_3_question_3131,675.4,800.8,1888.0
1630457,stimulus_Ins_LearningMobility_3_question_3131,675.5,800.8,1887.0
1630458,stimulus_Ins_LearningMobility_3_question_3131,675.5,800.9,1887.0
1630459,stimulus_Ins_LearningMobility_3_question_3131,675.6,801.6,1882.0
1630460,stimulus_Ins_LearningMobility_3_question_3131,675.5,802.4,1877.0
1630461,stimulus_Ins_LearningMobility_3_question_3131,674.8,801.9,1875.0
1630462,stimulus_Ins_LearningMobility_3_question_3131,674.1,800.7,1877.0
1630463,stimulus_Ins_LearningMobility_3_question_3131,673.4,799.6,1881.0
1630464,stimulus_Ins_LearningMobility_3_question_3131,673.3,799.6,1882.0
1630465,stimulus_Ins_LearningMobility_3_question_3131,673.2,799.4,1884.0
1630466,stimulus_Ins_LearningMobility_3_question_3131,672.8,799.1,1884.0
1630467,stimulus_Ins_LearningMobility_3_question_3131,671.8,798.9,1886.0
1630468,stimulus_Ins_LearningMobility_3_question_3131,670.8,798.8,1888.0
1630469,stimulus_Ins_LearningMobility_3_question_3131,670.3,798.7,1889.0
1630470,stimulus_Ins_LearningMobility_3_question_3131,670.2,798.8,1890.0
1630471,stimulus_Ins_LearningMobility_3_question_3131,670.8,799.0,1889.0
1630472,stimulus_Ins_LearningMobility_3_question_3131,671.4,799.5,1888.0
1630473,stimulus_Ins_LearningMobility_3_question_3131,671.8,799.9,1887.0
1630474,stimulus_Ins_LearningMobility_3_question_3131,671.6,799.6,1888.0
1630475,stimulus_Ins_LearningMobility_3_question_3131,671.3,799.0,1889.0
1630476,stimulus_Ins_LearningMobility_3_question_3131,671.3,798.3,1889.0
1630477,stimulus_Ins_LearningMobility_3_question_3131,671.2,798.6,1888.0
1630478,stimulus_Ins_LearningMobility_3_question_3131,671.0,799.0,1886.0
1630479,stimulus_Ins_LearningMobility_3_question_3131,670.8,799.5,1884.0
1630480,stimulus_Ins_LearningMobility_3_question_3131,670.7,800.0,1885.0
1630481,stimulus_Ins_LearningMobility_3_question_3131,671.2,800.5,1885.0
1630482,stimulus_Ins_LearningMobility_3_question_3131,671.7,800.9,1886.0
1630483,stimulus_Ins_LearningMobility_3_question_3131,671.8,801.0,1886.0
1630484,stimulus_Ins_LearningMobility_3_question_3131,671.5,800.8,1886.0
1630485,stimulus_Ins_LearningMobility_3_question_3131,671.1,800.7,1886.0
1630486,stimulus_Ins_LearningMobility_3_question_3131,671.1,800.6,1887.0
1630487,stimulus_Ins_LearningMobility_3_question_3131,671.5,800.6,1890.0
1630488,stimulus_Ins_LearningMobility_3_question_3131,672.1,800.6,1892.0
1630489,stimulus_Ins_LearningMobility_3_question_3131,672.7,800.5,1892.0
1630490,stimulus_Ins_LearningMobility_3_question_3131,672.8,800.2,1890.0
1630491,stimulus_Ins_LearningMobility_3_question_3131,672.7,800.0,1890.0
1630492,stimulus_Ins_LearningMobility_3_question_3131,672.7,799.9,1892.0
1630493,stimulus_Ins_LearningMobility_3_question_3131,672.7,799.8,1893.0
1630494,stimulus_Ins_LearningMobility_3_question_3131,672.8,799.7,1893.0
1630495,stimulus_Ins_LearningMobility_3_question_3131,672.6,799.7,1892.0
1630496,stimulus_Ins_LearningMobility_3_question_3131,672.5,799.8,1892.0
1630497,stimulus_Ins_LearningMobility_3_question_3131,672.3,799.9,1891.0
1630498,stimulus_Ins_LearningMobility_3_question_3131,672.3,799.4,1891.0
1630499,stimulus_Ins_LearningMobility_3_question_3131,672.4,798.8,1891.0
1630500,stimulus_Ins_LearningMobility_3_question_3131,672.4,798.2,1891.0
1630501,stimulus_Ins_LearningMobility_3_question_3131,672.7,798.7,1890.0
1630502,stimulus_Ins_LearningMobility_3_question_3131,673.0,799.2,1889.0
1630503,stimulus_Ins_LearningMobility_3_question_3131,673.4,799.5,1889.0
1630504,stimulus_Ins_LearningMobility_3_question_3131,673.7,799.3,1889.0
1630505,stimulus_Ins_LearningMobility_3_question_3131,673.9,799.2,1889.0
1630506,stimulus_Ins_LearningMobility_3_question_3131,674.3,799.4,1890.0
1630507,stimulus_Ins_LearningMobility_3_question_3131,674.4,799.6,1890.0
1630508,stimulus_Ins_LearningMobility_3_question_3131,674.8,799.8,1889.0
1630509,stimulus_Ins_LearningMobility_3_question_3131,674.9,799.9,1888.0
1630510,stimulus_Ins_LearningMobility_3_question_3131,674.7,799.9,1888.0
1630511,stimulus_Ins_LearningMobility_3_question_3131,674.3,799.9,1887.0
1630512,stimulus_Ins_LearningMobility_3_question_3131,673.9,799.9,1886.0
1630513,stimulus_Ins_LearningMobility_3_question_3131,673.7,799.7,1884.0
1630514,stimulus_Ins_LearningMobility_3_question_3131,673.5,799.3,1884.0
1630515,stimulus_Ins_LearningMobility_3_question_3131,673.5,798.8,1884.0
1630516,stimulus_Ins_LearningMobility_3_question_3131,673.7,798.4,1885.0
1630517,stimulus_Ins_LearningMobility_3_question_3131,673.9,798.3,1886.0
1630518,stimulus_Ins_LearningMobility_3_question_3131,674.0,798.4,1885.0
1630519,stimulus_Ins_LearningMobility_3_question_3131,674.1,798.5,1885.0
1630520,stimulus_Ins_LearningMobility_3_question_3131,674.1,798.7,1885.0
1630521,stimulus_Ins_LearningMobility_3_question_3131,674.0,798.7,1885.0
1630522,stimulus_Ins_LearningMobility_3_question_3131,673.8,798.7,1886.0
1630523,stimulus_Ins_LearningMobility_3_question_3131,673.9,798.7,1887.0
1630524,stimulus_Ins_LearningMobility_3_question_3131,674.4,798.7,1889.0
1630525,stimulus_Ins_LearningMobility_3_question_3131,674.8,798.7,1890.0
1630526,stimulus_Ins_LearningMobility_3_question_3131,674.8,798.8,1890.0
1630527,stimulus_Ins_LearningMobility_3_question_3131,674.6,799.0,1890.0
1630528,stimulus_Ins_LearningMobility_3_question_3131,675.0,799.0,1889.0
1630529,stimulus_Ins_LearningMobility_3_question_3131,675.5,799.3,1889.0
1630530,stimulus_Ins_LearningMobility_3_question_3131,676.0,799.7,1888.0
1630531,stimulus_Ins_LearningMobility_3_question_3131,675.9,800.1,1885.0
1630532,stimulus_Ins_LearningMobility_3_question_3131,675.8,800.3,1883.0
1630533,stimulus_Ins_LearningMobility_3_question_3131,675.6,800.5,1883.0
1630534,stimulus_Ins_LearningMobility_3_question_3131,675.5,800.5,1887.0
1630535,stimulus_Ins_LearningMobility_3_question_3131,675.2,800.4,1891.0
1630536,stimulus_Ins_LearningMobility_3_question_3131,675.0,800.3,1891.0
1630537,stimulus_Ins_LearningMobility_3_question_3131,674.8,799.9,1889.0
1630538,stimulus_Ins_LearningMobility_3_question_3131,674.8,799.5,1887.0
1630539,stimulus_Ins_LearningMobility_3_question_3131,674.8,799.0,1887.0
1630540,stimulus_Ins_LearningMobility_3_question_3131,674.8,798.8,1886.0
1630541,stimulus_Ins_LearningMobility_3_question_3131,674.9,798.6,1886.0
1630542,stimulus_Ins_LearningMobility_3_question_3131,674.9,798.3,1887.0
1630543,stimulus_Ins_LearningMobility_3_question_3131,675.0,798.2,1888.0
1630544,stimulus_Ins_LearningMobility_3_question_3131,675.1,798.7,1889.0
1630545,stimulus_Ins_LearningMobility_3_question_3131,675.1,799.3,1888.0
1630546,stimulus_Ins_LearningMobility_3_question_3131,675.1,798.8,1888.0
1630547,stimulus_Ins_LearningMobility_3_question_3131,674.7,797.7,1887.0
1630548,stimulus_Ins_LearningMobility_3_question_3131,674.5,797.3,1887.0
1630549,stimulus_Ins_LearningMobility_3_question_3131,674.5,798.0,1885.0
1630550,stimulus_Ins_LearningMobility_3_question_3131,674.8,798.9,1884.0
1630551,stimulus_Ins_LearningMobility_3_question_3131,674.8,799.1,1884.0
1630552,stimulus_Ins_LearningMobility_3_question_3131,674.7,799.3,1886.0
1630553,stimulus_Ins_LearningMobility_3_question_3131,674.6,799.3,1886.0
1630554,stimulus_Ins_LearningMobility_3_question_3131,674.6,799.2,1885.0
1630555,stimulus_Ins_LearningMobility_3_question_3131,674.6,799.1,1884.0
1630556,stimulus_Ins_LearningMobility_3_question_3131,674.5,798.4,1883.0
1630557,stimulus_Ins_LearningMobility_3_question_3131,674.5,797.7,1882.0
1630558,stimulus_Ins_LearningMobility_3_question_3131,674.4,797.0,1881.0
1630559,stimulus_Ins_LearningMobility_3_question_3131,674.4,797.5,1880.0
1630560,stimulus_Ins_LearningMobility_3_question_3131,674.4,798.1,1879.0
1630561,stimulus_Ins_LearningMobility_3_question_3131,674.5,798.6,1878.0
1630562,stimulus_Ins_LearningMobility_3_question_3131,674.5,798.6,1877.0
1630563,stimulus_Ins_LearningMobility_3_question_3131,674.3,798.5,1879.0
1630564,stimulus_Ins_LearningMobility_3_question_3131,674.1,798.4,1881.0
1630565,stimulus_Ins_LearningMobility_3_question_3131,673.9,798.2,1882.0
1630566,stimulus_Ins_LearningMobility_3_question_3131,673.9,797.3,1883.0
1630567,stimulus_Ins_LearningMobility_3_question_3131,673.8,796.5,1883.0
1630568,stimulus_Ins_LearningMobility_3_question_3131,674.1,796.3,1883.0
1630569,stimulus_Ins_LearningMobility_3_question_3131,674.5,797.3,1884.0
1630570,stimulus_Ins_LearningMobility_3_question_3131,674.8,798.1,1881.0
1630571,stimulus_Ins_LearningMobility_3_question_3131,674.9,798.3,1878.0
1630572,stimulus_Ins_LearningMobility_3_question_3131,674.9,798.3,1875.0
1630573,stimulus_Ins_LearningMobility_3_question_3131,674.9,798.4,1874.0
1630574,stimulus_Ins_LearningMobility_3_question_3131,674.9,798.6,1874.0
1630575,stimulus_Ins_LearningMobility_3_question_3131,674.7,798.0,1875.0
1630576,stimulus_Ins_LearningMobility_3_question_3131,674.5,797.3,1876.0
1630577,stimulus_Ins_LearningMobility_3_question_3131,674.2,796.5,1878.0
1630578,stimulus_Ins_LearningMobility_3_question_3131,674.0,796.3,1879.0
1630579,stimulus_Ins_LearningMobility_3_question_3131,673.9,796.3,1877.0
1630580,stimulus_Ins_LearningMobility_3_question_3131,674.0,796.3,1874.0
1630581,stimulus_Ins_LearningMobility_3_question_3131,674.2,796.3,1871.0
1630582,stimulus_Ins_LearningMobility_3_question_3131,674.3,796.2,1872.0
1630583,stimulus_Ins_LearningMobility_3_question_3131,674.4,796.3,1873.0
1630584,stimulus_Ins_LearningMobility_3_question_3131,674.3,796.7,1875.0
1630585,stimulus_Ins_LearningMobility_3_question_3131,674.4,797.1,1876.0
1630586,stimulus_Ins_LearningMobility_3_question_3131,674.4,797.4,1876.0
1630587,stimulus_Ins_LearningMobility_3_question_3131,674.5,797.2,1875.0
1630588,stimulus_Ins_LearningMobility_3_question_3131,674.6,796.8,1875.0
1630589,stimulus_Ins_LearningMobility_3_question_3131,674.6,796.2,1873.0
1630590,stimulus_Ins_LearningMobility_3_question_3131,674.6,796.1,1870.0
1630591,stimulus_Ins_LearningMobility_3_question_3131,674.7,796.0,1870.0
1630592,stimulus_Ins_LearningMobility_3_question_3131,674.8,796.2,1872.0
1630593,stimulus_Ins_LearningMobility_3_question_3131,674.8,796.2,1874.0
1630594,stimulus_Ins_LearningMobility_3_question_3131,674.7,796.3,1875.0
1630595,stimulus_Ins_LearningMobility_3_question_3131,674.7,796.3,1876.0
1630596,stimulus_Ins_LearningMobility_3_question_3131,674.8,796.4,1876.0
1630597,stimulus_Ins_LearningMobility_3_question_3131,674.4,796.6,1875.0
1630598,stimulus_Ins_LearningMobility_3_question_3131,674.1,796.7,1873.0
1630599,stimulus_Ins_LearningMobility_3_question_3131,673.8,796.8,1869.0
1630600,stimulus_Ins_LearningMobility_3_question_3131,674.0,796.9,1866.0
1630601,stimulus_Ins_LearningMobility_3_question_3131,674.2,796.9,1865.0
1630602,stimulus_Ins_LearningMobility_3_question_3131,674.3,797.0,1867.0
1630603,stimulus_Ins_LearningMobility_3_question_3131,674.3,797.0,1870.0
1630604,stimulus_Ins_LearningMobility_3_question_3131,674.3,797.0,1871.0
1630605,stimulus_Ins_LearningMobility_3_question_3131,674.0,797.0,1873.0
1630606,stimulus_Ins_LearningMobility_3_question_3131,673.7,797.0,1874.0
1630607,stimulus_Ins_LearningMobility_3_question_3131,673.7,796.5,1874.0
1630608,stimulus_Ins_LearningMobility_3_question_3131,673.9,796.1,1873.0
1630609,stimulus_Ins_LearningMobility_3_question_3131,674.1,795.7,1872.0
1630610,stimulus_Ins_LearningMobility_3_question_3131,674.1,795.8,1870.0
1630611,stimulus_Ins_LearningMobility_3_question_3131,674.1,795.9,1869.0
1630612,stimulus_Ins_LearningMobility_3_question_3131,674.1,796.3,1867.0
1630613,stimulus_Ins_LearningMobility_3_question_3131,674.0,796.6,1866.0
1630614,stimulus_Ins_LearningMobility_3_question_3131,673.9,796.8,1865.0
1630615,stimulus_Ins_LearningMobility_3_question_3131,673.8,796.3,1865.0
1630616,stimulus_Ins_LearningMobility_3_question_3131,673.9,795.9,1866.0
1630617,stimulus_Ins_LearningMobility_3_question_3131,674.1,796.3,1866.0
1630618,stimulus_Ins_LearningMobility_3_question_3131,674.3,796.9,1867.0
1630619,stimulus_Ins_LearningMobility_3_question_3131,674.5,797.5,1868.0
1630620,stimulus_Ins_LearningMobility_3_question_3131,674.5,797.8,1868.0
1630621,stimulus_Ins_LearningMobility_3_question_3131,674.5,798.0,1867.0
1630622,stimulus_Ins_LearningMobility_3_question_3131,674.5,798.3,1863.0
1630623,stimulus_Ins_LearningMobility_3_question_3131,674.5,798.7,1859.0
1630624,stimulus_Ins_LearningMobility_3_question_3131,674.6,799.1,1858.0
1630625,stimulus_Ins_LearningMobility_3_question_3131,674.6,799.6,1859.0
1630626,stimulus_Ins_LearningMobility_3_question_3131,674.6,799.6,1863.0
1630627,stimulus_Ins_LearningMobility_3_question_3131,674.6,799.7,1866.0
1630628,stimulus_Ins_LearningMobility_3_question_3131,674.8,800.2,1866.0
1630629,stimulus_Ins_LearningMobility_3_question_3131,675.1,800.6,1862.0
1630630,stimulus_Ins_LearningMobility_3_question_3131,675.5,800.9,1859.0
1630631,stimulus_Ins_LearningMobility_3_question_3131,675.3,800.4,1857.0
1630632,stimulus_Ins_LearningMobility_3_question_3131,675.0,800.0,1856.0
1630633,stimulus_Ins_LearningMobility_3_question_3131,674.7,799.6,1854.0
1630634,stimulus_Ins_LearningMobility_3_question_3131,674.8,799.6,1856.0
1630635,stimulus_Ins_LearningMobility_3_question_3131,674.9,800.0,1858.0
1630636,stimulus_Ins_LearningMobility_3_question_3131,674.9,800.6,1859.0
1630637,stimulus_Ins_LearningMobility_3_question_3131,674.8,801.1,1857.0
1630638,stimulus_Ins_LearningMobility_3_question_3131,674.7,801.0,1856.0
1630639,stimulus_Ins_LearningMobility_3_question_3131,674.8,801.0,1855.0
1630640,stimulus_Ins_LearningMobility_3_question_3131,675.1,801.6,1853.0
1630641,stimulus_Ins_LearningMobility_3_question_3131,675.3,802.2,1850.0
1630642,stimulus_Ins_LearningMobility_3_question_3131,675.4,802.7,1847.0
1630643,stimulus_Ins_LearningMobility_3_question_3131,675.7,802.5,1848.0
1630644,stimulus_Ins_LearningMobility_3_question_3131,676.1,802.3,1849.0
1630645,stimulus_Ins_LearningMobility_3_question_3131,676.2,802.1,1852.0
1630646,stimulus_Ins_LearningMobility_3_question_3131,676.1,802.3,1855.0
1630647,stimulus_Ins_LearningMobility_3_question_3131,676.0,802.5,1853.0
1630648,stimulus_Ins_LearningMobility_3_question_3131,676.1,802.7,1850.0
1630649,stimulus_Ins_LearningMobility_3_question_3131,676.1,802.3,1848.0
1630650,stimulus_Ins_LearningMobility_3_question_3131,676.1,801.6,1850.0
1630651,stimulus_Ins_LearningMobility_3_question_3131,676.1,800.9,1852.0
1630652,stimulus_Ins_LearningMobility_3_question_3131,676.1,801.0,1853.0
1630653,stimulus_Ins_LearningMobility_3_question_3131,676.1,801.1,1852.0
1630654,stimulus_Ins_LearningMobility_3_question_3131,676.1,801.3,1851.0
1630655,stimulus_Ins_LearningMobility_3_question_3131,676.0,800.6,1850.0
1630656,stimulus_Ins_LearningMobility_3_question_3131,676.1,799.9,1850.0
1630657,stimulus_Ins_LearningMobility_3_question_3131,676.2,799.2,1850.0
1630658,stimulus_Ins_LearningMobility_3_question_3131,676.0,799.2,1851.0
1630659,stimulus_Ins_LearningMobility_3_question_3131,675.7,799.1,1848.0
1630660,stimulus_Ins_LearningMobility_3_question_3131,675.4,799.1,1846.0
1630661,stimulus_Ins_LearningMobility_3_question_3131,675.5,799.1,1841.0
1630662,stimulus_Ins_LearningMobility_3_question_3131,675.3,798.9,1840.0
1630663,stimulus_Ins_LearningMobility_3_question_3131,675.1,798.6,1840.0
1630664,stimulus_Ins_LearningMobility_3_question_3131,674.7,798.3,1842.0
1630665,stimulus_Ins_LearningMobility_3_question_3131,674.6,797.9,1844.0
1630666,stimulus_Ins_LearningMobility_3_question_3131,674.5,797.3,1844.0
1630667,stimulus_Ins_LearningMobility_3_question_3131,674.5,796.7,1846.0
1630668,stimulus_Ins_LearningMobility_3_question_3131,674.4,796.0,1848.0
1630669,stimulus_Ins_LearningMobility_3_question_3131,674.2,795.7,1850.0
1630670,stimulus_Ins_LearningMobility_3_question_3131,674.1,795.4,1851.0
1630671,stimulus_Ins_LearningMobility_3_question_3131,674.6,795.6,1851.0
1630672,stimulus_Ins_LearningMobility_3_question_3131,675.2,795.7,1851.0
1630673,stimulus_Ins_LearningMobility_3_question_3131,675.8,795.6,1852.0
1630674,stimulus_Ins_LearningMobility_3_question_3131,675.7,795.3,1852.0
1630675,stimulus_Ins_LearningMobility_3_question_3131,675.5,795.0,1851.0
1630676,stimulus_Ins_LearningMobility_3_question_3131,675.4,795.0,1850.0
1630677,stimulus_Ins_LearningMobility_3_question_3131,675.3,794.9,1849.0
1630678,stimulus_Ins_LearningMobility_3_question_3131,675.5,794.9,1850.0
1630679,stimulus_Ins_LearningMobility_3_question_3131,675.8,794.9,1850.0
1630680,stimulus_Ins_LearningMobility_3_question_3131,676.0,794.8,1849.0
1630681,stimulus_Ins_LearningMobility_3_question_3131,676.0,794.8,1848.0
1630682,stimulus_Ins_LearningMobility_3_question_3131,676.0,794.8,1847.0
1630683,stimulus_Ins_LearningMobility_3_question_3131,676.0,794.8,1849.0
1630684,stimulus_Ins_LearningMobility_3_question_3131,676.0,794.8,1852.0
1630685,stimulus_Ins_LearningMobility_3_question_3131,676.1,794.9,1854.0
1630686,stimulus_Ins_LearningMobility_3_question_3131,676.1,795.2,1854.0
1630687,stimulus_Ins_LearningMobility_3_question_3131,676.0,795.4,1853.0
1630688,stimulus_Ins_LearningMobility_3_question_3131,675.6,795.2,1853.0
1630689,stimulus_Ins_LearningMobility_3_question_3131,675.1,794.6,1853.0
1630690,stimulus_Ins_LearningMobility_3_question_3131,675.4,794.1,1853.0
1630691,stimulus_Ins_LearningMobility_3_question_3131,676.0,794.1,1850.0
1630692,stimulus_Ins_LearningMobility_3_question_3131,676.2,794.2,1848.0
1630693,stimulus_Ins_LearningMobility_3_question_3131,675.7,793.6,1848.0
1630694,stimulus_Ins_LearningMobility_3_question_3131,675.2,792.9,1851.0
1630695,stimulus_Ins_LearningMobility_3_question_3131,674.9,792.4,1855.0
1630696,stimulus_Ins_LearningMobility_3_question_3131,674.8,792.6,1855.0
1630697,stimulus_Ins_LearningMobility_3_question_3131,675.0,792.8,1855.0
1630698,stimulus_Ins_LearningMobility_3_question_3131,675.4,792.8,1855.0
1630699,stimulus_Ins_LearningMobility_3_question_3131,675.8,792.7,1855.0
1630700,stimulus_Ins_LearningMobility_3_question_3131,676.0,792.8,1855.0
1630701,stimulus_Ins_LearningMobility_3_question_3131,676.2,792.7,1853.0
1630702,stimulus_Ins_LearningMobility_3_question_3131,676.1,792.7,1852.0
1630703,stimulus_Ins_LearningMobility_3_question_3131,675.9,792.6,1851.0
1630704,stimulus_Ins_LearningMobility_3_question_3131,675.7,792.8,1851.0
1630705,stimulus_Ins_LearningMobility_3_question_3131,675.7,792.8,1852.0
1630706,stimulus_Ins_LearningMobility_3_question_3131,675.6,792.8,1854.0
1630707,stimulus_Ins_LearningMobility_3_question_3131,675.4,793.5,1856.0
1630708,stimulus_Ins_LearningMobility_3_question_3131,675.3,794.7,1855.0
1630709,stimulus_Ins_LearningMobility_3_question_3131,675.3,796.0,1853.0
1630710,stimulus_Ins_LearningMobility_3_question_3131,675.9,796.9,1850.0
1630711,stimulus_Ins_LearningMobility_3_question_3131,678.2,798.1,1849.0
1630712,stimulus_Ins_LearningMobility_3_question_3131,681.7,799.2,1847.0
1630713,stimulus_Ins_LearningMobility_3_question_3131,685.5,800.5,1845.0
1630714,stimulus_Ins_LearningMobility_3_question_3131,688.8,801.3,1844.0
1630715,stimulus_Ins_LearningMobility_3_question_3131,694.0,802.7,1845.0
1630716,stimulus_Ins_LearningMobility_3_question_3131,701.1,803.4,1846.0
1630717,stimulus_Ins_LearningMobility_3_question_3131,708.8,804.9,1848.0
1630718,stimulus_Ins_LearningMobility_3_question_3131,717.9,807.2,1850.0
1630719,stimulus_Ins_LearningMobility_3_question_3131,728.1,811.6,1850.0
1630720,stimulus_Ins_LearningMobility_3_question_3131,740.0,816.5,1851.0
1630721,stimulus_Ins_LearningMobility_3_question_3131,750.8,820.6,1853.0
1630722,stimulus_Ins_LearningMobility_3_question_3131,761.4,822.9,1856.0
1630723,stimulus_Ins_LearningMobility_3_question_3131,773.0,825.1,1860.0
1630724,stimulus_Ins_LearningMobility_3_question_3131,785.6,826.5,1862.0
1630725,stimulus_Ins_LearningMobility_3_question_3131,797.6,828.0,1864.0
1630726,stimulus_Ins_LearningMobility_3_question_3131,811.1,828.1,1864.0
1630727,stimulus_Ins_LearningMobility_3_question_3131,824.8,830.2,1865.0
1630728,stimulus_Ins_LearningMobility_3_question_3131,839.9,832.8,1865.0
1630729,stimulus_Ins_LearningMobility_3_question_3131,854.1,836.7,1862.0
1630730,stimulus_Ins_LearningMobility_3_question_3131,868.3,840.1,1858.0
1630731,stimulus_Ins_LearningMobility_3_question_3131,882.2,843.1,1853.0
1630732,stimulus_Ins_LearningMobility_3_question_3131,895.9,845.5,1853.0
1630733,stimulus_Ins_LearningMobility_3_question_3131,909.7,846.8,1851.0
1630734,stimulus_Ins_LearningMobility_3_question_3131,924.4,849.0,1849.0
1630735,stimulus_Ins_LearningMobility_3_question_3131,938.0,850.5,1846.0
1630736,stimulus_Ins_LearningMobility_3_question_3131,951.3,852.4,1842.0
1630737,stimulus_Ins_LearningMobility_3_question_3131,965.0,853.9,1839.0
1630738,stimulus_Ins_LearningMobility_3_question_3131,979.7,855.5,1838.0
1630739,stimulus_Ins_LearningMobility_3_question_3131,994.7,856.2,1837.0
1630740,stimulus_Ins_LearningMobility_3_question_3131,1008.8,857.3,1832.0
1630741,stimulus_Ins_LearningMobility_3_question_3131,1020.7,858.9,1828.0
1630742,stimulus_Ins_LearningMobility_3_question_3131,1033.0,862.1,1823.0
1630743,stimulus_Ins_LearningMobility_3_question_3131,1044.5,864.9,1819.0
1630744,stimulus_Ins_LearningMobility_3_question_3131,1055.6,868.5,1815.0
1630745,stimulus_Ins_LearningMobility_3_question_3131,1065.0,872.1,1811.0
1630746,stimulus_Ins_LearningMobility_3_question_3131,1074.1,874.7,1810.0
1630747,stimulus_Ins_LearningMobility_3_question_3131,1082.5,877.0,1809.0
1630748,stimulus_Ins_LearningMobility_3_question_3131,1089.6,878.7,1807.0
1630749,stimulus_Ins_LearningMobility_3_question_3131,1096.1,880.8,1803.0
1630750,stimulus_Ins_LearningMobility_3_question_3131,1103.6,882.2,1798.0
1630751,stimulus_Ins_LearningMobility_3_question_3131,1112.4,883.7,1794.0
1630752,stimulus_Ins_LearningMobility_3_question_3131,1120.3,886.7,1794.0
1630753,stimulus_Ins_LearningMobility_3_question_3131,1127.2,889.7,1795.0
1630754,stimulus_Ins_LearningMobility_3_question_3131,1132.7,892.9,1796.0
1630755,stimulus_Ins_LearningMobility_3_question_3131,1138.6,894.6,1797.0
1630756,stimulus_Ins_LearningMobility_3_question_3131,1144.1,897.3,1798.0
1630757,stimulus_Ins_LearningMobility_3_question_3131,1149.1,900.7,1798.0
1630758,stimulus_Ins_LearningMobility_3_question_3131,1153.1,904.0,1798.0
1630759,stimulus_Ins_LearningMobility_3_question_3131,1156.1,905.8,1796.0
1630760,stimulus_Ins_LearningMobility_3_question_3131,1158.4,906.7,1795.0
1630761,stimulus_Ins_LearningMobility_3_question_3131,1159.6,907.6,1794.0
1630762,stimulus_Ins_LearningMobility_3_question_3131,1160.3,908.2,1794.0
1630763,stimulus_Ins_LearningMobility_3_question_3131,1160.4,908.0,1794.0
1630764,stimulus_Ins_LearningMobility_3_question_3131,1160.1,906.4,1795.0
1630765,stimulus_Ins_LearningMobility_3_question_3131,1158.9,904.6,1797.0
1630766,stimulus_Ins_LearningMobility_3_question_3131,1157.2,903.0,1799.0
1630767,stimulus_Ins_LearningMobility_3_question_3131,1155.7,902.0,1801.0
1630768,stimulus_Ins_LearningMobility_3_question_3131,1154.9,899.9,1802.0
1630769,stimulus_Ins_LearningMobility_3_question_3131,1153.5,897.9,1804.0
1630770,stimulus_Ins_LearningMobility_3_question_3131,1151.1,896.8,1806.0
1630771,stimulus_Ins_LearningMobility_3_question_3131,1148.8,896.2,1807.0
1630772,stimulus_Ins_LearningMobility_3_question_3131,1147.1,895.8,1808.0
1630773,stimulus_Ins_LearningMobility_3_question_3131,1146.4,895.2,1810.0
1630774,stimulus_Ins_LearningMobility_3_question_3131,1145.7,894.9,1813.0
1630775,stimulus_Ins_LearningMobility_3_question_3131,1145.5,894.3,1814.0
1630776,stimulus_Ins_LearningMobility_3_question_3131,1145.4,894.1,1814.0
1630777,stimulus_Ins_LearningMobility_3_question_3131,1145.8,894.4,1813.0
1630778,stimulus_Ins_LearningMobility_3_question_3131,1146.4,894.8,1811.0
1630779,stimulus_Ins_LearningMobility_3_question_3131,1147.2,894.8,1810.0
1630780,stimulus_Ins_LearningMobility_3_question_3131,1147.8,895.4,1809.0
1630781,stimulus_Ins_LearningMobility_3_question_3131,1148.6,896.2,1809.0
1630782,stimulus_Ins_LearningMobility_3_question_3131,1149.1,896.9,1808.0
1630783,stimulus_Ins_LearningMobility_3_question_3131,1150.0,897.0,1808.0
1630784,stimulus_Ins_LearningMobility_3_question_3131,1150.3,896.8,1809.0
1630785,stimulus_Ins_LearningMobility_3_question_3131,1150.7,896.5,1809.0
1630786,stimulus_Ins_LearningMobility_3_question_3131,1150.9,897.4,1806.0
1630787,stimulus_Ins_LearningMobility_3_question_3131,1151.1,898.4,1802.0
1630788,stimulus_Ins_LearningMobility_3_question_3131,1151.3,899.3,1798.0
1630789,stimulus_Ins_LearningMobility_3_question_3131,1151.3,899.3,1798.0
1630790,stimulus_Ins_LearningMobility_3_question_3131,1151.3,899.3,1797.0
1630791,stimulus_Ins_LearningMobility_3_question_3131,1151.4,899.5,1798.0
1630792,stimulus_Ins_LearningMobility_3_question_3131,1151.3,899.8,1798.0
1630793,stimulus_Ins_LearningMobility_3_question_3131,1151.3,900.0,1798.0
1630794,stimulus_Ins_LearningMobility_3_question_3131,1151.1,899.9,1798.0
1630795,stimulus_Ins_LearningMobility_3_question_3131,1151.1,899.0,1798.0
1630796,stimulus_Ins_LearningMobility_3_question_3131,1151.2,898.2,1798.0
1630797,stimulus_Ins_LearningMobility_3_question_3131,1151.6,897.9,1798.0
1630798,stimulus_Ins_LearningMobility_3_question_3131,1152.0,898.5,1796.0
1630799,stimulus_Ins_LearningMobility_3_question_3131,1152.2,898.4,1794.0
1630800,stimulus_Ins_LearningMobility_3_question_3131,1152.1,897.7,1792.0
1630801,stimulus_Ins_LearningMobility_3_question_3131,1152.0,897.0,1792.0
1630802,stimulus_Ins_LearningMobility_3_question_3131,1151.9,896.9,1792.0
1630803,stimulus_Ins_LearningMobility_3_question_3131,1151.8,896.9,1792.0
1630804,stimulus_Ins_LearningMobility_3_question_3131,1152.1,897.3,1792.0
1630805,stimulus_Ins_LearningMobility_3_question_3131,1152.4,897.5,1792.0
1630806,stimulus_Ins_LearningMobility_3_question_3131,1152.5,897.7,1792.0
1630807,stimulus_Ins_LearningMobility_3_question_3131,1152.2,897.5,1793.0
1630808,stimulus_Ins_LearningMobility_3_question_3131,1152.3,897.4,1792.0
1630809,stimulus_Ins_LearningMobility_3_question_3131,1152.6,898.1,1791.0
1630810,stimulus_Ins_LearningMobility_3_question_3131,1153.0,899.0,1788.0
1630811,stimulus_Ins_LearningMobility_3_question_3131,1153.2,899.8,1786.0
1630812,stimulus_Ins_LearningMobility_3_question_3131,1153.1,899.7,1786.0
1630813,stimulus_Ins_LearningMobility_3_question_3131,1152.9,899.2,1789.0
1630814,stimulus_Ins_LearningMobility_3_question_3131,1152.6,898.7,1792.0
1630815,stimulus_Ins_LearningMobility_3_question_3131,1152.5,898.4,1794.0
1630816,stimulus_Ins_LearningMobility_3_question_3131,1152.5,898.9,1795.0
1630817,stimulus_Ins_LearningMobility_3_question_3131,1152.5,899.7,1794.0
1630818,stimulus_Ins_LearningMobility_3_question_3131,1152.5,900.6,1794.0
1630819,stimulus_Ins_LearningMobility_3_question_3131,1152.3,901.0,1793.0
1630820,stimulus_Ins_LearningMobility_3_question_3131,1151.9,901.0,1793.0
1630821,stimulus_Ins_LearningMobility_3_question_3131,1151.5,901.0,1794.0
1630822,stimulus_Ins_LearningMobility_3_question_3131,1151.2,900.8,1794.0
1630823,stimulus_Ins_LearningMobility_3_question_3131,1151.1,900.5,1795.0
1630824,stimulus_Ins_LearningMobility_3_question_3131,1151.0,900.3,1796.0
1630825,stimulus_Ins_LearningMobility_3_question_3131,1150.9,900.1,1797.0
1630826,stimulus_Ins_LearningMobility_3_question_3131,1150.9,899.9,1798.0
1630827,stimulus_Ins_LearningMobility_3_question_3131,1150.8,899.5,1799.0
1630828,stimulus_Ins_LearningMobility_3_question_3131,1150.8,899.2,1799.0
1630829,stimulus_Ins_LearningMobility_3_question_3131,1150.9,900.0,1797.0
1630830,stimulus_Ins_LearningMobility_3_question_3131,1151.0,901.0,1794.0
1630831,stimulus_Ins_LearningMobility_3_question_3131,1151.2,902.1,1791.0
1630832,stimulus_Ins_LearningMobility_3_question_3131,1151.0,902.4,1792.0
1630833,stimulus_Ins_LearningMobility_3_question_3131,1150.8,902.9,1793.0
1630834,stimulus_Ins_LearningMobility_3_question_3131,1150.4,902.8,1796.0
1630835,stimulus_Ins_LearningMobility_3_question_3131,1150.2,902.3,1797.0
1630836,stimulus_Ins_LearningMobility_3_question_3131,1150.1,901.7,1798.0
1630837,stimulus_Ins_LearningMobility_3_question_3131,1150.1,902.0,1798.0
1630838,stimulus_Ins_LearningMobility_3_question_3131,1150.2,902.7,1798.0
1630839,stimulus_Ins_LearningMobility_3_question_3131,1150.4,903.4,1798.0
1630840,stimulus_Ins_LearningMobility_3_question_3131,1150.5,904.0,1799.0
1630841,stimulus_Ins_LearningMobility_3_question_3131,1150.6,904.2,1799.0
1630842,stimulus_Ins_LearningMobility_3_question_3131,1150.7,904.3,1799.0
1630843,stimulus_Ins_LearningMobility_3_question_3131,1150.9,904.3,1798.0
1630844,stimulus_Ins_LearningMobility_3_question_3131,1151.1,904.1,1797.0
1630845,stimulus_Ins_LearningMobility_3_question_3131,1151.0,904.1,1795.0
1630846,stimulus_Ins_LearningMobility_3_question_3131,1150.6,904.2,1795.0
1630847,stimulus_Ins_LearningMobility_3_question_3131,1150.4,905.1,1794.0
1630848,stimulus_Ins_LearningMobility_3_question_3131,1150.6,905.8,1793.0
1630849,stimulus_Ins_LearningMobility_3_question_3131,1150.9,905.9,1793.0
1630850,stimulus_Ins_LearningMobility_3_question_3131,1151.1,905.2,1793.0
1630851,stimulus_Ins_LearningMobility_3_question_3131,1151.4,904.6,1793.0
1630852,stimulus_Ins_LearningMobility_3_question_3131,1151.4,904.8,1793.0
1630853,stimulus_Ins_LearningMobility_3_question_3131,1151.4,905.0,1793.0
1630854,stimulus_Ins_LearningMobility_3_question_3131,1151.2,905.3,1793.0
1630855,stimulus_Ins_LearningMobility_3_question_3131,1150.9,905.6,1795.0
1630856,stimulus_Ins_LearningMobility_3_question_3131,1150.4,905.7,1799.0
1630857,stimulus_Ins_LearningMobility_3_question_3131,1150.3,905.8,1802.0
1630858,stimulus_Ins_LearningMobility_3_question_3131,1150.1,905.9,1804.0
1630859,stimulus_Ins_LearningMobility_3_question_3131,1150.1,905.9,1801.0
1630860,stimulus_Ins_LearningMobility_3_question_3131,1150.2,905.9,1798.0
1630861,stimulus_Ins_LearningMobility_3_question_3131,1150.4,905.3,1795.0
1630862,stimulus_Ins_LearningMobility_3_question_3131,1150.6,904.8,1795.0
1630863,stimulus_Ins_LearningMobility_3_question_3131,1150.8,904.3,1795.0
1630864,stimulus_Ins_LearningMobility_3_question_3131,1151.2,904.3,1795.0
1630865,stimulus_Ins_LearningMobility_3_question_3131,1151.4,904.3,1797.0
1630866,stimulus_Ins_LearningMobility_3_question_3131,1151.5,904.3,1800.0
1630867,stimulus_Ins_LearningMobility_3_question_3131,1151.5,904.3,1803.0
1630868,stimulus_Ins_LearningMobility_3_question_3131,1151.7,904.4,1805.0
1630869,stimulus_Ins_LearningMobility_3_question_3131,1151.9,904.5,1804.0
1630870,stimulus_Ins_LearningMobility_3_question_3131,1152.0,904.3,1802.0
1630871,stimulus_Ins_LearningMobility_3_question_3131,1152.0,903.9,1802.0
1630872,stimulus_Ins_LearningMobility_3_question_3131,1151.8,902.7,1802.0
1630873,stimulus_Ins_LearningMobility_3_question_3131,1151.3,901.9,1802.0
1630874,stimulus_Ins_LearningMobility_3_question_3131,1150.8,901.1,1803.0
1630875,stimulus_Ins_LearningMobility_3_question_3131,1150.4,900.9,1804.0
1630876,stimulus_Ins_LearningMobility_3_question_3131,1150.8,900.7,1807.0
1630877,stimulus_Ins_LearningMobility_3_question_3131,1151.2,900.6,1809.0
1630878,stimulus_Ins_LearningMobility_3_question_3131,1151.6,900.7,1810.0
1630879,stimulus_Ins_LearningMobility_3_question_3131,1151.7,901.5,1808.0
1630880,stimulus_Ins_LearningMobility_3_question_3131,1151.9,902.2,1807.0
1630881,stimulus_Ins_LearningMobility_3_question_3131,1152.2,902.8,1806.0
1630882,stimulus_Ins_LearningMobility_3_question_3131,1152.3,902.9,1807.0
1630883,stimulus_Ins_LearningMobility_3_question_3131,1152.5,903.0,1808.0
1630884,stimulus_Ins_LearningMobility_3_question_3131,1152.7,903.0,1810.0
1630885,stimulus_Ins_LearningMobility_3_question_3131,1152.7,901.8,1810.0
1630886,stimulus_Ins_LearningMobility_3_question_3131,1152.4,900.6,1810.0
1630887,stimulus_Ins_LearningMobility_3_question_3131,1152.2,899.7,1810.0
1630888,stimulus_Ins_LearningMobility_3_question_3131,1152.1,899.8,1809.0
1630889,stimulus_Ins_LearningMobility_3_question_3131,1152.0,899.8,1808.0
1630890,stimulus_Ins_LearningMobility_3_question_3131,1151.9,899.8,1806.0
1630891,stimulus_Ins_LearningMobility_3_question_3131,1152.0,899.9,1803.0
1630892,stimulus_Ins_LearningMobility_3_question_3131,1152.2,900.0,1802.0
1630893,stimulus_Ins_LearningMobility_3_question_3131,1152.2,900.1,1803.0
1630894,stimulus_Ins_LearningMobility_3_question_3131,1152.1,900.3,1805.0
1630895,stimulus_Ins_LearningMobility_3_question_3131,1152.0,900.4,1806.0
1630896,stimulus_Ins_LearningMobility_3_question_3131,1151.7,900.6,1807.0
1630897,stimulus_Ins_LearningMobility_3_question_3131,1151.5,900.8,1807.0
1630898,stimulus_Ins_LearningMobility_3_question_3131,1151.3,900.9,1805.0
1630899,stimulus_Ins_LearningMobility_3_question_3131,1152.3,900.9,1802.0
1630900,stimulus_Ins_LearningMobility_3_question_3131,1153.2,900.7,1798.0
1630901,stimulus_Ins_LearningMobility_3_question_3131,1153.8,899.7,1797.0
1630902,stimulus_Ins_LearningMobility_3_question_3131,1153.7,898.7,1797.0
1630903,stimulus_Ins_LearningMobility_3_question_3131,1153.5,898.0,1799.0
1630904,stimulus_Ins_LearningMobility_3_question_3131,1153.2,898.0,1802.0
1630905,stimulus_Ins_LearningMobility_3_question_3131,1153.0,898.8,1804.0
1630906,stimulus_Ins_LearningMobility_3_question_3131,1152.9,899.7,1801.0
1630907,stimulus_Ins_LearningMobility_3_question_3131,1152.8,900.6,1798.0
1630908,stimulus_Ins_LearningMobility_3_question_3131,1152.7,900.7,1797.0
1630909,stimulus_Ins_LearningMobility_3_question_3131,1152.4,900.8,1799.0
1630910,stimulus_Ins_LearningMobility_3_question_3131,1152.2,900.9,1801.0
1630911,stimulus_Ins_LearningMobility_3_question_3131,1152.2,901.0,1802.0
1630912,stimulus_Ins_LearningMobility_3_question_3131,1152.5,901.7,1801.0
1630913,stimulus_Ins_LearningMobility_3_question_3131,1152.8,902.3,1800.0
1630914,stimulus_Ins_LearningMobility_3_question_3131,1152.8,902.3,1802.0
1630915,stimulus_Ins_LearningMobility_3_question_3131,1152.6,901.7,1804.0
1630916,stimulus_Ins_LearningMobility_3_question_3131,1152.5,901.4,1804.0
1630917,stimulus_Ins_LearningMobility_3_question_3131,1152.7,902.0,1803.0
1630918,stimulus_Ins_LearningMobility_3_question_3131,1152.5,902.7,1802.0
1630919,stimulus_Ins_LearningMobility_3_question_3131,1152.1,903.0,1802.0
1630920,stimulus_Ins_LearningMobility_3_question_3131,1151.8,902.7,1802.0
1630921,stimulus_Ins_LearningMobility_3_question_3131,1151.9,902.4,1802.0
1630922,stimulus_Ins_LearningMobility_3_question_3131,1152.0,902.1,1802.0
1630923,stimulus_Ins_LearningMobility_3_question_3131,1152.0,901.8,1802.0
1630924,stimulus_Ins_LearningMobility_3_question_3131,1152.0,901.8,1801.0
1630925,stimulus_Ins_LearningMobility_3_question_3131,1151.9,902.0,1801.0
1630926,stimulus_Ins_LearningMobility_3_question_3131,1152.1,902.1,1802.0
1630927,stimulus_Ins_LearningMobility_3_question_3131,1152.2,901.9,1802.0
1630928,stimulus_Ins_LearningMobility_3_question_3131,1152.2,901.8,1802.0
1630929,stimulus_Ins_LearningMobility_3_question_3131,1152.1,902.5,1802.0
1630930,stimulus_Ins_LearningMobility_3_question_3131,1152.1,903.2,1801.0
1630931,stimulus_Ins_LearningMobility_3_question_3131,1152.1,903.5,1799.0
1630932,stimulus_Ins_LearningMobility_3_question_3131,1152.1,903.0,1799.0
1630933,stimulus_Ins_LearningMobility_3_question_3131,1152.0,902.5,1800.0
1630934,stimulus_Ins_LearningMobility_3_question_3131,1152.0,902.0,1803.0
1630935,stimulus_Ins_LearningMobility_3_question_3131,1152.0,901.4,1805.0
1630936,stimulus_Ins_LearningMobility_3_question_3131,1151.7,901.1,1807.0
1630937,stimulus_Ins_LearningMobility_3_question_3131,1151.3,901.3,1807.0
1630938,stimulus_Ins_LearningMobility_3_question_3131,1150.9,901.5,1808.0
1630939,stimulus_Ins_LearningMobility_3_question_3131,1151.2,902.7,1806.0
1630940,stimulus_Ins_LearningMobility_3_question_3131,1151.8,904.0,1804.0
1630941,stimulus_Ins_LearningMobility_3_question_3131,1152.4,905.3,1804.0
1630942,stimulus_Ins_LearningMobility_3_question_3131,1152.3,905.2,1805.0
1630943,stimulus_Ins_LearningMobility_3_question_3131,1151.8,905.1,1806.0
1630944,stimulus_Ins_LearningMobility_3_question_3131,1151.4,904.9,1806.0
1630945,stimulus_Ins_LearningMobility_3_question_3131,1151.4,904.3,1808.0
1630946,stimulus_Ins_LearningMobility_3_question_3131,1151.5,903.6,1810.0
1630947,stimulus_Ins_LearningMobility_3_question_3131,1151.5,903.0,1810.0
1630948,stimulus_Ins_LearningMobility_3_question_3131,1151.5,903.3,1807.0
1630949,stimulus_Ins_LearningMobility_3_question_3131,1151.4,903.6,1804.0
1630950,stimulus_Ins_LearningMobility_3_question_3131,1151.5,903.8,1803.0
1630951,stimulus_Ins_LearningMobility_3_question_3131,1151.6,903.6,1803.0
1630952,stimulus_Ins_LearningMobility_3_question_3131,1151.6,903.5,1802.0
1630953,stimulus_Ins_LearningMobility_3_question_3131,1151.5,903.4,1802.0
1630954,stimulus_Ins_LearningMobility_3_question_3131,1151.4,903.4,1802.0
1630955,stimulus_Ins_LearningMobility_3_question_3131,1151.4,903.5,1805.0
1630956,stimulus_Ins_LearningMobility_3_question_3131,1151.4,903.6,1808.0
1630957,stimulus_Ins_LearningMobility_3_question_3131,1151.5,903.7,1809.0
1630958,stimulus_Ins_LearningMobility_3_question_3131,1152.6,904.1,1807.0
1630959,stimulus_Ins_LearningMobility_3_question_3131,1154.0,904.4,1805.0
1630960,stimulus_Ins_LearningMobility_3_question_3131,1155.4,904.7,1804.0
1630961,stimulus_Ins_LearningMobility_3_question_3131,1155.7,904.6,1805.0
1630962,stimulus_Ins_LearningMobility_3_question_3131,1155.4,904.5,1807.0
1630963,stimulus_Ins_LearningMobility_3_question_3131,1153.6,904.9,1809.0
1630964,stimulus_Ins_LearningMobility_3_question_3131,1150.6,905.3,1810.0
1630965,stimulus_Ins_LearningMobility_3_question_3131,1145.9,905.8,1811.0
1630966,stimulus_Ins_LearningMobility_3_question_3131,1141.0,904.6,1811.0
1630967,stimulus_Ins_LearningMobility_3_question_3131,1134.7,901.1,1813.0
1630968,stimulus_Ins_LearningMobility_3_question_3131,1126.0,895.6,1821.0
1630969,stimulus_Ins_LearningMobility_3_question_3131,1115.0,889.1,1829.0
1630970,stimulus_Ins_LearningMobility_3_question_3131,1102.4,881.5,1836.0
1630971,stimulus_Ins_LearningMobility_3_question_3131,1090.2,873.9,1840.0
1630972,stimulus_Ins_LearningMobility_3_question_3131,1075.9,865.5,1848.0
1630973,stimulus_Ins_LearningMobility_3_question_3131,1060.4,856.9,1855.0
1630974,stimulus_Ins_LearningMobility_3_question_3131,1044.0,846.1,1862.0
1630975,stimulus_Ins_LearningMobility_3_question_3131,1028.1,834.8,1865.0
1630976,stimulus_Ins_LearningMobility_3_question_3131,1012.9,824.2,1871.0
1630977,stimulus_Ins_LearningMobility_3_question_3131,998.5,814.8,1878.0
1630978,stimulus_Ins_LearningMobility_3_question_3131,984.6,806.8,1884.0
1630979,stimulus_Ins_LearningMobility_3_question_3131,971.9,799.4,1881.0
1630980,stimulus_Ins_LearningMobility_3_question_3131,961.6,792.5,1873.0
1630981,stimulus_Ins_LearningMobility_3_question_3131,952.9,786.7,1865.0
1630982,stimulus_Ins_LearningMobility_3_question_3131,945.3,781.5,1856.0
1630983,stimulus_Ins_LearningMobility_3_question_3131,937.3,776.9,1847.0
1630984,stimulus_Ins_LearningMobility_3_question_3131,931.4,772.8,1840.0
1630985,stimulus_Ins_LearningMobility_3_question_3131,925.3,768.6,1839.0
1630986,stimulus_Ins_LearningMobility_3_question_3131,918.0,766.0,1840.0
1630987,stimulus_Ins_LearningMobility_3_question_3131,908.8,764.2,1834.0
1630988,stimulus_Ins_LearningMobility_3_question_3131,900.7,763.2,1828.0
1630989,stimulus_Ins_LearningMobility_3_question_3131,895.2,760.2,1822.0
1630990,stimulus_Ins_LearningMobility_3_question_3131,889.5,756.6,1817.0
1630991,stimulus_Ins_LearningMobility_3_question_3131,882.2,750.5,1813.0
1630992,stimulus_Ins_LearningMobility_3_question_3131,873.0,744.4,1806.0
1630993,stimulus_Ins_LearningMobility_3_question_3131,863.9,736.2,1804.0
1630994,stimulus_Ins_LearningMobility_3_question_3131,855.7,729.4,1802.0
1630995,stimulus_Ins_LearningMobility_3_question_3131,846.4,723.0,1801.0
1630996,stimulus_Ins_LearningMobility_3_question_3131,838.2,718.8,1800.0
1630997,stimulus_Ins_LearningMobility_3_question_3131,829.7,715.9,1795.0
1630998,stimulus_Ins_LearningMobility_3_question_3131,823.7,713.5,1792.0
1630999,stimulus_Ins_LearningMobility_3_question_3131,818.4,710.8,1787.0
1631000,stimulus_Ins_LearningMobility_3_question_3131,814.1,708.1,1785.0
1631001,stimulus_Ins_LearningMobility_3_question_3131,809.4,705.7,1783.0
1631002,stimulus_Ins_LearningMobility_3_question_3131,804.7,702.7,1783.0
1631003,stimulus_Ins_LearningMobility_3_question_3131,800.1,700.0,1783.0
1631004,stimulus_Ins_LearningMobility_3_question_3131,796.1,698.1,1783.0
1631005,stimulus_Ins_LearningMobility_3_question_3131,793.2,697.1,1786.0
1631006,stimulus_Ins_LearningMobility_3_question_3131,791.6,695.2,1790.0
1631007,stimulus_Ins_LearningMobility_3_question_3131,791.0,693.0,1793.0
1631008,stimulus_Ins_LearningMobility_3_question_3131,790.7,691.4,1797.0
1631009,stimulus_Ins_LearningMobility_3_question_3131,791.0,690.5,1800.0
1631010,stimulus_Ins_LearningMobility_3_question_3131,791.3,689.9,1804.0
1631011,stimulus_Ins_LearningMobility_3_question_3131,791.9,687.8,1806.0
1631012,stimulus_Ins_LearningMobility_3_question_3131,793.2,684.5,1808.0
1631013,stimulus_Ins_LearningMobility_3_question_3131,795.1,680.7,1811.0
1631014,stimulus_Ins_LearningMobility_3_question_3131,797.9,677.6,1814.0
1631015,stimulus_Ins_LearningMobility_3_question_3131,800.3,675.8,1820.0
1631016,stimulus_Ins_LearningMobility_3_question_3131,802.3,674.7,1827.0
1631017,stimulus_Ins_LearningMobility_3_question_3131,803.4,674.4,1831.0
1631018,stimulus_Ins_LearningMobility_3_question_3131,804.2,673.8,1831.0
1631019,stimulus_Ins_LearningMobility_3_question_3131,804.6,673.1,1829.0
1631020,stimulus_Ins_LearningMobility_3_question_3131,804.7,672.5,1830.0
1631021,stimulus_Ins_LearningMobility_3_question_3131,803.7,671.0,1834.0
1631022,stimulus_Ins_LearningMobility_3_question_3131,802.4,669.6,1839.0
1631023,stimulus_Ins_LearningMobility_3_question_3131,800.4,668.0,1841.0
1631024,stimulus_Ins_LearningMobility_3_question_3131,799.0,667.2,1842.0
1631025,stimulus_Ins_LearningMobility_3_question_3131,797.0,665.3,1844.0
1631026,stimulus_Ins_LearningMobility_3_question_3131,795.5,663.5,1846.0
1631027,stimulus_Ins_LearningMobility_3_question_3131,793.9,661.3,1848.0
1631028,stimulus_Ins_LearningMobility_3_question_3131,792.3,660.2,1850.0
1631029,stimulus_Ins_LearningMobility_3_question_3131,791.1,659.4,1851.0
1631030,stimulus_Ins_LearningMobility_3_question_3131,789.7,658.9,1851.0
1631031,stimulus_Ins_LearningMobility_3_question_3131,788.9,658.4,1852.0
1631032,stimulus_Ins_LearningMobility_3_question_3131,788.1,657.0,1852.0
1631033,stimulus_Ins_LearningMobility_3_question_3131,787.7,656.3,1852.0
1631034,stimulus_Ins_LearningMobility_3_question_3131,787.8,655.5,1852.0
1631035,stimulus_Ins_LearningMobility_3_question_3131,788.2,655.6,1853.0
1631036,stimulus_Ins_LearningMobility_3_question_3131,788.5,655.4,1853.0
1631037,stimulus_Ins_LearningMobility_3_question_3131,788.6,654.7,1854.0
1631038,stimulus_Ins_LearningMobility_3_question_3131,788.4,654.3,1854.0
1631039,stimulus_Ins_LearningMobility_3_question_3131,788.3,653.8,1854.0
1631040,stimulus_Ins_LearningMobility_3_question_3131,788.5,653.7,1855.0
1631041,stimulus_Ins_LearningMobility_3_question_3131,788.8,653.6,1855.0
1631042,stimulus_Ins_LearningMobility_3_question_3131,788.9,653.5,1855.0
1631043,stimulus_Ins_LearningMobility_3_question_3131,788.9,652.9,1857.0
1631044,stimulus_Ins_LearningMobility_3_question_3131,788.7,652.2,1860.0
1631045,stimulus_Ins_LearningMobility_3_question_3131,789.1,650.9,1865.0
1631046,stimulus_Ins_LearningMobility_3_question_3131,789.6,650.1,1869.0
1631047,stimulus_Ins_LearningMobility_3_question_3131,790.0,649.6,1871.0
1631048,stimulus_Ins_LearningMobility_3_question_3131,790.0,649.7,1868.0
1631049,stimulus_Ins_LearningMobility_3_question_3131,790.0,649.8,1867.0
1631050,stimulus_Ins_LearningMobility_3_question_3131,790.4,649.9,1866.0
1631051,stimulus_Ins_LearningMobility_3_question_3131,790.8,649.9,1865.0
1631052,stimulus_Ins_LearningMobility_3_question_3131,791.2,649.8,1864.0
1631053,stimulus_Ins_LearningMobility_3_question_3131,791.1,649.6,1863.0
1631054,stimulus_Ins_LearningMobility_3_question_3131,791.4,649.4,1864.0
1631055,stimulus_Ins_LearningMobility_3_question_3131,791.7,649.2,1864.0
1631056,stimulus_Ins_LearningMobility_3_question_3131,792.0,647.9,1865.0
1631057,stimulus_Ins_LearningMobility_3_question_3131,792.0,646.7,1865.0
1631058,stimulus_Ins_LearningMobility_3_question_3131,792.1,645.7,1864.0
1631059,stimulus_Ins_LearningMobility_3_question_3131,792.1,645.9,1862.0
1631060,stimulus_Ins_LearningMobility_3_question_3131,792.5,646.7,1861.0
1631061,stimulus_Ins_LearningMobility_3_question_3131,793.0,647.3,1862.0
1631062,stimulus_Ins_LearningMobility_3_question_3131,793.5,648.0,1863.0
1631063,stimulus_Ins_LearningMobility_3_question_3131,793.7,648.2,1863.0
1631064,stimulus_Ins_LearningMobility_3_question_3131,793.6,648.5,1866.0
1631065,stimulus_Ins_LearningMobility_3_question_3131,793.5,648.6,1868.0
1631066,stimulus_Ins_LearningMobility_3_question_3131,793.1,648.5,1870.0
1631067,stimulus_Ins_LearningMobility_3_question_3131,792.7,648.2,1870.0
1631068,stimulus_Ins_LearningMobility_3_question_3131,792.1,647.9,1870.0
1631069,stimulus_Ins_LearningMobility_3_question_3131,791.7,647.9,1871.0
1631070,stimulus_Ins_LearningMobility_3_question_3131,791.5,647.9,1871.0
1631071,stimulus_Ins_LearningMobility_3_question_3131,791.7,648.0,1872.0
1631072,stimulus_Ins_LearningMobility_3_question_3131,791.9,648.3,1870.0
1631073,stimulus_Ins_LearningMobility_3_question_3131,792.0,648.7,1868.0
1631074,stimulus_Ins_LearningMobility_3_question_3131,792.4,649.8,1866.0
1631075,stimulus_Ins_LearningMobility_3_question_3131,792.7,650.5,1866.0
1631076,stimulus_Ins_LearningMobility_3_question_3131,793.1,651.1,1865.0
1631077,stimulus_Ins_LearningMobility_3_question_3131,793.0,651.7,1863.0
1631078,stimulus_Ins_LearningMobility_3_question_3131,792.9,652.5,1861.0
1631079,stimulus_Ins_LearningMobility_3_question_3131,792.9,653.2,1859.0
1631080,stimulus_Ins_LearningMobility_3_question_3131,793.0,653.3,1857.0
1631081,stimulus_Ins_LearningMobility_3_question_3131,793.3,653.5,1855.0
1631082,stimulus_Ins_LearningMobility_3_question_3131,793.7,653.8,1855.0
1631083,stimulus_Ins_LearningMobility_3_question_3131,793.9,654.2,1856.0
1631084,stimulus_Ins_LearningMobility_3_question_3131,793.9,654.5,1857.0
1631085,stimulus_Ins_LearningMobility_3_question_3131,794.0,654.9,1859.0
1631086,stimulus_Ins_LearningMobility_3_question_3131,794.0,655.5,1861.0
1631087,stimulus_Ins_LearningMobility_3_question_3131,794.1,656.8,1862.0
1631088,stimulus_Ins_LearningMobility_3_question_3131,794.1,658.2,1861.0
1631089,stimulus_Ins_LearningMobility_3_question_3131,793.9,659.3,1858.0
1631090,stimulus_Ins_LearningMobility_3_question_3131,793.8,659.9,1855.0
1631091,stimulus_Ins_LearningMobility_3_question_3131,793.7,660.9,1852.0
1631092,stimulus_Ins_LearningMobility_3_question_3131,794.1,662.1,1850.0
1631093,stimulus_Ins_LearningMobility_3_question_3131,794.4,662.8,1849.0
1631094,stimulus_Ins_LearningMobility_3_question_3131,794.7,663.1,1850.0
1631095,stimulus_Ins_LearningMobility_3_question_3131,795.1,663.3,1851.0
1631096,stimulus_Ins_LearningMobility_3_question_3131,795.6,663.6,1851.0
1631097,stimulus_Ins_LearningMobility_3_question_3131,796.0,663.7,1852.0
1631098,stimulus_Ins_LearningMobility_3_question_3131,796.3,664.3,1852.0
1631099,stimulus_Ins_LearningMobility_3_question_3131,796.6,664.7,1851.0
1631100,stimulus_Ins_LearningMobility_3_question_3131,796.6,664.8,1849.0
1631101,stimulus_Ins_LearningMobility_3_question_3131,796.4,664.5,1848.0
1631102,stimulus_Ins_LearningMobility_3_question_3131,796.2,664.1,1848.0
1631103,stimulus_Ins_LearningMobility_3_question_3131,796.3,664.0,1849.0
1631104,stimulus_Ins_LearningMobility_3_question_3131,796.6,664.5,1851.0
1631105,stimulus_Ins_LearningMobility_3_question_3131,796.7,665.1,1852.0
1631106,stimulus_Ins_LearningMobility_3_question_3131,796.7,665.9,1852.0
1631107,stimulus_Ins_LearningMobility_3_question_3131,796.5,666.3,1852.0
1631108,stimulus_Ins_LearningMobility_3_question_3131,796.4,666.5,1852.0
1631109,stimulus_Ins_LearningMobility_3_question_3131,796.3,666.6,1851.0
1631110,stimulus_Ins_LearningMobility_3_question_3131,796.2,666.4,1849.0
1631111,stimulus_Ins_LearningMobility_3_question_3131,796.4,666.2,1846.0
1631112,stimulus_Ins_LearningMobility_3_question_3131,796.8,666.0,1843.0
1631113,stimulus_Ins_LearningMobility_3_question_3131,796.9,665.8,1843.0
1631114,stimulus_Ins_LearningMobility_3_question_3131,796.6,665.7,1844.0
1631115,stimulus_Ins_LearningMobility_3_question_3131,796.2,665.5,1846.0
1631116,stimulus_Ins_LearningMobility_3_question_3131,796.0,665.4,1847.0
1631117,stimulus_Ins_LearningMobility_3_question_3131,796.1,665.5,1848.0
1631118,stimulus_Ins_LearningMobility_3_question_3131,796.3,665.6,1844.0
1631119,stimulus_Ins_LearningMobility_3_question_3131,796.4,665.8,1840.0
1631120,stimulus_Ins_LearningMobility_3_question_3131,796.5,666.0,1836.0
1631121,stimulus_Ins_LearningMobility_3_question_3131,796.5,666.1,1837.0
1631122,stimulus_Ins_LearningMobility_3_question_3131,796.6,666.4,1840.0
1631123,stimulus_Ins_LearningMobility_3_question_3131,796.7,666.4,1843.0
1631124,stimulus_Ins_LearningMobility_3_question_3131,796.6,666.5,1846.0
1631125,stimulus_Ins_LearningMobility_3_question_3131,796.4,666.5,1847.0
1631126,stimulus_Ins_LearningMobility_3_question_3131,796.3,666.5,1847.0
1631127,stimulus_Ins_LearningMobility_3_question_3131,796.6,667.1,1847.0
1631128,stimulus_Ins_LearningMobility_3_question_3131,796.8,667.6,1844.0
1631129,stimulus_Ins_LearningMobility_3_question_3131,796.9,668.0,1841.0
1631130,stimulus_Ins_LearningMobility_3_question_3131,796.8,667.8,1837.0
1631131,stimulus_Ins_LearningMobility_3_question_3131,796.7,667.4,1834.0
1631132,stimulus_Ins_LearningMobility_3_question_3131,796.6,667.1,1832.0
1631133,stimulus_Ins_LearningMobility_3_question_3131,796.6,666.9,1833.0
1631134,stimulus_Ins_LearningMobility_3_question_3131,796.5,667.0,1837.0
1631135,stimulus_Ins_LearningMobility_3_question_3131,796.5,667.0,1840.0
1631136,stimulus_Ins_LearningMobility_3_question_3131,796.5,667.0,1841.0
1631137,stimulus_Ins_LearningMobility_3_question_3131,796.6,667.0,1840.0
1631138,stimulus_Ins_LearningMobility_3_question_3131,796.6,667.0,1839.0
1631139,stimulus_Ins_LearningMobility_3_question_3131,796.6,667.1,1838.0
1631140,stimulus_Ins_LearningMobility_3_question_3131,796.8,667.7,1838.0
1631141,stimulus_Ins_LearningMobility_3_question_3131,796.9,668.3,1838.0
1631142,stimulus_Ins_LearningMobility_3_question_3131,796.6,668.8,1838.0
1631143,stimulus_Ins_LearningMobility_3_question_3131,796.2,668.6,1839.0
1631144,stimulus_Ins_LearningMobility_3_question_3131,795.8,668.4,1841.0
1631145,stimulus_Ins_LearningMobility_3_question_3131,796.0,668.2,1844.0
1631146,stimulus_Ins_LearningMobility_3_question_3131,796.3,668.2,1843.0
1631147,stimulus_Ins_LearningMobility_3_question_3131,796.2,668.2,1840.0
1631148,stimulus_Ins_LearningMobility_3_question_3131,795.9,668.4,1836.0
1631149,stimulus_Ins_LearningMobility_3_question_3131,796.1,669.0,1833.0
1631150,stimulus_Ins_LearningMobility_3_question_3131,796.6,669.5,1832.0
1631151,stimulus_Ins_LearningMobility_3_question_3131,797.3,669.7,1832.0
1631152,stimulus_Ins_LearningMobility_3_question_3131,798.5,670.6,1832.0
1631153,stimulus_Ins_LearningMobility_3_question_3131,799.6,672.2,1836.0
1631154,stimulus_Ins_LearningMobility_3_question_3131,800.2,674.1,1840.0
1631155,stimulus_Ins_LearningMobility_3_question_3131,799.1,675.1,1844.0
1631156,stimulus_Ins_LearningMobility_3_question_3131,796.4,675.0,1841.0
1631157,stimulus_Ins_LearningMobility_3_question_3131,792.8,673.7,1838.0
1631158,stimulus_Ins_LearningMobility_3_question_3131,787.5,669.4,1834.0
1631159,stimulus_Ins_LearningMobility_3_question_3131,781.9,662.8,1833.0
1631160,stimulus_Ins_LearningMobility_3_question_3131,774.2,653.5,1833.0
1631161,stimulus_Ins_LearningMobility_3_question_3131,765.4,643.0,1837.0
1631162,stimulus_Ins_LearningMobility_3_question_3131,754.4,632.1,1844.0
1631163,stimulus_Ins_LearningMobility_3_question_3131,742.1,620.0,1852.0
1631164,stimulus_Ins_LearningMobility_3_question_3131,728.6,607.5,1862.0
1631165,stimulus_Ins_LearningMobility_3_question_3131,715.3,594.9,1871.0
1631166,stimulus_Ins_LearningMobility_3_question_3131,703.1,582.5,1880.0
1631167,stimulus_Ins_LearningMobility_3_question_3131,693.4,572.5,1883.0
1631168,stimulus_Ins_LearningMobility_3_question_3131,686.0,563.8,1882.0
1631169,stimulus_Ins_LearningMobility_3_question_3131,680.7,558.5,1880.0
1631170,stimulus_Ins_LearningMobility_3_question_3131,675.5,554.6,1878.0
1631171,stimulus_Ins_LearningMobility_3_question_3131,670.8,552.0,1877.0
1631172,stimulus_Ins_LearningMobility_3_question_3131,666.9,549.6,1873.0
1631173,stimulus_Ins_LearningMobility_3_question_3131,663.6,546.8,1868.0
1631174,stimulus_Ins_LearningMobility_3_question_3131,660.6,544.6,1863.0
1631175,stimulus_Ins_LearningMobility_3_question_3131,657.8,543.3,1860.0
1631176,stimulus_Ins_LearningMobility_3_question_3131,655.7,542.5,1853.0
1631177,stimulus_Ins_LearningMobility_3_question_3131,654.6,541.1,1839.0
1631178,stimulus_Ins_LearningMobility_3_question_3131,653.8,538.4,1823.0
1631179,stimulus_Ins_LearningMobility_3_question_3131,652.4,535.3,1806.0
1631180,stimulus_Ins_LearningMobility_3_question_3131,650.5,532.6,1797.0
1631181,stimulus_Ins_LearningMobility_3_question_3131,648.6,531.2,1792.0
1631182,stimulus_Ins_LearningMobility_3_question_3131,647.6,532.9,1789.0
1631183,stimulus_Ins_LearningMobility_3_question_3131,646.3,535.8,1781.0
1631184,stimulus_Ins_LearningMobility_3_question_3131,645.2,541.0,1769.0
1631185,stimulus_Ins_LearningMobility_3_question_3131,644.1,544.6,1756.0
1631186,stimulus_Ins_LearningMobility_3_question_3131,643.4,547.2,1750.0
1631187,stimulus_Ins_LearningMobility_3_question_3131,641.4,549.2,1739.0
1631188,stimulus_Ins_LearningMobility_3_question_3131,639.2,553.2,1725.0
1631189,stimulus_Ins_LearningMobility_3_question_3131,637.2,558.4,1706.0
1631190,stimulus_Ins_LearningMobility_3_question_3131,636.5,564.4,1689.0
1631191,stimulus_Ins_LearningMobility_3_question_3131,635.7,572.5,1670.0
1631192,stimulus_Ins_LearningMobility_3_question_3131,635.5,583.0,1645.0
1631193,stimulus_Ins_LearningMobility_3_question_3131,635.0,595.8,1619.0
1631194,stimulus_Ins_LearningMobility_3_question_3131,633.5,607.1,1591.0
1631195,stimulus_Ins_LearningMobility_3_question_3131,632.1,620.1,1566.0
1631196,stimulus_Ins_LearningMobility_3_question_3131,631.4,632.6,1540.0
1631197,stimulus_Ins_LearningMobility_3_question_3131,631.2,646.0,1514.0
1631198,stimulus_Ins_LearningMobility_3_question_3131,630.9,657.7,1483.0
1631199,stimulus_Ins_LearningMobility_3_question_3131,630.0,669.4,1455.0
1631200,stimulus_Ins_LearningMobility_3_question_3131,630.1,682.0,1424.0
1631201,stimulus_Ins_LearningMobility_3_question_3131,630.1,696.8,1396.0
1631202,stimulus_Ins_LearningMobility_3_question_3131,631.0,712.7,1368.0
1631203,stimulus_Ins_LearningMobility_3_question_3131,633.6,730.0,1338.0
1631204,stimulus_Ins_LearningMobility_3_question_3131,636.7,747.7,1306.0
1631205,stimulus_Ins_LearningMobility_3_question_3131,640.6,766.8,1274.0
1631206,stimulus_Ins_LearningMobility_3_question_3131,643.3,787.1,1243.0
1631207,stimulus_Ins_LearningMobility_3_question_3131,645.8,806.0,1215.0
1631208,stimulus_Ins_LearningMobility_3_question_3131,647.2,825.1,1181.0
1631209,stimulus_Ins_LearningMobility_3_question_3131,648.7,844.7,1149.0
1631210,stimulus_Ins_LearningMobility_3_question_3131,650.5,867.4,1105.0
1631211,stimulus_Ins_LearningMobility_3_question_3131,653.0,890.0,1066.0
1631212,stimulus_Ins_LearningMobility_3_question_3131,655.6,911.7,1026.0
1631213,stimulus_Ins_LearningMobility_3_question_3131,657.8,931.4,995.0
1631214,stimulus_Ins_LearningMobility_3_question_3131,659.8,951.6,962.0
1631215,stimulus_Ins_LearningMobility_3_question_3131,660.8,969.2,932.0
1631216,stimulus_Ins_LearningMobility_3_question_3131,661.8,984.9,900.0
1631217,stimulus_Ins_LearningMobility_3_question_3131,663.1,997.1,873.0
1631218,stimulus_Ins_LearningMobility_3_question_3131,664.9,1006.0,848.0
1631219,stimulus_Ins_LearningMobility_3_question_3131,666.6,1013.3,828.0
1631220,stimulus_Ins_LearningMobility_3_question_3131,667.8,1019.4,807.0
1631221,stimulus_Ins_LearningMobility_3_question_3131,668.1,1024.8,789.0
1631222,stimulus_Ins_LearningMobility_3_question_3131,667.9,1028.2,777.0
1631223,stimulus_Ins_LearningMobility_3_question_3131,667.1,1028.4,772.0
1631224,stimulus_Ins_LearningMobility_3_question_3131,665.0,1026.9,770.0
1631225,stimulus_Ins_LearningMobility_3_question_3131,662.3,1024.0,768.0
1631226,stimulus_Ins_LearningMobility_3_question_3131,659.4,1020.5,770.0
1631227,stimulus_Ins_LearningMobility_3_question_3131,657.4,1016.4,775.0
1631228,stimulus_Ins_LearningMobility_3_question_3131,654.4,1011.0,785.0
1631229,stimulus_Ins_LearningMobility_3_question_3131,649.5,1004.9,795.0
1631230,stimulus_Ins_LearningMobility_3_question_3131,644.6,997.4,805.0
1631231,stimulus_Ins_LearningMobility_3_question_3131,639.4,989.5,818.0
1631232,stimulus_Ins_LearningMobility_3_question_3131,634.7,980.5,830.0
1631233,stimulus_Ins_LearningMobility_3_question_3131,630.4,969.7,844.0
1631234,stimulus_Ins_LearningMobility_3_question_3131,627.3,957.6,863.0
1631235,stimulus_Ins_LearningMobility_3_question_3131,625.3,945.1,884.0
1631236,stimulus_Ins_LearningMobility_3_question_3131,623.3,932.8,904.0
1631237,stimulus_Ins_LearningMobility_3_question_3131,619.9,920.0,920.0
1631238,stimulus_Ins_LearningMobility_3_question_3131,616.6,906.9,933.0
1631239,stimulus_Ins_LearningMobility_3_question_3131,612.2,892.7,953.0
1631240,stimulus_Ins_LearningMobility_3_question_3131,609.2,878.5,971.0
1631241,stimulus_Ins_LearningMobility_3_question_3131,605.4,862.6,992.0
1631242,stimulus_Ins_LearningMobility_3_question_3131,603.2,848.6,1009.0
1631243,stimulus_Ins_LearningMobility_3_question_3131,601.1,834.2,1030.0
1631244,stimulus_Ins_LearningMobility_3_question_3131,599.9,821.8,1050.0
1631245,stimulus_Ins_LearningMobility_3_question_3131,597.6,808.5,1071.0
1631246,stimulus_Ins_LearningMobility_3_question_3131,594.9,796.3,1084.0
1631247,stimulus_Ins_LearningMobility_3_question_3131,592.3,784.9,1102.0
1631248,stimulus_Ins_LearningMobility_3_question_3131,590.3,772.4,1119.0
1631249,stimulus_Ins_LearningMobility_3_question_3131,588.8,759.5,1141.0
1631250,stimulus_Ins_LearningMobility_3_question_3131,587.3,746.7,1157.0
1631251,stimulus_Ins_LearningMobility_3_question_3131,586.3,735.1,1170.0
1631252,stimulus_Ins_LearningMobility_3_question_3131,583.5,724.2,1182.0
1631253,stimulus_Ins_LearningMobility_3_question_3131,580.7,712.8,1194.0
1631254,stimulus_Ins_LearningMobility_3_question_3131,577.7,701.6,1214.0
1631255,stimulus_Ins_LearningMobility_3_question_3131,576.8,691.2,1229.0
1631256,stimulus_Ins_LearningMobility_3_question_3131,574.8,680.1,1250.0
1631257,stimulus_Ins_LearningMobility_3_question_3131,572.8,668.9,1262.0
1631258,stimulus_Ins_LearningMobility_3_question_3131,570.7,657.4,1275.0
1631259,stimulus_Ins_LearningMobility_3_question_3131,567.0,648.4,1280.0
1631260,stimulus_Ins_LearningMobility_3_question_3131,563.5,638.5,1294.0
1631261,stimulus_Ins_LearningMobility_3_question_3131,559.6,629.8,1308.0
1631262,stimulus_Ins_LearningMobility_3_question_3131,558.7,620.2,1326.0
1631263,stimulus_Ins_LearningMobility_3_question_3131,557.8,611.1,1341.0
1631264,stimulus_Ins_LearningMobility_3_question_3131,556.8,601.4,1356.0
1631265,stimulus_Ins_LearningMobility_3_question_3131,555.5,592.2,1369.0
1631266,stimulus_Ins_LearningMobility_3_question_3131,553.7,584.2,1380.0
1631267,stimulus_Ins_LearningMobility_3_question_3131,552.9,575.7,1388.0
1631268,stimulus_Ins_LearningMobility_3_question_3131,552.3,566.8,1399.0
1631269,stimulus_Ins_LearningMobility_3_question_3131,552.4,557.9,1407.0
1631270,stimulus_Ins_LearningMobility_3_question_3131,552.0,548.9,1419.0
1631271,stimulus_Ins_LearningMobility_3_question_3131,551.5,539.8,1433.0
1631272,stimulus_Ins_LearningMobility_3_question_3131,551.0,530.7,1446.0
1631273,stimulus_Ins_LearningMobility_3_question_3131,551.0,522.3,1456.0
