time,screen,pixel_x,pixel_y,pupil
909842,subject_difficulty_screen,1263.3,952.4,1594.0
909843,subject_difficulty_screen,1263.9,952.4,1595.0
909844,subject_difficulty_screen,1264.3,952.3,1596.0
909845,subject_difficulty_screen,1264.6,952.3,1597.0
909846,subject_difficulty_screen,1264.9,952.2,1596.0
909847,subject_difficulty_screen,1265.1,952.1,1595.0
909848,subject_difficulty_screen,1265.3,952.0,1593.0
909849,subject_difficulty_screen,1265.6,952.0,1592.0
909850,subject_difficulty_screen,1265.7,952.2,1592.0
909851,subject_difficulty_screen,1265.8,952.3,1591.0
909852,subject_difficulty_screen,1265.9,952.2,1591.0
909853,subject_difficulty_screen,1265.9,952.0,1590.0
909854,subject_difficulty_screen,1265.6,952.2,1589.0
909855,subject_difficulty_screen,1265.1,952.6,1589.0
909856,subject_difficulty_screen,1264.6,952.8,1594.0
909857,subject_difficulty_screen,1264.4,952.8,1598.0
909858,subject_difficulty_screen,1264.3,952.9,1602.0
909859,subject_difficulty_screen,1264.4,953.0,1602.0
909860,subject_difficulty_screen,1264.4,953.0,1600.0
909861,subject_difficulty_screen,1264.4,953.0,1599.0
909862,subject_difficulty_screen,1264.3,953.0,1596.0
909863,subject_difficulty_screen,1264.3,952.9,1595.0
909864,subject_difficulty_screen,1264.2,952.8,1594.0
909865,subject_difficulty_screen,1264.1,952.7,1593.0
909866,subject_difficulty_screen,1263.9,952.4,1594.0
909867,subject_difficulty_screen,1263.7,952.1,1595.0
909868,subject_difficulty_screen,1263.6,951.9,1597.0
909869,subject_difficulty_screen,1263.4,951.9,1597.0
909870,subject_difficulty_screen,1263.2,952.4,1596.0
909871,subject_difficulty_screen,1263.0,952.9,1594.0
909872,subject_difficulty_screen,1263.1,953.4,1594.0
909873,subject_difficulty_screen,1263.1,953.5,1595.0
909874,subject_difficulty_screen,1263.0,953.8,1596.0
909875,subject_difficulty_screen,1262.5,954.1,1597.0
909876,subject_difficulty_screen,1262.1,954.2,1599.0
909877,subject_difficulty_screen,1261.6,953.8,1600.0
909878,subject_difficulty_screen,1261.6,953.4,1601.0
909879,subject_difficulty_screen,1261.5,953.4,1604.0
909880,subject_difficulty_screen,1261.2,953.7,1607.0
909881,subject_difficulty_screen,1261.0,954.0,1609.0
909882,subject_difficulty_screen,1260.7,954.2,1608.0
909883,subject_difficulty_screen,1260.7,954.6,1607.0
909884,subject_difficulty_screen,1260.8,955.0,1606.0
909885,subject_difficulty_screen,1260.8,955.3,1606.0
909886,subject_difficulty_screen,1260.9,955.3,1605.0
909887,subject_difficulty_screen,1260.8,954.8,1605.0
909888,subject_difficulty_screen,1260.8,954.3,1605.0
909889,subject_difficulty_screen,1260.5,954.3,1606.0
909890,subject_difficulty_screen,1260.4,954.7,1605.0
909891,subject_difficulty_screen,1260.3,955.2,1605.0
909892,subject_difficulty_screen,1260.3,955.3,1604.0
909893,subject_difficulty_screen,1260.3,955.3,1604.0
909894,subject_difficulty_screen,1260.3,955.2,1603.0
909895,subject_difficulty_screen,1260.4,955.0,1602.0
909896,subject_difficulty_screen,1260.4,954.9,1602.0
909897,subject_difficulty_screen,1260.4,954.7,1603.0
909898,subject_difficulty_screen,1260.4,954.4,1605.0
909899,subject_difficulty_screen,1260.5,954.1,1607.0
909900,subject_difficulty_screen,1260.7,954.0,1606.0
909901,subject_difficulty_screen,1260.8,954.2,1605.0
909902,subject_difficulty_screen,1261.1,954.4,1602.0
909903,subject_difficulty_screen,1261.3,954.7,1598.0
909904,subject_difficulty_screen,1261.4,954.9,1597.0
909905,subject_difficulty_screen,1261.5,954.9,1599.0
909906,subject_difficulty_screen,1261.4,954.7,1600.0
909907,subject_difficulty_screen,1261.6,954.4,1599.0
909908,subject_difficulty_screen,1261.8,954.1,1599.0
909909,subject_difficulty_screen,1262.1,954.1,1598.0
909910,subject_difficulty_screen,1262.1,953.7,1598.0
909911,subject_difficulty_screen,1261.9,953.4,1600.0
909912,subject_difficulty_screen,1261.8,953.1,1602.0
909913,subject_difficulty_screen,1261.8,953.2,1603.0
909914,subject_difficulty_screen,1261.9,953.3,1603.0
909915,subject_difficulty_screen,1262.2,953.4,1603.0
909916,subject_difficulty_screen,1262.5,953.3,1604.0
909917,subject_difficulty_screen,1262.8,953.3,1605.0
909918,subject_difficulty_screen,1263.1,953.4,1606.0
909919,subject_difficulty_screen,1263.4,953.5,1607.0
909920,subject_difficulty_screen,1263.6,953.5,1605.0
909921,subject_difficulty_screen,1263.6,953.3,1603.0
909922,subject_difficulty_screen,1263.8,953.3,1600.0
909923,subject_difficulty_screen,1264.0,953.3,1600.0
909924,subject_difficulty_screen,1264.2,953.6,1600.0
909925,subject_difficulty_screen,1264.0,953.7,1600.0
909926,subject_difficulty_screen,1263.5,953.9,1603.0
909927,subject_difficulty_screen,1263.1,954.0,1606.0
909928,subject_difficulty_screen,1263.1,954.1,1609.0
909929,subject_difficulty_screen,1263.3,954.0,1608.0
909930,subject_difficulty_screen,1263.6,954.0,1607.0
909931,subject_difficulty_screen,1263.6,954.1,1606.0
909932,subject_difficulty_screen,1263.8,954.1,1604.0
909933,subject_difficulty_screen,1264.0,954.1,1602.0
909934,subject_difficulty_screen,1264.3,954.0,1601.0
909935,subject_difficulty_screen,1264.4,953.9,1602.0
909936,subject_difficulty_screen,1264.2,953.8,1604.0
909937,subject_difficulty_screen,1263.9,953.7,1605.0
909938,subject_difficulty_screen,1263.7,953.7,1606.0
909939,subject_difficulty_screen,1263.7,953.8,1605.0
909940,subject_difficulty_screen,1263.8,953.8,1604.0
909941,subject_difficulty_screen,1263.8,953.9,1604.0
909942,subject_difficulty_screen,1263.9,954.0,1605.0
909943,subject_difficulty_screen,1263.5,953.7,1605.0
909944,subject_difficulty_screen,1263.2,953.5,1605.0
909945,subject_difficulty_screen,1262.9,953.5,1605.0
909946,subject_difficulty_screen,1263.0,953.7,1604.0
909947,subject_difficulty_screen,1263.1,954.0,1604.0
909948,subject_difficulty_screen,1263.0,953.9,1604.0
909949,subject_difficulty_screen,1262.7,954.1,1605.0
909950,subject_difficulty_screen,1262.4,954.4,1605.0
909951,subject_difficulty_screen,1262.1,954.6,1605.0
909952,subject_difficulty_screen,1262.0,954.4,1604.0
909953,subject_difficulty_screen,1261.9,954.1,1603.0
909954,subject_difficulty_screen,1261.8,953.9,1602.0
909955,subject_difficulty_screen,1261.7,954.1,1601.0
909956,subject_difficulty_screen,1261.7,954.4,1600.0
909957,subject_difficulty_screen,1261.6,954.6,1599.0
909958,subject_difficulty_screen,1261.6,954.7,1599.0
909959,subject_difficulty_screen,1261.4,954.7,1599.0
909960,subject_difficulty_screen,1261.3,954.7,1599.0
909961,subject_difficulty_screen,1261.0,954.8,1599.0
909962,subject_difficulty_screen,1260.8,954.9,1600.0
909963,subject_difficulty_screen,1260.4,955.1,1601.0
909964,subject_difficulty_screen,1260.3,955.2,1602.0
909965,subject_difficulty_screen,1260.1,955.3,1601.0
909966,subject_difficulty_screen,1260.1,955.4,1602.0
909967,subject_difficulty_screen,1260.0,955.6,1604.0
909968,subject_difficulty_screen,1260.0,955.7,1606.0
909969,subject_difficulty_screen,1260.0,955.8,1608.0
909970,subject_difficulty_screen,1259.9,955.7,1608.0
909971,subject_difficulty_screen,1259.8,955.7,1607.0
909972,subject_difficulty_screen,1259.6,955.5,1605.0
909973,subject_difficulty_screen,1259.4,955.2,1603.0
909974,subject_difficulty_screen,1259.2,954.9,1602.0
909975,subject_difficulty_screen,1259.1,955.0,1602.0
909976,subject_difficulty_screen,1259.0,955.4,1602.0
909977,subject_difficulty_screen,1259.0,955.7,1604.0
909978,subject_difficulty_screen,1259.0,955.7,1607.0
909979,subject_difficulty_screen,1259.1,956.0,1611.0
909980,subject_difficulty_screen,1259.1,956.4,1612.0
909981,subject_difficulty_screen,1259.1,956.9,1612.0
909982,subject_difficulty_screen,1259.1,957.1,1613.0
909983,subject_difficulty_screen,1259.1,956.7,1613.0
909984,subject_difficulty_screen,1259.1,956.3,1613.0
909985,subject_difficulty_screen,1259.2,956.1,1613.0
909986,subject_difficulty_screen,1259.5,956.3,1613.0
909987,subject_difficulty_screen,1259.8,956.6,1613.0
909988,subject_difficulty_screen,1259.9,956.6,1612.0
909989,subject_difficulty_screen,1259.9,956.7,1610.0
909990,subject_difficulty_screen,1259.8,956.7,1608.0
909991,subject_difficulty_screen,1259.7,956.8,1608.0
909992,subject_difficulty_screen,1259.6,956.9,1608.0
909993,subject_difficulty_screen,1259.6,957.1,1606.0
909994,subject_difficulty_screen,1259.7,957.5,1606.0
909995,subject_difficulty_screen,1260.1,957.8,1605.0
909996,subject_difficulty_screen,1260.5,958.1,1605.0
909997,subject_difficulty_screen,1260.7,957.4,1604.0
909998,subject_difficulty_screen,1260.9,956.8,1602.0
909999,subject_difficulty_screen,1261.1,956.0,1602.0
910000,subject_difficulty_screen,1261.0,955.9,1602.0
910001,subject_difficulty_screen,1260.6,955.9,1602.0
910002,subject_difficulty_screen,1260.5,955.8,1602.0
910003,subject_difficulty_screen,1261.4,955.7,1603.0
910004,subject_difficulty_screen,1262.2,955.7,1604.0
910005,subject_difficulty_screen,1262.6,955.9,1606.0
910006,subject_difficulty_screen,1262.5,955.9,1606.0
910007,subject_difficulty_screen,1262.3,956.0,1607.0
910008,subject_difficulty_screen,1262.2,956.1,1607.0
910009,subject_difficulty_screen,1262.2,956.0,1606.0
910010,subject_difficulty_screen,1262.1,955.8,1605.0
910011,subject_difficulty_screen,1262.0,955.9,1602.0
910012,subject_difficulty_screen,1262.0,956.1,1600.0
910013,subject_difficulty_screen,1262.4,956.2,1598.0
910014,subject_difficulty_screen,1262.8,956.7,1598.0
910015,subject_difficulty_screen,1263.5,957.9,1599.0
910016,subject_difficulty_screen,1264.4,959.2,1601.0
910017,subject_difficulty_screen,1265.4,960.4,1602.0
910018,subject_difficulty_screen,1265.8,960.9,1602.0
910019,subject_difficulty_screen,1264.6,961.3,1602.0
910020,subject_difficulty_screen,1262.3,961.1,1601.0
910021,subject_difficulty_screen,1258.7,960.1,1600.0
910022,subject_difficulty_screen,1255.1,957.3,1602.0
910023,subject_difficulty_screen,1249.0,952.8,1605.0
910024,subject_difficulty_screen,1240.3,947.2,1611.0
910025,subject_difficulty_screen,1227.1,941.5,1615.0
910026,subject_difficulty_screen,1214.0,934.1,1618.0
910027,subject_difficulty_screen,1199.2,925.5,1625.0
910028,subject_difficulty_screen,1183.2,915.4,1636.0
910029,subject_difficulty_screen,1165.9,906.2,1651.0
910030,subject_difficulty_screen,1147.4,898.2,1660.0
910031,subject_difficulty_screen,1128.2,889.7,1670.0
910032,subject_difficulty_screen,1107.3,881.0,1677.0
910033,subject_difficulty_screen,1086.4,871.9,1685.0
910034,subject_difficulty_screen,1066.5,863.5,1692.0
910035,subject_difficulty_screen,1046.9,854.3,1699.0
910036,subject_difficulty_screen,1026.4,842.7,1704.0
910037,subject_difficulty_screen,1006.3,830.5,1707.0
910038,subject_difficulty_screen,985.4,814.3,1707.0
910039,subject_difficulty_screen,964.3,796.9,1708.0
910040,subject_difficulty_screen,944.0,779.0,1710.0
910041,subject_difficulty_screen,924.2,763.9,1717.0
910042,subject_difficulty_screen,906.0,750.4,1724.0
910043,subject_difficulty_screen,890.1,737.5,1730.0
910044,subject_difficulty_screen,875.6,726.2,1730.0
910045,subject_difficulty_screen,862.5,716.0,1729.0
910046,subject_difficulty_screen,849.0,705.4,1729.0
910047,subject_difficulty_screen,836.8,693.2,1729.0
910048,subject_difficulty_screen,824.6,679.9,1729.0
910049,subject_difficulty_screen,811.8,668.4,1726.0
910050,subject_difficulty_screen,799.4,656.3,1717.0
910051,subject_difficulty_screen,785.3,642.5,1708.0
910052,subject_difficulty_screen,771.2,624.8,1703.0
910053,subject_difficulty_screen,757.4,606.7,1703.0
910054,subject_difficulty_screen,743.7,585.6,1705.0
910055,subject_difficulty_screen,730.1,569.3,1708.0
910056,subject_difficulty_screen,715.3,553.5,1707.0
910057,subject_difficulty_screen,704.5,539.5,1704.0
910058,subject_difficulty_screen,692.0,519.2,1700.0
910059,subject_difficulty_screen,678.9,500.2,1699.0
910060,subject_difficulty_screen,664.4,484.9,1699.0
910061,subject_difficulty_screen,651.0,475.6,1698.0
910062,subject_difficulty_screen,639.2,465.2,1695.0
910063,subject_difficulty_screen,627.6,454.2,1691.0
910064,subject_difficulty_screen,616.9,443.6,1688.0
910065,subject_difficulty_screen,604.1,432.5,1690.0
910066,subject_difficulty_screen,591.7,423.1,1693.0
910067,subject_difficulty_screen,577.0,411.4,1696.0
910068,subject_difficulty_screen,564.7,401.6,1699.0
910069,subject_difficulty_screen,552.1,392.7,1702.0
910070,subject_difficulty_screen,540.2,384.5,1705.0
910071,subject_difficulty_screen,528.4,378.4,1710.0
910072,subject_difficulty_screen,515.8,371.0,1714.0
910073,subject_difficulty_screen,504.3,363.6,1721.0
910074,subject_difficulty_screen,492.8,355.6,1727.0
910075,subject_difficulty_screen,482.0,349.3,1733.0
910076,subject_difficulty_screen,470.0,341.0,1739.0
910077,subject_difficulty_screen,456.1,332.9,1746.0
910078,subject_difficulty_screen,442.5,323.8,1753.0
910079,subject_difficulty_screen,430.9,318.4,1759.0
910080,subject_difficulty_screen,419.7,312.5,1762.0
910081,subject_difficulty_screen,408.7,306.5,1764.0
910082,subject_difficulty_screen,397.7,300.6,1763.0
910083,subject_difficulty_screen,387.0,295.0,1762.0
910084,subject_difficulty_screen,376.8,290.0,1762.0
910085,subject_difficulty_screen,365.0,284.7,1763.0
910086,subject_difficulty_screen,355.9,282.0,1765.0
910087,subject_difficulty_screen,345.0,275.2,1766.0
910088,subject_difficulty_screen,336.3,267.9,1768.0
910089,subject_difficulty_screen,325.4,260.7,1769.0
910090,subject_difficulty_screen,315.2,258.1,1767.0
910091,subject_difficulty_screen,304.9,257.4,1759.0
910092,subject_difficulty_screen,296.2,256.6,1747.0
910093,subject_difficulty_screen,286.2,256.8,1735.0
910094,subject_difficulty_screen,276.3,270.1,1718.0
910095,subject_difficulty_screen,265.6,285.7,1703.0
910096,subject_difficulty_screen,257.6,301.8,1689.0
910097,subject_difficulty_screen,249.7,306.4,1687.0
910098,subject_difficulty_screen,243.0,308.9,1686.0
910099,subject_difficulty_screen,237.0,311.0,1684.0
910100,subject_difficulty_screen,230.6,310.7,1682.0
910101,subject_difficulty_screen,224.4,309.1,1680.0
910102,subject_difficulty_screen,218.4,306.5,1675.0
910103,subject_difficulty_screen,214.3,304.2,1672.0
910104,subject_difficulty_screen,210.5,302.6,1669.0
910105,subject_difficulty_screen,207.1,301.4,1671.0
910106,subject_difficulty_screen,203.5,298.7,1671.0
910107,subject_difficulty_screen,199.6,294.8,1672.0
910108,subject_difficulty_screen,195.8,289.7,1672.0
910109,subject_difficulty_screen,192.2,284.4,1671.0
910110,subject_difficulty_screen,188.9,279.8,1668.0
910111,subject_difficulty_screen,185.0,275.2,1665.0
910112,subject_difficulty_screen,181.0,271.6,1663.0
910113,subject_difficulty_screen,176.7,268.3,1662.0
910114,subject_difficulty_screen,173.7,266.1,1661.0
910115,subject_difficulty_screen,170.8,263.5,1659.0
910116,subject_difficulty_screen,168.1,259.6,1659.0
910117,subject_difficulty_screen,164.7,256.0,1660.0
910118,subject_difficulty_screen,162.2,253.4,1661.0
910119,subject_difficulty_screen,159.9,251.7,1661.0
910120,subject_difficulty_screen,158.8,250.0,1661.0
910121,subject_difficulty_screen,157.5,248.9,1661.0
910122,subject_difficulty_screen,157.0,248.5,1661.0
910123,subject_difficulty_screen,156.3,247.5,1660.0
910124,subject_difficulty_screen,156.0,246.4,1660.0
910125,subject_difficulty_screen,156.2,244.8,1661.0
910126,subject_difficulty_screen,156.5,243.4,1661.0
910127,subject_difficulty_screen,157.9,241.8,1661.0
910128,subject_difficulty_screen,159.2,239.9,1661.0
910129,subject_difficulty_screen,161.4,238.4,1661.0
910130,subject_difficulty_screen,163.3,237.1,1662.0
910131,subject_difficulty_screen,165.1,236.8,1663.0
910132,subject_difficulty_screen,166.8,236.7,1664.0
910133,subject_difficulty_screen,168.1,236.7,1665.0
910134,subject_difficulty_screen,169.8,237.3,1666.0
910135,subject_difficulty_screen,170.9,238.4,1666.0
910136,subject_difficulty_screen,171.7,240.2,1666.0
910137,subject_difficulty_screen,171.9,241.5,1668.0
910138,subject_difficulty_screen,172.0,242.7,1670.0
910139,subject_difficulty_screen,172.4,243.3,1671.0
910140,subject_difficulty_screen,172.9,244.4,1670.0
910141,subject_difficulty_screen,173.2,245.3,1670.0
910142,subject_difficulty_screen,173.2,245.9,1670.0
910143,subject_difficulty_screen,173.1,246.3,1669.0
910144,subject_difficulty_screen,173.1,246.7,1669.0
910145,subject_difficulty_screen,173.2,247.1,1668.0
910146,subject_difficulty_screen,173.3,247.1,1667.0
910147,subject_difficulty_screen,173.3,247.1,1667.0
910148,subject_difficulty_screen,173.5,247.0,1668.0
910149,subject_difficulty_screen,173.9,246.6,1668.0
910150,subject_difficulty_screen,174.6,246.2,1667.0
910151,subject_difficulty_screen,175.1,245.8,1667.0
910152,subject_difficulty_screen,175.2,245.8,1666.0
910153,subject_difficulty_screen,175.1,245.7,1666.0
910154,subject_difficulty_screen,175.1,245.3,1666.0
910155,subject_difficulty_screen,175.6,245.0,1666.0
910156,subject_difficulty_screen,176.0,245.0,1665.0
910157,subject_difficulty_screen,176.3,245.3,1665.0
910158,subject_difficulty_screen,176.3,245.5,1665.0
910159,subject_difficulty_screen,176.3,246.0,1664.0
910160,subject_difficulty_screen,176.6,246.5,1663.0
910161,subject_difficulty_screen,176.8,247.1,1663.0
910162,subject_difficulty_screen,177.2,247.5,1664.0
910163,subject_difficulty_screen,177.2,247.9,1664.0
910164,subject_difficulty_screen,177.2,248.3,1663.0
910165,subject_difficulty_screen,177.2,248.5,1662.0
910166,subject_difficulty_screen,177.3,248.7,1662.0
910167,subject_difficulty_screen,177.5,248.6,1662.0
910168,subject_difficulty_screen,177.8,248.7,1661.0
910169,subject_difficulty_screen,177.9,248.7,1660.0
910170,subject_difficulty_screen,178.0,248.8,1659.0
910171,subject_difficulty_screen,177.9,248.8,1658.0
910172,subject_difficulty_screen,177.9,248.8,1658.0
910173,subject_difficulty_screen,177.9,248.7,1658.0
910174,subject_difficulty_screen,177.8,248.6,1658.0
910175,subject_difficulty_screen,177.7,248.6,1659.0
910176,subject_difficulty_screen,177.6,248.8,1659.0
910177,subject_difficulty_screen,177.6,249.0,1659.0
910178,subject_difficulty_screen,177.4,249.0,1658.0
910179,subject_difficulty_screen,177.1,249.1,1657.0
910180,subject_difficulty_screen,176.8,249.1,1656.0
910181,subject_difficulty_screen,176.8,249.2,1656.0
910182,subject_difficulty_screen,176.8,249.2,1656.0
910183,subject_difficulty_screen,176.7,249.3,1656.0
910184,subject_difficulty_screen,177.4,249.2,1656.0
910185,subject_difficulty_screen,178.1,249.2,1657.0
910186,subject_difficulty_screen,178.5,249.3,1657.0
910187,subject_difficulty_screen,178.3,249.3,1657.0
910188,subject_difficulty_screen,178.1,249.3,1658.0
910189,subject_difficulty_screen,177.9,249.5,1658.0
910190,subject_difficulty_screen,177.6,249.7,1658.0
910191,subject_difficulty_screen,177.4,249.9,1657.0
910192,subject_difficulty_screen,177.6,249.8,1656.0
910193,subject_difficulty_screen,177.7,249.6,1656.0
910194,subject_difficulty_screen,177.7,249.4,1654.0
910195,subject_difficulty_screen,177.8,249.3,1652.0
910196,subject_difficulty_screen,177.8,249.3,1653.0
910197,subject_difficulty_screen,177.6,249.4,1656.0
910198,subject_difficulty_screen,177.3,249.5,1658.0
910199,subject_difficulty_screen,177.2,249.6,1658.0
910200,subject_difficulty_screen,177.3,249.7,1656.0
910201,subject_difficulty_screen,177.6,249.8,1655.0
910202,subject_difficulty_screen,177.7,249.8,1654.0
910203,subject_difficulty_screen,177.8,249.9,1654.0
910204,subject_difficulty_screen,177.8,249.9,1654.0
910205,subject_difficulty_screen,177.8,250.0,1653.0
910206,subject_difficulty_screen,177.8,250.0,1653.0
910207,subject_difficulty_screen,177.8,250.0,1653.0
910208,subject_difficulty_screen,177.9,250.0,1653.0
910209,subject_difficulty_screen,177.8,250.0,1654.0
910210,subject_difficulty_screen,177.8,250.0,1655.0
910211,subject_difficulty_screen,177.8,249.9,1655.0
910212,subject_difficulty_screen,177.8,249.6,1654.0
910213,subject_difficulty_screen,177.8,249.4,1655.0
910214,subject_difficulty_screen,177.8,249.5,1656.0
910215,subject_difficulty_screen,177.6,249.7,1657.0
910216,subject_difficulty_screen,177.5,249.7,1657.0
910217,subject_difficulty_screen,177.5,249.7,1656.0
910218,subject_difficulty_screen,177.8,249.7,1655.0
910219,subject_difficulty_screen,178.0,249.8,1654.0
910220,subject_difficulty_screen,178.2,249.9,1653.0
910221,subject_difficulty_screen,178.3,250.0,1653.0
910222,subject_difficulty_screen,178.2,250.1,1653.0
910223,subject_difficulty_screen,178.2,250.2,1653.0
910224,subject_difficulty_screen,178.2,250.2,1654.0
910225,subject_difficulty_screen,178.2,250.2,1654.0
910226,subject_difficulty_screen,178.1,250.2,1655.0
910227,subject_difficulty_screen,178.3,250.2,1655.0
910228,subject_difficulty_screen,178.5,250.4,1655.0
910229,subject_difficulty_screen,178.6,250.5,1656.0
910230,subject_difficulty_screen,178.6,250.5,1657.0
910231,subject_difficulty_screen,178.6,250.6,1658.0
910232,subject_difficulty_screen,178.7,250.6,1658.0
910233,subject_difficulty_screen,179.0,250.7,1658.0
910234,subject_difficulty_screen,179.4,250.8,1658.0
910235,subject_difficulty_screen,179.8,251.7,1659.0
910236,subject_difficulty_screen,180.1,252.5,1659.0
910237,subject_difficulty_screen,180.2,253.4,1658.0
910238,subject_difficulty_screen,180.7,253.8,1657.0
910239,subject_difficulty_screen,181.2,254.2,1654.0
910240,subject_difficulty_screen,181.4,254.2,1653.0
910241,subject_difficulty_screen,180.6,252.9,1651.0
910242,subject_difficulty_screen,178.7,250.8,1653.0
910243,subject_difficulty_screen,175.4,247.8,1656.0
910244,subject_difficulty_screen,170.4,244.2,1658.0
910245,subject_difficulty_screen,164.8,238.9,1658.0
910246,subject_difficulty_screen,158.8,232.8,1658.0
910247,subject_difficulty_screen,153.0,225.5,1658.0
910248,subject_difficulty_screen,147.4,219.0,1657.0
910249,subject_difficulty_screen,141.7,212.8,1654.0
910250,subject_difficulty_screen,136.4,207.3,1649.0
910251,subject_difficulty_screen,131.8,201.1,1644.0
910252,subject_difficulty_screen,128.5,194.9,1642.0
910253,subject_difficulty_screen,126.7,188.9,1640.0
910254,subject_difficulty_screen,125.4,184.2,1638.0
910255,subject_difficulty_screen,125.0,180.5,1634.0
910256,subject_difficulty_screen,124.8,178.0,1631.0
910257,subject_difficulty_screen,125.2,176.3,1629.0
910258,subject_difficulty_screen,126.1,175.2,1628.0
910259,subject_difficulty_screen,127.6,173.8,1627.0
910260,subject_difficulty_screen,129.0,172.5,1626.0
910261,subject_difficulty_screen,130.6,170.9,1626.0
910262,subject_difficulty_screen,131.5,169.9,1624.0
910263,subject_difficulty_screen,132.1,168.9,1622.0
910264,subject_difficulty_screen,132.4,167.9,1621.0
910265,subject_difficulty_screen,132.4,166.9,1621.0
910266,subject_difficulty_screen,131.9,166.2,1622.0
910267,subject_difficulty_screen,131.1,165.0,1623.0
910268,subject_difficulty_screen,129.8,162.6,1624.0
910269,subject_difficulty_screen,129.0,159.6,1623.0
910270,subject_difficulty_screen,128.2,155.5,1621.0
910271,subject_difficulty_screen,128.0,151.2,1619.0
910272,subject_difficulty_screen,128.2,146.1,1618.0
910273,subject_difficulty_screen,128.9,141.7,1618.0
910274,subject_difficulty_screen,129.9,138.3,1617.0
910275,subject_difficulty_screen,131.1,135.7,1615.0
910276,subject_difficulty_screen,133.2,133.5,1616.0
910277,subject_difficulty_screen,135.0,131.9,1617.0
910278,subject_difficulty_screen,136.8,129.9,1619.0
910279,subject_difficulty_screen,138.5,128.5,1617.0
910280,subject_difficulty_screen,140.0,127.3,1614.0
910281,subject_difficulty_screen,141.1,127.3,1611.0
910282,subject_difficulty_screen,141.7,127.3,1610.0
910283,subject_difficulty_screen,142.0,128.2,1611.0
910284,subject_difficulty_screen,142.3,129.7,1610.0
910285,subject_difficulty_screen,142.2,131.6,1610.0
910286,subject_difficulty_screen,142.3,133.5,1611.0
910287,subject_difficulty_screen,142.4,134.8,1612.0
910288,subject_difficulty_screen,142.5,135.6,1613.0
910289,subject_difficulty_screen,142.7,135.5,1614.0
910290,subject_difficulty_screen,142.8,135.4,1614.0
910291,subject_difficulty_screen,142.9,135.5,1614.0
910292,subject_difficulty_screen,143.1,135.6,1614.0
910293,subject_difficulty_screen,143.8,135.1,1615.0
910294,subject_difficulty_screen,144.6,134.4,1616.0
910295,subject_difficulty_screen,145.3,133.6,1617.0
910296,subject_difficulty_screen,145.7,133.4,1618.0
910297,subject_difficulty_screen,145.8,133.1,1617.0
910298,subject_difficulty_screen,146.0,132.7,1617.0
910299,subject_difficulty_screen,146.1,132.3,1617.0
910300,subject_difficulty_screen,146.0,132.1,1616.0
910301,subject_difficulty_screen,145.8,132.3,1615.0
910302,subject_difficulty_screen,145.6,132.6,1615.0
910303,subject_difficulty_screen,145.3,132.9,1615.0
910304,subject_difficulty_screen,145.1,133.2,1615.0
910305,subject_difficulty_screen,145.0,133.1,1614.0
910306,subject_difficulty_screen,144.9,133.2,1612.0
910307,subject_difficulty_screen,144.8,133.2,1612.0
910308,subject_difficulty_screen,144.7,133.2,1613.0
910309,subject_difficulty_screen,144.7,133.1,1614.0
910310,subject_difficulty_screen,144.5,133.2,1611.0
910311,subject_difficulty_screen,144.4,133.2,1609.0
910312,subject_difficulty_screen,144.3,133.2,1606.0
910313,subject_difficulty_screen,144.6,133.1,1606.0
910314,subject_difficulty_screen,145.2,133.1,1606.0
910315,subject_difficulty_screen,145.8,132.9,1606.0
910316,subject_difficulty_screen,146.1,132.8,1606.0
910317,subject_difficulty_screen,146.2,132.7,1606.0
910318,subject_difficulty_screen,146.2,132.9,1605.0
910319,subject_difficulty_screen,146.0,133.1,1604.0
910320,subject_difficulty_screen,145.8,133.2,1603.0
910321,subject_difficulty_screen,145.6,133.3,1603.0
910322,subject_difficulty_screen,145.4,133.4,1603.0
910323,subject_difficulty_screen,145.2,133.5,1603.0
910324,subject_difficulty_screen,144.9,133.6,1602.0
910325,subject_difficulty_screen,144.8,133.7,1601.0
910326,subject_difficulty_screen,144.7,133.8,1599.0
910327,subject_difficulty_screen,144.7,134.1,1600.0
910328,subject_difficulty_screen,144.7,134.3,1599.0
910329,subject_difficulty_screen,144.8,134.4,1597.0
910330,subject_difficulty_screen,144.9,134.4,1596.0
910331,subject_difficulty_screen,145.1,134.4,1595.0
910332,subject_difficulty_screen,145.2,134.4,1595.0
910333,subject_difficulty_screen,145.2,134.4,1595.0
910334,subject_difficulty_screen,145.3,134.3,1595.0
910335,subject_difficulty_screen,145.4,134.0,1596.0
910336,subject_difficulty_screen,145.2,133.6,1597.0
910337,subject_difficulty_screen,145.0,133.0,1598.0
910338,subject_difficulty_screen,145.1,132.5,1599.0
910339,subject_difficulty_screen,145.5,132.6,1599.0
910340,subject_difficulty_screen,145.7,132.9,1598.0
910341,subject_difficulty_screen,145.6,133.4,1596.0
910342,subject_difficulty_screen,145.8,133.4,1594.0
910343,subject_difficulty_screen,146.1,133.7,1591.0
910344,subject_difficulty_screen,146.0,133.9,1591.0
910345,subject_difficulty_screen,145.7,134.0,1591.0
910346,subject_difficulty_screen,145.4,134.0,1591.0
910347,subject_difficulty_screen,145.7,133.5,1591.0
910348,subject_difficulty_screen,145.8,133.1,1591.0
910349,subject_difficulty_screen,145.8,132.8,1591.0
910350,subject_difficulty_screen,145.6,132.8,1590.0
910351,subject_difficulty_screen,145.4,133.0,1588.0
910352,subject_difficulty_screen,145.4,133.3,1586.0
910353,subject_difficulty_screen,145.4,133.6,1586.0
910354,subject_difficulty_screen,145.4,133.6,1586.0
910355,subject_difficulty_screen,145.4,133.6,1587.0
910356,subject_difficulty_screen,145.4,133.6,1588.0
910357,subject_difficulty_screen,145.4,133.6,1587.0
910358,subject_difficulty_screen,145.5,133.6,1586.0
910359,subject_difficulty_screen,145.6,133.5,1585.0
910360,subject_difficulty_screen,145.8,133.5,1584.0
910361,subject_difficulty_screen,146.0,133.5,1584.0
910362,subject_difficulty_screen,146.1,133.7,1584.0
910363,subject_difficulty_screen,146.2,133.8,1584.0
910364,subject_difficulty_screen,146.4,133.7,1584.0
910365,subject_difficulty_screen,146.6,133.4,1585.0
910366,subject_difficulty_screen,146.6,133.2,1585.0
910367,subject_difficulty_screen,146.7,133.5,1585.0
910368,subject_difficulty_screen,146.8,133.8,1585.0
910369,subject_difficulty_screen,146.8,134.1,1585.0
910370,subject_difficulty_screen,146.7,134.1,1585.0
910371,subject_difficulty_screen,146.5,134.2,1585.0
910372,subject_difficulty_screen,146.4,134.5,1586.0
910373,subject_difficulty_screen,146.4,134.7,1586.0
910374,subject_difficulty_screen,146.4,134.7,1586.0
910375,subject_difficulty_screen,146.5,134.6,1585.0
910376,subject_difficulty_screen,146.6,134.4,1584.0
910377,subject_difficulty_screen,146.7,134.2,1585.0
910378,subject_difficulty_screen,146.7,134.2,1586.0
910379,subject_difficulty_screen,146.8,134.2,1588.0
910380,subject_difficulty_screen,146.9,134.2,1585.0
910381,subject_difficulty_screen,147.1,134.1,1583.0
910382,subject_difficulty_screen,147.3,134.0,1581.0
910383,subject_difficulty_screen,147.4,134.1,1581.0
910384,subject_difficulty_screen,147.5,134.2,1582.0
910385,subject_difficulty_screen,147.4,134.1,1580.0
910386,subject_difficulty_screen,147.4,134.0,1579.0
910387,subject_difficulty_screen,147.7,133.9,1578.0
910388,subject_difficulty_screen,148.1,134.0,1579.0
910389,subject_difficulty_screen,148.2,134.2,1580.0
910390,subject_difficulty_screen,147.8,134.4,1580.0
910391,subject_difficulty_screen,147.1,134.4,1580.0
910392,subject_difficulty_screen,146.5,133.8,1580.0
910393,subject_difficulty_screen,146.2,132.6,1580.0
910394,subject_difficulty_screen,146.3,131.2,1579.0
910395,subject_difficulty_screen,146.2,129.4,1578.0
910396,subject_difficulty_screen,146.3,126.3,1578.0
910397,subject_difficulty_screen,146.4,122.9,1578.0
910398,subject_difficulty_screen,146.9,119.9,1578.0
910399,subject_difficulty_screen,147.3,117.2,1577.0
910400,subject_difficulty_screen,147.8,114.2,1574.0
910401,subject_difficulty_screen,149.0,110.6,1569.0
910402,subject_difficulty_screen,150.0,108.2,1565.0
910403,subject_difficulty_screen,151.8,105.7,1563.0
910404,subject_difficulty_screen,153.2,103.8,1562.0
910405,subject_difficulty_screen,155.1,102.2,1562.0
910406,subject_difficulty_screen,156.6,101.3,1562.0
910407,subject_difficulty_screen,158.2,101.0,1562.0
910408,subject_difficulty_screen,160.2,101.0,1563.0
910409,subject_difficulty_screen,161.6,101.5,1563.0
910410,subject_difficulty_screen,162.6,102.6,1563.0
910411,subject_difficulty_screen,162.9,104.4,1564.0
910412,subject_difficulty_screen,163.4,106.3,1564.0
910413,subject_difficulty_screen,163.7,108.0,1564.0
910414,subject_difficulty_screen,163.9,109.1,1564.0
910415,subject_difficulty_screen,164.1,110.2,1565.0
910416,subject_difficulty_screen,164.2,111.2,1567.0
910417,subject_difficulty_screen,164.0,111.9,1569.0
910418,subject_difficulty_screen,163.8,112.3,1571.0
910419,subject_difficulty_screen,163.8,112.6,1571.0
910420,subject_difficulty_screen,163.8,112.8,1571.0
910421,subject_difficulty_screen,163.8,112.8,1570.0
910422,subject_difficulty_screen,164.2,112.1,1569.0
910423,subject_difficulty_screen,164.5,111.1,1569.0
910424,subject_difficulty_screen,164.7,110.1,1569.0
910425,subject_difficulty_screen,164.7,109.7,1569.0
910426,subject_difficulty_screen,164.6,109.7,1569.0
910427,subject_difficulty_screen,164.4,109.6,1569.0
910428,subject_difficulty_screen,164.2,109.5,1569.0
910429,subject_difficulty_screen,164.2,109.5,1569.0
910430,subject_difficulty_screen,164.2,109.5,1569.0
910431,subject_difficulty_screen,164.3,109.5,1568.0
910432,subject_difficulty_screen,164.3,109.5,1567.0
910433,subject_difficulty_screen,164.3,109.4,1566.0
910434,subject_difficulty_screen,164.7,109.4,1566.0
910435,subject_difficulty_screen,165.1,109.4,1566.0
910436,subject_difficulty_screen,165.4,109.4,1566.0
910437,subject_difficulty_screen,165.3,109.5,1566.0
910438,subject_difficulty_screen,165.3,109.5,1566.0
910439,subject_difficulty_screen,165.0,109.5,1566.0
910440,subject_difficulty_screen,164.8,109.5,1566.0
910441,subject_difficulty_screen,164.5,109.6,1564.0
910442,subject_difficulty_screen,164.6,109.8,1562.0
910443,subject_difficulty_screen,165.1,109.9,1560.0
910444,subject_difficulty_screen,165.6,110.0,1561.0
910445,subject_difficulty_screen,166.0,110.2,1562.0
910446,subject_difficulty_screen,166.0,110.5,1564.0
910447,subject_difficulty_screen,166.1,110.7,1566.0
910448,subject_difficulty_screen,165.9,110.7,1566.0
910449,subject_difficulty_screen,165.8,110.5,1564.0
910450,subject_difficulty_screen,165.6,110.4,1563.0
910451,subject_difficulty_screen,165.8,110.3,1562.0
910452,subject_difficulty_screen,165.9,110.7,1562.0
910453,subject_difficulty_screen,166.0,111.2,1562.0
910454,subject_difficulty_screen,165.8,111.3,1562.0
910455,subject_difficulty_screen,165.5,111.0,1562.0
910456,subject_difficulty_screen,165.3,110.6,1563.0
910457,subject_difficulty_screen,165.5,110.6,1564.0
910458,subject_difficulty_screen,165.8,110.6,1565.0
910459,subject_difficulty_screen,166.0,110.7,1565.0
910460,subject_difficulty_screen,166.0,110.8,1562.0
910461,subject_difficulty_screen,166.0,110.8,1560.0
910462,subject_difficulty_screen,166.0,110.8,1558.0
910463,subject_difficulty_screen,166.0,110.7,1558.0
910464,subject_difficulty_screen,165.9,110.7,1558.0
910465,subject_difficulty_screen,165.8,110.6,1559.0
910466,subject_difficulty_screen,165.8,110.5,1560.0
910467,subject_difficulty_screen,165.8,110.4,1561.0
910468,subject_difficulty_screen,165.8,110.4,1560.0
910469,subject_difficulty_screen,166.0,110.4,1558.0
910470,subject_difficulty_screen,166.2,110.5,1556.0
910471,subject_difficulty_screen,166.3,110.5,1556.0
910472,subject_difficulty_screen,166.2,110.4,1555.0
910473,subject_difficulty_screen,166.1,110.3,1555.0
910474,subject_difficulty_screen,166.2,110.0,1555.0
910475,subject_difficulty_screen,166.2,109.7,1555.0
910476,subject_difficulty_screen,166.2,109.4,1556.0
910477,subject_difficulty_screen,166.2,109.6,1557.0
910478,subject_difficulty_screen,166.2,109.8,1558.0
910479,subject_difficulty_screen,166.1,110.2,1558.0
910480,subject_difficulty_screen,166.0,110.5,1558.0
910481,subject_difficulty_screen,165.9,110.8,1557.0
910482,subject_difficulty_screen,166.0,110.6,1557.0
910483,subject_difficulty_screen,166.2,110.3,1556.0
910484,subject_difficulty_screen,166.4,110.1,1555.0
910485,subject_difficulty_screen,166.5,110.3,1552.0
910486,subject_difficulty_screen,166.5,110.6,1549.0
910487,subject_difficulty_screen,166.4,110.7,1549.0
910488,subject_difficulty_screen,166.0,110.3,1551.0
910489,subject_difficulty_screen,165.8,109.7,1554.0
910490,subject_difficulty_screen,166.0,109.2,1556.0
910491,subject_difficulty_screen,166.3,108.9,1556.0
910492,subject_difficulty_screen,166.8,108.7,1555.0
910493,subject_difficulty_screen,167.1,108.5,1554.0
910494,subject_difficulty_screen,167.4,108.4,1552.0
910495,subject_difficulty_screen,167.5,108.4,1551.0
910496,subject_difficulty_screen,167.5,108.5,1551.0
910497,subject_difficulty_screen,167.5,108.7,1551.0
910498,subject_difficulty_screen,167.5,109.0,1551.0
910499,subject_difficulty_screen,167.4,109.2,1551.0
910500,subject_difficulty_screen,167.2,109.4,1551.0
910501,subject_difficulty_screen,167.0,109.3,1551.0
910502,subject_difficulty_screen,166.6,109.3,1551.0
910503,subject_difficulty_screen,166.3,109.2,1551.0
910504,subject_difficulty_screen,166.1,109.2,1552.0
910505,subject_difficulty_screen,166.0,109.1,1552.0
910506,subject_difficulty_screen,166.1,109.1,1552.0
910507,subject_difficulty_screen,166.1,109.0,1551.0
910508,subject_difficulty_screen,166.2,109.0,1551.0
910509,subject_difficulty_screen,166.1,109.0,1550.0
910510,subject_difficulty_screen,166.4,109.1,1548.0
910511,subject_difficulty_screen,166.7,109.3,1547.0
910512,subject_difficulty_screen,167.1,109.3,1545.0
910513,subject_difficulty_screen,167.1,109.2,1545.0
910514,subject_difficulty_screen,167.1,109.5,1545.0
910515,subject_difficulty_screen,166.8,109.8,1546.0
910516,subject_difficulty_screen,166.5,110.0,1548.0
910517,subject_difficulty_screen,166.2,109.6,1549.0
910518,subject_difficulty_screen,166.2,109.2,1551.0
910519,subject_difficulty_screen,166.2,108.9,1551.0
910520,subject_difficulty_screen,166.3,108.9,1551.0
910521,subject_difficulty_screen,166.4,108.9,1549.0
910522,subject_difficulty_screen,166.5,109.0,1547.0
910523,subject_difficulty_screen,166.5,109.0,1546.0
910524,subject_difficulty_screen,166.5,109.0,1547.0
910525,subject_difficulty_screen,166.5,109.1,1548.0
910526,subject_difficulty_screen,166.5,109.2,1549.0
910527,subject_difficulty_screen,166.4,109.3,1550.0
910528,subject_difficulty_screen,166.6,109.3,1550.0
910529,subject_difficulty_screen,166.9,109.3,1550.0
910530,subject_difficulty_screen,167.0,109.2,1550.0
910531,subject_difficulty_screen,166.8,109.1,1548.0
910532,subject_difficulty_screen,166.6,109.0,1546.0
910533,subject_difficulty_screen,166.5,109.1,1546.0
910534,subject_difficulty_screen,166.3,109.1,1546.0
910535,subject_difficulty_screen,166.1,109.4,1547.0
910536,subject_difficulty_screen,166.1,109.6,1547.0
910537,subject_difficulty_screen,166.1,109.5,1549.0
910538,subject_difficulty_screen,166.3,109.1,1552.0
910539,subject_difficulty_screen,166.4,108.6,1553.0
910540,subject_difficulty_screen,166.3,108.6,1552.0
910541,subject_difficulty_screen,166.2,108.6,1550.0
910542,subject_difficulty_screen,166.0,108.7,1549.0
910543,subject_difficulty_screen,166.1,108.7,1549.0
910544,subject_difficulty_screen,166.1,108.7,1549.0
910545,subject_difficulty_screen,166.2,108.8,1550.0
910546,subject_difficulty_screen,166.2,108.8,1551.0
910547,subject_difficulty_screen,166.1,108.8,1551.0
910548,subject_difficulty_screen,166.0,108.9,1551.0
910549,subject_difficulty_screen,166.1,108.9,1551.0
910550,subject_difficulty_screen,166.2,108.4,1550.0
910551,subject_difficulty_screen,166.2,107.9,1549.0
910552,subject_difficulty_screen,166.3,107.9,1546.0
910553,subject_difficulty_screen,166.4,108.4,1545.0
910554,subject_difficulty_screen,166.3,108.9,1544.0
910555,subject_difficulty_screen,165.9,108.9,1545.0
910556,subject_difficulty_screen,165.5,108.9,1545.0
910557,subject_difficulty_screen,165.3,108.9,1546.0
910558,subject_difficulty_screen,165.2,109.0,1547.0
910559,subject_difficulty_screen,165.0,109.0,1547.0
910560,subject_difficulty_screen,164.7,109.1,1547.0
910561,subject_difficulty_screen,164.4,109.4,1547.0
910562,subject_difficulty_screen,164.1,109.8,1545.0
910563,subject_difficulty_screen,163.7,110.4,1543.0
910564,subject_difficulty_screen,164.5,110.9,1543.0
910565,subject_difficulty_screen,166.4,111.3,1545.0
910566,subject_difficulty_screen,168.9,111.6,1548.0
910567,subject_difficulty_screen,171.1,111.5,1550.0
910568,subject_difficulty_screen,174.1,111.3,1552.0
910569,subject_difficulty_screen,178.6,111.1,1552.0
910570,subject_difficulty_screen,184.5,110.8,1551.0
910571,subject_difficulty_screen,192.0,110.6,1551.0
910572,subject_difficulty_screen,200.6,110.6,1550.0
910573,subject_difficulty_screen,208.7,110.5,1550.0
910574,subject_difficulty_screen,216.7,110.4,1551.0
910575,subject_difficulty_screen,224.2,110.2,1553.0
910576,subject_difficulty_screen,231.5,110.3,1553.0
910577,subject_difficulty_screen,237.1,110.4,1555.0
910578,subject_difficulty_screen,242.9,110.5,1557.0
910579,subject_difficulty_screen,248.1,110.4,1560.0
910580,subject_difficulty_screen,253.2,110.4,1561.0
910581,subject_difficulty_screen,256.4,110.4,1561.0
910582,subject_difficulty_screen,259.5,110.3,1560.0
910583,subject_difficulty_screen,261.8,110.3,1559.0
910584,subject_difficulty_screen,263.6,110.3,1557.0
910585,subject_difficulty_screen,265.0,110.3,1557.0
910586,subject_difficulty_screen,266.3,110.2,1555.0
910587,subject_difficulty_screen,267.5,109.9,1553.0
910588,subject_difficulty_screen,268.6,109.5,1551.0
910589,subject_difficulty_screen,269.6,109.3,1551.0
910590,subject_difficulty_screen,270.8,109.3,1552.0
910591,subject_difficulty_screen,272.1,109.2,1552.0
910592,subject_difficulty_screen,273.2,109.0,1552.0
910593,subject_difficulty_screen,273.8,108.9,1552.0
910594,subject_difficulty_screen,274.4,108.4,1553.0
910595,subject_difficulty_screen,275.0,107.9,1554.0
910596,subject_difficulty_screen,275.5,107.6,1554.0
910597,subject_difficulty_screen,275.6,107.9,1555.0
910598,subject_difficulty_screen,275.8,108.2,1555.0
910599,subject_difficulty_screen,275.9,108.7,1555.0
910600,subject_difficulty_screen,276.1,109.2,1553.0
910601,subject_difficulty_screen,276.3,109.7,1552.0
910602,subject_difficulty_screen,276.6,109.9,1552.0
910603,subject_difficulty_screen,276.8,110.4,1552.0
910604,subject_difficulty_screen,276.8,111.0,1551.0
910605,subject_difficulty_screen,276.7,111.4,1550.0
910606,subject_difficulty_screen,276.6,111.3,1549.0
910607,subject_difficulty_screen,276.5,111.2,1550.0
910608,subject_difficulty_screen,276.9,111.2,1551.0
910609,subject_difficulty_screen,277.3,111.1,1552.0
910610,subject_difficulty_screen,277.6,111.0,1552.0
910611,subject_difficulty_screen,277.6,110.9,1552.0
910612,subject_difficulty_screen,277.7,110.8,1551.0
910613,subject_difficulty_screen,277.9,110.9,1549.0
910614,subject_difficulty_screen,278.0,110.9,1549.0
910615,subject_difficulty_screen,278.1,111.0,1549.0
910616,subject_difficulty_screen,278.0,111.2,1550.0
910617,subject_difficulty_screen,277.9,111.3,1552.0
910618,subject_difficulty_screen,277.9,111.4,1553.0
910619,subject_difficulty_screen,277.8,111.3,1552.0
910620,subject_difficulty_screen,277.9,111.3,1551.0
910621,subject_difficulty_screen,278.0,111.3,1551.0
910622,subject_difficulty_screen,278.4,111.3,1551.0
910623,subject_difficulty_screen,278.7,110.6,1550.0
910624,subject_difficulty_screen,279.0,110.0,1549.0
910625,subject_difficulty_screen,279.0,109.6,1550.0
910626,subject_difficulty_screen,279.0,109.8,1550.0
910627,subject_difficulty_screen,278.9,109.9,1551.0
910628,subject_difficulty_screen,278.9,110.3,1551.0
910629,subject_difficulty_screen,278.9,110.7,1549.0
910630,subject_difficulty_screen,278.8,111.1,1547.0
910631,subject_difficulty_screen,278.7,111.3,1546.0
910632,subject_difficulty_screen,278.7,111.3,1545.0
910633,subject_difficulty_screen,278.7,111.3,1544.0
910634,subject_difficulty_screen,278.7,111.4,1544.0
910635,subject_difficulty_screen,278.6,111.4,1545.0
910636,subject_difficulty_screen,278.6,111.4,1546.0
910637,subject_difficulty_screen,278.7,111.0,1548.0
910638,subject_difficulty_screen,278.9,110.6,1548.0
910639,subject_difficulty_screen,278.9,110.2,1549.0
910640,subject_difficulty_screen,278.8,110.2,1548.0
910641,subject_difficulty_screen,278.4,110.6,1548.0
910642,subject_difficulty_screen,278.0,110.9,1547.0
910643,subject_difficulty_screen,277.7,111.0,1547.0
910644,subject_difficulty_screen,277.8,110.5,1546.0
910645,subject_difficulty_screen,277.8,110.0,1546.0
910646,subject_difficulty_screen,277.7,110.3,1547.0
910647,subject_difficulty_screen,277.5,110.7,1547.0
910648,subject_difficulty_screen,277.4,111.1,1547.0
910649,subject_difficulty_screen,277.3,111.0,1546.0
910650,subject_difficulty_screen,277.4,110.7,1546.0
910651,subject_difficulty_screen,277.5,110.4,1547.0
910652,subject_difficulty_screen,277.6,110.2,1547.0
910653,subject_difficulty_screen,277.7,110.3,1547.0
910654,subject_difficulty_screen,277.6,110.3,1547.0
910655,subject_difficulty_screen,277.5,110.4,1547.0
910656,subject_difficulty_screen,277.5,110.4,1548.0
910657,subject_difficulty_screen,277.5,110.5,1550.0
910658,subject_difficulty_screen,277.5,110.5,1549.0
910659,subject_difficulty_screen,277.5,110.6,1547.0
910660,subject_difficulty_screen,277.5,110.7,1546.0
910661,subject_difficulty_screen,277.5,110.9,1546.0
910662,subject_difficulty_screen,277.6,111.1,1547.0
910663,subject_difficulty_screen,277.6,111.1,1547.0
910664,subject_difficulty_screen,277.5,111.1,1547.0
910665,subject_difficulty_screen,277.4,111.1,1546.0
910666,subject_difficulty_screen,277.4,111.1,1547.0
910667,subject_difficulty_screen,277.2,111.3,1547.0
910668,subject_difficulty_screen,277.1,111.5,1547.0
910669,subject_difficulty_screen,277.0,111.5,1547.0
910670,subject_difficulty_screen,277.1,111.4,1547.0
910671,subject_difficulty_screen,277.2,111.2,1548.0
910672,subject_difficulty_screen,277.3,111.1,1548.0
910673,subject_difficulty_screen,277.3,111.1,1548.0
910674,subject_difficulty_screen,277.2,111.1,1549.0
910675,subject_difficulty_screen,277.1,111.1,1550.0
910676,subject_difficulty_screen,277.0,111.3,1551.0
910677,subject_difficulty_screen,277.0,111.5,1553.0
910678,subject_difficulty_screen,276.9,111.7,1553.0
910679,subject_difficulty_screen,276.9,111.8,1553.0
910680,subject_difficulty_screen,276.7,112.0,1553.0
910681,subject_difficulty_screen,276.6,112.2,1553.0
910682,subject_difficulty_screen,276.5,112.3,1553.0
910683,subject_difficulty_screen,276.5,112.3,1553.0
910684,subject_difficulty_screen,276.4,112.6,1554.0
910685,subject_difficulty_screen,276.4,113.0,1554.0
910686,subject_difficulty_screen,276.8,113.4,1554.0
910687,subject_difficulty_screen,277.3,113.4,1554.0
910688,subject_difficulty_screen,277.4,113.4,1553.0
910689,subject_difficulty_screen,277.1,113.3,1554.0
910690,subject_difficulty_screen,276.8,113.2,1554.0
910691,subject_difficulty_screen,276.7,112.8,1554.0
910692,subject_difficulty_screen,276.7,112.5,1553.0
910693,subject_difficulty_screen,276.7,112.3,1553.0
910694,subject_difficulty_screen,276.6,112.3,1554.0
910695,subject_difficulty_screen,276.4,112.4,1555.0
910696,subject_difficulty_screen,276.3,112.6,1557.0
910697,subject_difficulty_screen,276.2,112.8,1560.0
910698,subject_difficulty_screen,276.4,112.9,1560.0
910699,subject_difficulty_screen,276.5,112.9,1559.0
910700,subject_difficulty_screen,276.7,113.0,1558.0
910701,subject_difficulty_screen,276.8,113.0,1556.0
910702,subject_difficulty_screen,276.8,113.1,1556.0
910703,subject_difficulty_screen,276.8,113.2,1556.0
910704,subject_difficulty_screen,276.9,113.2,1556.0
910705,subject_difficulty_screen,276.9,113.2,1557.0
910706,subject_difficulty_screen,276.9,113.2,1558.0
910707,subject_difficulty_screen,276.7,113.1,1560.0
910708,subject_difficulty_screen,276.6,113.2,1560.0
910709,subject_difficulty_screen,276.6,113.2,1559.0
910710,subject_difficulty_screen,276.4,113.2,1558.0
910711,subject_difficulty_screen,276.1,113.1,1557.0
910712,subject_difficulty_screen,275.9,112.9,1557.0
910713,subject_difficulty_screen,275.8,112.7,1558.0
910714,subject_difficulty_screen,275.8,112.6,1558.0
910715,subject_difficulty_screen,275.8,112.7,1559.0
910716,subject_difficulty_screen,276.0,112.6,1560.0
910717,subject_difficulty_screen,276.1,112.5,1561.0
910718,subject_difficulty_screen,276.3,112.5,1561.0
910719,subject_difficulty_screen,276.3,112.5,1561.0
910720,subject_difficulty_screen,276.4,112.5,1561.0
910721,subject_difficulty_screen,276.3,112.6,1561.0
910722,subject_difficulty_screen,276.2,112.8,1562.0
910723,subject_difficulty_screen,276.1,112.9,1562.0
910724,subject_difficulty_screen,276.1,112.9,1563.0
910725,subject_difficulty_screen,275.9,112.9,1565.0
910726,subject_difficulty_screen,275.7,112.8,1566.0
910727,subject_difficulty_screen,275.6,112.7,1567.0
910728,subject_difficulty_screen,275.6,112.4,1567.0
910729,subject_difficulty_screen,275.7,112.1,1567.0
910730,subject_difficulty_screen,275.7,112.0,1567.0
910731,subject_difficulty_screen,275.7,112.0,1567.0
910732,subject_difficulty_screen,275.8,112.2,1567.0
910733,subject_difficulty_screen,276.0,112.5,1567.0
910734,subject_difficulty_screen,276.0,112.8,1567.0
910735,subject_difficulty_screen,275.9,113.3,1567.0
910736,subject_difficulty_screen,275.9,113.8,1568.0
910737,subject_difficulty_screen,276.0,113.4,1568.0
910738,subject_difficulty_screen,276.2,112.7,1568.0
910739,subject_difficulty_screen,276.3,112.3,1568.0
910740,subject_difficulty_screen,276.3,112.5,1569.0
910741,subject_difficulty_screen,275.9,112.8,1570.0
910742,subject_difficulty_screen,275.5,112.9,1570.0
910743,subject_difficulty_screen,275.1,112.6,1570.0
910744,subject_difficulty_screen,275.0,112.3,1571.0
910745,subject_difficulty_screen,274.9,112.2,1571.0
910746,subject_difficulty_screen,274.8,112.4,1572.0
910747,subject_difficulty_screen,274.8,112.6,1572.0
910748,subject_difficulty_screen,274.6,112.9,1573.0
910749,subject_difficulty_screen,274.5,113.0,1573.0
910750,subject_difficulty_screen,274.4,112.6,1574.0
910751,subject_difficulty_screen,274.5,112.1,1575.0
910752,subject_difficulty_screen,274.5,112.0,1574.0
910753,subject_difficulty_screen,274.4,112.4,1572.0
910754,subject_difficulty_screen,274.3,112.8,1570.0
910755,subject_difficulty_screen,274.3,112.9,1571.0
910756,subject_difficulty_screen,274.2,113.0,1572.0
910757,subject_difficulty_screen,274.0,113.0,1573.0
910758,subject_difficulty_screen,273.7,113.0,1573.0
910759,subject_difficulty_screen,273.9,113.0,1573.0
910760,subject_difficulty_screen,274.1,112.9,1573.0
910761,subject_difficulty_screen,274.3,112.8,1573.0
910762,subject_difficulty_screen,274.3,112.9,1573.0
910763,subject_difficulty_screen,274.2,113.7,1572.0
910764,subject_difficulty_screen,274.0,114.4,1571.0
910765,subject_difficulty_screen,274.0,114.9,1570.0
910766,subject_difficulty_screen,274.2,114.8,1571.0
910767,subject_difficulty_screen,274.3,114.7,1572.0
910768,subject_difficulty_screen,274.2,114.7,1573.0
910769,subject_difficulty_screen,274.1,114.8,1574.0
910770,subject_difficulty_screen,274.0,114.9,1574.0
910771,subject_difficulty_screen,273.9,115.0,1574.0
910772,subject_difficulty_screen,274.0,114.9,1574.0
910773,subject_difficulty_screen,274.1,114.8,1574.0
910774,subject_difficulty_screen,274.3,114.8,1574.0
910775,subject_difficulty_screen,274.2,114.7,1575.0
910776,subject_difficulty_screen,274.1,114.7,1576.0
910777,subject_difficulty_screen,274.0,114.6,1577.0
910778,subject_difficulty_screen,273.9,114.6,1577.0
910779,subject_difficulty_screen,273.7,114.5,1576.0
910780,subject_difficulty_screen,273.5,114.4,1575.0
910781,subject_difficulty_screen,273.5,114.4,1574.0
910782,subject_difficulty_screen,273.5,114.5,1573.0
910783,subject_difficulty_screen,273.6,114.5,1573.0
910784,subject_difficulty_screen,273.6,114.3,1573.0
910785,subject_difficulty_screen,273.6,114.1,1574.0
910786,subject_difficulty_screen,273.6,114.4,1575.0
910787,subject_difficulty_screen,273.6,115.0,1576.0
910788,subject_difficulty_screen,273.6,115.3,1576.0
910789,subject_difficulty_screen,273.7,114.9,1576.0
910790,subject_difficulty_screen,273.8,114.4,1576.0
910791,subject_difficulty_screen,273.8,114.2,1576.0
910792,subject_difficulty_screen,273.5,114.0,1576.0
910793,subject_difficulty_screen,273.3,113.9,1577.0
910794,subject_difficulty_screen,273.0,113.8,1577.0
910795,subject_difficulty_screen,272.8,113.9,1576.0
910796,subject_difficulty_screen,272.6,113.9,1576.0
910797,subject_difficulty_screen,272.5,113.9,1578.0
910798,subject_difficulty_screen,272.5,113.9,1580.0
910799,subject_difficulty_screen,272.5,113.9,1582.0
910800,subject_difficulty_screen,272.6,113.9,1583.0
910801,subject_difficulty_screen,272.6,114.0,1582.0
910802,subject_difficulty_screen,272.6,114.2,1581.0
910803,subject_difficulty_screen,273.2,114.3,1581.0
910804,subject_difficulty_screen,273.8,113.9,1582.0
910805,subject_difficulty_screen,274.7,113.5,1584.0
910806,subject_difficulty_screen,276.2,113.2,1585.0
910807,subject_difficulty_screen,278.7,112.8,1585.0
910808,subject_difficulty_screen,282.5,112.6,1587.0
910809,subject_difficulty_screen,287.1,112.4,1588.0
910810,subject_difficulty_screen,292.6,112.2,1591.0
910811,subject_difficulty_screen,299.2,111.5,1592.0
910812,subject_difficulty_screen,306.9,110.9,1593.0
910813,subject_difficulty_screen,315.2,110.4,1594.0
910814,subject_difficulty_screen,323.5,110.4,1596.0
910815,subject_difficulty_screen,330.9,110.2,1599.0
910816,subject_difficulty_screen,339.5,110.0,1602.0
910817,subject_difficulty_screen,348.3,109.5,1606.0
910818,subject_difficulty_screen,356.5,109.0,1609.0
910819,subject_difficulty_screen,362.9,108.4,1611.0
910820,subject_difficulty_screen,369.3,107.8,1611.0
910821,subject_difficulty_screen,375.6,107.4,1610.0
910822,subject_difficulty_screen,381.0,107.5,1610.0
910823,subject_difficulty_screen,384.7,107.6,1611.0
910824,subject_difficulty_screen,387.5,107.5,1612.0
910825,subject_difficulty_screen,389.5,107.1,1613.0
910826,subject_difficulty_screen,390.5,106.6,1613.0
910827,subject_difficulty_screen,390.8,106.3,1612.0
910828,subject_difficulty_screen,391.3,106.1,1609.0
910829,subject_difficulty_screen,392.0,106.1,1606.0
910830,subject_difficulty_screen,392.5,106.2,1604.0
910831,subject_difficulty_screen,392.9,106.2,1605.0
910832,subject_difficulty_screen,393.8,106.2,1606.0
910833,subject_difficulty_screen,394.6,106.2,1607.0
910834,subject_difficulty_screen,395.4,106.1,1607.0
910835,subject_difficulty_screen,395.7,106.2,1607.0
910836,subject_difficulty_screen,395.9,106.4,1607.0
910837,subject_difficulty_screen,396.4,106.9,1607.0
910838,subject_difficulty_screen,396.7,107.1,1610.0
910839,subject_difficulty_screen,397.3,107.3,1611.0
910840,subject_difficulty_screen,397.6,107.3,1613.0
910841,subject_difficulty_screen,398.0,107.3,1612.0
910842,subject_difficulty_screen,398.1,107.3,1612.0
910843,subject_difficulty_screen,398.0,107.3,1612.0
910844,subject_difficulty_screen,397.9,107.3,1612.0
910845,subject_difficulty_screen,397.7,107.3,1614.0
910846,subject_difficulty_screen,398.0,107.1,1616.0
910847,subject_difficulty_screen,398.3,107.0,1618.0
910848,subject_difficulty_screen,398.5,106.9,1618.0
910849,subject_difficulty_screen,398.3,107.2,1617.0
910850,subject_difficulty_screen,398.2,107.4,1617.0
910851,subject_difficulty_screen,398.0,107.6,1614.0
910852,subject_difficulty_screen,397.9,108.1,1612.0
910853,subject_difficulty_screen,397.8,108.5,1613.0
910854,subject_difficulty_screen,397.8,108.9,1615.0
910855,subject_difficulty_screen,397.8,109.1,1618.0
910856,subject_difficulty_screen,397.9,109.2,1619.0
910857,subject_difficulty_screen,398.0,109.4,1621.0
910858,subject_difficulty_screen,398.1,109.4,1621.0
910859,subject_difficulty_screen,398.0,109.4,1619.0
910860,subject_difficulty_screen,398.0,109.2,1617.0
910861,subject_difficulty_screen,398.1,109.0,1617.0
910862,subject_difficulty_screen,398.1,108.8,1618.0
910863,subject_difficulty_screen,398.0,108.7,1619.0
910864,subject_difficulty_screen,398.2,108.6,1620.0
910865,subject_difficulty_screen,398.7,108.5,1620.0
910866,subject_difficulty_screen,399.5,108.5,1621.0
910867,subject_difficulty_screen,400.1,108.4,1622.0
910868,subject_difficulty_screen,400.3,108.4,1624.0
910869,subject_difficulty_screen,400.3,108.3,1624.0
910870,subject_difficulty_screen,400.2,108.6,1623.0
910871,subject_difficulty_screen,400.1,108.8,1621.0
910872,subject_difficulty_screen,400.0,109.4,1617.0
910873,subject_difficulty_screen,399.9,109.6,1614.0
910874,subject_difficulty_screen,399.8,109.9,1614.0
910875,subject_difficulty_screen,399.9,109.8,1617.0
910876,subject_difficulty_screen,400.0,109.5,1619.0
910877,subject_difficulty_screen,400.2,109.3,1620.0
910878,subject_difficulty_screen,400.3,109.1,1620.0
910879,subject_difficulty_screen,400.1,109.4,1619.0
910880,subject_difficulty_screen,399.9,109.7,1617.0
910881,subject_difficulty_screen,399.6,110.0,1616.0
910882,subject_difficulty_screen,399.5,109.9,1616.0
910883,subject_difficulty_screen,399.2,109.7,1615.0
910884,subject_difficulty_screen,398.6,109.5,1615.0
910885,subject_difficulty_screen,397.7,109.6,1616.0
910886,subject_difficulty_screen,396.9,109.7,1618.0
910887,subject_difficulty_screen,396.3,109.6,1619.0
910888,subject_difficulty_screen,396.1,109.4,1618.0
910889,subject_difficulty_screen,396.1,109.1,1618.0
910890,subject_difficulty_screen,396.2,109.1,1618.0
910891,subject_difficulty_screen,396.6,109.2,1617.0
910892,subject_difficulty_screen,396.9,109.3,1616.0
910893,subject_difficulty_screen,397.0,109.3,1615.0
910894,subject_difficulty_screen,397.0,109.8,1616.0
910895,subject_difficulty_screen,397.0,110.2,1618.0
910896,subject_difficulty_screen,397.4,110.5,1620.0
910897,subject_difficulty_screen,397.9,110.4,1623.0
910898,subject_difficulty_screen,398.4,110.3,1624.0
910899,subject_difficulty_screen,398.6,110.2,1625.0
910900,subject_difficulty_screen,398.7,110.3,1626.0
910901,subject_difficulty_screen,398.7,110.4,1626.0
910902,subject_difficulty_screen,398.7,110.6,1626.0
910903,subject_difficulty_screen,399.0,110.6,1626.0
910904,subject_difficulty_screen,399.4,110.6,1627.0
910905,subject_difficulty_screen,399.9,110.4,1627.0
910906,subject_difficulty_screen,400.0,110.4,1628.0
910907,subject_difficulty_screen,399.8,110.1,1627.0
910908,subject_difficulty_screen,399.6,109.9,1627.0
910909,subject_difficulty_screen,399.5,109.7,1627.0
910910,subject_difficulty_screen,399.0,109.3,1626.0
910911,subject_difficulty_screen,398.5,109.0,1626.0
910912,subject_difficulty_screen,397.9,109.1,1626.0
910913,subject_difficulty_screen,397.4,109.5,1626.0
910914,subject_difficulty_screen,396.5,109.8,1627.0
910915,subject_difficulty_screen,395.6,109.7,1627.0
910916,subject_difficulty_screen,395.4,109.8,1628.0
910917,subject_difficulty_screen,395.7,110.1,1629.0
910918,subject_difficulty_screen,396.0,110.3,1630.0
910919,subject_difficulty_screen,396.1,110.3,1630.0
910920,subject_difficulty_screen,396.2,110.3,1630.0
910921,subject_difficulty_screen,396.4,110.4,1629.0
910922,subject_difficulty_screen,396.5,110.9,1628.0
910923,subject_difficulty_screen,396.5,111.2,1627.0
910924,subject_difficulty_screen,396.4,111.7,1629.0
910925,subject_difficulty_screen,396.7,111.9,1631.0
910926,subject_difficulty_screen,397.2,112.1,1633.0
910927,subject_difficulty_screen,397.8,112.2,1634.0
910928,subject_difficulty_screen,398.0,112.5,1635.0
910929,subject_difficulty_screen,397.8,112.7,1635.0
910930,subject_difficulty_screen,397.6,112.9,1636.0
910931,subject_difficulty_screen,397.4,113.0,1636.0
910932,subject_difficulty_screen,397.3,112.9,1635.0
910933,subject_difficulty_screen,397.3,112.6,1634.0
910934,subject_difficulty_screen,397.3,112.2,1634.0
910935,subject_difficulty_screen,397.4,111.9,1633.0
910936,subject_difficulty_screen,397.6,112.1,1633.0
910937,subject_difficulty_screen,397.7,112.4,1633.0
910938,subject_difficulty_screen,397.7,112.5,1633.0
910939,subject_difficulty_screen,397.7,112.3,1633.0
910940,subject_difficulty_screen,397.9,112.2,1632.0
910941,subject_difficulty_screen,398.1,112.4,1631.0
910942,subject_difficulty_screen,398.3,112.6,1630.0
910943,subject_difficulty_screen,398.3,112.6,1631.0
910944,subject_difficulty_screen,398.4,112.4,1633.0
910945,subject_difficulty_screen,398.4,112.1,1635.0
910946,subject_difficulty_screen,398.2,111.8,1636.0
910947,subject_difficulty_screen,398.0,111.8,1636.0
910948,subject_difficulty_screen,397.7,111.8,1635.0
910949,subject_difficulty_screen,397.7,111.8,1635.0
910950,subject_difficulty_screen,397.7,111.8,1635.0
910951,subject_difficulty_screen,397.4,111.8,1637.0
910952,subject_difficulty_screen,397.1,111.5,1638.0
910953,subject_difficulty_screen,396.9,111.2,1640.0
910954,subject_difficulty_screen,396.8,111.0,1639.0
910955,subject_difficulty_screen,396.7,111.1,1638.0
910956,subject_difficulty_screen,396.7,111.1,1638.0
910957,subject_difficulty_screen,396.6,111.2,1639.0
910958,subject_difficulty_screen,396.6,111.3,1639.0
910959,subject_difficulty_screen,396.8,111.4,1640.0
910960,subject_difficulty_screen,397.0,111.4,1640.0
910961,subject_difficulty_screen,397.2,111.5,1639.0
910962,subject_difficulty_screen,397.0,111.5,1638.0
910963,subject_difficulty_screen,396.5,111.5,1637.0
910964,subject_difficulty_screen,396.1,111.4,1637.0
910965,subject_difficulty_screen,396.0,111.4,1638.0
910966,subject_difficulty_screen,396.0,111.4,1639.0
910967,subject_difficulty_screen,395.9,111.5,1639.0
910968,subject_difficulty_screen,395.9,111.5,1639.0
910969,subject_difficulty_screen,395.8,111.5,1640.0
910970,subject_difficulty_screen,395.9,111.5,1640.0
910971,subject_difficulty_screen,395.9,111.5,1641.0
910972,subject_difficulty_screen,396.1,111.8,1641.0
910973,subject_difficulty_screen,396.2,112.1,1640.0
910974,subject_difficulty_screen,396.4,112.5,1640.0
910975,subject_difficulty_screen,396.6,112.4,1640.0
910976,subject_difficulty_screen,396.6,112.4,1640.0
910977,subject_difficulty_screen,396.8,112.3,1641.0
910978,subject_difficulty_screen,396.9,112.1,1642.0
910979,subject_difficulty_screen,396.9,112.0,1642.0
910980,subject_difficulty_screen,396.9,112.1,1641.0
910981,subject_difficulty_screen,396.8,112.1,1640.0
910982,subject_difficulty_screen,396.4,112.0,1639.0
910983,subject_difficulty_screen,395.9,111.9,1639.0
910984,subject_difficulty_screen,395.5,111.7,1639.0
910985,subject_difficulty_screen,395.4,111.6,1639.0
910986,subject_difficulty_screen,395.4,111.5,1639.0
910987,subject_difficulty_screen,395.4,111.3,1640.0
910988,subject_difficulty_screen,395.4,111.1,1640.0
910989,subject_difficulty_screen,395.1,111.1,1641.0
910990,subject_difficulty_screen,394.7,111.3,1642.0
910991,subject_difficulty_screen,394.3,111.4,1640.0
910992,subject_difficulty_screen,394.5,111.6,1639.0
910993,subject_difficulty_screen,394.7,111.7,1637.0
910994,subject_difficulty_screen,394.8,111.8,1638.0
910995,subject_difficulty_screen,394.7,111.9,1640.0
910996,subject_difficulty_screen,394.6,112.0,1641.0
910997,subject_difficulty_screen,394.6,112.0,1640.0
910998,subject_difficulty_screen,394.4,112.1,1639.0
910999,subject_difficulty_screen,394.2,112.1,1638.0
911000,subject_difficulty_screen,394.0,112.1,1639.0
911001,subject_difficulty_screen,394.1,112.5,1638.0
911002,subject_difficulty_screen,394.0,112.9,1637.0
911003,subject_difficulty_screen,394.0,113.4,1638.0
911004,subject_difficulty_screen,393.7,113.4,1641.0
911005,subject_difficulty_screen,393.4,113.5,1643.0
911006,subject_difficulty_screen,393.1,113.4,1643.0
911007,subject_difficulty_screen,393.1,113.5,1644.0
911008,subject_difficulty_screen,393.8,113.5,1645.0
911009,subject_difficulty_screen,394.8,114.0,1645.0
911010,subject_difficulty_screen,396.6,114.7,1646.0
911011,subject_difficulty_screen,398.8,115.4,1646.0
911012,subject_difficulty_screen,402.0,115.7,1646.0
911013,subject_difficulty_screen,405.5,115.9,1647.0
911014,subject_difficulty_screen,410.0,116.5,1648.0
911015,subject_difficulty_screen,416.4,117.1,1650.0
911016,subject_difficulty_screen,423.9,118.2,1650.0
911017,subject_difficulty_screen,432.5,119.3,1651.0
911018,subject_difficulty_screen,441.0,120.2,1652.0
911019,subject_difficulty_screen,449.2,120.8,1654.0
911020,subject_difficulty_screen,457.8,120.9,1656.0
911021,subject_difficulty_screen,466.0,121.6,1657.0
911022,subject_difficulty_screen,474.1,122.1,1659.0
911023,subject_difficulty_screen,481.9,122.5,1663.0
911024,subject_difficulty_screen,488.7,122.4,1666.0
911025,subject_difficulty_screen,495.0,122.1,1668.0
911026,subject_difficulty_screen,501.3,121.6,1667.0
911027,subject_difficulty_screen,507.7,120.9,1667.0
911028,subject_difficulty_screen,513.5,120.5,1667.0
911029,subject_difficulty_screen,516.9,120.6,1666.0
911030,subject_difficulty_screen,519.1,120.0,1664.0
911031,subject_difficulty_screen,520.8,119.2,1662.0
911032,subject_difficulty_screen,522.2,117.7,1660.0
911033,subject_difficulty_screen,523.3,117.1,1660.0
911034,subject_difficulty_screen,524.6,116.5,1660.0
911035,subject_difficulty_screen,526.2,116.7,1660.0
911036,subject_difficulty_screen,527.3,116.8,1659.0
911037,subject_difficulty_screen,528.8,116.8,1658.0
911038,subject_difficulty_screen,530.6,117.3,1657.0
911039,subject_difficulty_screen,532.4,118.2,1656.0
911040,subject_difficulty_screen,533.7,119.0,1656.0
911041,subject_difficulty_screen,534.3,119.5,1655.0
911042,subject_difficulty_screen,534.9,119.5,1655.0
911043,subject_difficulty_screen,535.1,119.6,1655.0
911044,subject_difficulty_screen,535.1,119.9,1654.0
911045,subject_difficulty_screen,534.8,120.2,1654.0
911046,subject_difficulty_screen,534.3,120.3,1654.0
911047,subject_difficulty_screen,533.9,120.0,1656.0
911048,subject_difficulty_screen,533.7,119.7,1658.0
911049,subject_difficulty_screen,533.6,119.6,1657.0
911050,subject_difficulty_screen,533.4,119.9,1655.0
911051,subject_difficulty_screen,533.2,120.1,1651.0
911052,subject_difficulty_screen,532.9,119.9,1650.0
911053,subject_difficulty_screen,532.6,119.7,1651.0
911054,subject_difficulty_screen,532.3,119.9,1652.0
911055,subject_difficulty_screen,532.3,120.2,1653.0
911056,subject_difficulty_screen,532.6,120.4,1652.0
911057,subject_difficulty_screen,532.9,120.4,1651.0
911058,subject_difficulty_screen,533.2,120.2,1651.0
911059,subject_difficulty_screen,533.2,119.9,1651.0
911060,subject_difficulty_screen,533.2,120.0,1650.0
911061,subject_difficulty_screen,533.2,120.3,1649.0
911062,subject_difficulty_screen,533.2,120.6,1649.0
911063,subject_difficulty_screen,533.2,120.6,1650.0
911064,subject_difficulty_screen,533.3,120.5,1650.0
911065,subject_difficulty_screen,533.5,120.5,1650.0
911066,subject_difficulty_screen,533.8,120.5,1650.0
911067,subject_difficulty_screen,533.7,120.5,1651.0
911068,subject_difficulty_screen,533.6,120.5,1652.0
911069,subject_difficulty_screen,533.5,120.6,1653.0
911070,subject_difficulty_screen,533.5,120.6,1654.0
911071,subject_difficulty_screen,533.5,120.5,1654.0
911072,subject_difficulty_screen,533.6,120.4,1654.0
911073,subject_difficulty_screen,533.6,120.3,1653.0
911074,subject_difficulty_screen,533.8,120.2,1653.0
911075,subject_difficulty_screen,534.0,120.2,1654.0
911076,subject_difficulty_screen,534.2,120.2,1652.0
911077,subject_difficulty_screen,534.1,120.3,1651.0
911078,subject_difficulty_screen,534.0,120.5,1649.0
911079,subject_difficulty_screen,533.9,120.7,1649.0
911080,subject_difficulty_screen,533.9,120.6,1650.0
911081,subject_difficulty_screen,533.9,120.2,1650.0
911082,subject_difficulty_screen,533.8,119.7,1651.0
911083,subject_difficulty_screen,533.7,119.7,1652.0
911084,subject_difficulty_screen,533.7,120.0,1651.0
911085,subject_difficulty_screen,533.5,120.3,1650.0
911086,subject_difficulty_screen,533.4,120.6,1649.0
911087,subject_difficulty_screen,533.2,120.7,1651.0
911088,subject_difficulty_screen,533.0,120.8,1652.0
911089,subject_difficulty_screen,532.8,121.1,1651.0
911090,subject_difficulty_screen,532.7,121.3,1649.0
911091,subject_difficulty_screen,532.4,121.3,1646.0
911092,subject_difficulty_screen,532.2,120.8,1645.0
911093,subject_difficulty_screen,532.3,120.4,1645.0
911094,subject_difficulty_screen,532.7,120.1,1645.0
911095,subject_difficulty_screen,533.1,120.1,1645.0
911096,subject_difficulty_screen,533.1,120.1,1647.0
911097,subject_difficulty_screen,533.2,119.9,1648.0
911098,subject_difficulty_screen,533.3,119.7,1648.0
911099,subject_difficulty_screen,533.6,119.5,1646.0
911100,subject_difficulty_screen,533.8,119.5,1644.0
911101,subject_difficulty_screen,533.9,119.7,1644.0
911102,subject_difficulty_screen,533.9,119.9,1644.0
911103,subject_difficulty_screen,534.0,120.1,1645.0
911104,subject_difficulty_screen,534.0,120.1,1647.0
911105,subject_difficulty_screen,533.9,120.4,1650.0
911106,subject_difficulty_screen,533.9,120.7,1652.0
911107,subject_difficulty_screen,534.0,121.0,1653.0
911108,subject_difficulty_screen,534.1,121.2,1652.0
911109,subject_difficulty_screen,534.1,121.3,1651.0
911110,subject_difficulty_screen,533.9,121.3,1652.0
911111,subject_difficulty_screen,534.2,121.3,1653.0
911112,subject_difficulty_screen,534.5,121.3,1654.0
911113,subject_difficulty_screen,534.8,121.4,1654.0
911114,subject_difficulty_screen,534.7,121.5,1655.0
911115,subject_difficulty_screen,534.7,121.6,1657.0
911116,subject_difficulty_screen,534.8,121.6,1658.0
911117,subject_difficulty_screen,534.8,121.5,1658.0
911118,subject_difficulty_screen,534.9,121.3,1658.0
911119,subject_difficulty_screen,534.9,121.3,1658.0
911120,subject_difficulty_screen,535.0,121.2,1659.0
911121,subject_difficulty_screen,535.1,121.2,1659.0
911122,subject_difficulty_screen,535.3,121.2,1660.0
911123,subject_difficulty_screen,535.4,121.2,1660.0
911124,subject_difficulty_screen,535.5,121.3,1660.0
911125,subject_difficulty_screen,535.7,121.3,1660.0
911126,subject_difficulty_screen,535.8,121.3,1660.0
911127,subject_difficulty_screen,535.7,121.3,1659.0
911128,subject_difficulty_screen,535.7,121.4,1658.0
911129,subject_difficulty_screen,535.7,121.4,1656.0
911130,subject_difficulty_screen,535.6,121.3,1656.0
911131,subject_difficulty_screen,535.5,121.2,1658.0
911132,subject_difficulty_screen,535.5,121.1,1659.0
911133,subject_difficulty_screen,535.5,121.4,1659.0
911134,subject_difficulty_screen,535.5,121.7,1658.0
911135,subject_difficulty_screen,535.6,121.9,1659.0
911136,subject_difficulty_screen,535.8,121.9,1660.0
911137,subject_difficulty_screen,535.6,121.9,1662.0
911138,subject_difficulty_screen,535.3,121.9,1663.0
911139,subject_difficulty_screen,534.8,122.1,1661.0
911140,subject_difficulty_screen,534.3,122.3,1658.0
911141,subject_difficulty_screen,533.9,122.7,1655.0
911142,subject_difficulty_screen,533.7,123.1,1656.0
911143,subject_difficulty_screen,533.8,123.3,1657.0
911144,subject_difficulty_screen,534.0,123.3,1657.0
911145,subject_difficulty_screen,534.2,123.3,1657.0
911146,subject_difficulty_screen,534.5,123.4,1659.0
911147,subject_difficulty_screen,534.7,123.6,1660.0
911148,subject_difficulty_screen,534.8,123.9,1661.0
911149,subject_difficulty_screen,534.5,124.1,1661.0
911150,subject_difficulty_screen,534.3,124.2,1660.0
911151,subject_difficulty_screen,534.2,124.2,1660.0
911152,subject_difficulty_screen,534.2,124.2,1660.0
911153,subject_difficulty_screen,533.9,124.2,1660.0
911154,subject_difficulty_screen,533.7,124.4,1660.0
911155,subject_difficulty_screen,533.7,124.4,1660.0
911156,subject_difficulty_screen,534.0,124.1,1660.0
911157,subject_difficulty_screen,534.3,123.6,1660.0
911158,subject_difficulty_screen,534.3,123.2,1662.0
911159,subject_difficulty_screen,534.3,123.2,1663.0
911160,subject_difficulty_screen,534.2,123.1,1664.0
911161,subject_difficulty_screen,534.0,123.0,1664.0
911162,subject_difficulty_screen,533.9,122.9,1664.0
911163,subject_difficulty_screen,534.0,122.6,1664.0
911164,subject_difficulty_screen,534.4,122.5,1665.0
911165,subject_difficulty_screen,534.8,122.4,1665.0
911166,subject_difficulty_screen,534.5,122.6,1666.0
911167,subject_difficulty_screen,533.9,122.7,1666.0
911168,subject_difficulty_screen,533.2,123.0,1666.0
911169,subject_difficulty_screen,533.3,123.2,1666.0
911170,subject_difficulty_screen,533.6,123.5,1666.0
911171,subject_difficulty_screen,534.0,123.7,1665.0
911172,subject_difficulty_screen,534.2,123.8,1664.0
911173,subject_difficulty_screen,534.3,123.9,1664.0
911174,subject_difficulty_screen,534.1,124.1,1665.0
911175,subject_difficulty_screen,533.7,124.3,1666.0
911176,subject_difficulty_screen,533.4,124.6,1667.0
911177,subject_difficulty_screen,533.5,124.0,1668.0
911178,subject_difficulty_screen,533.6,123.4,1667.0
911179,subject_difficulty_screen,533.7,123.1,1666.0
911180,subject_difficulty_screen,533.7,123.3,1666.0
911181,subject_difficulty_screen,533.7,123.6,1666.0
911182,subject_difficulty_screen,533.3,123.6,1666.0
911183,subject_difficulty_screen,532.9,123.6,1666.0
911184,subject_difficulty_screen,532.7,123.9,1665.0
911185,subject_difficulty_screen,532.9,124.3,1665.0
911186,subject_difficulty_screen,533.1,124.8,1666.0
911187,subject_difficulty_screen,533.0,125.0,1667.0
911188,subject_difficulty_screen,533.0,125.3,1667.0
911189,subject_difficulty_screen,532.9,125.5,1667.0
911190,subject_difficulty_screen,532.9,125.7,1665.0
911191,subject_difficulty_screen,532.9,125.8,1663.0
911192,subject_difficulty_screen,533.0,126.0,1662.0
911193,subject_difficulty_screen,533.1,126.1,1661.0
911194,subject_difficulty_screen,533.2,126.2,1661.0
911195,subject_difficulty_screen,533.2,126.2,1662.0
911196,subject_difficulty_screen,533.1,126.2,1662.0
911197,subject_difficulty_screen,532.9,126.2,1662.0
911198,subject_difficulty_screen,532.6,126.2,1662.0
911199,subject_difficulty_screen,532.7,126.5,1664.0
911200,subject_difficulty_screen,532.8,126.9,1665.0
911201,subject_difficulty_screen,532.8,127.6,1665.0
911202,subject_difficulty_screen,532.5,128.1,1664.0
911203,subject_difficulty_screen,532.2,128.6,1664.0
911204,subject_difficulty_screen,532.4,128.6,1665.0
911205,subject_difficulty_screen,532.7,128.5,1666.0
911206,subject_difficulty_screen,533.0,128.3,1666.0
911207,subject_difficulty_screen,533.1,128.1,1667.0
911208,subject_difficulty_screen,533.4,127.7,1667.0
911209,subject_difficulty_screen,533.8,127.4,1668.0
911210,subject_difficulty_screen,534.1,127.1,1668.0
911211,subject_difficulty_screen,534.2,127.1,1668.0
911212,subject_difficulty_screen,534.2,127.1,1667.0
911213,subject_difficulty_screen,534.1,127.0,1666.0
911214,subject_difficulty_screen,533.7,126.7,1666.0
911215,subject_difficulty_screen,533.3,126.5,1665.0
911216,subject_difficulty_screen,533.5,126.4,1666.0
911217,subject_difficulty_screen,534.0,126.4,1667.0
911218,subject_difficulty_screen,534.4,126.3,1667.0
911219,subject_difficulty_screen,534.3,126.2,1667.0
911220,subject_difficulty_screen,534.0,126.0,1666.0
911221,subject_difficulty_screen,534.0,125.9,1665.0
911222,subject_difficulty_screen,533.8,125.8,1666.0
911223,subject_difficulty_screen,533.8,125.8,1668.0
911224,subject_difficulty_screen,533.6,125.9,1669.0
911225,subject_difficulty_screen,533.4,125.9,1670.0
911226,subject_difficulty_screen,533.2,125.9,1670.0
911227,subject_difficulty_screen,533.0,126.0,1669.0
911228,subject_difficulty_screen,532.9,126.0,1668.0
911229,subject_difficulty_screen,532.8,126.0,1667.0
911230,subject_difficulty_screen,532.8,126.0,1667.0
911231,subject_difficulty_screen,532.4,125.9,1667.0
911232,subject_difficulty_screen,531.3,125.7,1667.0
911233,subject_difficulty_screen,530.1,125.6,1666.0
911234,subject_difficulty_screen,530.1,125.6,1667.0
911235,subject_difficulty_screen,531.9,125.6,1669.0
911236,subject_difficulty_screen,536.4,125.1,1672.0
911237,subject_difficulty_screen,541.4,124.4,1673.0
911238,subject_difficulty_screen,546.5,124.1,1674.0
911239,subject_difficulty_screen,552.0,124.2,1675.0
911240,subject_difficulty_screen,559.1,124.7,1676.0
911241,subject_difficulty_screen,567.9,125.0,1678.0
911242,subject_difficulty_screen,576.7,125.6,1679.0
911243,subject_difficulty_screen,585.8,127.0,1680.0
911244,subject_difficulty_screen,595.4,128.4,1680.0
911245,subject_difficulty_screen,604.5,129.8,1683.0
911246,subject_difficulty_screen,612.8,130.0,1687.0
911247,subject_difficulty_screen,621.6,129.9,1690.0
911248,subject_difficulty_screen,630.3,129.7,1691.0
911249,subject_difficulty_screen,638.8,129.4,1692.0
911250,subject_difficulty_screen,645.4,129.2,1692.0
911251,subject_difficulty_screen,653.2,128.9,1692.0
911252,subject_difficulty_screen,660.6,128.3,1691.0
911253,subject_difficulty_screen,669.3,127.8,1690.0
911254,subject_difficulty_screen,675.6,127.2,1689.0
911255,subject_difficulty_screen,684.0,126.0,1688.0
911256,subject_difficulty_screen,691.3,124.3,1686.0
911257,subject_difficulty_screen,698.8,122.5,1683.0
911258,subject_difficulty_screen,704.5,121.5,1682.0
911259,subject_difficulty_screen,710.3,121.0,1681.0
911260,subject_difficulty_screen,714.6,120.7,1678.0
911261,subject_difficulty_screen,718.5,121.0,1674.0
911262,subject_difficulty_screen,721.2,121.5,1669.0
911263,subject_difficulty_screen,724.2,121.6,1668.0
911264,subject_difficulty_screen,725.8,121.2,1667.0
911265,subject_difficulty_screen,726.8,121.3,1667.0
911266,subject_difficulty_screen,727.2,121.7,1669.0
911267,subject_difficulty_screen,726.9,122.4,1671.0
911268,subject_difficulty_screen,725.6,123.0,1674.0
911269,subject_difficulty_screen,724.0,123.6,1676.0
911270,subject_difficulty_screen,723.0,124.1,1678.0
911271,subject_difficulty_screen,722.5,124.3,1680.0
911272,subject_difficulty_screen,722.5,124.2,1679.0
911273,subject_difficulty_screen,722.4,124.1,1678.0
911274,subject_difficulty_screen,722.4,123.8,1677.0
911275,subject_difficulty_screen,722.2,123.7,1678.0
911276,subject_difficulty_screen,722.1,123.3,1679.0
911277,subject_difficulty_screen,722.1,122.9,1679.0
911278,subject_difficulty_screen,722.4,122.6,1680.0
911279,subject_difficulty_screen,722.6,122.6,1680.0
911280,subject_difficulty_screen,722.8,122.5,1680.0
911281,subject_difficulty_screen,722.9,122.3,1680.0
911282,subject_difficulty_screen,723.2,122.1,1679.0
911283,subject_difficulty_screen,723.4,121.8,1677.0
911284,subject_difficulty_screen,723.9,121.6,1673.0
911285,subject_difficulty_screen,724.3,121.0,1670.0
911286,subject_difficulty_screen,724.7,120.5,1669.0
911287,subject_difficulty_screen,724.4,120.2,1671.0
911288,subject_difficulty_screen,724.0,120.2,1671.0
911289,subject_difficulty_screen,723.7,120.1,1670.0
911290,subject_difficulty_screen,723.9,119.8,1667.0
911291,subject_difficulty_screen,724.0,119.4,1664.0
911292,subject_difficulty_screen,724.1,119.1,1662.0
911293,subject_difficulty_screen,724.0,119.1,1662.0
911294,subject_difficulty_screen,724.0,119.1,1663.0
911295,subject_difficulty_screen,724.1,119.1,1666.0
911296,subject_difficulty_screen,724.0,119.1,1667.0
911297,subject_difficulty_screen,723.9,118.7,1667.0
911298,subject_difficulty_screen,723.7,118.3,1666.0
911299,subject_difficulty_screen,723.6,118.0,1663.0
911300,subject_difficulty_screen,723.6,117.8,1661.0
911301,subject_difficulty_screen,723.8,117.7,1659.0
911302,subject_difficulty_screen,724.0,118.2,1658.0
911303,subject_difficulty_screen,724.1,118.8,1660.0
911304,subject_difficulty_screen,724.5,119.4,1662.0
911305,subject_difficulty_screen,724.7,119.4,1664.0
911306,subject_difficulty_screen,725.0,119.3,1664.0
911307,subject_difficulty_screen,725.0,119.0,1664.0
911308,subject_difficulty_screen,725.4,118.8,1663.0
911309,subject_difficulty_screen,725.8,119.0,1663.0
911310,subject_difficulty_screen,726.1,119.5,1663.0
911311,subject_difficulty_screen,726.4,120.1,1663.0
911312,subject_difficulty_screen,726.8,120.3,1663.0
911313,subject_difficulty_screen,727.0,120.3,1664.0
911314,subject_difficulty_screen,726.6,120.5,1664.0
911315,subject_difficulty_screen,726.1,120.8,1664.0
911316,subject_difficulty_screen,726.1,121.0,1664.0
911317,subject_difficulty_screen,726.2,121.0,1663.0
911318,subject_difficulty_screen,726.3,121.0,1664.0
911319,subject_difficulty_screen,726.3,121.0,1664.0
911320,subject_difficulty_screen,726.1,121.1,1664.0
911321,subject_difficulty_screen,725.9,121.1,1663.0
911322,subject_difficulty_screen,725.9,121.0,1662.0
911323,subject_difficulty_screen,726.1,121.1,1661.0
911324,subject_difficulty_screen,726.2,121.2,1661.0
911325,subject_difficulty_screen,725.7,121.4,1662.0
911326,subject_difficulty_screen,725.2,121.4,1662.0
911327,subject_difficulty_screen,725.3,121.1,1662.0
911328,subject_difficulty_screen,725.8,120.6,1661.0
911329,subject_difficulty_screen,726.1,120.2,1661.0
911330,subject_difficulty_screen,725.6,120.1,1662.0
911331,subject_difficulty_screen,724.9,120.7,1660.0
911332,subject_difficulty_screen,724.6,121.2,1658.0
911333,subject_difficulty_screen,724.6,121.9,1657.0
911334,subject_difficulty_screen,724.5,122.0,1659.0
911335,subject_difficulty_screen,724.3,122.1,1660.0
911336,subject_difficulty_screen,724.2,121.9,1660.0
911337,subject_difficulty_screen,724.3,121.6,1659.0
911338,subject_difficulty_screen,724.5,121.4,1658.0
911339,subject_difficulty_screen,724.7,121.0,1658.0
911340,subject_difficulty_screen,724.8,120.8,1658.0
911341,subject_difficulty_screen,724.8,121.0,1659.0
911342,subject_difficulty_screen,724.7,121.4,1659.0
911343,subject_difficulty_screen,724.5,121.8,1659.0
911344,subject_difficulty_screen,724.4,121.8,1659.0
911345,subject_difficulty_screen,724.3,121.8,1660.0
911346,subject_difficulty_screen,724.4,121.7,1660.0
911347,subject_difficulty_screen,724.4,121.7,1659.0
911348,subject_difficulty_screen,724.6,121.8,1658.0
911349,subject_difficulty_screen,724.7,121.8,1657.0
911350,subject_difficulty_screen,724.9,121.7,1657.0
911351,subject_difficulty_screen,724.9,121.7,1657.0
911352,subject_difficulty_screen,724.9,121.8,1655.0
911353,subject_difficulty_screen,724.8,121.9,1654.0
911354,subject_difficulty_screen,724.6,122.0,1652.0
911355,subject_difficulty_screen,724.3,122.2,1652.0
911356,subject_difficulty_screen,724.2,122.4,1653.0
911357,subject_difficulty_screen,724.1,122.7,1655.0
911358,subject_difficulty_screen,724.1,122.9,1656.0
911359,subject_difficulty_screen,724.1,123.0,1655.0
911360,subject_difficulty_screen,724.2,123.0,1654.0
911361,subject_difficulty_screen,724.3,122.9,1653.0
911362,subject_difficulty_screen,724.4,122.9,1651.0
911363,subject_difficulty_screen,724.4,122.9,1650.0
911364,subject_difficulty_screen,724.5,122.9,1649.0
911365,subject_difficulty_screen,724.4,122.9,1649.0
911366,subject_difficulty_screen,724.3,122.8,1649.0
911367,subject_difficulty_screen,724.1,122.6,1649.0
911368,subject_difficulty_screen,724.3,122.5,1649.0
911369,subject_difficulty_screen,724.4,122.4,1648.0
911370,subject_difficulty_screen,724.5,122.3,1647.0
911371,subject_difficulty_screen,724.5,122.5,1647.0
911372,subject_difficulty_screen,724.6,122.7,1647.0
911373,subject_difficulty_screen,725.0,122.7,1648.0
911374,subject_difficulty_screen,725.5,122.6,1648.0
911375,subject_difficulty_screen,725.8,122.1,1649.0
911376,subject_difficulty_screen,725.8,121.6,1647.0
911377,subject_difficulty_screen,725.7,121.6,1646.0
911378,subject_difficulty_screen,725.6,122.0,1646.0
911379,subject_difficulty_screen,725.4,122.3,1647.0
911380,subject_difficulty_screen,725.2,122.2,1649.0
911381,subject_difficulty_screen,725.2,121.9,1649.0
911382,subject_difficulty_screen,725.2,121.2,1648.0
911383,subject_difficulty_screen,725.3,120.5,1647.0
911384,subject_difficulty_screen,725.7,120.1,1647.0
911385,subject_difficulty_screen,725.9,120.2,1647.0
911386,subject_difficulty_screen,725.9,120.4,1647.0
911387,subject_difficulty_screen,725.7,120.5,1647.0
911388,subject_difficulty_screen,725.5,120.5,1647.0
911389,subject_difficulty_screen,725.5,120.4,1647.0
911390,subject_difficulty_screen,725.6,120.3,1647.0
911391,subject_difficulty_screen,725.8,120.9,1647.0
911392,subject_difficulty_screen,726.0,121.6,1647.0
911393,subject_difficulty_screen,726.0,121.4,1648.0
911394,subject_difficulty_screen,725.8,120.5,1649.0
911395,subject_difficulty_screen,725.6,119.6,1648.0
911396,subject_difficulty_screen,725.6,119.5,1647.0
911397,subject_difficulty_screen,725.6,119.2,1647.0
911398,subject_difficulty_screen,725.6,118.9,1648.0
911399,subject_difficulty_screen,725.6,118.7,1648.0
911400,subject_difficulty_screen,725.6,118.6,1648.0
911401,subject_difficulty_screen,725.6,118.6,1648.0
911402,subject_difficulty_screen,725.6,118.5,1646.0
911403,subject_difficulty_screen,725.5,118.2,1645.0
911404,subject_difficulty_screen,725.4,117.9,1643.0
911405,subject_difficulty_screen,725.2,117.8,1643.0
911406,subject_difficulty_screen,725.2,117.9,1642.0
911407,subject_difficulty_screen,725.3,118.1,1643.0
911408,subject_difficulty_screen,725.6,118.1,1643.0
911409,subject_difficulty_screen,725.8,117.9,1642.0
911410,subject_difficulty_screen,725.7,117.8,1640.0
911411,subject_difficulty_screen,725.6,117.8,1641.0
911412,subject_difficulty_screen,725.6,117.8,1642.0
911413,subject_difficulty_screen,725.7,117.9,1644.0
911414,subject_difficulty_screen,725.8,117.9,1645.0
911415,subject_difficulty_screen,725.7,118.2,1647.0
911416,subject_difficulty_screen,725.5,118.5,1647.0
911417,subject_difficulty_screen,725.3,118.4,1646.0
911418,subject_difficulty_screen,725.5,118.1,1645.0
911419,subject_difficulty_screen,725.7,117.9,1645.0
911420,subject_difficulty_screen,726.0,118.0,1641.0
911421,subject_difficulty_screen,725.8,118.1,1638.0
911422,subject_difficulty_screen,725.5,118.1,1635.0
911423,subject_difficulty_screen,725.2,117.8,1636.0
911424,subject_difficulty_screen,725.1,117.5,1637.0
911425,subject_difficulty_screen,725.0,117.4,1637.0
911426,subject_difficulty_screen,724.9,117.6,1637.0
911427,subject_difficulty_screen,725.1,117.8,1637.0
911428,subject_difficulty_screen,725.1,117.9,1636.0
911429,subject_difficulty_screen,725.3,118.2,1636.0
911430,subject_difficulty_screen,725.3,118.4,1636.0
911431,subject_difficulty_screen,724.9,118.5,1635.0
911432,subject_difficulty_screen,724.4,118.4,1635.0
911433,subject_difficulty_screen,723.9,118.5,1634.0
911434,subject_difficulty_screen,723.9,118.9,1633.0
911435,subject_difficulty_screen,723.7,119.8,1633.0
911436,subject_difficulty_screen,723.7,120.5,1635.0
911437,subject_difficulty_screen,723.9,121.1,1638.0
911438,subject_difficulty_screen,724.4,120.9,1638.0
911439,subject_difficulty_screen,724.8,120.8,1636.0
911440,subject_difficulty_screen,725.0,120.8,1633.0
911441,subject_difficulty_screen,724.9,121.2,1633.0
911442,subject_difficulty_screen,724.8,121.5,1633.0
911443,subject_difficulty_screen,724.7,121.6,1634.0
911444,subject_difficulty_screen,724.6,121.3,1634.0
911445,subject_difficulty_screen,724.6,121.1,1635.0
911446,subject_difficulty_screen,725.0,121.4,1635.0
911447,subject_difficulty_screen,725.3,121.7,1635.0
911448,subject_difficulty_screen,725.5,122.0,1634.0
911449,subject_difficulty_screen,725.4,122.2,1634.0
911450,subject_difficulty_screen,725.4,122.3,1633.0
911451,subject_difficulty_screen,725.4,122.2,1633.0
911452,subject_difficulty_screen,725.5,121.9,1634.0
911453,subject_difficulty_screen,725.6,121.5,1632.0
911454,subject_difficulty_screen,725.7,121.2,1631.0
911455,subject_difficulty_screen,725.8,121.2,1630.0
911456,subject_difficulty_screen,725.8,121.3,1631.0
911457,subject_difficulty_screen,725.7,121.4,1632.0
911458,subject_difficulty_screen,725.5,121.4,1632.0
911459,subject_difficulty_screen,725.4,121.2,1631.0
911460,subject_difficulty_screen,725.4,121.0,1630.0
911461,subject_difficulty_screen,725.5,120.7,1629.0
911462,subject_difficulty_screen,725.5,120.7,1628.0
911463,subject_difficulty_screen,725.6,120.8,1627.0
911464,subject_difficulty_screen,725.9,120.9,1628.0
911465,subject_difficulty_screen,726.2,121.1,1629.0
911466,subject_difficulty_screen,726.5,121.4,1631.0
911467,subject_difficulty_screen,726.5,121.6,1633.0
911468,subject_difficulty_screen,726.5,121.6,1632.0
911469,subject_difficulty_screen,726.2,121.5,1632.0
911470,subject_difficulty_screen,725.9,121.5,1631.0
911471,subject_difficulty_screen,725.9,121.7,1630.0
911472,subject_difficulty_screen,726.2,121.9,1629.0
911473,subject_difficulty_screen,726.4,122.0,1628.0
911474,subject_difficulty_screen,726.4,122.0,1629.0
911475,subject_difficulty_screen,726.5,121.6,1630.0
911476,subject_difficulty_screen,726.7,121.2,1630.0
911477,subject_difficulty_screen,727.0,120.8,1629.0
911478,subject_difficulty_screen,727.1,120.9,1629.0
911479,subject_difficulty_screen,727.3,120.9,1630.0
911480,subject_difficulty_screen,727.3,121.0,1631.0
911481,subject_difficulty_screen,727.1,121.0,1631.0
911482,subject_difficulty_screen,726.9,121.1,1628.0
911483,subject_difficulty_screen,726.6,121.1,1625.0
911484,subject_difficulty_screen,726.6,121.1,1623.0
911485,subject_difficulty_screen,726.4,121.0,1623.0
911486,subject_difficulty_screen,726.4,120.9,1625.0
911487,subject_difficulty_screen,726.4,120.9,1627.0
911488,subject_difficulty_screen,726.5,120.9,1626.0
911489,subject_difficulty_screen,726.8,120.9,1626.0
911490,subject_difficulty_screen,726.9,120.8,1625.0
911491,subject_difficulty_screen,726.9,120.8,1624.0
911492,subject_difficulty_screen,726.6,120.8,1624.0
911493,subject_difficulty_screen,726.3,120.9,1625.0
911494,subject_difficulty_screen,725.7,121.0,1625.0
911495,subject_difficulty_screen,725.3,121.1,1625.0
911496,subject_difficulty_screen,725.0,121.0,1628.0
911497,subject_difficulty_screen,725.2,120.9,1631.0
911498,subject_difficulty_screen,726.1,120.7,1630.0
911499,subject_difficulty_screen,728.5,120.6,1628.0
911500,subject_difficulty_screen,732.5,120.4,1625.0
911501,subject_difficulty_screen,737.9,120.0,1625.0
911502,subject_difficulty_screen,743.5,120.2,1626.0
911503,subject_difficulty_screen,750.5,120.6,1627.0
911504,subject_difficulty_screen,758.4,120.9,1627.0
911505,subject_difficulty_screen,766.8,121.3,1629.0
911506,subject_difficulty_screen,775.6,121.4,1631.0
911507,subject_difficulty_screen,784.4,121.5,1632.0
911508,subject_difficulty_screen,794.6,120.9,1632.0
911509,subject_difficulty_screen,803.5,120.5,1632.0
911510,subject_difficulty_screen,813.0,120.6,1631.0
911511,subject_difficulty_screen,821.8,120.5,1628.0
911512,subject_difficulty_screen,831.3,120.2,1625.0
911513,subject_difficulty_screen,840.3,119.3,1623.0
911514,subject_difficulty_screen,846.8,118.9,1623.0
911515,subject_difficulty_screen,852.8,118.6,1623.0
911516,subject_difficulty_screen,857.9,118.5,1623.0
911517,subject_difficulty_screen,864.2,118.2,1621.0
911518,subject_difficulty_screen,869.8,117.8,1620.0
911519,subject_difficulty_screen,874.4,117.5,1616.0
911520,subject_difficulty_screen,878.0,117.2,1612.0
911521,subject_difficulty_screen,881.9,116.8,1608.0
911522,subject_difficulty_screen,886.5,115.5,1607.0
911523,subject_difficulty_screen,891.7,114.2,1607.0
911524,subject_difficulty_screen,895.6,112.9,1607.0
911525,subject_difficulty_screen,899.0,112.4,1607.0
911526,subject_difficulty_screen,901.6,112.0,1607.0
911527,subject_difficulty_screen,903.6,112.2,1604.0
911528,subject_difficulty_screen,904.8,113.1,1602.0
911529,subject_difficulty_screen,905.3,113.9,1600.0
911530,subject_difficulty_screen,905.7,114.4,1600.0
911531,subject_difficulty_screen,905.7,114.8,1601.0
911532,subject_difficulty_screen,905.6,115.4,1600.0
911533,subject_difficulty_screen,905.3,116.4,1600.0
911534,subject_difficulty_screen,905.0,116.7,1601.0
911535,subject_difficulty_screen,904.9,117.0,1601.0
911536,subject_difficulty_screen,905.0,117.0,1602.0
911537,subject_difficulty_screen,905.1,117.2,1604.0
911538,subject_difficulty_screen,905.1,117.3,1605.0
911539,subject_difficulty_screen,905.2,117.1,1604.0
911540,subject_difficulty_screen,905.6,116.6,1603.0
911541,subject_difficulty_screen,906.0,116.0,1602.0
911542,subject_difficulty_screen,906.3,115.6,1601.0
911543,subject_difficulty_screen,906.4,115.6,1601.0
911544,subject_difficulty_screen,906.7,115.5,1600.0
911545,subject_difficulty_screen,907.0,115.4,1600.0
911546,subject_difficulty_screen,907.4,115.3,1600.0
911547,subject_difficulty_screen,907.7,115.2,1601.0
911548,subject_difficulty_screen,908.0,115.2,1600.0
911549,subject_difficulty_screen,908.3,115.2,1599.0
911550,subject_difficulty_screen,908.8,115.1,1598.0
911551,subject_difficulty_screen,909.3,114.8,1596.0
911552,subject_difficulty_screen,909.9,114.4,1594.0
911553,subject_difficulty_screen,910.1,114.0,1592.0
911554,subject_difficulty_screen,910.4,113.8,1593.0
911555,subject_difficulty_screen,910.6,113.7,1595.0
911556,subject_difficulty_screen,910.9,113.6,1596.0
911557,subject_difficulty_screen,911.1,113.4,1595.0
911558,subject_difficulty_screen,910.9,113.3,1593.0
911559,subject_difficulty_screen,910.6,113.2,1592.0
911560,subject_difficulty_screen,910.4,113.3,1591.0
911561,subject_difficulty_screen,910.3,113.6,1591.0
911562,subject_difficulty_screen,910.3,113.9,1590.0
911563,subject_difficulty_screen,910.5,114.1,1589.0
911564,subject_difficulty_screen,910.7,114.1,1590.0
911565,subject_difficulty_screen,911.1,113.5,1593.0
911566,subject_difficulty_screen,911.3,112.8,1595.0
911567,subject_difficulty_screen,911.4,112.5,1594.0
911568,subject_difficulty_screen,911.9,112.7,1592.0
911569,subject_difficulty_screen,912.3,112.9,1589.0
911570,subject_difficulty_screen,912.8,112.8,1588.0
911571,subject_difficulty_screen,912.7,112.8,1587.0
911572,subject_difficulty_screen,912.5,113.0,1586.0
911573,subject_difficulty_screen,912.2,113.1,1587.0
911574,subject_difficulty_screen,912.1,113.2,1587.0
911575,subject_difficulty_screen,912.1,113.1,1588.0
911576,subject_difficulty_screen,912.2,113.0,1590.0
911577,subject_difficulty_screen,912.3,113.1,1592.0
911578,subject_difficulty_screen,912.4,113.3,1592.0
911579,subject_difficulty_screen,912.7,113.4,1592.0
911580,subject_difficulty_screen,913.0,113.5,1592.0
911581,subject_difficulty_screen,913.2,113.5,1589.0
911582,subject_difficulty_screen,913.2,113.5,1587.0
911583,subject_difficulty_screen,913.1,113.5,1585.0
911584,subject_difficulty_screen,913.0,113.5,1585.0
911585,subject_difficulty_screen,912.9,113.6,1586.0
911586,subject_difficulty_screen,913.0,113.6,1588.0
911587,subject_difficulty_screen,913.0,113.3,1589.0
911588,subject_difficulty_screen,912.8,113.1,1589.0
911589,subject_difficulty_screen,912.7,112.9,1589.0
911590,subject_difficulty_screen,912.7,112.9,1589.0
911591,subject_difficulty_screen,912.9,112.6,1589.0
911592,subject_difficulty_screen,913.0,112.4,1588.0
911593,subject_difficulty_screen,912.9,112.3,1589.0
911594,subject_difficulty_screen,912.8,112.4,1588.0
911595,subject_difficulty_screen,912.9,112.6,1588.0
911596,subject_difficulty_screen,912.8,112.6,1587.0
911597,subject_difficulty_screen,912.7,112.7,1587.0
911598,subject_difficulty_screen,912.6,112.8,1588.0
911599,subject_difficulty_screen,912.4,112.7,1589.0
911600,subject_difficulty_screen,912.3,112.5,1589.0
911601,subject_difficulty_screen,912.2,112.4,1589.0
911602,subject_difficulty_screen,912.1,112.5,1588.0
911603,subject_difficulty_screen,911.6,112.6,1586.0
911604,subject_difficulty_screen,911.2,112.6,1585.0
911605,subject_difficulty_screen,910.8,112.6,1586.0
911606,subject_difficulty_screen,910.9,113.1,1588.0
911607,subject_difficulty_screen,911.4,113.5,1590.0
911608,subject_difficulty_screen,911.9,113.6,1591.0
911609,subject_difficulty_screen,912.0,113.2,1590.0
911610,subject_difficulty_screen,911.9,112.8,1587.0
911611,subject_difficulty_screen,911.7,112.9,1585.0
911612,subject_difficulty_screen,911.9,112.9,1584.0
911613,subject_difficulty_screen,912.1,112.9,1585.0
911614,subject_difficulty_screen,912.0,113.0,1586.0
911615,subject_difficulty_screen,911.8,113.1,1586.0
911616,subject_difficulty_screen,911.5,113.3,1586.0
911617,subject_difficulty_screen,911.1,113.4,1585.0
911618,subject_difficulty_screen,910.8,113.6,1585.0
911619,subject_difficulty_screen,910.9,113.6,1585.0
911620,subject_difficulty_screen,911.3,113.3,1585.0
911621,subject_difficulty_screen,911.4,113.0,1587.0
911622,subject_difficulty_screen,911.0,113.0,1589.0
911623,subject_difficulty_screen,910.9,113.3,1590.0
911624,subject_difficulty_screen,911.2,113.6,1590.0
911625,subject_difficulty_screen,911.4,114.0,1590.0
911626,subject_difficulty_screen,911.1,114.4,1590.0
911627,subject_difficulty_screen,910.9,114.5,1588.0
911628,subject_difficulty_screen,910.8,114.2,1587.0
911629,subject_difficulty_screen,910.8,113.8,1585.0
911630,subject_difficulty_screen,910.8,113.6,1585.0
911631,subject_difficulty_screen,910.8,113.6,1585.0
911632,subject_difficulty_screen,910.9,113.7,1586.0
911633,subject_difficulty_screen,911.0,113.7,1586.0
911634,subject_difficulty_screen,911.1,113.4,1587.0
911635,subject_difficulty_screen,911.2,113.4,1586.0
911636,subject_difficulty_screen,911.1,113.5,1586.0
911637,subject_difficulty_screen,911.0,113.6,1588.0
911638,subject_difficulty_screen,911.1,113.5,1589.0
911639,subject_difficulty_screen,911.2,113.4,1590.0
911640,subject_difficulty_screen,911.2,113.4,1589.0
911641,subject_difficulty_screen,911.1,113.1,1588.0
911642,subject_difficulty_screen,911.0,112.8,1588.0
911643,subject_difficulty_screen,911.1,112.4,1587.0
911644,subject_difficulty_screen,911.2,112.7,1586.0
911645,subject_difficulty_screen,911.4,113.0,1586.0
911646,subject_difficulty_screen,911.5,113.2,1586.0
911647,subject_difficulty_screen,911.5,113.0,1587.0
911648,subject_difficulty_screen,911.4,112.6,1587.0
911649,subject_difficulty_screen,911.2,112.5,1587.0
911650,subject_difficulty_screen,911.0,112.5,1587.0
911651,subject_difficulty_screen,911.2,112.7,1587.0
911652,subject_difficulty_screen,911.5,112.9,1587.0
911653,subject_difficulty_screen,911.6,113.0,1588.0
911654,subject_difficulty_screen,911.4,112.8,1588.0
911655,subject_difficulty_screen,911.3,112.5,1588.0
911656,subject_difficulty_screen,911.3,112.6,1588.0
911657,subject_difficulty_screen,911.1,113.0,1588.0
911658,subject_difficulty_screen,911.1,113.1,1588.0
911659,subject_difficulty_screen,911.2,112.9,1588.0
911660,subject_difficulty_screen,911.4,112.6,1588.0
911661,subject_difficulty_screen,911.4,112.5,1589.0
911662,subject_difficulty_screen,911.3,112.6,1588.0
911663,subject_difficulty_screen,911.2,112.6,1587.0
911664,subject_difficulty_screen,911.1,112.6,1586.0
911665,subject_difficulty_screen,911.2,112.4,1586.0
911666,subject_difficulty_screen,911.1,112.6,1586.0
911667,subject_difficulty_screen,911.1,113.0,1587.0
911668,subject_difficulty_screen,910.8,113.3,1587.0
911669,subject_difficulty_screen,910.7,113.4,1586.0
911670,subject_difficulty_screen,910.5,113.4,1585.0
911671,subject_difficulty_screen,910.6,113.3,1584.0
911672,subject_difficulty_screen,910.6,113.2,1584.0
911673,subject_difficulty_screen,910.6,113.3,1583.0
911674,subject_difficulty_screen,910.7,113.4,1582.0
911675,subject_difficulty_screen,911.0,113.4,1582.0
911676,subject_difficulty_screen,911.3,113.1,1582.0
911677,subject_difficulty_screen,911.5,112.9,1583.0
911678,subject_difficulty_screen,911.7,113.4,1583.0
911679,subject_difficulty_screen,911.8,113.9,1584.0
911680,subject_difficulty_screen,911.8,114.4,1584.0
911681,subject_difficulty_screen,911.6,114.3,1584.0
911682,subject_difficulty_screen,911.5,114.3,1583.0
911683,subject_difficulty_screen,911.2,114.1,1583.0
911684,subject_difficulty_screen,911.0,113.8,1584.0
911685,subject_difficulty_screen,910.8,113.3,1584.0
911686,subject_difficulty_screen,910.9,112.9,1585.0
911687,subject_difficulty_screen,910.9,112.9,1585.0
911688,subject_difficulty_screen,910.7,113.2,1585.0
911689,subject_difficulty_screen,910.5,113.5,1584.0
911690,subject_difficulty_screen,910.6,113.4,1583.0
911691,subject_difficulty_screen,910.9,113.4,1581.0
911692,subject_difficulty_screen,911.1,113.3,1581.0
911693,subject_difficulty_screen,911.0,113.2,1581.0
911694,subject_difficulty_screen,910.8,113.1,1581.0
911695,subject_difficulty_screen,910.7,113.1,1581.0
911696,subject_difficulty_screen,910.3,113.3,1581.0
911697,subject_difficulty_screen,909.8,113.8,1581.0
911698,subject_difficulty_screen,909.5,114.3,1581.0
911699,subject_difficulty_screen,909.5,114.3,1582.0
911700,subject_difficulty_screen,909.6,113.8,1581.0
911701,subject_difficulty_screen,909.6,113.3,1579.0
911702,subject_difficulty_screen,909.5,113.1,1578.0
911703,subject_difficulty_screen,909.3,113.1,1578.0
911704,subject_difficulty_screen,909.0,113.3,1577.0
911705,subject_difficulty_screen,908.8,113.3,1577.0
911706,subject_difficulty_screen,908.8,113.2,1577.0
911707,subject_difficulty_screen,908.8,113.1,1577.0
911708,subject_difficulty_screen,908.8,113.3,1577.0
911709,subject_difficulty_screen,908.7,113.6,1577.0
911710,subject_difficulty_screen,908.7,113.9,1577.0
911711,subject_difficulty_screen,908.6,113.9,1576.0
911712,subject_difficulty_screen,908.6,113.8,1575.0
911713,subject_difficulty_screen,908.4,113.6,1574.0
911714,subject_difficulty_screen,908.4,113.4,1573.0
911715,subject_difficulty_screen,908.5,113.2,1573.0
911716,subject_difficulty_screen,908.8,113.4,1573.0
911717,subject_difficulty_screen,909.2,113.6,1573.0
911718,subject_difficulty_screen,909.5,113.8,1575.0
911719,subject_difficulty_screen,909.6,113.7,1577.0
911720,subject_difficulty_screen,909.7,113.8,1576.0
911721,subject_difficulty_screen,909.8,113.9,1575.0
911722,subject_difficulty_screen,909.9,114.3,1573.0
911723,subject_difficulty_screen,909.9,114.6,1573.0
911724,subject_difficulty_screen,910.1,115.1,1573.0
911725,subject_difficulty_screen,910.3,115.3,1575.0
911726,subject_difficulty_screen,910.5,115.4,1576.0
911727,subject_difficulty_screen,910.4,115.4,1577.0
911728,subject_difficulty_screen,910.7,115.3,1577.0
911729,subject_difficulty_screen,910.9,115.1,1574.0
911730,subject_difficulty_screen,911.2,114.9,1571.0
911731,subject_difficulty_screen,911.4,115.2,1570.0
911732,subject_difficulty_screen,911.6,115.6,1572.0
911733,subject_difficulty_screen,911.8,116.0,1574.0
911734,subject_difficulty_screen,911.8,116.1,1575.0
911735,subject_difficulty_screen,911.8,115.9,1574.0
911736,subject_difficulty_screen,911.7,115.8,1573.0
911737,subject_difficulty_screen,911.8,115.7,1573.0
911738,subject_difficulty_screen,912.0,115.6,1573.0
911739,subject_difficulty_screen,912.1,115.8,1575.0
911740,subject_difficulty_screen,912.3,115.9,1574.0
911741,subject_difficulty_screen,912.3,116.0,1573.0
911742,subject_difficulty_screen,912.4,116.0,1569.0
911743,subject_difficulty_screen,912.5,115.9,1568.0
911744,subject_difficulty_screen,912.6,115.9,1566.0
911745,subject_difficulty_screen,912.7,116.0,1567.0
911746,subject_difficulty_screen,912.8,116.4,1566.0
911747,subject_difficulty_screen,912.9,116.9,1566.0
911748,subject_difficulty_screen,912.9,117.1,1566.0
911749,subject_difficulty_screen,912.7,117.1,1567.0
911750,subject_difficulty_screen,912.6,117.4,1567.0
911751,subject_difficulty_screen,912.6,117.6,1566.0
911752,subject_difficulty_screen,912.3,117.8,1565.0
911753,subject_difficulty_screen,912.0,117.8,1564.0
911754,subject_difficulty_screen,911.7,117.6,1564.0
911755,subject_difficulty_screen,911.6,117.5,1565.0
911756,subject_difficulty_screen,911.5,117.3,1566.0
911757,subject_difficulty_screen,911.8,117.2,1566.0
911758,subject_difficulty_screen,913.1,117.9,1565.0
911759,subject_difficulty_screen,915.7,118.4,1563.0
911760,subject_difficulty_screen,920.0,118.6,1561.0
911761,subject_difficulty_screen,925.1,117.9,1562.0
911762,subject_difficulty_screen,931.7,117.6,1562.0
911763,subject_difficulty_screen,938.3,117.7,1563.0
911764,subject_difficulty_screen,945.1,118.4,1563.0
911765,subject_difficulty_screen,951.1,120.1,1564.0
911766,subject_difficulty_screen,957.9,121.6,1565.0
911767,subject_difficulty_screen,965.3,122.9,1566.0
911768,subject_difficulty_screen,973.0,122.7,1566.0
911769,subject_difficulty_screen,979.4,122.7,1566.0
911770,subject_difficulty_screen,985.7,122.0,1565.0
911771,subject_difficulty_screen,989.9,121.6,1564.0
911772,subject_difficulty_screen,993.3,121.3,1563.0
911773,subject_difficulty_screen,995.3,121.3,1562.0
911774,subject_difficulty_screen,997.1,121.2,1560.0
911775,subject_difficulty_screen,997.9,121.2,1559.0
911776,subject_difficulty_screen,998.3,121.2,1557.0
911777,subject_difficulty_screen,999.1,120.7,1557.0
911778,subject_difficulty_screen,1000.5,119.8,1555.0
911779,subject_difficulty_screen,1002.1,117.8,1553.0
911780,subject_difficulty_screen,1004.1,116.3,1553.0
911781,subject_difficulty_screen,1006.2,115.2,1555.0
911782,subject_difficulty_screen,1008.4,115.1,1556.0
911783,subject_difficulty_screen,1010.0,115.0,1556.0
911784,subject_difficulty_screen,1011.4,115.5,1555.0
911785,subject_difficulty_screen,1012.9,116.0,1555.0
911786,subject_difficulty_screen,1014.4,116.5,1556.0
911787,subject_difficulty_screen,1015.5,116.5,1556.0
911788,subject_difficulty_screen,1016.1,116.6,1553.0
911789,subject_difficulty_screen,1016.3,117.1,1550.0
911790,subject_difficulty_screen,1016.3,117.6,1548.0
911791,subject_difficulty_screen,1016.3,117.9,1548.0
911792,subject_difficulty_screen,1016.1,117.6,1548.0
911793,subject_difficulty_screen,1015.7,117.4,1548.0
911794,subject_difficulty_screen,1015.4,117.5,1549.0
911795,subject_difficulty_screen,1015.3,117.6,1549.0
911796,subject_difficulty_screen,1015.4,117.6,1549.0
911797,subject_difficulty_screen,1015.3,118.0,1550.0
911798,subject_difficulty_screen,1015.2,118.3,1550.0
911799,subject_difficulty_screen,1015.0,118.6,1550.0
911800,subject_difficulty_screen,1015.1,118.6,1551.0
911801,subject_difficulty_screen,1015.2,118.5,1551.0
911802,subject_difficulty_screen,1015.3,118.3,1552.0
911803,subject_difficulty_screen,1015.2,118.2,1551.0
911804,subject_difficulty_screen,1015.1,118.1,1550.0
911805,subject_difficulty_screen,1015.1,118.0,1549.0
911806,subject_difficulty_screen,1014.7,118.0,1550.0
911807,subject_difficulty_screen,1014.2,117.9,1551.0
911808,subject_difficulty_screen,1013.6,117.9,1552.0
911809,subject_difficulty_screen,1013.7,117.8,1553.0
911810,subject_difficulty_screen,1014.0,117.7,1552.0
911811,subject_difficulty_screen,1014.4,117.6,1551.0
911812,subject_difficulty_screen,1014.5,117.6,1549.0
911813,subject_difficulty_screen,1014.6,117.8,1548.0
911814,subject_difficulty_screen,1014.6,118.0,1549.0
911815,subject_difficulty_screen,1014.8,118.1,1549.0
911816,subject_difficulty_screen,1015.0,118.2,1548.0
911817,subject_difficulty_screen,1015.0,118.3,1547.0
911818,subject_difficulty_screen,1014.7,118.4,1546.0
911819,subject_difficulty_screen,1014.5,118.8,1546.0
911820,subject_difficulty_screen,1014.6,119.1,1547.0
911821,subject_difficulty_screen,1014.8,119.3,1548.0
911822,subject_difficulty_screen,1015.1,118.3,1548.0
911823,subject_difficulty_screen,1015.4,117.3,1548.0
911824,subject_difficulty_screen,1015.2,116.6,1548.0
911825,subject_difficulty_screen,1015.0,116.8,1548.0
911826,subject_difficulty_screen,1014.8,117.0,1548.0
911827,subject_difficulty_screen,1014.7,117.7,1548.0
911828,subject_difficulty_screen,1014.7,118.4,1548.0
911829,subject_difficulty_screen,1014.8,118.7,1548.0
911830,subject_difficulty_screen,1014.9,118.4,1547.0
911831,subject_difficulty_screen,1014.9,118.3,1546.0
911832,subject_difficulty_screen,1014.8,118.7,1546.0
911833,subject_difficulty_screen,1014.8,119.1,1547.0
911834,subject_difficulty_screen,1014.8,119.3,1549.0
911835,subject_difficulty_screen,1014.9,119.5,1550.0
911836,subject_difficulty_screen,1014.9,119.6,1550.0
911837,subject_difficulty_screen,1015.0,119.7,1550.0
911838,subject_difficulty_screen,1015.2,119.6,1550.0
911839,subject_difficulty_screen,1015.4,119.5,1549.0
911840,subject_difficulty_screen,1015.5,119.3,1548.0
911841,subject_difficulty_screen,1015.4,119.2,1548.0
911842,subject_difficulty_screen,1015.3,119.1,1548.0
911843,subject_difficulty_screen,1015.2,119.1,1549.0
911844,subject_difficulty_screen,1015.2,119.2,1552.0
911845,subject_difficulty_screen,1015.4,119.3,1554.0
911846,subject_difficulty_screen,1015.5,119.2,1552.0
911847,subject_difficulty_screen,1015.6,119.1,1550.0
911848,subject_difficulty_screen,1015.5,119.2,1548.0
911849,subject_difficulty_screen,1015.5,119.2,1548.0
911850,subject_difficulty_screen,1015.6,119.3,1548.0
911851,subject_difficulty_screen,1015.7,119.3,1548.0
911852,subject_difficulty_screen,1015.7,119.1,1547.0
911853,subject_difficulty_screen,1015.7,119.1,1547.0
911854,subject_difficulty_screen,1015.6,119.2,1547.0
911855,subject_difficulty_screen,1015.6,119.4,1548.0
911856,subject_difficulty_screen,1015.7,119.1,1549.0
911857,subject_difficulty_screen,1015.9,118.6,1549.0
911858,subject_difficulty_screen,1016.0,118.3,1549.0
911859,subject_difficulty_screen,1016.0,118.6,1549.0
911860,subject_difficulty_screen,1015.6,119.2,1548.0
911861,subject_difficulty_screen,1015.2,119.7,1547.0
911862,subject_difficulty_screen,1015.0,120.0,1547.0
911863,subject_difficulty_screen,1015.2,120.0,1546.0
911864,subject_difficulty_screen,1015.3,119.3,1546.0
911865,subject_difficulty_screen,1015.3,118.6,1546.0
911866,subject_difficulty_screen,1015.3,118.0,1549.0
911867,subject_difficulty_screen,1015.2,118.1,1551.0
911868,subject_difficulty_screen,1015.3,118.2,1551.0
911869,subject_difficulty_screen,1015.5,118.3,1548.0
911870,subject_difficulty_screen,1015.6,118.4,1546.0
911871,subject_difficulty_screen,1015.7,118.4,1546.0
911872,subject_difficulty_screen,1015.7,117.9,1546.0
911873,subject_difficulty_screen,1015.8,117.2,1546.0
911874,subject_difficulty_screen,1015.8,116.6,1546.0
911875,subject_difficulty_screen,1015.6,116.7,1545.0
911876,subject_difficulty_screen,1015.3,117.1,1546.0
911877,subject_difficulty_screen,1014.9,117.4,1546.0
911878,subject_difficulty_screen,1015.1,117.7,1546.0
911879,subject_difficulty_screen,1015.4,117.8,1546.0
911880,subject_difficulty_screen,1015.6,117.8,1546.0
911881,subject_difficulty_screen,1015.6,117.9,1546.0
911882,subject_difficulty_screen,1015.7,118.0,1546.0
911883,subject_difficulty_screen,1015.7,118.1,1547.0
911884,subject_difficulty_screen,1015.8,118.1,1549.0
911885,subject_difficulty_screen,1015.8,118.1,1551.0
911886,subject_difficulty_screen,1015.7,118.2,1552.0
911887,subject_difficulty_screen,1015.6,118.3,1551.0
911888,subject_difficulty_screen,1015.6,118.4,1550.0
911889,subject_difficulty_screen,1015.6,118.3,1548.0
911890,subject_difficulty_screen,1015.6,118.5,1548.0
911891,subject_difficulty_screen,1015.3,118.7,1547.0
911892,subject_difficulty_screen,1015.0,118.9,1549.0
911893,subject_difficulty_screen,1014.6,118.8,1550.0
911894,subject_difficulty_screen,1014.5,118.7,1552.0
911895,subject_difficulty_screen,1014.4,118.3,1552.0
911896,subject_difficulty_screen,1014.4,118.1,1551.0
911897,subject_difficulty_screen,1014.4,118.4,1551.0
911898,subject_difficulty_screen,1014.4,118.9,1551.0
911899,subject_difficulty_screen,1014.5,119.1,1550.0
911900,subject_difficulty_screen,1014.9,118.7,1550.0
911901,subject_difficulty_screen,1015.3,118.7,1550.0
911902,subject_difficulty_screen,1015.5,119.0,1550.0
911903,subject_difficulty_screen,1015.3,119.4,1550.0
911904,subject_difficulty_screen,1015.1,119.4,1550.0
911905,subject_difficulty_screen,1015.1,119.2,1551.0
911906,subject_difficulty_screen,1015.1,119.1,1551.0
911907,subject_difficulty_screen,1015.2,119.0,1552.0
911908,subject_difficulty_screen,1015.3,119.0,1552.0
911909,subject_difficulty_screen,1015.3,119.0,1552.0
911910,subject_difficulty_screen,1015.3,119.0,1551.0
911911,subject_difficulty_screen,1015.1,119.1,1551.0
911912,subject_difficulty_screen,1014.9,119.1,1550.0
911913,subject_difficulty_screen,1014.6,119.0,1551.0
911914,subject_difficulty_screen,1014.5,118.6,1552.0
911915,subject_difficulty_screen,1014.4,118.1,1554.0
911916,subject_difficulty_screen,1014.2,118.1,1554.0
911917,subject_difficulty_screen,1014.3,118.2,1554.0
911918,subject_difficulty_screen,1014.7,118.4,1554.0
911919,subject_difficulty_screen,1015.1,118.3,1554.0
911920,subject_difficulty_screen,1015.3,118.7,1553.0
911921,subject_difficulty_screen,1015.3,119.2,1552.0
911922,subject_difficulty_screen,1015.1,119.6,1552.0
911923,subject_difficulty_screen,1015.1,119.8,1552.0
911924,subject_difficulty_screen,1015.1,120.2,1552.0
911925,subject_difficulty_screen,1015.0,120.5,1551.0
911926,subject_difficulty_screen,1015.0,120.7,1551.0
911927,subject_difficulty_screen,1015.0,121.0,1551.0
911928,subject_difficulty_screen,1014.9,121.4,1550.0
911929,subject_difficulty_screen,1014.7,121.7,1550.0
911930,subject_difficulty_screen,1014.5,121.8,1551.0
911931,subject_difficulty_screen,1014.3,121.7,1553.0
911932,subject_difficulty_screen,1014.4,121.6,1553.0
911933,subject_difficulty_screen,1014.3,121.5,1554.0
911934,subject_difficulty_screen,1014.1,121.6,1554.0
911935,subject_difficulty_screen,1013.8,121.8,1555.0
911936,subject_difficulty_screen,1013.5,121.9,1557.0
911937,subject_difficulty_screen,1013.2,121.9,1560.0
911938,subject_difficulty_screen,1013.0,122.1,1563.0
911939,subject_difficulty_screen,1012.6,122.3,1563.0
911940,subject_difficulty_screen,1012.2,122.3,1561.0
911941,subject_difficulty_screen,1011.8,121.9,1558.0
911942,subject_difficulty_screen,1012.3,120.8,1556.0
911943,subject_difficulty_screen,1013.4,120.1,1557.0
911944,subject_difficulty_screen,1015.0,119.4,1557.0
911945,subject_difficulty_screen,1016.7,119.3,1556.0
911946,subject_difficulty_screen,1018.9,119.2,1558.0
911947,subject_difficulty_screen,1020.8,119.3,1559.0
911948,subject_difficulty_screen,1024.5,119.1,1558.0
911949,subject_difficulty_screen,1029.3,118.8,1556.0
911950,subject_difficulty_screen,1037.1,117.9,1553.0
911951,subject_difficulty_screen,1043.3,117.0,1552.0
911952,subject_difficulty_screen,1049.2,117.6,1551.0
911953,subject_difficulty_screen,1054.0,118.8,1551.0
911954,subject_difficulty_screen,1059.8,120.0,1551.0
911955,subject_difficulty_screen,1066.1,119.7,1552.0
911956,subject_difficulty_screen,1072.2,119.3,1551.0
911957,subject_difficulty_screen,1077.7,119.3,1550.0
911958,subject_difficulty_screen,1082.2,120.0,1548.0
911959,subject_difficulty_screen,1086.8,120.2,1547.0
911960,subject_difficulty_screen,1092.1,120.1,1546.0
911961,subject_difficulty_screen,1097.2,119.4,1544.0
911962,subject_difficulty_screen,1102.1,118.2,1542.0
911963,subject_difficulty_screen,1105.4,117.2,1540.0
911964,subject_difficulty_screen,1108.5,116.2,1539.0
911965,subject_difficulty_screen,1110.1,116.5,1538.0
911966,subject_difficulty_screen,1111.2,117.0,1537.0
911967,subject_difficulty_screen,1112.1,117.7,1537.0
911968,subject_difficulty_screen,1112.9,118.1,1537.0
911969,subject_difficulty_screen,1113.7,118.6,1538.0
911970,subject_difficulty_screen,1113.6,118.9,1538.0
911971,subject_difficulty_screen,1113.3,119.2,1538.0
911972,subject_difficulty_screen,1113.0,119.2,1538.0
911973,subject_difficulty_screen,1113.1,119.2,1538.0
911974,subject_difficulty_screen,1113.4,119.2,1538.0
911975,subject_difficulty_screen,1113.9,118.8,1539.0
911976,subject_difficulty_screen,1114.2,118.5,1540.0
911977,subject_difficulty_screen,1114.0,118.3,1542.0
911978,subject_difficulty_screen,1113.5,119.0,1543.0
911979,subject_difficulty_screen,1113.2,119.8,1543.0
911980,subject_difficulty_screen,1113.2,119.8,1542.0
911981,subject_difficulty_screen,1113.2,119.2,1539.0
911982,subject_difficulty_screen,1113.0,119.0,1537.0
911983,subject_difficulty_screen,1112.8,119.5,1537.0
911984,subject_difficulty_screen,1112.8,119.8,1536.0
911985,subject_difficulty_screen,1112.8,119.7,1536.0
911986,subject_difficulty_screen,1112.8,119.7,1536.0
911987,subject_difficulty_screen,1112.9,119.7,1535.0
911988,subject_difficulty_screen,1113.0,119.6,1535.0
911989,subject_difficulty_screen,1113.3,119.3,1535.0
911990,subject_difficulty_screen,1113.8,118.9,1536.0
911991,subject_difficulty_screen,1114.1,118.7,1537.0
911992,subject_difficulty_screen,1114.3,118.6,1536.0
911993,subject_difficulty_screen,1114.3,118.3,1535.0
911994,subject_difficulty_screen,1114.3,117.9,1534.0
911995,subject_difficulty_screen,1114.3,117.5,1534.0
911996,subject_difficulty_screen,1114.2,117.4,1534.0
911997,subject_difficulty_screen,1114.1,117.5,1534.0
911998,subject_difficulty_screen,1114.1,117.2,1534.0
911999,subject_difficulty_screen,1114.3,116.9,1534.0
912000,subject_difficulty_screen,1114.5,116.7,1534.0
912001,subject_difficulty_screen,1114.5,116.9,1533.0
912002,subject_difficulty_screen,1114.7,117.0,1533.0
912003,subject_difficulty_screen,1114.8,117.0,1533.0
912004,subject_difficulty_screen,1115.0,116.9,1534.0
912005,subject_difficulty_screen,1114.9,116.8,1535.0
912006,subject_difficulty_screen,1115.0,116.9,1537.0
912007,subject_difficulty_screen,1115.0,116.9,1537.0
912008,subject_difficulty_screen,1115.0,117.0,1536.0
912009,subject_difficulty_screen,1114.9,117.1,1535.0
912010,subject_difficulty_screen,1114.9,117.1,1533.0
912011,subject_difficulty_screen,1114.9,117.1,1532.0
912012,subject_difficulty_screen,1114.8,117.1,1532.0
912013,subject_difficulty_screen,1114.6,117.1,1534.0
912014,subject_difficulty_screen,1114.4,117.0,1535.0
912015,subject_difficulty_screen,1114.4,116.9,1536.0
912016,subject_difficulty_screen,1114.5,116.7,1536.0
912017,subject_difficulty_screen,1114.5,116.8,1535.0
912018,subject_difficulty_screen,1114.4,116.9,1533.0
912019,subject_difficulty_screen,1114.3,117.1,1531.0
912020,subject_difficulty_screen,1114.3,117.0,1530.0
912021,subject_difficulty_screen,1114.3,117.2,1530.0
912022,subject_difficulty_screen,1114.3,117.3,1531.0
912023,subject_difficulty_screen,1114.3,117.4,1533.0
912024,subject_difficulty_screen,1114.0,116.9,1535.0
912025,subject_difficulty_screen,1113.8,116.5,1537.0
912026,subject_difficulty_screen,1113.5,116.1,1537.0
912027,subject_difficulty_screen,1113.4,116.6,1537.0
912028,subject_difficulty_screen,1113.4,117.2,1535.0
912029,subject_difficulty_screen,1113.4,117.6,1533.0
912030,subject_difficulty_screen,1113.5,117.4,1531.0
912031,subject_difficulty_screen,1113.7,117.2,1532.0
912032,subject_difficulty_screen,1113.3,117.2,1534.0
912033,subject_difficulty_screen,1112.9,117.4,1536.0
912034,subject_difficulty_screen,1112.4,117.8,1536.0
912035,subject_difficulty_screen,1112.4,118.5,1537.0
912036,subject_difficulty_screen,1112.3,119.1,1537.0
912037,subject_difficulty_screen,1112.4,119.2,1538.0
912038,subject_difficulty_screen,1112.5,118.8,1538.0
912039,subject_difficulty_screen,1111.7,118.4,1537.0
912040,subject_difficulty_screen,1110.9,118.2,1536.0
912041,subject_difficulty_screen,1110.7,118.0,1536.0
912042,subject_difficulty_screen,1111.1,118.2,1536.0
912043,subject_difficulty_screen,1111.5,118.5,1537.0
912044,subject_difficulty_screen,1111.4,118.4,1537.0
912045,subject_difficulty_screen,1111.6,117.9,1538.0
912046,subject_difficulty_screen,1111.9,117.3,1538.0
912047,subject_difficulty_screen,1111.9,117.2,1539.0
912048,subject_difficulty_screen,1111.7,117.2,1539.0
912049,subject_difficulty_screen,1111.4,117.3,1538.0
912050,subject_difficulty_screen,1111.3,117.2,1537.0
912051,subject_difficulty_screen,1111.3,117.1,1535.0
912052,subject_difficulty_screen,1111.6,116.9,1535.0
912053,subject_difficulty_screen,1111.9,117.0,1535.0
912054,subject_difficulty_screen,1112.2,117.2,1535.0
912055,subject_difficulty_screen,1112.3,117.2,1535.0
912056,subject_difficulty_screen,1112.5,116.9,1535.0
912057,subject_difficulty_screen,1112.6,116.5,1535.0
912058,subject_difficulty_screen,1112.8,116.2,1535.0
912059,subject_difficulty_screen,1112.8,116.0,1535.0
912060,subject_difficulty_screen,1112.8,115.8,1535.0
912061,subject_difficulty_screen,1112.8,115.5,1534.0
912062,subject_difficulty_screen,1112.8,115.5,1534.0
912063,subject_difficulty_screen,1112.9,115.2,1533.0
912064,subject_difficulty_screen,1113.4,114.9,1534.0
912065,subject_difficulty_screen,1113.9,114.6,1534.0
912066,subject_difficulty_screen,1114.0,114.2,1534.0
912067,subject_difficulty_screen,1113.8,113.9,1533.0
912068,subject_difficulty_screen,1113.6,113.6,1533.0
912069,subject_difficulty_screen,1113.7,113.6,1533.0
912070,subject_difficulty_screen,1113.9,113.6,1534.0
912071,subject_difficulty_screen,1114.1,113.6,1535.0
912072,subject_difficulty_screen,1114.3,113.6,1535.0
912073,subject_difficulty_screen,1114.4,113.0,1535.0
912074,subject_difficulty_screen,1114.5,112.2,1535.0
912075,subject_difficulty_screen,1114.5,111.5,1535.0
912076,subject_difficulty_screen,1114.7,111.4,1535.0
912077,subject_difficulty_screen,1114.9,111.5,1535.0
912078,subject_difficulty_screen,1115.3,111.4,1535.0
912079,subject_difficulty_screen,1115.5,110.9,1535.0
912080,subject_difficulty_screen,1115.4,110.5,1534.0
912081,subject_difficulty_screen,1115.1,110.3,1534.0
912082,subject_difficulty_screen,1114.8,111.0,1535.0
912083,subject_difficulty_screen,1114.9,111.8,1535.0
912084,subject_difficulty_screen,1114.9,112.3,1536.0
912085,subject_difficulty_screen,1115.1,112.4,1536.0
912086,subject_difficulty_screen,1115.2,112.2,1536.0
912087,subject_difficulty_screen,1115.3,112.1,1536.0
912088,subject_difficulty_screen,1115.1,112.0,1535.0
912089,subject_difficulty_screen,1114.7,112.1,1535.0
912090,subject_difficulty_screen,1114.4,112.1,1536.0
912091,subject_difficulty_screen,1114.5,112.1,1536.0
912092,subject_difficulty_screen,1114.6,112.1,1536.0
912093,subject_difficulty_screen,1114.6,112.1,1535.0
912094,subject_difficulty_screen,1114.6,112.1,1533.0
912095,subject_difficulty_screen,1114.5,112.0,1533.0
912096,subject_difficulty_screen,1114.2,111.7,1535.0
912097,subject_difficulty_screen,1113.6,111.6,1537.0
912098,subject_difficulty_screen,1113.3,111.5,1535.0
912099,subject_difficulty_screen,1113.1,111.5,1534.0
912100,subject_difficulty_screen,1113.1,111.5,1532.0
912101,subject_difficulty_screen,1113.3,111.5,1531.0
912102,subject_difficulty_screen,1113.3,111.7,1530.0
912103,subject_difficulty_screen,1113.3,112.0,1530.0
912104,subject_difficulty_screen,1113.0,112.4,1530.0
912105,subject_difficulty_screen,1112.7,112.5,1531.0
912106,subject_difficulty_screen,1112.4,112.8,1533.0
912107,subject_difficulty_screen,1112.2,113.1,1535.0
912108,subject_difficulty_screen,1112.1,113.3,1535.0
912109,subject_difficulty_screen,1112.0,113.3,1535.0
912110,subject_difficulty_screen,1111.7,113.3,1534.0
912111,subject_difficulty_screen,1111.4,113.3,1534.0
912112,subject_difficulty_screen,1111.2,113.4,1533.0
912113,subject_difficulty_screen,1111.2,113.4,1533.0
912114,subject_difficulty_screen,1111.2,113.5,1534.0
912115,subject_difficulty_screen,1111.0,113.6,1536.0
912116,subject_difficulty_screen,1110.9,113.8,1538.0
912117,subject_difficulty_screen,1110.7,113.9,1540.0
912118,subject_difficulty_screen,1110.9,114.0,1542.0
912119,subject_difficulty_screen,1111.0,114.3,1542.0
912120,subject_difficulty_screen,1111.1,114.6,1543.0
912121,subject_difficulty_screen,1111.1,114.8,1543.0
912122,subject_difficulty_screen,1111.2,114.7,1543.0
912123,subject_difficulty_screen,1111.1,114.8,1543.0
912124,subject_difficulty_screen,1111.0,114.9,1543.0
912125,subject_difficulty_screen,1110.9,115.0,1544.0
912126,subject_difficulty_screen,1111.0,115.0,1544.0
912127,subject_difficulty_screen,1110.8,115.0,1544.0
912128,subject_difficulty_screen,1110.5,115.1,1543.0
912129,subject_difficulty_screen,1110.2,115.2,1543.0
912130,subject_difficulty_screen,1109.9,115.2,1543.0
912131,subject_difficulty_screen,1109.7,115.3,1543.0
912132,subject_difficulty_screen,1109.6,115.7,1544.0
912133,subject_difficulty_screen,1109.6,116.1,1545.0
912134,subject_difficulty_screen,1109.6,116.0,1546.0
912135,subject_difficulty_screen,1109.7,115.6,1546.0
912136,subject_difficulty_screen,1109.8,115.1,1545.0
912137,subject_difficulty_screen,1109.8,115.6,1544.0
912138,subject_difficulty_screen,1109.8,116.1,1542.0
912139,subject_difficulty_screen,1109.7,117.0,1542.0
912140,subject_difficulty_screen,1109.8,117.3,1542.0
912141,subject_difficulty_screen,1109.9,117.2,1542.0
912142,subject_difficulty_screen,1110.0,116.7,1544.0
912143,subject_difficulty_screen,1110.0,116.6,1546.0
912144,subject_difficulty_screen,1109.8,117.0,1547.0
912145,subject_difficulty_screen,1109.6,117.1,1548.0
912146,subject_difficulty_screen,1109.4,116.8,1548.0
912147,subject_difficulty_screen,1109.7,116.6,1548.0
912148,subject_difficulty_screen,1110.5,116.5,1549.0
912149,subject_difficulty_screen,1111.2,116.4,1549.0
912150,subject_difficulty_screen,1111.7,116.3,1547.0
912151,subject_difficulty_screen,1111.7,116.3,1544.0
912152,subject_difficulty_screen,1110.1,116.5,1542.0
912153,subject_difficulty_screen,1106.5,117.0,1545.0
912154,subject_difficulty_screen,1100.0,116.5,1548.0
912155,subject_difficulty_screen,1094.1,115.1,1550.0
912156,subject_difficulty_screen,1085.8,114.0,1553.0
912157,subject_difficulty_screen,1076.9,113.6,1556.0
912158,subject_difficulty_screen,1066.0,113.5,1562.0
912159,subject_difficulty_screen,1053.0,112.8,1566.0
912160,subject_difficulty_screen,1038.3,111.6,1571.0
912161,subject_difficulty_screen,1020.1,111.5,1579.0
912162,subject_difficulty_screen,1002.8,111.8,1593.0
912163,subject_difficulty_screen,984.2,111.9,1608.0
912164,subject_difficulty_screen,966.1,111.2,1623.0
912165,subject_difficulty_screen,945.0,110.3,1634.0
912166,subject_difficulty_screen,923.5,110.9,1641.0
912167,subject_difficulty_screen,900.6,112.2,1647.0
912168,subject_difficulty_screen,880.9,113.7,1651.0
912169,subject_difficulty_screen,860.5,115.2,1657.0
912170,subject_difficulty_screen,840.9,116.6,1661.0
912171,subject_difficulty_screen,819.6,118.2,1665.0
912172,subject_difficulty_screen,799.1,119.7,1666.0
912173,subject_difficulty_screen,778.0,121.3,1665.0
912174,subject_difficulty_screen,758.8,123.3,1665.0
912175,subject_difficulty_screen,740.2,125.3,1665.0
912176,subject_difficulty_screen,723.6,126.5,1665.0
912177,subject_difficulty_screen,706.1,127.3,1664.0
912178,subject_difficulty_screen,690.1,127.8,1663.0
912179,subject_difficulty_screen,674.6,128.2,1661.0
912180,subject_difficulty_screen,660.9,127.3,1662.0
912181,subject_difficulty_screen,646.3,125.9,1662.0
912182,subject_difficulty_screen,632.5,125.1,1662.0
912183,subject_difficulty_screen,619.1,125.0,1662.0
912184,subject_difficulty_screen,606.9,125.3,1663.0
912185,subject_difficulty_screen,593.0,125.6,1663.0
912186,subject_difficulty_screen,579.2,126.8,1662.0
912187,subject_difficulty_screen,565.1,128.6,1658.0
912188,subject_difficulty_screen,551.0,130.9,1654.0
912189,subject_difficulty_screen,535.6,133.1,1647.0
912190,subject_difficulty_screen,519.5,135.3,1643.0
912191,subject_difficulty_screen,505.4,137.6,1640.0
912192,subject_difficulty_screen,492.6,139.2,1640.0
912193,subject_difficulty_screen,481.7,141.1,1642.0
912194,subject_difficulty_screen,470.1,142.3,1644.0
912195,subject_difficulty_screen,457.4,143.6,1646.0
912196,subject_difficulty_screen,444.5,144.2,1645.0
912197,subject_difficulty_screen,430.0,144.9,1643.0
912198,subject_difficulty_screen,414.9,145.6,1641.0
912199,subject_difficulty_screen,399.8,146.2,1639.0
912200,subject_difficulty_screen,386.2,146.8,1638.0
912201,subject_difficulty_screen,374.7,147.4,1635.0
912202,subject_difficulty_screen,362.7,148.0,1631.0
912203,subject_difficulty_screen,351.3,148.3,1628.0
912204,subject_difficulty_screen,339.3,147.8,1628.0
912205,subject_difficulty_screen,327.5,147.1,1626.0
912206,subject_difficulty_screen,314.5,146.3,1625.0
912207,subject_difficulty_screen,302.5,146.3,1624.0
912208,subject_difficulty_screen,290.4,146.8,1625.0
912209,subject_difficulty_screen,280.3,147.5,1625.0
912210,subject_difficulty_screen,269.3,148.4,1625.0
912211,subject_difficulty_screen,258.6,148.8,1622.0
912212,subject_difficulty_screen,248.3,149.3,1620.0
912213,subject_difficulty_screen,238.4,149.6,1618.0
912214,subject_difficulty_screen,229.9,150.1,1618.0
912215,subject_difficulty_screen,221.2,150.6,1619.0
912216,subject_difficulty_screen,213.2,152.1,1619.0
912217,subject_difficulty_screen,205.6,153.6,1620.0
912218,subject_difficulty_screen,198.7,155.7,1621.0
912219,subject_difficulty_screen,193.5,156.8,1621.0
912220,subject_difficulty_screen,188.9,158.5,1620.0
912221,subject_difficulty_screen,185.0,159.5,1620.0
912222,subject_difficulty_screen,180.6,160.4,1620.0
912223,subject_difficulty_screen,176.8,160.8,1622.0
912224,subject_difficulty_screen,174.2,161.5,1624.0
912225,subject_difficulty_screen,173.1,162.4,1627.0
912226,subject_difficulty_screen,173.5,163.1,1632.0
912227,subject_difficulty_screen,175.1,163.4,1636.0
912228,subject_difficulty_screen,177.4,163.6,1638.0
912229,subject_difficulty_screen,180.1,163.7,1639.0
912230,subject_difficulty_screen,183.1,163.9,1642.0
912231,subject_difficulty_screen,186.1,164.1,1644.0
912232,subject_difficulty_screen,189.0,164.2,1647.0
912233,subject_difficulty_screen,191.1,164.1,1647.0
912234,subject_difficulty_screen,193.2,163.8,1648.0
912235,subject_difficulty_screen,194.5,163.4,1649.0
912236,subject_difficulty_screen,195.4,163.2,1652.0
912237,subject_difficulty_screen,195.6,162.9,1654.0
912238,subject_difficulty_screen,195.8,162.6,1656.0
912239,subject_difficulty_screen,195.7,162.5,1654.0
912240,subject_difficulty_screen,195.0,162.7,1652.0
912241,subject_difficulty_screen,194.3,162.9,1649.0
912242,subject_difficulty_screen,193.6,163.2,1647.0
912243,subject_difficulty_screen,193.0,163.5,1645.0
912244,subject_difficulty_screen,192.1,163.7,1645.0
912245,subject_difficulty_screen,191.1,163.9,1645.0
912246,subject_difficulty_screen,190.7,164.2,1645.0
912247,subject_difficulty_screen,190.6,164.7,1643.0
912248,subject_difficulty_screen,190.9,165.1,1640.0
912249,subject_difficulty_screen,191.2,165.4,1636.0
912250,subject_difficulty_screen,191.6,165.6,1635.0
912251,subject_difficulty_screen,191.8,165.7,1634.0
912252,subject_difficulty_screen,192.2,165.8,1634.0
912253,subject_difficulty_screen,192.6,166.4,1634.0
912254,subject_difficulty_screen,193.0,167.0,1634.0
912255,subject_difficulty_screen,193.6,167.4,1634.0
912256,subject_difficulty_screen,194.1,167.3,1634.0
912257,subject_difficulty_screen,195.2,167.2,1634.0
912258,subject_difficulty_screen,195.8,167.3,1632.0
912259,subject_difficulty_screen,196.5,167.7,1630.0
912260,subject_difficulty_screen,196.6,168.0,1628.0
912261,subject_difficulty_screen,196.6,168.1,1627.0
912262,subject_difficulty_screen,196.5,167.9,1626.0
912263,subject_difficulty_screen,196.4,167.9,1626.0
912264,subject_difficulty_screen,196.3,168.1,1627.0
912265,subject_difficulty_screen,196.5,168.2,1628.0
912266,subject_difficulty_screen,196.7,168.3,1628.0
912267,subject_difficulty_screen,197.1,168.3,1629.0
912268,subject_difficulty_screen,197.5,168.4,1629.0
912269,subject_difficulty_screen,197.6,168.5,1628.0
912270,subject_difficulty_screen,197.4,168.7,1626.0
912271,subject_difficulty_screen,197.2,168.7,1624.0
912272,subject_difficulty_screen,197.3,168.6,1623.0
912273,subject_difficulty_screen,197.3,168.6,1623.0
912274,subject_difficulty_screen,197.3,168.7,1623.0
912275,subject_difficulty_screen,197.4,168.7,1624.0
912276,subject_difficulty_screen,197.5,168.7,1625.0
912277,subject_difficulty_screen,197.8,168.7,1625.0
912278,subject_difficulty_screen,198.0,168.7,1625.0
912279,subject_difficulty_screen,198.2,168.7,1625.0
912280,subject_difficulty_screen,198.5,168.6,1625.0
912281,subject_difficulty_screen,198.7,168.5,1625.0
912282,subject_difficulty_screen,198.7,168.4,1625.0
912283,subject_difficulty_screen,198.8,168.3,1626.0
912284,subject_difficulty_screen,198.9,168.2,1626.0
912285,subject_difficulty_screen,199.0,168.2,1625.0
912286,subject_difficulty_screen,199.1,168.2,1623.0
912287,subject_difficulty_screen,199.3,168.3,1622.0
912288,subject_difficulty_screen,199.4,168.4,1622.0
912289,subject_difficulty_screen,199.5,168.5,1622.0
912290,subject_difficulty_screen,199.5,168.5,1623.0
912291,subject_difficulty_screen,199.5,168.7,1623.0
912292,subject_difficulty_screen,199.6,169.0,1624.0
912293,subject_difficulty_screen,199.6,169.2,1624.0
912294,subject_difficulty_screen,199.5,169.2,1624.0
912295,subject_difficulty_screen,199.5,169.2,1623.0
912296,subject_difficulty_screen,199.5,169.2,1623.0
912297,subject_difficulty_screen,199.6,169.2,1624.0
912298,subject_difficulty_screen,199.8,169.2,1624.0
912299,subject_difficulty_screen,199.7,169.3,1624.0
912300,subject_difficulty_screen,199.3,169.3,1624.0
912301,subject_difficulty_screen,199.1,169.3,1624.0
912302,subject_difficulty_screen,199.0,169.2,1623.0
912303,subject_difficulty_screen,199.1,169.0,1623.0
912304,subject_difficulty_screen,199.2,169.0,1622.0
912305,subject_difficulty_screen,199.2,169.0,1623.0
912306,subject_difficulty_screen,199.2,169.0,1624.0
912307,subject_difficulty_screen,199.1,169.1,1624.0
912308,subject_difficulty_screen,199.1,169.2,1624.0
912309,subject_difficulty_screen,199.2,169.3,1624.0
912310,subject_difficulty_screen,199.3,169.3,1624.0
912311,subject_difficulty_screen,199.3,169.6,1624.0
912312,subject_difficulty_screen,199.4,169.9,1624.0
912313,subject_difficulty_screen,199.6,170.0,1624.0
912314,subject_difficulty_screen,199.4,169.9,1624.0
912315,subject_difficulty_screen,199.2,169.8,1625.0
912316,subject_difficulty_screen,198.9,169.7,1625.0
912317,subject_difficulty_screen,198.9,169.8,1626.0
912318,subject_difficulty_screen,198.9,169.9,1626.0
912319,subject_difficulty_screen,198.8,170.1,1626.0
912320,subject_difficulty_screen,198.7,170.2,1626.0
912321,subject_difficulty_screen,198.5,170.3,1626.0
912322,subject_difficulty_screen,198.1,170.1,1626.0
912323,subject_difficulty_screen,197.6,169.9,1626.0
912324,subject_difficulty_screen,197.2,169.8,1626.0
912325,subject_difficulty_screen,197.1,169.7,1626.0
912326,subject_difficulty_screen,197.1,169.7,1626.0
912327,subject_difficulty_screen,197.2,169.7,1625.0
912328,subject_difficulty_screen,197.4,169.7,1625.0
912329,subject_difficulty_screen,197.6,169.6,1624.0
912330,subject_difficulty_screen,197.9,169.1,1624.0
912331,subject_difficulty_screen,198.0,168.5,1624.0
912332,subject_difficulty_screen,197.9,168.2,1623.0
912333,subject_difficulty_screen,197.7,168.3,1623.0
912334,subject_difficulty_screen,197.7,168.5,1623.0
912335,subject_difficulty_screen,197.7,168.7,1624.0
912336,subject_difficulty_screen,197.7,169.0,1625.0
912337,subject_difficulty_screen,197.8,169.0,1626.0
912338,subject_difficulty_screen,197.7,169.2,1626.0
912339,subject_difficulty_screen,197.7,169.2,1625.0
912340,subject_difficulty_screen,197.6,168.9,1625.0
912341,subject_difficulty_screen,197.5,168.6,1625.0
912342,subject_difficulty_screen,197.4,168.4,1625.0
912343,subject_difficulty_screen,197.2,168.7,1625.0
912344,subject_difficulty_screen,197.1,168.7,1624.0
912345,subject_difficulty_screen,197.2,168.7,1624.0
912346,subject_difficulty_screen,197.3,168.7,1625.0
912347,subject_difficulty_screen,197.4,168.7,1627.0
912348,subject_difficulty_screen,197.5,168.8,1628.0
912349,subject_difficulty_screen,197.6,169.0,1628.0
912350,subject_difficulty_screen,197.6,169.1,1628.0
912351,subject_difficulty_screen,197.4,169.1,1627.0
912352,subject_difficulty_screen,197.3,169.2,1626.0
912353,subject_difficulty_screen,197.4,169.2,1625.0
912354,subject_difficulty_screen,197.6,169.1,1626.0
912355,subject_difficulty_screen,197.9,168.9,1628.0
912356,subject_difficulty_screen,198.0,168.9,1629.0
912357,subject_difficulty_screen,198.0,169.0,1629.0
912358,subject_difficulty_screen,198.0,169.1,1628.0
912359,subject_difficulty_screen,197.9,169.1,1627.0
912360,subject_difficulty_screen,197.9,169.5,1626.0
912361,subject_difficulty_screen,197.7,169.9,1626.0
912362,subject_difficulty_screen,197.6,170.1,1626.0
912363,subject_difficulty_screen,197.6,169.9,1627.0
912364,subject_difficulty_screen,197.8,169.7,1628.0
912365,subject_difficulty_screen,197.8,169.5,1630.0
912366,subject_difficulty_screen,197.9,169.5,1630.0
912367,subject_difficulty_screen,197.8,169.5,1631.0
912368,subject_difficulty_screen,197.8,169.4,1631.0
912369,subject_difficulty_screen,197.9,169.3,1631.0
912370,subject_difficulty_screen,198.1,169.4,1630.0
912371,subject_difficulty_screen,198.0,169.5,1628.0
912372,subject_difficulty_screen,197.8,169.6,1626.0
912373,subject_difficulty_screen,197.4,169.6,1625.0
912374,subject_difficulty_screen,197.4,169.6,1627.0
912375,subject_difficulty_screen,197.6,169.5,1628.0
912376,subject_difficulty_screen,198.0,169.5,1628.0
912377,subject_difficulty_screen,198.3,169.5,1628.0
912378,subject_difficulty_screen,198.3,169.5,1628.0
912379,subject_difficulty_screen,198.3,169.6,1628.0
912380,subject_difficulty_screen,198.3,169.7,1628.0
912381,subject_difficulty_screen,198.3,169.6,1627.0
912382,subject_difficulty_screen,198.3,169.5,1628.0
912383,subject_difficulty_screen,198.3,169.5,1629.0
912384,subject_difficulty_screen,198.2,169.5,1630.0
912385,subject_difficulty_screen,198.1,169.7,1630.0
912386,subject_difficulty_screen,198.1,169.8,1630.0
912387,subject_difficulty_screen,198.1,169.8,1630.0
912388,subject_difficulty_screen,197.9,170.0,1630.0
912389,subject_difficulty_screen,197.7,170.3,1629.0
912390,subject_difficulty_screen,197.5,170.4,1629.0
912391,subject_difficulty_screen,197.4,170.4,1630.0
912392,subject_difficulty_screen,197.9,170.4,1630.0
912393,subject_difficulty_screen,198.3,170.4,1630.0
912394,subject_difficulty_screen,198.8,169.9,1630.0
912395,subject_difficulty_screen,199.0,169.1,1630.0
912396,subject_difficulty_screen,199.2,168.3,1629.0
912397,subject_difficulty_screen,199.0,168.1,1629.0
912398,subject_difficulty_screen,197.8,168.0,1629.0
912399,subject_difficulty_screen,195.7,168.3,1629.0
912400,subject_difficulty_screen,192.9,168.9,1630.0
912401,subject_difficulty_screen,190.5,169.5,1630.0
912402,subject_difficulty_screen,187.5,170.1,1632.0
912403,subject_difficulty_screen,183.1,170.9,1633.0
912404,subject_difficulty_screen,176.9,172.4,1634.0
912405,subject_difficulty_screen,169.8,173.5,1635.0
912406,subject_difficulty_screen,163.3,175.9,1636.0
912407,subject_difficulty_screen,158.1,177.7,1638.0
912408,subject_difficulty_screen,153.2,180.1,1641.0
912409,subject_difficulty_screen,149.0,182.0,1641.0
912410,subject_difficulty_screen,145.4,184.9,1640.0
912411,subject_difficulty_screen,143.7,187.3,1638.0
912412,subject_difficulty_screen,143.2,188.6,1637.0
912413,subject_difficulty_screen,143.4,188.9,1636.0
912414,subject_difficulty_screen,144.2,189.1,1635.0
912415,subject_difficulty_screen,145.7,189.1,1635.0
912416,subject_difficulty_screen,148.0,189.1,1637.0
912417,subject_difficulty_screen,150.2,189.0,1638.0
912418,subject_difficulty_screen,152.5,188.5,1638.0
912419,subject_difficulty_screen,154.4,187.8,1638.0
912420,subject_difficulty_screen,156.3,186.6,1638.0
912421,subject_difficulty_screen,157.4,185.9,1639.0
912422,subject_difficulty_screen,158.8,184.9,1639.0
912423,subject_difficulty_screen,159.7,184.4,1639.0
912424,subject_difficulty_screen,160.4,184.1,1638.0
912425,subject_difficulty_screen,159.9,184.0,1638.0
912426,subject_difficulty_screen,159.3,184.0,1639.0
912427,subject_difficulty_screen,158.8,183.9,1640.0
912428,subject_difficulty_screen,158.8,184.2,1640.0
912429,subject_difficulty_screen,158.1,184.5,1639.0
912430,subject_difficulty_screen,157.5,184.7,1636.0
912431,subject_difficulty_screen,157.0,184.7,1633.0
912432,subject_difficulty_screen,156.9,185.0,1630.0
912433,subject_difficulty_screen,156.7,185.4,1631.0
912434,subject_difficulty_screen,156.4,185.9,1632.0
912435,subject_difficulty_screen,156.2,185.9,1633.0
912436,subject_difficulty_screen,156.2,186.0,1633.0
912437,subject_difficulty_screen,156.3,186.0,1634.0
912438,subject_difficulty_screen,156.4,186.0,1636.0
912439,subject_difficulty_screen,156.4,185.8,1635.0
912440,subject_difficulty_screen,156.8,185.6,1634.0
912441,subject_difficulty_screen,157.2,185.5,1632.0
912442,subject_difficulty_screen,157.6,185.5,1633.0
912443,subject_difficulty_screen,157.6,185.5,1635.0
912444,subject_difficulty_screen,157.6,185.4,1636.0
912445,subject_difficulty_screen,157.6,185.3,1637.0
912446,subject_difficulty_screen,157.6,185.3,1638.0
912447,subject_difficulty_screen,157.7,185.3,1639.0
912448,subject_difficulty_screen,157.8,185.3,1640.0
912449,subject_difficulty_screen,157.9,185.3,1640.0
912450,subject_difficulty_screen,158.2,185.1,1640.0
912451,subject_difficulty_screen,158.3,185.0,1640.0
912452,subject_difficulty_screen,158.1,185.2,1640.0
912453,subject_difficulty_screen,157.8,185.6,1639.0
912454,subject_difficulty_screen,157.4,185.9,1639.0
912455,subject_difficulty_screen,157.2,186.0,1641.0
912456,subject_difficulty_screen,157.1,186.1,1642.0
912457,subject_difficulty_screen,157.1,186.2,1644.0
912458,subject_difficulty_screen,157.1,186.2,1642.0
912459,subject_difficulty_screen,157.1,186.3,1641.0
912460,subject_difficulty_screen,157.0,186.3,1640.0
912461,subject_difficulty_screen,157.0,186.3,1640.0
912462,subject_difficulty_screen,156.9,186.3,1640.0
912463,subject_difficulty_screen,156.8,186.2,1642.0
912464,subject_difficulty_screen,156.8,185.9,1644.0
912465,subject_difficulty_screen,156.8,185.6,1646.0
912466,subject_difficulty_screen,156.8,185.6,1645.0
912467,subject_difficulty_screen,157.1,185.8,1645.0
912468,subject_difficulty_screen,157.4,185.9,1645.0
912469,subject_difficulty_screen,157.8,185.9,1645.0
912470,subject_difficulty_screen,158.0,185.8,1645.0
912471,subject_difficulty_screen,158.1,185.7,1644.0
912472,subject_difficulty_screen,158.2,185.7,1644.0
912473,subject_difficulty_screen,158.2,185.7,1644.0
912474,subject_difficulty_screen,157.9,185.9,1645.0
912475,subject_difficulty_screen,157.5,186.1,1646.0
912476,subject_difficulty_screen,157.2,186.2,1647.0
912477,subject_difficulty_screen,157.2,186.3,1647.0
912478,subject_difficulty_screen,157.1,186.4,1646.0
912479,subject_difficulty_screen,157.0,186.6,1646.0
912480,subject_difficulty_screen,157.1,186.6,1646.0
912481,subject_difficulty_screen,157.4,186.5,1646.0
912482,subject_difficulty_screen,157.4,186.5,1646.0
912483,subject_difficulty_screen,157.1,186.5,1646.0
912484,subject_difficulty_screen,156.8,186.5,1646.0
912485,subject_difficulty_screen,156.9,186.5,1647.0
912486,subject_difficulty_screen,157.1,186.4,1648.0
912487,subject_difficulty_screen,157.4,186.7,1648.0
912488,subject_difficulty_screen,157.5,187.0,1647.0
912489,subject_difficulty_screen,157.5,187.5,1646.0
912490,subject_difficulty_screen,157.3,187.8,1645.0
912491,subject_difficulty_screen,157.2,188.0,1645.0
912492,subject_difficulty_screen,157.1,187.9,1645.0
912493,subject_difficulty_screen,157.1,187.6,1645.0
912494,subject_difficulty_screen,157.1,187.4,1645.0
912495,subject_difficulty_screen,157.3,186.9,1646.0
912496,subject_difficulty_screen,157.4,186.6,1646.0
912497,subject_difficulty_screen,157.3,186.4,1647.0
912498,subject_difficulty_screen,157.2,186.6,1647.0
912499,subject_difficulty_screen,157.1,186.9,1647.0
912500,subject_difficulty_screen,157.1,187.3,1646.0
912501,subject_difficulty_screen,157.0,187.5,1646.0
912502,subject_difficulty_screen,157.0,187.7,1646.0
912503,subject_difficulty_screen,156.8,188.4,1646.0
912504,subject_difficulty_screen,156.7,189.1,1647.0
912505,subject_difficulty_screen,156.6,189.5,1648.0
912506,subject_difficulty_screen,156.6,189.1,1649.0
912507,subject_difficulty_screen,156.6,188.8,1650.0
912508,subject_difficulty_screen,156.6,188.7,1651.0
912509,subject_difficulty_screen,156.4,188.6,1652.0
912510,subject_difficulty_screen,156.3,188.5,1652.0
912511,subject_difficulty_screen,156.1,188.5,1650.0
912512,subject_difficulty_screen,156.5,188.5,1648.0
912513,subject_difficulty_screen,156.9,188.4,1647.0
912514,subject_difficulty_screen,157.1,188.3,1650.0
912515,subject_difficulty_screen,156.9,188.2,1654.0
912516,subject_difficulty_screen,156.6,188.3,1656.0
912517,subject_difficulty_screen,156.6,188.6,1656.0
912518,subject_difficulty_screen,156.6,188.8,1656.0
912519,subject_difficulty_screen,156.8,188.8,1656.0
912520,subject_difficulty_screen,156.9,188.7,1655.0
912521,subject_difficulty_screen,156.8,188.7,1655.0
912522,subject_difficulty_screen,156.6,188.8,1656.0
912523,subject_difficulty_screen,156.5,189.0,1658.0
912524,subject_difficulty_screen,156.6,189.2,1658.0
912525,subject_difficulty_screen,156.5,189.2,1659.0
912526,subject_difficulty_screen,156.3,189.1,1660.0
912527,subject_difficulty_screen,156.3,188.7,1662.0
912528,subject_difficulty_screen,156.5,188.2,1663.0
912529,subject_difficulty_screen,156.6,187.8,1663.0
912530,subject_difficulty_screen,156.4,187.7,1662.0
912531,subject_difficulty_screen,156.3,187.7,1661.0
912532,subject_difficulty_screen,156.3,188.0,1661.0
912533,subject_difficulty_screen,156.3,188.2,1661.0
912534,subject_difficulty_screen,156.4,188.4,1660.0
912535,subject_difficulty_screen,156.4,188.2,1661.0
912536,subject_difficulty_screen,156.3,188.0,1662.0
912537,subject_difficulty_screen,156.3,187.9,1663.0
912538,subject_difficulty_screen,156.3,188.0,1663.0
912539,subject_difficulty_screen,156.4,188.2,1663.0
912540,subject_difficulty_screen,156.4,188.2,1663.0
912541,subject_difficulty_screen,156.4,188.2,1663.0
912542,subject_difficulty_screen,156.4,188.4,1663.0
912543,subject_difficulty_screen,156.2,188.6,1663.0
912544,subject_difficulty_screen,155.8,188.4,1665.0
912545,subject_difficulty_screen,155.4,188.0,1666.0
912546,subject_difficulty_screen,155.4,187.6,1668.0
912547,subject_difficulty_screen,155.6,187.5,1668.0
912548,subject_difficulty_screen,155.9,187.5,1667.0
912549,subject_difficulty_screen,155.8,187.4,1667.0
912550,subject_difficulty_screen,155.7,187.5,1669.0
912551,subject_difficulty_screen,155.8,187.7,1671.0
912552,subject_difficulty_screen,155.8,187.9,1673.0
912553,subject_difficulty_screen,155.7,187.9,1673.0
912554,subject_difficulty_screen,155.6,187.7,1673.0
912555,subject_difficulty_screen,155.5,187.5,1673.0
912556,subject_difficulty_screen,155.4,187.6,1674.0
912557,subject_difficulty_screen,155.4,187.8,1674.0
912558,subject_difficulty_screen,155.6,188.0,1674.0
912559,subject_difficulty_screen,155.8,188.0,1674.0
912560,subject_difficulty_screen,155.9,187.8,1675.0
912561,subject_difficulty_screen,155.8,187.3,1675.0
912562,subject_difficulty_screen,155.8,186.8,1675.0
912563,subject_difficulty_screen,155.8,186.6,1675.0
912564,subject_difficulty_screen,155.9,186.7,1676.0
912565,subject_difficulty_screen,155.7,186.7,1678.0
912566,subject_difficulty_screen,155.6,186.7,1679.0
912567,subject_difficulty_screen,155.4,187.1,1679.0
912568,subject_difficulty_screen,155.7,187.5,1678.0
912569,subject_difficulty_screen,156.2,187.8,1678.0
912570,subject_difficulty_screen,157.5,187.7,1677.0
912571,subject_difficulty_screen,158.6,187.5,1677.0
912572,subject_difficulty_screen,160.3,187.3,1676.0
912573,subject_difficulty_screen,163.4,187.3,1677.0
912574,subject_difficulty_screen,167.7,187.1,1677.0
912575,subject_difficulty_screen,173.5,186.8,1679.0
912576,subject_difficulty_screen,180.6,186.6,1683.0
912577,subject_difficulty_screen,188.8,186.3,1686.0
912578,subject_difficulty_screen,197.2,185.9,1689.0
912579,subject_difficulty_screen,205.9,185.6,1691.0
912580,subject_difficulty_screen,215.6,185.8,1693.0
912581,subject_difficulty_screen,226.9,186.4,1697.0
912582,subject_difficulty_screen,237.7,187.1,1698.0
912583,subject_difficulty_screen,249.9,188.1,1703.0
912584,subject_difficulty_screen,260.7,188.7,1709.0
912585,subject_difficulty_screen,272.8,189.4,1717.0
912586,subject_difficulty_screen,281.8,190.0,1723.0
912587,subject_difficulty_screen,291.1,191.1,1727.0
912588,subject_difficulty_screen,298.5,192.0,1727.0
912589,subject_difficulty_screen,305.3,192.6,1727.0
912590,subject_difficulty_screen,311.2,192.0,1726.0
912591,subject_difficulty_screen,315.7,191.5,1726.0
912592,subject_difficulty_screen,321.6,190.9,1726.0
912593,subject_difficulty_screen,327.4,190.6,1726.0
912594,subject_difficulty_screen,333.5,190.1,1727.0
912595,subject_difficulty_screen,338.4,189.6,1728.0
912596,subject_difficulty_screen,343.4,189.5,1728.0
912597,subject_difficulty_screen,349.1,189.5,1728.0
912598,subject_difficulty_screen,355.0,189.6,1726.0
912599,subject_difficulty_screen,360.6,190.1,1724.0
912600,subject_difficulty_screen,365.4,190.9,1723.0
912601,subject_difficulty_screen,368.9,191.9,1723.0
912602,subject_difficulty_screen,371.2,192.5,1723.0
912603,subject_difficulty_screen,372.7,193.0,1723.0
912604,subject_difficulty_screen,373.9,193.5,1724.0
912605,subject_difficulty_screen,375.2,194.6,1726.0
912606,subject_difficulty_screen,375.9,195.5,1729.0
912607,subject_difficulty_screen,375.9,195.7,1730.0
912608,subject_difficulty_screen,375.2,195.4,1731.0
912609,subject_difficulty_screen,374.5,194.9,1731.0
912610,subject_difficulty_screen,373.8,194.2,1732.0
912611,subject_difficulty_screen,373.0,193.6,1731.0
912612,subject_difficulty_screen,372.2,193.0,1731.0
912613,subject_difficulty_screen,372.0,192.8,1731.0
912614,subject_difficulty_screen,372.3,192.9,1732.0
912615,subject_difficulty_screen,372.6,193.1,1733.0
912616,subject_difficulty_screen,372.5,193.6,1733.0
912617,subject_difficulty_screen,372.5,193.9,1733.0
912618,subject_difficulty_screen,372.4,194.1,1731.0
912619,subject_difficulty_screen,372.4,194.0,1729.0
912620,subject_difficulty_screen,372.8,194.1,1727.0
912621,subject_difficulty_screen,373.3,194.6,1727.0
912622,subject_difficulty_screen,373.8,195.0,1727.0
912623,subject_difficulty_screen,373.9,195.6,1727.0
912624,subject_difficulty_screen,373.9,196.0,1728.0
912625,subject_difficulty_screen,374.2,196.2,1729.0
912626,subject_difficulty_screen,374.5,196.1,1730.0
912627,subject_difficulty_screen,374.8,196.0,1730.0
912628,subject_difficulty_screen,374.8,196.1,1729.0
912629,subject_difficulty_screen,374.7,196.2,1727.0
912630,subject_difficulty_screen,374.7,196.3,1725.0
912631,subject_difficulty_screen,374.6,196.5,1725.0
912632,subject_difficulty_screen,374.4,196.8,1726.0
912633,subject_difficulty_screen,374.1,197.2,1726.0
912634,subject_difficulty_screen,373.8,197.3,1727.0
912635,subject_difficulty_screen,373.7,197.1,1728.0
912636,subject_difficulty_screen,373.6,196.8,1729.0
912637,subject_difficulty_screen,373.7,196.6,1730.0
912638,subject_difficulty_screen,373.5,196.7,1729.0
912639,subject_difficulty_screen,373.0,196.9,1728.0
912640,subject_difficulty_screen,372.5,196.8,1726.0
912641,subject_difficulty_screen,372.2,196.7,1725.0
912642,subject_difficulty_screen,372.3,196.6,1724.0
912643,subject_difficulty_screen,372.3,196.6,1723.0
912644,subject_difficulty_screen,372.4,196.7,1723.0
912645,subject_difficulty_screen,372.1,196.8,1722.0
912646,subject_difficulty_screen,371.7,196.8,1722.0
912647,subject_difficulty_screen,371.3,196.8,1722.0
912648,subject_difficulty_screen,371.3,196.8,1722.0
912649,subject_difficulty_screen,371.2,196.8,1721.0
912650,subject_difficulty_screen,371.2,196.8,1721.0
912651,subject_difficulty_screen,371.2,196.2,1720.0
912652,subject_difficulty_screen,370.9,195.6,1720.0
912653,subject_difficulty_screen,370.8,195.0,1721.0
912654,subject_difficulty_screen,370.6,195.0,1721.0
912655,subject_difficulty_screen,370.6,195.0,1721.0
912656,subject_difficulty_screen,370.0,194.9,1721.0
912657,subject_difficulty_screen,369.5,194.3,1719.0
912658,subject_difficulty_screen,368.9,193.6,1718.0
912659,subject_difficulty_screen,368.7,193.1,1717.0
912660,subject_difficulty_screen,368.4,193.0,1717.0
912661,subject_difficulty_screen,368.3,193.3,1718.0
912662,subject_difficulty_screen,368.3,193.6,1718.0
912663,subject_difficulty_screen,368.3,193.7,1719.0
912664,subject_difficulty_screen,368.3,193.3,1719.0
912665,subject_difficulty_screen,368.3,192.9,1721.0
912666,subject_difficulty_screen,368.6,192.7,1722.0
912667,subject_difficulty_screen,368.9,192.9,1723.0
912668,subject_difficulty_screen,369.3,193.2,1723.0
912669,subject_difficulty_screen,369.3,193.3,1720.0
912670,subject_difficulty_screen,369.1,193.3,1717.0
912671,subject_difficulty_screen,368.7,193.1,1714.0
912672,subject_difficulty_screen,368.4,193.1,1714.0
912673,subject_difficulty_screen,368.5,193.1,1714.0
912674,subject_difficulty_screen,368.6,193.1,1716.0
912675,subject_difficulty_screen,368.9,193.6,1719.0
912676,subject_difficulty_screen,369.0,194.0,1722.0
912677,subject_difficulty_screen,369.1,194.3,1724.0
912678,subject_difficulty_screen,369.2,194.2,1723.0
912679,subject_difficulty_screen,369.5,194.1,1721.0
912680,subject_difficulty_screen,370.2,194.1,1720.0
912681,subject_difficulty_screen,371.0,194.2,1722.0
912682,subject_difficulty_screen,371.2,194.3,1724.0
912683,subject_difficulty_screen,370.9,194.5,1726.0
912684,subject_difficulty_screen,370.8,195.0,1726.0
912685,subject_difficulty_screen,370.9,195.5,1726.0
912686,subject_difficulty_screen,371.1,195.9,1726.0
912687,subject_difficulty_screen,371.5,196.1,1724.0
912688,subject_difficulty_screen,371.8,196.3,1722.0
912689,subject_difficulty_screen,371.9,196.4,1719.0
912690,subject_difficulty_screen,371.7,196.4,1717.0
912691,subject_difficulty_screen,371.4,196.8,1716.0
912692,subject_difficulty_screen,371.2,197.1,1716.0
912693,subject_difficulty_screen,371.4,197.2,1718.0
912694,subject_difficulty_screen,371.8,197.1,1720.0
912695,subject_difficulty_screen,372.1,197.0,1722.0
912696,subject_difficulty_screen,372.1,197.1,1722.0
912697,subject_difficulty_screen,372.2,197.1,1723.0
912698,subject_difficulty_screen,372.4,197.0,1721.0
912699,subject_difficulty_screen,372.6,196.3,1720.0
912700,subject_difficulty_screen,372.8,195.5,1719.0
912701,subject_difficulty_screen,372.8,194.9,1719.0
912702,subject_difficulty_screen,372.8,194.8,1719.0
912703,subject_difficulty_screen,372.7,194.8,1719.0
912704,subject_difficulty_screen,372.6,194.6,1719.0
912705,subject_difficulty_screen,372.6,194.4,1720.0
912706,subject_difficulty_screen,372.5,194.3,1720.0
912707,subject_difficulty_screen,372.5,194.4,1720.0
912708,subject_difficulty_screen,372.4,194.4,1719.0
912709,subject_difficulty_screen,372.5,194.3,1719.0
912710,subject_difficulty_screen,372.8,194.3,1718.0
912711,subject_difficulty_screen,373.0,194.2,1719.0
912712,subject_difficulty_screen,373.1,194.2,1718.0
912713,subject_difficulty_screen,373.0,193.9,1718.0
912714,subject_difficulty_screen,372.9,193.5,1718.0
912715,subject_difficulty_screen,372.9,193.2,1719.0
912716,subject_difficulty_screen,372.9,193.1,1719.0
912717,subject_difficulty_screen,372.8,193.1,1718.0
912718,subject_difficulty_screen,372.7,193.1,1717.0
912719,subject_difficulty_screen,372.8,193.1,1717.0
912720,subject_difficulty_screen,373.0,193.0,1717.0
912721,subject_difficulty_screen,373.0,192.8,1715.0
912722,subject_difficulty_screen,372.8,192.7,1714.0
912723,subject_difficulty_screen,372.7,192.8,1714.0
912724,subject_difficulty_screen,372.8,192.7,1716.0
912725,subject_difficulty_screen,372.4,192.4,1717.0
912726,subject_difficulty_screen,371.9,192.1,1716.0
912727,subject_difficulty_screen,371.4,192.0,1717.0
912728,subject_difficulty_screen,371.1,191.9,1716.0
912729,subject_difficulty_screen,370.8,191.9,1716.0
912730,subject_difficulty_screen,370.7,191.9,1714.0
912731,subject_difficulty_screen,370.8,192.1,1713.0
912732,subject_difficulty_screen,371.0,192.4,1714.0
912733,subject_difficulty_screen,371.1,192.2,1714.0
912734,subject_difficulty_screen,371.3,191.8,1715.0
912735,subject_difficulty_screen,371.3,191.3,1714.0
912736,subject_difficulty_screen,371.3,191.4,1715.0
912737,subject_difficulty_screen,371.4,191.4,1715.0
912738,subject_difficulty_screen,371.6,191.5,1715.0
912739,subject_difficulty_screen,371.5,191.6,1714.0
912740,subject_difficulty_screen,371.1,191.7,1714.0
912741,subject_difficulty_screen,371.0,191.7,1714.0
912742,subject_difficulty_screen,371.5,191.8,1713.0
912743,subject_difficulty_screen,372.0,191.8,1713.0
912744,subject_difficulty_screen,372.1,191.7,1713.0
912745,subject_difficulty_screen,371.8,191.6,1714.0
912746,subject_difficulty_screen,371.5,191.5,1714.0
912747,subject_difficulty_screen,371.4,191.4,1714.0
912748,subject_difficulty_screen,371.4,191.6,1712.0
912749,subject_difficulty_screen,371.3,192.0,1711.0
912750,subject_difficulty_screen,371.2,192.4,1709.0
912751,subject_difficulty_screen,371.0,192.6,1709.0
912752,subject_difficulty_screen,371.0,192.7,1708.0
912753,subject_difficulty_screen,371.1,192.7,1708.0
912754,subject_difficulty_screen,371.3,192.5,1708.0
912755,subject_difficulty_screen,371.3,192.2,1708.0
912756,subject_difficulty_screen,371.4,192.0,1708.0
912757,subject_difficulty_screen,371.3,192.0,1708.0
912758,subject_difficulty_screen,371.2,192.0,1707.0
912759,subject_difficulty_screen,371.1,192.1,1707.0
912760,subject_difficulty_screen,371.2,192.2,1707.0
912761,subject_difficulty_screen,371.4,192.5,1706.0
912762,subject_difficulty_screen,371.5,192.7,1706.0
912763,subject_difficulty_screen,371.3,192.8,1706.0
912764,subject_difficulty_screen,371.0,192.8,1707.0
912765,subject_difficulty_screen,370.7,192.9,1708.0
912766,subject_difficulty_screen,370.7,193.0,1708.0
912767,subject_difficulty_screen,370.7,192.6,1708.0
912768,subject_difficulty_screen,370.6,192.2,1707.0
912769,subject_difficulty_screen,370.6,191.9,1706.0
912770,subject_difficulty_screen,370.6,192.1,1706.0
912771,subject_difficulty_screen,370.7,192.3,1706.0
912772,subject_difficulty_screen,370.8,192.4,1705.0
912773,subject_difficulty_screen,370.8,192.4,1704.0
912774,subject_difficulty_screen,370.6,192.4,1703.0
912775,subject_difficulty_screen,370.0,192.5,1703.0
912776,subject_difficulty_screen,369.5,192.3,1703.0
912777,subject_difficulty_screen,369.3,192.2,1703.0
912778,subject_difficulty_screen,371.6,192.1,1704.0
912779,subject_difficulty_screen,376.2,191.9,1705.0
912780,subject_difficulty_screen,382.1,191.7,1703.0
912781,subject_difficulty_screen,388.2,191.6,1701.0
912782,subject_difficulty_screen,394.3,191.6,1700.0
912783,subject_difficulty_screen,400.7,191.6,1702.0
912784,subject_difficulty_screen,409.1,191.9,1707.0
912785,subject_difficulty_screen,418.9,192.1,1712.0
912786,subject_difficulty_screen,429.6,191.8,1716.0
912787,subject_difficulty_screen,437.7,191.0,1715.0
912788,subject_difficulty_screen,444.1,190.6,1714.0
912789,subject_difficulty_screen,449.6,190.8,1712.0
912790,subject_difficulty_screen,454.0,191.0,1712.0
912791,subject_difficulty_screen,456.4,190.8,1712.0
912792,subject_difficulty_screen,457.1,190.3,1710.0
912793,subject_difficulty_screen,457.3,189.4,1708.0
912794,subject_difficulty_screen,457.4,188.7,1706.0
912795,subject_difficulty_screen,457.6,188.0,1705.0
912796,subject_difficulty_screen,457.4,187.5,1704.0
912797,subject_difficulty_screen,456.8,187.2,1704.0
912798,subject_difficulty_screen,456.3,186.9,1704.0
912799,subject_difficulty_screen,456.0,186.5,1704.0
912800,subject_difficulty_screen,455.9,186.0,1704.0
912801,subject_difficulty_screen,456.0,185.7,1704.0
912802,subject_difficulty_screen,456.1,185.8,1704.0
912803,subject_difficulty_screen,456.6,186.1,1704.0
912804,subject_difficulty_screen,457.3,186.6,1704.0
912805,subject_difficulty_screen,457.9,187.1,1704.0
912806,subject_difficulty_screen,458.2,187.4,1704.0
912807,subject_difficulty_screen,458.4,187.9,1704.0
912808,subject_difficulty_screen,458.8,188.4,1704.0
912809,subject_difficulty_screen,459.2,188.8,1704.0
912810,subject_difficulty_screen,459.6,188.8,1702.0
912811,subject_difficulty_screen,459.9,189.3,1700.0
912812,subject_difficulty_screen,460.0,189.7,1698.0
912813,subject_difficulty_screen,460.1,190.3,1699.0
912814,subject_difficulty_screen,460.1,190.4,1699.0
912815,subject_difficulty_screen,460.3,190.6,1699.0
912816,subject_difficulty_screen,460.4,190.6,1698.0
912817,subject_difficulty_screen,460.4,190.6,1697.0
912818,subject_difficulty_screen,460.4,190.7,1695.0
912819,subject_difficulty_screen,460.3,190.9,1695.0
912820,subject_difficulty_screen,460.0,191.1,1694.0
912821,subject_difficulty_screen,459.7,191.2,1694.0
912822,subject_difficulty_screen,459.5,191.3,1692.0
912823,subject_difficulty_screen,459.5,191.6,1691.0
912824,subject_difficulty_screen,459.6,192.0,1692.0
912825,subject_difficulty_screen,459.6,192.2,1694.0
912826,subject_difficulty_screen,459.7,192.1,1696.0
912827,subject_difficulty_screen,459.8,191.9,1696.0
912828,subject_difficulty_screen,459.7,191.8,1695.0
912829,subject_difficulty_screen,459.5,191.8,1694.0
912830,subject_difficulty_screen,459.4,191.9,1692.0
912831,subject_difficulty_screen,459.4,191.9,1690.0
912832,subject_difficulty_screen,459.6,191.9,1689.0
912833,subject_difficulty_screen,459.8,192.0,1690.0
912834,subject_difficulty_screen,460.0,191.9,1692.0
912835,subject_difficulty_screen,460.1,191.9,1693.0
912836,subject_difficulty_screen,460.3,191.3,1693.0
912837,subject_difficulty_screen,460.5,190.8,1694.0
912838,subject_difficulty_screen,460.7,190.7,1692.0
912839,subject_difficulty_screen,460.8,191.1,1690.0
912840,subject_difficulty_screen,460.8,191.4,1688.0
912841,subject_difficulty_screen,460.8,191.6,1688.0
912842,subject_difficulty_screen,460.7,191.8,1688.0
912843,subject_difficulty_screen,460.4,191.9,1688.0
912844,subject_difficulty_screen,459.9,191.8,1688.0
912845,subject_difficulty_screen,459.6,191.8,1688.0
912846,subject_difficulty_screen,459.4,191.9,1689.0
912847,subject_difficulty_screen,459.6,192.0,1689.0
912848,subject_difficulty_screen,459.8,191.9,1688.0
912849,subject_difficulty_screen,460.0,191.8,1688.0
912850,subject_difficulty_screen,460.0,191.8,1687.0
912851,subject_difficulty_screen,459.9,191.8,1685.0
912852,subject_difficulty_screen,459.9,191.8,1684.0
912853,subject_difficulty_screen,460.0,191.9,1684.0
912854,subject_difficulty_screen,460.1,191.8,1686.0
912855,subject_difficulty_screen,460.5,191.7,1687.0
912856,subject_difficulty_screen,460.7,191.6,1688.0
912857,subject_difficulty_screen,460.9,191.5,1688.0
912858,subject_difficulty_screen,460.7,191.1,1688.0
912859,subject_difficulty_screen,460.6,190.8,1687.0
912860,subject_difficulty_screen,460.5,190.6,1685.0
912861,subject_difficulty_screen,460.6,190.8,1683.0
912862,subject_difficulty_screen,460.6,191.1,1683.0
912863,subject_difficulty_screen,460.6,191.4,1683.0
912864,subject_difficulty_screen,460.6,191.3,1682.0
912865,subject_difficulty_screen,460.6,190.9,1681.0
912866,subject_difficulty_screen,460.6,190.3,1682.0
912867,subject_difficulty_screen,460.7,190.0,1683.0
912868,subject_difficulty_screen,460.8,189.8,1683.0
912869,subject_difficulty_screen,460.8,189.8,1682.0
912870,subject_difficulty_screen,460.8,189.5,1681.0
912871,subject_difficulty_screen,460.7,189.3,1681.0
912872,subject_difficulty_screen,460.6,189.2,1681.0
912873,subject_difficulty_screen,460.9,189.3,1681.0
912874,subject_difficulty_screen,461.2,189.5,1682.0
912875,subject_difficulty_screen,461.2,189.5,1683.0
912876,subject_difficulty_screen,460.8,189.5,1684.0
912877,subject_difficulty_screen,460.5,189.4,1683.0
912878,subject_difficulty_screen,460.5,189.0,1682.0
912879,subject_difficulty_screen,460.5,188.6,1681.0
912880,subject_difficulty_screen,460.3,188.5,1681.0
912881,subject_difficulty_screen,460.0,188.9,1680.0
912882,subject_difficulty_screen,459.9,189.4,1678.0
912883,subject_difficulty_screen,460.0,189.5,1677.0
912884,subject_difficulty_screen,460.1,189.5,1678.0
912885,subject_difficulty_screen,460.2,189.0,1680.0
912886,subject_difficulty_screen,460.2,188.5,1680.0
912887,subject_difficulty_screen,460.3,187.9,1680.0
912888,subject_difficulty_screen,460.1,187.9,1677.0
912889,subject_difficulty_screen,459.7,187.8,1674.0
912890,subject_difficulty_screen,459.3,187.9,1671.0
912891,subject_difficulty_screen,459.2,187.9,1671.0
912892,subject_difficulty_screen,459.2,187.8,1672.0
912893,subject_difficulty_screen,459.2,187.7,1674.0
912894,subject_difficulty_screen,458.8,187.9,1673.0
912895,subject_difficulty_screen,458.5,188.1,1672.0
912896,subject_difficulty_screen,458.7,188.1,1673.0
912897,subject_difficulty_screen,459.2,188.0,1674.0
912898,subject_difficulty_screen,459.5,188.1,1675.0
912899,subject_difficulty_screen,459.4,188.5,1673.0
912900,subject_difficulty_screen,459.4,188.8,1672.0
912901,subject_difficulty_screen,459.6,188.8,1671.0
912902,subject_difficulty_screen,459.0,188.7,1670.0
912903,subject_difficulty_screen,458.3,188.8,1668.0
912904,subject_difficulty_screen,457.7,188.9,1668.0
912905,subject_difficulty_screen,457.7,189.1,1669.0
912906,subject_difficulty_screen,457.6,189.0,1669.0
912907,subject_difficulty_screen,457.6,188.8,1669.0
912908,subject_difficulty_screen,457.8,188.5,1668.0
912909,subject_difficulty_screen,458.2,188.3,1667.0
912910,subject_difficulty_screen,458.4,188.7,1667.0
912911,subject_difficulty_screen,458.3,189.0,1666.0
912912,subject_difficulty_screen,458.0,189.2,1667.0
912913,subject_difficulty_screen,457.8,189.2,1667.0
912914,subject_difficulty_screen,457.5,189.1,1667.0
912915,subject_difficulty_screen,457.2,188.9,1667.0
912916,subject_difficulty_screen,457.0,188.7,1666.0
912917,subject_difficulty_screen,457.2,188.6,1666.0
912918,subject_difficulty_screen,457.4,188.6,1665.0
912919,subject_difficulty_screen,457.6,188.4,1665.0
912920,subject_difficulty_screen,457.7,188.2,1666.0
912921,subject_difficulty_screen,457.7,188.0,1665.0
912922,subject_difficulty_screen,457.6,188.3,1665.0
912923,subject_difficulty_screen,457.6,188.7,1665.0
912924,subject_difficulty_screen,457.6,189.1,1664.0
912925,subject_difficulty_screen,457.2,189.1,1664.0
912926,subject_difficulty_screen,456.8,189.0,1663.0
912927,subject_difficulty_screen,456.4,188.8,1663.0
912928,subject_difficulty_screen,456.5,189.1,1663.0
912929,subject_difficulty_screen,456.7,189.5,1663.0
912930,subject_difficulty_screen,456.8,189.5,1664.0
912931,subject_difficulty_screen,457.0,188.9,1663.0
912932,subject_difficulty_screen,457.1,188.4,1663.0
912933,subject_difficulty_screen,457.1,188.5,1662.0
912934,subject_difficulty_screen,457.2,188.7,1663.0
912935,subject_difficulty_screen,457.3,188.9,1663.0
912936,subject_difficulty_screen,457.2,189.1,1664.0
912937,subject_difficulty_screen,457.0,189.2,1663.0
912938,subject_difficulty_screen,456.8,189.2,1662.0
912939,subject_difficulty_screen,456.9,189.3,1662.0
912940,subject_difficulty_screen,457.2,189.3,1662.0
912941,subject_difficulty_screen,457.5,189.3,1662.0
912942,subject_difficulty_screen,457.7,189.4,1663.0
912943,subject_difficulty_screen,457.7,188.9,1662.0
912944,subject_difficulty_screen,457.7,188.5,1661.0
912945,subject_difficulty_screen,458.0,187.8,1660.0
912946,subject_difficulty_screen,457.9,187.6,1659.0
912947,subject_difficulty_screen,457.6,187.5,1659.0
912948,subject_difficulty_screen,457.0,187.6,1660.0
912949,subject_difficulty_screen,456.5,187.8,1660.0
912950,subject_difficulty_screen,456.5,188.2,1660.0
912951,subject_difficulty_screen,457.1,188.3,1660.0
912952,subject_difficulty_screen,457.6,188.4,1660.0
912953,subject_difficulty_screen,457.9,188.4,1661.0
912954,subject_difficulty_screen,457.8,188.3,1661.0
912955,subject_difficulty_screen,457.7,188.3,1662.0
912956,subject_difficulty_screen,458.1,188.4,1661.0
912957,subject_difficulty_screen,458.5,188.6,1660.0
912958,subject_difficulty_screen,458.6,188.8,1660.0
912959,subject_difficulty_screen,457.7,188.8,1660.0
912960,subject_difficulty_screen,456.6,188.9,1661.0
912961,subject_difficulty_screen,455.7,188.8,1661.0
912962,subject_difficulty_screen,455.3,189.0,1661.0
912963,subject_difficulty_screen,455.2,189.1,1662.0
912964,subject_difficulty_screen,455.9,189.3,1663.0
912965,subject_difficulty_screen,458.1,189.3,1664.0
912966,subject_difficulty_screen,462.0,189.3,1665.0
912967,subject_difficulty_screen,465.9,189.5,1665.0
912968,subject_difficulty_screen,470.8,189.7,1665.0
912969,subject_difficulty_screen,474.8,189.9,1664.0
912970,subject_difficulty_screen,480.4,189.9,1664.0
912971,subject_difficulty_screen,487.0,190.1,1664.0
912972,subject_difficulty_screen,496.3,190.7,1664.0
912973,subject_difficulty_screen,504.7,191.1,1664.0
912974,subject_difficulty_screen,513.0,191.4,1664.0
912975,subject_difficulty_screen,519.4,191.1,1665.0
912976,subject_difficulty_screen,526.8,190.8,1666.0
912977,subject_difficulty_screen,534.6,190.6,1666.0
912978,subject_difficulty_screen,543.0,189.2,1667.0
912979,subject_difficulty_screen,549.1,187.9,1664.0
912980,subject_difficulty_screen,553.5,186.6,1660.0
912981,subject_difficulty_screen,556.8,186.5,1659.0
912982,subject_difficulty_screen,560.7,185.8,1660.0
912983,subject_difficulty_screen,564.1,185.2,1660.0
912984,subject_difficulty_screen,567.7,184.7,1659.0
912985,subject_difficulty_screen,572.3,184.5,1659.0
912986,subject_difficulty_screen,576.2,184.4,1660.0
912987,subject_difficulty_screen,579.0,184.6,1659.0
912988,subject_difficulty_screen,579.6,185.3,1657.0
912989,subject_difficulty_screen,579.6,186.1,1653.0
912990,subject_difficulty_screen,579.8,187.3,1652.0
912991,subject_difficulty_screen,580.3,188.2,1650.0
912992,subject_difficulty_screen,581.6,190.0,1650.0
912993,subject_difficulty_screen,583.3,191.1,1650.0
912994,subject_difficulty_screen,584.9,192.3,1650.0
912995,subject_difficulty_screen,586.3,192.5,1651.0
912996,subject_difficulty_screen,587.1,192.7,1653.0
912997,subject_difficulty_screen,588.0,193.1,1655.0
912998,subject_difficulty_screen,588.3,193.6,1656.0
912999,subject_difficulty_screen,588.5,194.2,1656.0
913000,subject_difficulty_screen,588.5,193.7,1657.0
913001,subject_difficulty_screen,587.9,193.1,1657.0
913002,subject_difficulty_screen,587.4,192.0,1658.0
913003,subject_difficulty_screen,586.8,191.5,1657.0
913004,subject_difficulty_screen,586.8,190.9,1656.0
913005,subject_difficulty_screen,586.6,190.8,1656.0
913006,subject_difficulty_screen,586.5,190.5,1656.0
913007,subject_difficulty_screen,586.5,190.3,1656.0
913008,subject_difficulty_screen,586.5,189.9,1655.0
913009,subject_difficulty_screen,586.5,189.7,1653.0
913010,subject_difficulty_screen,586.5,189.7,1652.0
913011,subject_difficulty_screen,586.6,190.1,1651.0
913012,subject_difficulty_screen,586.7,190.5,1651.0
913013,subject_difficulty_screen,586.8,190.6,1650.0
913014,subject_difficulty_screen,587.0,190.6,1650.0
913015,subject_difficulty_screen,587.3,190.5,1650.0
913016,subject_difficulty_screen,587.5,190.9,1650.0
913017,subject_difficulty_screen,587.7,191.4,1651.0
913018,subject_difficulty_screen,587.6,191.8,1650.0
913019,subject_difficulty_screen,587.5,191.8,1649.0
913020,subject_difficulty_screen,587.4,192.1,1649.0
913021,subject_difficulty_screen,587.4,192.4,1650.0
913022,subject_difficulty_screen,587.6,192.6,1651.0
913023,subject_difficulty_screen,587.6,192.4,1652.0
913024,subject_difficulty_screen,587.6,192.3,1653.0
913025,subject_difficulty_screen,587.9,192.3,1653.0
913026,subject_difficulty_screen,588.3,192.3,1653.0
913027,subject_difficulty_screen,588.7,192.2,1654.0
913028,subject_difficulty_screen,588.7,192.1,1654.0
913029,subject_difficulty_screen,588.8,192.0,1653.0
913030,subject_difficulty_screen,588.7,192.0,1651.0
913031,subject_difficulty_screen,588.7,192.0,1649.0
913032,subject_difficulty_screen,588.7,191.9,1648.0
913033,subject_difficulty_screen,588.7,191.8,1648.0
913034,subject_difficulty_screen,588.7,191.7,1647.0
913035,subject_difficulty_screen,588.6,191.5,1647.0
913036,subject_difficulty_screen,588.9,191.4,1647.0
913037,subject_difficulty_screen,589.3,191.4,1648.0
913038,subject_difficulty_screen,589.7,191.5,1647.0
913039,subject_difficulty_screen,589.7,191.5,1645.0
913040,subject_difficulty_screen,589.8,191.5,1643.0
913041,subject_difficulty_screen,589.7,191.5,1642.0
913042,subject_difficulty_screen,589.8,191.6,1641.0
913043,subject_difficulty_screen,589.8,191.3,1642.0
913044,subject_difficulty_screen,589.8,191.0,1643.0
913045,subject_difficulty_screen,589.8,190.7,1644.0
913046,subject_difficulty_screen,589.8,190.7,1643.0
913047,subject_difficulty_screen,589.9,190.8,1641.0
913048,subject_difficulty_screen,589.8,190.9,1638.0
913049,subject_difficulty_screen,589.8,191.0,1637.0
913050,subject_difficulty_screen,589.8,191.2,1635.0
913051,subject_difficulty_screen,589.4,191.4,1634.0
913052,subject_difficulty_screen,589.1,191.6,1633.0
913053,subject_difficulty_screen,588.9,191.5,1631.0
913054,subject_difficulty_screen,589.1,191.3,1630.0
913055,subject_difficulty_screen,589.2,191.0,1630.0
913056,subject_difficulty_screen,589.2,190.9,1630.0
913057,subject_difficulty_screen,589.2,190.8,1630.0
913058,subject_difficulty_screen,589.1,190.8,1628.0
913059,subject_difficulty_screen,589.1,190.8,1625.0
913060,subject_difficulty_screen,589.0,190.8,1623.0
913061,subject_difficulty_screen,589.0,190.7,1622.0
913062,subject_difficulty_screen,588.9,190.7,1622.0
913063,subject_difficulty_screen,588.8,190.8,1621.0
913064,subject_difficulty_screen,588.9,190.9,1620.0
913065,subject_difficulty_screen,589.2,190.5,1620.0
913066,subject_difficulty_screen,589.4,190.1,1620.0
913067,subject_difficulty_screen,589.0,189.7,1621.0
913068,subject_difficulty_screen,588.4,189.7,1621.0
913069,subject_difficulty_screen,587.8,189.7,1619.0
913070,subject_difficulty_screen,587.8,189.7,1617.0
913071,subject_difficulty_screen,587.8,190.1,1615.0
913072,subject_difficulty_screen,587.8,190.6,1615.0
913073,subject_difficulty_screen,587.7,191.1,1617.0
913074,subject_difficulty_screen,587.7,191.1,1618.0
913075,subject_difficulty_screen,587.4,191.2,1622.0
913076,subject_difficulty_screen,587.2,191.4,1624.0
913077,subject_difficulty_screen,587.0,191.1,1624.0
913078,subject_difficulty_screen,587.3,190.8,1622.0
913079,subject_difficulty_screen,587.4,190.9,1620.0
913080,subject_difficulty_screen,587.6,191.4,1619.0
913081,subject_difficulty_screen,587.5,192.4,1618.0
913082,subject_difficulty_screen,587.7,192.8,1618.0
913083,subject_difficulty_screen,587.9,193.2,1618.0
913084,subject_difficulty_screen,587.4,193.2,1620.0
913085,subject_difficulty_screen,586.8,193.2,1623.0
913086,subject_difficulty_screen,586.2,193.2,1623.0
913087,subject_difficulty_screen,586.4,193.3,1620.0
913088,subject_difficulty_screen,586.6,193.6,1618.0
913089,subject_difficulty_screen,586.6,193.9,1618.0
913090,subject_difficulty_screen,586.4,194.3,1618.0
913091,subject_difficulty_screen,586.3,194.1,1617.0
913092,subject_difficulty_screen,586.3,194.0,1617.0
913093,subject_difficulty_screen,586.4,193.8,1618.0
913094,subject_difficulty_screen,586.2,193.8,1620.0
913095,subject_difficulty_screen,586.0,193.8,1621.0
913096,subject_difficulty_screen,585.8,193.8,1620.0
913097,subject_difficulty_screen,585.8,193.8,1618.0
913098,subject_difficulty_screen,585.9,193.8,1616.0
913099,subject_difficulty_screen,586.0,193.9,1614.0
913100,subject_difficulty_screen,586.2,193.9,1612.0
913101,subject_difficulty_screen,586.1,194.6,1610.0
913102,subject_difficulty_screen,585.9,195.2,1611.0
913103,subject_difficulty_screen,585.7,196.0,1614.0
913104,subject_difficulty_screen,585.6,196.0,1616.0
913105,subject_difficulty_screen,585.6,195.8,1617.0
913106,subject_difficulty_screen,585.6,195.4,1618.0
913107,subject_difficulty_screen,585.7,195.1,1618.0
913108,subject_difficulty_screen,585.8,194.8,1617.0
913109,subject_difficulty_screen,585.9,194.5,1615.0
913110,subject_difficulty_screen,586.0,194.3,1614.0
913111,subject_difficulty_screen,586.0,194.4,1612.0
913112,subject_difficulty_screen,586.0,194.4,1611.0
913113,subject_difficulty_screen,586.0,194.3,1611.0
913114,subject_difficulty_screen,586.0,194.1,1611.0
913115,subject_difficulty_screen,585.9,194.4,1611.0
913116,subject_difficulty_screen,585.8,194.6,1611.0
913117,subject_difficulty_screen,585.6,194.9,1611.0
913118,subject_difficulty_screen,585.6,194.8,1611.0
913119,subject_difficulty_screen,586.1,194.7,1611.0
913120,subject_difficulty_screen,586.5,194.1,1610.0
913121,subject_difficulty_screen,587.0,193.5,1609.0
913122,subject_difficulty_screen,587.0,193.3,1609.0
913123,subject_difficulty_screen,587.1,193.7,1610.0
913124,subject_difficulty_screen,587.2,194.2,1610.0
913125,subject_difficulty_screen,587.3,194.2,1610.0
913126,subject_difficulty_screen,587.3,194.2,1610.0
913127,subject_difficulty_screen,587.4,194.3,1610.0
913128,subject_difficulty_screen,587.5,194.2,1610.0
913129,subject_difficulty_screen,587.6,194.1,1609.0
913130,subject_difficulty_screen,587.6,193.9,1606.0
913131,subject_difficulty_screen,587.5,193.7,1603.0
913132,subject_difficulty_screen,587.3,193.6,1602.0
913133,subject_difficulty_screen,587.2,193.4,1602.0
913134,subject_difficulty_screen,587.2,193.2,1603.0
913135,subject_difficulty_screen,587.2,193.5,1605.0
913136,subject_difficulty_screen,587.3,194.0,1606.0
913137,subject_difficulty_screen,587.5,194.2,1607.0
913138,subject_difficulty_screen,587.6,194.1,1607.0
913139,subject_difficulty_screen,587.6,193.9,1606.0
913140,subject_difficulty_screen,587.6,194.0,1603.0
913141,subject_difficulty_screen,587.6,194.1,1602.0
913142,subject_difficulty_screen,587.7,194.0,1601.0
913143,subject_difficulty_screen,588.0,193.8,1602.0
913144,subject_difficulty_screen,588.4,193.6,1604.0
913145,subject_difficulty_screen,588.7,193.5,1604.0
913146,subject_difficulty_screen,588.7,193.7,1605.0
913147,subject_difficulty_screen,588.7,193.9,1605.0
913148,subject_difficulty_screen,588.8,194.2,1604.0
913149,subject_difficulty_screen,588.8,194.4,1603.0
913150,subject_difficulty_screen,588.7,194.7,1601.0
913151,subject_difficulty_screen,588.4,194.5,1599.0
913152,subject_difficulty_screen,588.1,194.2,1598.0
913153,subject_difficulty_screen,587.6,193.4,1599.0
913154,subject_difficulty_screen,587.3,193.0,1599.0
913155,subject_difficulty_screen,587.1,193.1,1599.0
913156,subject_difficulty_screen,587.2,193.7,1599.0
913157,subject_difficulty_screen,587.1,194.2,1599.0
913158,subject_difficulty_screen,586.9,193.8,1600.0
913159,subject_difficulty_screen,586.6,193.4,1600.0
913160,subject_difficulty_screen,586.4,192.5,1600.0
913161,subject_difficulty_screen,586.0,192.1,1599.0
913162,subject_difficulty_screen,585.7,191.7,1599.0
913163,subject_difficulty_screen,585.6,191.8,1599.0
913164,subject_difficulty_screen,585.6,191.7,1599.0
913165,subject_difficulty_screen,585.7,191.4,1599.0
913166,subject_difficulty_screen,585.9,191.2,1599.0
913167,subject_difficulty_screen,586.0,191.1,1598.0
913168,subject_difficulty_screen,585.8,191.0,1598.0
913169,subject_difficulty_screen,585.7,190.9,1599.0
913170,subject_difficulty_screen,585.7,190.8,1600.0
913171,subject_difficulty_screen,585.7,190.8,1600.0
913172,subject_difficulty_screen,585.9,190.8,1599.0
913173,subject_difficulty_screen,586.1,190.9,1599.0
913174,subject_difficulty_screen,585.7,191.1,1600.0
913175,subject_difficulty_screen,585.3,191.3,1602.0
913176,subject_difficulty_screen,584.9,191.4,1602.0
913177,subject_difficulty_screen,585.2,191.7,1601.0
913178,subject_difficulty_screen,585.4,192.0,1599.0
913179,subject_difficulty_screen,585.6,192.2,1597.0
913180,subject_difficulty_screen,585.7,192.1,1595.0
913181,subject_difficulty_screen,585.8,192.1,1595.0
913182,subject_difficulty_screen,585.9,192.2,1595.0
913183,subject_difficulty_screen,585.9,192.1,1596.0
913184,subject_difficulty_screen,585.9,191.8,1596.0
913185,subject_difficulty_screen,585.8,191.6,1596.0
913186,subject_difficulty_screen,586.0,191.7,1596.0
913187,subject_difficulty_screen,586.2,191.7,1596.0
913188,subject_difficulty_screen,586.6,191.7,1597.0
913189,subject_difficulty_screen,587.0,191.7,1597.0
913190,subject_difficulty_screen,587.5,191.7,1596.0
913191,subject_difficulty_screen,588.0,191.9,1595.0
913192,subject_difficulty_screen,588.2,192.4,1594.0
913193,subject_difficulty_screen,588.2,193.1,1595.0
913194,subject_difficulty_screen,588.1,193.5,1597.0
913195,subject_difficulty_screen,588.2,193.5,1598.0
913196,subject_difficulty_screen,588.4,193.5,1599.0
913197,subject_difficulty_screen,588.6,193.4,1598.0
913198,subject_difficulty_screen,588.7,193.2,1598.0
913199,subject_difficulty_screen,588.8,192.9,1597.0
913200,subject_difficulty_screen,588.9,192.5,1596.0
913201,subject_difficulty_screen,588.8,192.1,1594.0
913202,subject_difficulty_screen,588.9,192.1,1594.0
913203,subject_difficulty_screen,588.9,192.3,1595.0
913204,subject_difficulty_screen,589.0,192.5,1596.0
913205,subject_difficulty_screen,589.3,192.6,1598.0
913206,subject_difficulty_screen,589.5,193.1,1597.0
913207,subject_difficulty_screen,589.7,193.5,1597.0
913208,subject_difficulty_screen,589.8,193.7,1596.0
913209,subject_difficulty_screen,589.8,193.8,1596.0
913210,subject_difficulty_screen,589.8,194.0,1596.0
913211,subject_difficulty_screen,589.8,194.4,1596.0
913212,subject_difficulty_screen,589.9,194.7,1594.0
913213,subject_difficulty_screen,590.0,194.4,1593.0
913214,subject_difficulty_screen,590.0,193.8,1592.0
913215,subject_difficulty_screen,590.0,193.1,1593.0
913216,subject_difficulty_screen,590.0,193.1,1594.0
913217,subject_difficulty_screen,590.0,193.3,1596.0
913218,subject_difficulty_screen,589.9,193.7,1596.0
913219,subject_difficulty_screen,589.7,193.9,1596.0
913220,subject_difficulty_screen,589.6,193.7,1595.0
913221,subject_difficulty_screen,589.5,193.3,1596.0
913222,subject_difficulty_screen,589.6,193.0,1596.0
913223,subject_difficulty_screen,589.5,193.1,1596.0
913224,subject_difficulty_screen,589.3,193.3,1596.0
913225,subject_difficulty_screen,589.3,193.4,1596.0
913226,subject_difficulty_screen,589.4,193.5,1596.0
913227,subject_difficulty_screen,589.5,194.0,1596.0
913228,subject_difficulty_screen,589.2,194.4,1596.0
913229,subject_difficulty_screen,589.0,194.5,1595.0
913230,subject_difficulty_screen,588.8,194.2,1593.0
913231,subject_difficulty_screen,588.9,193.8,1593.0
913232,subject_difficulty_screen,589.3,193.9,1594.0
913233,subject_difficulty_screen,589.9,194.1,1594.0
913234,subject_difficulty_screen,590.5,194.3,1594.0
913235,subject_difficulty_screen,591.0,194.4,1594.0
913236,subject_difficulty_screen,591.3,194.5,1594.0
913237,subject_difficulty_screen,591.6,194.5,1595.0
913238,subject_difficulty_screen,591.7,194.6,1595.0
913239,subject_difficulty_screen,590.4,195.0,1595.0
913240,subject_difficulty_screen,588.2,195.6,1595.0
913241,subject_difficulty_screen,584.7,196.1,1597.0
913242,subject_difficulty_screen,580.6,195.7,1598.0
913243,subject_difficulty_screen,575.2,194.5,1601.0
913244,subject_difficulty_screen,570.0,192.9,1603.0
913245,subject_difficulty_screen,563.1,191.9,1605.0
913246,subject_difficulty_screen,554.7,191.6,1607.0
913247,subject_difficulty_screen,544.8,191.7,1608.0
913248,subject_difficulty_screen,534.7,191.4,1608.0
913249,subject_difficulty_screen,525.3,190.3,1609.0
913250,subject_difficulty_screen,515.5,189.2,1609.0
913251,subject_difficulty_screen,505.4,187.7,1612.0
913252,subject_difficulty_screen,495.3,186.9,1613.0
913253,subject_difficulty_screen,486.4,186.0,1614.0
913254,subject_difficulty_screen,479.3,185.8,1614.0
913255,subject_difficulty_screen,472.4,185.9,1614.0
913256,subject_difficulty_screen,465.5,186.1,1615.0
913257,subject_difficulty_screen,458.3,186.3,1614.0
913258,subject_difficulty_screen,451.8,186.2,1610.0
913259,subject_difficulty_screen,445.9,186.1,1606.0
913260,subject_difficulty_screen,441.6,186.0,1604.0
913261,subject_difficulty_screen,437.2,186.1,1604.0
913262,subject_difficulty_screen,431.6,187.0,1605.0
913263,subject_difficulty_screen,425.2,188.1,1606.0
913264,subject_difficulty_screen,420.0,189.2,1607.0
913265,subject_difficulty_screen,416.3,189.8,1607.0
913266,subject_difficulty_screen,413.2,190.2,1606.0
913267,subject_difficulty_screen,409.5,190.1,1603.0
913268,subject_difficulty_screen,406.1,189.6,1600.0
913269,subject_difficulty_screen,402.8,188.5,1598.0
913270,subject_difficulty_screen,400.0,187.7,1598.0
913271,subject_difficulty_screen,396.8,187.0,1598.0
913272,subject_difficulty_screen,394.0,186.9,1598.0
913273,subject_difficulty_screen,390.8,186.8,1599.0
913274,subject_difficulty_screen,387.8,186.9,1600.0
913275,subject_difficulty_screen,385.6,186.7,1600.0
913276,subject_difficulty_screen,384.2,186.3,1600.0
913277,subject_difficulty_screen,383.9,185.9,1600.0
913278,subject_difficulty_screen,383.8,186.0,1599.0
913279,subject_difficulty_screen,384.5,186.1,1597.0
913280,subject_difficulty_screen,385.6,186.8,1596.0
913281,subject_difficulty_screen,386.9,187.8,1596.0
913282,subject_difficulty_screen,388.6,188.7,1595.0
913283,subject_difficulty_screen,391.0,189.0,1596.0
913284,subject_difficulty_screen,393.3,189.5,1598.0
913285,subject_difficulty_screen,395.3,190.1,1601.0
913286,subject_difficulty_screen,396.5,190.7,1602.0
913287,subject_difficulty_screen,398.0,190.8,1604.0
913288,subject_difficulty_screen,398.8,190.7,1604.0
913289,subject_difficulty_screen,399.4,190.7,1603.0
913290,subject_difficulty_screen,399.8,190.8,1604.0
913291,subject_difficulty_screen,400.2,190.8,1605.0
913292,subject_difficulty_screen,400.2,190.8,1606.0
913293,subject_difficulty_screen,400.0,190.8,1605.0
913294,subject_difficulty_screen,399.7,190.8,1605.0
913295,subject_difficulty_screen,399.7,190.8,1604.0
913296,subject_difficulty_screen,399.4,190.8,1604.0
913297,subject_difficulty_screen,399.1,190.7,1602.0
913298,subject_difficulty_screen,398.5,190.6,1600.0
913299,subject_difficulty_screen,398.3,190.5,1599.0
913300,subject_difficulty_screen,398.0,190.4,1598.0
913301,subject_difficulty_screen,398.0,190.4,1597.0
913302,subject_difficulty_screen,397.9,191.1,1597.0
913303,subject_difficulty_screen,397.8,191.7,1596.0
913304,subject_difficulty_screen,397.8,192.1,1595.0
913305,subject_difficulty_screen,397.9,191.9,1595.0
913306,subject_difficulty_screen,397.9,191.7,1596.0
913307,subject_difficulty_screen,397.8,191.9,1597.0
913308,subject_difficulty_screen,397.7,192.0,1596.0
913309,subject_difficulty_screen,397.6,192.2,1594.0
913310,subject_difficulty_screen,397.3,192.3,1592.0
913311,subject_difficulty_screen,397.0,192.5,1591.0
913312,subject_difficulty_screen,396.9,192.4,1590.0
913313,subject_difficulty_screen,397.1,192.2,1591.0
913314,subject_difficulty_screen,397.2,192.1,1592.0
913315,subject_difficulty_screen,397.2,192.0,1593.0
913316,subject_difficulty_screen,397.2,191.9,1593.0
913317,subject_difficulty_screen,397.3,191.9,1592.0
913318,subject_difficulty_screen,397.4,191.9,1591.0
913319,subject_difficulty_screen,397.4,191.6,1590.0
913320,subject_difficulty_screen,397.2,191.4,1590.0
913321,subject_difficulty_screen,397.0,191.2,1590.0
913322,subject_difficulty_screen,397.0,191.3,1590.0
913323,subject_difficulty_screen,396.9,191.4,1591.0
913324,subject_difficulty_screen,396.7,191.2,1592.0
913325,subject_difficulty_screen,396.6,191.0,1594.0
913326,subject_difficulty_screen,396.7,190.8,1593.0
913327,subject_difficulty_screen,396.9,191.0,1591.0
913328,subject_difficulty_screen,396.9,191.3,1589.0
913329,subject_difficulty_screen,396.9,191.5,1589.0
913330,subject_difficulty_screen,397.1,191.5,1589.0
913331,subject_difficulty_screen,397.6,191.0,1588.0
913332,subject_difficulty_screen,397.8,190.5,1586.0
913333,subject_difficulty_screen,397.5,190.1,1585.0
913334,subject_difficulty_screen,397.2,190.0,1586.0
913335,subject_difficulty_screen,397.1,189.9,1588.0
913336,subject_difficulty_screen,397.1,189.9,1589.0
913337,subject_difficulty_screen,397.1,189.9,1591.0
913338,subject_difficulty_screen,396.9,189.4,1592.0
913339,subject_difficulty_screen,396.5,188.8,1592.0
913340,subject_difficulty_screen,396.2,188.3,1590.0
913341,subject_difficulty_screen,396.5,188.5,1589.0
913342,subject_difficulty_screen,396.8,188.7,1589.0
913343,subject_difficulty_screen,396.7,188.9,1589.0
913344,subject_difficulty_screen,396.2,188.6,1588.0
913345,subject_difficulty_screen,395.7,188.4,1586.0
913346,subject_difficulty_screen,395.7,188.1,1586.0
913347,subject_difficulty_screen,395.6,188.2,1587.0
913348,subject_difficulty_screen,395.7,188.2,1588.0
913349,subject_difficulty_screen,395.8,188.3,1588.0
913350,subject_difficulty_screen,395.9,188.7,1587.0
913351,subject_difficulty_screen,396.1,189.2,1588.0
913352,subject_difficulty_screen,396.3,189.7,1588.0
913353,subject_difficulty_screen,396.6,190.1,1588.0
913354,subject_difficulty_screen,396.7,190.6,1587.0
913355,subject_difficulty_screen,396.6,190.8,1588.0
913356,subject_difficulty_screen,396.7,190.6,1589.0
913357,subject_difficulty_screen,396.9,190.6,1591.0
913358,subject_difficulty_screen,397.1,191.1,1591.0
913359,subject_difficulty_screen,397.3,191.7,1591.0
913360,subject_difficulty_screen,397.3,192.0,1590.0
913361,subject_difficulty_screen,397.3,192.3,1589.0
913362,subject_difficulty_screen,397.5,192.5,1588.0
913363,subject_difficulty_screen,397.8,192.9,1588.0
913364,subject_difficulty_screen,398.3,193.3,1588.0
913365,subject_difficulty_screen,398.5,193.6,1588.0
913366,subject_difficulty_screen,398.7,193.5,1589.0
913367,subject_difficulty_screen,398.8,193.5,1589.0
913368,subject_difficulty_screen,398.9,193.7,1589.0
913369,subject_difficulty_screen,399.0,194.0,1588.0
913370,subject_difficulty_screen,399.0,194.4,1584.0
913371,subject_difficulty_screen,399.0,194.6,1581.0
913372,subject_difficulty_screen,399.1,194.8,1582.0
913373,subject_difficulty_screen,399.1,194.8,1584.0
913374,subject_difficulty_screen,399.1,194.7,1586.0
913375,subject_difficulty_screen,399.0,194.6,1585.0
913376,subject_difficulty_screen,398.9,194.5,1585.0
913377,subject_difficulty_screen,398.8,194.7,1584.0
913378,subject_difficulty_screen,398.8,195.0,1583.0
913379,subject_difficulty_screen,398.7,195.4,1583.0
913380,subject_difficulty_screen,399.0,195.4,1583.0
913381,subject_difficulty_screen,399.2,195.4,1582.0
913382,subject_difficulty_screen,398.7,195.5,1582.0
913383,subject_difficulty_screen,398.0,195.6,1583.0
913384,subject_difficulty_screen,397.2,195.4,1585.0
913385,subject_difficulty_screen,397.2,194.8,1586.0
913386,subject_difficulty_screen,397.3,194.3,1585.0
913387,subject_difficulty_screen,397.7,194.1,1584.0
913388,subject_difficulty_screen,398.1,194.2,1582.0
913389,subject_difficulty_screen,398.4,194.3,1582.0
913390,subject_difficulty_screen,398.4,194.4,1581.0
913391,subject_difficulty_screen,398.6,194.3,1579.0
913392,subject_difficulty_screen,398.7,194.3,1579.0
913393,subject_difficulty_screen,398.5,194.7,1579.0
913394,subject_difficulty_screen,398.1,195.1,1580.0
913395,subject_difficulty_screen,397.8,195.6,1580.0
913396,subject_difficulty_screen,398.0,195.8,1580.0
913397,subject_difficulty_screen,398.0,196.0,1579.0
913398,subject_difficulty_screen,397.7,196.1,1579.0
913399,subject_difficulty_screen,397.4,195.7,1578.0
913400,subject_difficulty_screen,397.3,195.2,1580.0
913401,subject_difficulty_screen,397.3,195.2,1581.0
913402,subject_difficulty_screen,397.3,195.8,1582.0
913403,subject_difficulty_screen,397.2,196.6,1584.0
913404,subject_difficulty_screen,397.1,196.9,1586.0
913405,subject_difficulty_screen,397.0,196.6,1588.0
913406,subject_difficulty_screen,397.0,195.9,1588.0
913407,subject_difficulty_screen,397.0,195.1,1585.0
913408,subject_difficulty_screen,396.9,194.8,1583.0
913409,subject_difficulty_screen,396.8,194.7,1582.0
913410,subject_difficulty_screen,397.0,194.7,1582.0
913411,subject_difficulty_screen,397.2,194.7,1582.0
913412,subject_difficulty_screen,397.3,194.7,1582.0
913413,subject_difficulty_screen,397.3,194.6,1582.0
913414,subject_difficulty_screen,397.3,194.5,1582.0
913415,subject_difficulty_screen,397.5,194.8,1582.0
913416,subject_difficulty_screen,397.7,195.0,1582.0
913417,subject_difficulty_screen,397.6,195.0,1581.0
913418,subject_difficulty_screen,397.5,194.8,1579.0
913419,subject_difficulty_screen,397.3,194.4,1577.0
913420,subject_difficulty_screen,397.4,194.3,1576.0
913421,subject_difficulty_screen,397.4,194.2,1577.0
913422,subject_difficulty_screen,397.3,194.2,1578.0
913423,subject_difficulty_screen,397.3,193.7,1579.0
913424,subject_difficulty_screen,397.3,193.4,1579.0
913425,subject_difficulty_screen,397.3,193.1,1578.0
913426,subject_difficulty_screen,397.2,193.3,1578.0
913427,subject_difficulty_screen,397.2,193.3,1579.0
913428,subject_difficulty_screen,397.3,192.9,1579.0
913429,subject_difficulty_screen,397.4,192.6,1580.0
913430,subject_difficulty_screen,397.4,192.2,1579.0
913431,subject_difficulty_screen,397.6,192.2,1579.0
913432,subject_difficulty_screen,397.8,192.1,1578.0
913433,subject_difficulty_screen,398.0,192.0,1578.0
913434,subject_difficulty_screen,397.8,192.0,1578.0
913435,subject_difficulty_screen,397.6,192.2,1578.0
913436,subject_difficulty_screen,397.4,192.5,1578.0
913437,subject_difficulty_screen,397.6,192.5,1578.0
913438,subject_difficulty_screen,397.6,192.4,1577.0
913439,subject_difficulty_screen,397.6,191.8,1577.0
913440,subject_difficulty_screen,397.6,191.3,1576.0
913441,subject_difficulty_screen,397.7,191.0,1576.0
913442,subject_difficulty_screen,397.7,191.2,1575.0
913443,subject_difficulty_screen,398.2,191.4,1576.0
913444,subject_difficulty_screen,398.6,191.3,1577.0
913445,subject_difficulty_screen,399.2,191.3,1577.0
913446,subject_difficulty_screen,399.2,191.5,1577.0
913447,subject_difficulty_screen,399.0,191.9,1576.0
913448,subject_difficulty_screen,398.7,192.2,1576.0
913449,subject_difficulty_screen,398.5,192.0,1576.0
913450,subject_difficulty_screen,398.5,191.8,1576.0
913451,subject_difficulty_screen,398.5,191.6,1576.0
913452,subject_difficulty_screen,398.4,191.5,1575.0
913453,subject_difficulty_screen,398.5,191.5,1574.0
913454,subject_difficulty_screen,398.6,191.5,1575.0
913455,subject_difficulty_screen,399.0,191.3,1576.0
913456,subject_difficulty_screen,399.3,191.2,1575.0
913457,subject_difficulty_screen,399.7,191.3,1574.0
913458,subject_difficulty_screen,399.9,191.6,1572.0
913459,subject_difficulty_screen,400.1,191.9,1572.0
913460,subject_difficulty_screen,400.2,191.9,1572.0
913461,subject_difficulty_screen,400.6,191.7,1572.0
913462,subject_difficulty_screen,401.0,191.7,1572.0
913463,subject_difficulty_screen,401.0,191.9,1572.0
913464,subject_difficulty_screen,400.5,192.2,1572.0
913465,subject_difficulty_screen,400.3,192.5,1571.0
913466,subject_difficulty_screen,400.5,192.8,1570.0
913467,subject_difficulty_screen,400.9,192.8,1571.0
913468,subject_difficulty_screen,401.1,192.6,1570.0
913469,subject_difficulty_screen,401.1,192.4,1570.0
913470,subject_difficulty_screen,400.8,192.2,1570.0
913471,subject_difficulty_screen,400.6,192.2,1570.0
913472,subject_difficulty_screen,400.5,192.2,1570.0
913473,subject_difficulty_screen,400.5,192.1,1570.0
913474,subject_difficulty_screen,400.8,192.1,1570.0
913475,subject_difficulty_screen,401.1,192.1,1570.0
913476,subject_difficulty_screen,401.4,192.1,1569.0
913477,subject_difficulty_screen,401.6,192.5,1568.0
913478,subject_difficulty_screen,401.8,192.8,1568.0
913479,subject_difficulty_screen,402.0,193.3,1568.0
913480,subject_difficulty_screen,402.0,193.5,1567.0
913481,subject_difficulty_screen,402.0,193.7,1566.0
913482,subject_difficulty_screen,402.1,193.7,1566.0
913483,subject_difficulty_screen,402.1,193.7,1566.0
913484,subject_difficulty_screen,402.4,193.6,1566.0
913485,subject_difficulty_screen,402.6,193.4,1567.0
913486,subject_difficulty_screen,402.8,193.1,1567.0
913487,subject_difficulty_screen,402.9,192.8,1566.0
913488,subject_difficulty_screen,402.8,192.7,1565.0
913489,subject_difficulty_screen,402.8,192.8,1564.0
913490,subject_difficulty_screen,402.7,192.9,1565.0
913491,subject_difficulty_screen,402.5,192.9,1565.0
913492,subject_difficulty_screen,402.4,192.8,1564.0
913493,subject_difficulty_screen,402.3,192.6,1563.0
913494,subject_difficulty_screen,402.7,192.7,1561.0
913495,subject_difficulty_screen,403.2,192.8,1561.0
913496,subject_difficulty_screen,403.6,193.3,1561.0
913497,subject_difficulty_screen,403.6,193.6,1563.0
913498,subject_difficulty_screen,403.3,193.7,1564.0
913499,subject_difficulty_screen,403.1,193.4,1564.0
913500,subject_difficulty_screen,402.8,193.1,1562.0
913501,subject_difficulty_screen,402.7,192.9,1561.0
913502,subject_difficulty_screen,402.6,192.8,1561.0
913503,subject_difficulty_screen,402.9,192.8,1561.0
913504,subject_difficulty_screen,403.3,193.2,1561.0
913505,subject_difficulty_screen,403.7,193.6,1561.0
913506,subject_difficulty_screen,403.7,193.7,1560.0
913507,subject_difficulty_screen,403.7,193.4,1560.0
913508,subject_difficulty_screen,403.8,193.1,1561.0
913509,subject_difficulty_screen,403.8,193.1,1562.0
913510,subject_difficulty_screen,403.7,193.1,1561.0
913511,subject_difficulty_screen,403.6,193.1,1560.0
913512,subject_difficulty_screen,403.5,193.2,1558.0
913513,subject_difficulty_screen,403.4,193.2,1558.0
913514,subject_difficulty_screen,403.5,193.0,1560.0
913515,subject_difficulty_screen,403.5,192.7,1560.0
913516,subject_difficulty_screen,403.6,192.4,1559.0
913517,subject_difficulty_screen,403.7,192.5,1558.0
913518,subject_difficulty_screen,403.7,192.6,1558.0
913519,subject_difficulty_screen,403.6,192.9,1558.0
913520,subject_difficulty_screen,403.5,193.3,1558.0
913521,subject_difficulty_screen,403.7,193.7,1557.0
913522,subject_difficulty_screen,404.1,193.7,1556.0
913523,subject_difficulty_screen,404.4,193.6,1556.0
913524,subject_difficulty_screen,404.3,193.5,1556.0
913525,subject_difficulty_screen,404.3,193.4,1557.0
913526,subject_difficulty_screen,404.1,193.3,1557.0
913527,subject_difficulty_screen,403.9,193.2,1557.0
913528,subject_difficulty_screen,403.7,193.2,1557.0
913529,subject_difficulty_screen,403.9,193.3,1558.0
913530,subject_difficulty_screen,404.0,193.6,1559.0
913531,subject_difficulty_screen,404.4,193.8,1560.0
913532,subject_difficulty_screen,404.6,193.9,1561.0
913533,subject_difficulty_screen,404.8,193.8,1560.0
913534,subject_difficulty_screen,404.8,193.7,1561.0
913535,subject_difficulty_screen,404.8,193.6,1562.0
913536,subject_difficulty_screen,404.8,193.4,1563.0
913537,subject_difficulty_screen,404.8,193.2,1563.0
913538,subject_difficulty_screen,404.8,193.1,1561.0
913539,subject_difficulty_screen,404.8,193.2,1560.0
913540,subject_difficulty_screen,404.8,193.3,1558.0
913541,subject_difficulty_screen,404.8,193.3,1559.0
913542,subject_difficulty_screen,404.8,193.5,1558.0
913543,subject_difficulty_screen,404.7,193.7,1558.0
913544,subject_difficulty_screen,404.7,193.8,1558.0
913545,subject_difficulty_screen,404.7,193.7,1558.0
913546,subject_difficulty_screen,404.7,193.6,1558.0
913547,subject_difficulty_screen,404.5,193.5,1559.0
913548,subject_difficulty_screen,404.3,193.5,1559.0
913549,subject_difficulty_screen,404.1,193.5,1559.0
913550,subject_difficulty_screen,404.3,193.6,1558.0
913551,subject_difficulty_screen,404.8,193.7,1556.0
913552,subject_difficulty_screen,405.2,194.0,1554.0
913553,subject_difficulty_screen,405.5,194.2,1555.0
913554,subject_difficulty_screen,405.2,194.0,1557.0
913555,subject_difficulty_screen,404.9,193.6,1559.0
913556,subject_difficulty_screen,404.7,193.3,1559.0
913557,subject_difficulty_screen,404.7,193.4,1559.0
913558,subject_difficulty_screen,404.9,193.5,1559.0
913559,subject_difficulty_screen,405.1,193.6,1559.0
913560,subject_difficulty_screen,405.3,193.7,1560.0
913561,subject_difficulty_screen,405.2,193.8,1560.0
913562,subject_difficulty_screen,405.2,193.9,1560.0
913563,subject_difficulty_screen,405.2,194.1,1560.0
913564,subject_difficulty_screen,405.2,194.3,1559.0
913565,subject_difficulty_screen,405.2,194.5,1559.0
913566,subject_difficulty_screen,405.2,194.5,1561.0
913567,subject_difficulty_screen,405.1,194.5,1561.0
913568,subject_difficulty_screen,405.0,194.6,1561.0
913569,subject_difficulty_screen,405.4,194.6,1560.0
913570,subject_difficulty_screen,405.8,194.5,1560.0
913571,subject_difficulty_screen,406.1,195.0,1560.0
913572,subject_difficulty_screen,406.0,195.4,1561.0
913573,subject_difficulty_screen,405.9,195.7,1562.0
913574,subject_difficulty_screen,405.8,195.6,1563.0
913575,subject_difficulty_screen,405.7,195.5,1563.0
913576,subject_difficulty_screen,405.7,195.5,1564.0
913577,subject_difficulty_screen,405.5,195.4,1564.0
913578,subject_difficulty_screen,405.4,195.1,1564.0
913579,subject_difficulty_screen,405.3,194.7,1564.0
913580,subject_difficulty_screen,405.3,194.6,1565.0
913581,subject_difficulty_screen,405.3,194.7,1565.0
913582,subject_difficulty_screen,405.0,194.9,1566.0
913583,subject_difficulty_screen,404.7,194.9,1567.0
913584,subject_difficulty_screen,404.3,194.9,1567.0
913585,subject_difficulty_screen,404.3,194.9,1568.0
913586,subject_difficulty_screen,404.3,194.9,1568.0
913587,subject_difficulty_screen,404.4,194.9,1568.0
913588,subject_difficulty_screen,404.4,194.9,1568.0
913589,subject_difficulty_screen,404.7,194.8,1569.0
913590,subject_difficulty_screen,405.0,194.8,1568.0
913591,subject_difficulty_screen,405.3,195.0,1568.0
913592,subject_difficulty_screen,405.2,195.4,1568.0
913593,subject_difficulty_screen,404.9,195.7,1568.0
913594,subject_difficulty_screen,404.7,195.7,1568.0
913595,subject_difficulty_screen,404.4,195.7,1569.0
913596,subject_difficulty_screen,404.1,195.4,1570.0
913597,subject_difficulty_screen,403.8,195.2,1570.0
913598,subject_difficulty_screen,403.7,195.1,1570.0
913599,subject_difficulty_screen,403.2,195.6,1570.0
913600,subject_difficulty_screen,402.7,196.1,1569.0
913601,subject_difficulty_screen,402.3,196.3,1568.0
913602,subject_difficulty_screen,402.2,196.2,1568.0
913603,subject_difficulty_screen,402.0,195.9,1567.0
913604,subject_difficulty_screen,401.8,195.8,1567.0
913605,subject_difficulty_screen,401.8,195.8,1568.0
913606,subject_difficulty_screen,401.7,195.9,1568.0
913607,subject_difficulty_screen,402.0,195.9,1567.0
913608,subject_difficulty_screen,402.4,196.0,1567.0
913609,subject_difficulty_screen,402.6,195.8,1567.0
913610,subject_difficulty_screen,402.4,195.5,1566.0
913611,subject_difficulty_screen,402.2,195.2,1567.0
913612,subject_difficulty_screen,402.4,195.1,1569.0
913613,subject_difficulty_screen,402.5,195.0,1570.0
913614,subject_difficulty_screen,402.6,194.9,1570.0
913615,subject_difficulty_screen,402.6,195.0,1571.0
913616,subject_difficulty_screen,402.5,195.3,1572.0
913617,subject_difficulty_screen,402.5,195.6,1572.0
913618,subject_difficulty_screen,402.6,195.7,1571.0
913619,subject_difficulty_screen,403.0,195.6,1570.0
913620,subject_difficulty_screen,403.5,195.6,1569.0
913621,subject_difficulty_screen,404.0,195.3,1569.0
913622,subject_difficulty_screen,404.0,195.0,1570.0
913623,subject_difficulty_screen,404.0,194.7,1571.0
913624,subject_difficulty_screen,403.9,194.7,1572.0
913625,subject_difficulty_screen,403.9,194.6,1573.0
913626,subject_difficulty_screen,403.9,194.6,1573.0
913627,subject_difficulty_screen,404.0,194.5,1575.0
913628,subject_difficulty_screen,404.6,194.5,1575.0
913629,subject_difficulty_screen,405.5,194.5,1575.0
913630,subject_difficulty_screen,406.4,194.5,1575.0
913631,subject_difficulty_screen,406.9,194.4,1575.0
913632,subject_difficulty_screen,407.0,194.3,1574.0
913633,subject_difficulty_screen,406.9,194.1,1574.0
913634,subject_difficulty_screen,406.9,194.0,1574.0
913635,subject_difficulty_screen,406.9,194.0,1575.0
913636,subject_difficulty_screen,407.0,194.0,1575.0
913637,subject_difficulty_screen,407.2,194.1,1575.0
913638,subject_difficulty_screen,407.5,194.3,1575.0
913639,subject_difficulty_screen,407.5,194.6,1575.0
913640,subject_difficulty_screen,407.2,194.8,1576.0
913641,subject_difficulty_screen,406.9,194.7,1576.0
913642,subject_difficulty_screen,406.8,194.3,1576.0
913643,subject_difficulty_screen,406.9,193.8,1576.0
913644,subject_difficulty_screen,406.9,193.5,1577.0
913645,subject_difficulty_screen,406.8,193.4,1578.0
913646,subject_difficulty_screen,406.7,193.4,1579.0
913647,subject_difficulty_screen,406.6,193.6,1579.0
913648,subject_difficulty_screen,406.6,193.8,1580.0
913649,subject_difficulty_screen,406.6,193.8,1580.0
913650,subject_difficulty_screen,406.6,193.8,1579.0
913651,subject_difficulty_screen,406.6,193.7,1577.0
913652,subject_difficulty_screen,406.7,193.7,1577.0
913653,subject_difficulty_screen,406.9,193.8,1578.0
913654,subject_difficulty_screen,406.6,193.8,1579.0
913655,subject_difficulty_screen,406.2,193.8,1580.0
913656,subject_difficulty_screen,405.7,194.2,1580.0
913657,subject_difficulty_screen,405.7,194.5,1580.0
913658,subject_difficulty_screen,405.4,194.9,1581.0
913659,subject_difficulty_screen,404.9,194.9,1582.0
913660,subject_difficulty_screen,404.4,195.0,1582.0
913661,subject_difficulty_screen,404.2,195.1,1581.0
913662,subject_difficulty_screen,403.9,195.1,1580.0
913663,subject_difficulty_screen,403.3,195.1,1578.0
913664,subject_difficulty_screen,402.6,195.1,1577.0
913665,subject_difficulty_screen,402.3,195.1,1577.0
913666,subject_difficulty_screen,402.0,194.7,1578.0
913667,subject_difficulty_screen,401.8,194.3,1580.0
913668,subject_difficulty_screen,401.9,194.2,1580.0
913669,subject_difficulty_screen,402.2,194.4,1580.0
913670,subject_difficulty_screen,402.4,194.6,1578.0
913671,subject_difficulty_screen,402.0,194.6,1577.0
913672,subject_difficulty_screen,401.7,194.5,1576.0
913673,subject_difficulty_screen,401.5,194.5,1577.0
913674,subject_difficulty_screen,401.5,194.4,1579.0
913675,subject_difficulty_screen,402.0,195.2,1580.0
913676,subject_difficulty_screen,402.9,196.0,1581.0
913677,subject_difficulty_screen,404.0,196.9,1581.0
913678,subject_difficulty_screen,405.6,196.8,1581.0
913679,subject_difficulty_screen,407.4,196.4,1582.0
913680,subject_difficulty_screen,409.5,196.0,1582.0
913681,subject_difficulty_screen,411.1,195.6,1583.0
913682,subject_difficulty_screen,413.3,195.7,1582.0
913683,subject_difficulty_screen,417.6,195.9,1585.0
913684,subject_difficulty_screen,424.0,196.2,1587.0
913685,subject_difficulty_screen,432.0,196.4,1590.0
913686,subject_difficulty_screen,439.0,196.4,1591.0
913687,subject_difficulty_screen,445.7,196.3,1592.0
913688,subject_difficulty_screen,452.3,196.9,1593.0
913689,subject_difficulty_screen,461.3,197.6,1593.0
913690,subject_difficulty_screen,469.6,198.5,1593.0
913691,subject_difficulty_screen,477.0,199.2,1592.0
913692,subject_difficulty_screen,482.9,200.0,1592.0
913693,subject_difficulty_screen,489.2,201.2,1592.0
913694,subject_difficulty_screen,496.2,201.7,1594.0
913695,subject_difficulty_screen,502.6,202.1,1597.0
913696,subject_difficulty_screen,506.9,202.0,1599.0
913697,subject_difficulty_screen,511.4,202.0,1599.0
913698,subject_difficulty_screen,516.5,201.8,1599.0
913699,subject_difficulty_screen,523.1,201.2,1598.0
913700,subject_difficulty_screen,529.1,200.5,1597.0
913701,subject_difficulty_screen,534.9,199.7,1595.0
913702,subject_difficulty_screen,539.7,199.5,1593.0
913703,subject_difficulty_screen,543.2,199.5,1590.0
913704,subject_difficulty_screen,545.2,199.7,1590.0
913705,subject_difficulty_screen,548.0,199.9,1592.0
913706,subject_difficulty_screen,550.4,199.6,1593.0
913707,subject_difficulty_screen,552.8,199.3,1592.0
913708,subject_difficulty_screen,554.2,198.8,1591.0
913709,subject_difficulty_screen,555.3,198.2,1593.0
913710,subject_difficulty_screen,556.0,197.5,1595.0
913711,subject_difficulty_screen,556.3,197.1,1596.0
913712,subject_difficulty_screen,556.7,197.2,1595.0
913713,subject_difficulty_screen,556.9,197.1,1591.0
913714,subject_difficulty_screen,556.7,197.1,1587.0
913715,subject_difficulty_screen,556.5,196.9,1585.0
913716,subject_difficulty_screen,556.2,197.1,1585.0
913717,subject_difficulty_screen,556.1,197.1,1586.0
913718,subject_difficulty_screen,556.5,197.1,1586.0
913719,subject_difficulty_screen,556.9,197.3,1586.0
913720,subject_difficulty_screen,557.3,197.4,1585.0
913721,subject_difficulty_screen,557.4,197.4,1584.0
913722,subject_difficulty_screen,557.6,197.2,1583.0
913723,subject_difficulty_screen,557.7,197.2,1583.0
913724,subject_difficulty_screen,557.7,197.5,1582.0
913725,subject_difficulty_screen,557.9,197.8,1582.0
913726,subject_difficulty_screen,558.7,198.1,1584.0
913727,subject_difficulty_screen,559.4,198.3,1587.0
913728,subject_difficulty_screen,559.9,198.6,1588.0
913729,subject_difficulty_screen,559.8,198.6,1587.0
913730,subject_difficulty_screen,559.8,198.6,1586.0
913731,subject_difficulty_screen,559.8,198.9,1585.0
913732,subject_difficulty_screen,559.7,199.2,1585.0
913733,subject_difficulty_screen,559.6,199.4,1586.0
913734,subject_difficulty_screen,559.5,199.3,1587.0
913735,subject_difficulty_screen,559.4,199.2,1588.0
913736,subject_difficulty_screen,559.3,199.2,1588.0
913737,subject_difficulty_screen,559.2,199.3,1589.0
913738,subject_difficulty_screen,559.2,199.5,1590.0
913739,subject_difficulty_screen,559.5,199.6,1590.0
913740,subject_difficulty_screen,559.9,199.5,1589.0
913741,subject_difficulty_screen,560.2,199.5,1587.0
913742,subject_difficulty_screen,560.2,199.6,1585.0
913743,subject_difficulty_screen,560.2,199.6,1586.0
913744,subject_difficulty_screen,560.1,199.6,1588.0
913745,subject_difficulty_screen,559.9,199.6,1588.0
913746,subject_difficulty_screen,559.7,199.6,1588.0
913747,subject_difficulty_screen,559.7,199.6,1587.0
913748,subject_difficulty_screen,559.9,199.6,1587.0
913749,subject_difficulty_screen,560.0,199.6,1587.0
913750,subject_difficulty_screen,560.5,199.5,1587.0
913751,subject_difficulty_screen,560.8,199.8,1587.0
913752,subject_difficulty_screen,560.8,200.2,1587.0
913753,subject_difficulty_screen,560.6,200.3,1588.0
913754,subject_difficulty_screen,560.2,200.1,1589.0
913755,subject_difficulty_screen,560.2,199.9,1589.0
913756,subject_difficulty_screen,560.1,199.9,1588.0
913757,subject_difficulty_screen,560.1,200.0,1588.0
913758,subject_difficulty_screen,560.2,200.1,1587.0
913759,subject_difficulty_screen,560.6,200.2,1587.0
913760,subject_difficulty_screen,560.9,200.0,1586.0
913761,subject_difficulty_screen,561.1,199.5,1586.0
913762,subject_difficulty_screen,561.1,198.8,1586.0
913763,subject_difficulty_screen,560.9,198.4,1587.0
913764,subject_difficulty_screen,560.7,198.4,1588.0
913765,subject_difficulty_screen,560.5,198.7,1589.0
913766,subject_difficulty_screen,560.6,199.2,1590.0
913767,subject_difficulty_screen,560.7,199.5,1590.0
913768,subject_difficulty_screen,560.8,199.7,1590.0
913769,subject_difficulty_screen,560.7,199.6,1591.0
913770,subject_difficulty_screen,560.5,199.6,1592.0
913771,subject_difficulty_screen,560.6,199.8,1590.0
913772,subject_difficulty_screen,560.8,200.0,1589.0
913773,subject_difficulty_screen,561.3,200.3,1588.0
913774,subject_difficulty_screen,561.7,200.2,1588.0
913775,subject_difficulty_screen,561.7,200.2,1588.0
913776,subject_difficulty_screen,561.5,200.0,1588.0
913777,subject_difficulty_screen,561.1,199.8,1587.0
913778,subject_difficulty_screen,561.0,199.8,1586.0
913779,subject_difficulty_screen,560.9,200.0,1585.0
913780,subject_difficulty_screen,560.9,200.2,1584.0
913781,subject_difficulty_screen,561.0,200.1,1582.0
913782,subject_difficulty_screen,561.1,200.1,1581.0
913783,subject_difficulty_screen,561.5,200.1,1582.0
913784,subject_difficulty_screen,561.8,200.1,1584.0
913785,subject_difficulty_screen,562.1,200.2,1586.0
913786,subject_difficulty_screen,562.1,200.2,1585.0
913787,subject_difficulty_screen,562.1,200.4,1584.0
913788,subject_difficulty_screen,562.1,200.5,1583.0
913789,subject_difficulty_screen,562.0,200.6,1582.0
913790,subject_difficulty_screen,562.1,200.4,1581.0
913791,subject_difficulty_screen,562.1,200.1,1582.0
913792,subject_difficulty_screen,561.9,199.9,1583.0
913793,subject_difficulty_screen,561.6,199.9,1584.0
913794,subject_difficulty_screen,561.5,199.9,1584.0
913795,subject_difficulty_screen,561.6,199.9,1585.0
913796,subject_difficulty_screen,561.8,199.6,1585.0
913797,subject_difficulty_screen,561.9,199.3,1585.0
913798,subject_difficulty_screen,562.0,199.0,1584.0
913799,subject_difficulty_screen,562.0,199.1,1582.0
913800,subject_difficulty_screen,562.0,199.2,1581.0
913801,subject_difficulty_screen,561.9,199.5,1580.0
913802,subject_difficulty_screen,561.8,199.8,1579.0
913803,subject_difficulty_screen,561.7,199.9,1578.0
913804,subject_difficulty_screen,561.8,199.7,1577.0
913805,subject_difficulty_screen,562.0,199.2,1577.0
913806,subject_difficulty_screen,562.2,198.9,1577.0
913807,subject_difficulty_screen,562.3,198.9,1578.0
913808,subject_difficulty_screen,562.3,199.1,1578.0
913809,subject_difficulty_screen,562.5,199.3,1579.0
913810,subject_difficulty_screen,562.7,199.3,1579.0
913811,subject_difficulty_screen,562.9,199.3,1579.0
913812,subject_difficulty_screen,562.9,199.3,1579.0
913813,subject_difficulty_screen,562.8,199.6,1580.0
913814,subject_difficulty_screen,562.8,199.9,1580.0
913815,subject_difficulty_screen,562.8,200.5,1581.0
913816,subject_difficulty_screen,563.0,200.8,1583.0
913817,subject_difficulty_screen,563.3,201.0,1582.0
913818,subject_difficulty_screen,563.2,200.9,1579.0
913819,subject_difficulty_screen,562.5,200.8,1577.0
913820,subject_difficulty_screen,561.9,200.8,1578.0
913821,subject_difficulty_screen,561.8,201.1,1580.0
913822,subject_difficulty_screen,562.2,201.3,1582.0
913823,subject_difficulty_screen,562.6,201.5,1582.0
913824,subject_difficulty_screen,562.9,201.5,1582.0
913825,subject_difficulty_screen,563.1,201.6,1583.0
913826,subject_difficulty_screen,562.9,201.6,1583.0
913827,subject_difficulty_screen,562.6,201.9,1583.0
913828,subject_difficulty_screen,562.4,202.1,1581.0
913829,subject_difficulty_screen,562.6,201.8,1580.0
913830,subject_difficulty_screen,562.8,201.4,1581.0
913831,subject_difficulty_screen,562.8,201.0,1583.0
913832,subject_difficulty_screen,563.1,201.0,1585.0
913833,subject_difficulty_screen,563.4,201.1,1585.0
913834,subject_difficulty_screen,563.4,201.5,1584.0
913835,subject_difficulty_screen,563.1,201.8,1582.0
913836,subject_difficulty_screen,562.8,201.9,1580.0
913837,subject_difficulty_screen,562.7,201.6,1579.0
913838,subject_difficulty_screen,562.7,201.5,1580.0
913839,subject_difficulty_screen,562.7,201.7,1580.0
913840,subject_difficulty_screen,562.7,201.9,1579.0
913841,subject_difficulty_screen,563.0,201.9,1579.0
913842,subject_difficulty_screen,563.3,202.1,1578.0
913843,subject_difficulty_screen,563.2,202.4,1580.0
913844,subject_difficulty_screen,562.8,202.7,1581.0
913845,subject_difficulty_screen,562.5,202.4,1583.0
913846,subject_difficulty_screen,562.2,202.1,1581.0
913847,subject_difficulty_screen,562.0,201.8,1579.0
913848,subject_difficulty_screen,561.8,202.0,1576.0
913849,subject_difficulty_screen,561.9,202.3,1576.0
913850,subject_difficulty_screen,562.1,202.3,1576.0
913851,subject_difficulty_screen,562.0,202.2,1576.0
913852,subject_difficulty_screen,561.9,202.1,1577.0
913853,subject_difficulty_screen,562.0,202.1,1578.0
913854,subject_difficulty_screen,562.8,202.4,1579.0
913855,subject_difficulty_screen,563.5,202.7,1580.0
913856,subject_difficulty_screen,563.9,203.0,1580.0
913857,subject_difficulty_screen,563.7,203.1,1580.0
913858,subject_difficulty_screen,563.5,203.1,1578.0
913859,subject_difficulty_screen,563.3,203.2,1577.0
913860,subject_difficulty_screen,563.3,203.2,1576.0
913861,subject_difficulty_screen,563.4,203.2,1576.0
913862,subject_difficulty_screen,563.6,203.1,1576.0
913863,subject_difficulty_screen,563.7,203.2,1576.0
913864,subject_difficulty_screen,564.0,203.3,1576.0
913865,subject_difficulty_screen,564.2,203.4,1576.0
913866,subject_difficulty_screen,564.4,203.4,1576.0
913867,subject_difficulty_screen,564.4,203.3,1577.0
913868,subject_difficulty_screen,564.4,202.9,1576.0
913869,subject_difficulty_screen,564.5,202.6,1575.0
913870,subject_difficulty_screen,564.6,202.2,1574.0
913871,subject_difficulty_screen,564.7,202.0,1574.0
913872,subject_difficulty_screen,564.8,202.3,1574.0
913873,subject_difficulty_screen,564.8,202.7,1574.0
913874,subject_difficulty_screen,564.8,202.5,1573.0
913875,subject_difficulty_screen,564.9,201.9,1573.0
913876,subject_difficulty_screen,565.0,201.5,1572.0
913877,subject_difficulty_screen,564.8,201.6,1571.0
913878,subject_difficulty_screen,564.6,201.9,1570.0
913879,subject_difficulty_screen,564.4,202.1,1570.0
913880,subject_difficulty_screen,564.2,202.4,1569.0
913881,subject_difficulty_screen,563.9,202.5,1569.0
913882,subject_difficulty_screen,563.2,202.5,1568.0
913883,subject_difficulty_screen,562.5,202.9,1568.0
913884,subject_difficulty_screen,561.9,203.4,1570.0
913885,subject_difficulty_screen,561.7,203.4,1572.0
913886,subject_difficulty_screen,561.9,203.0,1572.0
913887,subject_difficulty_screen,562.9,202.4,1571.0
913888,subject_difficulty_screen,565.7,201.9,1569.0
913889,subject_difficulty_screen,570.6,201.5,1568.0
913890,subject_difficulty_screen,576.1,201.5,1567.0
913891,subject_difficulty_screen,580.4,201.5,1566.0
913892,subject_difficulty_screen,585.1,202.0,1565.0
913893,subject_difficulty_screen,591.4,202.3,1565.0
913894,subject_difficulty_screen,598.9,202.5,1566.0
913895,subject_difficulty_screen,606.7,202.2,1567.0
913896,subject_difficulty_screen,614.2,201.8,1568.0
913897,subject_difficulty_screen,620.9,201.5,1568.0
913898,subject_difficulty_screen,625.7,201.3,1566.0
913899,subject_difficulty_screen,630.1,201.1,1565.0
913900,subject_difficulty_screen,634.5,200.4,1563.0
913901,subject_difficulty_screen,639.3,199.7,1562.0
913902,subject_difficulty_screen,643.0,198.4,1562.0
913903,subject_difficulty_screen,646.7,197.6,1561.0
913904,subject_difficulty_screen,649.4,196.9,1558.0
913905,subject_difficulty_screen,651.8,196.7,1555.0
913906,subject_difficulty_screen,653.3,196.6,1552.0
913907,subject_difficulty_screen,654.7,196.4,1550.0
913908,subject_difficulty_screen,655.5,196.4,1549.0
913909,subject_difficulty_screen,655.9,196.7,1549.0
913910,subject_difficulty_screen,655.9,197.1,1548.0
913911,subject_difficulty_screen,655.8,197.7,1548.0
913912,subject_difficulty_screen,655.8,198.1,1548.0
913913,subject_difficulty_screen,655.7,198.6,1550.0
913914,subject_difficulty_screen,655.7,199.1,1553.0
913915,subject_difficulty_screen,655.8,199.5,1554.0
913916,subject_difficulty_screen,656.0,199.3,1553.0
913917,subject_difficulty_screen,656.1,199.2,1552.0
913918,subject_difficulty_screen,656.2,199.1,1549.0
913919,subject_difficulty_screen,656.5,199.0,1547.0
913920,subject_difficulty_screen,656.8,199.0,1544.0
913921,subject_difficulty_screen,657.0,199.1,1544.0
913922,subject_difficulty_screen,657.0,199.3,1543.0
913923,subject_difficulty_screen,656.6,199.5,1544.0
913924,subject_difficulty_screen,656.2,199.2,1546.0
913925,subject_difficulty_screen,656.1,198.7,1548.0
913926,subject_difficulty_screen,656.4,197.8,1549.0
913927,subject_difficulty_screen,656.7,197.4,1550.0
913928,subject_difficulty_screen,656.8,197.0,1547.0
913929,subject_difficulty_screen,656.9,196.4,1544.0
913930,subject_difficulty_screen,657.0,195.8,1541.0
913931,subject_difficulty_screen,657.0,195.1,1541.0
913932,subject_difficulty_screen,657.0,194.9,1541.0
913933,subject_difficulty_screen,657.0,194.6,1541.0
913934,subject_difficulty_screen,657.0,194.3,1542.0
913935,subject_difficulty_screen,656.8,194.2,1543.0
913936,subject_difficulty_screen,656.7,194.3,1545.0
913937,subject_difficulty_screen,657.0,194.3,1545.0
913938,subject_difficulty_screen,657.5,194.2,1546.0
913939,subject_difficulty_screen,657.9,194.1,1546.0
913940,subject_difficulty_screen,658.0,194.3,1544.0
913941,subject_difficulty_screen,658.0,194.7,1541.0
913942,subject_difficulty_screen,658.0,195.1,1538.0
913943,subject_difficulty_screen,658.0,195.0,1539.0
913944,subject_difficulty_screen,657.9,194.7,1540.0
913945,subject_difficulty_screen,657.9,194.3,1541.0
913946,subject_difficulty_screen,658.0,194.0,1541.0
913947,subject_difficulty_screen,658.2,193.7,1542.0
913948,subject_difficulty_screen,658.3,193.6,1542.0
913949,subject_difficulty_screen,658.7,193.6,1542.0
913950,subject_difficulty_screen,659.3,193.8,1541.0
913951,subject_difficulty_screen,660.1,194.2,1541.0
913952,subject_difficulty_screen,660.7,194.7,1541.0
913953,subject_difficulty_screen,661.4,195.1,1541.0
913954,subject_difficulty_screen,661.8,195.4,1541.0
913955,subject_difficulty_screen,661.9,195.4,1543.0
913956,subject_difficulty_screen,661.7,195.3,1544.0
913957,subject_difficulty_screen,661.7,195.3,1543.0
913958,subject_difficulty_screen,662.0,195.3,1542.0
913959,subject_difficulty_screen,662.2,195.3,1540.0
913960,subject_difficulty_screen,662.0,195.3,1539.0
913961,subject_difficulty_screen,661.6,195.2,1538.0
913962,subject_difficulty_screen,661.2,195.3,1538.0
913963,subject_difficulty_screen,660.9,195.2,1538.0
913964,subject_difficulty_screen,661.0,195.2,1539.0
913965,subject_difficulty_screen,660.9,195.0,1540.0
913966,subject_difficulty_screen,660.8,194.9,1541.0
913967,subject_difficulty_screen,660.6,195.2,1540.0
913968,subject_difficulty_screen,660.6,195.5,1538.0
913969,subject_difficulty_screen,660.3,196.1,1537.0
913970,subject_difficulty_screen,660.1,196.4,1537.0
913971,subject_difficulty_screen,659.9,196.7,1538.0
913972,subject_difficulty_screen,659.8,196.5,1538.0
913973,subject_difficulty_screen,659.8,196.4,1538.0
913974,subject_difficulty_screen,659.6,196.0,1539.0
913975,subject_difficulty_screen,659.3,195.7,1539.0
913976,subject_difficulty_screen,658.9,195.6,1538.0
913977,subject_difficulty_screen,658.5,195.7,1537.0
913978,subject_difficulty_screen,658.1,195.7,1535.0
913979,subject_difficulty_screen,657.8,195.6,1535.0
913980,subject_difficulty_screen,657.8,195.5,1533.0
913981,subject_difficulty_screen,657.9,195.6,1530.0
913982,subject_difficulty_screen,657.9,196.0,1528.0
913983,subject_difficulty_screen,657.6,196.4,1529.0
913984,subject_difficulty_screen,657.0,196.3,1530.0
913985,subject_difficulty_screen,656.4,196.0,1529.0
913986,subject_difficulty_screen,656.2,195.6,1529.0
913987,subject_difficulty_screen,656.1,195.7,1529.0
913988,subject_difficulty_screen,656.0,195.6,1530.0
913989,subject_difficulty_screen,656.1,195.4,1531.0
913990,subject_difficulty_screen,656.2,195.2,1532.0
913991,subject_difficulty_screen,656.4,195.1,1533.0
913992,subject_difficulty_screen,656.5,195.1,1535.0
913993,subject_difficulty_screen,656.5,195.1,1535.0
913994,subject_difficulty_screen,656.4,195.1,1536.0
913995,subject_difficulty_screen,656.3,195.1,1536.0
913996,subject_difficulty_screen,656.4,195.2,1536.0
913997,subject_difficulty_screen,656.6,195.3,1537.0
913998,subject_difficulty_screen,656.9,195.5,1538.0
913999,subject_difficulty_screen,656.9,195.7,1538.0
914000,subject_difficulty_screen,656.9,195.9,1537.0
914001,subject_difficulty_screen,656.8,196.1,1536.0
914002,subject_difficulty_screen,656.9,196.1,1536.0
914003,subject_difficulty_screen,656.9,195.9,1537.0
914004,subject_difficulty_screen,657.0,195.8,1537.0
914005,subject_difficulty_screen,657.0,196.0,1537.0
914006,subject_difficulty_screen,657.3,196.3,1537.0
914007,subject_difficulty_screen,657.5,196.5,1537.0
914008,subject_difficulty_screen,657.8,196.3,1537.0
914009,subject_difficulty_screen,657.8,196.1,1537.0
914010,subject_difficulty_screen,657.9,196.1,1538.0
914011,subject_difficulty_screen,657.8,196.2,1537.0
914012,subject_difficulty_screen,657.8,196.4,1536.0
914013,subject_difficulty_screen,658.0,196.4,1535.0
914014,subject_difficulty_screen,658.4,196.5,1536.0
914015,subject_difficulty_screen,658.7,196.6,1537.0
914016,subject_difficulty_screen,658.8,197.0,1538.0
914017,subject_difficulty_screen,659.0,197.7,1538.0
914018,subject_difficulty_screen,659.1,198.4,1538.0
914019,subject_difficulty_screen,659.0,198.8,1538.0
914020,subject_difficulty_screen,658.7,198.9,1539.0
914021,subject_difficulty_screen,658.8,198.9,1537.0
914022,subject_difficulty_screen,659.4,199.0,1535.0
914023,subject_difficulty_screen,659.9,199.1,1534.0
914024,subject_difficulty_screen,660.2,199.2,1537.0
914025,subject_difficulty_screen,659.9,199.2,1540.0
914026,subject_difficulty_screen,659.7,199.1,1542.0
914027,subject_difficulty_screen,659.5,199.2,1540.0
914028,subject_difficulty_screen,659.2,199.3,1537.0
914029,subject_difficulty_screen,658.9,199.4,1535.0
914030,subject_difficulty_screen,658.6,199.4,1535.0
914031,subject_difficulty_screen,658.5,199.6,1534.0
914032,subject_difficulty_screen,658.4,199.7,1533.0
914033,subject_difficulty_screen,658.4,199.8,1533.0
914034,subject_difficulty_screen,658.6,199.9,1532.0
914035,subject_difficulty_screen,658.9,200.0,1534.0
914036,subject_difficulty_screen,659.1,200.1,1536.0
914037,subject_difficulty_screen,658.9,200.1,1536.0
914038,subject_difficulty_screen,658.7,200.1,1535.0
914039,subject_difficulty_screen,658.7,200.4,1533.0
914040,subject_difficulty_screen,658.6,200.8,1532.0
914041,subject_difficulty_screen,658.6,200.9,1532.0
914042,subject_difficulty_screen,658.6,200.6,1532.0
914043,subject_difficulty_screen,658.6,200.4,1532.0
914044,subject_difficulty_screen,658.5,200.4,1533.0
914045,subject_difficulty_screen,658.4,200.7,1536.0
914046,subject_difficulty_screen,658.4,201.0,1539.0
914047,subject_difficulty_screen,658.4,200.9,1540.0
914048,subject_difficulty_screen,658.5,200.6,1539.0
914049,subject_difficulty_screen,658.7,200.6,1539.0
914050,subject_difficulty_screen,659.0,200.8,1539.0
914051,subject_difficulty_screen,658.9,200.7,1539.0
914052,subject_difficulty_screen,658.7,200.4,1539.0
914053,subject_difficulty_screen,658.5,200.1,1539.0
914054,subject_difficulty_screen,658.6,200.1,1540.0
914055,subject_difficulty_screen,658.8,200.0,1540.0
914056,subject_difficulty_screen,659.1,200.5,1540.0
914057,subject_difficulty_screen,659.2,201.0,1540.0
914058,subject_difficulty_screen,659.3,201.1,1540.0
914059,subject_difficulty_screen,659.1,200.6,1539.0
914060,subject_difficulty_screen,659.0,200.1,1538.0
914061,subject_difficulty_screen,658.9,200.0,1537.0
914062,subject_difficulty_screen,659.2,200.0,1536.0
914063,subject_difficulty_screen,659.4,200.0,1535.0
914064,subject_difficulty_screen,659.5,200.0,1536.0
914065,subject_difficulty_screen,659.7,200.1,1537.0
914066,subject_difficulty_screen,660.0,200.2,1540.0
914067,subject_difficulty_screen,660.3,200.3,1541.0
914068,subject_difficulty_screen,660.3,200.2,1540.0
914069,subject_difficulty_screen,660.0,200.4,1539.0
914070,subject_difficulty_screen,659.7,200.5,1538.0
914071,subject_difficulty_screen,659.5,200.3,1539.0
914072,subject_difficulty_screen,659.7,200.0,1541.0
914073,subject_difficulty_screen,660.0,199.8,1543.0
914074,subject_difficulty_screen,660.3,199.9,1543.0
914075,subject_difficulty_screen,660.4,199.8,1542.0
914076,subject_difficulty_screen,660.5,199.3,1542.0
914077,subject_difficulty_screen,660.2,198.8,1542.0
914078,subject_difficulty_screen,659.5,197.8,1542.0
914079,subject_difficulty_screen,657.7,197.2,1542.0
914080,subject_difficulty_screen,655.9,196.5,1541.0
914081,subject_difficulty_screen,654.2,197.1,1542.0
914082,subject_difficulty_screen,651.1,198.1,1543.0
914083,subject_difficulty_screen,645.8,199.1,1545.0
914084,subject_difficulty_screen,636.4,199.8,1547.0
914085,subject_difficulty_screen,627.3,200.4,1550.0
914086,subject_difficulty_screen,617.6,201.6,1552.0
914087,subject_difficulty_screen,607.4,203.4,1555.0
914088,subject_difficulty_screen,595.9,205.4,1561.0
914089,subject_difficulty_screen,584.0,207.3,1568.0
914090,subject_difficulty_screen,571.2,208.9,1575.0
914091,subject_difficulty_screen,558.2,211.0,1578.0
914092,subject_difficulty_screen,545.0,213.2,1585.0
914093,subject_difficulty_screen,531.5,215.1,1592.0
914094,subject_difficulty_screen,517.5,216.3,1598.0
914095,subject_difficulty_screen,502.8,217.9,1602.0
914096,subject_difficulty_screen,489.3,219.8,1604.0
914097,subject_difficulty_screen,474.9,221.9,1606.0
914098,subject_difficulty_screen,460.0,223.1,1605.0
914099,subject_difficulty_screen,446.3,224.4,1603.0
914100,subject_difficulty_screen,432.2,226.8,1603.0
914101,subject_difficulty_screen,419.4,230.8,1602.0
914102,subject_difficulty_screen,406.2,235.7,1602.0
914103,subject_difficulty_screen,394.7,241.3,1602.0
914104,subject_difficulty_screen,383.1,246.4,1603.0
914105,subject_difficulty_screen,372.2,251.6,1604.0
914106,subject_difficulty_screen,360.6,256.1,1602.0
914107,subject_difficulty_screen,349.2,259.3,1600.0
914108,subject_difficulty_screen,338.2,261.1,1599.0
914109,subject_difficulty_screen,327.0,262.3,1598.0
914110,subject_difficulty_screen,315.9,264.2,1596.0
914111,subject_difficulty_screen,304.1,266.4,1594.0
914112,subject_difficulty_screen,294.2,269.1,1591.0
914113,subject_difficulty_screen,282.9,272.4,1590.0
914114,subject_difficulty_screen,272.5,275.9,1588.0
914115,subject_difficulty_screen,262.5,278.9,1588.0
914116,subject_difficulty_screen,254.2,281.3,1587.0
914117,subject_difficulty_screen,245.8,284.3,1585.0
914118,subject_difficulty_screen,236.2,286.6,1582.0
914119,subject_difficulty_screen,228.0,288.9,1579.0
914120,subject_difficulty_screen,221.5,290.6,1577.0
914121,subject_difficulty_screen,217.1,293.2,1576.0
914122,subject_difficulty_screen,213.3,295.5,1575.0
914123,subject_difficulty_screen,210.3,298.6,1576.0
914124,subject_difficulty_screen,208.7,300.7,1577.0
914125,subject_difficulty_screen,208.1,302.8,1580.0
914126,subject_difficulty_screen,208.0,303.5,1582.0
914127,subject_difficulty_screen,208.2,304.1,1585.0
914128,subject_difficulty_screen,209.3,304.1,1587.0
914129,subject_difficulty_screen,210.2,304.0,1588.0
914130,subject_difficulty_screen,212.1,303.9,1588.0
914131,subject_difficulty_screen,213.7,303.8,1588.0
914132,subject_difficulty_screen,216.2,303.7,1590.0
914133,subject_difficulty_screen,218.5,302.6,1594.0
914134,subject_difficulty_screen,220.4,301.2,1597.0
914135,subject_difficulty_screen,221.3,299.7,1599.0
914136,subject_difficulty_screen,221.5,299.0,1599.0
914137,subject_difficulty_screen,221.7,298.2,1598.0
914138,subject_difficulty_screen,221.8,297.2,1595.0
914139,subject_difficulty_screen,221.4,296.4,1593.0
914140,subject_difficulty_screen,220.7,296.1,1590.0
914141,subject_difficulty_screen,219.3,296.0,1589.0
914142,subject_difficulty_screen,218.0,296.0,1586.0
914143,subject_difficulty_screen,216.2,296.1,1584.0
914144,subject_difficulty_screen,215.3,296.5,1582.0
914145,subject_difficulty_screen,214.9,296.8,1582.0
914146,subject_difficulty_screen,214.9,297.6,1584.0
914147,subject_difficulty_screen,214.9,298.5,1585.0
914148,subject_difficulty_screen,214.8,299.5,1585.0
914149,subject_difficulty_screen,214.8,300.3,1584.0
914150,subject_difficulty_screen,214.9,301.3,1582.0
914151,subject_difficulty_screen,215.7,302.1,1581.0
914152,subject_difficulty_screen,216.5,302.4,1580.0
914153,subject_difficulty_screen,217.4,302.4,1581.0
914154,subject_difficulty_screen,217.4,302.4,1581.0
914155,subject_difficulty_screen,217.6,302.1,1580.0
914156,subject_difficulty_screen,217.7,301.8,1579.0
914157,subject_difficulty_screen,218.0,301.5,1578.0
914158,subject_difficulty_screen,218.2,301.5,1578.0
914159,subject_difficulty_screen,218.5,301.6,1577.0
914160,subject_difficulty_screen,218.5,301.8,1576.0
914161,subject_difficulty_screen,218.2,302.3,1576.0
914162,subject_difficulty_screen,217.8,302.8,1576.0
914163,subject_difficulty_screen,217.5,303.1,1575.0
914164,subject_difficulty_screen,217.5,303.3,1574.0
914165,subject_difficulty_screen,217.5,303.3,1573.0
914166,subject_difficulty_screen,217.5,302.8,1573.0
914167,subject_difficulty_screen,217.4,302.4,1573.0
914168,subject_difficulty_screen,217.4,302.2,1573.0
914169,subject_difficulty_screen,217.4,302.4,1571.0
914170,subject_difficulty_screen,217.4,302.8,1569.0
914171,subject_difficulty_screen,217.3,303.3,1566.0
914172,subject_difficulty_screen,217.5,304.2,1565.0
914173,subject_difficulty_screen,217.6,304.9,1564.0
914174,subject_difficulty_screen,217.8,305.5,1563.0
914175,subject_difficulty_screen,218.0,305.6,1563.0
914176,subject_difficulty_screen,218.2,305.6,1563.0
914177,subject_difficulty_screen,218.3,305.5,1564.0
914178,subject_difficulty_screen,218.2,305.4,1564.0
914179,subject_difficulty_screen,218.3,305.2,1565.0
914180,subject_difficulty_screen,218.5,305.2,1566.0
914181,subject_difficulty_screen,219.1,305.3,1567.0
914182,subject_difficulty_screen,219.5,305.4,1567.0
914183,subject_difficulty_screen,220.0,305.3,1568.0
914184,subject_difficulty_screen,220.0,305.2,1570.0
914185,subject_difficulty_screen,220.1,305.3,1572.0
914186,subject_difficulty_screen,220.9,305.6,1571.0
914187,subject_difficulty_screen,221.6,306.0,1568.0
914188,subject_difficulty_screen,222.3,306.2,1566.0
914189,subject_difficulty_screen,222.3,305.9,1565.0
914190,subject_difficulty_screen,222.7,305.7,1566.0
914191,subject_difficulty_screen,223.1,305.8,1568.0
914192,subject_difficulty_screen,223.4,306.1,1568.0
914193,subject_difficulty_screen,223.4,306.3,1568.0
914194,subject_difficulty_screen,223.5,306.2,1570.0
914195,subject_difficulty_screen,223.5,306.0,1571.0
914196,subject_difficulty_screen,223.6,305.9,1573.0
914197,subject_difficulty_screen,223.7,305.6,1574.0
914198,subject_difficulty_screen,224.1,305.3,1574.0
914199,subject_difficulty_screen,224.4,305.0,1573.0
914200,subject_difficulty_screen,224.4,305.0,1572.0
914201,subject_difficulty_screen,224.3,305.0,1571.0
914202,subject_difficulty_screen,224.2,304.9,1572.0
914203,subject_difficulty_screen,224.0,305.2,1572.0
914204,subject_difficulty_screen,223.9,305.5,1573.0
914205,subject_difficulty_screen,223.7,305.9,1573.0
914206,subject_difficulty_screen,223.7,305.7,1573.0
914207,subject_difficulty_screen,223.5,305.4,1574.0
914208,subject_difficulty_screen,223.3,305.2,1574.0
914209,subject_difficulty_screen,223.0,305.5,1573.0
914210,subject_difficulty_screen,222.9,305.7,1573.0
914211,subject_difficulty_screen,222.8,305.9,1572.0
914212,subject_difficulty_screen,223.3,306.0,1573.0
914213,subject_difficulty_screen,223.7,306.1,1575.0
914214,subject_difficulty_screen,223.9,306.4,1577.0
914215,subject_difficulty_screen,223.6,306.5,1578.0
914216,subject_difficulty_screen,222.7,306.4,1576.0
914217,subject_difficulty_screen,222.0,306.0,1573.0
914218,subject_difficulty_screen,221.2,305.8,1571.0
914219,subject_difficulty_screen,220.6,305.9,1571.0
914220,subject_difficulty_screen,220.2,305.6,1571.0
914221,subject_difficulty_screen,219.9,305.2,1570.0
914222,subject_difficulty_screen,220.3,305.0,1571.0
914223,subject_difficulty_screen,220.6,305.5,1571.0
914224,subject_difficulty_screen,221.0,306.0,1572.0
914225,subject_difficulty_screen,220.8,306.3,1572.0
914226,subject_difficulty_screen,220.6,306.4,1571.0
914227,subject_difficulty_screen,220.4,306.5,1569.0
914228,subject_difficulty_screen,220.3,306.3,1568.0
914229,subject_difficulty_screen,220.2,306.0,1568.0
914230,subject_difficulty_screen,220.1,305.7,1568.0
914231,subject_difficulty_screen,220.1,305.7,1567.0
914232,subject_difficulty_screen,220.1,305.7,1568.0
914233,subject_difficulty_screen,220.1,305.6,1569.0
914234,subject_difficulty_screen,220.2,305.6,1569.0
914235,subject_difficulty_screen,220.0,305.7,1569.0
914236,subject_difficulty_screen,219.9,305.7,1568.0
914237,subject_difficulty_screen,219.7,305.4,1569.0
914238,subject_difficulty_screen,219.8,305.0,1570.0
914239,subject_difficulty_screen,219.9,304.8,1570.0
914240,subject_difficulty_screen,220.2,304.9,1570.0
914241,subject_difficulty_screen,220.4,305.2,1570.0
914242,subject_difficulty_screen,220.6,305.3,1569.0
914243,subject_difficulty_screen,220.5,305.2,1569.0
914244,subject_difficulty_screen,220.4,305.0,1569.0
914245,subject_difficulty_screen,220.4,304.5,1569.0
914246,subject_difficulty_screen,220.5,304.0,1569.0
914247,subject_difficulty_screen,220.7,303.6,1569.0
914248,subject_difficulty_screen,221.0,303.8,1569.0
914249,subject_difficulty_screen,221.4,304.1,1569.0
914250,subject_difficulty_screen,221.7,304.4,1569.0
914251,subject_difficulty_screen,221.7,304.5,1569.0
914252,subject_difficulty_screen,221.5,304.5,1569.0
914253,subject_difficulty_screen,221.3,304.5,1569.0
914254,subject_difficulty_screen,221.2,304.9,1570.0
914255,subject_difficulty_screen,221.3,305.2,1571.0
914256,subject_difficulty_screen,221.6,305.6,1572.0
914257,subject_difficulty_screen,221.9,305.8,1572.0
914258,subject_difficulty_screen,221.8,306.1,1572.0
914259,subject_difficulty_screen,221.5,306.2,1572.0
914260,subject_difficulty_screen,221.4,306.1,1571.0
914261,subject_difficulty_screen,221.6,306.0,1570.0
914262,subject_difficulty_screen,222.1,306.0,1571.0
914263,subject_difficulty_screen,222.3,305.9,1573.0
914264,subject_difficulty_screen,222.3,305.9,1576.0
914265,subject_difficulty_screen,221.8,305.8,1577.0
914266,subject_difficulty_screen,221.4,305.8,1578.0
914267,subject_difficulty_screen,221.2,305.8,1579.0
914268,subject_difficulty_screen,221.2,305.8,1578.0
914269,subject_difficulty_screen,221.2,305.9,1577.0
914270,subject_difficulty_screen,221.1,306.1,1576.0
914271,subject_difficulty_screen,221.1,306.4,1576.0
914272,subject_difficulty_screen,221.2,306.7,1575.0
914273,subject_difficulty_screen,221.3,306.8,1575.0
914274,subject_difficulty_screen,221.3,307.2,1576.0
914275,subject_difficulty_screen,221.3,307.5,1577.0
914276,subject_difficulty_screen,221.1,307.8,1578.0
914277,subject_difficulty_screen,220.9,307.8,1578.0
914278,subject_difficulty_screen,220.9,307.9,1578.0
914279,subject_difficulty_screen,221.2,308.4,1578.0
914280,subject_difficulty_screen,221.4,308.9,1577.0
914281,subject_difficulty_screen,221.4,309.3,1577.0
914282,subject_difficulty_screen,221.6,309.4,1577.0
914283,subject_difficulty_screen,221.8,309.6,1576.0
914284,subject_difficulty_screen,221.8,309.2,1576.0
914285,subject_difficulty_screen,221.6,308.6,1577.0
914286,subject_difficulty_screen,221.5,307.9,1577.0
914287,subject_difficulty_screen,221.5,308.6,1577.0
914288,subject_difficulty_screen,221.5,309.4,1576.0
914289,subject_difficulty_screen,221.4,310.0,1575.0
914290,subject_difficulty_screen,221.4,309.6,1575.0
914291,subject_difficulty_screen,221.4,309.2,1574.0
914292,subject_difficulty_screen,221.4,309.1,1574.0
914293,subject_difficulty_screen,221.4,309.1,1574.0
914294,subject_difficulty_screen,221.8,309.0,1575.0
914295,subject_difficulty_screen,222.1,308.9,1576.0
914296,subject_difficulty_screen,222.6,308.9,1576.0
914297,subject_difficulty_screen,222.9,308.9,1575.0
914298,subject_difficulty_screen,222.7,308.9,1575.0
914299,subject_difficulty_screen,222.3,308.9,1575.0
914300,subject_difficulty_screen,222.0,308.8,1575.0
914301,subject_difficulty_screen,222.0,308.6,1575.0
914302,subject_difficulty_screen,222.1,308.5,1576.0
914303,subject_difficulty_screen,222.1,308.2,1577.0
914304,subject_difficulty_screen,222.0,308.0,1578.0
914305,subject_difficulty_screen,221.9,307.7,1578.0
914306,subject_difficulty_screen,222.1,307.7,1579.0
914307,subject_difficulty_screen,222.4,307.8,1580.0
914308,subject_difficulty_screen,223.2,307.8,1581.0
914309,subject_difficulty_screen,223.8,307.9,1581.0
914310,subject_difficulty_screen,223.9,307.9,1582.0
914311,subject_difficulty_screen,222.8,307.3,1582.0
914312,subject_difficulty_screen,221.7,306.6,1583.0
914313,subject_difficulty_screen,220.1,305.6,1583.0
914314,subject_difficulty_screen,218.1,304.8,1583.0
914315,subject_difficulty_screen,215.7,303.8,1584.0
914316,subject_difficulty_screen,213.1,303.0,1585.0
914317,subject_difficulty_screen,209.8,302.6,1586.0
914318,subject_difficulty_screen,206.5,302.5,1585.0
914319,subject_difficulty_screen,202.6,302.4,1582.0
914320,subject_difficulty_screen,198.7,302.1,1578.0
914321,subject_difficulty_screen,194.4,301.9,1576.0
914322,subject_difficulty_screen,190.5,302.3,1578.0
914323,subject_difficulty_screen,187.9,303.1,1579.0
914324,subject_difficulty_screen,186.2,304.4,1579.0
914325,subject_difficulty_screen,185.4,305.3,1580.0
914326,subject_difficulty_screen,184.9,307.0,1580.0
914327,subject_difficulty_screen,184.5,308.4,1579.0
914328,subject_difficulty_screen,185.2,310.1,1576.0
914329,subject_difficulty_screen,186.8,311.1,1573.0
914330,subject_difficulty_screen,189.3,311.9,1572.0
914331,subject_difficulty_screen,191.4,312.3,1575.0
914332,subject_difficulty_screen,194.1,312.8,1578.0
914333,subject_difficulty_screen,196.4,313.0,1581.0
914334,subject_difficulty_screen,198.4,313.1,1581.0
914335,subject_difficulty_screen,199.4,312.3,1582.0
914336,subject_difficulty_screen,199.9,311.6,1582.0
914337,subject_difficulty_screen,200.0,311.0,1583.0
914338,subject_difficulty_screen,199.3,310.8,1583.0
914339,subject_difficulty_screen,198.3,310.3,1584.0
914340,subject_difficulty_screen,196.6,309.9,1584.0
914341,subject_difficulty_screen,195.3,309.2,1585.0
914342,subject_difficulty_screen,193.5,308.8,1585.0
914343,subject_difficulty_screen,192.5,308.3,1585.0
914344,subject_difficulty_screen,191.5,308.2,1585.0
914345,subject_difficulty_screen,191.3,308.2,1584.0
914346,subject_difficulty_screen,191.2,307.8,1583.0
914347,subject_difficulty_screen,191.3,307.4,1583.0
914348,subject_difficulty_screen,191.5,307.3,1582.0
914349,subject_difficulty_screen,191.7,308.3,1582.0
914350,subject_difficulty_screen,191.9,309.3,1582.0
914351,subject_difficulty_screen,191.9,310.1,1581.0
914352,subject_difficulty_screen,191.9,310.2,1581.0
914353,subject_difficulty_screen,192.1,310.5,1583.0
914354,subject_difficulty_screen,192.2,310.8,1586.0
914355,subject_difficulty_screen,192.4,311.1,1588.0
914356,subject_difficulty_screen,192.7,311.0,1589.0
914357,subject_difficulty_screen,193.0,311.0,1590.0
914358,subject_difficulty_screen,193.3,311.1,1591.0
914359,subject_difficulty_screen,193.2,310.8,1591.0
914360,subject_difficulty_screen,193.1,310.4,1590.0
914361,subject_difficulty_screen,193.0,310.5,1590.0
914362,subject_difficulty_screen,192.9,310.9,1589.0
914363,subject_difficulty_screen,192.9,311.4,1588.0
914364,subject_difficulty_screen,192.8,311.5,1590.0
914365,subject_difficulty_screen,192.9,311.6,1591.0
914366,subject_difficulty_screen,193.1,311.6,1591.0
914367,subject_difficulty_screen,193.3,311.6,1591.0
914368,subject_difficulty_screen,193.4,311.9,1590.0
914369,subject_difficulty_screen,193.2,312.2,1590.0
914370,subject_difficulty_screen,193.0,312.6,1590.0
914371,subject_difficulty_screen,192.9,312.6,1591.0
914372,subject_difficulty_screen,193.1,312.5,1591.0
914373,subject_difficulty_screen,193.3,312.5,1591.0
914374,subject_difficulty_screen,193.8,312.7,1591.0
914375,subject_difficulty_screen,194.1,313.1,1592.0
914376,subject_difficulty_screen,194.5,313.5,1592.0
914377,subject_difficulty_screen,194.6,313.7,1592.0
914378,subject_difficulty_screen,194.4,313.8,1592.0
914379,subject_difficulty_screen,194.1,314.3,1592.0
914380,subject_difficulty_screen,193.8,314.7,1593.0
914381,subject_difficulty_screen,193.7,314.9,1593.0
914382,subject_difficulty_screen,193.8,314.6,1594.0
914383,subject_difficulty_screen,194.1,314.3,1595.0
914384,subject_difficulty_screen,194.4,314.1,1597.0
914385,subject_difficulty_screen,194.6,314.0,1599.0
914386,subject_difficulty_screen,194.6,313.5,1600.0
914387,subject_difficulty_screen,194.4,312.9,1601.0
914388,subject_difficulty_screen,194.3,312.5,1600.0
914389,subject_difficulty_screen,194.3,312.5,1598.0
914390,subject_difficulty_screen,194.6,313.0,1598.0
914391,subject_difficulty_screen,194.9,313.6,1597.0
914392,subject_difficulty_screen,195.0,313.9,1597.0
914393,subject_difficulty_screen,194.8,313.6,1597.0
914394,subject_difficulty_screen,194.2,313.2,1597.0
914395,subject_difficulty_screen,193.7,313.2,1598.0
914396,subject_difficulty_screen,193.2,313.1,1599.0
914397,subject_difficulty_screen,193.2,313.1,1600.0
914398,subject_difficulty_screen,193.2,313.0,1600.0
914399,subject_difficulty_screen,192.9,313.0,1600.0
914400,subject_difficulty_screen,192.5,313.0,1600.0
914401,subject_difficulty_screen,192.2,313.1,1599.0
914402,subject_difficulty_screen,192.3,313.1,1599.0
914403,subject_difficulty_screen,192.2,313.1,1599.0
914404,subject_difficulty_screen,192.0,312.9,1600.0
914405,subject_difficulty_screen,191.9,312.9,1601.0
914406,subject_difficulty_screen,191.8,313.0,1601.0
914407,subject_difficulty_screen,191.7,313.0,1601.0
914408,subject_difficulty_screen,191.5,312.8,1601.0
914409,subject_difficulty_screen,191.3,312.2,1601.0
914410,subject_difficulty_screen,191.3,311.6,1600.0
914411,subject_difficulty_screen,191.4,311.3,1599.0
914412,subject_difficulty_screen,191.4,311.3,1599.0
914413,subject_difficulty_screen,191.4,311.4,1599.0
914414,subject_difficulty_screen,191.2,311.4,1601.0
914415,subject_difficulty_screen,191.1,311.4,1603.0
914416,subject_difficulty_screen,191.1,311.6,1605.0
914417,subject_difficulty_screen,191.1,311.9,1605.0
914418,subject_difficulty_screen,191.5,312.2,1605.0
914419,subject_difficulty_screen,192.2,312.1,1608.0
914420,subject_difficulty_screen,192.8,312.1,1610.0
914421,subject_difficulty_screen,193.1,311.6,1613.0
914422,subject_difficulty_screen,193.4,311.2,1613.0
914423,subject_difficulty_screen,194.1,310.8,1614.0
914424,subject_difficulty_screen,194.8,310.7,1614.0
914425,subject_difficulty_screen,195.1,310.7,1614.0
914426,subject_difficulty_screen,195.2,310.6,1614.0
914427,subject_difficulty_screen,195.4,310.7,1614.0
914428,subject_difficulty_screen,195.8,310.8,1614.0
914429,subject_difficulty_screen,196.1,311.2,1614.0
914430,subject_difficulty_screen,196.2,311.7,1614.0
914431,subject_difficulty_screen,196.3,312.0,1614.0
914432,subject_difficulty_screen,196.4,312.6,1615.0
914433,subject_difficulty_screen,196.5,313.1,1615.0
914434,subject_difficulty_screen,196.5,313.6,1615.0
914435,subject_difficulty_screen,196.5,313.6,1615.0
914436,subject_difficulty_screen,196.2,313.4,1616.0
914437,subject_difficulty_screen,195.7,313.2,1616.0
914438,subject_difficulty_screen,195.2,313.0,1616.0
914439,subject_difficulty_screen,195.0,313.0,1614.0
914440,subject_difficulty_screen,194.8,313.0,1613.0
914441,subject_difficulty_screen,194.5,313.0,1613.0
914442,subject_difficulty_screen,193.8,313.1,1612.0
914443,subject_difficulty_screen,192.8,313.1,1612.0
914444,subject_difficulty_screen,191.9,312.9,1612.0
914445,subject_difficulty_screen,191.5,312.4,1612.0
914446,subject_difficulty_screen,191.6,312.0,1613.0
914447,subject_difficulty_screen,191.6,311.9,1614.0
914448,subject_difficulty_screen,191.2,311.9,1615.0
914449,subject_difficulty_screen,190.9,311.8,1616.0
914450,subject_difficulty_screen,191.0,311.6,1618.0
914451,subject_difficulty_screen,191.4,311.6,1620.0
914452,subject_difficulty_screen,191.8,311.5,1622.0
914453,subject_difficulty_screen,192.5,311.4,1625.0
914454,subject_difficulty_screen,193.2,311.2,1627.0
914455,subject_difficulty_screen,194.6,311.2,1628.0
914456,subject_difficulty_screen,195.3,311.1,1628.0
914457,subject_difficulty_screen,196.2,311.1,1628.0
914458,subject_difficulty_screen,196.8,311.1,1627.0
914459,subject_difficulty_screen,197.6,311.7,1626.0
914460,subject_difficulty_screen,198.3,312.5,1626.0
914461,subject_difficulty_screen,198.3,313.3,1626.0
914462,subject_difficulty_screen,197.8,314.2,1626.0
914463,subject_difficulty_screen,197.2,316.2,1627.0
914464,subject_difficulty_screen,195.7,319.1,1627.0
914465,subject_difficulty_screen,193.9,322.4,1626.0
914466,subject_difficulty_screen,191.3,326.0,1625.0
914467,subject_difficulty_screen,188.9,330.5,1624.0
914468,subject_difficulty_screen,186.7,334.8,1625.0
914469,subject_difficulty_screen,184.2,339.1,1627.0
914470,subject_difficulty_screen,182.2,343.3,1631.0
914471,subject_difficulty_screen,179.8,348.1,1634.0
914472,subject_difficulty_screen,178.4,352.6,1638.0
914473,subject_difficulty_screen,177.4,356.6,1640.0
914474,subject_difficulty_screen,176.8,360.9,1640.0
914475,subject_difficulty_screen,176.2,365.0,1641.0
914476,subject_difficulty_screen,175.8,369.2,1642.0
914477,subject_difficulty_screen,176.0,372.4,1643.0
914478,subject_difficulty_screen,176.7,375.6,1644.0
914479,subject_difficulty_screen,177.6,377.5,1644.0
914480,subject_difficulty_screen,179.4,379.1,1644.0
914481,subject_difficulty_screen,180.8,380.5,1644.0
914482,subject_difficulty_screen,183.4,381.6,1647.0
914483,subject_difficulty_screen,184.7,382.3,1650.0
914484,subject_difficulty_screen,185.9,382.0,1652.0
914485,subject_difficulty_screen,185.8,381.6,1652.0
914486,subject_difficulty_screen,185.6,381.2,1652.0
914487,subject_difficulty_screen,185.4,380.9,1650.0
914488,subject_difficulty_screen,185.2,380.2,1647.0
914489,subject_difficulty_screen,184.8,379.4,1644.0
914490,subject_difficulty_screen,184.3,378.2,1644.0
914491,subject_difficulty_screen,183.0,377.6,1644.0
914492,subject_difficulty_screen,181.3,377.1,1643.0
914493,subject_difficulty_screen,179.9,377.2,1642.0
914494,subject_difficulty_screen,179.2,377.2,1643.0
914495,subject_difficulty_screen,178.4,376.3,1643.0
914496,subject_difficulty_screen,177.7,375.4,1644.0
914497,subject_difficulty_screen,177.0,375.2,1645.0
914498,subject_difficulty_screen,177.0,376.1,1646.0
914499,subject_difficulty_screen,177.0,377.3,1647.0
914500,subject_difficulty_screen,177.2,378.2,1646.0
914501,subject_difficulty_screen,177.3,379.0,1644.0
914502,subject_difficulty_screen,177.7,379.6,1643.0
914503,subject_difficulty_screen,178.1,380.0,1644.0
914504,subject_difficulty_screen,178.9,380.0,1645.0
914505,subject_difficulty_screen,179.4,380.0,1647.0
914506,subject_difficulty_screen,179.9,380.0,1648.0
914507,subject_difficulty_screen,180.1,379.8,1649.0
914508,subject_difficulty_screen,180.3,379.3,1647.0
914509,subject_difficulty_screen,180.5,378.5,1645.0
914510,subject_difficulty_screen,180.8,377.7,1643.0
914511,subject_difficulty_screen,181.0,377.3,1643.0
914512,subject_difficulty_screen,181.1,377.3,1640.0
914513,subject_difficulty_screen,180.7,377.2,1638.0
914514,subject_difficulty_screen,180.3,376.8,1636.0
914515,subject_difficulty_screen,180.0,376.3,1635.0
914516,subject_difficulty_screen,180.5,375.9,1636.0
914517,subject_difficulty_screen,180.9,375.9,1637.0
914518,subject_difficulty_screen,181.1,376.0,1638.0
914519,subject_difficulty_screen,180.9,376.1,1638.0
914520,subject_difficulty_screen,180.5,376.2,1639.0
914521,subject_difficulty_screen,180.2,376.5,1640.0
914522,subject_difficulty_screen,180.6,376.9,1640.0
914523,subject_difficulty_screen,181.2,376.9,1640.0
914524,subject_difficulty_screen,181.7,376.6,1640.0
914525,subject_difficulty_screen,181.8,376.4,1641.0
914526,subject_difficulty_screen,181.9,376.6,1642.0
914527,subject_difficulty_screen,181.7,376.7,1643.0
914528,subject_difficulty_screen,181.3,377.3,1643.0
914529,subject_difficulty_screen,181.2,377.9,1642.0
914530,subject_difficulty_screen,181.4,378.3,1642.0
914531,subject_difficulty_screen,181.4,378.1,1642.0
914532,subject_difficulty_screen,181.2,377.9,1642.0
914533,subject_difficulty_screen,180.8,377.7,1643.0
914534,subject_difficulty_screen,180.6,377.5,1644.0
914535,subject_difficulty_screen,180.4,377.2,1645.0
914536,subject_difficulty_screen,180.5,377.2,1643.0
914537,subject_difficulty_screen,180.5,377.1,1640.0
914538,subject_difficulty_screen,180.7,377.0,1637.0
914539,subject_difficulty_screen,180.9,376.9,1635.0
914540,subject_difficulty_screen,180.8,376.8,1636.0
914541,subject_difficulty_screen,180.6,376.7,1639.0
914542,subject_difficulty_screen,180.4,376.6,1642.0
914543,subject_difficulty_screen,180.3,376.8,1643.0
914544,subject_difficulty_screen,180.2,376.8,1643.0
914545,subject_difficulty_screen,180.2,376.9,1643.0
914546,subject_difficulty_screen,180.2,376.8,1643.0
914547,subject_difficulty_screen,180.2,376.7,1644.0
914548,subject_difficulty_screen,180.2,376.7,1644.0
914549,subject_difficulty_screen,180.2,376.6,1643.0
914550,subject_difficulty_screen,180.2,376.8,1643.0
914551,subject_difficulty_screen,180.1,377.0,1642.0
914552,subject_difficulty_screen,179.9,376.9,1641.0
914553,subject_difficulty_screen,179.8,376.7,1641.0
914554,subject_difficulty_screen,179.8,376.0,1643.0
914555,subject_difficulty_screen,179.5,375.6,1644.0
914556,subject_difficulty_screen,179.2,375.2,1644.0
914557,subject_difficulty_screen,178.9,375.2,1642.0
914558,subject_difficulty_screen,179.0,375.3,1641.0
914559,subject_difficulty_screen,179.1,375.3,1639.0
914560,subject_difficulty_screen,179.2,375.6,1639.0
914561,subject_difficulty_screen,179.2,375.7,1639.0
914562,subject_difficulty_screen,179.3,375.9,1640.0
914563,subject_difficulty_screen,179.5,375.9,1641.0
914564,subject_difficulty_screen,179.6,376.0,1643.0
914565,subject_difficulty_screen,179.8,376.0,1645.0
914566,subject_difficulty_screen,180.0,375.8,1643.0
914567,subject_difficulty_screen,180.1,375.7,1639.0
914568,subject_difficulty_screen,180.2,375.7,1636.0
914569,subject_difficulty_screen,180.2,375.5,1635.0
914570,subject_difficulty_screen,180.2,375.4,1635.0
914571,subject_difficulty_screen,180.3,375.7,1635.0
914572,subject_difficulty_screen,180.4,376.4,1636.0
914573,subject_difficulty_screen,180.2,377.1,1637.0
914574,subject_difficulty_screen,179.9,377.6,1639.0
914575,subject_difficulty_screen,179.9,378.0,1640.0
914576,subject_difficulty_screen,180.2,378.1,1640.0
914577,subject_difficulty_screen,180.5,377.8,1639.0
914578,subject_difficulty_screen,180.3,377.5,1638.0
914579,subject_difficulty_screen,180.0,377.4,1637.0
914580,subject_difficulty_screen,179.9,377.4,1636.0
914581,subject_difficulty_screen,180.1,377.4,1636.0
914582,subject_difficulty_screen,180.2,377.4,1638.0
914583,subject_difficulty_screen,180.1,377.4,1639.0
914584,subject_difficulty_screen,179.6,377.5,1641.0
914585,subject_difficulty_screen,179.3,377.9,1640.0
914586,subject_difficulty_screen,178.9,378.3,1639.0
914587,subject_difficulty_screen,179.3,378.7,1639.0
914588,subject_difficulty_screen,179.7,379.0,1638.0
914589,subject_difficulty_screen,180.3,379.5,1638.0
914590,subject_difficulty_screen,180.5,380.0,1637.0
914591,subject_difficulty_screen,180.7,380.2,1638.0
914592,subject_difficulty_screen,180.6,380.2,1638.0
914593,subject_difficulty_screen,180.5,380.3,1638.0
914594,subject_difficulty_screen,180.4,380.4,1638.0
914595,subject_difficulty_screen,180.4,380.4,1638.0
914596,subject_difficulty_screen,180.4,380.3,1638.0
914597,subject_difficulty_screen,180.6,380.2,1639.0
914598,subject_difficulty_screen,180.7,380.0,1639.0
914599,subject_difficulty_screen,180.3,379.1,1639.0
914600,subject_difficulty_screen,179.7,378.2,1639.0
914601,subject_difficulty_screen,179.2,377.2,1638.0
914602,subject_difficulty_screen,178.8,377.4,1637.0
914603,subject_difficulty_screen,178.3,377.5,1636.0
914604,subject_difficulty_screen,178.0,377.5,1636.0
914605,subject_difficulty_screen,178.0,377.5,1636.0
914606,subject_difficulty_screen,178.1,377.5,1636.0
914607,subject_difficulty_screen,178.1,377.5,1636.0
914608,subject_difficulty_screen,178.1,377.6,1636.0
914609,subject_difficulty_screen,178.1,377.6,1636.0
914610,subject_difficulty_screen,178.1,377.1,1635.0
914611,subject_difficulty_screen,178.1,376.6,1634.0
914612,subject_difficulty_screen,178.2,376.2,1634.0
914613,subject_difficulty_screen,178.2,376.2,1634.0
914614,subject_difficulty_screen,178.0,376.3,1634.0
914615,subject_difficulty_screen,177.8,376.3,1634.0
914616,subject_difficulty_screen,177.7,376.3,1635.0
914617,subject_difficulty_screen,177.6,376.3,1635.0
914618,subject_difficulty_screen,177.6,376.8,1634.0
914619,subject_difficulty_screen,177.6,377.2,1633.0
914620,subject_difficulty_screen,177.8,377.2,1633.0
914621,subject_difficulty_screen,178.4,376.9,1633.0
914622,subject_difficulty_screen,179.0,376.5,1636.0
914623,subject_difficulty_screen,179.4,376.2,1637.0
914624,subject_difficulty_screen,179.3,375.8,1638.0
914625,subject_difficulty_screen,178.8,375.4,1638.0
914626,subject_difficulty_screen,178.3,375.3,1637.0
914627,subject_difficulty_screen,177.8,375.4,1637.0
914628,subject_difficulty_screen,177.6,375.6,1637.0
914629,subject_difficulty_screen,177.6,375.9,1636.0
914630,subject_difficulty_screen,177.7,376.1,1634.0
914631,subject_difficulty_screen,177.7,376.0,1634.0
914632,subject_difficulty_screen,177.5,376.0,1635.0
914633,subject_difficulty_screen,177.3,376.0,1636.0
914634,subject_difficulty_screen,177.1,376.0,1637.0
914635,subject_difficulty_screen,177.2,375.9,1637.0
914636,subject_difficulty_screen,177.5,375.6,1637.0
914637,subject_difficulty_screen,177.8,375.2,1637.0
914638,subject_difficulty_screen,177.9,374.8,1637.0
914639,subject_difficulty_screen,177.6,374.8,1636.0
914640,subject_difficulty_screen,177.3,374.8,1636.0
914641,subject_difficulty_screen,177.3,374.8,1636.0
914642,subject_difficulty_screen,177.3,375.0,1636.0
914643,subject_difficulty_screen,177.4,375.1,1637.0
914644,subject_difficulty_screen,177.5,375.3,1638.0
914645,subject_difficulty_screen,177.6,375.5,1639.0
914646,subject_difficulty_screen,178.1,375.8,1640.0
914647,subject_difficulty_screen,178.4,376.0,1642.0
914648,subject_difficulty_screen,178.7,376.0,1641.0
914649,subject_difficulty_screen,178.4,376.0,1640.0
914650,subject_difficulty_screen,178.1,376.0,1639.0
914651,subject_difficulty_screen,177.7,376.1,1639.0
914652,subject_difficulty_screen,177.5,376.1,1639.0
914653,subject_difficulty_screen,177.5,376.0,1639.0
914654,subject_difficulty_screen,177.6,376.2,1639.0
914655,subject_difficulty_screen,177.6,376.6,1640.0
914656,subject_difficulty_screen,177.6,377.0,1640.0
914657,subject_difficulty_screen,177.8,376.5,1640.0
914658,subject_difficulty_screen,178.0,375.9,1640.0
914659,subject_difficulty_screen,178.2,375.4,1640.0
914660,subject_difficulty_screen,178.0,375.3,1640.0
914661,subject_difficulty_screen,177.9,375.3,1640.0
914662,subject_difficulty_screen,177.8,375.3,1639.0
914663,subject_difficulty_screen,177.9,375.3,1638.0
914664,subject_difficulty_screen,177.9,375.4,1640.0
914665,subject_difficulty_screen,177.9,375.2,1643.0
914666,subject_difficulty_screen,177.9,375.1,1644.0
914667,subject_difficulty_screen,177.8,374.9,1644.0
914668,subject_difficulty_screen,177.8,374.9,1644.0
914669,subject_difficulty_screen,177.8,374.9,1644.0
914670,subject_difficulty_screen,178.2,375.1,1644.0
914671,subject_difficulty_screen,178.6,375.3,1643.0
914672,subject_difficulty_screen,178.6,375.7,1643.0
914673,subject_difficulty_screen,178.1,375.8,1644.0
914674,subject_difficulty_screen,177.7,376.0,1644.0
914675,subject_difficulty_screen,177.8,376.0,1645.0
914676,subject_difficulty_screen,178.0,376.0,1645.0
914677,subject_difficulty_screen,178.2,376.0,1646.0
914678,subject_difficulty_screen,178.2,376.0,1646.0
914679,subject_difficulty_screen,178.1,376.0,1645.0
914680,subject_difficulty_screen,178.2,375.8,1644.0
914681,subject_difficulty_screen,178.2,375.7,1645.0
914682,subject_difficulty_screen,178.2,375.5,1646.0
914683,subject_difficulty_screen,178.3,375.5,1648.0
914684,subject_difficulty_screen,178.3,375.4,1648.0
914685,subject_difficulty_screen,178.1,375.3,1648.0
914686,subject_difficulty_screen,177.6,375.3,1647.0
914687,subject_difficulty_screen,177.2,375.2,1646.0
914688,subject_difficulty_screen,177.4,375.3,1645.0
914689,subject_difficulty_screen,177.8,375.4,1645.0
914690,subject_difficulty_screen,178.2,375.3,1648.0
914691,subject_difficulty_screen,178.1,375.1,1650.0
914692,subject_difficulty_screen,178.1,374.9,1651.0
914693,subject_difficulty_screen,178.0,375.0,1652.0
914694,subject_difficulty_screen,178.0,375.0,1651.0
914695,subject_difficulty_screen,178.0,375.1,1651.0
914696,subject_difficulty_screen,178.1,375.1,1650.0
914697,subject_difficulty_screen,178.1,375.2,1650.0
914698,subject_difficulty_screen,178.1,375.3,1650.0
914699,subject_difficulty_screen,178.0,375.3,1650.0
914700,subject_difficulty_screen,177.6,375.3,1651.0
914701,subject_difficulty_screen,177.1,375.4,1650.0
914702,subject_difficulty_screen,176.6,375.2,1650.0
914703,subject_difficulty_screen,176.8,375.0,1650.0
914704,subject_difficulty_screen,177.0,374.9,1651.0
914705,subject_difficulty_screen,177.2,374.9,1651.0
914706,subject_difficulty_screen,177.1,375.2,1652.0
914707,subject_difficulty_screen,177.1,375.2,1653.0
914708,subject_difficulty_screen,177.2,375.3,1655.0
914709,subject_difficulty_screen,177.1,375.2,1655.0
914710,subject_difficulty_screen,177.1,374.7,1655.0
914711,subject_difficulty_screen,177.0,374.3,1655.0
914712,subject_difficulty_screen,176.7,373.8,1657.0
914713,subject_difficulty_screen,176.4,373.8,1660.0
914714,subject_difficulty_screen,176.1,373.8,1663.0
914715,subject_difficulty_screen,176.1,374.2,1662.0
914716,subject_difficulty_screen,176.2,374.6,1661.0
914717,subject_difficulty_screen,176.2,375.1,1661.0
914718,subject_difficulty_screen,176.2,375.9,1662.0
914719,subject_difficulty_screen,176.2,376.7,1662.0
914720,subject_difficulty_screen,176.3,377.3,1662.0
914721,subject_difficulty_screen,176.5,377.1,1662.0
914722,subject_difficulty_screen,176.7,376.8,1664.0
914723,subject_difficulty_screen,176.8,376.7,1666.0
914724,subject_difficulty_screen,176.8,377.1,1670.0
914725,subject_difficulty_screen,176.6,377.5,1672.0
914726,subject_difficulty_screen,176.3,377.9,1674.0
914727,subject_difficulty_screen,176.0,377.6,1674.0
914728,subject_difficulty_screen,176.0,377.2,1673.0
914729,subject_difficulty_screen,176.0,377.0,1673.0
914730,subject_difficulty_screen,175.9,377.0,1672.0
914731,subject_difficulty_screen,175.8,377.0,1671.0
914732,subject_difficulty_screen,175.6,376.9,1672.0
914733,subject_difficulty_screen,175.4,376.9,1673.0
914734,subject_difficulty_screen,175.2,376.8,1674.0
914735,subject_difficulty_screen,175.3,376.6,1675.0
914736,subject_difficulty_screen,175.3,376.5,1675.0
914737,subject_difficulty_screen,175.5,376.5,1676.0
914738,subject_difficulty_screen,175.8,376.5,1675.0
914739,subject_difficulty_screen,176.2,376.5,1674.0
914740,subject_difficulty_screen,176.4,376.4,1673.0
914741,subject_difficulty_screen,176.5,376.3,1673.0
914742,subject_difficulty_screen,176.4,376.3,1674.0
914743,subject_difficulty_screen,176.2,376.4,1676.0
914744,subject_difficulty_screen,176.5,376.4,1677.0
914745,subject_difficulty_screen,177.1,376.4,1677.0
914746,subject_difficulty_screen,177.7,376.4,1678.0
914747,subject_difficulty_screen,177.8,376.3,1678.0
914748,subject_difficulty_screen,177.9,376.4,1678.0
914749,subject_difficulty_screen,178.0,376.4,1678.0
914750,subject_difficulty_screen,178.2,376.5,1675.0
914751,subject_difficulty_screen,178.3,376.6,1673.0
914752,subject_difficulty_screen,178.2,376.6,1672.0
914753,subject_difficulty_screen,178.1,376.3,1673.0
914754,subject_difficulty_screen,177.9,375.8,1674.0
914755,subject_difficulty_screen,178.0,375.5,1675.0
914756,subject_difficulty_screen,178.2,375.4,1675.0
914757,subject_difficulty_screen,178.3,375.4,1675.0
914758,subject_difficulty_screen,178.2,375.2,1675.0
914759,subject_difficulty_screen,177.9,374.9,1676.0
914760,subject_difficulty_screen,177.6,374.2,1677.0
914761,subject_difficulty_screen,177.6,373.8,1678.0
914762,subject_difficulty_screen,177.1,373.5,1678.0
914763,subject_difficulty_screen,176.6,373.6,1677.0
914764,subject_difficulty_screen,176.0,373.6,1677.0
914765,subject_difficulty_screen,176.0,373.5,1677.0
914766,subject_difficulty_screen,176.1,373.4,1677.0
914767,subject_difficulty_screen,176.3,373.7,1677.0
914768,subject_difficulty_screen,176.5,374.2,1677.0
914769,subject_difficulty_screen,176.2,374.6,1679.0
914770,subject_difficulty_screen,176.0,374.2,1680.0
914771,subject_difficulty_screen,175.7,373.6,1681.0
914772,subject_difficulty_screen,175.3,373.1,1680.0
914773,subject_difficulty_screen,174.7,373.1,1680.0
914774,subject_difficulty_screen,174.0,372.9,1679.0
914775,subject_difficulty_screen,173.7,372.7,1678.0
914776,subject_difficulty_screen,173.9,372.5,1677.0
914777,subject_difficulty_screen,174.1,372.6,1678.0
914778,subject_difficulty_screen,174.2,372.5,1679.0
914779,subject_difficulty_screen,174.2,372.4,1680.0
914780,subject_difficulty_screen,173.7,372.1,1682.0
914781,subject_difficulty_screen,173.2,371.8,1683.0
914782,subject_difficulty_screen,172.4,371.4,1685.0
914783,subject_difficulty_screen,172.2,371.3,1687.0
914784,subject_difficulty_screen,172.0,371.2,1688.0
914785,subject_difficulty_screen,172.1,371.3,1689.0
914786,subject_difficulty_screen,172.2,371.3,1691.0
914787,subject_difficulty_screen,172.8,371.3,1691.0
914788,subject_difficulty_screen,173.3,371.3,1691.0
914789,subject_difficulty_screen,173.7,371.3,1690.0
914790,subject_difficulty_screen,173.6,371.2,1690.0
914791,subject_difficulty_screen,173.5,371.2,1689.0
914792,subject_difficulty_screen,173.2,370.9,1689.0
914793,subject_difficulty_screen,173.0,370.7,1688.0
914794,subject_difficulty_screen,172.9,370.5,1691.0
914795,subject_difficulty_screen,173.2,370.7,1693.0
914796,subject_difficulty_screen,173.7,370.9,1696.0
914797,subject_difficulty_screen,174.3,371.1,1694.0
914798,subject_difficulty_screen,174.4,371.3,1693.0
914799,subject_difficulty_screen,174.2,371.5,1691.0
914800,subject_difficulty_screen,174.1,371.6,1692.0
914801,subject_difficulty_screen,174.0,371.6,1692.0
914802,subject_difficulty_screen,174.0,371.1,1692.0
914803,subject_difficulty_screen,173.8,370.7,1695.0
914804,subject_difficulty_screen,173.6,370.4,1697.0
914805,subject_difficulty_screen,173.6,370.6,1699.0
914806,subject_difficulty_screen,173.7,371.1,1699.0
914807,subject_difficulty_screen,173.9,371.5,1700.0
914808,subject_difficulty_screen,174.1,371.8,1699.0
914809,subject_difficulty_screen,174.2,371.7,1700.0
914810,subject_difficulty_screen,174.6,371.6,1700.0
914811,subject_difficulty_screen,175.0,371.5,1701.0
914812,subject_difficulty_screen,175.1,371.4,1702.0
914813,subject_difficulty_screen,174.8,371.3,1704.0
914814,subject_difficulty_screen,174.5,371.2,1705.0
914815,subject_difficulty_screen,174.6,371.1,1705.0
914816,subject_difficulty_screen,174.7,371.1,1704.0
914817,subject_difficulty_screen,174.7,371.1,1702.0
914818,subject_difficulty_screen,174.5,371.1,1702.0
914819,subject_difficulty_screen,174.2,371.1,1702.0
914820,subject_difficulty_screen,173.9,371.1,1702.0
914821,subject_difficulty_screen,173.7,371.1,1705.0
914822,subject_difficulty_screen,173.7,371.2,1707.0
914823,subject_difficulty_screen,173.8,371.2,1709.0
914824,subject_difficulty_screen,173.9,371.9,1708.0
914825,subject_difficulty_screen,173.8,372.6,1707.0
914826,subject_difficulty_screen,173.8,373.2,1707.0
914827,subject_difficulty_screen,173.7,373.0,1706.0
914828,subject_difficulty_screen,173.5,372.9,1706.0
914829,subject_difficulty_screen,173.3,372.9,1706.0
914830,subject_difficulty_screen,173.0,373.2,1707.0
914831,subject_difficulty_screen,172.6,373.4,1707.0
914832,subject_difficulty_screen,172.4,373.6,1707.0
914833,subject_difficulty_screen,172.2,373.6,1708.0
914834,subject_difficulty_screen,171.7,373.5,1709.0
914835,subject_difficulty_screen,171.0,373.5,1709.0
914836,subject_difficulty_screen,170.6,373.6,1709.0
914837,subject_difficulty_screen,170.7,373.5,1708.0
914838,subject_difficulty_screen,170.8,373.4,1706.0
914839,subject_difficulty_screen,171.0,373.3,1706.0
914840,subject_difficulty_screen,171.0,373.6,1707.0
914841,subject_difficulty_screen,171.0,374.0,1708.0
914842,subject_difficulty_screen,171.2,374.1,1709.0
914843,subject_difficulty_screen,171.5,373.7,1709.0
914844,subject_difficulty_screen,171.8,373.3,1711.0
914845,subject_difficulty_screen,172.5,373.2,1715.0
914846,subject_difficulty_screen,173.0,373.2,1718.0
914847,subject_difficulty_screen,173.4,373.3,1719.0
914848,subject_difficulty_screen,173.2,373.3,1718.0
914849,subject_difficulty_screen,173.1,373.3,1718.0
914850,subject_difficulty_screen,173.3,373.4,1718.0
914851,subject_difficulty_screen,173.6,373.4,1719.0
914852,subject_difficulty_screen,174.3,373.4,1722.0
914853,subject_difficulty_screen,174.7,373.7,1723.0
914854,subject_difficulty_screen,175.1,374.0,1725.0
914855,subject_difficulty_screen,175.5,374.3,1725.0
914856,subject_difficulty_screen,175.9,374.3,1724.0
914857,subject_difficulty_screen,176.5,374.7,1725.0
914858,subject_difficulty_screen,176.7,375.1,1726.0
914859,subject_difficulty_screen,176.6,375.5,1726.0
914860,subject_difficulty_screen,176.3,375.5,1725.0
914861,subject_difficulty_screen,176.0,375.5,1723.0
914862,subject_difficulty_screen,176.1,375.5,1722.0
914863,subject_difficulty_screen,175.7,375.4,1722.0
914864,subject_difficulty_screen,175.1,375.3,1723.0
914865,subject_difficulty_screen,174.5,375.1,1724.0
914866,subject_difficulty_screen,174.3,375.3,1725.0
914867,subject_difficulty_screen,174.3,375.6,1726.0
914868,subject_difficulty_screen,174.0,375.8,1725.0
914869,subject_difficulty_screen,173.6,375.7,1725.0
914870,subject_difficulty_screen,172.8,376.0,1724.0
914871,subject_difficulty_screen,172.3,376.4,1723.0
914872,subject_difficulty_screen,171.9,376.4,1723.0
914873,subject_difficulty_screen,171.9,376.1,1724.0
914874,subject_difficulty_screen,171.8,375.7,1725.0
914875,subject_difficulty_screen,171.5,375.7,1726.0
914876,subject_difficulty_screen,171.2,375.6,1726.0
914877,subject_difficulty_screen,171.1,374.9,1727.0
914878,subject_difficulty_screen,171.4,374.3,1729.0
914879,subject_difficulty_screen,171.9,373.9,1730.0
914880,subject_difficulty_screen,172.6,374.1,1731.0
914881,subject_difficulty_screen,172.9,374.3,1732.0
914882,subject_difficulty_screen,173.0,374.3,1732.0
914883,subject_difficulty_screen,173.0,374.3,1732.0
914884,subject_difficulty_screen,173.1,374.2,1732.0
914885,subject_difficulty_screen,173.4,374.4,1732.0
914886,subject_difficulty_screen,173.7,374.6,1732.0
914887,subject_difficulty_screen,174.2,374.7,1732.0
914888,subject_difficulty_screen,174.5,374.4,1732.0
914889,subject_difficulty_screen,174.8,374.3,1732.0
914890,subject_difficulty_screen,174.9,374.3,1734.0
914891,subject_difficulty_screen,175.2,374.5,1737.0
914892,subject_difficulty_screen,175.4,374.6,1739.0
914893,subject_difficulty_screen,175.8,374.6,1740.0
914894,subject_difficulty_screen,175.9,375.1,1739.0
914895,subject_difficulty_screen,176.1,375.5,1739.0
914896,subject_difficulty_screen,176.0,375.9,1739.0
914897,subject_difficulty_screen,176.0,375.8,1737.0
914898,subject_difficulty_screen,175.5,375.8,1735.0
914899,subject_difficulty_screen,174.9,376.0,1733.0
914900,subject_difficulty_screen,174.4,376.3,1733.0
914901,subject_difficulty_screen,174.3,376.5,1734.0
914902,subject_difficulty_screen,174.3,376.4,1734.0
914903,subject_difficulty_screen,174.2,376.1,1734.0
914904,subject_difficulty_screen,173.9,375.6,1734.0
914905,subject_difficulty_screen,173.4,375.0,1736.0
914906,subject_difficulty_screen,172.8,374.6,1737.0
914907,subject_difficulty_screen,172.5,374.9,1735.0
914908,subject_difficulty_screen,172.3,375.4,1732.0
914909,subject_difficulty_screen,172.0,376.0,1730.0
914910,subject_difficulty_screen,171.6,376.0,1733.0
914911,subject_difficulty_screen,171.8,376.0,1735.0
914912,subject_difficulty_screen,172.3,375.4,1740.0
914913,subject_difficulty_screen,172.8,374.8,1742.0
914914,subject_difficulty_screen,172.8,374.2,1744.0
914915,subject_difficulty_screen,172.7,374.6,1744.0
914916,subject_difficulty_screen,172.3,375.1,1744.0
914917,subject_difficulty_screen,172.0,375.6,1742.0
914918,subject_difficulty_screen,172.1,375.6,1741.0
914919,subject_difficulty_screen,172.4,375.7,1741.0
914920,subject_difficulty_screen,172.6,375.6,1741.0
914921,subject_difficulty_screen,172.5,375.3,1742.0
914922,subject_difficulty_screen,172.6,375.0,1742.0
914923,subject_difficulty_screen,172.8,374.8,1742.0
914924,subject_difficulty_screen,172.9,374.8,1744.0
914925,subject_difficulty_screen,172.8,374.9,1746.0
914926,subject_difficulty_screen,172.8,374.9,1748.0
914927,subject_difficulty_screen,172.7,375.2,1748.0
914928,subject_difficulty_screen,172.8,375.4,1747.0
914929,subject_difficulty_screen,172.8,375.4,1746.0
914930,subject_difficulty_screen,172.8,375.2,1745.0
914931,subject_difficulty_screen,172.8,375.0,1745.0
914932,subject_difficulty_screen,172.8,375.1,1746.0
914933,subject_difficulty_screen,172.7,375.2,1746.0
914934,subject_difficulty_screen,172.7,375.3,1747.0
914935,subject_difficulty_screen,172.8,375.3,1747.0
914936,subject_difficulty_screen,172.6,375.3,1748.0
914937,subject_difficulty_screen,172.3,375.3,1749.0
914938,subject_difficulty_screen,172.2,375.4,1750.0
914939,subject_difficulty_screen,172.3,375.4,1751.0
914940,subject_difficulty_screen,172.4,375.3,1752.0
914941,subject_difficulty_screen,172.3,375.2,1750.0
914942,subject_difficulty_screen,172.3,375.2,1749.0
914943,subject_difficulty_screen,172.3,375.2,1749.0
914944,subject_difficulty_screen,172.4,375.5,1751.0
914945,subject_difficulty_screen,172.4,375.6,1754.0
914946,subject_difficulty_screen,172.4,375.9,1756.0
914947,subject_difficulty_screen,172.5,376.1,1754.0
914948,subject_difficulty_screen,172.5,376.3,1751.0
914949,subject_difficulty_screen,172.5,376.3,1748.0
914950,subject_difficulty_screen,172.5,376.2,1749.0
914951,subject_difficulty_screen,172.6,376.0,1751.0
914952,subject_difficulty_screen,172.6,375.9,1752.0
914953,subject_difficulty_screen,172.5,375.9,1753.0
914954,subject_difficulty_screen,172.5,375.5,1753.0
914955,subject_difficulty_screen,172.6,375.2,1753.0
914956,subject_difficulty_screen,172.7,374.9,1752.0
914957,subject_difficulty_screen,172.7,375.1,1752.0
914958,subject_difficulty_screen,172.7,375.5,1752.0
914959,subject_difficulty_screen,173.2,375.7,1752.0
914960,subject_difficulty_screen,173.8,375.9,1752.0
914961,subject_difficulty_screen,174.4,375.8,1754.0
914962,subject_difficulty_screen,174.7,375.8,1755.0
914963,subject_difficulty_screen,175.0,375.9,1755.0
914964,subject_difficulty_screen,175.1,375.7,1757.0
914965,subject_difficulty_screen,175.1,375.5,1759.0
914966,subject_difficulty_screen,175.1,375.5,1760.0
914967,subject_difficulty_screen,175.2,375.6,1759.0
914968,subject_difficulty_screen,175.4,375.8,1758.0
914969,subject_difficulty_screen,175.6,375.8,1756.0
914970,subject_difficulty_screen,175.5,376.1,1756.0
914971,subject_difficulty_screen,175.3,376.4,1756.0
914972,subject_difficulty_screen,174.9,376.9,1756.0
914973,subject_difficulty_screen,174.4,377.0,1757.0
914974,subject_difficulty_screen,173.9,376.9,1758.0
914975,subject_difficulty_screen,173.5,376.7,1759.0
914976,subject_difficulty_screen,173.4,375.8,1761.0
914977,subject_difficulty_screen,173.3,375.2,1761.0
914978,subject_difficulty_screen,173.4,375.1,1761.0
914979,subject_difficulty_screen,173.5,375.7,1760.0
914980,subject_difficulty_screen,173.4,376.3,1759.0
914981,subject_difficulty_screen,173.4,376.3,1758.0
914982,subject_difficulty_screen,173.3,376.2,1758.0
914983,subject_difficulty_screen,173.4,375.8,1759.0
914984,subject_difficulty_screen,173.4,375.5,1761.0
914985,subject_difficulty_screen,173.2,375.2,1762.0
914986,subject_difficulty_screen,172.9,375.3,1762.0
914987,subject_difficulty_screen,172.7,375.5,1761.0
914988,subject_difficulty_screen,172.6,375.8,1760.0
914989,subject_difficulty_screen,172.0,375.7,1760.0
914990,subject_difficulty_screen,171.4,375.5,1760.0
914991,subject_difficulty_screen,171.2,375.3,1760.0
914992,subject_difficulty_screen,171.3,375.3,1761.0
914993,subject_difficulty_screen,171.3,375.4,1760.0
914994,subject_difficulty_screen,171.2,375.6,1761.0
914995,subject_difficulty_screen,171.2,375.7,1762.0
914996,subject_difficulty_screen,171.3,375.7,1764.0
914997,subject_difficulty_screen,171.8,375.6,1766.0
914998,subject_difficulty_screen,172.2,375.5,1764.0
914999,subject_difficulty_screen,172.3,375.5,1762.0
915000,subject_difficulty_screen,171.9,375.5,1759.0
915001,subject_difficulty_screen,171.6,375.3,1758.0
915002,subject_difficulty_screen,171.6,375.3,1759.0
915003,subject_difficulty_screen,171.7,375.2,1761.0
915004,subject_difficulty_screen,171.7,375.3,1764.0
915005,subject_difficulty_screen,172.0,375.3,1766.0
915006,subject_difficulty_screen,172.2,375.3,1768.0
915007,subject_difficulty_screen,172.5,375.3,1769.0
915008,subject_difficulty_screen,172.5,375.4,1769.0
915009,subject_difficulty_screen,172.6,375.4,1769.0
915010,subject_difficulty_screen,172.7,375.4,1768.0
915011,subject_difficulty_screen,173.2,375.0,1768.0
915012,subject_difficulty_screen,173.7,374.6,1768.0
915013,subject_difficulty_screen,173.6,374.2,1768.0
915014,subject_difficulty_screen,173.3,374.2,1767.0
915015,subject_difficulty_screen,172.9,374.2,1767.0
915016,subject_difficulty_screen,172.9,374.2,1766.0
915017,subject_difficulty_screen,172.8,374.2,1766.0
915018,subject_difficulty_screen,172.7,374.3,1766.0
915019,subject_difficulty_screen,172.7,374.4,1765.0
915020,subject_difficulty_screen,172.9,374.8,1764.0
915021,subject_difficulty_screen,173.1,375.2,1764.0
915022,subject_difficulty_screen,173.2,375.7,1764.0
915023,subject_difficulty_screen,173.0,375.8,1764.0
915024,subject_difficulty_screen,172.9,375.3,1766.0
915025,subject_difficulty_screen,172.7,374.7,1767.0
915026,subject_difficulty_screen,172.8,374.4,1769.0
915027,subject_difficulty_screen,172.9,374.5,1769.0
915028,subject_difficulty_screen,172.8,374.6,1769.0
915029,subject_difficulty_screen,172.7,374.5,1769.0
915030,subject_difficulty_screen,172.6,374.6,1769.0
915031,subject_difficulty_screen,172.6,374.7,1770.0
915032,subject_difficulty_screen,172.6,374.5,1771.0
915033,subject_difficulty_screen,172.7,374.1,1772.0
915034,subject_difficulty_screen,172.8,374.1,1772.0
915035,subject_difficulty_screen,172.6,374.4,1772.0
915036,subject_difficulty_screen,172.4,374.7,1772.0
915037,subject_difficulty_screen,172.4,374.7,1771.0
915038,subject_difficulty_screen,172.5,374.8,1770.0
915039,subject_difficulty_screen,172.7,375.0,1770.0
915040,subject_difficulty_screen,172.9,375.3,1769.0
915041,subject_difficulty_screen,173.1,375.6,1769.0
915042,subject_difficulty_screen,173.1,375.9,1770.0
915043,subject_difficulty_screen,173.1,376.1,1771.0
915044,subject_difficulty_screen,173.2,376.3,1770.0
915045,subject_difficulty_screen,173.2,376.3,1770.0
915046,subject_difficulty_screen,173.2,376.3,1770.0
915047,subject_difficulty_screen,173.1,376.3,1770.0
915048,subject_difficulty_screen,173.1,376.5,1770.0
915049,subject_difficulty_screen,173.5,376.7,1770.0
915050,subject_difficulty_screen,173.9,377.0,1770.0
915051,subject_difficulty_screen,174.1,377.0,1771.0
915052,subject_difficulty_screen,174.0,377.1,1772.0
915053,subject_difficulty_screen,173.7,377.2,1773.0
915054,subject_difficulty_screen,173.4,377.5,1772.0
915055,subject_difficulty_screen,173.1,377.7,1771.0
915056,subject_difficulty_screen,173.1,377.5,1771.0
915057,subject_difficulty_screen,173.1,377.1,1772.0
915058,subject_difficulty_screen,173.2,376.8,1773.0
915059,subject_difficulty_screen,173.2,376.9,1773.0
915060,subject_difficulty_screen,173.2,377.0,1772.0
915061,subject_difficulty_screen,173.0,377.1,1773.0
915062,subject_difficulty_screen,172.9,377.5,1773.0
915063,subject_difficulty_screen,173.3,378.0,1773.0
915064,subject_difficulty_screen,173.7,378.5,1772.0
915065,subject_difficulty_screen,173.9,378.5,1772.0
915066,subject_difficulty_screen,173.6,378.2,1771.0
915067,subject_difficulty_screen,173.4,377.9,1772.0
915068,subject_difficulty_screen,173.4,377.8,1773.0
915069,subject_difficulty_screen,173.4,378.0,1773.0
915070,subject_difficulty_screen,173.3,378.3,1773.0
915071,subject_difficulty_screen,173.2,378.2,1774.0
915072,subject_difficulty_screen,172.9,378.1,1775.0
915073,subject_difficulty_screen,172.6,378.0,1776.0
915074,subject_difficulty_screen,172.4,378.0,1776.0
915075,subject_difficulty_screen,172.4,377.9,1775.0
915076,subject_difficulty_screen,172.6,377.8,1775.0
915077,subject_difficulty_screen,172.8,377.7,1775.0
915078,subject_difficulty_screen,172.9,377.7,1775.0
915079,subject_difficulty_screen,172.9,377.7,1776.0
915080,subject_difficulty_screen,172.6,377.9,1777.0
915081,subject_difficulty_screen,172.4,378.0,1778.0
915082,subject_difficulty_screen,172.3,378.0,1780.0
915083,subject_difficulty_screen,172.2,377.9,1782.0
915084,subject_difficulty_screen,172.2,377.8,1784.0
915085,subject_difficulty_screen,172.5,377.7,1784.0
915086,subject_difficulty_screen,172.8,377.5,1784.0
915087,subject_difficulty_screen,173.0,377.5,1785.0
915088,subject_difficulty_screen,173.0,377.7,1785.0
915089,subject_difficulty_screen,172.9,377.7,1785.0
915090,subject_difficulty_screen,172.4,377.6,1783.0
915091,subject_difficulty_screen,172.0,377.5,1782.0
915092,subject_difficulty_screen,172.1,377.5,1782.0
915093,subject_difficulty_screen,172.6,377.5,1785.0
915094,subject_difficulty_screen,173.1,377.6,1788.0
915095,subject_difficulty_screen,173.3,377.8,1789.0
915096,subject_difficulty_screen,173.4,377.8,1790.0
915097,subject_difficulty_screen,173.4,377.9,1790.0
915098,subject_difficulty_screen,173.4,377.9,1788.0
915099,subject_difficulty_screen,173.2,377.7,1787.0
915100,subject_difficulty_screen,173.0,377.5,1785.0
915101,subject_difficulty_screen,172.8,377.3,1787.0
915102,subject_difficulty_screen,172.8,377.3,1788.0
915103,subject_difficulty_screen,172.7,376.9,1790.0
915104,subject_difficulty_screen,172.6,376.4,1789.0
915105,subject_difficulty_screen,172.4,376.0,1789.0
915106,subject_difficulty_screen,172.3,376.0,1790.0
915107,subject_difficulty_screen,172.1,376.6,1790.0
915108,subject_difficulty_screen,171.9,377.2,1789.0
915109,subject_difficulty_screen,171.6,377.7,1788.0
915110,subject_difficulty_screen,171.8,377.6,1787.0
915111,subject_difficulty_screen,172.2,377.2,1787.0
915112,subject_difficulty_screen,172.5,376.9,1787.0
915113,subject_difficulty_screen,172.3,376.7,1787.0
915114,subject_difficulty_screen,172.2,376.9,1788.0
915115,subject_difficulty_screen,172.1,377.2,1789.0
915116,subject_difficulty_screen,172.1,377.4,1790.0
915117,subject_difficulty_screen,172.0,377.3,1791.0
915118,subject_difficulty_screen,172.0,377.1,1790.0
915119,subject_difficulty_screen,171.9,376.8,1789.0
915120,subject_difficulty_screen,171.9,376.5,1789.0
915121,subject_difficulty_screen,171.4,376.3,1787.0
915122,subject_difficulty_screen,170.8,376.3,1785.0
915123,subject_difficulty_screen,170.6,376.5,1784.0
915124,subject_difficulty_screen,170.8,376.7,1786.0
915125,subject_difficulty_screen,170.9,376.9,1787.0
915126,subject_difficulty_screen,171.0,376.6,1789.0
915127,subject_difficulty_screen,171.2,376.4,1789.0
915128,subject_difficulty_screen,171.2,376.2,1788.0
915129,subject_difficulty_screen,171.1,376.1,1788.0
915130,subject_difficulty_screen,171.0,375.9,1789.0
915131,subject_difficulty_screen,171.1,375.7,1790.0
915132,subject_difficulty_screen,171.3,375.7,1790.0
915133,subject_difficulty_screen,171.6,375.8,1790.0
915134,subject_difficulty_screen,172.0,375.8,1790.0
915135,subject_difficulty_screen,172.2,375.9,1790.0
915136,subject_difficulty_screen,172.3,375.9,1790.0
915137,subject_difficulty_screen,172.0,375.9,1789.0
915138,subject_difficulty_screen,171.6,375.9,1789.0
915139,subject_difficulty_screen,171.2,375.8,1789.0
915140,subject_difficulty_screen,171.2,375.7,1790.0
915141,subject_difficulty_screen,171.2,375.6,1790.0
915142,subject_difficulty_screen,171.2,375.7,1789.0
915143,subject_difficulty_screen,170.9,375.8,1788.0
915144,subject_difficulty_screen,170.7,375.9,1790.0
915145,subject_difficulty_screen,170.5,375.9,1791.0
915146,subject_difficulty_screen,170.4,375.9,1793.0
915147,subject_difficulty_screen,170.2,375.9,1792.0
915148,subject_difficulty_screen,170.0,376.0,1790.0
915149,subject_difficulty_screen,169.9,376.1,1788.0
915150,subject_difficulty_screen,170.1,376.1,1788.0
915151,subject_difficulty_screen,170.2,376.2,1787.0
915152,subject_difficulty_screen,170.5,376.5,1788.0
915153,subject_difficulty_screen,170.8,376.8,1791.0
915154,subject_difficulty_screen,171.2,377.0,1794.0
915155,subject_difficulty_screen,171.4,377.0,1796.0
915156,subject_difficulty_screen,171.3,376.9,1797.0
915157,subject_difficulty_screen,171.2,377.0,1796.0
915158,subject_difficulty_screen,171.1,377.1,1795.0
915159,subject_difficulty_screen,170.9,377.3,1793.0
915160,subject_difficulty_screen,170.8,377.5,1792.0
915161,subject_difficulty_screen,170.8,377.8,1793.0
915162,subject_difficulty_screen,170.9,378.0,1795.0
915163,subject_difficulty_screen,171.0,377.9,1797.0
915164,subject_difficulty_screen,171.1,377.7,1799.0
915165,subject_difficulty_screen,171.1,377.4,1799.0
915166,subject_difficulty_screen,171.2,377.3,1798.0
915167,subject_difficulty_screen,171.3,377.2,1798.0
915168,subject_difficulty_screen,171.4,377.2,1798.0
915169,subject_difficulty_screen,171.6,377.4,1798.0
915170,subject_difficulty_screen,171.7,377.6,1798.0
915171,subject_difficulty_screen,171.7,377.7,1797.0
915172,subject_difficulty_screen,171.7,377.8,1796.0
915173,subject_difficulty_screen,171.7,378.0,1795.0
915174,subject_difficulty_screen,171.9,378.3,1798.0
915175,subject_difficulty_screen,172.1,378.4,1801.0
915176,subject_difficulty_screen,172.4,378.1,1805.0
915177,subject_difficulty_screen,172.3,377.8,1804.0
915178,subject_difficulty_screen,172.3,377.4,1804.0
915179,subject_difficulty_screen,172.6,377.3,1804.0
915180,subject_difficulty_screen,172.9,377.2,1805.0
915181,subject_difficulty_screen,173.1,377.0,1805.0
915182,subject_difficulty_screen,173.1,377.0,1805.0
915183,subject_difficulty_screen,173.1,377.2,1805.0
915184,subject_difficulty_screen,173.1,377.5,1805.0
915185,subject_difficulty_screen,172.7,377.8,1807.0
915186,subject_difficulty_screen,172.3,377.8,1808.0
915187,subject_difficulty_screen,172.0,377.9,1809.0
915188,subject_difficulty_screen,172.1,377.9,1810.0
915189,subject_difficulty_screen,172.4,377.8,1810.0
915190,subject_difficulty_screen,172.7,378.0,1809.0
915191,subject_difficulty_screen,172.7,378.2,1810.0
915192,subject_difficulty_screen,172.7,378.3,1811.0
915193,subject_difficulty_screen,172.7,378.1,1812.0
915194,subject_difficulty_screen,172.6,377.9,1811.0
915195,subject_difficulty_screen,172.5,377.8,1811.0
915196,subject_difficulty_screen,172.4,377.4,1811.0
915197,subject_difficulty_screen,172.4,376.9,1812.0
915198,subject_difficulty_screen,172.3,376.9,1814.0
915199,subject_difficulty_screen,172.6,377.1,1813.0
915200,subject_difficulty_screen,172.9,377.1,1812.0
915201,subject_difficulty_screen,173.1,376.8,1810.0
915202,subject_difficulty_screen,173.0,377.2,1810.0
915203,subject_difficulty_screen,172.9,377.7,1809.0
915204,subject_difficulty_screen,172.7,378.3,1809.0
915205,subject_difficulty_screen,172.7,378.4,1810.0
915206,subject_difficulty_screen,172.7,378.6,1812.0
915207,subject_difficulty_screen,172.7,378.6,1813.0
915208,subject_difficulty_screen,172.7,378.5,1813.0
915209,subject_difficulty_screen,172.7,378.4,1812.0
915210,subject_difficulty_screen,173.0,378.6,1811.0
915211,subject_difficulty_screen,173.2,378.9,1812.0
915212,subject_difficulty_screen,173.4,379.3,1814.0
915213,subject_difficulty_screen,173.4,379.3,1815.0
915214,subject_difficulty_screen,173.4,379.1,1816.0
915215,subject_difficulty_screen,173.4,378.8,1817.0
915216,subject_difficulty_screen,173.4,378.3,1818.0
915217,subject_difficulty_screen,173.6,378.0,1819.0
915218,subject_difficulty_screen,173.6,378.0,1821.0
915219,subject_difficulty_screen,173.6,378.3,1820.0
915220,subject_difficulty_screen,173.8,378.6,1819.0
915221,subject_difficulty_screen,174.1,378.7,1818.0
915222,subject_difficulty_screen,174.3,378.9,1819.0
915223,subject_difficulty_screen,174.1,379.0,1819.0
915224,subject_difficulty_screen,173.9,379.3,1820.0
915225,subject_difficulty_screen,173.7,379.6,1820.0
915226,subject_difficulty_screen,173.8,379.9,1820.0
915227,subject_difficulty_screen,173.8,380.1,1820.0
915228,subject_difficulty_screen,173.8,379.7,1819.0
915229,subject_difficulty_screen,173.8,379.3,1820.0
915230,subject_difficulty_screen,173.9,378.8,1821.0
915231,subject_difficulty_screen,174.1,378.7,1822.0
915232,subject_difficulty_screen,174.0,378.7,1823.0
915233,subject_difficulty_screen,173.7,378.8,1823.0
915234,subject_difficulty_screen,173.4,379.1,1823.0
915235,subject_difficulty_screen,173.4,379.2,1822.0
915236,subject_difficulty_screen,173.5,379.3,1822.0
915237,subject_difficulty_screen,173.5,379.3,1822.0
915238,subject_difficulty_screen,173.1,379.3,1822.0
915239,subject_difficulty_screen,172.8,379.2,1822.0
915240,subject_difficulty_screen,172.8,379.3,1822.0
915241,subject_difficulty_screen,173.2,379.6,1822.0
915242,subject_difficulty_screen,173.4,380.1,1822.0
915243,subject_difficulty_screen,173.1,380.6,1822.0
915244,subject_difficulty_screen,172.8,380.7,1822.0
915245,subject_difficulty_screen,172.6,380.3,1823.0
915246,subject_difficulty_screen,172.5,379.8,1824.0
915247,subject_difficulty_screen,172.8,379.7,1826.0
915248,subject_difficulty_screen,173.2,379.7,1826.0
915249,subject_difficulty_screen,173.1,379.8,1826.0
915250,subject_difficulty_screen,172.6,379.7,1827.0
915251,subject_difficulty_screen,172.1,379.6,1827.0
915252,subject_difficulty_screen,172.1,379.7,1827.0
915253,subject_difficulty_screen,172.1,379.9,1826.0
915254,subject_difficulty_screen,172.3,380.1,1824.0
915255,subject_difficulty_screen,172.4,380.2,1823.0
915256,subject_difficulty_screen,172.3,380.3,1825.0
915257,subject_difficulty_screen,172.2,380.3,1828.0
915258,subject_difficulty_screen,172.2,380.3,1831.0
915259,subject_difficulty_screen,172.2,380.4,1830.0
915260,subject_difficulty_screen,172.0,380.5,1829.0
915261,subject_difficulty_screen,171.8,380.5,1827.0
915262,subject_difficulty_screen,171.9,380.5,1828.0
915263,subject_difficulty_screen,172.1,380.6,1831.0
915264,subject_difficulty_screen,172.2,380.7,1834.0
915265,subject_difficulty_screen,172.0,380.8,1836.0
915266,subject_difficulty_screen,171.9,380.6,1834.0
915267,subject_difficulty_screen,171.9,380.6,1832.0
915268,subject_difficulty_screen,171.7,380.5,1829.0
915269,subject_difficulty_screen,171.5,380.4,1829.0
915270,subject_difficulty_screen,171.2,380.3,1829.0
915271,subject_difficulty_screen,171.1,380.4,1830.0
915272,subject_difficulty_screen,171.0,380.8,1832.0
915273,subject_difficulty_screen,170.9,381.3,1832.0
915274,subject_difficulty_screen,170.6,381.2,1833.0
915275,subject_difficulty_screen,170.4,380.6,1834.0
915276,subject_difficulty_screen,170.1,380.1,1834.0
915277,subject_difficulty_screen,170.1,380.5,1834.0
915278,subject_difficulty_screen,170.6,381.0,1832.0
915279,subject_difficulty_screen,171.1,381.4,1830.0
915280,subject_difficulty_screen,171.3,381.6,1829.0
915281,subject_difficulty_screen,170.8,381.6,1831.0
915282,subject_difficulty_screen,170.3,381.7,1833.0
915283,subject_difficulty_screen,170.2,381.7,1835.0
915284,subject_difficulty_screen,170.3,381.3,1835.0
915285,subject_difficulty_screen,170.3,380.9,1834.0
915286,subject_difficulty_screen,170.3,380.6,1834.0
915287,subject_difficulty_screen,170.3,380.7,1833.0
915288,subject_difficulty_screen,170.1,380.8,1834.0
915289,subject_difficulty_screen,170.0,380.8,1834.0
915290,subject_difficulty_screen,169.9,380.9,1834.0
915291,subject_difficulty_screen,170.0,381.0,1834.0
915292,subject_difficulty_screen,170.1,380.9,1834.0
915293,subject_difficulty_screen,170.3,380.8,1836.0
915294,subject_difficulty_screen,170.5,380.7,1837.0
915295,subject_difficulty_screen,170.7,380.7,1839.0
915296,subject_difficulty_screen,170.7,380.7,1839.0
915297,subject_difficulty_screen,170.6,380.7,1839.0
915298,subject_difficulty_screen,170.2,380.9,1838.0
915299,subject_difficulty_screen,169.9,381.1,1837.0
915300,subject_difficulty_screen,169.7,381.4,1837.0
915301,subject_difficulty_screen,169.8,381.7,1837.0
915302,subject_difficulty_screen,169.8,381.9,1838.0
915303,subject_difficulty_screen,169.8,381.6,1838.0
915304,subject_difficulty_screen,170.1,381.1,1839.0
915305,subject_difficulty_screen,170.4,380.8,1839.0
915306,subject_difficulty_screen,170.5,381.1,1839.0
915307,subject_difficulty_screen,170.0,381.3,1839.0
915308,subject_difficulty_screen,169.6,381.2,1840.0
915309,subject_difficulty_screen,169.3,381.2,1840.0
915310,subject_difficulty_screen,169.3,381.1,1839.0
915311,subject_difficulty_screen,169.2,381.1,1839.0
915312,subject_difficulty_screen,169.4,380.8,1840.0
915313,subject_difficulty_screen,169.5,380.6,1841.0
915314,subject_difficulty_screen,170.0,380.5,1842.0
915315,subject_difficulty_screen,170.3,380.6,1842.0
915316,subject_difficulty_screen,170.6,380.6,1843.0
915317,subject_difficulty_screen,170.6,380.5,1844.0
915318,subject_difficulty_screen,170.6,380.5,1844.0
915319,subject_difficulty_screen,170.7,380.4,1844.0
915320,subject_difficulty_screen,170.8,380.4,1844.0
915321,subject_difficulty_screen,170.7,380.4,1844.0
915322,subject_difficulty_screen,170.5,380.4,1846.0
915323,subject_difficulty_screen,170.2,380.3,1848.0
915324,subject_difficulty_screen,170.3,380.1,1849.0
915325,subject_difficulty_screen,170.5,380.0,1849.0
915326,subject_difficulty_screen,170.6,379.8,1849.0
915327,subject_difficulty_screen,170.6,379.9,1849.0
915328,subject_difficulty_screen,170.5,379.9,1849.0
915329,subject_difficulty_screen,170.4,379.5,1847.0
915330,subject_difficulty_screen,170.3,379.0,1846.0
915331,subject_difficulty_screen,170.4,377.9,1846.0
915332,subject_difficulty_screen,170.6,377.2,1847.0
915333,subject_difficulty_screen,170.9,376.8,1848.0
915334,subject_difficulty_screen,171.1,377.1,1848.0
915335,subject_difficulty_screen,171.1,377.3,1848.0
915336,subject_difficulty_screen,171.1,377.3,1849.0
915337,subject_difficulty_screen,171.2,377.3,1849.0
915338,subject_difficulty_screen,171.4,377.2,1849.0
915339,subject_difficulty_screen,172.0,376.6,1848.0
915340,subject_difficulty_screen,172.3,376.1,1848.0
915341,subject_difficulty_screen,172.6,375.7,1850.0
915342,subject_difficulty_screen,172.7,375.7,1851.0
915343,subject_difficulty_screen,172.8,375.4,1852.0
915344,subject_difficulty_screen,173.0,375.0,1852.0
915345,subject_difficulty_screen,172.9,374.9,1851.0
915346,subject_difficulty_screen,172.6,374.9,1851.0
915347,subject_difficulty_screen,172.3,375.3,1851.0
915348,subject_difficulty_screen,172.2,375.7,1852.0
915349,subject_difficulty_screen,172.3,376.1,1853.0
915350,subject_difficulty_screen,172.5,376.2,1852.0
915351,subject_difficulty_screen,172.5,376.1,1852.0
915352,subject_difficulty_screen,172.5,376.1,1853.0
915353,subject_difficulty_screen,172.5,375.9,1853.0
915354,subject_difficulty_screen,172.5,375.9,1854.0
915355,subject_difficulty_screen,172.6,375.9,1853.0
915356,subject_difficulty_screen,172.4,375.8,1853.0
915357,subject_difficulty_screen,172.2,375.9,1854.0
915358,subject_difficulty_screen,172.1,376.1,1855.0
915359,subject_difficulty_screen,172.1,376.4,1857.0
915360,subject_difficulty_screen,171.7,376.7,1855.0
915361,subject_difficulty_screen,171.2,376.8,1853.0
915362,subject_difficulty_screen,170.8,376.8,1851.0
915363,subject_difficulty_screen,170.8,377.1,1852.0
915364,subject_difficulty_screen,170.7,377.4,1853.0
915365,subject_difficulty_screen,170.6,377.7,1854.0
915366,subject_difficulty_screen,170.5,377.7,1854.0
915367,subject_difficulty_screen,170.2,377.8,1854.0
915368,subject_difficulty_screen,170.0,377.8,1854.0
915369,subject_difficulty_screen,169.7,377.8,1854.0
915370,subject_difficulty_screen,169.7,377.9,1854.0
915371,subject_difficulty_screen,169.6,378.0,1854.0
915372,subject_difficulty_screen,169.5,378.1,1856.0
915373,subject_difficulty_screen,169.4,378.1,1857.0
915374,subject_difficulty_screen,169.3,378.1,1858.0
915375,subject_difficulty_screen,168.8,378.4,1858.0
915376,subject_difficulty_screen,168.1,378.7,1858.0
915377,subject_difficulty_screen,167.3,379.0,1858.0
915378,subject_difficulty_screen,166.9,379.5,1857.0
915379,subject_difficulty_screen,166.7,380.0,1856.0
915380,subject_difficulty_screen,166.9,380.5,1854.0
915381,subject_difficulty_screen,167.2,380.5,1853.0
915382,subject_difficulty_screen,167.8,380.3,1854.0
915383,subject_difficulty_screen,168.5,380.2,1857.0
915384,subject_difficulty_screen,168.9,380.1,1859.0
915385,subject_difficulty_screen,168.8,380.1,1859.0
915386,subject_difficulty_screen,168.6,380.2,1859.0
915387,subject_difficulty_screen,168.9,380.2,1859.0
915388,subject_difficulty_screen,169.3,380.1,1860.0
915389,subject_difficulty_screen,170.0,379.9,1862.0
915390,subject_difficulty_screen,170.4,379.7,1863.0
915391,subject_difficulty_screen,170.8,379.6,1863.0
915392,subject_difficulty_screen,171.1,379.5,1862.0
915393,subject_difficulty_screen,171.3,379.6,1862.0
915394,subject_difficulty_screen,171.6,379.7,1863.0
915395,subject_difficulty_screen,171.8,379.5,1865.0
915396,subject_difficulty_screen,171.9,379.3,1866.0
915397,subject_difficulty_screen,172.0,379.2,1865.0
915398,subject_difficulty_screen,172.0,378.9,1863.0
915399,subject_difficulty_screen,172.0,378.6,1862.0
915400,subject_difficulty_screen,172.0,378.3,1862.0
915401,subject_difficulty_screen,171.8,377.8,1862.0
915402,subject_difficulty_screen,171.5,377.4,1863.0
915403,subject_difficulty_screen,171.2,377.0,1866.0
915404,subject_difficulty_screen,170.7,376.6,1868.0
915405,subject_difficulty_screen,169.8,376.2,1869.0
915406,subject_difficulty_screen,168.7,375.7,1869.0
915407,subject_difficulty_screen,168.0,375.7,1869.0
915408,subject_difficulty_screen,167.6,375.7,1869.0
915409,subject_difficulty_screen,167.3,375.7,1867.0
915410,subject_difficulty_screen,167.0,375.7,1867.0
915411,subject_difficulty_screen,166.7,375.7,1867.0
915412,subject_difficulty_screen,167.1,375.8,1867.0
915413,subject_difficulty_screen,167.6,375.5,1867.0
915414,subject_difficulty_screen,168.0,375.3,1867.0
915415,subject_difficulty_screen,168.7,375.1,1867.0
915416,subject_difficulty_screen,169.4,375.1,1868.0
915417,subject_difficulty_screen,170.2,375.2,1865.0
915418,subject_difficulty_screen,170.5,375.2,1863.0
915419,subject_difficulty_screen,171.3,375.2,1862.0
915420,subject_difficulty_screen,171.9,375.0,1863.0
915421,subject_difficulty_screen,172.2,374.7,1864.0
915422,subject_difficulty_screen,172.2,374.4,1865.0
915423,subject_difficulty_screen,172.2,374.3,1865.0
915424,subject_difficulty_screen,171.8,374.5,1865.0
915425,subject_difficulty_screen,171.1,374.7,1867.0
915426,subject_difficulty_screen,170.5,375.0,1869.0
915427,subject_difficulty_screen,170.1,375.3,1870.0
915428,subject_difficulty_screen,169.8,375.5,1871.0
915429,subject_difficulty_screen,169.5,375.7,1871.0
915430,subject_difficulty_screen,168.9,375.6,1869.0
915431,subject_difficulty_screen,168.4,375.5,1867.0
915432,subject_difficulty_screen,167.8,375.4,1867.0
915433,subject_difficulty_screen,167.7,375.4,1869.0
915434,subject_difficulty_screen,167.4,375.8,1871.0
915435,subject_difficulty_screen,167.0,376.3,1869.0
915436,subject_difficulty_screen,166.6,376.7,1867.0
915437,subject_difficulty_screen,166.5,377.1,1865.0
915438,subject_difficulty_screen,166.9,377.5,1864.0
915439,subject_difficulty_screen,167.6,377.9,1863.0
915440,subject_difficulty_screen,168.2,377.9,1863.0
915441,subject_difficulty_screen,168.8,377.8,1864.0
915442,subject_difficulty_screen,169.0,377.9,1866.0
915443,subject_difficulty_screen,169.2,378.1,1866.0
915444,subject_difficulty_screen,169.2,377.9,1869.0
915445,subject_difficulty_screen,169.4,377.6,1872.0
915446,subject_difficulty_screen,169.8,377.2,1875.0
915447,subject_difficulty_screen,170.2,377.3,1875.0
915448,subject_difficulty_screen,170.5,377.3,1875.0
915449,subject_difficulty_screen,170.5,377.4,1875.0
915450,subject_difficulty_screen,170.4,377.5,1874.0
915451,subject_difficulty_screen,170.1,377.6,1874.0
915452,subject_difficulty_screen,169.9,377.5,1873.0
915453,subject_difficulty_screen,169.6,377.2,1872.0
915454,subject_difficulty_screen,169.5,377.0,1871.0
915455,subject_difficulty_screen,169.2,377.1,1871.0
915456,subject_difficulty_screen,168.9,377.5,1871.0
915457,subject_difficulty_screen,168.6,377.8,1870.0
915458,subject_difficulty_screen,168.3,377.8,1870.0
915459,subject_difficulty_screen,168.2,378.0,1871.0
915460,subject_difficulty_screen,168.0,378.2,1871.0
915461,subject_difficulty_screen,167.9,378.3,1872.0
915462,subject_difficulty_screen,167.9,378.1,1872.0
915463,subject_difficulty_screen,167.5,378.1,1870.0
915464,subject_difficulty_screen,167.2,378.2,1868.0
915465,subject_difficulty_screen,166.9,378.4,1867.0
915466,subject_difficulty_screen,166.9,378.1,1869.0
915467,subject_difficulty_screen,167.0,377.9,1872.0
915468,subject_difficulty_screen,167.0,377.7,1872.0
915469,subject_difficulty_screen,166.9,377.7,1871.0
915470,subject_difficulty_screen,166.7,377.8,1871.0
915471,subject_difficulty_screen,166.5,377.6,1873.0
915472,subject_difficulty_screen,166.3,377.5,1875.0
915473,subject_difficulty_screen,166.2,377.4,1876.0
915474,subject_difficulty_screen,166.4,377.2,1876.0
915475,subject_difficulty_screen,166.5,376.9,1875.0
915476,subject_difficulty_screen,166.3,376.6,1875.0
915477,subject_difficulty_screen,166.0,376.4,1876.0
915478,subject_difficulty_screen,165.6,376.1,1875.0
915479,subject_difficulty_screen,165.7,375.7,1874.0
915480,subject_difficulty_screen,165.8,375.3,1873.0
915481,subject_difficulty_screen,165.7,375.3,1871.0
915482,subject_difficulty_screen,165.6,375.3,1870.0
915483,subject_difficulty_screen,165.5,375.3,1869.0
915484,subject_difficulty_screen,165.6,375.4,1870.0
915485,subject_difficulty_screen,165.5,375.4,1871.0
915486,subject_difficulty_screen,165.5,375.5,1872.0
915487,subject_difficulty_screen,165.5,375.6,1873.0
915488,subject_difficulty_screen,165.6,375.2,1872.0
915489,subject_difficulty_screen,166.0,374.7,1872.0
915490,subject_difficulty_screen,166.6,374.3,1872.0
915491,subject_difficulty_screen,167.2,374.6,1873.0
915492,subject_difficulty_screen,167.6,374.8,1874.0
915493,subject_difficulty_screen,167.7,374.6,1875.0
915494,subject_difficulty_screen,167.8,374.3,1875.0
915495,subject_difficulty_screen,167.9,373.9,1876.0
915496,subject_difficulty_screen,168.0,374.0,1877.0
915497,subject_difficulty_screen,168.1,374.1,1878.0
915498,subject_difficulty_screen,168.5,374.2,1877.0
915499,subject_difficulty_screen,168.8,374.1,1876.0
915500,subject_difficulty_screen,169.0,374.1,1875.0
915501,subject_difficulty_screen,169.0,374.3,1874.0
915502,subject_difficulty_screen,169.0,374.7,1873.0
915503,subject_difficulty_screen,169.0,375.0,1873.0
915504,subject_difficulty_screen,169.0,375.1,1873.0
915505,subject_difficulty_screen,168.7,375.2,1873.0
915506,subject_difficulty_screen,168.3,375.4,1874.0
915507,subject_difficulty_screen,168.0,375.4,1873.0
915508,subject_difficulty_screen,168.0,375.5,1872.0
915509,subject_difficulty_screen,168.0,375.8,1871.0
915510,subject_difficulty_screen,168.2,376.7,1871.0
915511,subject_difficulty_screen,170.4,378.6,1872.0
915512,subject_difficulty_screen,175.0,381.3,1875.0
915513,subject_difficulty_screen,181.3,384.0,1877.0
915514,subject_difficulty_screen,187.1,385.9,1879.0
915515,subject_difficulty_screen,193.6,387.9,1883.0
915516,subject_difficulty_screen,200.6,389.4,1887.0
915517,subject_difficulty_screen,210.3,390.9,1892.0
915518,subject_difficulty_screen,219.5,391.8,1893.0
915519,subject_difficulty_screen,228.4,392.7,1896.0
915520,subject_difficulty_screen,237.5,393.4,1897.0
915521,subject_difficulty_screen,246.9,393.7,1898.0
915522,subject_difficulty_screen,257.4,393.9,1903.0
915523,subject_difficulty_screen,267.8,394.0,1908.0
915524,subject_difficulty_screen,278.8,394.1,1915.0
915525,subject_difficulty_screen,289.9,394.2,1917.0
915526,subject_difficulty_screen,300.8,394.5,1921.0
915527,subject_difficulty_screen,312.5,394.9,1923.0
915528,subject_difficulty_screen,323.0,395.0,1924.0
915529,subject_difficulty_screen,334.5,394.9,1923.0
915530,subject_difficulty_screen,345.1,394.7,1922.0
915531,subject_difficulty_screen,357.0,394.8,1921.0
915532,subject_difficulty_screen,368.8,395.7,1922.0
915533,subject_difficulty_screen,380.9,398.4,1922.0
915534,subject_difficulty_screen,394.8,402.1,1923.0
915535,subject_difficulty_screen,407.1,406.3,1923.0
915536,subject_difficulty_screen,420.6,409.0,1921.0
915537,subject_difficulty_screen,432.7,410.4,1919.0
915538,subject_difficulty_screen,444.4,407.1,1916.0
915539,subject_difficulty_screen,456.6,398.5,1915.0
915540,subject_difficulty_screen,467.8,381.9,1925.0
915541,subject_difficulty_screen,479.0,368.7,1939.0
915542,subject_difficulty_screen,490.3,365.3,1953.0
915543,subject_difficulty_screen,501.5,371.6,1956.0
915544,subject_difficulty_screen,514.3,384.6,1950.0
915545,subject_difficulty_screen,525.5,397.6,1943.0
915546,subject_difficulty_screen,537.6,414.0,1927.0
915547,subject_difficulty_screen,547.9,430.1,1913.0
915548,subject_difficulty_screen,559.7,445.9,1898.0
915549,subject_difficulty_screen,572.3,460.4,1879.0
915550,subject_difficulty_screen,586.5,474.3,1864.0
915551,subject_difficulty_screen,599.6,489.0,1847.0
915552,subject_difficulty_screen,612.7,506.6,1834.0
915553,subject_difficulty_screen,624.9,524.7,1815.0
915554,subject_difficulty_screen,635.4,544.2,1791.0
915555,subject_difficulty_screen,647.0,564.5,1770.0
915556,subject_difficulty_screen,658.1,583.9,1745.0
915557,subject_difficulty_screen,670.9,603.1,1721.0
915558,subject_difficulty_screen,681.5,622.4,1692.0
915559,subject_difficulty_screen,693.7,644.8,1659.0
915560,subject_difficulty_screen,705.5,669.7,1630.0
915561,subject_difficulty_screen,717.8,694.6,1603.0
915562,subject_difficulty_screen,729.8,717.3,1581.0
915563,subject_difficulty_screen,740.6,737.9,1555.0
915564,subject_difficulty_screen,752.5,756.9,1530.0
915565,subject_difficulty_screen,765.6,778.2,1503.0
915566,subject_difficulty_screen,780.4,797.5,1478.0
915567,subject_difficulty_screen,791.1,816.3,1457.0
915568,subject_difficulty_screen,801.8,834.1,1438.0
915569,subject_difficulty_screen,810.4,852.5,1420.0
915570,subject_difficulty_screen,821.7,872.6,1400.0
915571,subject_difficulty_screen,832.7,891.0,1392.0
915572,subject_difficulty_screen,844.9,907.7,1385.0
915573,subject_difficulty_screen,856.3,920.2,1377.0
915574,subject_difficulty_screen,866.3,930.4,1369.0
915575,subject_difficulty_screen,876.6,938.3,1362.0
915576,subject_difficulty_screen,887.0,946.9,1359.0
915577,subject_difficulty_screen,896.8,954.6,1356.0
915578,subject_difficulty_screen,904.3,964.5,1353.0
915579,subject_difficulty_screen,911.9,972.7,1353.0
915580,subject_difficulty_screen,921.0,979.9,1355.0
915581,subject_difficulty_screen,928.5,983.4,1359.0
915582,subject_difficulty_screen,936.2,987.4,1369.0
915583,subject_difficulty_screen,941.2,990.3,1379.0
915584,subject_difficulty_screen,948.9,992.8,1389.0
915585,subject_difficulty_screen,952.5,991.0,1402.0
915586,subject_difficulty_screen,957.6,988.7,1412.0
915587,subject_difficulty_screen,963.2,986.4,1428.0
915588,subject_difficulty_screen,970.5,985.9,1436.0
915589,subject_difficulty_screen,978.3,985.4,1445.0
915590,subject_difficulty_screen,983.7,984.5,1455.0
915591,subject_difficulty_screen,990.0,981.7,1473.0
915592,subject_difficulty_screen,997.1,978.7,1490.0
915593,subject_difficulty_screen,1004.4,974.1,1505.0
915594,subject_difficulty_screen,1010.2,970.5,1515.0
915595,subject_difficulty_screen,1015.3,965.3,1527.0
915596,subject_difficulty_screen,1021.2,960.4,1539.0
915597,subject_difficulty_screen,1028.5,954.9,1551.0
915598,subject_difficulty_screen,1033.6,951.1,1566.0
915599,subject_difficulty_screen,1040.1,948.6,1581.0
915600,subject_difficulty_screen,1047.1,946.4,1596.0
915601,subject_difficulty_screen,1054.4,944.2,1613.0
915602,subject_difficulty_screen,1059.4,940.9,1626.0
915603,subject_difficulty_screen,1062.5,938.7,1639.0
915604,subject_difficulty_screen,1065.3,936.4,1655.0
915605,subject_difficulty_screen,1068.9,936.0,1670.0
915606,subject_difficulty_screen,1075.2,936.3,1683.0
915607,subject_difficulty_screen,1081.6,936.7,1688.0
915608,subject_difficulty_screen,1087.1,936.0,1695.0
915609,subject_difficulty_screen,1090.1,934.0,1702.0
915610,subject_difficulty_screen,1095.1,931.9,1716.0
915611,subject_difficulty_screen,1100.5,929.9,1726.0
915612,subject_difficulty_screen,1106.8,928.4,1734.0
915613,subject_difficulty_screen,1111.5,927.0,1737.0
915614,subject_difficulty_screen,1115.5,925.8,1743.0
915615,subject_difficulty_screen,1119.3,924.6,1749.0
915616,subject_difficulty_screen,1123.4,922.0,1758.0
915617,subject_difficulty_screen,1129.5,920.1,1762.0
915618,subject_difficulty_screen,1135.6,918.2,1765.0
915619,subject_difficulty_screen,1142.4,916.8,1767.0
915620,subject_difficulty_screen,1147.5,915.4,1770.0
915621,subject_difficulty_screen,1153.6,914.1,1773.0
915622,subject_difficulty_screen,1160.1,913.9,1777.0
915623,subject_difficulty_screen,1167.8,913.3,1782.0
915624,subject_difficulty_screen,1174.3,912.5,1786.0
915625,subject_difficulty_screen,1179.0,912.9,1786.0
915626,subject_difficulty_screen,1183.0,915.2,1787.0
915627,subject_difficulty_screen,1188.2,918.1,1789.0
915628,subject_difficulty_screen,1193.8,919.8,1791.0
915629,subject_difficulty_screen,1198.8,921.8,1792.0
915630,subject_difficulty_screen,1203.4,924.6,1790.0
915631,subject_difficulty_screen,1208.3,927.4,1787.0
915632,subject_difficulty_screen,1212.5,928.7,1789.0
915633,subject_difficulty_screen,1216.3,930.1,1792.0
915634,subject_difficulty_screen,1220.0,932.0,1796.0
915635,subject_difficulty_screen,1225.0,934.2,1797.0
915636,subject_difficulty_screen,1230.2,936.3,1798.0
915637,subject_difficulty_screen,1234.9,939.2,1797.0
915638,subject_difficulty_screen,1238.5,941.9,1796.0
915639,subject_difficulty_screen,1240.5,944.0,1797.0
915640,subject_difficulty_screen,1242.6,945.3,1800.0
915641,subject_difficulty_screen,1244.1,946.7,1802.0
915642,subject_difficulty_screen,1244.9,947.6,1803.0
915643,subject_difficulty_screen,1244.5,948.1,1803.0
915644,subject_difficulty_screen,1244.1,949.1,1803.0
915645,subject_difficulty_screen,1244.6,951.9,1802.0
915646,subject_difficulty_screen,1245.9,956.2,1802.0
915647,subject_difficulty_screen,1247.2,960.1,1801.0
915648,subject_difficulty_screen,1249.4,962.0,1802.0
915649,subject_difficulty_screen,1252.1,962.1,1805.0
915650,subject_difficulty_screen,1255.5,961.1,1808.0
915651,subject_difficulty_screen,1258.4,959.8,1810.0
915652,subject_difficulty_screen,1260.2,958.7,1810.0
915653,subject_difficulty_screen,1261.5,958.7,1810.0
915654,subject_difficulty_screen,1262.4,958.6,1810.0
915655,subject_difficulty_screen,1263.1,957.3,1810.0
915656,subject_difficulty_screen,1263.4,955.9,1811.0
915657,subject_difficulty_screen,1262.7,954.6,1811.0
915658,subject_difficulty_screen,1262.1,954.2,1811.0
915659,subject_difficulty_screen,1260.7,954.1,1811.0
915660,subject_difficulty_screen,1258.5,954.1,1812.0
915661,subject_difficulty_screen,1256.4,954.1,1810.0
915662,subject_difficulty_screen,1254.8,954.0,1807.0
915663,subject_difficulty_screen,1253.8,954.7,1805.0
915664,subject_difficulty_screen,1253.0,955.6,1807.0
915665,subject_difficulty_screen,1252.5,956.6,1808.0
915666,subject_difficulty_screen,1252.6,956.8,1809.0
915667,subject_difficulty_screen,1252.9,957.5,1809.0
915668,subject_difficulty_screen,1253.1,958.2,1809.0
915669,subject_difficulty_screen,1253.5,959.5,1809.0
915670,subject_difficulty_screen,1254.4,960.2,1808.0
915671,subject_difficulty_screen,1255.2,961.3,1807.0
915672,subject_difficulty_screen,1255.7,961.5,1806.0
915673,subject_difficulty_screen,1255.9,962.8,1806.0
915674,subject_difficulty_screen,1256.0,963.6,1806.0
915675,subject_difficulty_screen,1256.4,964.8,1806.0
915676,subject_difficulty_screen,1256.6,965.1,1806.0
915677,subject_difficulty_screen,1256.8,965.4,1806.0
915678,subject_difficulty_screen,1256.9,965.6,1806.0
915679,subject_difficulty_screen,1257.1,966.0,1806.0
915680,subject_difficulty_screen,1257.2,967.0,1806.0
915681,subject_difficulty_screen,1257.3,967.8,1806.0
915682,subject_difficulty_screen,1257.4,968.3,1808.0
915683,subject_difficulty_screen,1257.5,968.2,1810.0
915684,subject_difficulty_screen,1257.4,968.1,1812.0
915685,subject_difficulty_screen,1257.3,968.0,1808.0
915686,subject_difficulty_screen,1256.8,968.1,1804.0
915687,subject_difficulty_screen,1256.5,968.2,1801.0
915688,subject_difficulty_screen,1256.2,968.3,1803.0
915689,subject_difficulty_screen,1256.2,968.3,1805.0
915690,subject_difficulty_screen,1256.2,968.8,1803.0
915691,subject_difficulty_screen,1256.2,969.3,1800.0
915692,subject_difficulty_screen,1256.2,969.8,1799.0
915693,subject_difficulty_screen,1256.1,969.2,1803.0
915694,subject_difficulty_screen,1256.0,968.7,1807.0
915695,subject_difficulty_screen,1256.0,968.2,1808.0
915696,subject_difficulty_screen,1256.2,968.3,1806.0
915697,subject_difficulty_screen,1256.4,968.4,1804.0
915698,subject_difficulty_screen,1256.3,968.6,1804.0
915699,subject_difficulty_screen,1256.1,968.1,1803.0
915700,subject_difficulty_screen,1256.0,967.5,1802.0
915701,subject_difficulty_screen,1255.9,967.4,1801.0
915702,subject_difficulty_screen,1256.0,967.9,1801.0
915703,subject_difficulty_screen,1256.1,968.4,1800.0
915704,subject_difficulty_screen,1255.7,968.5,1799.0
915705,subject_difficulty_screen,1255.2,968.7,1799.0
915706,subject_difficulty_screen,1254.8,968.8,1799.0
915707,subject_difficulty_screen,1254.8,968.7,1798.0
915708,subject_difficulty_screen,1254.8,968.6,1798.0
915709,subject_difficulty_screen,1254.9,968.0,1799.0
915710,subject_difficulty_screen,1255.0,967.4,1799.0
915711,subject_difficulty_screen,1255.0,967.1,1798.0
915712,subject_difficulty_screen,1254.9,967.5,1798.0
915713,subject_difficulty_screen,1254.8,967.9,1797.0
915714,subject_difficulty_screen,1255.0,968.6,1796.0
915715,subject_difficulty_screen,1255.4,969.4,1795.0
915716,subject_difficulty_screen,1255.7,970.2,1796.0
915717,subject_difficulty_screen,1255.8,970.2,1796.0
915718,subject_difficulty_screen,1255.7,970.2,1794.0
915719,subject_difficulty_screen,1255.5,970.0,1792.0
915720,subject_difficulty_screen,1255.3,969.7,1791.0
915721,subject_difficulty_screen,1255.3,970.0,1791.0
915722,subject_difficulty_screen,1255.5,970.5,1790.0
915723,subject_difficulty_screen,1255.8,971.0,1790.0
915724,subject_difficulty_screen,1255.9,971.0,1789.0
915725,subject_difficulty_screen,1255.9,971.1,1789.0
915726,subject_difficulty_screen,1255.8,971.2,1789.0
915727,subject_difficulty_screen,1255.5,970.9,1789.0
915728,subject_difficulty_screen,1255.5,970.5,1789.0
915729,subject_difficulty_screen,1255.7,970.1,1786.0
915730,subject_difficulty_screen,1255.9,970.5,1784.0
915731,subject_difficulty_screen,1255.9,970.9,1783.0
915732,subject_difficulty_screen,1255.9,971.2,1784.0
915733,subject_difficulty_screen,1255.7,971.1,1787.0
915734,subject_difficulty_screen,1255.6,971.0,1788.0
915735,subject_difficulty_screen,1255.5,970.9,1786.0
915736,subject_difficulty_screen,1255.4,970.8,1784.0
915737,subject_difficulty_screen,1255.3,971.0,1781.0
915738,subject_difficulty_screen,1255.3,971.2,1781.0
915739,subject_difficulty_screen,1255.2,971.5,1781.0
915740,subject_difficulty_screen,1255.1,971.6,1782.0
915741,subject_difficulty_screen,1254.9,971.5,1782.0
915742,subject_difficulty_screen,1255.0,971.2,1782.0
915743,subject_difficulty_screen,1255.2,971.2,1782.0
915744,subject_difficulty_screen,1255.5,971.5,1781.0
915745,subject_difficulty_screen,1255.1,971.8,1780.0
915746,subject_difficulty_screen,1254.6,971.8,1780.0
915747,subject_difficulty_screen,1254.3,971.9,1780.0
915748,subject_difficulty_screen,1254.6,972.0,1779.0
915749,subject_difficulty_screen,1254.9,972.1,1778.0
915750,subject_difficulty_screen,1254.9,972.2,1778.0
915751,subject_difficulty_screen,1254.8,972.4,1778.0
915752,subject_difficulty_screen,1254.6,972.8,1779.0
915753,subject_difficulty_screen,1254.4,973.2,1779.0
915754,subject_difficulty_screen,1254.2,973.4,1780.0
915755,subject_difficulty_screen,1254.4,973.9,1780.0
915756,subject_difficulty_screen,1254.7,974.4,1778.0
915757,subject_difficulty_screen,1255.1,974.9,1775.0
915758,subject_difficulty_screen,1255.1,974.8,1774.0
915759,subject_difficulty_screen,1254.8,974.2,1774.0
915760,subject_difficulty_screen,1253.5,972.8,1774.0
915761,subject_difficulty_screen,1251.6,970.2,1773.0
915762,subject_difficulty_screen,1249.4,966.7,1775.0
915763,subject_difficulty_screen,1247.1,961.5,1779.0
915764,subject_difficulty_screen,1245.0,956.1,1782.0
915765,subject_difficulty_screen,1242.5,949.2,1785.0
915766,subject_difficulty_screen,1240.2,942.7,1784.0
915767,subject_difficulty_screen,1237.6,935.7,1783.0
915768,subject_difficulty_screen,1235.6,929.7,1785.0
915769,subject_difficulty_screen,1234.1,924.0,1787.0
915770,subject_difficulty_screen,1233.0,918.7,1790.0
915771,subject_difficulty_screen,1231.7,913.9,1791.0
915772,subject_difficulty_screen,1230.5,909.4,1791.0
915773,subject_difficulty_screen,1229.6,904.5,1792.0
915774,subject_difficulty_screen,1229.4,900.9,1791.0
915775,subject_difficulty_screen,1230.0,898.4,1791.0
915776,subject_difficulty_screen,1230.7,897.8,1790.0
915777,subject_difficulty_screen,1232.0,897.3,1790.0
915778,subject_difficulty_screen,1233.5,898.2,1788.0
915779,subject_difficulty_screen,1235.0,899.5,1787.0
915780,subject_difficulty_screen,1236.3,902.6,1783.0
915781,subject_difficulty_screen,1237.2,905.9,1780.0
915782,subject_difficulty_screen,1238.3,909.8,1778.0
915783,subject_difficulty_screen,1239.2,912.3,1779.0
915784,subject_difficulty_screen,1240.4,915.0,1779.0
915785,subject_difficulty_screen,1241.3,917.2,1779.0
915786,subject_difficulty_screen,1242.1,919.0,1780.0
915787,subject_difficulty_screen,1242.2,920.0,1779.0
915788,subject_difficulty_screen,1242.2,920.5,1778.0
915789,subject_difficulty_screen,1242.3,921.0,1776.0
915790,subject_difficulty_screen,1242.0,921.3,1776.0
915791,subject_difficulty_screen,1241.7,921.2,1774.0
915792,subject_difficulty_screen,1241.6,920.8,1773.0
915793,subject_difficulty_screen,1241.9,919.4,1772.0
915794,subject_difficulty_screen,1242.2,917.8,1772.0
915795,subject_difficulty_screen,1242.2,915.9,1772.0
915796,subject_difficulty_screen,1242.3,914.9,1773.0
915797,subject_difficulty_screen,1242.5,914.0,1773.0
915798,subject_difficulty_screen,1242.6,913.5,1771.0
915799,subject_difficulty_screen,1242.5,913.2,1768.0
915800,subject_difficulty_screen,1242.4,913.6,1764.0
915801,subject_difficulty_screen,1242.4,914.1,1764.0
915802,subject_difficulty_screen,1242.4,914.1,1767.0
915803,subject_difficulty_screen,1242.4,913.7,1768.0
915804,subject_difficulty_screen,1242.6,913.9,1767.0
915805,subject_difficulty_screen,1242.7,914.6,1765.0
915806,subject_difficulty_screen,1242.8,915.4,1765.0
915807,subject_difficulty_screen,1242.6,915.3,1765.0
915808,subject_difficulty_screen,1242.1,915.2,1765.0
915809,subject_difficulty_screen,1241.7,915.2,1764.0
915810,subject_difficulty_screen,1241.4,915.4,1763.0
915811,subject_difficulty_screen,1241.4,915.5,1761.0
915812,subject_difficulty_screen,1241.3,915.5,1763.0
915813,subject_difficulty_screen,1241.0,915.4,1765.0
915814,subject_difficulty_screen,1240.8,915.4,1767.0
915815,subject_difficulty_screen,1240.6,915.4,1766.0
915816,subject_difficulty_screen,1240.5,915.4,1765.0
915817,subject_difficulty_screen,1240.5,915.2,1764.0
915818,subject_difficulty_screen,1240.4,915.1,1764.0
915819,subject_difficulty_screen,1240.3,914.9,1763.0
915820,subject_difficulty_screen,1240.1,914.9,1763.0
915821,subject_difficulty_screen,1239.8,915.0,1762.0
915822,subject_difficulty_screen,1239.6,915.0,1762.0
915823,subject_difficulty_screen,1239.8,914.9,1761.0
915824,subject_difficulty_screen,1240.2,914.8,1759.0
915825,subject_difficulty_screen,1240.8,914.7,1758.0
915826,subject_difficulty_screen,1241.2,914.7,1758.0
915827,subject_difficulty_screen,1241.8,914.8,1760.0
915828,subject_difficulty_screen,1242.6,915.2,1759.0
915829,subject_difficulty_screen,1243.1,915.5,1758.0
915830,subject_difficulty_screen,1243.3,915.9,1757.0
915831,subject_difficulty_screen,1243.9,915.9,1757.0
915832,subject_difficulty_screen,1244.6,915.9,1757.0
915833,subject_difficulty_screen,1245.2,915.9,1756.0
915834,subject_difficulty_screen,1245.0,916.0,1756.0
915835,subject_difficulty_screen,1244.8,915.8,1757.0
915836,subject_difficulty_screen,1244.8,915.5,1755.0
915837,subject_difficulty_screen,1245.0,915.1,1754.0
915838,subject_difficulty_screen,1245.0,915.0,1753.0
915839,subject_difficulty_screen,1244.9,914.9,1753.0
915840,subject_difficulty_screen,1244.6,914.9,1753.0
915841,subject_difficulty_screen,1244.4,914.9,1753.0
915842,subject_difficulty_screen,1244.2,914.5,1754.0
915843,subject_difficulty_screen,1243.6,914.1,1756.0
915844,subject_difficulty_screen,1243.0,914.0,1758.0
915845,subject_difficulty_screen,1242.4,914.2,1758.0
915846,subject_difficulty_screen,1242.3,914.4,1758.0
915847,subject_difficulty_screen,1242.3,914.5,1757.0
915848,subject_difficulty_screen,1242.4,914.6,1755.0
915849,subject_difficulty_screen,1242.2,914.9,1753.0
915850,subject_difficulty_screen,1241.8,915.1,1753.0
915851,subject_difficulty_screen,1241.7,915.0,1753.0
915852,subject_difficulty_screen,1241.8,914.8,1754.0
915853,subject_difficulty_screen,1241.6,914.8,1754.0
915854,subject_difficulty_screen,1241.1,914.5,1754.0
915855,subject_difficulty_screen,1240.6,914.3,1754.0
915856,subject_difficulty_screen,1240.5,914.0,1754.0
915857,subject_difficulty_screen,1240.9,914.1,1751.0
915858,subject_difficulty_screen,1241.3,914.3,1749.0
915859,subject_difficulty_screen,1241.8,914.4,1746.0
915860,subject_difficulty_screen,1241.8,914.5,1746.0
915861,subject_difficulty_screen,1241.8,914.6,1747.0
915862,subject_difficulty_screen,1242.0,914.4,1745.0
915863,subject_difficulty_screen,1242.3,913.9,1743.0
915864,subject_difficulty_screen,1242.6,913.5,1741.0
915865,subject_difficulty_screen,1242.9,913.4,1742.0
915866,subject_difficulty_screen,1243.5,913.2,1741.0
915867,subject_difficulty_screen,1244.0,912.9,1741.0
915868,subject_difficulty_screen,1244.3,912.5,1740.0
915869,subject_difficulty_screen,1245.1,912.3,1739.0
915870,subject_difficulty_screen,1246.0,912.5,1737.0
915871,subject_difficulty_screen,1246.9,912.9,1736.0
915872,subject_difficulty_screen,1247.1,912.9,1734.0
915873,subject_difficulty_screen,1247.1,912.5,1735.0
915874,subject_difficulty_screen,1247.0,912.1,1736.0
915875,subject_difficulty_screen,1247.1,912.0,1737.0
915876,subject_difficulty_screen,1247.2,912.0,1737.0
915877,subject_difficulty_screen,1247.3,912.1,1736.0
915878,subject_difficulty_screen,1247.7,912.1,1735.0
915879,subject_difficulty_screen,1248.2,912.5,1732.0
915880,subject_difficulty_screen,1248.4,912.8,1730.0
915881,subject_difficulty_screen,1248.1,912.7,1730.0
915882,subject_difficulty_screen,1247.8,912.2,1732.0
915883,subject_difficulty_screen,1247.7,912.1,1735.0
915884,subject_difficulty_screen,1247.7,912.4,1736.0
915885,subject_difficulty_screen,1247.7,912.8,1737.0
915886,subject_difficulty_screen,1247.7,913.1,1736.0
915887,subject_difficulty_screen,1247.8,913.3,1736.0
915888,subject_difficulty_screen,1248.0,913.5,1735.0
915889,subject_difficulty_screen,1248.2,913.4,1733.0
915890,subject_difficulty_screen,1248.4,913.2,1730.0
915891,subject_difficulty_screen,1248.5,913.1,1729.0
915892,subject_difficulty_screen,1248.9,913.0,1729.0
915893,subject_difficulty_screen,1249.3,912.7,1730.0
915894,subject_difficulty_screen,1249.2,912.5,1730.0
915895,subject_difficulty_screen,1249.0,912.4,1731.0
915896,subject_difficulty_screen,1248.7,912.5,1731.0
915897,subject_difficulty_screen,1248.7,913.0,1731.0
915898,subject_difficulty_screen,1248.4,913.5,1731.0
915899,subject_difficulty_screen,1248.3,914.2,1730.0
915900,subject_difficulty_screen,1248.2,914.5,1728.0
915901,subject_difficulty_screen,1248.3,914.4,1727.0
915902,subject_difficulty_screen,1248.4,914.2,1727.0
915903,subject_difficulty_screen,1248.5,913.9,1727.0
915904,subject_difficulty_screen,1248.8,914.1,1728.0
915905,subject_difficulty_screen,1249.1,914.3,1728.0
915906,subject_difficulty_screen,1249.4,914.8,1728.0
915907,subject_difficulty_screen,1249.5,915.3,1728.0
915908,subject_difficulty_screen,1249.6,915.8,1729.0
915909,subject_difficulty_screen,1249.7,916.1,1729.0
915910,subject_difficulty_screen,1249.9,916.4,1729.0
915911,subject_difficulty_screen,1250.0,916.6,1730.0
915912,subject_difficulty_screen,1250.1,916.7,1730.0
915913,subject_difficulty_screen,1250.2,916.8,1730.0
915914,subject_difficulty_screen,1250.2,917.0,1731.0
915915,subject_difficulty_screen,1250.2,917.1,1730.0
915916,subject_difficulty_screen,1250.1,917.1,1730.0
915917,subject_difficulty_screen,1250.3,916.9,1729.0
915918,subject_difficulty_screen,1250.4,916.8,1729.0
915919,subject_difficulty_screen,1250.6,916.8,1729.0
915920,subject_difficulty_screen,1250.6,916.9,1729.0
915921,subject_difficulty_screen,1250.6,916.7,1728.0
915922,subject_difficulty_screen,1250.5,916.4,1726.0
915923,subject_difficulty_screen,1250.5,915.8,1727.0
915924,subject_difficulty_screen,1250.6,915.3,1729.0
915925,subject_difficulty_screen,1250.6,914.9,1730.0
915926,subject_difficulty_screen,1250.7,915.0,1727.0
915927,subject_difficulty_screen,1250.7,915.6,1724.0
915928,subject_difficulty_screen,1250.8,916.1,1723.0
915929,subject_difficulty_screen,1250.9,916.5,1722.0
915930,subject_difficulty_screen,1250.9,916.6,1721.0
915931,subject_difficulty_screen,1250.8,916.7,1721.0
915932,subject_difficulty_screen,1250.8,916.9,1722.0
915933,subject_difficulty_screen,1250.8,917.0,1723.0
915934,subject_difficulty_screen,1251.0,917.0,1723.0
915935,subject_difficulty_screen,1250.8,917.1,1723.0
915936,subject_difficulty_screen,1250.4,917.3,1720.0
915937,subject_difficulty_screen,1250.1,917.5,1717.0
915938,subject_difficulty_screen,1250.2,917.7,1714.0
915939,subject_difficulty_screen,1249.8,917.8,1714.0
915940,subject_difficulty_screen,1249.3,918.0,1714.0
915941,subject_difficulty_screen,1248.8,918.2,1713.0
915942,subject_difficulty_screen,1248.8,918.4,1711.0
915943,subject_difficulty_screen,1248.9,918.4,1711.0
915944,subject_difficulty_screen,1249.2,918.1,1710.0
915945,subject_difficulty_screen,1249.5,917.9,1711.0
915946,subject_difficulty_screen,1249.8,917.8,1711.0
915947,subject_difficulty_screen,1249.9,917.9,1710.0
915948,subject_difficulty_screen,1249.5,917.9,1710.0
915949,subject_difficulty_screen,1249.0,917.8,1711.0
915950,subject_difficulty_screen,1248.6,917.8,1714.0
915951,subject_difficulty_screen,1248.7,917.7,1715.0
915952,subject_difficulty_screen,1249.0,917.3,1714.0
915953,subject_difficulty_screen,1249.2,917.0,1713.0
915954,subject_difficulty_screen,1249.4,917.0,1714.0
915955,subject_difficulty_screen,1249.3,917.3,1714.0
915956,subject_difficulty_screen,1249.2,917.5,1714.0
915957,subject_difficulty_screen,1249.2,917.5,1713.0
915958,subject_difficulty_screen,1249.3,917.4,1713.0
915959,subject_difficulty_screen,1249.3,917.1,1713.0
915960,subject_difficulty_screen,1249.2,916.8,1712.0
915961,subject_difficulty_screen,1249.2,916.6,1712.0
915962,subject_difficulty_screen,1249.1,916.7,1712.0
915963,subject_difficulty_screen,1249.0,916.9,1712.0
915964,subject_difficulty_screen,1248.8,917.0,1711.0
915965,subject_difficulty_screen,1248.6,917.0,1711.0
915966,subject_difficulty_screen,1248.3,917.0,1712.0
915967,subject_difficulty_screen,1248.0,917.2,1712.0
915968,subject_difficulty_screen,1247.8,917.6,1710.0
915969,subject_difficulty_screen,1247.7,917.9,1707.0
915970,subject_difficulty_screen,1247.7,918.0,1705.0
915971,subject_difficulty_screen,1247.8,918.0,1706.0
915972,subject_difficulty_screen,1247.9,918.2,1706.0
915973,subject_difficulty_screen,1248.1,918.3,1706.0
915974,subject_difficulty_screen,1248.3,918.5,1706.0
915975,subject_difficulty_screen,1248.5,918.6,1706.0
915976,subject_difficulty_screen,1248.5,918.7,1707.0
915977,subject_difficulty_screen,1248.3,918.7,1705.0
915978,subject_difficulty_screen,1248.1,918.4,1702.0
915979,subject_difficulty_screen,1247.9,918.2,1699.0
915980,subject_difficulty_screen,1247.7,918.5,1698.0
915981,subject_difficulty_screen,1247.6,919.1,1698.0
915982,subject_difficulty_screen,1247.7,919.7,1698.0
915983,subject_difficulty_screen,1247.8,919.9,1698.0
915984,subject_difficulty_screen,1248.0,920.1,1697.0
915985,subject_difficulty_screen,1248.3,920.2,1698.0
915986,subject_difficulty_screen,1248.4,919.8,1698.0
915987,subject_difficulty_screen,1248.4,919.4,1698.0
915988,subject_difficulty_screen,1248.4,919.0,1695.0
915989,subject_difficulty_screen,1248.5,919.2,1693.0
915990,subject_difficulty_screen,1248.5,919.5,1691.0
915991,subject_difficulty_screen,1248.6,920.0,1691.0
915992,subject_difficulty_screen,1248.6,920.1,1692.0
915993,subject_difficulty_screen,1248.6,920.1,1692.0
915994,subject_difficulty_screen,1248.6,920.2,1693.0
915995,subject_difficulty_screen,1248.6,920.3,1694.0
915996,subject_difficulty_screen,1248.8,920.3,1693.0
915997,subject_difficulty_screen,1248.9,920.3,1692.0
915998,subject_difficulty_screen,1249.1,920.3,1692.0
915999,subject_difficulty_screen,1249.2,920.5,1691.0
916000,subject_difficulty_screen,1249.4,920.7,1691.0
916001,subject_difficulty_screen,1249.8,921.0,1691.0
916002,subject_difficulty_screen,1249.8,921.2,1690.0
916003,subject_difficulty_screen,1249.7,921.2,1690.0
916004,subject_difficulty_screen,1249.6,921.2,1691.0
916005,subject_difficulty_screen,1250.2,921.3,1692.0
916006,subject_difficulty_screen,1250.9,921.6,1692.0
916007,subject_difficulty_screen,1251.6,921.9,1692.0
916008,subject_difficulty_screen,1251.6,922.1,1693.0
916009,subject_difficulty_screen,1251.7,922.0,1692.0
916010,subject_difficulty_screen,1251.7,921.3,1691.0
916011,subject_difficulty_screen,1251.7,920.9,1689.0
916012,subject_difficulty_screen,1251.8,920.5,1687.0
916013,subject_difficulty_screen,1252.2,920.5,1685.0
916014,subject_difficulty_screen,1252.5,920.2,1685.0
916015,subject_difficulty_screen,1252.6,919.9,1685.0
916016,subject_difficulty_screen,1252.6,919.9,1684.0
916017,subject_difficulty_screen,1252.6,920.1,1682.0
916018,subject_difficulty_screen,1252.6,920.2,1680.0
916019,subject_difficulty_screen,1252.8,920.1,1679.0
916020,subject_difficulty_screen,1252.9,919.9,1678.0
916021,subject_difficulty_screen,1253.2,919.9,1678.0
916022,subject_difficulty_screen,1253.3,919.9,1676.0
916023,subject_difficulty_screen,1253.1,920.4,1674.0
916024,subject_difficulty_screen,1252.8,920.8,1670.0
916025,subject_difficulty_screen,1252.8,921.0,1667.0
916026,subject_difficulty_screen,1252.9,920.8,1665.0
916027,subject_difficulty_screen,1252.9,920.6,1664.0
916028,subject_difficulty_screen,1252.8,920.6,1663.0
916029,subject_difficulty_screen,1252.7,920.6,1661.0
916030,subject_difficulty_screen,1252.6,921.1,1662.0
916031,subject_difficulty_screen,1252.4,921.5,1662.0
916032,subject_difficulty_screen,1251.9,922.0,1662.0
916033,subject_difficulty_screen,1251.7,922.7,1662.0
916034,subject_difficulty_screen,1251.2,923.4,1661.0
916035,subject_difficulty_screen,1251.0,924.8,1662.0
916036,subject_difficulty_screen,1250.5,925.6,1663.0
916037,subject_difficulty_screen,1250.3,926.3,1661.0
916038,subject_difficulty_screen,1250.6,926.2,1657.0
916039,subject_difficulty_screen,1251.0,925.3,1655.0
916040,subject_difficulty_screen,1251.8,924.3,1657.0
916041,subject_difficulty_screen,1252.0,923.6,1657.0
916042,subject_difficulty_screen,1252.4,923.8,1657.0
916043,subject_difficulty_screen,1252.5,924.0,1657.0
916044,subject_difficulty_screen,1252.6,924.2,1658.0
916045,subject_difficulty_screen,1252.7,924.2,1661.0
916046,subject_difficulty_screen,1252.8,924.3,1662.0
916047,subject_difficulty_screen,1253.3,924.3,1661.0
916048,subject_difficulty_screen,1253.9,924.4,1659.0
916049,subject_difficulty_screen,1254.4,924.6,1656.0
916050,subject_difficulty_screen,1254.6,925.2,1655.0
916051,subject_difficulty_screen,1254.7,925.7,1654.0
916052,subject_difficulty_screen,1254.7,925.7,1655.0
916053,subject_difficulty_screen,1254.7,925.2,1655.0
916054,subject_difficulty_screen,1255.1,924.8,1656.0
916055,subject_difficulty_screen,1255.5,924.7,1656.0
916056,subject_difficulty_screen,1255.8,924.7,1655.0
916057,subject_difficulty_screen,1255.7,924.7,1655.0
916058,subject_difficulty_screen,1255.6,924.5,1655.0
916059,subject_difficulty_screen,1255.7,924.4,1654.0
916060,subject_difficulty_screen,1255.7,924.6,1652.0
916061,subject_difficulty_screen,1255.7,924.9,1650.0
916062,subject_difficulty_screen,1255.7,925.0,1648.0
916063,subject_difficulty_screen,1255.7,924.8,1649.0
916064,subject_difficulty_screen,1255.8,924.8,1650.0
916065,subject_difficulty_screen,1255.8,925.1,1652.0
916066,subject_difficulty_screen,1255.8,925.3,1653.0
916067,subject_difficulty_screen,1255.8,925.2,1653.0
916068,subject_difficulty_screen,1255.8,925.1,1653.0
916069,subject_difficulty_screen,1255.8,925.1,1652.0
916070,subject_difficulty_screen,1256.0,925.1,1650.0
916071,subject_difficulty_screen,1256.1,925.1,1649.0
916072,subject_difficulty_screen,1255.7,925.2,1650.0
916073,subject_difficulty_screen,1255.2,925.2,1651.0
916074,subject_difficulty_screen,1254.6,925.2,1652.0
916075,subject_difficulty_screen,1254.2,925.2,1650.0
916076,subject_difficulty_screen,1253.8,925.1,1648.0
916077,subject_difficulty_screen,1253.5,925.1,1645.0
916078,subject_difficulty_screen,1253.4,925.3,1643.0
916079,subject_difficulty_screen,1253.4,925.5,1640.0
916080,subject_difficulty_screen,1253.3,925.7,1638.0
916081,subject_difficulty_screen,1253.2,925.7,1638.0
916082,subject_difficulty_screen,1253.1,925.7,1639.0
916083,subject_difficulty_screen,1253.1,925.8,1639.0
916084,subject_difficulty_screen,1253.4,925.9,1639.0
916085,subject_difficulty_screen,1253.8,926.0,1639.0
916086,subject_difficulty_screen,1254.1,926.2,1638.0
916087,subject_difficulty_screen,1254.4,926.4,1639.0
916088,subject_difficulty_screen,1254.6,926.4,1639.0
916089,subject_difficulty_screen,1254.8,926.2,1638.0
916090,subject_difficulty_screen,1254.8,926.0,1637.0
916091,subject_difficulty_screen,1254.8,926.0,1636.0
916092,subject_difficulty_screen,1254.7,925.9,1637.0
916093,subject_difficulty_screen,1254.7,925.7,1639.0
916094,subject_difficulty_screen,1255.0,925.5,1641.0
916095,subject_difficulty_screen,1255.4,925.7,1641.0
916096,subject_difficulty_screen,1255.6,926.1,1642.0
916097,subject_difficulty_screen,1255.7,926.3,1642.0
916098,subject_difficulty_screen,1255.6,926.2,1642.0
916099,subject_difficulty_screen,1255.8,926.2,1640.0
916100,subject_difficulty_screen,1256.1,926.3,1638.0
916101,subject_difficulty_screen,1256.3,926.5,1636.0
916102,subject_difficulty_screen,1256.2,926.5,1636.0
916103,subject_difficulty_screen,1256.4,926.4,1637.0
916104,subject_difficulty_screen,1256.6,926.3,1637.0
916105,subject_difficulty_screen,1256.6,926.3,1637.0
916106,subject_difficulty_screen,1256.3,926.3,1636.0
916107,subject_difficulty_screen,1255.9,926.3,1635.0
916108,subject_difficulty_screen,1255.6,926.4,1633.0
916109,subject_difficulty_screen,1255.4,926.5,1632.0
916110,subject_difficulty_screen,1255.2,926.5,1631.0
916111,subject_difficulty_screen,1255.2,926.5,1632.0
916112,subject_difficulty_screen,1255.2,926.7,1632.0
916113,subject_difficulty_screen,1255.3,926.8,1634.0
916114,subject_difficulty_screen,1255.7,926.5,1635.0
916115,subject_difficulty_screen,1256.0,926.3,1636.0
916116,subject_difficulty_screen,1256.1,926.1,1636.0
916117,subject_difficulty_screen,1256.0,926.1,1634.0
916118,subject_difficulty_screen,1256.0,926.6,1633.0
916119,subject_difficulty_screen,1256.0,927.0,1632.0
916120,subject_difficulty_screen,1256.0,927.4,1632.0
916121,subject_difficulty_screen,1255.6,927.3,1632.0
916122,subject_difficulty_screen,1255.3,927.3,1632.0
916123,subject_difficulty_screen,1255.1,927.4,1632.0
916124,subject_difficulty_screen,1255.1,927.4,1633.0
916125,subject_difficulty_screen,1255.1,927.3,1632.0
916126,subject_difficulty_screen,1255.1,927.2,1630.0
916127,subject_difficulty_screen,1255.1,927.2,1628.0
916128,subject_difficulty_screen,1255.1,927.1,1627.0
916129,subject_difficulty_screen,1255.1,927.2,1626.0
916130,subject_difficulty_screen,1255.2,927.1,1627.0
916131,subject_difficulty_screen,1255.2,927.0,1629.0
916132,subject_difficulty_screen,1255.3,926.7,1628.0
916133,subject_difficulty_screen,1255.3,926.7,1625.0
916134,subject_difficulty_screen,1255.3,926.9,1624.0
916135,subject_difficulty_screen,1255.3,927.0,1626.0
916136,subject_difficulty_screen,1255.3,927.2,1627.0
916137,subject_difficulty_screen,1255.4,927.4,1626.0
916138,subject_difficulty_screen,1255.4,927.5,1626.0
916139,subject_difficulty_screen,1255.4,927.5,1626.0
916140,subject_difficulty_screen,1255.7,927.5,1625.0
916141,subject_difficulty_screen,1256.4,927.6,1624.0
916142,subject_difficulty_screen,1257.2,927.3,1623.0
916143,subject_difficulty_screen,1257.5,927.0,1626.0
916144,subject_difficulty_screen,1257.5,926.7,1628.0
916145,subject_difficulty_screen,1257.9,926.4,1628.0
916146,subject_difficulty_screen,1258.4,926.2,1625.0
916147,subject_difficulty_screen,1258.9,925.8,1623.0
916148,subject_difficulty_screen,1259.0,925.5,1623.0
916149,subject_difficulty_screen,1259.3,925.3,1622.0
916150,subject_difficulty_screen,1259.5,925.4,1622.0
916151,subject_difficulty_screen,1259.7,925.3,1621.0
916152,subject_difficulty_screen,1259.7,925.2,1622.0
916153,subject_difficulty_screen,1259.6,925.3,1624.0
916154,subject_difficulty_screen,1259.5,925.6,1626.0
916155,subject_difficulty_screen,1259.2,926.1,1627.0
916156,subject_difficulty_screen,1259.0,926.5,1628.0
916157,subject_difficulty_screen,1259.1,926.3,1627.0
916158,subject_difficulty_screen,1259.4,925.9,1627.0
916159,subject_difficulty_screen,1259.6,925.7,1625.0
916160,subject_difficulty_screen,1259.8,926.2,1623.0
916161,subject_difficulty_screen,1260.0,926.7,1621.0
916162,subject_difficulty_screen,1260.1,927.4,1622.0
916163,subject_difficulty_screen,1260.0,927.6,1624.0
916164,subject_difficulty_screen,1259.7,927.6,1626.0
916165,subject_difficulty_screen,1259.3,927.0,1627.0
916166,subject_difficulty_screen,1258.9,926.5,1627.0
916167,subject_difficulty_screen,1258.7,926.4,1627.0
916168,subject_difficulty_screen,1258.8,926.9,1627.0
916169,subject_difficulty_screen,1258.9,927.5,1626.0
916170,subject_difficulty_screen,1258.5,928.0,1624.0
916171,subject_difficulty_screen,1258.2,928.2,1624.0
916172,subject_difficulty_screen,1257.8,928.3,1625.0
916173,subject_difficulty_screen,1257.9,928.5,1626.0
916174,subject_difficulty_screen,1258.0,928.7,1626.0
916175,subject_difficulty_screen,1257.9,929.2,1626.0
916176,subject_difficulty_screen,1257.7,929.4,1625.0
916177,subject_difficulty_screen,1257.5,929.6,1624.0
916178,subject_difficulty_screen,1257.4,929.6,1623.0
916179,subject_difficulty_screen,1257.4,929.7,1623.0
916180,subject_difficulty_screen,1257.4,929.7,1623.0
916181,subject_difficulty_screen,1257.5,929.7,1624.0
916182,subject_difficulty_screen,1257.5,929.8,1624.0
916183,subject_difficulty_screen,1257.4,929.8,1624.0
916184,subject_difficulty_screen,1257.1,929.9,1624.0
916185,subject_difficulty_screen,1257.0,929.6,1624.0
916186,subject_difficulty_screen,1256.9,929.3,1623.0
916187,subject_difficulty_screen,1256.9,928.7,1622.0
916188,subject_difficulty_screen,1256.8,928.4,1621.0
916189,subject_difficulty_screen,1256.6,928.4,1619.0
916190,subject_difficulty_screen,1256.5,928.7,1618.0
916191,subject_difficulty_screen,1256.5,929.2,1618.0
916192,subject_difficulty_screen,1256.8,929.2,1618.0
916193,subject_difficulty_screen,1257.2,928.8,1618.0
916194,subject_difficulty_screen,1257.6,928.3,1620.0
916195,subject_difficulty_screen,1257.4,927.7,1622.0
916196,subject_difficulty_screen,1257.1,927.4,1624.0
916197,subject_difficulty_screen,1256.9,928.1,1624.0
916198,subject_difficulty_screen,1257.1,928.9,1624.0
916199,subject_difficulty_screen,1257.3,929.7,1624.0
916200,subject_difficulty_screen,1257.3,929.4,1624.0
916201,subject_difficulty_screen,1257.4,929.1,1625.0
916202,subject_difficulty_screen,1257.4,928.8,1624.0
916203,subject_difficulty_screen,1257.5,929.2,1623.0
916204,subject_difficulty_screen,1257.6,929.5,1622.0
916205,subject_difficulty_screen,1257.8,929.9,1621.0
916206,subject_difficulty_screen,1258.0,929.9,1622.0
916207,subject_difficulty_screen,1258.1,930.1,1622.0
916208,subject_difficulty_screen,1258.0,930.1,1622.0
916209,subject_difficulty_screen,1257.8,930.0,1621.0
916210,subject_difficulty_screen,1257.7,929.7,1620.0
916211,subject_difficulty_screen,1257.7,929.5,1620.0
916212,subject_difficulty_screen,1257.7,929.4,1620.0
916213,subject_difficulty_screen,1257.7,929.5,1620.0
916214,subject_difficulty_screen,1257.7,929.6,1619.0
916215,subject_difficulty_screen,1257.5,929.7,1618.0
916216,subject_difficulty_screen,1257.3,929.7,1617.0
916217,subject_difficulty_screen,1257.2,929.7,1617.0
916218,subject_difficulty_screen,1257.2,929.5,1616.0
916219,subject_difficulty_screen,1257.1,929.1,1617.0
916220,subject_difficulty_screen,1257.3,928.9,1617.0
916221,subject_difficulty_screen,1257.6,928.9,1618.0
916222,subject_difficulty_screen,1258.0,929.0,1619.0
916223,subject_difficulty_screen,1258.1,929.2,1618.0
916224,subject_difficulty_screen,1257.9,929.3,1617.0
916225,subject_difficulty_screen,1257.6,929.4,1616.0
916226,subject_difficulty_screen,1257.3,929.6,1615.0
916227,subject_difficulty_screen,1257.2,929.3,1615.0
916228,subject_difficulty_screen,1257.0,929.0,1616.0
916229,subject_difficulty_screen,1256.9,928.4,1617.0
916230,subject_difficulty_screen,1256.9,928.1,1618.0
916231,subject_difficulty_screen,1256.9,927.7,1618.0
916232,subject_difficulty_screen,1256.8,927.6,1619.0
916233,subject_difficulty_screen,1256.8,927.5,1620.0
916234,subject_difficulty_screen,1256.8,927.6,1619.0
916235,subject_difficulty_screen,1256.8,927.7,1618.0
916236,subject_difficulty_screen,1256.9,928.4,1617.0
916237,subject_difficulty_screen,1257.0,929.1,1616.0
916238,subject_difficulty_screen,1257.1,929.4,1616.0
916239,subject_difficulty_screen,1257.3,929.0,1615.0
916240,subject_difficulty_screen,1257.5,928.8,1614.0
916241,subject_difficulty_screen,1257.7,929.0,1614.0
916242,subject_difficulty_screen,1257.6,929.2,1614.0
916243,subject_difficulty_screen,1257.5,929.4,1614.0
916244,subject_difficulty_screen,1257.5,929.5,1614.0
916245,subject_difficulty_screen,1257.5,929.6,1615.0
916246,subject_difficulty_screen,1257.6,929.9,1615.0
916247,subject_difficulty_screen,1257.7,930.3,1615.0
916248,subject_difficulty_screen,1257.8,930.6,1615.0
916249,subject_difficulty_screen,1257.8,930.8,1614.0
916250,subject_difficulty_screen,1257.8,930.9,1613.0
916251,subject_difficulty_screen,1257.8,931.1,1613.0
916252,subject_difficulty_screen,1257.9,931.3,1613.0
916253,subject_difficulty_screen,1257.9,931.3,1614.0
916254,subject_difficulty_screen,1258.0,931.3,1614.0
916255,subject_difficulty_screen,1258.1,931.4,1614.0
916256,subject_difficulty_screen,1258.5,931.5,1613.0
916257,subject_difficulty_screen,1258.8,931.6,1611.0
916258,subject_difficulty_screen,1259.0,931.7,1611.0
916259,subject_difficulty_screen,1258.7,932.0,1610.0
916260,subject_difficulty_screen,1258.3,932.3,1611.0
916261,subject_difficulty_screen,1258.0,932.3,1612.0
916262,subject_difficulty_screen,1258.1,932.2,1612.0
916263,subject_difficulty_screen,1258.3,932.1,1611.0
916264,subject_difficulty_screen,1258.5,932.3,1610.0
916265,subject_difficulty_screen,1258.5,932.4,1610.0
916266,subject_difficulty_screen,1258.6,932.4,1610.0
916267,subject_difficulty_screen,1258.7,932.7,1611.0
916268,subject_difficulty_screen,1258.8,933.0,1609.0
916269,subject_difficulty_screen,1258.9,933.3,1607.0
916270,subject_difficulty_screen,1258.9,933.3,1606.0
916271,subject_difficulty_screen,1258.8,932.9,1606.0
916272,subject_difficulty_screen,1258.8,932.5,1607.0
916273,subject_difficulty_screen,1258.8,932.4,1606.0
916274,subject_difficulty_screen,1259.2,932.8,1605.0
916275,subject_difficulty_screen,1259.6,933.2,1604.0
916276,subject_difficulty_screen,1259.8,933.2,1604.0
916277,subject_difficulty_screen,1259.8,933.3,1604.0
916278,subject_difficulty_screen,1259.7,933.2,1604.0
916279,subject_difficulty_screen,1259.4,933.0,1603.0
916280,subject_difficulty_screen,1259.1,932.7,1602.0
916281,subject_difficulty_screen,1258.9,932.4,1601.0
916282,subject_difficulty_screen,1258.9,932.3,1601.0
916283,subject_difficulty_screen,1258.9,932.2,1602.0
916284,subject_difficulty_screen,1258.9,932.1,1603.0
916285,subject_difficulty_screen,1258.9,932.1,1604.0
916286,subject_difficulty_screen,1258.9,932.0,1604.0
916287,subject_difficulty_screen,1259.1,931.9,1604.0
916288,subject_difficulty_screen,1259.5,931.8,1604.0
916289,subject_difficulty_screen,1260.0,931.9,1603.0
916290,subject_difficulty_screen,1260.1,931.9,1604.0
916291,subject_difficulty_screen,1259.9,931.9,1604.0
916292,subject_difficulty_screen,1259.8,931.9,1604.0
916293,subject_difficulty_screen,1259.7,931.9,1605.0
916294,subject_difficulty_screen,1259.7,931.6,1606.0
916295,subject_difficulty_screen,1259.7,931.5,1606.0
916296,subject_difficulty_screen,1259.8,931.3,1605.0
916297,subject_difficulty_screen,1259.9,931.5,1603.0
916298,subject_difficulty_screen,1259.9,931.3,1601.0
916299,subject_difficulty_screen,1259.8,931.2,1600.0
916300,subject_difficulty_screen,1259.8,931.1,1600.0
916301,subject_difficulty_screen,1260.3,931.0,1600.0
916302,subject_difficulty_screen,1260.9,930.9,1601.0
916303,subject_difficulty_screen,1261.5,930.8,1601.0
916304,subject_difficulty_screen,1261.5,930.7,1601.0
916305,subject_difficulty_screen,1261.5,930.4,1601.0
916306,subject_difficulty_screen,1261.3,930.1,1602.0
916307,subject_difficulty_screen,1261.2,930.0,1601.0
916308,subject_difficulty_screen,1261.2,930.1,1600.0
916309,subject_difficulty_screen,1261.4,930.1,1600.0
916310,subject_difficulty_screen,1262.1,930.1,1600.0
916311,subject_difficulty_screen,1262.7,930.0,1600.0
916312,subject_difficulty_screen,1263.2,930.1,1600.0
916313,subject_difficulty_screen,1263.2,930.3,1600.0
916314,subject_difficulty_screen,1263.2,930.4,1600.0
916315,subject_difficulty_screen,1263.2,930.6,1599.0
916316,subject_difficulty_screen,1263.1,930.7,1597.0
916317,subject_difficulty_screen,1263.1,930.6,1596.0
916318,subject_difficulty_screen,1263.0,930.4,1596.0
916319,subject_difficulty_screen,1263.0,930.3,1597.0
916320,subject_difficulty_screen,1263.0,930.3,1597.0
916321,subject_difficulty_screen,1263.0,930.4,1598.0
916322,subject_difficulty_screen,1263.1,930.5,1599.0
916323,subject_difficulty_screen,1263.0,930.5,1600.0
916324,subject_difficulty_screen,1263.0,930.5,1601.0
916325,subject_difficulty_screen,1262.9,930.5,1602.0
916326,subject_difficulty_screen,1263.0,930.6,1600.0
916327,subject_difficulty_screen,1263.0,930.8,1599.0
916328,subject_difficulty_screen,1262.9,931.3,1598.0
916329,subject_difficulty_screen,1262.8,932.0,1597.0
916330,subject_difficulty_screen,1262.7,932.6,1596.0
916331,subject_difficulty_screen,1262.9,932.4,1596.0
916332,subject_difficulty_screen,1263.0,931.9,1597.0
916333,subject_difficulty_screen,1263.1,931.2,1598.0
916334,subject_difficulty_screen,1262.9,931.0,1599.0
916335,subject_difficulty_screen,1262.9,931.4,1600.0
916336,subject_difficulty_screen,1262.9,931.7,1600.0
916337,subject_difficulty_screen,1263.0,932.1,1599.0
916338,subject_difficulty_screen,1262.9,932.1,1598.0
916339,subject_difficulty_screen,1262.8,932.1,1596.0
916340,subject_difficulty_screen,1262.7,932.3,1596.0
916341,subject_difficulty_screen,1262.4,932.5,1594.0
916342,subject_difficulty_screen,1262.1,932.7,1593.0
916343,subject_difficulty_screen,1261.8,933.1,1591.0
916344,subject_difficulty_screen,1261.6,933.6,1589.0
916345,subject_difficulty_screen,1261.6,934.0,1589.0
916346,subject_difficulty_screen,1261.5,934.1,1590.0
916347,subject_difficulty_screen,1261.6,934.3,1590.0
916348,subject_difficulty_screen,1261.6,934.4,1590.0
916349,subject_difficulty_screen,1261.6,934.4,1589.0
916350,subject_difficulty_screen,1261.5,934.4,1588.0
916351,subject_difficulty_screen,1261.3,934.7,1588.0
916352,subject_difficulty_screen,1261.2,934.9,1588.0
916353,subject_difficulty_screen,1261.2,935.4,1587.0
916354,subject_difficulty_screen,1261.1,935.6,1586.0
916355,subject_difficulty_screen,1261.2,935.8,1587.0
916356,subject_difficulty_screen,1261.4,935.8,1588.0
916357,subject_difficulty_screen,1261.7,935.7,1589.0
916358,subject_difficulty_screen,1261.8,935.7,1589.0
916359,subject_difficulty_screen,1261.7,935.7,1588.0
916360,subject_difficulty_screen,1261.6,935.7,1587.0
916361,subject_difficulty_screen,1261.4,935.8,1587.0
916362,subject_difficulty_screen,1260.9,935.9,1586.0
916363,subject_difficulty_screen,1260.5,935.7,1586.0
916364,subject_difficulty_screen,1260.2,935.4,1585.0
916365,subject_difficulty_screen,1260.2,935.2,1584.0
916366,subject_difficulty_screen,1260.1,935.2,1583.0
916367,subject_difficulty_screen,1260.0,935.4,1582.0
916368,subject_difficulty_screen,1259.8,935.6,1581.0
916369,subject_difficulty_screen,1259.6,935.6,1580.0
916370,subject_difficulty_screen,1259.4,935.3,1580.0
916371,subject_difficulty_screen,1259.4,935.1,1581.0
916372,subject_difficulty_screen,1259.5,934.9,1581.0
916373,subject_difficulty_screen,1259.9,934.8,1583.0
916374,subject_difficulty_screen,1260.1,934.8,1586.0
916375,subject_difficulty_screen,1260.3,934.8,1588.0
916376,subject_difficulty_screen,1260.3,934.8,1586.0
916377,subject_difficulty_screen,1260.3,935.1,1584.0
916378,subject_difficulty_screen,1260.4,935.6,1581.0
916379,subject_difficulty_screen,1260.4,936.1,1581.0
916380,subject_difficulty_screen,1260.3,935.9,1582.0
916381,subject_difficulty_screen,1260.2,935.6,1582.0
916382,subject_difficulty_screen,1260.6,935.4,1581.0
916383,subject_difficulty_screen,1260.9,935.5,1581.0
916384,subject_difficulty_screen,1261.3,935.7,1579.0
916385,subject_difficulty_screen,1261.0,935.9,1578.0
916386,subject_difficulty_screen,1260.6,936.1,1578.0
916387,subject_difficulty_screen,1260.4,936.1,1579.0
916388,subject_difficulty_screen,1260.4,936.1,1579.0
916389,subject_difficulty_screen,1260.6,936.0,1579.0
916390,subject_difficulty_screen,1260.8,936.0,1579.0
916391,subject_difficulty_screen,1261.1,936.1,1579.0
916392,subject_difficulty_screen,1261.3,936.1,1579.0
916393,subject_difficulty_screen,1261.6,936.2,1579.0
916394,subject_difficulty_screen,1261.3,936.2,1579.0
916395,subject_difficulty_screen,1261.0,936.3,1579.0
916396,subject_difficulty_screen,1260.6,936.5,1580.0
916397,subject_difficulty_screen,1260.4,936.6,1579.0
916398,subject_difficulty_screen,1260.3,936.5,1577.0
916399,subject_difficulty_screen,1260.4,936.4,1576.0
916400,subject_difficulty_screen,1260.4,936.5,1576.0
916401,subject_difficulty_screen,1260.4,936.7,1577.0
916402,subject_difficulty_screen,1260.6,936.8,1578.0
916403,subject_difficulty_screen,1260.8,936.8,1579.0
916404,subject_difficulty_screen,1261.1,936.7,1579.0
916405,subject_difficulty_screen,1261.3,936.7,1579.0
916406,subject_difficulty_screen,1261.3,936.4,1579.0
916407,subject_difficulty_screen,1261.3,936.0,1578.0
916408,subject_difficulty_screen,1261.0,935.6,1577.0
916409,subject_difficulty_screen,1260.8,936.1,1577.0
916410,subject_difficulty_screen,1261.0,936.8,1577.0
916411,subject_difficulty_screen,1261.4,937.4,1578.0
916412,subject_difficulty_screen,1261.9,937.4,1577.0
916413,subject_difficulty_screen,1262.2,937.5,1577.0
916414,subject_difficulty_screen,1262.3,937.6,1578.0
916415,subject_difficulty_screen,1262.2,937.2,1579.0
916416,subject_difficulty_screen,1261.6,936.9,1581.0
916417,subject_difficulty_screen,1261.1,936.6,1580.0
916418,subject_difficulty_screen,1260.9,936.6,1579.0
916419,subject_difficulty_screen,1261.1,937.0,1577.0
916420,subject_difficulty_screen,1261.2,937.4,1577.0
916421,subject_difficulty_screen,1261.5,937.8,1576.0
916422,subject_difficulty_screen,1261.7,937.9,1576.0
916423,subject_difficulty_screen,1261.9,937.7,1575.0
916424,subject_difficulty_screen,1262.1,937.5,1575.0
916425,subject_difficulty_screen,1262.3,937.3,1575.0
916426,subject_difficulty_screen,1262.4,937.1,1575.0
916427,subject_difficulty_screen,1262.3,936.9,1574.0
916428,subject_difficulty_screen,1262.2,936.8,1574.0
916429,subject_difficulty_screen,1262.4,936.8,1575.0
916430,subject_difficulty_screen,1263.0,936.8,1575.0
916431,subject_difficulty_screen,1263.5,936.2,1576.0
916432,subject_difficulty_screen,1263.7,935.6,1578.0
916433,subject_difficulty_screen,1263.8,935.0,1578.0
916434,subject_difficulty_screen,1263.8,935.1,1577.0
916435,subject_difficulty_screen,1263.9,935.0,1575.0
916436,subject_difficulty_screen,1263.9,934.8,1576.0
916437,subject_difficulty_screen,1264.0,934.6,1578.0
916438,subject_difficulty_screen,1264.0,934.5,1580.0
916439,subject_difficulty_screen,1264.0,934.4,1580.0
916440,subject_difficulty_screen,1264.3,934.4,1580.0
916441,subject_difficulty_screen,1264.5,934.5,1580.0
916442,subject_difficulty_screen,1264.7,934.9,1581.0
916443,subject_difficulty_screen,1264.6,935.1,1581.0
916444,subject_difficulty_screen,1264.5,935.0,1581.0
916445,subject_difficulty_screen,1264.5,934.6,1580.0
916446,subject_difficulty_screen,1264.7,934.1,1579.0
916447,subject_difficulty_screen,1265.1,933.9,1578.0
916448,subject_difficulty_screen,1265.3,934.0,1578.0
916449,subject_difficulty_screen,1265.3,933.9,1578.0
916450,subject_difficulty_screen,1265.3,933.8,1579.0
916451,subject_difficulty_screen,1265.3,934.1,1579.0
916452,subject_difficulty_screen,1265.4,934.4,1579.0
916453,subject_difficulty_screen,1265.4,934.3,1579.0
916454,subject_difficulty_screen,1265.3,933.9,1579.0
916455,subject_difficulty_screen,1265.5,933.6,1580.0
916456,subject_difficulty_screen,1265.8,933.6,1581.0
916457,subject_difficulty_screen,1266.1,933.6,1580.0
916458,subject_difficulty_screen,1266.2,933.6,1577.0
916459,subject_difficulty_screen,1266.3,933.6,1575.0
916460,subject_difficulty_screen,1266.3,933.5,1576.0
916461,subject_difficulty_screen,1266.1,933.5,1578.0
916462,subject_difficulty_screen,1265.9,933.5,1578.0
916463,subject_difficulty_screen,1266.1,934.1,1580.0
916464,subject_difficulty_screen,1266.4,934.8,1581.0
916465,subject_difficulty_screen,1266.5,935.5,1582.0
916466,subject_difficulty_screen,1266.4,935.4,1582.0
916467,subject_difficulty_screen,1266.2,935.3,1582.0
916468,subject_difficulty_screen,1266.1,935.3,1582.0
916469,subject_difficulty_screen,1265.9,935.2,1584.0
916470,subject_difficulty_screen,1265.7,935.2,1586.0
916471,subject_difficulty_screen,1265.6,935.2,1587.0
916472,subject_difficulty_screen,1265.5,935.2,1586.0
916473,subject_difficulty_screen,1265.4,935.1,1586.0
916474,subject_difficulty_screen,1265.5,934.9,1586.0
916475,subject_difficulty_screen,1265.6,934.8,1586.0
916476,subject_difficulty_screen,1266.2,934.7,1584.0
916477,subject_difficulty_screen,1266.7,934.8,1583.0
916478,subject_difficulty_screen,1266.9,935.1,1583.0
916479,subject_difficulty_screen,1266.5,935.4,1584.0
916480,subject_difficulty_screen,1266.1,935.4,1584.0
916481,subject_difficulty_screen,1266.0,935.3,1583.0
916482,subject_difficulty_screen,1266.0,935.3,1583.0
916483,subject_difficulty_screen,1265.9,935.4,1584.0
916484,subject_difficulty_screen,1265.7,935.5,1586.0
916485,subject_difficulty_screen,1265.7,935.5,1588.0
916486,subject_difficulty_screen,1265.9,935.5,1589.0
916487,subject_difficulty_screen,1266.0,935.6,1588.0
916488,subject_difficulty_screen,1265.9,935.6,1587.0
916489,subject_difficulty_screen,1265.7,935.6,1588.0
916490,subject_difficulty_screen,1265.8,935.6,1588.0
916491,subject_difficulty_screen,1266.1,935.6,1588.0
916492,subject_difficulty_screen,1266.3,935.4,1587.0
916493,subject_difficulty_screen,1266.0,935.3,1589.0
916494,subject_difficulty_screen,1265.7,935.5,1590.0
916495,subject_difficulty_screen,1265.6,935.8,1592.0
916496,subject_difficulty_screen,1265.7,936.0,1592.0
916497,subject_difficulty_screen,1265.8,935.7,1592.0
916498,subject_difficulty_screen,1265.7,935.3,1590.0
916499,subject_difficulty_screen,1265.6,934.9,1589.0
916500,subject_difficulty_screen,1265.5,935.0,1588.0
916501,subject_difficulty_screen,1265.4,935.1,1588.0
916502,subject_difficulty_screen,1265.3,935.2,1588.0
916503,subject_difficulty_screen,1265.3,935.1,1589.0
916504,subject_difficulty_screen,1265.4,935.2,1591.0
916505,subject_difficulty_screen,1265.6,935.4,1592.0
916506,subject_difficulty_screen,1265.6,935.6,1592.0
916507,subject_difficulty_screen,1265.6,935.7,1591.0
916508,subject_difficulty_screen,1265.6,935.6,1590.0
916509,subject_difficulty_screen,1265.6,935.5,1590.0
916510,subject_difficulty_screen,1265.8,935.4,1590.0
916511,subject_difficulty_screen,1266.1,935.3,1590.0
916512,subject_difficulty_screen,1266.2,935.2,1590.0
916513,subject_difficulty_screen,1266.1,935.0,1590.0
916514,subject_difficulty_screen,1265.8,934.9,1589.0
916515,subject_difficulty_screen,1265.5,934.7,1589.0
916516,subject_difficulty_screen,1265.3,934.6,1588.0
916517,subject_difficulty_screen,1265.2,934.7,1588.0
916518,subject_difficulty_screen,1265.1,935.2,1588.0
916519,subject_difficulty_screen,1265.2,935.7,1588.0
916520,subject_difficulty_screen,1265.2,935.5,1589.0
916521,subject_difficulty_screen,1265.2,935.2,1590.0
916522,subject_difficulty_screen,1265.1,934.9,1591.0
916523,subject_difficulty_screen,1265.1,935.3,1593.0
916524,subject_difficulty_screen,1265.0,935.5,1593.0
916525,subject_difficulty_screen,1265.1,935.5,1593.0
916526,subject_difficulty_screen,1265.3,935.1,1593.0
916527,subject_difficulty_screen,1265.6,935.0,1593.0
916528,subject_difficulty_screen,1265.7,935.0,1593.0
916529,subject_difficulty_screen,1265.5,935.3,1593.0
916530,subject_difficulty_screen,1265.4,935.6,1592.0
916531,subject_difficulty_screen,1265.3,935.5,1592.0
916532,subject_difficulty_screen,1265.2,935.3,1592.0
916533,subject_difficulty_screen,1265.2,935.4,1593.0
916534,subject_difficulty_screen,1265.2,935.8,1593.0
916535,subject_difficulty_screen,1265.2,935.7,1594.0
916536,subject_difficulty_screen,1265.0,935.2,1594.0
916537,subject_difficulty_screen,1264.9,935.2,1594.0
916538,subject_difficulty_screen,1265.0,935.7,1594.0
916539,subject_difficulty_screen,1265.0,936.0,1593.0
916540,subject_difficulty_screen,1265.0,935.8,1593.0
916541,subject_difficulty_screen,1265.0,935.5,1592.0
916542,subject_difficulty_screen,1264.9,935.1,1592.0
916543,subject_difficulty_screen,1264.8,934.8,1594.0
916544,subject_difficulty_screen,1264.7,934.5,1596.0
916545,subject_difficulty_screen,1264.7,934.6,1598.0
916546,subject_difficulty_screen,1264.9,934.6,1599.0
916547,subject_difficulty_screen,1265.0,934.8,1598.0
916548,subject_difficulty_screen,1264.9,935.0,1597.0
916549,subject_difficulty_screen,1264.6,935.3,1596.0
916550,subject_difficulty_screen,1264.3,935.6,1595.0
916551,subject_difficulty_screen,1264.4,935.7,1596.0
916552,subject_difficulty_screen,1264.2,935.4,1598.0
916553,subject_difficulty_screen,1264.0,935.0,1600.0
916554,subject_difficulty_screen,1263.9,934.7,1600.0
916555,subject_difficulty_screen,1263.9,934.8,1600.0
916556,subject_difficulty_screen,1264.2,934.8,1599.0
916557,subject_difficulty_screen,1264.5,934.7,1598.0
916558,subject_difficulty_screen,1264.8,934.7,1597.0
916559,subject_difficulty_screen,1264.7,935.1,1596.0
916560,subject_difficulty_screen,1264.6,935.4,1597.0
916561,subject_difficulty_screen,1264.6,935.4,1597.0
916562,subject_difficulty_screen,1264.7,935.1,1597.0
916563,subject_difficulty_screen,1264.7,934.7,1597.0
916564,subject_difficulty_screen,1264.7,934.5,1597.0
916565,subject_difficulty_screen,1264.3,934.2,1596.0
916566,subject_difficulty_screen,1263.9,934.2,1597.0
916567,subject_difficulty_screen,1263.6,934.3,1598.0
916568,subject_difficulty_screen,1263.6,934.4,1599.0
916569,subject_difficulty_screen,1263.4,934.6,1597.0
916570,subject_difficulty_screen,1263.3,934.9,1596.0
916571,subject_difficulty_screen,1263.2,935.0,1597.0
916572,subject_difficulty_screen,1263.2,935.0,1599.0
916573,subject_difficulty_screen,1263.3,935.0,1601.0
916574,subject_difficulty_screen,1263.3,935.3,1603.0
916575,subject_difficulty_screen,1263.2,935.8,1602.0
916576,subject_difficulty_screen,1263.2,936.5,1601.0
916577,subject_difficulty_screen,1263.2,937.0,1600.0
916578,subject_difficulty_screen,1263.2,937.2,1600.0
916579,subject_difficulty_screen,1263.2,937.0,1600.0
916580,subject_difficulty_screen,1262.8,936.8,1601.0
916581,subject_difficulty_screen,1262.3,936.6,1602.0
916582,subject_difficulty_screen,1261.8,936.6,1604.0
916583,subject_difficulty_screen,1261.7,936.6,1604.0
916584,subject_difficulty_screen,1261.7,937.0,1605.0
916585,subject_difficulty_screen,1261.7,937.5,1606.0
916586,subject_difficulty_screen,1261.7,938.0,1606.0
916587,subject_difficulty_screen,1261.4,938.2,1606.0
916588,subject_difficulty_screen,1261.1,938.2,1606.0
916589,subject_difficulty_screen,1260.6,938.3,1606.0
916590,subject_difficulty_screen,1260.2,938.2,1606.0
916591,subject_difficulty_screen,1259.9,938.0,1606.0
916592,subject_difficulty_screen,1259.9,937.8,1605.0
916593,subject_difficulty_screen,1259.7,937.3,1607.0
916594,subject_difficulty_screen,1259.7,937.0,1609.0
916595,subject_difficulty_screen,1259.4,936.8,1611.0
916596,subject_difficulty_screen,1259.2,937.1,1610.0
916597,subject_difficulty_screen,1259.1,937.7,1608.0
916598,subject_difficulty_screen,1259.0,938.3,1607.0
916599,subject_difficulty_screen,1258.8,938.6,1606.0
916600,subject_difficulty_screen,1258.5,938.6,1606.0
916601,subject_difficulty_screen,1258.4,938.3,1607.0
916602,subject_difficulty_screen,1258.2,938.1,1608.0
916603,subject_difficulty_screen,1257.9,937.9,1610.0
916604,subject_difficulty_screen,1257.6,937.9,1614.0
916605,subject_difficulty_screen,1257.4,937.9,1618.0
916606,subject_difficulty_screen,1257.3,937.8,1619.0
916607,subject_difficulty_screen,1257.3,937.6,1618.0
916608,subject_difficulty_screen,1257.3,937.6,1618.0
916609,subject_difficulty_screen,1257.3,937.7,1617.0
916610,subject_difficulty_screen,1257.4,937.8,1616.0
916611,subject_difficulty_screen,1257.4,937.9,1615.0
916612,subject_difficulty_screen,1257.4,938.0,1614.0
916613,subject_difficulty_screen,1257.2,938.1,1615.0
916614,subject_difficulty_screen,1257.0,938.1,1616.0
916615,subject_difficulty_screen,1256.9,938.2,1617.0
916616,subject_difficulty_screen,1256.9,938.2,1617.0
916617,subject_difficulty_screen,1256.9,938.2,1617.0
916618,subject_difficulty_screen,1257.0,938.5,1617.0
916619,subject_difficulty_screen,1257.1,939.0,1618.0
916620,subject_difficulty_screen,1257.6,939.4,1618.0
916621,subject_difficulty_screen,1257.9,939.0,1620.0
916622,subject_difficulty_screen,1258.0,938.4,1622.0
916623,subject_difficulty_screen,1257.8,938.2,1624.0
916624,subject_difficulty_screen,1257.8,938.5,1625.0
916625,subject_difficulty_screen,1257.9,938.9,1626.0
916626,subject_difficulty_screen,1258.0,938.9,1626.0
916627,subject_difficulty_screen,1258.0,939.0,1624.0
916628,subject_difficulty_screen,1258.0,939.2,1622.0
916629,subject_difficulty_screen,1258.0,939.4,1622.0
916630,subject_difficulty_screen,1258.0,939.5,1622.0
916631,subject_difficulty_screen,1258.0,939.7,1622.0
916632,subject_difficulty_screen,1257.9,939.8,1622.0
916633,subject_difficulty_screen,1258.1,940.1,1622.0
916634,subject_difficulty_screen,1258.3,940.1,1621.0
916635,subject_difficulty_screen,1258.0,940.2,1623.0
916636,subject_difficulty_screen,1257.4,940.2,1625.0
916637,subject_difficulty_screen,1256.7,940.1,1626.0
916638,subject_difficulty_screen,1256.5,939.8,1625.0
916639,subject_difficulty_screen,1256.6,939.3,1624.0
916640,subject_difficulty_screen,1257.0,938.9,1624.0
916641,subject_difficulty_screen,1257.2,938.6,1624.0
916642,subject_difficulty_screen,1257.1,938.6,1623.0
916643,subject_difficulty_screen,1257.0,938.6,1623.0
916644,subject_difficulty_screen,1257.0,938.7,1624.0
916645,subject_difficulty_screen,1257.0,938.7,1624.0
916646,subject_difficulty_screen,1257.1,938.8,1624.0
916647,subject_difficulty_screen,1257.2,938.9,1623.0
916648,subject_difficulty_screen,1257.2,938.9,1622.0
916649,subject_difficulty_screen,1257.1,938.7,1624.0
916650,subject_difficulty_screen,1257.0,938.4,1626.0
916651,subject_difficulty_screen,1257.0,938.1,1625.0
916652,subject_difficulty_screen,1257.1,938.3,1623.0
916653,subject_difficulty_screen,1257.3,938.6,1623.0
916654,subject_difficulty_screen,1257.5,938.8,1628.0
916655,subject_difficulty_screen,1257.4,938.7,1633.0
916656,subject_difficulty_screen,1257.3,938.4,1632.0
916657,subject_difficulty_screen,1257.3,938.0,1629.0
916658,subject_difficulty_screen,1257.3,937.9,1625.0
916659,subject_difficulty_screen,1257.4,937.9,1625.0
916660,subject_difficulty_screen,1257.7,937.9,1626.0
916661,subject_difficulty_screen,1258.0,937.9,1628.0
916662,subject_difficulty_screen,1258.2,937.6,1631.0
916663,subject_difficulty_screen,1258.2,937.2,1635.0
916664,subject_difficulty_screen,1258.8,937.0,1637.0
916665,subject_difficulty_screen,1259.6,937.1,1635.0
916666,subject_difficulty_screen,1260.3,937.5,1631.0
916667,subject_difficulty_screen,1260.3,937.6,1628.0
916668,subject_difficulty_screen,1260.2,937.4,1629.0
916669,subject_difficulty_screen,1260.1,937.2,1630.0
916670,subject_difficulty_screen,1259.9,937.4,1630.0
916671,subject_difficulty_screen,1259.6,937.6,1629.0
916672,subject_difficulty_screen,1259.4,937.7,1627.0
916673,subject_difficulty_screen,1259.2,937.6,1626.0
916674,subject_difficulty_screen,1259.1,937.5,1628.0
916675,subject_difficulty_screen,1259.0,937.6,1630.0
916676,subject_difficulty_screen,1259.1,937.6,1631.0
916677,subject_difficulty_screen,1259.2,937.7,1629.0
916678,subject_difficulty_screen,1259.3,937.8,1626.0
916679,subject_difficulty_screen,1259.3,937.8,1625.0
916680,subject_difficulty_screen,1259.1,937.8,1627.0
916681,subject_difficulty_screen,1258.7,937.9,1629.0
916682,subject_difficulty_screen,1258.4,938.1,1630.0
916683,subject_difficulty_screen,1258.2,938.3,1629.0
916684,subject_difficulty_screen,1258.3,938.3,1631.0
916685,subject_difficulty_screen,1258.1,938.2,1633.0
916686,subject_difficulty_screen,1258.0,938.1,1635.0
916687,subject_difficulty_screen,1257.9,938.1,1634.0
916688,subject_difficulty_screen,1258.1,938.2,1634.0
916689,subject_difficulty_screen,1258.4,938.3,1634.0
916690,subject_difficulty_screen,1258.7,938.6,1634.0
916691,subject_difficulty_screen,1258.7,938.9,1634.0
916692,subject_difficulty_screen,1258.4,938.6,1635.0
916693,subject_difficulty_screen,1258.2,938.1,1635.0
916694,subject_difficulty_screen,1258.0,937.9,1636.0
916695,subject_difficulty_screen,1257.9,938.3,1636.0
916696,subject_difficulty_screen,1257.8,938.7,1637.0
916697,subject_difficulty_screen,1257.7,938.7,1637.0
916698,subject_difficulty_screen,1257.7,938.8,1637.0
916699,subject_difficulty_screen,1257.8,938.9,1637.0
916700,subject_difficulty_screen,1258.0,939.0,1637.0
916701,subject_difficulty_screen,1257.8,939.0,1637.0
916702,subject_difficulty_screen,1257.6,939.0,1636.0
916703,subject_difficulty_screen,1257.4,939.0,1638.0
916704,subject_difficulty_screen,1257.4,939.0,1639.0
916705,subject_difficulty_screen,1257.5,939.0,1640.0
916706,subject_difficulty_screen,1257.5,939.0,1639.0
916707,subject_difficulty_screen,1257.2,939.1,1638.0
916708,subject_difficulty_screen,1256.8,939.2,1639.0
916709,subject_difficulty_screen,1256.4,939.8,1639.0
916710,subject_difficulty_screen,1256.4,940.3,1640.0
916711,subject_difficulty_screen,1256.4,940.7,1640.0
916712,subject_difficulty_screen,1256.5,940.4,1641.0
916713,subject_difficulty_screen,1256.5,940.1,1643.0
916714,subject_difficulty_screen,1256.5,939.9,1646.0
916715,subject_difficulty_screen,1256.6,940.1,1647.0
916716,subject_difficulty_screen,1256.5,940.3,1647.0
916717,subject_difficulty_screen,1256.4,940.4,1648.0
916718,subject_difficulty_screen,1256.1,940.3,1649.0
916719,subject_difficulty_screen,1255.9,940.1,1649.0
916720,subject_difficulty_screen,1255.8,940.0,1647.0
916721,subject_difficulty_screen,1255.9,940.0,1646.0
916722,subject_difficulty_screen,1256.0,940.0,1645.0
916723,subject_difficulty_screen,1256.2,940.0,1645.0
916724,subject_difficulty_screen,1256.4,939.7,1645.0
916725,subject_difficulty_screen,1256.0,939.5,1643.0
916726,subject_difficulty_screen,1255.2,939.3,1642.0
916727,subject_difficulty_screen,1254.5,939.4,1641.0
916728,subject_difficulty_screen,1254.2,939.5,1641.0
916729,subject_difficulty_screen,1254.2,939.6,1641.0
916730,subject_difficulty_screen,1254.3,939.6,1641.0
916731,subject_difficulty_screen,1254.6,939.7,1640.0
916732,subject_difficulty_screen,1255.2,939.7,1639.0
916733,subject_difficulty_screen,1255.6,939.8,1640.0
916734,subject_difficulty_screen,1256.0,939.9,1643.0
916735,subject_difficulty_screen,1255.9,939.9,1646.0
916736,subject_difficulty_screen,1255.9,940.2,1646.0
916737,subject_difficulty_screen,1255.8,940.2,1645.0
916738,subject_difficulty_screen,1255.8,940.2,1645.0
916739,subject_difficulty_screen,1255.8,940.1,1644.0
916740,subject_difficulty_screen,1255.8,940.1,1642.0
916741,subject_difficulty_screen,1255.6,940.0,1642.0
916742,subject_difficulty_screen,1255.4,939.7,1643.0
916743,subject_difficulty_screen,1255.3,939.3,1644.0
916744,subject_difficulty_screen,1255.0,939.1,1644.0
916745,subject_difficulty_screen,1254.8,939.1,1645.0
916746,subject_difficulty_screen,1254.6,939.2,1647.0
916747,subject_difficulty_screen,1254.6,939.2,1649.0
916748,subject_difficulty_screen,1254.5,939.2,1650.0
916749,subject_difficulty_screen,1254.4,939.2,1650.0
916750,subject_difficulty_screen,1254.4,939.1,1650.0
916751,subject_difficulty_screen,1254.8,938.9,1650.0
916752,subject_difficulty_screen,1255.2,938.7,1651.0
916753,subject_difficulty_screen,1255.5,938.6,1652.0
916754,subject_difficulty_screen,1255.5,938.3,1653.0
916755,subject_difficulty_screen,1255.7,938.0,1655.0
916756,subject_difficulty_screen,1255.9,937.7,1654.0
916757,subject_difficulty_screen,1256.2,937.7,1652.0
916758,subject_difficulty_screen,1256.5,937.9,1650.0
916759,subject_difficulty_screen,1256.8,938.3,1652.0
916760,subject_difficulty_screen,1257.2,938.7,1653.0
916761,subject_difficulty_screen,1257.2,938.9,1655.0
916762,subject_difficulty_screen,1257.2,938.5,1654.0
916763,subject_difficulty_screen,1257.1,938.1,1654.0
916764,subject_difficulty_screen,1257.1,937.8,1654.0
916765,subject_difficulty_screen,1257.1,937.8,1654.0
916766,subject_difficulty_screen,1257.2,937.9,1654.0
916767,subject_difficulty_screen,1257.3,938.2,1655.0
916768,subject_difficulty_screen,1257.4,938.6,1655.0
916769,subject_difficulty_screen,1257.5,938.8,1654.0
916770,subject_difficulty_screen,1257.5,938.9,1653.0
916771,subject_difficulty_screen,1257.5,938.9,1651.0
916772,subject_difficulty_screen,1257.3,938.9,1651.0
916773,subject_difficulty_screen,1257.2,938.9,1651.0
916774,subject_difficulty_screen,1257.5,939.0,1651.0
916775,subject_difficulty_screen,1257.9,938.9,1652.0
916776,subject_difficulty_screen,1258.4,938.9,1653.0
916777,subject_difficulty_screen,1258.6,939.5,1653.0
916778,subject_difficulty_screen,1258.6,940.1,1653.0
916779,subject_difficulty_screen,1258.5,940.2,1653.0
916780,subject_difficulty_screen,1258.4,939.8,1654.0
916781,subject_difficulty_screen,1258.3,939.6,1655.0
916782,subject_difficulty_screen,1258.4,939.8,1656.0
916783,subject_difficulty_screen,1258.4,939.9,1657.0
916784,subject_difficulty_screen,1258.4,939.9,1660.0
916785,subject_difficulty_screen,1258.4,940.2,1662.0
916786,subject_difficulty_screen,1258.1,940.7,1664.0
916787,subject_difficulty_screen,1257.7,941.1,1662.0
916788,subject_difficulty_screen,1257.3,941.1,1661.0
916789,subject_difficulty_screen,1257.3,941.1,1660.0
916790,subject_difficulty_screen,1257.1,941.2,1661.0
916791,subject_difficulty_screen,1257.0,941.2,1662.0
916792,subject_difficulty_screen,1257.2,941.1,1663.0
916793,subject_difficulty_screen,1257.4,941.0,1664.0
916794,subject_difficulty_screen,1257.6,941.0,1666.0
916795,subject_difficulty_screen,1257.6,941.2,1668.0
916796,subject_difficulty_screen,1257.6,941.5,1667.0
916797,subject_difficulty_screen,1257.4,941.1,1667.0
916798,subject_difficulty_screen,1257.2,939.9,1668.0
916799,subject_difficulty_screen,1257.1,937.9,1670.0
916800,subject_difficulty_screen,1257.0,936.6,1671.0
916801,subject_difficulty_screen,1256.3,934.7,1670.0
916802,subject_difficulty_screen,1255.2,933.1,1669.0
916803,subject_difficulty_screen,1253.4,931.5,1670.0
916804,subject_difficulty_screen,1251.8,930.9,1671.0
916805,subject_difficulty_screen,1250.0,929.7,1673.0
916806,subject_difficulty_screen,1248.9,928.6,1672.0
916807,subject_difficulty_screen,1248.0,926.9,1671.0
916808,subject_difficulty_screen,1247.7,925.8,1670.0
916809,subject_difficulty_screen,1247.3,924.6,1670.0
916810,subject_difficulty_screen,1247.2,924.0,1669.0
916811,subject_difficulty_screen,1247.2,923.7,1669.0
916812,subject_difficulty_screen,1247.3,923.7,1670.0
916813,subject_difficulty_screen,1247.6,923.8,1671.0
916814,subject_difficulty_screen,1248.0,923.9,1670.0
916815,subject_difficulty_screen,1248.0,924.1,1668.0
916816,subject_difficulty_screen,1247.7,924.4,1666.0
916817,subject_difficulty_screen,1247.7,924.8,1665.0
916818,subject_difficulty_screen,1247.8,925.2,1665.0
916819,subject_difficulty_screen,1248.0,925.3,1664.0
916820,subject_difficulty_screen,1247.9,925.4,1664.0
916821,subject_difficulty_screen,1247.6,925.8,1664.0
916822,subject_difficulty_screen,1247.3,926.2,1667.0
916823,subject_difficulty_screen,1247.0,926.0,1670.0
916824,subject_difficulty_screen,1247.3,925.4,1674.0
916825,subject_difficulty_screen,1248.1,924.7,1674.0
916826,subject_difficulty_screen,1249.1,924.6,1673.0
